0 21 32 0 -1
1 27 18 0 1
2 69 6 -1 0
3 1 25 -1 0
4 50 30 0 -1
5 31 38 0 -1
6 98 26 -1 0
7 88 23 1 0
8 7 0 1 0
9 25 9 1 0
10 93 39 0 1
11 86 37 0 1
12 10 20 0 -1
13 83 5 -1 0
14 0 33 -1 0
15 23 15 0 -1
16 6 31 0 -1
17 0 38 -1 0
18 5 20 -1 0
19 2 20 0 -1
20 25 25 0 1
21 24 13 1 0
22 17 26 1 0
23 42 29 -1 0
24 69 24 0 -1
25 61 31 -1 0
26 23 11 1 0
27 58 18 -1 0
28 6 23 -1 0
29 45 33 1 0
30 52 23 0 1
31 48 31 -1 0
32 12 14 -1 0
33 64 35 0 1
34 5 28 1 0
35 16 10 0 1
36 8 6 0 -1
37 47 18 0 1
38 9 35 0 1
39 12 16 -1 0
40 11 3 -1 0
41 43 12 0 -1
42 23 23 0 1
43 93 39 0 1
44 42 1 -1 0
45 16 22 1 0
46 60 33 1 0
47 25 11 0 1
48 85 16 0 1
49 40 9 0 -1
50 17 27 0 1
51 29 16 -1 0
52 57 2 1 0
53 27 10 1 0
54 27 18 0 -1
55 12 18 -1 0
56 46 21 -1 0
57 7 4 0 -1
58 54 16 0 -1
59 46 4 -1 0
60 72 7 1 0
61 97 11 0 1
62 54 36 -1 0
63 25 32 0 -1
64 9 16 1 0
65 29 18 0 -1
66 34 37 0 1
67 26 0 -1 0
68 42 8 0 -1
69 18 15 -1 0
70 92 34 -1 0
71 85 22 0 1
72 2 4 1 0
73 79 5 -1 0
74 28 32 1 0
75 92 14 0 1
76 25 3 0 -1
77 65 12 0 -1
78 26 0 0 1
79 65 3 -1 0
80 12 22 0 1
81 20 14 1 0
82 91 5 -1 0
83 38 19 0 1
84 90 14 0 1
85 45 35 0 -1
86 28 2 1 0
87 49 14 -1 0
88 93 0 -1 0
89 38 35 -1 0
90 53 11 1 0
91 62 25 1 0
92 55 32 -1 0
93 91 14 1 0
94 13 16 -1 0
95 75 16 0 1
96 0 28 0 1
97 16 15 1 0
98 17 21 -1 0
99 37 25 0 -1
100 30 12 1 0
101 12 38 -1 0
102 8 21 1 0
103 99 12 0 -1
104 83 21 0 -1
105 26 8 0 1
106 11 16 0 1
107 18 36 0 1
108 17 6 -1 0
109 24 19 0 -1
110 94 12 0 1
111 19 14 0 1
112 80 1 1 0
113 72 1 0 1
114 61 35 0 1
115 79 25 1 0
116 11 6 1 0
117 71 36 1 0
118 49 22 -1 0
119 72 38 0 1
120 52 7 1 0
121 72 7 -1 0
122 66 24 0 1
123 24 10 -1 0
124 93 4 0 -1
125 96 37 0 1
126 59 35 0 -1
127 76 0 0 -1
128 52 37 -1 0
129 93 23 -1 0
130 3 29 0 -1
131 30 31 1 0
132 21 0 0 -1
133 72 29 1 0
134 95 29 1 0
135 51 31 -1 0
136 69 5 0 1
137 83 33 -1 0
138 52 31 1 0
139 65 2 0 1
140 18 21 0 1
141 86 17 0 -1
142 41 24 0 1
143 38 10 -1 0
144 22 32 1 0
145 73 0 -1 0
146 89 16 1 0
147 22 5 0 -1
148 81 26 1 0
149 96 33 -1 0
150 13 20 -1 0
151 81 23 -1 0
152 81 12 1 0
153 47 14 1 0
154 17 21 -1 0
155 71 13 0 -1
156 73 19 1 0
157 3 3 -1 0
158 39 34 0 1
159 47 13 -1 0
160 93 23 0 1
161 44 4 1 0
162 12 29 -1 0
163 59 3 0 -1
164 92 30 -1 0
165 66 17 0 -1
166 42 34 0 1
167 9 23 1 0
168 90 2 0 1
169 24 29 1 0
170 7 29 1 0
171 97 34 -1 0
172 45 5 -1 0
173 62 31 0 1
174 13 5 -1 0
175 96 27 0 1
176 24 9 0 1
177 17 24 1 0
178 44 17 1 0
179 86 31 0 -1
180 28 14 1 0
181 23 14 1 0
182 44 6 0 1
183 20 11 0 1
184 43 37 1 0
185 94 22 0 -1
186 19 7 0 -1
187 39 0 0 -1
188 38 22 -1 0
189 38 37 -1 0
190 27 36 0 -1
191 18 36 0 1
192 0 24 1 0
193 44 25 0 -1
194 5 32 1 0
195 20 27 0 1
196 69 1 0 1
197 89 22 1 0
198 84 10 1 0
199 20 7 0 -1
200 40 8 -1 0
201 65 35 0 1
202 82 15 0 1
203 51 0 -1 0
204 90 20 1 0
205 17 25 0 -1
206 31 20 1 0
207 7 5 1 0
208 45 35 1 0
209 25 5 0 -1
210 1 39 0 -1
211 23 25 1 0
212 79 28 0 -1
213 5 18 -1 0
214 19 3 0 1
215 91 33 0 1
216 39 36 0 1
217 17 31 1 0
218 94 15 1 0
219 51 19 -1 0
220 25 37 0 1
221 81 6 1 0
222 17 34 -1 0
223 88 20 1 0
224 64 15 0 1
225 28 8 0 -1
226 50 3 1 0
227 45 6 0 1
228 94 35 1 0
229 87 19 0 1
230 54 4 1 0
231 19 25 -1 0
232 99 28 0 -1
233 80 6 0 -1
234 71 35 -1 0
235 66 20 0 1
236 99 10 -1 0
237 24 17 -1 0
238 23 23 1 0
239 24 30 -1 0
240 14 20 0 -1
241 68 15 1 0
242 13 7 1 0
243 22 21 1 0
244 13 12 0 1
245 48 4 1 0
246 23 24 0 1
247 38 1 0 1
248 51 6 -1 0
249 85 7 0 1
250 22 37 0 -1
251 75 19 1 0
252 3 6 0 1
253 99 12 0 -1
254 27 29 0 1
255 29 9 0 1
256 75 31 0 1
257 1 13 0 -1
258 9 3 0 1
259 43 5 -1 0
260 45 24 0 -1
261 67 33 1 0
262 94 2 1 0
263 15 8 0 1
264 96 23 0 1
265 22 5 0 -1
266 49 21 1 0
267 78 5 0 1
268 84 25 1 0
269 7 4 1 0
270 87 16 -1 0
271 17 34 -1 0
272 7 10 1 0
273 31 17 0 -1
274 74 30 0 1
275 16 11 0 -1
276 47 2 -1 0
277 43 14 0 1
278 83 17 1 0
279 41 26 -1 0
280 83 12 0 -1
281 70 32 -1 0
282 10 17 0 -1
283 9 26 -1 0
284 16 4 1 0
285 96 26 0 -1
286 88 17 0 -1
287 18 21 1 0
288 75 4 1 0
289 87 21 0 1
290 46 18 0 -1
291 68 30 0 -1
292 41 5 1 0
293 88 16 1 0
294 16 33 1 0
295 5 13 0 -1
296 56 33 0 -1
297 29 31 1 0
298 7 12 -1 0
299 0 30 -1 0
300 43 37 -1 0
301 23 7 -1 0
302 68 13 -1 0
303 64 27 1 0
304 87 22 -1 0
305 58 9 -1 0
306 16 10 1 0
307 43 16 0 -1
308 39 7 0 -1
309 16 8 0 1
310 49 10 1 0
311 91 18 0 -1
312 36 20 1 0
313 10 0 0 1
314 46 6 0 -1
315 18 9 -1 0
316 87 38 0 -1
317 97 3 -1 0
318 19 12 -1 0
319 15 6 1 0
320 50 37 -1 0
321 97 10 1 0
322 13 31 1 0
323 77 1 1 0
324 9 24 0 1
325 98 18 0 1
326 8 24 0 -1
327 75 23 -1 0
328 66 34 -1 0
329 50 17 0 -1
330 40 12 0 1
331 59 28 -1 0
332 0 34 0 -1
333 31 24 0 1
334 17 20 0 -1
335 23 9 0 1
336 16 18 0 -1
337 21 5 1 0
338 19 34 -1 0
339 89 26 1 0
340 93 20 1 0
341 23 29 0 -1
342 56 37 -1 0
343 44 0 -1 0
344 58 9 1 0
345 61 23 0 1
346 29 10 0 1
347 3 12 0 1
348 18 36 -1 0
349 82 19 -1 0
350 30 35 1 0
351 7 2 0 1
352 86 16 0 1
353 55 3 0 1
354 0 24 0 1
355 59 21 0 -1
356 41 17 -1 0
357 56 24 0 1
358 85 30 0 1
359 15 24 1 0
360 13 4 0 1
361 56 26 0 -1
362 3 23 0 1
363 54 17 1 0
364 9 4 0 1
365 88 15 1 0
366 70 20 1 0
367 91 5 1 0
368 86 26 -1 0
369 21 20 -1 0
370 40 18 1 0
371 1 2 -1 0
372 1 11 -1 0
373 41 3 1 0
374 71 31 0 -1
375 11 24 1 0
376 17 8 -1 0
377 77 0 -1 0
378 92 19 0 1
379 95 15 0 1
380 11 18 0 -1
381 17 19 0 1
382 40 5 0 -1
383 45 14 -1 0
384 42 14 -1 0
385 21 13 0 -1
386 57 30 -1 0
387 8 0 0 1
388 2 19 0 1
389 23 37 1 0
390 49 2 0 1
391 90 33 0 -1
392 42 5 0 -1
393 62 20 -1 0
394 86 29 0 1
395 1 28 0 -1
396 19 24 0 -1
397 7 25 -1 0
398 15 10 0 -1
399 25 23 1 0
400 65 12 -1 0
401 6 2 0 1
402 20 26 1 0
403 69 15 -1 0
404 19 27 -1 0
405 85 7 1 0
406 81 22 0 -1
407 1 25 1 0
408 28 30 1 0
409 68 21 0 1
410 44 6 0 -1
411 0 16 0 1
412 67 28 0 -1
413 17 9 1 0
414 39 12 0 1
415 57 14 0 1
416 23 5 0 1
417 20 13 -1 0
418 68 27 -1 0
419 20 19 1 0
420 7 6 1 0
421 15 5 0 -1
422 43 19 -1 0
423 92 25 -1 0
424 83 28 0 1
425 4 37 1 0
426 59 37 0 -1
427 17 3 1 0
428 90 7 0 -1
429 74 13 -1 0
430 5 2 0 1
431 95 16 0 1
432 3 3 -1 0
433 63 0 0 -1
434 91 21 0 -1
435 51 21 0 1
436 73 38 0 -1
437 84 23 1 0
438 71 11 1 0
439 46 2 1 0
440 92 22 0 -1
441 9 14 1 0
442 86 29 1 0
443 11 11 0 -1
444 11 36 0 1
445 6 24 0 -1
446 18 35 -1 0
447 17 17 0 -1
448 13 0 0 -1
449 17 17 -1 0
450 4 26 0 -1
451 50 34 -1 0
452 82 5 -1 0
453 24 24 -1 0
454 62 35 -1 0
455 96 36 0 1
456 0 9 0 -1
457 43 33 0 -1
458 0 5 0 -1
459 28 20 0 1
460 42 19 1 0
461 91 18 0 1
462 22 3 -1 0
463 75 1 -1 0
464 71 16 0 -1
465 23 8 1 0
466 82 37 1 0
467 90 10 0 1
468 94 35 0 1
469 47 15 1 0
470 37 7 1 0
471 71 39 0 -1
472 5 25 0 -1
473 58 27 0 1
474 11 34 0 -1
475 73 26 -1 0
476 17 1 0 -1
477 41 4 0 -1
478 26 3 0 1
479 38 33 -1 0
480 8 3 -1 0
481 3 26 0 -1
482 99 38 0 -1
483 43 21 0 1
484 38 20 0 -1
485 56 3 0 1
486 93 14 -1 0
487 95 18 0 -1
488 98 32 0 -1
489 89 0 0 -1
490 88 18 1 0
491 90 21 0 1
492 7 25 -1 0
493 13 15 -1 0
494 15 28 -1 0
495 42 14 0 1
496 81 21 0 -1
497 5 6 -1 0
498 14 33 -1 0
499 6 31 0 -1
500 86 11 1 0
501 20 27 -1 0
502 52 11 0 1
503 53 27 1 0
504 23 16 1 0
505 2 8 0 -1
506 22 0 0 1
507 52 39 1 0
508 89 39 -1 0
509 64 3 0 1
510 22 10 1 0
511 47 30 -1 0
512 95 26 1 0
513 98 6 -1 0
514 51 32 1 0
515 65 25 0 -1
516 36 33 -1 0
517 0 29 1 0
518 91 5 0 -1
519 4 7 1 0
520 45 6 -1 0
521 37 17 1 0
522 46 5 0 -1
523 84 11 -1 0
524 27 19 1 0
525 67 16 0 -1
526 47 36 0 1
527 92 29 1 0
528 0 5 -1 0
529 95 4 1 0
530 15 0 0 -1
531 74 16 0 1
532 93 6 0 1
533 89 0 1 0
534 17 37 0 1
535 54 8 1 0
536 76 33 0 1
537 78 30 0 -1
538 3 10 -1 0
539 19 14 0 -1
540 94 12 0 1
541 75 17 1 0
542 31 24 1 0
543 40 17 1 0
544 74 17 1 0
545 23 6 1 0
546 39 22 0 1
547 46 28 0 1
548 12 8 0 -1
549 32 18 1 0
550 60 19 -1 0
551 37 24 1 0
552 25 33 0 -1
553 42 38 1 0
554 49 24 -1 0
555 97 6 -1 0
556 84 10 0 -1
557 57 13 0 -1
558 5 29 0 -1
559 88 2 0 -1
560 7 21 -1 0
561 45 23 0 -1
562 43 20 0 -1
563 42 16 1 0
564 45 17 -1 0
565 8 0 -1 0
566 27 24 -1 0
567 50 9 1 0
568 11 33 0 -1
569 43 23 0 -1
570 96 39 0 -1
571 2 8 1 0
572 65 24 1 0
573 16 38 0 -1
574 12 20 1 0
575 21 25 -1 0
576 49 8 -1 0
577 13 14 0 1
578 27 3 0 -1
579 48 27 0 -1
580 46 11 -1 0
581 83 22 1 0
582 1 30 0 -1
583 93 25 -1 0
584 90 13 0 1
585 84 8 0 1
586 30 14 1 0
587 71 2 0 -1
588 91 33 0 1
589 9 28 -1 0
590 88 18 -1 0
591 71 6 0 1
592 90 14 -1 0
593 28 26 0 1
594 93 28 0 -1
595 42 36 -1 0
596 63 21 0 1
597 14 22 1 0
598 83 34 0 -1
599 40 4 0 1
600 50 27 -1 0
601 26 33 1 0
602 41 36 1 0
603 19 14 1 0
604 96 7 0 -1
605 25 5 0 -1
606 16 3 1 0
607 41 28 0 1
608 7 14 1 0
609 77 30 -1 0
610 74 30 1 0
611 83 4 0 1
612 50 33 0 -1
613 26 17 -1 0
614 24 22 0 1
615 52 31 0 1
616 31 32 1 0
617 88 6 1 0
618 0 28 0 -1
619 23 4 0 -1
620 1 13 -1 0
621 61 38 -1 0
622 18 25 0 1
623 44 11 -1 0
624 5 13 0 1
625 16 24 0 1
626 93 13 1 0
627 88 12 1 0
628 42 10 0 -1
629 80 13 1 0
630 55 34 0 1
631 99 9 0 1
632 59 3 1 0
633 11 2 1 0
634 6 25 1 0
635 2 13 0 -1
636 13 24 1 0
637 25 4 1 0
638 25 13 -1 0
639 76 23 0 -1
640 16 27 0 -1
641 39 3 -1 0
642 58 17 0 1
643 32 24 1 0
644 30 14 0 -1
645 97 11 -1 0
646 23 3 0 -1
647 20 0 1 0
648 23 35 0 1
649 75 6 -1 0
650 44 39 0 -1
651 78 4 0 -1
652 93 16 0 -1
653 21 14 0 -1
654 21 31 1 0
655 11 28 0 -1
656 47 34 0 1
657 45 26 -1 0
658 78 7 0 1
659 12 36 0 1
660 4 8 -1 0
661 43 27 -1 0
662 25 14 0 1
663 16 25 1 0
664 22 13 -1 0
665 27 21 0 -1
666 12 9 0 1
667 77 8 -1 0
668 89 22 1 0
669 41 14 -1 0
670 23 17 1 0
671 54 0 0 1
672 11 20 0 1
673 38 39 0 -1
674 24 18 -1 0
675 19 12 -1 0
676 20 23 1 0
677 26 7 0 -1
678 72 1 0 -1
679 48 29 0 1
680 11 19 0 1
681 5 12 0 1
682 39 39 0 1
683 43 38 0 -1
684 20 21 -1 0
685 41 10 1 0
686 27 0 1 0
687 41 16 0 1
688 91 35 0 1
689 21 26 0 -1
690 90 34 1 0
691 26 29 0 1
692 40 13 0 1
693 30 32 0 -1
694 14 16 -1 0
695 45 35 -1 0
696 37 26 0 -1
697 5 37 1 0
698 90 33 1 0
699 82 1 0 1
700 24 36 -1 0
701 7 36 1 0
702 7 24 0 1
703 92 23 0 1
704 24 10 0 1
705 25 5 0 -1
706 24 5 0 1
707 69 31 0 -1
708 5 14 1 0
709 93 17 0 -1
710 17 14 -1 0
711 80 25 0 1
712 48 23 -1 0
713 98 30 -1 0
714 78 2 0 -1
715 23 4 1 0
716 4 15 0 1
717 95 7 0 -1
718 24 36 1 0
719 11 34 1 0
720 64 9 0 -1
721 67 8 -1 0
722 22 9 1 0
723 10 38 -1 0
724 11 29 0 -1
725 25 12 -1 0
726 6 10 1 0
727 88 16 0 -1
728 80 21 1 0
729 48 24 0 1
730 44 7 -1 0
731 19 2 1 0
732 72 6 -1 0
733 40 31 0 1
734 61 7 1 0
735 44 35 1 0
736 97 34 -1 0
737 94 23 -1 0
738 17 21 0 -1
739 45 27 1 0
740 74 18 0 -1
741 50 27 0 1
742 16 24 1 0
743 53 30 -1 0
744 99 29 0 1
745 15 33 -1 0
746 38 19 -1 0
747 14 30 0 -1
748 37 26 1 0
749 93 0 0 1
750 95 37 1 0
751 80 0 -1 0
752 59 8 -1 0
753 55 8 0 -1
754 93 39 1 0
755 1 29 -1 0
756 12 32 1 0
757 24 27 0 -1
758 62 17 0 1
759 97 39 1 0
760 48 32 0 1
761 94 17 1 0
762 85 4 0 1
763 55 12 0 1
764 50 36 0 -1
765 92 15 -1 0
766 82 27 0 -1
767 86 26 0 -1
768 85 16 0 -1
769 46 38 0 1
770 85 11 -1 0
771 87 20 -1 0
772 23 30 0 -1
773 82 28 -1 0
774 26 1 -1 0
775 80 28 -1 0
776 21 19 0 -1
777 21 1 1 0
778 40 19 0 -1
779 22 5 0 -1
780 94 34 0 -1
781 85 30 -1 0
782 93 4 -1 0
783 52 6 1 0
784 62 33 1 0
785 88 10 -1 0
786 22 11 -1 0
787 48 34 0 1
788 94 7 0 -1
789 44 38 -1 0
790 5 1 0 -1
791 94 2 0 -1
792 18 38 -1 0
793 9 24 -1 0
794 81 17 -1 0
795 89 31 1 0
796 96 22 0 1
797 0 18 1 0
798 73 21 0 -1
799 72 16 0 1
800 50 30 0 -1
801 44 2 0 -1
802 19 16 1 0
803 12 6 -1 0
804 65 24 0 -1
805 74 6 0 1
806 52 39 -1 0
807 25 33 0 1
808 80 18 -1 0
809 76 35 0 -1
810 91 2 0 -1
811 92 13 0 1
812 21 10 -1 0
813 5 16 -1 0
814 77 22 1 0
815 92 6 1 0
816 65 29 0 1
817 96 33 1 0
818 18 19 -1 0
819 4 38 1 0
820 59 13 1 0
821 4 21 0 -1
822 10 16 0 1
823 97 6 -1 0
824 36 12 1 0
825 2 17 0 1
826 91 23 0 -1
827 85 22 0 1
828 88 38 0 -1
829 15 28 1 0
830 91 6 -1 0
831 62 17 0 -1
832 65 18 0 1
833 36 8 0 1
834 62 6 0 1
835 12 10 0 -1
836 68 13 0 1
837 51 3 0 -1
838 45 20 0 1
839 51 14 -1 0
840 19 28 -1 0
841 23 36 -1 0
842 10 4 1 0
843 19 15 0 -1
844 7 9 0 1
845 86 28 0 -1
846 41 6 0 -1
847 4 22 0 -1
848 42 37 -1 0
849 0 30 1 0
850 26 30 0 1
851 69 8 -1 0
852 71 23 1 0
853 86 33 1 0
854 8 3 0 -1
855 15 25 0 -1
856 65 36 1 0
857 43 30 0 1
858 74 35 -1 0
859 29 36 1 0
860 48 21 -1 0
861 73 32 0 1
862 19 2 0 1
863 2 17 0 1
864 78 37 -1 0
865 10 25 1 0
866 9 22 -1 0
867 21 3 0 1
868 93 21 0 -1
869 92 24 -1 0
870 51 8 0 1
871 41 10 0 1
872 20 28 1 0
873 96 21 1 0
874 88 3 0 1
875 19 4 0 -1
876 1 21 0 1
877 99 29 -1 0
878 86 15 -1 0
879 54 17 0 1
880 46 28 0 -1
881 3 8 0 1
882 87 27 0 1
883 13 17 0 -1
884 55 35 1 0
885 45 8 0 -1
886 7 29 0 -1
887 23 9 0 -1
888 40 24 0 1
889 67 26 1 0
890 73 16 0 1
891 27 26 -1 0
892 26 21 -1 0
893 37 3 0 1
894 62 33 -1 0
895 27 8 1 0
896 91 20 0 -1
897 83 13 -1 0
898 93 4 -1 0
899 23 13 1 0
900 30 22 0 -1
901 92 39 1 0
902 99 25 1 0
903 41 19 1 0
904 88 30 1 0
905 60 31 1 0
906 91 25 0 -1
907 75 2 0 1
908 6 24 0 1
909 25 21 -1 0
910 12 21 -1 0
911 62 19 0 1
912 52 20 0 -1
913 25 37 0 1
914 47 0 1 0
915 67 38 -1 0
916 21 25 0 1
917 79 34 0 -1
918 24 8 -1 0
919 44 26 0 -1
920 0 4 0 1
921 40 17 1 0
922 57 27 1 0
923 3 12 -1 0
924 77 9 0 -1
925 48 7 -1 0
926 88 7 -1 0
927 96 24 0 -1
928 20 11 -1 0
929 79 22 0 -1
930 18 8 1 0
931 16 31 0 1
932 40 21 0 1
933 17 4 -1 0
934 69 7 0 -1
935 93 11 0 1
936 61 21 1 0
937 71 8 -1 0
938 41 32 0 1
939 79 13 1 0
940 23 7 1 0
941 17 12 1 0
942 37 37 -1 0
943 36 35 1 0
944 26 30 1 0
945 92 26 0 -1
946 69 37 -1 0
947 17 32 0 -1
948 43 3 0 -1
949 46 27 0 1
950 14 26 1 0
951 27 5 0 1
952 9 5 0 -1
953 72 26 0 1
954 7 23 -1 0
955 22 36 -1 0
956 3 0 1 0
957 84 37 0 -1
958 96 8 1 0
959 90 24 -1 0
960 91 15 1 0
961 80 30 0 1
962 37 9 1 0
963 5 9 0 -1
964 75 8 0 1
965 94 2 0 -1
966 25 27 0 -1
967 18 10 0 -1
968 41 2 0 -1
969 26 7 1 0
970 13 16 0 -1
971 15 25 0 -1
972 47 37 1 0
973 91 21 0 1
974 12 22 0 -1
975 83 36 1 0
976 30 28 0 1
977 99 13 0 1
978 93 38 0 1
979 14 32 -1 0
980 17 3 0 -1
981 93 38 1 0
982 22 23 0 -1
983 22 28 1 0
984 16 0 -1 0
985 27 20 1 0
986 81 15 -1 0
987 90 8 -1 0
988 77 38 0 -1
989 48 9 0 -1
990 61 20 0 1
991 50 39 0 1
992 83 27 0 1
993 99 11 1 0
994 45 15 -1 0
995 55 2 0 1
996 5 7 0 -1
997 65 35 1 0
998 99 13 0 1
999 13 24 0 1
1000 24 16 -1 0
1001 4 35 1 0
1002 37 0 0 -1
1003 26 4 0 1
1004 92 14 0 -1
1005 27 23 0 1
1006 42 2 -1 0
1007 57 2 -1 0
1008 15 23 1 0
1009 96 27 0 1
1010 66 36 1 0
1011 76 37 0 -1
1012 43 6 -1 0
1013 23 15 0 -1
1014 40 15 0 -1
1015 23 18 0 1
1016 59 9 0 -1
1017 80 18 -1 0
1018 41 13 -1 0
1019 12 32 1 0
1020 95 35 -1 0
1021 78 33 0 1
1022 26 14 1 0
1023 7 30 1 0
1024 40 10 -1 0
1025 1 21 0 1
1026 6 28 -1 0
1027 27 30 1 0
1028 11 18 0 1
1029 42 20 1 0
1030 42 13 -1 0
1031 26 33 0 1
1032 39 24 -1 0
1033 26 22 0 -1
1034 43 3 1 0
1035 54 38 0 1
1036 48 26 -1 0
1037 23 9 -1 0
1038 52 30 0 -1
1039 19 13 0 1
1040 43 23 1 0
1041 39 18 -1 0
1042 36 25 -1 0
1043 79 20 0 -1
1044 7 31 0 -1
1045 3 10 0 -1
1046 23 24 0 -1
1047 74 20 1 0
1048 97 3 -1 0
1049 68 20 0 -1
1050 82 26 -1 0
1051 5 30 0 1
1052 54 29 1 0
1053 36 38 -1 0
1054 43 18 -1 0
1055 85 24 -1 0
1056 56 33 0 -1
1057 97 21 -1 0
1058 57 17 0 1
1059 42 26 0 1
1060 92 37 1 0
1061 94 21 -1 0
1062 84 35 0 -1
1063 10 9 0 -1
1064 69 5 0 -1
1065 67 5 0 1
1066 51 2 0 1
1067 40 21 -1 0
1068 81 12 -1 0
1069 41 15 -1 0
1070 81 27 1 0
1071 81 22 0 1
1072 92 38 0 -1
1073 47 10 -1 0
1074 21 24 -1 0
1075 73 31 -1 0
1076 52 18 0 -1
1077 26 29 1 0
1078 12 1 1 0
1079 60 2 -1 0
1080 74 39 -1 0
1081 56 16 -1 0
1082 12 6 1 0
1083 0 37 0 1
1084 12 7 -1 0
1085 15 11 0 -1
1086 48 33 0 -1
1087 61 38 -1 0
1088 32 0 1 0
1089 77 20 0 -1
1090 75 1 0 -1
1091 89 23 0 1
1092 89 12 1 0
1093 25 14 1 0
1094 53 6 1 0
1095 55 33 -1 0
1096 26 18 -1 0
1097 78 38 1 0
1098 38 17 0 1
1099 24 7 0 1
1100 78 20 0 -1
1101 10 29 0 -1
1102 72 8 0 1
1103 40 9 -1 0
1104 35 3 -1 0
1105 8 16 1 0
1106 46 16 -1 0
1107 24 33 1 0
1108 91 32 1 0
1109 38 5 -1 0
1110 64 6 -1 0
1111 75 14 -1 0
1112 29 9 0 1
1113 29 4 0 -1
1114 25 7 1 0
1115 9 31 1 0
1116 66 28 0 1
1117 0 27 -1 0
1118 14 21 0 1
1119 27 8 0 1
1120 72 31 0 1
1121 84 34 -1 0
1122 93 33 -1 0
1123 91 7 0 -1
1124 46 22 0 1
1125 14 8 0 -1
1126 55 26 -1 0
1127 23 1 1 0
1128 97 22 1 0
1129 3 35 0 -1
1130 26 31 1 0
1131 35 34 1 0
1132 41 13 0 1
1133 5 29 -1 0
1134 52 14 1 0
1135 0 27 0 -1
1136 45 16 0 -1
1137 44 0 1 0
1138 12 9 1 0
1139 98 23 0 -1
1140 23 15 0 1
1141 55 27 0 1
1142 10 29 -1 0
1143 24 16 0 -1
1144 19 22 1 0
1145 9 22 -1 0
1146 45 26 0 1
1147 1 18 0 1
1148 30 15 0 -1
1149 46 2 1 0
1150 25 30 -1 0
1151 26 25 -1 0
1152 30 12 0 -1
1153 23 28 1 0
1154 7 19 0 -1
1155 43 26 -1 0
1156 42 3 0 1
1157 38 16 0 -1
1158 90 6 0 1
1159 36 13 -1 0
1160 83 16 1 0
1161 4 33 -1 0
1162 90 0 -1 0
1163 26 39 -1 0
1164 54 17 0 -1
1165 14 27 0 1
1166 11 25 0 1
1167 54 32 0 -1
1168 1 33 0 -1
1169 49 5 0 1
1170 30 26 -1 0
1171 79 36 0 1
1172 64 26 0 -1
1173 13 18 1 0
1174 1 30 -1 0
1175 26 21 0 -1
1176 21 0 -1 0
1177 83 16 -1 0
1178 18 11 -1 0
1179 98 9 1 0
1180 16 6 1 0
1181 72 19 1 0
1182 76 25 1 0
1183 18 19 -1 0
1184 7 32 0 -1
1185 7 5 -1 0
1186 51 21 0 1
1187 54 21 0 -1
1188 52 17 1 0
1189 15 37 0 -1
1190 39 28 0 -1
1191 60 2 0 1
1192 73 14 0 1
1193 26 21 0 -1
1194 48 10 0 1
1195 2 9 -1 0
1196 48 16 1 0
1197 23 39 1 0
1198 10 17 0 -1
1199 39 32 1 0
1200 68 30 -1 0
1201 47 37 1 0
1202 29 6 -1 0
1203 80 9 0 -1
1204 22 25 1 0
1205 58 16 -1 0
1206 17 6 0 1
1207 9 12 0 -1
1208 23 4 0 1
1209 46 16 -1 0
1210 25 36 0 -1
1211 22 17 1 0
1212 22 18 -1 0
1213 82 29 0 1
1214 89 5 0 -1
1215 91 10 1 0
1216 48 2 1 0
1217 18 31 1 0
1218 58 34 1 0
1219 55 31 -1 0
1220 81 7 -1 0
1221 43 37 -1 0
1222 1 26 -1 0
1223 71 30 0 -1
1224 22 15 0 1
1225 16 36 0 1
1226 21 7 0 1
1227 68 30 0 -1
1228 96 20 -1 0
1229 44 25 1 0
1230 87 14 1 0
1231 76 7 1 0
1232 50 19 0 -1
1233 23 36 -1 0
1234 87 14 -1 0
1235 99 11 1 0
1236 84 20 0 -1
1237 29 1 0 -1
1238 56 19 0 1
1239 70 8 1 0
1240 99 26 1 0
1241 44 14 0 1
1242 50 5 1 0
1243 5 34 0 1
1244 49 31 0 1
1245 45 11 0 -1
1246 44 10 0 -1
1247 24 13 1 0
1248 9 23 0 -1
1249 94 19 0 -1
1250 25 33 0 -1
1251 39 39 -1 0
1252 9 2 -1 0
1253 82 14 0 -1
1254 95 1 0 -1
1255 42 5 -1 0
1256 18 6 1 0
1257 47 2 0 1
1258 65 10 0 1
1259 26 22 0 -1
1260 26 16 1 0
1261 45 34 1 0
1262 26 22 -1 0
1263 28 39 0 1
1264 6 11 -1 0
1265 46 4 -1 0
1266 22 7 1 0
1267 80 1 0 1
1268 29 32 0 -1
1269 5 35 1 0
1270 49 17 -1 0
1271 17 39 -1 0
1272 80 9 0 1
1273 64 18 0 -1
1274 89 10 1 0
1275 80 29 0 1
1276 56 3 0 1
1277 51 36 -1 0
1278 3 14 1 0
1279 38 24 1 0
1280 45 22 -1 0
1281 4 7 0 1
1282 51 35 0 1
1283 10 15 0 1
1284 78 5 1 0
1285 99 22 0 -1
1286 4 1 -1 0
1287 84 19 1 0
1288 83 39 0 -1
1289 12 26 1 0
1290 45 8 0 1
1291 47 19 1 0
1292 61 31 -1 0
1293 10 24 0 1
1294 4 25 0 -1
1295 9 31 -1 0
1296 27 8 0 -1
1297 27 17 0 1
1298 7 5 1 0
1299 8 22 0 1
1300 40 18 0 -1
1301 90 33 0 1
1302 92 38 1 0
1303 66 30 1 0
1304 28 17 1 0
1305 51 29 -1 0
1306 22 19 0 -1
1307 17 23 0 1
1308 24 26 1 0
1309 19 10 0 -1
1310 80 5 1 0
1311 14 18 1 0
1312 92 28 0 1
1313 11 3 -1 0
1314 92 19 1 0
1315 26 13 0 1
1316 97 8 -1 0
1317 49 39 -1 0
1318 71 17 1 0
1319 64 12 0 -1
1320 72 21 -1 0
1321 80 26 0 1
1322 9 8 0 1
1323 63 20 0 -1
1324 84 13 0 -1
1325 23 16 1 0
1326 92 27 0 -1
1327 99 24 -1 0
1328 92 31 0 -1
1329 77 30 0 1
1330 41 25 -1 0
1331 23 30 -1 0
1332 42 17 -1 0
1333 95 20 1 0
1334 24 0 1 0
1335 40 26 0 1
1336 24 11 0 1
1337 29 5 0 -1
1338 47 1 0 -1
1339 19 24 0 -1
1340 75 23 0 -1
1341 45 20 1 0
1342 84 34 1 0
1343 89 19 0 -1
1344 49 12 -1 0
1345 78 13 0 1
1346 79 27 0 -1
1347 74 19 1 0
1348 8 25 0 1
1349 96 5 -1 0
1350 49 1 0 1
1351 24 5 0 -1
1352 31 33 0 -1
1353 43 1 1 0
1354 6 5 0 1
1355 21 31 -1 0
1356 89 17 -1 0
1357 11 25 0 -1
1358 79 2 1 0
1359 22 18 -1 0
1360 2 23 0 1
1361 96 34 0 1
1362 74 18 -1 0
1363 26 31 0 -1
1364 80 10 1 0
1365 30 17 0 -1
1366 22 17 0 1
1367 37 15 -1 0
1368 48 13 0 -1
1369 88 12 -1 0
1370 94 11 0 1
1371 21 9 0 1
1372 50 22 0 -1
1373 97 10 -1 0
1374 14 17 0 1
1375 96 6 0 1
1376 96 2 0 -1
1377 97 12 -1 0
1378 12 1 -1 0
1379 97 38 0 1
1380 17 39 0 -1
1381 24 29 0 1
1382 76 3 1 0
1383 95 12 0 1
1384 93 24 0 1
1385 24 0 0 1
1386 27 32 1 0
1387 72 37 -1 0
1388 60 5 1 0
1389 62 24 0 1
1390 39 27 1 0
1391 38 14 0 1
1392 30 23 0 1
1393 85 29 0 -1
1394 97 36 -1 0
1395 65 18 0 1
1396 87 31 1 0
1397 8 30 0 -1
1398 44 2 -1 0
1399 88 15 0 1
1400 54 29 0 1
1401 82 35 0 -1
1402 94 17 -1 0
1403 13 15 -1 0
1404 30 33 1 0
1405 86 10 0 -1
1406 87 23 -1 0
1407 85 17 1 0
1408 86 9 0 1
1409 27 31 1 0
1410 44 39 -1 0
1411 43 28 -1 0
1412 9 37 0 1
1413 73 28 0 1
1414 31 0 -1 0
1415 88 8 0 1
1416 14 3 -1 0
1417 16 0 -1 0
1418 47 35 -1 0
1419 40 3 1 0
1420 69 19 1 0
1421 98 14 -1 0
1422 27 25 1 0
1423 18 5 0 -1
1424 15 39 -1 0
1425 98 11 1 0
1426 42 3 1 0
1427 35 20 -1 0
1428 87 8 0 1
1429 6 13 -1 0
1430 44 3 1 0
1431 15 12 1 0
1432 12 18 0 -1
1433 13 25 0 -1
1434 26 19 -1 0
1435 47 31 0 1
1436 25 20 0 1
1437 5 35 1 0
1438 64 33 0 -1
1439 6 18 0 -1
1440 39 31 0 -1
1441 58 26 1 0
1442 38 7 -1 0
1443 80 25 0 -1
1444 26 8 0 -1
1445 60 8 1 0
1446 37 13 0 1
1447 45 29 0 1
1448 90 29 0 -1
1449 94 21 1 0
1450 64 30 0 -1
1451 27 16 0 1
1452 17 19 0 1
1453 87 24 0 1
1454 56 8 1 0
1455 12 6 0 -1
1456 1 1 1 0
1457 19 27 1 0
1458 42 29 0 -1
1459 28 29 -1 0
1460 0 19 0 -1
1461 2 17 0 1
1462 54 3 -1 0
1463 20 3 0 1
1464 92 12 0 1
1465 83 38 0 -1
1466 54 31 0 -1
1467 53 3 1 0
1468 10 2 0 -1
1469 87 37 0 1
1470 13 9 0 -1
1471 7 35 -1 0
1472 44 1 0 -1
1473 46 30 -1 0
1474 40 25 0 1
1475 11 13 1 0
1476 14 38 0 -1
1477 76 37 -1 0
1478 3 11 0 -1
1479 2 37 0 -1
1480 3 32 1 0
1481 12 15 1 0
1482 28 1 0 -1
1483 8 28 0 -1
1484 0 34 0 1
1485 65 9 0 1
1486 48 38 1 0
1487 98 29 0 1
1488 15 13 1 0
1489 90 0 0 1
1490 44 33 0 1
1491 14 4 0 -1
1492 87 27 1 0
1493 40 31 -1 0
1494 5 10 -1 0
1495 9 26 -1 0
1496 94 8 1 0
1497 92 37 0 1
1498 21 37 0 1
1499 12 18 0 -1
1500 96 28 -1 0
1501 40 4 0 1
1502 75 37 0 1
1503 21 12 1 0
1504 19 25 0 -1
1505 45 24 1 0
1506 62 26 1 0
1507 88 20 0 1
1508 94 20 0 -1
1509 12 20 0 -1
1510 81 11 1 0
1511 16 26 1 0
1512 38 24 0 1
1513 24 11 0 -1
1514 13 5 -1 0
1515 3 25 0 1
1516 58 6 1 0
1517 52 5 0 -1
1518 41 8 -1 0
1519 14 33 0 -1
1520 7 13 1 0
1521 81 29 0 1
1522 31 15 1 0
1523 28 0 0 -1
1524 88 19 1 0
1525 95 11 0 1
1526 92 23 1 0
1527 97 26 0 1
1528 90 28 0 1
1529 61 18 1 0
1530 98 35 -1 0
1531 47 13 1 0
1532 26 13 -1 0
1533 38 24 1 0
1534 12 23 0 -1
1535 46 11 0 1
1536 62 36 0 -1
1537 42 10 -1 0
1538 46 3 0 1
1539 13 38 1 0
1540 73 26 0 -1
1541 24 2 1 0
1542 49 23 1 0
1543 91 4 0 -1
1544 61 34 -1 0
1545 98 25 -1 0
1546 41 16 1 0
1547 41 15 -1 0
1548 47 7 0 1
1549 24 21 -1 0
1550 15 39 1 0
1551 17 20 0 -1
1552 14 1 0 1
1553 12 21 0 1
1554 23 6 -1 0
1555 91 19 1 0
1556 97 39 -1 0
1557 92 13 1 0
1558 21 37 1 0
1559 42 27 -1 0
1560 26 34 -1 0
1561 60 1 0 1
1562 78 30 -1 0
1563 98 38 -1 0
1564 63 2 1 0
1565 91 37 -1 0
1566 59 19 1 0
1567 43 16 0 1
1568 44 17 0 1
1569 65 5 0 1
1570 96 6 0 1
1571 55 0 -1 0
1572 64 18 0 1
1573 8 6 0 -1
1574 63 5 0 -1
1575 59 32 0 1
1576 74 9 0 -1
1577 11 4 0 -1
1578 90 35 0 -1
1579 3 2 0 1
1580 52 14 0 1
1581 48 1 0 1
1582 17 8 0 -1
1583 65 9 -1 0
1584 12 29 0 -1
1585 22 4 0 -1
1586 20 4 0 1
1587 98 7 1 0
1588 6 8 0 1
1589 98 19 0 -1
1590 88 5 1 0
1591 85 16 1 0
1592 9 17 0 1
1593 25 29 1 0
1594 47 34 0 -1
1595 25 3 0 -1
1596 12 19 0 -1
1597 47 22 1 0
1598 45 9 -1 0
1599 11 14 0 1
1600 29 9 -1 0
1601 3 2 1 0
1602 75 0 1 0
1603 81 12 0 -1
1604 15 20 0 1
1605 55 29 1 0
1606 40 27 0 1
1607 40 27 0 -1
1608 7 1 0 -1
1609 6 32 0 1
1610 96 38 -1 0
1611 9 17 0 1
1612 13 32 1 0
1613 42 34 0 1
1614 21 29 1 0
1615 58 7 0 -1
1616 76 25 -1 0
1617 29 20 0 1
1618 27 31 0 1
1619 23 21 0 -1
1620 49 29 -1 0
1621 41 39 0 1
1622 63 38 0 1
1623 7 11 0 -1
1624 39 2 0 -1
1625 88 18 0 1
1626 1 12 0 -1
1627 88 28 -1 0
1628 58 35 0 1
1629 65 8 1 0
1630 95 21 0 1
1631 87 11 0 -1
1632 42 23 1 0
1633 14 39 1 0
1634 94 30 0 -1
1635 92 26 0 1
1636 50 15 0 -1
1637 23 17 1 0
1638 45 11 1 0
1639 6 7 -1 0
1640 93 31 0 1
1641 27 5 -1 0
1642 68 22 0 -1
1643 62 23 0 -1
1644 30 27 -1 0
1645 83 3 0 -1
1646 16 16 0 1
1647 60 33 -1 0
1648 80 33 1 0
1649 16 6 1 0
1650 5 3 0 -1
1651 88 34 0 1
1652 94 21 0 1
1653 96 9 0 1
1654 20 25 0 1
1655 18 22 1 0
1656 24 39 -1 0
1657 64 39 1 0
1658 16 28 -1 0
1659 4 8 0 1
1660 41 1 0 -1
1661 90 27 0 -1
1662 67 31 0 1
1663 84 32 0 -1
1664 95 17 0 1
1665 4 39 0 1
1666 41 3 0 -1
1667 47 15 0 1
1668 97 18 1 0
1669 43 0 -1 0
1670 29 31 0 -1
1671 68 26 -1 0
1672 43 36 -1 0
1673 46 39 1 0
1674 54 35 0 -1
1675 80 19 1 0
1676 25 39 0 -1
1677 11 25 0 -1
1678 95 9 0 -1
1679 76 11 1 0
1680 93 11 0 1
1681 24 6 -1 0
1682 64 36 -1 0
1683 84 21 0 -1
1684 11 24 -1 0
1685 0 10 -1 0
1686 7 37 1 0
1687 58 35 1 0
1688 1 17 0 -1
1689 96 35 0 1
1690 37 22 0 1
1691 59 20 0 1
1692 12 8 1 0
1693 67 23 0 1
1694 85 39 -1 0
1695 86 5 0 -1
1696 20 22 -1 0
1697 58 36 1 0
1698 3 18 0 -1
1699 99 32 -1 0
1700 4 24 0 -1
1701 18 33 -1 0
1702 13 11 1 0
1703 64 31 0 -1
1704 94 36 0 1
1705 14 35 0 -1
1706 15 22 -1 0
1707 54 23 0 -1
1708 49 16 1 0
1709 25 17 -1 0
1710 20 14 1 0
1711 85 21 0 -1
1712 92 5 0 -1
1713 46 39 -1 0
1714 57 14 0 1
1715 44 9 0 -1
1716 44 3 0 1
1717 55 19 -1 0
1718 9 35 1 0
1719 10 10 0 -1
1720 95 36 1 0
1721 49 11 0 -1
1722 92 27 0 1
1723 24 6 1 0
1724 87 38 1 0
1725 25 10 0 1
1726 59 31 0 1
1727 48 0 -1 0
1728 44 18 0 1
1729 95 25 1 0
1730 73 9 0 -1
1731 5 11 0 1
1732 25 4 0 -1
1733 61 32 1 0
1734 55 10 -1 0
1735 45 36 1 0
1736 44 32 0 1
1737 50 0 -1 0
1738 97 0 1 0
1739 11 20 0 -1
1740 49 21 1 0
1741 81 30 0 -1
1742 24 11 0 -1
1743 83 2 0 1
1744 11 33 0 -1
1745 12 17 -1 0
1746 4 30 1 0
1747 97 1 0 1
1748 29 0 -1 0
1749 83 34 0 -1
1750 41 16 -1 0
1751 22 29 1 0
1752 78 0 1 0
1753 48 11 -1 0
1754 0 19 1 0
1755 44 14 0 -1
1756 26 26 1 0
1757 40 12 0 1
1758 28 34 -1 0
1759 99 32 -1 0
1760 78 27 0 1
1761 22 37 1 0
1762 44 2 0 -1
1763 54 26 1 0
1764 74 34 0 1
1765 17 24 0 1
1766 64 26 1 0
1767 25 9 1 0
1768 28 23 0 1
1769 66 13 -1 0
1770 17 29 0 1
1771 30 8 0 -1
1772 58 35 0 -1
1773 77 19 1 0
1774 80 30 0 1
1775 4 21 0 1
1776 78 10 -1 0
1777 27 39 0 1
1778 85 26 0 -1
1779 94 31 0 1
1780 8 34 1 0
1781 45 30 -1 0
1782 59 10 -1 0
1783 2 34 1 0
1784 27 35 0 1
1785 36 11 -1 0
1786 95 38 1 0
1787 12 19 -1 0
1788 43 10 0 -1
1789 97 2 1 0
1790 22 16 1 0
1791 22 8 -1 0
1792 5 38 1 0
1793 30 25 -1 0
1794 44 16 0 -1
1795 29 32 1 0
1796 94 24 -1 0
1797 27 16 0 1
1798 24 27 0 1
1799 66 11 0 -1
1800 0 27 1 0
1801 51 2 -1 0
1802 61 20 0 -1
1803 94 18 0 1
1804 10 27 0 1
1805 29 26 0 1
1806 56 23 -1 0
1807 17 36 0 -1
1808 24 1 1 0
1809 18 13 0 1
1810 26 23 1 0
1811 95 14 -1 0
1812 51 27 0 1
1813 65 39 -1 0
1814 16 29 0 -1
1815 47 22 0 1
1816 23 38 0 1
1817 75 8 0 -1
1818 42 38 -1 0
1819 96 26 1 0
1820 41 23 1 0
1821 31 30 0 1
1822 21 22 0 1
1823 46 22 -1 0
1824 99 14 0 -1
1825 84 22 0 -1
1826 42 30 0 1
1827 59 2 -1 0
1828 63 20 0 -1
1829 54 36 -1 0
1830 16 13 0 -1
1831 43 10 1 0
1832 5 22 1 0
1833 15 39 1 0
1834 42 32 0 -1
1835 37 27 0 1
1836 49 20 0 1
1837 42 18 0 1
1838 47 3 -1 0
1839 11 29 1 0
1840 45 30 -1 0
1841 12 38 0 -1
1842 27 25 1 0
1843 42 13 1 0
1844 18 10 0 1
1845 40 17 0 1
1846 40 18 1 0
1847 22 22 1 0
1848 89 14 0 -1
1849 7 15 0 -1
1850 37 39 -1 0
1851 5 36 0 -1
1852 54 15 1 0
1853 88 39 0 1
1854 2 27 0 1
1855 22 36 -1 0
1856 53 36 0 -1
1857 11 22 -1 0
1858 64 34 -1 0
1859 6 9 0 -1
1860 71 11 -1 0
1861 38 36 1 0
1862 88 12 0 1
1863 83 20 1 0
1864 85 39 1 0
1865 48 0 0 1
1866 5 25 0 1
1867 2 0 1 0
1868 59 10 -1 0
1869 40 12 0 -1
1870 1 17 1 0
1871 87 39 0 -1
1872 16 25 0 1
1873 18 13 -1 0
1874 90 25 1 0
1875 47 32 -1 0
1876 72 20 0 1
1877 78 25 0 1
1878 26 20 0 -1
1879 40 0 1 0
1880 18 18 -1 0
1881 3 28 1 0
1882 59 12 -1 0
1883 61 15 0 -1
1884 56 27 0 -1
1885 71 2 1 0
1886 79 2 0 -1
1887 25 17 -1 0
1888 35 10 1 0
1889 19 0 1 0
1890 30 27 0 -1
1891 60 11 0 -1
1892 20 3 1 0
1893 27 39 -1 0
1894 97 30 0 -1
1895 65 18 0 1
1896 83 34 0 1
1897 20 38 0 -1
1898 1 32 0 -1
1899 90 21 0 -1
1900 66 24 0 1
1901 41 18 -1 0
1902 97 35 0 -1
1903 2 16 0 1
1904 21 28 -1 0
1905 86 30 1 0
1906 78 23 0 1
1907 4 3 -1 0
1908 45 22 -1 0
1909 62 17 -1 0
1910 89 34 0 1
1911 76 17 1 0
1912 41 26 0 -1
1913 26 25 0 1
1914 48 17 1 0
1915 87 15 -1 0
1916 83 20 1 0
1917 3 0 0 1
1918 82 31 0 -1
1919 13 37 0 1
1920 57 14 1 0
1921 90 28 1 0
1922 41 4 -1 0
1923 97 39 0 1
1924 83 31 1 0
1925 99 15 0 -1
1926 79 7 0 -1
1927 9 21 -1 0
1928 22 9 1 0
1929 47 2 -1 0
1930 50 26 -1 0
1931 41 22 -1 0
1932 12 37 0 1
1933 24 7 0 1
1934 17 7 -1 0
1935 82 8 0 1
1936 67 6 0 1
1937 43 7 0 -1
1938 11 6 1 0
1939 24 39 0 1
1940 50 35 1 0
1941 77 5 1 0
1942 4 19 1 0
1943 38 39 -1 0
1944 3 6 0 -1
1945 25 32 0 1
1946 73 1 -1 0
1947 44 24 0 1
1948 39 16 -1 0
1949 60 3 0 -1
1950 7 33 -1 0
1951 37 2 0 1
1952 73 27 -1 0
1953 97 19 -1 0
1954 98 39 0 -1
1955 30 23 -1 0
1956 15 31 -1 0
1957 86 32 0 1
1958 25 38 -1 0
1959 96 9 0 -1
1960 63 8 0 -1
1961 93 12 -1 0
1962 99 34 0 1
1963 43 25 0 -1
1964 22 0 0 -1
1965 18 8 0 1
1966 23 10 -1 0
1967 16 15 0 -1
1968 25 13 0 -1
1969 38 17 0 -1
1970 89 23 0 1
1971 44 25 1 0
1972 83 4 1 0
1973 87 11 -1 0
1974 81 15 0 1
1975 1 30 0 1
1976 23 25 -1 0
1977 16 1 0 -1
1978 12 23 0 1
1979 75 14 0 -1
1980 66 8 1 0
1981 60 20 1 0
1982 44 37 -1 0
1983 92 21 0 -1
1984 1 1 1 0
1985 73 32 0 1
1986 13 8 0 -1
1987 92 21 0 -1
1988 89 37 0 -1
1989 94 16 0 1
1990 98 11 0 -1
1991 53 24 1 0
1992 8 28 0 -1
1993 43 19 0 1
1994 53 16 1 0
1995 13 3 0 1
1996 39 0 0 1
1997 3 1 1 0
1998 15 21 -1 0
1999 83 26 1 0
2000 9 35 1 0
2001 89 21 1 0
2002 12 32 0 -1
2003 52 32 -1 0
2004 94 39 -1 0
2005 23 17 -1 0
2006 28 39 1 0
2007 66 25 1 0
2008 21 0 0 1
2009 24 13 0 1
2010 14 12 0 -1
2011 93 27 0 1
2012 39 6 -1 0
2013 82 8 0 -1
2014 15 16 -1 0
2015 67 1 0 -1
2016 15 31 1 0
2017 25 26 -1 0
2018 97 8 1 0
2019 24 1 0 1
2020 81 1 -1 0
2021 8 7 -1 0
2022 47 18 1 0
2023 83 38 1 0
2024 92 28 0 1
2025 81 21 -1 0
2026 90 25 -1 0
2027 12 20 0 -1
2028 98 35 1 0
2029 8 32 -1 0
2030 81 17 1 0
2031 88 32 0 -1
2032 66 1 0 -1
2033 94 25 0 -1
2034 57 33 1 0
2035 44 24 0 1
2036 44 23 0 1
2037 17 20 -1 0
2038 6 3 -1 0
2039 16 23 0 1
2040 40 30 0 1
2041 63 29 0 -1
2042 30 17 1 0
2043 49 0 1 0
2044 8 3 0 -1
2045 60 25 0 -1
2046 48 3 0 1
2047 9 28 0 1
2048 97 5 1 0
2049 63 2 1 0
2050 87 11 0 -1
2051 53 14 0 1
2052 26 24 1 0
2053 6 15 0 -1
2054 19 18 -1 0
2055 90 23 -1 0
2056 12 30 0 -1
2057 29 20 1 0
2058 40 37 0 1
2059 79 20 0 1
2060 94 33 -1 0
2061 54 35 1 0
2062 41 5 -1 0
2063 2 12 0 -1
2064 14 38 0 -1
2065 12 16 0 -1
2066 76 10 0 1
2067 23 36 0 1
2068 57 20 1 0
2069 65 7 1 0
2070 24 5 -1 0
2071 1 27 1 0
2072 67 38 0 1
2073 73 20 1 0
2074 2 6 -1 0
2075 17 5 0 1
2076 13 25 0 -1
2077 50 21 -1 0
2078 49 26 0 -1
2079 39 35 0 -1
2080 22 11 1 0
2081 83 36 0 1
2082 6 12 1 0
2083 48 36 0 1
2084 11 5 1 0
2085 8 12 0 1
2086 72 35 0 1
2087 6 33 -1 0
2088 91 2 0 -1
2089 7 10 0 -1
2090 40 24 1 0
2091 61 26 0 -1
2092 76 29 0 1
2093 22 4 0 1
2094 67 24 1 0
2095 44 28 1 0
2096 91 26 0 1
2097 6 12 0 1
2098 4 22 0 -1
2099 89 38 0 1
2100 1 20 1 0
2101 41 24 0 -1
2102 75 30 1 0
2103 14 30 1 0
2104 9 31 0 -1
2105 86 17 -1 0
2106 31 25 1 0
2107 1 7 1 0
2108 64 5 0 -1
2109 10 11 0 -1
2110 45 0 0 -1
2111 14 19 0 1
2112 86 14 0 -1
2113 56 12 1 0
2114 18 24 0 1
2115 11 38 0 1
2116 40 32 -1 0
2117 17 33 0 -1
2118 52 10 0 1
2119 98 1 0 1
2120 10 31 -1 0
2121 82 10 1 0
2122 11 28 0 1
2123 25 8 0 1
2124 94 32 0 1
2125 86 6 1 0
2126 42 3 -1 0
2127 27 0 0 1
2128 41 18 0 -1
2129 68 20 0 1
2130 59 8 0 1
2131 26 38 0 -1
2132 28 4 0 1
2133 3 14 -1 0
2134 38 17 0 -1
2135 13 15 1 0
2136 65 28 1 0
2137 6 34 -1 0
2138 72 33 -1 0
2139 51 39 -1 0
2140 93 7 0 -1
2141 98 9 -1 0
2142 16 27 -1 0
2143 7 20 0 1
2144 24 7 0 -1
2145 3 25 0 -1
2146 14 7 1 0
2147 43 32 0 -1
2148 48 14 0 1
2149 24 14 0 -1
2150 59 16 0 -1
2151 12 5 1 0
2152 11 16 -1 0
2153 31 26 -1 0
2154 91 14 0 -1
2155 68 32 -1 0
2156 62 16 0 1
2157 38 18 0 -1
2158 85 25 -1 0
2159 49 3 0 -1
2160 41 35 -1 0
2161 0 18 0 1
2162 64 3 1 0
2163 72 28 0 1
2164 64 15 0 1
2165 25 13 0 -1
2166 18 33 -1 0
2167 16 18 0 1
2168 16 32 1 0
2169 18 25 -1 0
2170 77 34 1 0
2171 1 33 -1 0
2172 45 8 0 1
2173 25 25 1 0
2174 42 28 0 1
2175 23 24 0 1
2176 53 31 -1 0
2177 1 15 0 -1
2178 98 10 1 0
2179 18 22 0 -1
2180 19 10 -1 0
2181 38 25 -1 0
2182 47 24 0 1
2183 72 32 -1 0
2184 11 22 1 0
2185 6 33 1 0
2186 20 24 0 -1
2187 99 18 0 1
2188 68 21 -1 0
2189 48 16 0 -1
2190 17 19 0 1
2191 90 5 0 1
2192 75 34 -1 0
2193 28 7 1 0
2194 21 17 -1 0
2195 53 7 1 0
2196 3 35 1 0
2197 37 18 1 0
2198 22 9 1 0
2199 37 18 -1 0
2200 14 16 -1 0
2201 70 36 -1 0
2202 16 25 1 0
2203 58 30 -1 0
2204 82 19 1 0
2205 26 33 1 0
2206 40 15 -1 0
2207 75 22 0 1
2208 86 6 0 1
2209 43 34 0 -1
2210 13 18 -1 0
2211 27 19 0 -1
2212 26 9 0 1
2213 19 13 1 0
2214 52 30 -1 0
2215 11 20 1 0
2216 0 28 -1 0
2217 3 32 -1 0
2218 93 0 0 -1
2219 94 30 1 0
2220 19 4 1 0
2221 83 27 0 1
2222 0 31 0 -1
2223 3 1 1 0
2224 88 13 0 -1
2225 84 33 0 1
2226 40 30 0 -1
2227 49 19 0 -1
2228 76 16 0 -1
2229 47 10 0 1
2230 23 22 0 -1
2231 28 12 0 1
2232 63 26 1 0
2233 76 7 0 1
2234 37 15 0 -1
2235 66 13 0 -1
2236 15 16 0 1
2237 22 10 0 -1
2238 18 19 1 0
2239 74 38 0 1
2240 54 29 -1 0
2241 48 32 0 -1
2242 41 3 0 1
2243 9 6 -1 0
2244 25 8 -1 0
2245 40 26 -1 0
2246 76 39 0 -1
2247 56 32 1 0
2248 85 0 -1 0
2249 60 18 0 -1
2250 19 9 0 1
2251 57 3 0 1
2252 51 27 0 1
2253 9 21 -1 0
2254 28 21 -1 0
2255 66 30 -1 0
2256 22 1 0 1
2257 45 33 0 -1
2258 23 18 1 0
2259 84 14 1 0
2260 24 0 0 -1
2261 10 35 0 1
2262 93 13 0 1
2263 24 28 1 0
2264 19 5 0 -1
2265 87 0 0 -1
2266 49 37 -1 0
2267 4 34 0 -1
2268 2 3 1 0
2269 31 24 -1 0
2270 90 22 -1 0
2271 52 15 0 -1
2272 30 26 0 -1
2273 19 19 1 0
2274 82 1 0 -1
2275 90 8 -1 0
2276 23 8 0 -1
2277 80 13 0 1
2278 55 22 0 1
2279 83 0 1 0
2280 42 27 0 1
2281 21 15 -1 0
2282 73 5 0 1
2283 70 1 0 -1
2284 5 18 1 0
2285 13 38 1 0
2286 80 19 0 -1
2287 68 26 0 -1
2288 8 12 1 0
2289 21 6 0 -1
2290 37 3 0 -1
2291 8 7 1 0
2292 81 23 -1 0
2293 83 24 1 0
2294 12 10 -1 0
2295 36 7 0 1
2296 1 8 -1 0
2297 91 25 0 -1
2298 95 38 0 -1
2299 54 4 -1 0
2300 81 10 1 0
2301 67 13 0 1
2302 18 17 -1 0
2303 23 27 1 0
2304 42 13 -1 0
2305 89 33 0 1
2306 60 4 0 -1
2307 12 0 0 1
2308 12 26 0 -1
2309 22 19 1 0
2310 38 33 -1 0
2311 97 31 0 -1
2312 89 20 0 -1
2313 50 14 0 1
2314 46 11 1 0
2315 55 23 0 1
2316 37 36 0 1
2317 22 34 -1 0
2318 47 29 0 1
2319 43 20 0 -1
2320 21 18 1 0
2321 79 1 0 -1
2322 44 13 0 -1
2323 70 4 0 1
2324 95 4 0 1
2325 44 3 0 -1
2326 50 34 1 0
2327 29 32 0 1
2328 12 3 1 0
2329 39 38 0 1
2330 42 25 0 -1
2331 93 24 0 1
2332 82 31 0 -1
2333 0 34 0 -1
2334 21 28 -1 0
2335 18 5 0 1
2336 76 30 0 1
2337 21 30 0 -1
2338 93 28 0 -1
2339 52 24 -1 0
2340 41 2 0 1
2341 92 0 1 0
2342 69 21 1 0
2343 42 31 0 1
2344 62 25 0 1
2345 36 33 -1 0
2346 2 20 1 0
2347 70 37 1 0
2348 40 20 1 0
2349 34 25 0 1
2350 71 18 1 0
2351 39 15 0 -1
2352 50 18 0 1
2353 63 1 0 -1
2354 15 3 -1 0
2355 76 39 -1 0
2356 1 19 0 -1
2357 7 3 1 0
2358 9 10 0 -1
2359 55 23 0 1
2360 16 34 0 -1
2361 82 18 -1 0
2362 25 36 0 -1
2363 20 6 1 0
2364 42 11 0 -1
2365 50 36 0 1
2366 19 24 0 1
2367 59 19 0 -1
2368 58 36 1 0
2369 99 15 0 -1
2370 41 22 1 0
2371 38 28 -1 0
2372 12 36 1 0
2373 75 13 -1 0
2374 65 0 0 -1
2375 42 20 1 0
2376 53 37 0 -1
2377 78 9 1 0
2378 47 32 1 0
2379 51 13 0 1
2380 64 34 -1 0
2381 56 0 0 -1
2382 9 15 0 -1
2383 55 24 0 -1
2384 89 3 0 -1
2385 26 15 0 -1
2386 44 14 0 -1
2387 55 15 1 0
2388 44 26 -1 0
2389 91 7 0 -1
2390 76 14 0 -1
2391 63 15 -1 0
2392 20 2 0 1
2393 14 36 0 1
2394 95 33 1 0
2395 82 26 -1 0
2396 35 0 1 0
2397 16 23 -1 0
2398 75 12 0 1
2399 18 17 -1 0
2400 38 3 -1 0
2401 71 33 1 0
2402 42 9 1 0
2403 96 28 0 1
2404 69 18 -1 0
2405 16 13 0 1
2406 13 17 0 1
2407 89 23 0 -1
2408 44 1 -1 0
2409 9 15 1 0
2410 28 18 0 1
2411 15 15 1 0
2412 3 1 1 0
2413 4 24 1 0
2414 86 36 -1 0
2415 18 24 1 0
2416 58 33 0 1
2417 3 35 -1 0
2418 11 2 -1 0
2419 20 1 -1 0
2420 99 27 1 0
2421 8 31 0 1
2422 42 9 0 -1
2423 3 12 0 -1
2424 84 34 1 0
2425 16 32 0 1
2426 57 13 0 1
2427 16 23 0 1
2428 13 32 -1 0
2429 43 29 0 -1
2430 12 15 0 1
2431 9 25 0 -1
2432 4 17 0 -1
2433 48 19 -1 0
2434 70 38 0 -1
2435 25 37 1 0
2436 46 15 0 1
2437 20 27 0 -1
2438 37 32 -1 0
2439 83 21 -1 0
2440 95 5 0 1
2441 5 26 -1 0
2442 19 0 0 -1
2443 87 34 0 -1
2444 79 25 1 0
2445 30 6 -1 0
2446 29 22 -1 0
2447 62 10 0 1
2448 20 20 0 1
2449 49 9 1 0
2450 65 13 0 -1
2451 57 2 0 1
2452 87 35 -1 0
2453 8 10 -1 0
2454 19 23 0 1
2455 94 31 1 0
2456 20 1 1 0
2457 25 23 -1 0
2458 16 5 0 -1
2459 87 10 0 1
2460 84 19 1 0
2461 40 6 0 -1
2462 79 27 -1 0
2463 54 28 0 1
2464 39 27 -1 0
2465 61 17 -1 0
2466 57 34 0 -1
2467 18 6 1 0
2468 5 22 0 1
2469 1 21 -1 0
2470 16 31 -1 0
2471 98 39 0 1
2472 39 18 -1 0
2473 98 29 0 -1
2474 51 5 0 1
2475 96 23 0 -1
2476 29 28 0 -1
2477 10 16 1 0
2478 98 13 0 1
2479 71 10 1 0
2480 2 14 -1 0
2481 14 23 0 -1
2482 85 18 0 -1
2483 26 14 0 -1
2484 0 31 0 1
2485 71 31 0 -1
2486 63 22 0 -1
2487 42 36 -1 0
2488 15 3 -1 0
2489 15 33 0 -1
2490 69 22 0 -1
2491 83 39 -1 0
2492 14 19 0 -1
2493 14 18 0 -1
2494 39 32 -1 0
2495 85 8 0 -1
2496 70 21 -1 0
2497 69 2 0 1
2498 55 3 0 1
2499 31 25 0 -1
2500 78 7 0 1
2501 81 24 0 1
2502 71 34 -1 0
2503 73 39 -1 0
2504 81 9 -1 0
2505 17 29 -1 0
2506 48 29 -1 0
2507 3 21 0 -1
2508 25 1 0 -1
2509 17 26 0 1
2510 10 10 0 1
2511 11 23 0 -1
2512 52 21 0 1
2513 14 39 -1 0
2514 3 37 -1 0
2515 63 3 0 -1
2516 74 34 1 0
2517 99 25 1 0
2518 38 2 -1 0
2519 16 14 0 1
2520 61 20 -1 0
2521 20 36 0 1
2522 58 32 0 -1
2523 14 5 0 -1
2524 42 6 0 1
2525 79 39 -1 0
2526 44 0 0 1
2527 90 22 0 -1
2528 8 26 0 -1
2529 89 6 0 -1
2530 80 10 -1 0
2531 44 19 0 -1
2532 93 20 -1 0
2533 76 4 0 1
2534 67 8 0 -1
2535 43 29 1 0
2536 83 4 1 0
2537 43 10 0 -1
2538 7 23 1 0
2539 31 25 1 0
2540 40 6 -1 0
2541 41 18 -1 0
2542 38 32 0 -1
2543 97 30 1 0
2544 47 11 1 0
2545 41 11 0 1
2546 28 29 0 1
2547 34 11 -1 0
2548 81 8 0 -1
2549 61 3 1 0
2550 48 22 0 -1
2551 31 11 0 1
2552 35 2 0 1
2553 43 32 0 1
2554 12 37 1 0
2555 42 4 -1 0
2556 77 24 0 1
2557 21 26 0 1
2558 23 31 0 1
2559 67 32 1 0
2560 18 9 0 1
2561 80 25 -1 0
2562 75 19 1 0
2563 20 11 -1 0
2564 50 22 0 -1
2565 23 37 -1 0
2566 48 14 0 -1
2567 75 19 1 0
2568 97 18 0 1
2569 25 9 0 -1
2570 59 39 0 -1
2571 23 30 1 0
2572 91 29 -1 0
2573 21 36 1 0
2574 63 14 0 -1
2575 6 5 0 1
2576 75 35 1 0
2577 39 3 -1 0
2578 16 26 1 0
2579 17 22 0 -1
2580 7 30 -1 0
2581 44 15 0 -1
2582 26 13 1 0
2583 14 7 0 1
2584 49 7 0 -1
2585 63 1 0 1
2586 15 27 0 1
2587 47 26 -1 0
2588 72 20 1 0
2589 71 29 0 1
2590 24 25 1 0
2591 97 38 -1 0
2592 46 18 0 1
2593 64 5 1 0
2594 21 25 0 1
2595 4 22 0 -1
2596 18 39 1 0
2597 91 9 1 0
2598 79 2 1 0
2599 78 9 1 0
2600 95 14 -1 0
2601 49 26 0 1
2602 7 2 0 1
2603 11 39 -1 0
2604 5 38 -1 0
2605 15 3 0 -1
2606 38 34 0 -1
2607 24 18 0 1
2608 45 23 -1 0
2609 90 1 0 1
2610 94 10 -1 0
2611 98 10 -1 0
2612 60 25 0 -1
2613 39 5 0 -1
2614 45 17 0 -1
2615 28 33 1 0
2616 43 11 0 -1
2617 74 17 1 0
2618 12 5 0 1
2619 73 5 1 0
2620 98 37 -1 0
2621 28 22 0 1
2622 89 5 1 0
2623 27 37 0 1
2624 89 17 1 0
2625 78 15 1 0
2626 0 7 -1 0
2627 27 4 -1 0
2628 53 2 -1 0
2629 38 0 0 1
2630 26 18 0 1
2631 85 7 0 1
2632 55 23 1 0
2633 86 38 0 1
2634 36 12 0 1
2635 84 1 0 -1
2636 5 23 1 0
2637 79 17 1 0
2638 37 11 0 -1
2639 69 10 1 0
2640 0 6 0 -1
2641 93 21 -1 0
2642 25 15 0 -1
2643 51 2 0 1
2644 15 9 0 -1
2645 78 14 -1 0
2646 77 18 0 1
2647 4 14 1 0
2648 95 7 1 0
2649 85 32 -1 0
2650 10 38 1 0
2651 84 16 0 -1
2652 9 4 0 -1
2653 88 27 -1 0
2654 13 39 0 -1
2655 28 32 1 0
2656 79 6 0 -1
2657 7 6 1 0
2658 98 28 -1 0
2659 44 35 1 0
2660 43 23 1 0
2661 7 9 0 1
2662 74 30 0 1
2663 87 30 0 1
2664 96 15 1 0
2665 87 10 -1 0
2666 41 2 1 0
2667 93 9 0 -1
2668 12 5 1 0
2669 14 6 1 0
2670 86 16 0 1
2671 84 27 1 0
2672 81 10 0 1
2673 14 12 1 0
2674 22 36 0 -1
2675 68 36 0 1
2676 54 10 -1 0
2677 94 1 0 1
2678 41 27 0 1
2679 77 27 1 0
2680 72 23 -1 0
2681 29 26 1 0
2682 96 0 0 -1
2683 6 21 -1 0
2684 89 4 0 -1
2685 19 21 -1 0
2686 25 8 0 1
2687 5 24 1 0
2688 39 13 0 -1
2689 22 1 -1 0
2690 79 4 0 1
2691 13 18 0 1
2692 95 2 0 -1
2693 30 11 0 -1
2694 20 7 0 -1
2695 42 32 1 0
2696 98 21 0 1
2697 51 17 -1 0
2698 46 7 -1 0
2699 7 24 -1 0
2700 53 25 -1 0
2701 83 21 0 -1
2702 93 37 -1 0
2703 47 4 0 -1
2704 44 10 -1 0
2705 7 21 1 0
2706 5 5 1 0
2707 92 12 1 0
2708 78 26 0 -1
2709 27 14 -1 0
2710 77 9 1 0
2711 28 11 1 0
2712 1 29 -1 0
2713 62 11 -1 0
2714 49 8 1 0
2715 17 27 0 -1
2716 71 39 1 0
2717 89 32 0 -1
2718 14 36 1 0
2719 41 1 0 1
2720 16 0 -1 0
2721 3 11 0 1
2722 3 30 1 0
2723 25 25 0 -1
2724 80 0 0 -1
2725 8 38 0 -1
2726 53 6 0 1
2727 15 27 -1 0
2728 27 37 0 -1
2729 79 27 1 0
2730 93 7 0 -1
2731 94 13 0 -1
2732 55 25 1 0
2733 92 24 -1 0
2734 42 33 0 -1
2735 48 28 0 -1
2736 8 10 1 0
2737 88 11 0 1
2738 73 22 0 1
2739 40 3 0 -1
2740 47 29 0 1
2741 90 22 0 -1
2742 91 29 -1 0
2743 45 15 -1 0
2744 88 6 1 0
2745 53 29 1 0
2746 23 7 0 1
2747 12 17 0 1
2748 97 33 -1 0
2749 44 34 1 0
2750 92 25 0 -1
2751 17 37 0 -1
2752 75 11 0 -1
2753 22 37 0 -1
2754 93 14 -1 0
2755 43 33 0 1
2756 23 23 1 0
2757 18 6 -1 0
2758 44 1 0 -1
2759 92 33 0 1
2760 6 9 0 1
2761 66 38 1 0
2762 4 27 -1 0
2763 12 25 0 -1
2764 55 39 0 -1
2765 25 24 -1 0
2766 41 38 0 -1
2767 28 36 0 -1
2768 60 34 1 0
2769 86 33 0 -1
2770 5 36 -1 0
2771 24 17 0 1
2772 5 29 0 1
2773 18 22 0 1
2774 10 38 0 -1
2775 20 5 1 0
2776 19 9 -1 0
2777 44 7 -1 0
2778 14 13 0 -1
2779 90 23 1 0
2780 21 8 1 0
2781 47 20 -1 0
2782 85 25 1 0
2783 22 31 0 1
2784 23 12 0 1
2785 11 29 1 0
2786 60 4 0 1
2787 92 34 0 1
2788 48 38 0 1
2789 73 20 1 0
2790 48 6 0 -1
2791 90 14 0 -1
2792 93 5 -1 0
2793 23 21 -1 0
2794 64 35 1 0
2795 71 11 0 -1
2796 40 4 0 -1
2797 63 38 0 1
2798 38 35 0 -1
2799 21 11 0 1
2800 99 29 0 -1
2801 48 13 0 -1
2802 70 6 1 0
2803 0 7 0 -1
2804 20 15 0 -1
2805 59 11 -1 0
2806 45 24 1 0
2807 82 3 1 0
2808 88 0 1 0
2809 53 35 -1 0
2810 20 26 0 1
2811 62 31 1 0
2812 82 30 -1 0
2813 12 11 0 1
2814 13 9 1 0
2815 27 6 1 0
2816 23 0 1 0
2817 18 32 0 1
2818 42 19 0 1
2819 52 3 0 1
2820 72 15 0 1
2821 62 24 1 0
2822 40 27 -1 0
2823 88 3 0 -1
2824 14 22 -1 0
2825 4 25 0 -1
2826 92 16 -1 0
2827 74 26 0 1
2828 19 17 0 -1
2829 61 38 -1 0
2830 93 27 -1 0
2831 28 5 1 0
2832 7 20 0 -1
2833 8 35 0 -1
2834 39 6 -1 0
2835 16 38 -1 0
2836 87 20 1 0
2837 20 19 0 1
2838 15 4 -1 0
2839 7 3 0 1
2840 39 4 -1 0
2841 78 28 0 1
2842 14 5 1 0
2843 88 5 -1 0
2844 99 34 1 0
2845 45 38 0 1
2846 15 16 0 -1
2847 10 6 0 1
2848 3 30 0 1
2849 19 15 -1 0
2850 85 34 0 -1
2851 16 2 0 -1
2852 83 9 -1 0
2853 89 27 0 1
2854 20 18 0 -1
2855 92 39 1 0
2856 43 1 -1 0
2857 46 39 0 -1
2858 46 9 1 0
2859 42 2 0 -1
2860 60 23 0 1
2861 23 8 0 1
2862 17 27 0 -1
2863 48 23 1 0
2864 77 26 -1 0
2865 68 35 0 -1
2866 24 4 0 -1
2867 14 38 0 1
2868 45 10 -1 0
2869 15 25 0 1
2870 97 8 -1 0
2871 1 4 -1 0
2872 99 23 -1 0
2873 14 6 1 0
2874 95 9 -1 0
2875 2 14 0 1
2876 4 26 0 -1
2877 20 25 0 1
2878 46 16 0 1
2879 41 5 1 0
2880 29 6 -1 0
2881 28 36 0 -1
2882 40 10 0 -1
2883 47 29 0 -1
2884 3 26 0 1
2885 18 38 -1 0
2886 8 1 -1 0
2887 52 16 1 0
2888 94 39 -1 0
2889 9 24 -1 0
2890 50 10 1 0
2891 89 17 0 1
2892 24 12 0 1
2893 37 28 1 0
2894 45 22 0 1
2895 14 30 0 1
2896 20 34 -1 0
2897 35 16 0 1
2898 45 26 1 0
2899 93 2 -1 0
2900 46 32 1 0
2901 24 36 0 1
2902 96 6 0 1
2903 63 32 0 -1
2904 21 26 0 -1
2905 47 37 1 0
2906 22 8 1 0
2907 65 21 0 -1
2908 71 25 0 -1
2909 94 8 0 -1
2910 16 29 0 -1
2911 40 10 0 -1
2912 29 33 0 -1
2913 81 5 0 1
2914 6 7 0 1
2915 20 13 -1 0
2916 10 6 1 0
2917 4 33 1 0
2918 80 5 -1 0
2919 65 7 0 1
2920 11 10 0 1
2921 2 6 1 0
2922 43 21 -1 0
2923 90 29 0 1
2924 57 35 1 0
2925 96 28 -1 0
2926 97 5 1 0
2927 95 38 1 0
2928 38 21 0 1
2929 24 24 0 1
2930 18 4 -1 0
2931 82 32 -1 0
2932 27 10 -1 0
2933 44 18 0 -1
2934 81 19 0 -1
2935 13 0 -1 0
2936 78 22 -1 0
2937 15 5 0 1
2938 22 19 0 1
2939 21 1 1 0
2940 31 11 -1 0
2941 43 25 0 1
2942 2 22 -1 0
2943 26 11 1 0
2944 49 31 -1 0
2945 12 28 0 -1
2946 45 5 -1 0
2947 40 24 -1 0
2948 21 6 1 0
2949 51 29 1 0
2950 21 18 0 -1
2951 17 7 1 0
2952 24 6 1 0
2953 85 33 0 1
2954 87 12 0 1
2955 93 9 0 1
2956 89 7 1 0
2957 13 37 0 1
2958 60 27 0 1
2959 95 2 0 1
2960 51 0 1 0
2961 2 14 1 0
2962 5 5 1 0
2963 43 24 1 0
2964 27 34 0 -1
2965 84 28 1 0
2966 17 32 0 1
2967 16 5 0 -1
2968 19 13 0 -1
2969 18 30 -1 0
2970 25 32 0 1
2971 19 15 1 0
2972 10 4 0 -1
2973 69 35 0 1
2974 42 15 0 -1
2975 29 3 0 1
2976 51 6 0 -1
2977 14 17 0 1
2978 53 25 -1 0
2979 47 15 0 -1
2980 52 30 -1 0
2981 6 6 0 1
2982 70 21 -1 0
2983 40 20 1 0
2984 43 27 1 0
2985 29 36 0 1
2986 75 27 0 1
2987 26 37 0 -1
2988 21 3 -1 0
2989 93 33 -1 0
2990 43 36 -1 0
2991 86 16 -1 0
2992 17 29 -1 0
2993 48 39 0 -1
2994 64 31 0 -1
2995 98 0 1 0
2996 0 36 0 -1
2997 19 16 -1 0
2998 25 12 1 0
2999 26 18 1 0
3000 44 5 0 1
3001 8 11 1 0
3002 40 29 0 -1
3003 88 35 1 0
3004 52 15 -1 0
3005 87 12 -1 0
3006 69 8 1 0
3007 41 17 -1 0
3008 36 23 -1 0
3009 3 29 0 -1
3010 96 1 0 1
3011 80 12 0 1
3012 94 14 1 0
3013 10 7 -1 0
3014 19 35 0 1
3015 20 19 -1 0
3016 50 6 0 -1
3017 41 1 0 -1
3018 80 4 1 0
3019 90 34 0 1
3020 24 39 -1 0
3021 13 39 0 1
3022 40 15 0 -1
3023 44 36 0 -1
3024 18 1 1 0
3025 38 31 0 -1
3026 20 33 0 1
3027 3 22 0 -1
3028 20 6 -1 0
3029 42 14 -1 0
3030 30 24 1 0
3031 69 5 1 0
3032 28 8 1 0
3033 0 25 1 0
3034 20 21 -1 0
3035 97 35 0 1
3036 20 36 -1 0
3037 22 25 0 1
3038 53 22 0 -1
3039 87 24 0 1
3040 29 6 -1 0
3041 40 39 1 0
3042 17 25 -1 0
3043 53 26 -1 0
3044 79 25 0 -1
3045 13 4 1 0
3046 11 30 0 -1
3047 24 16 -1 0
3048 94 30 -1 0
3049 27 6 1 0
3050 54 18 0 1
3051 12 37 0 -1
3052 76 31 -1 0
3053 98 38 0 -1
3054 85 11 0 -1
3055 14 35 0 1
3056 39 12 0 -1
3057 27 14 0 -1
3058 24 38 0 1
3059 37 14 0 -1
3060 9 4 -1 0
3061 18 33 0 -1
3062 3 22 -1 0
3063 53 33 -1 0
3064 83 24 -1 0
3065 26 35 0 1
3066 44 10 0 1
3067 37 26 0 1
3068 5 39 -1 0
3069 76 30 0 1
3070 21 8 1 0
3071 58 31 1 0
3072 18 23 0 1
3073 28 37 0 -1
3074 27 25 0 -1
3075 46 28 1 0
3076 42 35 1 0
3077 20 5 0 1
3078 18 9 1 0
3079 45 16 0 -1
3080 26 14 0 -1
3081 12 4 -1 0
3082 26 20 1 0
3083 18 30 -1 0
3084 49 14 0 -1
3085 19 4 1 0
3086 2 28 -1 0
3087 88 10 -1 0
3088 7 35 1 0
3089 13 28 0 -1
3090 66 3 -1 0
3091 27 17 -1 0
3092 15 36 -1 0
3093 99 20 -1 0
3094 49 11 0 -1
3095 50 4 1 0
3096 77 0 1 0
3097 75 38 0 1
3098 28 18 -1 0
3099 5 12 -1 0
3100 88 24 1 0
3101 97 7 -1 0
3102 10 8 0 -1
3103 99 24 0 -1
3104 29 35 1 0
3105 45 12 0 -1
3106 82 29 0 1
3107 46 18 0 -1
3108 43 24 0 -1
3109 8 39 1 0
3110 42 35 0 1
3111 16 1 1 0
3112 79 12 -1 0
3113 60 30 0 -1
3114 86 5 -1 0
3115 58 18 0 1
3116 49 14 -1 0
3117 68 36 1 0
3118 45 1 -1 0
3119 16 19 1 0
3120 88 3 1 0
3121 21 17 1 0
3122 46 24 1 0
3123 27 18 0 1
3124 46 20 1 0
3125 75 9 0 -1
3126 74 17 0 -1
3127 70 14 0 -1
3128 53 9 0 1
3129 53 28 0 1
3130 9 21 -1 0
3131 27 19 0 1
3132 26 1 -1 0
3133 14 22 0 -1
3134 25 26 0 -1
3135 57 33 0 1
3136 16 3 -1 0
3137 47 20 0 1
3138 91 0 0 -1
3139 48 24 0 -1
3140 86 2 0 -1
3141 71 9 1 0
3142 71 34 0 1
3143 17 35 0 1
3144 40 5 0 1
3145 51 25 0 -1
3146 35 21 -1 0
3147 56 3 -1 0
3148 12 3 0 -1
3149 19 17 -1 0
3150 46 36 -1 0
3151 6 36 0 -1
3152 45 34 -1 0
3153 48 23 0 -1
3154 48 33 0 -1
3155 73 7 -1 0
3156 70 15 0 -1
3157 97 6 -1 0
3158 25 28 -1 0
3159 54 1 -1 0
3160 92 14 0 -1
3161 3 24 -1 0
3162 16 32 1 0
3163 11 28 1 0
3164 0 33 0 1
3165 14 33 0 -1
3166 62 9 0 -1
3167 89 27 -1 0
3168 26 0 -1 0
3169 15 36 -1 0
3170 46 34 0 -1
3171 38 11 1 0
3172 92 13 1 0
3173 9 10 -1 0
3174 35 6 0 1
3175 87 16 0 1
3176 0 14 -1 0
3177 90 1 0 1
3178 92 15 1 0
3179 75 20 1 0
3180 93 13 1 0
3181 56 39 1 0
3182 0 10 0 -1
3183 49 27 0 -1
3184 86 14 1 0
3185 77 33 0 1
3186 6 4 0 -1
3187 45 17 0 -1
3188 36 34 -1 0
3189 95 4 0 1
3190 97 26 0 1
3191 90 32 0 1
3192 25 27 1 0
3193 17 12 1 0
3194 14 12 0 1
3195 45 23 0 1
3196 2 6 -1 0
3197 88 27 1 0
3198 48 33 0 1
3199 74 19 0 -1
3200 19 3 1 0
3201 23 10 0 -1
3202 15 8 0 -1
3203 82 14 1 0
3204 25 6 0 -1
3205 21 15 -1 0
3206 43 2 1 0
3207 91 11 -1 0
3208 22 23 1 0
3209 30 12 1 0
3210 72 5 1 0
3211 39 38 0 1
3212 50 22 0 1
3213 10 3 1 0
3214 94 18 -1 0
3215 62 9 1 0
3216 38 37 -1 0
3217 24 25 0 1
3218 88 16 0 1
3219 62 7 0 1
3220 60 16 0 -1
3221 82 20 0 1
3222 56 19 0 1
3223 89 35 1 0
3224 72 32 0 1
3225 98 26 -1 0
3226 21 3 0 -1
3227 22 30 0 -1
3228 97 31 1 0
3229 15 27 0 1
3230 6 7 1 0
3231 62 2 0 -1
3232 12 24 0 1
3233 59 17 1 0
3234 99 10 0 -1
3235 42 38 0 -1
3236 49 16 0 1
3237 91 7 0 -1
3238 0 1 -1 0
3239 55 7 0 -1
3240 47 34 0 1
3241 10 9 -1 0
3242 55 35 0 1
3243 30 15 1 0
3244 47 16 1 0
3245 43 32 1 0
3246 27 12 0 -1
3247 1 5 1 0
3248 51 23 0 -1
3249 14 29 1 0
3250 18 21 0 1
3251 42 22 -1 0
3252 16 7 0 1
3253 14 20 0 -1
3254 81 25 0 1
3255 44 31 0 1
3256 22 0 0 1
3257 17 14 -1 0
3258 44 32 0 1
3259 41 39 -1 0
3260 12 26 0 -1
3261 45 38 -1 0
3262 37 15 -1 0
3263 3 29 0 1
3264 24 2 0 1
3265 70 14 0 -1
3266 60 35 0 -1
3267 25 12 0 1
3268 72 4 -1 0
3269 90 3 0 1
3270 71 8 0 -1
3271 83 39 0 1
3272 87 10 0 1
3273 19 29 0 1
3274 27 0 0 1
3275 55 28 0 1
3276 24 37 -1 0
3277 17 26 0 1
3278 67 14 -1 0
3279 57 10 -1 0
3280 12 25 0 1
3281 87 34 0 1
3282 40 28 0 1
3283 52 18 1 0
3284 17 8 0 -1
3285 29 16 -1 0
3286 91 27 -1 0
3287 6 9 0 1
3288 39 27 -1 0
3289 13 32 0 1
3290 20 6 0 1
3291 39 14 1 0
3292 51 31 -1 0
3293 42 29 -1 0
3294 92 1 0 -1
3295 83 12 -1 0
3296 62 16 1 0
3297 18 23 -1 0
3298 37 30 -1 0
3299 99 34 0 1
3300 7 19 -1 0
3301 45 20 0 -1
3302 17 32 1 0
3303 68 16 -1 0
3304 26 5 0 -1
3305 19 33 0 -1
3306 97 38 -1 0
3307 27 28 -1 0
3308 20 4 0 1
3309 80 7 1 0
3310 20 21 1 0
3311 49 34 0 1
3312 55 2 0 -1
3313 94 27 0 1
3314 44 4 0 -1
3315 91 14 1 0
3316 49 6 1 0
3317 57 20 0 1
3318 20 39 0 1
3319 42 16 1 0
3320 26 25 1 0
3321 53 3 0 -1
3322 14 1 0 1
3323 20 0 1 0
3324 28 1 0 -1
3325 20 14 1 0
3326 98 20 0 1
3327 99 10 -1 0
3328 68 18 0 -1
3329 12 16 0 1
3330 22 17 0 1
3331 75 13 0 1
3332 39 1 1 0
3333 24 24 0 -1
3334 80 30 -1 0
3335 72 30 1 0
3336 89 16 0 1
3337 7 35 0 -1
3338 13 19 1 0
3339 22 1 0 -1
3340 16 22 1 0
3341 68 16 1 0
3342 31 10 1 0
3343 14 14 0 1
3344 58 22 -1 0
3345 80 8 -1 0
3346 57 24 -1 0
3347 12 7 0 -1
3348 97 32 0 1
3349 9 12 0 1
3350 22 34 0 1
3351 69 23 -1 0
3352 64 29 0 1
3353 74 24 0 -1
3354 89 15 1 0
3355 92 24 1 0
3356 21 28 1 0
3357 32 10 1 0
3358 19 25 1 0
3359 87 21 0 1
3360 22 6 0 -1
3361 15 35 1 0
3362 15 7 0 1
3363 24 33 1 0
3364 54 32 0 -1
3365 5 9 1 0
3366 1 0 1 0
3367 23 25 0 -1
3368 1 27 -1 0
3369 75 5 1 0
3370 21 1 0 1
3371 17 15 -1 0
3372 80 4 1 0
3373 46 34 1 0
3374 13 8 -1 0
3375 74 32 -1 0
3376 64 12 1 0
3377 27 1 1 0
3378 65 24 1 0
3379 37 16 -1 0
3380 28 9 1 0
3381 77 8 0 1
3382 90 2 1 0
3383 25 11 1 0
3384 99 27 0 -1
3385 25 17 0 -1
3386 47 35 1 0
3387 62 36 0 -1
3388 80 19 0 -1
3389 28 36 1 0
3390 38 30 0 1
3391 90 25 1 0
3392 21 14 -1 0
3393 75 24 0 1
3394 39 20 0 -1
3395 9 22 0 -1
3396 22 25 1 0
3397 16 9 1 0
3398 56 22 -1 0
3399 7 7 0 1
3400 77 23 -1 0
3401 97 17 1 0
3402 49 32 0 -1
3403 0 29 -1 0
3404 12 3 -1 0
3405 76 8 -1 0
3406 56 29 1 0
3407 8 33 1 0
3408 57 9 0 -1
3409 41 32 0 1
3410 92 10 0 -1
3411 91 11 -1 0
3412 8 9 0 1
3413 44 6 1 0
3414 29 35 0 -1
3415 52 16 -1 0
3416 15 9 1 0
3417 79 18 0 1
3418 82 29 0 -1
3419 59 27 -1 0
3420 72 13 0 -1
3421 61 15 0 -1
3422 90 16 1 0
3423 80 10 0 1
3424 48 30 1 0
3425 40 3 0 1
3426 8 28 -1 0
3427 49 6 0 1
3428 65 13 1 0
3429 58 38 -1 0
3430 40 9 0 1
3431 55 0 1 0
3432 1 29 1 0
3433 45 25 0 1
3434 58 19 -1 0
3435 42 25 0 1
3436 36 35 0 -1
3437 24 8 0 1
3438 20 34 0 -1
3439 86 2 0 1
3440 87 7 0 -1
3441 9 25 0 -1
3442 26 5 1 0
3443 64 6 1 0
3444 25 3 1 0
3445 28 8 1 0
3446 97 32 0 -1
3447 31 9 -1 0
3448 28 4 -1 0
3449 43 36 0 1
3450 67 30 0 -1
3451 94 10 0 1
3452 13 23 1 0
3453 46 36 0 -1
3454 8 23 -1 0
3455 1 1 -1 0
3456 13 36 0 1
3457 29 12 -1 0
3458 50 5 0 1
3459 45 16 1 0
3460 61 2 0 -1
3461 41 14 0 1
3462 76 3 -1 0
3463 63 35 1 0
3464 30 22 1 0
3465 85 1 0 1
3466 94 31 -1 0
3467 53 22 1 0
3468 50 35 0 1
3469 41 36 -1 0
3470 28 13 1 0
3471 15 21 0 -1
3472 51 4 -1 0
3473 71 18 0 1
3474 50 20 0 1
3475 35 20 0 1
3476 97 33 -1 0
3477 70 4 1 0
3478 62 23 0 1
3479 29 30 0 1
3480 44 37 1 0
3481 37 25 0 1
3482 23 20 -1 0
3483 63 9 1 0
3484 52 34 0 1
3485 94 29 -1 0
3486 28 39 0 -1
3487 90 30 0 1
3488 30 31 1 0
3489 28 24 0 1
3490 97 2 -1 0
3491 2 13 -1 0
3492 31 11 1 0
3493 47 20 0 1
3494 99 31 -1 0
3495 64 7 0 -1
3496 38 5 1 0
3497 42 28 0 -1
3498 96 27 0 1
3499 26 30 -1 0
3500 88 22 0 1
3501 50 14 1 0
3502 79 15 1 0
3503 47 1 -1 0
3504 42 20 0 1
3505 57 6 0 1
3506 79 13 0 1
3507 14 23 0 -1
3508 40 25 -1 0
3509 53 29 1 0
3510 99 27 -1 0
3511 46 17 -1 0
3512 46 8 0 -1
3513 19 27 -1 0
3514 26 1 1 0
3515 55 25 -1 0
3516 1 27 -1 0
3517 88 4 1 0
3518 73 0 1 0
3519 8 21 0 -1
3520 40 31 1 0
3521 11 22 0 -1
3522 72 20 0 1
3523 23 33 0 1
3524 97 2 0 1
3525 10 31 0 1
3526 44 12 0 -1
3527 92 5 0 1
3528 90 21 0 1
3529 51 23 0 1
3530 51 11 -1 0
3531 16 4 0 -1
3532 43 33 0 -1
3533 42 32 -1 0
3534 93 31 1 0
3535 40 37 0 1
3536 62 7 0 1
3537 22 7 0 -1
3538 86 3 -1 0
3539 11 39 0 1
3540 31 7 1 0
3541 29 21 0 1
3542 18 0 1 0
3543 92 33 1 0
3544 6 2 -1 0
3545 97 37 0 1
3546 79 17 0 -1
3547 86 38 -1 0
3548 14 21 0 1
3549 20 34 0 1
3550 60 4 0 1
3551 22 3 -1 0
3552 4 20 0 -1
3553 83 15 -1 0
3554 8 16 -1 0
3555 46 20 1 0
3556 99 0 -1 0
3557 12 17 1 0
3558 11 9 1 0
3559 14 17 0 1
3560 98 13 -1 0
3561 87 6 -1 0
3562 47 8 0 1
3563 46 5 0 -1
3564 88 11 -1 0
3565 23 2 0 1
3566 67 0 -1 0
3567 64 11 -1 0
3568 44 12 0 1
3569 58 20 0 -1
3570 41 17 0 -1
3571 41 11 1 0
3572 54 12 1 0
3573 19 20 0 1
3574 0 14 1 0
3575 62 22 -1 0
3576 98 14 1 0
3577 26 3 0 -1
3578 22 38 -1 0
3579 16 26 1 0
3580 41 14 0 1
3581 53 16 -1 0
3582 68 15 1 0
3583 29 31 -1 0
3584 62 27 0 1
3585 51 37 -1 0
3586 6 23 0 -1
3587 99 31 1 0
3588 86 28 0 1
3589 17 7 1 0
3590 81 39 1 0
3591 17 4 1 0
3592 42 23 1 0
3593 95 32 0 -1
3594 21 19 0 1
3595 62 30 0 1
3596 81 4 0 -1
3597 36 26 0 1
3598 6 2 -1 0
3599 18 18 0 1
