0 3 23 1 0
1 41 21 0 1
2 39 16 0 -1
3 27 34 0 -1
4 8 34 1 0
5 14 39 0 -1
6 45 33 -1 0
7 28 37 1 0
8 22 1 1 0
9 22 2 1 0
10 42 19 -1 0
11 37 13 1 0
12 13 22 0 -1
13 44 30 0 1
14 10 30 -1 0
15 37 36 0 1
16 32 19 1 0
17 0 26 0 1
18 39 13 1 0
19 23 38 -1 0
20 28 2 0 -1
21 10 30 0 -1
22 18 14 0 -1
23 19 13 -1 0
24 61 9 0 -1
25 80 6 0 -1
26 76 1 1 0
27 36 25 -1 0
28 28 9 1 0
29 50 35 0 -1
30 30 39 0 -1
31 4 3 0 -1
32 24 2 0 -1
33 39 37 0 1
34 22 19 0 1
35 92 7 1 0
36 38 28 0 -1
37 25 2 1 0
38 27 14 0 -1
39 63 15 1 0
40 4 31 0 -1
41 23 20 1 0
42 98 2 0 1
43 12 17 0 -1
44 44 33 -1 0
45 5 13 0 1
46 29 18 -1 0
47 61 36 0 -1
48 18 1 0 -1
49 27 3 0 -1
50 25 39 -1 0
51 30 1 0 -1
52 13 28 0 -1
53 19 7 0 -1
54 27 38 1 0
55 36 19 -1 0
56 14 19 0 -1
57 20 31 0 -1
58 5 36 1 0
59 35 15 -1 0
60 78 24 -1 0
61 10 36 1 0
62 3 38 0 -1
63 0 21 0 -1
64 87 27 -1 0
65 15 32 0 -1
66 50 18 0 -1
67 23 16 -1 0
68 21 36 0 1
69 25 33 -1 0
70 59 29 0 1
71 37 35 -1 0
72 35 20 -1 0
73 85 23 -1 0
74 51 18 0 1
75 15 39 0 -1
76 37 16 0 1
77 25 8 1 0
78 29 38 1 0
79 67 11 -1 0
80 28 14 0 1
81 30 19 -1 0
82 20 9 1 0
83 36 28 0 -1
84 40 12 -1 0
85 98 24 0 1
86 39 26 0 -1
87 44 6 1 0
88 4 15 -1 0
89 26 10 1 0
90 94 37 0 -1
91 98 38 0 1
92 40 14 -1 0
93 86 9 1 0
94 32 13 -1 0
95 41 22 0 1
96 41 28 0 1
97 52 14 0 1
98 21 18 0 -1
99 98 8 0 -1
100 29 20 0 -1
101 31 26 -1 0
102 34 35 0 -1
103 13 23 1 0
104 37 24 1 0
105 19 22 1 0
106 63 37 1 0
107 28 9 0 1
108 88 26 1 0
109 38 23 0 -1
110 39 37 1 0
111 24 14 0 -1
112 39 18 0 -1
113 14 31 0 1
114 24 29 0 1
115 23 11 1 0
116 6 23 -1 0
117 68 34 -1 0
118 95 5 -1 0
119 26 32 1 0
120 32 11 0 1
121 6 7 -1 0
122 21 29 1 0
123 37 26 1 0
124 51 39 0 -1
125 70 11 1 0
126 47 12 -1 0
127 28 3 0 -1
128 38 21 0 1
129 31 1 -1 0
130 54 34 0 1
131 6 1 1 0
132 30 3 0 -1
133 21 23 1 0
134 10 4 0 -1
135 42 33 0 1
136 36 21 0 -1
137 30 23 1 0
138 39 0 0 1
139 78 14 1 0
140 39 21 -1 0
141 37 20 -1 0
142 26 25 1 0
143 30 24 1 0
144 42 5 1 0
145 40 32 0 -1
146 68 21 1 0
147 41 15 0 1
148 28 31 0 -1
149 10 38 0 -1
150 57 35 1 0
151 89 25 1 0
152 23 1 1 0
153 39 20 1 0
154 45 12 -1 0
155 49 33 -1 0
156 50 3 -1 0
157 30 13 0 -1
158 44 17 1 0
159 40 21 1 0
160 32 11 -1 0
161 26 35 0 -1
162 31 38 1 0
163 92 6 -1 0
164 38 37 1 0
165 14 32 0 1
166 37 21 0 1
167 29 34 0 1
168 93 9 0 1
169 20 23 0 1
170 25 26 1 0
171 93 26 0 -1
172 31 18 1 0
173 19 9 -1 0
174 38 29 0 -1
175 35 22 1 0
176 38 22 0 1
177 93 21 0 1
178 32 10 -1 0
179 5 0 0 -1
180 30 11 0 1
181 32 14 1 0
182 72 11 1 0
183 24 0 1 0
184 41 27 0 1
185 38 28 1 0
186 24 39 -1 0
187 26 21 0 -1
188 27 20 0 -1
189 91 6 0 -1
190 7 24 -1 0
191 73 15 1 0
192 85 8 -1 0
193 20 8 0 1
194 16 5 1 0
195 50 13 -1 0
196 14 5 -1 0
197 87 27 -1 0
198 32 3 -1 0
199 39 17 0 -1
200 94 0 0 -1
201 25 37 0 1
202 29 14 0 1
203 98 28 -1 0
204 80 8 1 0
205 53 18 0 -1
206 15 13 0 1
207 88 32 -1 0
208 30 14 0 -1
209 20 22 0 1
210 54 33 -1 0
211 2 34 0 -1
212 50 11 1 0
213 39 28 0 1
214 30 23 -1 0
215 90 39 1 0
216 40 7 -1 0
217 38 19 0 -1
218 85 14 1 0
219 8 31 0 -1
220 28 38 0 -1
221 30 18 1 0
222 52 2 0 1
223 3 36 0 1
224 71 34 1 0
225 40 30 0 1
226 95 28 -1 0
227 59 6 1 0
228 9 35 0 -1
229 21 2 0 -1
230 15 2 1 0
231 44 22 0 1
232 44 0 0 1
233 32 13 1 0
234 48 25 0 1
235 30 9 1 0
236 31 18 1 0
237 58 23 1 0
238 16 20 0 1
239 20 16 0 -1
240 23 31 0 1
241 22 0 -1 0
242 78 16 0 1
243 25 16 1 0
244 42 29 0 -1
245 37 33 -1 0
246 47 36 0 1
247 46 16 0 1
248 27 2 -1 0
249 4 16 1 0
250 87 35 0 1
251 89 7 1 0
252 38 22 -1 0
253 84 1 1 0
254 28 9 0 1
255 80 24 0 1
256 80 3 1 0
257 97 29 1 0
258 64 12 1 0
259 37 0 0 1
260 28 19 0 1
261 38 21 0 1
262 15 21 0 1
263 78 21 1 0
264 70 35 0 -1
265 25 0 1 0
266 35 22 -1 0
267 44 28 -1 0
268 53 15 1 0
269 43 37 1 0
270 24 33 0 1
271 90 24 1 0
272 40 38 0 -1
273 37 22 0 -1
274 53 19 0 -1
275 78 22 0 -1
276 39 31 1 0
277 44 13 -1 0
278 24 8 1 0
279 86 7 -1 0
280 31 20 1 0
281 31 6 0 1
282 37 21 1 0
283 5 0 1 0
284 58 24 0 1
285 23 5 0 -1
286 74 15 0 1
287 79 3 0 -1
288 51 38 -1 0
289 41 23 -1 0
290 30 35 -1 0
291 28 10 -1 0
292 24 2 -1 0
293 46 23 1 0
294 27 36 1 0
295 38 11 0 -1
296 29 19 1 0
297 6 2 0 -1
298 27 34 0 1
299 12 20 -1 0
300 25 1 0 -1
301 29 37 -1 0
302 38 10 0 -1
303 41 0 1 0
304 40 29 1 0
305 75 21 1 0
306 93 38 0 -1
307 38 27 0 1
308 40 29 0 1
309 9 24 0 1
310 31 36 -1 0
311 98 37 -1 0
312 31 39 0 -1
313 36 4 1 0
314 30 20 1 0
315 28 38 -1 0
316 39 0 0 1
317 27 8 0 1
318 29 30 0 -1
319 0 9 0 1
320 20 6 1 0
321 27 3 1 0
322 39 1 0 -1
323 29 32 1 0
324 43 35 1 0
325 73 15 1 0
326 80 17 0 -1
327 89 29 -1 0
328 37 15 1 0
329 31 5 1 0
330 0 13 1 0
331 61 17 0 -1
332 14 12 0 1
333 45 18 0 1
334 59 7 -1 0
335 68 17 -1 0
336 21 34 0 1
337 78 10 1 0
338 64 25 1 0
339 25 12 -1 0
340 2 7 0 -1
341 12 16 0 -1
342 43 0 0 1
343 37 13 0 -1
344 30 1 0 1
345 84 23 0 1
346 37 22 1 0
347 79 15 -1 0
348 60 14 0 -1
349 43 26 0 -1
350 22 39 0 -1
351 42 39 -1 0
352 27 10 0 -1
353 43 37 0 -1
354 99 16 0 1
355 43 31 0 -1
356 11 1 -1 0
357 30 22 0 1
358 40 31 1 0
359 36 19 1 0
360 96 19 -1 0
361 28 8 -1 0
362 31 14 0 1
363 31 11 0 -1
364 22 26 1 0
365 23 15 -1 0
366 25 38 1 0
367 38 18 -1 0
368 41 29 0 1
369 27 34 1 0
370 31 11 0 -1
371 38 30 1 0
372 37 10 0 1
373 99 27 -1 0
374 26 30 0 1
375 66 2 1 0
376 12 3 0 -1
377 29 37 0 -1
378 64 4 -1 0
379 37 11 1 0
380 27 35 0 1
381 27 29 1 0
382 28 35 -1 0
383 30 14 0 1
384 35 12 0 -1
385 40 0 -1 0
386 34 30 0 1
387 35 28 0 -1
388 85 1 0 1
389 39 10 0 1
390 18 10 0 -1
391 44 2 0 1
392 38 24 0 -1
393 81 6 0 -1
394 25 28 0 -1
395 93 23 0 1
396 9 11 -1 0
397 90 15 0 -1
398 9 30 -1 0
399 65 10 0 1
400 36 21 -1 0
401 98 12 1 0
402 51 17 0 -1
403 25 32 -1 0
404 22 8 1 0
405 41 2 -1 0
406 25 10 1 0
407 23 0 0 -1
408 29 33 1 0
409 42 28 1 0
410 68 34 0 1
411 42 30 0 1
412 24 39 0 -1
413 86 32 0 1
414 44 0 -1 0
415 78 1 0 1
416 24 35 -1 0
417 39 15 0 1
418 35 21 1 0
419 38 17 0 -1
420 39 35 0 -1
421 28 0 -1 0
422 37 23 0 1
423 70 17 1 0
424 27 9 1 0
425 38 24 -1 0
426 54 7 1 0
427 44 28 1 0
428 78 24 1 0
429 27 23 0 -1
430 58 35 -1 0
431 41 7 -1 0
432 30 17 -1 0
433 5 7 1 0
434 1 28 0 1
435 47 11 -1 0
436 98 7 0 1
437 39 11 -1 0
438 38 17 -1 0
439 25 12 1 0
440 64 17 1 0
441 27 33 0 -1
442 41 32 0 -1
443 43 33 -1 0
444 40 4 0 -1
445 27 3 0 -1
446 71 18 0 -1
447 38 14 1 0
448 31 12 1 0
449 12 37 1 0
450 86 4 0 1
451 41 35 -1 0
452 4 39 -1 0
453 25 35 0 -1
454 24 6 1 0
455 28 35 0 1
456 17 1 0 1
457 42 24 0 1
458 27 32 -1 0
459 32 26 1 0
460 30 37 0 1
461 53 38 0 -1
462 84 15 -1 0
463 16 31 0 -1
464 25 0 0 -1
465 42 33 0 -1
466 30 8 0 -1
467 20 1 -1 0
468 99 34 0 1
469 1 2 1 0
470 22 30 1 0
471 26 34 0 -1
472 40 14 0 1
473 7 38 0 1
474 52 22 -1 0
475 40 28 0 1
476 18 36 0 -1
477 28 15 0 -1
478 68 28 1 0
479 26 16 1 0
480 37 0 -1 0
481 27 1 0 1
482 30 35 0 1
483 14 11 0 1
484 26 39 0 1
485 21 37 1 0
486 38 12 0 -1
487 27 11 0 -1
488 44 25 0 -1
489 27 11 0 -1
490 79 38 -1 0
491 47 37 -1 0
492 3 35 1 0
493 40 36 -1 0
494 27 11 1 0
495 22 15 0 1
496 8 14 1 0
497 6 24 0 -1
498 62 23 0 1
499 26 27 0 1
500 32 9 0 1
501 36 22 1 0
502 36 27 0 -1
503 21 36 1 0
504 60 0 1 0
505 28 4 1 0
506 25 37 -1 0
507 21 31 0 -1
508 40 0 -1 0
509 74 8 0 -1
510 48 22 0 1
511 90 38 0 -1
512 37 31 -1 0
513 27 18 0 -1
514 39 27 -1 0
515 17 6 0 -1
516 18 22 0 1
517 22 12 -1 0
518 32 29 0 1
519 91 2 0 -1
520 78 18 -1 0
521 38 14 0 1
522 35 18 0 1
523 25 17 0 1
524 26 31 0 1
525 43 5 1 0
526 22 37 0 -1
527 52 6 0 -1
528 13 13 1 0
529 73 14 1 0
530 48 37 0 1
531 32 19 0 -1
532 31 34 0 -1
533 69 20 0 -1
534 6 6 -1 0
535 31 35 0 1
536 42 31 0 1
537 54 4 0 -1
538 35 20 0 1
539 86 31 0 1
540 30 26 0 -1
541 8 27 -1 0
542 40 32 1 0
543 26 10 0 -1
544 99 22 0 -1
545 57 15 -1 0
546 38 14 -1 0
547 96 21 0 1
548 70 19 0 -1
549 38 15 1 0
550 26 33 0 1
551 36 34 1 0
552 42 23 -1 0
553 53 35 -1 0
554 21 27 -1 0
555 48 1 1 0
556 31 19 0 -1
557 7 28 0 1
558 71 35 1 0
559 22 35 0 1
560 41 17 0 -1
561 39 19 0 -1
562 41 9 -1 0
563 28 17 1 0
564 44 36 1 0
565 25 18 1 0
566 40 39 -1 0
567 37 34 -1 0
568 23 16 0 1
569 36 12 0 1
570 32 33 0 1
571 12 20 0 -1
572 60 4 0 1
573 31 10 1 0
574 23 6 0 -1
575 13 33 1 0
576 23 13 1 0
577 36 17 1 0
578 18 9 -1 0
579 39 25 -1 0
580 35 5 1 0
581 56 26 0 -1
582 27 10 0 -1
583 44 25 -1 0
584 28 17 1 0
585 24 34 0 1
586 21 21 1 0
587 28 34 0 1
588 42 38 -1 0
589 22 38 0 -1
590 26 16 -1 0
591 64 37 0 1
592 40 27 0 1
593 25 31 1 0
594 38 19 0 -1
595 20 33 0 -1
596 43 24 0 1
597 4 5 1 0
598 31 7 -1 0
599 15 34 1 0
600 35 21 0 1
601 84 13 -1 0
602 57 7 -1 0
603 23 13 0 1
604 32 9 0 1
605 26 7 0 1
606 78 6 1 0
607 66 0 -1 0
608 32 13 1 0
609 8 37 1 0
610 25 35 0 1
611 98 7 0 1
612 60 32 0 1
613 80 30 1 0
614 40 31 0 1
615 21 38 -1 0
616 96 23 0 1
617 29 38 0 1
618 81 29 1 0
619 48 34 0 -1
620 8 30 0 1
621 44 27 0 1
622 23 21 0 -1
623 20 24 1 0
624 42 26 -1 0
625 49 32 0 -1
626 90 9 -1 0
627 43 8 0 -1
628 37 15 0 1
629 28 33 -1 0
630 31 4 0 1
631 3 0 -1 0
632 43 34 -1 0
633 0 34 -1 0
634 25 6 0 -1
635 49 6 -1 0
636 32 14 1 0
637 94 34 0 1
638 86 18 1 0
639 78 14 1 0
640 22 5 -1 0
641 31 13 0 -1
642 28 30 1 0
643 29 35 -1 0
644 36 14 0 1
645 39 15 0 1
646 41 30 1 0
647 53 36 0 -1
648 39 38 0 1
649 40 24 0 1
650 35 23 0 1
651 25 29 -1 0
652 24 11 0 -1
653 32 16 -1 0
654 13 3 1 0
655 23 6 1 0
656 27 13 1 0
657 11 29 0 1
658 93 34 1 0
659 34 22 1 0
660 88 3 -1 0
661 91 38 -1 0
662 94 14 -1 0
663 2 35 -1 0
664 25 9 1 0
665 27 33 1 0
666 32 18 0 1
667 40 16 1 0
668 28 16 0 1
669 22 33 1 0
670 5 38 1 0
671 89 17 1 0
672 19 1 1 0
673 39 36 0 1
674 5 19 1 0
675 55 31 0 1
676 37 7 -1 0
677 3 0 0 1
678 30 12 1 0
679 26 38 1 0
680 50 21 1 0
681 66 39 -1 0
682 18 36 1 0
683 1 31 0 1
684 52 14 0 -1
685 52 29 -1 0
686 49 30 0 -1
687 24 36 0 1
688 37 9 0 1
689 41 0 0 -1
690 81 1 0 -1
691 25 29 1 0
692 51 2 -1 0
693 28 5 1 0
694 5 19 1 0
695 25 38 0 1
696 23 28 0 -1
697 31 14 0 -1
698 80 10 0 1
699 18 38 0 -1
700 69 8 -1 0
701 50 22 0 -1
702 31 31 0 -1
703 25 26 1 0
704 43 6 1 0
705 26 20 0 1
706 23 13 0 1
707 30 1 0 1
708 75 22 0 -1
709 98 5 -1 0
710 77 16 -1 0
711 39 29 1 0
712 98 17 0 1
713 64 18 1 0
714 7 7 0 1
715 39 13 1 0
716 24 32 0 1
717 43 10 0 -1
718 30 34 0 1
719 63 39 1 0
720 19 11 1 0
721 32 8 -1 0
722 5 32 0 -1
723 30 17 0 -1
724 22 36 0 1
725 48 17 1 0
726 36 16 0 -1
727 29 1 -1 0
728 39 17 0 1
729 47 28 -1 0
730 29 7 -1 0
731 57 11 1 0
732 28 14 0 1
733 46 24 -1 0
734 21 10 1 0
735 83 37 -1 0
736 28 0 0 -1
737 31 13 0 -1
738 27 17 1 0
739 60 27 0 -1
740 39 26 -1 0
741 39 17 0 -1
742 45 31 -1 0
743 17 25 1 0
744 10 0 0 -1
745 32 9 -1 0
746 42 32 -1 0
747 26 31 -1 0
748 14 14 0 -1
749 68 3 0 -1
750 16 20 1 0
751 94 23 -1 0
752 7 23 1 0
753 30 2 1 0
754 42 0 0 1
755 93 4 0 1
756 36 28 0 -1
757 85 17 -1 0
758 43 5 -1 0
759 36 14 -1 0
760 3 7 1 0
761 95 21 1 0
762 11 38 0 1
763 11 10 1 0
764 39 32 0 1
765 93 25 0 -1
766 39 33 0 1
767 39 33 0 1
768 39 37 1 0
769 8 23 -1 0
770 96 38 0 1
771 29 16 0 -1
772 38 20 1 0
773 30 31 1 0
774 62 22 1 0
775 8 1 0 -1
776 16 14 0 -1
777 38 8 1 0
778 40 39 -1 0
779 29 2 1 0
780 97 12 0 1
781 23 2 0 -1
782 77 10 1 0
783 78 3 -1 0
784 29 10 0 -1
785 30 2 0 1
786 68 39 0 -1
787 35 32 -1 0
788 5 35 0 1
789 36 34 0 1
790 90 9 -1 0
791 40 1 -1 0
792 89 11 -1 0
793 73 16 -1 0
794 44 27 1 0
795 5 39 0 -1
796 28 1 0 -1
797 11 11 0 -1
798 23 14 1 0
799 38 9 0 1
800 19 36 0 1
801 60 13 -1 0
802 36 17 0 -1
803 36 25 1 0
804 5 31 -1 0
805 21 4 0 -1
806 2 12 0 1
807 16 16 0 1
808 36 11 0 -1
809 41 34 -1 0
810 26 19 1 0
811 45 18 0 1
812 32 16 0 1
813 18 27 0 1
814 20 1 0 1
815 28 16 -1 0
816 11 11 1 0
817 37 15 0 1
818 47 36 0 1
819 38 24 -1 0
820 54 3 0 1
821 45 22 -1 0
822 48 32 0 1
823 91 30 1 0
824 36 12 1 0
825 46 9 -1 0
826 91 9 0 -1
827 26 9 1 0
828 8 28 1 0
829 13 33 -1 0
830 37 16 0 1
831 39 14 0 1
832 25 0 0 1
833 76 37 -1 0
834 30 7 1 0
835 29 11 0 -1
836 35 17 -1 0
837 55 33 0 1
838 31 37 0 -1
839 30 9 -1 0
840 32 12 -1 0
841 1 16 0 -1
842 59 9 0 1
843 6 18 1 0
844 37 22 0 -1
845 39 4 0 -1
846 34 33 -1 0
847 39 10 -1 0
848 29 35 1 0
849 86 13 0 -1
850 30 29 1 0
851 13 25 0 -1
852 26 23 1 0
853 40 34 0 -1
854 44 30 -1 0
855 39 29 0 -1
856 27 25 1 0
857 52 23 0 -1
858 11 17 0 -1
859 37 20 1 0
860 11 25 1 0
861 25 32 -1 0
862 31 7 0 1
863 40 9 0 1
864 40 13 0 1
865 18 35 0 1
866 26 33 0 1
867 47 22 0 1
868 37 19 1 0
869 30 15 0 -1
870 24 33 -1 0
871 7 15 0 1
872 39 1 0 -1
873 40 37 0 -1
874 25 22 0 1
875 10 2 0 -1
876 14 29 -1 0
877 21 10 1 0
878 61 10 -1 0
879 26 35 1 0
880 24 29 0 -1
881 96 32 0 -1
882 95 35 1 0
883 25 36 0 1
884 29 28 -1 0
885 37 21 0 1
886 53 36 -1 0
887 87 16 0 -1
888 1 17 0 -1
889 19 37 -1 0
890 21 24 0 -1
891 4 0 1 0
892 52 11 -1 0
893 5 20 0 -1
894 77 2 1 0
895 8 19 1 0
896 44 28 0 -1
897 50 1 -1 0
898 19 6 0 -1
899 10 39 -1 0
900 46 22 0 1
901 27 39 0 1
902 35 22 0 -1
903 26 14 -1 0
904 31 8 1 0
905 84 17 0 -1
906 95 39 0 1
907 79 23 0 -1
908 32 4 0 1
909 38 13 0 -1
910 91 32 0 1
911 91 10 0 -1
912 9 2 0 -1
913 80 24 0 1
914 22 8 1 0
915 26 24 0 1
916 29 9 0 -1
917 27 14 -1 0
918 31 10 -1 0
919 46 21 0 1
920 32 15 0 -1
921 49 22 0 1
922 14 8 0 -1
923 68 8 1 0
924 7 18 0 1
925 34 39 -1 0
926 61 13 0 1
927 25 36 -1 0
928 2 39 -1 0
929 46 27 0 1
930 26 20 0 1
931 92 25 1 0
932 46 32 1 0
933 93 29 -1 0
934 31 7 -1 0
935 41 19 -1 0
936 72 30 1 0
937 33 37 -1 0
938 1 37 0 -1
939 38 12 -1 0
940 94 17 0 -1
941 21 8 1 0
942 45 20 0 -1
943 66 5 0 1
944 17 38 0 -1
945 41 13 0 1
946 41 37 1 0
947 6 23 1 0
948 82 0 0 -1
949 45 24 -1 0
950 37 8 0 1
951 66 34 0 -1
952 31 10 0 1
953 45 38 0 1
954 2 18 1 0
955 39 38 0 1
956 12 2 0 1
957 98 17 -1 0
958 41 31 0 1
959 8 37 -1 0
960 29 13 -1 0
961 18 15 0 1
962 32 17 -1 0
963 42 0 -1 0
964 86 36 0 1
965 39 22 0 -1
966 57 10 -1 0
967 56 32 0 1
968 24 16 -1 0
969 52 13 0 -1
970 32 4 1 0
971 29 6 -1 0
972 11 3 0 1
973 30 23 1 0
974 22 37 0 -1
975 0 29 -1 0
976 77 6 -1 0
977 43 17 -1 0
978 21 8 -1 0
979 13 23 0 1
980 28 33 -1 0
981 19 20 0 1
982 29 39 0 -1
983 39 9 0 1
984 39 39 0 1
985 68 26 0 1
986 25 32 1 0
987 11 37 0 1
988 40 31 1 0
989 40 34 0 1
990 43 30 -1 0
991 23 35 0 1
992 39 18 0 -1
993 26 38 1 0
994 59 28 0 1
995 23 7 0 -1
996 57 34 1 0
997 90 13 -1 0
998 42 32 -1 0
999 36 17 1 0
1000 43 26 0 1
1001 28 36 1 0
1002 9 28 0 1
1003 31 30 0 1
1004 40 10 0 1
1005 24 36 0 -1
1006 40 34 -1 0
1007 2 37 0 -1
1008 41 10 0 1
1009 42 31 -1 0
1010 72 5 1 0
1011 26 37 0 1
1012 37 29 1 0
1013 41 35 -1 0
1014 63 3 -1 0
1015 17 19 0 -1
1016 22 36 0 1
1017 26 0 -1 0
1018 55 5 0 1
1019 69 29 0 1
1020 41 4 0 1
1021 6 11 0 1
1022 41 0 1 0
1023 25 20 0 1
1024 39 14 0 1
1025 56 10 -1 0
1026 60 5 1 0
1027 25 1 1 0
1028 26 18 0 1
1029 37 23 0 1
1030 51 39 1 0
1031 31 6 0 1
1032 30 38 0 -1
1033 75 13 1 0
1034 47 8 0 1
1035 30 0 -1 0
1036 43 31 -1 0
1037 43 31 -1 0
1038 88 2 -1 0
1039 41 39 -1 0
1040 6 24 0 -1
1041 22 20 0 1
1042 35 17 0 1
1043 28 6 0 1
1044 96 20 -1 0
1045 40 6 1 0
1046 22 38 0 -1
1047 21 15 1 0
1048 45 24 0 -1
1049 48 25 0 1
1050 29 15 -1 0
1051 51 23 1 0
1052 25 2 0 -1
1053 3 19 -1 0
1054 28 39 0 -1
1055 45 28 -1 0
1056 1 6 1 0
1057 42 15 1 0
1058 29 9 0 -1
1059 40 32 -1 0
1060 28 8 0 1
1061 30 0 0 -1
1062 34 14 0 -1
1063 25 28 1 0
1064 13 0 0 -1
1065 74 20 0 -1
1066 25 24 0 1
1067 85 22 -1 0
1068 87 38 0 1
1069 28 34 0 -1
1070 80 1 0 -1
1071 3 11 -1 0
1072 95 19 0 1
1073 27 15 -1 0
1074 39 21 0 -1
1075 25 23 0 -1
1076 28 23 1 0
1077 99 28 -1 0
1078 29 6 0 1
1079 7 3 -1 0
1080 25 23 1 0
1081 25 35 0 1
1082 45 2 -1 0
1083 39 3 -1 0
1084 2 25 0 -1
1085 88 3 0 -1
1086 99 39 1 0
1087 97 25 0 -1
1088 49 29 -1 0
1089 27 1 0 -1
1090 31 9 -1 0
1091 65 21 1 0
1092 37 9 0 1
1093 33 12 -1 0
1094 49 9 -1 0
1095 39 19 -1 0
1096 24 35 0 1
1097 22 6 1 0
1098 97 14 1 0
1099 62 28 1 0
1100 36 27 -1 0
1101 94 33 -1 0
1102 76 22 -1 0
1103 36 19 0 1
1104 24 23 1 0
1105 29 0 1 0
1106 59 4 0 1
1107 30 6 -1 0
1108 29 35 -1 0
1109 28 29 -1 0
1110 99 6 1 0
1111 32 15 -1 0
1112 29 34 0 1
1113 47 4 0 1
1114 19 30 0 -1
1115 42 30 0 1
1116 54 11 0 -1
1117 65 13 0 -1
1118 11 13 0 -1
1119 37 12 1 0
1120 54 21 1 0
1121 53 37 -1 0
1122 91 6 0 1
1123 88 24 0 -1
1124 38 38 1 0
1125 73 19 0 1
1126 29 15 1 0
1127 31 28 0 1
1128 83 6 0 -1
1129 65 34 0 1
1130 61 38 0 1
1131 38 13 1 0
1132 98 8 0 1
1133 5 13 0 -1
1134 39 35 0 1
1135 4 0 0 1
1136 13 23 1 0
1137 22 28 -1 0
1138 72 35 -1 0
1139 26 34 1 0
1140 84 32 1 0
1141 11 15 0 1
1142 28 11 -1 0
1143 51 12 1 0
1144 39 13 0 1
1145 40 38 -1 0
1146 31 29 -1 0
1147 61 26 0 1
1148 24 3 -1 0
1149 31 32 0 -1
1150 34 1 -1 0
1151 45 36 1 0
1152 28 29 0 -1
1153 3 30 0 1
1154 18 10 -1 0
1155 86 3 0 1
1156 2 29 0 1
1157 71 7 0 1
1158 40 37 1 0
1159 44 4 0 -1
1160 38 18 1 0
1161 0 20 1 0
1162 9 27 0 1
1163 36 15 -1 0
1164 27 35 0 -1
1165 85 3 1 0
1166 41 10 1 0
1167 29 28 0 -1
1168 36 18 0 1
1169 36 18 0 1
1170 28 37 0 1
1171 16 38 -1 0
1172 65 10 -1 0
1173 26 2 0 -1
1174 35 23 0 -1
1175 65 20 0 -1
1176 42 10 0 -1
1177 2 29 1 0
1178 43 32 -1 0
1179 27 9 -1 0
1180 51 25 0 -1
1181 29 11 -1 0
1182 30 18 0 -1
1183 42 3 -1 0
1184 92 39 -1 0
1185 51 0 -1 0
1186 43 30 0 1
1187 94 28 0 1
1188 19 1 1 0
1189 10 38 -1 0
1190 96 35 -1 0
1191 46 15 0 1
1192 96 14 0 1
1193 36 32 -1 0
1194 37 8 1 0
1195 65 19 0 -1
1196 29 29 1 0
1197 52 3 0 -1
1198 16 37 -1 0
1199 38 16 0 1
1200 17 23 -1 0
1201 28 11 0 -1
1202 36 26 0 -1
1203 41 10 -1 0
1204 41 29 -1 0
1205 48 26 0 1
1206 16 22 1 0
1207 29 12 0 -1
1208 20 15 0 1
1209 65 3 -1 0
1210 31 15 1 0
1211 30 18 -1 0
1212 23 21 0 -1
1213 82 30 0 1
1214 39 5 0 1
1215 23 7 0 -1
1216 35 31 0 1
1217 64 5 1 0
1218 98 27 0 -1
1219 51 34 0 -1
1220 41 28 0 1
1221 59 15 -1 0
1222 29 9 -1 0
1223 41 14 0 -1
1224 23 29 0 -1
1225 5 23 0 1
1226 40 29 0 1
1227 20 21 -1 0
1228 38 16 0 -1
1229 27 7 1 0
1230 22 35 -1 0
1231 37 34 -1 0
1232 42 27 -1 0
1233 35 21 0 1
1234 40 8 0 1
1235 43 16 -1 0
1236 13 14 -1 0
1237 19 7 0 -1
1238 36 1 0 -1
1239 5 20 0 -1
1240 43 35 1 0
1241 23 30 1 0
1242 32 31 0 1
1243 42 39 0 -1
1244 1 14 1 0
1245 40 36 0 -1
1246 39 34 0 1
1247 83 1 0 -1
1248 81 13 0 -1
1249 86 33 0 1
1250 47 19 0 1
1251 6 29 -1 0
1252 47 21 0 -1
1253 61 2 0 1
1254 41 24 -1 0
1255 38 11 -1 0
1256 42 5 1 0
1257 36 20 0 -1
1258 79 15 0 -1
1259 41 12 0 -1
1260 28 36 -1 0
1261 25 15 1 0
1262 26 35 0 -1
1263 91 23 0 -1
1264 54 12 -1 0
1265 41 3 -1 0
1266 20 16 -1 0
1267 2 34 -1 0
1268 72 17 1 0
1269 78 28 0 -1
1270 19 8 1 0
1271 31 29 0 1
1272 39 34 0 1
1273 85 29 0 -1
1274 46 36 0 -1
1275 28 10 1 0
1276 2 1 0 1
1277 2 29 0 -1
1278 83 11 -1 0
1279 41 30 -1 0
1280 84 20 -1 0
1281 37 10 0 -1
1282 24 35 0 -1
1283 97 33 -1 0
1284 85 31 0 -1
1285 94 1 1 0
1286 98 21 0 1
1287 26 36 0 1
1288 37 16 1 0
1289 54 34 0 1
1290 75 28 -1 0
1291 53 31 0 1
1292 23 17 1 0
1293 49 33 0 -1
1294 36 22 0 1
1295 38 8 0 1
1296 36 15 1 0
1297 20 15 -1 0
1298 27 1 -1 0
1299 30 16 1 0
1300 24 24 1 0
1301 4 6 -1 0
1302 53 32 -1 0
1303 29 4 1 0
1304 19 10 0 -1
1305 23 37 1 0
1306 37 17 -1 0
1307 27 16 1 0
1308 40 33 1 0
1309 72 18 0 -1
1310 36 24 1 0
1311 41 15 0 -1
1312 24 2 1 0
1313 32 14 -1 0
1314 27 38 0 -1
1315 35 27 -1 0
1316 76 38 1 0
1317 8 23 0 -1
1318 57 8 0 -1
1319 27 9 -1 0
1320 32 15 -1 0
1321 97 0 0 1
1322 55 35 0 -1
1323 71 31 -1 0
1324 42 19 1 0
1325 25 18 1 0
1326 28 8 0 1
1327 49 17 -1 0
1328 36 24 0 -1
1329 40 15 0 -1
1330 58 20 -1 0
1331 38 1 1 0
1332 27 38 1 0
1333 10 35 -1 0
1334 46 36 0 1
1335 93 12 0 -1
1336 24 39 1 0
1337 35 4 -1 0
1338 71 20 -1 0
1339 75 31 0 1
1340 28 32 1 0
1341 12 13 0 1
1342 31 19 0 -1
1343 25 34 0 1
1344 24 0 -1 0
1345 28 15 0 1
1346 43 32 -1 0
1347 78 37 -1 0
1348 36 29 0 1
1349 29 24 1 0
1350 29 11 -1 0
1351 18 8 1 0
1352 39 0 0 1
1353 81 1 -1 0
1354 28 20 1 0
1355 95 8 -1 0
1356 41 1 -1 0
1357 44 15 -1 0
1358 40 25 0 1
1359 90 38 -1 0
1360 31 18 -1 0
1361 25 37 1 0
1362 23 37 0 1
1363 91 0 -1 0
1364 97 29 0 -1
1365 19 7 0 1
1366 19 2 0 1
1367 85 23 1 0
1368 39 12 0 1
1369 36 23 -1 0
1370 31 5 0 1
1371 85 38 1 0
1372 10 17 0 -1
1373 79 22 1 0
1374 44 0 -1 0
1375 23 38 1 0
1376 43 14 -1 0
1377 22 35 1 0
1378 41 32 -1 0
1379 2 0 1 0
1380 41 33 0 -1
1381 32 10 1 0
1382 37 26 0 -1
1383 30 2 0 -1
1384 98 3 0 -1
1385 52 26 1 0
1386 37 12 0 1
1387 44 39 0 -1
1388 78 38 -1 0
1389 41 34 0 -1
1390 65 38 1 0
1391 46 12 0 1
1392 22 3 1 0
1393 90 36 -1 0
1394 95 24 0 -1
1395 16 7 0 1
1396 77 9 0 -1
1397 72 21 -1 0
1398 47 6 -1 0
1399 49 38 1 0
1400 19 30 1 0
1401 42 31 1 0
1402 23 14 0 1
1403 11 15 1 0
1404 41 14 0 1
1405 83 14 0 1
1406 24 7 0 -1
1407 38 29 0 -1
1408 29 36 0 -1
1409 40 9 -1 0
1410 28 18 1 0
1411 80 15 -1 0
1412 66 24 1 0
1413 24 5 0 -1
1414 7 34 0 -1
1415 28 10 0 -1
1416 41 31 0 1
1417 21 20 0 1
1418 57 35 0 1
1419 21 19 0 1
1420 40 27 0 1
1421 46 36 1 0
1422 12 37 0 -1
1423 42 16 -1 0
1424 22 13 0 -1
1425 28 29 0 1
1426 22 2 1 0
1427 41 26 0 1
1428 40 6 0 1
1429 64 21 -1 0
1430 29 29 1 0
1431 43 22 0 1
1432 44 10 1 0
1433 77 30 1 0
1434 26 36 -1 0
1435 9 35 1 0
1436 38 38 -1 0
1437 37 18 0 -1
1438 2 24 0 1
1439 35 26 -1 0
1440 30 32 0 1
1441 86 39 0 -1
1442 52 3 -1 0
1443 47 23 1 0
1444 25 16 1 0
1445 70 38 1 0
1446 8 29 1 0
1447 99 10 0 1
1448 36 26 0 1
1449 88 35 0 -1
1450 31 12 0 1
1451 38 30 -1 0
1452 30 15 0 -1
1453 28 7 0 1
1454 61 23 -1 0
1455 91 24 0 -1
1456 84 37 -1 0
1457 45 28 0 -1
1458 29 39 0 -1
1459 30 39 -1 0
1460 62 5 0 -1
1461 98 10 1 0
1462 21 3 1 0
1463 28 38 1 0
1464 11 12 -1 0
1465 27 16 0 -1
1466 17 22 -1 0
1467 25 36 0 1
1468 14 14 0 1
1469 29 19 0 -1
1470 20 18 0 1
1471 19 6 -1 0
1472 3 0 -1 0
1473 46 20 0 1
1474 88 15 1 0
1475 44 30 0 1
1476 28 37 0 1
1477 63 34 0 -1
1478 41 37 -1 0
1479 46 2 0 -1
1480 31 33 1 0
1481 41 28 0 1
1482 30 9 -1 0
1483 0 13 0 1
1484 44 22 0 1
1485 10 35 1 0
1486 9 35 -1 0
1487 70 19 1 0
1488 28 36 0 1
1489 29 19 1 0
1490 30 3 0 -1
1491 14 24 0 -1
1492 46 10 0 1
1493 38 12 0 -1
1494 81 3 1 0
1495 94 27 0 1
1496 38 30 1 0
1497 44 20 0 -1
1498 29 33 0 1
1499 84 3 0 -1
1500 30 19 0 -1
1501 45 23 -1 0
1502 23 39 1 0
1503 38 22 0 -1
1504 47 20 -1 0
1505 42 33 -1 0
1506 4 1 0 -1
1507 36 36 1 0
1508 35 32 1 0
1509 36 27 0 -1
1510 2 24 1 0
1511 4 28 0 -1
1512 41 8 0 -1
1513 11 9 0 -1
1514 48 6 0 1
1515 40 30 -1 0
1516 28 13 -1 0
1517 13 35 -1 0
1518 43 3 1 0
1519 34 22 0 -1
1520 35 20 -1 0
1521 19 31 1 0
1522 30 34 1 0
1523 31 39 -1 0
1524 89 5 1 0
1525 50 7 -1 0
1526 39 29 1 0
1527 37 17 1 0
1528 39 38 0 1
1529 65 8 -1 0
1530 72 27 0 -1
1531 40 24 -1 0
1532 38 21 0 1
1533 24 4 0 1
1534 38 7 0 1
1535 44 9 0 1
1536 27 39 0 1
1537 49 16 1 0
1538 44 12 0 1
1539 38 10 0 1
1540 21 17 0 1
1541 96 20 -1 0
1542 40 19 -1 0
1543 91 31 1 0
1544 2 23 0 1
1545 13 33 1 0
1546 49 17 0 -1
1547 45 32 0 -1
1548 56 39 0 -1
1549 23 0 0 -1
1550 44 32 0 -1
1551 68 7 0 -1
1552 38 8 -1 0
1553 35 23 -1 0
1554 75 32 1 0
1555 43 24 0 1
1556 41 29 0 1
1557 41 18 0 1
1558 85 26 0 -1
1559 38 27 1 0
1560 3 26 0 -1
1561 39 26 0 1
1562 20 11 1 0
1563 1 15 1 0
1564 18 10 -1 0
1565 31 9 -1 0
1566 29 0 1 0
1567 75 31 -1 0
1568 79 33 0 -1
1569 35 19 0 1
1570 31 34 1 0
1571 37 24 -1 0
1572 22 28 1 0
1573 39 28 0 1
1574 15 11 1 0
1575 72 11 -1 0
1576 15 27 0 -1
1577 0 34 -1 0
1578 32 17 0 1
1579 42 39 0 1
1580 86 8 1 0
1581 36 4 1 0
1582 51 11 -1 0
1583 19 24 1 0
1584 1 8 1 0
1585 41 23 0 -1
1586 66 5 -1 0
1587 39 15 -1 0
1588 29 14 0 1
1589 65 38 0 -1
1590 20 0 -1 0
1591 23 32 1 0
1592 31 29 0 1
1593 19 34 -1 0
1594 39 22 0 -1
1595 40 7 1 0
1596 30 7 1 0
1597 42 24 1 0
1598 31 15 0 -1
1599 37 23 0 -1
1600 40 13 0 1
1601 51 31 1 0
1602 26 11 0 -1
1603 48 11 1 0
1604 26 33 0 1
1605 27 33 1 0
1606 31 17 1 0
1607 70 23 -1 0
1608 41 5 -1 0
1609 85 5 -1 0
1610 27 8 0 1
1611 14 14 0 1
1612 20 9 1 0
1613 20 7 -1 0
1614 24 34 1 0
1615 20 37 1 0
1616 73 39 -1 0
1617 73 37 0 -1
1618 24 24 0 1
1619 39 23 -1 0
1620 24 23 0 -1
1621 94 30 0 1
1622 21 21 0 1
1623 47 5 0 -1
1624 27 7 0 1
1625 59 32 0 -1
1626 13 1 -1 0
1627 28 7 1 0
1628 35 19 1 0
1629 46 22 0 1
1630 25 14 0 1
1631 28 23 1 0
1632 99 13 0 1
1633 29 8 -1 0
1634 85 0 0 -1
1635 26 36 -1 0
1636 45 11 0 -1
1637 23 25 0 1
1638 35 6 0 -1
1639 41 25 -1 0
1640 53 27 0 1
1641 69 6 0 -1
1642 46 38 0 1
1643 27 29 1 0
1644 27 15 0 1
1645 92 35 -1 0
1646 81 36 -1 0
1647 14 22 0 -1
1648 53 37 1 0
1649 31 17 0 1
1650 21 21 0 -1
1651 91 12 0 -1
1652 23 35 0 1
1653 40 2 -1 0
1654 36 12 0 -1
1655 49 4 0 -1
1656 23 15 1 0
1657 22 17 1 0
1658 11 24 0 1
1659 35 18 0 1
1660 36 22 1 0
1661 98 5 0 -1
1662 42 35 -1 0
1663 23 4 0 -1
1664 22 17 0 -1
1665 11 10 0 1
1666 31 14 0 1
1667 35 24 0 -1
1668 3 12 -1 0
1669 30 22 0 1
1670 37 9 1 0
1671 22 39 1 0
1672 13 0 0 1
1673 15 34 0 -1
1674 26 37 -1 0
1675 45 39 1 0
1676 49 15 0 -1
1677 23 18 0 -1
1678 77 28 -1 0
1679 31 26 1 0
1680 77 1 -1 0
1681 93 12 0 -1
1682 27 21 1 0
1683 29 16 0 -1
1684 8 8 0 -1
1685 42 9 0 -1
1686 39 27 0 1
1687 26 9 1 0
1688 24 37 1 0
1689 40 18 0 1
1690 39 28 0 1
1691 43 33 -1 0
1692 8 4 -1 0
1693 61 8 0 -1
1694 26 1 -1 0
1695 68 1 -1 0
1696 39 1 -1 0
1697 4 23 1 0
1698 86 4 0 -1
1699 40 14 -1 0
1700 31 8 1 0
1701 45 2 1 0
1702 37 7 -1 0
1703 38 11 0 -1
1704 30 38 -1 0
1705 29 17 1 0
1706 41 39 0 1
1707 39 39 0 -1
1708 28 17 1 0
1709 11 22 0 -1
1710 88 19 0 1
1711 30 12 -1 0
1712 92 29 0 1
1713 96 35 0 1
1714 20 22 0 -1
1715 90 32 0 1
1716 42 6 0 -1
1717 40 6 -1 0
1718 52 21 1 0
1719 85 33 0 1
1720 30 34 -1 0
1721 41 31 -1 0
1722 54 28 0 -1
1723 96 12 0 -1
1724 67 8 1 0
1725 3 19 1 0
1726 86 20 0 -1
1727 30 15 -1 0
1728 40 38 0 1
1729 19 1 1 0
1730 88 35 0 1
1731 31 3 1 0
1732 38 26 0 1
1733 32 7 0 1
1734 30 35 0 1
1735 25 23 0 -1
1736 39 18 0 -1
1737 27 22 -1 0
1738 39 21 0 -1
1739 36 23 -1 0
1740 96 13 1 0
1741 35 24 1 0
1742 13 22 1 0
1743 26 32 0 1
1744 91 30 0 -1
1745 43 36 0 -1
1746 31 28 1 0
1747 26 2 0 -1
1748 18 7 0 -1
1749 42 38 0 1
1750 43 37 0 1
1751 89 1 0 1
1752 20 2 0 -1
1753 26 22 0 -1
1754 76 15 0 -1
1755 39 2 0 -1
1756 25 33 1 0
1757 80 0 1 0
1758 84 33 -1 0
1759 38 25 -1 0
1760 27 2 0 -1
1761 6 23 0 1
1762 54 27 -1 0
1763 52 31 0 -1
1764 34 0 1 0
1765 18 17 0 -1
1766 38 7 0 1
1767 45 24 0 1
1768 13 36 1 0
1769 34 10 -1 0
1770 30 19 0 -1
1771 99 17 0 -1
1772 27 27 0 -1
1773 95 1 -1 0
1774 29 33 1 0
1775 44 34 1 0
1776 38 16 1 0
1777 9 14 0 -1
1778 41 33 0 1
1779 17 15 -1 0
1780 29 36 0 -1
1781 26 18 0 1
1782 36 24 0 -1
1783 27 8 1 0
1784 95 9 0 1
1785 20 12 0 1
1786 52 11 0 1
1787 22 32 -1 0
1788 48 7 0 -1
1789 25 13 -1 0
1790 38 23 -1 0
1791 84 19 0 -1
1792 78 14 1 0
1793 70 31 1 0
1794 27 16 1 0
1795 37 27 -1 0
1796 83 4 -1 0
1797 30 36 -1 0
1798 26 0 -1 0
1799 31 15 0 -1
1800 27 20 0 -1
1801 77 36 1 0
1802 41 32 0 -1
1803 26 12 -1 0
1804 61 35 -1 0
1805 35 32 0 -1
1806 26 37 0 1
1807 35 6 0 -1
1808 27 0 1 0
1809 49 28 0 1
1810 53 17 -1 0
1811 30 37 -1 0
1812 38 4 0 1
1813 32 12 0 -1
1814 81 29 -1 0
1815 52 29 1 0
1816 27 27 -1 0
1817 41 11 1 0
1818 99 16 0 -1
1819 37 12 0 -1
1820 4 4 0 -1
1821 27 0 0 1
1822 61 32 -1 0
1823 14 32 0 1
1824 10 12 0 -1
1825 91 25 0 1
1826 50 38 1 0
1827 21 27 -1 0
1828 7 2 0 1
1829 49 14 0 1
1830 23 6 1 0
1831 37 32 0 -1
1832 38 31 0 -1
1833 23 36 0 1
1834 39 16 0 1
1835 29 6 1 0
1836 17 1 0 -1
1837 15 7 1 0
1838 47 39 1 0
1839 11 10 -1 0
1840 48 9 0 -1
1841 44 24 1 0
1842 92 33 1 0
1843 23 36 -1 0
1844 40 35 0 -1
1845 19 29 1 0
1846 64 9 1 0
1847 51 5 0 1
1848 37 27 1 0
1849 30 16 -1 0
1850 24 38 -1 0
1851 30 25 -1 0
1852 26 11 1 0
1853 29 1 0 -1
1854 35 24 0 -1
1855 0 3 -1 0
1856 39 39 0 1
1857 63 30 -1 0
1858 30 0 0 1
1859 71 9 0 1
1860 29 5 0 1
1861 38 18 -1 0
1862 43 34 -1 0
1863 27 12 0 -1
1864 74 4 1 0
1865 31 17 0 1
1866 37 24 -1 0
1867 36 25 0 1
1868 93 27 -1 0
1869 47 21 0 -1
1870 21 26 1 0
1871 47 19 1 0
1872 30 12 1 0
1873 26 4 1 0
1874 12 34 1 0
1875 45 28 -1 0
1876 28 22 0 1
1877 38 27 0 1
1878 38 9 0 -1
1879 21 37 1 0
1880 96 20 1 0
1881 35 19 0 1
1882 36 16 0 1
1883 80 39 0 1
1884 25 14 1 0
1885 22 25 1 0
1886 36 8 1 0
1887 50 11 0 1
1888 14 16 0 1
1889 40 28 -1 0
1890 55 20 1 0
1891 38 4 -1 0
1892 93 29 0 -1
1893 25 15 0 1
1894 10 15 -1 0
1895 35 9 -1 0
1896 26 39 0 1
1897 22 0 1 0
1898 18 39 0 1
1899 45 0 0 -1
1900 29 10 0 -1
1901 6 9 0 -1
1902 56 25 -1 0
1903 24 37 0 1
1904 28 15 -1 0
1905 48 31 -1 0
1906 23 19 0 1
1907 76 14 0 1
1908 25 7 0 -1
1909 30 11 1 0
1910 25 39 0 -1
1911 62 19 1 0
1912 36 16 -1 0
1913 0 30 0 -1
1914 37 28 1 0
1915 32 12 0 1
1916 24 9 -1 0
1917 76 32 -1 0
1918 65 2 1 0
1919 26 8 0 1
1920 25 17 1 0
1921 43 36 1 0
1922 19 4 1 0
1923 39 4 -1 0
1924 65 10 -1 0
1925 27 36 0 -1
1926 48 19 -1 0
1927 21 34 1 0
1928 34 2 0 -1
1929 2 21 0 -1
1930 14 11 0 -1
1931 63 1 0 1
1932 38 37 1 0
1933 90 18 0 -1
1934 41 26 0 -1
1935 37 11 -1 0
1936 37 18 0 -1
1937 25 16 1 0
1938 28 16 0 -1
1939 14 13 0 -1
1940 22 20 -1 0
1941 88 20 0 1
1942 27 14 0 1
1943 29 0 1 0
1944 0 1 1 0
1945 25 1 0 -1
1946 66 15 0 -1
1947 42 5 0 1
1948 26 8 1 0
1949 96 23 0 1
1950 18 21 0 -1
1951 6 9 0 -1
1952 34 21 1 0
1953 12 30 0 1
1954 11 17 1 0
1955 76 0 0 1
1956 32 30 -1 0
1957 93 35 -1 0
1958 94 34 1 0
1959 42 6 0 -1
1960 26 18 1 0
1961 28 34 0 1
1962 38 19 -1 0
1963 22 7 0 -1
1964 83 2 -1 0
1965 29 38 0 1
1966 41 22 -1 0
1967 28 1 1 0
1968 68 17 -1 0
1969 37 26 1 0
1970 43 35 -1 0
1971 16 19 0 -1
1972 28 23 -1 0
1973 14 23 -1 0
1974 62 6 -1 0
1975 39 14 0 1
1976 29 18 1 0
1977 24 36 -1 0
1978 24 23 1 0
1979 22 34 0 1
1980 81 29 0 1
1981 38 28 1 0
1982 53 36 -1 0
1983 97 38 0 1
1984 13 9 1 0
1985 26 39 -1 0
1986 30 13 -1 0
1987 21 37 0 -1
1988 86 15 0 -1
1989 34 12 0 -1
1990 48 5 -1 0
1991 29 8 -1 0
1992 26 38 0 -1
1993 30 39 1 0
1994 48 36 1 0
1995 48 4 -1 0
1996 27 32 -1 0
1997 0 22 -1 0
1998 19 11 0 -1
1999 30 13 -1 0
2000 84 29 0 -1
2001 28 24 0 -1
2002 85 7 -1 0
2003 7 20 1 0
2004 22 0 1 0
2005 54 22 1 0
2006 32 20 0 -1
2007 19 9 -1 0
2008 21 30 0 -1
2009 30 16 0 1
2010 80 7 0 1
2011 51 25 0 1
2012 40 10 -1 0
2013 14 39 -1 0
2014 88 2 0 -1
2015 26 0 -1 0
2016 50 21 1 0
2017 37 30 -1 0
2018 28 7 1 0
2019 10 33 1 0
2020 26 29 -1 0
2021 47 2 1 0
2022 28 18 -1 0
2023 24 30 -1 0
2024 37 17 -1 0
2025 24 37 -1 0
2026 27 37 0 -1
2027 29 25 1 0
2028 91 34 1 0
2029 36 13 0 1
2030 74 26 0 -1
2031 26 25 0 1
2032 10 21 1 0
2033 36 15 -1 0
2034 37 10 -1 0
2035 29 32 1 0
2036 30 8 -1 0
2037 40 21 -1 0
2038 62 0 0 -1
2039 31 11 1 0
2040 25 34 0 1
2041 97 30 -1 0
2042 27 0 0 1
2043 30 4 1 0
2044 36 23 1 0
2045 43 36 1 0
2046 76 34 1 0
2047 43 3 0 -1
2048 31 8 0 -1
2049 37 8 0 1
2050 32 8 0 1
2051 24 5 0 -1
2052 21 23 0 -1
2053 69 27 -1 0
2054 48 16 -1 0
2055 5 15 0 -1
2056 19 29 1 0
2057 46 4 0 1
2058 85 22 -1 0
2059 36 21 0 -1
2060 98 17 0 1
2061 22 36 0 1
2062 6 21 0 -1
2063 21 35 0 1
2064 67 34 1 0
2065 32 17 1 0
2066 13 1 1 0
2067 38 26 0 1
2068 23 37 -1 0
2069 4 12 -1 0
2070 8 7 1 0
2071 27 2 -1 0
2072 27 32 0 1
2073 34 32 -1 0
2074 31 12 1 0
2075 30 14 0 -1
2076 22 37 0 -1
2077 46 9 0 1
2078 41 18 -1 0
2079 26 8 0 1
2080 41 35 0 -1
2081 36 26 0 -1
2082 39 35 0 -1
2083 39 22 0 -1
2084 42 6 1 0
2085 42 34 -1 0
2086 9 8 0 -1
2087 14 34 0 -1
2088 90 7 0 1
2089 78 20 1 0
2090 86 9 0 1
2091 3 25 1 0
2092 42 35 -1 0
2093 49 27 1 0
2094 40 35 -1 0
2095 23 0 0 -1
2096 13 13 1 0
2097 10 16 0 1
2098 30 36 1 0
2099 41 30 -1 0
2100 48 33 -1 0
2101 43 32 -1 0
2102 14 32 0 1
2103 35 34 0 -1
2104 23 20 0 -1
2105 35 38 0 -1
2106 6 35 -1 0
2107 18 16 1 0
2108 32 18 -1 0
2109 36 38 -1 0
2110 90 13 0 1
2111 97 35 -1 0
2112 89 13 1 0
2113 36 13 0 1
2114 15 9 -1 0
2115 3 3 0 -1
2116 38 20 -1 0
2117 38 15 0 1
2118 26 10 1 0
2119 15 29 0 1
2120 26 1 0 -1
2121 36 20 0 -1
2122 31 25 1 0
2123 46 37 -1 0
2124 35 25 -1 0
2125 29 17 0 -1
2126 65 2 1 0
2127 78 16 1 0
2128 31 28 0 1
2129 36 35 0 -1
2130 76 3 -1 0
2131 24 19 1 0
2132 39 16 1 0
2133 83 6 1 0
2134 57 31 0 1
2135 27 37 -1 0
2136 32 8 0 1
2137 10 4 1 0
2138 16 28 -1 0
2139 30 38 -1 0
2140 31 27 0 1
2141 25 39 0 -1
2142 45 17 1 0
2143 29 20 0 -1
2144 61 8 1 0
2145 37 25 0 1
2146 33 8 0 1
2147 15 17 -1 0
2148 17 22 0 1
2149 32 11 1 0
2150 38 4 0 1
2151 42 34 -1 0
2152 29 15 -1 0
2153 80 12 1 0
2154 99 34 -1 0
2155 35 17 -1 0
2156 45 23 1 0
2157 36 14 -1 0
2158 20 33 0 -1
2159 29 8 -1 0
2160 30 3 1 0
2161 36 7 0 1
2162 73 39 0 -1
2163 37 25 0 -1
2164 38 9 0 1
2165 9 4 1 0
2166 34 34 0 -1
2167 40 35 -1 0
2168 20 37 0 1
2169 85 33 0 -1
2170 24 15 0 1
2171 3 11 0 1
2172 47 25 1 0
2173 51 4 -1 0
2174 41 23 0 -1
2175 16 9 -1 0
2176 28 13 0 -1
2177 38 38 -1 0
2178 75 39 0 1
2179 25 3 0 -1
2180 25 38 -1 0
2181 25 20 0 1
2182 53 7 0 1
2183 41 22 1 0
2184 17 8 -1 0
2185 26 9 1 0
2186 52 1 0 1
2187 4 37 1 0
2188 44 34 0 1
2189 27 37 0 -1
2190 22 38 0 -1
2191 31 13 -1 0
2192 94 5 0 1
2193 98 3 0 -1
2194 39 10 -1 0
2195 42 32 0 1
2196 28 6 -1 0
2197 23 39 0 -1
2198 97 3 0 1
2199 39 9 0 -1
2200 29 36 0 1
2201 45 19 1 0
2202 27 35 -1 0
2203 10 22 0 -1
2204 21 36 0 -1
2205 29 17 1 0
2206 38 10 -1 0
2207 55 35 1 0
2208 47 5 0 -1
2209 40 33 -1 0
2210 24 38 0 -1
2211 73 22 -1 0
2212 21 23 -1 0
2213 34 16 1 0
2214 88 34 -1 0
2215 28 33 -1 0
2216 26 15 1 0
2217 29 37 -1 0
2218 32 18 0 -1
2219 44 31 0 -1
2220 38 35 1 0
2221 32 10 -1 0
2222 31 19 0 -1
2223 5 8 0 -1
2224 45 7 -1 0
2225 52 21 -1 0
2226 18 16 0 -1
2227 18 22 0 -1
2228 5 20 -1 0
2229 30 17 1 0
2230 12 21 0 1
2231 97 36 1 0
2232 23 1 0 -1
2233 82 5 0 -1
2234 2 4 0 1
2235 29 18 0 -1
2236 21 33 0 1
2237 29 10 -1 0
2238 23 1 -1 0
2239 13 24 0 -1
2240 16 21 0 -1
2241 1 12 -1 0
2242 41 12 1 0
2243 28 30 -1 0
2244 41 36 0 -1
2245 37 11 1 0
2246 58 17 1 0
2247 25 28 0 1
2248 23 36 0 1
2249 23 39 0 1
2250 41 34 0 -1
2251 28 14 0 1
2252 35 9 0 1
2253 27 10 -1 0
2254 38 23 0 -1
2255 25 18 -1 0
2256 46 27 0 -1
2257 57 30 0 1
2258 27 15 0 1
2259 90 16 -1 0
2260 9 39 0 -1
2261 86 14 0 1
2262 81 13 0 1
2263 74 36 0 1
2264 14 25 0 1
2265 71 22 -1 0
2266 29 7 -1 0
2267 28 0 0 -1
2268 27 36 -1 0
2269 31 30 0 -1
2270 24 33 0 1
2271 38 25 0 -1
2272 96 3 0 1
2273 18 6 1 0
2274 52 35 0 -1
2275 28 35 0 -1
2276 90 36 0 -1
2277 28 39 -1 0
2278 16 19 -1 0
2279 21 38 1 0
2280 37 27 0 -1
2281 84 24 1 0
2282 87 17 0 1
2283 99 21 -1 0
2284 40 33 0 -1
2285 23 38 0 1
2286 37 18 1 0
2287 78 24 1 0
2288 21 4 1 0
2289 40 30 1 0
2290 48 38 -1 0
2291 15 32 -1 0
2292 49 11 0 1
2293 28 1 0 -1
2294 41 33 0 -1
2295 26 1 0 -1
2296 55 8 0 -1
2297 18 38 0 -1
2298 93 24 -1 0
2299 31 30 1 0
2300 20 5 -1 0
2301 24 30 1 0
2302 39 34 0 1
2303 12 9 0 1
2304 38 15 0 1
2305 40 23 1 0
2306 45 38 0 1
2307 49 23 1 0
2308 26 24 1 0
2309 46 26 0 -1
2310 88 14 0 1
2311 21 19 0 -1
2312 45 38 0 1
2313 82 19 1 0
2314 38 17 0 -1
2315 26 32 0 1
2316 41 19 -1 0
2317 31 6 0 1
2318 18 7 1 0
2319 74 22 0 -1
2320 49 34 -1 0
2321 19 2 0 -1
2322 25 29 1 0
2323 20 6 0 1
2324 41 6 0 1
2325 26 2 1 0
2326 19 6 1 0
2327 30 11 0 1
2328 44 37 1 0
2329 28 11 0 -1
2330 29 34 0 1
2331 97 6 0 -1
2332 13 2 1 0
2333 37 30 -1 0
2334 80 37 -1 0
2335 25 11 0 -1
2336 24 10 1 0
2337 70 12 -1 0
2338 30 37 1 0
2339 50 39 0 -1
2340 42 29 -1 0
2341 24 38 0 -1
2342 27 6 0 -1
2343 32 27 0 -1
2344 26 26 -1 0
2345 80 27 1 0
2346 86 2 1 0
2347 86 25 1 0
2348 40 39 -1 0
2349 28 39 0 1
2350 37 3 0 1
2351 40 28 0 1
2352 15 6 -1 0
2353 30 36 -1 0
2354 11 35 0 -1
2355 13 35 -1 0
2356 87 5 1 0
2357 21 35 1 0
2358 29 7 0 1
2359 32 19 0 -1
2360 37 25 -1 0
2361 41 4 1 0
2362 40 37 -1 0
2363 88 35 -1 0
2364 39 11 -1 0
2365 79 2 1 0
2366 24 34 0 -1
2367 58 5 1 0
2368 54 26 1 0
2369 64 0 -1 0
2370 3 28 -1 0
2371 4 17 -1 0
2372 37 29 0 1
2373 41 1 0 -1
2374 36 9 1 0
2375 37 20 0 1
2376 22 12 1 0
2377 12 29 -1 0
2378 43 0 -1 0
2379 62 15 0 -1
2380 24 22 0 1
2381 22 17 0 1
2382 42 7 0 -1
2383 11 8 0 -1
2384 26 34 0 1
2385 60 8 1 0
2386 26 4 1 0
2387 39 19 0 -1
2388 0 15 0 -1
2389 81 0 -1 0
2390 63 37 1 0
2391 12 9 0 -1
2392 36 20 -1 0
2393 85 29 0 1
2394 87 8 1 0
2395 21 10 -1 0
2396 29 20 1 0
2397 87 36 0 1
2398 40 26 0 1
2399 42 34 0 -1
