0 51 36 0 1
1 9 14 0 -1
2 99 21 0 1
3 0 5 0 -1
4 87 33 0 1
5 82 20 0 -1
6 37 2 1 0
7 55 13 0 1
8 40 2 1 0
9 50 39 1 0
10 6 21 0 -1
11 78 15 1 0
12 29 31 0 1
13 22 27 1 0
14 98 29 -1 0
15 8 18 0 -1
16 28 14 0 -1
17 16 13 0 1
18 98 34 1 0
19 81 12 0 1
20 44 27 0 -1
21 46 16 -1 0
22 60 7 0 1
23 73 10 0 -1
24 13 26 -1 0
25 15 2 0 1
26 20 5 1 0
27 29 8 1 0
28 6 37 1 0
29 13 35 -1 0
30 2 29 0 1
31 14 18 -1 0
32 50 31 -1 0
33 54 23 -1 0
34 6 16 1 0
35 94 30 0 1
36 44 19 -1 0
37 22 17 0 -1
38 22 27 0 -1
39 99 24 1 0
40 50 28 0 -1
41 43 5 1 0
42 53 21 0 1
43 56 21 1 0
44 8 26 0 1
45 44 21 1 0
46 38 12 0 1
47 29 8 0 1
48 80 23 -1 0
49 11 17 -1 0
50 53 12 1 0
51 95 38 0 -1
52 12 18 0 1
53 96 3 1 0
54 39 39 0 1
55 39 22 0 1
56 40 1 1 0
57 73 0 -1 0
58 6 17 1 0
59 42 12 1 0
60 72 24 1 0
61 46 2 1 0
62 11 25 -1 0
63 55 34 -1 0
64 15 11 -1 0
65 14 31 -1 0
66 17 25 0 -1
67 11 14 1 0
68 19 0 0 1
69 52 0 0 -1
70 94 3 0 1
71 22 15 1 0
72 92 11 0 1
73 49 16 0 1
74 38 9 0 -1
75 50 13 0 1
76 79 5 0 -1
77 21 18 0 1
78 7 23 0 -1
79 21 34 0 1
80 26 29 1 0
81 91 2 0 1
82 9 31 0 1
83 21 6 0 -1
84 75 18 -1 0
85 71 22 -1 0
86 18 18 0 -1
87 19 17 0 1
88 69 13 0 -1
89 61 27 -1 0
90 95 17 1 0
91 59 10 1 0
92 42 18 0 1
93 81 28 -1 0
94 81 35 0 1
95 74 4 1 0
96 78 21 0 1
97 44 29 0 -1
98 75 26 0 1
99 62 21 1 0
100 26 27 0 1
101 99 18 0 1
102 53 25 0 -1
103 50 8 1 0
104 74 35 0 -1
105 17 16 0 -1
106 13 31 1 0
107 77 19 -1 0
108 49 29 0 1
109 88 0 0 1
110 92 38 -1 0
111 74 18 0 1
112 15 14 0 1
113 79 32 1 0
114 45 15 -1 0
115 24 20 0 1
116 4 2 0 1
117 96 24 -1 0
118 84 25 0 -1
119 47 10 1 0
120 40 13 1 0
121 23 31 -1 0
122 41 6 -1 0
123 71 0 -1 0
124 76 37 -1 0
125 31 14 0 1
126 17 25 -1 0
127 7 17 0 1
128 87 2 0 -1
129 54 20 -1 0
130 19 4 0 -1
131 97 7 1 0
132 0 33 -1 0
133 46 7 0 1
134 48 2 -1 0
135 37 20 0 1
136 6 3 -1 0
137 53 15 0 1
138 17 27 0 1
139 38 22 -1 0
140 22 22 1 0
141 96 18 1 0
142 94 7 0 -1
143 15 33 1 0
144 16 32 1 0
145 26 28 0 1
146 57 22 0 1
147 92 29 1 0
148 71 36 0 1
149 89 8 0 -1
150 71 24 -1 0
151 49 9 0 1
152 74 11 0 -1
153 14 33 0 1
154 5 19 0 -1
155 49 6 -1 0
156 63 19 0 -1
157 41 32 1 0
158 74 27 0 -1
159 29 24 0 -1
160 23 3 -1 0
161 44 14 -1 0
162 22 0 0 -1
163 80 10 -1 0
164 80 38 0 1
165 27 17 1 0
166 84 10 -1 0
167 98 38 0 1
168 15 26 0 1
169 36 25 0 1
170 6 21 1 0
171 65 28 0 -1
172 43 21 0 -1
173 44 10 0 -1
174 29 16 1 0
175 71 15 0 -1
176 35 15 -1 0
177 26 21 -1 0
178 3 23 1 0
179 88 11 0 -1
180 94 33 -1 0
181 18 16 1 0
182 56 36 -1 0
183 26 16 0 1
184 3 26 0 -1
185 20 2 0 1
186 42 20 -1 0
187 4 12 1 0
188 51 1 0 1
189 28 24 1 0
190 90 14 0 -1
191 25 20 -1 0
192 19 26 -1 0
193 21 39 0 -1
194 65 5 1 0
195 14 24 0 -1
196 66 26 0 1
197 69 20 0 1
198 9 37 0 -1
199 73 34 0 1
200 7 15 -1 0
201 9 13 -1 0
202 29 23 1 0
203 79 35 -1 0
204 24 37 0 1
205 62 26 -1 0
206 88 15 0 1
207 3 16 0 -1
208 40 30 -1 0
209 54 0 -1 0
210 3 24 0 -1
211 18 7 0 1
212 5 5 1 0
213 58 34 -1 0
214 22 17 -1 0
215 17 23 0 1
216 74 20 0 -1
217 15 27 1 0
218 46 2 0 1
219 35 29 0 1
220 37 20 0 -1
221 12 6 1 0
222 26 15 -1 0
223 52 23 0 -1
224 5 27 1 0
225 86 20 1 0
226 43 29 1 0
227 5 30 0 1
228 14 27 1 0
229 10 5 1 0
230 99 11 -1 0
231 42 36 -1 0
232 89 35 1 0
233 82 0 0 -1
234 20 11 0 -1
235 41 24 1 0
236 46 8 0 1
237 6 21 1 0
238 93 14 0 -1
239 50 0 -1 0
240 8 32 -1 0
241 49 13 0 -1
242 16 9 0 1
243 46 31 0 1
244 59 34 -1 0
245 23 32 1 0
246 62 28 1 0
247 58 7 1 0
248 64 1 0 1
249 74 17 1 0
250 23 5 -1 0
251 38 4 0 -1
252 76 17 0 1
253 13 1 -1 0
254 95 8 1 0
255 25 24 0 1
256 54 28 0 -1
257 63 21 0 1
258 42 0 1 0
259 86 25 0 -1
260 20 13 0 1
261 84 22 0 1
262 90 27 0 -1
263 9 7 1 0
264 91 21 1 0
265 81 19 1 0
266 91 34 0 -1
267 96 17 -1 0
268 46 8 0 1
269 96 18 -1 0
270 90 38 1 0
271 59 10 0 1
272 87 16 -1 0
273 69 1 -1 0
274 15 10 -1 0
275 35 16 -1 0
276 17 17 -1 0
277 64 17 -1 0
278 69 26 1 0
279 74 15 0 1
280 92 18 0 -1
281 13 20 0 -1
282 41 23 0 1
283 32 21 -1 0
284 92 36 -1 0
285 62 2 0 -1
286 66 13 0 1
287 19 39 0 1
288 22 25 1 0
289 89 2 0 1
290 98 20 0 -1
291 54 29 0 1
292 48 38 -1 0
293 97 29 -1 0
294 92 30 -1 0
295 48 11 0 1
296 14 4 -1 0
297 99 23 0 1
298 40 15 0 -1
299 70 7 0 -1
300 53 36 -1 0
301 50 34 -1 0
302 26 31 0 -1
303 0 17 1 0
304 43 2 -1 0
305 68 38 0 -1
306 62 36 0 -1
307 17 11 0 1
308 79 36 0 -1
309 9 27 -1 0
310 49 12 0 1
311 94 25 1 0
312 15 24 1 0
313 0 38 1 0
314 42 15 1 0
315 54 32 0 -1
316 40 2 -1 0
317 91 1 1 0
318 39 32 0 -1
319 47 19 -1 0
320 39 6 0 -1
321 89 29 1 0
322 19 31 1 0
323 51 21 -1 0
324 72 9 0 -1
325 64 13 -1 0
326 8 4 0 -1
327 68 3 0 1
328 16 13 1 0
329 21 7 1 0
330 75 13 -1 0
331 71 23 -1 0
332 94 28 -1 0
333 24 39 1 0
334 22 19 0 -1
335 24 11 0 1
336 11 36 0 1
337 21 11 -1 0
338 53 11 0 -1
339 2 10 0 -1
340 89 34 -1 0
341 8 4 0 1
342 93 39 1 0
343 89 15 0 -1
344 23 2 -1 0
345 0 14 0 -1
346 25 19 0 -1
347 3 15 -1 0
348 59 23 -1 0
349 16 18 0 1
350 29 7 0 -1
351 20 27 1 0
352 99 7 -1 0
353 29 12 0 1
354 48 36 0 -1
355 73 0 0 1
356 74 8 0 -1
357 38 16 -1 0
358 45 1 -1 0
359 58 38 0 1
360 77 39 0 -1
361 20 31 -1 0
362 12 19 0 -1
363 42 8 1 0
364 25 17 0 -1
365 78 6 1 0
366 86 30 0 -1
367 16 17 1 0
368 94 33 0 1
369 42 5 0 -1
370 39 33 -1 0
371 98 6 1 0
372 48 35 1 0
373 12 39 0 1
374 76 33 0 -1
375 75 14 0 1
376 18 6 -1 0
377 66 21 0 -1
378 96 19 0 1
379 55 26 1 0
380 75 4 -1 0
381 87 8 0 1
382 51 34 -1 0
383 94 23 0 1
384 93 1 -1 0
385 1 26 0 1
386 49 32 0 -1
387 58 19 0 1
388 20 15 -1 0
389 13 12 -1 0
390 16 24 1 0
391 41 24 0 1
392 78 27 0 -1
393 96 4 -1 0
394 83 17 1 0
395 65 17 0 1
396 60 9 -1 0
397 10 33 0 -1
398 44 19 0 -1
399 46 19 1 0
400 9 29 -1 0
401 63 7 1 0
402 5 19 1 0
403 26 27 -1 0
404 73 10 0 -1
405 26 29 -1 0
406 67 23 0 1
407 39 10 0 -1
408 49 1 -1 0
409 23 8 0 -1
410 82 32 0 1
411 22 36 0 -1
412 36 1 0 -1
413 76 27 -1 0
414 26 34 -1 0
415 79 27 0 1
416 46 4 -1 0
417 38 2 -1 0
418 67 8 0 -1
419 2 9 0 1
420 13 2 0 -1
421 58 35 0 -1
422 38 34 1 0
423 55 32 0 1
424 46 12 0 1
425 40 6 -1 0
426 43 25 -1 0
427 81 37 0 1
428 63 24 0 -1
429 22 5 1 0
430 90 22 -1 0
431 86 18 0 1
432 27 30 -1 0
433 39 31 -1 0
434 27 32 0 -1
435 58 29 1 0
436 43 1 0 1
437 16 12 1 0
438 89 7 1 0
439 7 0 0 -1
440 91 16 1 0
441 38 33 -1 0
442 52 33 -1 0
443 27 5 0 -1
444 85 16 -1 0
445 6 37 -1 0
446 52 10 0 1
447 31 28 0 1
448 96 1 0 1
449 37 31 0 -1
450 25 14 1 0
451 42 17 0 1
452 52 31 1 0
453 2 25 -1 0
454 71 10 0 1
455 91 27 0 1
456 9 9 1 0
457 8 32 0 1
458 57 22 1 0
459 51 21 1 0
460 53 7 0 -1
461 43 6 0 -1
462 59 26 0 -1
463 43 3 0 1
464 15 11 -1 0
465 84 1 0 -1
466 74 12 0 1
467 7 25 1 0
468 11 12 0 1
469 11 16 0 -1
470 96 33 1 0
471 70 39 -1 0
472 43 38 -1 0
473 88 7 1 0
474 20 1 0 1
475 53 6 0 1
476 0 30 0 -1
477 28 5 0 -1
478 99 4 1 0
479 56 26 0 1
480 88 26 0 -1
481 22 4 0 -1
482 52 31 0 1
483 72 11 1 0
484 51 13 -1 0
485 31 26 1 0
486 41 6 0 1
487 39 6 0 -1
488 28 16 0 1
489 46 3 0 1
490 86 16 0 -1
491 90 4 0 1
492 16 24 1 0
493 75 26 -1 0
494 76 16 0 -1
495 76 34 0 1
496 48 15 0 -1
497 94 30 1 0
498 4 25 0 -1
499 52 23 -1 0
500 62 0 0 -1
501 12 21 1 0
502 5 6 1 0
503 91 26 1 0
504 23 20 0 -1
505 91 19 -1 0
506 83 2 0 1
507 84 0 0 -1
508 12 14 1 0
509 34 7 0 1
510 52 19 -1 0
511 6 30 0 1
512 92 29 0 1
513 93 18 -1 0
514 23 21 0 -1
515 18 4 0 1
516 58 14 1 0
517 19 30 -1 0
518 79 13 0 -1
519 96 20 -1 0
520 3 31 0 -1
521 88 23 -1 0
522 38 16 0 1
523 21 20 0 1
524 97 10 0 1
525 76 11 -1 0
526 81 27 -1 0
527 18 17 0 1
528 49 36 0 1
529 76 13 0 -1
530 1 24 -1 0
531 90 1 0 -1
532 0 0 -1 0
533 2 9 1 0
534 73 1 0 1
535 61 18 0 1
536 12 31 1 0
537 20 22 1 0
538 0 12 -1 0
539 6 27 1 0
540 62 6 0 1
541 94 36 -1 0
542 43 5 0 -1
543 49 28 0 1
544 49 25 -1 0
545 83 15 1 0
546 14 24 0 -1
547 11 18 0 -1
548 98 27 -1 0
549 30 37 1 0
550 12 14 1 0
551 54 16 0 -1
552 37 1 -1 0
553 78 1 0 -1
554 48 3 0 -1
555 21 36 -1 0
556 99 4 1 0
557 45 29 1 0
558 39 20 -1 0
559 15 9 -1 0
560 46 28 0 1
561 87 14 0 -1
562 50 5 -1 0
563 41 39 1 0
564 22 10 0 1
565 10 2 0 -1
566 82 23 -1 0
567 50 25 -1 0
568 46 17 0 1
569 80 18 -1 0
570 76 9 1 0
571 15 18 0 -1
572 25 22 -1 0
573 66 12 0 -1
574 17 39 1 0
575 74 14 0 1
576 91 4 -1 0
577 42 25 0 -1
578 98 37 0 1
579 96 26 0 -1
580 11 33 1 0
581 21 26 1 0
582 51 9 0 1
583 52 24 1 0
584 96 18 0 -1
585 47 10 0 -1
586 39 7 0 1
587 48 24 0 1
588 3 25 0 1
589 14 5 0 1
590 15 39 0 -1
591 16 10 -1 0
592 12 39 -1 0
593 30 25 1 0
594 18 30 0 1
595 54 29 1 0
596 84 21 0 -1
597 42 39 -1 0
598 49 9 0 -1
599 12 20 0 1
600 6 38 -1 0
601 45 28 -1 0
602 76 30 1 0
603 74 26 -1 0
604 15 9 -1 0
605 95 39 0 1
606 39 20 0 -1
607 38 17 -1 0
608 51 24 0 1
609 44 15 0 -1
610 3 1 1 0
611 78 8 0 1
612 72 14 1 0
613 79 9 -1 0
614 95 24 -1 0
615 25 27 -1 0
616 65 22 0 -1
617 89 7 1 0
618 8 33 0 1
619 6 10 -1 0
620 54 10 1 0
621 90 38 1 0
622 83 27 -1 0
623 76 9 -1 0
624 10 16 1 0
625 17 32 0 1
626 23 3 1 0
627 50 24 0 -1
628 48 17 -1 0
629 45 2 0 -1
630 13 26 0 1
631 1 33 -1 0
632 25 35 0 1
633 80 14 -1 0
634 88 31 0 1
635 98 16 1 0
636 29 4 1 0
637 58 8 0 1
638 30 4 0 1
639 52 10 -1 0
640 16 38 1 0
641 54 39 -1 0
642 72 2 0 1
643 83 21 -1 0
644 3 18 -1 0
645 40 15 1 0
646 70 21 1 0
647 86 37 -1 0
648 16 22 -1 0
649 48 26 0 -1
650 80 12 0 -1
651 47 38 0 1
652 42 20 0 1
653 41 20 1 0
654 67 18 0 -1
655 38 28 -1 0
656 96 6 -1 0
657 24 31 -1 0
658 99 19 -1 0
659 56 31 0 -1
660 39 26 -1 0
661 15 23 0 1
662 16 31 0 1
663 25 37 0 -1
664 64 26 -1 0
665 12 7 0 -1
666 15 22 0 -1
667 17 18 -1 0
668 98 22 0 -1
669 97 2 0 1
670 73 30 1 0
671 75 6 0 1
672 20 11 0 1
673 81 28 0 -1
674 4 27 0 -1
675 97 11 0 1
676 14 20 0 1
677 61 37 1 0
678 3 10 1 0
679 30 3 -1 0
680 71 24 0 1
681 69 1 -1 0
682 12 37 0 -1
683 51 33 0 -1
684 95 1 0 1
685 20 19 -1 0
686 52 35 0 -1
687 8 19 -1 0
688 92 16 1 0
689 91 25 -1 0
690 12 30 1 0
691 45 5 0 1
692 10 33 -1 0
693 19 16 1 0
694 17 13 0 1
695 70 17 1 0
696 95 33 1 0
697 40 9 0 1
698 85 32 0 1
699 60 9 -1 0
700 25 11 0 -1
701 13 22 0 1
702 66 29 0 1
703 0 35 0 1
704 28 39 1 0
705 96 8 0 -1
706 45 6 -1 0
707 28 0 0 -1
708 80 7 1 0
709 22 13 1 0
710 28 12 1 0
711 97 27 0 -1
712 94 21 -1 0
713 24 21 -1 0
714 32 9 0 1
715 14 27 -1 0
716 29 25 0 -1
717 19 26 -1 0
718 55 1 0 -1
719 67 35 0 -1
720 61 12 0 -1
721 83 22 0 -1
722 18 3 -1 0
723 35 34 0 1
724 58 39 -1 0
725 92 0 0 -1
726 95 11 0 -1
727 76 0 0 1
728 73 9 -1 0
729 17 34 -1 0
730 51 32 0 1
731 44 38 -1 0
732 68 14 0 -1
733 65 18 0 -1
734 42 34 -1 0
735 97 33 0 -1
736 21 39 1 0
737 45 16 0 -1
738 58 20 0 1
739 71 14 1 0
740 95 34 1 0
741 4 21 -1 0
742 43 8 -1 0
743 51 27 -1 0
744 42 11 0 -1
745 74 23 1 0
746 74 0 1 0
747 78 1 0 1
748 73 38 -1 0
749 45 25 0 -1
750 93 26 0 -1
751 93 35 0 -1
752 47 39 -1 0
753 17 10 1 0
754 67 27 -1 0
755 9 24 -1 0
756 39 5 -1 0
757 84 17 0 1
758 62 35 0 1
759 39 36 0 -1
760 90 30 1 0
761 74 38 -1 0
762 28 20 -1 0
763 24 31 1 0
764 42 36 -1 0
765 79 28 0 1
766 25 13 1 0
767 63 27 0 1
768 11 24 0 -1
769 89 5 1 0
770 17 38 -1 0
771 63 33 -1 0
772 91 37 0 1
773 25 29 -1 0
774 13 27 1 0
775 0 9 0 -1
776 52 38 1 0
777 52 3 1 0
778 2 19 0 1
779 36 16 1 0
780 72 9 -1 0
781 88 14 -1 0
782 9 31 0 1
783 30 3 0 1
784 42 21 0 -1
785 13 20 -1 0
786 59 38 0 1
787 63 2 1 0
788 58 25 -1 0
789 41 5 1 0
790 3 27 0 1
791 94 27 0 1
792 92 27 0 -1
793 51 10 0 1
794 55 18 -1 0
795 54 32 -1 0
796 14 34 0 -1
797 96 9 -1 0
798 56 35 -1 0
799 57 34 0 -1
800 54 4 1 0
801 91 32 1 0
802 50 31 0 -1
803 80 35 1 0
804 92 22 0 -1
805 81 21 -1 0
806 11 30 1 0
807 88 36 0 -1
808 24 0 0 -1
809 35 23 0 1
810 25 4 -1 0
811 82 20 -1 0
812 67 38 1 0
813 45 1 -1 0
814 18 1 0 1
815 5 22 1 0
816 76 20 -1 0
817 66 38 0 1
818 9 26 1 0
819 38 12 -1 0
820 13 11 0 -1
821 22 23 0 1
822 14 29 -1 0
823 39 34 -1 0
824 40 9 1 0
825 94 18 0 -1
826 58 19 0 -1
827 12 19 -1 0
828 98 32 1 0
829 38 4 1 0
830 89 23 1 0
831 73 18 -1 0
832 87 37 -1 0
833 47 22 1 0
834 43 17 0 -1
835 59 0 0 -1
836 40 10 1 0
837 20 21 -1 0
838 20 10 0 -1
839 50 18 0 1
840 34 28 0 1
841 21 3 0 1
842 78 13 1 0
843 93 20 1 0
844 3 26 0 -1
845 16 5 -1 0
846 53 18 -1 0
847 14 22 1 0
848 20 15 -1 0
849 51 33 0 1
850 97 37 -1 0
851 63 38 0 1
852 14 13 0 -1
853 7 1 1 0
854 86 5 0 1
855 19 31 0 1
856 56 15 1 0
857 86 28 0 -1
858 81 20 1 0
859 41 32 1 0
860 54 35 0 1
861 65 1 0 -1
862 97 29 1 0
863 3 7 1 0
864 40 11 1 0
865 96 38 -1 0
866 97 1 1 0
867 42 10 0 -1
868 15 23 0 -1
869 19 31 1 0
870 61 34 -1 0
871 23 13 1 0
872 45 5 -1 0
873 48 19 0 1
874 68 17 0 1
875 96 16 0 -1
876 21 4 -1 0
877 39 14 1 0
878 9 0 1 0
879 21 17 0 -1
880 18 31 -1 0
881 8 21 -1 0
882 22 12 0 -1
883 67 27 -1 0
884 60 22 1 0
885 98 25 0 1
886 42 39 1 0
887 47 16 0 1
888 97 7 -1 0
889 39 24 0 1
890 30 38 0 1
891 71 26 0 1
892 22 11 0 -1
893 62 35 -1 0
894 52 15 -1 0
895 9 31 1 0
896 50 7 1 0
897 47 23 1 0
898 39 8 -1 0
899 81 9 0 -1
900 10 39 0 1
901 56 20 1 0
902 24 0 -1 0
903 65 4 1 0
904 14 21 0 1
905 20 25 0 1
906 29 2 1 0
907 91 6 -1 0
908 82 31 0 -1
909 1 31 0 -1
910 40 15 0 -1
911 51 22 0 1
912 59 20 -1 0
913 48 16 0 1
914 27 31 1 0
915 54 39 0 1
916 84 8 -1 0
917 1 36 0 1
918 8 18 0 -1
919 74 17 -1 0
920 96 33 -1 0
921 21 27 1 0
922 43 0 -1 0
923 42 29 0 1
924 75 10 0 1
925 20 34 1 0
926 49 8 -1 0
927 27 31 0 1
928 42 30 0 -1
929 42 17 1 0
930 40 29 1 0
931 99 6 0 1
932 79 37 0 1
933 32 1 0 -1
934 21 11 -1 0
935 74 15 0 -1
936 61 9 -1 0
937 36 15 -1 0
938 73 6 0 -1
939 75 31 0 -1
940 53 26 1 0
941 41 1 -1 0
942 53 15 -1 0
943 41 27 -1 0
944 11 22 -1 0
945 49 13 1 0
946 97 29 0 1
947 82 24 1 0
948 43 11 -1 0
949 49 33 -1 0
950 32 11 1 0
951 94 15 1 0
952 17 38 1 0
953 3 28 1 0
954 49 18 -1 0
955 9 0 1 0
956 37 33 -1 0
957 55 5 -1 0
958 19 5 -1 0
959 89 39 0 1
960 93 37 0 -1
961 94 22 1 0
962 47 10 0 -1
963 44 24 0 -1
964 2 22 0 -1
965 48 30 0 1
966 27 15 0 -1
967 99 25 -1 0
968 55 15 0 -1
969 11 0 -1 0
970 32 39 0 1
971 92 23 0 1
972 96 32 -1 0
973 11 6 -1 0
974 42 15 0 1
975 99 26 1 0
976 37 3 0 1
977 51 29 0 -1
978 49 20 0 1
979 42 13 0 -1
980 85 18 0 1
981 54 39 0 -1
982 10 12 0 1
983 56 0 0 1
984 41 22 -1 0
985 19 1 0 1
986 70 27 -1 0
987 90 0 1 0
988 20 29 -1 0
989 75 12 0 -1
990 61 20 0 1
991 11 18 0 -1
992 80 35 1 0
993 38 33 0 -1
994 49 6 0 -1
995 89 9 1 0
996 25 6 -1 0
997 81 25 -1 0
998 95 0 0 1
999 78 28 1 0
1000 38 0 0 1
1001 88 25 1 0
1002 55 30 1 0
1003 83 20 0 1
1004 14 21 -1 0
1005 40 32 0 -1
1006 13 3 0 -1
1007 54 34 0 -1
1008 27 31 0 1
1009 30 22 0 -1
1010 48 34 -1 0
1011 40 13 0 -1
1012 11 31 1 0
1013 31 11 0 -1
1014 53 2 0 1
1015 25 0 0 -1
1016 18 21 0 -1
1017 40 6 -1 0
1018 94 28 0 -1
1019 20 13 0 -1
1020 37 38 -1 0
1021 28 34 1 0
1022 11 22 1 0
1023 29 29 0 -1
1024 43 13 0 1
1025 62 39 1 0
1026 51 3 0 -1
1027 26 15 -1 0
1028 39 5 0 -1
1029 45 29 0 -1
1030 49 4 1 0
1031 41 31 -1 0
1032 23 19 -1 0
1033 37 14 0 -1
1034 46 22 1 0
1035 37 22 1 0
1036 19 26 -1 0
1037 53 32 0 -1
1038 44 16 -1 0
1039 70 23 1 0
1040 17 14 1 0
1041 72 14 0 -1
1042 46 37 -1 0
1043 5 3 1 0
1044 60 22 0 1
1045 24 34 1 0
1046 79 7 0 -1
1047 67 22 1 0
1048 11 10 0 1
1049 56 13 -1 0
1050 95 20 0 1
1051 85 14 0 -1
1052 54 30 1 0
1053 25 31 1 0
1054 32 14 1 0
1055 52 23 1 0
1056 22 2 1 0
1057 38 13 -1 0
1058 29 12 0 1
1059 4 30 0 -1
1060 10 29 1 0
1061 49 13 0 1
1062 5 29 0 -1
1063 7 13 0 1
1064 52 3 0 1
1065 29 16 1 0
1066 93 15 1 0
1067 40 0 0 -1
1068 87 30 0 -1
1069 57 21 0 1
1070 42 23 -1 0
1071 51 37 -1 0
1072 39 1 -1 0
1073 22 37 1 0
1074 25 5 0 -1
1075 67 0 1 0
1076 25 12 -1 0
1077 51 32 0 1
1078 78 33 1 0
1079 19 37 1 0
1080 22 11 -1 0
1081 27 7 1 0
1082 99 19 -1 0
1083 22 10 0 1
1084 52 17 -1 0
1085 91 37 1 0
1086 26 17 1 0
1087 16 28 0 1
1088 25 32 -1 0
1089 69 10 0 1
1090 23 13 1 0
1091 88 4 0 1
1092 73 18 0 1
1093 92 5 0 1
1094 84 5 0 -1
1095 97 8 0 -1
1096 49 39 0 1
1097 89 24 -1 0
1098 9 30 0 1
1099 24 30 -1 0
1100 18 37 -1 0
1101 52 36 0 -1
1102 41 7 0 -1
1103 47 14 0 -1
1104 68 24 0 -1
1105 42 1 1 0
1106 69 39 0 -1
1107 92 0 0 1
1108 37 32 0 1
1109 46 35 -1 0
1110 59 37 0 -1
1111 58 4 0 1
1112 52 31 0 -1
1113 60 21 0 1
1114 20 19 -1 0
1115 72 2 1 0
1116 16 8 -1 0
1117 99 4 0 1
1118 62 35 1 0
1119 26 9 1 0
1120 77 29 1 0
1121 39 32 -1 0
1122 69 18 -1 0
1123 13 8 1 0
1124 82 21 0 -1
1125 25 8 1 0
1126 72 12 0 -1
1127 54 30 -1 0
1128 26 2 0 1
1129 24 8 1 0
1130 20 23 0 -1
1131 63 10 -1 0
1132 42 20 -1 0
1133 55 18 0 -1
1134 47 32 -1 0
1135 44 37 0 -1
1136 21 21 0 1
1137 22 23 1 0
1138 77 21 0 1
1139 6 24 -1 0
1140 50 13 -1 0
1141 4 36 0 -1
1142 78 38 -1 0
1143 41 16 0 1
1144 87 15 0 1
1145 23 17 1 0
1146 90 8 0 -1
1147 92 25 0 1
1148 93 12 1 0
1149 60 35 0 -1
1150 43 27 0 -1
1151 12 36 0 1
1152 25 34 1 0
1153 38 39 1 0
1154 26 30 0 -1
1155 26 22 0 -1
1156 93 29 1 0
1157 5 22 0 1
1158 93 10 -1 0
1159 89 26 0 -1
1160 13 36 0 -1
1161 13 0 0 1
1162 97 23 0 1
1163 57 7 0 -1
1164 3 8 0 -1
1165 25 31 -1 0
1166 18 23 0 -1
1167 94 27 0 -1
1168 12 30 -1 0
1169 68 39 1 0
1170 10 13 1 0
1171 84 23 0 -1
1172 51 34 0 1
1173 46 37 0 1
1174 80 37 0 1
1175 65 13 0 -1
1176 97 19 1 0
1177 0 28 1 0
1178 77 15 1 0
1179 15 1 -1 0
1180 36 13 -1 0
1181 79 18 0 -1
1182 36 1 0 -1
1183 24 9 -1 0
1184 3 27 0 -1
1185 0 33 -1 0
1186 42 3 1 0
1187 91 12 -1 0
1188 42 18 0 -1
1189 27 36 -1 0
1190 6 31 1 0
1191 49 14 -1 0
1192 52 3 0 -1
1193 52 27 1 0
1194 9 38 -1 0
1195 83 34 0 1
1196 88 32 1 0
1197 44 26 0 -1
1198 20 23 0 1
1199 63 20 0 -1
1200 28 16 0 1
1201 82 8 -1 0
1202 2 21 0 1
1203 60 22 0 -1
1204 97 37 0 1
1205 24 5 0 -1
1206 50 39 0 1
1207 26 2 -1 0
1208 24 10 0 -1
1209 72 37 0 -1
1210 45 24 0 -1
1211 91 30 0 1
1212 65 21 0 -1
1213 83 37 -1 0
1214 86 26 1 0
1215 79 3 -1 0
1216 44 33 1 0
1217 38 14 -1 0
1218 7 18 -1 0
1219 10 9 0 -1
1220 29 22 -1 0
1221 0 1 0 -1
1222 58 0 -1 0
1223 94 24 0 1
1224 9 5 -1 0
1225 90 17 -1 0
1226 47 23 1 0
1227 93 24 -1 0
1228 80 5 1 0
1229 21 29 -1 0
1230 8 16 0 -1
1231 43 30 1 0
1232 47 18 1 0
1233 66 7 1 0
1234 48 35 0 -1
1235 47 11 -1 0
1236 60 38 0 -1
1237 73 14 0 -1
1238 20 7 1 0
1239 53 8 0 1
1240 72 24 -1 0
1241 72 18 0 -1
1242 95 6 1 0
1243 3 26 0 -1
1244 41 34 -1 0
1245 24 4 1 0
1246 86 39 -1 0
1247 53 20 0 -1
1248 1 3 0 -1
1249 27 11 1 0
1250 49 21 1 0
1251 69 24 -1 0
1252 89 17 1 0
1253 9 6 0 -1
1254 74 28 0 -1
1255 7 23 0 -1
1256 41 0 0 1
1257 28 8 -1 0
1258 44 3 0 1
1259 37 14 0 1
1260 39 26 0 -1
1261 46 33 0 1
1262 52 4 0 1
1263 94 39 1 0
1264 59 31 0 -1
1265 27 14 0 -1
1266 37 21 0 -1
1267 38 22 -1 0
1268 49 26 0 1
1269 23 33 1 0
1270 7 13 0 -1
1271 70 35 1 0
1272 89 9 1 0
1273 46 20 0 1
1274 69 14 1 0
1275 28 29 0 1
1276 37 2 0 -1
1277 79 0 0 -1
1278 43 5 1 0
1279 83 25 0 -1
1280 98 15 1 0
1281 19 34 -1 0
1282 14 31 1 0
1283 96 24 1 0
1284 93 37 1 0
1285 50 3 1 0
1286 47 12 -1 0
1287 10 20 0 1
1288 36 9 0 -1
1289 45 25 0 -1
1290 65 7 -1 0
1291 30 13 1 0
1292 16 26 0 1
1293 42 4 -1 0
1294 98 13 -1 0
1295 43 36 0 1
1296 41 7 0 -1
1297 40 7 1 0
1298 81 33 0 1
1299 30 38 0 -1
1300 20 38 0 1
1301 14 26 0 1
1302 15 13 0 1
1303 42 34 -1 0
1304 40 18 -1 0
1305 99 39 0 1
1306 75 9 0 -1
1307 67 7 -1 0
1308 52 20 0 -1
1309 67 12 0 -1
1310 62 32 1 0
1311 40 31 0 -1
1312 79 15 0 1
1313 82 8 0 1
1314 37 24 0 1
1315 73 25 1 0
1316 49 20 0 1
1317 22 27 1 0
1318 72 11 1 0
1319 25 9 1 0
1320 98 9 -1 0
1321 78 27 0 1
1322 17 18 0 -1
1323 38 6 0 1
1324 11 37 -1 0
1325 23 17 1 0
1326 60 36 0 -1
1327 10 39 0 1
1328 57 30 1 0
1329 58 31 0 1
1330 80 34 1 0
1331 46 11 0 1
1332 79 8 0 1
1333 3 17 0 1
1334 0 37 0 -1
1335 13 31 0 -1
1336 18 17 -1 0
1337 99 39 0 1
1338 48 29 0 -1
1339 24 9 0 1
1340 40 37 -1 0
1341 29 23 1 0
1342 10 1 0 -1
1343 11 9 1 0
1344 75 28 -1 0
1345 30 11 0 -1
1346 18 20 -1 0
1347 21 18 1 0
1348 49 39 0 -1
1349 40 33 -1 0
1350 2 0 0 -1
1351 53 11 0 1
1352 41 35 0 -1
1353 64 13 0 1
1354 93 20 0 1
1355 14 11 1 0
1356 28 9 1 0
1357 29 7 1 0
1358 18 30 0 1
1359 40 32 0 -1
1360 55 11 0 1
1361 30 36 1 0
1362 92 6 -1 0
1363 58 28 0 -1
1364 51 7 0 1
1365 43 20 0 -1
1366 53 32 -1 0
1367 76 21 1 0
1368 43 14 -1 0
1369 44 17 0 1
1370 9 18 0 -1
1371 41 36 -1 0
1372 19 12 0 -1
1373 55 6 0 1
1374 18 36 -1 0
1375 28 19 0 1
1376 41 23 -1 0
1377 71 39 -1 0
1378 24 35 -1 0
1379 51 16 -1 0
1380 46 29 0 -1
1381 92 32 -1 0
1382 23 7 0 1
1383 98 29 0 1
1384 39 27 0 -1
1385 54 19 0 -1
1386 84 11 1 0
1387 8 34 0 -1
1388 14 2 1 0
1389 90 9 1 0
1390 49 28 1 0
1391 39 7 -1 0
1392 37 23 -1 0
1393 56 0 0 1
1394 42 27 -1 0
1395 44 4 -1 0
1396 53 37 0 1
1397 41 16 -1 0
1398 9 8 1 0
1399 40 3 0 -1
1400 43 7 0 1
1401 42 17 1 0
1402 90 38 0 1
1403 53 33 0 -1
1404 12 26 0 1
1405 28 27 -1 0
1406 12 32 1 0
1407 21 26 0 1
1408 75 29 0 -1
1409 44 27 -1 0
1410 66 2 1 0
1411 10 9 0 1
1412 79 6 0 -1
1413 6 19 0 1
1414 41 9 0 1
1415 41 15 -1 0
1416 90 13 0 -1
1417 40 19 0 -1
1418 62 19 0 -1
1419 17 32 0 1
1420 18 1 1 0
1421 15 32 -1 0
1422 25 23 1 0
1423 69 31 0 -1
1424 46 38 1 0
1425 18 22 -1 0
1426 80 28 1 0
1427 1 15 0 -1
1428 13 4 -1 0
1429 8 23 -1 0
1430 45 5 1 0
1431 47 25 0 1
1432 37 32 1 0
1433 94 17 0 -1
1434 18 19 1 0
1435 46 30 1 0
1436 40 7 -1 0
1437 93 3 1 0
1438 64 24 0 1
1439 6 7 -1 0
1440 47 7 0 -1
1441 1 1 0 1
1442 20 38 1 0
1443 22 35 -1 0
1444 57 14 0 1
1445 95 28 0 1
1446 47 13 0 -1
1447 58 31 0 -1
1448 42 35 1 0
1449 85 34 0 1
1450 91 24 0 1
1451 8 33 1 0
1452 23 22 0 1
1453 66 26 1 0
1454 97 35 1 0
1455 6 32 -1 0
1456 85 3 -1 0
1457 16 33 0 -1
1458 35 13 -1 0
1459 26 13 -1 0
1460 39 1 0 -1
1461 9 28 0 -1
1462 44 3 0 -1
1463 56 35 1 0
1464 93 19 -1 0
1465 10 34 0 -1
1466 77 14 -1 0
1467 46 8 0 -1
1468 52 17 -1 0
1469 22 14 1 0
1470 38 35 0 1
1471 46 19 0 1
1472 2 21 1 0
1473 27 36 0 -1
1474 94 20 -1 0
1475 92 28 1 0
1476 79 11 0 -1
1477 37 5 -1 0
1478 72 31 -1 0
1479 42 8 0 1
1480 89 25 0 -1
1481 93 4 1 0
1482 48 8 -1 0
1483 55 38 -1 0
1484 16 18 0 -1
1485 93 5 0 1
1486 47 33 0 1
1487 47 23 1 0
1488 56 18 -1 0
1489 73 4 0 1
1490 45 25 1 0
1491 30 2 -1 0
1492 46 28 0 1
1493 91 30 1 0
1494 69 4 0 -1
1495 46 27 0 1
1496 6 20 0 -1
1497 41 2 1 0
1498 24 31 0 -1
1499 41 35 -1 0
1500 39 27 0 1
1501 72 29 -1 0
1502 72 30 -1 0
1503 17 19 1 0
1504 62 10 0 -1
1505 17 29 0 1
1506 44 3 0 -1
1507 42 36 1 0
1508 31 32 1 0
1509 13 5 0 1
1510 86 25 0 1
1511 89 38 1 0
1512 84 9 0 -1
1513 84 36 0 1
1514 31 1 0 1
1515 60 0 1 0
1516 78 28 1 0
1517 67 4 0 1
1518 72 34 0 -1
1519 47 19 0 1
1520 20 1 0 -1
1521 90 15 0 1
1522 76 34 0 1
1523 73 13 -1 0
1524 58 17 -1 0
1525 10 3 -1 0
1526 38 18 0 -1
1527 18 37 0 -1
1528 83 23 1 0
1529 44 26 1 0
1530 61 6 -1 0
1531 66 1 1 0
1532 90 33 1 0
1533 6 13 0 -1
1534 41 17 0 -1
1535 51 7 1 0
1536 12 31 1 0
1537 21 21 -1 0
1538 62 37 0 -1
1539 45 37 0 -1
1540 39 0 0 -1
1541 48 27 0 1
1542 17 3 0 1
1543 66 18 1 0
1544 96 7 -1 0
1545 40 35 0 1
1546 23 9 1 0
1547 79 26 0 1
1548 93 37 0 1
1549 95 24 1 0
1550 94 8 0 1
1551 97 11 0 -1
1552 14 5 0 1
1553 12 2 0 -1
1554 36 6 0 -1
1555 22 4 0 -1
1556 36 2 -1 0
1557 1 14 1 0
1558 23 12 0 1
1559 59 22 0 -1
1560 83 33 0 -1
1561 56 25 1 0
1562 83 32 0 -1
1563 79 36 1 0
1564 49 26 -1 0
1565 47 8 -1 0
1566 77 6 0 -1
1567 18 30 1 0
1568 13 6 0 1
1569 14 14 1 0
1570 48 29 0 -1
1571 9 1 -1 0
1572 24 32 0 1
1573 90 4 0 -1
1574 18 26 0 -1
1575 20 37 0 -1
1576 94 17 0 1
1577 13 31 -1 0
1578 46 34 0 1
1579 82 17 0 1
1580 18 20 0 1
1581 37 11 0 -1
1582 55 36 -1 0
1583 21 11 1 0
1584 28 0 1 0
1585 17 13 0 1
1586 59 34 1 0
1587 92 6 -1 0
1588 7 30 0 1
1589 93 35 0 1
1590 66 6 0 -1
1591 29 20 0 -1
1592 57 11 1 0
1593 18 6 0 1
1594 93 19 0 1
1595 1 34 -1 0
1596 15 39 0 -1
1597 21 33 1 0
1598 22 30 1 0
1599 77 32 1 0
1600 1 26 1 0
1601 87 31 0 -1
1602 55 3 0 1
1603 0 20 0 1
1604 76 0 1 0
1605 80 26 1 0
1606 28 0 0 -1
1607 54 22 0 1
1608 4 23 1 0
1609 46 7 -1 0
1610 94 31 0 1
1611 7 29 -1 0
1612 93 19 1 0
1613 78 33 -1 0
1614 44 2 0 1
1615 15 8 -1 0
1616 21 8 0 1
1617 51 39 0 1
1618 79 30 0 1
1619 11 32 1 0
1620 93 14 0 1
1621 59 38 0 -1
1622 62 18 0 1
1623 26 5 0 -1
1624 61 9 -1 0
1625 59 8 0 1
1626 55 9 -1 0
1627 60 7 0 -1
1628 97 39 0 1
1629 18 10 0 -1
1630 32 11 0 -1
1631 12 10 -1 0
1632 48 21 0 1
1633 24 7 -1 0
1634 30 12 0 -1
1635 53 37 0 -1
1636 37 9 0 1
1637 68 31 0 -1
1638 31 4 0 -1
1639 11 17 0 -1
1640 25 39 -1 0
1641 9 17 0 1
1642 37 20 0 -1
1643 92 15 1 0
1644 66 5 -1 0
1645 4 19 0 1
1646 85 11 0 -1
1647 29 31 1 0
1648 10 7 0 1
1649 70 32 0 -1
1650 45 18 0 -1
1651 8 1 -1 0
1652 28 21 0 -1
1653 50 25 0 -1
1654 28 37 1 0
1655 27 38 0 1
1656 42 32 0 1
1657 51 14 0 1
1658 44 13 0 1
1659 46 2 0 1
1660 17 21 1 0
1661 48 4 1 0
1662 38 17 0 -1
1663 8 23 -1 0
1664 86 19 0 -1
1665 24 5 0 1
1666 18 10 0 -1
1667 2 11 0 1
1668 4 26 0 -1
1669 53 10 1 0
1670 93 39 0 1
1671 57 15 1 0
1672 5 6 1 0
1673 39 36 1 0
1674 28 33 1 0
1675 78 23 1 0
1676 11 1 1 0
1677 53 4 -1 0
1678 92 8 0 -1
1679 0 18 0 1
1680 91 33 0 -1
1681 63 39 0 1
1682 36 5 1 0
1683 21 24 1 0
1684 29 0 0 -1
1685 23 13 0 -1
1686 62 27 -1 0
1687 0 16 1 0
1688 94 26 1 0
1689 58 0 1 0
1690 86 34 -1 0
1691 87 24 1 0
1692 18 32 0 -1
1693 20 20 0 -1
1694 13 35 0 -1
1695 11 21 0 1
1696 37 22 0 1
1697 97 10 -1 0
1698 99 23 0 -1
1699 95 30 -1 0
1700 79 22 0 1
1701 54 22 0 -1
1702 44 37 0 1
1703 78 32 0 1
1704 41 17 0 -1
1705 49 18 0 1
1706 81 1 -1 0
1707 78 27 0 -1
1708 23 17 0 1
1709 39 32 -1 0
1710 67 10 1 0
1711 27 27 -1 0
1712 25 38 1 0
1713 39 6 1 0
1714 93 17 0 1
1715 98 4 1 0
1716 27 23 -1 0
1717 81 21 0 -1
1718 40 31 0 1
1719 23 7 1 0
1720 21 35 -1 0
1721 1 34 -1 0
1722 55 34 1 0
1723 15 14 1 0
1724 63 1 0 -1
1725 79 14 -1 0
1726 78 7 0 1
1727 38 17 -1 0
1728 73 33 -1 0
1729 86 26 0 -1
1730 63 34 0 1
1731 96 31 0 1
1732 52 16 0 1
1733 27 30 0 1
1734 78 16 0 -1
1735 99 31 1 0
1736 61 23 1 0
1737 5 21 1 0
1738 94 25 1 0
1739 51 14 0 1
1740 99 9 -1 0
1741 0 11 1 0
1742 80 39 -1 0
1743 61 3 0 -1
1744 20 30 -1 0
1745 40 26 0 1
1746 25 18 0 -1
1747 27 11 -1 0
1748 30 22 1 0
1749 51 6 0 1
1750 94 5 0 -1
1751 22 1 1 0
1752 38 35 0 -1
1753 17 6 -1 0
1754 18 3 0 -1
1755 12 35 1 0
1756 27 38 -1 0
1757 25 4 0 1
1758 38 29 0 1
1759 95 11 0 -1
1760 60 9 -1 0
1761 24 34 1 0
1762 68 37 0 -1
1763 20 8 0 1
1764 92 4 1 0
1765 38 0 1 0
1766 8 13 -1 0
1767 72 32 0 1
1768 67 16 -1 0
1769 27 25 1 0
1770 83 36 0 -1
1771 53 13 1 0
1772 26 11 0 1
1773 9 35 -1 0
1774 98 5 0 -1
1775 20 36 0 1
1776 4 16 0 1
1777 18 4 -1 0
1778 85 21 0 -1
1779 17 38 0 1
1780 64 6 -1 0
1781 45 8 0 1
1782 39 12 -1 0
1783 70 26 0 -1
1784 13 33 0 -1
1785 52 14 -1 0
1786 53 5 -1 0
1787 68 9 0 -1
1788 59 14 -1 0
1789 27 21 -1 0
1790 53 24 1 0
1791 23 11 1 0
1792 18 23 1 0
1793 13 30 1 0
1794 96 16 0 -1
1795 95 35 -1 0
1796 86 30 0 1
1797 7 33 0 1
1798 94 8 0 1
1799 7 6 -1 0
1800 46 23 1 0
1801 66 7 0 1
1802 1 5 0 -1
1803 49 25 0 1
1804 49 36 0 1
1805 93 21 0 -1
1806 91 17 0 1
1807 2 11 0 1
1808 8 37 0 -1
1809 62 11 0 -1
1810 23 28 -1 0
1811 10 33 0 -1
1812 2 11 0 -1
1813 16 25 0 1
1814 24 5 -1 0
1815 60 10 -1 0
1816 97 4 -1 0
1817 48 22 0 -1
1818 86 19 0 1
1819 50 20 0 1
1820 68 23 0 -1
1821 71 20 0 -1
1822 46 15 0 1
1823 87 21 0 1
1824 80 28 -1 0
1825 45 6 1 0
1826 17 28 0 -1
1827 58 29 -1 0
1828 65 1 0 1
1829 97 8 0 -1
1830 18 7 -1 0
1831 2 33 -1 0
1832 37 30 -1 0
1833 52 20 0 -1
1834 1 39 0 -1
1835 90 5 0 -1
1836 21 36 0 -1
1837 75 33 0 -1
1838 13 17 0 -1
1839 99 16 -1 0
1840 39 31 0 1
1841 25 20 0 1
1842 27 22 0 1
1843 98 14 0 -1
1844 18 27 1 0
1845 36 31 1 0
1846 15 12 1 0
1847 5 1 -1 0
1848 76 30 0 -1
1849 46 30 1 0
1850 8 7 0 -1
1851 53 34 -1 0
1852 18 17 0 1
1853 49 7 0 -1
1854 19 36 0 -1
1855 17 26 0 1
1856 48 33 1 0
1857 5 22 1 0
1858 23 19 1 0
1859 27 27 0 1
1860 72 11 0 -1
1861 0 1 0 1
1862 15 2 1 0
1863 49 39 -1 0
1864 79 33 1 0
1865 57 7 1 0
1866 13 13 0 -1
1867 29 35 1 0
1868 48 24 1 0
1869 80 23 0 -1
1870 51 39 1 0
1871 28 30 1 0
1872 49 5 1 0
1873 40 31 1 0
1874 95 5 0 -1
1875 91 22 1 0
1876 23 11 -1 0
1877 67 31 0 1
1878 18 25 -1 0
1879 30 2 -1 0
1880 40 14 1 0
1881 44 1 0 1
1882 85 27 0 1
1883 39 31 -1 0
1884 18 15 1 0
1885 61 2 1 0
1886 95 8 0 -1
1887 9 3 0 -1
1888 90 22 -1 0
1889 12 29 1 0
1890 9 27 0 1
1891 36 39 1 0
1892 71 14 0 1
1893 40 30 -1 0
1894 41 33 0 -1
1895 13 38 -1 0
1896 22 33 1 0
1897 41 35 0 1
1898 25 16 0 1
1899 22 25 1 0
1900 30 20 0 1
1901 28 39 0 1
1902 47 30 0 -1
1903 10 37 0 1
1904 25 2 -1 0
1905 41 12 0 -1
1906 26 36 0 -1
1907 6 38 1 0
1908 52 36 0 -1
1909 48 22 -1 0
1910 11 23 0 1
1911 28 16 0 -1
1912 74 1 0 -1
1913 70 21 1 0
1914 91 7 -1 0
1915 90 22 0 1
1916 24 11 1 0
1917 48 20 -1 0
1918 63 19 0 -1
1919 29 13 1 0
1920 49 0 0 -1
1921 28 17 0 -1
1922 85 2 0 1
1923 48 24 1 0
1924 63 13 1 0
1925 81 2 0 1
1926 82 20 -1 0
1927 23 25 0 -1
1928 2 27 0 1
1929 6 7 0 -1
1930 24 8 0 -1
1931 53 1 1 0
1932 22 32 0 -1
1933 46 13 1 0
1934 82 36 1 0
1935 11 23 -1 0
1936 95 0 0 -1
1937 76 2 0 1
1938 95 8 0 -1
1939 89 18 0 -1
1940 97 37 1 0
1941 94 7 1 0
1942 42 7 0 -1
1943 40 0 -1 0
1944 99 35 -1 0
1945 76 12 -1 0
1946 63 24 0 1
1947 91 25 -1 0
1948 69 28 0 1
1949 59 10 -1 0
1950 76 5 0 1
1951 56 9 1 0
1952 52 2 0 1
1953 7 15 0 1
1954 46 35 0 -1
1955 38 13 -1 0
1956 17 17 -1 0
1957 95 21 1 0
1958 72 29 0 -1
1959 10 18 -1 0
1960 70 32 1 0
1961 31 18 -1 0
1962 16 18 -1 0
1963 41 7 0 -1
1964 18 14 0 1
1965 37 13 -1 0
1966 14 13 0 -1
1967 60 29 1 0
1968 12 36 0 1
1969 46 20 0 -1
1970 80 30 1 0
1971 50 16 0 1
1972 45 15 0 -1
1973 39 20 0 1
1974 39 13 0 -1
1975 5 3 1 0
1976 53 16 0 1
1977 28 28 0 -1
1978 69 13 -1 0
1979 66 27 0 -1
1980 55 31 0 1
1981 68 26 -1 0
1982 67 28 1 0
1983 13 30 1 0
1984 39 10 0 -1
1985 9 28 1 0
1986 45 22 0 -1
1987 20 31 0 -1
1988 28 14 0 1
1989 26 14 0 1
1990 25 7 0 -1
1991 42 30 0 1
1992 9 14 0 1
1993 42 1 0 1
1994 93 25 1 0
1995 98 35 0 -1
1996 41 17 0 1
1997 10 0 0 -1
1998 14 34 0 -1
1999 97 23 0 -1
2000 26 16 -1 0
2001 29 11 0 -1
2002 73 3 1 0
2003 39 10 1 0
2004 36 30 1 0
2005 86 2 1 0
2006 19 27 -1 0
2007 73 17 0 -1
2008 30 35 0 1
2009 45 15 1 0
2010 6 19 -1 0
2011 46 6 0 -1
2012 72 17 1 0
2013 88 37 1 0
2014 11 8 0 1
2015 99 16 -1 0
2016 58 15 0 -1
2017 20 9 0 -1
2018 8 14 0 -1
2019 65 9 0 1
2020 54 0 0 -1
2021 91 27 0 1
2022 25 0 0 1
2023 88 5 0 1
2024 1 5 0 -1
2025 9 15 0 1
2026 18 18 0 -1
2027 37 12 0 -1
2028 5 38 1 0
2029 13 35 -1 0
2030 70 14 -1 0
2031 95 33 0 1
2032 98 14 0 1
2033 79 36 -1 0
2034 80 18 1 0
2035 75 31 1 0
2036 50 21 0 -1
2037 28 11 -1 0
2038 62 11 -1 0
2039 17 4 0 1
2040 96 3 0 -1
2041 42 8 -1 0
2042 91 22 0 -1
2043 45 37 0 -1
2044 85 11 0 -1
2045 51 23 1 0
2046 46 30 0 -1
2047 77 38 -1 0
2048 9 27 0 1
2049 42 21 0 -1
2050 92 21 -1 0
2051 96 29 0 1
2052 37 21 1 0
2053 73 10 1 0
2054 26 8 -1 0
2055 40 14 0 1
2056 9 12 0 1
2057 16 3 0 -1
2058 60 35 0 -1
2059 43 23 1 0
2060 15 36 0 1
2061 29 19 -1 0
2062 28 3 0 -1
2063 78 7 0 -1
2064 50 36 1 0
2065 20 22 -1 0
2066 60 28 0 1
2067 28 7 0 1
2068 20 7 0 -1
2069 44 2 0 1
2070 25 6 0 1
2071 4 3 1 0
2072 19 2 0 1
2073 74 2 1 0
2074 71 29 0 -1
2075 91 34 0 -1
2076 50 27 -1 0
2077 12 27 0 1
2078 46 13 -1 0
2079 95 33 -1 0
2080 41 4 0 -1
2081 11 5 0 1
2082 40 22 0 -1
2083 41 28 0 1
2084 51 38 0 -1
2085 19 13 -1 0
2086 12 8 0 -1
2087 87 14 1 0
2088 95 2 1 0
2089 83 15 -1 0
2090 21 29 0 -1
2091 95 31 1 0
2092 93 33 -1 0
2093 5 36 0 -1
2094 6 3 1 0
2095 92 5 1 0
2096 42 19 0 1
2097 28 18 0 -1
2098 48 23 -1 0
2099 30 17 0 -1
2100 96 6 0 1
2101 14 13 0 1
2102 50 21 0 -1
2103 27 30 0 1
2104 39 28 -1 0
2105 74 37 0 1
2106 6 32 0 -1
2107 26 4 0 -1
2108 3 11 -1 0
2109 84 28 1 0
2110 8 2 1 0
2111 60 21 0 1
2112 50 10 0 1
2113 17 20 1 0
2114 22 11 1 0
2115 61 18 0 -1
2116 4 34 0 1
2117 36 32 1 0
2118 47 2 0 -1
2119 37 12 -1 0
2120 37 8 -1 0
2121 25 33 1 0
2122 84 27 1 0
2123 62 27 1 0
2124 62 3 0 1
2125 99 28 0 -1
2126 54 9 0 1
2127 44 22 0 -1
2128 91 33 0 1
2129 55 39 1 0
2130 63 22 0 -1
2131 90 23 0 1
2132 90 16 1 0
2133 52 20 0 -1
2134 52 39 0 -1
2135 13 19 0 1
2136 23 21 0 -1
2137 73 4 1 0
2138 22 3 0 -1
2139 76 25 0 1
2140 47 1 1 0
2141 43 20 -1 0
2142 29 1 1 0
2143 68 6 0 -1
2144 45 8 1 0
2145 7 33 -1 0
2146 46 37 -1 0
2147 28 21 1 0
2148 54 13 0 -1
2149 82 12 -1 0
2150 61 39 0 -1
2151 28 11 -1 0
2152 43 11 -1 0
2153 35 14 0 -1
2154 9 20 0 1
2155 93 11 1 0
2156 93 24 1 0
2157 57 22 0 1
2158 67 24 0 -1
2159 27 14 0 -1
2160 36 2 0 -1
2161 97 1 0 -1
2162 58 13 0 -1
2163 38 13 -1 0
2164 91 15 0 -1
2165 36 27 0 1
2166 77 35 0 1
2167 21 17 -1 0
2168 42 30 0 1
2169 30 23 0 -1
2170 97 5 0 -1
2171 63 33 1 0
2172 3 27 1 0
2173 46 14 0 1
2174 8 3 0 1
2175 85 23 -1 0
2176 92 24 -1 0
2177 55 38 1 0
2178 9 23 -1 0
2179 7 22 1 0
2180 0 2 0 1
2181 11 7 0 -1
2182 56 18 -1 0
2183 37 28 0 -1
2184 46 14 1 0
2185 98 15 1 0
2186 87 24 1 0
2187 54 30 0 1
2188 35 33 0 1
2189 81 36 0 1
2190 39 13 -1 0
2191 41 2 -1 0
2192 97 18 -1 0
2193 18 2 0 -1
2194 23 32 1 0
2195 26 1 0 -1
2196 72 2 -1 0
2197 93 20 0 -1
2198 25 8 1 0
2199 56 14 0 1
2200 26 14 0 1
2201 88 25 -1 0
2202 98 16 -1 0
2203 11 35 0 1
2204 52 30 1 0
2205 30 28 0 1
2206 36 10 0 1
2207 73 33 0 -1
2208 78 2 1 0
2209 82 39 0 -1
2210 5 3 0 -1
2211 48 15 0 1
2212 22 35 1 0
2213 33 30 0 1
2214 67 24 -1 0
2215 70 5 1 0
2216 49 15 -1 0
2217 28 17 0 -1
2218 77 1 0 1
2219 25 4 0 1
2220 27 15 0 -1
2221 6 8 -1 0
2222 28 34 1 0
2223 12 5 0 1
2224 22 23 0 1
2225 62 4 0 1
2226 42 13 -1 0
2227 14 34 1 0
2228 41 16 0 -1
2229 87 38 -1 0
2230 94 32 1 0
2231 93 9 1 0
2232 50 9 0 1
2233 20 23 0 1
2234 40 0 -1 0
2235 78 2 1 0
2236 42 19 0 -1
2237 0 16 0 1
2238 24 35 0 1
2239 96 2 1 0
2240 40 18 -1 0
2241 2 8 -1 0
2242 77 32 0 1
2243 0 35 0 -1
2244 13 32 1 0
2245 14 27 1 0
2246 57 13 0 -1
2247 82 31 0 1
2248 91 2 0 1
2249 16 11 -1 0
2250 97 9 0 -1
2251 41 18 1 0
2252 97 13 1 0
2253 47 32 0 -1
2254 13 23 0 -1
2255 53 4 1 0
2256 11 6 0 -1
2257 45 39 1 0
2258 17 17 -1 0
2259 95 23 0 1
2260 59 29 0 -1
2261 69 23 0 1
2262 23 2 0 1
2263 46 39 0 1
2264 21 28 0 -1
2265 83 38 1 0
2266 15 21 0 1
2267 82 35 0 1
2268 6 35 1 0
2269 26 32 -1 0
2270 13 24 -1 0
2271 96 24 0 -1
2272 9 35 1 0
2273 23 14 0 -1
2274 27 32 -1 0
2275 13 30 0 -1
2276 76 0 -1 0
2277 7 21 1 0
2278 56 21 0 -1
2279 0 39 -1 0
2280 85 2 0 1
2281 92 14 1 0
2282 12 19 0 1
2283 76 21 0 -1
2284 0 34 0 1
2285 21 38 -1 0
2286 25 28 -1 0
2287 23 37 1 0
2288 22 16 0 1
2289 88 16 1 0
2290 93 6 0 1
2291 32 0 -1 0
2292 40 38 0 -1
2293 87 24 1 0
2294 49 20 0 -1
2295 42 29 -1 0
2296 10 15 0 -1
2297 43 36 1 0
2298 69 13 -1 0
2299 83 31 -1 0
2300 49 33 0 1
2301 55 5 1 0
2302 60 23 1 0
2303 98 13 0 -1
2304 39 2 -1 0
2305 24 6 -1 0
2306 44 28 1 0
2307 6 35 1 0
2308 89 9 0 -1
2309 42 21 0 1
2310 14 12 -1 0
2311 97 4 0 -1
2312 98 2 0 1
2313 22 9 -1 0
2314 46 39 0 -1
2315 43 1 1 0
2316 39 37 0 -1
2317 19 34 1 0
2318 2 6 -1 0
2319 44 28 0 1
2320 46 18 0 1
2321 15 12 -1 0
2322 85 13 1 0
2323 55 25 0 1
2324 56 7 1 0
2325 40 22 0 -1
2326 57 9 -1 0
2327 41 22 0 -1
2328 21 16 -1 0
2329 64 17 0 -1
2330 51 17 0 -1
2331 80 29 1 0
2332 46 19 0 1
2333 45 16 0 -1
2334 72 13 1 0
2335 16 11 1 0
2336 25 32 -1 0
2337 22 33 1 0
2338 85 22 0 -1
2339 26 38 -1 0
2340 13 5 0 1
2341 25 8 1 0
2342 6 34 0 -1
2343 15 17 1 0
2344 41 8 -1 0
2345 40 27 0 1
2346 20 19 0 -1
2347 96 4 1 0
2348 97 25 -1 0
2349 51 11 0 1
2350 45 24 1 0
2351 49 36 0 -1
2352 5 35 -1 0
2353 65 13 0 -1
2354 21 31 -1 0
2355 21 36 0 1
2356 97 36 1 0
2357 59 36 -1 0
2358 36 28 1 0
2359 43 30 0 1
2360 84 25 0 1
2361 8 3 -1 0
2362 5 9 1 0
2363 73 23 0 1
2364 23 4 -1 0
2365 22 12 1 0
2366 97 12 0 1
2367 56 9 -1 0
2368 13 39 -1 0
2369 41 14 0 -1
2370 79 34 1 0
2371 78 33 1 0
2372 39 30 -1 0
2373 42 13 -1 0
2374 94 25 0 -1
2375 11 2 -1 0
2376 53 10 0 -1
2377 11 22 -1 0
2378 26 11 1 0
2379 17 10 -1 0
2380 42 19 0 1
2381 74 16 1 0
2382 27 9 1 0
2383 8 34 0 -1
2384 93 15 0 -1
2385 53 12 0 1
2386 2 21 0 -1
2387 46 25 -1 0
2388 38 27 0 -1
2389 4 23 -1 0
2390 87 0 0 1
2391 39 30 -1 0
2392 30 19 1 0
2393 72 9 1 0
2394 21 9 0 -1
2395 73 15 -1 0
2396 12 7 1 0
2397 8 7 -1 0
2398 73 35 1 0
2399 74 13 0 -1
