0 57 10 0 1
1 72 7 0 -1
2 97 35 -1 0
3 97 3 -1 0
4 99 39 1 0
5 59 36 -1 0
6 39 18 0 1
7 40 30 0 -1
8 43 12 -1 0
9 90 26 0 -1
10 94 31 0 -1
11 1 10 -1 0
12 30 34 1 0
13 7 16 0 1
14 76 14 -1 0
15 99 1 0 -1
16 22 10 0 -1
17 65 32 0 1
18 4 20 0 -1
19 52 27 -1 0
20 91 7 0 1
21 42 39 1 0
22 82 35 0 -1
23 41 9 0 -1
24 7 19 1 0
25 70 35 0 1
26 41 26 0 1
27 26 10 1 0
28 15 34 -1 0
29 92 26 0 -1
30 87 19 -1 0
31 4 32 0 -1
32 83 1 1 0
33 18 8 1 0
34 26 6 0 -1
35 83 22 0 -1
36 62 12 1 0
37 68 7 0 1
38 17 23 0 1
39 2 15 1 0
40 71 32 1 0
41 55 25 0 -1
42 54 17 0 -1
43 60 24 0 1
44 24 17 -1 0
45 40 11 1 0
46 48 10 0 1
47 15 20 0 -1
48 75 8 0 1
49 21 13 1 0
50 77 23 1 0
51 78 11 -1 0
52 10 29 1 0
53 52 38 0 1
54 17 36 0 1
55 89 29 -1 0
56 73 19 0 1
57 9 11 1 0
58 84 35 1 0
59 14 14 -1 0
60 63 12 0 1
61 36 0 -1 0
62 46 14 0 -1
63 90 28 0 1
64 53 28 0 -1
65 26 21 -1 0
66 95 34 0 1
67 20 9 1 0
68 98 35 0 1
69 11 19 1 0
70 61 29 -1 0
71 47 18 0 -1
72 68 39 -1 0
73 55 32 0 1
74 49 21 -1 0
75 69 0 1 0
76 1 32 -1 0
77 45 38 0 -1
78 43 7 0 -1
79 26 36 0 1
80 33 21 0 1
81 78 38 -1 0
82 84 34 1 0
83 9 0 -1 0
84 70 30 -1 0
85 28 26 0 -1
86 74 8 0 -1
87 83 39 -1 0
88 8 35 1 0
89 54 9 -1 0
90 43 22 1 0
91 70 8 1 0
92 79 21 0 -1
93 53 10 1 0
94 81 35 0 1
95 17 26 0 1
96 43 39 -1 0
97 72 35 0 -1
98 13 14 -1 0
99 65 2 0 -1
100 87 37 0 1
101 92 16 -1 0
102 7 15 1 0
103 87 12 0 -1
104 0 21 1 0
105 0 34 1 0
106 49 21 -1 0
107 43 5 1 0
108 56 30 0 -1
109 86 23 1 0
110 58 21 1 0
111 2 16 0 -1
112 76 16 0 -1
113 55 36 -1 0
114 40 33 -1 0
115 89 10 0 1
116 7 35 0 1
117 84 26 -1 0
118 84 17 0 -1
119 84 24 0 1
120 23 10 0 1
121 16 16 1 0
122 5 30 0 1
123 39 30 0 -1
124 92 10 -1 0
125 3 20 0 -1
126 21 37 -1 0
127 15 26 0 1
128 16 2 1 0
129 25 33 -1 0
130 65 10 -1 0
131 74 33 0 1
132 19 4 0 -1
133 61 3 -1 0
134 62 39 0 -1
135 89 32 -1 0
136 83 28 -1 0
137 49 9 -1 0
138 24 31 0 1
139 88 22 -1 0
140 40 31 0 -1
141 94 39 0 -1
142 37 10 0 -1
143 9 27 -1 0
144 27 2 0 1
145 55 10 1 0
146 88 3 -1 0
147 80 4 0 -1
148 74 14 0 -1
149 40 27 0 1
150 78 23 0 1
151 42 17 1 0
152 41 33 0 -1
153 7 22 -1 0
154 1 7 0 1
155 89 16 1 0
156 52 26 0 -1
157 84 36 0 1
158 11 6 1 0
159 19 8 1 0
160 5 18 0 -1
161 60 5 1 0
162 85 9 -1 0
163 48 30 -1 0
164 82 13 1 0
165 20 25 0 -1
166 91 27 0 -1
167 66 5 -1 0
168 20 32 0 -1
169 41 24 0 -1
170 20 34 0 1
171 57 29 0 -1
172 42 14 -1 0
173 68 5 1 0
174 25 2 0 -1
175 86 37 -1 0
176 36 1 1 0
177 6 12 0 1
178 58 34 0 -1
179 1 6 0 -1
180 81 2 -1 0
181 54 37 0 1
182 3 23 1 0
183 33 38 0 1
184 83 5 0 1
185 99 6 1 0
186 17 21 0 -1
187 0 27 0 -1
188 8 30 -1 0
189 15 35 -1 0
190 8 31 -1 0
191 89 21 1 0
192 19 5 -1 0
193 7 4 1 0
194 98 25 0 1
195 4 1 1 0
196 20 18 0 1
197 57 2 -1 0
198 9 17 0 -1
199 54 15 -1 0
200 59 20 -1 0
201 6 21 -1 0
202 27 17 1 0
203 2 27 -1 0
204 41 32 0 1
205 58 10 -1 0
206 46 13 1 0
207 63 23 0 -1
208 0 17 1 0
209 63 0 0 -1
210 24 30 0 -1
211 2 20 1 0
212 57 26 0 1
213 64 30 0 -1
214 93 24 -1 0
215 57 14 0 1
216 47 12 -1 0
217 96 12 0 1
218 70 6 1 0
219 6 4 0 -1
220 45 39 -1 0
221 63 1 1 0
222 7 7 -1 0
223 43 8 1 0
224 92 13 0 1
225 46 28 0 1
226 41 35 -1 0
227 41 4 -1 0
228 19 30 0 -1
229 23 33 1 0
230 0 11 1 0
231 56 31 -1 0
232 7 27 -1 0
233 24 15 0 -1
234 18 12 0 1
235 54 39 1 0
236 38 8 1 0
237 28 10 1 0
238 18 30 1 0
239 7 10 1 0
240 7 4 0 -1
241 89 35 -1 0
242 21 17 0 1
243 86 36 0 -1
244 23 38 1 0
245 95 13 1 0
246 39 26 -1 0
247 2 8 -1 0
248 12 39 0 1
249 52 10 -1 0
250 56 3 1 0
251 60 31 0 1
252 40 32 0 -1
253 48 24 0 -1
254 71 7 0 -1
255 19 8 -1 0
256 25 34 -1 0
257 66 14 0 1
258 77 10 1 0
259 96 2 -1 0
260 15 17 1 0
261 25 23 0 -1
262 96 29 -1 0
263 48 0 0 1
264 25 38 -1 0
265 61 39 1 0
266 20 38 1 0
267 51 3 1 0
268 17 22 0 -1
269 99 36 0 1
270 7 0 0 1
271 77 1 1 0
272 45 31 0 1
273 48 31 0 1
274 78 26 1 0
275 52 16 0 1
276 91 23 -1 0
277 9 27 0 1
278 97 39 1 0
279 80 1 0 -1
280 2 20 0 -1
281 96 29 1 0
282 37 4 0 -1
283 16 30 1 0
284 59 17 1 0
285 69 26 0 1
286 98 33 -1 0
287 60 17 0 -1
288 29 28 0 1
289 69 38 0 -1
290 27 8 0 -1
291 51 30 0 1
292 39 28 0 -1
293 47 39 0 1
294 24 31 0 -1
295 92 29 -1 0
296 2 9 0 1
297 12 8 -1 0
298 91 10 1 0
299 26 17 0 1
300 66 2 1 0
301 89 6 1 0
302 29 14 1 0
303 22 2 -1 0
304 43 11 -1 0
305 44 11 0 -1
306 89 39 0 -1
307 29 24 1 0
308 25 25 -1 0
309 38 33 0 -1
310 17 23 1 0
311 22 2 0 -1
312 17 11 0 1
313 14 21 -1 0
314 65 14 1 0
315 7 22 0 1
316 40 11 1 0
317 39 36 0 1
318 44 28 0 -1
319 80 27 0 -1
320 10 32 1 0
321 65 10 0 -1
322 23 11 0 1
323 95 37 1 0
324 25 34 0 -1
325 25 11 -1 0
326 96 26 1 0
327 42 16 0 1
328 21 8 0 1
329 10 10 -1 0
330 13 29 1 0
331 15 10 1 0
332 41 25 1 0
333 18 39 0 -1
334 3 11 1 0
335 66 17 0 1
336 71 34 0 1
337 43 34 0 -1
338 85 18 -1 0
339 72 9 0 1
340 49 16 0 1
341 62 20 -1 0
342 86 13 0 -1
343 3 26 -1 0
344 46 27 1 0
345 4 4 -1 0
346 42 14 1 0
347 45 23 -1 0
348 5 1 0 1
349 24 22 -1 0
350 42 36 -1 0
351 4 21 0 1
352 51 19 0 -1
353 26 21 1 0
354 42 2 0 -1
355 13 34 1 0
356 1 15 1 0
357 22 19 0 1
358 66 16 0 1
359 23 3 -1 0
360 58 8 0 -1
361 29 27 -1 0
362 82 14 0 -1
363 67 30 0 1
364 99 13 0 -1
365 75 27 0 1
366 9 23 1 0
367 23 39 0 -1
368 16 30 -1 0
369 52 7 0 1
370 89 18 1 0
371 6 17 -1 0
372 56 25 -1 0
373 81 19 1 0
374 75 19 0 1
375 74 7 0 -1
376 81 15 1 0
377 82 31 -1 0
378 87 32 -1 0
379 79 23 0 1
380 54 9 1 0
381 75 30 0 -1
382 83 26 0 1
383 86 4 0 -1
384 85 11 -1 0
385 21 39 0 1
386 39 11 0 -1
387 56 4 0 -1
388 15 6 0 1
389 79 8 1 0
390 25 0 0 1
391 47 31 -1 0
392 20 31 -1 0
393 82 5 0 1
394 60 23 0 -1
395 98 36 0 1
396 15 27 0 1
397 13 12 0 1
398 54 39 1 0
399 21 36 0 -1
400 58 10 0 1
401 9 18 -1 0
402 29 30 1 0
403 21 28 0 -1
404 64 10 0 1
405 1 35 0 1
406 47 31 0 -1
407 77 21 -1 0
408 37 6 0 1
409 97 31 -1 0
410 73 38 0 -1
411 27 8 0 -1
412 42 2 1 0
413 36 10 0 1
414 99 16 -1 0
415 89 18 1 0
416 49 31 -1 0
417 6 18 1 0
418 80 32 0 1
419 45 2 0 -1
420 98 37 0 1
421 3 12 -1 0
422 42 0 0 -1
423 90 6 0 1
424 24 18 1 0
425 35 38 0 -1
426 71 30 1 0
427 85 21 0 -1
428 54 10 0 -1
429 31 27 0 -1
430 69 14 1 0
431 94 6 0 1
432 13 10 1 0
433 46 10 0 1
434 25 1 -1 0
435 39 34 1 0
436 4 10 1 0
437 55 25 0 -1
438 23 6 -1 0
439 10 37 0 1
440 39 22 0 -1
441 68 34 1 0
442 98 28 0 -1
443 83 6 1 0
444 75 1 -1 0
445 24 18 0 1
446 34 0 0 1
447 24 15 0 1
448 93 8 1 0
449 65 31 0 -1
450 28 15 0 -1
451 12 21 0 -1
452 91 31 0 1
453 23 25 0 1
454 19 25 -1 0
455 45 26 0 -1
456 81 14 0 1
457 16 13 1 0
458 19 8 -1 0
459 74 17 0 1
460 11 28 0 -1
461 41 37 -1 0
462 43 29 1 0
463 52 35 0 -1
464 19 32 0 1
465 14 29 0 -1
466 76 37 0 1
467 98 6 0 -1
468 18 20 1 0
469 92 33 0 1
470 96 25 -1 0
471 72 7 0 -1
472 46 31 -1 0
473 12 16 1 0
474 14 21 0 1
475 42 29 -1 0
476 20 24 1 0
477 4 37 0 1
478 52 1 0 1
479 96 12 0 -1
480 49 29 1 0
481 9 33 -1 0
482 67 4 1 0
483 56 12 0 -1
484 49 38 0 1
485 4 13 1 0
486 62 1 1 0
487 42 20 1 0
488 24 6 1 0
489 52 2 0 -1
490 62 15 0 1
491 27 11 1 0
492 41 18 -1 0
493 5 22 0 -1
494 84 30 0 -1
495 41 31 0 -1
496 51 32 1 0
497 59 4 1 0
498 26 6 -1 0
499 21 12 1 0
500 87 35 1 0
501 11 38 -1 0
502 65 7 0 -1
503 95 32 0 1
504 97 39 1 0
505 86 9 0 -1
506 93 7 1 0
507 24 4 0 1
508 20 12 0 1
509 47 35 0 -1
510 16 21 0 -1
511 43 6 0 1
512 29 21 1 0
513 17 1 1 0
514 18 21 1 0
515 99 31 1 0
516 57 14 -1 0
517 47 23 -1 0
518 25 14 1 0
519 17 30 0 1
520 22 6 1 0
521 24 21 -1 0
522 55 15 0 1
523 81 24 0 -1
524 69 24 0 -1
525 34 2 0 -1
526 73 24 -1 0
527 99 15 0 1
528 68 2 1 0
529 55 35 0 1
530 38 18 -1 0
531 43 24 0 1
532 15 13 0 1
533 45 28 0 1
534 86 38 0 -1
535 9 31 0 1
536 13 35 0 -1
537 31 17 -1 0
538 53 33 -1 0
539 69 31 1 0
540 16 10 0 -1
541 31 1 1 0
542 96 22 -1 0
543 47 20 0 1
544 14 20 0 -1
545 22 36 1 0
546 4 18 0 -1
547 55 38 1 0
548 85 22 0 1
549 50 23 1 0
550 88 14 -1 0
551 46 11 -1 0
552 40 1 0 1
553 88 9 1 0
554 37 13 0 1
555 12 39 0 1
556 79 31 0 -1
557 40 22 -1 0
558 24 20 0 1
559 20 27 1 0
560 35 27 1 0
561 58 36 -1 0
562 51 7 0 1
563 40 29 -1 0
564 2 13 0 1
565 20 2 1 0
566 21 27 1 0
567 5 11 1 0
568 16 4 1 0
569 74 34 -1 0
570 55 8 0 1
571 16 35 0 -1
572 28 26 0 1
573 89 15 0 1
574 66 29 0 1
575 3 22 0 1
576 79 29 0 1
577 79 6 -1 0
578 89 34 -1 0
579 78 5 0 1
580 55 1 1 0
581 20 8 -1 0
582 45 10 0 -1
583 22 6 0 -1
584 78 36 0 1
585 46 12 0 -1
586 13 19 0 -1
587 57 2 -1 0
588 15 34 -1 0
589 77 31 0 -1
590 97 10 -1 0
591 7 14 0 1
592 80 2 0 -1
593 16 10 -1 0
594 28 29 0 -1
595 28 15 -1 0
596 46 38 -1 0
597 40 18 0 -1
598 59 34 1 0
599 18 21 0 1
600 87 1 0 1
601 77 24 1 0
602 16 30 1 0
603 43 6 -1 0
604 20 16 0 1
605 99 36 1 0
606 40 28 0 -1
607 43 28 0 1
608 90 7 0 -1
609 36 0 0 -1
610 44 34 0 1
611 27 9 -1 0
612 84 17 1 0
613 79 12 1 0
614 18 32 0 -1
615 92 19 0 -1
616 10 35 0 -1
617 79 25 1 0
618 6 18 1 0
619 74 35 0 -1
620 43 9 0 1
621 23 6 0 1
622 40 14 0 1
623 36 1 0 1
624 89 10 0 -1
625 40 15 1 0
626 23 23 1 0
627 67 30 0 1
628 21 32 -1 0
629 22 19 1 0
630 75 33 -1 0
631 13 39 0 1
632 27 27 0 -1
633 22 33 1 0
634 8 31 1 0
635 6 10 -1 0
636 29 1 0 1
637 42 24 -1 0
638 1 38 0 1
639 26 27 -1 0
640 97 36 1 0
641 55 17 0 -1
642 26 28 0 -1
643 70 38 1 0
644 3 16 0 1
645 83 6 1 0
646 48 1 0 -1
647 44 12 0 1
648 51 25 0 1
649 11 8 1 0
650 87 17 1 0
651 39 15 -1 0
652 99 9 -1 0
653 90 36 0 1
654 45 15 1 0
655 36 22 -1 0
656 32 9 0 -1
657 29 28 0 1
658 76 8 1 0
659 39 15 -1 0
660 50 17 0 -1
661 66 19 1 0
662 29 16 -1 0
663 81 2 0 1
664 82 15 -1 0
665 19 7 -1 0
666 59 30 0 -1
667 55 7 -1 0
668 41 38 0 -1
669 81 29 -1 0
670 99 33 1 0
671 19 23 0 1
672 86 26 1 0
673 16 29 1 0
674 80 11 0 1
675 56 2 1 0
676 12 39 1 0
677 43 26 -1 0
678 16 20 -1 0
679 91 17 -1 0
680 40 21 1 0
681 60 34 -1 0
682 76 22 0 -1
683 84 0 0 1
684 49 30 0 -1
685 24 19 0 1
686 51 18 0 1
687 96 26 1 0
688 36 26 0 -1
689 8 7 -1 0
690 55 34 -1 0
691 12 28 -1 0
692 18 5 1 0
693 33 32 -1 0
694 7 3 1 0
695 98 39 0 -1
696 2 32 0 -1
697 23 0 0 1
698 58 15 0 -1
699 45 17 -1 0
700 19 10 0 1
701 22 35 1 0
702 48 18 0 -1
703 14 28 0 -1
704 8 12 1 0
705 60 10 0 1
706 52 37 0 -1
707 31 33 0 -1
708 91 31 0 -1
709 90 17 0 1
710 11 25 0 -1
711 3 26 0 -1
712 81 13 0 1
713 28 29 0 -1
714 95 7 0 1
715 89 32 1 0
716 22 33 -1 0
717 26 6 0 -1
718 65 29 0 -1
719 71 17 0 -1
720 38 6 1 0
721 49 4 1 0
722 8 30 1 0
723 54 30 0 -1
724 18 20 1 0
725 22 28 0 -1
726 3 1 0 1
727 8 35 -1 0
728 66 39 0 1
729 1 6 0 -1
730 68 28 1 0
731 99 3 0 1
732 74 2 1 0
733 63 35 -1 0
734 44 4 0 1
735 84 14 0 -1
736 22 10 1 0
737 44 37 -1 0
738 1 34 -1 0
739 56 5 -1 0
740 20 18 1 0
741 7 17 0 -1
742 7 20 0 1
743 19 5 -1 0
744 47 32 -1 0
745 8 2 0 1
746 56 37 -1 0
747 3 25 0 -1
748 45 1 1 0
749 94 36 1 0
750 0 31 0 -1
751 24 25 0 -1
752 35 9 1 0
753 24 4 0 -1
754 48 10 0 1
755 78 21 0 1
756 56 4 0 1
757 70 28 -1 0
758 0 17 0 1
759 17 33 -1 0
760 83 9 -1 0
761 12 7 0 -1
762 26 23 -1 0
763 29 11 1 0
764 24 11 -1 0
765 14 36 -1 0
766 77 10 -1 0
767 38 37 0 -1
768 16 4 0 1
769 3 26 0 -1
770 67 13 0 -1
771 69 4 -1 0
772 72 20 1 0
773 24 26 0 1
774 21 35 0 1
775 60 20 0 1
776 59 5 0 1
777 42 21 0 1
778 12 27 1 0
779 14 39 0 -1
780 85 26 1 0
781 57 34 -1 0
782 27 21 -1 0
783 23 7 0 1
784 97 5 0 1
785 21 20 1 0
786 88 22 -1 0
787 94 6 -1 0
788 41 31 -1 0
789 14 25 -1 0
790 4 12 -1 0
791 71 21 -1 0
792 72 33 0 1
793 1 35 1 0
794 80 29 -1 0
795 44 14 0 1
796 10 5 -1 0
797 16 28 0 -1
798 93 11 0 1
799 64 17 0 -1
800 14 0 1 0
801 22 10 0 1
802 87 31 0 1
803 67 9 -1 0
804 3 22 -1 0
805 4 34 1 0
806 84 33 1 0
807 62 25 0 1
808 24 2 0 1
809 42 21 1 0
810 23 19 0 -1
811 61 9 0 -1
812 40 29 1 0
813 27 10 0 1
814 56 9 0 -1
815 24 19 0 -1
816 45 30 -1 0
817 40 39 1 0
818 50 38 0 1
819 93 12 0 -1
820 50 35 0 1
821 6 24 0 1
822 0 32 0 -1
823 43 20 0 1
824 39 20 -1 0
825 52 20 1 0
826 2 4 1 0
827 61 20 1 0
828 99 7 0 1
829 28 4 0 1
830 44 29 -1 0
831 24 18 -1 0
832 21 18 -1 0
833 66 11 1 0
834 44 15 0 -1
835 50 20 -1 0
836 83 17 0 -1
837 11 5 0 -1
838 93 11 -1 0
839 19 2 1 0
840 67 5 1 0
841 27 12 0 1
842 42 25 -1 0
843 55 33 1 0
844 15 31 1 0
845 94 17 1 0
846 99 14 -1 0
847 66 24 0 -1
848 27 31 0 -1
849 52 5 1 0
850 1 16 -1 0
851 81 30 0 1
852 30 27 -1 0
853 39 2 0 1
854 53 36 -1 0
855 88 31 0 -1
856 57 4 -1 0
857 74 36 1 0
858 4 16 1 0
859 51 12 0 -1
860 46 31 0 1
861 38 25 0 -1
862 96 22 0 1
863 73 26 0 -1
864 73 2 -1 0
865 11 2 -1 0
866 56 11 -1 0
867 41 21 0 1
868 19 14 0 -1
869 88 26 1 0
870 0 9 0 1
871 75 10 1 0
872 39 19 0 1
873 86 10 1 0
874 70 19 0 1
875 20 16 0 1
876 28 29 0 1
877 87 11 0 1
878 99 35 1 0
879 7 16 1 0
880 87 35 1 0
881 2 5 -1 0
882 48 5 0 1
883 15 1 0 -1
884 3 7 -1 0
885 19 21 0 -1
886 86 21 0 1
887 48 17 -1 0
888 72 36 1 0
889 46 26 -1 0
890 27 1 0 -1
891 69 29 0 1
892 42 12 0 -1
893 67 5 -1 0
894 44 8 0 -1
895 21 36 1 0
896 42 18 0 -1
897 1 7 0 -1
898 7 26 0 1
899 10 33 1 0
900 25 30 0 -1
901 44 6 1 0
902 95 13 0 -1
903 93 33 1 0
904 27 36 0 -1
905 77 0 0 -1
906 3 24 -1 0
907 15 25 0 -1
908 49 10 0 -1
909 23 7 0 1
910 88 30 1 0
911 52 14 0 1
912 18 0 0 -1
913 41 6 -1 0
914 44 27 1 0
915 79 35 0 1
916 46 0 1 0
917 95 15 0 -1
918 63 15 -1 0
919 79 8 -1 0
920 91 13 -1 0
921 53 28 1 0
922 38 33 1 0
923 42 12 0 -1
924 49 16 -1 0
925 22 9 0 1
926 56 13 0 -1
927 42 6 0 1
928 41 31 0 -1
929 49 15 0 -1
930 55 4 0 1
931 69 10 0 1
932 51 17 1 0
933 21 22 0 1
934 21 30 -1 0
935 9 13 1 0
936 51 1 -1 0
937 77 5 1 0
938 47 16 0 1
939 22 30 0 -1
940 58 39 1 0
941 36 10 -1 0
942 17 30 -1 0
943 52 3 -1 0
944 0 1 -1 0
945 76 5 1 0
946 8 29 1 0
947 93 19 1 0
948 17 36 0 1
949 90 15 0 1
950 23 21 -1 0
951 90 28 0 1
952 53 39 0 -1
953 13 27 0 -1
954 1 5 1 0
955 94 7 0 -1
956 83 21 0 -1
957 47 18 1 0
958 22 7 0 -1
959 94 18 0 1
960 73 14 -1 0
961 28 27 1 0
962 97 26 0 -1
963 99 39 1 0
964 92 11 1 0
965 89 4 -1 0
966 53 14 0 1
967 69 33 0 -1
968 5 2 0 1
969 40 6 0 -1
970 31 28 0 -1
971 97 25 0 1
972 27 5 0 -1
973 17 37 1 0
974 42 38 -1 0
975 81 19 0 -1
976 80 0 0 -1
977 5 35 1 0
978 5 21 -1 0
979 63 24 -1 0
980 90 21 -1 0
981 74 33 -1 0
982 26 9 0 -1
983 22 11 0 -1
984 92 13 0 -1
985 6 19 -1 0
986 1 19 1 0
987 52 15 -1 0
988 40 8 0 -1
989 39 32 0 -1
990 82 32 1 0
991 28 18 0 1
992 29 15 1 0
993 55 1 -1 0
994 53 18 0 -1
995 1 31 1 0
996 9 26 0 1
997 31 7 -1 0
998 95 0 1 0
999 47 19 0 -1
1000 89 22 0 -1
1001 69 9 0 1
1002 45 26 0 -1
1003 15 30 0 1
1004 0 2 0 1
1005 41 38 -1 0
1006 26 38 1 0
1007 58 19 0 1
1008 40 16 -1 0
1009 27 0 1 0
1010 38 5 0 1
1011 19 6 0 1
1012 26 19 1 0
1013 4 21 0 1
1014 85 20 -1 0
1015 22 32 0 1
1016 93 2 1 0
1017 24 1 0 1
1018 15 31 0 -1
1019 15 29 1 0
1020 47 3 -1 0
1021 50 2 -1 0
1022 72 2 0 -1
1023 26 4 -1 0
1024 90 23 0 -1
1025 20 26 1 0
1026 23 15 -1 0
1027 6 6 0 -1
1028 39 23 1 0
1029 1 27 0 1
1030 4 9 -1 0
1031 96 15 0 -1
1032 60 19 0 1
1033 80 15 0 1
1034 6 15 0 1
1035 67 26 0 -1
1036 24 1 -1 0
1037 84 22 0 -1
1038 91 7 0 -1
1039 51 15 0 -1
1040 42 17 1 0
1041 47 20 -1 0
1042 86 11 0 1
1043 15 16 0 -1
1044 83 37 0 1
1045 45 37 0 -1
1046 43 2 0 -1
1047 24 0 1 0
1048 47 39 -1 0
1049 26 1 0 1
1050 59 31 -1 0
1051 83 19 0 1
1052 57 2 0 -1
1053 83 0 0 -1
1054 7 8 0 -1
1055 37 5 1 0
1056 89 16 0 -1
1057 88 11 1 0
1058 32 30 0 -1
1059 91 17 0 -1
1060 21 16 1 0
1061 16 1 0 -1
1062 93 6 -1 0
1063 24 38 -1 0
1064 48 39 0 1
1065 29 28 0 1
1066 93 39 0 1
1067 46 11 -1 0
1068 87 33 -1 0
1069 40 38 0 -1
1070 0 35 -1 0
1071 71 26 0 -1
1072 38 36 -1 0
1073 91 24 1 0
1074 4 34 0 1
1075 55 6 1 0
1076 21 12 -1 0
1077 18 36 1 0
1078 93 3 -1 0
1079 98 13 1 0
1080 96 21 1 0
1081 26 25 0 1
1082 22 37 1 0
1083 10 21 1 0
1084 97 19 -1 0
1085 5 39 0 1
1086 24 25 0 1
1087 19 38 1 0
1088 85 16 0 1
1089 21 23 1 0
1090 37 34 0 -1
1091 98 13 0 1
1092 16 8 0 -1
1093 20 7 1 0
1094 83 30 1 0
1095 52 32 0 1
1096 37 7 0 1
1097 75 9 0 -1
1098 10 19 0 1
1099 23 37 0 -1
1100 95 19 0 1
1101 36 2 0 1
1102 38 28 0 1
1103 35 35 1 0
1104 66 21 0 1
1105 67 24 -1 0
1106 83 13 1 0
1107 87 6 0 -1
1108 4 7 0 1
1109 42 9 -1 0
1110 53 17 0 -1
1111 87 14 0 1
1112 51 16 -1 0
1113 48 29 -1 0
1114 96 35 0 1
1115 16 14 -1 0
1116 75 34 1 0
1117 19 7 1 0
1118 0 8 -1 0
1119 97 6 0 1
1120 82 9 0 -1
1121 16 23 0 1
1122 43 0 0 -1
1123 41 7 1 0
1124 92 14 -1 0
1125 19 21 -1 0
1126 41 19 -1 0
1127 2 9 0 1
1128 30 1 1 0
1129 85 4 -1 0
1130 15 12 0 1
1131 51 39 0 1
1132 83 13 0 1
1133 45 23 -1 0
1134 3 34 0 1
1135 47 0 0 -1
1136 99 1 1 0
1137 21 10 0 1
1138 4 14 -1 0
1139 59 9 0 1
1140 40 32 0 1
1141 37 14 0 -1
1142 45 35 1 0
1143 89 13 0 1
1144 71 4 0 1
1145 19 26 0 1
1146 3 8 1 0
1147 24 12 1 0
1148 83 17 -1 0
1149 45 32 -1 0
1150 54 10 -1 0
1151 30 37 1 0
1152 17 18 1 0
1153 92 9 0 1
1154 29 26 1 0
1155 29 8 1 0
1156 36 31 -1 0
1157 6 37 0 -1
1158 6 25 0 1
1159 99 24 -1 0
1160 21 15 1 0
1161 9 6 -1 0
1162 85 7 -1 0
1163 45 33 1 0
1164 21 27 0 1
1165 27 22 0 -1
1166 62 15 0 1
1167 39 29 0 1
1168 93 14 -1 0
1169 75 35 0 -1
1170 56 7 -1 0
1171 49 23 1 0
1172 49 3 0 -1
1173 23 8 0 1
1174 28 27 -1 0
1175 43 21 0 1
1176 43 39 0 1
1177 97 5 -1 0
1178 87 28 1 0
1179 97 27 0 1
1180 76 4 0 -1
1181 68 36 -1 0
1182 41 28 1 0
1183 65 6 0 1
1184 23 29 0 -1
1185 98 10 0 1
1186 76 18 1 0
1187 7 13 1 0
1188 50 7 0 -1
1189 61 5 0 1
1190 77 14 -1 0
1191 55 34 -1 0
1192 58 37 -1 0
1193 62 14 -1 0
1194 26 33 1 0
1195 48 36 1 0
1196 13 11 1 0
1197 56 6 0 1
1198 25 20 0 -1
1199 41 39 -1 0
1200 5 14 1 0
1201 58 19 -1 0
1202 24 37 0 1
1203 18 4 1 0
1204 0 17 0 1
1205 25 28 1 0
1206 63 11 -1 0
1207 22 20 0 -1
1208 26 22 0 1
1209 57 36 0 1
1210 97 23 0 1
1211 12 14 0 -1
1212 60 39 0 1
1213 88 20 0 -1
1214 90 24 0 1
1215 49 0 -1 0
1216 37 38 0 1
1217 94 33 1 0
1218 83 6 1 0
1219 55 22 0 -1
1220 29 0 1 0
1221 42 14 1 0
1222 45 14 1 0
1223 9 29 -1 0
1224 95 3 -1 0
1225 28 5 0 1
1226 46 9 0 1
1227 84 26 0 1
1228 75 15 1 0
1229 63 0 1 0
1230 21 3 1 0
1231 58 9 0 -1
1232 74 23 -1 0
1233 73 11 0 -1
1234 51 3 -1 0
1235 19 29 0 1
1236 11 31 1 0
1237 29 9 -1 0
1238 50 5 0 -1
1239 44 16 1 0
1240 13 37 -1 0
1241 38 6 0 -1
1242 91 19 0 1
1243 12 28 1 0
1244 6 7 -1 0
1245 86 20 1 0
1246 47 30 0 1
1247 63 33 0 1
1248 88 9 1 0
1249 23 29 0 1
1250 64 26 0 1
1251 73 23 0 1
1252 16 0 -1 0
1253 20 17 1 0
1254 10 35 0 1
1255 43 35 0 1
1256 74 18 0 -1
1257 89 34 0 -1
1258 66 20 1 0
1259 38 33 0 1
1260 35 24 -1 0
1261 62 23 -1 0
1262 41 4 1 0
1263 40 29 0 1
1264 65 20 -1 0
1265 76 30 1 0
1266 54 34 1 0
1267 90 2 1 0
1268 21 37 0 -1
1269 95 30 -1 0
1270 68 7 0 -1
1271 45 0 -1 0
1272 72 16 -1 0
1273 79 21 0 1
1274 23 37 0 1
1275 5 1 -1 0
1276 94 29 0 1
1277 13 16 -1 0
1278 55 39 0 1
1279 2 30 0 -1
1280 36 19 -1 0
1281 45 4 0 1
1282 22 31 1 0
1283 14 23 1 0
1284 46 21 0 -1
1285 11 30 0 1
1286 44 5 0 -1
1287 9 20 1 0
1288 34 2 -1 0
1289 61 33 0 1
1290 40 0 0 1
1291 8 5 0 -1
1292 30 20 -1 0
1293 40 38 0 -1
1294 39 3 -1 0
1295 41 5 1 0
1296 61 39 0 -1
1297 78 33 0 1
1298 23 10 1 0
1299 5 23 1 0
1300 24 1 1 0
1301 82 32 1 0
1302 67 32 1 0
1303 98 7 1 0
1304 68 31 0 -1
1305 82 27 0 1
1306 96 3 0 1
1307 82 36 -1 0
1308 73 19 -1 0
1309 94 19 0 1
1310 58 3 0 1
1311 56 13 1 0
1312 20 20 0 1
1313 38 23 0 -1
1314 14 28 1 0
1315 40 13 0 1
1316 2 17 -1 0
1317 15 23 1 0
1318 82 25 1 0
1319 16 7 -1 0
1320 65 27 0 1
1321 84 38 0 -1
1322 10 15 0 1
1323 71 2 1 0
1324 5 19 0 -1
1325 19 26 1 0
1326 77 21 1 0
1327 12 35 0 1
1328 53 35 -1 0
1329 41 5 1 0
1330 8 26 1 0
1331 93 35 1 0
1332 42 3 0 -1
1333 98 10 1 0
1334 5 1 -1 0
1335 6 37 1 0
1336 22 2 1 0
1337 46 11 0 1
1338 71 20 1 0
1339 5 11 0 -1
1340 43 22 0 -1
1341 12 16 0 1
1342 73 32 0 1
1343 93 21 1 0
1344 74 26 1 0
1345 33 23 0 1
1346 21 8 1 0
1347 20 13 0 1
1348 16 28 -1 0
1349 42 25 0 1
1350 44 5 0 1
1351 56 5 0 1
1352 67 31 0 1
1353 80 26 1 0
1354 25 13 0 -1
1355 31 13 1 0
1356 17 24 1 0
1357 84 4 0 1
1358 74 8 1 0
1359 88 26 0 -1
1360 61 6 0 1
1361 28 2 1 0
1362 13 22 -1 0
1363 26 18 0 -1
1364 42 3 0 1
1365 79 36 -1 0
1366 36 32 0 1
1367 28 1 1 0
1368 60 29 0 -1
1369 62 30 -1 0
1370 6 15 0 -1
1371 51 37 1 0
1372 87 10 -1 0
1373 91 39 0 -1
1374 2 39 1 0
1375 0 32 0 -1
1376 7 17 1 0
1377 99 22 1 0
1378 43 5 0 -1
1379 3 21 1 0
1380 67 5 1 0
1381 50 36 -1 0
1382 63 4 0 -1
1383 88 0 -1 0
1384 91 11 1 0
1385 75 14 -1 0
1386 55 22 1 0
1387 2 36 -1 0
1388 73 3 0 -1
1389 16 36 0 -1
1390 43 30 1 0
1391 46 1 -1 0
1392 95 22 0 1
1393 96 2 1 0
1394 38 25 0 -1
1395 40 14 -1 0
1396 71 4 0 -1
1397 47 21 1 0
1398 16 35 0 -1
1399 63 14 0 1
1400 79 9 0 -1
1401 40 17 1 0
1402 38 1 -1 0
1403 44 33 0 1
1404 90 7 0 -1
1405 18 34 0 -1
1406 6 18 0 1
1407 22 9 0 1
1408 80 2 0 1
1409 87 33 0 -1
1410 89 30 0 1
1411 13 29 0 -1
1412 2 20 0 -1
1413 44 32 0 1
1414 55 11 1 0
1415 87 39 0 -1
1416 85 0 1 0
1417 56 20 0 1
1418 45 14 0 -1
1419 19 30 0 -1
1420 44 6 0 -1
1421 5 32 0 -1
1422 28 1 -1 0
1423 12 38 1 0
1424 88 11 0 -1
1425 28 37 1 0
1426 79 3 0 -1
1427 9 33 -1 0
1428 6 36 0 -1
1429 24 12 0 1
1430 94 16 -1 0
1431 50 35 1 0
1432 93 29 0 -1
1433 35 16 0 -1
1434 67 17 0 -1
1435 53 31 -1 0
1436 89 20 0 -1
1437 43 35 -1 0
1438 90 8 1 0
1439 26 33 0 1
1440 22 17 0 1
1441 5 24 1 0
1442 22 5 -1 0
1443 25 28 0 1
1444 45 35 1 0
1445 81 32 0 -1
1446 99 18 -1 0
1447 37 32 -1 0
1448 96 28 1 0
1449 89 21 0 -1
1450 50 14 -1 0
1451 5 2 -1 0
1452 28 10 1 0
1453 78 8 0 1
1454 8 5 0 1
1455 43 6 0 -1
1456 4 24 0 -1
1457 40 36 0 1
1458 42 30 0 -1
1459 43 38 0 1
1460 37 13 -1 0
1461 28 24 -1 0
1462 3 27 0 -1
1463 43 15 0 -1
1464 5 38 1 0
1465 96 21 0 1
1466 67 15 -1 0
1467 97 19 0 1
1468 9 16 -1 0
1469 16 10 0 1
1470 94 11 0 1
1471 38 30 -1 0
1472 45 1 0 1
1473 21 38 -1 0
1474 22 24 0 1
1475 22 34 0 1
1476 43 18 -1 0
1477 42 15 1 0
1478 38 15 -1 0
1479 35 22 -1 0
1480 26 7 -1 0
1481 7 35 0 1
1482 76 23 0 1
1483 43 19 -1 0
1484 32 5 0 1
1485 30 14 -1 0
1486 88 34 0 -1
1487 56 3 -1 0
1488 27 8 0 1
1489 44 28 0 -1
1490 42 18 0 -1
1491 23 12 0 -1
1492 43 3 -1 0
1493 12 33 1 0
1494 61 23 0 1
1495 33 37 0 1
1496 63 8 0 -1
1497 21 25 0 -1
1498 8 24 0 1
1499 76 8 0 -1
1500 40 36 -1 0
1501 7 16 -1 0
1502 49 33 0 -1
1503 75 33 0 1
1504 47 34 0 1
1505 85 11 0 1
1506 41 35 1 0
1507 95 15 -1 0
1508 1 7 0 -1
1509 24 36 -1 0
1510 11 10 -1 0
1511 92 11 -1 0
1512 44 39 1 0
1513 20 22 -1 0
1514 26 11 0 1
1515 46 5 1 0
1516 47 3 0 -1
1517 2 30 0 -1
1518 75 26 -1 0
1519 54 32 -1 0
1520 11 13 0 -1
1521 7 25 1 0
1522 47 15 1 0
1523 89 0 -1 0
1524 39 32 0 1
1525 24 28 0 1
1526 68 6 0 1
1527 2 17 0 -1
1528 46 22 0 -1
1529 69 5 -1 0
1530 15 39 -1 0
1531 57 14 -1 0
1532 17 8 1 0
1533 62 28 1 0
1534 90 21 0 1
1535 80 25 1 0
1536 19 9 0 -1
1537 10 14 -1 0
1538 14 15 -1 0
1539 44 37 -1 0
1540 40 5 0 1
1541 49 30 -1 0
1542 3 33 1 0
1543 76 31 0 -1
1544 38 26 0 1
1545 86 33 0 1
1546 29 37 1 0
1547 24 5 -1 0
1548 62 21 1 0
1549 90 39 0 -1
1550 6 4 1 0
1551 77 34 -1 0
1552 97 7 1 0
1553 66 0 0 1
1554 50 35 0 1
1555 38 5 0 1
1556 78 22 0 -1
1557 94 7 -1 0
1558 44 17 0 1
1559 79 18 1 0
1560 95 8 0 -1
1561 73 17 0 1
1562 23 29 1 0
1563 90 17 0 1
1564 96 11 0 1
1565 94 8 0 1
1566 24 10 1 0
1567 6 27 0 1
1568 31 37 0 1
1569 18 30 0 1
1570 41 38 -1 0
1571 71 29 0 1
1572 26 27 1 0
1573 38 27 1 0
1574 54 2 -1 0
1575 42 28 0 1
1576 5 28 0 1
1577 29 30 0 1
1578 46 39 1 0
1579 4 32 0 -1
1580 70 27 0 1
1581 52 29 1 0
1582 37 6 0 -1
1583 60 1 1 0
1584 25 35 1 0
1585 23 15 0 1
1586 39 5 1 0
1587 45 38 0 -1
1588 93 14 0 -1
1589 25 36 1 0
1590 80 28 0 1
1591 26 17 0 1
1592 46 9 0 1
1593 25 15 1 0
1594 42 8 -1 0
1595 92 11 0 1
1596 7 0 0 -1
1597 12 11 0 1
1598 48 21 0 1
1599 80 7 1 0
1600 61 23 0 1
1601 81 16 0 1
1602 1 14 -1 0
1603 21 26 -1 0
1604 53 35 1 0
1605 65 23 -1 0
1606 26 9 0 1
1607 79 5 0 1
1608 76 24 -1 0
1609 50 20 0 -1
1610 67 2 0 -1
1611 25 2 0 1
1612 55 18 0 -1
1613 96 30 -1 0
1614 84 34 1 0
1615 82 38 0 1
1616 23 16 0 1
1617 86 15 0 1
1618 42 17 0 1
1619 72 25 1 0
1620 90 4 0 -1
1621 23 30 1 0
1622 63 25 -1 0
1623 26 15 0 1
1624 46 4 0 1
1625 29 26 0 1
1626 78 19 1 0
1627 44 29 1 0
1628 9 19 -1 0
1629 43 33 -1 0
1630 3 32 -1 0
1631 99 13 0 -1
1632 42 32 -1 0
1633 30 5 0 -1
1634 53 23 0 -1
1635 81 37 0 1
1636 60 17 1 0
1637 11 11 1 0
1638 32 8 0 -1
1639 81 23 0 1
1640 95 34 1 0
1641 56 32 -1 0
1642 43 37 0 1
1643 28 12 0 -1
1644 73 36 1 0
1645 87 6 1 0
1646 29 9 0 -1
1647 88 18 0 1
1648 27 23 -1 0
1649 91 22 0 1
1650 30 19 0 1
1651 40 20 -1 0
1652 94 23 1 0
1653 45 6 0 -1
1654 63 20 -1 0
1655 14 29 0 1
1656 42 26 -1 0
1657 54 35 1 0
1658 42 36 1 0
1659 24 28 0 1
1660 25 12 -1 0
1661 80 35 0 1
1662 18 8 -1 0
1663 26 24 1 0
1664 4 39 0 -1
1665 11 15 1 0
1666 26 11 0 1
1667 4 25 1 0
1668 26 14 0 -1
1669 45 25 0 1
1670 36 34 0 -1
1671 53 34 -1 0
1672 8 34 1 0
1673 62 24 0 1
1674 98 27 -1 0
1675 47 35 0 1
1676 84 17 0 -1
1677 31 14 1 0
1678 55 33 -1 0
1679 7 27 1 0
1680 83 10 -1 0
1681 53 25 0 -1
1682 37 15 0 -1
1683 9 31 0 -1
1684 20 33 1 0
1685 17 39 1 0
1686 97 2 0 -1
1687 51 31 0 1
1688 94 1 0 -1
1689 24 36 0 -1
1690 2 21 0 -1
1691 43 39 -1 0
1692 27 26 0 1
1693 76 34 0 1
1694 29 19 0 1
1695 86 19 1 0
1696 5 28 0 1
1697 91 8 1 0
1698 3 0 1 0
1699 42 39 0 1
1700 37 2 0 -1
1701 51 11 -1 0
1702 55 22 0 -1
1703 60 19 0 1
1704 75 22 -1 0
1705 54 13 1 0
1706 82 33 0 -1
1707 4 10 0 -1
1708 50 31 0 1
1709 45 32 -1 0
1710 46 23 -1 0
1711 24 26 0 -1
1712 25 9 0 -1
1713 7 7 -1 0
1714 13 28 0 -1
1715 11 23 1 0
1716 21 35 -1 0
1717 12 12 0 1
1718 42 20 1 0
1719 80 13 1 0
1720 46 18 1 0
1721 88 20 0 1
1722 0 10 -1 0
1723 5 31 0 -1
1724 78 0 -1 0
1725 72 19 0 1
1726 18 39 -1 0
1727 60 3 -1 0
1728 39 36 0 1
1729 75 36 -1 0
1730 51 2 0 1
1731 17 19 0 -1
1732 97 22 0 -1
1733 84 10 1 0
1734 41 18 1 0
1735 89 12 0 -1
1736 73 14 1 0
1737 74 5 0 -1
1738 87 0 0 1
1739 49 22 0 1
1740 94 14 0 -1
1741 23 22 1 0
1742 81 38 0 -1
1743 12 10 1 0
1744 5 5 -1 0
1745 63 11 0 -1
1746 86 6 1 0
1747 95 12 1 0
1748 9 26 -1 0
1749 74 35 0 -1
1750 57 17 0 1
1751 66 18 0 -1
1752 89 18 0 -1
1753 22 28 0 -1
1754 14 27 0 1
1755 15 22 0 -1
1756 58 14 -1 0
1757 76 22 0 1
1758 42 10 -1 0
1759 78 15 0 -1
1760 74 15 0 -1
1761 49 5 0 -1
1762 16 28 -1 0
1763 21 25 -1 0
1764 1 22 1 0
1765 4 9 0 1
1766 7 32 -1 0
1767 80 34 0 -1
1768 45 19 1 0
1769 19 22 0 1
1770 75 14 0 1
1771 40 35 1 0
1772 20 6 1 0
1773 2 17 1 0
1774 89 22 1 0
1775 23 37 1 0
1776 81 34 0 1
1777 5 33 1 0
1778 86 38 -1 0
1779 5 10 -1 0
1780 23 8 1 0
1781 56 18 0 1
1782 35 22 -1 0
1783 50 31 -1 0
1784 27 27 0 1
1785 4 19 0 -1
1786 14 34 0 -1
1787 56 21 -1 0
1788 86 2 0 -1
1789 31 27 0 -1
1790 41 10 -1 0
1791 26 17 1 0
1792 5 3 -1 0
1793 26 11 1 0
1794 19 4 0 1
1795 39 7 0 -1
1796 87 38 0 1
1797 98 30 0 1
1798 2 35 -1 0
1799 39 31 0 -1
1800 78 13 -1 0
1801 59 13 1 0
1802 5 28 0 -1
1803 4 22 1 0
1804 41 1 0 -1
1805 36 11 0 -1
1806 17 35 1 0
1807 54 13 0 1
1808 77 16 1 0
1809 75 32 0 -1
1810 18 31 1 0
1811 48 31 -1 0
1812 57 7 0 -1
1813 19 38 -1 0
1814 2 24 0 -1
1815 46 34 0 -1
1816 17 29 0 -1
1817 84 6 0 -1
1818 97 30 -1 0
1819 48 2 0 -1
1820 83 28 1 0
1821 20 3 0 -1
1822 37 31 0 1
1823 90 15 0 -1
1824 45 37 -1 0
1825 43 11 0 1
1826 5 26 -1 0
1827 82 18 1 0
1828 18 15 1 0
1829 30 0 0 1
1830 20 21 0 1
1831 59 1 0 1
1832 84 7 1 0
1833 92 30 0 1
1834 54 1 0 -1
1835 71 9 0 1
1836 16 6 0 -1
1837 75 39 0 1
1838 98 36 -1 0
1839 69 17 0 1
1840 45 13 0 1
1841 27 2 0 -1
1842 23 27 0 -1
1843 17 25 0 -1
1844 9 25 0 -1
1845 62 1 0 -1
1846 88 30 -1 0
1847 78 9 0 -1
1848 22 8 1 0
1849 36 38 -1 0
1850 93 12 0 1
1851 10 31 0 -1
1852 18 17 0 -1
1853 90 22 0 -1
1854 96 38 -1 0
1855 91 14 -1 0
1856 46 39 1 0
1857 13 2 1 0
1858 30 27 1 0
1859 16 31 -1 0
1860 75 27 -1 0
1861 16 39 1 0
1862 28 3 0 1
1863 52 4 0 1
1864 87 20 1 0
1865 54 21 0 -1
1866 70 19 1 0
1867 14 6 -1 0
1868 61 34 0 -1
1869 22 29 0 1
1870 43 4 -1 0
1871 19 29 0 -1
1872 0 22 0 -1
1873 84 23 0 1
1874 58 7 1 0
1875 97 5 0 1
1876 24 13 0 -1
1877 57 20 0 1
1878 82 36 -1 0
1879 75 37 -1 0
1880 88 6 1 0
1881 12 18 1 0
1882 63 10 0 1
1883 51 11 0 -1
1884 93 20 -1 0
1885 80 0 0 1
1886 75 25 1 0
1887 92 32 0 1
1888 55 17 0 -1
1889 58 32 1 0
1890 13 4 -1 0
1891 42 15 0 -1
1892 8 15 -1 0
1893 83 3 1 0
1894 40 28 0 1
1895 44 4 0 -1
1896 96 3 0 -1
1897 38 21 0 -1
1898 32 8 0 -1
1899 97 14 0 -1
1900 21 31 0 -1
1901 0 2 0 1
1902 11 37 0 -1
1903 6 9 1 0
1904 23 35 0 1
1905 81 39 1 0
1906 43 4 0 -1
1907 28 0 0 1
1908 5 6 0 -1
1909 49 12 0 1
1910 8 36 -1 0
1911 12 16 0 1
1912 40 33 0 -1
1913 87 27 1 0
1914 69 33 0 -1
1915 64 37 0 1
1916 25 27 0 1
1917 45 6 -1 0
1918 47 32 -1 0
1919 23 2 0 1
1920 43 27 -1 0
1921 3 32 0 -1
1922 79 29 -1 0
1923 14 25 -1 0
1924 38 27 1 0
1925 97 27 -1 0
1926 41 24 0 1
1927 71 1 1 0
1928 19 23 0 -1
1929 25 23 -1 0
1930 5 36 0 -1
1931 47 8 -1 0
1932 15 30 0 1
1933 41 9 0 1
1934 85 33 1 0
1935 73 27 0 1
1936 50 21 0 -1
1937 38 26 0 1
1938 29 25 -1 0
1939 36 26 0 -1
1940 27 12 1 0
1941 38 26 0 -1
1942 45 14 0 1
1943 41 6 0 1
1944 24 12 0 1
1945 69 19 0 1
1946 66 29 -1 0
1947 37 23 0 1
1948 40 37 -1 0
1949 39 28 0 1
1950 46 3 0 -1
1951 84 11 -1 0
1952 43 31 1 0
1953 76 1 0 -1
1954 18 2 0 -1
1955 1 21 -1 0
1956 21 28 0 -1
1957 8 33 -1 0
1958 45 5 0 -1
1959 45 4 -1 0
1960 66 20 1 0
1961 18 21 0 -1
1962 13 0 -1 0
1963 35 34 1 0
1964 19 7 0 -1
1965 62 14 0 1
1966 7 31 1 0
1967 44 17 0 1
1968 12 10 0 -1
1969 37 19 1 0
1970 64 13 -1 0
1971 74 4 -1 0
1972 40 5 -1 0
1973 35 33 1 0
1974 97 0 0 -1
1975 19 5 -1 0
1976 89 28 -1 0
1977 20 12 1 0
1978 47 32 -1 0
1979 66 21 0 1
1980 43 33 -1 0
1981 39 23 0 1
1982 75 23 0 1
1983 19 19 1 0
1984 96 36 0 1
1985 52 11 -1 0
1986 97 18 -1 0
1987 22 25 -1 0
1988 24 27 0 1
1989 4 3 1 0
1990 79 27 0 1
1991 79 36 0 1
1992 86 21 1 0
1993 93 11 -1 0
1994 40 25 1 0
1995 39 3 0 1
1996 38 30 1 0
1997 93 34 1 0
1998 48 8 1 0
1999 18 6 -1 0
2000 30 27 -1 0
2001 22 13 0 1
2002 17 26 1 0
2003 53 4 0 -1
2004 36 8 1 0
2005 37 2 0 1
2006 20 21 0 -1
2007 12 26 0 1
2008 27 26 0 -1
2009 95 15 0 1
2010 82 8 0 -1
2011 73 8 0 1
2012 42 19 0 -1
2013 41 25 0 1
2014 51 22 1 0
2015 20 10 0 1
2016 89 17 -1 0
2017 70 14 1 0
2018 7 8 0 -1
2019 81 19 0 1
2020 72 31 1 0
2021 96 13 -1 0
2022 65 4 0 1
2023 56 29 -1 0
2024 6 16 0 1
2025 16 25 -1 0
2026 84 8 -1 0
2027 67 37 -1 0
2028 30 35 0 1
2029 10 12 0 -1
2030 17 33 0 -1
2031 64 37 -1 0
2032 61 8 0 1
2033 82 11 0 1
2034 5 27 -1 0
2035 96 11 -1 0
2036 16 38 0 1
2037 17 23 0 1
2038 66 32 1 0
2039 93 9 0 1
2040 22 34 1 0
2041 51 38 1 0
2042 57 31 0 1
2043 87 38 1 0
2044 72 6 0 1
2045 37 14 -1 0
2046 83 38 0 1
2047 70 26 0 -1
2048 97 28 0 -1
2049 37 22 0 1
2050 42 12 0 1
2051 50 5 1 0
2052 37 23 -1 0
2053 35 39 -1 0
2054 25 39 1 0
2055 17 21 1 0
2056 11 7 0 -1
2057 91 2 -1 0
2058 93 15 1 0
2059 89 1 0 1
2060 87 18 1 0
2061 28 10 0 1
2062 5 29 0 -1
2063 75 36 1 0
2064 72 8 -1 0
2065 20 38 0 -1
2066 88 2 -1 0
2067 52 22 1 0
2068 23 1 1 0
2069 35 27 -1 0
2070 4 8 1 0
2071 3 12 0 -1
2072 72 24 0 -1
2073 59 29 0 1
2074 85 31 1 0
2075 26 5 1 0
2076 84 36 -1 0
2077 13 37 0 -1
2078 83 16 -1 0
2079 69 12 -1 0
2080 98 16 0 -1
2081 16 37 0 -1
2082 14 31 -1 0
2083 69 21 0 -1
2084 54 17 1 0
2085 43 22 1 0
2086 84 12 1 0
2087 45 27 0 -1
2088 22 25 0 -1
2089 17 8 0 1
2090 22 11 0 -1
2091 84 3 0 1
2092 70 0 0 -1
2093 7 36 0 1
2094 73 36 1 0
2095 8 21 1 0
2096 81 32 -1 0
2097 94 34 -1 0
2098 27 32 0 1
2099 27 12 0 -1
2100 74 1 0 -1
2101 28 9 0 1
2102 47 11 -1 0
2103 14 37 1 0
2104 15 31 0 -1
2105 93 32 1 0
2106 54 17 1 0
2107 11 13 0 -1
2108 64 16 -1 0
2109 0 34 1 0
2110 70 37 0 -1
2111 57 37 -1 0
2112 49 32 0 1
2113 89 19 1 0
2114 25 11 -1 0
2115 93 5 1 0
2116 19 13 1 0
2117 34 5 0 1
2118 35 6 -1 0
2119 39 17 0 1
2120 39 11 0 1
2121 25 37 -1 0
2122 47 17 -1 0
2123 16 2 0 -1
2124 65 27 -1 0
2125 71 12 1 0
2126 6 39 1 0
2127 79 38 0 -1
2128 52 38 1 0
2129 0 30 1 0
2130 76 30 -1 0
2131 97 7 0 1
2132 71 4 1 0
2133 63 21 0 1
2134 68 34 0 -1
2135 3 9 0 1
2136 14 11 0 1
2137 45 18 0 -1
2138 72 15 1 0
2139 40 14 1 0
2140 20 19 0 -1
2141 5 13 0 1
2142 26 34 1 0
2143 44 4 0 1
2144 28 5 -1 0
2145 31 31 0 -1
2146 55 15 0 1
2147 27 27 0 1
2148 90 4 0 1
2149 25 1 1 0
2150 27 37 0 1
2151 28 13 1 0
2152 7 9 1 0
2153 41 25 1 0
2154 75 29 1 0
2155 76 32 0 -1
2156 90 5 0 -1
2157 83 24 0 1
2158 13 14 0 1
2159 24 38 0 -1
2160 41 14 1 0
2161 70 37 0 1
2162 7 15 -1 0
2163 91 38 -1 0
2164 58 13 0 -1
2165 79 27 1 0
2166 47 23 0 1
2167 20 1 1 0
2168 72 25 0 1
2169 19 39 0 1
2170 74 27 0 1
2171 19 35 0 -1
2172 18 16 1 0
2173 65 3 -1 0
2174 63 27 1 0
2175 7 27 -1 0
2176 26 5 0 1
2177 71 27 1 0
2178 30 28 0 1
2179 23 35 1 0
2180 11 27 -1 0
2181 9 23 0 -1
2182 12 34 0 1
2183 40 30 -1 0
2184 78 9 0 1
2185 29 9 1 0
2186 98 33 0 1
2187 76 12 0 -1
2188 36 4 -1 0
2189 53 7 0 1
2190 55 35 1 0
2191 40 13 0 1
2192 35 0 1 0
2193 92 28 0 1
2194 18 3 0 -1
2195 24 13 -1 0
2196 38 6 1 0
2197 13 23 0 1
2198 13 7 0 -1
2199 71 16 0 -1
2200 91 24 0 -1
2201 36 30 1 0
2202 11 22 1 0
2203 62 14 0 1
2204 37 18 -1 0
2205 98 0 -1 0
2206 40 30 0 -1
2207 78 14 0 1
2208 43 10 1 0
2209 2 35 1 0
2210 58 9 -1 0
2211 49 1 -1 0
2212 88 19 1 0
2213 33 39 0 -1
2214 71 32 0 1
2215 38 35 -1 0
2216 94 24 0 1
2217 30 1 0 -1
2218 50 3 1 0
2219 95 25 -1 0
2220 28 34 0 1
2221 98 6 -1 0
2222 24 16 0 1
2223 21 0 1 0
2224 75 36 1 0
2225 51 31 -1 0
2226 63 19 1 0
2227 30 12 0 1
2228 73 16 0 -1
2229 98 13 -1 0
2230 62 6 -1 0
2231 57 39 1 0
2232 45 39 0 -1
2233 96 28 0 1
2234 38 14 0 -1
2235 38 24 0 1
2236 0 10 1 0
2237 11 12 0 1
2238 41 37 -1 0
2239 39 37 0 -1
2240 46 2 1 0
2241 83 29 -1 0
2242 95 33 1 0
2243 42 32 0 -1
2244 16 19 1 0
2245 84 10 0 1
2246 48 8 1 0
2247 19 13 0 -1
2248 44 6 1 0
2249 16 24 1 0
2250 88 21 0 -1
2251 54 34 0 -1
2252 86 36 0 1
2253 20 12 0 1
2254 27 20 0 1
2255 86 28 0 -1
2256 19 14 0 1
2257 48 27 0 1
2258 56 30 0 1
2259 21 20 -1 0
2260 15 36 -1 0
2261 22 31 1 0
2262 19 15 0 1
2263 39 27 0 1
2264 25 11 1 0
2265 88 25 0 1
2266 31 25 0 -1
2267 40 8 -1 0
2268 9 36 -1 0
2269 22 11 0 -1
2270 6 36 0 1
2271 73 11 1 0
2272 15 36 -1 0
2273 85 11 0 -1
2274 62 28 0 1
2275 23 2 -1 0
2276 49 20 -1 0
2277 3 21 0 1
2278 77 15 -1 0
2279 60 0 0 -1
2280 21 1 1 0
2281 48 11 0 1
2282 18 39 1 0
2283 46 25 0 -1
2284 74 16 0 1
2285 18 18 1 0
2286 18 37 0 -1
2287 45 37 0 1
2288 8 14 1 0
2289 28 6 0 1
2290 12 3 -1 0
2291 32 31 0 1
2292 21 14 1 0
2293 91 25 0 -1
2294 99 5 1 0
2295 67 31 -1 0
2296 45 3 0 -1
2297 29 12 1 0
2298 54 0 1 0
2299 41 15 0 1
2300 72 38 0 1
2301 37 5 1 0
2302 3 25 1 0
2303 12 26 1 0
2304 50 21 0 -1
2305 10 28 0 -1
2306 94 29 -1 0
2307 16 39 0 1
2308 76 1 1 0
2309 84 34 0 -1
2310 14 5 -1 0
2311 11 29 1 0
2312 87 37 0 -1
2313 9 34 -1 0
2314 87 20 -1 0
2315 53 0 0 -1
2316 47 15 0 1
2317 43 31 -1 0
2318 24 23 0 -1
2319 49 19 0 1
2320 11 8 1 0
2321 46 14 0 1
2322 43 20 0 -1
2323 41 35 0 1
2324 49 4 1 0
2325 71 29 0 -1
2326 68 32 -1 0
2327 50 22 0 -1
2328 25 28 0 -1
2329 44 14 0 -1
2330 39 28 0 -1
2331 40 3 0 -1
2332 39 22 1 0
2333 45 1 1 0
2334 71 13 1 0
2335 97 16 0 -1
2336 95 32 -1 0
2337 17 37 0 -1
2338 72 29 0 -1
2339 18 8 0 1
2340 18 0 0 1
2341 52 34 -1 0
2342 12 13 -1 0
2343 60 24 0 -1
2344 98 16 -1 0
2345 83 8 0 1
2346 86 31 0 1
2347 12 23 1 0
2348 17 32 -1 0
2349 48 0 -1 0
2350 43 7 1 0
2351 65 2 1 0
2352 11 20 1 0
2353 59 5 1 0
2354 67 16 -1 0
2355 13 23 0 -1
2356 59 10 0 -1
2357 49 11 -1 0
2358 79 6 0 -1
2359 1 38 0 -1
2360 74 24 0 -1
2361 94 2 0 1
2362 50 27 0 1
2363 95 28 1 0
2364 20 2 0 -1
2365 81 10 -1 0
2366 18 31 -1 0
2367 25 39 -1 0
2368 3 12 0 -1
2369 82 8 1 0
2370 65 26 0 -1
2371 48 19 1 0
2372 37 11 0 1
2373 71 34 0 1
2374 25 26 0 -1
2375 46 4 0 -1
2376 5 34 1 0
2377 8 3 0 -1
2378 86 17 0 -1
2379 38 5 0 1
2380 46 13 1 0
2381 59 9 0 -1
2382 28 2 -1 0
2383 17 33 -1 0
2384 14 13 -1 0
2385 0 28 0 1
2386 52 14 0 -1
2387 6 39 -1 0
2388 46 17 0 1
2389 77 32 -1 0
2390 9 27 0 -1
2391 66 5 1 0
2392 97 33 0 -1
2393 97 7 0 1
2394 39 11 -1 0
2395 79 37 0 -1
2396 9 0 1 0
2397 21 1 0 1
2398 58 14 0 -1
2399 49 13 0 -1
