0 53 39 -1 0
1 45 9 -1 0
2 77 17 0 -1
3 1 0 1 0
4 94 15 0 -1
5 9 15 -1 0
6 37 14 -1 0
7 45 5 1 0
8 51 14 0 1
9 94 14 1 0
10 89 3 -1 0
11 60 29 -1 0
12 31 15 0 -1
13 7 30 -1 0
14 48 7 0 -1
15 95 37 1 0
16 24 37 0 1
17 55 6 0 1
18 99 21 -1 0
19 50 33 0 -1
20 11 2 0 -1
21 39 35 -1 0
22 86 0 0 1
23 42 5 0 -1
24 23 19 1 0
25 63 0 0 -1
26 50 10 0 -1
27 21 39 -1 0
28 95 25 1 0
29 18 19 1 0
30 85 10 0 1
31 16 17 0 -1
32 90 5 0 1
33 11 2 0 1
34 24 15 0 -1
35 69 10 0 1
36 60 20 0 1
37 66 22 0 1
38 12 26 1 0
39 20 12 1 0
40 69 29 0 1
41 84 21 0 -1
42 51 26 0 1
43 48 37 1 0
44 24 39 0 -1
45 48 34 0 1
46 41 7 0 -1
47 25 35 1 0
48 92 18 0 -1
49 25 24 0 -1
50 92 16 -1 0
51 2 35 0 1
52 1 37 1 0
53 57 12 1 0
54 17 21 0 1
55 43 20 -1 0
56 68 4 0 -1
57 7 8 -1 0
58 66 2 0 1
59 81 5 -1 0
60 79 5 0 -1
61 37 4 0 1
62 59 26 1 0
63 0 35 1 0
64 73 6 0 1
65 21 1 1 0
66 3 23 0 -1
67 10 8 -1 0
68 13 36 0 1
69 22 20 0 1
70 64 33 0 1
71 97 35 0 1
72 60 30 0 -1
73 60 22 -1 0
74 54 31 1 0
75 41 0 -1 0
76 94 37 0 -1
77 42 3 -1 0
78 45 28 1 0
79 30 27 1 0
80 33 31 0 1
81 66 16 0 -1
82 53 29 0 1
83 15 37 0 -1
84 55 12 0 1
85 23 26 1 0
86 68 3 0 1
87 80 2 0 -1
88 15 7 -1 0
89 41 6 0 -1
90 65 10 0 -1
91 77 10 0 -1
92 83 22 0 -1
93 60 0 0 -1
94 48 38 -1 0
95 19 11 0 -1
96 59 35 0 -1
97 55 17 -1 0
98 94 22 -1 0
99 81 18 0 -1
100 94 11 1 0
101 21 6 1 0
102 0 13 0 1
103 74 36 0 -1
104 84 32 -1 0
105 85 31 1 0
106 65 27 1 0
107 45 17 -1 0
108 62 18 0 1
109 46 39 1 0
110 68 30 0 1
111 3 12 -1 0
112 90 25 0 1
113 51 6 0 -1
114 40 2 -1 0
115 68 25 1 0
116 17 30 0 -1
117 98 4 0 -1
118 81 17 1 0
119 5 0 1 0
120 17 0 0 1
121 65 8 -1 0
122 20 31 0 1
123 42 1 0 -1
124 58 20 1 0
125 29 14 1 0
126 12 20 0 -1
127 4 35 0 1
128 13 10 0 -1
129 18 39 1 0
130 59 38 1 0
131 43 32 -1 0
132 26 37 -1 0
133 45 16 1 0
134 60 23 1 0
135 79 37 0 1
136 92 34 -1 0
137 67 19 0 1
138 26 39 1 0
139 79 31 1 0
140 83 16 0 -1
141 1 1 0 1
142 36 0 -1 0
143 17 36 0 -1
144 12 24 0 1
145 58 24 0 -1
146 49 25 -1 0
147 1 9 0 1
148 68 37 -1 0
149 41 17 -1 0
150 60 9 0 -1
151 58 14 0 -1
152 39 3 1 0
153 19 1 1 0
154 70 19 1 0
155 92 26 1 0
156 44 10 -1 0
157 63 14 -1 0
158 16 9 -1 0
159 27 0 1 0
160 4 30 -1 0
161 67 22 -1 0
162 77 24 1 0
163 44 36 0 1
164 7 17 0 1
165 23 13 1 0
166 86 38 0 -1
167 79 28 0 1
168 95 25 1 0
169 36 25 0 1
170 21 32 1 0
171 48 25 0 1
172 53 11 0 -1
173 48 12 -1 0
174 17 26 1 0
175 54 34 0 1
176 36 8 -1 0
177 16 6 1 0
178 77 13 0 1
179 4 25 -1 0
180 66 16 0 1
181 66 25 1 0
182 89 6 1 0
183 33 22 1 0
184 40 0 0 -1
185 22 12 -1 0
186 93 18 1 0
187 17 30 0 -1
188 76 27 0 -1
189 21 3 0 1
190 58 19 -1 0
191 88 32 0 -1
192 28 9 1 0
193 17 8 0 -1
194 91 22 -1 0
195 89 33 -1 0
196 18 9 0 -1
197 55 18 0 1
198 8 10 1 0
199 75 7 0 -1
200 57 21 0 1
201 4 22 0 -1
202 29 26 1 0
203 1 13 -1 0
204 69 37 0 1
205 85 24 -1 0
206 54 11 0 1
207 49 8 -1 0
208 95 17 0 1
209 92 3 1 0
210 18 35 -1 0
211 95 15 1 0
212 83 38 -1 0
213 61 28 0 1
214 99 8 1 0
215 87 18 0 -1
216 60 13 0 1
217 0 23 1 0
218 85 2 0 -1
219 14 29 0 -1
220 52 3 1 0
221 54 13 -1 0
222 14 5 0 -1
223 52 12 1 0
224 70 4 0 1
225 80 25 -1 0
226 44 37 -1 0
227 57 2 1 0
228 29 21 0 1
229 26 35 0 -1
230 85 13 0 -1
231 62 21 -1 0
232 5 30 0 -1
233 16 22 -1 0
234 24 27 0 1
235 42 33 0 -1
236 53 11 1 0
237 27 2 1 0
238 19 2 0 -1
239 3 9 -1 0
240 1 29 0 -1
241 91 25 -1 0
242 28 7 1 0
243 91 22 0 1
244 18 11 0 1
245 4 13 -1 0
246 47 17 0 -1
247 71 14 -1 0
248 10 30 1 0
249 57 9 0 1
250 57 6 1 0
251 75 8 0 1
252 56 3 -1 0
253 51 8 0 1
254 48 8 0 -1
255 21 4 1 0
256 94 9 0 -1
257 52 33 -1 0
258 89 18 0 1
259 92 29 -1 0
260 18 17 0 1
261 14 32 0 -1
262 68 35 -1 0
263 45 14 -1 0
264 23 35 1 0
265 52 12 0 1
266 17 0 0 1
267 55 12 0 1
268 99 22 0 1
269 93 11 1 0
270 93 7 0 -1
271 83 31 0 1
272 52 0 0 1
273 74 31 1 0
274 7 0 0 -1
275 37 32 0 -1
276 72 17 -1 0
277 96 6 0 1
278 86 32 1 0
279 68 32 0 1
280 8 22 1 0
281 2 9 0 -1
282 37 25 0 1
283 20 5 0 -1
284 58 22 -1 0
285 77 36 1 0
286 1 37 0 -1
287 65 35 1 0
288 30 14 -1 0
289 84 19 -1 0
290 26 22 1 0
291 46 31 0 -1
292 40 23 0 1
293 69 10 0 -1
294 30 39 0 1
295 72 17 0 1
296 16 12 1 0
297 10 19 -1 0
298 98 4 0 -1
299 14 26 1 0
300 49 23 -1 0
301 85 22 0 -1
302 25 16 -1 0
303 20 2 -1 0
304 41 15 1 0
305 40 9 0 -1
306 95 29 1 0
307 23 34 1 0
308 18 24 0 1
309 38 2 0 -1
310 2 18 -1 0
311 28 23 0 1
312 14 11 0 1
313 94 15 -1 0
314 51 10 0 1
315 21 11 1 0
316 38 38 1 0
317 40 18 1 0
318 39 31 0 -1
319 61 30 1 0
320 8 9 0 -1
321 94 14 0 -1
322 21 6 0 -1
323 78 22 -1 0
324 27 23 0 -1
325 21 12 0 -1
326 96 22 -1 0
327 48 12 1 0
328 17 22 0 -1
329 7 18 0 1
330 19 31 0 1
331 14 36 0 -1
332 79 38 -1 0
333 16 31 -1 0
334 5 38 -1 0
335 96 28 0 1
336 99 0 1 0
337 51 21 0 -1
338 98 23 -1 0
339 67 14 0 1
340 57 13 0 1
341 86 14 -1 0
342 76 33 1 0
343 90 23 0 1
344 56 3 0 1
345 5 35 -1 0
346 84 31 1 0
347 64 7 0 -1
348 2 8 1 0
349 15 17 0 -1
350 46 21 1 0
351 90 14 -1 0
352 69 23 0 -1
353 25 14 0 1
354 74 3 1 0
355 8 5 -1 0
356 87 12 0 -1
357 9 19 0 1
358 58 21 0 1
359 2 29 0 1
360 53 9 0 -1
361 25 36 -1 0
362 81 34 -1 0
363 44 37 -1 0
364 95 28 0 1
365 93 21 1 0
366 17 38 0 1
367 22 37 1 0
368 96 15 0 1
369 49 14 -1 0
370 42 20 1 0
371 88 29 0 1
372 69 35 1 0
373 8 29 0 1
374 0 26 0 1
375 95 24 -1 0
376 2 29 0 -1
377 74 36 1 0
378 88 7 0 -1
379 48 19 -1 0
380 69 24 1 0
381 60 10 0 -1
382 58 7 -1 0
383 82 24 0 -1
384 0 14 1 0
385 17 18 0 1
386 42 30 -1 0
387 61 33 -1 0
388 16 3 -1 0
389 81 6 -1 0
390 14 33 0 -1
391 65 10 -1 0
392 22 17 -1 0
393 91 15 -1 0
394 97 17 0 1
395 95 34 -1 0
396 16 3 -1 0
397 98 22 0 1
398 46 16 0 1
399 19 0 0 1
400 54 33 0 -1
401 98 15 -1 0
402 28 8 1 0
403 22 12 -1 0
404 51 39 -1 0
405 97 29 0 -1
406 41 7 0 -1
407 86 0 0 -1
408 35 30 -1 0
409 13 32 1 0
410 50 12 0 1
411 27 2 -1 0
412 38 20 0 -1
413 36 26 -1 0
414 95 30 0 -1
415 10 28 -1 0
416 49 1 0 -1
417 14 8 1 0
418 86 12 -1 0
419 43 11 0 1
420 11 25 -1 0
421 95 38 1 0
422 37 11 -1 0
423 95 17 1 0
424 23 13 0 -1
425 35 8 1 0
426 57 18 -1 0
427 77 33 1 0
428 81 39 1 0
429 31 27 1 0
430 84 38 0 -1
431 88 3 0 -1
432 20 5 1 0
433 49 1 1 0
434 28 13 0 1
435 41 29 -1 0
436 12 30 -1 0
437 58 36 0 -1
438 27 0 1 0
439 24 31 0 1
440 46 28 -1 0
441 60 9 -1 0
442 86 18 1 0
443 2 3 1 0
444 79 13 -1 0
445 28 17 -1 0
446 34 32 0 -1
447 24 5 -1 0
448 12 0 1 0
449 53 24 1 0
450 26 2 0 -1
451 85 38 0 1
452 2 5 0 1
453 17 27 1 0
454 0 10 0 -1
455 45 8 1 0
456 14 35 0 1
457 21 4 0 1
458 22 1 0 1
459 82 17 0 1
460 12 0 0 -1
461 37 22 0 -1
462 40 13 -1 0
463 45 34 -1 0
464 20 18 1 0
465 7 5 0 1
466 63 34 0 -1
467 8 30 -1 0
468 22 11 0 -1
469 15 32 1 0
470 96 18 0 1
471 68 36 -1 0
472 43 37 0 1
473 91 34 -1 0
474 17 16 0 1
475 38 19 0 1
476 93 20 -1 0
477 16 18 0 1
478 57 35 0 -1
479 64 39 1 0
480 43 8 1 0
481 96 15 1 0
482 92 23 0 1
483 50 29 0 -1
484 52 24 0 -1
485 98 27 -1 0
486 74 9 -1 0
487 70 13 0 1
488 15 9 0 1
489 49 9 0 -1
490 77 24 -1 0
491 26 31 -1 0
492 51 28 0 1
493 8 34 0 1
494 6 25 1 0
495 50 7 1 0
496 46 18 -1 0
497 58 38 -1 0
498 28 15 -1 0
499 26 28 1 0
500 98 17 1 0
501 2 22 0 -1
502 46 12 0 1
503 52 37 0 -1
504 4 7 0 1
505 55 8 0 1
506 95 1 0 1
507 16 13 0 1
508 25 6 0 1
509 49 35 -1 0
510 16 0 0 -1
511 70 33 -1 0
512 26 33 -1 0
513 19 39 -1 0
514 27 27 -1 0
515 98 14 0 -1
516 45 35 0 -1
517 69 4 0 1
518 20 17 -1 0
519 13 17 -1 0
520 9 36 1 0
521 21 29 -1 0
522 87 4 0 -1
523 86 31 0 1
524 56 5 -1 0
525 34 39 1 0
526 54 21 0 -1
527 57 17 0 -1
528 62 29 0 -1
529 62 32 1 0
530 44 0 0 -1
531 65 18 0 1
532 3 14 0 -1
533 43 30 0 -1
534 55 38 -1 0
535 14 15 -1 0
536 17 19 0 -1
537 29 14 1 0
538 65 2 1 0
539 72 38 -1 0
540 93 19 0 1
541 32 22 0 1
542 10 27 0 -1
543 87 16 -1 0
544 21 25 0 1
545 28 32 0 -1
546 6 3 0 1
547 66 36 1 0
548 84 14 1 0
549 81 3 0 1
550 74 21 0 1
551 48 17 0 1
552 49 31 0 -1
553 9 1 0 -1
554 40 22 -1 0
555 28 26 0 -1
556 45 6 -1 0
557 45 13 0 -1
558 19 0 0 1
559 26 1 -1 0
560 35 7 0 1
561 75 36 0 -1
562 80 11 0 1
563 43 3 -1 0
564 6 8 1 0
565 1 37 -1 0
566 4 23 1 0
567 8 9 0 -1
568 5 26 -1 0
569 61 21 0 1
570 49 18 1 0
571 16 0 1 0
572 24 13 0 1
573 85 29 -1 0
574 86 18 1 0
575 17 15 0 -1
576 69 4 0 -1
577 53 38 0 -1
578 89 25 1 0
579 79 2 -1 0
580 95 28 1 0
581 15 1 0 1
582 48 30 1 0
583 13 13 0 -1
584 51 29 1 0
585 47 15 1 0
586 87 12 1 0
587 81 2 -1 0
588 96 37 0 1
589 88 33 1 0
590 6 6 1 0
591 17 22 0 1
592 92 28 1 0
593 20 2 1 0
594 28 3 1 0
595 26 34 0 1
596 68 0 0 1
597 45 25 -1 0
598 79 31 0 -1
599 27 17 -1 0
600 61 18 0 1
601 73 28 -1 0
602 6 5 1 0
603 83 31 0 -1
604 24 22 0 1
605 13 1 0 1
606 73 17 1 0
607 40 9 0 1
608 13 6 -1 0
609 41 34 1 0
610 49 22 0 1
611 25 7 0 1
612 59 33 1 0
613 63 26 0 1
614 24 27 0 -1
615 87 20 0 1
616 2 24 0 -1
617 79 27 0 1
618 15 19 -1 0
619 82 26 0 1
620 38 10 0 1
621 20 12 0 -1
622 38 11 -1 0
623 39 28 -1 0
624 81 39 -1 0
625 41 18 1 0
626 27 31 1 0
627 55 32 0 1
628 14 19 0 -1
629 99 24 1 0
630 77 30 1 0
631 24 38 1 0
632 24 14 0 1
633 7 32 0 1
634 7 4 -1 0
635 95 28 1 0
636 28 22 0 1
637 44 33 1 0
638 15 26 0 -1
639 17 10 0 -1
640 25 32 0 1
641 72 2 1 0
642 18 6 0 -1
643 89 32 -1 0
644 6 36 1 0
645 84 19 -1 0
646 63 10 0 1
647 56 27 0 1
648 42 18 -1 0
649 86 19 -1 0
650 93 20 0 1
651 43 35 0 -1
652 94 26 0 -1
653 84 29 0 1
654 59 9 0 -1
655 35 2 0 1
656 32 27 0 1
657 23 29 0 1
658 63 18 1 0
659 40 31 0 -1
660 43 18 0 1
661 91 38 0 -1
662 28 23 1 0
663 81 30 0 -1
664 73 31 1 0
665 18 23 1 0
666 61 33 0 -1
667 72 19 1 0
668 52 20 -1 0
669 76 38 -1 0
670 90 1 0 1
671 97 11 0 -1
672 77 34 -1 0
673 5 27 0 1
674 89 35 0 -1
675 53 18 0 1
676 22 21 -1 0
677 44 28 1 0
678 3 33 0 1
679 19 27 0 1
680 38 4 0 -1
681 74 24 -1 0
682 45 7 1 0
683 14 38 -1 0
684 52 14 0 -1
685 28 29 -1 0
686 96 11 -1 0
687 96 31 1 0
688 43 12 0 -1
689 10 25 0 -1
690 52 19 1 0
691 15 23 1 0
692 26 1 1 0
693 33 11 0 1
694 19 5 1 0
695 88 32 1 0
696 92 18 1 0
697 9 31 0 1
698 45 32 0 -1
699 54 34 0 1
700 13 4 -1 0
701 17 38 1 0
702 47 34 -1 0
703 2 38 0 -1
704 22 25 1 0
705 86 8 0 -1
706 54 14 1 0
707 31 35 1 0
708 77 33 0 -1
709 13 32 -1 0
710 23 9 -1 0
711 96 28 -1 0
712 3 37 1 0
713 16 31 0 1
714 89 20 0 1
715 60 4 0 1
716 20 30 0 -1
717 29 31 -1 0
718 53 24 0 -1
719 52 15 1 0
720 39 30 1 0
721 46 31 1 0
722 24 30 1 0
723 56 36 0 1
724 7 14 1 0
725 24 3 -1 0
726 88 11 0 1
727 94 19 0 1
728 69 28 0 1
729 58 21 0 -1
730 17 27 -1 0
731 82 10 -1 0
732 67 37 -1 0
733 49 7 0 -1
734 42 14 1 0
735 3 7 0 1
736 4 7 0 1
737 49 14 0 1
738 84 11 0 -1
739 89 33 -1 0
740 8 19 1 0
741 10 21 1 0
742 10 26 -1 0
743 16 33 -1 0
744 63 32 -1 0
745 9 14 -1 0
746 66 34 -1 0
747 93 29 -1 0
748 70 19 0 1
749 1 26 1 0
750 89 19 0 -1
751 23 19 1 0
752 36 1 0 1
753 21 13 0 -1
754 71 13 1 0
755 69 28 -1 0
756 65 1 0 1
757 83 13 1 0
758 93 12 0 1
759 1 31 0 1
760 48 4 -1 0
761 3 33 -1 0
762 28 21 0 -1
763 31 10 -1 0
764 17 0 -1 0
765 17 15 1 0
766 2 21 -1 0
767 54 23 1 0
768 7 36 1 0
769 8 12 0 -1
770 83 7 0 -1
771 58 9 -1 0
772 80 32 -1 0
773 21 12 1 0
774 99 30 1 0
775 57 14 -1 0
776 41 8 -1 0
777 63 37 -1 0
778 13 16 1 0
779 16 39 0 1
780 3 35 1 0
781 72 6 1 0
782 27 34 0 -1
783 29 18 1 0
784 80 7 0 -1
785 20 14 0 1
786 62 8 -1 0
787 87 28 0 -1
788 39 24 0 -1
789 98 25 -1 0
790 89 2 0 1
791 73 36 1 0
792 49 21 0 -1
793 95 14 -1 0
794 78 35 1 0
795 54 18 0 -1
796 58 36 0 -1
797 98 0 0 -1
798 8 32 0 1
799 56 35 1 0
800 97 2 0 1
801 97 14 -1 0
802 51 11 1 0
803 51 29 -1 0
804 85 25 0 1
805 27 17 1 0
806 93 7 -1 0
807 45 3 -1 0
808 19 33 -1 0
809 48 0 -1 0
810 17 34 -1 0
811 62 18 0 1
812 41 37 1 0
813 27 27 1 0
814 84 6 -1 0
815 25 21 0 1
816 43 1 1 0
817 44 38 1 0
818 41 20 -1 0
819 58 12 0 -1
820 45 22 1 0
821 4 4 1 0
822 8 26 -1 0
823 67 20 0 -1
824 39 12 0 -1
825 57 28 1 0
826 87 31 -1 0
827 68 24 1 0
828 74 8 0 1
829 24 19 1 0
830 83 20 0 1
831 12 9 1 0
832 7 15 0 -1
833 52 23 0 -1
834 53 27 1 0
835 39 9 0 1
836 56 20 0 -1
837 14 21 1 0
838 12 28 -1 0
839 18 19 0 -1
840 42 0 0 -1
841 23 1 0 -1
842 39 36 1 0
843 65 13 1 0
844 12 3 1 0
845 99 30 0 1
846 19 25 0 -1
847 51 13 1 0
848 26 35 0 1
849 37 14 -1 0
850 91 9 1 0
851 13 32 0 1
852 28 12 0 1
853 39 7 -1 0
854 56 35 0 -1
855 93 29 0 1
856 40 15 0 1
857 55 35 0 1
858 4 18 0 1
859 50 18 0 1
860 79 16 1 0
861 37 33 1 0
862 10 8 1 0
863 74 25 0 -1
864 74 16 -1 0
865 16 5 -1 0
866 96 35 0 -1
867 48 16 1 0
868 26 9 1 0
869 0 33 -1 0
870 77 10 -1 0
871 51 3 0 -1
872 41 30 0 -1
873 5 32 -1 0
874 62 13 0 -1
875 25 29 0 1
876 28 27 0 -1
877 83 12 0 1
878 17 33 1 0
879 0 26 0 1
880 2 1 1 0
881 9 33 -1 0
882 47 20 1 0
883 7 0 0 -1
884 0 31 0 -1
885 22 21 0 1
886 95 27 0 1
887 46 29 0 -1
888 82 19 0 -1
889 47 38 0 1
890 27 17 0 -1
891 43 8 -1 0
892 91 3 -1 0
893 62 2 -1 0
894 45 14 -1 0
895 27 13 0 -1
896 49 35 0 1
897 74 39 0 1
898 6 33 -1 0
899 4 0 1 0
900 22 20 1 0
901 68 7 0 -1
902 66 9 0 -1
903 49 25 0 -1
904 24 15 -1 0
905 4 29 -1 0
906 13 39 1 0
907 98 1 0 1
908 42 25 0 1
909 23 29 0 -1
910 75 29 -1 0
911 48 19 1 0
912 12 31 0 -1
913 42 14 0 1
914 41 29 -1 0
915 85 4 0 -1
916 54 14 0 1
917 8 38 0 -1
918 54 20 0 1
919 92 26 1 0
920 5 16 0 -1
921 48 34 0 1
922 62 31 0 -1
923 45 9 -1 0
924 59 23 1 0
925 14 18 -1 0
926 50 14 -1 0
927 58 4 1 0
928 39 38 0 -1
929 86 39 1 0
930 37 8 0 -1
931 45 6 -1 0
932 49 15 0 -1
933 28 24 -1 0
934 9 12 -1 0
935 11 22 0 1
936 39 1 1 0
937 44 3 -1 0
938 38 14 1 0
939 21 39 0 1
940 85 30 1 0
941 36 29 0 1
942 17 19 0 1
943 67 26 -1 0
944 78 14 -1 0
945 53 24 0 1
946 17 10 0 1
947 86 38 -1 0
948 6 39 -1 0
949 3 29 0 1
950 27 3 0 1
951 94 34 0 -1
952 86 13 1 0
953 1 16 1 0
954 2 15 1 0
955 99 21 1 0
956 80 24 1 0
957 46 17 0 1
958 22 34 -1 0
959 89 29 -1 0
960 53 7 -1 0
961 24 39 0 1
962 94 24 1 0
963 3 20 1 0
964 2 22 -1 0
965 79 17 0 1
966 44 17 1 0
967 75 29 0 1
968 16 34 -1 0
969 42 1 0 -1
970 31 26 1 0
971 13 23 0 1
972 26 39 1 0
973 16 6 -1 0
974 46 37 0 1
975 56 22 1 0
976 47 1 -1 0
977 22 35 1 0
978 70 14 0 -1
979 56 39 -1 0
980 80 17 1 0
981 48 27 0 -1
982 27 6 0 -1
983 13 22 1 0
984 66 36 1 0
985 97 11 0 -1
986 86 26 -1 0
987 73 16 0 -1
988 39 29 1 0
989 40 35 -1 0
990 48 8 0 -1
991 24 37 0 1
992 23 14 1 0
993 55 20 1 0
994 44 36 -1 0
995 1 24 0 1
996 87 37 -1 0
997 29 2 0 1
998 94 17 0 1
999 51 13 0 1
1000 52 3 -1 0
1001 67 12 0 -1
1002 43 31 0 -1
1003 2 6 0 -1
1004 19 2 0 1
1005 39 26 1 0
1006 26 37 -1 0
1007 45 38 0 -1
1008 63 24 1 0
1009 23 32 -1 0
1010 53 9 0 1
1011 14 26 1 0
1012 29 16 0 1
1013 14 13 0 1
1014 83 26 1 0
1015 20 32 1 0
1016 6 38 0 -1
1017 18 14 0 1
1018 18 3 1 0
1019 21 10 0 1
1020 50 22 1 0
1021 52 32 0 -1
1022 67 25 0 -1
1023 27 27 1 0
1024 75 0 0 -1
1025 24 20 1 0
1026 21 10 -1 0
1027 94 28 0 -1
1028 40 33 0 1
1029 8 13 0 -1
1030 22 13 0 1
1031 93 10 0 1
1032 47 29 0 -1
1033 75 19 0 1
1034 7 34 0 1
1035 79 25 0 1
1036 3 21 0 -1
1037 55 38 0 1
1038 81 22 0 1
1039 69 31 -1 0
1040 37 6 0 -1
1041 60 6 0 -1
1042 63 30 -1 0
1043 8 8 0 -1
1044 2 13 1 0
1045 63 3 0 -1
1046 56 16 0 1
1047 28 7 1 0
1048 60 20 0 1
1049 27 15 -1 0
1050 48 15 -1 0
1051 41 35 0 -1
1052 47 22 0 -1
1053 77 1 1 0
1054 20 9 -1 0
1055 36 10 -1 0
1056 13 20 0 1
1057 88 20 0 -1
1058 32 7 0 1
1059 73 18 1 0
1060 20 13 0 -1
1061 14 10 1 0
1062 88 10 0 -1
1063 23 7 1 0
1064 59 33 0 1
1065 28 32 0 -1
1066 84 33 1 0
1067 38 12 0 -1
1068 21 24 0 1
1069 45 12 0 -1
1070 93 26 -1 0
1071 46 2 -1 0
1072 43 34 0 -1
1073 94 1 0 1
1074 12 2 0 -1
1075 48 33 0 1
1076 9 38 1 0
1077 24 36 1 0
1078 3 0 1 0
1079 25 25 0 1
1080 87 7 0 -1
1081 27 30 0 1
1082 24 9 0 -1
1083 19 1 0 1
1084 62 30 -1 0
1085 9 38 0 1
1086 16 35 -1 0
1087 17 1 0 1
1088 5 39 0 1
1089 12 11 1 0
1090 36 8 0 1
1091 24 18 0 1
1092 0 15 -1 0
1093 14 37 0 -1
1094 69 35 -1 0
1095 65 34 0 1
1096 44 19 0 1
1097 53 23 0 1
1098 92 24 1 0
1099 24 22 -1 0
1100 53 30 0 1
1101 37 15 0 -1
1102 38 1 0 1
1103 35 38 0 -1
1104 76 39 -1 0
1105 82 15 0 1
1106 63 26 -1 0
1107 88 8 1 0
1108 91 9 -1 0
1109 39 38 -1 0
1110 46 26 0 -1
1111 69 23 0 1
1112 81 26 -1 0
1113 42 12 0 -1
1114 3 37 -1 0
1115 24 24 0 1
1116 66 9 1 0
1117 21 37 0 1
1118 0 25 0 -1
1119 85 30 0 1
1120 82 39 0 -1
1121 15 17 0 1
1122 44 26 -1 0
1123 42 2 1 0
1124 61 16 0 -1
1125 7 8 -1 0
1126 47 17 0 -1
1127 63 0 0 -1
1128 30 39 0 1
1129 5 7 -1 0
1130 10 12 -1 0
1131 78 17 1 0
1132 46 3 -1 0
1133 44 8 1 0
1134 10 34 0 -1
1135 89 12 1 0
1136 1 4 -1 0
1137 23 13 1 0
1138 23 12 0 1
1139 92 7 1 0
1140 45 3 0 1
1141 38 32 0 1
1142 59 31 1 0
1143 2 1 1 0
1144 77 1 -1 0
1145 14 7 -1 0
1146 0 5 0 -1
1147 24 37 0 -1
1148 71 30 0 1
1149 44 39 0 -1
1150 53 32 1 0
1151 28 3 -1 0
1152 24 6 1 0
1153 14 32 -1 0
1154 28 31 0 -1
1155 29 19 0 -1
1156 39 14 0 1
1157 76 39 0 -1
1158 21 33 0 -1
1159 97 8 1 0
1160 13 29 0 1
1161 91 8 0 1
1162 76 1 1 0
1163 71 15 1 0
1164 16 10 1 0
1165 26 28 0 1
1166 66 3 0 -1
1167 42 21 0 1
1168 23 15 0 1
1169 57 26 -1 0
1170 47 0 -1 0
1171 75 21 0 -1
1172 62 28 1 0
1173 99 4 -1 0
1174 25 14 0 1
1175 52 18 1 0
1176 38 14 0 -1
1177 83 1 0 -1
1178 73 30 -1 0
1179 95 2 1 0
1180 78 1 0 -1
1181 60 38 0 -1
1182 40 24 -1 0
1183 41 36 0 -1
1184 13 2 -1 0
1185 4 9 1 0
1186 66 17 -1 0
1187 97 34 0 1
1188 53 17 -1 0
1189 80 3 0 1
1190 65 4 -1 0
1191 43 33 -1 0
1192 45 36 0 1
1193 42 1 -1 0
1194 25 4 0 -1
1195 45 1 0 1
1196 7 23 0 1
1197 85 27 -1 0
1198 24 34 0 1
1199 50 8 -1 0
1200 96 0 0 1
1201 82 25 -1 0
1202 19 18 1 0
1203 21 22 0 -1
1204 97 31 0 1
1205 28 28 1 0
1206 55 37 0 -1
1207 26 30 -1 0
1208 23 24 -1 0
1209 53 28 0 1
1210 82 32 -1 0
1211 14 29 0 -1
1212 52 3 1 0
1213 93 20 -1 0
1214 1 9 1 0
1215 68 23 0 -1
1216 40 27 1 0
1217 49 1 0 1
1218 83 8 -1 0
1219 82 25 0 1
1220 29 22 1 0
1221 43 4 0 -1
1222 50 35 1 0
1223 94 27 1 0
1224 5 24 0 1
1225 26 19 0 1
1226 59 20 -1 0
1227 47 19 -1 0
1228 89 27 0 1
1229 87 25 -1 0
1230 22 6 0 -1
1231 45 33 -1 0
1232 64 15 0 1
1233 80 24 -1 0
1234 69 24 -1 0
1235 14 26 -1 0
1236 14 2 -1 0
1237 27 5 0 1
1238 60 6 0 1
1239 60 34 0 -1
1240 10 38 1 0
1241 36 28 -1 0
1242 66 28 0 1
1243 10 39 1 0
1244 6 19 -1 0
1245 87 36 0 1
1246 50 2 -1 0
1247 83 20 0 -1
1248 12 19 0 1
1249 23 20 -1 0
1250 65 13 0 -1
1251 60 19 -1 0
1252 6 25 1 0
1253 25 8 0 1
1254 21 39 0 1
1255 41 39 -1 0
1256 91 16 0 -1
1257 0 17 -1 0
1258 46 24 -1 0
1259 44 21 1 0
1260 35 1 0 1
1261 42 11 -1 0
1262 43 11 0 1
1263 41 2 0 1
1264 46 9 1 0
1265 71 28 -1 0
1266 53 30 0 1
1267 78 20 0 1
1268 97 0 0 -1
1269 4 35 0 -1
1270 68 12 1 0
1271 44 39 -1 0
1272 54 31 1 0
1273 70 29 0 -1
1274 20 33 1 0
1275 23 9 0 -1
1276 95 35 -1 0
1277 21 33 -1 0
1278 70 22 0 1
1279 4 27 0 1
1280 38 25 1 0
1281 68 29 0 1
1282 8 2 -1 0
1283 25 17 1 0
1284 43 27 -1 0
1285 93 39 1 0
1286 44 0 1 0
1287 93 25 0 -1
1288 34 32 0 -1
1289 90 34 0 1
1290 53 39 0 -1
1291 18 35 -1 0
1292 30 36 -1 0
1293 37 18 1 0
1294 38 2 0 -1
1295 49 31 -1 0
1296 69 36 0 -1
1297 57 10 0 -1
1298 23 36 1 0
1299 11 7 -1 0
1300 89 13 -1 0
1301 55 32 -1 0
1302 45 39 1 0
1303 80 17 1 0
1304 78 31 -1 0
1305 79 5 1 0
1306 24 26 0 -1
1307 95 7 0 1
1308 83 11 1 0
1309 12 4 0 1
1310 42 24 0 -1
1311 48 8 1 0
1312 19 15 -1 0
1313 39 30 -1 0
1314 96 39 0 1
1315 78 9 -1 0
1316 13 24 -1 0
1317 92 38 1 0
1318 43 34 0 -1
1319 94 13 1 0
1320 71 19 0 -1
1321 56 34 1 0
1322 99 28 -1 0
1323 56 26 -1 0
1324 5 23 0 1
1325 8 29 0 -1
1326 92 27 -1 0
1327 5 28 0 1
1328 40 9 -1 0
1329 38 4 0 1
1330 92 26 0 -1
1331 65 37 0 1
1332 43 32 0 1
1333 81 31 0 1
1334 3 16 -1 0
1335 19 22 0 1
1336 22 21 -1 0
1337 39 1 0 1
1338 62 38 -1 0
1339 13 7 1 0
1340 41 11 0 -1
1341 3 29 1 0
1342 84 27 0 1
1343 4 31 -1 0
1344 77 4 -1 0
1345 33 19 0 -1
1346 16 22 1 0
1347 23 36 -1 0
1348 20 12 1 0
1349 64 29 0 -1
1350 42 35 1 0
1351 54 6 -1 0
1352 70 29 -1 0
1353 78 37 0 1
1354 14 15 1 0
1355 31 18 0 1
1356 9 31 1 0
1357 80 36 0 -1
1358 81 31 -1 0
1359 54 29 0 -1
1360 79 31 0 -1
1361 29 26 1 0
1362 89 12 0 -1
1363 25 16 1 0
1364 46 14 0 1
1365 65 20 -1 0
1366 38 31 1 0
1367 19 16 0 -1
1368 54 4 -1 0
1369 48 32 -1 0
1370 5 27 0 1
1371 44 26 0 -1
1372 5 26 0 1
1373 88 35 0 1
1374 98 6 0 -1
1375 1 18 -1 0
1376 14 35 0 -1
1377 44 35 1 0
1378 45 9 1 0
1379 78 19 0 1
1380 78 9 0 1
1381 85 26 0 1
1382 79 33 -1 0
1383 81 17 0 1
1384 91 1 -1 0
1385 93 35 -1 0
1386 77 35 1 0
1387 11 1 0 -1
1388 45 38 0 -1
1389 90 22 0 1
1390 45 16 0 1
1391 50 17 0 1
1392 88 25 -1 0
1393 96 0 0 1
1394 40 12 0 1
1395 62 8 1 0
1396 67 27 -1 0
1397 50 25 0 -1
1398 11 1 0 1
1399 85 8 1 0
1400 52 31 -1 0
1401 42 29 0 1
1402 55 1 0 1
1403 43 22 0 1
1404 1 17 1 0
1405 5 21 0 1
1406 68 33 0 1
1407 10 27 0 -1
1408 69 0 0 -1
1409 4 16 -1 0
1410 74 31 0 -1
1411 27 37 -1 0
1412 66 5 0 1
1413 46 16 0 -1
1414 75 38 1 0
1415 44 31 0 1
1416 14 12 -1 0
1417 63 25 -1 0
1418 54 25 0 -1
1419 26 31 -1 0
1420 66 14 1 0
1421 96 4 -1 0
1422 28 10 1 0
1423 15 16 0 -1
1424 87 22 -1 0
1425 29 18 0 -1
1426 85 12 0 1
1427 24 13 0 1
1428 97 10 1 0
1429 24 8 0 -1
1430 98 23 1 0
1431 63 29 -1 0
1432 81 37 -1 0
1433 34 7 -1 0
1434 52 34 0 -1
1435 93 3 -1 0
1436 3 16 1 0
1437 48 28 0 -1
1438 89 13 1 0
1439 25 34 0 -1
1440 16 14 0 -1
1441 25 13 1 0
1442 22 39 -1 0
1443 27 24 0 -1
1444 51 1 0 1
1445 56 32 1 0
1446 11 11 -1 0
1447 36 6 -1 0
1448 87 14 -1 0
1449 81 38 -1 0
1450 75 28 -1 0
1451 4 4 -1 0
1452 25 14 0 1
1453 1 25 -1 0
1454 5 19 0 -1
1455 82 9 1 0
1456 11 11 1 0
1457 72 16 0 1
1458 39 38 1 0
1459 50 35 1 0
1460 43 9 0 -1
1461 28 13 -1 0
1462 12 18 1 0
1463 42 10 1 0
1464 88 29 0 -1
1465 85 30 0 1
1466 51 33 0 -1
1467 99 8 1 0
1468 3 32 0 1
1469 91 21 0 -1
1470 5 8 -1 0
1471 40 7 0 1
1472 75 7 0 1
1473 26 15 1 0
1474 25 32 1 0
1475 28 30 0 -1
1476 45 7 1 0
1477 39 18 0 -1
1478 74 26 1 0
1479 37 1 1 0
1480 24 14 0 -1
1481 3 2 0 -1
1482 88 20 -1 0
1483 42 22 0 -1
1484 31 13 -1 0
1485 30 20 0 1
1486 95 36 1 0
1487 88 35 0 -1
1488 25 21 1 0
1489 40 7 0 1
1490 49 27 -1 0
1491 15 3 0 1
1492 41 9 -1 0
1493 19 3 0 -1
1494 73 12 1 0
1495 34 4 1 0
1496 26 31 1 0
1497 2 31 -1 0
1498 5 22 0 -1
1499 98 34 1 0
1500 37 27 1 0
1501 93 16 0 1
1502 72 29 1 0
1503 98 2 0 1
1504 66 30 0 -1
1505 84 15 1 0
1506 53 38 -1 0
1507 89 14 0 -1
1508 92 16 0 -1
1509 14 37 1 0
1510 89 15 1 0
1511 11 26 0 1
1512 47 29 -1 0
1513 73 5 -1 0
1514 20 30 1 0
1515 87 37 1 0
1516 41 23 1 0
1517 89 15 0 1
1518 61 27 0 -1
1519 49 17 1 0
1520 12 23 1 0
1521 13 8 0 -1
1522 57 22 -1 0
1523 84 1 0 -1
1524 39 5 1 0
1525 20 2 1 0
1526 77 24 1 0
1527 89 5 0 1
1528 92 2 -1 0
1529 97 2 1 0
1530 68 2 -1 0
1531 58 18 1 0
1532 9 8 0 -1
1533 67 17 0 -1
1534 64 15 -1 0
1535 49 39 0 1
1536 27 23 0 -1
1537 6 28 0 1
1538 14 37 1 0
1539 37 14 0 1
1540 37 4 0 -1
1541 49 25 -1 0
1542 8 0 -1 0
1543 74 11 1 0
1544 43 17 -1 0
1545 61 22 1 0
1546 27 4 0 -1
1547 26 39 1 0
1548 51 30 0 -1
1549 93 0 1 0
1550 14 21 0 1
1551 44 33 0 -1
1552 16 29 -1 0
1553 56 25 1 0
1554 47 9 -1 0
1555 41 26 0 1
1556 80 7 1 0
1557 86 7 0 1
1558 79 17 1 0
1559 90 9 0 1
1560 80 38 0 1
1561 50 35 0 1
1562 17 6 -1 0
1563 14 31 0 -1
1564 97 34 0 1
1565 92 24 0 1
1566 14 30 0 -1
1567 16 34 0 1
1568 30 29 0 -1
1569 86 38 -1 0
1570 38 9 1 0
1571 64 37 0 -1
1572 25 25 1 0
1573 46 30 0 -1
1574 68 17 0 1
1575 45 26 0 1
1576 4 4 -1 0
1577 30 9 1 0
1578 57 24 1 0
1579 97 8 -1 0
1580 72 16 1 0
1581 49 30 0 -1
1582 36 3 -1 0
1583 75 24 -1 0
1584 21 18 -1 0
1585 12 29 0 -1
1586 49 39 0 -1
1587 40 21 0 -1
1588 94 4 -1 0
1589 24 25 -1 0
1590 87 0 -1 0
1591 28 26 1 0
1592 67 39 0 -1
1593 21 11 1 0
1594 74 21 1 0
1595 19 15 -1 0
1596 20 20 1 0
1597 12 13 -1 0
1598 93 28 1 0
1599 78 10 1 0
1600 1 27 1 0
1601 95 2 -1 0
1602 93 13 -1 0
1603 0 29 0 1
1604 51 1 0 -1
1605 50 4 -1 0
1606 27 9 1 0
1607 66 30 0 1
1608 51 38 1 0
1609 75 13 0 1
1610 50 36 -1 0
1611 17 14 0 1
1612 81 26 0 1
1613 60 7 0 -1
1614 80 37 1 0
1615 44 2 0 -1
1616 16 21 0 1
1617 49 19 0 -1
1618 44 23 -1 0
1619 3 16 1 0
1620 84 3 -1 0
1621 20 23 0 1
1622 57 26 0 1
1623 25 1 -1 0
1624 46 34 0 -1
1625 23 17 1 0
1626 99 28 0 1
1627 44 37 1 0
1628 8 8 1 0
1629 53 2 -1 0
1630 19 36 0 1
1631 87 4 0 -1
1632 43 39 0 1
1633 23 27 -1 0
1634 74 9 0 1
1635 93 21 0 -1
1636 42 16 0 -1
1637 23 35 -1 0
1638 32 38 -1 0
1639 68 19 0 -1
1640 18 4 0 1
1641 75 34 -1 0
1642 42 10 1 0
1643 28 19 0 1
1644 52 36 -1 0
1645 67 26 0 -1
1646 26 13 -1 0
1647 53 25 1 0
1648 25 38 1 0
1649 91 11 -1 0
1650 26 24 1 0
1651 41 27 -1 0
1652 81 37 -1 0
1653 78 9 -1 0
1654 80 39 1 0
1655 19 10 0 1
1656 49 35 1 0
1657 43 18 -1 0
1658 38 33 -1 0
1659 23 21 1 0
1660 17 39 -1 0
1661 59 8 1 0
1662 21 18 1 0
1663 21 34 1 0
1664 60 0 0 1
1665 15 34 0 1
1666 29 34 -1 0
1667 12 1 0 1
1668 14 10 1 0
1669 43 19 1 0
1670 40 36 -1 0
1671 45 32 -1 0
1672 7 0 0 1
1673 45 3 0 -1
1674 10 17 -1 0
1675 45 4 0 -1
1676 87 1 1 0
1677 31 37 0 1
1678 55 39 0 -1
1679 7 33 1 0
1680 3 2 1 0
1681 60 14 -1 0
1682 39 4 1 0
1683 92 30 0 -1
1684 22 31 0 -1
1685 22 3 1 0
1686 86 14 1 0
1687 56 7 0 1
1688 79 26 -1 0
1689 7 19 1 0
1690 97 3 -1 0
1691 44 11 0 -1
1692 26 10 -1 0
1693 61 29 0 -1
1694 29 7 -1 0
1695 98 25 0 -1
1696 71 19 -1 0
1697 49 2 -1 0
1698 12 10 0 1
1699 72 8 1 0
1700 36 31 0 -1
1701 39 7 0 -1
1702 52 9 -1 0
1703 77 2 1 0
1704 46 13 0 1
1705 91 31 1 0
1706 79 16 1 0
1707 89 14 0 1
1708 39 11 0 -1
1709 42 36 0 -1
1710 44 28 0 -1
1711 12 25 0 1
1712 16 19 1 0
1713 10 1 1 0
1714 2 21 0 -1
1715 94 26 0 -1
1716 22 18 0 1
1717 93 14 0 1
1718 38 17 -1 0
1719 81 22 0 1
1720 45 4 -1 0
1721 47 34 0 -1
1722 99 37 -1 0
1723 6 24 0 1
1724 17 6 1 0
1725 97 23 1 0
1726 94 11 1 0
1727 76 2 -1 0
1728 35 2 0 1
1729 87 12 0 -1
1730 66 31 0 1
1731 11 34 1 0
1732 86 37 1 0
1733 47 33 1 0
1734 44 29 1 0
1735 79 11 0 1
1736 50 29 -1 0
1737 0 34 0 1
1738 0 22 1 0
1739 46 35 0 -1
1740 63 14 -1 0
1741 6 31 -1 0
1742 46 29 1 0
1743 11 20 0 -1
1744 4 33 1 0
1745 90 4 0 1
1746 62 15 0 1
1747 20 27 -1 0
1748 80 2 0 -1
1749 82 21 1 0
1750 77 8 -1 0
1751 51 16 -1 0
1752 85 0 0 -1
1753 27 10 0 1
1754 7 18 0 1
1755 97 34 -1 0
1756 77 23 1 0
1757 76 39 0 -1
1758 53 4 0 -1
1759 67 8 1 0
1760 89 30 0 -1
1761 0 15 0 -1
1762 11 31 0 -1
1763 99 26 0 1
1764 87 14 -1 0
1765 85 26 1 0
1766 9 28 1 0
1767 52 4 -1 0
1768 45 23 1 0
1769 21 6 1 0
1770 4 20 1 0
1771 38 2 0 -1
1772 23 20 -1 0
1773 91 34 -1 0
1774 12 29 -1 0
1775 22 4 -1 0
1776 12 23 0 -1
1777 11 28 0 1
1778 63 0 -1 0
1779 97 28 -1 0
1780 2 28 -1 0
1781 62 24 0 1
1782 37 33 -1 0
1783 54 20 0 1
1784 23 23 1 0
1785 13 37 1 0
1786 20 31 -1 0
1787 60 29 1 0
1788 76 2 -1 0
1789 31 17 1 0
1790 42 18 0 -1
1791 24 12 0 1
1792 91 34 0 -1
1793 18 10 1 0
1794 27 18 0 1
1795 52 24 -1 0
1796 74 10 -1 0
1797 71 26 0 -1
1798 2 11 1 0
1799 44 2 1 0
1800 94 12 -1 0
1801 46 21 0 -1
1802 22 27 1 0
1803 23 10 1 0
1804 43 31 0 1
1805 37 17 0 -1
1806 24 20 0 -1
1807 49 15 0 -1
1808 5 12 1 0
1809 45 38 -1 0
1810 15 5 0 -1
1811 65 20 0 1
1812 91 16 0 -1
1813 17 26 1 0
1814 18 20 1 0
1815 51 2 0 -1
1816 3 10 0 -1
1817 5 8 0 -1
1818 92 16 1 0
1819 37 38 -1 0
1820 78 15 1 0
1821 17 27 1 0
1822 49 28 1 0
1823 22 3 0 1
1824 57 6 1 0
1825 43 14 0 1
1826 92 7 1 0
1827 80 20 0 -1
1828 4 15 0 -1
1829 26 15 0 -1
1830 20 1 1 0
1831 51 4 1 0
1832 67 28 -1 0
1833 7 16 0 1
1834 54 28 -1 0
1835 91 10 1 0
1836 10 19 -1 0
1837 47 1 -1 0
1838 48 6 0 -1
1839 71 22 -1 0
1840 49 29 0 1
1841 19 4 -1 0
1842 21 12 0 1
1843 16 29 -1 0
1844 84 18 -1 0
1845 41 27 0 1
1846 80 17 1 0
1847 93 21 1 0
1848 9 8 -1 0
1849 42 21 0 -1
1850 89 0 0 1
1851 20 10 1 0
1852 17 21 0 -1
1853 1 13 0 -1
1854 18 34 0 1
1855 94 13 1 0
1856 40 14 1 0
1857 17 26 0 1
1858 29 5 1 0
1859 5 37 1 0
1860 73 19 0 -1
1861 11 0 0 1
1862 27 18 -1 0
1863 82 3 0 -1
1864 69 26 0 1
1865 49 3 0 -1
1866 92 6 1 0
1867 23 16 1 0
1868 47 28 0 -1
1869 19 4 0 1
1870 64 39 1 0
1871 17 6 0 -1
1872 99 17 0 1
1873 82 14 -1 0
1874 89 22 1 0
1875 12 39 0 1
1876 23 21 -1 0
1877 57 15 0 1
1878 15 37 0 1
1879 66 29 1 0
1880 1 28 1 0
1881 17 12 -1 0
1882 99 7 -1 0
1883 91 38 -1 0
1884 52 26 1 0
1885 52 33 1 0
1886 71 2 1 0
1887 97 32 1 0
1888 55 1 0 1
1889 84 9 0 -1
1890 0 12 -1 0
1891 39 20 0 -1
1892 74 23 0 -1
1893 62 13 0 -1
1894 49 22 0 -1
1895 41 34 0 -1
1896 83 11 0 -1
1897 39 9 0 -1
1898 30 16 -1 0
1899 76 11 0 -1
1900 24 22 1 0
1901 20 8 -1 0
1902 94 13 0 -1
1903 94 15 0 -1
1904 28 20 1 0
1905 86 33 -1 0
1906 50 7 0 -1
1907 26 38 0 1
1908 91 32 0 -1
1909 84 11 1 0
1910 89 28 0 -1
1911 18 3 0 1
1912 41 30 1 0
1913 2 15 0 -1
1914 42 4 0 -1
1915 46 33 -1 0
1916 15 23 0 1
1917 42 38 -1 0
1918 57 29 -1 0
1919 26 4 0 -1
1920 42 16 -1 0
1921 17 1 0 -1
1922 19 0 1 0
1923 10 37 -1 0
1924 40 0 0 1
1925 76 22 0 1
1926 40 5 1 0
1927 50 39 0 -1
1928 22 31 -1 0
1929 27 7 1 0
1930 1 20 0 -1
1931 44 16 0 1
1932 26 5 0 1
1933 55 39 -1 0
1934 3 34 1 0
1935 68 31 -1 0
1936 50 38 0 -1
1937 47 2 -1 0
1938 28 31 1 0
1939 39 15 -1 0
1940 28 5 0 1
1941 37 22 0 -1
1942 46 31 -1 0
1943 41 2 1 0
1944 24 15 0 1
1945 98 20 0 -1
1946 77 21 1 0
1947 45 29 -1 0
1948 38 7 0 1
1949 47 31 0 1
1950 81 9 1 0
1951 1 0 1 0
1952 67 27 1 0
1953 68 1 -1 0
1954 13 17 1 0
1955 3 18 1 0
1956 23 37 -1 0
1957 3 34 0 1
1958 53 33 1 0
1959 45 10 0 -1
1960 49 19 0 1
1961 25 36 0 -1
1962 21 35 0 -1
1963 36 23 0 1
1964 8 7 0 1
1965 45 15 0 -1
1966 9 12 1 0
1967 49 27 1 0
1968 6 13 -1 0
1969 40 11 -1 0
1970 86 17 0 1
1971 72 29 -1 0
1972 41 9 -1 0
1973 35 21 0 -1
1974 96 13 0 -1
1975 22 11 0 -1
1976 78 20 1 0
1977 28 9 1 0
1978 49 28 0 -1
1979 68 37 0 1
1980 48 1 1 0
1981 43 33 0 -1
1982 47 2 0 1
1983 16 4 -1 0
1984 94 25 0 -1
1985 57 15 -1 0
1986 6 23 0 1
1987 22 18 0 -1
1988 28 14 -1 0
1989 0 22 1 0
1990 78 30 0 1
1991 49 3 0 1
1992 91 12 -1 0
1993 82 20 0 1
1994 39 0 1 0
1995 40 14 0 1
1996 37 35 0 1
1997 1 36 -1 0
1998 72 4 0 -1
1999 2 19 -1 0
2000 30 24 0 -1
2001 15 28 0 -1
2002 8 37 -1 0
2003 41 37 0 1
2004 37 38 -1 0
2005 48 32 0 -1
2006 17 23 1 0
2007 15 12 0 -1
2008 22 33 1 0
2009 91 11 0 -1
2010 94 21 -1 0
2011 47 8 -1 0
2012 41 20 0 1
2013 38 28 0 1
2014 66 8 -1 0
2015 23 6 1 0
2016 77 13 1 0
2017 66 24 0 1
2018 7 32 0 1
2019 80 28 -1 0
2020 79 28 -1 0
2021 62 17 1 0
2022 99 17 1 0
2023 42 33 -1 0
2024 0 6 -1 0
2025 13 11 1 0
2026 20 10 -1 0
2027 92 2 -1 0
2028 30 20 0 -1
2029 22 32 0 -1
2030 13 26 0 -1
2031 61 26 1 0
2032 44 7 -1 0
2033 71 29 -1 0
2034 85 35 1 0
2035 71 2 -1 0
2036 18 39 0 -1
2037 15 37 1 0
2038 56 12 0 -1
2039 88 33 0 -1
2040 17 34 -1 0
2041 65 6 0 1
2042 50 34 1 0
2043 44 15 0 -1
2044 88 2 -1 0
2045 38 3 1 0
2046 99 8 0 1
2047 50 37 1 0
2048 14 12 1 0
2049 37 4 0 -1
2050 56 16 1 0
2051 51 8 0 -1
2052 41 12 0 1
2053 37 7 -1 0
2054 26 25 0 1
2055 19 10 1 0
2056 98 25 1 0
2057 71 7 0 -1
2058 4 38 0 1
2059 63 10 0 1
2060 96 12 0 -1
2061 16 14 1 0
2062 6 21 0 -1
2063 77 20 1 0
2064 54 0 0 1
2065 3 21 1 0
2066 78 26 -1 0
2067 63 24 0 1
2068 28 0 0 1
2069 35 6 -1 0
2070 13 16 0 1
2071 93 9 0 -1
2072 93 35 0 -1
2073 80 19 0 -1
2074 97 0 1 0
2075 25 37 -1 0
2076 98 34 -1 0
2077 1 29 1 0
2078 53 2 1 0
2079 52 9 1 0
2080 14 12 0 -1
2081 94 29 0 1
2082 99 1 -1 0
2083 48 27 0 -1
2084 55 10 0 -1
2085 65 12 -1 0
2086 84 2 0 -1
2087 42 4 1 0
2088 25 32 0 1
2089 13 4 1 0
2090 16 21 0 -1
2091 0 30 0 1
2092 37 3 1 0
2093 14 33 -1 0
2094 78 37 0 -1
2095 2 28 0 1
2096 93 37 0 -1
2097 10 24 0 -1
2098 28 19 -1 0
2099 26 6 0 -1
2100 98 21 1 0
2101 27 13 0 1
2102 44 34 -1 0
2103 12 38 0 -1
2104 94 34 1 0
2105 6 16 -1 0
2106 42 39 1 0
2107 21 5 0 -1
2108 84 16 1 0
2109 84 26 -1 0
2110 69 20 0 1
2111 66 34 0 -1
2112 48 26 1 0
2113 88 32 0 -1
2114 28 29 0 1
2115 15 0 0 1
2116 15 31 1 0
2117 34 23 -1 0
2118 35 26 0 1
2119 44 31 1 0
2120 41 16 1 0
2121 29 27 -1 0
2122 58 1 1 0
2123 77 17 -1 0
2124 41 20 0 1
2125 75 3 0 -1
2126 95 20 0 -1
2127 57 28 0 -1
2128 76 21 0 1
2129 98 14 0 -1
2130 92 36 0 1
2131 59 34 1 0
2132 70 26 0 -1
2133 71 31 0 1
2134 90 7 -1 0
2135 88 0 1 0
2136 97 19 0 1
2137 57 12 0 1
2138 92 8 0 -1
2139 43 13 0 1
2140 8 31 1 0
2141 97 6 -1 0
2142 21 33 0 1
2143 48 38 1 0
2144 21 2 1 0
2145 31 6 0 -1
2146 50 13 0 1
2147 24 27 0 -1
2148 82 9 0 -1
2149 23 31 -1 0
2150 24 12 1 0
2151 29 24 -1 0
2152 83 18 -1 0
2153 38 18 0 -1
2154 2 6 0 1
2155 52 18 0 -1
2156 61 35 1 0
2157 18 34 0 -1
2158 16 30 0 1
2159 28 8 1 0
2160 50 26 0 1
2161 47 23 0 1
2162 8 6 0 1
2163 85 20 -1 0
2164 70 0 1 0
2165 83 15 -1 0
2166 84 23 0 1
2167 11 15 0 -1
2168 56 14 0 -1
2169 24 33 0 1
2170 53 20 -1 0
2171 12 5 -1 0
2172 9 6 -1 0
2173 75 15 0 1
2174 85 1 -1 0
2175 1 13 -1 0
2176 25 15 0 -1
2177 65 10 1 0
2178 24 24 1 0
2179 23 12 1 0
2180 86 35 0 -1
2181 3 33 0 -1
2182 5 8 -1 0
2183 41 10 0 1
2184 84 3 1 0
2185 24 11 1 0
2186 81 9 1 0
2187 72 19 -1 0
2188 36 30 0 1
2189 68 15 0 1
2190 95 24 -1 0
2191 48 39 1 0
2192 36 23 0 1
2193 12 4 1 0
2194 26 32 0 -1
2195 6 2 0 -1
2196 46 37 1 0
2197 23 4 1 0
2198 24 13 0 -1
2199 48 18 -1 0
2200 78 14 0 1
2201 42 5 -1 0
2202 13 11 1 0
2203 73 1 1 0
2204 37 9 0 -1
2205 13 31 1 0
2206 40 1 1 0
2207 9 10 0 1
2208 41 4 0 -1
2209 94 5 1 0
2210 75 31 1 0
2211 51 17 -1 0
2212 93 24 1 0
2213 33 27 1 0
2214 80 38 -1 0
2215 42 39 -1 0
2216 95 0 -1 0
2217 29 10 0 1
2218 81 1 0 -1
2219 96 34 0 -1
2220 24 17 1 0
2221 14 13 0 -1
2222 30 32 -1 0
2223 23 32 0 1
2224 6 31 0 1
2225 76 2 0 -1
2226 56 26 0 1
2227 31 31 1 0
2228 47 21 0 1
2229 2 4 0 1
2230 57 7 0 1
2231 99 29 0 1
2232 40 19 0 -1
2233 4 39 1 0
2234 37 31 1 0
2235 37 31 0 1
2236 4 10 1 0
2237 25 7 0 -1
2238 46 23 0 -1
2239 42 35 0 -1
2240 45 7 0 -1
2241 83 9 0 1
2242 96 30 -1 0
2243 50 14 0 1
2244 13 5 -1 0
2245 57 20 -1 0
2246 57 29 0 -1
2247 18 9 1 0
2248 85 8 1 0
2249 96 19 1 0
2250 11 0 0 1
2251 57 25 0 -1
2252 91 12 -1 0
2253 97 31 0 1
2254 21 2 -1 0
2255 92 1 0 1
2256 20 1 -1 0
2257 45 25 0 -1
2258 51 6 -1 0
2259 17 37 0 -1
2260 17 17 1 0
2261 12 39 0 -1
2262 16 4 0 1
2263 40 8 -1 0
2264 15 25 1 0
2265 93 23 0 -1
2266 31 31 1 0
2267 39 37 0 1
2268 12 7 -1 0
2269 17 13 0 1
2270 97 36 0 -1
2271 58 17 1 0
2272 11 16 -1 0
2273 3 14 0 1
2274 69 9 -1 0
2275 18 23 0 1
2276 75 29 0 1
2277 89 18 1 0
2278 80 27 0 1
2279 75 2 1 0
2280 25 20 0 -1
2281 40 12 1 0
2282 10 6 0 1
2283 83 36 0 -1
2284 97 39 1 0
2285 20 22 0 -1
2286 11 12 1 0
2287 48 11 0 1
2288 9 4 1 0
2289 27 22 0 -1
2290 6 8 -1 0
2291 32 8 0 -1
2292 17 10 1 0
2293 86 23 1 0
2294 86 22 0 1
2295 62 38 1 0
2296 69 34 0 1
2297 31 7 -1 0
2298 47 7 -1 0
2299 39 26 1 0
2300 80 39 -1 0
2301 38 28 1 0
2302 85 27 -1 0
2303 15 14 0 -1
2304 51 4 -1 0
2305 20 19 1 0
2306 94 17 -1 0
2307 18 37 0 1
2308 79 39 1 0
2309 95 1 1 0
2310 8 24 1 0
2311 7 33 0 1
2312 0 22 1 0
2313 19 26 1 0
2314 13 20 0 -1
2315 46 6 -1 0
2316 39 30 0 1
2317 62 4 0 -1
2318 23 37 0 1
2319 49 22 1 0
2320 12 16 0 -1
2321 47 8 1 0
2322 46 22 0 1
2323 45 30 1 0
2324 42 4 -1 0
2325 61 11 0 -1
2326 67 25 1 0
2327 42 25 0 -1
2328 21 27 -1 0
2329 44 16 0 1
2330 37 0 -1 0
2331 40 27 1 0
2332 74 35 0 1
2333 57 30 -1 0
2334 73 37 0 1
2335 94 23 -1 0
2336 97 39 1 0
2337 14 2 1 0
2338 0 29 0 1
2339 24 16 0 -1
2340 91 8 1 0
2341 65 31 0 -1
2342 7 29 -1 0
2343 54 17 0 1
2344 49 27 -1 0
2345 4 33 -1 0
2346 7 8 1 0
2347 26 7 0 1
2348 12 13 0 1
2349 48 14 0 -1
2350 40 0 0 1
2351 74 37 0 -1
2352 21 17 0 1
2353 69 39 1 0
2354 54 3 0 -1
2355 21 28 -1 0
2356 70 11 1 0
2357 42 38 0 -1
2358 46 9 0 -1
2359 9 25 0 1
2360 92 27 -1 0
2361 3 31 0 -1
2362 46 8 -1 0
2363 95 27 0 1
2364 1 15 -1 0
2365 12 22 0 -1
2366 25 15 0 -1
2367 18 19 0 1
2368 14 4 0 -1
2369 66 5 0 1
2370 61 20 0 -1
2371 82 8 -1 0
2372 43 7 1 0
2373 96 23 0 -1
2374 27 25 0 -1
2375 80 36 0 1
2376 87 14 -1 0
2377 1 28 0 -1
2378 64 14 1 0
2379 39 16 1 0
2380 53 17 1 0
2381 54 39 0 1
2382 25 13 0 1
2383 19 33 1 0
2384 22 7 0 1
2385 11 21 1 0
2386 51 25 0 -1
2387 2 31 -1 0
2388 44 8 0 -1
2389 92 3 1 0
2390 12 12 0 1
2391 52 37 -1 0
2392 8 5 0 1
2393 95 11 -1 0
2394 42 18 1 0
2395 52 26 1 0
2396 10 37 1 0
2397 19 30 0 1
2398 44 10 0 -1
2399 45 26 -1 0
