0 53 11 0 -1
1 77 25 0 -1
2 76 37 0 1
3 59 38 -1 0
4 59 39 0 -1
5 99 39 0 1
6 41 28 0 -1
7 38 12 0 -1
8 67 18 1 0
9 84 24 1 0
10 61 13 -1 0
11 3 10 0 1
12 32 32 1 0
13 75 17 -1 0
14 88 4 -1 0
15 2 10 0 1
16 21 8 0 -1
17 88 11 0 1
18 10 22 0 1
19 46 30 0 -1
20 58 25 0 1
21 44 39 -1 0
22 58 19 -1 0
23 44 12 -1 0
24 91 10 1 0
25 51 15 -1 0
26 45 26 0 1
27 26 38 1 0
28 7 2 0 1
29 98 12 0 -1
30 1 25 0 -1
31 3 36 -1 0
32 63 17 0 -1
33 4 39 0 -1
34 27 29 1 0
35 49 39 0 1
36 68 22 0 -1
37 70 28 0 1
38 22 17 -1 0
39 8 11 0 1
40 57 34 -1 0
41 44 6 0 1
42 39 25 -1 0
43 47 23 0 1
44 14 5 1 0
45 45 6 0 1
46 45 14 0 1
47 4 9 0 -1
48 87 7 -1 0
49 4 10 1 0
50 55 0 0 1
51 95 18 0 -1
52 81 17 -1 0
53 47 15 -1 0
54 8 10 1 0
55 89 27 1 0
56 73 10 0 -1
57 14 0 0 1
58 4 30 0 1
59 91 3 -1 0
60 67 36 -1 0
61 41 23 0 1
62 43 15 1 0
63 2 2 -1 0
64 79 22 1 0
65 27 2 0 1
66 7 34 0 -1
67 16 31 0 1
68 11 13 0 1
69 95 22 0 1
70 57 28 0 -1
71 49 6 1 0
72 82 18 1 0
73 58 36 -1 0
74 40 31 0 -1
75 76 16 1 0
76 8 2 1 0
77 46 33 0 -1
78 41 19 0 1
79 27 0 0 1
80 33 12 -1 0
81 47 11 1 0
82 79 20 0 -1
83 15 14 0 1
84 54 1 0 -1
85 25 20 0 1
86 77 20 0 1
87 88 15 0 -1
88 96 5 0 -1
89 50 20 0 -1
90 47 12 0 -1
91 45 16 -1 0
92 69 28 -1 0
93 47 22 0 -1
94 75 11 -1 0
95 20 12 1 0
96 45 3 0 1
97 46 4 0 1
98 10 36 0 -1
99 79 32 1 0
100 97 23 0 1
101 9 26 0 1
102 8 29 0 -1
103 53 17 1 0
104 97 13 0 -1
105 92 37 0 1
106 73 17 -1 0
107 59 6 0 -1
108 48 15 0 -1
109 98 13 0 -1
110 77 35 0 -1
111 14 38 0 1
112 60 21 -1 0
113 65 11 0 1
114 44 35 -1 0
115 55 22 -1 0
116 6 38 1 0
117 93 3 0 1
118 77 20 -1 0
119 79 25 -1 0
120 21 4 1 0
121 19 9 0 -1
122 7 30 1 0
123 39 26 0 -1
124 80 6 1 0
125 6 28 1 0
126 14 30 -1 0
127 16 26 0 -1
128 7 2 0 -1
129 19 13 -1 0
130 62 27 -1 0
131 66 39 0 -1
132 73 21 0 1
133 53 38 0 -1
134 43 31 -1 0
135 86 25 1 0
136 83 34 1 0
137 67 31 0 -1
138 23 30 0 1
139 91 25 0 -1
140 36 8 1 0
141 76 10 -1 0
142 39 38 1 0
143 18 39 0 -1
144 28 15 -1 0
145 62 6 0 1
146 11 30 0 -1
147 73 11 0 1
148 78 33 0 1
149 41 30 0 1
150 41 5 0 -1
151 60 9 -1 0
152 43 23 0 1
153 14 28 1 0
154 5 1 0 -1
155 93 0 -1 0
156 45 14 0 1
157 87 21 0 1
158 13 11 0 1
159 3 18 0 1
160 96 29 1 0
161 74 21 0 -1
162 3 2 1 0
163 48 2 0 -1
164 86 10 0 -1
165 21 9 0 1
166 71 3 1 0
167 67 18 1 0
168 13 14 -1 0
169 39 16 0 -1
170 20 23 -1 0
171 50 38 0 1
172 53 9 -1 0
173 42 25 0 1
174 25 39 0 -1
175 93 1 1 0
176 36 31 -1 0
177 5 9 0 1
178 65 25 0 -1
179 97 26 -1 0
180 56 33 1 0
181 80 11 0 1
182 77 34 -1 0
183 33 28 1 0
184 61 33 0 1
185 5 22 0 -1
186 24 23 1 0
187 91 27 0 1
188 89 7 0 1
189 97 10 0 1
190 10 27 -1 0
191 86 18 1 0
192 22 5 0 -1
193 85 31 0 -1
194 7 19 0 1
195 5 14 -1 0
196 7 3 1 0
197 57 13 0 -1
198 7 20 1 0
199 55 6 -1 0
200 65 14 0 -1
201 96 18 1 0
202 13 28 0 1
203 23 23 -1 0
204 42 12 1 0
205 43 5 -1 0
206 51 20 0 -1
207 86 31 0 -1
208 92 1 0 -1
209 90 35 0 -1
210 27 34 0 -1
211 16 21 -1 0
212 68 19 0 1
213 51 23 0 1
214 76 21 0 1
215 40 30 1 0
216 82 1 -1 0
217 6 19 -1 0
218 65 25 1 0
219 8 18 0 -1
220 43 37 1 0
221 93 8 -1 0
222 16 24 -1 0
223 40 13 0 1
224 96 21 0 -1
225 47 2 0 1
226 38 39 0 -1
227 41 29 1 0
228 20 35 0 -1
229 25 11 0 -1
230 97 7 0 -1
231 55 15 0 1
232 9 15 -1 0
233 27 29 0 1
234 19 14 0 1
235 78 0 0 -1
236 40 20 -1 0
237 31 12 0 1
238 9 1 0 1
239 76 25 1 0
240 17 35 -1 0
241 65 37 0 -1
242 15 28 0 1
243 89 12 -1 0
244 22 22 1 0
245 99 38 0 1
246 36 38 -1 0
247 86 25 1 0
248 20 27 0 -1
249 88 31 -1 0
250 51 21 0 -1
251 58 16 0 1
252 46 3 -1 0
253 57 39 0 -1
254 45 16 1 0
255 22 3 1 0
256 13 17 0 1
257 68 29 1 0
258 78 29 -1 0
259 95 34 1 0
260 5 1 0 1
261 29 30 1 0
262 80 29 0 1
263 45 19 0 1
264 24 16 0 -1
265 46 31 -1 0
266 22 4 -1 0
267 90 21 1 0
268 28 26 -1 0
269 88 3 1 0
270 8 18 0 -1
271 95 1 1 0
272 67 25 0 1
273 56 35 0 -1
274 93 20 0 -1
275 50 22 0 1
276 2 18 1 0
277 14 19 1 0
278 15 4 0 1
279 97 6 1 0
280 3 24 0 -1
281 3 35 0 1
282 39 26 0 1
283 17 38 -1 0
284 81 11 0 -1
285 54 35 0 1
286 11 21 -1 0
287 51 26 1 0
288 29 16 1 0
289 52 1 0 -1
290 27 6 1 0
291 47 27 1 0
292 40 29 -1 0
293 50 0 -1 0
294 26 30 1 0
295 95 33 0 1
296 83 13 0 1
297 97 24 -1 0
298 73 38 -1 0
299 23 7 1 0
300 54 7 1 0
301 3 36 0 1
302 18 11 0 -1
303 4 4 -1 0
304 47 31 0 1
305 58 3 0 -1
306 93 6 0 -1
307 28 23 1 0
308 23 22 0 -1
309 39 1 -1 0
310 27 6 1 0
311 17 4 -1 0
312 25 10 -1 0
313 2 10 1 0
314 56 18 -1 0
315 24 13 -1 0
316 39 2 1 0
317 43 34 0 -1
318 50 38 -1 0
319 53 16 1 0
320 4 20 0 1
321 45 9 -1 0
322 22 2 1 0
323 68 39 1 0
324 19 6 0 1
325 22 6 0 -1
326 93 0 0 -1
327 47 3 -1 0
328 16 14 0 -1
329 6 15 -1 0
330 91 37 0 1
331 16 12 1 0
332 41 30 -1 0
333 95 38 0 -1
334 19 10 1 0
335 61 12 0 1
336 92 2 0 -1
337 50 29 0 1
338 83 21 1 0
339 92 20 -1 0
340 46 11 -1 0
341 45 10 0 -1
342 71 16 1 0
343 13 33 -1 0
344 73 17 0 1
345 9 26 0 1
346 42 35 1 0
347 52 34 0 1
348 86 0 0 -1
349 28 22 1 0
350 39 17 0 -1
351 1 11 0 -1
352 51 22 -1 0
353 11 24 -1 0
354 38 0 0 1
355 99 32 1 0
356 6 4 -1 0
357 15 23 0 1
358 41 5 0 1
359 23 20 0 1
360 59 33 0 -1
361 30 24 1 0
362 81 30 0 1
363 43 1 0 -1
364 7 6 0 -1
365 90 32 0 1
366 23 29 0 -1
367 24 7 1 0
368 10 4 -1 0
369 43 26 -1 0
370 81 28 1 0
371 7 14 0 1
372 69 22 1 0
373 52 10 -1 0
374 68 23 -1 0
375 44 27 0 -1
376 60 13 0 1
377 9 32 0 -1
378 82 9 -1 0
379 52 6 -1 0
380 71 24 -1 0
381 73 30 1 0
382 92 38 1 0
383 78 33 0 1
384 86 24 0 -1
385 21 9 0 1
386 40 18 0 1
387 67 37 0 -1
388 96 2 1 0
389 74 34 0 1
390 29 4 0 1
391 74 28 -1 0
392 12 25 -1 0
393 87 21 0 -1
394 53 32 -1 0
395 94 28 0 1
396 19 38 1 0
397 98 21 1 0
398 68 24 -1 0
399 23 38 0 1
400 88 15 1 0
401 4 6 0 1
402 29 15 0 1
403 21 32 0 1
404 71 8 0 -1
405 89 31 1 0
406 40 31 0 -1
407 77 33 0 -1
408 42 38 0 1
409 6 30 -1 0
410 78 16 0 1
411 24 34 0 1
412 49 3 0 1
413 36 28 0 1
414 95 3 0 1
415 81 3 0 -1
416 41 33 1 0
417 92 32 0 1
418 98 28 -1 0
419 41 9 0 -1
420 97 31 1 0
421 16 25 -1 0
422 42 30 1 0
423 86 29 0 1
424 8 39 1 0
425 35 14 -1 0
426 84 24 -1 0
427 87 35 0 1
428 83 13 1 0
429 31 26 -1 0
430 57 21 -1 0
431 94 10 0 -1
432 1 27 0 1
433 48 25 0 -1
434 22 13 0 1
435 49 33 -1 0
436 99 18 0 -1
437 99 27 1 0
438 23 3 1 0
439 12 14 0 -1
440 38 22 -1 0
441 38 4 0 -1
442 6 20 0 1
443 94 8 -1 0
444 59 11 -1 0
445 25 32 1 0
446 34 37 0 -1
447 19 36 1 0
448 6 39 0 -1
449 79 16 0 -1
450 26 16 -1 0
451 3 15 1 0
452 84 5 -1 0
453 25 28 -1 0
454 93 9 0 1
455 46 21 0 -1
456 86 12 0 1
457 15 16 1 0
458 19 17 -1 0
459 86 32 0 -1
460 19 22 0 -1
461 42 28 -1 0
462 38 18 0 -1
463 70 38 1 0
464 10 0 0 -1
465 24 17 -1 0
466 55 39 1 0
467 1 0 0 1
468 89 32 0 1
469 1 30 0 1
470 98 0 1 0
471 66 4 1 0
472 58 31 -1 0
473 89 22 0 1
474 19 35 0 -1
475 40 35 1 0
476 11 30 1 0
477 87 4 0 -1
478 58 6 1 0
479 89 13 0 -1
480 46 3 1 0
481 23 27 -1 0
482 69 2 0 -1
483 41 28 -1 0
484 56 6 0 1
485 9 19 1 0
486 68 26 1 0
487 41 11 -1 0
488 25 2 -1 0
489 41 3 0 1
490 52 10 0 -1
491 23 16 0 1
492 46 26 0 1
493 6 20 0 -1
494 64 6 0 -1
495 45 12 -1 0
496 51 20 -1 0
497 54 0 1 0
498 23 35 0 -1
499 15 10 0 1
500 80 10 0 1
501 7 28 0 -1
502 68 6 -1 0
503 82 28 0 -1
504 9 28 -1 0
505 82 0 -1 0
506 96 6 0 -1
507 26 18 1 0
508 25 8 0 1
509 57 31 -1 0
510 98 17 0 1
511 40 22 -1 0
512 29 30 0 -1
513 1 29 -1 0
514 24 21 1 0
515 93 39 0 1
516 48 21 -1 0
517 72 24 1 0
518 20 25 1 0
519 21 35 -1 0
520 29 15 -1 0
521 27 24 0 -1
522 1 4 0 1
523 78 30 0 1
524 1 39 -1 0
525 34 22 1 0
526 80 31 1 0
527 12 32 -1 0
528 73 2 0 -1
529 60 9 1 0
530 39 20 -1 0
531 58 35 0 1
532 19 38 1 0
533 40 5 -1 0
534 4 5 0 1
535 17 31 -1 0
536 22 35 0 1
537 29 28 1 0
538 49 36 0 -1
539 63 36 -1 0
540 97 39 0 1
541 30 3 -1 0
542 14 13 -1 0
543 46 8 -1 0
544 24 36 1 0
545 15 11 1 0
546 97 34 1 0
547 68 0 0 -1
548 5 33 0 -1
549 45 30 1 0
550 88 24 -1 0
551 42 22 1 0
552 48 32 0 -1
553 88 35 0 -1
554 38 10 0 1
555 14 13 0 -1
556 57 12 0 1
557 41 19 1 0
558 23 36 0 -1
559 14 22 -1 0
560 35 6 1 0
561 53 6 1 0
562 59 9 -1 0
563 76 0 0 -1
564 61 32 0 1
565 24 2 1 0
566 24 39 0 1
567 21 35 -1 0
568 14 2 0 1
569 14 10 1 0
570 5 21 -1 0
571 23 35 1 0
572 29 12 -1 0
573 85 17 -1 0
574 71 32 0 1
575 16 29 -1 0
576 48 1 0 -1
577 89 7 0 1
578 58 29 0 1
579 5 9 1 0
580 88 39 0 -1
581 15 7 -1 0
582 45 12 0 1
583 16 19 0 -1
584 5 22 1 0
585 37 16 0 1
586 20 28 0 1
587 54 13 0 1
588 97 9 0 1
589 52 24 0 -1
590 8 1 0 -1
591 96 22 0 1
592 97 22 1 0
593 25 14 1 0
594 28 32 -1 0
595 12 5 0 1
596 50 37 0 1
597 40 23 -1 0
598 83 14 0 -1
599 14 26 1 0
600 69 1 -1 0
601 95 38 0 -1
602 4 38 0 1
603 47 37 0 1
604 19 21 -1 0
605 6 8 1 0
606 39 35 0 1
607 55 38 0 1
608 96 11 0 1
609 36 6 0 1
610 47 32 0 1
611 22 14 1 0
612 94 39 0 1
613 65 15 1 0
614 7 4 -1 0
615 8 0 0 1
616 9 29 0 -1
617 51 12 1 0
618 86 36 -1 0
619 15 14 0 -1
620 56 11 1 0
621 16 38 0 1
622 51 28 0 -1
623 38 6 0 1
624 8 4 0 -1
625 42 14 0 1
626 4 21 0 1
627 73 22 0 -1
628 19 20 1 0
629 13 20 0 1
630 90 6 0 1
631 22 1 1 0
632 28 16 -1 0
633 24 15 -1 0
634 97 23 -1 0
635 7 17 0 -1
636 26 33 1 0
637 42 6 -1 0
638 93 38 0 1
639 30 6 -1 0
640 0 37 0 -1
641 71 31 1 0
642 26 0 -1 0
643 86 13 -1 0
644 9 31 0 1
645 89 4 0 1
646 59 37 0 -1
647 43 11 1 0
648 53 21 -1 0
649 26 13 0 -1
650 66 19 1 0
651 46 24 0 1
652 90 0 1 0
653 97 15 0 -1
654 45 37 -1 0
655 36 34 1 0
656 32 26 0 -1
657 29 33 0 -1
658 50 14 -1 0
659 50 32 -1 0
660 94 32 0 -1
661 55 39 -1 0
662 29 34 1 0
663 94 2 0 1
664 73 37 1 0
665 11 33 0 1
666 41 31 -1 0
667 74 1 1 0
668 54 2 -1 0
669 49 27 1 0
670 3 34 1 0
671 21 25 1 0
672 99 17 0 -1
673 94 16 -1 0
674 89 16 0 -1
675 38 24 0 -1
676 17 37 0 1
677 38 5 0 1
678 14 27 0 -1
679 97 15 0 -1
680 44 26 0 -1
681 48 31 0 -1
682 90 32 0 -1
683 2 2 1 0
684 65 30 1 0
685 23 26 1 0
686 46 8 -1 0
687 98 27 0 1
688 41 18 -1 0
689 94 0 0 -1
690 47 8 0 1
691 99 18 -1 0
692 23 9 0 -1
693 33 8 0 -1
694 5 27 -1 0
695 89 5 1 0
696 50 37 0 1
697 27 29 0 1
698 62 39 0 1
699 50 15 0 -1
700 14 37 1 0
701 24 8 0 -1
702 53 30 -1 0
703 12 0 0 1
704 0 1 0 1
705 69 0 0 -1
706 54 4 0 -1
707 31 26 0 -1
708 99 9 1 0
709 96 28 0 1
710 6 13 1 0
711 1 10 1 0
712 44 38 1 0
713 29 6 0 1
714 10 9 1 0
715 69 27 0 -1
716 10 1 1 0
717 27 8 0 1
718 85 6 1 0
719 71 18 0 1
720 45 25 -1 0
721 45 15 1 0
722 88 24 0 1
723 49 38 0 -1
724 13 38 0 -1
725 24 13 -1 0
726 88 0 1 0
727 96 23 0 -1
728 81 35 0 -1
729 1 23 0 -1
730 72 29 1 0
731 11 18 -1 0
732 88 2 1 0
733 81 25 1 0
734 47 37 1 0
735 65 15 1 0
736 19 20 0 -1
737 40 7 1 0
738 16 0 -1 0
739 70 35 -1 0
740 15 15 0 1
741 83 36 1 0
742 93 32 -1 0
743 16 22 0 -1
744 54 25 -1 0
745 23 38 -1 0
746 80 5 1 0
747 97 38 1 0
748 58 11 -1 0
749 89 2 1 0
750 12 8 0 -1
751 21 15 0 -1
752 35 31 0 -1
753 21 11 0 1
754 78 30 0 -1
755 47 27 1 0
756 48 26 1 0
757 50 36 1 0
758 4 33 -1 0
759 99 16 -1 0
760 66 3 0 -1
761 19 37 1 0
762 27 36 1 0
763 28 34 0 -1
764 29 16 -1 0
765 12 19 -1 0
766 96 20 0 1
767 38 8 0 1
768 97 6 1 0
769 3 2 -1 0
770 95 23 0 -1
771 67 24 0 -1
772 42 18 -1 0
773 18 23 0 -1
774 12 29 1 0
775 48 31 1 0
776 72 34 0 1
777 63 19 0 -1
778 5 39 0 1
779 24 9 1 0
780 71 37 0 1
781 59 10 -1 0
782 28 6 -1 0
783 23 33 -1 0
784 16 36 -1 0
785 26 18 1 0
786 8 32 0 1
787 6 37 0 -1
788 40 8 0 -1
789 27 30 -1 0
790 9 32 0 -1
791 57 33 -1 0
792 53 17 0 1
793 99 35 1 0
794 5 26 -1 0
795 39 12 1 0
796 18 29 -1 0
797 98 21 1 0
798 94 1 0 -1
799 62 34 1 0
800 5 4 -1 0
801 22 25 -1 0
802 51 10 1 0
803 54 6 1 0
804 98 30 0 -1
805 82 13 1 0
806 63 19 1 0
807 53 31 -1 0
808 24 30 0 1
809 40 31 0 1
810 20 33 0 1
811 89 3 -1 0
812 38 6 -1 0
813 24 17 0 1
814 49 30 0 -1
815 25 11 0 1
816 43 31 0 -1
817 37 39 1 0
818 53 29 -1 0
819 97 34 0 -1
820 57 0 0 1
821 23 17 -1 0
822 88 33 -1 0
823 39 10 0 1
824 39 27 0 1
825 49 35 0 1
826 14 20 -1 0
827 46 22 0 1
828 75 36 -1 0
829 29 17 0 1
830 42 8 0 -1
831 20 5 0 1
832 21 34 0 1
833 48 14 0 -1
834 53 5 0 1
835 43 10 0 1
836 94 7 0 1
837 18 12 0 1
838 84 28 1 0
839 15 37 1 0
840 67 38 -1 0
841 18 0 0 1
842 62 20 1 0
843 65 22 -1 0
844 27 19 -1 0
845 92 24 -1 0
846 12 27 1 0
847 49 16 -1 0
848 28 2 0 -1
849 80 6 0 -1
850 64 31 0 1
851 51 22 -1 0
852 30 30 -1 0
853 40 36 1 0
854 49 30 0 -1
855 56 7 1 0
856 81 25 0 1
857 90 27 -1 0
858 71 27 1 0
859 51 35 0 1
860 41 35 0 -1
861 38 31 0 1
862 7 39 0 -1
863 47 23 -1 0
864 60 5 0 1
865 17 34 1 0
866 45 14 0 1
867 37 33 0 1
868 15 26 1 0
869 91 36 -1 0
870 98 10 1 0
871 64 27 0 -1
872 39 17 0 1
873 75 3 1 0
874 48 32 0 -1
875 16 8 -1 0
876 29 36 -1 0
877 56 36 1 0
878 94 28 -1 0
879 88 1 1 0
880 46 30 -1 0
881 10 4 0 1
882 47 14 -1 0
883 8 38 0 -1
884 19 2 0 1
885 98 22 0 -1
886 80 25 0 -1
887 54 35 1 0
888 75 34 0 -1
889 45 34 0 -1
890 30 34 -1 0
891 93 14 0 -1
892 48 24 0 -1
893 72 1 -1 0
894 47 3 1 0
895 26 31 0 1
896 40 26 0 1
897 8 11 1 0
898 5 36 0 1
899 89 9 1 0
900 23 36 -1 0
901 48 1 -1 0
902 47 18 1 0
903 48 0 0 -1
904 27 35 0 1
905 93 35 1 0
906 4 32 -1 0
907 23 26 1 0
908 47 25 0 -1
909 4 15 0 1
910 99 8 0 1
911 71 31 -1 0
912 25 29 0 -1
913 46 7 0 -1
914 38 32 0 -1
915 96 16 -1 0
916 82 32 -1 0
917 6 7 -1 0
918 51 36 0 -1
919 46 14 0 1
920 74 1 -1 0
921 76 3 0 -1
922 40 28 1 0
923 40 16 0 -1
924 39 14 1 0
925 24 34 1 0
926 77 12 0 -1
927 57 4 -1 0
928 40 6 0 -1
929 42 35 0 -1
930 49 1 0 1
931 53 14 1 0
932 40 24 0 -1
933 19 17 0 1
934 28 7 -1 0
935 99 21 1 0
936 46 0 0 1
937 60 8 0 1
938 44 15 1 0
939 17 13 1 0
940 63 29 1 0
941 39 25 -1 0
942 20 16 1 0
943 42 5 0 1
944 22 4 -1 0
945 97 18 -1 0
946 89 31 1 0
947 91 26 -1 0
948 26 3 0 -1
949 17 0 0 -1
950 22 2 0 1
951 11 14 -1 0
952 38 34 -1 0
953 15 23 0 -1
954 9 14 -1 0
955 7 23 0 -1
956 75 27 -1 0
957 68 24 -1 0
958 11 32 0 -1
959 84 12 1 0
960 70 37 0 -1
961 23 39 0 -1
962 64 5 0 -1
963 86 30 0 1
964 85 11 -1 0
965 86 12 1 0
966 41 12 0 -1
967 84 36 0 1
968 24 36 0 -1
969 40 34 -1 0
970 31 15 -1 0
971 95 1 0 -1
972 25 12 0 -1
973 26 10 1 0
974 42 21 -1 0
975 48 35 -1 0
976 98 24 0 1
977 6 2 1 0
978 12 26 0 1
979 61 35 -1 0
980 2 10 0 1
981 59 3 0 -1
982 19 9 0 1
983 7 20 0 1
984 5 2 1 0
985 98 15 0 1
986 90 19 0 1
987 51 14 -1 0
988 39 21 0 -1
989 40 2 0 -1
990 48 33 0 -1
991 27 21 0 1
992 30 29 -1 0
993 57 23 0 1
994 49 38 1 0
995 4 37 0 -1
996 95 30 0 1
997 31 10 1 0
998 84 11 0 1
999 69 15 0 1
1000 7 10 0 1
1001 88 8 1 0
1002 77 29 0 -1
1003 95 4 -1 0
1004 11 27 0 1
1005 42 39 0 -1
1006 97 2 1 0
1007 68 10 0 -1
1008 40 16 0 1
1009 21 38 0 1
1010 39 35 0 -1
1011 20 31 0 -1
1012 25 37 0 -1
1013 16 33 0 -1
1014 3 10 -1 0
1015 23 6 0 1
1016 96 30 -1 0
1017 25 24 0 -1
1018 24 23 0 -1
1019 18 29 0 -1
1020 51 32 -1 0
1021 67 17 0 1
1022 56 4 1 0
1023 28 21 -1 0
1024 97 12 1 0
1025 25 32 -1 0
1026 24 31 -1 0
1027 20 11 0 -1
1028 39 24 0 1
1029 96 18 0 1
1030 86 11 -1 0
1031 98 6 -1 0
1032 51 10 -1 0
1033 91 17 -1 0
1034 14 26 -1 0
1035 57 16 0 1
1036 16 7 1 0
1037 50 18 -1 0
1038 86 39 0 1
1039 81 28 0 -1
1040 40 37 0 -1
1041 43 0 0 1
1042 64 13 1 0
1043 94 17 0 1
1044 4 7 1 0
1045 42 11 0 -1
1046 44 4 -1 0
1047 17 32 0 1
1048 70 26 0 1
1049 27 26 1 0
1050 80 16 0 1
1051 99 3 -1 0
1052 48 6 1 0
1053 61 10 -1 0
1054 3 28 0 1
1055 35 36 1 0
1056 22 9 1 0
1057 86 12 0 1
1058 32 35 1 0
1059 48 9 0 1
1060 14 13 -1 0
1061 20 24 0 1
1062 21 34 -1 0
1063 15 23 1 0
1064 91 0 0 -1
1065 31 28 1 0
1066 93 26 -1 0
1067 58 30 1 0
1068 89 8 0 -1
1069 46 15 0 1
1070 5 19 0 1
1071 83 32 1 0
1072 40 5 0 -1
1073 0 38 -1 0
1074 0 10 1 0
1075 65 35 0 1
1076 19 33 0 1
1077 25 32 1 0
1078 12 32 -1 0
1079 82 0 1 0
1080 82 36 0 1
1081 21 19 0 -1
1082 26 23 0 1
1083 3 39 0 1
1084 8 29 1 0
1085 16 21 1 0
1086 27 34 0 1
1087 16 31 -1 0
1088 98 32 0 -1
1089 6 5 0 -1
1090 37 37 0 -1
1091 98 39 -1 0
1092 18 10 1 0
1093 26 20 0 -1
1094 76 1 1 0
1095 49 28 0 -1
1096 36 6 -1 0
1097 85 36 1 0
1098 0 11 1 0
1099 16 6 1 0
1100 13 13 0 -1
1101 35 30 0 1
1102 38 29 0 -1
1103 35 3 -1 0
1104 72 34 0 1
1105 76 26 1 0
1106 82 6 0 1
1107 6 14 1 0
1108 88 35 0 1
1109 43 3 1 0
1110 43 22 1 0
1111 85 32 -1 0
1112 68 22 0 -1
1113 42 36 0 -1
1114 1 37 0 -1
1115 9 11 0 -1
1116 98 30 0 1
1117 23 18 -1 0
1118 92 23 0 1
1119 99 10 1 0
1120 65 33 1 0
1121 14 6 1 0
1122 44 39 1 0
1123 54 20 -1 0
1124 78 33 1 0
1125 11 3 -1 0
1126 40 38 0 -1
1127 14 2 0 1
1128 26 32 0 -1
1129 87 5 1 0
1130 19 0 0 1
1131 43 29 0 1
1132 92 24 0 1
1133 56 8 1 0
1134 0 21 0 1
1135 39 36 0 1
1136 13 4 0 -1
1137 80 7 -1 0
1138 9 16 0 1
1139 47 3 0 1
1140 48 11 0 1
1141 38 27 -1 0
1142 39 36 0 -1
1143 3 8 -1 0
1144 78 8 0 1
1145 20 12 0 -1
1146 9 37 -1 0
1147 26 10 1 0
1148 72 29 1 0
1149 43 34 1 0
1150 82 3 0 1
1151 25 31 -1 0
1152 17 12 0 -1
1153 89 13 1 0
1154 27 12 0 1
1155 28 36 1 0
1156 35 26 1 0
1157 98 29 1 0
1158 8 20 1 0
1159 94 17 0 -1
1160 22 15 -1 0
1161 3 17 0 -1
1162 9 0 -1 0
1163 49 29 0 1
1164 8 0 -1 0
1165 31 26 0 1
1166 51 18 0 1
1167 42 13 0 1
1168 75 0 0 1
1169 80 32 0 -1
1170 87 17 0 1
1171 40 30 -1 0
1172 59 23 -1 0
1173 18 21 0 -1
1174 29 26 0 1
1175 46 35 0 -1
1176 47 16 -1 0
1177 8 13 -1 0
1178 48 24 0 1
1179 9 26 0 -1
1180 93 21 0 -1
1181 42 9 0 1
1182 42 15 0 1
1183 77 35 -1 0
1184 23 17 -1 0
1185 88 38 1 0
1186 68 28 -1 0
1187 80 38 -1 0
1188 47 5 0 1
1189 46 37 -1 0
1190 98 39 -1 0
1191 69 6 0 -1
1192 89 19 1 0
1193 58 27 1 0
1194 10 23 0 1
1195 64 33 1 0
1196 15 10 0 1
1197 64 8 1 0
1198 24 23 0 -1
1199 41 31 1 0
1200 8 36 -1 0
1201 50 36 -1 0
1202 27 18 1 0
1203 23 2 1 0
1204 19 17 0 1
1205 20 26 1 0
1206 66 21 0 1
1207 14 39 0 -1
1208 24 16 0 -1
1209 47 25 0 1
1210 20 30 -1 0
1211 15 29 0 -1
1212 58 39 0 1
1213 88 7 0 1
1214 83 25 1 0
1215 41 30 0 1
1216 36 17 0 1
1217 98 30 1 0
1218 58 3 1 0
1219 45 18 0 1
1220 30 30 0 1
1221 45 35 -1 0
1222 51 3 0 1
1223 18 24 0 1
1224 0 21 0 -1
1225 25 4 0 -1
1226 42 33 0 1
1227 99 13 0 1
1228 46 24 -1 0
1229 70 35 1 0
1230 3 2 0 -1
1231 65 37 -1 0
1232 69 16 1 0
1233 53 12 0 -1
1234 86 10 -1 0
1235 26 18 1 0
1236 90 4 -1 0
1237 28 35 1 0
1238 58 14 -1 0
1239 44 9 0 -1
1240 2 1 -1 0
1241 36 24 0 1
1242 92 9 -1 0
1243 10 26 -1 0
1244 3 38 0 1
1245 55 23 1 0
1246 81 33 -1 0
1247 90 18 1 0
1248 9 36 -1 0
1249 24 1 -1 0
1250 54 5 1 0
1251 45 28 0 -1
1252 21 27 -1 0
1253 22 27 0 1
1254 82 7 0 -1
1255 48 35 -1 0
1256 63 16 1 0
1257 46 30 0 1
1258 60 26 -1 0
1259 37 33 0 1
1260 35 31 0 -1
1261 51 26 0 1
1262 44 20 1 0
1263 41 16 0 -1
1264 88 13 0 1
1265 55 18 0 -1
1266 47 17 -1 0
1267 88 25 1 0
1268 20 25 0 -1
1269 92 31 -1 0
1270 59 14 0 -1
1271 52 30 1 0
1272 72 4 0 1
1273 83 10 1 0
1274 11 31 0 -1
1275 95 25 0 1
1276 89 39 0 -1
1277 17 26 -1 0
1278 66 8 -1 0
1279 18 16 1 0
1280 35 5 -1 0
1281 44 24 -1 0
1282 27 32 1 0
1283 3 6 -1 0
1284 42 10 0 1
1285 11 22 0 1
1286 44 1 0 1
1287 18 24 1 0
1288 34 9 0 -1
1289 43 30 0 1
1290 44 14 0 1
1291 91 19 0 -1
1292 30 31 0 1
1293 43 23 -1 0
1294 43 12 0 -1
1295 59 8 0 -1
1296 89 8 0 -1
1297 92 5 0 1
1298 22 22 0 1
1299 11 33 0 1
1300 26 23 1 0
1301 83 9 0 1
1302 67 4 0 -1
1303 59 27 0 -1
1304 80 25 1 0
1305 53 32 0 -1
1306 88 6 1 0
1307 59 31 1 0
1308 43 2 0 -1
1309 6 36 0 1
1310 64 3 -1 0
1311 58 22 -1 0
1312 11 23 0 1
1313 48 24 -1 0
1314 17 15 1 0
1315 42 10 0 -1
1316 18 9 0 -1
1317 11 16 1 0
1318 58 24 1 0
1319 11 22 1 0
1320 61 3 -1 0
1321 5 34 0 1
1322 13 2 0 1
1323 66 17 -1 0
1324 15 18 0 -1
1325 21 33 1 0
1326 57 35 0 -1
1327 22 27 1 0
1328 49 21 1 0
1329 37 27 -1 0
1330 14 22 -1 0
1331 71 36 0 -1
1332 44 10 0 1
1333 24 30 0 -1
1334 3 29 -1 0
1335 23 38 0 1
1336 17 13 1 0
1337 45 3 -1 0
1338 83 19 0 -1
1339 88 18 -1 0
1340 43 21 -1 0
1341 17 27 1 0
1342 84 35 1 0
1343 55 31 1 0
1344 73 26 -1 0
1345 33 23 -1 0
1346 14 25 0 -1
1347 25 21 0 -1
1348 14 28 0 1
1349 58 16 -1 0
1350 40 32 0 1
1351 82 1 0 -1
1352 41 28 -1 0
1353 58 34 1 0
1354 11 21 1 0
1355 27 2 0 1
1356 14 2 0 1
1357 78 37 1 0
1358 53 17 1 0
1359 74 30 0 -1
1360 79 28 1 0
1361 28 22 -1 0
1362 81 26 0 -1
1363 29 7 1 0
1364 39 9 0 1
1365 65 17 0 -1
1366 36 20 -1 0
1367 29 12 1 0
1368 80 39 -1 0
1369 79 17 0 -1
1370 79 30 0 1
1371 55 15 0 -1
1372 74 1 0 -1
1373 8 17 0 -1
1374 83 39 1 0
1375 54 4 0 1
1376 50 2 0 1
1377 1 15 0 -1
1378 40 33 -1 0
1379 95 3 0 -1
1380 90 16 0 -1
1381 48 7 0 -1
1382 92 0 -1 0
1383 69 12 0 -1
1384 56 27 0 -1
1385 86 37 -1 0
1386 40 20 -1 0
1387 6 12 1 0
1388 58 4 1 0
1389 17 15 0 1
1390 45 6 -1 0
1391 47 26 1 0
1392 6 21 0 -1
1393 0 16 0 1
1394 38 31 -1 0
1395 54 21 -1 0
1396 84 12 -1 0
1397 39 11 0 -1
1398 16 5 1 0
1399 41 0 0 1
1400 81 14 0 -1
1401 49 4 0 -1
1402 46 0 0 -1
1403 39 36 0 -1
1404 94 6 1 0
1405 19 27 0 1
1406 92 23 1 0
1407 5 20 0 -1
1408 61 34 1 0
1409 82 37 1 0
1410 90 38 0 -1
1411 14 23 0 -1
1412 95 14 -1 0
1413 79 5 1 0
1414 61 36 1 0
1415 95 22 1 0
1416 94 1 1 0
1417 80 16 -1 0
1418 44 9 1 0
1419 24 24 1 0
1420 52 35 1 0
1421 25 22 0 1
1422 29 23 1 0
1423 15 9 -1 0
1424 46 16 0 -1
1425 26 2 -1 0
1426 60 32 0 -1
1427 94 15 0 1
1428 88 4 1 0
1429 22 6 0 -1
1430 89 10 -1 0
1431 66 31 0 -1
1432 3 32 -1 0
1433 34 12 0 1
1434 4 24 0 -1
1435 55 10 -1 0
1436 87 29 1 0
1437 70 5 -1 0
1438 48 23 -1 0
1439 27 27 -1 0
1440 23 1 -1 0
1441 78 27 1 0
1442 22 28 1 0
1443 24 22 0 -1
1444 58 32 1 0
1445 93 5 0 -1
1446 88 34 0 1
1447 42 20 1 0
1448 15 25 1 0
1449 5 10 -1 0
1450 67 17 0 -1
1451 86 11 0 1
1452 26 23 -1 0
1453 96 30 0 -1
1454 96 23 0 -1
1455 55 12 0 -1
1456 19 39 -1 0
1457 41 22 -1 0
1458 65 14 -1 0
1459 42 6 0 1
1460 36 13 0 -1
1461 29 37 -1 0
1462 6 16 1 0
1463 42 27 1 0
1464 19 24 -1 0
1465 73 16 1 0
1466 78 13 0 -1
1467 9 17 0 1
1468 90 17 0 1
1469 13 20 0 -1
1470 4 18 0 -1
1471 39 26 0 -1
1472 42 25 0 -1
1473 25 26 1 0
1474 21 4 -1 0
1475 21 20 1 0
1476 41 11 1 0
1477 40 6 0 -1
1478 38 17 -1 0
1479 35 8 0 1
1480 23 3 0 1
1481 7 8 0 -1
1482 75 39 1 0
1483 40 18 0 -1
1484 31 19 0 -1
1485 30 21 -1 0
1486 48 4 0 -1
1487 64 6 1 0
1488 27 0 0 -1
1489 40 32 -1 0
1490 45 39 0 -1
1491 6 6 0 -1
1492 46 29 -1 0
1493 17 4 1 0
1494 62 13 0 -1
1495 33 19 0 -1
1496 47 14 0 -1
1497 23 12 1 0
1498 12 1 0 1
1499 76 24 -1 0
1500 45 12 -1 0
1501 10 28 0 1
1502 54 19 0 -1
1503 60 19 0 -1
1504 44 0 0 -1
1505 18 5 0 1
1506 42 37 1 0
1507 87 26 -1 0
1508 96 21 1 0
1509 25 26 1 0
1510 87 6 -1 0
1511 78 36 0 -1
1512 43 31 -1 0
1513 26 32 0 -1
1514 25 4 1 0
1515 84 18 0 -1
1516 45 9 -1 0
1517 12 33 1 0
1518 78 12 1 0
1519 47 25 1 0
1520 92 10 0 -1
1521 7 33 0 1
1522 45 15 0 1
1523 59 36 1 0
1524 42 0 -1 0
1525 23 27 0 1
1526 49 23 1 0
1527 92 9 1 0
1528 43 12 -1 0
1529 56 23 -1 0
1530 10 5 -1 0
1531 44 23 0 1
1532 25 16 -1 0
1533 64 11 0 1
1534 95 30 0 1
1535 62 20 0 1
1536 9 32 1 0
1537 19 38 0 1
1538 23 34 1 0
1539 40 2 0 -1
1540 55 27 0 -1
1541 56 5 0 -1
1542 4 35 1 0
1543 80 25 1 0
1544 45 15 -1 0
1545 80 29 1 0
1546 30 18 0 -1
1547 26 4 0 -1
1548 86 25 1 0
1549 89 7 0 1
1550 65 33 1 0
1551 83 36 -1 0
1552 92 38 0 -1
1553 48 31 0 -1
1554 68 22 1 0
1555 38 17 0 -1
1556 93 14 0 1
1557 0 10 -1 0
1558 82 14 0 -1
1559 55 29 0 -1
1560 80 33 0 1
1561 77 3 0 1
1562 24 29 0 1
1563 95 8 -1 0
1564 7 33 -1 0
1565 95 13 0 1
1566 29 10 0 1
1567 80 28 1 0
1568 26 0 0 1
1569 17 38 1 0
1570 48 10 0 1
1571 81 31 -1 0
1572 28 5 0 -1
1573 43 2 -1 0
1574 70 20 0 1
1575 46 17 1 0
1576 99 32 1 0
1577 15 28 0 1
1578 82 39 0 1
1579 1 17 0 -1
1580 83 35 -1 0
1581 43 22 0 -1
1582 37 38 0 1
1583 95 0 -1 0
1584 21 2 -1 0
1585 24 12 1 0
1586 40 32 0 1
1587 81 39 -1 0
1588 0 3 0 -1
1589 25 2 0 1
1590 92 13 1 0
1591 21 29 1 0
1592 46 2 -1 0
1593 15 22 1 0
1594 44 22 0 1
1595 89 1 1 0
1596 13 32 0 1
1597 19 21 -1 0
1598 49 9 -1 0
1599 56 12 0 -1
1600 67 13 1 0
1601 0 24 0 -1
1602 24 22 -1 0
1603 10 7 -1 0
1604 78 30 0 -1
1605 51 23 1 0
1606 29 22 0 -1
1607 84 37 1 0
1608 94 25 1 0
1609 46 15 -1 0
1610 60 25 1 0
1611 21 7 0 1
1612 68 26 0 1
1613 2 26 0 -1
1614 67 29 1 0
1615 4 35 0 -1
1616 5 18 0 1
1617 71 12 0 -1
1618 38 33 1 0
1619 81 18 -1 0
1620 92 33 1 0
1621 9 18 0 1
1622 81 25 0 -1
1623 25 15 1 0
1624 42 5 0 -1
1625 29 7 0 1
1626 62 23 1 0
1627 68 17 -1 0
1628 11 35 1 0
1629 50 17 0 1
1630 91 8 0 -1
1631 94 34 0 -1
1632 42 31 1 0
1633 29 25 0 1
1634 74 11 -1 0
1635 87 2 0 1
1636 42 0 1 0
1637 78 8 1 0
1638 32 22 -1 0
1639 48 36 0 1
1640 93 2 0 -1
1641 90 3 0 -1
1642 42 22 0 1
1643 28 0 1 0
1644 88 25 0 1
1645 0 2 0 -1
1646 29 22 1 0
1647 7 28 1 0
1648 26 38 0 1
1649 91 6 0 1
1650 30 23 0 1
1651 42 15 1 0
1652 69 4 0 -1
1653 52 17 0 1
1654 66 9 0 1
1655 2 7 -1 0
1656 42 27 0 1
1657 59 7 0 1
1658 47 24 -1 0
1659 25 19 0 1
1660 25 31 0 -1
1661 86 28 0 1
1662 16 38 1 0
1663 30 22 0 1
1664 16 13 0 1
1665 97 31 0 -1
1666 27 26 1 0
1667 73 15 1 0
1668 26 4 1 0
1669 41 20 1 0
1670 36 39 0 -1
1671 40 29 1 0
1672 25 31 0 1
1673 69 11 1 0
1674 92 23 0 -1
1675 62 0 1 0
1676 60 20 0 1
1677 30 16 0 1
1678 79 27 1 0
1679 3 7 -1 0
1680 47 39 0 -1
1681 43 25 -1 0
1682 37 20 -1 0
1683 4 22 -1 0
1684 20 4 0 -1
1685 10 15 -1 0
1686 71 3 1 0
1687 56 33 1 0
1688 16 32 0 1
1689 15 3 0 1
1690 80 16 0 1
1691 53 7 -1 0
1692 23 30 1 0
1693 47 32 -1 0
1694 31 0 1 0
1695 0 11 -1 0
1696 7 1 0 -1
1697 9 37 0 1
1698 82 28 1 0
1699 79 31 0 -1
1700 41 2 0 1
1701 50 9 0 -1
1702 76 15 -1 0
1703 57 37 -1 0
1704 72 28 0 1
1705 79 23 -1 0
1706 98 3 0 -1
1707 5 8 0 1
1708 69 28 0 1
1709 90 26 0 1
1710 84 10 0 1
1711 24 29 1 0
1712 27 23 0 -1
1713 1 16 -1 0
1714 21 6 1 0
1715 10 2 0 -1
1716 22 28 1 0
1717 17 27 1 0
1718 44 36 0 -1
1719 76 8 0 -1
1720 42 5 1 0
1721 73 10 0 1
1722 9 2 -1 0
1723 4 30 0 -1
1724 78 21 0 -1
1725 58 27 0 -1
1726 21 38 1 0
1727 10 9 -1 0
1728 39 19 1 0
1729 48 18 -1 0
1730 90 21 -1 0
1731 64 35 0 -1
1732 10 32 1 0
1733 73 28 -1 0
1734 37 35 -1 0
1735 92 7 -1 0
1736 53 18 -1 0
1737 75 25 0 -1
1738 93 1 -1 0
1739 64 27 1 0
1740 3 12 1 0
1741 26 21 0 -1
1742 64 7 -1 0
1743 13 7 0 -1
1744 12 19 1 0
1745 86 14 -1 0
1746 72 18 0 1
1747 90 12 0 -1
1748 18 19 -1 0
1749 98 19 -1 0
1750 75 24 0 1
1751 70 9 0 -1
1752 88 24 0 1
1753 10 31 1 0
1754 17 11 -1 0
1755 22 10 0 1
1756 52 38 0 -1
1757 43 2 1 0
1758 64 7 -1 0
1759 85 3 1 0
1760 47 23 0 1
1761 42 17 1 0
1762 27 0 0 -1
1763 23 20 0 -1
1764 26 14 0 1
1765 17 10 1 0
1766 15 21 0 1
1767 68 17 0 -1
1768 41 11 -1 0
1769 20 32 0 -1
1770 57 34 1 0
1771 42 22 0 -1
1772 97 22 1 0
1773 97 38 0 -1
1774 68 12 0 -1
1775 22 39 -1 0
1776 56 31 -1 0
1777 7 17 1 0
1778 72 4 0 -1
1779 16 13 0 1
1780 13 28 1 0
1781 48 35 1 0
1782 35 26 -1 0
1783 47 1 1 0
1784 28 24 1 0
1785 16 28 1 0
1786 17 22 1 0
1787 67 16 0 -1
1788 57 8 -1 0
1789 23 33 0 -1
1790 42 11 -1 0
1791 11 5 -1 0
1792 23 37 1 0
1793 22 33 0 1
1794 20 3 1 0
1795 37 8 1 0
1796 71 30 0 -1
1797 13 22 0 -1
1798 88 25 -1 0
1799 36 33 0 -1
1800 55 37 0 1
1801 56 4 1 0
1802 5 35 0 -1
1803 76 27 0 -1
1804 41 18 1 0
1805 36 23 -1 0
1806 27 16 0 -1
1807 71 34 -1 0
1808 60 23 1 0
1809 60 8 1 0
1810 17 33 -1 0
1811 46 36 0 1
1812 45 18 -1 0
1813 98 33 0 1
1814 10 27 1 0
1815 51 37 0 -1
1816 90 4 -1 0
1817 93 12 -1 0
1818 95 19 0 -1
1819 75 24 1 0
1820 66 39 -1 0
1821 23 22 0 1
1822 37 27 0 -1
1823 8 30 0 1
1824 55 17 0 1
1825 38 15 0 1
1826 1 9 -1 0
1827 97 25 1 0
1828 17 27 1 0
1829 29 38 1 0
1830 1 32 0 -1
1831 68 27 -1 0
1832 92 16 0 1
1833 2 29 -1 0
1834 79 29 1 0
1835 89 35 -1 0
1836 18 10 0 1
1837 93 18 0 -1
1838 16 23 0 -1
1839 49 17 1 0
1840 60 18 0 -1
1841 27 34 0 1
1842 20 26 0 1
1843 11 29 1 0
1844 20 22 -1 0
1845 43 33 -1 0
1846 80 1 0 -1
1847 66 14 0 -1
1848 23 1 0 1
1849 37 29 -1 0
1850 13 37 -1 0
1851 24 15 0 -1
1852 4 17 1 0
1853 98 26 1 0
1854 21 31 1 0
1855 97 22 1 0
1856 46 1 0 1
1857 9 6 0 -1
1858 31 32 0 1
1859 19 15 0 -1
1860 47 11 0 1
1861 6 16 -1 0
1862 30 10 1 0
1863 43 7 0 1
1864 88 22 0 1
1865 85 33 0 1
1866 53 11 1 0
1867 90 0 1 0
1868 83 0 -1 0
1869 8 12 0 -1
1870 46 16 0 1
1871 9 29 0 1
1872 1 28 0 1
1873 86 6 0 1
1874 58 16 0 -1
1875 93 5 -1 0
1876 14 9 -1 0
1877 61 9 -1 0
1878 67 39 -1 0
1879 96 10 -1 0
1880 4 2 -1 0
1881 7 27 1 0
1882 77 13 -1 0
1883 66 38 1 0
1884 91 39 1 0
1885 92 13 0 1
1886 69 34 -1 0
1887 65 32 0 -1
1888 58 31 0 -1
1889 42 32 1 0
1890 22 34 0 1
1891 41 5 -1 0
1892 10 9 1 0
1893 83 20 -1 0
1894 39 20 0 1
1895 80 10 1 0
1896 89 30 0 1
1897 39 37 0 1
1898 31 14 1 0
1899 16 4 1 0
1900 15 26 -1 0
1901 2 25 1 0
1902 8 36 -1 0
1903 7 28 0 1
1904 25 5 1 0
1905 91 7 -1 0
1906 59 35 0 1
1907 30 4 -1 0
1908 85 3 0 -1
1909 67 28 1 0
1910 22 32 0 -1
1911 6 0 -1 0
1912 41 31 0 1
1913 85 8 0 -1
1914 84 7 -1 0
1915 66 13 1 0
1916 27 26 0 1
1917 46 3 1 0
1918 50 29 0 -1
1919 16 4 -1 0
1920 69 28 1 0
1921 15 36 -1 0
1922 92 1 0 -1
1923 25 33 1 0
1924 37 29 -1 0
1925 5 27 0 1
1926 57 2 0 -1
1927 86 39 1 0
1928 3 18 1 0
1929 27 38 0 -1
1930 14 29 0 1
1931 71 34 0 -1
1932 17 20 -1 0
1933 47 10 0 1
1934 88 21 -1 0
1935 50 18 1 0
1936 94 36 0 -1
1937 38 30 0 -1
1938 32 32 -1 0
1939 38 14 -1 0
1940 30 37 0 -1
1941 40 34 0 1
1942 64 2 -1 0
1943 66 12 -1 0
1944 20 9 1 0
1945 81 15 0 1
1946 73 36 0 1
1947 39 9 0 1
1948 38 38 0 1
1949 43 24 0 1
1950 49 26 1 0
1951 90 10 0 1
1952 56 20 -1 0
1953 87 23 -1 0
1954 15 27 0 1
1955 72 1 0 1
1956 16 16 -1 0
1957 18 0 0 1
1958 55 16 0 1
1959 39 32 0 1
1960 41 37 1 0
1961 3 0 1 0
1962 78 11 1 0
1963 35 6 0 1
1964 22 26 -1 0
1965 47 21 -1 0
1966 96 5 0 -1
1967 49 18 -1 0
1968 98 6 1 0
1969 41 20 0 1
1970 78 17 0 -1
1971 2 13 -1 0
1972 61 25 0 1
1973 35 0 0 1
1974 7 3 -1 0
1975 19 20 0 -1
1976 12 14 -1 0
1977 23 7 0 -1
1978 44 34 -1 0
1979 77 20 0 -1
1980 46 28 1 0
1981 40 33 0 1
1982 61 6 -1 0
1983 22 24 -1 0
1984 96 2 1 0
1985 48 29 1 0
1986 21 22 0 1
1987 19 11 0 -1
1988 24 13 -1 0
1989 88 20 -1 0
1990 49 4 0 -1
1991 82 15 -1 0
1992 64 28 1 0
1993 60 7 0 -1
1994 40 39 0 1
1995 39 39 -1 0
1996 40 36 -1 0
1997 97 4 -1 0
1998 64 20 0 -1
1999 1 30 0 -1
2000 31 9 1 0
2001 22 36 0 -1
2002 0 4 0 1
2003 78 28 0 1
2004 39 38 1 0
2005 41 0 0 1
2006 23 10 0 1
2007 15 20 0 1
2008 20 13 0 1
2009 89 13 1 0
2010 69 24 0 -1
2011 97 36 0 -1
2012 45 24 1 0
2013 40 22 1 0
2014 65 26 0 -1
2015 98 39 -1 0
2016 44 20 0 1
2017 77 18 0 -1
2018 6 8 0 -1
2019 69 18 0 -1
2020 1 36 -1 0
2021 80 22 0 1
2022 79 27 1 0
2023 48 22 -1 0
2024 0 31 1 0
2025 19 13 0 1
2026 75 36 1 0
2027 51 22 -1 0
2028 29 35 0 1
2029 10 19 -1 0
2030 25 34 0 1
2031 45 32 0 1
2032 69 18 1 0
2033 92 19 0 -1
2034 10 10 0 1
2035 0 21 0 1
2036 10 26 0 -1
2037 13 24 0 1
2038 57 22 -1 0
2039 74 7 0 -1
2040 25 1 1 0
2041 51 27 0 1
2042 45 17 0 1
2043 77 3 0 1
2044 83 24 0 1
2045 37 23 1 0
2046 95 7 -1 0
2047 78 24 0 1
2048 13 0 0 1
2049 40 11 -1 0
2050 41 13 -1 0
2051 39 15 1 0
2052 44 8 0 1
2053 38 7 -1 0
2054 25 9 0 1
2055 8 19 -1 0
2056 25 27 0 1
2057 9 31 -1 0
2058 0 31 0 1
2059 98 28 0 1
2060 91 17 0 -1
2061 28 38 0 -1
2062 4 18 0 1
2063 68 21 0 -1
2064 49 21 1 0
2065 18 26 1 0
2066 52 13 0 1
2067 45 2 -1 0
2068 21 36 0 1
2069 38 13 0 1
2070 87 34 0 -1
2071 93 34 0 -1
2072 70 36 1 0
2073 42 32 -1 0
2074 7 33 -1 0
2075 19 18 -1 0
2076 86 7 0 -1
2077 28 14 1 0
2078 91 8 0 -1
2079 62 31 0 1
2080 19 4 -1 0
2081 20 29 -1 0
2082 24 24 -1 0
2083 70 9 0 1
2084 46 19 1 0
2085 52 36 1 0
2086 73 9 -1 0
2087 76 9 -1 0
2088 0 2 0 -1
2089 2 15 0 -1
2090 19 21 0 -1
2091 15 5 -1 0
2092 56 0 0 -1
2093 11 30 1 0
2094 82 27 -1 0
2095 14 35 1 0
2096 59 15 1 0
2097 73 24 -1 0
2098 25 27 0 -1
2099 27 28 -1 0
2100 57 7 1 0
2101 29 8 0 1
2102 76 0 1 0
2103 23 9 0 -1
2104 8 30 0 -1
2105 98 37 0 1
2106 39 16 -1 0
2107 18 22 0 -1
2108 75 24 0 -1
2109 99 20 1 0
2110 57 25 1 0
2111 49 30 1 0
2112 47 9 0 1
2113 63 8 1 0
2114 26 39 0 1
2115 85 10 -1 0
2116 20 12 1 0
2117 35 15 0 -1
2118 35 7 0 -1
2119 41 12 0 -1
2120 42 0 -1 0
2121 16 5 1 0
2122 47 28 1 0
2123 11 1 1 0
2124 98 16 0 1
2125 75 39 1 0
2126 8 8 -1 0
2127 66 14 1 0
2128 46 7 0 1
2129 98 4 0 -1
2130 48 14 0 -1
2131 88 2 0 1
2132 81 21 0 1
2133 70 38 -1 0
2134 78 37 0 1
2135 19 31 0 1
2136 99 20 0 -1
2137 45 16 0 -1
2138 94 0 0 -1
2139 38 12 -1 0
2140 14 10 0 1
2141 12 37 0 -1
2142 26 13 1 0
2143 38 0 0 1
2144 29 32 1 0
2145 29 23 1 0
2146 53 5 0 -1
2147 23 14 -1 0
2148 0 12 0 1
2149 28 32 -1 0
2150 26 16 -1 0
2151 26 34 -1 0
2152 16 9 0 1
2153 46 6 0 -1
2154 58 4 -1 0
2155 55 8 0 -1
2156 4 38 0 1
2157 80 35 0 -1
2158 11 14 0 -1
2159 18 28 1 0
2160 39 30 0 -1
2161 47 36 -1 0
2162 11 6 0 1
2163 2 23 -1 0
2164 81 7 0 -1
2165 55 11 1 0
2166 39 23 0 -1
2167 16 34 0 1
2168 7 12 0 1
2169 24 8 1 0
2170 80 0 0 1
2171 14 16 0 1
2172 3 31 -1 0
2173 93 16 1 0
2174 50 9 -1 0
2175 22 22 1 0
2176 24 3 1 0
2177 87 2 1 0
2178 30 0 0 -1
2179 14 12 1 0
2180 25 22 1 0
2181 16 25 1 0
2182 14 17 0 1
2183 45 8 0 1
2184 1 25 0 1
2185 26 20 1 0
2186 5 29 0 -1
2187 77 9 0 -1
2188 39 29 -1 0
2189 79 35 -1 0
2190 52 21 0 -1
2191 44 8 -1 0
2192 35 26 0 1
2193 5 33 1 0
2194 14 32 1 0
2195 21 14 0 -1
2196 39 37 1 0
2197 10 24 1 0
2198 5 15 0 1
2199 85 3 0 1
2200 54 32 0 1
2201 36 4 -1 0
2202 15 18 0 -1
2203 42 18 0 -1
2204 37 0 0 -1
2205 13 27 1 0
2206 42 28 0 1
2207 72 6 -1 0
2208 40 38 1 0
2209 83 26 1 0
2210 46 14 -1 0
2211 54 0 -1 0
2212 83 26 0 -1
2213 33 21 0 1
2214 45 22 1 0
2215 36 9 0 -1
2216 68 15 1 0
2217 30 25 -1 0
2218 45 26 -1 0
2219 0 18 0 1
2220 27 35 1 0
2221 2 2 1 0
2222 23 14 1 0
2223 26 9 -1 0
2224 22 35 1 0
2225 52 3 0 -1
2226 68 34 0 1
2227 25 7 -1 0
2228 83 13 1 0
2229 18 16 -1 0
2230 84 27 0 -1
2231 57 39 0 -1
2232 42 6 0 1
2233 93 2 1 0
2234 41 3 1 0
2235 44 18 0 1
2236 81 2 -1 0
2237 21 29 0 1
2238 45 3 1 0
2239 38 12 0 -1
2240 39 39 1 0
2241 93 24 1 0
2242 75 37 0 -1
2243 45 23 1 0
2244 0 15 0 -1
2245 85 5 -1 0
2246 45 31 1 0
2247 17 5 0 1
2248 47 22 0 1
2249 71 31 0 -1
2250 86 7 -1 0
2251 89 34 -1 0
2252 50 23 0 1
2253 21 11 1 0
2254 25 27 0 -1
2255 91 5 0 1
2256 95 10 -1 0
2257 51 30 0 1
2258 51 24 1 0
2259 23 39 0 1
2260 26 38 -1 0
2261 21 36 1 0
2262 1 11 0 -1
2263 40 21 0 -1
2264 16 36 0 1
2265 92 1 0 1
2266 32 1 0 1
2267 56 10 -1 0
2268 12 9 0 1
2269 23 13 1 0
2270 80 21 1 0
2271 65 18 0 1
2272 16 16 0 1
2273 45 35 0 -1
2274 75 1 0 -1
2275 20 2 0 1
2276 73 24 -1 0
2277 12 34 0 -1
2278 11 35 1 0
2279 92 4 1 0
2280 24 10 -1 0
2281 39 4 1 0
2282 19 11 0 1
2283 56 22 0 1
2284 72 6 -1 0
2285 6 30 0 -1
2286 21 1 0 1
2287 40 23 1 0
2288 12 31 0 1
2289 26 20 0 -1
2290 16 13 0 1
2291 32 29 -1 0
2292 12 26 1 0
2293 6 7 0 -1
2294 91 11 0 -1
2295 66 26 -1 0
2296 41 6 1 0
2297 28 19 -1 0
2298 46 36 0 -1
2299 40 20 -1 0
2300 53 0 0 1
2301 40 4 0 -1
2302 0 17 1 0
2303 95 0 0 1
2304 56 11 0 1
2305 20 23 0 -1
2306 90 32 0 -1
2307 23 4 1 0
2308 65 30 0 1
2309 70 4 0 -1
2310 18 17 0 -1
2311 97 15 0 1
2312 87 7 1 0
2313 95 31 0 1
2314 98 12 0 1
2315 46 6 1 0
2316 49 28 -1 0
2317 45 13 0 1
2318 23 32 1 0
2319 57 29 -1 0
2320 91 4 1 0
2321 52 21 -1 0
2322 44 11 0 1
2323 64 17 0 -1
2324 62 27 0 -1
2325 74 28 0 1
2326 81 3 0 1
2327 41 34 -1 0
2328 18 28 1 0
2329 48 14 -1 0
2330 43 38 0 1
2331 39 37 1 0
2332 44 28 -1 0
2333 43 5 0 1
2334 69 36 1 0
2335 7 17 -1 0
2336 74 0 0 1
2337 16 6 0 -1
2338 82 12 0 -1
2339 19 31 0 1
2340 7 4 0 1
2341 61 25 1 0
2342 22 18 0 1
2343 58 26 0 1
2344 9 12 0 1
2345 87 11 0 -1
2346 44 28 0 1
2347 9 34 0 1
2348 8 12 0 1
2349 53 23 0 1
2350 45 34 0 1
2351 48 25 0 -1
2352 17 13 0 1
2353 69 36 0 1
2354 59 10 1 0
2355 20 14 -1 0
2356 50 24 1 0
2357 53 19 0 1
2358 80 3 0 1
2359 17 29 -1 0
2360 50 21 0 -1
2361 58 11 0 -1
2362 48 19 0 1
2363 98 9 1 0
2364 18 2 -1 0
2365 93 17 0 -1
2366 95 27 1 0
2367 29 8 1 0
2368 9 18 0 -1
2369 65 35 1 0
2370 57 32 0 1
2371 52 12 0 -1
2372 44 2 0 1
2373 79 32 1 0
2374 27 16 0 1
2375 45 21 1 0
2376 9 11 -1 0
2377 4 39 -1 0
2378 67 16 0 1
2379 36 37 0 -1
2380 46 19 0 1
2381 61 34 -1 0
2382 26 7 -1 0
2383 26 34 -1 0
2384 22 8 0 1
2385 95 21 0 1
2386 51 38 0 1
2387 12 3 -1 0
2388 70 25 0 -1
2389 97 23 0 -1
2390 4 23 -1 0
2391 60 9 0 1
2392 93 26 0 1
2393 5 7 0 1
2394 38 6 0 -1
2395 49 32 -1 0
2396 11 2 1 0
2397 19 34 -1 0
2398 77 16 0 -1
2399 42 19 1 0
