0 2 7 0 1
1 29 21 0 1
2 48 33 -1 0
3 46 23 -1 0
4 89 9 0 -1
5 25 27 1 0
6 58 15 0 1
7 89 29 0 1
8 43 20 1 0
9 42 13 1 0
10 81 24 0 -1
11 63 27 1 0
12 15 4 0 -1
13 11 20 0 1
14 64 13 0 1
15 42 19 1 0
16 25 8 0 1
17 95 21 0 1
18 21 24 0 1
19 85 9 0 -1
20 12 31 1 0
21 10 39 -1 0
22 18 29 0 1
23 22 16 0 -1
24 52 28 1 0
25 48 33 0 1
26 57 35 0 1
27 41 18 0 1
28 25 30 -1 0
29 74 22 -1 0
30 2 32 0 1
31 4 30 -1 0
32 21 36 1 0
33 21 9 -1 0
34 46 7 1 0
35 37 11 1 0
36 95 0 -1 0
37 21 0 0 -1
38 51 3 0 1
39 17 6 1 0
40 57 18 0 -1
41 27 23 -1 0
42 78 14 1 0
43 21 31 1 0
44 78 14 -1 0
45 64 2 0 1
46 44 20 -1 0
47 23 13 1 0
48 22 33 0 1
49 44 14 0 1
50 94 16 0 -1
51 14 8 -1 0
52 16 12 0 1
53 17 33 0 -1
54 39 37 -1 0
55 2 27 0 1
56 73 0 -1 0
57 7 13 0 1
58 15 36 0 1
59 67 21 -1 0
60 82 16 1 0
61 66 34 0 1
62 6 28 0 -1
63 60 1 0 1
64 12 27 0 -1
65 5 9 1 0
66 17 8 1 0
67 71 20 -1 0
68 91 36 -1 0
69 78 17 1 0
70 39 15 0 1
71 23 29 1 0
72 68 9 0 1
73 25 13 0 1
74 24 35 -1 0
75 18 17 0 1
76 8 4 1 0
77 38 8 -1 0
78 89 38 1 0
79 38 20 1 0
80 22 6 0 1
81 98 39 0 1
82 36 8 0 -1
83 2 9 0 1
84 5 6 0 1
85 55 32 0 1
86 86 1 0 -1
87 38 23 0 -1
88 43 3 -1 0
89 45 15 1 0
90 36 24 1 0
91 18 3 0 1
92 93 26 0 -1
93 28 0 1 0
94 2 7 0 -1
95 31 38 0 1
96 30 7 0 1
97 50 17 1 0
98 69 11 -1 0
99 54 18 0 -1
100 20 18 0 -1
101 99 8 0 -1
102 50 30 0 1
103 43 11 0 -1
104 0 38 0 -1
105 46 29 1 0
106 82 28 0 -1
107 48 8 0 -1
108 94 6 -1 0
109 16 33 0 -1
110 61 27 0 1
111 14 31 1 0
112 16 3 0 1
113 11 14 0 -1
114 52 11 -1 0
115 46 25 0 -1
116 53 14 1 0
117 97 25 0 -1
118 19 9 1 0
119 14 9 0 1
120 50 37 -1 0
121 7 20 0 1
122 6 15 0 -1
123 24 24 0 -1
124 29 19 -1 0
125 78 12 -1 0
126 41 19 0 -1
127 18 14 -1 0
128 27 21 0 -1
129 45 12 0 -1
130 11 17 0 -1
131 15 15 1 0
132 22 23 0 -1
133 59 10 -1 0
134 41 27 -1 0
135 48 26 1 0
136 50 17 0 -1
137 82 6 0 -1
138 26 10 1 0
139 41 32 1 0
140 5 4 0 -1
141 97 22 -1 0
142 21 30 0 -1
143 82 16 -1 0
144 69 3 -1 0
145 83 14 0 1
146 46 35 1 0
147 75 2 0 1
148 59 10 0 -1
149 69 12 0 -1
150 92 27 1 0
151 19 10 0 1
152 50 3 0 1
153 50 36 1 0
154 20 8 0 1
155 9 39 -1 0
156 85 7 0 -1
157 30 35 1 0
158 28 23 1 0
159 81 34 -1 0
160 55 10 -1 0
161 38 36 -1 0
162 39 5 0 -1
163 87 18 0 -1
164 66 35 0 -1
165 6 3 0 1
166 44 15 1 0
167 58 20 0 1
168 97 17 -1 0
169 8 18 1 0
170 90 26 0 1
171 97 30 0 -1
172 49 8 0 1
173 31 33 0 -1
174 37 23 0 1
175 58 24 -1 0
176 8 33 0 1
177 99 3 0 1
178 84 39 0 1
179 40 30 0 1
180 15 7 -1 0
181 99 34 0 1
182 2 20 0 1
183 26 1 1 0
184 11 36 -1 0
185 25 7 1 0
186 27 3 0 1
187 38 3 0 1
188 24 21 0 -1
189 24 1 0 -1
190 68 22 1 0
191 30 8 0 1
192 70 22 0 -1
193 16 36 0 1
194 83 8 0 1
195 66 1 -1 0
196 99 6 0 1
197 30 29 0 -1
198 23 11 0 -1
199 37 29 0 -1
200 91 12 1 0
201 98 8 0 1
202 38 22 0 -1
203 75 27 0 -1
204 1 16 0 -1
205 17 7 1 0
206 88 22 0 -1
207 7 23 -1 0
208 54 29 0 -1
209 53 3 0 -1
210 40 27 -1 0
211 45 9 -1 0
212 64 30 0 1
213 49 25 0 -1
214 39 16 1 0
215 22 6 0 1
216 43 12 -1 0
217 86 10 0 -1
218 7 32 1 0
219 12 26 0 1
220 22 12 -1 0
221 79 5 1 0
222 28 8 0 -1
223 4 37 0 -1
224 93 27 0 -1
225 81 21 1 0
226 40 3 -1 0
227 56 23 0 -1
228 84 10 0 -1
229 21 3 -1 0
230 74 25 1 0
231 85 28 0 -1
232 17 20 -1 0
233 22 4 0 -1
234 48 21 1 0
235 20 12 1 0
236 87 28 -1 0
237 24 39 -1 0
238 40 12 1 0
239 43 28 0 1
240 23 38 -1 0
241 44 6 0 1
242 9 1 0 -1
243 36 19 0 1
244 45 33 0 1
245 26 22 1 0
246 8 24 0 1
247 71 31 -1 0
248 95 22 1 0
249 93 18 -1 0
250 0 2 1 0
251 86 33 0 -1
252 88 2 0 1
253 49 34 1 0
254 91 20 -1 0
255 50 11 0 -1
256 7 7 0 -1
257 9 3 0 1
258 62 7 0 1
259 68 17 1 0
260 75 29 1 0
261 30 6 0 -1
262 20 17 -1 0
263 10 14 -1 0
264 92 36 -1 0
265 3 6 0 -1
266 4 10 0 -1
267 13 11 1 0
268 75 30 0 1
269 9 31 -1 0
270 18 31 0 -1
271 86 36 0 1
272 96 38 0 1
273 28 23 0 -1
274 79 19 0 -1
275 11 14 0 -1
276 48 24 1 0
277 74 34 1 0
278 89 29 0 1
279 18 34 0 1
280 5 36 -1 0
281 26 23 1 0
282 17 32 -1 0
283 77 27 1 0
284 2 20 -1 0
285 13 8 1 0
286 82 25 1 0
287 19 9 0 1
288 73 5 0 -1
289 40 38 1 0
290 50 33 -1 0
291 37 4 1 0
292 23 8 0 1
293 90 3 0 -1
294 72 36 -1 0
295 41 5 0 -1
296 43 25 0 -1
297 5 32 0 -1
298 94 28 -1 0
299 11 18 0 1
300 73 35 -1 0
301 75 16 0 -1
302 68 35 1 0
303 46 27 0 -1
304 3 4 0 1
305 85 20 1 0
306 36 27 0 1
307 83 5 -1 0
308 57 37 0 1
309 39 34 -1 0
310 47 31 -1 0
311 38 13 0 1
312 75 9 0 1
313 42 18 -1 0
314 29 38 0 -1
315 81 0 1 0
316 10 16 0 1
317 25 10 -1 0
318 27 30 1 0
319 52 1 0 1
320 46 32 0 1
321 40 7 1 0
322 46 20 0 1
323 84 13 0 -1
324 72 15 0 1
325 39 30 1 0
326 7 38 0 1
327 10 10 0 1
328 53 35 0 -1
329 58 24 -1 0
330 36 5 0 1
331 77 18 0 1
332 8 37 -1 0
333 19 9 1 0
334 41 17 -1 0
335 23 34 0 1
336 51 33 0 1
337 9 5 0 1
338 46 33 0 1
339 92 2 0 1
340 65 36 1 0
341 16 4 0 -1
342 92 6 0 1
343 59 5 1 0
344 77 17 1 0
345 77 16 0 1
346 24 5 0 -1
347 13 30 -1 0
348 51 21 1 0
349 82 6 1 0
350 79 20 0 -1
351 86 25 -1 0
352 30 36 0 1
353 57 7 -1 0
354 13 14 0 -1
355 55 13 0 -1
356 43 36 1 0
357 93 28 1 0
358 10 7 0 1
359 59 38 1 0
360 72 19 0 -1
361 75 19 -1 0
362 85 18 0 1
363 94 23 0 -1
364 88 10 -1 0
365 67 27 -1 0
366 52 3 0 1
367 6 26 -1 0
368 17 23 1 0
369 93 5 0 1
370 19 30 0 1
371 91 31 1 0
372 36 36 -1 0
373 43 33 -1 0
374 12 28 1 0
375 0 30 0 -1
376 14 32 -1 0
377 1 17 0 1
378 43 15 0 1
379 86 20 1 0
380 2 19 0 1
381 74 29 -1 0
382 85 15 1 0
383 46 1 0 -1
384 28 5 1 0
385 89 13 -1 0
386 43 13 0 -1
387 49 27 1 0
388 4 8 0 -1
389 88 33 0 1
390 46 2 0 1
391 2 28 1 0
392 45 11 0 -1
393 24 6 0 1
394 88 17 -1 0
395 70 16 0 -1
396 20 32 -1 0
397 57 27 1 0
398 15 30 0 -1
399 71 9 0 -1
400 53 25 0 1
401 27 0 -1 0
402 4 29 1 0
403 80 13 0 1
404 88 29 1 0
405 27 34 0 1
406 14 14 -1 0
407 15 18 0 1
408 8 15 0 1
409 43 5 1 0
410 83 19 -1 0
411 81 32 -1 0
412 45 0 -1 0
413 4 1 0 1
414 88 35 -1 0
415 9 25 -1 0
416 26 37 1 0
417 84 24 -1 0
418 84 21 0 -1
419 37 33 -1 0
420 36 33 1 0
421 89 23 1 0
422 49 21 -1 0
423 3 13 1 0
424 7 23 0 -1
425 41 14 0 1
426 25 28 -1 0
427 81 39 -1 0
428 84 15 0 1
429 10 5 1 0
430 44 18 -1 0
431 93 16 -1 0
432 88 2 -1 0
433 67 32 0 -1
434 53 3 0 1
435 29 10 1 0
436 90 21 0 1
437 19 24 1 0
438 4 5 1 0
439 18 33 -1 0
440 96 26 0 1
441 85 35 0 1
442 45 38 0 1
443 79 28 0 1
444 72 8 0 -1
445 89 22 0 1
446 16 22 -1 0
447 96 22 -1 0
448 84 23 1 0
449 53 22 -1 0
450 3 8 0 -1
451 48 34 0 1
452 10 30 -1 0
453 83 14 0 -1
454 45 11 -1 0
455 11 29 1 0
456 20 31 0 1
457 6 25 0 1
458 20 2 0 -1
459 1 28 0 -1
460 2 15 1 0
461 71 13 1 0
462 98 38 0 1
463 66 27 1 0
464 55 30 0 1
465 29 36 -1 0
466 87 23 -1 0
467 91 11 -1 0
468 0 8 0 1
469 97 16 1 0
470 22 6 0 -1
471 54 22 -1 0
472 3 32 1 0
473 37 15 0 -1
474 43 32 0 -1
475 74 12 1 0
476 45 6 0 -1
477 91 33 0 1
478 82 22 0 -1
479 66 3 1 0
480 19 26 0 1
481 58 37 0 -1
482 23 6 1 0
483 41 31 1 0
484 11 7 0 1
485 89 26 1 0
486 57 15 1 0
487 14 13 0 1
488 11 2 0 -1
489 92 1 1 0
490 94 3 0 -1
491 39 19 0 -1
492 4 38 0 1
493 97 0 0 -1
494 44 15 1 0
495 46 37 0 1
496 25 21 -1 0
497 90 9 0 1
498 46 22 -1 0
499 55 7 0 1
500 17 20 -1 0
501 11 29 -1 0
502 21 17 1 0
503 29 19 0 -1
504 25 19 1 0
505 56 20 0 -1
506 75 2 0 -1
507 90 1 -1 0
508 17 16 0 1
509 50 31 1 0
510 82 1 1 0
511 58 32 0 -1
512 18 26 1 0
513 99 9 0 -1
514 65 14 0 -1
515 51 26 0 1
516 76 24 0 -1
517 30 11 0 -1
518 1 24 -1 0
519 42 29 1 0
520 19 10 0 -1
521 88 18 1 0
522 16 5 -1 0
523 20 16 -1 0
524 96 9 -1 0
525 62 3 0 -1
526 77 23 1 0
527 28 33 -1 0
528 66 13 1 0
529 85 31 0 1
530 73 30 -1 0
531 83 26 0 -1
532 27 34 0 -1
533 24 35 1 0
534 51 24 -1 0
535 2 19 0 -1
536 42 22 0 1
537 48 19 0 1
538 25 1 -1 0
539 91 6 0 -1
540 81 22 -1 0
541 4 8 0 1
542 47 17 -1 0
543 51 23 -1 0
544 38 38 -1 0
545 21 13 1 0
546 22 32 0 1
547 46 33 0 1
548 52 20 0 -1
549 76 24 0 1
550 42 6 -1 0
551 97 36 0 -1
552 68 16 0 1
553 89 8 0 1
554 1 32 0 -1
555 47 1 1 0
556 23 9 -1 0
557 30 26 0 -1
558 26 28 1 0
559 21 38 1 0
560 27 17 1 0
561 81 10 0 -1
562 69 25 1 0
563 84 27 1 0
564 69 31 1 0
565 27 1 1 0
566 81 9 0 1
567 81 1 0 1
568 15 16 0 1
569 36 4 1 0
570 67 14 -1 0
571 89 12 0 -1
572 64 38 -1 0
573 3 17 -1 0
574 37 32 0 -1
575 45 23 0 1
576 25 29 -1 0
577 6 5 1 0
578 80 26 1 0
579 23 19 0 1
580 10 12 -1 0
581 22 12 1 0
582 93 28 -1 0
583 40 34 0 1
584 48 20 0 1
585 98 22 0 1
586 25 9 0 -1
587 85 19 -1 0
588 88 21 0 1
589 63 34 0 1
590 76 35 1 0
591 6 33 -1 0
592 17 13 0 -1
593 83 26 -1 0
594 36 23 0 -1
595 14 32 0 1
596 40 36 1 0
597 44 8 1 0
598 53 13 -1 0
599 6 33 0 1
600 82 19 1 0
601 88 26 0 -1
602 40 28 -1 0
603 78 7 1 0
604 22 23 0 -1
605 59 20 0 -1
606 11 38 -1 0
607 12 10 0 -1
608 1 0 0 -1
609 72 14 0 -1
610 40 25 0 -1
611 31 0 0 -1
612 4 15 -1 0
613 84 3 0 1
614 7 4 1 0
615 0 0 1 0
616 77 26 -1 0
617 51 35 1 0
618 23 21 -1 0
619 0 16 -1 0
620 25 20 1 0
621 16 19 0 -1
622 43 35 -1 0
623 30 23 0 1
624 81 17 0 1
625 64 1 1 0
626 2 3 -1 0
627 93 26 0 1
628 62 30 1 0
629 37 25 0 1
630 23 25 0 -1
631 42 10 -1 0
632 84 6 0 -1
633 39 4 -1 0
634 26 12 -1 0
635 8 32 0 -1
636 43 8 1 0
637 2 30 0 -1
638 43 10 1 0
639 10 21 0 -1
640 65 22 0 1
641 71 1 1 0
642 93 8 1 0
643 57 39 0 1
644 12 28 1 0
645 42 10 0 -1
646 70 35 0 1
647 85 19 1 0
648 6 12 1 0
649 26 35 -1 0
650 96 22 1 0
651 89 25 -1 0
652 22 20 0 1
653 34 4 1 0
654 88 2 -1 0
655 0 25 -1 0
656 40 13 1 0
657 41 23 1 0
658 23 26 -1 0
659 14 6 0 1
660 26 18 0 1
661 8 24 1 0
662 43 35 1 0
663 91 19 0 -1
664 47 21 1 0
665 82 21 -1 0
666 19 22 -1 0
667 8 15 0 1
668 16 12 0 -1
669 0 21 -1 0
670 66 20 0 -1
671 46 34 0 -1
672 55 11 0 1
673 22 28 0 1
674 38 15 0 1
675 20 24 1 0
676 7 0 1 0
677 39 13 0 -1
678 94 32 0 -1
679 88 8 1 0
680 27 5 0 -1
681 98 32 -1 0
682 72 5 -1 0
683 86 33 0 -1
684 20 23 0 -1
685 47 8 1 0
686 3 16 0 1
687 27 10 -1 0
688 27 22 1 0
689 89 33 -1 0
690 8 39 0 1
691 54 6 1 0
692 19 19 1 0
693 19 27 1 0
694 28 15 -1 0
695 37 15 0 1
696 43 22 -1 0
697 44 20 -1 0
698 45 20 -1 0
699 88 23 1 0
700 76 39 0 -1
701 77 30 0 -1
702 2 13 -1 0
703 40 13 -1 0
704 85 32 1 0
705 50 33 -1 0
706 24 11 1 0
707 86 2 -1 0
708 40 37 0 -1
709 70 15 1 0
710 50 23 0 -1
711 43 7 0 -1
712 94 31 0 1
713 39 33 1 0
714 17 36 -1 0
715 88 20 0 1
716 97 14 -1 0
717 24 35 0 1
718 24 34 1 0
719 25 27 0 1
720 37 8 0 -1
721 57 37 0 -1
722 7 20 1 0
723 5 5 -1 0
724 38 28 -1 0
725 27 33 1 0
726 89 11 -1 0
727 5 18 -1 0
728 21 6 0 1
729 8 7 1 0
730 1 24 0 1
731 72 5 0 1
732 6 8 1 0
733 30 38 0 1
734 90 30 0 -1
735 28 18 0 1
736 45 19 -1 0
737 54 5 0 1
738 51 22 -1 0
739 93 11 -1 0
740 40 9 -1 0
741 54 3 -1 0
742 63 12 -1 0
743 13 35 0 1
744 66 36 0 1
745 29 29 -1 0
746 61 20 -1 0
747 19 28 0 1
748 68 2 0 1
749 6 11 0 1
750 22 34 0 -1
751 50 29 0 1
752 67 17 0 -1
753 24 23 1 0
754 45 11 0 -1
755 41 2 1 0
756 94 5 0 -1
757 96 12 1 0
758 62 24 0 -1
759 94 21 0 -1
760 31 23 0 1
761 22 17 0 -1
762 18 7 -1 0
763 20 32 1 0
764 12 3 0 1
765 47 39 0 1
766 73 39 0 -1
767 97 5 1 0
768 68 16 -1 0
769 99 17 0 -1
770 26 8 1 0
771 24 0 1 0
772 91 14 0 -1
773 13 36 0 1
774 42 24 0 -1
775 52 4 0 -1
776 98 4 0 1
777 99 4 0 1
778 40 2 0 1
779 89 28 0 -1
780 28 21 0 -1
781 6 36 1 0
782 7 34 1 0
783 38 21 -1 0
784 42 14 -1 0
785 27 6 1 0
786 66 14 0 1
787 97 10 1 0
788 79 5 -1 0
789 17 28 0 1
790 24 11 0 1
791 26 5 -1 0
792 22 14 0 1
793 21 4 1 0
794 7 15 0 -1
795 50 37 -1 0
796 99 5 0 1
797 79 17 0 -1
798 60 17 1 0
799 1 18 0 1
800 71 36 0 1
801 29 9 -1 0
802 44 1 -1 0
803 41 6 0 1
804 84 17 0 -1
805 63 36 -1 0
806 67 18 0 -1
807 13 7 0 -1
808 35 25 -1 0
809 57 34 0 -1
810 29 11 1 0
811 93 6 -1 0
812 8 27 0 1
813 17 31 -1 0
814 5 26 0 -1
815 19 34 1 0
816 80 25 -1 0
817 41 20 0 1
818 92 16 0 1
819 94 1 0 -1
820 24 19 -1 0
821 42 10 0 -1
822 87 25 -1 0
823 77 39 0 -1
824 17 21 -1 0
825 13 32 0 -1
826 4 33 0 -1
827 15 33 0 1
828 5 19 -1 0
829 71 4 0 1
830 88 10 -1 0
831 46 22 1 0
832 30 17 -1 0
833 75 14 0 1
834 36 32 0 -1
835 17 0 -1 0
836 43 33 0 -1
837 21 27 -1 0
838 64 13 -1 0
839 40 17 0 1
840 44 11 -1 0
841 88 7 0 1
842 21 1 -1 0
843 54 39 0 -1
844 18 1 0 1
845 25 26 -1 0
846 10 15 1 0
847 97 11 0 -1
848 54 32 1 0
849 87 11 0 -1
850 51 3 0 1
851 3 27 0 1
852 13 19 0 1
853 17 8 0 -1
854 11 7 0 -1
855 40 26 0 -1
856 15 38 0 -1
857 98 13 -1 0
858 88 37 0 1
859 87 31 0 -1
860 21 35 1 0
861 43 10 1 0
862 2 6 0 -1
863 52 4 0 1
864 26 4 0 1
865 88 3 0 -1
866 98 11 0 -1
867 51 23 -1 0
868 44 19 0 -1
869 9 13 1 0
870 80 11 1 0
871 22 9 0 1
872 97 38 -1 0
873 25 36 0 1
874 40 19 -1 0
875 46 21 0 1
876 15 15 -1 0
877 57 19 0 1
878 92 25 0 1
879 38 28 1 0
880 7 24 0 1
881 25 16 -1 0
882 60 23 -1 0
883 20 8 0 1
884 27 13 0 -1
885 53 21 1 0
886 18 5 0 1
887 83 15 0 -1
888 0 4 -1 0
889 73 3 -1 0
890 53 33 -1 0
891 76 16 -1 0
892 70 32 -1 0
893 74 34 -1 0
894 44 9 -1 0
895 18 38 -1 0
896 62 5 -1 0
897 30 4 -1 0
898 77 13 0 -1
899 41 10 1 0
900 23 12 0 -1
901 39 26 -1 0
902 7 18 0 -1
903 27 16 1 0
904 31 9 0 1
905 5 8 -1 0
906 94 26 0 -1
907 37 14 1 0
908 89 2 -1 0
909 24 31 0 1
910 40 21 1 0
911 37 15 0 1
912 8 15 1 0
913 83 14 -1 0
914 47 9 1 0
915 13 13 0 -1
916 4 24 0 -1
917 3 32 0 1
918 69 12 0 1
919 63 18 1 0
920 8 22 0 -1
921 10 25 -1 0
922 98 0 -1 0
923 86 20 1 0
924 28 0 1 0
925 25 14 -1 0
926 41 14 1 0
927 21 18 0 1
928 40 13 1 0
929 3 3 -1 0
930 93 19 0 1
931 16 5 0 -1
932 26 3 0 1
933 46 28 1 0
934 5 5 -1 0
935 41 25 0 1
936 25 1 0 1
937 39 38 0 1
938 7 12 0 -1
939 88 35 1 0
940 79 20 -1 0
941 80 6 1 0
942 14 36 1 0
943 10 3 -1 0
944 26 3 0 -1
945 4 32 0 -1
946 23 18 -1 0
947 24 38 1 0
948 94 20 0 -1
949 1 12 -1 0
950 21 21 0 -1
951 16 14 1 0
952 19 28 0 -1
953 68 23 0 -1
954 27 20 -1 0
955 0 38 0 1
956 61 12 -1 0
957 46 21 1 0
958 19 32 -1 0
959 22 21 -1 0
960 24 8 1 0
961 23 27 -1 0
962 8 29 0 1
963 78 6 1 0
964 41 12 1 0
965 53 28 0 -1
966 23 7 0 -1
967 15 19 0 -1
968 41 35 1 0
969 58 12 1 0
970 37 23 0 1
971 22 0 1 0
972 43 12 1 0
973 12 3 0 -1
974 51 38 0 -1
975 41 34 1 0
976 66 12 1 0
977 84 12 1 0
978 62 23 1 0
979 82 19 -1 0
980 29 2 0 -1
981 9 12 -1 0
982 18 7 0 1
983 64 27 1 0
984 45 1 -1 0
985 82 27 -1 0
986 14 14 0 1
987 5 18 0 -1
988 1 10 0 -1
989 78 23 1 0
990 13 19 0 1
991 60 34 -1 0
992 25 38 0 -1
993 5 5 1 0
994 24 31 -1 0
995 10 8 0 1
996 97 14 1 0
997 12 14 -1 0
998 31 32 0 -1
999 22 28 -1 0
1000 95 19 0 -1
1001 60 39 0 -1
1002 42 23 0 -1
1003 69 1 -1 0
1004 82 29 0 -1
1005 62 30 0 1
1006 94 6 1 0
1007 16 15 0 -1
1008 92 20 0 1
1009 48 18 1 0
1010 15 23 0 -1
1011 22 13 0 -1
1012 93 14 0 -1
1013 16 37 1 0
1014 98 32 0 -1
1015 0 14 0 -1
1016 93 19 0 1
1017 43 2 0 -1
1018 53 27 0 -1
1019 40 16 0 -1
1020 0 26 1 0
1021 24 12 0 1
1022 46 6 0 -1
1023 91 11 1 0
1024 14 16 0 -1
1025 54 14 1 0
1026 2 4 1 0
1027 30 14 0 1
1028 70 39 0 -1
1029 4 16 1 0
1030 0 18 -1 0
1031 13 7 -1 0
1032 17 39 -1 0
1033 94 23 -1 0
1034 26 24 1 0
1035 89 28 -1 0
1036 35 13 0 1
1037 94 30 -1 0
1038 48 18 -1 0
1039 96 38 -1 0
1040 63 23 1 0
1041 11 13 0 1
1042 16 35 0 1
1043 5 1 0 -1
1044 95 18 0 1
1045 0 26 0 -1
1046 41 15 0 1
1047 46 8 1 0
1048 59 29 1 0
1049 99 3 -1 0
1050 66 13 0 1
1051 38 22 -1 0
1052 84 27 0 1
1053 1 33 -1 0
1054 15 21 -1 0
1055 60 27 1 0
1056 92 17 0 1
1057 0 22 0 -1
1058 8 39 1 0
1059 52 2 0 1
1060 26 31 0 1
1061 44 39 0 -1
1062 75 39 0 -1
1063 31 11 0 1
1064 92 6 0 -1
1065 59 27 1 0
1066 20 19 1 0
1067 39 15 0 -1
1068 20 25 1 0
1069 24 2 1 0
1070 15 32 -1 0
1071 12 17 -1 0
1072 7 2 0 1
1073 0 4 1 0
1074 96 31 1 0
1075 43 10 -1 0
1076 40 25 0 -1
1077 28 15 0 -1
1078 37 23 1 0
1079 28 20 -1 0
1080 45 4 0 1
1081 2 24 0 -1
1082 68 17 -1 0
1083 94 8 -1 0
1084 62 21 1 0
1085 17 29 0 -1
1086 15 9 1 0
1087 18 38 -1 0
1088 10 28 -1 0
1089 4 1 0 -1
1090 22 15 1 0
1091 13 31 0 1
1092 31 0 0 1
1093 45 2 0 1
1094 22 29 -1 0
1095 58 36 -1 0
1096 41 1 -1 0
1097 14 31 0 1
1098 60 15 0 1
1099 18 18 1 0
1100 24 22 1 0
1101 65 28 0 -1
1102 73 3 0 1
1103 23 5 0 1
1104 14 36 1 0
1105 47 31 0 -1
1106 80 12 0 -1
1107 91 28 0 -1
1108 90 8 0 1
1109 56 12 0 1
1110 70 15 1 0
1111 92 38 -1 0
1112 38 29 0 -1
1113 59 5 -1 0
1114 88 6 -1 0
1115 56 10 0 -1
1116 3 28 1 0
1117 18 26 0 1
1118 70 17 -1 0
1119 5 32 0 1
1120 75 24 -1 0
1121 2 29 -1 0
1122 15 20 0 -1
1123 2 15 0 -1
1124 49 13 -1 0
1125 28 14 0 1
1126 19 3 1 0
1127 12 36 0 -1
1128 41 38 0 1
1129 49 36 1 0
1130 12 9 0 -1
1131 41 31 -1 0
1132 58 0 0 1
1133 10 25 0 -1
1134 47 2 0 -1
1135 42 29 0 1
1136 29 15 0 1
1137 40 32 -1 0
1138 61 4 0 -1
1139 13 36 0 1
1140 7 21 -1 0
1141 13 4 0 1
1142 17 30 0 -1
1143 77 37 1 0
1144 73 10 -1 0
1145 52 31 -1 0
1146 58 19 -1 0
1147 40 35 1 0
1148 20 6 0 -1
1149 21 2 0 1
1150 95 20 -1 0
1151 38 39 0 1
1152 92 17 1 0
1153 64 7 -1 0
1154 5 6 0 -1
1155 97 37 0 1
1156 24 3 -1 0
1157 99 19 0 1
1158 18 13 0 1
1159 18 18 1 0
1160 99 19 -1 0
1161 27 3 0 -1
1162 40 9 -1 0
1163 93 10 0 1
1164 18 29 0 1
1165 44 12 0 1
1166 5 27 -1 0
1167 71 16 0 1
1168 43 9 1 0
1169 61 16 0 -1
1170 79 23 1 0
1171 72 24 1 0
1172 17 4 0 1
1173 8 22 1 0
1174 69 22 0 1
1175 19 27 1 0
1176 23 29 0 -1
1177 27 15 1 0
1178 78 5 0 1
1179 43 6 1 0
1180 23 19 0 1
1181 8 27 -1 0
1182 29 24 1 0
1183 20 35 1 0
1184 8 7 0 -1
1185 3 31 1 0
1186 87 21 1 0
1187 51 0 -1 0
1188 73 9 0 1
1189 22 9 0 1
1190 67 2 0 -1
1191 40 36 -1 0
1192 49 11 1 0
1193 78 5 1 0
1194 71 28 1 0
1195 44 4 0 -1
1196 64 2 0 1
1197 82 26 -1 0
1198 81 24 -1 0
1199 42 25 0 -1
1200 21 34 0 1
1201 97 18 0 1
1202 40 26 0 1
1203 85 35 0 1
1204 87 30 0 -1
1205 98 6 1 0
1206 80 30 0 -1
1207 12 18 0 -1
1208 2 36 0 1
1209 77 7 0 -1
1210 3 28 0 -1
1211 89 26 1 0
1212 25 29 -1 0
1213 38 13 -1 0
1214 66 27 1 0
1215 87 20 -1 0
1216 52 14 1 0
1217 41 18 -1 0
1218 76 5 -1 0
1219 9 9 0 -1
1220 68 20 0 1
1221 16 16 0 1
1222 43 18 -1 0
1223 27 4 0 -1
1224 28 3 -1 0
1225 87 4 -1 0
1226 98 38 0 -1
1227 17 7 1 0
1228 92 21 -1 0
1229 41 19 1 0
1230 41 37 -1 0
1231 3 35 0 1
1232 91 29 -1 0
1233 7 12 0 1
1234 15 11 0 1
1235 14 15 -1 0
1236 92 20 0 1
1237 40 27 0 -1
1238 64 28 0 1
1239 17 30 0 1
1240 85 9 -1 0
1241 93 29 -1 0
1242 49 3 0 1
1243 8 6 0 -1
1244 99 38 1 0
1245 66 8 0 1
1246 44 4 0 1
1247 7 34 -1 0
1248 20 5 1 0
1249 44 35 1 0
1250 73 13 0 -1
1251 11 27 0 1
1252 43 2 0 -1
1253 75 15 -1 0
1254 36 32 0 -1
1255 16 4 0 -1
1256 38 37 0 1
1257 88 14 -1 0
1258 13 10 1 0
1259 9 5 0 -1
1260 23 18 0 -1
1261 64 3 0 1
1262 83 6 0 1
1263 22 3 -1 0
1264 27 28 0 1
1265 6 21 0 -1
1266 8 25 0 -1
1267 70 10 -1 0
1268 50 27 0 -1
1269 37 31 -1 0
1270 18 17 0 1
1271 12 26 0 -1
1272 44 25 -1 0
1273 29 9 0 -1
1274 21 2 0 1
1275 11 23 0 1
1276 19 22 -1 0
1277 9 14 0 -1
1278 4 30 1 0
1279 73 20 0 1
1280 59 37 0 1
1281 60 24 -1 0
1282 11 21 -1 0
1283 97 22 1 0
1284 12 27 0 -1
1285 87 18 0 -1
1286 95 1 0 -1
1287 29 19 1 0
1288 43 3 0 -1
1289 10 23 0 -1
1290 12 36 0 -1
1291 42 9 -1 0
1292 21 18 1 0
1293 18 8 0 -1
1294 5 11 0 -1
1295 74 25 0 1
1296 63 38 1 0
1297 46 6 -1 0
1298 3 2 1 0
1299 15 8 1 0
1300 45 31 -1 0
1301 99 27 0 1
1302 24 7 0 -1
1303 36 14 -1 0
1304 3 31 1 0
1305 59 30 0 -1
1306 4 32 0 -1
1307 26 4 1 0
1308 85 27 0 -1
1309 38 2 0 -1
1310 39 26 1 0
1311 21 15 1 0
1312 4 24 0 1
1313 44 30 0 -1
1314 54 27 0 1
1315 29 11 1 0
1316 52 30 0 1
1317 96 9 0 1
1318 44 21 1 0
1319 5 38 1 0
1320 8 26 -1 0
1321 58 2 -1 0
1322 12 24 0 -1
1323 18 9 0 1
1324 36 16 -1 0
1325 68 1 1 0
1326 13 12 -1 0
1327 3 29 0 -1
1328 67 4 1 0
1329 77 19 0 1
1330 10 26 1 0
1331 21 36 -1 0
1332 98 18 0 -1
1333 18 17 -1 0
1334 21 8 1 0
1335 27 36 0 1
1336 36 4 -1 0
1337 48 6 1 0
1338 3 14 0 -1
1339 0 14 1 0
1340 62 9 0 -1
1341 18 0 0 1
1342 3 18 0 1
1343 45 35 -1 0
1344 32 39 1 0
1345 51 9 1 0
1346 99 23 0 -1
1347 94 33 0 -1
1348 22 17 0 1
1349 86 1 1 0
1350 13 37 0 -1
1351 98 29 0 1
1352 11 24 0 -1
1353 73 28 -1 0
1354 10 28 0 1
1355 78 33 0 -1
1356 24 34 0 -1
1357 54 32 1 0
1358 2 17 0 -1
1359 57 33 1 0
1360 24 14 0 1
1361 95 27 -1 0
1362 57 34 1 0
1363 83 23 -1 0
1364 7 25 0 -1
1365 57 2 0 1
1366 39 36 1 0
1367 71 8 1 0
1368 12 29 1 0
1369 66 11 0 -1
1370 99 18 0 1
1371 38 21 0 -1
1372 16 21 1 0
1373 25 22 -1 0
1374 92 4 0 1
1375 76 4 1 0
1376 75 7 0 -1
1377 91 34 0 1
1378 75 30 -1 0
1379 90 32 0 -1
1380 60 8 0 1
1381 14 26 -1 0
1382 87 15 0 -1
1383 24 9 1 0
1384 29 0 0 -1
1385 57 33 0 -1
1386 13 15 1 0
1387 58 22 1 0
1388 89 17 0 1
1389 72 33 0 -1
1390 24 5 -1 0
1391 70 22 0 -1
1392 4 0 1 0
1393 37 37 -1 0
1394 24 25 1 0
1395 19 34 0 1
1396 55 10 0 1
1397 77 24 0 -1
1398 42 34 -1 0
1399 39 20 1 0
1400 21 14 1 0
1401 41 11 1 0
1402 38 34 1 0
1403 39 26 1 0
1404 5 3 -1 0
1405 18 15 0 1
1406 15 9 0 1
1407 81 36 1 0
1408 3 5 1 0
1409 45 9 -1 0
1410 8 38 1 0
1411 4 22 0 1
1412 14 4 1 0
1413 78 5 0 1
1414 42 32 0 1
1415 83 13 1 0
1416 40 24 -1 0
1417 98 5 1 0
1418 11 25 0 1
1419 52 39 -1 0
1420 99 7 0 -1
1421 7 33 0 1
1422 14 8 0 -1
1423 18 8 0 1
1424 77 6 1 0
1425 21 23 1 0
1426 88 6 0 1
1427 82 2 -1 0
1428 8 27 0 1
1429 22 22 -1 0
1430 4 12 -1 0
1431 59 33 -1 0
1432 3 23 0 1
1433 79 1 -1 0
1434 56 3 1 0
1435 22 18 0 -1
1436 49 33 0 1
1437 94 16 0 1
1438 95 10 0 1
1439 12 5 1 0
1440 24 6 0 -1
1441 11 21 -1 0
1442 95 8 1 0
1443 95 24 1 0
1444 99 17 -1 0
1445 15 2 0 -1
1446 92 29 0 1
1447 94 7 1 0
1448 42 4 0 -1
1449 41 26 1 0
1450 52 35 0 -1
1451 22 16 0 1
1452 22 30 -1 0
1453 41 27 0 1
1454 54 3 -1 0
1455 62 28 0 -1
1456 51 38 1 0
1457 13 26 1 0
1458 21 30 1 0
1459 96 18 1 0
1460 27 23 0 -1
1461 31 20 0 1
1462 46 22 0 -1
1463 28 8 1 0
1464 72 8 1 0
1465 25 17 -1 0
1466 49 37 0 -1
1467 90 16 0 -1
1468 95 0 -1 0
1469 94 12 0 1
1470 15 20 1 0
1471 39 7 1 0
1472 22 9 -1 0
1473 46 4 0 -1
1474 7 24 -1 0
1475 94 4 -1 0
1476 16 27 0 1
1477 81 18 0 -1
1478 24 39 1 0
1479 7 4 0 1
1480 16 39 0 -1
1481 80 26 -1 0
1482 69 38 0 1
1483 69 24 1 0
1484 94 19 1 0
1485 56 17 1 0
1486 94 11 0 -1
1487 67 12 -1 0
1488 25 22 0 1
1489 4 21 1 0
1490 5 11 1 0
1491 27 17 0 1
1492 8 19 1 0
1493 95 24 1 0
1494 99 1 0 -1
1495 53 10 0 -1
1496 44 27 -1 0
1497 30 27 -1 0
1498 57 31 0 -1
1499 21 10 0 -1
1500 9 20 0 1
1501 54 30 1 0
1502 25 26 1 0
1503 99 36 0 1
1504 89 28 -1 0
1505 68 19 -1 0
1506 20 18 0 -1
1507 43 21 0 1
1508 10 19 0 1
1509 17 15 1 0
1510 49 21 0 -1
1511 20 21 -1 0
1512 45 28 0 1
1513 98 7 0 -1
1514 99 21 1 0
1515 80 6 1 0
1516 43 28 0 1
1517 17 7 1 0
1518 3 29 -1 0
1519 12 14 -1 0
1520 58 28 0 -1
1521 28 33 -1 0
1522 13 6 1 0
1523 28 37 -1 0
1524 29 18 0 1
1525 20 35 0 -1
1526 74 7 1 0
1527 99 27 -1 0
1528 31 38 0 1
1529 60 8 0 -1
1530 57 1 0 1
1531 21 34 -1 0
1532 31 18 1 0
1533 44 25 0 -1
1534 77 29 -1 0
1535 28 26 1 0
1536 14 34 1 0
1537 57 2 1 0
1538 51 3 1 0
1539 51 20 -1 0
1540 42 0 0 1
1541 40 15 -1 0
1542 15 3 1 0
1543 71 22 0 -1
1544 37 10 0 -1
1545 0 5 -1 0
1546 84 19 1 0
1547 3 29 0 1
1548 16 34 0 -1
1549 18 20 0 -1
1550 99 34 1 0
1551 24 15 0 -1
1552 64 24 0 -1
1553 23 30 0 -1
1554 41 7 0 1
1555 30 20 -1 0
1556 7 8 0 1
1557 22 31 -1 0
1558 95 31 -1 0
1559 21 5 -1 0
1560 77 8 0 -1
1561 41 9 0 1
1562 48 33 1 0
1563 74 19 1 0
1564 20 37 -1 0
1565 72 22 1 0
1566 29 20 0 -1
1567 56 24 0 1
1568 79 29 -1 0
1569 51 33 1 0
1570 67 38 0 1
1571 27 15 0 1
1572 37 27 -1 0
1573 13 13 -1 0
1574 14 10 -1 0
1575 18 35 1 0
1576 48 21 -1 0
1577 87 37 -1 0
1578 4 13 1 0
1579 17 17 1 0
1580 7 1 0 -1
1581 91 22 0 -1
1582 27 28 0 -1
1583 17 0 0 1
1584 44 29 0 -1
1585 22 20 0 1
1586 50 36 0 1
1587 98 13 0 -1
1588 73 5 0 1
1589 62 20 0 -1
1590 26 24 0 -1
1591 13 10 0 -1
1592 16 11 0 -1
1593 97 27 0 -1
1594 70 37 0 -1
1595 48 26 -1 0
1596 42 21 0 -1
1597 27 21 -1 0
1598 50 37 0 1
1599 10 17 -1 0
1600 45 29 1 0
1601 24 33 -1 0
1602 5 3 0 1
1603 91 5 -1 0
1604 69 6 0 1
1605 37 7 0 1
1606 62 18 1 0
1607 88 19 1 0
1608 76 32 0 1
1609 22 27 0 -1
1610 87 38 0 -1
1611 20 30 -1 0
1612 81 34 -1 0
1613 3 25 1 0
1614 22 16 0 -1
1615 99 0 -1 0
1616 44 19 -1 0
1617 89 4 1 0
1618 50 13 0 1
1619 24 1 1 0
1620 27 36 0 -1
1621 8 3 1 0
1622 8 31 0 1
1623 50 30 0 -1
1624 26 5 -1 0
1625 76 17 -1 0
1626 4 0 0 -1
1627 23 4 1 0
1628 41 0 0 -1
1629 37 31 0 1
1630 92 21 0 1
1631 99 14 1 0
1632 0 28 1 0
1633 22 3 -1 0
1634 24 32 1 0
1635 39 27 -1 0
1636 96 31 -1 0
1637 85 21 0 -1
1638 44 39 0 -1
1639 1 28 -1 0
1640 70 0 1 0
1641 8 32 -1 0
1642 56 1 1 0
1643 57 29 0 1
1644 42 37 0 1
1645 87 23 -1 0
1646 90 8 1 0
1647 45 15 -1 0
1648 95 26 -1 0
1649 43 31 0 -1
1650 71 9 1 0
1651 60 12 0 -1
1652 51 5 -1 0
1653 28 34 -1 0
1654 37 4 0 -1
1655 87 13 -1 0
1656 57 34 0 1
1657 58 5 1 0
1658 76 33 1 0
1659 2 25 0 -1
1660 91 24 0 1
1661 42 3 -1 0
1662 45 5 -1 0
1663 19 23 0 -1
1664 45 2 0 -1
1665 11 28 0 -1
1666 78 23 -1 0
1667 82 20 1 0
1668 91 1 0 -1
1669 25 36 0 -1
1670 51 24 0 -1
1671 12 28 0 -1
1672 88 5 0 1
1673 6 34 -1 0
1674 48 10 -1 0
1675 26 3 0 1
1676 12 34 0 -1
1677 45 13 1 0
1678 10 6 0 -1
1679 46 29 1 0
1680 52 26 0 1
1681 43 21 0 1
1682 2 28 0 1
1683 81 36 0 -1
1684 72 9 0 1
1685 36 5 0 1
1686 94 37 1 0
1687 86 12 0 -1
1688 96 34 0 1
1689 8 5 0 -1
1690 9 22 -1 0
1691 51 25 1 0
1692 91 28 0 1
1693 11 25 0 -1
1694 22 4 1 0
1695 4 33 -1 0
1696 71 29 0 -1
1697 17 39 0 1
1698 38 13 0 1
1699 88 26 1 0
1700 24 30 -1 0
1701 16 31 0 -1
1702 50 10 -1 0
1703 28 9 0 -1
1704 61 36 -1 0
1705 97 30 0 1
1706 44 13 1 0
1707 11 28 1 0
1708 53 22 1 0
1709 44 2 0 1
1710 39 31 0 -1
1711 8 38 0 -1
1712 10 4 0 -1
1713 44 18 0 1
1714 20 2 1 0
1715 40 36 1 0
1716 10 19 0 1
1717 58 38 1 0
1718 24 31 1 0
1719 69 14 -1 0
1720 40 0 0 1
1721 0 27 1 0
1722 3 38 -1 0
1723 16 21 1 0
1724 7 26 -1 0
1725 72 32 1 0
1726 95 28 0 -1
1727 30 26 1 0
1728 21 34 -1 0
1729 94 9 0 -1
1730 36 10 0 1
1731 40 29 0 -1
1732 46 24 0 1
1733 20 18 1 0
1734 96 33 0 -1
1735 8 33 0 -1
1736 76 36 0 -1
1737 12 15 0 -1
1738 96 26 0 1
1739 42 2 -1 0
1740 83 12 0 -1
1741 21 8 -1 0
1742 74 21 0 -1
1743 63 38 -1 0
1744 6 4 1 0
1745 57 36 0 1
1746 52 25 0 -1
1747 84 11 0 -1
1748 89 32 0 -1
1749 83 20 0 -1
1750 36 34 1 0
1751 94 26 0 -1
1752 75 4 0 1
1753 18 14 0 -1
1754 28 12 1 0
1755 42 1 0 1
1756 26 8 -1 0
1757 96 0 -1 0
1758 85 24 -1 0
1759 39 15 0 1
1760 15 10 0 -1
1761 20 6 0 1
1762 80 34 0 1
1763 99 22 1 0
1764 95 35 0 -1
1765 90 34 1 0
1766 13 38 0 -1
1767 0 15 0 1
1768 40 25 0 -1
1769 14 35 1 0
1770 72 27 0 1
1771 42 25 -1 0
1772 48 26 -1 0
1773 22 21 0 -1
1774 14 36 1 0
1775 62 33 0 1
1776 49 37 0 -1
1777 73 28 0 1
1778 48 31 0 -1
1779 25 5 -1 0
1780 5 7 0 -1
1781 2 19 1 0
1782 47 19 0 1
1783 38 36 0 1
1784 73 14 -1 0
1785 13 28 0 1
1786 28 15 -1 0
1787 18 0 0 -1
1788 7 4 -1 0
1789 78 9 0 -1
1790 84 35 1 0
1791 5 2 0 1
1792 9 2 0 -1
1793 6 12 0 1
1794 22 15 0 1
1795 14 17 -1 0
1796 56 7 1 0
1797 53 29 0 1
1798 29 1 1 0
1799 42 3 0 -1
1800 86 31 0 1
1801 23 36 0 1
1802 21 14 -1 0
1803 99 31 -1 0
1804 93 13 1 0
1805 41 38 -1 0
1806 72 3 0 1
1807 70 4 1 0
1808 66 4 1 0
1809 36 22 1 0
1810 89 38 1 0
1811 49 37 0 -1
1812 22 33 0 -1
1813 92 14 -1 0
1814 13 2 0 -1
1815 5 36 0 1
1816 92 22 -1 0
1817 52 33 -1 0
1818 54 2 0 1
1819 38 20 0 -1
1820 41 10 -1 0
1821 26 22 -1 0
1822 4 35 1 0
1823 30 15 0 -1
1824 80 19 0 1
1825 25 34 0 1
1826 36 17 -1 0
1827 5 27 0 1
1828 57 14 1 0
1829 44 22 0 -1
1830 97 10 0 -1
1831 40 5 -1 0
1832 4 30 0 1
1833 70 12 0 1
1834 84 29 0 1
1835 52 11 0 1
1836 44 35 0 -1
1837 23 36 0 1
1838 55 24 1 0
1839 53 18 0 1
1840 45 24 -1 0
1841 61 31 -1 0
1842 12 10 -1 0
1843 96 6 0 -1
1844 20 33 1 0
1845 45 17 0 -1
1846 67 8 0 1
1847 50 10 1 0
1848 41 34 -1 0
1849 87 24 1 0
1850 37 22 1 0
1851 87 33 0 -1
1852 79 37 0 -1
1853 40 39 -1 0
1854 81 38 1 0
1855 99 5 0 1
1856 97 8 0 -1
1857 41 16 1 0
1858 60 35 -1 0
1859 29 27 1 0
1860 19 39 0 -1
1861 48 13 1 0
1862 13 22 1 0
1863 2 22 0 -1
1864 25 3 0 1
1865 79 1 -1 0
1866 15 23 0 -1
1867 7 5 0 -1
1868 13 30 0 1
1869 9 38 0 1
1870 89 39 1 0
1871 1 35 -1 0
1872 7 22 -1 0
1873 15 12 -1 0
1874 96 30 -1 0
1875 20 26 -1 0
1876 38 35 1 0
1877 43 15 -1 0
1878 1 24 -1 0
1879 28 27 1 0
1880 47 0 -1 0
1881 17 30 -1 0
1882 39 14 0 1
1883 80 22 0 -1
1884 87 12 1 0
1885 44 13 0 1
1886 0 20 -1 0
1887 64 6 0 -1
1888 19 35 -1 0
1889 84 24 0 1
1890 2 23 0 1
1891 4 13 -1 0
1892 15 3 0 -1
1893 11 7 0 1
1894 91 20 1 0
1895 77 8 0 1
1896 22 32 1 0
1897 54 22 -1 0
1898 87 35 1 0
1899 43 18 1 0
1900 13 14 0 -1
1901 12 18 0 -1
1902 91 34 0 -1
1903 76 30 1 0
1904 29 0 1 0
1905 0 26 0 -1
1906 78 38 0 -1
1907 54 1 -1 0
1908 85 38 1 0
1909 4 23 -1 0
1910 20 1 0 1
1911 10 38 0 -1
1912 50 28 -1 0
1913 89 5 0 -1
1914 97 31 1 0
1915 83 1 -1 0
1916 0 16 -1 0
1917 5 35 0 -1
1918 56 38 1 0
1919 12 25 1 0
1920 82 18 0 -1
1921 54 8 -1 0
1922 15 6 1 0
1923 70 37 1 0
1924 52 8 -1 0
1925 42 0 0 -1
1926 2 32 0 1
1927 96 22 0 1
1928 41 38 0 1
1929 75 23 0 -1
1930 42 32 1 0
1931 46 19 1 0
1932 16 32 1 0
1933 42 26 1 0
1934 73 6 0 -1
1935 44 38 -1 0
1936 99 31 0 -1
1937 25 20 1 0
1938 82 31 -1 0
1939 86 22 -1 0
1940 29 37 -1 0
1941 66 8 -1 0
1942 28 14 0 -1
1943 3 11 0 1
1944 4 33 1 0
1945 13 28 -1 0
1946 12 14 0 -1
1947 92 30 1 0
1948 17 33 0 1
1949 17 5 0 1
1950 91 6 1 0
1951 92 35 1 0
1952 20 32 0 -1
1953 90 9 0 -1
1954 5 2 0 -1
1955 47 8 -1 0
1956 38 20 -1 0
1957 13 23 0 1
1958 64 19 -1 0
1959 28 22 -1 0
1960 47 38 -1 0
1961 35 16 0 1
1962 55 35 -1 0
1963 24 6 1 0
1964 15 27 1 0
1965 99 29 -1 0
1966 25 10 0 1
1967 25 18 -1 0
1968 14 35 -1 0
1969 39 17 1 0
1970 54 25 0 1
1971 83 27 1 0
1972 76 15 0 -1
1973 88 0 0 1
1974 39 21 1 0
1975 89 6 -1 0
1976 85 38 1 0
1977 24 19 0 1
1978 19 19 0 1
1979 16 20 -1 0
1980 50 11 0 -1
1981 74 31 0 1
1982 73 37 0 1
1983 4 2 1 0
1984 80 27 -1 0
1985 1 16 -1 0
1986 89 19 0 -1
1987 68 4 0 -1
1988 37 39 1 0
1989 82 31 0 -1
1990 11 39 -1 0
1991 21 35 0 -1
1992 37 34 0 1
1993 50 27 0 1
1994 26 30 1 0
1995 44 14 0 1
1996 81 1 0 -1
1997 0 34 0 1
1998 27 29 1 0
1999 79 29 0 1
2000 0 3 -1 0
2001 81 5 1 0
2002 20 14 -1 0
2003 41 4 -1 0
2004 18 3 0 -1
2005 89 39 0 -1
2006 41 29 -1 0
2007 16 22 0 1
2008 59 26 -1 0
2009 23 19 -1 0
2010 11 10 0 -1
2011 52 20 0 1
2012 49 32 0 1
2013 48 0 0 1
2014 61 28 1 0
2015 44 39 0 1
2016 76 25 -1 0
2017 20 0 -1 0
2018 30 8 0 -1
2019 22 10 -1 0
2020 36 16 1 0
2021 74 13 1 0
2022 59 17 0 -1
2023 69 12 0 1
2024 42 18 0 1
2025 7 16 1 0
2026 90 11 -1 0
2027 59 7 -1 0
2028 46 11 0 1
2029 90 31 1 0
2030 24 8 1 0
2031 39 21 -1 0
2032 19 16 -1 0
2033 11 6 1 0
2034 50 8 -1 0
2035 3 25 0 -1
2036 36 0 0 -1
2037 7 11 0 1
2038 48 11 0 1
2039 80 11 0 1
2040 46 26 0 1
2041 3 31 -1 0
2042 18 26 -1 0
2043 21 37 0 1
2044 51 4 0 -1
2045 11 34 -1 0
2046 32 37 1 0
2047 54 34 -1 0
2048 26 0 0 1
2049 25 19 0 -1
2050 39 0 0 -1
2051 78 16 1 0
2052 41 39 -1 0
2053 19 14 0 1
2054 1 3 0 -1
2055 19 32 -1 0
2056 1 25 0 1
2057 9 6 -1 0
2058 19 37 0 1
2059 83 39 0 1
2060 6 33 0 -1
2061 12 29 0 1
2062 68 27 -1 0
2063 62 33 0 -1
2064 42 36 0 -1
2065 41 18 0 -1
2066 53 23 -1 0
2067 74 21 1 0
2068 78 2 0 -1
2069 3 33 0 1
2070 89 35 -1 0
2071 46 28 0 1
2072 40 35 0 1
2073 40 32 0 1
2074 90 16 0 -1
2075 39 4 -1 0
2076 42 21 -1 0
2077 39 25 0 1
2078 49 10 0 -1
2079 38 29 -1 0
2080 37 32 -1 0
2081 6 38 -1 0
2082 57 5 0 -1
2083 20 1 0 -1
2084 21 23 0 1
2085 17 21 0 -1
2086 5 12 0 1
2087 42 8 -1 0
2088 91 34 -1 0
2089 94 21 -1 0
2090 49 25 0 -1
2091 49 1 0 -1
2092 45 35 0 -1
2093 67 25 1 0
2094 57 23 -1 0
2095 81 4 0 1
2096 81 24 1 0
2097 24 1 0 1
2098 22 2 0 -1
2099 25 26 -1 0
2100 77 3 0 -1
2101 42 17 1 0
2102 15 28 -1 0
2103 80 23 1 0
2104 64 24 1 0
2105 11 21 0 -1
2106 57 26 1 0
2107 59 24 0 -1
2108 4 0 0 -1
2109 19 30 0 1
2110 83 39 0 -1
2111 28 12 0 -1
2112 67 39 1 0
2113 40 1 -1 0
2114 82 39 0 1
2115 50 4 1 0
2116 21 1 1 0
2117 55 15 1 0
2118 36 8 0 -1
2119 8 24 1 0
2120 10 30 0 1
2121 81 13 1 0
2122 12 17 -1 0
2123 10 11 0 1
2124 78 18 1 0
2125 70 23 0 1
2126 64 8 0 -1
2127 48 14 0 -1
2128 7 28 0 1
2129 9 24 -1 0
2130 0 21 0 -1
2131 6 21 -1 0
2132 27 35 1 0
2133 0 20 0 -1
2134 86 24 0 -1
2135 14 10 -1 0
2136 44 14 0 1
2137 24 34 1 0
2138 76 21 0 1
2139 29 7 0 1
2140 55 39 0 -1
2141 3 22 1 0
2142 11 4 1 0
2143 80 37 0 1
2144 84 0 -1 0
2145 22 36 0 1
2146 8 7 -1 0
2147 5 34 1 0
2148 18 30 0 1
2149 81 25 0 1
2150 63 0 -1 0
2151 48 28 0 1
2152 26 13 -1 0
2153 14 39 -1 0
2154 21 19 1 0
2155 44 32 1 0
2156 5 6 0 -1
2157 38 33 0 1
2158 99 23 0 -1
2159 46 21 0 1
2160 47 2 0 1
2161 4 16 0 -1
2162 12 2 0 -1
2163 96 31 0 -1
2164 47 18 1 0
2165 28 18 0 -1
2166 25 11 -1 0
2167 7 1 -1 0
2168 97 34 1 0
2169 10 24 -1 0
2170 67 39 0 1
2171 17 16 0 1
2172 98 2 -1 0
2173 62 9 0 -1
2174 87 30 0 1
2175 46 2 0 1
2176 15 38 0 -1
2177 16 20 -1 0
2178 12 12 0 1
2179 78 36 0 -1
2180 54 38 -1 0
2181 25 20 0 1
2182 66 14 0 -1
2183 85 24 0 1
2184 81 0 -1 0
2185 28 5 -1 0
2186 57 8 -1 0
2187 47 25 0 1
2188 28 31 -1 0
2189 39 28 -1 0
2190 44 24 0 1
2191 81 35 0 -1
2192 21 27 1 0
2193 60 35 1 0
2194 67 8 0 -1
2195 45 0 0 1
2196 21 13 1 0
2197 30 7 1 0
2198 57 39 -1 0
2199 21 31 0 1
2200 88 21 -1 0
2201 16 36 0 1
2202 43 7 1 0
2203 20 4 0 -1
2204 39 36 0 1
2205 46 29 0 -1
2206 77 7 0 -1
2207 77 3 1 0
2208 13 34 0 -1
2209 55 38 1 0
2210 14 20 0 1
2211 3 30 1 0
2212 29 0 0 -1
2213 97 31 0 -1
2214 40 14 0 -1
2215 73 17 -1 0
2216 28 12 0 1
2217 42 15 0 1
2218 24 0 -1 0
2219 73 35 -1 0
2220 14 15 -1 0
2221 49 35 -1 0
2222 44 10 -1 0
2223 91 1 -1 0
2224 86 39 0 1
2225 55 15 0 -1
2226 50 13 -1 0
2227 19 28 0 1
2228 15 23 0 1
2229 20 34 0 1
2230 71 22 0 -1
2231 17 2 0 -1
2232 62 20 0 -1
2233 19 15 -1 0
2234 6 38 1 0
2235 44 24 0 -1
2236 38 37 1 0
2237 19 38 0 1
2238 45 16 0 -1
2239 23 9 0 1
2240 25 32 0 1
2241 26 35 0 1
2242 82 7 1 0
2243 48 9 0 -1
2244 96 39 1 0
2245 12 37 1 0
2246 44 17 1 0
2247 27 1 1 0
2248 43 7 1 0
2249 48 23 0 1
2250 56 13 -1 0
2251 70 9 1 0
2252 52 4 0 1
2253 11 8 -1 0
2254 4 18 0 -1
2255 70 3 -1 0
2256 30 2 0 1
2257 37 25 0 1
2258 1 37 0 -1
2259 47 13 -1 0
2260 70 3 1 0
2261 23 22 1 0
2262 57 27 -1 0
2263 37 9 -1 0
2264 11 4 0 1
2265 29 18 0 1
2266 3 1 0 -1
2267 22 29 0 1
2268 24 38 0 1
2269 89 2 -1 0
2270 51 19 -1 0
2271 17 0 0 -1
2272 24 23 0 -1
2273 1 39 -1 0
2274 28 23 0 -1
2275 42 24 -1 0
2276 23 31 0 1
2277 16 0 0 -1
2278 97 3 0 -1
2279 13 28 -1 0
2280 30 5 0 1
2281 4 24 0 1
2282 27 25 0 1
2283 93 36 1 0
2284 50 13 0 1
2285 48 23 0 1
2286 2 1 -1 0
2287 14 1 -1 0
2288 71 36 0 -1
2289 15 36 -1 0
2290 87 39 -1 0
2291 22 21 1 0
2292 4 23 0 1
2293 88 38 0 1
2294 54 12 1 0
2295 44 15 1 0
2296 10 12 -1 0
2297 63 20 0 1
2298 52 33 0 1
2299 48 18 0 -1
2300 85 5 1 0
2301 56 24 1 0
2302 24 10 0 -1
2303 54 22 -1 0
2304 26 19 -1 0
2305 91 21 0 1
2306 7 32 0 -1
2307 8 31 0 -1
2308 8 17 0 -1
2309 51 28 -1 0
2310 43 21 0 1
2311 38 8 0 1
2312 40 28 0 1
2313 70 28 -1 0
2314 47 33 0 1
2315 38 18 -1 0
2316 5 12 0 -1
2317 51 25 -1 0
2318 78 22 0 -1
2319 75 12 -1 0
2320 52 15 0 1
2321 98 18 0 1
2322 89 26 0 1
2323 82 0 1 0
2324 96 26 1 0
2325 56 31 0 -1
2326 23 36 1 0
2327 50 3 1 0
2328 22 19 1 0
2329 41 32 0 -1
2330 69 29 1 0
2331 9 34 0 1
2332 19 37 0 -1
2333 27 14 -1 0
2334 87 35 -1 0
2335 18 12 1 0
2336 57 9 1 0
2337 55 0 0 1
2338 43 13 -1 0
2339 85 24 0 1
2340 49 21 -1 0
2341 64 5 0 1
2342 66 29 0 -1
2343 91 7 1 0
2344 52 19 1 0
2345 11 12 0 -1
2346 15 27 0 -1
2347 19 32 1 0
2348 96 8 1 0
2349 37 14 0 1
2350 12 20 0 1
2351 9 31 1 0
2352 4 34 -1 0
2353 92 21 -1 0
2354 28 14 0 -1
2355 46 34 -1 0
2356 77 22 0 1
2357 22 33 1 0
2358 12 5 0 1
2359 87 13 -1 0
2360 38 26 0 1
2361 74 39 0 1
2362 48 7 1 0
2363 29 35 1 0
2364 24 2 0 1
2365 30 28 0 -1
2366 95 27 1 0
2367 76 32 0 -1
2368 86 37 0 1
2369 4 11 1 0
2370 17 27 1 0
2371 14 4 0 1
2372 62 5 1 0
2373 14 16 0 1
2374 71 33 1 0
2375 6 31 1 0
2376 62 12 -1 0
2377 28 10 0 -1
2378 39 9 0 1
2379 17 13 1 0
2380 39 9 0 1
2381 38 30 0 1
2382 42 0 -1 0
2383 5 1 1 0
2384 85 14 0 -1
2385 98 23 -1 0
2386 61 5 0 1
2387 30 4 0 -1
2388 92 27 1 0
2389 93 30 -1 0
2390 63 26 0 1
2391 23 32 1 0
2392 41 11 -1 0
2393 42 27 1 0
2394 76 10 1 0
2395 49 27 1 0
2396 78 35 -1 0
2397 50 38 0 1
2398 20 17 0 -1
2399 22 0 -1 0
