0 80 0 -1 0
1 63 5 -1 0
2 3 5 -1 0
3 19 34 0 1
4 78 7 0 1
5 27 3 1 0
6 36 25 0 -1
7 60 3 1 0
8 60 28 0 -1
9 6 26 -1 0
10 99 22 0 -1
11 39 11 0 1
12 27 1 0 -1
13 20 17 -1 0
14 83 30 -1 0
15 52 7 -1 0
16 18 19 0 1
17 66 6 0 1
18 4 8 -1 0
19 83 33 -1 0
20 5 8 1 0
21 86 37 0 1
22 51 22 1 0
23 99 21 1 0
24 80 1 0 1
25 94 4 0 1
26 98 15 0 1
27 51 28 0 -1
28 10 2 -1 0
29 57 23 1 0
30 18 39 1 0
31 41 16 1 0
32 43 18 1 0
33 4 3 0 1
34 52 11 0 -1
35 20 20 0 1
36 44 26 0 -1
37 41 7 -1 0
38 8 15 1 0
39 23 29 0 -1
40 42 5 0 -1
41 42 14 0 -1
42 50 32 0 1
43 12 5 -1 0
44 12 26 0 1
45 85 34 -1 0
46 83 31 -1 0
47 68 18 0 1
48 19 31 1 0
49 21 1 0 -1
50 24 32 -1 0
51 17 22 -1 0
52 20 11 1 0
53 22 5 -1 0
54 6 34 0 -1
55 92 16 1 0
56 15 5 -1 0
57 63 36 -1 0
58 56 34 0 -1
59 2 25 0 -1
60 73 10 0 1
61 45 5 -1 0
62 22 7 -1 0
63 17 7 1 0
64 41 32 0 1
65 26 31 0 -1
66 25 28 1 0
67 24 15 1 0
68 97 1 1 0
69 24 14 1 0
70 1 37 0 1
71 99 21 0 -1
72 70 21 1 0
73 14 35 1 0
74 42 2 -1 0
75 22 29 -1 0
76 65 11 1 0
77 80 38 -1 0
78 88 39 1 0
79 25 2 1 0
80 6 30 -1 0
81 4 9 0 1
82 96 11 0 -1
83 0 5 -1 0
84 49 30 -1 0
85 69 14 0 1
86 26 36 1 0
87 73 37 1 0
88 55 11 -1 0
89 94 5 -1 0
90 79 8 -1 0
91 78 27 -1 0
92 59 2 0 1
93 51 26 -1 0
94 14 7 0 -1
95 91 0 0 1
96 95 22 0 1
97 65 35 0 -1
98 19 17 -1 0
99 67 17 -1 0
100 18 15 1 0
101 91 19 1 0
102 69 16 -1 0
103 42 5 0 -1
104 2 16 1 0
105 95 5 0 1
106 1 9 0 -1
107 48 27 -1 0
108 97 30 -1 0
109 46 28 -1 0
110 28 2 1 0
111 57 7 0 -1
112 40 39 1 0
113 91 8 -1 0
114 6 35 1 0
115 44 25 0 -1
116 19 37 0 -1
117 9 19 1 0
118 63 33 0 1
119 83 18 0 1
120 43 15 0 1
121 93 5 -1 0
122 79 29 1 0
123 7 20 0 -1
124 19 36 0 -1
125 29 12 0 -1
126 94 38 0 -1
127 80 20 1 0
128 26 15 0 1
129 23 24 1 0
130 15 16 0 -1
131 88 22 0 1
132 11 12 1 0
133 12 17 1 0
134 41 35 1 0
135 42 16 -1 0
136 22 32 -1 0
137 21 31 1 0
138 18 16 0 -1
139 41 9 0 1
140 11 26 1 0
141 53 33 0 -1
142 9 13 1 0
143 51 0 -1 0
144 16 26 -1 0
145 18 12 0 -1
146 61 21 1 0
147 61 12 0 -1
148 88 9 -1 0
149 75 25 1 0
150 26 19 0 -1
151 21 30 0 1
152 99 19 0 1
153 57 19 0 1
154 17 39 -1 0
155 50 19 1 0
156 63 3 0 -1
157 30 12 0 1
158 4 16 -1 0
159 96 17 0 -1
160 52 20 1 0
161 77 14 1 0
162 87 20 -1 0
163 0 1 0 -1
164 78 15 0 -1
165 24 26 1 0
166 56 12 1 0
167 24 22 1 0
168 47 30 0 -1
169 89 29 0 -1
170 9 35 -1 0
171 48 31 -1 0
172 91 21 -1 0
173 20 0 0 -1
174 69 9 0 1
175 92 11 -1 0
176 45 26 -1 0
177 23 9 1 0
178 62 18 0 -1
179 45 15 0 1
180 45 31 0 -1
181 12 28 -1 0
182 52 18 1 0
183 28 4 0 -1
184 11 6 0 1
185 44 8 -1 0
186 62 7 0 -1
187 46 19 -1 0
188 54 13 1 0
189 23 13 0 -1
190 9 10 0 -1
191 20 5 0 1
192 38 32 1 0
193 24 10 0 -1
194 42 16 -1 0
195 93 1 -1 0
196 7 34 0 -1
197 43 35 1 0
198 26 2 0 1
199 94 9 0 -1
200 77 3 1 0
201 95 12 -1 0
202 15 25 1 0
203 85 2 -1 0
204 11 35 0 -1
205 42 10 0 1
206 52 27 0 1
207 13 31 0 -1
208 7 31 1 0
209 44 4 0 1
210 8 1 1 0
211 56 10 0 -1
212 47 36 0 -1
213 80 14 1 0
214 49 36 -1 0
215 21 18 0 1
216 12 11 1 0
217 43 0 0 -1
218 42 12 0 -1
219 76 37 0 -1
220 0 1 -1 0
221 39 39 -1 0
222 18 37 1 0
223 92 23 1 0
224 23 13 1 0
225 26 25 0 1
226 83 33 0 1
227 14 21 1 0
228 59 29 0 1
229 18 34 0 -1
230 7 24 0 1
231 29 7 0 1
232 13 14 -1 0
233 21 24 -1 0
234 11 28 -1 0
235 59 25 -1 0
236 38 24 0 -1
237 53 35 -1 0
238 62 14 0 -1
239 93 8 1 0
240 12 2 0 -1
241 46 5 0 -1
242 12 2 1 0
243 22 22 1 0
244 69 20 -1 0
245 12 22 -1 0
246 16 20 0 1
247 10 24 0 -1
248 22 23 1 0
249 7 9 0 1
250 39 32 -1 0
251 44 8 0 -1
252 38 5 0 -1
253 30 26 -1 0
254 45 35 -1 0
255 2 7 0 1
256 41 25 1 0
257 87 5 1 0
258 89 8 0 1
259 44 29 1 0
260 84 33 0 -1
261 60 16 -1 0
262 54 15 0 1
263 12 1 0 -1
264 66 6 0 -1
265 85 17 -1 0
266 52 35 -1 0
267 23 30 0 -1
268 49 15 -1 0
269 17 39 1 0
270 39 23 1 0
271 40 26 -1 0
272 85 29 -1 0
273 18 31 1 0
274 25 29 1 0
275 45 9 1 0
276 29 15 0 1
277 19 29 0 1
278 52 37 -1 0
279 5 27 1 0
280 53 5 -1 0
281 5 17 -1 0
282 69 32 1 0
283 84 37 0 -1
284 25 29 -1 0
285 43 21 0 -1
286 53 33 -1 0
287 19 29 1 0
288 64 10 -1 0
289 97 11 0 -1
290 14 35 -1 0
291 3 12 1 0
292 78 32 0 1
293 42 26 1 0
294 21 19 1 0
295 46 39 0 -1
296 45 25 -1 0
297 24 11 0 -1
298 73 11 0 1
299 83 22 -1 0
300 56 7 0 -1
301 74 16 0 1
302 84 18 0 1
303 92 8 -1 0
304 39 32 -1 0
305 54 33 1 0
306 66 34 -1 0
307 22 31 -1 0
308 70 19 1 0
309 48 33 0 -1
310 45 38 0 1
311 75 24 0 1
312 41 5 1 0
313 1 14 -1 0
314 51 18 -1 0
315 4 25 -1 0
316 86 15 0 1
317 20 6 0 -1
318 29 8 1 0
319 26 20 0 1
320 54 18 -1 0
321 49 8 0 1
322 11 3 0 1
323 97 34 0 -1
324 39 34 -1 0
325 38 8 -1 0
326 19 5 0 1
327 85 2 1 0
328 4 8 -1 0
329 51 37 1 0
330 96 24 0 -1
331 40 22 0 1
332 46 19 0 -1
333 54 5 0 -1
334 19 23 0 -1
335 23 4 0 -1
336 88 21 1 0
337 80 16 0 1
338 43 2 1 0
339 16 18 1 0
340 55 11 -1 0
341 48 36 -1 0
342 65 0 -1 0
343 36 18 1 0
344 89 30 -1 0
345 26 28 1 0
346 8 1 0 -1
347 78 22 1 0
348 21 1 0 -1
349 3 23 0 -1
350 95 36 1 0
351 48 22 0 1
352 94 32 -1 0
353 24 23 0 -1
354 96 7 0 -1
355 4 6 0 1
356 60 9 0 1
357 65 14 0 -1
358 81 15 1 0
359 47 30 1 0
360 67 38 0 -1
361 13 37 0 1
362 14 32 0 1
363 46 36 0 1
364 79 18 1 0
365 37 13 0 -1
366 52 27 0 1
367 27 7 1 0
368 45 38 -1 0
369 3 17 0 -1
370 86 22 1 0
371 20 27 -1 0
372 45 39 0 1
373 23 17 -1 0
374 62 29 0 -1
375 84 34 0 -1
376 92 25 0 -1
377 75 12 0 -1
378 23 22 0 1
379 64 12 0 -1
380 43 23 0 1
381 74 27 1 0
382 44 18 0 -1
383 72 4 0 -1
384 41 16 0 1
385 42 20 -1 0
386 75 31 0 1
387 81 36 -1 0
388 18 7 1 0
389 17 30 0 1
390 11 38 1 0
391 86 18 0 1
392 16 17 0 1
393 1 35 -1 0
394 85 24 1 0
395 53 25 1 0
396 1 1 0 -1
397 9 16 -1 0
398 53 29 0 1
399 91 17 -1 0
400 15 39 0 1
401 89 17 0 1
402 1 11 0 -1
403 3 38 0 1
404 0 34 0 -1
405 28 32 0 -1
406 96 10 -1 0
407 86 14 0 1
408 8 14 0 1
409 42 17 0 1
410 2 15 1 0
411 70 33 -1 0
412 78 22 -1 0
413 99 24 0 -1
414 29 22 0 1
415 87 32 1 0
416 47 7 -1 0
417 59 23 1 0
418 42 30 -1 0
419 71 30 1 0
420 19 17 -1 0
421 70 8 0 1
422 86 23 0 1
423 29 18 -1 0
424 91 31 0 1
425 41 26 -1 0
426 61 16 -1 0
427 41 0 0 1
428 17 6 1 0
429 28 3 1 0
430 17 4 0 -1
431 41 17 0 -1
432 82 36 0 1
433 62 2 0 1
434 47 20 1 0
435 76 20 0 1
436 43 13 1 0
437 65 16 0 -1
438 47 31 0 1
439 0 6 1 0
440 91 34 1 0
441 62 14 0 1
442 20 29 1 0
443 95 2 -1 0
444 46 21 0 1
445 15 7 -1 0
446 79 31 1 0
447 30 15 -1 0
448 55 34 0 -1
449 52 10 1 0
450 3 29 0 1
451 56 9 1 0
452 11 25 0 -1
453 26 22 1 0
454 40 20 0 -1
455 95 10 -1 0
456 24 16 -1 0
457 72 27 0 1
458 0 38 -1 0
459 91 13 0 1
460 39 37 0 1
461 41 10 -1 0
462 85 10 1 0
463 11 21 0 1
464 44 9 0 -1
465 15 28 0 -1
466 54 20 1 0
467 13 27 1 0
468 22 38 0 -1
469 27 4 1 0
470 13 20 1 0
471 8 11 1 0
472 31 9 0 1
473 16 36 0 1
474 2 15 1 0
475 41 22 -1 0
476 38 10 -1 0
477 41 39 1 0
478 43 11 1 0
479 41 8 -1 0
480 79 12 -1 0
481 88 22 1 0
482 41 39 -1 0
483 70 37 1 0
484 91 0 -1 0
485 32 21 -1 0
486 96 8 1 0
487 15 22 1 0
488 49 5 0 -1
489 88 39 0 1
490 25 6 0 -1
491 47 0 -1 0
492 4 6 1 0
493 25 39 0 -1
494 46 30 0 -1
495 68 31 1 0
496 80 30 1 0
497 17 37 1 0
498 19 30 -1 0
499 54 12 -1 0
500 16 34 0 1
501 60 2 0 1
502 29 29 0 -1
503 23 22 1 0
504 82 17 1 0
505 67 13 1 0
506 80 15 -1 0
507 47 27 1 0
508 43 34 0 -1
509 34 18 -1 0
510 95 2 0 -1
511 94 23 0 -1
512 45 11 1 0
513 56 30 -1 0
514 12 34 1 0
515 11 22 0 1
516 8 32 -1 0
517 51 24 0 1
518 10 35 0 1
519 18 22 0 -1
520 89 33 0 1
521 75 14 1 0
522 40 0 0 -1
523 85 27 -1 0
524 53 7 1 0
525 22 26 -1 0
526 99 28 0 -1
527 24 2 -1 0
528 13 15 0 1
529 23 23 0 1
530 26 21 1 0
531 85 13 1 0
532 88 23 1 0
533 27 17 1 0
534 95 9 0 1
535 19 8 0 -1
536 62 7 -1 0
537 28 3 0 1
538 81 15 -1 0
539 27 22 0 1
540 37 15 -1 0
541 25 0 0 -1
542 2 28 0 -1
543 71 30 1 0
544 90 37 -1 0
545 21 36 0 -1
546 14 8 0 1
547 14 9 0 1
548 61 23 -1 0
549 23 27 0 -1
550 80 24 0 1
551 16 38 -1 0
552 41 11 0 -1
553 12 16 0 1
554 92 2 1 0
555 41 10 0 -1
556 75 12 -1 0
557 44 23 1 0
558 94 14 0 1
559 12 1 0 1
560 39 17 1 0
561 78 37 0 -1
562 38 1 0 -1
563 25 10 1 0
564 7 7 0 1
565 91 12 0 1
566 61 1 -1 0
567 52 4 0 -1
568 11 26 1 0
569 42 10 -1 0
570 6 30 0 -1
571 67 11 -1 0
572 46 3 1 0
573 53 34 0 -1
574 41 18 0 1
575 6 9 1 0
576 96 22 0 1
577 0 9 0 -1
578 59 37 0 -1
579 71 33 1 0
580 0 17 -1 0
581 72 11 0 1
582 46 8 0 1
583 41 31 0 -1
584 63 10 -1 0
585 20 7 0 -1
586 84 28 0 1
587 91 12 -1 0
588 49 17 -1 0
589 6 16 0 -1
590 95 31 -1 0
591 97 5 1 0
592 64 22 1 0
593 29 9 0 1
594 45 20 0 1
595 19 14 0 -1
596 38 0 1 0
597 49 5 1 0
598 43 20 0 -1
599 7 11 1 0
600 59 19 1 0
601 49 11 0 1
602 0 18 0 -1
603 19 32 -1 0
604 37 21 1 0
605 77 32 0 1
606 59 38 0 -1
607 48 4 0 -1
608 11 15 1 0
609 41 14 0 1
610 5 30 0 1
611 1 22 1 0
612 43 8 0 1
613 91 30 0 1
614 98 35 0 -1
615 12 5 -1 0
616 95 11 1 0
617 95 33 1 0
618 28 14 1 0
619 10 0 1 0
620 23 29 -1 0
621 80 39 1 0
622 16 38 1 0
623 39 13 0 -1
624 2 27 -1 0
625 86 30 -1 0
626 27 9 0 -1
627 98 32 0 1
628 5 10 -1 0
629 19 39 1 0
630 49 0 0 -1
631 55 21 -1 0
632 40 30 0 -1
633 91 23 1 0
634 36 30 0 -1
635 31 15 1 0
636 19 37 0 -1
637 54 3 -1 0
638 26 16 1 0
639 22 4 0 1
640 83 24 0 1
641 77 19 0 -1
642 29 12 0 -1
643 21 23 1 0
644 61 21 0 -1
645 86 16 0 -1
646 81 19 0 -1
647 24 19 1 0
648 16 38 -1 0
649 99 22 0 1
650 19 31 1 0
651 6 25 0 1
652 57 19 1 0
653 96 23 0 1
654 87 7 -1 0
655 43 30 -1 0
656 94 4 0 -1
657 28 4 1 0
658 55 6 0 1
659 84 35 1 0
660 83 3 0 -1
661 23 38 1 0
662 0 16 0 -1
663 27 4 0 -1
664 16 5 1 0
665 44 13 1 0
666 3 5 -1 0
667 99 15 1 0
668 65 28 -1 0
669 68 14 0 -1
670 74 1 0 -1
671 98 5 -1 0
672 5 30 0 -1
673 46 19 1 0
674 11 24 -1 0
675 62 12 1 0
676 92 7 0 -1
677 4 34 0 -1
678 54 36 -1 0
679 45 6 0 -1
680 53 5 -1 0
681 43 31 0 1
682 61 23 0 1
683 94 7 -1 0
684 46 20 0 -1
685 73 31 0 1
686 29 11 -1 0
687 20 1 0 -1
688 47 3 0 1
689 36 13 -1 0
690 16 8 1 0
691 19 3 0 -1
692 82 15 -1 0
693 13 30 0 -1
694 23 1 1 0
695 67 12 1 0
696 92 25 1 0
697 91 7 1 0
698 36 35 0 1
699 61 25 1 0
700 47 7 0 1
701 85 38 0 -1
702 65 5 0 1
703 0 8 0 -1
704 47 24 -1 0
705 46 21 1 0
706 16 13 -1 0
707 73 15 0 1
708 3 37 -1 0
709 75 34 0 -1
710 26 3 -1 0
711 15 8 0 -1
712 20 28 -1 0
713 19 28 1 0
714 5 18 -1 0
715 17 34 1 0
716 25 4 -1 0
717 18 13 0 -1
718 91 15 1 0
719 47 32 1 0
720 37 17 -1 0
721 95 15 0 1
722 97 39 -1 0
723 75 0 0 1
724 85 27 -1 0
725 48 29 1 0
726 83 9 0 -1
727 0 36 0 -1
728 48 1 0 1
729 6 27 1 0
730 3 11 0 1
731 73 1 -1 0
732 46 32 1 0
733 39 16 0 -1
734 41 15 0 1
735 94 8 0 -1
736 52 4 0 1
737 44 38 -1 0
738 70 16 0 1
739 31 5 1 0
740 3 17 -1 0
741 90 10 -1 0
742 42 34 -1 0
743 48 27 -1 0
744 39 11 -1 0
745 13 36 0 1
746 94 5 0 -1
747 85 17 0 -1
748 11 20 -1 0
749 54 34 0 -1
750 27 15 0 1
751 78 19 0 1
752 46 32 0 -1
753 12 31 -1 0
754 52 25 0 -1
755 18 24 0 1
756 49 28 -1 0
757 29 23 0 -1
758 20 29 0 -1
759 41 10 -1 0
760 28 5 0 -1
761 16 28 0 -1
762 45 23 0 1
763 78 32 1 0
764 94 31 1 0
765 96 39 1 0
766 18 17 0 1
767 23 2 0 -1
768 22 13 0 -1
769 99 15 0 1
770 88 23 -1 0
771 11 28 0 -1
772 97 30 -1 0
773 22 12 1 0
774 96 39 0 1
775 47 28 1 0
776 49 0 -1 0
777 6 4 0 1
778 53 13 1 0
779 83 23 0 1
780 42 25 0 -1
781 82 32 0 1
782 83 12 -1 0
783 27 11 -1 0
784 61 12 0 1
785 26 34 0 -1
786 19 39 1 0
787 41 18 0 -1
788 87 36 0 -1
789 57 34 0 1
790 27 3 0 1
791 30 9 0 1
792 62 17 0 1
793 68 35 -1 0
794 80 16 1 0
795 74 30 1 0
796 15 24 0 -1
797 40 34 0 1
798 92 27 -1 0
799 68 29 1 0
800 59 29 1 0
801 18 12 1 0
802 83 30 -1 0
803 15 15 1 0
804 94 31 -1 0
805 51 13 0 1
806 1 5 1 0
807 45 36 1 0
808 79 11 1 0
809 68 20 1 0
810 28 31 1 0
811 45 19 0 -1
812 45 13 0 1
813 39 39 0 -1
814 29 21 -1 0
815 82 26 0 1
816 58 7 1 0
817 14 10 0 -1
818 5 35 0 -1
819 45 5 -1 0
820 21 30 0 -1
821 70 25 0 1
822 86 37 1 0
823 63 18 -1 0
824 43 26 -1 0
825 78 19 0 -1
826 83 34 0 -1
827 9 38 0 -1
828 69 6 0 1
829 96 28 0 -1
830 92 4 0 -1
831 54 33 0 -1
832 38 32 0 -1
833 53 13 0 -1
834 99 2 -1 0
835 4 18 0 1
836 76 15 1 0
837 75 39 -1 0
838 46 35 -1 0
839 3 5 -1 0
840 38 11 0 -1
841 15 5 -1 0
842 10 7 -1 0
843 13 39 1 0
844 0 30 -1 0
845 5 30 0 -1
846 37 6 1 0
847 27 4 1 0
848 51 35 0 1
849 43 7 0 1
850 23 16 1 0
851 44 10 0 -1
852 70 6 -1 0
853 60 10 0 -1
854 86 30 1 0
855 0 7 0 1
856 69 35 -1 0
857 69 22 1 0
858 52 21 -1 0
859 39 24 -1 0
860 67 30 0 -1
861 22 30 -1 0
862 46 25 -1 0
863 64 33 1 0
864 99 5 1 0
865 12 39 1 0
866 81 4 0 1
867 42 33 0 1
868 44 10 -1 0
869 19 25 0 1
870 93 0 0 1
871 23 10 0 1
872 51 32 -1 0
873 62 3 0 -1
874 20 15 0 1
875 83 11 0 -1
876 66 9 0 -1
877 42 24 -1 0
878 5 1 0 1
879 32 26 0 1
880 28 1 -1 0
881 4 22 1 0
882 12 7 0 1
883 23 6 0 -1
884 49 10 -1 0
885 98 10 0 1
886 6 31 0 1
887 69 1 0 -1
888 17 6 -1 0
889 40 1 1 0
890 30 28 0 -1
891 10 16 0 1
892 6 20 1 0
893 23 32 0 1
894 43 21 0 -1
895 94 7 1 0
896 17 0 -1 0
897 8 6 1 0
898 47 19 1 0
899 24 25 0 1
900 57 30 0 -1
901 3 33 0 1
902 94 4 0 1
903 80 17 1 0
904 20 27 -1 0
905 0 11 0 1
906 2 25 0 -1
907 4 19 0 -1
908 9 9 -1 0
909 84 10 0 1
910 18 12 0 1
911 78 16 0 -1
912 17 24 0 1
913 7 18 1 0
914 73 0 0 1
915 18 21 0 1
916 3 9 -1 0
917 91 30 -1 0
918 27 17 1 0
919 13 39 1 0
920 1 34 -1 0
921 91 32 0 -1
922 15 38 1 0
923 92 31 0 1
924 43 23 0 -1
925 18 5 0 -1
926 68 23 -1 0
927 16 33 -1 0
928 87 8 1 0
929 55 36 0 -1
930 99 16 0 -1
931 22 30 -1 0
932 41 12 -1 0
933 84 5 0 -1
934 59 16 0 -1
935 42 39 0 -1
936 25 3 0 -1
937 76 16 0 -1
938 90 12 1 0
939 38 36 0 1
940 17 25 -1 0
941 37 38 1 0
942 53 4 0 -1
943 38 22 0 1
944 20 20 0 1
945 56 3 1 0
946 24 17 0 1
947 1 2 0 1
948 5 13 0 1
949 56 7 1 0
950 21 23 1 0
951 88 38 1 0
952 22 39 -1 0
953 80 24 0 1
954 44 39 0 1
955 12 20 0 -1
956 39 37 -1 0
957 41 2 0 1
958 25 39 1 0
959 13 3 0 -1
960 97 39 0 1
961 6 10 0 1
962 0 4 0 -1
963 12 18 0 -1
964 91 4 1 0
965 9 7 -1 0
966 89 17 0 -1
967 4 0 0 -1
968 76 33 0 -1
969 61 12 1 0
970 18 3 -1 0
971 71 13 0 -1
972 11 37 1 0
973 8 15 1 0
974 39 3 -1 0
975 10 0 -1 0
976 43 32 0 -1
977 16 14 0 1
978 48 20 0 -1
979 51 27 0 1
980 17 38 -1 0
981 47 12 0 1
982 97 26 -1 0
983 2 1 1 0
984 65 32 0 -1
985 26 39 0 1
986 1 27 0 -1
987 50 15 0 1
988 19 26 0 1
989 50 8 -1 0
990 85 31 1 0
991 13 6 1 0
992 64 36 -1 0
993 52 7 1 0
994 97 5 -1 0
995 22 4 1 0
996 22 18 0 -1
997 19 16 -1 0
998 23 34 0 -1
999 13 25 0 1
1000 57 6 0 1
1001 94 12 1 0
1002 90 9 0 -1
1003 21 13 0 1
1004 72 21 0 1
1005 80 37 0 -1
1006 42 12 0 -1
1007 84 4 1 0
1008 17 23 1 0
1009 31 38 -1 0
1010 77 16 -1 0
1011 20 3 0 1
1012 66 20 1 0
1013 8 13 0 -1
1014 0 30 -1 0
1015 7 5 0 1
1016 76 18 -1 0
1017 42 22 0 1
1018 5 35 0 1
1019 13 26 0 1
1020 41 0 -1 0
1021 96 13 0 -1
1022 84 34 -1 0
1023 88 25 1 0
1024 42 2 0 1
1025 16 20 1 0
1026 48 34 -1 0
1027 27 34 0 -1
1028 93 9 1 0
1029 28 18 0 1
1030 14 29 0 -1
1031 20 27 1 0
1032 19 34 0 1
1033 96 16 0 -1
1034 29 16 0 1
1035 47 30 0 1
1036 24 31 -1 0
1037 40 2 -1 0
1038 41 25 1 0
1039 75 25 0 -1
1040 2 28 0 1
1041 73 12 -1 0
1042 99 37 1 0
1043 28 10 0 -1
1044 54 16 0 1
1045 22 2 0 1
1046 45 2 -1 0
1047 36 24 0 1
1048 62 11 0 -1
1049 16 35 0 1
1050 23 27 -1 0
1051 13 28 0 -1
1052 99 10 -1 0
1053 75 9 0 1
1054 9 6 -1 0
1055 80 13 0 1
1056 26 14 0 1
1057 99 5 -1 0
1058 27 6 0 1
1059 26 37 -1 0
1060 46 1 -1 0
1061 78 38 -1 0
1062 92 26 1 0
1063 77 29 1 0
1064 94 6 0 -1
1065 19 19 0 1
1066 7 12 1 0
1067 53 1 0 1
1068 98 25 0 1
1069 94 15 0 -1
1070 54 21 1 0
1071 0 22 1 0
1072 5 29 0 1
1073 93 23 -1 0
1074 28 30 1 0
1075 23 34 1 0
1076 69 1 1 0
1077 21 6 0 -1
1078 67 37 0 1
1079 14 4 1 0
1080 6 13 0 -1
1081 76 26 0 1
1082 45 35 0 -1
1083 2 36 0 -1
1084 38 32 0 1
1085 69 39 -1 0
1086 24 11 1 0
1087 15 17 0 -1
1088 27 32 1 0
1089 87 5 0 -1
1090 67 28 0 -1
1091 92 34 -1 0
1092 45 29 0 -1
1093 78 23 0 -1
1094 39 16 0 1
1095 88 35 1 0
1096 52 17 -1 0
1097 15 11 0 1
1098 97 3 -1 0
1099 71 5 0 1
1100 76 36 1 0
1101 19 13 -1 0
1102 61 5 0 1
1103 28 17 -1 0
1104 47 13 -1 0
1105 77 20 0 1
1106 36 8 1 0
1107 70 19 1 0
1108 47 24 0 1
1109 59 15 0 -1
1110 78 24 0 -1
1111 42 26 -1 0
1112 6 14 0 -1
1113 18 17 0 -1
1114 18 11 -1 0
1115 22 10 -1 0
1116 27 32 -1 0
1117 12 15 0 1
1118 90 1 1 0
1119 23 27 0 1
1120 16 36 -1 0
1121 37 4 0 -1
1122 50 30 0 -1
1123 14 27 0 -1
1124 97 29 1 0
1125 5 11 -1 0
1126 11 7 0 1
1127 18 23 0 -1
1128 44 10 0 1
1129 42 31 0 -1
1130 53 19 -1 0
1131 2 29 0 -1
1132 0 4 0 -1
1133 26 18 -1 0
1134 5 29 0 1
1135 50 19 1 0
1136 19 26 0 1
1137 39 20 -1 0
1138 60 34 0 -1
1139 75 9 -1 0
1140 37 23 -1 0
1141 44 35 1 0
1142 90 11 -1 0
1143 57 14 1 0
1144 2 11 0 1
1145 6 24 1 0
1146 43 11 1 0
1147 48 11 -1 0
1148 11 20 1 0
1149 41 17 -1 0
1150 99 3 0 1
1151 74 26 1 0
1152 80 12 0 1
1153 50 18 1 0
1154 46 15 -1 0
1155 84 7 -1 0
1156 60 14 0 1
1157 73 35 0 1
1158 85 22 0 1
1159 4 36 0 -1
1160 90 31 0 -1
1161 27 5 0 -1
1162 51 3 0 1
1163 87 7 1 0
1164 17 28 -1 0
1165 26 3 0 1
1166 85 26 1 0
1167 8 29 -1 0
1168 12 34 0 1
1169 53 9 -1 0
1170 79 31 1 0
1171 64 39 -1 0
1172 36 5 1 0
1173 5 2 1 0
1174 3 29 0 1
1175 83 21 -1 0
1176 11 1 0 -1
1177 26 28 0 1
1178 4 20 0 1
1179 40 11 -1 0
1180 60 3 0 -1
1181 10 22 0 1
1182 98 20 -1 0
1183 14 39 0 1
1184 83 1 0 -1
1185 98 39 0 1
1186 43 8 0 -1
1187 77 15 1 0
1188 59 38 -1 0
1189 24 0 1 0
1190 20 14 0 1
1191 84 11 0 1
1192 50 28 1 0
1193 71 10 1 0
1194 59 29 1 0
1195 39 32 0 -1
1196 17 4 1 0
1197 21 6 1 0
1198 22 30 0 -1
1199 79 35 -1 0
1200 18 16 1 0
1201 24 26 0 1
1202 95 31 0 1
1203 7 32 0 1
1204 58 26 1 0
1205 31 18 0 1
1206 21 18 1 0
1207 25 5 0 1
1208 5 29 0 -1
1209 40 30 0 1
1210 11 29 0 -1
1211 8 2 1 0
1212 25 35 -1 0
1213 83 7 0 1
1214 28 12 0 -1
1215 32 17 0 1
1216 29 28 1 0
1217 39 3 -1 0
1218 62 2 1 0
1219 82 30 0 1
1220 21 32 0 -1
1221 39 18 0 -1
1222 26 30 0 -1
1223 7 26 -1 0
1224 91 37 -1 0
1225 84 11 1 0
1226 38 22 0 1
1227 68 30 1 0
1228 17 21 0 1
1229 75 30 -1 0
1230 9 24 -1 0
1231 0 30 1 0
1232 38 39 -1 0
1233 90 3 0 1
1234 9 22 0 -1
1235 76 14 0 1
1236 74 13 0 -1
1237 93 37 -1 0
1238 30 6 1 0
1239 77 7 -1 0
1240 54 13 0 -1
1241 57 17 1 0
1242 37 29 0 -1
1243 86 17 -1 0
1244 38 20 -1 0
1245 19 19 0 -1
1246 43 13 0 -1
1247 59 23 1 0
1248 12 4 0 -1
1249 15 26 0 1
1250 25 19 0 -1
1251 88 14 -1 0
1252 46 16 -1 0
1253 4 39 0 1
1254 42 28 1 0
1255 26 12 0 1
1256 37 39 1 0
1257 48 36 0 -1
1258 56 21 0 -1
1259 41 16 0 1
1260 43 35 0 1
1261 81 13 0 -1
1262 56 39 0 1
1263 22 9 0 1
1264 37 8 0 1
1265 7 25 0 1
1266 8 31 0 1
1267 45 15 0 -1
1268 99 0 0 -1
1269 18 23 0 1
1270 16 22 -1 0
1271 15 38 0 -1
1272 8 25 -1 0
1273 15 33 1 0
1274 49 33 0 1
1275 1 14 -1 0
1276 46 8 0 -1
1277 17 24 0 1
1278 6 37 0 -1
1279 42 25 1 0
1280 37 8 1 0
1281 78 15 0 1
1282 10 4 1 0
1283 8 31 1 0
1284 73 8 1 0
1285 5 37 -1 0
1286 85 17 1 0
1287 27 38 -1 0
1288 37 36 1 0
1289 61 28 0 -1
1290 88 27 -1 0
1291 59 10 0 1
1292 56 30 0 -1
1293 75 11 1 0
1294 28 11 0 1
1295 22 28 -1 0
1296 65 34 0 1
1297 50 29 0 1
1298 89 30 -1 0
1299 42 35 1 0
1300 71 0 -1 0
1301 21 23 0 1
1302 55 30 0 -1
1303 85 24 0 1
1304 42 33 0 1
1305 0 36 1 0
1306 30 8 1 0
1307 51 35 1 0
1308 87 31 0 1
1309 63 1 0 1
1310 78 20 -1 0
1311 52 8 0 -1
1312 8 1 1 0
1313 1 36 0 -1
1314 38 17 0 -1
1315 45 36 -1 0
1316 15 14 -1 0
1317 97 15 1 0
1318 84 12 0 -1
1319 6 24 0 1
1320 58 0 0 -1
1321 49 3 1 0
1322 65 8 -1 0
1323 86 35 0 -1
1324 90 36 0 1
1325 0 22 0 1
1326 68 27 1 0
1327 49 25 1 0
1328 74 8 0 -1
1329 72 14 0 1
1330 40 9 1 0
1331 1 37 0 -1
1332 10 24 0 -1
1333 67 33 -1 0
1334 94 12 0 1
1335 12 0 0 -1
1336 72 29 0 -1
1337 81 39 0 -1
1338 49 36 -1 0
1339 71 34 0 -1
1340 49 4 -1 0
1341 25 31 1 0
1342 99 4 -1 0
1343 82 32 0 -1
1344 8 37 -1 0
1345 21 7 0 -1
1346 51 31 0 1
1347 13 7 -1 0
1348 89 37 -1 0
1349 48 0 1 0
1350 14 37 0 -1
1351 25 2 1 0
1352 69 5 0 1
1353 26 3 1 0
1354 30 29 1 0
1355 99 30 0 -1
1356 29 12 -1 0
1357 72 26 0 1
1358 90 17 0 1
1359 46 37 1 0
1360 18 8 0 -1
1361 53 36 -1 0
1362 89 15 0 -1
1363 62 24 1 0
1364 20 37 -1 0
1365 37 29 -1 0
1366 98 3 0 -1
1367 38 30 0 1
1368 4 15 -1 0
1369 54 37 1 0
1370 93 24 0 1
1371 89 17 -1 0
1372 40 36 0 -1
1373 21 34 1 0
1374 20 15 1 0
1375 11 5 0 -1
1376 65 30 1 0
1377 68 13 1 0
1378 78 6 1 0
1379 8 0 0 1
1380 88 32 1 0
1381 65 24 0 -1
1382 22 9 1 0
1383 15 3 0 -1
1384 44 31 0 1
1385 45 28 0 1
1386 64 22 0 1
1387 40 15 0 -1
1388 9 14 0 1
1389 40 15 -1 0
1390 50 37 0 -1
1391 39 8 0 1
1392 18 29 0 -1
1393 6 31 0 -1
1394 39 26 -1 0
1395 82 9 1 0
1396 27 28 -1 0
1397 44 9 -1 0
1398 3 9 0 1
1399 38 7 1 0
1400 57 37 -1 0
1401 25 20 1 0
1402 87 16 0 -1
1403 39 6 -1 0
1404 39 30 0 -1
1405 22 33 0 1
1406 97 32 -1 0
1407 4 12 0 1
1408 37 3 1 0
1409 57 34 1 0
1410 23 3 0 -1
1411 54 29 -1 0
1412 55 25 0 -1
1413 37 30 0 -1
1414 1 36 0 -1
1415 72 37 -1 0
1416 20 18 0 -1
1417 52 15 0 -1
1418 25 11 0 1
1419 60 17 0 -1
1420 42 12 0 1
1421 95 8 1 0
1422 21 0 1 0
1423 96 14 1 0
1424 95 19 0 -1
1425 19 30 0 -1
1426 7 7 1 0
1427 10 6 1 0
1428 26 12 -1 0
1429 5 13 1 0
1430 98 24 -1 0
1431 57 8 0 -1
1432 44 4 -1 0
1433 79 13 1 0
1434 15 9 0 1
1435 4 22 0 1
1436 84 32 1 0
1437 95 8 1 0
1438 79 19 -1 0
1439 49 39 -1 0
1440 71 17 0 -1
1441 19 29 -1 0
1442 85 27 0 -1
1443 15 38 -1 0
1444 8 9 1 0
1445 55 30 -1 0
1446 4 4 1 0
1447 47 23 0 1
1448 48 25 0 1
1449 45 38 0 -1
1450 96 19 -1 0
1451 18 0 0 1
1452 91 14 -1 0
1453 38 14 0 -1
1454 95 14 1 0
1455 37 1 -1 0
1456 77 26 0 1
1457 18 30 -1 0
1458 41 2 0 -1
1459 14 34 0 -1
1460 89 24 0 -1
1461 20 7 0 -1
1462 91 18 -1 0
1463 64 9 0 -1
1464 63 33 0 -1
1465 60 8 -1 0
1466 76 12 1 0
1467 80 33 0 -1
1468 93 7 0 1
1469 67 22 -1 0
1470 7 29 1 0
1471 69 27 -1 0
1472 22 6 0 -1
1473 26 35 1 0
1474 27 1 0 -1
1475 38 28 -1 0
1476 26 31 -1 0
1477 53 16 1 0
1478 43 31 0 -1
1479 38 14 1 0
1480 24 12 0 -1
1481 9 35 1 0
1482 39 8 -1 0
1483 19 4 0 -1
1484 23 34 0 -1
1485 72 18 -1 0
1486 60 4 0 -1
1487 45 4 0 -1
1488 93 10 -1 0
1489 42 32 0 -1
1490 97 14 0 -1
1491 30 27 0 -1
1492 80 25 1 0
1493 46 36 1 0
1494 98 34 1 0
1495 39 9 1 0
1496 90 9 1 0
1497 2 10 0 -1
1498 3 7 0 1
1499 76 4 0 -1
1500 55 6 1 0
1501 95 7 1 0
1502 72 27 -1 0
1503 24 19 1 0
1504 2 32 -1 0
1505 16 33 0 1
1506 73 20 -1 0
1507 15 8 -1 0
1508 27 3 0 1
1509 21 26 1 0
1510 51 32 0 -1
1511 6 7 0 -1
1512 98 31 0 1
1513 16 1 0 -1
1514 89 24 -1 0
1515 10 11 0 1
1516 61 18 -1 0
1517 84 39 -1 0
1518 52 10 0 1
1519 46 20 0 -1
1520 26 17 1 0
1521 59 36 0 1
1522 76 24 0 1
1523 13 26 0 1
1524 26 17 0 -1
1525 29 4 0 1
1526 8 20 0 1
1527 30 0 -1 0
1528 63 23 1 0
1529 46 21 0 -1
1530 6 4 0 -1
1531 48 29 1 0
1532 6 6 0 1
1533 78 20 1 0
1534 28 4 1 0
1535 81 8 0 -1
1536 86 37 0 -1
1537 54 0 0 1
1538 63 16 0 -1
1539 47 29 -1 0
1540 70 21 0 1
1541 90 36 0 1
1542 3 20 0 1
1543 78 22 1 0
1544 96 33 0 1
1545 5 5 -1 0
1546 4 31 -1 0
1547 45 35 -1 0
1548 40 3 0 1
1549 47 19 -1 0
1550 46 16 1 0
1551 4 37 0 1
1552 20 12 0 -1
1553 79 32 1 0
1554 46 18 0 1
1555 21 36 -1 0
1556 43 17 0 -1
1557 77 36 0 1
1558 50 17 1 0
1559 3 4 0 -1
1560 55 11 1 0
1561 96 18 0 1
1562 95 7 0 -1
1563 59 37 1 0
1564 83 37 0 1
1565 86 23 1 0
1566 57 20 -1 0
1567 27 16 0 -1
1568 50 10 0 -1
1569 27 29 0 1
1570 43 27 0 1
1571 2 20 0 1
1572 13 0 -1 0
1573 50 37 -1 0
1574 21 15 0 1
1575 93 13 0 -1
1576 22 28 0 1
1577 28 20 1 0
1578 52 12 0 -1
1579 34 30 -1 0
1580 27 39 0 -1
1581 60 12 1 0
1582 43 14 0 1
1583 23 8 0 1
1584 9 37 1 0
1585 91 20 -1 0
1586 55 38 0 -1
1587 26 18 0 -1
1588 71 0 -1 0
1589 16 22 -1 0
1590 68 22 0 1
1591 15 26 1 0
1592 83 4 1 0
1593 56 35 0 -1
1594 98 32 0 1
1595 86 12 0 1
1596 77 0 -1 0
1597 18 7 1 0
1598 10 13 0 -1
1599 15 22 -1 0
1600 12 32 0 1
1601 62 33 0 1
1602 56 33 0 1
1603 41 28 0 1
1604 13 8 1 0
1605 29 19 0 -1
1606 19 11 0 -1
1607 81 3 0 1
1608 13 28 0 1
1609 74 15 1 0
1610 43 15 0 1
1611 28 32 0 -1
1612 44 6 -1 0
1613 10 36 -1 0
1614 77 16 0 -1
1615 89 8 0 1
1616 23 16 0 1
1617 22 15 0 1
1618 9 23 0 1
1619 27 25 1 0
1620 40 12 -1 0
1621 25 14 0 -1
1622 70 29 1 0
1623 74 36 0 1
1624 93 34 0 1
1625 9 16 1 0
1626 19 18 0 1
1627 26 18 0 -1
1628 40 23 0 1
1629 46 35 0 -1
1630 10 2 0 1
1631 1 29 0 1
1632 55 25 0 1
1633 85 20 -1 0
1634 9 38 0 -1
1635 92 8 -1 0
1636 63 3 0 -1
1637 25 15 0 1
1638 28 33 -1 0
1639 42 0 1 0
1640 30 4 0 1
1641 6 12 1 0
1642 5 31 0 -1
1643 3 15 1 0
1644 42 22 0 -1
1645 49 19 0 -1
1646 67 15 0 -1
1647 28 11 1 0
1648 98 39 0 1
1649 75 20 -1 0
1650 38 30 1 0
1651 15 6 -1 0
1652 48 19 0 1
1653 2 28 0 -1
1654 17 8 -1 0
1655 29 6 0 1
1656 7 14 0 -1
1657 49 38 1 0
1658 62 32 1 0
1659 45 26 -1 0
1660 83 26 0 -1
1661 22 27 1 0
1662 48 3 -1 0
1663 53 23 0 -1
1664 53 3 0 1
1665 88 29 1 0
1666 27 8 -1 0
1667 69 26 0 -1
1668 4 9 0 -1
1669 23 18 -1 0
1670 30 21 1 0
1671 91 6 0 -1
1672 61 29 0 -1
1673 17 23 1 0
1674 29 8 0 -1
1675 56 32 0 1
1676 55 7 1 0
1677 38 22 1 0
1678 24 0 1 0
1679 14 14 0 -1
1680 96 0 -1 0
1681 12 33 0 -1
1682 52 11 0 -1
1683 9 22 -1 0
1684 99 29 -1 0
1685 22 27 1 0
1686 61 33 0 -1
1687 6 29 1 0
1688 16 35 -1 0
1689 48 35 0 -1
1690 17 30 0 -1
1691 44 14 0 -1
1692 17 19 0 -1
1693 16 39 1 0
1694 0 3 -1 0
1695 40 12 0 1
1696 38 3 0 1
1697 21 5 -1 0
1698 9 12 0 -1
1699 87 25 0 1
1700 70 16 0 1
1701 46 1 1 0
1702 79 9 1 0
1703 14 18 1 0
1704 27 10 0 -1
1705 89 34 0 1
1706 54 38 0 -1
1707 37 31 -1 0
1708 93 39 -1 0
1709 62 12 -1 0
1710 23 30 -1 0
1711 7 13 -1 0
1712 90 29 1 0
1713 9 19 0 -1
1714 10 3 0 1
1715 45 4 -1 0
1716 28 10 -1 0
1717 38 24 0 -1
1718 36 31 0 -1
1719 26 34 1 0
1720 40 10 1 0
1721 21 26 1 0
1722 8 34 1 0
1723 24 26 1 0
1724 11 0 1 0
1725 39 38 0 1
1726 36 13 0 -1
1727 15 17 1 0
1728 2 9 0 1
1729 70 17 0 1
1730 47 20 0 -1
1731 12 12 -1 0
1732 6 28 0 -1
1733 90 17 0 1
1734 96 17 1 0
1735 51 27 0 1
1736 13 1 -1 0
1737 92 18 -1 0
1738 24 13 1 0
1739 43 11 0 1
1740 72 20 -1 0
1741 27 16 1 0
1742 98 36 0 -1
1743 55 33 0 -1
1744 59 25 0 1
1745 39 10 1 0
1746 64 18 0 1
1747 53 25 1 0
1748 3 3 -1 0
1749 49 11 -1 0
1750 51 2 0 -1
1751 83 17 0 1
1752 79 2 1 0
1753 94 23 0 -1
1754 29 28 1 0
1755 78 28 0 1
1756 29 15 -1 0
1757 10 19 0 1
1758 43 30 0 1
1759 44 11 -1 0
1760 6 31 0 -1
1761 30 12 0 1
1762 2 37 0 1
1763 79 31 0 1
1764 9 23 0 -1
1765 23 31 -1 0
1766 12 9 -1 0
1767 13 37 1 0
1768 46 35 0 1
1769 18 5 0 1
1770 12 8 1 0
1771 51 27 -1 0
1772 1 5 -1 0
1773 37 26 1 0
1774 19 25 0 1
1775 21 31 -1 0
1776 47 6 1 0
1777 97 35 1 0
1778 50 27 1 0
1779 22 25 1 0
1780 43 30 1 0
1781 55 27 1 0
1782 40 8 -1 0
1783 43 7 0 1
1784 30 34 0 1
1785 38 34 0 1
1786 23 3 1 0
1787 55 35 0 -1
1788 84 34 0 1
1789 25 6 0 1
1790 21 28 -1 0
1791 22 29 -1 0
1792 4 8 1 0
1793 23 13 0 1
1794 21 29 0 -1
1795 10 34 0 1
1796 98 19 -1 0
1797 26 35 -1 0
1798 52 34 0 1
1799 54 8 1 0
1800 18 18 1 0
1801 11 4 -1 0
1802 9 4 1 0
1803 4 12 -1 0
1804 89 10 -1 0
1805 11 8 -1 0
1806 26 17 0 1
1807 52 34 0 1
1808 40 5 1 0
1809 24 14 0 1
1810 97 20 -1 0
1811 63 29 0 -1
1812 50 16 -1 0
1813 93 5 0 1
1814 88 29 0 -1
1815 73 9 1 0
1816 48 28 -1 0
1817 43 5 0 -1
1818 25 12 0 1
1819 63 10 1 0
1820 91 21 1 0
1821 38 23 -1 0
1822 92 12 0 -1
1823 20 15 -1 0
1824 71 36 1 0
1825 16 17 1 0
1826 90 24 0 -1
1827 56 35 0 -1
1828 57 6 0 -1
1829 87 22 -1 0
1830 28 38 0 -1
1831 38 16 -1 0
1832 81 22 0 -1
1833 76 12 -1 0
1834 47 17 0 -1
1835 55 3 0 1
1836 91 21 -1 0
1837 47 36 1 0
1838 56 19 0 1
1839 92 9 0 -1
1840 84 12 -1 0
1841 14 25 0 1
1842 98 4 0 -1
1843 42 1 -1 0
1844 18 34 -1 0
1845 56 20 0 -1
1846 16 22 1 0
1847 21 14 -1 0
1848 2 16 0 -1
1849 42 2 -1 0
1850 53 27 0 -1
1851 8 34 -1 0
1852 7 26 0 1
1853 39 17 -1 0
1854 44 1 0 -1
1855 53 6 1 0
1856 52 9 -1 0
1857 61 0 1 0
1858 22 11 0 1
1859 30 32 0 -1
1860 87 10 0 1
1861 70 31 0 -1
1862 52 19 0 1
1863 2 39 0 -1
1864 13 36 0 -1
1865 94 22 1 0
1866 64 6 0 -1
1867 99 31 0 -1
1868 49 22 1 0
1869 64 33 1 0
1870 42 20 1 0
1871 26 8 -1 0
1872 18 14 1 0
1873 21 24 0 -1
1874 29 13 0 -1
1875 53 9 1 0
1876 44 31 -1 0
1877 47 0 0 1
1878 77 17 -1 0
1879 6 11 0 -1
1880 42 11 0 1
1881 93 14 1 0
1882 82 31 1 0
1883 77 13 -1 0
1884 59 8 1 0
1885 48 18 -1 0
1886 83 9 0 -1
1887 97 20 0 1
1888 51 34 0 -1
1889 8 37 0 -1
1890 68 22 -1 0
1891 22 0 0 -1
1892 78 19 -1 0
1893 91 8 -1 0
1894 52 27 0 1
1895 57 33 0 1
1896 91 0 1 0
1897 46 31 0 -1
1898 53 7 0 1
1899 7 15 1 0
1900 2 30 0 -1
1901 13 8 0 1
1902 71 7 1 0
1903 67 15 1 0
1904 71 37 0 -1
1905 61 19 0 1
1906 48 38 -1 0
1907 35 11 1 0
1908 25 39 0 -1
1909 84 6 1 0
1910 42 10 0 1
1911 23 28 1 0
1912 6 17 1 0
1913 25 19 0 1
1914 63 29 -1 0
1915 44 12 -1 0
1916 29 9 0 1
1917 39 6 0 -1
1918 9 33 0 -1
1919 96 32 -1 0
1920 57 36 0 -1
1921 87 30 -1 0
1922 56 23 0 1
1923 47 15 -1 0
1924 57 6 -1 0
1925 98 13 0 1
1926 45 14 1 0
1927 91 18 0 -1
1928 29 22 1 0
1929 12 26 1 0
1930 70 10 -1 0
1931 59 26 0 -1
1932 60 23 1 0
1933 75 0 0 1
1934 94 8 0 -1
1935 66 21 0 1
1936 65 12 0 -1
1937 30 7 0 1
1938 80 0 -1 0
1939 83 33 1 0
1940 38 23 0 -1
1941 18 36 -1 0
1942 67 3 1 0
1943 82 37 1 0
1944 93 16 1 0
1945 48 20 1 0
1946 58 9 0 1
1947 51 7 -1 0
1948 79 7 -1 0
1949 52 2 -1 0
1950 29 21 0 -1
1951 14 19 1 0
1952 19 5 0 -1
1953 79 0 1 0
1954 1 34 0 1
1955 83 9 1 0
1956 11 36 -1 0
1957 67 36 0 1
1958 19 38 0 1
1959 46 11 0 1
1960 84 3 1 0
1961 32 7 0 1
1962 14 27 0 -1
1963 48 21 -1 0
1964 3 14 -1 0
1965 13 19 0 -1
1966 94 5 0 -1
1967 82 10 0 1
1968 79 38 -1 0
1969 48 0 0 1
1970 94 31 1 0
1971 43 5 0 1
1972 41 8 -1 0
1973 83 3 0 -1
1974 13 9 0 1
1975 97 13 0 1
1976 65 2 1 0
1977 20 8 1 0
1978 8 30 1 0
1979 57 24 0 1
1980 37 4 0 1
1981 59 21 1 0
1982 19 14 0 -1
1983 63 36 1 0
1984 36 34 0 -1
1985 10 23 1 0
1986 68 4 0 1
1987 51 20 0 1
1988 47 14 1 0
1989 20 3 1 0
1990 13 6 0 -1
1991 5 34 0 -1
1992 57 0 0 -1
1993 7 26 1 0
1994 98 17 0 1
1995 2 22 1 0
1996 85 22 0 1
1997 3 15 0 -1
1998 9 12 0 1
1999 93 12 0 -1
2000 20 6 1 0
2001 95 37 0 1
2002 8 34 1 0
2003 39 27 0 1
2004 63 19 1 0
2005 79 32 1 0
2006 18 29 -1 0
2007 90 0 0 1
2008 13 21 0 1
2009 63 18 -1 0
2010 3 17 -1 0
2011 81 32 0 -1
2012 23 35 0 -1
2013 79 19 0 -1
2014 0 24 0 -1
2015 57 20 0 1
2016 9 19 1 0
2017 21 12 -1 0
2018 81 4 0 -1
2019 16 13 0 -1
2020 61 37 0 1
2021 18 25 1 0
2022 44 16 0 1
2023 61 37 -1 0
2024 42 9 -1 0
2025 4 6 0 -1
2026 21 36 0 -1
2027 3 18 0 1
2028 3 39 0 -1
2029 19 24 -1 0
2030 11 33 -1 0
2031 6 0 0 1
2032 96 10 -1 0
2033 48 10 0 1
2034 92 17 1 0
2035 26 26 0 1
2036 61 5 0 -1
2037 27 14 1 0
2038 75 33 0 -1
2039 98 22 1 0
2040 10 29 1 0
2041 90 31 0 -1
2042 83 16 0 -1
2043 91 6 1 0
2044 43 2 1 0
2045 2 22 0 1
2046 35 4 0 -1
2047 81 0 1 0
2048 73 4 0 1
2049 80 7 0 1
2050 38 35 -1 0
2051 58 0 0 -1
2052 47 17 0 1
2053 70 28 0 -1
2054 58 7 -1 0
2055 6 15 -1 0
2056 24 11 -1 0
2057 15 19 0 -1
2058 13 4 -1 0
2059 91 13 1 0
2060 23 33 -1 0
2061 79 21 0 1
2062 18 6 -1 0
2063 52 20 -1 0
2064 36 9 0 1
2065 98 24 -1 0
2066 50 18 -1 0
2067 86 34 -1 0
2068 1 29 -1 0
2069 43 21 0 1
2070 20 33 1 0
2071 23 5 0 1
2072 28 18 0 -1
2073 50 27 1 0
2074 74 30 1 0
2075 66 1 -1 0
2076 58 3 1 0
2077 80 33 -1 0
2078 46 10 0 -1
2079 86 9 1 0
2080 87 32 -1 0
2081 50 30 0 1
2082 88 37 0 -1
2083 6 1 0 1
2084 18 36 1 0
2085 6 9 0 1
2086 71 25 0 1
2087 68 10 1 0
2088 79 16 0 -1
2089 8 9 -1 0
2090 77 18 0 -1
2091 46 37 1 0
2092 55 30 1 0
2093 48 33 1 0
2094 76 28 0 1
2095 50 11 0 1
2096 49 37 -1 0
2097 29 31 1 0
2098 56 34 0 1
2099 28 32 -1 0
2100 42 3 -1 0
2101 59 1 1 0
2102 82 4 -1 0
2103 30 9 1 0
2104 78 15 0 -1
2105 70 31 -1 0
2106 77 3 1 0
2107 94 21 0 1
2108 88 18 1 0
2109 65 11 0 -1
2110 1 17 0 -1
2111 26 16 1 0
2112 40 37 1 0
2113 78 8 0 -1
2114 17 25 0 1
2115 41 17 0 -1
2116 46 18 -1 0
2117 69 26 0 1
2118 79 38 -1 0
2119 38 5 -1 0
2120 9 9 1 0
2121 16 25 0 -1
2122 60 5 0 1
2123 47 38 0 -1
2124 95 31 1 0
2125 1 6 0 -1
2126 73 4 0 -1
2127 62 38 -1 0
2128 99 17 -1 0
2129 23 14 1 0
2130 81 38 1 0
2131 20 28 0 1
2132 28 30 1 0
2133 68 25 0 -1
2134 38 8 -1 0
2135 88 33 0 1
2136 11 17 -1 0
2137 60 0 0 1
2138 3 20 -1 0
2139 21 11 -1 0
2140 43 2 -1 0
2141 45 19 0 1
2142 25 17 -1 0
2143 57 3 -1 0
2144 20 10 1 0
2145 88 28 0 -1
2146 58 7 -1 0
2147 63 15 1 0
2148 47 3 0 1
2149 25 22 0 -1
2150 93 23 -1 0
2151 92 39 0 -1
2152 15 13 0 1
2153 64 13 1 0
2154 69 8 -1 0
2155 15 1 1 0
2156 14 31 1 0
2157 84 31 1 0
2158 39 28 1 0
2159 31 37 -1 0
2160 10 14 0 1
2161 6 1 0 1
2162 98 35 1 0
2163 36 4 -1 0
2164 17 25 -1 0
2165 48 16 1 0
2166 94 14 0 1
2167 79 8 1 0
2168 17 39 0 -1
2169 7 30 1 0
2170 42 23 0 -1
2171 28 34 -1 0
2172 25 30 1 0
2173 58 2 1 0
2174 81 21 0 1
2175 97 11 0 1
2176 93 39 0 1
2177 37 26 0 -1
2178 26 21 0 1
2179 86 21 -1 0
2180 36 34 0 1
2181 62 30 0 1
2182 42 17 0 1
2183 66 39 0 -1
2184 4 32 0 1
2185 88 1 1 0
2186 81 5 0 1
2187 3 14 1 0
2188 39 1 0 1
2189 57 25 1 0
2190 14 4 -1 0
2191 65 32 1 0
2192 41 27 0 1
2193 61 20 0 1
2194 6 0 1 0
2195 40 7 0 1
2196 28 21 0 1
2197 94 21 -1 0
2198 71 7 -1 0
2199 6 23 0 -1
2200 9 25 -1 0
2201 98 31 0 -1
2202 56 29 -1 0
2203 18 25 1 0
2204 41 13 0 -1
2205 23 1 0 1
2206 79 7 0 1
2207 28 39 0 -1
2208 25 12 1 0
2209 40 9 0 1
2210 27 37 1 0
2211 13 28 0 1
2212 47 39 -1 0
2213 30 34 1 0
2214 49 15 -1 0
2215 7 1 1 0
2216 8 12 0 -1
2217 13 5 1 0
2218 43 25 0 1
2219 75 16 0 1
2220 27 26 -1 0
2221 87 38 1 0
2222 77 29 0 -1
2223 15 15 1 0
2224 59 7 0 -1
2225 36 1 1 0
2226 21 29 -1 0
2227 26 16 0 1
2228 63 28 0 -1
2229 28 11 -1 0
2230 75 38 0 -1
2231 24 13 -1 0
2232 77 7 -1 0
2233 27 26 0 1
2234 42 29 1 0
2235 79 18 -1 0
2236 74 12 0 1
2237 72 3 0 1
2238 13 1 0 -1
2239 90 34 0 1
2240 9 27 0 -1
2241 91 26 -1 0
2242 64 0 0 1
2243 92 9 0 -1
2244 49 0 0 1
2245 85 32 1 0
2246 56 7 -1 0
2247 12 20 0 -1
2248 48 38 1 0
2249 43 33 0 1
2250 80 6 0 -1
2251 83 10 -1 0
2252 66 24 -1 0
2253 61 33 0 1
2254 11 5 1 0
2255 92 23 0 -1
2256 20 6 0 -1
2257 69 8 0 1
2258 80 17 -1 0
2259 54 10 -1 0
2260 95 10 0 -1
2261 6 27 -1 0
2262 19 27 1 0
2263 49 37 0 1
2264 13 21 -1 0
2265 15 5 0 -1
2266 48 25 0 1
2267 14 27 0 -1
2268 30 24 0 1
2269 13 25 0 1
2270 23 14 1 0
2271 17 7 0 1
2272 22 17 0 -1
2273 71 15 0 1
2274 94 36 0 -1
2275 93 26 -1 0
2276 47 34 0 1
2277 87 2 0 1
2278 48 6 -1 0
2279 55 29 0 1
2280 8 11 -1 0
2281 65 9 0 1
2282 27 13 1 0
2283 40 29 0 -1
2284 55 38 1 0
2285 97 29 0 -1
2286 82 11 -1 0
2287 13 6 1 0
2288 67 12 1 0
2289 83 10 1 0
2290 39 30 1 0
2291 15 4 1 0
2292 17 17 1 0
2293 54 34 -1 0
2294 39 28 -1 0
2295 38 10 0 1
2296 19 39 1 0
2297 51 29 0 -1
2298 1 23 0 1
2299 91 2 -1 0
2300 70 29 0 1
2301 80 1 1 0
2302 58 9 -1 0
2303 4 19 0 1
2304 39 31 0 -1
2305 26 23 0 -1
2306 89 25 1 0
2307 10 22 1 0
2308 20 20 -1 0
2309 37 0 0 1
2310 11 22 0 1
2311 89 13 1 0
2312 65 11 -1 0
2313 12 6 -1 0
2314 49 20 0 -1
2315 43 9 -1 0
2316 40 30 0 1
2317 22 37 0 -1
2318 14 12 1 0
2319 49 7 0 -1
2320 91 14 0 1
2321 13 34 0 -1
2322 71 27 0 -1
2323 88 29 0 1
2324 22 10 0 -1
2325 43 23 0 1
2326 70 37 0 -1
2327 46 24 0 -1
2328 6 19 -1 0
2329 9 26 1 0
2330 91 5 1 0
2331 57 21 -1 0
2332 30 19 0 -1
2333 10 5 0 1
2334 76 5 1 0
2335 26 12 0 1
2336 15 4 -1 0
2337 26 19 0 -1
2338 27 7 0 -1
2339 3 12 0 -1
2340 39 23 1 0
2341 30 16 0 1
2342 12 30 0 1
2343 29 30 0 -1
2344 40 39 1 0
2345 51 36 -1 0
2346 93 24 0 1
2347 23 25 0 1
2348 71 14 0 -1
2349 61 6 0 1
2350 24 25 1 0
2351 50 23 -1 0
2352 77 29 0 1
2353 44 4 0 -1
2354 47 23 0 -1
2355 70 24 0 -1
2356 9 38 1 0
2357 20 29 0 1
2358 64 18 -1 0
2359 92 24 0 -1
2360 25 22 0 1
2361 25 2 0 1
2362 75 35 0 -1
2363 66 4 0 -1
2364 27 37 0 1
2365 30 25 1 0
2366 28 3 1 0
2367 59 2 1 0
2368 12 0 0 1
2369 90 9 1 0
2370 55 36 -1 0
2371 81 39 -1 0
2372 40 16 -1 0
2373 10 26 1 0
2374 43 20 1 0
2375 16 16 0 1
2376 52 18 -1 0
2377 69 14 0 -1
2378 19 35 0 1
2379 20 31 0 1
2380 79 17 0 1
2381 97 4 0 -1
2382 45 27 0 -1
2383 50 33 1 0
2384 85 21 0 1
2385 93 9 0 1
2386 67 15 1 0
2387 93 4 1 0
2388 38 7 0 1
2389 18 29 -1 0
2390 71 35 1 0
2391 14 15 -1 0
2392 18 11 0 1
2393 5 25 1 0
2394 23 16 -1 0
2395 1 6 0 1
2396 21 15 -1 0
2397 48 20 0 -1
2398 16 18 0 -1
2399 96 16 0 1
