0 45 37 1 0
1 62 24 0 -1
2 60 32 0 1
3 66 11 0 1
4 56 38 0 1
5 26 1 1 0
6 43 30 0 -1
7 71 35 -1 0
8 40 5 1 0
9 9 38 -1 0
10 81 6 1 0
11 91 32 0 1
12 15 26 0 1
13 23 37 -1 0
14 40 26 0 1
15 58 15 -1 0
16 31 7 0 -1
17 46 20 -1 0
18 86 34 0 1
19 41 12 0 1
20 82 9 0 -1
21 83 31 1 0
22 41 5 0 1
23 47 34 0 -1
24 96 21 0 -1
25 99 34 0 -1
26 29 28 0 -1
27 90 37 0 1
28 24 5 -1 0
29 68 34 0 -1
30 10 5 0 1
31 0 12 0 1
32 57 13 0 1
33 17 34 1 0
34 92 31 0 -1
35 16 17 -1 0
36 45 31 -1 0
37 91 23 0 -1
38 98 32 1 0
39 28 2 1 0
40 54 25 0 -1
41 61 29 1 0
42 48 0 -1 0
43 60 12 0 1
44 32 32 1 0
45 93 9 1 0
46 96 7 -1 0
47 94 30 1 0
48 7 0 1 0
49 89 10 -1 0
50 86 21 0 1
51 28 9 1 0
52 3 16 -1 0
53 13 5 -1 0
54 17 22 0 -1
55 46 19 1 0
56 89 30 0 1
57 97 11 0 1
58 47 4 0 -1
59 18 4 -1 0
60 96 15 1 0
61 66 2 0 1
62 11 21 0 -1
63 5 23 1 0
64 62 0 0 -1
65 21 13 0 1
66 89 24 0 -1
67 30 2 0 1
68 83 2 0 1
69 86 32 0 -1
70 81 15 -1 0
71 17 14 0 1
72 39 13 0 1
73 21 22 0 -1
74 35 28 -1 0
75 21 1 1 0
76 86 10 -1 0
77 90 38 1 0
78 49 19 -1 0
79 16 7 0 -1
80 20 7 0 1
81 98 13 0 -1
82 95 24 1 0
83 94 11 -1 0
84 76 31 0 1
85 84 33 0 1
86 94 25 -1 0
87 97 7 1 0
88 61 16 1 0
89 44 28 0 1
90 69 9 0 -1
91 40 27 0 -1
92 66 13 0 -1
93 47 24 0 1
94 54 16 1 0
95 7 36 0 1
96 41 17 1 0
97 67 17 -1 0
98 59 31 0 -1
99 38 31 1 0
100 19 0 0 -1
101 95 11 -1 0
102 85 8 1 0
103 51 18 -1 0
104 9 39 0 1
105 94 24 0 1
106 22 28 0 -1
107 39 24 1 0
108 7 25 0 1
109 48 36 1 0
110 23 4 1 0
111 49 0 -1 0
112 78 0 0 1
113 50 23 0 1
114 93 24 1 0
115 66 15 1 0
116 91 35 1 0
117 17 32 -1 0
118 60 26 1 0
119 95 28 1 0
120 51 23 1 0
121 6 5 0 1
122 58 30 0 1
123 25 0 -1 0
124 11 36 0 1
125 29 21 -1 0
126 94 22 -1 0
127 75 31 0 -1
128 13 25 0 -1
129 18 12 0 -1
130 97 8 0 -1
131 90 11 -1 0
132 1 13 -1 0
133 83 21 -1 0
134 41 37 0 -1
135 74 7 0 -1
136 20 12 -1 0
137 12 27 1 0
138 23 18 0 -1
139 48 9 1 0
140 9 31 -1 0
141 75 29 -1 0
142 6 34 1 0
143 83 29 -1 0
144 16 39 -1 0
145 72 23 1 0
146 41 39 0 1
147 60 2 0 -1
148 91 33 0 1
149 37 22 -1 0
150 98 11 -1 0
151 9 35 0 -1
152 51 3 0 1
153 7 24 -1 0
154 25 30 -1 0
155 89 2 -1 0
156 48 36 -1 0
157 28 21 0 1
158 96 14 -1 0
159 53 27 -1 0
160 38 10 0 1
161 37 29 0 -1
162 26 11 0 1
163 8 20 1 0
164 86 10 0 1
165 30 14 0 1
166 45 16 0 -1
167 97 12 -1 0
168 7 0 0 1
169 79 13 0 1
170 14 15 0 -1
171 99 39 0 -1
172 92 35 0 -1
173 65 3 0 1
174 4 23 0 -1
175 80 29 1 0
176 42 14 0 1
177 26 11 1 0
178 79 2 1 0
179 5 11 -1 0
180 60 7 0 1
181 23 27 0 -1
182 55 39 0 1
183 14 31 -1 0
184 25 1 -1 0
185 41 2 1 0
186 40 23 0 -1
187 68 15 -1 0
188 45 30 1 0
189 23 18 0 1
190 47 32 0 1
191 24 9 0 -1
192 56 31 0 1
193 23 30 0 1
194 86 3 0 1
195 77 34 0 1
196 8 2 0 1
197 40 34 -1 0
198 27 17 0 -1
199 57 3 -1 0
200 0 17 0 -1
201 96 9 1 0
202 26 33 0 -1
203 66 26 -1 0
204 30 10 -1 0
205 50 34 0 -1
206 99 16 1 0
207 7 39 1 0
208 70 17 1 0
209 46 21 0 -1
210 6 11 0 1
211 25 16 -1 0
212 1 35 1 0
213 13 12 -1 0
214 14 37 -1 0
215 27 15 1 0
216 97 11 1 0
217 57 0 -1 0
218 50 3 0 1
219 43 35 0 -1
220 42 15 0 -1
221 48 10 -1 0
222 98 20 1 0
223 61 34 -1 0
224 19 6 0 -1
225 64 1 1 0
226 98 18 -1 0
227 10 37 -1 0
228 15 9 1 0
229 26 16 1 0
230 21 28 0 1
231 2 7 1 0
232 27 12 1 0
233 11 29 1 0
234 26 4 0 -1
235 43 11 0 1
236 41 3 0 -1
237 99 34 0 -1
238 16 17 0 -1
239 76 16 -1 0
240 13 39 0 -1
241 39 13 0 1
242 77 29 0 1
243 0 34 0 1
244 39 36 -1 0
245 26 23 0 -1
246 6 0 1 0
247 93 19 0 1
248 84 1 0 1
249 26 36 -1 0
250 61 19 0 1
251 43 15 -1 0
252 46 6 0 1
253 28 34 1 0
254 98 18 -1 0
255 18 28 0 1
256 39 1 0 1
257 80 31 0 -1
258 49 23 0 -1
259 88 14 0 -1
260 2 15 -1 0
261 55 12 0 1
262 62 22 -1 0
263 28 10 1 0
264 80 7 0 1
265 87 11 1 0
266 84 34 0 -1
267 20 15 0 1
268 64 28 -1 0
269 11 19 0 1
270 80 12 0 -1
271 41 3 -1 0
272 7 19 0 1
273 76 11 1 0
274 13 4 1 0
275 36 2 0 1
276 27 36 1 0
277 17 26 0 -1
278 87 15 1 0
279 19 10 0 -1
280 91 11 0 1
281 10 26 -1 0
282 38 12 1 0
283 93 29 0 1
284 9 14 1 0
285 36 39 -1 0
286 64 35 0 -1
287 97 16 0 1
288 14 30 0 -1
289 46 22 0 1
290 93 19 -1 0
291 57 3 -1 0
292 52 1 1 0
293 73 14 1 0
294 2 14 0 1
295 43 14 -1 0
296 63 29 0 -1
297 22 15 -1 0
298 83 24 -1 0
299 43 3 0 -1
300 46 10 1 0
301 47 14 0 1
302 10 11 1 0
303 86 29 -1 0
304 37 23 0 1
305 46 25 0 -1
306 84 37 -1 0
307 16 34 1 0
308 15 3 0 1
309 82 34 0 -1
310 92 6 1 0
311 10 16 0 1
312 13 19 -1 0
313 50 19 -1 0
314 42 35 0 -1
315 17 3 0 -1
316 39 3 -1 0
317 29 27 1 0
318 15 16 -1 0
319 80 19 0 1
320 85 8 0 1
321 54 26 1 0
322 22 21 1 0
323 82 38 1 0
324 38 8 0 1
325 60 30 -1 0
326 7 29 -1 0
327 75 37 1 0
328 96 27 -1 0
329 92 12 0 -1
330 68 24 0 1
331 38 24 1 0
332 57 34 -1 0
333 94 3 0 -1
334 22 28 0 -1
335 13 6 1 0
336 89 22 0 1
337 99 36 0 1
338 45 27 0 1
339 20 11 0 -1
340 47 27 -1 0
341 80 29 -1 0
342 22 10 0 -1
343 38 15 0 1
344 49 36 0 1
345 22 23 -1 0
346 31 8 0 1
347 1 28 -1 0
348 21 27 0 1
349 82 14 0 1
350 18 32 0 1
351 70 32 -1 0
352 7 31 -1 0
353 15 30 1 0
354 92 27 0 1
355 86 6 0 1
356 50 37 1 0
357 90 11 0 -1
358 51 14 0 1
359 54 10 0 -1
360 75 9 -1 0
361 22 10 0 1
362 12 21 -1 0
363 45 1 -1 0
364 27 13 0 -1
365 43 22 -1 0
366 8 27 1 0
367 21 17 0 1
368 46 26 0 1
369 90 10 1 0
370 62 12 0 1
371 16 0 -1 0
372 42 27 0 -1
373 19 35 0 -1
374 51 35 1 0
375 62 12 0 -1
376 99 4 0 -1
377 76 8 1 0
378 22 11 -1 0
379 69 19 1 0
380 42 14 0 -1
381 69 3 1 0
382 45 37 -1 0
383 41 38 0 1
384 41 39 0 1
385 0 15 0 1
386 90 7 0 1
387 52 13 -1 0
388 24 21 -1 0
389 15 36 -1 0
390 3 1 -1 0
391 44 28 0 -1
392 83 21 1 0
393 17 28 -1 0
394 9 14 0 -1
395 45 0 -1 0
396 91 3 -1 0
397 28 22 -1 0
398 49 18 -1 0
399 49 16 0 1
400 19 3 0 -1
401 43 27 -1 0
402 13 29 -1 0
403 22 21 -1 0
404 50 23 1 0
405 15 7 0 -1
406 28 20 -1 0
407 41 14 0 1
408 10 33 -1 0
409 78 37 0 1
410 95 19 1 0
411 41 1 0 1
412 42 15 -1 0
413 1 32 1 0
414 31 6 0 1
415 7 27 -1 0
416 41 20 1 0
417 84 31 1 0
418 57 3 0 -1
419 0 22 0 1
420 29 22 -1 0
421 84 14 0 1
422 97 16 0 1
423 28 22 0 -1
424 41 6 0 1
425 55 20 -1 0
426 88 16 1 0
427 63 12 -1 0
428 99 35 1 0
429 31 39 0 1
430 5 20 -1 0
431 57 2 1 0
432 4 28 -1 0
433 83 16 -1 0
434 4 4 -1 0
435 52 10 -1 0
436 37 34 0 1
437 39 3 0 -1
438 89 16 1 0
439 53 22 0 1
440 6 25 0 -1
441 73 39 1 0
442 80 5 0 1
443 49 32 1 0
444 94 36 1 0
445 21 37 0 -1
446 49 27 0 1
447 31 0 1 0
448 43 0 0 1
449 43 24 -1 0
450 5 19 0 1
451 55 20 0 -1
452 1 13 0 1
453 12 1 0 -1
454 43 17 1 0
455 20 32 1 0
456 5 16 1 0
457 97 36 0 -1
458 58 14 0 -1
459 96 24 0 1
460 35 4 1 0
461 43 2 0 1
462 1 7 0 -1
463 82 9 0 -1
464 2 11 0 -1
465 26 22 1 0
466 47 26 0 1
467 26 26 1 0
468 10 29 0 -1
469 31 11 1 0
470 16 36 0 1
471 89 20 0 1
472 18 4 1 0
473 6 22 1 0
474 30 1 0 -1
475 38 12 -1 0
476 99 17 0 -1
477 75 21 -1 0
478 57 0 0 -1
479 40 23 -1 0
480 52 26 0 -1
481 75 29 -1 0
482 53 17 1 0
483 40 18 0 -1
484 95 25 -1 0
485 28 4 0 1
486 52 7 -1 0
487 11 21 1 0
488 51 12 -1 0
489 99 23 0 1
490 2 31 0 -1
491 45 9 0 1
492 94 21 0 -1
493 12 21 -1 0
494 54 9 0 1
495 90 4 -1 0
496 88 27 1 0
497 19 2 0 -1
498 23 27 1 0
499 55 39 0 -1
500 24 29 0 -1
501 47 28 1 0
502 22 34 0 -1
503 15 24 -1 0
504 5 11 0 -1
505 38 25 -1 0
506 85 1 0 1
507 43 14 0 1
508 38 38 0 -1
509 34 20 1 0
510 87 35 -1 0
511 24 10 0 1
512 38 8 0 1
513 47 28 0 1
514 17 19 -1 0
515 8 37 -1 0
516 74 30 0 -1
517 4 38 -1 0
518 49 2 0 -1
519 95 14 -1 0
520 44 19 0 1
521 98 21 0 -1
522 37 7 0 -1
523 69 14 1 0
524 54 18 -1 0
525 75 12 1 0
526 52 12 -1 0
527 27 4 0 1
528 18 13 1 0
529 75 7 0 -1
530 70 17 1 0
531 49 24 -1 0
532 87 5 1 0
533 21 37 -1 0
534 44 23 0 -1
535 17 29 0 -1
536 15 16 -1 0
537 28 11 1 0
538 76 4 1 0
539 24 16 0 -1
540 54 16 1 0
541 1 2 1 0
542 86 6 0 1
543 5 26 -1 0
544 7 36 -1 0
545 15 14 -1 0
546 23 6 -1 0
547 98 32 -1 0
548 42 8 1 0
549 28 17 0 -1
550 49 24 0 1
551 96 37 0 1
552 40 22 1 0
553 82 20 1 0
554 47 4 0 1
555 75 17 1 0
556 20 33 0 -1
557 83 36 0 -1
558 96 7 0 1
559 22 33 -1 0
560 71 21 1 0
561 88 22 0 -1
562 37 38 1 0
563 7 27 0 -1
564 23 21 -1 0
565 1 29 1 0
566 42 7 -1 0
567 81 12 -1 0
568 69 7 0 1
569 85 9 -1 0
570 95 5 1 0
571 60 20 -1 0
572 71 17 1 0
573 55 23 0 1
574 39 19 0 -1
575 19 11 1 0
576 55 3 -1 0
577 60 22 -1 0
578 71 34 -1 0
579 59 29 -1 0
580 75 22 0 1
581 19 5 0 1
582 47 24 0 -1
583 68 29 1 0
584 74 3 1 0
585 27 32 -1 0
586 41 37 0 1
587 54 1 1 0
588 62 19 -1 0
589 0 10 0 -1
590 4 12 1 0
591 0 23 0 -1
592 55 38 0 -1
593 27 27 -1 0
594 2 24 1 0
595 21 17 -1 0
596 79 16 0 1
597 36 31 0 1
598 43 22 0 1
599 26 34 0 -1
600 83 2 0 -1
601 44 26 0 1
602 28 16 -1 0
603 54 34 -1 0
604 43 29 0 1
605 95 18 0 -1
606 50 14 0 -1
607 39 18 -1 0
608 9 33 -1 0
609 50 36 -1 0
610 63 33 0 -1
611 97 4 -1 0
612 48 12 0 -1
613 79 17 0 1
614 11 22 0 1
615 24 35 0 1
616 0 14 0 -1
617 56 27 -1 0
618 20 28 0 -1
619 22 14 1 0
620 67 38 0 -1
621 19 11 0 -1
622 55 7 0 1
623 85 35 1 0
624 19 26 0 1
625 3 7 0 -1
626 28 5 0 -1
627 86 19 1 0
628 7 1 -1 0
629 15 30 0 -1
630 2 16 1 0
631 41 27 -1 0
632 96 33 1 0
633 61 26 0 -1
634 45 14 0 -1
635 27 5 -1 0
636 85 31 -1 0
637 90 35 0 -1
638 29 12 0 -1
639 12 10 0 -1
640 4 12 0 1
641 88 27 0 -1
642 20 26 0 1
643 23 21 1 0
644 1 10 0 -1
645 41 1 0 -1
646 86 39 0 1
647 24 1 -1 0
648 28 2 -1 0
649 84 35 0 1
650 0 4 1 0
651 84 2 1 0
652 81 36 1 0
653 61 13 1 0
654 49 24 1 0
655 36 23 1 0
656 73 36 0 1
657 29 29 0 1
658 77 6 -1 0
659 70 6 -1 0
660 40 26 0 -1
661 11 5 0 -1
662 71 0 0 1
663 27 39 0 -1
664 44 7 0 1
665 48 26 1 0
666 92 24 0 -1
667 18 7 1 0
668 53 23 0 -1
669 41 27 1 0
670 93 38 0 -1
671 64 36 1 0
672 7 16 0 1
673 41 39 1 0
674 95 18 0 1
675 17 37 -1 0
676 8 10 1 0
677 87 36 1 0
678 97 31 1 0
679 9 25 1 0
680 37 27 0 -1
681 53 6 0 1
682 63 25 1 0
683 89 9 0 -1
684 14 28 0 1
685 69 39 0 -1
686 11 14 1 0
687 28 3 1 0
688 46 11 -1 0
689 37 25 0 1
690 17 11 -1 0
691 98 6 -1 0
692 13 33 0 -1
693 29 23 1 0
694 3 21 1 0
695 57 10 1 0
696 65 4 1 0
697 46 8 1 0
698 46 36 0 -1
699 53 29 0 1
700 68 12 -1 0
701 86 9 -1 0
702 46 11 0 -1
703 82 24 0 1
704 97 25 0 1
705 81 2 -1 0
706 11 12 1 0
707 21 12 1 0
708 79 20 1 0
709 69 24 0 1
710 24 0 1 0
711 77 26 0 -1
712 16 19 0 1
713 24 22 0 -1
714 90 0 1 0
715 28 5 0 -1
716 9 31 0 1
717 96 37 0 1
718 48 8 -1 0
719 54 14 0 -1
720 39 20 0 -1
721 2 18 -1 0
722 98 3 1 0
723 63 31 0 1
724 79 27 1 0
725 97 9 0 -1
726 91 6 0 1
727 39 37 0 -1
728 67 15 0 -1
729 23 8 1 0
730 87 27 0 1
731 67 20 1 0
732 40 31 1 0
733 40 14 0 -1
734 68 27 1 0
735 85 27 1 0
736 51 36 0 1
737 37 22 -1 0
738 51 21 0 -1
739 18 2 0 1
740 13 33 0 1
741 82 20 0 -1
742 84 17 0 -1
743 45 7 0 1
744 78 26 0 -1
745 16 9 -1 0
746 94 24 -1 0
747 97 32 -1 0
748 9 16 0 -1
749 15 9 -1 0
750 22 36 1 0
751 45 3 -1 0
752 80 20 0 1
753 15 17 1 0
754 74 18 1 0
755 27 20 0 -1
756 50 21 0 -1
757 96 5 0 -1
758 5 10 1 0
759 43 35 -1 0
760 26 0 1 0
761 13 24 -1 0
762 91 10 -1 0
763 61 27 -1 0
764 92 31 0 1
765 74 20 -1 0
766 27 4 1 0
767 1 18 0 1
768 19 9 0 1
769 50 30 0 1
770 7 11 0 -1
771 87 25 1 0
772 99 7 1 0
773 24 38 0 -1
774 25 9 1 0
775 13 35 0 -1
776 46 3 -1 0
777 1 22 -1 0
778 41 18 0 1
779 7 3 1 0
780 10 8 0 -1
781 98 27 0 -1
782 80 25 0 -1
783 17 11 -1 0
784 72 10 0 -1
785 26 6 0 1
786 73 9 0 1
787 41 4 -1 0
788 42 1 0 1
789 90 1 0 -1
790 17 2 -1 0
791 30 31 -1 0
792 49 14 -1 0
793 39 9 1 0
794 89 28 -1 0
795 45 21 1 0
796 18 36 0 -1
797 40 30 1 0
798 77 33 0 -1
799 14 0 1 0
800 57 36 0 1
801 20 24 0 -1
802 52 10 0 1
803 2 31 0 1
804 22 26 1 0
805 60 31 0 1
806 18 7 1 0
807 80 27 0 1
808 29 16 0 -1
809 40 3 1 0
810 0 33 0 -1
811 42 33 -1 0
812 46 6 0 1
813 36 39 0 1
814 31 9 1 0
815 91 33 1 0
816 97 1 -1 0
817 4 0 1 0
818 89 37 0 -1
819 71 3 0 1
820 28 23 0 -1
821 54 13 0 -1
822 5 13 -1 0
823 89 20 0 -1
824 42 31 1 0
825 45 18 0 1
826 51 6 0 1
827 5 32 -1 0
828 80 2 1 0
829 40 17 0 -1
830 13 33 -1 0
831 54 26 -1 0
832 66 33 -1 0
833 75 38 0 -1
834 48 13 0 -1
835 3 34 -1 0
836 81 38 1 0
837 71 39 0 -1
838 22 1 1 0
839 17 32 -1 0
840 36 34 0 1
841 28 28 0 -1
842 93 39 0 -1
843 14 4 0 1
844 92 6 -1 0
845 26 34 0 1
846 37 35 1 0
847 27 1 0 -1
848 17 19 0 1
849 75 32 0 -1
850 23 32 -1 0
851 63 12 1 0
852 19 25 -1 0
853 89 34 1 0
854 0 4 1 0
855 13 32 0 1
856 88 19 -1 0
857 78 26 0 -1
858 97 23 1 0
859 39 30 1 0
860 57 12 0 1
861 13 0 -1 0
862 24 1 -1 0
863 83 34 -1 0
864 87 2 0 -1
865 68 11 0 -1
866 47 32 -1 0
867 44 37 1 0
868 61 1 0 -1
869 24 6 0 1
870 87 9 -1 0
871 13 20 0 -1
872 45 34 -1 0
873 98 20 -1 0
874 24 14 0 1
875 39 20 1 0
876 96 13 -1 0
877 44 39 -1 0
878 1 5 0 1
879 32 23 0 -1
880 29 3 1 0
881 91 4 -1 0
882 22 13 -1 0
883 14 15 0 -1
884 58 21 0 1
885 94 4 1 0
886 48 14 1 0
887 63 16 0 1
888 4 5 0 1
889 45 36 0 -1
890 32 5 1 0
891 25 25 1 0
892 19 29 0 -1
893 20 11 -1 0
894 42 18 -1 0
895 4 24 1 0
896 18 24 -1 0
897 70 39 0 1
898 35 21 -1 0
899 10 27 1 0
900 68 37 0 -1
901 92 34 0 -1
902 93 27 1 0
903 78 24 0 1
904 15 13 -1 0
905 16 29 -1 0
906 24 28 0 -1
907 87 22 -1 0
908 3 6 0 1
909 63 33 0 1
910 8 0 0 1
911 85 33 0 1
912 8 23 1 0
913 93 24 -1 0
914 22 23 -1 0
915 8 26 -1 0
916 59 24 0 1
917 26 31 -1 0
918 29 14 -1 0
919 20 3 0 1
920 4 9 0 1
921 5 7 0 -1
922 0 12 1 0
923 75 28 1 0
924 51 2 1 0
925 22 27 -1 0
926 99 26 0 -1
927 27 23 0 1
928 76 31 1 0
929 42 2 0 -1
930 70 1 0 -1
931 50 28 1 0
932 52 23 0 -1
933 16 33 -1 0
934 91 24 1 0
935 90 38 0 1
936 75 16 0 1
937 44 0 1 0
938 62 35 0 -1
939 65 28 0 1
940 85 4 1 0
941 42 25 0 1
942 78 21 0 -1
943 52 27 0 1
944 25 39 0 1
945 42 7 1 0
946 16 11 1 0
947 38 33 0 -1
948 43 24 0 1
949 42 27 1 0
950 11 18 -1 0
951 86 10 1 0
952 4 25 -1 0
953 85 30 0 1
954 51 13 0 1
955 76 36 0 1
956 39 25 1 0
957 46 38 -1 0
958 8 28 0 1
959 50 13 1 0
960 60 17 -1 0
961 78 8 0 -1
962 43 3 0 -1
963 75 2 1 0
964 74 1 -1 0
965 87 4 1 0
966 23 22 1 0
967 68 3 0 -1
968 41 25 -1 0
969 75 27 1 0
970 24 16 0 -1
971 4 15 1 0
972 27 39 1 0
973 16 24 1 0
974 36 16 0 -1
975 12 30 1 0
976 39 18 0 1
977 27 0 -1 0
978 88 3 -1 0
979 56 26 0 1
980 17 6 -1 0
981 21 5 0 1
982 3 16 -1 0
983 22 33 -1 0
984 47 34 -1 0
985 6 34 0 1
986 11 32 0 -1
987 40 13 -1 0
988 23 2 -1 0
989 61 3 0 1
990 91 33 0 1
991 86 1 0 -1
992 46 29 0 1
993 8 11 -1 0
994 78 35 0 -1
995 97 38 -1 0
996 25 8 -1 0
997 13 25 0 1
998 21 33 0 1
999 87 23 -1 0
1000 0 22 0 1
1001 84 9 1 0
1002 80 20 1 0
1003 3 25 1 0
1004 82 35 -1 0
1005 72 5 0 -1
1006 44 27 0 -1
1007 38 14 0 -1
1008 16 7 0 -1
1009 22 33 1 0
1010 84 3 0 -1
1011 97 36 1 0
1012 80 36 -1 0
1013 28 25 1 0
1014 44 19 -1 0
1015 2 25 0 -1
1016 80 34 1 0
1017 41 22 0 1
1018 20 27 1 0
1019 20 16 1 0
1020 40 3 1 0
1021 75 11 1 0
1022 95 8 1 0
1023 74 9 -1 0
1024 86 13 -1 0
1025 20 21 0 1
1026 6 20 1 0
1027 29 30 0 -1
1028 78 35 -1 0
1029 93 6 1 0
1030 0 39 1 0
1031 82 12 1 0
1032 92 16 -1 0
1033 70 34 1 0
1034 27 28 1 0
1035 57 24 0 1
1036 20 4 -1 0
1037 3 4 1 0
1038 82 39 0 -1
1039 68 4 1 0
1040 24 6 0 -1
1041 52 8 1 0
1042 92 12 -1 0
1043 14 33 -1 0
1044 40 8 1 0
1045 4 16 0 1
1046 55 17 1 0
1047 38 29 0 1
1048 70 12 1 0
1049 7 10 0 1
1050 15 10 0 1
1051 15 24 0 1
1052 2 13 0 1
1053 14 21 -1 0
1054 22 8 0 1
1055 96 39 1 0
1056 13 0 0 1
1057 24 17 0 -1
1058 24 36 0 1
1059 26 12 0 -1
1060 42 33 0 1
1061 63 23 1 0
1062 88 15 1 0
1063 50 22 -1 0
1064 90 4 0 1
1065 25 33 0 1
1066 90 25 -1 0
1067 49 33 0 -1
1068 85 27 -1 0
1069 65 35 -1 0
1070 76 29 0 -1
1071 70 14 1 0
1072 51 38 -1 0
1073 10 35 -1 0
1074 19 14 0 1
1075 10 39 0 1
1076 23 35 1 0
1077 86 14 1 0
1078 8 19 0 1
1079 18 31 0 -1
1080 85 0 -1 0
1081 97 34 0 1
1082 45 8 1 0
1083 5 30 0 -1
1084 56 25 0 -1
1085 24 4 0 1
1086 3 38 0 1
1087 7 10 1 0
1088 19 37 1 0
1089 13 0 1 0
1090 96 1 -1 0
1091 1 2 -1 0
1092 53 10 0 1
1093 74 13 0 1
1094 46 28 0 1
1095 94 17 -1 0
1096 46 31 1 0
1097 98 39 0 1
1098 67 8 -1 0
1099 81 9 0 1
1100 18 3 -1 0
1101 14 23 0 1
1102 14 9 1 0
1103 26 32 -1 0
1104 87 34 0 1
1105 89 9 0 1
1106 39 1 -1 0
1107 41 13 1 0
1108 43 27 -1 0
1109 66 27 0 1
1110 93 11 0 1
1111 45 15 1 0
1112 68 14 1 0
1113 12 11 0 1
1114 66 26 1 0
1115 94 10 -1 0
1116 9 2 0 1
1117 99 10 1 0
1118 56 28 1 0
1119 24 7 1 0
1120 17 14 -1 0
1121 48 25 -1 0
1122 42 1 0 1
1123 5 9 0 1
1124 77 17 -1 0
1125 88 27 1 0
1126 11 3 0 1
1127 82 33 0 -1
1128 73 9 0 1
1129 76 29 -1 0
1130 52 38 -1 0
1131 37 19 1 0
1132 56 31 0 1
1133 94 39 0 1
1134 90 20 1 0
1135 54 28 1 0
1136 20 30 0 1
1137 69 20 0 1
1138 89 5 1 0
1139 70 37 0 -1
1140 56 13 0 1
1141 74 27 0 1
1142 93 39 0 -1
1143 21 24 0 -1
1144 8 11 0 1
1145 25 7 0 -1
1146 57 22 0 1
1147 85 39 0 1
1148 27 35 0 1
1149 71 6 0 -1
1150 86 34 1 0
1151 77 8 1 0
1152 99 13 0 -1
1153 45 23 1 0
1154 38 25 0 -1
1155 3 30 0 -1
1156 63 14 -1 0
1157 95 35 0 1
1158 85 19 -1 0
1159 5 36 0 1
1160 68 16 0 1
1161 22 24 0 1
1162 38 9 -1 0
1163 69 21 -1 0
1164 91 20 1 0
1165 26 25 -1 0
1166 1 0 0 1
1167 19 14 -1 0
1168 99 13 0 1
1169 47 20 -1 0
1170 99 20 1 0
1171 74 17 0 -1
1172 37 12 1 0
1173 90 20 1 0
1174 88 31 -1 0
1175 80 36 -1 0
1176 87 0 0 -1
1177 23 28 -1 0
1178 48 19 0 -1
1179 44 23 -1 0
1180 44 2 0 -1
1181 20 16 0 -1
1182 87 16 0 1
1183 99 24 0 -1
1184 7 13 -1 0
1185 92 29 -1 0
1186 45 34 0 -1
1187 59 26 0 1
1188 79 37 -1 0
1189 30 28 -1 0
1190 4 8 0 1
1191 80 27 1 0
1192 40 1 0 1
1193 17 6 0 -1
1194 52 29 -1 0
1195 40 33 0 -1
1196 22 38 1 0
1197 98 18 -1 0
1198 13 18 1 0
1199 45 18 0 -1
1200 23 0 1 0
1201 1 9 1 0
1202 2 34 0 -1
1203 10 14 0 -1
1204 3 2 0 -1
1205 33 22 1 0
1206 11 16 -1 0
1207 14 38 1 0
1208 90 18 0 1
1209 91 30 1 0
1210 3 33 1 0
1211 18 7 1 0
1212 12 36 0 -1
1213 88 13 0 1
1214 31 28 1 0
1215 29 30 1 0
1216 0 37 1 0
1217 67 4 0 -1
1218 63 10 1 0
1219 4 17 0 1
1220 27 33 0 -1
1221 36 26 0 1
1222 19 13 0 1
1223 21 35 0 1
1224 9 17 0 1
1225 90 16 0 -1
1226 44 37 0 -1
1227 39 24 0 1
1228 26 7 0 1
1229 51 23 0 -1
1230 62 35 -1 0
1231 96 21 1 0
1232 61 1 1 0
1233 60 32 1 0
1234 1 8 0 -1
1235 10 33 0 -1
1236 80 39 1 0
1237 95 21 0 1
1238 29 17 0 -1
1239 68 34 -1 0
1240 85 11 1 0
1241 52 1 0 -1
1242 83 19 0 1
1243 13 4 -1 0
1244 38 18 0 1
1245 24 19 1 0
1246 40 23 -1 0
1247 78 2 0 -1
1248 50 18 1 0
1249 75 6 0 -1
1250 18 8 0 -1
1251 74 25 0 1
1252 48 28 -1 0
1253 18 14 -1 0
1254 37 29 0 -1
1255 26 17 0 1
1256 41 27 1 0
1257 94 31 0 -1
1258 44 21 1 0
1259 44 1 0 -1
1260 40 0 -1 0
1261 47 6 0 -1
1262 91 36 0 -1
1263 23 15 -1 0
1264 37 10 0 1
1265 25 25 0 1
1266 87 4 1 0
1267 45 16 0 1
1268 68 26 1 0
1269 4 0 1 0
1270 17 17 1 0
1271 27 1 -1 0
1272 92 36 -1 0
1273 91 20 1 0
1274 48 1 0 1
1275 96 22 0 -1
1276 37 24 0 1
1277 22 0 1 0
1278 21 26 0 -1
1279 88 23 -1 0
1280 49 37 0 1
1281 21 29 1 0
1282 11 27 0 1
1283 8 8 -1 0
1284 0 7 0 -1
1285 3 9 1 0
1286 77 5 -1 0
1287 22 3 0 1
1288 39 23 0 1
1289 43 8 0 1
1290 49 25 1 0
1291 78 35 1 0
1292 42 9 -1 0
1293 80 31 1 0
1294 10 11 0 -1
1295 4 15 1 0
1296 64 29 -1 0
1297 47 34 1 0
1298 88 33 0 -1
1299 98 13 0 1
1300 63 36 -1 0
1301 14 10 0 -1
1302 45 30 1 0
1303 42 26 0 -1
1304 36 26 0 1
1305 63 24 1 0
1306 10 17 -1 0
1307 17 29 1 0
1308 89 34 0 -1
1309 84 0 0 1
1310 72 10 1 0
1311 69 30 0 1
1312 17 5 -1 0
1313 74 18 0 1
1314 42 23 -1 0
1315 82 5 0 1
1316 97 12 0 -1
1317 26 12 -1 0
1318 74 11 0 -1
1319 26 32 -1 0
1320 53 22 -1 0
1321 43 31 0 -1
1322 50 5 0 -1
1323 85 32 0 1
1324 90 19 -1 0
1325 2 26 0 -1
1326 82 13 1 0
1327 4 29 0 1
1328 94 1 0 1
1329 39 27 -1 0
1330 47 10 0 1
1331 54 31 -1 0
1332 97 30 1 0
1333 69 23 -1 0
1334 54 36 0 1
1335 5 11 0 1
1336 94 22 1 0
1337 20 22 -1 0
1338 2 8 -1 0
1339 53 28 0 -1
1340 43 36 0 -1
1341 23 9 0 1
1342 77 28 0 -1
1343 91 5 -1 0
1344 52 7 0 -1
1345 25 0 0 -1
1346 58 0 0 1
1347 11 36 0 -1
1348 80 29 -1 0
1349 98 13 0 1
1350 84 30 1 0
1351 98 32 0 -1
1352 59 21 0 1
1353 90 34 1 0
1354 28 31 -1 0
1355 7 13 -1 0
1356 30 34 1 0
1357 4 3 -1 0
1358 21 23 0 -1
1359 43 0 -1 0
1360 17 7 0 1
1361 49 22 1 0
1362 46 10 0 -1
1363 97 38 -1 0
1364 25 20 0 -1
1365 37 31 0 -1
1366 46 2 1 0
1367 38 3 0 1
1368 41 5 -1 0
1369 43 4 0 -1
1370 44 33 -1 0
1371 48 22 1 0
1372 44 20 -1 0
1373 21 23 0 1
1374 6 12 0 1
1375 2 16 0 -1
1376 92 19 -1 0
1377 80 26 0 -1
1378 89 1 0 1
1379 56 5 0 -1
1380 11 37 -1 0
1381 98 0 -1 0
1382 92 21 0 1
1383 10 30 1 0
1384 82 12 1 0
1385 92 31 1 0
1386 70 27 1 0
1387 49 23 0 1
1388 87 35 0 -1
1389 38 34 -1 0
1390 51 28 0 -1
1391 42 34 0 -1
1392 86 28 0 1
1393 90 3 -1 0
1394 74 9 1 0
1395 64 7 1 0
1396 12 16 0 1
1397 47 5 1 0
1398 72 0 -1 0
1399 62 7 0 -1
1400 65 24 0 -1
1401 21 36 0 -1
1402 92 11 0 1
1403 53 22 0 -1
1404 40 30 -1 0
1405 26 26 -1 0
1406 79 23 0 1
1407 6 25 1 0
1408 48 24 0 -1
1409 53 28 -1 0
1410 68 2 0 1
1411 88 8 1 0
1412 90 36 0 1
1413 12 31 -1 0
1414 47 14 -1 0
1415 40 18 -1 0
1416 13 7 1 0
1417 40 12 -1 0
1418 29 13 -1 0
1419 45 26 -1 0
1420 10 28 0 1
1421 8 2 0 1
1422 8 17 1 0
1423 96 1 0 -1
1424 95 38 1 0
1425 14 22 1 0
1426 2 32 0 -1
1427 94 34 1 0
1428 27 2 0 -1
1429 81 14 1 0
1430 46 4 0 1
1431 49 2 0 1
1432 40 25 0 1
1433 72 2 -1 0
1434 8 25 -1 0
1435 90 2 -1 0
1436 80 13 0 -1
1437 57 33 1 0
1438 53 24 -1 0
1439 67 21 0 1
1440 44 37 0 1
1441 9 19 0 1
1442 93 6 1 0
1443 21 38 1 0
1444 76 38 0 1
1445 0 21 0 -1
1446 55 28 0 1
1447 52 24 -1 0
1448 47 30 -1 0
1449 0 26 0 1
1450 13 38 0 1
1451 22 12 0 -1
1452 14 10 0 1
1453 75 13 -1 0
1454 24 35 0 -1
1455 41 16 0 1
1456 92 26 1 0
1457 23 15 -1 0
1458 36 6 0 -1
1459 23 6 0 -1
1460 61 10 0 1
1461 11 19 0 -1
1462 77 31 -1 0
1463 55 2 -1 0
1464 46 29 1 0
1465 98 3 0 -1
1466 88 34 1 0
1467 90 31 1 0
1468 75 9 1 0
1469 65 36 1 0
1470 3 39 1 0
1471 93 28 1 0
1472 6 31 0 -1
1473 27 25 1 0
1474 26 10 1 0
1475 40 31 -1 0
1476 24 33 -1 0
1477 47 10 -1 0
1478 84 31 0 -1
1479 87 24 -1 0
1480 7 1 0 -1
1481 96 35 -1 0
1482 42 11 -1 0
1483 70 38 -1 0
1484 88 0 -1 0
1485 51 21 0 1
1486 46 21 0 -1
1487 49 10 -1 0
1488 81 18 -1 0
1489 69 21 1 0
1490 82 21 1 0
1491 30 9 0 -1
1492 44 20 -1 0
1493 46 8 0 -1
1494 56 22 0 -1
1495 40 1 -1 0
1496 16 11 0 1
1497 92 1 0 -1
1498 28 7 0 -1
1499 64 1 0 -1
1500 56 20 0 -1
1501 11 11 0 -1
1502 7 39 0 -1
1503 5 3 0 -1
1504 45 30 0 -1
1505 11 15 0 -1
1506 38 10 0 -1
1507 15 32 1 0
1508 25 11 -1 0
1509 90 36 0 -1
1510 71 38 0 1
1511 23 18 1 0
1512 42 36 -1 0
1513 93 8 0 1
1514 19 9 1 0
1515 98 2 0 1
1516 40 15 -1 0
1517 82 10 -1 0
1518 51 25 0 1
1519 54 31 0 -1
1520 8 18 0 1
1521 12 2 0 -1
1522 14 34 0 -1
1523 9 4 0 1
1524 5 1 1 0
1525 23 15 1 0
1526 6 9 0 1
1527 31 13 0 -1
1528 44 29 0 -1
1529 38 19 0 -1
1530 92 8 0 1
1531 58 30 0 -1
1532 0 30 -1 0
1533 4 2 0 -1
1534 75 3 0 -1
1535 70 31 0 -1
1536 18 29 1 0
1537 82 15 -1 0
1538 73 35 -1 0
1539 58 7 0 -1
1540 63 34 0 1
1541 78 15 0 1
1542 81 22 1 0
1543 46 1 -1 0
1544 94 32 1 0
1545 77 4 0 -1
1546 17 30 1 0
1547 90 15 -1 0
1548 38 2 0 1
1549 77 25 -1 0
1550 84 33 1 0
1551 16 5 0 1
1552 14 25 0 1
1553 6 29 0 1
1554 44 0 0 1
1555 29 13 -1 0
1556 39 2 1 0
1557 68 9 0 -1
1558 43 7 -1 0
1559 95 27 0 1
1560 68 22 -1 0
1561 66 32 1 0
1562 83 36 1 0
1563 95 15 0 -1
1564 44 8 1 0
1565 71 35 1 0
1566 51 6 0 -1
1567 31 14 0 -1
1568 41 26 1 0
1569 24 13 0 1
1570 49 37 0 1
1571 84 1 0 -1
1572 9 0 1 0
1573 38 38 -1 0
1574 12 21 0 -1
1575 5 13 1 0
1576 5 5 1 0
1577 22 39 0 -1
1578 67 11 0 -1
1579 37 17 1 0
1580 21 20 0 -1
1581 45 27 0 1
1582 38 29 -1 0
1583 30 2 -1 0
1584 10 14 1 0
1585 62 14 1 0
1586 50 16 0 1
1587 13 26 -1 0
1588 60 27 -1 0
1589 19 1 1 0
1590 50 39 0 -1
1591 19 29 0 -1
1592 75 10 -1 0
1593 14 16 1 0
1594 3 23 1 0
1595 42 25 0 -1
1596 94 34 1 0
1597 25 4 1 0
1598 4 20 0 1
1599 99 35 0 1
1600 85 38 1 0
1601 79 9 1 0
1602 81 37 -1 0
1603 44 4 0 -1
1604 25 2 0 1
1605 26 39 0 -1
1606 18 20 0 1
1607 62 14 0 -1
1608 97 6 0 1
1609 49 30 1 0
1610 46 23 0 -1
1611 5 27 0 1
1612 38 26 0 -1
1613 13 34 0 -1
1614 90 20 -1 0
1615 97 12 0 -1
1616 95 15 0 -1
1617 19 31 0 -1
1618 19 36 0 1
1619 24 6 0 -1
1620 51 4 0 1
1621 25 35 1 0
1622 45 9 0 -1
1623 4 20 -1 0
1624 63 32 0 1
1625 99 35 0 1
1626 71 25 1 0
1627 24 22 0 1
1628 40 24 0 -1
1629 74 25 -1 0
1630 98 25 0 -1
1631 95 31 1 0
1632 71 6 0 1
1633 2 34 1 0
1634 8 18 0 1
1635 64 29 0 -1
1636 45 17 1 0
1637 13 39 -1 0
1638 30 28 0 1
1639 45 8 1 0
1640 22 8 0 -1
1641 86 24 0 1
1642 58 8 -1 0
1643 85 20 1 0
1644 88 9 0 -1
1645 53 19 1 0
1646 0 27 -1 0
1647 24 23 0 1
1648 12 4 0 -1
1649 90 4 1 0
1650 35 29 0 -1
1651 6 9 0 -1
1652 56 20 0 1
1653 95 7 0 -1
1654 27 33 0 -1
1655 28 10 1 0
1656 18 26 0 -1
1657 92 24 0 -1
1658 86 17 1 0
1659 99 27 0 1
1660 13 37 0 -1
1661 4 37 -1 0
1662 61 19 0 1
1663 75 25 1 0
1664 93 28 0 -1
1665 80 21 0 -1
1666 24 26 0 1
1667 92 5 1 0
1668 73 14 0 1
1669 11 24 0 1
1670 25 32 0 1
1671 80 34 1 0
1672 54 5 0 -1
1673 0 19 -1 0
1674 22 22 -1 0
1675 3 0 -1 0
1676 91 29 1 0
1677 67 35 1 0
1678 22 15 1 0
1679 14 8 -1 0
1680 6 28 0 -1
1681 10 21 -1 0
1682 59 4 -1 0
1683 26 1 1 0
1684 18 30 1 0
1685 12 30 0 1
1686 2 36 0 1
1687 18 35 0 1
1688 18 37 0 1
1689 55 23 0 1
1690 86 17 -1 0
1691 45 33 0 1
1692 28 24 -1 0
1693 29 13 1 0
1694 99 22 1 0
1695 4 7 -1 0
1696 40 13 -1 0
1697 66 21 0 -1
1698 27 35 0 1
1699 90 27 0 -1
1700 59 32 -1 0
1701 64 11 0 -1
1702 77 0 -1 0
1703 21 1 0 1
1704 23 24 0 1
1705 87 9 0 -1
1706 41 3 -1 0
1707 36 37 1 0
1708 76 25 -1 0
1709 37 16 0 -1
1710 18 12 1 0
1711 4 5 0 -1
1712 86 14 1 0
1713 92 28 1 0
1714 23 11 0 -1
1715 94 1 1 0
1716 30 18 1 0
1717 41 10 1 0
1718 40 9 -1 0
1719 14 37 1 0
1720 39 35 0 -1
1721 93 13 -1 0
1722 20 14 0 -1
1723 5 10 1 0
1724 44 29 -1 0
1725 42 3 0 -1
1726 47 39 0 -1
1727 94 37 0 1
1728 11 3 0 1
1729 56 22 0 1
1730 41 14 0 -1
1731 12 36 -1 0
1732 80 38 1 0
1733 10 29 0 1
1734 53 1 1 0
1735 42 2 0 -1
1736 1 5 1 0
1737 0 10 0 -1
1738 2 27 1 0
1739 57 7 0 1
1740 69 39 1 0
1741 28 26 -1 0
1742 74 5 -1 0
1743 41 13 0 -1
1744 12 2 1 0
1745 45 38 1 0
1746 60 21 1 0
1747 77 18 -1 0
1748 26 5 0 -1
1749 75 35 -1 0
1750 49 1 0 1
1751 98 15 0 1
1752 92 18 0 -1
1753 1 11 0 1
1754 30 39 1 0
1755 13 17 0 -1
1756 3 25 0 -1
1757 69 1 -1 0
1758 39 25 0 -1
1759 43 22 1 0
1760 39 9 0 1
1761 30 1 0 -1
1762 59 36 0 -1
1763 3 30 0 -1
1764 22 15 1 0
1765 14 34 0 -1
1766 21 18 -1 0
1767 25 1 0 -1
1768 83 18 0 1
1769 22 12 0 -1
1770 51 10 0 1
1771 51 18 0 1
1772 4 3 1 0
1773 39 24 -1 0
1774 98 17 0 1
1775 8 39 0 -1
1776 46 8 -1 0
1777 2 3 -1 0
1778 72 39 0 1
1779 25 10 -1 0
1780 78 15 0 -1
1781 48 8 1 0
1782 78 29 -1 0
1783 51 7 -1 0
1784 23 10 0 1
1785 62 2 0 -1
1786 23 7 0 1
1787 96 30 -1 0
1788 23 28 0 -1
1789 23 0 0 1
1790 26 34 -1 0
1791 17 32 0 1
1792 27 17 0 1
1793 91 4 -1 0
1794 12 17 0 -1
1795 94 34 0 -1
1796 19 35 -1 0
1797 19 4 -1 0
1798 83 31 1 0
1799 96 23 -1 0
1800 18 8 1 0
1801 80 26 -1 0
1802 26 38 1 0
1803 13 26 0 1
1804 86 25 0 1
1805 18 4 0 1
1806 8 29 -1 0
1807 13 3 -1 0
1808 76 39 -1 0
1809 98 2 -1 0
1810 11 16 0 1
1811 74 1 -1 0
1812 82 7 -1 0
1813 95 35 -1 0
1814 9 18 1 0
1815 73 4 0 1
1816 90 37 1 0
1817 41 20 0 1
1818 79 22 1 0
1819 22 13 0 -1
1820 8 27 0 1
1821 70 4 1 0
1822 95 8 0 1
1823 7 36 1 0
1824 53 21 -1 0
1825 5 3 0 1
1826 88 14 -1 0
1827 57 20 1 0
1828 41 0 1 0
1829 45 38 0 -1
1830 99 22 1 0
1831 59 12 0 -1
1832 76 18 0 1
1833 46 31 0 -1
1834 1 29 0 1
1835 59 19 -1 0
1836 18 34 0 -1
1837 40 28 -1 0
1838 17 11 0 1
1839 8 2 0 1
1840 64 28 1 0
1841 12 25 0 1
1842 29 15 -1 0
1843 46 15 -1 0
1844 15 11 1 0
1845 64 22 0 1
1846 9 25 -1 0
1847 6 36 0 1
1848 61 22 0 -1
1849 81 10 1 0
1850 50 12 0 -1
1851 24 21 0 -1
1852 16 0 0 -1
1853 38 1 0 1
1854 43 13 0 1
1855 98 6 1 0
1856 70 34 -1 0
1857 94 32 -1 0
1858 24 25 0 -1
1859 27 27 0 -1
1860 72 2 0 -1
1861 80 12 0 -1
1862 25 3 1 0
1863 91 32 -1 0
1864 17 20 1 0
1865 16 19 -1 0
1866 1 7 -1 0
1867 17 37 0 1
1868 46 10 -1 0
1869 82 5 0 1
1870 37 3 0 -1
1871 9 21 1 0
1872 20 27 1 0
1873 71 2 0 1
1874 30 10 0 1
1875 44 11 1 0
1876 23 34 -1 0
1877 40 2 -1 0
1878 72 0 1 0
1879 17 35 0 -1
1880 71 19 0 -1
1881 94 18 0 1
1882 91 8 1 0
1883 24 28 0 1
1884 43 8 -1 0
1885 53 31 -1 0
1886 84 25 0 1
1887 29 24 0 1
1888 73 37 0 1
1889 13 20 1 0
1890 49 10 1 0
1891 46 19 0 -1
1892 74 6 0 1
1893 97 11 1 0
1894 43 25 -1 0
1895 64 3 0 -1
1896 79 30 -1 0
1897 84 37 0 1
1898 84 3 1 0
1899 28 22 0 -1
1900 17 23 0 1
1901 6 17 -1 0
1902 12 6 0 -1
1903 76 13 -1 0
1904 84 20 -1 0
1905 82 23 0 1
1906 25 10 0 1
1907 36 21 -1 0
1908 23 37 0 1
1909 64 15 -1 0
1910 52 1 0 -1
1911 29 19 -1 0
1912 57 33 0 -1
1913 20 18 1 0
1914 51 32 1 0
1915 43 32 1 0
1916 20 23 0 1
1917 82 0 1 0
1918 90 18 0 1
1919 22 24 1 0
1920 45 34 0 -1
1921 2 0 1 0
1922 88 26 1 0
1923 49 15 1 0
1924 77 18 -1 0
1925 20 33 0 -1
1926 69 3 1 0
1927 43 26 -1 0
1928 78 8 0 1
1929 9 19 0 -1
1930 0 34 0 1
1931 2 21 0 -1
1932 54 22 -1 0
1933 92 8 0 -1
1934 62 8 0 -1
1935 39 14 0 1
1936 92 38 0 1
1937 24 4 1 0
1938 13 19 0 -1
1939 90 21 0 1
1940 40 36 -1 0
1941 76 2 1 0
1942 42 18 -1 0
1943 3 37 -1 0
1944 23 24 0 1
1945 47 12 0 1
1946 95 24 0 1
1947 2 32 0 1
1948 94 15 0 -1
1949 87 12 0 -1
1950 29 10 -1 0
1951 83 3 0 1
1952 20 24 1 0
1953 16 22 0 1
1954 50 37 0 1
1955 46 37 0 1
1956 24 2 -1 0
1957 62 27 1 0
1958 92 20 1 0
1959 54 2 -1 0
1960 5 13 0 -1
1961 31 17 0 1
1962 18 29 -1 0
1963 41 36 -1 0
1964 15 20 -1 0
1965 54 0 0 -1
1966 7 25 1 0
1967 59 23 -1 0
1968 75 23 -1 0
1969 91 16 1 0
1970 26 29 0 1
1971 74 26 -1 0
1972 53 15 1 0
1973 52 31 1 0
1974 46 23 0 1
1975 10 25 1 0
1976 63 30 -1 0
1977 90 17 0 -1
1978 23 21 0 -1
1979 43 7 0 1
1980 45 33 -1 0
1981 65 26 0 1
1982 12 14 0 -1
1983 51 25 1 0
1984 41 24 0 -1
1985 18 0 -1 0
1986 55 33 -1 0
1987 53 9 1 0
1988 81 26 0 1
1989 9 19 1 0
1990 92 25 -1 0
1991 66 26 0 1
1992 50 39 1 0
1993 94 8 0 1
1994 93 9 -1 0
1995 12 4 -1 0
1996 46 24 -1 0
1997 58 17 0 1
1998 28 26 -1 0
1999 8 19 0 -1
2000 13 28 -1 0
2001 22 28 0 -1
2002 46 34 1 0
2003 37 7 -1 0
2004 39 5 0 -1
2005 85 1 0 -1
2006 15 3 0 1
2007 42 17 -1 0
2008 1 27 0 -1
2009 42 11 1 0
2010 14 13 0 1
2011 62 19 0 -1
2012 23 10 1 0
2013 9 2 0 -1
2014 29 29 1 0
2015 68 37 1 0
2016 85 36 0 1
2017 7 35 1 0
2018 53 23 1 0
2019 99 21 0 1
2020 59 4 0 1
2021 24 18 -1 0
2022 87 15 -1 0
2023 6 19 1 0
2024 53 8 -1 0
2025 25 21 0 -1
2026 29 3 -1 0
2027 57 25 0 -1
2028 91 0 -1 0
2029 14 14 1 0
2030 19 16 1 0
2031 95 7 0 -1
2032 2 19 1 0
2033 57 1 1 0
2034 19 14 0 1
2035 57 28 1 0
2036 42 8 1 0
2037 30 13 0 -1
2038 43 31 0 1
2039 78 31 1 0
2040 18 1 1 0
2041 63 30 0 1
2042 86 19 0 -1
2043 62 6 0 1
2044 63 11 0 -1
2045 52 19 -1 0
2046 43 29 0 1
2047 54 26 1 0
2048 22 36 1 0
2049 46 20 0 1
2050 41 24 1 0
2051 79 21 0 -1
2052 64 23 -1 0
2053 65 28 0 1
2054 85 18 0 -1
2055 51 27 1 0
2056 16 15 0 1
2057 13 32 0 1
2058 90 27 0 1
2059 2 19 -1 0
2060 20 1 0 -1
2061 45 37 0 -1
2062 16 35 1 0
2063 97 18 0 -1
2064 38 17 -1 0
2065 64 6 0 -1
2066 66 39 0 1
2067 23 27 1 0
2068 17 35 1 0
2069 44 36 0 1
2070 25 1 1 0
2071 28 12 0 1
2072 25 31 0 -1
2073 54 14 -1 0
2074 50 15 1 0
2075 44 5 0 -1
2076 64 10 0 1
2077 18 10 0 1
2078 42 14 1 0
2079 16 23 0 1
2080 92 35 0 1
2081 24 5 -1 0
2082 65 8 -1 0
2083 83 34 -1 0
2084 78 1 0 1
2085 22 34 0 1
2086 9 1 0 -1
2087 78 18 0 -1
2088 86 1 1 0
2089 67 35 0 1
2090 59 24 -1 0
2091 3 37 1 0
2092 40 3 0 -1
2093 52 27 -1 0
2094 11 5 0 -1
2095 46 14 -1 0
2096 78 28 0 1
2097 18 13 1 0
2098 84 38 0 -1
2099 28 24 -1 0
2100 45 3 -1 0
2101 95 33 1 0
2102 85 12 1 0
2103 26 3 0 -1
2104 95 16 0 1
2105 79 37 1 0
2106 9 10 0 -1
2107 24 34 0 -1
2108 12 16 0 1
2109 54 25 0 -1
2110 7 33 0 1
2111 22 27 -1 0
2112 45 1 0 1
2113 69 24 1 0
2114 3 31 1 0
2115 46 38 0 -1
2116 54 0 1 0
2117 47 32 -1 0
2118 44 25 0 -1
2119 42 29 -1 0
2120 68 36 0 1
2121 23 38 0 -1
2122 67 28 -1 0
2123 94 24 0 1
2124 13 32 1 0
2125 16 20 -1 0
2126 75 37 0 -1
2127 87 39 0 -1
2128 28 15 -1 0
2129 20 1 1 0
2130 42 24 0 1
2131 9 5 0 -1
2132 29 25 0 1
2133 67 8 1 0
2134 39 28 -1 0
2135 10 8 0 1
2136 7 32 -1 0
2137 40 15 0 1
2138 11 11 -1 0
2139 9 10 1 0
2140 67 1 1 0
2141 56 33 0 1
2142 31 18 0 1
2143 56 34 0 1
2144 14 11 1 0
2145 73 38 -1 0
2146 99 21 1 0
2147 96 24 0 1
2148 71 34 0 1
2149 0 38 0 1
2150 57 9 1 0
2151 87 10 0 1
2152 47 18 1 0
2153 45 15 1 0
2154 53 4 0 -1
2155 9 0 0 -1
2156 24 1 -1 0
2157 47 4 0 -1
2158 37 26 0 -1
2159 30 30 1 0
2160 17 2 1 0
2161 21 6 -1 0
2162 21 15 1 0
2163 44 18 -1 0
2164 88 21 0 -1
2165 41 16 1 0
2166 85 4 0 1
2167 75 1 1 0
2168 98 21 1 0
2169 81 39 0 -1
2170 50 21 -1 0
2171 99 4 0 -1
2172 6 5 -1 0
2173 41 21 0 -1
2174 60 38 0 -1
2175 65 25 0 1
2176 84 22 1 0
2177 42 1 0 1
2178 23 7 0 1
2179 25 30 0 1
2180 38 35 -1 0
2181 15 31 0 1
2182 48 38 0 -1
2183 41 18 0 -1
2184 90 28 0 1
2185 65 28 1 0
2186 3 24 0 1
2187 10 9 1 0
2188 36 7 0 1
2189 89 38 0 1
2190 58 2 0 -1
2191 41 5 1 0
2192 39 26 -1 0
2193 5 17 -1 0
2194 22 18 -1 0
2195 92 0 0 1
2196 26 12 1 0
2197 93 13 0 -1
2198 91 22 0 -1
2199 13 39 0 1
2200 12 34 0 -1
2201 23 13 0 -1
2202 77 18 0 -1
2203 17 12 1 0
2204 72 11 0 -1
2205 21 23 1 0
2206 50 5 1 0
2207 26 11 1 0
2208 0 12 0 1
2209 49 32 1 0
2210 20 16 1 0
2211 11 7 1 0
2212 43 29 0 -1
2213 32 36 -1 0
2214 91 7 1 0
2215 2 20 0 -1
2216 24 0 0 1
2217 31 26 0 1
2218 41 16 0 -1
2219 65 4 0 1
2220 31 9 1 0
2221 73 34 0 1
2222 17 26 -1 0
2223 99 24 0 -1
2224 77 12 -1 0
2225 49 38 -1 0
2226 86 34 1 0
2227 20 30 0 1
2228 38 9 0 1
2229 29 35 0 1
2230 45 8 1 0
2231 21 32 -1 0
2232 46 2 0 -1
2233 21 35 0 1
2234 40 13 -1 0
2235 47 20 0 1
2236 74 5 0 -1
2237 54 13 0 -1
2238 25 28 -1 0
2239 6 31 1 0
2240 84 33 -1 0
2241 89 22 -1 0
2242 46 6 0 1
2243 10 12 1 0
2244 56 35 0 1
2245 50 18 -1 0
2246 40 24 0 -1
2247 0 30 0 -1
2248 45 12 0 -1
2249 58 36 0 -1
2250 81 9 1 0
2251 45 3 -1 0
2252 85 28 1 0
2253 9 4 0 1
2254 22 31 0 -1
2255 11 35 0 1
2256 90 30 0 1
2257 24 39 -1 0
2258 25 15 1 0
2259 45 27 0 1
2260 87 35 0 1
2261 13 34 0 -1
2262 27 8 -1 0
2263 41 4 -1 0
2264 25 19 0 -1
2265 5 4 0 -1
2266 56 37 0 1
2267 75 2 1 0
2268 32 35 1 0
2269 2 18 0 -1
2270 15 1 0 1
2271 99 13 -1 0
2272 17 38 -1 0
2273 59 28 1 0
2274 28 11 1 0
2275 24 16 -1 0
2276 1 18 1 0
2277 87 27 0 -1
2278 43 31 1 0
2279 40 6 0 1
2280 42 32 -1 0
2281 66 27 0 -1
2282 18 35 -1 0
2283 83 8 0 -1
2284 5 15 -1 0
2285 19 15 0 1
2286 11 29 0 -1
2287 26 16 0 1
2288 76 12 0 1
2289 22 21 0 1
2290 3 26 -1 0
2291 30 13 0 -1
2292 14 31 1 0
2293 43 35 1 0
2294 57 23 0 1
2295 36 38 -1 0
2296 8 12 0 -1
2297 41 6 0 1
2298 16 35 -1 0
2299 46 0 0 1
2300 66 18 0 -1
2301 55 37 -1 0
2302 42 19 1 0
2303 93 30 0 1
2304 43 14 -1 0
2305 8 32 0 -1
2306 47 8 -1 0
2307 85 28 0 1
2308 1 8 -1 0
2309 44 9 0 -1
2310 29 5 0 -1
2311 53 10 0 1
2312 70 27 0 1
2313 17 3 0 -1
2314 38 33 0 -1
2315 40 4 0 1
2316 37 29 -1 0
2317 26 26 -1 0
2318 11 16 1 0
2319 7 31 1 0
2320 13 11 1 0
2321 24 0 0 -1
2322 51 35 1 0
2323 73 18 1 0
2324 56 38 -1 0
2325 45 18 -1 0
2326 40 6 -1 0
2327 55 14 1 0
2328 26 25 0 1
2329 84 4 1 0
2330 92 3 0 -1
2331 42 37 0 1
2332 16 18 1 0
2333 68 25 0 -1
2334 57 6 1 0
2335 27 12 0 1
2336 21 33 0 1
2337 9 17 -1 0
2338 20 9 -1 0
2339 92 15 0 -1
2340 50 10 0 1
2341 29 14 1 0
2342 8 19 1 0
2343 30 34 0 -1
2344 40 30 -1 0
2345 77 36 1 0
2346 74 22 -1 0
2347 23 17 1 0
2348 87 28 0 -1
2349 53 26 1 0
2350 93 21 0 -1
2351 39 23 1 0
2352 99 38 1 0
2353 45 35 -1 0
2354 46 26 -1 0
2355 92 19 0 1
2356 10 17 0 -1
2357 17 13 -1 0
2358 40 38 0 -1
2359 83 29 1 0
2360 20 14 0 -1
2361 26 24 1 0
2362 52 39 0 1
2363 57 29 0 -1
2364 32 26 1 0
2365 29 32 1 0
2366 29 30 -1 0
2367 49 23 0 1
2368 84 13 0 1
2369 78 32 0 -1
2370 82 27 -1 0
2371 46 33 1 0
2372 39 1 0 -1
2373 88 1 -1 0
2374 42 15 -1 0
2375 92 21 0 -1
2376 47 6 -1 0
2377 46 0 0 1
2378 21 21 1 0
2379 83 31 0 -1
2380 41 13 -1 0
2381 6 27 0 1
2382 46 35 0 -1
2383 38 7 1 0
2384 52 22 0 1
2385 45 31 0 -1
2386 52 8 0 1
2387 47 36 -1 0
2388 34 16 0 -1
2389 6 28 -1 0
2390 21 3 0 1
2391 96 6 -1 0
2392 21 16 0 1
2393 19 2 -1 0
2394 24 32 0 1
2395 97 18 0 1
2396 97 26 0 1
2397 46 34 0 -1
2398 83 9 0 -1
2399 6 0 0 1
