0 86 31 0 1
1 25 35 1 0
2 50 21 1 0
3 89 12 -1 0
4 19 0 -1 0
5 27 24 0 -1
6 98 8 0 -1
7 83 27 1 0
8 51 13 -1 0
9 43 19 -1 0
10 67 28 0 1
11 98 19 -1 0
12 10 2 0 1
13 1 22 0 1
14 42 2 1 0
15 47 25 -1 0
16 19 29 -1 0
17 95 11 0 1
18 21 30 -1 0
19 90 21 0 1
20 99 3 0 1
21 17 22 -1 0
22 22 33 -1 0
23 24 3 0 1
24 45 5 0 -1
25 49 31 -1 0
26 47 23 0 -1
27 48 28 0 1
28 24 34 1 0
29 82 0 0 -1
30 92 18 1 0
31 7 2 1 0
32 18 11 1 0
33 10 17 0 -1
34 41 15 -1 0
35 66 24 0 1
36 18 31 -1 0
37 17 23 -1 0
38 51 5 0 1
39 26 19 0 -1
40 40 32 -1 0
41 9 11 1 0
42 95 19 1 0
43 18 26 0 1
44 73 21 -1 0
45 4 34 0 -1
46 59 9 -1 0
47 6 15 0 1
48 9 16 0 -1
49 82 31 -1 0
50 10 17 -1 0
51 30 26 0 1
52 10 11 0 -1
53 19 25 0 -1
54 43 35 1 0
55 97 36 -1 0
56 62 1 -1 0
57 96 27 0 1
58 8 33 0 1
59 44 24 -1 0
60 51 39 0 -1
61 91 28 -1 0
62 98 31 0 1
63 77 38 0 -1
64 17 19 0 -1
65 81 31 0 -1
66 98 37 1 0
67 69 8 0 1
68 1 26 0 -1
69 98 33 0 1
70 40 39 1 0
71 19 29 -1 0
72 56 16 0 1
73 27 10 0 1
74 13 20 -1 0
75 5 13 0 1
76 22 12 0 1
77 40 35 -1 0
78 98 0 1 0
79 36 29 -1 0
80 7 13 1 0
81 80 1 0 1
82 37 27 -1 0
83 70 23 0 -1
84 13 10 1 0
85 44 10 -1 0
86 58 38 0 -1
87 39 35 0 1
88 46 23 0 1
89 42 0 0 1
90 35 8 1 0
91 89 13 0 -1
92 84 27 1 0
93 18 34 -1 0
94 92 37 0 1
95 28 26 0 -1
96 29 31 1 0
97 39 25 0 -1
98 75 21 -1 0
99 71 26 0 -1
100 21 27 0 1
101 90 27 -1 0
102 48 21 -1 0
103 41 20 -1 0
104 83 35 0 1
105 56 14 0 -1
106 85 30 -1 0
107 42 28 1 0
108 18 4 0 1
109 97 21 0 1
110 99 5 -1 0
111 25 31 0 -1
112 21 29 -1 0
113 9 6 -1 0
114 40 1 -1 0
115 43 2 0 -1
116 61 12 0 1
117 72 36 0 1
118 24 33 1 0
119 28 31 0 -1
120 40 20 0 -1
121 5 27 1 0
122 12 1 -1 0
123 18 13 1 0
124 29 22 0 1
125 21 17 0 1
126 47 30 0 -1
127 22 28 1 0
128 14 22 0 1
129 55 19 -1 0
130 21 20 0 1
131 21 39 0 1
132 17 32 1 0
133 67 12 0 -1
134 49 32 0 1
135 73 12 0 -1
136 47 0 -1 0
137 57 0 1 0
138 18 5 0 1
139 43 6 1 0
140 14 6 1 0
141 5 16 -1 0
142 22 2 1 0
143 77 22 0 -1
144 92 18 0 -1
145 19 26 -1 0
146 83 22 1 0
147 61 37 1 0
148 84 39 0 1
149 81 24 -1 0
150 95 13 1 0
151 1 18 0 -1
152 52 11 -1 0
153 46 38 -1 0
154 15 18 0 -1
155 18 17 -1 0
156 83 31 -1 0
157 23 31 0 1
158 24 38 1 0
159 11 8 -1 0
160 80 13 0 -1
161 37 38 1 0
162 38 4 -1 0
163 10 33 1 0
164 69 3 0 -1
165 95 9 1 0
166 40 31 0 1
167 80 5 1 0
168 95 1 0 -1
169 15 6 0 1
170 74 12 1 0
171 74 15 0 -1
172 70 35 1 0
173 25 37 0 -1
174 37 16 0 1
175 93 1 -1 0
176 99 8 0 -1
177 0 9 0 -1
178 6 25 -1 0
179 42 10 -1 0
180 19 2 -1 0
181 96 33 0 -1
182 15 29 0 1
183 27 6 0 1
184 15 34 0 -1
185 22 10 0 -1
186 25 22 0 1
187 38 16 -1 0
188 23 16 0 1
189 97 9 0 1
190 62 21 0 -1
191 28 9 1 0
192 57 7 0 1
193 95 35 -1 0
194 78 15 -1 0
195 57 3 -1 0
196 85 14 -1 0
197 31 28 0 1
198 27 36 0 1
199 38 2 0 1
200 53 5 1 0
201 19 6 1 0
202 42 29 -1 0
203 46 13 0 -1
204 75 9 0 -1
205 27 31 0 1
206 96 2 0 -1
207 9 27 0 1
208 49 7 0 -1
209 73 17 0 -1
210 59 10 0 -1
211 45 21 -1 0
212 56 15 0 1
213 79 14 0 -1
214 43 30 1 0
215 16 17 1 0
216 49 27 -1 0
217 50 4 0 1
218 89 16 0 1
219 13 31 0 1
220 93 2 -1 0
221 57 1 0 -1
222 26 27 1 0
223 0 21 1 0
224 81 32 0 -1
225 94 20 0 1
226 51 24 -1 0
227 43 25 0 -1
228 78 4 0 1
229 92 13 1 0
230 44 35 -1 0
231 98 5 1 0
232 20 21 1 0
233 20 8 0 -1
234 47 32 1 0
235 20 12 1 0
236 89 22 0 -1
237 19 25 0 -1
238 40 24 -1 0
239 40 27 0 -1
240 1 19 0 1
241 49 26 -1 0
242 17 8 0 1
243 36 31 -1 0
244 72 7 -1 0
245 28 27 -1 0
246 23 3 0 1
247 84 5 1 0
248 64 10 1 0
249 55 37 1 0
250 95 39 0 -1
251 96 17 -1 0
252 64 2 -1 0
253 59 8 0 1
254 7 19 0 -1
255 54 9 0 -1
256 3 14 0 -1
257 13 3 1 0
258 41 21 0 -1
259 64 18 -1 0
260 85 26 1 0
261 24 11 0 1
262 1 35 0 1
263 16 15 -1 0
264 90 12 0 1
265 99 3 0 1
266 22 30 0 1
267 14 18 1 0
268 4 38 -1 0
269 23 37 0 -1
270 7 29 1 0
271 70 24 1 0
272 98 27 0 1
273 25 5 0 -1
274 71 18 -1 0
275 96 5 -1 0
276 43 1 0 -1
277 89 7 0 1
278 14 25 0 -1
279 27 17 0 1
280 15 6 -1 0
281 20 32 1 0
282 25 21 0 1
283 83 29 0 -1
284 22 22 1 0
285 12 14 1 0
286 51 15 -1 0
287 13 2 -1 0
288 71 30 1 0
289 39 39 -1 0
290 92 10 -1 0
291 39 8 0 1
292 11 27 0 1
293 4 7 0 -1
294 86 10 0 1
295 38 27 0 1
296 40 17 1 0
297 95 16 0 1
298 69 6 1 0
299 87 28 0 1
300 78 8 0 -1
301 52 26 -1 0
302 42 14 1 0
303 40 11 0 1
304 64 2 0 1
305 91 38 0 1
306 36 36 -1 0
307 12 27 1 0
308 79 31 -1 0
309 39 2 0 1
310 49 11 0 1
311 37 12 1 0
312 83 34 0 -1
313 54 23 1 0
314 30 9 0 1
315 91 19 0 1
316 97 39 0 1
317 26 26 1 0
318 26 22 0 -1
319 55 38 -1 0
320 42 30 -1 0
321 35 34 0 1
322 66 20 0 -1
323 45 14 0 1
324 47 31 1 0
325 50 26 1 0
326 3 3 -1 0
327 11 20 1 0
328 49 12 0 -1
329 75 6 0 1
330 41 22 1 0
331 62 18 0 1
332 27 4 1 0
333 99 11 1 0
334 46 8 0 -1
335 12 21 1 0
336 52 21 -1 0
337 97 31 -1 0
338 44 17 1 0
339 78 13 0 1
340 80 8 0 -1
341 4 25 -1 0
342 62 3 1 0
343 43 35 1 0
344 78 5 0 -1
345 94 21 -1 0
346 21 5 0 -1
347 26 4 0 -1
348 83 29 1 0
349 96 39 0 1
350 92 8 -1 0
351 73 34 0 -1
352 31 7 -1 0
353 38 2 0 1
354 2 3 1 0
355 56 2 1 0
356 41 0 1 0
357 71 39 1 0
358 24 13 -1 0
359 47 29 1 0
360 92 35 0 -1
361 98 33 0 1
362 94 21 -1 0
363 3 28 1 0
364 89 19 0 1
365 79 36 0 1
366 55 1 1 0
367 18 24 -1 0
368 98 34 0 1
369 85 24 1 0
370 26 19 1 0
371 71 21 0 -1
372 37 29 0 1
373 45 33 0 -1
374 21 25 -1 0
375 4 8 0 -1
376 21 6 1 0
377 97 18 0 -1
378 38 17 -1 0
379 41 15 0 1
380 20 31 1 0
381 72 0 -1 0
382 78 16 0 1
383 66 25 -1 0
384 12 3 0 -1
385 12 3 -1 0
386 80 22 0 1
387 57 23 -1 0
388 93 17 0 -1
389 81 33 0 1
390 39 31 -1 0
391 14 1 0 1
392 44 15 1 0
393 19 15 -1 0
394 58 21 1 0
395 43 37 0 -1
396 19 17 -1 0
397 74 34 -1 0
398 3 25 1 0
399 50 26 -1 0
400 77 22 0 -1
401 5 16 0 1
402 2 27 0 1
403 84 13 -1 0
404 72 32 0 -1
405 25 37 -1 0
406 0 14 0 -1
407 18 32 1 0
408 2 36 0 1
409 42 23 0 -1
410 44 13 -1 0
411 79 7 1 0
412 42 35 1 0
413 11 14 0 -1
414 2 19 0 -1
415 22 36 -1 0
416 19 8 0 1
417 91 31 0 -1
418 14 16 -1 0
419 40 39 0 -1
420 36 13 0 -1
421 5 23 0 -1
422 91 25 0 -1
423 79 22 0 -1
424 78 17 -1 0
425 69 18 -1 0
426 11 5 0 -1
427 90 8 0 -1
428 92 1 0 1
429 96 7 0 -1
430 45 2 -1 0
431 87 32 1 0
432 93 19 1 0
433 78 34 0 -1
434 53 39 -1 0
435 14 18 -1 0
436 43 5 0 -1
437 25 1 1 0
438 93 32 0 -1
439 26 29 0 -1
440 3 1 -1 0
441 59 28 1 0
442 5 24 1 0
443 77 36 -1 0
444 74 15 0 1
445 80 21 -1 0
446 23 28 0 -1
447 81 12 -1 0
448 62 35 0 -1
449 80 14 0 1
450 94 22 0 -1
451 54 19 0 1
452 22 14 -1 0
453 53 37 -1 0
454 65 23 0 1
455 94 18 1 0
456 18 15 0 1
457 22 20 -1 0
458 19 5 1 0
459 18 38 1 0
460 18 21 0 -1
461 0 10 0 1
462 0 22 0 1
463 56 24 -1 0
464 42 15 0 -1
465 26 25 1 0
466 93 5 1 0
467 87 9 -1 0
468 16 22 1 0
469 68 2 0 1
470 24 21 1 0
471 38 8 1 0
472 94 18 1 0
473 42 17 0 1
474 41 38 1 0
475 57 8 -1 0
476 49 1 1 0
477 8 4 0 -1
478 58 12 0 1
479 42 5 -1 0
480 25 15 -1 0
481 51 35 0 1
482 22 3 -1 0
483 62 28 0 1
484 94 10 1 0
485 10 3 0 1
486 47 33 0 -1
487 90 28 -1 0
488 15 29 0 1
489 1 37 0 1
490 5 37 -1 0
491 49 2 0 1
492 22 20 -1 0
493 99 31 -1 0
494 95 16 -1 0
495 60 8 1 0
496 28 34 -1 0
497 90 32 0 1
498 40 2 0 -1
499 57 27 0 -1
500 19 10 -1 0
501 23 23 0 1
502 2 23 1 0
503 27 5 1 0
504 14 4 1 0
505 70 25 -1 0
506 5 2 1 0
507 20 20 -1 0
508 14 7 -1 0
509 46 27 0 -1
510 79 9 1 0
511 43 39 0 1
512 20 13 0 1
513 88 9 1 0
514 44 21 0 -1
515 66 30 1 0
516 2 25 1 0
517 31 16 0 -1
518 6 11 0 -1
519 49 22 -1 0
520 82 13 -1 0
521 79 34 1 0
522 21 5 -1 0
523 27 14 0 1
524 88 4 0 1
525 45 34 1 0
526 97 28 1 0
527 24 6 0 -1
528 79 9 -1 0
529 81 39 0 1
530 74 24 1 0
531 80 2 1 0
532 25 34 1 0
533 27 28 0 1
534 47 21 -1 0
535 89 3 0 1
536 43 32 1 0
537 50 2 1 0
538 20 34 1 0
539 15 28 -1 0
540 71 8 0 -1
541 24 7 0 -1
542 47 2 0 -1
543 74 25 1 0
544 51 37 0 1
545 10 34 -1 0
546 24 28 0 1
547 51 12 0 1
548 40 17 -1 0
549 45 20 0 -1
550 41 16 0 1
551 93 35 1 0
552 43 19 -1 0
553 97 27 -1 0
554 69 25 -1 0
555 43 36 1 0
556 18 14 0 1
557 30 36 1 0
558 25 32 0 -1
559 20 12 -1 0
560 28 36 1 0
561 10 25 -1 0
562 99 15 0 -1
563 84 25 0 1
564 97 15 0 -1
565 29 4 0 -1
566 67 39 1 0
567 54 17 -1 0
568 1 19 -1 0
569 40 33 0 -1
570 72 35 0 1
571 69 18 0 -1
572 52 14 0 1
573 93 31 1 0
574 40 22 0 1
575 78 1 0 -1
576 25 10 0 1
577 3 19 0 -1
578 84 3 0 -1
579 23 33 1 0
580 6 23 0 -1
581 5 10 0 1
582 80 19 0 1
583 68 30 0 -1
584 55 18 -1 0
585 91 24 -1 0
586 22 12 0 1
587 67 5 1 0
588 84 13 1 0
589 84 19 -1 0
590 98 34 1 0
591 16 5 -1 0
592 25 2 1 0
593 1 18 0 1
594 35 30 1 0
595 26 34 -1 0
596 40 32 0 1
597 40 16 0 1
598 89 9 -1 0
599 99 12 -1 0
600 59 0 1 0
601 55 29 0 -1
602 44 9 0 1
603 69 3 0 -1
604 26 26 1 0
605 54 28 0 -1
606 24 22 0 -1
607 19 22 0 1
608 14 3 0 1
609 90 26 -1 0
610 40 5 1 0
611 31 8 1 0
612 14 0 1 0
613 81 36 0 1
614 18 26 1 0
615 99 38 0 1
616 56 22 -1 0
617 50 10 0 1
618 27 29 1 0
619 14 32 1 0
620 22 2 1 0
621 0 36 0 1
622 57 11 1 0
623 31 7 0 -1
624 49 5 0 -1
625 56 33 0 1
626 23 6 1 0
627 88 10 0 1
628 10 7 -1 0
629 38 24 -1 0
630 8 6 -1 0
631 52 7 -1 0
632 64 22 1 0
633 39 33 1 0
634 25 3 1 0
635 70 3 -1 0
636 42 23 0 -1
637 89 30 0 -1
638 87 29 1 0
639 18 12 -1 0
640 60 7 0 1
641 77 23 0 1
642 61 15 1 0
643 82 36 0 1
644 5 11 0 1
645 40 0 0 1
646 75 36 0 -1
647 85 27 0 -1
648 12 30 1 0
649 24 26 -1 0
650 68 34 0 1
651 98 27 0 -1
652 8 39 0 -1
653 34 26 0 -1
654 86 14 0 -1
655 23 16 0 1
656 38 15 1 0
657 37 29 -1 0
658 22 38 -1 0
659 9 10 -1 0
660 23 12 0 -1
661 88 17 0 1
662 43 18 1 0
663 8 11 -1 0
664 77 31 -1 0
665 38 13 -1 0
666 18 25 1 0
667 17 17 0 1
668 86 34 0 1
669 4 37 0 1
670 68 16 0 -1
671 48 39 -1 0
672 46 15 0 -1
673 20 3 0 1
674 39 6 0 1
675 23 28 1 0
676 93 1 0 1
677 43 28 0 1
678 71 15 0 -1
679 72 15 1 0
680 28 4 -1 0
681 99 8 1 0
682 65 18 0 1
683 48 4 -1 0
684 23 12 1 0
685 51 23 1 0
686 9 21 0 -1
687 28 13 1 0
688 25 12 1 0
689 5 22 1 0
690 18 1 1 0
691 44 22 0 1
692 14 25 1 0
693 15 35 -1 0
694 2 8 0 -1
695 37 37 0 1
696 54 4 0 1
697 39 33 0 1
698 43 26 0 -1
699 46 23 0 -1
700 58 3 0 -1
701 52 36 0 -1
702 24 9 0 -1
703 69 34 0 -1
704 38 31 1 0
705 43 25 0 1
706 20 13 1 0
707 12 23 0 1
708 38 3 -1 0
709 66 9 -1 0
710 59 29 -1 0
711 43 20 0 1
712 46 32 0 -1
713 37 28 0 -1
714 94 22 1 0
715 53 29 -1 0
716 8 20 1 0
717 29 17 -1 0
718 21 26 0 -1
719 22 4 0 -1
720 38 35 0 -1
721 50 13 1 0
722 96 20 0 1
723 95 14 -1 0
724 41 20 1 0
725 10 38 0 1
726 95 35 -1 0
727 6 16 -1 0
728 26 37 -1 0
729 11 10 0 -1
730 99 9 -1 0
731 65 34 0 1
732 15 30 0 -1
733 22 27 1 0
734 11 18 -1 0
735 24 9 -1 0
736 70 19 0 -1
737 76 37 1 0
738 81 0 -1 0
739 1 23 -1 0
740 40 6 0 -1
741 79 26 0 -1
742 99 10 0 1
743 22 22 -1 0
744 68 29 0 1
745 23 30 0 -1
746 72 10 0 1
747 25 12 1 0
748 87 27 0 1
749 75 14 1 0
750 17 31 -1 0
751 4 17 0 1
752 76 26 0 -1
753 21 4 1 0
754 92 25 0 1
755 40 23 -1 0
756 47 25 0 1
757 98 19 1 0
758 46 24 1 0
759 52 15 -1 0
760 24 6 -1 0
761 23 12 -1 0
762 17 14 -1 0
763 22 4 0 1
764 10 3 -1 0
765 51 39 0 -1
766 51 35 1 0
767 66 15 -1 0
768 3 35 -1 0
769 98 33 1 0
770 22 20 0 -1
771 22 29 0 -1
772 97 32 -1 0
773 23 18 -1 0
774 43 22 0 -1
775 73 19 1 0
776 6 32 0 -1
777 2 19 1 0
778 38 29 0 -1
779 93 36 1 0
780 11 5 1 0
781 92 5 1 0
782 92 37 0 1
783 40 4 1 0
784 75 3 -1 0
785 29 35 0 1
786 9 27 0 1
787 19 23 -1 0
788 6 27 -1 0
789 12 32 0 1
790 24 17 0 -1
791 8 20 0 -1
792 25 16 1 0
793 25 17 0 -1
794 58 2 0 1
795 76 26 -1 0
796 7 26 0 -1
797 96 24 -1 0
798 70 36 1 0
799 95 38 0 1
800 73 0 1 0
801 20 15 1 0
802 62 23 -1 0
803 40 19 -1 0
804 80 12 1 0
805 60 11 0 1
806 73 39 -1 0
807 7 27 -1 0
808 36 37 1 0
809 40 18 0 1
810 29 38 -1 0
811 92 14 0 -1
812 97 25 0 -1
813 19 24 -1 0
814 98 11 0 1
815 8 26 0 1
816 55 28 0 -1
817 40 5 0 1
818 3 18 0 1
819 78 18 -1 0
820 26 15 -1 0
821 48 8 0 1
822 65 15 -1 0
823 56 18 1 0
824 10 13 1 0
825 15 33 1 0
826 90 6 1 0
827 93 12 0 -1
828 15 14 1 0
829 47 6 1 0
830 93 32 -1 0
831 43 9 1 0
832 27 34 0 1
833 70 38 1 0
834 36 8 0 -1
835 17 10 -1 0
836 90 24 0 1
837 16 38 0 1
838 88 14 0 1
839 44 13 0 1
840 68 19 -1 0
841 68 13 0 1
842 18 3 0 -1
843 47 14 1 0
844 8 15 0 -1
845 24 2 1 0
846 87 4 -1 0
847 74 27 0 1
848 70 17 1 0
849 97 17 0 1
850 79 15 -1 0
851 1 5 0 1
852 10 33 -1 0
853 12 25 0 1
854 18 38 0 1
855 56 35 -1 0
856 21 11 1 0
857 15 27 0 -1
858 56 37 1 0
859 86 34 0 1
860 10 7 0 1
861 47 0 -1 0
862 67 2 0 -1
863 64 4 0 -1
864 23 33 1 0
865 2 1 -1 0
866 89 17 0 -1
867 58 1 -1 0
868 54 3 0 -1
869 14 20 1 0
870 48 33 0 1
871 23 1 0 -1
872 0 34 0 1
873 27 34 -1 0
874 56 14 -1 0
875 41 34 1 0
876 14 29 0 1
877 81 28 -1 0
878 15 34 0 1
879 46 22 0 1
880 83 0 1 0
881 24 35 0 1
882 58 14 -1 0
883 12 17 0 1
884 90 26 1 0
885 58 10 1 0
886 5 13 -1 0
887 51 33 -1 0
888 26 10 0 1
889 98 1 0 1
890 10 27 -1 0
891 60 38 0 1
892 65 22 1 0
893 46 12 -1 0
894 3 5 -1 0
895 14 2 0 -1
896 53 26 0 -1
897 30 29 1 0
898 4 24 0 -1
899 38 9 -1 0
900 27 27 1 0
901 42 22 1 0
902 17 34 -1 0
903 25 9 -1 0
904 31 29 -1 0
905 9 4 0 -1
906 98 10 -1 0
907 40 6 0 -1
908 63 14 0 1
909 25 38 -1 0
910 39 16 0 1
911 38 14 -1 0
912 9 38 1 0
913 77 2 -1 0
914 44 25 0 -1
915 22 23 0 1
916 96 31 1 0
917 68 6 -1 0
918 91 21 0 1
919 47 5 -1 0
920 2 1 0 1
921 5 28 0 -1
922 2 3 1 0
923 57 39 0 1
924 24 30 0 -1
925 25 1 1 0
926 80 22 0 1
927 23 20 0 1
928 54 39 0 -1
929 10 11 -1 0
930 1 1 -1 0
931 2 8 0 1
932 20 32 0 1
933 53 31 0 -1
934 95 3 -1 0
935 46 39 -1 0
936 28 24 0 -1
937 57 5 0 1
938 15 30 0 -1
939 77 4 0 -1
940 93 8 -1 0
941 47 11 -1 0
942 21 30 0 1
943 16 29 1 0
944 29 28 -1 0
945 81 30 -1 0
946 19 27 0 1
947 91 14 -1 0
948 81 34 0 1
949 97 26 -1 0
950 12 7 0 -1
951 19 23 0 -1
952 9 2 0 -1
953 86 16 -1 0
954 19 32 1 0
955 28 30 0 -1
956 86 15 0 1
957 52 8 -1 0
958 7 12 1 0
959 20 37 -1 0
960 15 32 0 1
961 21 33 1 0
962 0 12 0 1
963 20 14 -1 0
964 53 6 0 1
965 49 20 0 1
966 27 16 1 0
967 26 30 0 1
968 53 14 0 1
969 44 38 1 0
970 36 24 0 1
971 25 5 1 0
972 48 27 0 1
973 99 22 1 0
974 78 38 0 1
975 40 2 -1 0
976 59 11 0 -1
977 74 19 -1 0
978 71 27 1 0
979 86 20 1 0
980 26 3 1 0
981 2 30 -1 0
982 16 14 -1 0
983 70 33 0 1
984 44 8 -1 0
985 85 27 1 0
986 7 11 -1 0
987 72 26 -1 0
988 99 8 0 1
989 80 20 0 1
990 1 28 -1 0
991 73 29 0 1
992 29 16 0 -1
993 16 17 0 -1
994 28 3 0 -1
995 18 35 1 0
996 94 24 0 -1
997 21 37 0 1
998 30 28 -1 0
999 23 1 -1 0
1000 19 31 -1 0
1001 67 29 -1 0
1002 60 30 0 -1
1003 4 12 1 0
1004 59 24 1 0
1005 73 36 0 -1
1006 77 29 1 0
1007 16 16 0 1
1008 93 31 -1 0
1009 41 1 0 1
1010 9 10 1 0
1011 0 12 1 0
1012 80 23 0 -1
1013 12 2 0 1
1014 79 18 0 1
1015 78 12 0 -1
1016 88 27 -1 0
1017 68 2 -1 0
1018 49 2 0 -1
1019 57 35 0 -1
1020 16 3 0 -1
1021 26 7 -1 0
1022 40 24 1 0
1023 50 13 -1 0
1024 11 1 -1 0
1025 47 6 0 -1
1026 17 26 0 -1
1027 27 0 -1 0
1028 6 9 0 1
1029 8 5 0 -1
1030 93 7 1 0
1031 89 4 0 -1
1032 4 6 0 -1
1033 64 24 0 -1
1034 19 7 1 0
1035 20 26 0 1
1036 36 21 -1 0
1037 58 34 0 -1
1038 76 5 1 0
1039 18 22 -1 0
1040 77 26 0 1
1041 0 2 0 1
1042 20 6 -1 0
1043 20 14 0 -1
1044 74 35 0 1
1045 93 6 0 -1
1046 43 31 0 1
1047 44 29 0 -1
1048 40 34 1 0
1049 95 8 0 1
1050 62 19 1 0
1051 42 26 -1 0
1052 71 30 -1 0
1053 74 22 0 -1
1054 15 15 1 0
1055 42 17 -1 0
1056 0 11 0 -1
1057 87 13 -1 0
1058 19 14 -1 0
1059 53 19 1 0
1060 24 10 1 0
1061 47 6 0 1
1062 10 28 0 1
1063 31 39 1 0
1064 1 8 1 0
1065 61 1 0 1
1066 20 8 0 1
1067 40 30 0 -1
1068 24 31 -1 0
1069 9 18 -1 0
1070 1 26 1 0
1071 7 10 0 -1
1072 20 23 0 -1
1073 55 9 -1 0
1074 89 37 0 -1
1075 44 27 1 0
1076 44 32 0 -1
1077 20 1 0 -1
1078 42 14 1 0
1079 28 6 0 -1
1080 44 8 1 0
1081 21 18 1 0
1082 4 4 1 0
1083 81 36 1 0
1084 74 29 0 1
1085 21 33 -1 0
1086 91 31 0 -1
1087 24 22 0 -1
1088 14 33 1 0
1089 81 25 0 -1
1090 14 10 1 0
1091 18 6 0 1
1092 30 28 0 1
1093 62 20 -1 0
1094 17 30 0 -1
1095 55 4 0 -1
1096 38 17 1 0
1097 9 0 0 -1
1098 57 3 0 1
1099 20 24 0 -1
1100 26 34 0 -1
1101 83 33 1 0
1102 52 4 1 0
1103 23 19 1 0
1104 93 7 0 -1
1105 93 27 -1 0
1106 39 14 1 0
1107 5 31 1 0
1108 1 32 0 -1
1109 41 17 -1 0
1110 60 31 -1 0
1111 98 2 -1 0
1112 36 23 1 0
1113 1 37 1 0
1114 62 30 -1 0
1115 47 1 0 -1
1116 69 23 0 -1
1117 16 28 0 1
1118 60 17 -1 0
1119 60 18 -1 0
1120 55 19 0 1
1121 94 26 1 0
1122 78 19 0 1
1123 8 13 -1 0
1124 41 19 -1 0
1125 14 14 1 0
1126 23 29 0 1
1127 3 9 0 -1
1128 45 36 -1 0
1129 70 3 0 -1
1130 10 3 -1 0
1131 44 19 0 -1
1132 67 24 -1 0
1133 15 24 1 0
1134 54 28 -1 0
1135 40 13 1 0
1136 30 5 1 0
1137 39 38 0 1
1138 50 13 1 0
1139 0 3 1 0
1140 98 34 0 1
1141 2 24 0 -1
1142 99 38 1 0
1143 63 29 1 0
1144 45 16 0 -1
1145 66 16 1 0
1146 63 2 0 -1
1147 41 20 0 -1
1148 25 32 -1 0
1149 71 23 -1 0
1150 11 12 1 0
1151 37 23 0 1
1152 88 14 -1 0
1153 52 11 -1 0
1154 94 6 1 0
1155 75 39 1 0
1156 28 12 1 0
1157 89 7 1 0
1158 16 3 1 0
1159 10 5 -1 0
1160 86 10 0 1
1161 24 13 0 1
1162 38 36 1 0
1163 86 34 1 0
1164 18 23 -1 0
1165 47 34 0 -1
1166 4 34 1 0
1167 1 10 -1 0
1168 44 5 -1 0
1169 96 12 -1 0
1170 57 14 0 1
1171 72 35 0 -1
1172 21 35 1 0
1173 22 9 -1 0
1174 87 6 0 -1
1175 25 4 0 -1
1176 8 4 0 -1
1177 25 0 0 1
1178 80 12 1 0
1179 77 21 0 1
1180 15 11 0 1
1181 21 16 -1 0
1182 18 15 0 -1
1183 93 0 1 0
1184 16 1 0 -1
1185 61 21 0 1
1186 68 29 -1 0
1187 67 13 0 -1
1188 78 13 0 -1
1189 25 6 1 0
1190 40 27 -1 0
1191 40 0 1 0
1192 81 20 0 -1
1193 99 15 -1 0
1194 49 36 -1 0
1195 36 6 0 1
1196 93 24 1 0
1197 85 31 1 0
1198 0 17 -1 0
1199 51 12 1 0
1200 10 30 1 0
1201 88 9 1 0
1202 70 17 0 -1
1203 46 33 1 0
1204 66 20 1 0
1205 83 2 1 0
1206 46 38 1 0
1207 27 15 0 -1
1208 98 30 1 0
1209 51 12 0 -1
1210 88 18 1 0
1211 11 6 0 1
1212 29 9 0 1
1213 36 35 -1 0
1214 65 26 -1 0
1215 19 21 0 1
1216 41 38 0 -1
1217 61 31 0 1
1218 83 13 0 1
1219 6 28 1 0
1220 50 5 -1 0
1221 23 34 -1 0
1222 49 30 0 -1
1223 19 34 -1 0
1224 30 27 0 -1
1225 61 13 -1 0
1226 75 38 1 0
1227 21 31 0 -1
1228 10 16 1 0
1229 48 8 0 1
1230 38 26 0 1
1231 93 27 -1 0
1232 81 29 0 1
1233 88 10 0 1
1234 14 11 0 1
1235 85 5 0 1
1236 78 25 1 0
1237 36 12 0 -1
1238 91 9 0 1
1239 5 3 0 -1
1240 42 2 0 1
1241 72 31 1 0
1242 36 23 0 1
1243 17 29 -1 0
1244 94 39 0 -1
1245 62 34 0 -1
1246 43 31 -1 0
1247 3 24 -1 0
1248 3 35 0 1
1249 50 8 1 0
1250 91 1 1 0
1251 8 36 -1 0
1252 41 39 -1 0
1253 9 31 0 -1
1254 41 26 0 1
1255 13 0 0 -1
1256 39 0 0 -1
1257 5 28 1 0
1258 92 36 -1 0
1259 86 30 0 -1
1260 14 14 -1 0
1261 69 2 0 -1
1262 94 15 1 0
1263 25 37 0 -1
1264 24 12 0 1
1265 6 8 1 0
1266 17 38 1 0
1267 53 19 -1 0
1268 93 38 0 1
1269 39 12 -1 0
1270 12 5 0 1
1271 5 37 0 -1
1272 38 36 -1 0
1273 30 33 0 -1
1274 17 30 1 0
1275 23 14 -1 0
1276 13 15 -1 0
1277 16 3 0 1
1278 89 9 -1 0
1279 51 7 0 -1
1280 54 29 0 -1
1281 42 20 -1 0
1282 25 19 0 1
1283 79 23 0 -1
1284 4 14 -1 0
1285 82 30 0 1
1286 79 6 -1 0
1287 31 38 -1 0
1288 42 21 1 0
1289 19 27 0 -1
1290 13 25 -1 0
1291 42 0 0 1
1292 9 7 0 1
1293 18 8 0 -1
1294 0 13 1 0
1295 45 5 -1 0
1296 79 36 1 0
1297 45 39 1 0
1298 97 27 1 0
1299 89 20 0 -1
1300 39 37 0 -1
1301 53 1 0 1
1302 12 37 0 1
1303 39 34 1 0
1304 93 18 1 0
1305 98 1 1 0
1306 64 3 0 1
1307 26 3 0 1
1308 81 9 0 1
1309 41 0 0 -1
1310 42 37 0 1
1311 3 28 -1 0
1312 88 38 0 -1
1313 40 26 -1 0
1314 83 13 0 1
1315 28 25 1 0
1316 44 9 0 -1
1317 87 11 -1 0
1318 87 6 -1 0
1319 94 1 0 1
1320 87 7 1 0
1321 77 19 0 -1
1322 19 9 1 0
1323 23 7 0 -1
1324 36 23 -1 0
1325 49 39 0 1
1326 6 10 1 0
1327 79 25 -1 0
1328 67 36 -1 0
1329 52 4 0 1
1330 84 35 0 1
1331 23 24 0 -1
1332 4 24 1 0
1333 22 17 0 1
1334 16 27 1 0
1335 26 24 -1 0
1336 35 30 0 1
1337 40 0 0 -1
1338 86 5 0 -1
1339 83 16 0 1
1340 73 29 0 -1
1341 86 18 1 0
1342 8 18 1 0
1343 45 10 -1 0
1344 32 16 0 1
1345 81 38 -1 0
1346 94 19 1 0
1347 7 2 1 0
1348 26 7 0 -1
1349 73 33 1 0
1350 20 25 0 -1
1351 22 34 0 -1
1352 14 36 0 1
1353 97 9 0 1
1354 21 7 0 -1
1355 86 16 -1 0
1356 22 16 1 0
1357 45 27 1 0
1358 24 36 0 -1
1359 63 28 -1 0
1360 14 32 -1 0
1361 16 18 0 -1
1362 48 16 1 0
1363 53 1 1 0
1364 83 3 0 -1
1365 53 26 0 -1
1366 37 37 -1 0
1367 47 34 -1 0
1368 21 6 0 1
1369 66 23 1 0
1370 6 12 0 1
1371 36 27 1 0
1372 19 38 0 1
1373 25 25 0 -1
1374 19 20 1 0
1375 74 8 1 0
1376 48 4 0 1
1377 77 15 0 1
1378 97 35 0 -1
1379 97 22 0 1
1380 62 25 1 0
1381 81 32 0 1
1382 47 5 -1 0
1383 21 36 1 0
1384 31 14 0 1
1385 90 37 0 -1
1386 92 14 1 0
1387 54 18 -1 0
1388 75 23 0 1
1389 87 3 -1 0
1390 29 4 0 1
1391 67 11 0 -1
1392 17 15 1 0
1393 36 14 0 1
1394 13 23 -1 0
1395 6 30 0 1
1396 56 23 0 -1
1397 51 1 0 1
1398 37 23 0 1
1399 98 13 0 -1
1400 21 14 1 0
1401 40 11 0 -1
1402 40 34 1 0
1403 39 7 -1 0
1404 99 13 0 1
1405 10 2 -1 0
1406 86 3 1 0
1407 72 1 1 0
1408 8 5 0 1
1409 55 33 -1 0
1410 3 5 0 -1
1411 0 1 0 1
1412 8 31 0 -1
1413 78 28 0 1
1414 74 39 -1 0
1415 88 11 0 1
1416 50 25 -1 0
1417 87 10 1 0
1418 24 16 -1 0
1419 70 5 0 1
1420 18 31 1 0
1421 94 15 -1 0
1422 9 36 0 1
1423 24 29 0 1
1424 47 7 0 -1
1425 22 12 0 -1
1426 8 30 1 0
1427 88 12 0 -1
1428 1 33 0 -1
1429 23 20 0 -1
1430 22 26 -1 0
1431 45 22 0 -1
1432 92 1 1 0
1433 70 10 0 -1
1434 50 28 0 1
1435 23 18 0 1
1436 42 31 0 -1
1437 78 3 -1 0
1438 8 23 -1 0
1439 2 16 0 -1
1440 23 31 0 -1
1441 84 15 1 0
1442 90 26 0 1
1443 6 11 0 -1
1444 88 36 -1 0
1445 7 7 0 1
1446 73 18 0 -1
1447 92 20 0 -1
1448 41 35 0 1
1449 79 21 0 -1
1450 42 4 0 -1
1451 13 13 -1 0
1452 86 29 1 0
1453 54 19 0 -1
1454 80 20 -1 0
1455 47 0 0 -1
1456 55 10 0 1
1457 4 23 -1 0
1458 25 17 -1 0
1459 97 2 1 0
1460 29 3 -1 0
1461 28 36 1 0
1462 40 14 -1 0
1463 17 25 0 -1
1464 43 0 0 -1
1465 28 10 0 1
1466 45 13 0 1
1467 71 33 1 0
1468 77 11 -1 0
1469 90 5 -1 0
1470 10 30 -1 0
1471 40 9 0 -1
1472 21 34 1 0
1473 42 38 0 1
1474 18 9 0 1
1475 98 8 0 -1
1476 11 39 0 -1
1477 6 22 1 0
1478 25 5 -1 0
1479 99 9 1 0
1480 27 3 1 0
1481 55 20 0 1
1482 89 2 1 0
1483 74 3 0 1
1484 8 6 0 -1
1485 71 21 0 -1
1486 0 1 1 0
1487 55 3 0 1
1488 22 13 -1 0
1489 22 14 0 -1
1490 92 23 0 1
1491 24 19 1 0
1492 8 37 1 0
1493 83 11 1 0
1494 16 30 0 1
1495 41 9 0 -1
1496 42 24 -1 0
1497 23 2 0 1
1498 12 2 0 -1
1499 16 26 0 1
1500 3 17 0 1
1501 48 18 1 0
1502 27 33 -1 0
1503 80 26 -1 0
1504 86 13 -1 0
1505 86 5 -1 0
1506 90 29 1 0
1507 44 16 -1 0
1508 13 9 0 -1
1509 21 8 0 -1
1510 59 29 0 1
1511 23 38 0 -1
1512 97 20 0 -1
1513 26 24 1 0
1514 98 2 0 -1
1515 63 8 0 -1
1516 39 35 1 0
1517 16 18 0 -1
1518 16 5 0 -1
1519 14 4 0 -1
1520 2 35 1 0
1521 31 0 0 -1
1522 99 28 1 0
1523 30 15 0 1
1524 27 6 0 -1
1525 27 18 0 1
1526 80 3 1 0
1527 86 20 1 0
1528 27 39 0 1
1529 47 10 1 0
1530 56 9 -1 0
1531 17 23 0 -1
1532 31 6 -1 0
1533 44 18 0 1
1534 79 12 1 0
1535 23 17 -1 0
1536 22 7 0 -1
1537 93 30 0 1
1538 66 26 0 1
1539 75 13 0 -1
1540 36 19 0 -1
1541 40 16 -1 0
1542 22 3 1 0
1543 60 22 1 0
1544 35 37 0 1
1545 22 17 1 0
1546 67 2 -1 0
1547 15 19 -1 0
1548 19 25 1 0
1549 22 26 1 0
1550 83 28 0 -1
1551 9 3 0 1
1552 84 13 0 1
1553 23 18 -1 0
1554 42 37 -1 0
1555 22 21 -1 0
1556 96 22 1 0
1557 17 36 0 -1
1558 16 10 1 0
1559 12 13 0 1
1560 47 14 0 1
1561 40 13 0 -1
1562 43 4 -1 0
1563 53 16 1 0
1564 18 30 0 -1
1565 45 37 0 -1
1566 30 16 1 0
1567 73 16 -1 0
1568 73 37 1 0
1569 95 17 -1 0
1570 65 18 0 -1
1571 25 31 0 1
1572 43 28 -1 0
1573 19 16 1 0
1574 85 33 -1 0
1575 18 26 0 1
1576 65 1 0 -1
1577 16 0 0 1
1578 23 29 1 0
1579 92 19 1 0
1580 16 35 0 -1
1581 99 32 1 0
1582 21 22 0 1
1583 94 30 0 -1
1584 41 39 1 0
1585 24 29 -1 0
1586 86 2 -1 0
1587 12 12 0 1
1588 68 30 1 0
1589 45 10 0 -1
1590 24 36 1 0
1591 24 27 0 -1
1592 5 32 0 1
1593 89 26 0 -1
1594 40 8 -1 0
1595 52 17 0 -1
1596 39 16 -1 0
1597 22 22 0 -1
1598 92 12 -1 0
1599 79 3 0 1
1600 63 10 0 -1
1601 20 2 0 -1
1602 15 1 0 1
1603 0 17 0 -1
1604 67 4 0 -1
1605 39 29 0 -1
1606 17 29 -1 0
1607 84 35 -1 0
1608 93 0 -1 0
1609 14 5 -1 0
1610 89 28 0 -1
1611 14 2 1 0
1612 76 16 0 -1
1613 2 25 -1 0
1614 14 16 0 -1
1615 83 39 0 -1
1616 39 19 -1 0
1617 14 10 0 1
1618 57 32 0 -1
1619 16 31 0 -1
1620 18 36 0 1
1621 86 13 0 -1
1622 47 29 -1 0
1623 56 30 1 0
1624 0 6 0 1
1625 94 1 0 -1
1626 8 16 0 1
1627 23 6 0 1
1628 43 17 0 -1
1629 37 7 0 -1
1630 14 11 -1 0
1631 74 31 1 0
1632 10 14 1 0
1633 15 28 0 1
1634 15 10 0 -1
1635 42 1 -1 0
1636 8 27 0 -1
1637 90 21 -1 0
1638 78 30 -1 0
1639 55 18 0 -1
1640 43 6 1 0
1641 21 39 0 -1
1642 51 2 0 -1
1643 67 5 0 1
1644 54 10 0 1
1645 71 18 0 1
1646 68 11 1 0
1647 93 21 0 -1
1648 10 14 -1 0
1649 42 0 -1 0
1650 52 19 1 0
1651 55 11 1 0
1652 59 32 0 1
1653 18 39 0 -1
1654 37 27 -1 0
1655 55 28 0 -1
1656 91 11 -1 0
1657 65 28 0 1
1658 52 35 0 1
1659 20 33 0 1
1660 3 28 0 1
1661 39 38 -1 0
1662 43 39 0 1
1663 15 39 1 0
1664 44 34 0 -1
1665 91 21 -1 0
1666 4 29 -1 0
1667 84 37 0 1
1668 77 18 1 0
1669 27 37 1 0
1670 63 22 0 -1
1671 21 16 0 1
1672 95 32 1 0
1673 18 33 -1 0
1674 54 34 1 0
1675 18 21 1 0
1676 91 31 0 1
1677 42 23 -1 0
1678 9 3 1 0
1679 77 28 -1 0
1680 47 10 -1 0
1681 5 17 0 1
1682 93 17 0 1
1683 67 34 0 1
1684 44 11 0 -1
1685 36 26 -1 0
1686 98 3 -1 0
1687 92 16 -1 0
1688 88 11 -1 0
1689 14 18 -1 0
1690 99 24 1 0
1691 47 12 0 -1
1692 72 36 1 0
1693 13 35 0 -1
1694 19 24 -1 0
1695 72 10 1 0
1696 90 8 -1 0
1697 20 22 1 0
1698 37 34 0 -1
1699 1 21 -1 0
1700 30 5 0 -1
1701 2 20 0 1
1702 8 29 1 0
1703 24 13 0 1
1704 75 30 1 0
1705 85 6 0 1
1706 43 4 1 0
1707 81 19 1 0
1708 66 1 1 0
1709 39 8 1 0
1710 49 34 -1 0
1711 4 38 0 -1
1712 92 35 1 0
1713 36 5 0 -1
1714 4 1 0 -1
1715 39 4 1 0
1716 15 7 -1 0
1717 51 38 -1 0
1718 24 11 0 -1
1719 43 0 1 0
1720 43 38 0 1
1721 19 20 0 1
1722 14 9 1 0
1723 91 18 1 0
1724 11 28 -1 0
1725 98 28 1 0
1726 60 39 0 -1
1727 28 3 1 0
1728 29 8 0 1
1729 83 23 0 1
1730 37 14 -1 0
1731 39 5 0 1
1732 38 13 0 1
1733 19 16 1 0
1734 11 5 1 0
1735 2 39 0 1
1736 73 4 1 0
1737 7 7 0 -1
1738 83 28 0 -1
1739 39 20 0 1
1740 56 10 0 -1
1741 22 13 1 0
1742 83 8 -1 0
1743 55 27 0 1
1744 72 34 0 1
1745 78 25 1 0
1746 73 22 0 -1
1747 46 32 -1 0
1748 91 38 -1 0
1749 88 36 1 0
1750 36 5 0 1
1751 52 38 0 -1
1752 89 4 0 -1
1753 27 31 -1 0
1754 27 20 -1 0
1755 40 9 0 -1
1756 7 9 1 0
1757 71 11 1 0
1758 63 37 -1 0
1759 38 23 1 0
1760 13 25 -1 0
1761 14 22 0 -1
1762 73 14 -1 0
1763 19 12 -1 0
1764 89 11 0 -1
1765 3 27 -1 0
1766 17 29 0 -1
1767 20 38 0 1
1768 42 39 -1 0
1769 29 3 1 0
1770 71 13 -1 0
1771 77 15 1 0
1772 46 8 0 1
1773 19 28 -1 0
1774 94 19 0 1
1775 78 13 0 -1
1776 84 7 -1 0
1777 62 17 0 -1
1778 66 2 -1 0
1779 21 21 1 0
1780 10 9 1 0
1781 89 13 -1 0
1782 47 3 0 -1
1783 41 24 0 -1
1784 90 5 -1 0
1785 9 9 1 0
1786 29 4 -1 0
1787 22 15 0 -1
1788 16 16 -1 0
1789 45 28 -1 0
1790 74 13 -1 0
1791 21 15 0 -1
1792 90 18 1 0
1793 49 28 -1 0
1794 21 0 1 0
1795 28 1 0 1
1796 59 14 0 -1
1797 77 22 0 -1
1798 29 9 0 1
1799 43 15 0 -1
1800 57 23 1 0
1801 27 29 1 0
1802 24 32 1 0
1803 90 14 0 -1
1804 65 19 0 1
1805 45 1 1 0
1806 90 22 0 1
1807 69 25 0 -1
1808 43 8 0 -1
1809 38 16 0 -1
1810 11 33 0 1
1811 91 19 0 -1
1812 21 27 1 0
1813 99 2 0 1
1814 93 10 -1 0
1815 90 16 1 0
1816 54 3 0 1
1817 57 2 -1 0
1818 86 12 0 1
1819 42 15 0 1
1820 45 25 -1 0
1821 23 6 1 0
1822 86 6 0 1
1823 31 1 0 1
1824 0 26 -1 0
1825 16 7 1 0
1826 59 19 -1 0
1827 87 2 -1 0
1828 46 5 1 0
1829 56 23 1 0
1830 4 6 0 1
1831 59 6 -1 0
1832 85 29 -1 0
1833 97 2 0 1
1834 66 11 0 1
1835 87 17 0 1
1836 42 28 0 -1
1837 21 27 1 0
1838 52 23 1 0
1839 44 25 1 0
1840 54 38 0 1
1841 56 38 1 0
1842 7 12 0 1
1843 20 33 0 1
1844 0 2 1 0
1845 42 38 0 -1
1846 53 38 1 0
1847 55 16 0 -1
1848 54 0 -1 0
1849 73 8 0 -1
1850 45 7 -1 0
1851 56 20 0 1
1852 95 29 0 1
1853 41 27 0 -1
1854 58 34 -1 0
1855 77 1 0 -1
1856 16 1 0 1
1857 46 2 -1 0
1858 74 4 -1 0
1859 29 22 -1 0
1860 8 9 0 -1
1861 86 12 1 0
1862 88 39 1 0
1863 10 17 -1 0
1864 27 5 1 0
1865 49 6 1 0
1866 18 6 0 1
1867 13 14 0 -1
1868 12 20 -1 0
1869 22 16 -1 0
1870 91 27 0 1
1871 15 37 0 1
1872 13 33 1 0
1873 98 28 0 1
1874 14 5 0 1
1875 23 7 0 1
1876 40 28 -1 0
1877 37 15 0 1
1878 7 19 0 1
1879 29 23 0 -1
1880 43 20 0 1
1881 18 18 0 -1
1882 44 5 0 1
1883 72 32 0 -1
1884 75 6 0 1
1885 40 8 -1 0
1886 89 3 1 0
1887 1 14 1 0
1888 23 36 1 0
1889 75 1 0 1
1890 24 28 0 -1
1891 25 35 0 1
1892 23 17 -1 0
1893 20 17 0 1
1894 9 3 0 -1
1895 54 16 0 -1
1896 20 22 0 -1
1897 64 6 0 1
1898 79 24 -1 0
1899 44 17 -1 0
1900 20 30 0 -1
1901 25 1 1 0
1902 7 26 -1 0
1903 39 14 0 -1
1904 26 32 0 -1
1905 7 27 -1 0
1906 49 24 0 -1
1907 95 37 1 0
1908 5 23 0 -1
1909 19 3 -1 0
1910 4 3 1 0
1911 21 12 -1 0
1912 1 35 -1 0
1913 83 35 1 0
1914 96 19 1 0
1915 87 32 0 -1
1916 54 21 0 -1
1917 4 32 0 1
1918 48 1 -1 0
1919 11 37 1 0
1920 77 23 1 0
1921 51 35 0 -1
1922 78 26 1 0
1923 57 10 1 0
1924 72 24 0 -1
1925 45 22 0 -1
1926 20 23 0 1
1927 96 32 0 1
1928 56 38 -1 0
1929 50 32 1 0
1930 54 7 1 0
1931 49 13 0 -1
1932 4 37 0 1
1933 41 19 -1 0
1934 70 19 0 1
1935 43 25 1 0
1936 95 26 1 0
1937 27 23 -1 0
1938 2 0 -1 0
1939 10 30 0 1
1940 30 30 1 0
1941 98 29 1 0
1942 28 1 0 1
1943 52 9 0 -1
1944 54 37 0 -1
1945 87 14 1 0
1946 10 4 0 -1
1947 84 17 0 1
1948 23 32 0 1
1949 16 14 -1 0
1950 92 33 -1 0
1951 98 32 -1 0
1952 23 25 -1 0
1953 13 8 1 0
1954 92 39 1 0
1955 39 28 1 0
1956 39 21 0 1
1957 6 37 0 1
1958 55 19 0 1
1959 30 17 0 -1
1960 70 34 0 -1
1961 35 32 0 -1
1962 54 24 0 -1
1963 20 5 0 1
1964 15 26 1 0
1965 11 17 0 -1
1966 5 21 0 -1
1967 24 39 -1 0
1968 89 5 0 -1
1969 78 21 -1 0
1970 57 16 0 -1
1971 56 22 0 -1
1972 75 16 -1 0
1973 50 0 0 -1
1974 38 39 0 -1
1975 2 28 0 1
1976 95 28 0 -1
1977 3 11 -1 0
1978 21 0 0 -1
1979 14 36 1 0
1980 90 39 0 1
1981 93 7 0 -1
1982 88 27 0 -1
1983 46 33 -1 0
1984 59 24 0 1
1985 83 3 0 1
1986 0 1 0 -1
1987 63 38 0 -1
1988 41 34 0 1
1989 74 20 0 -1
1990 16 39 1 0
1991 16 18 0 1
1992 45 2 0 1
1993 74 39 0 1
1994 22 14 1 0
1995 45 26 1 0
1996 4 26 0 -1
1997 4 15 0 -1
1998 29 22 0 -1
1999 41 25 0 -1
2000 3 18 -1 0
2001 76 26 1 0
2002 24 36 0 1
2003 39 35 -1 0
2004 21 28 -1 0
2005 85 33 -1 0
2006 39 34 0 -1
2007 10 2 -1 0
2008 56 13 0 1
2009 24 20 -1 0
2010 98 28 1 0
2011 58 32 0 1
2012 85 21 0 -1
2013 52 33 0 -1
2014 4 9 -1 0
2015 70 15 -1 0
2016 2 19 0 1
2017 20 15 0 1
2018 24 19 0 -1
2019 28 10 -1 0
2020 37 20 -1 0
2021 45 35 0 -1
2022 52 11 0 -1
2023 49 32 1 0
2024 45 39 0 1
2025 44 16 1 0
2026 95 26 0 1
2027 77 27 0 1
2028 46 28 0 -1
2029 63 29 0 -1
2030 20 29 0 -1
2031 44 28 0 1
2032 3 24 0 -1
2033 67 10 0 1
2034 44 35 0 -1
2035 82 33 -1 0
2036 36 0 1 0
2037 96 5 0 -1
2038 81 36 1 0
2039 88 31 1 0
2040 64 20 0 1
2041 91 16 0 -1
2042 29 33 1 0
2043 21 25 0 1
2044 48 5 -1 0
2045 23 8 -1 0
2046 31 31 0 1
2047 62 31 -1 0
2048 18 29 0 -1
2049 25 32 0 1
2050 44 30 -1 0
2051 91 2 0 -1
2052 56 20 -1 0
2053 1 1 0 -1
2054 4 35 0 1
2055 85 38 0 1
2056 98 6 -1 0
2057 83 25 0 1
2058 16 29 1 0
2059 81 23 -1 0
2060 10 9 1 0
2061 21 6 0 -1
2062 90 21 0 -1
2063 48 21 0 1
2064 39 1 0 1
2065 51 4 1 0
2066 77 28 0 -1
2067 50 39 0 -1
2068 75 8 1 0
2069 13 36 1 0
2070 89 3 0 1
2071 59 23 1 0
2072 70 8 -1 0
2073 38 8 0 1
2074 8 3 1 0
2075 46 14 0 1
2076 66 37 -1 0
2077 47 2 1 0
2078 79 31 0 1
2079 39 25 -1 0
2080 38 28 0 1
2081 22 18 -1 0
2082 56 5 0 1
2083 13 33 0 -1
2084 28 29 0 1
2085 11 25 0 1
2086 9 34 1 0
2087 39 38 0 1
2088 20 27 0 1
2089 56 12 -1 0
2090 96 4 0 -1
2091 46 37 1 0
2092 53 5 1 0
2093 92 29 0 -1
2094 42 39 0 1
2095 52 18 -1 0
2096 79 19 0 -1
2097 20 3 1 0
2098 28 3 -1 0
2099 10 15 1 0
2100 78 5 0 -1
2101 66 13 0 1
2102 12 12 0 -1
2103 14 21 1 0
2104 63 32 -1 0
2105 23 26 1 0
2106 71 33 0 1
2107 78 11 1 0
2108 21 14 1 0
2109 22 28 0 -1
2110 56 26 -1 0
2111 25 33 0 1
2112 77 38 0 -1
2113 54 37 -1 0
2114 68 17 0 -1
2115 75 22 0 -1
2116 3 5 0 1
2117 44 3 1 0
2118 38 24 0 -1
2119 16 14 0 -1
2120 12 25 0 -1
2121 74 27 1 0
2122 93 3 0 -1
2123 12 20 0 -1
2124 58 38 0 -1
2125 69 37 0 -1
2126 78 32 -1 0
2127 42 22 0 -1
2128 0 36 0 1
2129 11 22 -1 0
2130 16 32 0 -1
2131 9 20 1 0
2132 14 28 -1 0
2133 18 9 1 0
2134 77 0 0 1
2135 19 31 1 0
2136 43 11 1 0
2137 21 31 0 1
2138 69 5 1 0
2139 29 24 0 1
2140 89 19 0 1
2141 66 12 0 -1
2142 20 19 -1 0
2143 79 0 0 1
2144 90 16 -1 0
2145 9 13 0 1
2146 95 5 0 1
2147 1 3 -1 0
2148 19 36 -1 0
2149 53 12 1 0
2150 53 28 1 0
2151 50 35 0 1
2152 15 19 1 0
2153 91 20 0 1
2154 4 31 -1 0
2155 93 1 0 1
2156 17 8 0 -1
2157 37 0 0 -1
2158 11 23 1 0
2159 90 20 -1 0
2160 89 13 -1 0
2161 3 18 0 1
2162 15 32 0 -1
2163 6 18 -1 0
2164 69 36 0 1
2165 26 18 -1 0
2166 25 33 0 -1
2167 16 30 0 1
2168 1 9 -1 0
2169 24 14 0 -1
2170 52 23 0 -1
2171 16 5 1 0
2172 84 27 0 1
2173 81 17 1 0
2174 5 28 1 0
2175 11 0 0 1
2176 19 9 0 1
2177 25 25 0 1
2178 9 9 0 1
2179 64 20 0 -1
2180 52 4 0 -1
2181 24 33 0 -1
2182 81 4 0 1
2183 91 26 0 1
2184 95 4 0 -1
2185 17 3 0 -1
2186 58 36 0 -1
2187 37 33 1 0
2188 24 8 1 0
2189 38 37 1 0
2190 55 25 0 1
2191 79 25 -1 0
2192 9 0 -1 0
2193 60 39 -1 0
2194 87 8 -1 0
2195 39 8 -1 0
2196 12 1 -1 0
2197 27 4 1 0
2198 90 10 1 0
2199 15 2 0 -1
2200 96 1 -1 0
2201 88 10 0 1
2202 41 8 -1 0
2203 11 2 0 -1
2204 45 23 -1 0
2205 89 11 -1 0
2206 75 28 1 0
2207 44 7 -1 0
2208 9 2 1 0
2209 42 35 0 -1
2210 21 13 1 0
2211 0 6 0 -1
2212 26 0 1 0
2213 94 6 0 1
2214 58 17 0 -1
2215 8 34 0 -1
2216 29 18 0 -1
2217 45 20 0 -1
2218 23 27 0 -1
2219 91 23 -1 0
2220 28 32 0 1
2221 89 23 1 0
2222 47 3 0 -1
2223 44 3 -1 0
2224 67 5 0 1
2225 53 24 -1 0
2226 64 9 0 -1
2227 9 12 1 0
2228 22 33 0 1
2229 18 16 0 -1
2230 88 36 -1 0
2231 23 10 0 -1
2232 65 9 0 -1
2233 24 31 0 -1
2234 10 14 1 0
2235 41 24 -1 0
2236 41 32 0 1
2237 19 9 -1 0
2238 43 3 -1 0
2239 26 5 0 -1
2240 29 7 0 1
2241 24 29 -1 0
2242 67 39 0 -1
2243 66 4 0 -1
2244 50 23 -1 0
2245 24 18 0 -1
2246 56 16 0 -1
2247 30 1 0 1
2248 46 13 -1 0
2249 47 21 0 1
2250 45 35 -1 0
2251 50 24 1 0
2252 86 11 -1 0
2253 18 15 0 -1
2254 18 32 -1 0
2255 18 29 -1 0
2256 27 14 1 0
2257 39 1 -1 0
2258 17 35 1 0
2259 39 15 0 -1
2260 76 11 -1 0
2261 15 5 0 1
2262 74 29 -1 0
2263 44 8 -1 0
2264 15 28 0 -1
2265 26 36 1 0
2266 64 11 0 1
2267 20 28 0 1
2268 26 1 -1 0
2269 79 12 -1 0
2270 45 36 0 -1
2271 1 0 0 -1
2272 25 23 0 1
2273 3 27 0 -1
2274 30 38 1 0
2275 43 24 -1 0
2276 9 2 1 0
2277 21 31 0 -1
2278 4 6 0 1
2279 17 6 0 -1
2280 29 21 0 1
2281 20 29 0 -1
2282 28 10 -1 0
2283 97 28 0 -1
2284 39 36 -1 0
2285 9 23 -1 0
2286 69 20 0 -1
2287 9 21 0 -1
2288 52 25 1 0
2289 5 8 1 0
2290 43 16 -1 0
2291 23 13 0 1
2292 85 17 0 1
2293 0 11 0 1
2294 41 9 0 1
2295 44 23 1 0
2296 12 17 -1 0
2297 59 5 1 0
2298 69 26 0 -1
2299 47 20 0 1
2300 86 12 0 1
2301 85 2 1 0
2302 97 27 0 -1
2303 74 33 0 1
2304 25 22 1 0
2305 77 24 0 -1
2306 22 36 0 -1
2307 22 30 0 -1
2308 15 24 -1 0
2309 86 10 1 0
2310 46 18 1 0
2311 37 15 0 -1
2312 38 24 -1 0
2313 46 30 0 -1
2314 49 6 0 1
2315 41 14 0 1
2316 93 39 0 1
2317 49 12 1 0
2318 54 26 0 -1
2319 55 38 -1 0
2320 58 29 0 -1
2321 94 5 1 0
2322 82 5 -1 0
2323 65 24 1 0
2324 2 8 -1 0
2325 60 19 -1 0
2326 15 0 -1 0
2327 59 17 0 -1
2328 22 6 1 0
2329 45 1 -1 0
2330 78 39 -1 0
2331 23 0 0 -1
2332 17 15 1 0
2333 27 39 -1 0
2334 96 4 0 -1
2335 93 16 0 1
2336 59 0 0 1
2337 71 16 0 -1
2338 39 23 0 -1
2339 1 14 1 0
2340 42 1 0 -1
2341 71 0 -1 0
2342 58 17 0 -1
2343 62 21 1 0
2344 56 1 0 1
2345 17 35 1 0
2346 21 39 -1 0
2347 10 23 -1 0
2348 98 10 0 -1
2349 39 20 0 1
2350 9 29 0 1
2351 3 9 0 -1
2352 65 20 1 0
2353 85 5 0 -1
2354 27 15 -1 0
2355 43 39 1 0
2356 2 35 0 1
2357 26 5 0 -1
2358 1 28 1 0
2359 0 25 -1 0
2360 39 11 1 0
2361 67 26 1 0
2362 51 0 -1 0
2363 29 5 1 0
2364 24 7 -1 0
2365 22 27 1 0
2366 90 19 -1 0
2367 72 12 -1 0
2368 99 34 -1 0
2369 19 0 0 1
2370 99 14 -1 0
2371 7 11 0 -1
2372 67 29 0 -1
2373 1 25 1 0
2374 49 4 -1 0
2375 72 25 1 0
2376 6 2 1 0
2377 30 24 1 0
2378 41 38 0 -1
2379 11 35 0 1
2380 39 16 1 0
2381 45 37 0 1
2382 92 37 0 -1
2383 78 14 1 0
2384 72 37 1 0
2385 14 22 1 0
2386 59 1 0 -1
2387 27 38 0 1
2388 64 10 1 0
2389 97 0 -1 0
2390 64 38 0 -1
2391 25 20 1 0
2392 40 25 -1 0
2393 90 0 0 -1
2394 49 0 0 -1
2395 78 7 0 1
2396 93 23 -1 0
2397 72 2 0 -1
2398 10 32 -1 0
2399 16 24 0 1
