0 43 32 -1 0
1 42 8 0 1
2 62 8 1 0
3 74 37 -1 0
4 79 6 -1 0
5 25 6 -1 0
6 39 6 -1 0
7 78 22 -1 0
8 78 1 1 0
9 10 39 0 1
10 0 20 1 0
11 55 16 0 1
12 23 27 0 1
13 10 22 -1 0
14 44 30 1 0
15 73 32 1 0
16 31 2 1 0
17 58 29 1 0
18 89 32 0 1
19 38 12 0 1
20 90 17 0 1
21 81 15 -1 0
22 44 4 1 0
23 66 35 0 1
24 93 12 -1 0
25 21 27 1 0
26 28 14 0 -1
27 94 11 0 1
28 19 11 0 1
29 52 17 0 -1
30 15 20 0 1
31 91 7 -1 0
32 65 7 -1 0
33 23 21 1 0
34 92 22 0 1
35 6 13 -1 0
36 43 6 0 -1
37 86 24 -1 0
38 15 12 1 0
39 29 3 0 -1
40 84 24 -1 0
41 44 34 1 0
42 43 33 1 0
43 64 15 1 0
44 32 0 -1 0
45 3 12 0 1
46 91 35 0 -1
47 99 16 1 0
48 15 2 0 -1
49 90 38 0 1
50 88 10 1 0
51 28 17 -1 0
52 11 21 0 1
53 12 36 1 0
54 13 35 -1 0
55 50 15 -1 0
56 10 30 -1 0
57 75 31 0 1
58 42 39 0 -1
59 15 11 0 -1
60 95 10 0 -1
61 56 24 0 1
62 16 15 1 0
63 14 19 0 1
64 50 39 0 1
65 12 15 1 0
66 85 29 1 0
67 26 11 0 -1
68 99 37 0 1
69 6 33 0 1
70 78 10 1 0
71 13 36 -1 0
72 38 13 0 -1
73 9 35 0 -1
74 37 16 -1 0
75 9 11 0 -1
76 49 11 0 1
77 98 36 1 0
78 63 11 1 0
79 25 10 1 0
80 9 35 1 0
81 96 0 -1 0
82 90 19 0 -1
83 97 15 -1 0
84 56 33 -1 0
85 97 4 0 1
86 1 28 0 1
87 12 8 0 -1
88 87 15 -1 0
89 41 6 0 1
90 61 3 -1 0
91 41 29 0 -1
92 47 37 -1 0
93 50 31 0 -1
94 58 21 0 -1
95 80 6 0 1
96 66 27 0 1
97 62 17 -1 0
98 62 13 0 -1
99 56 38 0 1
100 25 6 1 0
101 54 7 0 -1
102 74 27 -1 0
103 40 13 0 -1
104 11 17 0 1
105 89 3 -1 0
106 26 30 0 1
107 41 32 0 -1
108 6 24 0 -1
109 43 11 -1 0
110 22 0 -1 0
111 48 39 0 1
112 78 34 0 -1
113 45 12 0 -1
114 4 24 0 1
115 52 18 0 1
116 93 37 0 1
117 13 22 0 1
118 48 39 -1 0
119 7 1 1 0
120 63 4 1 0
121 97 38 0 1
122 47 1 0 -1
123 22 5 -1 0
124 17 3 1 0
125 28 15 0 -1
126 96 12 0 -1
127 77 27 1 0
128 11 20 1 0
129 15 33 0 -1
130 4 20 -1 0
131 91 14 0 1
132 7 21 0 -1
133 7 2 -1 0
134 38 18 0 -1
135 8 6 1 0
136 10 32 0 1
137 8 17 0 1
138 15 3 0 -1
139 50 18 0 -1
140 1 19 0 1
141 3 21 1 0
142 4 6 0 1
143 84 39 0 -1
144 22 0 1 0
145 83 26 0 1
146 44 12 -1 0
147 79 7 1 0
148 89 37 0 1
149 37 30 1 0
150 94 3 0 -1
151 11 8 0 -1
152 89 22 -1 0
153 99 33 1 0
154 13 23 0 1
155 76 22 -1 0
156 72 24 1 0
157 25 35 0 -1
158 74 25 0 -1
159 46 19 0 1
160 37 19 0 -1
161 41 24 0 1
162 21 12 0 1
163 22 7 0 -1
164 81 20 -1 0
165 30 5 -1 0
166 69 23 1 0
167 12 5 1 0
168 81 30 -1 0
169 75 29 0 1
170 16 23 -1 0
171 95 27 1 0
172 87 23 1 0
173 99 10 -1 0
174 11 30 -1 0
175 94 15 0 -1
176 41 8 0 -1
177 27 37 -1 0
178 53 23 0 1
179 69 28 0 1
180 57 14 0 -1
181 18 23 1 0
182 57 21 1 0
183 8 33 1 0
184 24 1 0 -1
185 41 1 -1 0
186 43 18 1 0
187 74 3 0 1
188 38 19 0 1
189 19 29 0 -1
190 74 16 0 1
191 20 5 0 1
192 43 33 -1 0
193 26 0 1 0
194 46 3 0 1
195 68 12 1 0
196 18 28 0 1
197 39 26 0 -1
198 27 8 -1 0
199 67 25 0 1
200 90 36 0 1
201 93 37 -1 0
202 29 23 0 1
203 46 0 0 -1
204 29 21 1 0
205 44 13 -1 0
206 1 20 1 0
207 16 12 1 0
208 84 11 0 -1
209 64 34 0 1
210 1 9 -1 0
211 26 8 1 0
212 2 25 0 -1
213 94 9 -1 0
214 21 33 0 1
215 27 17 1 0
216 68 4 1 0
217 57 18 0 -1
218 74 5 1 0
219 43 26 0 -1
220 54 20 -1 0
221 56 11 0 1
222 15 9 1 0
223 52 22 -1 0
224 23 13 1 0
225 96 39 1 0
226 98 16 0 1
227 17 3 0 1
228 90 7 0 1
229 27 25 1 0
230 17 31 1 0
231 22 6 -1 0
232 26 13 -1 0
233 24 38 1 0
234 27 9 -1 0
235 42 21 -1 0
236 40 31 0 1
237 5 27 -1 0
238 0 11 1 0
239 81 27 -1 0
240 8 31 0 1
241 39 13 -1 0
242 89 0 0 -1
243 92 8 0 -1
244 39 36 -1 0
245 27 10 1 0
246 3 8 0 -1
247 99 26 0 -1
248 85 13 1 0
249 26 32 0 -1
250 59 19 1 0
251 44 15 0 -1
252 39 2 0 -1
253 25 15 0 -1
254 52 32 1 0
255 2 16 0 -1
256 39 6 0 1
257 48 24 -1 0
258 76 6 0 -1
259 57 34 1 0
260 82 15 0 -1
261 53 13 0 1
262 60 22 1 0
263 29 36 1 0
264 70 0 0 -1
265 92 15 0 1
266 60 33 0 -1
267 21 29 -1 0
268 59 10 1 0
269 4 30 0 1
270 74 10 -1 0
271 43 7 0 -1
272 96 8 1 0
273 98 10 0 1
274 19 8 1 0
275 37 8 -1 0
276 29 4 0 -1
277 21 16 1 0
278 90 6 0 -1
279 15 33 -1 0
280 68 17 0 1
281 5 2 0 -1
282 41 20 0 -1
283 93 9 -1 0
284 22 0 1 0
285 38 37 1 0
286 72 5 0 -1
287 4 7 -1 0
288 8 17 0 -1
289 63 30 -1 0
290 81 9 0 1
291 64 7 -1 0
292 73 26 0 1
293 80 6 0 1
294 14 36 0 -1
295 43 12 1 0
296 45 33 0 1
297 23 22 0 1
298 90 23 0 1
299 41 10 -1 0
300 60 25 1 0
301 53 19 1 0
302 91 18 0 -1
303 96 34 1 0
304 39 14 0 -1
305 48 24 1 0
306 89 7 0 1
307 21 35 1 0
308 19 24 0 -1
309 76 18 0 1
310 7 7 -1 0
311 96 15 -1 0
312 91 20 0 -1
313 43 30 0 1
314 55 25 -1 0
315 15 5 1 0
316 49 14 -1 0
317 28 30 0 1
318 0 24 1 0
319 91 11 0 -1
320 85 6 -1 0
321 45 0 0 1
322 21 10 -1 0
323 91 34 1 0
324 38 25 0 1
325 41 31 -1 0
326 12 16 0 1
327 83 38 0 -1
328 66 29 0 1
329 78 23 0 -1
330 89 19 0 1
331 37 19 0 1
332 60 3 1 0
333 83 35 1 0
334 19 38 1 0
335 6 28 0 -1
336 3 27 1 0
337 5 37 0 -1
338 45 23 0 1
339 98 39 0 -1
340 93 9 -1 0
341 90 29 0 1
342 7 4 1 0
343 41 9 1 0
344 49 20 1 0
345 23 16 0 -1
346 31 22 -1 0
347 98 33 0 1
348 24 38 0 -1
349 83 0 1 0
350 91 3 -1 0
351 45 7 -1 0
352 82 30 0 1
353 9 12 0 -1
354 12 28 0 1
355 70 7 1 0
356 58 33 1 0
357 67 16 1 0
358 46 27 -1 0
359 73 1 1 0
360 41 6 -1 0
361 23 16 1 0
362 2 29 0 1
363 44 20 0 1
364 22 13 1 0
365 41 26 0 1
366 4 12 0 -1
367 27 31 0 1
368 52 39 -1 0
369 97 39 0 1
370 44 8 -1 0
371 17 1 1 0
372 43 22 1 0
373 29 28 1 0
374 58 38 -1 0
375 75 27 0 -1
376 83 32 0 1
377 92 3 0 -1
378 19 7 0 1
379 82 36 0 -1
380 45 1 1 0
381 85 12 0 1
382 50 5 0 1
383 41 15 1 0
384 40 35 0 1
385 99 34 0 1
386 91 9 0 1
387 56 16 0 -1
388 21 37 -1 0
389 20 15 0 -1
390 89 35 1 0
391 56 38 0 -1
392 95 10 0 -1
393 6 5 0 -1
394 12 24 -1 0
395 57 23 0 1
396 7 25 0 -1
397 24 28 0 -1
398 47 17 0 -1
399 49 27 0 -1
400 18 0 -1 0
401 43 11 0 1
402 13 21 0 -1
403 22 18 1 0
404 84 21 1 0
405 17 14 0 1
406 27 37 0 -1
407 48 30 1 0
408 15 5 0 -1
409 68 27 -1 0
410 84 15 1 0
411 38 0 1 0
412 37 27 -1 0
413 15 16 0 1
414 31 25 0 1
415 7 19 -1 0
416 54 6 0 1
417 86 21 0 -1
418 65 12 0 1
419 12 17 0 -1
420 28 13 1 0
421 66 24 0 1
422 90 28 1 0
423 30 23 0 1
424 43 15 0 -1
425 57 29 -1 0
426 86 19 0 -1
427 53 11 0 -1
428 14 13 1 0
429 28 31 1 0
430 22 22 0 1
431 70 13 0 1
432 73 32 -1 0
433 70 25 0 -1
434 17 38 0 -1
435 51 27 0 -1
436 36 33 -1 0
437 41 14 1 0
438 88 3 0 -1
439 59 8 1 0
440 7 35 0 1
441 98 30 1 0
442 98 22 1 0
443 50 8 1 0
444 63 32 0 1
445 20 28 1 0
446 46 0 0 1
447 30 20 1 0
448 52 22 -1 0
449 40 29 0 -1
450 9 16 -1 0
451 88 7 1 0
452 9 27 -1 0
453 4 6 0 1
454 39 26 0 -1
455 13 26 -1 0
456 12 6 0 -1
457 87 37 -1 0
458 48 31 0 1
459 92 30 0 -1
460 39 17 0 1
461 42 19 0 -1
462 86 1 1 0
463 67 3 0 -1
464 3 14 0 -1
465 20 20 0 1
466 54 31 0 -1
467 25 26 1 0
468 12 37 1 0
469 31 10 0 1
470 12 5 1 0
471 9 21 0 1
472 19 37 1 0
473 7 39 0 1
474 28 7 0 1
475 37 29 1 0
476 86 38 -1 0
477 64 25 0 -1
478 57 9 0 -1
479 37 26 0 -1
480 65 26 0 1
481 77 30 -1 0
482 46 29 1 0
483 42 29 0 -1
484 97 28 0 1
485 30 31 1 0
486 76 38 1 0
487 17 20 1 0
488 41 36 0 1
489 80 20 1 0
490 11 37 0 -1
491 40 19 -1 0
492 86 23 0 1
493 25 22 0 -1
494 45 29 -1 0
495 93 36 0 -1
496 87 12 0 1
497 11 3 -1 0
498 24 37 0 1
499 58 31 0 1
500 17 3 -1 0
501 41 29 -1 0
502 22 24 0 -1
503 1 15 0 -1
504 97 16 1 0
505 39 19 -1 0
506 83 18 -1 0
507 56 14 -1 0
508 39 13 0 -1
509 34 23 1 0
510 69 24 0 -1
511 20 14 0 1
512 45 2 0 -1
513 86 12 -1 0
514 87 26 1 0
515 9 37 1 0
516 4 17 1 0
517 2 29 -1 0
518 78 34 0 -1
519 97 22 0 1
520 43 32 1 0
521 84 4 1 0
522 39 19 0 1
523 0 31 0 1
524 45 19 -1 0
525 65 23 0 1
526 46 20 0 -1
527 22 25 0 1
528 16 30 0 -1
529 10 27 1 0
530 78 24 -1 0
531 84 37 1 0
532 0 34 -1 0
533 18 24 0 1
534 55 10 -1 0
535 8 38 0 -1
536 97 13 1 0
537 28 35 -1 0
538 82 9 -1 0
539 21 18 1 0
540 82 20 -1 0
541 1 33 -1 0
542 68 14 1 0
543 69 34 1 0
544 99 9 1 0
545 24 32 1 0
546 26 9 0 1
547 77 34 1 0
548 44 11 0 1
549 27 11 -1 0
550 44 36 0 -1
551 97 14 -1 0
552 39 5 1 0
553 98 17 -1 0
554 43 33 0 -1
555 95 38 0 -1
556 11 24 0 -1
557 72 15 0 1
558 96 36 0 -1
559 12 23 0 1
560 65 9 0 -1
561 88 21 1 0
562 36 31 0 -1
563 3 20 1 0
564 21 20 1 0
565 82 0 -1 0
566 42 13 -1 0
567 58 13 1 0
568 93 21 1 0
569 55 7 -1 0
570 85 6 1 0
571 71 23 -1 0
572 58 11 -1 0
573 48 13 -1 0
574 37 23 0 1
575 9 27 0 -1
576 41 31 0 -1
577 79 11 0 1
578 77 8 -1 0
579 70 27 0 1
580 3 28 -1 0
581 8 16 0 1
582 51 4 0 -1
583 77 28 0 -1
584 59 4 0 -1
585 30 35 0 1
586 37 1 1 0
587 66 33 0 -1
588 85 10 1 0
589 72 5 0 -1
590 92 31 0 -1
591 89 12 0 1
592 63 11 -1 0
593 27 23 0 1
594 82 14 -1 0
595 14 25 -1 0
596 73 5 -1 0
597 39 3 0 1
598 51 27 0 -1
599 16 39 0 1
600 51 34 0 -1
601 49 31 0 -1
602 24 14 0 -1
603 60 7 1 0
604 47 32 0 -1
605 92 19 0 -1
606 48 5 0 -1
607 40 16 1 0
608 16 37 -1 0
609 52 9 -1 0
610 49 6 0 1
611 73 4 -1 0
612 46 39 0 1
613 88 32 1 0
614 3 24 0 -1
615 27 1 0 -1
616 6 29 -1 0
617 58 25 -1 0
618 22 15 1 0
619 25 11 0 1
620 86 29 -1 0
621 26 14 0 1
622 89 2 1 0
623 97 4 -1 0
624 16 28 -1 0
625 76 3 0 1
626 26 5 0 -1
627 97 30 0 1
628 9 14 0 1
629 14 13 -1 0
630 88 14 0 1
631 42 8 1 0
632 92 13 -1 0
633 50 22 1 0
634 43 36 1 0
635 24 19 0 -1
636 0 27 1 0
637 88 39 0 1
638 26 37 -1 0
639 23 12 1 0
640 18 27 1 0
641 58 4 0 -1
642 18 20 0 -1
643 15 18 -1 0
644 89 1 1 0
645 44 30 0 -1
646 78 16 -1 0
647 26 10 1 0
648 23 20 1 0
649 0 37 1 0
650 1 28 0 1
651 2 24 1 0
652 76 8 1 0
653 69 17 0 1
654 45 6 -1 0
655 37 14 -1 0
656 93 27 1 0
657 30 36 -1 0
658 95 24 -1 0
659 46 1 -1 0
660 39 38 -1 0
661 20 33 0 1
662 99 15 0 -1
663 28 0 0 -1
664 41 36 0 -1
665 40 22 0 -1
666 4 37 -1 0
667 22 36 0 1
668 61 24 -1 0
669 51 25 1 0
670 73 16 1 0
671 3 6 0 1
672 7 6 -1 0
673 41 36 0 1
674 19 10 0 1
675 12 12 -1 0
676 99 1 -1 0
677 83 3 0 -1
678 64 32 -1 0
679 95 31 -1 0
680 41 27 1 0
681 50 9 0 -1
682 83 22 1 0
683 73 35 0 1
684 96 34 0 1
685 74 25 1 0
686 3 38 0 1
687 26 14 1 0
688 49 17 1 0
689 40 0 -1 0
690 12 3 0 -1
691 98 2 0 -1
692 6 31 0 -1
693 30 10 -1 0
694 14 23 -1 0
695 91 14 1 0
696 89 2 0 -1
697 74 19 0 1
698 38 22 0 1
699 50 6 0 1
700 57 11 -1 0
701 90 6 0 -1
702 46 3 0 -1
703 89 17 0 1
704 12 34 0 1
705 97 7 0 1
706 18 16 1 0
707 19 15 1 0
708 92 10 0 1
709 52 20 1 0
710 29 6 0 1
711 98 12 1 0
712 22 36 1 0
713 25 25 -1 0
714 5 34 0 1
715 25 14 0 1
716 10 15 1 0
717 9 5 0 1
718 56 32 0 -1
719 40 16 -1 0
720 39 25 -1 0
721 6 26 0 1
722 99 6 -1 0
723 54 36 1 0
724 75 35 0 -1
725 73 26 0 -1
726 98 19 0 -1
727 43 39 0 -1
728 54 5 -1 0
729 25 17 -1 0
730 99 3 1 0
731 83 27 -1 0
732 40 29 -1 0
733 40 3 -1 0
734 81 3 1 0
735 88 38 0 1
736 56 30 1 0
737 37 1 1 0
738 50 15 0 1
739 28 13 1 0
740 10 2 0 -1
741 64 9 0 1
742 53 7 0 -1
743 44 7 0 -1
744 84 33 0 -1
745 2 7 1 0
746 98 8 1 0
747 1 22 1 0
748 11 3 0 -1
749 96 19 0 -1
750 24 19 0 1
751 46 39 -1 0
752 79 33 0 -1
753 8 18 0 -1
754 54 15 0 -1
755 27 2 -1 0
756 43 37 -1 0
757 7 0 0 -1
758 6 28 -1 0
759 44 28 1 0
760 23 8 0 1
761 3 17 0 -1
762 89 27 0 1
763 47 37 -1 0
764 73 8 -1 0
765 74 8 1 0
766 30 28 -1 0
767 8 15 0 1
768 20 38 -1 0
769 78 26 -1 0
770 7 2 0 1
771 3 9 0 -1
772 97 38 1 0
773 26 33 0 1
774 24 20 0 1
775 98 31 -1 0
776 47 3 0 1
777 14 13 0 1
778 40 13 -1 0
779 8 30 0 -1
780 98 36 0 1
781 71 22 1 0
782 5 34 0 1
783 18 17 -1 0
784 61 0 1 0
785 27 30 0 -1
786 85 18 -1 0
787 39 39 -1 0
788 42 11 -1 0
789 54 23 0 1
790 14 4 0 1
791 30 38 1 0
792 39 15 -1 0
793 63 6 -1 0
794 56 7 0 -1
795 69 38 -1 0
796 18 24 -1 0
797 39 20 0 -1
798 95 33 0 -1
799 13 34 -1 0
800 62 1 0 1
801 24 1 0 1
802 50 0 1 0
803 98 2 0 1
804 15 22 0 -1
805 49 5 0 1
806 7 38 0 -1
807 57 3 -1 0
808 19 18 -1 0
809 39 39 -1 0
810 18 6 1 0
811 41 15 -1 0
812 52 27 -1 0
813 37 6 -1 0
814 30 26 0 -1
815 0 26 -1 0
816 2 34 -1 0
817 88 14 0 1
818 98 3 0 1
819 56 35 0 1
820 27 21 -1 0
821 73 11 1 0
822 94 36 0 -1
823 70 38 -1 0
824 43 19 0 -1
825 64 16 0 1
826 61 17 1 0
827 5 39 0 -1
828 81 31 -1 0
829 38 16 0 -1
830 15 23 0 -1
831 65 14 1 0
832 55 1 -1 0
833 51 4 -1 0
834 46 3 -1 0
835 7 6 0 1
836 79 0 -1 0
837 48 30 1 0
838 99 14 -1 0
839 17 37 0 1
840 36 5 0 1
841 26 12 -1 0
842 95 35 0 -1
843 23 7 1 0
844 77 6 -1 0
845 19 12 0 1
846 40 33 1 0
847 29 32 -1 0
848 16 14 0 -1
849 60 6 -1 0
850 26 31 -1 0
851 74 1 0 1
852 24 23 1 0
853 82 38 0 -1
854 8 23 0 -1
855 14 0 0 1
856 96 19 0 1
857 68 28 -1 0
858 5 12 -1 0
859 50 34 1 0
860 65 10 1 0
861 24 8 1 0
862 25 38 1 0
863 62 3 1 0
864 92 34 -1 0
865 74 19 0 -1
866 50 33 -1 0
867 43 2 0 -1
868 43 39 0 1
869 15 9 0 -1
870 71 20 0 1
871 3 15 1 0
872 64 29 1 0
873 84 18 0 -1
874 21 0 1 0
875 43 24 1 0
876 1 18 0 -1
877 45 25 0 -1
878 1 7 0 -1
879 32 17 0 1
880 28 19 -1 0
881 74 39 1 0
882 19 20 -1 0
883 17 9 0 1
884 58 10 1 0
885 85 1 -1 0
886 92 21 1 0
887 93 35 -1 0
888 89 12 0 -1
889 44 19 -1 0
890 32 0 1 0
891 25 34 0 1
892 17 27 -1 0
893 19 21 0 -1
894 39 19 0 1
895 0 19 0 1
896 17 19 0 1
897 49 4 0 -1
898 35 14 0 -1
899 19 35 0 1
900 52 33 -1 0
901 89 1 -1 0
902 88 20 1 0
903 66 21 -1 0
904 16 35 0 -1
905 17 11 0 -1
906 21 4 -1 0
907 66 18 0 1
908 97 25 1 0
909 76 38 0 1
910 18 29 1 0
911 54 7 0 1
912 90 25 1 0
913 93 19 -1 0
914 19 31 -1 0
915 16 0 -1 0
916 88 39 0 -1
917 24 26 0 -1
918 28 12 -1 0
919 22 16 0 1
920 0 21 1 0
921 92 6 0 -1
922 8 19 1 0
923 70 9 1 0
924 55 34 1 0
925 9 30 1 0
926 75 20 0 -1
927 23 24 -1 0
928 1 29 1 0
929 42 1 1 0
930 58 31 0 -1
931 71 25 1 0
932 44 11 -1 0
933 3 15 0 -1
934 79 20 -1 0
935 64 17 -1 0
936 85 6 0 -1
937 47 26 0 1
938 53 4 1 0
939 43 19 0 1
940 78 20 1 0
941 40 31 -1 0
942 94 21 1 0
943 45 30 0 -1
944 25 34 1 0
945 44 10 -1 0
946 11 36 0 1
947 47 32 1 0
948 86 6 -1 0
949 41 28 0 1
950 18 4 1 0
951 58 26 -1 0
952 22 19 -1 0
953 6 28 1 0
954 59 5 0 -1
955 92 36 1 0
956 38 33 -1 0
957 38 26 0 1
958 21 9 -1 0
959 79 29 1 0
960 42 2 0 -1
961 5 11 1 0
962 40 2 0 1
963 72 31 0 1
964 88 4 1 0
965 60 4 1 0
966 18 12 0 1
967 72 32 1 0
968 41 39 0 1
969 62 37 0 -1
970 27 29 0 -1
971 17 16 0 -1
972 27 12 0 -1
973 4 23 1 0
974 36 36 -1 0
975 12 39 -1 0
976 38 3 0 1
977 27 27 -1 0
978 91 34 0 1
979 69 34 0 1
980 17 17 0 1
981 99 13 -1 0
982 14 15 1 0
983 5 23 -1 0
984 48 32 -1 0
985 9 8 1 0
986 12 21 -1 0
987 43 12 1 0
988 24 28 -1 0
989 85 7 0 -1
990 72 6 1 0
991 79 16 0 -1
992 50 18 0 1
993 86 24 -1 0
994 54 33 -1 0
995 81 3 1 0
996 24 9 1 0
997 8 25 0 -1
998 23 11 -1 0
999 91 9 0 -1
1000 86 34 -1 0
1001 7 12 0 1
1002 66 32 -1 0
1003 97 33 0 1
1004 44 23 -1 0
1005 67 38 1 0
1006 64 5 0 -1
1007 40 25 1 0
1008 17 23 0 -1
1009 26 26 1 0
1010 83 5 1 0
1011 11 3 -1 0
1012 72 38 0 1
1013 27 34 0 -1
1014 56 39 1 0
1015 97 11 0 -1
1016 80 35 0 -1
1017 47 35 0 -1
1018 20 12 0 -1
1019 10 27 1 0
1020 41 15 1 0
1021 8 15 -1 0
1022 93 12 0 1
1023 51 24 0 -1
1024 75 16 1 0
1025 19 17 0 1
1026 6 3 -1 0
1027 30 33 1 0
1028 62 22 1 0
1029 9 25 0 -1
1030 6 29 -1 0
1031 93 27 -1 0
1032 70 14 1 0
1033 56 37 0 -1
1034 27 30 1 0
1035 72 29 0 1
1036 26 36 1 0
1037 7 9 0 -1
1038 95 9 -1 0
1039 58 27 -1 0
1040 27 6 0 1
1041 49 14 0 1
1042 42 0 0 -1
1043 12 27 0 1
1044 40 3 -1 0
1045 16 28 0 1
1046 47 18 1 0
1047 37 6 0 1
1048 79 12 0 1
1049 3 22 -1 0
1050 21 38 0 -1
1051 91 30 -1 0
1052 1 12 0 1
1053 18 11 1 0
1054 26 8 0 -1
1055 92 36 -1 0
1056 17 2 0 1
1057 21 38 -1 0
1058 27 5 1 0
1059 23 28 0 1
1060 49 37 0 1
1061 83 18 0 1
1062 99 1 0 -1
1063 41 12 -1 0
1064 84 29 1 0
1065 28 31 1 0
1066 90 1 0 -1
1067 42 23 -1 0
1068 57 12 -1 0
1069 80 27 1 0
1070 75 17 1 0
1071 73 2 0 -1
1072 62 2 1 0
1073 15 39 0 1
1074 26 8 0 1
1075 20 37 1 0
1076 21 29 -1 0
1077 95 8 -1 0
1078 0 11 -1 0
1079 21 28 1 0
1080 83 26 0 1
1081 89 17 0 -1
1082 73 14 -1 0
1083 17 23 0 1
1084 45 34 -1 0
1085 3 4 0 1
1086 19 36 0 -1
1087 16 3 0 -1
1088 27 26 1 0
1089 21 0 0 -1
1090 77 3 0 1
1091 70 32 0 1
1092 68 19 0 1
1093 93 19 1 0
1094 42 35 0 1
1095 88 8 1 0
1096 41 6 1 0
1097 89 37 0 1
1098 64 30 1 0
1099 80 17 0 -1
1100 16 24 0 -1
1101 2 19 0 -1
1102 20 8 0 -1
1103 30 26 1 0
1104 81 7 -1 0
1105 81 20 0 -1
1106 37 38 1 0
1107 43 10 -1 0
1108 52 28 1 0
1109 72 14 -1 0
1110 68 7 0 -1
1111 45 14 0 -1
1112 93 22 0 -1
1113 17 8 0 1
1114 10 22 1 0
1115 93 6 0 1
1116 3 31 0 -1
1117 99 5 0 1
1118 80 37 0 -1
1119 23 3 -1 0
1120 2 24 1 0
1121 45 29 0 -1
1122 50 6 1 0
1123 86 4 0 -1
1124 83 20 1 0
1125 91 20 0 -1
1126 20 30 1 0
1127 78 36 0 -1
1128 49 11 1 0
1129 63 13 -1 0
1130 57 39 1 0
1131 40 26 1 0
1132 77 38 -1 0
1133 92 35 0 1
1134 93 34 0 -1
1135 56 26 0 -1
1136 2 4 0 1
1137 52 17 -1 0
1138 85 15 -1 0
1139 72 17 -1 0
1140 38 15 1 0
1141 43 27 0 1
1142 97 17 -1 0
1143 99 15 0 1
1144 5 34 0 1
1145 24 9 0 1
1146 49 25 -1 0
1147 81 17 -1 0
1148 26 29 1 0
1149 59 8 1 0
1150 90 0 0 1
1151 56 32 0 -1
1152 89 0 0 -1
1153 40 18 -1 0
1154 36 22 0 1
1155 0 39 0 -1
1156 58 22 1 0
1157 58 4 0 -1
1158 85 20 1 0
1159 3 39 1 0
1160 74 7 0 -1
1161 22 18 0 -1
1162 38 12 -1 0
1163 75 5 1 0
1164 94 34 -1 0
1165 19 29 -1 0
1166 86 29 0 1
1167 11 24 1 0
1168 9 12 0 -1
1169 44 10 -1 0
1170 98 29 0 1
1171 55 16 1 0
1172 38 12 1 0
1173 2 29 -1 0
1174 73 27 0 -1
1175 96 33 -1 0
1176 89 16 1 0
1177 18 5 -1 0
1178 87 14 0 -1
1179 51 16 0 -1
1180 71 3 1 0
1181 30 17 -1 0
1182 88 2 0 1
1183 5 7 1 0
1184 20 35 0 1
1185 79 9 0 1
1186 47 12 1 0
1187 52 34 0 1
1188 50 4 0 -1
1189 25 32 0 1
1190 11 13 0 1
1191 52 23 0 -1
1192 38 0 0 1
1193 18 7 0 -1
1194 54 24 -1 0
1195 43 14 0 1
1196 25 0 1 0
1197 91 21 -1 0
1198 24 23 0 -1
1199 67 14 0 1
1200 22 39 1 0
1201 5 2 0 1
1202 82 37 1 0
1203 5 39 1 0
1204 4 27 1 0
1205 32 22 0 -1
1206 12 24 0 -1
1207 21 21 1 0
1208 1 17 0 1
1209 82 31 0 1
1210 12 24 -1 0
1211 6 27 0 -1
1212 18 18 1 0
1213 85 19 0 1
1214 31 26 -1 0
1215 30 24 1 0
1216 25 8 0 1
1217 53 33 0 -1
1218 46 39 0 -1
1219 4 7 -1 0
1220 26 22 -1 0
1221 36 11 0 1
1222 27 10 0 1
1223 21 30 0 -1
1224 5 7 1 0
1225 81 20 0 -1
1226 52 33 1 0
1227 43 22 0 1
1228 18 7 0 1
1229 43 4 0 1
1230 90 18 0 -1
1231 93 21 1 0
1232 54 28 1 0
1233 71 34 1 0
1234 11 10 0 1
1235 10 31 0 1
1236 79 6 0 1
1237 77 17 1 0
1238 29 7 -1 0
1239 76 4 0 -1
1240 91 22 1 0
1241 40 37 1 0
1242 71 9 -1 0
1243 11 28 0 -1
1244 45 19 1 0
1245 20 35 -1 0
1246 38 25 0 -1
1247 70 38 1 0
1248 73 7 0 1
1249 87 34 0 -1
1250 26 14 0 -1
1251 83 34 0 -1
1252 48 32 1 0
1253 98 34 -1 0
1254 37 24 0 1
1255 18 37 -1 0
1256 39 5 0 -1
1257 79 22 1 0
1258 43 3 -1 0
1259 43 25 1 0
1260 40 34 0 1
1261 55 4 0 1
1262 90 11 1 0
1263 22 34 1 0
1264 37 35 0 1
1265 16 35 1 0
1266 90 18 0 1
1267 49 12 0 1
1268 61 3 1 0
1269 3 30 1 0
1270 12 15 1 0
1271 27 38 1 0
1272 8 37 0 -1
1273 93 17 -1 0
1274 46 29 0 -1
1275 94 14 0 1
1276 39 1 1 0
1277 24 35 0 1
1278 18 14 1 0
1279 57 38 0 1
1280 45 8 1 0
1281 12 34 0 -1
1282 7 30 -1 0
1283 1 39 0 1
1284 81 10 0 1
1285 90 39 -1 0
1286 77 14 1 0
1287 24 39 1 0
1288 43 20 -1 0
1289 46 23 1 0
1290 43 21 -1 0
1291 91 17 0 1
1292 41 21 0 1
1293 99 1 0 1
1294 26 7 0 1
1295 8 14 0 -1
1296 72 12 1 0
1297 66 18 -1 0
1298 90 0 -1 0
1299 89 2 0 -1
1300 85 2 -1 0
1301 19 9 1 0
1302 39 20 1 0
1303 40 26 -1 0
1304 37 14 0 -1
1305 61 23 0 -1
1306 16 27 1 0
1307 19 14 -1 0
1308 94 38 -1 0
1309 69 4 0 1
1310 88 27 -1 0
1311 67 39 -1 0
1312 98 11 0 -1
1313 44 6 1 0
1314 42 4 0 -1
1315 55 37 1 0
1316 13 18 0 1
1317 24 36 0 -1
1318 65 4 0 1
1319 26 36 0 -1
1320 47 22 0 -1
1321 64 37 -1 0
1322 69 36 1 0
1323 91 28 0 -1
1324 94 17 1 0
1325 14 23 1 0
1326 68 38 -1 0
1327 1 8 -1 0
1328 59 9 0 1
1329 39 24 0 -1
1330 45 22 0 1
1331 67 24 0 -1
1332 76 24 0 1
1333 43 15 -1 0
1334 43 9 -1 0
1335 0 20 0 -1
1336 75 11 0 -1
1337 9 16 -1 0
1338 93 32 -1 0
1339 73 4 1 0
1340 38 26 0 1
1341 13 23 0 -1
1342 2 28 -1 0
1343 72 13 0 1
1344 93 11 1 0
1345 26 37 1 0
1346 61 32 -1 0
1347 16 24 0 1
1348 65 8 1 0
1349 54 15 -1 0
1350 47 2 0 1
1351 15 23 1 0
1352 92 3 -1 0
1353 1 37 0 1
1354 27 34 0 1
1355 0 13 1 0
1356 29 39 0 1
1357 97 20 -1 0
1358 23 26 0 -1
1359 49 2 -1 0
1360 18 13 1 0
1361 61 8 1 0
1362 82 19 1 0
1363 97 20 1 0
1364 24 27 -1 0
1365 38 35 0 -1
1366 52 1 0 1
1367 37 1 0 -1
1368 40 32 0 1
1369 49 32 0 -1
1370 56 4 1 0
1371 46 12 0 -1
1372 50 12 0 -1
1373 23 22 0 -1
1374 83 16 0 1
1375 2 39 0 1
1376 64 18 0 -1
1377 67 19 1 0
1378 82 37 -1 0
1379 45 23 0 -1
1380 15 5 1 0
1381 77 0 -1 0
1382 11 30 1 0
1383 7 17 0 -1
1384 93 29 0 -1
1385 91 13 0 -1
1386 47 23 1 0
1387 69 1 1 0
1388 89 15 0 1
1389 38 11 0 1
1390 46 18 0 1
1391 39 18 0 1
1392 10 6 0 -1
1393 87 31 0 -1
1394 60 15 1 0
1395 79 13 1 0
1396 17 0 0 1
1397 88 9 -1 0
1398 55 26 1 0
1399 50 36 1 0
1400 64 1 -1 0
1401 14 34 1 0
1402 82 16 0 -1
1403 60 4 0 -1
1404 41 31 0 1
1405 23 34 0 1
1406 76 36 -1 0
1407 18 18 0 1
1408 43 31 1 0
1409 64 21 0 -1
1410 80 2 0 -1
1411 58 7 1 0
1412 98 14 -1 0
1413 92 33 0 1
1414 42 20 -1 0
1415 41 19 0 1
1416 17 37 0 1
1417 42 6 0 -1
1418 29 7 0 -1
1419 45 12 0 1
1420 6 26 0 1
1421 5 6 -1 0
1422 18 8 0 -1
1423 2 24 0 1
1424 17 24 1 0
1425 14 10 0 -1
1426 6 11 -1 0
1427 99 6 0 1
1428 28 8 0 -1
1429 66 5 1 0
1430 46 38 -1 0
1431 64 32 0 1
1432 40 12 0 1
1433 56 39 0 1
1434 93 13 -1 0
1435 6 11 0 1
1436 3 0 0 1
1437 53 34 0 1
1438 57 5 0 -1
1439 65 17 1 0
1440 44 9 -1 0
1441 90 22 0 -1
1442 6 15 0 -1
1443 26 24 0 1
1444 52 16 -1 0
1445 83 4 0 -1
1446 65 17 1 0
1447 62 24 0 -1
1448 47 19 0 -1
1449 74 9 1 0
1450 3 36 1 0
1451 14 24 -1 0
1452 97 19 1 0
1453 86 4 0 -1
1454 15 24 0 -1
1455 40 23 1 0
1456 93 19 1 0
1457 26 9 0 -1
1458 35 12 -1 0
1459 26 26 -1 0
1460 56 11 1 0
1461 7 12 0 -1
1462 61 8 0 -1
1463 44 9 0 -1
1464 39 35 1 0
1465 92 35 1 0
1466 54 15 0 -1
1467 91 26 0 1
1468 91 16 -1 0
1469 49 1 0 1
1470 14 26 -1 0
1471 91 38 1 0
1472 19 27 0 1
1473 28 9 0 -1
1474 22 17 0 1
1475 65 7 0 1
1476 22 16 0 1
1477 43 13 -1 0
1478 74 8 -1 0
1479 48 22 0 -1
1480 6 39 1 0
1481 7 13 0 -1
1482 39 15 0 1
1483 60 39 -1 0
1484 98 37 0 -1
1485 48 29 -1 0
1486 48 30 -1 0
1487 62 13 0 1
1488 45 29 -1 0
1489 75 36 1 0
1490 63 26 0 -1
1491 29 13 1 0
1492 42 12 1 0
1493 63 27 0 1
1494 59 34 1 0
1495 40 36 0 -1
1496 10 16 0 -1
1497 91 33 0 -1
1498 21 7 0 1
1499 71 18 1 0
1500 46 1 1 0
1501 6 18 0 1
1502 93 31 -1 0
1503 13 29 1 0
1504 59 21 0 1
1505 22 30 1 0
1506 42 33 -1 0
1507 5 39 0 -1
1508 28 12 -1 0
1509 0 29 -1 0
1510 72 30 1 0
1511 17 2 -1 0
1512 39 30 0 1
1513 95 17 0 1
1514 7 6 0 -1
1515 2 5 1 0
1516 45 39 0 -1
1517 90 14 1 0
1518 65 26 0 1
1519 43 39 0 1
1520 10 1 0 -1
1521 2 38 1 0
1522 88 25 0 -1
1523 87 2 -1 0
1524 22 17 -1 0
1525 27 21 1 0
1526 0 13 0 1
1527 31 27 1 0
1528 46 24 1 0
1529 37 36 0 -1
1530 6 24 0 -1
1531 60 34 -1 0
1532 11 29 0 -1
1533 82 36 0 -1
1534 96 0 0 1
1535 79 30 0 1
1536 26 34 0 -1
1537 73 1 -1 0
1538 58 39 0 1
1539 56 2 0 1
1540 81 32 0 1
1541 85 4 -1 0
1542 7 1 1 0
1543 42 25 0 1
1544 18 19 1 0
1545 70 11 0 1
1546 10 2 0 1
1547 70 4 0 1
1548 36 5 -1 0
1549 88 6 -1 0
1550 85 36 1 0
1551 9 1 -1 0
1552 27 11 0 -1
1553 10 22 1 0
1554 42 11 0 -1
1555 28 30 0 1
1556 39 38 -1 0
1557 86 36 1 0
1558 42 25 0 -1
1559 88 37 0 -1
1560 59 18 1 0
1561 82 39 0 -1
1562 79 37 0 1
1563 73 12 0 -1
1564 47 20 1 0
1565 51 38 0 1
1566 55 39 1 0
1567 29 3 0 -1
1568 65 22 -1 0
1569 23 26 0 1
1570 46 33 1 0
1571 94 30 -1 0
1572 24 7 0 -1
1573 47 4 1 0
1574 4 32 0 1
1575 2 1 0 1
1576 1 34 1 0
1577 28 38 -1 0
1578 56 5 1 0
1579 39 10 -1 0
1580 27 35 1 0
1581 40 1 -1 0
1582 40 30 0 1
1583 28 7 0 1
1584 13 36 -1 0
1585 62 36 -1 0
1586 54 5 1 0
1587 16 18 1 0
1588 64 8 1 0
1589 25 4 0 1
1590 48 13 0 -1
1591 23 35 0 1
1592 76 39 0 -1
1593 10 4 1 0
1594 3 21 0 1
1595 56 26 1 0
1596 94 14 0 -1
1597 28 29 1 0
1598 5 38 -1 0
1599 16 9 0 1
1600 87 24 1 0
1601 81 22 0 1
1602 85 9 -1 0
1603 53 11 1 0
1604 25 39 -1 0
1605 27 36 1 0
1606 18 25 -1 0
1607 62 12 0 -1
1608 12 5 0 1
1609 46 26 1 0
1610 44 27 0 1
1611 4 0 0 1
1612 43 34 0 -1
1613 13 6 0 1
1614 94 4 0 1
1615 76 8 1 0
1616 90 29 0 1
1617 12 17 1 0
1618 14 24 -1 0
1619 25 35 0 -1
1620 41 2 0 1
1621 26 20 0 -1
1622 45 21 0 1
1623 93 27 0 1
1624 44 23 0 1
1625 97 36 0 1
1626 86 16 0 -1
1627 29 25 0 1
1628 39 12 0 1
1629 69 28 0 1
1630 94 8 1 0
1631 92 28 -1 0
1632 46 11 0 -1
1633 5 36 1 0
1634 90 37 0 -1
1635 62 23 0 -1
1636 50 33 0 1
1637 27 35 -1 0
1638 31 22 -1 0
1639 52 0 0 -1
1640 25 9 0 -1
1641 93 33 -1 0
1642 78 2 -1 0
1643 98 20 1 0
1644 85 31 -1 0
1645 82 27 0 1
1646 86 15 -1 0
1647 21 18 0 1
1648 17 17 1 0
1649 92 6 -1 0
1650 35 24 0 -1
1651 7 24 0 -1
1652 57 7 1 0
1653 97 23 -1 0
1654 27 37 0 1
1655 27 13 1 0
1656 19 1 0 -1
1657 78 2 -1 0
1658 93 34 -1 0
1659 79 30 0 -1
1660 14 9 1 0
1661 12 36 1 0
1662 64 2 -1 0
1663 79 6 0 1
1664 53 17 0 -1
1665 52 21 0 -1
1666 26 30 0 -1
1667 2 7 1 0
1668 84 17 -1 0
1669 1 31 0 -1
1670 23 16 1 0
1671 85 31 -1 0
1672 45 31 1 0
1673 82 14 0 -1
1674 22 15 0 -1
1675 20 22 0 1
1676 83 3 -1 0
1677 83 16 0 1
1678 10 9 0 -1
1679 99 38 0 -1
1680 3 29 -1 0
1681 13 28 1 0
1682 64 38 0 1
1683 29 24 -1 0
1684 92 14 0 -1
1685 13 21 0 1
1686 4 5 0 1
1687 26 28 1 0
1688 20 27 0 -1
1689 78 22 0 1
1690 43 30 0 -1
1691 50 17 1 0
1692 28 30 1 0
1693 27 25 -1 0
1694 96 14 1 0
1695 98 33 0 1
1696 41 30 0 1
1697 60 6 -1 0
1698 26 27 -1 0
1699 54 28 0 1
1700 55 33 0 -1
1701 74 0 0 -1
1702 52 31 0 -1
1703 21 13 0 1
1704 22 26 -1 0
1705 78 13 -1 0
1706 43 25 1 0
1707 36 39 -1 0
1708 69 7 -1 0
1709 38 0 1 0
1710 26 7 -1 0
1711 6 33 0 1
1712 88 11 0 -1
1713 93 11 0 -1
1714 20 29 0 1
1715 94 37 1 0
1716 29 0 0 1
1717 41 12 0 1
1718 36 11 0 -1
1719 13 29 0 -1
1720 41 25 1 0
1721 85 30 0 1
1722 20 35 1 0
1723 13 16 -1 0
1724 55 9 0 -1
1725 39 1 0 -1
1726 41 38 0 1
1727 3 32 -1 0
1728 14 28 0 -1
1729 57 30 0 1
1730 39 20 0 -1
1731 22 38 0 1
1732 13 39 0 -1
1733 15 11 -1 0
1734 89 9 -1 0
1735 47 23 0 -1
1736 16 12 0 1
1737 96 0 0 -1
1738 7 11 0 1
1739 44 13 -1 0
1740 51 7 1 0
1741 24 16 1 0
1742 56 4 1 0
1743 44 35 0 1
1744 1 36 1 0
1745 57 1 0 1
1746 55 14 0 1
1747 51 39 -1 0
1748 24 35 1 0
1749 58 33 0 -1
1750 49 26 0 -1
1751 87 30 1 0
1752 90 20 0 -1
1753 72 17 0 1
1754 30 32 0 -1
1755 3 19 0 1
1756 97 39 1 0
1757 86 3 -1 0
1758 39 12 0 -1
1759 73 23 1 0
1760 44 30 0 -1
1761 31 23 0 -1
1762 57 18 -1 0
1763 16 17 0 -1
1764 27 11 0 -1
1765 17 33 1 0
1766 11 28 0 1
1767 28 9 0 1
1768 54 32 0 -1
1769 3 2 0 1
1770 64 7 0 -1
1771 62 37 0 1
1772 91 38 -1 0
1773 40 17 1 0
1774 2 25 -1 0
1775 16 36 0 -1
1776 50 10 0 1
1777 88 32 0 -1
1778 73 22 0 -1
1779 26 39 0 -1
1780 58 1 0 -1
1781 62 8 -1 0
1782 84 4 1 0
1783 47 11 0 -1
1784 28 39 -1 0
1785 49 0 0 -1
1786 26 7 -1 0
1787 93 26 0 1
1788 19 34 0 1
1789 22 19 0 -1
1790 20 38 0 -1
1791 7 20 0 1
1792 24 9 -1 0
1793 91 19 -1 0
1794 19 18 0 1
1795 88 23 1 0
1796 4 29 0 -1
1797 18 23 0 -1
1798 61 5 -1 0
1799 91 17 -1 0
1800 12 35 1 0
1801 91 18 0 1
1802 24 16 0 -1
1803 16 32 0 1
1804 5 5 0 -1
1805 17 30 0 1
1806 6 27 0 -1
1807 24 36 0 -1
1808 59 2 0 1
1809 15 6 0 -1
1810 99 32 0 -1
1811 87 4 0 1
1812 60 20 -1 0
1813 9 16 -1 0
1814 15 23 0 -1
1815 98 7 0 1
1816 71 33 0 -1
1817 50 23 1 0
1818 94 11 0 1
1819 22 28 -1 0
1820 95 21 0 1
1821 51 16 0 -1
1822 95 14 0 -1
1823 14 16 0 -1
1824 54 24 0 1
1825 98 20 -1 0
1826 97 37 1 0
1827 83 8 -1 0
1828 49 4 0 -1
1829 54 12 1 0
1830 14 27 0 1
1831 81 24 0 1
1832 87 18 1 0
1833 39 22 0 1
1834 5 26 1 0
1835 73 31 1 0
1836 11 15 1 0
1837 39 34 0 -1
1838 2 12 1 0
1839 11 6 -1 0
1840 78 39 -1 0
1841 15 8 0 1
1842 28 5 1 0
1843 37 17 0 -1
1844 8 6 0 -1
1845 72 13 1 0
1846 19 17 1 0
1847 17 39 0 -1
1848 83 24 -1 0
1849 69 11 0 -1
1850 52 12 0 1
1851 23 15 -1 0
1852 19 4 0 1
1853 36 6 1 0
1854 45 14 -1 0
1855 58 10 0 1
1856 49 21 -1 0
1857 70 29 -1 0
1858 24 24 0 1
1859 28 26 0 1
1860 83 12 -1 0
1861 85 29 0 1
1862 21 7 0 -1
1863 98 21 1 0
1864 27 4 0 -1
1865 20 11 0 1
1866 6 34 1 0
1867 95 8 1 0
1868 52 7 -1 0
1869 78 21 -1 0
1870 40 4 0 1
1871 98 27 0 -1
1872 26 26 -1 0
1873 87 32 1 0
1874 31 22 -1 0
1875 40 10 0 -1
1876 98 35 -1 0
1877 52 35 0 -1
1878 83 19 0 1
1879 10 7 -1 0
1880 60 24 0 1
1881 79 7 0 -1
1882 80 6 -1 0
1883 13 24 -1 0
1884 42 13 0 -1
1885 45 10 0 1
1886 86 17 0 1
1887 28 14 -1 0
1888 94 35 1 0
1889 24 15 0 -1
1890 42 17 1 0
1891 89 3 1 0
1892 65 13 -1 0
1893 7 9 0 1
1894 49 2 -1 0
1895 73 2 0 1
1896 96 28 -1 0
1897 84 29 0 -1
1898 95 16 0 1
1899 27 23 -1 0
1900 10 10 0 1
1901 99 22 -1 0
1902 15 33 0 1
1903 82 21 0 1
1904 64 26 0 1
1905 93 2 0 1
1906 16 32 1 0
1907 36 34 -1 0
1908 24 39 0 1
1909 60 29 0 -1
1910 64 0 1 0
1911 30 18 1 0
1912 68 20 -1 0
1913 25 32 -1 0
1914 43 7 0 -1
1915 51 21 1 0
1916 22 18 0 1
1917 63 22 0 -1
1918 84 6 1 0
1919 22 31 -1 0
1920 58 26 1 0
1921 99 36 0 1
1922 91 39 0 1
1923 49 29 0 -1
1924 51 18 0 -1
1925 19 29 1 0
1926 69 26 -1 0
1927 48 18 0 -1
1928 6 39 -1 0
1929 19 2 0 -1
1930 91 36 1 0
1931 92 20 -1 0
1932 49 20 0 -1
1933 68 38 0 1
1934 72 17 -1 0
1935 39 10 -1 0
1936 87 13 1 0
1937 25 17 0 -1
1938 18 8 -1 0
1939 93 26 1 0
1940 41 29 -1 0
1941 12 37 -1 0
1942 44 25 0 1
1943 96 13 -1 0
1944 25 18 1 0
1945 49 19 0 1
1946 91 28 0 1
1947 79 8 -1 0
1948 6 36 0 1
1949 86 7 1 0
1950 28 18 1 0
1951 76 6 -1 0
1952 9 0 0 1
1953 26 3 -1 0
1954 50 37 0 1
1955 57 36 0 -1
1956 26 5 -1 0
1957 81 29 0 -1
1958 92 36 0 -1
1959 61 21 0 -1
1960 79 22 -1 0
1961 31 11 0 -1
1962 21 3 -1 0
1963 38 6 0 -1
1964 13 11 1 0
1965 88 22 0 1
1966 14 14 0 -1
1967 68 36 -1 0
1968 94 33 -1 0
1969 90 37 -1 0
1970 23 33 -1 0
1971 51 33 1 0
1972 68 32 1 0
1973 53 23 1 0
1974 45 20 1 0
1975 7 14 0 -1
1976 44 9 0 1
1977 99 28 0 1
1978 23 1 0 1
1979 78 23 0 -1
1980 39 28 -1 0
1981 83 38 0 -1
1982 9 12 1 0
1983 60 31 1 0
1984 38 22 -1 0
1985 16 6 0 -1
1986 71 34 0 -1
1987 53 5 0 -1
1988 74 0 0 -1
1989 20 22 0 1
1990 10 21 0 -1
1991 55 28 -1 0
1992 45 2 0 1
1993 22 4 1 0
1994 82 29 1 0
1995 13 0 1 0
1996 43 24 1 0
1997 50 15 -1 0
1998 26 20 0 1
1999 97 18 0 1
2000 80 26 0 1
2001 2 19 -1 0
2002 43 1 0 1
2003 40 39 0 1
2004 44 14 1 0
2005 68 7 0 -1
2006 21 13 1 0
2007 49 6 1 0
2008 13 15 -1 0
2009 75 9 0 1
2010 15 12 0 -1
2011 92 9 1 0
2012 21 9 0 -1
2013 99 33 0 1
2014 28 18 0 1
2015 48 11 -1 0
2016 85 3 0 1
2017 8 35 0 -1
2018 46 7 0 -1
2019 84 9 0 1
2020 68 1 1 0
2021 23 8 -1 0
2022 90 12 0 1
2023 88 15 -1 0
2024 42 17 -1 0
2025 22 15 0 1
2026 29 36 1 0
2027 48 27 -1 0
2028 89 1 1 0
2029 24 11 0 -1
2030 19 34 1 0
2031 11 7 0 -1
2032 96 30 0 -1
2033 64 30 -1 0
2034 20 2 -1 0
2035 85 14 -1 0
2036 49 15 0 1
2037 30 32 0 1
2038 44 22 1 0
2039 56 0 0 1
2040 24 5 0 1
2041 2 30 0 -1
2042 73 11 0 1
2043 75 1 -1 0
2044 82 2 0 -1
2045 68 7 1 0
2046 37 35 0 1
2047 75 38 0 -1
2048 10 34 -1 0
2049 55 29 1 0
2050 38 13 0 -1
2051 44 22 0 -1
2052 47 10 0 -1
2053 54 16 0 1
2054 70 33 1 0
2055 72 22 -1 0
2056 21 8 0 -1
2057 95 12 0 -1
2058 94 10 1 0
2059 94 10 1 0
2060 11 39 0 1
2061 52 2 1 0
2062 6 12 0 1
2063 2 11 -1 0
2064 39 18 0 1
2065 2 30 1 0
2066 66 12 1 0
2067 22 30 -1 0
2068 23 27 -1 0
2069 68 0 0 1
2070 23 32 0 -1
2071 29 18 0 1
2072 27 34 0 1
2073 47 4 0 -1
2074 47 24 0 1
2075 58 1 1 0
2076 54 2 0 -1
2077 6 37 -1 0
2078 43 9 1 0
2079 93 22 0 -1
2080 89 21 0 -1
2081 21 2 0 -1
2082 67 18 0 -1
2083 57 21 0 -1
2084 81 17 0 1
2085 15 37 -1 0
2086 5 12 0 1
2087 58 32 0 -1
2088 7 10 1 0
2089 83 0 0 -1
2090 55 3 0 1
2091 95 3 0 -1
2092 54 35 0 1
2093 46 25 0 -1
2094 9 15 0 1
2095 52 17 1 0
2096 60 11 -1 0
2097 27 0 -1 0
2098 76 18 0 -1
2099 30 32 0 1
2100 49 39 0 1
2101 69 19 0 -1
2102 52 14 -1 0
2103 25 34 0 1
2104 77 36 -1 0
2105 90 30 0 -1
2106 99 4 1 0
2107 22 30 -1 0
2108 3 23 0 1
2109 51 6 -1 0
2110 7 35 1 0
2111 14 21 -1 0
2112 51 15 0 1
2113 78 27 0 -1
2114 11 1 0 1
2115 44 38 -1 0
2116 83 3 1 0
2117 40 30 -1 0
2118 64 23 1 0
2119 54 22 -1 0
2120 68 0 0 -1
2121 4 36 0 1
2122 90 4 0 1
2123 91 26 -1 0
2124 7 5 0 -1
2125 13 33 0 1
2126 91 8 -1 0
2127 78 32 1 0
2128 27 16 1 0
2129 25 17 -1 0
2130 44 1 -1 0
2131 5 38 0 1
2132 29 9 0 1
2133 68 19 -1 0
2134 40 17 0 1
2135 8 16 1 0
2136 98 14 -1 0
2137 42 0 -1 0
2138 15 7 0 1
2139 0 36 0 -1
2140 52 16 0 1
2141 44 6 0 1
2142 30 34 -1 0
2143 54 31 1 0
2144 15 19 0 1
2145 81 5 0 -1
2146 99 12 1 0
2147 94 35 -1 0
2148 78 3 0 1
2149 23 2 0 -1
2150 73 0 -1 0
2151 87 3 -1 0
2152 49 21 0 1
2153 53 32 1 0
2154 55 22 0 -1
2155 12 35 0 -1
2156 24 17 0 -1
2157 38 38 0 1
2158 38 32 0 1
2159 29 24 0 -1
2160 9 28 1 0
2161 16 29 0 -1
2162 10 10 1 0
2163 40 18 0 1
2164 79 36 -1 0
2165 52 37 0 1
2166 63 18 0 -1
2167 84 17 0 1
2168 14 22 1 0
2169 72 16 0 -1
2170 45 35 -1 0
2171 98 16 0 -1
2172 14 6 0 -1
2173 41 16 0 -1
2174 74 1 -1 0
2175 58 0 -1 0
2176 60 30 0 1
2177 39 16 0 1
2178 23 23 0 1
2179 24 1 -1 0
2180 37 25 1 0
2181 3 22 0 1
2182 42 36 0 -1
2183 45 1 1 0
2184 12 0 1 0
2185 79 1 -1 0
2186 93 30 0 -1
2187 11 38 0 -1
2188 37 7 0 -1
2189 71 39 1 0
2190 86 37 -1 0
2191 42 11 0 -1
2192 37 32 -1 0
2193 95 15 -1 0
2194 20 17 0 -1
2195 72 9 0 1
2196 28 11 0 -1
2197 93 11 -1 0
2198 80 13 0 -1
2199 4 2 -1 0
2200 20 30 0 1
2201 11 25 0 1
2202 76 18 0 1
2203 24 10 1 0
2204 80 7 0 -1
2205 23 36 1 0
2206 64 39 -1 0
2207 29 39 0 -1
2208 10 18 -1 0
2209 54 5 -1 0
2210 22 27 1 0
2211 10 4 -1 0
2212 50 2 1 0
2213 32 10 -1 0
2214 12 30 -1 0
2215 98 14 0 1
2216 24 36 0 1
2217 31 6 1 0
2218 37 18 0 -1
2219 65 35 0 -1
2220 31 33 0 -1
2221 57 30 0 1
2222 18 19 -1 0
2223 14 11 1 0
2224 73 26 0 -1
2225 39 29 1 0
2226 16 1 1 0
2227 25 0 0 1
2228 37 15 1 0
2229 30 35 0 -1
2230 42 18 -1 0
2231 21 2 0 1
2232 46 17 1 0
2233 20 32 1 0
2234 41 17 0 -1
2235 93 25 0 -1
2236 87 4 -1 0
2237 48 24 1 0
2238 21 25 0 -1
2239 99 36 1 0
2240 2 14 -1 0
2241 90 17 0 -1
2242 46 26 -1 0
2243 17 32 -1 0
2244 59 6 0 1
2245 61 29 1 0
2246 38 21 -1 0
2247 16 38 1 0
2248 69 14 0 1
2249 58 27 -1 0
2250 76 9 -1 0
2251 56 12 0 1
2252 62 23 1 0
2253 8 22 0 -1
2254 20 27 0 -1
2255 22 34 0 -1
2256 96 15 1 0
2257 19 30 -1 0
2258 25 2 1 0
2259 61 23 1 0
2260 61 35 -1 0
2261 94 21 0 1
2262 24 11 0 -1
2263 40 4 1 0
2264 26 29 1 0
2265 2 26 1 0
2266 77 7 1 0
2267 94 30 0 -1
2268 31 5 1 0
2269 98 15 0 -1
2270 25 33 -1 0
2271 19 12 -1 0
2272 17 2 -1 0
2273 67 34 -1 0
2274 28 35 -1 0
2275 18 16 1 0
2276 89 3 0 -1
2277 57 23 -1 0
2278 42 12 1 0
2279 45 8 1 0
2280 58 8 1 0
2281 75 10 0 -1
2282 24 12 -1 0
2283 88 15 0 -1
2284 8 16 0 -1
2285 23 12 0 1
2286 96 2 0 -1
2287 24 22 1 0
2288 93 25 -1 0
2289 19 37 0 1
2290 98 30 -1 0
2291 29 8 1 0
2292 16 15 -1 0
2293 41 33 -1 0
2294 71 17 1 0
2295 36 18 -1 0
2296 96 21 -1 0
2297 42 8 0 1
2298 2 3 0 -1
2299 83 20 0 -1
2300 44 1 0 -1
2301 49 5 0 1
2302 40 27 1 0
2303 2 21 -1 0
2304 46 17 0 1
2305 8 28 1 0
2306 62 16 0 1
2307 92 7 0 -1
2308 4 8 0 -1
2309 72 4 0 -1
2310 28 27 0 -1
2311 95 15 1 0
2312 71 25 1 0
2313 20 12 -1 0
2314 42 36 1 0
2315 40 26 0 -1
2316 37 14 0 1
2317 19 24 -1 0
2318 8 3 0 -1
2319 96 26 -1 0
2320 18 5 0 -1
2321 25 35 -1 0
2322 56 33 1 0
2323 53 0 -1 0
2324 91 33 0 -1
2325 42 26 1 0
2326 43 34 1 0
2327 86 13 -1 0
2328 22 31 0 1
2329 0 29 1 0
2330 74 24 -1 0
2331 43 7 0 -1
2332 20 37 0 1
2333 97 17 0 -1
2334 66 10 1 0
2335 28 8 0 -1
2336 27 26 0 1
2337 20 27 0 1
2338 20 24 -1 0
2339 0 3 0 -1
2340 48 29 -1 0
2341 30 13 -1 0
2342 17 26 1 0
2343 30 10 0 -1
2344 40 19 0 1
2345 74 5 -1 0
2346 93 35 0 -1
2347 22 22 0 1
2348 64 34 1 0
2349 72 16 0 -1
2350 5 20 0 -1
2351 38 33 0 1
2352 8 2 -1 0
2353 47 37 0 -1
2354 41 25 -1 0
2355 79 27 -1 0
2356 19 28 0 1
2357 19 28 0 1
2358 39 21 1 0
2359 85 34 1 0
2360 23 19 1 0
2361 25 16 1 0
2362 56 25 1 0
2363 49 2 -1 0
2364 32 18 -1 0
2365 28 22 -1 0
2366 28 22 0 -1
2367 59 30 -1 0
2368 99 16 -1 0
2369 65 21 1 0
2370 78 5 1 0
2371 49 32 0 1
2372 38 13 1 0
2373 79 37 0 1
2374 39 7 0 1
2375 11 31 0 1
2376 46 15 1 0
2377 41 39 1 0
2378 26 27 -1 0
2379 86 28 1 0
2380 48 23 -1 0
2381 20 33 1 0
2382 67 36 1 0
2383 44 38 -1 0
2384 81 8 -1 0
2385 81 7 -1 0
2386 45 17 0 -1
2387 45 14 0 1
2388 35 7 1 0
2389 96 12 -1 0
2390 22 13 -1 0
2391 2 23 -1 0
2392 28 18 0 -1
2393 23 30 0 1
2394 21 12 1 0
2395 81 11 0 -1
2396 7 18 0 -1
2397 49 27 0 1
2398 87 20 1 0
2399 96 32 -1 0
