0 47 3 0 1
1 80 8 -1 0
2 95 32 0 -1
3 77 10 1 0
4 74 1 -1 0
5 96 7 1 0
6 36 27 0 -1
7 47 0 0 -1
8 49 21 1 0
9 62 28 -1 0
10 91 22 0 1
11 80 29 -1 0
12 23 15 0 1
13 28 26 -1 0
14 96 13 1 0
15 18 22 0 1
16 27 8 1 0
17 11 5 0 1
18 95 27 -1 0
19 78 19 0 -1
20 60 27 0 1
21 45 4 0 1
22 37 10 1 0
23 56 32 0 1
24 8 23 -1 0
25 6 33 0 -1
26 21 4 1 0
27 29 14 1 0
28 14 14 -1 0
29 93 29 0 -1
30 91 33 0 1
31 10 8 1 0
32 40 7 0 -1
33 80 4 0 1
34 18 5 1 0
35 89 25 -1 0
36 51 11 -1 0
37 21 17 1 0
38 3 26 1 0
39 74 22 -1 0
40 54 2 -1 0
41 38 30 0 1
42 45 23 0 -1
43 85 20 0 1
44 17 18 1 0
45 46 1 1 0
46 47 10 1 0
47 28 4 0 1
48 69 28 0 1
49 22 1 0 -1
50 95 23 1 0
51 18 27 -1 0
52 7 33 -1 0
53 1 1 0 1
54 38 36 -1 0
55 43 14 0 1
56 58 20 0 -1
57 50 31 0 -1
58 6 35 0 -1
59 41 12 1 0
60 52 7 0 -1
61 51 32 0 1
62 15 29 -1 0
63 52 33 0 -1
64 25 19 0 -1
65 22 2 0 -1
66 18 15 0 1
67 27 29 0 -1
68 21 32 0 -1
69 89 2 1 0
70 4 20 -1 0
71 4 0 -1 0
72 3 39 1 0
73 75 2 1 0
74 36 18 1 0
75 6 23 1 0
76 49 34 -1 0
77 21 2 0 1
78 96 32 0 1
79 18 38 0 1
80 27 29 0 1
81 55 31 0 -1
82 7 17 -1 0
83 4 24 -1 0
84 96 23 0 1
85 86 32 0 -1
86 22 33 0 1
87 17 13 -1 0
88 50 11 0 -1
89 43 21 0 -1
90 90 11 1 0
91 60 5 0 1
92 50 27 -1 0
93 57 25 0 -1
94 98 18 -1 0
95 91 36 1 0
96 50 2 0 -1
97 38 17 0 1
98 52 33 0 -1
99 78 32 0 -1
100 26 37 0 -1
101 5 23 1 0
102 2 31 0 -1
103 65 10 0 1
104 59 22 0 1
105 22 27 0 -1
106 25 21 0 -1
107 61 19 0 -1
108 72 34 1 0
109 7 5 0 1
110 94 26 0 1
111 49 37 1 0
112 95 8 1 0
113 78 22 0 1
114 44 12 -1 0
115 23 9 1 0
116 99 6 -1 0
117 4 14 1 0
118 79 34 0 -1
119 73 13 1 0
120 42 19 0 1
121 17 24 0 1
122 45 19 1 0
123 96 18 1 0
124 85 36 -1 0
125 31 22 1 0
126 83 19 -1 0
127 97 23 -1 0
128 92 27 -1 0
129 68 25 1 0
130 98 23 -1 0
131 79 25 -1 0
132 23 9 1 0
133 45 33 0 1
134 42 8 1 0
135 38 6 0 1
136 18 34 0 1
137 58 0 0 1
138 99 29 -1 0
139 37 1 0 -1
140 16 38 0 1
141 5 17 0 -1
142 68 36 0 1
143 25 37 1 0
144 5 13 1 0
145 0 19 -1 0
146 92 33 0 1
147 89 3 0 -1
148 46 36 -1 0
149 68 14 0 -1
150 90 8 -1 0
151 63 30 1 0
152 50 29 -1 0
153 20 12 0 1
154 9 28 -1 0
155 79 21 1 0
156 68 0 0 -1
157 48 32 1 0
158 85 25 0 1
159 27 39 1 0
160 18 18 0 -1
161 50 26 1 0
162 24 32 0 1
163 15 26 0 -1
164 82 38 0 1
165 29 24 0 1
166 2 6 0 1
167 5 3 1 0
168 18 23 -1 0
169 47 0 1 0
170 67 19 -1 0
171 49 25 -1 0
172 62 9 1 0
173 53 37 0 -1
174 29 15 1 0
175 46 25 -1 0
176 39 0 -1 0
177 27 18 0 1
178 16 37 0 -1
179 92 8 1 0
180 49 32 0 -1
181 29 23 -1 0
182 45 35 1 0
183 9 24 1 0
184 17 30 0 1
185 19 39 0 -1
186 40 1 -1 0
187 57 30 1 0
188 56 2 0 -1
189 26 20 0 1
190 57 25 0 1
191 23 34 -1 0
192 3 12 1 0
193 21 24 0 -1
194 65 3 0 -1
195 4 30 1 0
196 45 6 1 0
197 57 28 0 1
198 22 34 0 -1
199 53 26 0 1
200 21 0 1 0
201 16 36 0 -1
202 30 30 1 0
203 39 2 -1 0
204 24 23 0 -1
205 86 33 -1 0
206 88 35 1 0
207 74 24 -1 0
208 46 0 1 0
209 68 39 -1 0
210 73 37 0 -1
211 30 17 0 1
212 13 0 -1 0
213 60 31 0 1
214 14 35 0 -1
215 71 27 0 -1
216 64 0 0 1
217 81 27 1 0
218 39 19 0 1
219 36 35 0 1
220 47 9 0 -1
221 18 24 0 1
222 25 2 0 -1
223 68 18 1 0
224 92 33 0 1
225 93 31 -1 0
226 81 29 1 0
227 97 39 0 -1
228 7 6 0 1
229 15 37 1 0
230 9 8 -1 0
231 43 10 0 -1
232 11 17 0 -1
233 46 36 0 1
234 26 21 0 1
235 43 30 0 -1
236 79 12 -1 0
237 14 23 1 0
238 95 17 1 0
239 96 26 -1 0
240 66 37 1 0
241 60 1 1 0
242 27 38 0 -1
243 72 4 1 0
244 46 30 1 0
245 16 36 -1 0
246 65 14 1 0
247 57 4 0 1
248 69 35 -1 0
249 70 12 1 0
250 23 20 0 -1
251 40 32 1 0
252 68 18 0 -1
253 17 12 1 0
254 6 32 1 0
255 19 6 0 -1
256 39 3 -1 0
257 46 11 1 0
258 38 10 0 1
259 63 20 0 1
260 1 35 0 1
261 75 14 1 0
262 78 27 1 0
263 19 37 0 1
264 88 1 0 1
265 45 14 0 1
266 78 38 0 1
267 94 32 1 0
268 48 10 1 0
269 69 10 0 -1
270 8 34 -1 0
271 41 22 -1 0
272 88 18 0 -1
273 90 30 0 1
274 14 24 1 0
275 35 20 0 1
276 25 13 0 -1
277 86 17 0 1
278 46 18 0 1
279 49 8 -1 0
280 79 33 0 -1
281 23 13 0 1
282 44 15 0 -1
283 20 27 -1 0
284 64 9 1 0
285 53 13 0 -1
286 70 7 -1 0
287 21 13 -1 0
288 30 32 -1 0
289 59 22 0 -1
290 98 3 0 1
291 53 22 -1 0
292 44 2 1 0
293 92 19 0 -1
294 4 9 -1 0
295 61 5 0 1
296 84 18 1 0
297 5 37 0 -1
298 44 9 1 0
299 41 9 0 1
300 49 3 0 -1
301 66 12 1 0
302 15 24 -1 0
303 4 25 -1 0
304 72 30 -1 0
305 64 20 -1 0
306 54 7 -1 0
307 19 32 1 0
308 96 34 1 0
309 20 1 1 0
310 47 6 1 0
311 87 7 0 1
312 16 32 -1 0
313 82 10 -1 0
314 44 18 1 0
315 85 6 -1 0
316 55 36 0 -1
317 15 24 0 1
318 43 19 0 -1
319 57 35 0 1
320 38 3 1 0
321 55 33 1 0
322 25 27 -1 0
323 37 0 -1 0
324 64 1 -1 0
325 97 24 0 1
326 7 9 0 -1
327 92 30 0 -1
328 79 14 1 0
329 23 1 1 0
330 51 10 -1 0
331 76 37 0 1
332 82 13 0 1
333 10 20 -1 0
334 19 38 -1 0
335 8 37 1 0
336 17 23 1 0
337 24 15 0 1
338 62 3 0 1
339 22 39 0 -1
340 47 10 -1 0
341 2 36 0 1
342 97 0 0 -1
343 57 17 0 -1
344 9 5 -1 0
345 22 2 1 0
346 19 8 0 1
347 78 21 -1 0
348 87 26 1 0
349 97 23 -1 0
350 28 36 0 1
351 15 3 0 1
352 14 31 1 0
353 30 32 0 -1
354 91 0 -1 0
355 45 34 0 1
356 47 22 0 -1
357 41 5 1 0
358 44 16 -1 0
359 40 25 1 0
360 99 18 0 1
361 9 34 -1 0
362 22 10 0 1
363 38 15 0 1
364 24 2 0 1
365 49 37 0 1
366 98 6 0 1
367 16 22 0 1
368 85 27 0 -1
369 53 13 0 -1
370 40 35 1 0
371 15 23 0 1
372 50 28 0 -1
373 23 26 0 -1
374 54 7 -1 0
375 69 16 0 -1
376 9 20 1 0
377 59 23 0 1
378 6 31 0 1
379 44 4 0 1
380 46 24 1 0
381 83 17 1 0
382 40 10 0 1
383 90 36 0 1
384 91 34 1 0
385 16 18 -1 0
386 92 10 0 -1
387 63 25 1 0
388 18 35 -1 0
389 25 25 0 1
390 17 30 -1 0
391 64 13 -1 0
392 80 33 0 1
393 75 17 1 0
394 99 26 1 0
395 44 32 0 1
396 98 25 0 -1
397 6 13 1 0
398 45 6 0 1
399 64 9 1 0
400 99 22 1 0
401 55 38 0 -1
402 17 23 0 -1
403 26 26 0 1
404 44 13 0 1
405 23 23 0 -1
406 7 34 -1 0
407 55 7 0 1
408 57 8 -1 0
409 15 25 -1 0
410 70 36 -1 0
411 10 31 -1 0
412 37 32 0 1
413 10 20 1 0
414 26 0 0 -1
415 92 11 0 1
416 40 11 0 -1
417 41 11 -1 0
418 6 15 -1 0
419 94 29 0 -1
420 15 8 0 -1
421 66 20 0 -1
422 41 32 -1 0
423 44 26 -1 0
424 48 36 0 1
425 50 38 0 1
426 58 13 -1 0
427 86 26 -1 0
428 52 9 0 1
429 4 37 -1 0
430 71 26 -1 0
431 55 13 0 1
432 22 10 0 -1
433 39 28 1 0
434 29 12 1 0
435 58 5 0 1
436 45 32 0 1
437 88 21 0 -1
438 90 33 0 -1
439 63 24 0 -1
440 80 28 0 -1
441 45 15 0 -1
442 48 35 0 1
443 25 0 0 1
444 86 38 0 -1
445 10 0 1 0
446 51 22 1 0
447 29 26 -1 0
448 54 4 0 1
449 39 26 0 -1
450 20 2 0 1
451 40 12 0 1
452 65 3 -1 0
453 4 16 -1 0
454 49 13 0 1
455 62 39 0 1
456 14 8 0 1
457 17 1 0 1
458 45 29 0 -1
459 38 37 -1 0
460 41 2 -1 0
461 39 33 0 -1
462 73 13 -1 0
463 49 11 0 1
464 16 11 -1 0
465 74 28 -1 0
466 69 24 -1 0
467 10 39 0 1
468 2 32 -1 0
469 29 28 0 -1
470 60 30 -1 0
471 47 12 1 0
472 41 5 0 1
473 9 37 1 0
474 21 3 0 1
475 85 14 0 1
476 99 13 -1 0
477 8 26 1 0
478 78 2 0 -1
479 59 11 1 0
480 95 30 0 1
481 89 25 -1 0
482 95 24 0 -1
483 41 21 0 -1
484 45 24 1 0
485 30 34 0 -1
486 42 29 1 0
487 42 4 0 1
488 18 22 0 1
489 85 36 -1 0
490 96 26 0 -1
491 8 17 0 1
492 18 12 1 0
493 86 16 0 -1
494 46 33 -1 0
495 73 4 -1 0
496 66 2 0 1
497 84 13 0 1
498 11 19 -1 0
499 48 36 -1 0
500 60 6 1 0
501 88 31 1 0
502 24 11 1 0
503 19 13 0 1
504 20 32 -1 0
505 46 28 0 1
506 78 22 1 0
507 85 15 1 0
508 58 13 0 1
509 34 32 1 0
510 66 32 1 0
511 10 20 0 1
512 5 31 -1 0
513 78 25 0 1
514 18 4 0 -1
515 9 19 1 0
516 49 22 0 -1
517 18 18 -1 0
518 50 10 1 0
519 0 27 0 1
520 16 30 0 -1
521 71 31 0 1
522 39 39 -1 0
523 96 26 0 1
524 6 25 -1 0
525 55 1 0 1
526 76 20 0 -1
527 17 6 0 1
528 12 8 0 1
529 48 28 -1 0
530 7 25 0 -1
531 48 22 0 -1
532 95 16 1 0
533 10 29 -1 0
534 61 3 -1 0
535 2 38 1 0
536 14 15 -1 0
537 22 2 0 -1
538 62 30 -1 0
539 5 14 1 0
540 43 8 0 -1
541 45 12 0 1
542 43 7 1 0
543 24 11 0 -1
544 70 19 1 0
545 67 33 0 -1
546 2 39 0 -1
547 16 10 -1 0
548 42 8 1 0
549 29 23 0 -1
550 6 16 0 -1
551 50 3 0 1
552 42 23 1 0
553 17 27 0 -1
554 46 7 -1 0
555 90 2 0 -1
556 93 5 -1 0
557 48 33 0 -1
558 40 22 0 -1
559 27 10 0 1
560 45 14 0 1
561 97 30 1 0
562 51 37 1 0
563 40 37 0 1
564 28 20 1 0
565 0 25 0 -1
566 67 3 -1 0
567 82 21 0 -1
568 61 1 0 -1
569 44 13 1 0
570 44 28 0 -1
571 90 34 0 -1
572 16 30 0 1
573 38 30 -1 0
574 24 31 0 1
575 4 11 1 0
576 82 24 1 0
577 43 11 1 0
578 13 0 0 -1
579 54 6 -1 0
580 5 32 1 0
581 2 34 0 -1
582 89 9 1 0
583 54 35 0 1
584 13 14 0 1
585 65 15 1 0
586 42 32 -1 0
587 51 28 0 -1
588 91 14 0 1
589 13 9 1 0
590 12 12 -1 0
591 20 33 0 -1
592 95 34 0 -1
593 30 36 1 0
594 22 3 0 -1
595 85 39 0 -1
596 73 37 -1 0
597 39 20 0 1
598 53 28 0 1
599 19 36 1 0
600 84 6 0 1
601 67 36 0 1
602 99 21 0 1
603 69 17 1 0
604 11 0 0 1
605 14 16 0 1
606 40 5 1 0
607 38 11 0 -1
608 59 25 1 0
609 45 13 0 1
610 42 4 0 -1
611 71 27 -1 0
612 72 8 0 -1
613 3 20 1 0
614 93 7 1 0
615 19 32 0 -1
616 42 33 0 1
617 12 2 -1 0
618 78 0 1 0
619 84 21 0 -1
620 40 23 0 1
621 6 3 1 0
622 1 35 1 0
623 64 20 -1 0
624 4 9 0 -1
625 21 22 0 1
626 24 34 -1 0
627 46 35 0 1
628 6 2 1 0
629 47 31 0 -1
630 19 31 0 -1
631 7 36 1 0
632 18 11 -1 0
633 55 35 1 0
634 51 0 0 -1
635 16 0 0 1
636 7 28 1 0
637 55 9 0 -1
638 27 24 0 -1
639 67 39 1 0
640 17 32 0 1
641 62 39 0 1
642 55 27 0 -1
643 91 13 0 1
644 20 17 0 -1
645 71 4 0 1
646 6 20 1 0
647 6 32 -1 0
648 23 18 1 0
649 42 21 0 1
650 16 4 0 1
651 77 0 1 0
652 40 12 0 -1
653 47 23 -1 0
654 54 7 0 -1
655 38 24 0 1
656 87 27 0 1
657 22 17 1 0
658 55 1 0 -1
659 56 35 -1 0
660 50 31 0 -1
661 11 16 0 1
662 5 12 1 0
663 24 6 0 1
664 45 12 0 -1
665 94 21 1 0
666 53 7 0 1
667 20 38 0 1
668 55 2 0 -1
669 91 9 1 0
670 89 16 0 -1
671 69 11 0 1
672 78 7 -1 0
673 82 2 1 0
674 21 16 1 0
675 95 35 0 -1
676 87 34 1 0
677 62 26 1 0
678 24 30 1 0
679 30 10 1 0
680 77 13 0 1
681 43 30 -1 0
682 81 35 -1 0
683 40 19 1 0
684 85 15 -1 0
685 0 4 -1 0
686 67 2 -1 0
687 24 12 0 -1
688 76 13 0 -1
689 84 24 0 -1
690 19 33 1 0
691 53 7 -1 0
692 75 4 0 -1
693 28 37 -1 0
694 10 6 0 -1
695 47 30 0 1
696 89 3 0 -1
697 41 14 -1 0
698 78 32 -1 0
699 93 19 -1 0
700 11 29 -1 0
701 91 24 1 0
702 46 4 0 1
703 9 39 1 0
704 22 33 -1 0
705 42 13 0 1
706 72 4 -1 0
707 22 20 1 0
708 86 23 0 -1
709 26 11 0 1
710 27 17 0 -1
711 67 1 1 0
712 96 2 0 -1
713 3 26 0 -1
714 31 25 -1 0
715 7 16 0 -1
716 27 32 0 -1
717 6 8 -1 0
718 47 32 0 1
719 82 18 0 1
720 39 15 0 -1
721 6 14 0 -1
722 20 28 0 1
723 35 19 1 0
724 71 28 1 0
725 93 33 -1 0
726 4 5 1 0
727 43 21 0 1
728 43 1 0 1
729 26 9 -1 0
730 85 21 -1 0
731 42 22 -1 0
732 47 32 0 1
733 50 8 1 0
734 83 16 0 1
735 3 11 0 1
736 9 27 -1 0
737 49 32 0 -1
738 57 37 0 1
739 71 35 0 1
740 91 8 0 -1
741 89 39 0 -1
742 74 6 0 1
743 40 24 0 -1
744 52 14 -1 0
745 62 8 -1 0
746 87 34 0 1
747 97 21 0 -1
748 63 14 -1 0
749 88 31 0 1
750 7 23 1 0
751 56 13 0 1
752 41 30 -1 0
753 20 33 0 1
754 65 3 0 -1
755 2 11 0 -1
756 73 38 0 1
757 75 21 0 -1
758 46 20 1 0
759 39 23 1 0
760 87 29 -1 0
761 60 23 1 0
762 22 25 0 -1
763 19 22 0 1
764 41 20 -1 0
765 73 0 0 1
766 26 25 0 -1
767 9 4 0 1
768 21 18 1 0
769 1 7 0 -1
770 91 4 1 0
771 68 1 -1 0
772 22 36 1 0
773 23 5 -1 0
774 10 18 0 -1
775 3 28 0 -1
776 74 15 -1 0
777 97 19 0 -1
778 78 24 0 1
779 40 7 1 0
780 83 11 0 -1
781 70 23 0 1
782 63 0 0 1
783 26 22 -1 0
784 40 11 0 1
785 18 5 -1 0
786 58 1 0 1
787 46 34 1 0
788 50 26 0 -1
789 60 26 -1 0
790 24 19 1 0
791 25 20 0 1
792 85 30 0 1
793 48 35 -1 0
794 40 4 0 -1
795 43 32 0 -1
796 96 15 1 0
797 98 32 -1 0
798 44 24 -1 0
799 73 33 1 0
800 0 27 0 -1
801 6 10 0 1
802 50 11 1 0
803 96 23 1 0
804 8 31 -1 0
805 82 10 1 0
806 22 34 0 1
807 80 26 -1 0
808 13 13 -1 0
809 38 26 0 -1
810 11 38 0 -1
811 78 19 0 -1
812 45 8 0 1
813 50 34 -1 0
814 14 5 0 -1
815 5 26 0 1
816 89 31 0 -1
817 53 4 -1 0
818 6 22 1 0
819 45 26 0 1
820 15 15 0 1
821 20 13 0 1
822 24 8 0 -1
823 41 26 0 -1
824 46 7 -1 0
825 91 2 0 -1
826 69 14 0 1
827 20 18 0 -1
828 10 9 0 1
829 43 20 0 -1
830 2 27 -1 0
831 43 39 0 1
832 50 7 0 1
833 48 39 0 -1
834 42 5 0 1
835 53 19 0 -1
836 47 1 0 1
837 25 6 0 1
838 23 34 1 0
839 62 19 -1 0
840 34 12 1 0
841 16 24 -1 0
842 62 25 0 1
843 92 32 0 1
844 15 4 -1 0
845 13 38 0 1
846 86 19 0 -1
847 5 16 -1 0
848 20 14 1 0
849 45 5 -1 0
850 98 38 1 0
851 63 29 -1 0
852 24 37 1 0
853 11 34 0 1
854 74 36 0 1
855 24 25 0 -1
856 88 27 1 0
857 64 7 -1 0
858 16 29 0 -1
859 67 26 0 1
860 48 8 0 -1
861 50 0 -1 0
862 11 23 -1 0
863 86 14 -1 0
864 64 27 0 -1
865 94 36 0 -1
866 49 31 0 1
867 75 4 -1 0
868 16 37 0 1
869 3 21 1 0
870 42 0 1 0
871 29 9 -1 0
872 50 34 0 -1
873 44 36 0 -1
874 76 38 0 1
875 88 22 0 1
876 19 36 0 -1
877 57 15 0 1
878 14 37 -1 0
879 28 36 1 0
880 27 6 0 -1
881 92 36 1 0
882 93 3 0 1
883 0 29 1 0
884 77 0 1 0
885 13 10 0 -1
886 39 25 -1 0
887 56 1 0 1
888 19 14 -1 0
889 46 22 -1 0
890 30 19 0 -1
891 81 5 0 1
892 21 2 0 -1
893 97 28 0 1
894 40 8 0 1
895 15 19 0 -1
896 87 38 0 -1
897 82 2 -1 0
898 37 19 0 -1
899 13 34 0 -1
900 14 23 0 -1
901 85 39 -1 0
902 24 9 0 -1
903 48 34 1 0
904 9 30 0 1
905 8 21 0 -1
906 20 30 -1 0
907 91 25 0 -1
908 66 31 -1 0
909 98 17 -1 0
910 41 1 0 1
911 47 26 -1 0
912 81 12 0 1
913 44 32 1 0
914 27 28 0 -1
915 64 16 0 1
916 43 32 -1 0
917 23 23 -1 0
918 13 16 0 1
919 93 19 0 1
920 1 21 1 0
921 25 32 -1 0
922 40 2 0 -1
923 47 37 0 -1
924 58 33 -1 0
925 17 33 -1 0
926 50 2 -1 0
927 28 23 0 -1
928 53 13 -1 0
929 47 5 1 0
930 43 27 1 0
931 44 35 1 0
932 1 12 1 0
933 32 33 0 -1
934 87 16 1 0
935 81 30 1 0
936 49 25 0 -1
937 36 13 0 1
938 46 39 -1 0
939 95 31 0 1
940 51 18 0 -1
941 39 13 0 -1
942 96 28 0 1
943 41 9 -1 0
944 58 10 1 0
945 52 1 1 0
946 20 20 -1 0
947 56 5 1 0
948 48 9 1 0
949 46 28 0 1
950 31 30 -1 0
951 0 7 0 1
952 15 38 0 -1
953 13 5 0 -1
954 8 26 -1 0
955 98 39 -1 0
956 35 5 0 -1
957 41 27 -1 0
958 16 9 -1 0
959 76 0 0 -1
960 95 0 0 -1
961 67 23 -1 0
962 46 35 0 -1
963 50 15 1 0
964 93 34 1 0
965 79 1 1 0
966 29 27 1 0
967 93 32 1 0
968 47 23 0 -1
969 11 17 -1 0
970 29 3 -1 0
971 82 3 1 0
972 99 6 -1 0
973 15 27 -1 0
974 44 19 0 1
975 9 34 -1 0
976 37 37 0 -1
977 97 21 0 -1
978 87 26 0 -1
979 51 24 1 0
980 84 0 1 0
981 69 2 0 -1
982 76 6 -1 0
983 82 4 1 0
984 39 16 1 0
985 24 39 0 -1
986 60 12 0 -1
987 52 37 0 1
988 26 24 0 -1
989 84 0 1 0
990 4 1 0 1
991 10 2 -1 0
992 52 32 -1 0
993 38 27 1 0
994 80 22 0 1
995 1 28 0 -1
996 24 16 0 1
997 81 32 0 1
998 7 32 1 0
999 90 33 0 1
1000 41 26 0 -1
1001 16 18 0 -1
1002 53 22 0 1
1003 85 22 1 0
1004 3 1 0 -1
1005 45 31 0 1
1006 87 1 -1 0
1007 42 13 -1 0
1008 12 9 0 -1
1009 30 31 -1 0
1010 59 28 0 -1
1011 39 11 0 1
1012 92 33 0 -1
1013 31 23 0 1
1014 58 25 -1 0
1015 25 9 0 -1
1016 19 0 0 -1
1017 52 32 1 0
1018 99 28 -1 0
1019 19 9 1 0
1020 40 1 0 -1
1021 30 33 0 -1
1022 96 22 0 -1
1023 29 10 0 -1
1024 64 31 1 0
1025 76 34 1 0
1026 96 6 0 1
1027 27 2 -1 0
1028 39 12 0 1
1029 52 8 -1 0
1030 67 39 0 1
1031 50 19 0 1
1032 13 1 -1 0
1033 42 28 1 0
1034 54 22 0 -1
1035 37 9 0 -1
1036 13 24 1 0
1037 0 3 -1 0
1038 45 29 -1 0
1039 70 18 0 -1
1040 14 19 -1 0
1041 43 25 -1 0
1042 39 24 -1 0
1043 23 37 0 1
1044 49 2 -1 0
1045 20 34 -1 0
1046 55 28 0 1
1047 40 25 0 1
1048 76 28 -1 0
1049 63 17 0 1
1050 94 32 0 1
1051 79 2 0 1
1052 69 0 0 1
1053 20 13 0 1
1054 25 4 1 0
1055 84 28 1 0
1056 20 12 0 1
1057 40 35 0 1
1058 31 8 0 -1
1059 22 27 1 0
1060 56 22 0 1
1061 51 38 1 0
1062 26 20 0 1
1063 14 29 -1 0
1064 44 7 0 -1
1065 22 9 0 1
1066 95 10 0 -1
1067 38 16 0 -1
1068 11 31 0 1
1069 95 23 1 0
1070 47 6 1 0
1071 65 32 1 0
1072 39 20 1 0
1073 23 31 -1 0
1074 9 29 1 0
1075 73 18 -1 0
1076 23 16 1 0
1077 40 10 0 -1
1078 68 8 1 0
1079 26 8 -1 0
1080 20 17 0 -1
1081 24 15 0 1
1082 53 33 -1 0
1083 19 33 -1 0
1084 45 16 -1 0
1085 84 39 1 0
1086 88 8 0 1
1087 17 37 -1 0
1088 21 21 -1 0
1089 71 4 1 0
1090 11 26 -1 0
1091 20 15 -1 0
1092 66 9 -1 0
1093 50 31 -1 0
1094 64 2 -1 0
1095 90 9 -1 0
1096 81 2 0 -1
1097 53 12 -1 0
1098 94 1 0 1
1099 11 13 0 -1
1100 91 9 0 1
1101 84 10 0 1
1102 46 37 0 -1
1103 43 7 1 0
1104 64 23 1 0
1105 48 37 1 0
1106 87 22 -1 0
1107 97 5 1 0
1108 37 28 1 0
1109 47 36 -1 0
1110 88 37 -1 0
1111 62 38 -1 0
1112 59 19 0 1
1113 53 18 -1 0
1114 8 15 0 1
1115 92 35 0 1
1116 30 17 1 0
1117 91 37 0 1
1118 49 3 -1 0
1119 23 6 0 1
1120 4 27 0 1
1121 38 35 0 -1
1122 45 12 0 -1
1123 12 7 -1 0
1124 67 12 1 0
1125 69 31 -1 0
1126 3 28 -1 0
1127 46 9 -1 0
1128 11 18 -1 0
1129 18 17 0 1
1130 95 23 1 0
1131 49 26 -1 0
1132 52 37 1 0
1133 69 11 0 1
1134 56 8 -1 0
1135 52 29 0 -1
1136 12 16 0 1
1137 29 34 -1 0
1138 95 26 0 1
1139 93 0 0 1
1140 59 25 0 1
1141 24 17 0 1
1142 70 28 -1 0
1143 51 31 0 -1
1144 68 16 0 -1
1145 14 28 0 -1
1146 8 4 -1 0
1147 85 14 0 1
1148 99 23 0 1
1149 52 4 0 1
1150 50 37 -1 0
1151 14 13 1 0
1152 29 22 1 0
1153 38 0 1 0
1154 0 19 1 0
1155 22 39 0 1
1156 9 9 0 1
1157 88 39 0 -1
1158 15 16 1 0
1159 96 16 1 0
1160 73 4 -1 0
1161 8 13 0 1
1162 91 7 -1 0
1163 47 5 -1 0
1164 87 2 -1 0
1165 26 8 1 0
1166 26 19 0 -1
1167 2 23 1 0
1168 3 13 0 1
1169 91 12 1 0
1170 20 39 0 -1
1171 6 3 1 0
1172 61 37 1 0
1173 52 23 1 0
1174 80 3 1 0
1175 44 25 0 1
1176 94 14 0 -1
1177 5 14 -1 0
1178 64 15 0 -1
1179 96 5 -1 0
1180 36 20 1 0
1181 50 18 -1 0
1182 37 7 -1 0
1183 11 32 -1 0
1184 17 37 -1 0
1185 90 25 -1 0
1186 40 20 1 0
1187 59 35 0 -1
1188 50 0 1 0
1189 23 35 0 -1
1190 18 15 0 -1
1191 45 31 1 0
1192 43 31 -1 0
1193 77 24 1 0
1194 8 24 0 -1
1195 84 3 -1 0
1196 7 7 0 1
1197 45 38 1 0
1198 22 27 1 0
1199 42 30 0 -1
1200 26 35 0 1
1201 82 34 1 0
1202 3 7 1 0
1203 43 21 0 -1
1204 96 3 -1 0
1205 29 35 1 0
1206 39 6 0 -1
1207 23 24 -1 0
1208 29 8 0 1
1209 87 16 0 1
1210 44 5 0 1
1211 65 14 1 0
1212 44 12 1 0
1213 88 29 0 1
1214 18 22 0 -1
1215 86 37 0 1
1216 73 17 0 1
1217 39 10 0 -1
1218 93 33 -1 0
1219 25 27 -1 0
1220 23 11 1 0
1221 45 36 0 1
1222 55 33 -1 0
1223 12 15 -1 0
1224 3 29 0 1
1225 77 33 0 -1
1226 56 27 0 1
1227 67 16 -1 0
1228 99 1 -1 0
1229 11 0 1 0
1230 5 34 1 0
1231 80 20 0 1
1232 44 12 -1 0
1233 52 30 0 1
1234 73 26 1 0
1235 60 4 0 -1
1236 59 8 0 -1
1237 80 20 1 0
1238 24 37 0 1
1239 63 34 -1 0
1240 17 31 1 0
1241 84 32 1 0
1242 71 20 -1 0
1243 15 13 0 -1
1244 53 25 1 0
1245 22 36 1 0
1246 52 9 0 -1
1247 76 38 -1 0
1248 76 39 0 1
1249 26 37 0 -1
1250 62 38 0 1
1251 43 14 0 -1
1252 93 29 1 0
1253 18 34 1 0
1254 43 10 0 1
1255 14 24 -1 0
1256 41 8 -1 0
1257 29 13 0 1
1258 40 12 0 -1
1259 38 31 0 -1
1260 42 5 0 1
1261 80 3 -1 0
1262 52 1 0 1
1263 19 17 0 1
1264 70 27 0 1
1265 16 2 0 1
1266 40 21 0 -1
1267 38 30 1 0
1268 58 24 -1 0
1269 18 39 -1 0
1270 97 22 0 -1
1271 83 6 0 1
1272 1 19 0 -1
1273 48 18 1 0
1274 56 2 1 0
1275 23 33 1 0
1276 37 15 0 1
1277 84 32 -1 0
1278 48 4 0 1
1279 51 25 0 1
1280 11 2 1 0
1281 94 19 0 1
1282 21 22 0 -1
1283 63 20 0 1
1284 2 38 0 -1
1285 61 31 -1 0
1286 53 19 -1 0
1287 19 3 1 0
1288 35 23 0 1
1289 50 24 1 0
1290 66 26 1 0
1291 21 15 0 1
1292 23 38 1 0
1293 40 38 0 -1
1294 87 33 0 1
1295 38 36 0 1
1296 41 30 0 -1
1297 40 7 0 1
1298 44 28 -1 0
1299 29 11 1 0
1300 23 1 1 0
1301 98 24 -1 0
1302 2 15 1 0
1303 41 22 1 0
1304 38 31 0 -1
1305 90 11 1 0
1306 84 19 -1 0
1307 1 7 -1 0
1308 55 19 -1 0
1309 40 30 -1 0
1310 92 32 0 -1
1311 39 23 1 0
1312 86 4 -1 0
1313 78 29 0 -1
1314 39 1 -1 0
1315 52 6 0 -1
1316 72 36 0 -1
1317 21 4 0 -1
1318 50 19 0 -1
1319 29 1 -1 0
1320 47 28 1 0
1321 73 1 0 1
1322 14 27 0 -1
1323 38 12 0 -1
1324 5 22 1 0
1325 20 36 0 -1
1326 40 29 0 -1
1327 13 32 -1 0
1328 57 13 0 1
1329 77 14 1 0
1330 2 38 1 0
1331 37 25 -1 0
1332 63 33 -1 0
1333 64 37 0 -1
1334 21 7 0 1
1335 27 9 0 -1
1336 91 19 0 1
1337 14 31 0 1
1338 46 34 0 -1
1339 19 21 0 1
1340 49 37 -1 0
1341 28 29 0 1
1342 6 4 -1 0
1343 27 15 0 1
1344 94 12 0 1
1345 29 32 1 0
1346 91 17 1 0
1347 19 37 -1 0
1348 70 2 0 1
1349 51 27 0 -1
1350 0 26 1 0
1351 65 38 0 1
1352 43 31 -1 0
1353 67 15 1 0
1354 17 8 0 -1
1355 17 21 1 0
1356 30 25 0 1
1357 25 0 0 1
1358 9 39 -1 0
1359 43 35 1 0
1360 59 23 0 1
1361 22 13 1 0
1362 96 28 1 0
1363 93 39 1 0
1364 90 18 0 -1
1365 45 11 -1 0
1366 58 33 0 -1
1367 97 4 0 -1
1368 37 32 1 0
1369 38 39 -1 0
1370 15 10 0 1
1371 44 36 0 -1
1372 7 19 0 -1
1373 70 18 -1 0
1374 24 26 1 0
1375 20 17 0 1
1376 39 19 0 1
1377 52 32 1 0
1378 0 39 0 -1
1379 42 15 0 1
1380 56 39 1 0
1381 94 3 1 0
1382 23 14 1 0
1383 60 24 0 -1
1384 41 18 0 1
1385 81 21 -1 0
1386 82 9 -1 0
1387 9 32 -1 0
1388 17 30 1 0
1389 49 0 1 0
1390 55 36 0 -1
1391 41 23 0 -1
1392 41 16 -1 0
1393 46 20 0 1
1394 46 24 1 0
1395 89 9 1 0
1396 49 24 0 1
1397 37 33 0 1
1398 3 14 0 1
1399 44 11 -1 0
1400 57 10 0 1
1401 44 36 0 1
1402 46 4 -1 0
1403 48 16 0 -1
1404 11 15 1 0
1405 29 27 0 -1
1406 20 36 1 0
1407 28 34 -1 0
1408 68 8 -1 0
1409 48 25 0 -1
1410 10 13 0 -1
1411 8 13 0 1
1412 57 2 0 -1
1413 0 17 0 1
1414 46 36 -1 0
1415 42 12 0 -1
1416 92 37 1 0
1417 42 10 -1 0
1418 99 16 0 1
1419 25 39 1 0
1420 25 4 1 0
1421 99 11 0 1
1422 24 22 1 0
1423 52 12 0 1
1424 48 1 -1 0
1425 17 26 0 1
1426 5 36 0 -1
1427 91 26 0 1
1428 4 24 1 0
1429 97 19 0 -1
1430 67 14 1 0
1431 61 19 1 0
1432 36 13 0 1
1433 81 31 -1 0
1434 7 10 0 1
1435 39 5 -1 0
1436 42 11 1 0
1437 88 10 -1 0
1438 71 39 0 1
1439 8 5 1 0
1440 37 29 -1 0
1441 7 37 -1 0
1442 24 6 -1 0
1443 29 14 1 0
1444 87 15 1 0
1445 5 10 1 0
1446 83 16 0 -1
1447 45 30 -1 0
1448 49 32 0 1
1449 86 24 1 0
1450 93 11 1 0
1451 77 29 -1 0
1452 24 18 -1 0
1453 43 0 0 1
1454 5 32 1 0
1455 11 8 -1 0
1456 41 24 0 1
1457 29 27 -1 0
1458 36 28 1 0
1459 26 9 0 1
1460 39 10 1 0
1461 0 4 0 1
1462 52 30 0 1
1463 79 26 1 0
1464 9 0 -1 0
1465 98 22 0 -1
1466 93 0 0 -1
1467 80 25 0 1
1468 55 2 0 1
1469 22 16 0 -1
1470 39 37 1 0
1471 46 5 1 0
1472 11 18 1 0
1473 21 14 1 0
1474 1 1 1 0
1475 41 39 -1 0
1476 81 4 1 0
1477 43 39 1 0
1478 49 16 1 0
1479 50 22 0 -1
1480 91 10 0 -1
1481 13 21 -1 0
1482 65 32 1 0
1483 47 34 1 0
1484 17 5 -1 0
1485 89 14 0 1
1486 54 27 0 1
1487 48 17 -1 0
1488 85 9 1 0
1489 90 34 0 1
1490 92 0 -1 0
1491 32 31 1 0
1492 81 2 1 0
1493 97 38 1 0
1494 61 14 0 -1
1495 39 31 1 0
1496 21 26 0 -1
1497 46 24 1 0
1498 27 34 0 1
1499 43 14 0 -1
1500 53 3 0 -1
1501 61 38 1 0
1502 54 6 -1 0
1503 20 19 0 1
1504 44 4 0 1
1505 99 32 0 1
1506 44 24 0 -1
1507 41 35 0 1
1508 27 7 1 0
1509 12 10 1 0
1510 81 33 1 0
1511 94 6 0 1
1512 80 0 1 0
1513 72 38 0 1
1514 30 1 -1 0
1515 60 30 -1 0
1516 54 10 -1 0
1517 62 16 0 1
1518 43 15 0 -1
1519 45 18 0 1
1520 21 16 0 1
1521 95 37 0 -1
1522 98 38 0 1
1523 71 27 0 -1
1524 48 27 -1 0
1525 27 23 1 0
1526 39 9 0 1
1527 25 30 1 0
1528 92 9 0 -1
1529 38 1 0 1
1530 70 11 -1 0
1531 84 20 1 0
1532 97 4 -1 0
1533 99 22 1 0
1534 44 35 0 1
1535 41 3 -1 0
1536 26 22 1 0
1537 25 37 1 0
1538 78 6 1 0
1539 91 6 -1 0
1540 42 20 0 1
1541 45 38 0 -1
1542 18 0 1 0
1543 84 6 0 1
1544 12 9 0 -1
1545 90 18 0 -1
1546 27 32 0 -1
1547 91 5 0 1
1548 23 39 0 -1
1549 96 0 -1 0
1550 88 30 0 -1
1551 91 8 -1 0
1552 19 13 0 -1
1553 0 25 1 0
1554 37 9 0 1
1555 21 19 0 1
1556 37 19 0 -1
1557 16 13 -1 0
1558 25 12 -1 0
1559 82 17 0 1
1560 92 8 0 -1
1561 59 23 0 -1
1562 92 35 0 -1
1563 16 20 0 -1
1564 46 8 1 0
1565 48 34 1 0
1566 51 36 -1 0
1567 27 25 1 0
1568 86 12 0 1
1569 94 39 -1 0
1570 42 4 -1 0
1571 75 26 0 -1
1572 19 6 0 -1
1573 65 36 -1 0
1574 19 16 1 0
1575 17 9 0 1
1576 88 32 -1 0
1577 12 7 1 0
1578 39 37 -1 0
1579 96 4 0 -1
1580 8 37 0 -1
1581 37 5 0 1
1582 98 29 -1 0
1583 24 19 -1 0
1584 26 29 1 0
1585 1 25 0 -1
1586 73 22 0 -1
1587 18 13 0 1
1588 0 4 1 0
1589 89 25 0 -1
1590 71 7 -1 0
1591 26 35 1 0
1592 47 39 0 1
1593 12 36 0 1
1594 80 19 -1 0
1595 8 10 1 0
1596 82 14 1 0
1597 23 37 1 0
1598 24 23 0 1
1599 77 7 0 1
1600 3 36 0 1
1601 99 34 1 0
1602 72 24 0 -1
1603 90 16 -1 0
1604 21 14 1 0
1605 95 22 -1 0
1606 24 30 -1 0
1607 55 22 -1 0
1608 96 28 -1 0
1609 48 26 1 0
1610 97 32 0 -1
1611 98 33 -1 0
1612 59 32 0 1
1613 53 19 1 0
1614 50 6 0 1
1615 15 3 0 -1
1616 9 10 0 1
1617 61 23 1 0
1618 12 31 1 0
1619 25 29 0 -1
1620 82 16 0 -1
1621 65 25 0 -1
1622 84 26 0 1
1623 27 32 -1 0
1624 43 30 0 1
1625 66 39 0 1
1626 79 4 0 -1
1627 85 11 1 0
1628 67 39 -1 0
1629 93 17 0 1
1630 31 18 -1 0
1631 17 16 0 1
1632 84 18 0 -1
1633 19 20 1 0
1634 28 28 0 -1
1635 46 6 1 0
1636 36 9 1 0
1637 95 0 0 1
1638 21 17 0 -1
1639 8 30 -1 0
1640 29 8 0 1
1641 6 17 0 1
1642 39 8 1 0
1643 68 5 0 -1
1644 54 5 0 -1
1645 10 19 0 -1
1646 63 23 -1 0
1647 31 15 1 0
1648 17 35 1 0
1649 46 23 1 0
1650 42 1 -1 0
1651 24 7 -1 0
1652 24 29 0 1
1653 0 17 1 0
1654 31 1 0 -1
1655 25 31 0 -1
1656 86 31 0 -1
1657 69 1 -1 0
1658 68 33 0 -1
1659 53 27 1 0
1660 17 31 0 -1
1661 59 7 0 1
1662 37 21 -1 0
1663 88 34 1 0
1664 81 16 0 1
1665 16 12 -1 0
1666 25 7 0 -1
1667 81 23 0 -1
1668 3 11 -1 0
1669 99 39 0 1
1670 24 23 0 -1
1671 77 16 -1 0
1672 18 0 0 -1
1673 52 2 0 1
1674 30 29 -1 0
1675 9 9 0 -1
1676 10 31 0 1
1677 74 22 0 1
1678 1 13 0 -1
1679 78 30 1 0
1680 0 18 -1 0
1681 89 18 1 0
1682 37 12 0 1
1683 28 34 -1 0
1684 31 17 0 1
1685 22 30 0 -1
1686 49 6 0 1
1687 69 9 0 1
1688 19 13 -1 0
1689 89 14 -1 0
1690 61 5 0 1
1691 79 36 1 0
1692 17 7 0 1
1693 18 14 0 -1
1694 16 36 0 1
1695 19 9 -1 0
1696 38 21 1 0
1697 88 30 -1 0
1698 4 33 1 0
1699 85 30 -1 0
1700 63 0 -1 0
1701 69 6 -1 0
1702 43 36 1 0
1703 6 29 0 1
1704 72 34 0 -1
1705 40 11 0 1
1706 61 30 0 1
1707 47 9 -1 0
1708 11 19 -1 0
1709 37 7 -1 0
1710 75 0 -1 0
1711 24 9 -1 0
1712 29 34 0 -1
1713 39 11 1 0
1714 71 23 0 -1
1715 26 31 0 -1
1716 26 35 -1 0
1717 93 24 1 0
1718 44 14 0 1
1719 14 26 0 -1
1720 18 4 0 -1
1721 97 27 0 -1
1722 44 8 -1 0
1723 19 24 0 -1
1724 93 37 1 0
1725 83 9 1 0
1726 66 8 0 1
1727 42 38 1 0
1728 72 34 1 0
1729 97 29 0 1
1730 45 9 0 1
1731 47 25 -1 0
1732 86 30 -1 0
1733 20 36 -1 0
1734 81 31 1 0
1735 99 17 0 -1
1736 11 14 1 0
1737 66 8 0 1
1738 90 33 0 -1
1739 42 27 1 0
1740 9 4 1 0
1741 2 7 1 0
1742 18 7 0 1
1743 45 29 -1 0
1744 28 15 1 0
1745 45 37 0 1
1746 6 9 -1 0
1747 29 9 1 0
1748 29 1 -1 0
1749 76 8 0 -1
1750 10 16 1 0
1751 25 26 0 1
1752 46 18 1 0
1753 4 32 0 -1
1754 19 16 0 1
1755 1 39 -1 0
1756 23 6 0 1
1757 98 20 0 1
1758 37 6 1 0
1759 51 12 -1 0
1760 51 30 -1 0
1761 14 5 0 -1
1762 54 30 0 -1
1763 2 14 -1 0
1764 96 4 1 0
1765 92 27 1 0
1766 6 10 1 0
1767 94 11 0 1
1768 50 10 1 0
1769 28 33 1 0
1770 75 1 1 0
1771 59 37 -1 0
1772 0 8 0 1
1773 8 2 0 -1
1774 92 8 0 1
1775 9 5 0 -1
1776 83 31 0 1
1777 4 12 0 -1
1778 78 0 -1 0
1779 22 38 1 0
1780 49 36 0 -1
1781 43 7 -1 0
1782 39 11 0 -1
1783 66 4 -1 0
1784 0 22 0 -1
1785 58 4 0 1
1786 71 19 -1 0
1787 60 27 0 -1
1788 44 18 0 1
1789 30 17 0 -1
1790 81 7 0 1
1791 22 26 -1 0
1792 8 17 -1 0
1793 96 5 0 1
1794 98 37 1 0
1795 85 11 -1 0
1796 82 22 -1 0
1797 26 36 0 -1
1798 16 21 1 0
1799 90 19 0 1
1800 67 6 -1 0
1801 46 31 0 1
1802 22 29 0 1
1803 73 11 0 -1
1804 41 13 0 -1
1805 25 17 1 0
1806 80 10 0 -1
1807 14 8 -1 0
1808 1 36 -1 0
1809 83 11 1 0
1810 1 19 0 -1
1811 18 27 -1 0
1812 80 3 -1 0
1813 95 17 -1 0
1814 22 31 0 1
1815 48 22 0 -1
1816 51 36 0 1
1817 49 9 -1 0
1818 94 35 -1 0
1819 49 38 0 -1
1820 65 32 0 -1
1821 81 11 -1 0
1822 60 38 0 1
1823 24 2 0 1
1824 94 25 -1 0
1825 48 34 0 1
1826 16 34 0 1
1827 70 7 1 0
1828 42 7 0 1
1829 5 21 0 -1
1830 16 26 0 -1
1831 12 23 0 -1
1832 70 22 0 1
1833 43 8 -1 0
1834 3 23 0 1
1835 0 37 0 -1
1836 23 34 1 0
1837 86 10 0 1
1838 6 9 0 1
1839 86 11 0 -1
1840 40 0 1 0
1841 19 14 0 1
1842 26 16 1 0
1843 76 0 -1 0
1844 21 1 0 -1
1845 38 16 0 -1
1846 19 2 0 1
1847 10 21 0 1
1848 2 25 0 1
1849 46 38 -1 0
1850 18 13 0 -1
1851 52 18 0 -1
1852 25 30 0 -1
1853 66 8 1 0
1854 69 10 -1 0
1855 14 13 -1 0
1856 54 9 0 1
1857 9 21 0 -1
1858 92 35 -1 0
1859 21 39 -1 0
1860 77 3 0 1
1861 7 24 -1 0
1862 12 11 0 1
1863 68 29 0 1
1864 10 13 0 1
1865 91 9 1 0
1866 95 2 0 -1
1867 21 32 0 1
1868 57 35 0 1
1869 88 24 0 1
1870 59 8 0 1
1871 25 8 0 1
1872 54 39 0 -1
1873 51 27 -1 0
1874 6 8 -1 0
1875 12 17 -1 0
1876 15 29 0 -1
1877 50 3 0 -1
1878 9 27 1 0
1879 20 5 -1 0
1880 51 24 0 -1
1881 46 14 1 0
1882 56 5 -1 0
1883 38 39 -1 0
1884 7 16 -1 0
1885 82 30 0 -1
1886 93 5 -1 0
1887 24 6 0 -1
1888 56 28 0 -1
1889 14 27 0 1
1890 0 18 1 0
1891 41 14 1 0
1892 54 11 0 1
1893 47 29 1 0
1894 39 28 -1 0
1895 90 19 1 0
1896 17 35 0 -1
1897 61 2 1 0
1898 22 37 -1 0
1899 29 4 0 1
1900 29 5 0 1
1901 24 19 0 1
1902 57 39 0 1
1903 0 1 0 1
1904 96 32 1 0
1905 62 5 -1 0
1906 25 27 1 0
1907 7 9 1 0
1908 71 38 0 -1
1909 42 31 -1 0
1910 27 19 0 -1
1911 30 2 0 1
1912 86 8 -1 0
1913 54 23 -1 0
1914 88 28 0 -1
1915 98 2 -1 0
1916 27 7 0 -1
1917 66 38 0 1
1918 89 0 0 1
1919 30 24 -1 0
1920 40 23 0 1
1921 25 35 -1 0
1922 49 10 -1 0
1923 53 16 0 1
1924 97 2 0 1
1925 75 29 -1 0
1926 85 6 0 1
1927 19 28 0 1
1928 80 11 -1 0
1929 95 3 0 1
1930 21 24 -1 0
1931 57 7 0 -1
1932 2 24 1 0
1933 80 27 1 0
1934 44 19 -1 0
1935 16 15 -1 0
1936 98 25 -1 0
1937 70 25 0 1
1938 76 11 0 -1
1939 14 17 1 0
1940 90 28 1 0
1941 91 2 -1 0
1942 54 12 -1 0
1943 46 1 0 1
1944 98 5 0 -1
1945 42 33 1 0
1946 68 28 1 0
1947 59 38 0 1
1948 59 9 -1 0
1949 59 6 -1 0
1950 97 36 0 1
1951 68 26 -1 0
1952 98 37 1 0
1953 3 3 0 1
1954 45 28 0 1
1955 39 8 -1 0
1956 17 37 0 1
1957 60 32 -1 0
1958 10 29 1 0
1959 20 14 -1 0
1960 45 38 0 -1
1961 30 27 1 0
1962 1 39 0 -1
1963 40 29 1 0
1964 26 36 0 1
1965 36 6 1 0
1966 22 8 1 0
1967 49 16 0 1
1968 87 11 0 -1
1969 5 14 -1 0
1970 25 29 1 0
1971 55 12 -1 0
1972 69 25 -1 0
1973 41 23 1 0
1974 45 2 -1 0
1975 15 16 0 1
1976 68 26 -1 0
1977 27 10 1 0
1978 48 15 -1 0
1979 66 22 1 0
1980 71 29 -1 0
1981 48 17 -1 0
1982 86 15 0 -1
1983 95 3 -1 0
1984 37 37 -1 0
1985 8 10 -1 0
1986 51 4 -1 0
1987 16 27 0 -1
1988 7 21 -1 0
1989 30 12 -1 0
1990 28 18 0 1
1991 36 21 -1 0
1992 22 18 -1 0
1993 49 13 0 1
1994 94 20 1 0
1995 16 17 -1 0
1996 47 39 1 0
1997 18 18 -1 0
1998 17 26 0 -1
1999 11 3 0 -1
2000 22 5 0 1
2001 18 33 0 1
2002 80 4 0 -1
2003 37 25 0 -1
2004 35 5 1 0
2005 97 1 1 0
2006 22 29 0 1
2007 62 1 -1 0
2008 23 36 0 1
2009 43 19 0 1
2010 86 38 0 -1
2011 38 29 -1 0
2012 71 29 1 0
2013 86 12 1 0
2014 11 22 -1 0
2015 72 9 0 -1
2016 47 23 -1 0
2017 17 1 -1 0
2018 90 5 0 1
2019 84 12 1 0
2020 39 12 0 -1
2021 63 11 0 -1
2022 83 27 0 1
2023 57 16 0 -1
2024 57 22 0 1
2025 9 2 1 0
2026 13 0 -1 0
2027 42 24 1 0
2028 89 35 0 1
2029 8 24 0 1
2030 96 16 -1 0
2031 90 25 0 1
2032 97 33 -1 0
2033 93 29 1 0
2034 89 24 0 1
2035 52 37 0 1
2036 66 26 0 -1
2037 27 23 1 0
2038 41 6 -1 0
2039 2 17 0 1
2040 92 11 -1 0
2041 45 28 -1 0
2042 42 26 1 0
2043 60 33 -1 0
2044 87 33 0 1
2045 45 33 -1 0
2046 64 25 0 1
2047 84 5 0 -1
2048 20 4 1 0
2049 42 28 0 1
2050 16 27 1 0
2051 60 20 0 -1
2052 58 38 1 0
2053 71 1 0 1
2054 21 21 1 0
2055 42 5 -1 0
2056 0 36 -1 0
2057 11 16 0 -1
2058 47 5 -1 0
2059 50 30 0 1
2060 24 11 0 1
2061 17 5 -1 0
2062 27 38 0 -1
2063 13 39 1 0
2064 60 31 1 0
2065 1 36 0 -1
2066 9 8 0 1
2067 29 19 0 1
2068 23 26 0 1
2069 67 20 -1 0
2070 29 21 -1 0
2071 19 35 0 -1
2072 25 8 0 1
2073 45 26 -1 0
2074 92 32 0 1
2075 54 9 0 -1
2076 68 4 1 0
2077 3 20 0 1
2078 83 37 -1 0
2079 84 35 0 1
2080 57 35 1 0
2081 19 23 1 0
2082 40 4 0 1
2083 54 33 0 -1
2084 57 28 0 1
2085 12 27 1 0
2086 83 8 -1 0
2087 5 0 -1 0
2088 90 3 1 0
2089 89 1 0 1
2090 2 32 0 -1
2091 98 15 0 -1
2092 93 18 -1 0
2093 2 9 0 1
2094 90 9 0 -1
2095 94 26 1 0
2096 46 39 -1 0
2097 18 35 1 0
2098 90 8 0 -1
2099 29 4 0 -1
2100 1 26 1 0
2101 91 33 0 1
2102 38 12 0 1
2103 30 30 0 1
2104 42 17 0 1
2105 85 21 0 1
2106 89 8 -1 0
2107 26 14 1 0
2108 16 11 0 -1
2109 11 30 0 -1
2110 97 21 0 1
2111 80 19 0 -1
2112 84 34 1 0
2113 20 24 1 0
2114 12 28 0 1
2115 69 10 0 1
2116 80 35 1 0
2117 37 27 -1 0
2118 69 13 1 0
2119 36 12 1 0
2120 69 2 0 -1
2121 18 36 -1 0
2122 8 20 -1 0
2123 41 28 -1 0
2124 68 23 0 -1
2125 3 31 1 0
2126 91 29 1 0
2127 53 18 1 0
2128 99 7 0 1
2129 62 11 1 0
2130 46 6 1 0
2131 75 21 0 -1
2132 89 39 1 0
2133 75 36 0 -1
2134 52 31 0 -1
2135 3 18 0 1
2136 11 3 -1 0
2137 47 22 1 0
2138 0 15 1 0
2139 85 27 -1 0
2140 88 9 -1 0
2141 38 6 -1 0
2142 31 33 1 0
2143 98 2 0 -1
2144 83 36 0 -1
2145 19 6 1 0
2146 51 38 0 -1
2147 30 36 -1 0
2148 61 6 -1 0
2149 95 26 -1 0
2150 66 1 -1 0
2151 8 8 0 1
2152 60 7 -1 0
2153 36 15 1 0
2154 95 3 0 -1
2155 92 2 -1 0
2156 24 28 1 0
2157 79 19 0 1
2158 54 25 -1 0
2159 30 38 0 -1
2160 42 6 0 -1
2161 23 29 1 0
2162 87 15 0 1
2163 36 30 0 1
2164 78 1 0 -1
2165 38 4 -1 0
2166 49 19 -1 0
2167 72 1 1 0
2168 49 29 -1 0
2169 27 5 1 0
2170 10 37 0 1
2171 77 36 1 0
2172 14 23 -1 0
2173 58 5 0 -1
2174 18 1 -1 0
2175 92 29 0 1
2176 67 8 -1 0
2177 43 15 -1 0
2178 10 13 -1 0
2179 98 7 0 1
2180 86 11 1 0
2181 93 21 0 1
2182 40 24 -1 0
2183 35 36 -1 0
2184 53 32 1 0
2185 3 15 0 -1
2186 7 39 0 1
2187 89 15 -1 0
2188 35 6 0 -1
2189 50 21 0 1
2190 41 9 -1 0
2191 58 31 0 -1
2192 82 15 -1 0
2193 26 38 1 0
2194 27 38 0 -1
2195 25 20 -1 0
2196 11 22 1 0
2197 72 14 0 1
2198 20 3 -1 0
2199 80 7 0 1
2200 28 30 0 1
2201 98 3 0 -1
2202 88 8 -1 0
2203 14 24 0 -1
2204 51 22 1 0
2205 30 36 -1 0
2206 37 11 0 -1
2207 88 21 0 1
2208 47 34 1 0
2209 57 14 0 1
2210 62 32 -1 0
2211 40 38 0 1
2212 20 5 -1 0
2213 33 12 -1 0
2214 45 30 1 0
2215 82 8 0 1
2216 91 16 0 1
2217 27 21 1 0
2218 82 16 -1 0
2219 6 4 0 -1
2220 19 8 1 0
2221 9 32 0 -1
2222 30 11 -1 0
2223 6 36 0 -1
2224 99 32 -1 0
2225 38 19 0 -1
2226 46 10 1 0
2227 15 14 0 -1
2228 39 35 1 0
2229 18 9 1 0
2230 74 37 0 -1
2231 5 3 0 -1
2232 71 4 -1 0
2233 7 30 0 1
2234 36 15 -1 0
2235 42 27 1 0
2236 46 15 0 1
2237 84 25 0 1
2238 18 23 0 1
2239 23 29 -1 0
2240 41 21 0 1
2241 94 33 0 -1
2242 82 1 0 -1
2243 76 17 0 -1
2244 94 29 -1 0
2245 21 1 0 -1
2246 47 10 -1 0
2247 83 8 0 1
2248 75 5 1 0
2249 97 8 1 0
2250 0 25 0 -1
2251 47 27 1 0
2252 1 14 1 0
2253 40 37 0 -1
2254 16 37 0 -1
2255 90 25 0 -1
2256 9 10 -1 0
2257 51 19 0 1
2258 23 12 0 -1
2259 90 12 1 0
2260 80 26 0 1
2261 77 15 1 0
2262 7 19 0 -1
2263 55 24 -1 0
2264 26 28 0 1
2265 86 16 0 -1
2266 96 37 0 1
2267 47 25 0 -1
2268 21 27 1 0
2269 18 32 0 1
2270 14 0 -1 0
2271 5 29 0 1
2272 3 32 1 0
2273 19 30 0 -1
2274 27 9 -1 0
2275 97 13 -1 0
2276 77 19 0 1
2277 71 26 1 0
2278 8 1 0 -1
2279 87 11 0 -1
2280 64 26 0 -1
2281 5 1 0 -1
2282 25 32 1 0
2283 92 4 0 -1
2284 83 6 1 0
2285 28 4 0 -1
2286 23 38 1 0
2287 26 36 -1 0
2288 23 33 1 0
2289 15 22 1 0
2290 1 30 -1 0
2291 31 35 -1 0
2292 81 23 0 1
2293 80 34 0 1
2294 46 1 0 -1
2295 39 36 1 0
2296 2 26 -1 0
2297 39 2 0 -1
2298 50 38 0 -1
2299 66 32 0 -1
2300 45 20 0 -1
2301 93 19 -1 0
2302 74 19 0 1
2303 98 7 0 -1
2304 35 10 0 1
2305 13 23 1 0
2306 66 7 1 0
2307 7 36 0 -1
2308 6 17 0 1
2309 39 32 0 1
2310 24 8 0 -1
2311 90 24 1 0
2312 7 19 0 1
2313 22 24 1 0
2314 42 25 0 1
2315 43 27 0 -1
2316 45 7 -1 0
2317 19 1 0 1
2318 14 1 -1 0
2319 52 36 0 1
2320 64 28 1 0
2321 23 13 0 1
2322 87 29 1 0
2323 49 24 0 -1
2324 79 32 0 1
2325 41 39 1 0
2326 40 13 0 -1
2327 64 7 -1 0
2328 25 10 0 1
2329 92 5 0 -1
2330 57 17 -1 0
2331 86 29 0 1
2332 40 25 -1 0
2333 40 5 0 -1
2334 40 26 0 1
2335 9 16 1 0
2336 20 23 1 0
2337 27 20 0 1
2338 69 23 -1 0
2339 22 4 1 0
2340 97 34 1 0
2341 29 9 -1 0
2342 23 25 0 -1
2343 15 24 -1 0
2344 48 12 0 -1
2345 41 6 0 -1
2346 0 16 -1 0
2347 13 31 0 -1
2348 19 23 0 -1
2349 45 32 1 0
2350 96 27 0 1
2351 42 18 0 1
2352 82 11 0 -1
2353 62 22 0 -1
2354 20 7 -1 0
2355 5 7 -1 0
2356 18 35 1 0
2357 57 19 -1 0
2358 37 35 0 -1
2359 44 3 0 1
2360 98 4 0 1
2361 6 8 0 -1
2362 1 39 0 1
2363 97 38 0 -1
2364 27 13 0 1
2365 28 10 1 0
2366 99 25 0 1
2367 42 16 0 -1
2368 78 4 -1 0
2369 42 6 0 -1
2370 77 13 0 -1
2371 93 20 0 1
2372 37 24 0 1
2373 39 33 0 -1
2374 91 7 1 0
2375 17 5 -1 0
2376 59 31 0 -1
2377 2 37 -1 0
2378 26 31 -1 0
2379 28 13 0 1
2380 41 33 0 1
2381 92 26 -1 0
2382 70 5 0 -1
2383 5 3 0 -1
2384 78 38 0 1
2385 50 12 -1 0
2386 17 31 0 -1
2387 44 31 -1 0
2388 37 17 0 1
2389 11 20 0 1
2390 14 8 -1 0
2391 50 6 1 0
2392 30 16 0 1
2393 6 27 0 1
2394 90 13 0 -1
2395 89 38 -1 0
2396 19 14 0 1
2397 82 10 0 1
2398 72 9 1 0
2399 9 0 -1 0
