0 45 11 0 -1
1 77 32 1 0
2 71 24 1 0
3 53 20 0 1
4 64 36 -1 0
5 25 2 1 0
6 43 32 1 0
7 82 35 0 1
8 37 8 -1 0
9 8 39 0 -1
10 83 37 0 1
11 78 23 1 0
12 20 29 1 0
13 26 30 -1 0
14 47 21 0 1
15 76 17 0 -1
16 31 11 1 0
17 46 9 0 -1
18 1 29 -1 0
19 40 10 -1 0
20 6 11 0 -1
21 84 29 0 -1
22 45 4 -1 0
23 46 5 0 -1
24 78 27 1 0
25 1 0 -1 0
26 26 22 0 -1
27 96 30 0 1
28 26 1 0 1
29 74 10 -1 0
30 2 16 0 -1
31 4 3 0 1
32 52 9 0 1
33 15 2 0 -1
34 91 24 0 1
35 16 17 0 1
36 49 34 -1 0
37 98 24 0 -1
38 0 34 0 -1
39 29 0 0 -1
40 63 33 -1 0
41 46 36 1 0
42 46 4 1 0
43 58 2 0 1
44 32 1 1 0
45 80 7 0 1
46 80 7 -1 0
47 91 23 -1 0
48 6 15 0 -1
49 78 39 1 0
50 92 27 0 1
51 27 12 1 0
52 22 12 -1 0
53 7 5 0 1
54 1 31 1 0
55 42 18 -1 0
56 90 26 0 1
57 93 16 -1 0
58 57 12 0 -1
59 16 7 0 1
60 66 19 0 -1
61 85 39 0 1
62 7 27 0 -1
63 3 22 0 -1
64 81 0 1 0
65 22 10 0 -1
66 93 23 -1 0
67 29 10 0 -1
68 54 2 -1 0
69 89 1 0 1
70 94 15 0 1
71 13 6 1 0
72 39 6 1 0
73 18 26 0 -1
74 35 20 1 0
75 18 3 1 0
76 83 4 0 1
77 74 0 0 1
78 52 25 0 -1
79 13 8 -1 0
80 17 0 0 -1
81 86 11 0 1
82 0 29 1 0
83 99 11 1 0
84 70 6 -1 0
85 82 19 0 1
86 98 19 0 1
87 93 10 0 1
88 63 23 0 1
89 42 33 1 0
90 51 5 0 -1
91 43 26 -1 0
92 71 10 0 -1
93 46 22 0 1
94 53 14 0 -1
95 8 6 0 -1
96 39 26 0 -1
97 54 14 0 1
98 60 32 0 1
99 39 27 0 1
100 17 2 0 1
101 2 9 -1 0
102 70 7 1 0
103 67 24 -1 0
104 2 33 1 0
105 82 16 1 0
106 22 29 -1 0
107 38 30 0 -1
108 9 7 0 -1
109 56 37 -1 0
110 23 9 1 0
111 53 24 0 -1
112 88 32 -1 0
113 42 19 0 -1
114 92 30 -1 0
115 63 6 1 0
116 90 8 0 -1
117 16 36 -1 0
118 53 17 -1 0
119 6 27 -1 0
120 44 26 0 1
121 15 36 1 0
122 69 5 0 -1
123 28 34 1 0
124 7 1 -1 0
125 30 21 1 0
126 89 20 1 0
127 87 1 0 -1
128 7 27 1 0
129 25 13 0 1
130 98 15 0 -1
131 83 21 1 0
132 8 27 -1 0
133 88 21 -1 0
134 39 31 0 1
135 76 17 -1 0
136 15 0 0 -1
137 97 20 0 1
138 23 4 0 -1
139 45 4 0 1
140 11 12 0 1
141 78 38 0 -1
142 12 1 0 -1
143 82 12 -1 0
144 25 35 0 1
145 74 12 0 -1
146 41 6 0 -1
147 64 37 -1 0
148 92 21 0 1
149 36 28 0 1
150 91 11 0 1
151 18 2 -1 0
152 49 8 0 -1
153 14 17 0 1
154 24 37 1 0
155 97 38 1 0
156 45 15 0 1
157 30 21 0 -1
158 4 9 -1 0
159 57 28 -1 0
160 39 37 -1 0
161 38 2 1 0
162 25 39 -1 0
163 8 37 -1 0
164 63 14 1 0
165 29 17 1 0
166 50 26 -1 0
167 8 11 -1 0
168 2 2 1 0
169 95 4 -1 0
170 97 23 0 -1
171 87 34 0 -1
172 87 37 0 1
173 57 36 0 1
174 95 29 -1 0
175 65 16 0 -1
176 43 11 -1 0
177 24 15 0 1
178 82 24 1 0
179 95 21 0 -1
180 69 32 0 1
181 22 27 1 0
182 81 27 -1 0
183 6 34 1 0
184 25 27 0 1
185 48 3 -1 0
186 40 25 1 0
187 77 15 1 0
188 45 38 1 0
189 23 27 -1 0
190 47 25 0 1
191 26 4 0 -1
192 74 30 -1 0
193 17 26 1 0
194 81 17 0 -1
195 74 33 1 0
196 12 5 0 -1
197 43 38 0 1
198 26 11 0 1
199 51 21 0 -1
200 87 15 0 1
201 4 0 0 1
202 29 26 0 1
203 60 38 0 -1
204 29 9 -1 0
205 67 37 0 1
206 5 10 1 0
207 8 21 1 0
208 50 20 0 -1
209 49 20 0 1
210 7 39 0 1
211 24 30 0 -1
212 99 2 0 -1
213 20 27 1 0
214 13 30 -1 0
215 27 0 0 1
216 1 20 0 1
217 50 5 0 -1
218 48 28 0 1
219 40 27 0 1
220 44 29 -1 0
221 52 9 0 -1
222 93 24 -1 0
223 67 9 0 -1
224 19 0 0 1
225 60 15 0 1
226 13 23 0 -1
227 94 33 1 0
228 6 4 -1 0
229 27 22 0 1
230 21 27 0 -1
231 1 36 0 1
232 27 4 0 1
233 17 17 -1 0
234 26 5 -1 0
235 42 16 -1 0
236 38 38 1 0
237 5 39 0 -1
238 21 18 0 -1
239 80 6 1 0
240 11 15 0 1
241 38 20 0 -1
242 78 33 -1 0
243 96 4 0 -1
244 39 37 0 -1
245 27 19 -1 0
246 6 36 0 -1
247 94 17 -1 0
248 56 2 0 -1
249 22 39 1 0
250 42 15 0 1
251 42 22 1 0
252 50 0 0 -1
253 29 38 -1 0
254 97 21 -1 0
255 18 21 1 0
256 37 25 1 0
257 87 25 0 1
258 43 31 1 0
259 94 9 0 1
260 1 15 1 0
261 68 7 -1 0
262 52 15 0 1
263 26 11 0 1
264 64 7 -1 0
265 89 13 0 -1
266 89 28 1 0
267 23 13 0 1
268 82 31 0 1
269 10 10 1 0
270 71 6 1 0
271 42 3 -1 0
272 10 18 0 -1
273 71 19 0 -1
274 7 6 0 -1
275 36 3 1 0
276 27 20 0 1
277 19 25 -1 0
278 71 20 0 1
279 11 13 0 -1
280 2 21 0 1
281 14 19 1 0
282 37 9 -1 0
283 85 27 0 1
284 12 0 0 1
285 36 5 1 0
286 55 35 -1 0
287 13 22 0 1
288 19 34 0 1
289 43 22 0 -1
290 87 7 0 1
291 49 6 0 -1
292 51 6 -1 0
293 65 20 0 1
294 95 5 0 -1
295 48 24 -1 0
296 54 7 1 0
297 25 15 1 0
298 87 35 0 -1
299 43 32 1 0
300 53 26 -1 0
301 72 25 0 -1
302 9 10 1 0
303 94 32 1 0
304 37 27 -1 0
305 45 26 -1 0
306 99 4 -1 0
307 16 0 0 1
308 16 14 0 -1
309 65 34 1 0
310 6 1 0 -1
311 9 6 0 1
312 5 23 -1 0
313 79 25 -1 0
314 57 35 0 1
315 5 3 -1 0
316 38 12 0 -1
317 26 28 -1 0
318 18 23 0 -1
319 70 8 0 1
320 86 17 1 0
321 45 29 1 0
322 26 14 0 1
323 71 16 -1 0
324 39 10 -1 0
325 65 27 0 1
326 0 8 0 -1
327 54 1 0 -1
328 90 22 0 -1
329 92 18 0 -1
330 53 36 1 0
331 39 37 0 -1
332 50 33 0 1
333 82 10 0 -1
334 18 26 0 -1
335 7 29 0 1
336 87 17 0 -1
337 99 21 1 0
338 42 32 1 0
339 22 3 0 1
340 49 29 0 -1
341 76 24 1 0
342 24 13 1 0
343 37 19 -1 0
344 55 37 0 -1
345 23 21 -1 0
346 31 33 0 1
347 4 13 1 0
348 20 18 1 0
349 75 9 0 -1
350 21 6 1 0
351 76 19 0 1
352 10 30 -1 0
353 10 25 0 1
354 93 33 1 0
355 83 9 -1 0
356 61 25 0 1
357 89 39 0 1
358 72 16 -1 0
359 45 11 0 1
360 88 18 -1 0
361 21 11 0 -1
362 5 25 0 1
363 46 14 1 0
364 24 17 -1 0
365 39 12 0 1
366 2 9 0 1
367 25 14 -1 0
368 42 39 0 -1
369 89 10 0 -1
370 74 19 -1 0
371 18 39 0 1
372 45 18 -1 0
373 21 34 0 1
374 48 34 0 -1
375 59 19 0 -1
376 98 3 0 -1
377 49 8 0 1
378 27 9 0 1
379 49 24 1 0
380 42 32 1 0
381 73 4 0 1
382 52 27 -1 0
383 41 5 -1 0
384 43 25 0 1
385 12 15 0 1
386 88 2 1 0
387 46 15 1 0
388 21 23 0 1
389 16 6 0 1
390 99 39 1 0
391 43 21 0 -1
392 61 10 0 -1
393 9 2 -1 0
394 8 16 -1 0
395 48 32 0 1
396 2 3 0 -1
397 30 25 -1 0
398 82 16 1 0
399 49 19 -1 0
400 18 7 0 -1
401 50 23 -1 0
402 10 2 -1 0
403 21 20 1 0
404 59 31 0 1
405 16 17 0 -1
406 27 17 0 1
407 42 7 0 1
408 13 39 0 -1
409 73 36 -1 0
410 85 19 0 1
411 41 0 1 0
412 40 21 0 -1
413 8 32 -1 0
414 31 38 1 0
415 99 27 1 0
416 44 24 0 -1
417 56 39 1 0
418 79 12 -1 0
419 97 12 1 0
420 28 14 0 1
421 58 17 -1 0
422 90 25 -1 0
423 29 20 0 1
424 40 21 1 0
425 50 23 0 1
426 85 8 0 -1
427 84 23 -1 0
428 8 1 -1 0
429 31 35 0 1
430 5 27 1 0
431 42 0 0 1
432 6 29 0 -1
433 66 19 -1 0
434 9 10 -1 0
435 78 10 -1 0
436 39 33 0 -1
437 41 19 -1 0
438 85 4 0 -1
439 74 11 1 0
440 88 24 0 1
441 55 35 1 0
442 73 5 0 1
443 45 36 -1 0
444 91 32 0 1
445 18 15 -1 0
446 64 19 -1 0
447 31 4 1 0
448 42 7 1 0
449 48 19 -1 0
450 9 31 0 -1
451 55 12 1 0
452 97 37 0 1
453 89 3 0 -1
454 46 20 -1 0
455 17 29 0 1
456 2 4 0 1
457 2 7 0 -1
458 52 19 0 1
459 1 13 -1 0
460 35 38 0 1
461 45 34 1 0
462 1 22 1 0
463 63 1 1 0
464 3 4 0 1
465 26 31 1 0
466 64 35 0 -1
467 28 32 0 -1
468 17 35 -1 0
469 31 10 1 0
470 12 39 1 0
471 76 4 1 0
472 19 3 0 -1
473 7 2 0 -1
474 30 38 1 0
475 39 0 -1 0
476 79 22 1 0
477 67 9 1 0
478 45 1 0 -1
479 46 25 -1 0
480 53 17 1 0
481 64 21 0 -1
482 46 16 0 -1
483 40 34 0 -1
484 82 25 0 -1
485 28 14 0 -1
486 48 1 1 0
487 14 17 0 1
488 73 12 -1 0
489 4 23 -1 0
490 13 36 -1 0
491 50 0 0 -1
492 0 30 0 1
493 18 28 1 0
494 57 3 0 -1
495 92 5 0 -1
496 90 31 -1 0
497 16 5 0 -1
498 23 21 1 0
499 45 35 0 1
500 22 26 -1 0
501 43 38 -1 0
502 27 37 1 0
503 18 23 0 -1
504 94 4 0 1
505 38 38 0 -1
506 84 33 1 0
507 47 9 0 -1
508 38 4 0 1
509 34 14 0 -1
510 96 32 0 -1
511 22 13 0 -1
512 39 10 -1 0
513 53 23 -1 0
514 21 18 0 -1
515 18 28 0 1
516 70 29 -1 0
517 94 3 0 -1
518 48 6 -1 0
519 92 20 0 1
520 46 12 -1 0
521 93 23 1 0
522 36 8 0 -1
523 72 15 1 0
524 61 25 -1 0
525 75 22 1 0
526 64 9 0 -1
527 27 3 1 0
528 13 14 -1 0
529 68 5 -1 0
530 76 20 0 -1
531 40 31 -1 0
532 75 22 0 -1
533 23 8 0 -1
534 43 18 0 -1
535 13 28 1 0
536 12 29 0 -1
537 22 13 -1 0
538 79 9 1 0
539 23 15 0 -1
540 47 29 0 -1
541 96 18 -1 0
542 90 27 0 -1
543 3 27 0 1
544 1 29 0 -1
545 96 14 1 0
546 9 7 1 0
547 2 33 -1 0
548 43 10 0 1
549 22 23 1 0
550 49 35 0 -1
551 94 0 -1 0
552 40 13 1 0
553 89 19 -1 0
554 49 9 0 -1
555 85 13 -1 0
556 21 30 -1 0
557 87 17 0 -1
558 96 2 -1 0
559 18 34 0 -1
560 59 23 0 -1
561 82 10 1 0
562 38 31 1 0
563 1 6 0 1
564 25 13 0 1
565 95 22 0 1
566 49 13 0 -1
567 83 13 1 0
568 69 33 0 -1
569 87 19 -1 0
570 90 4 0 -1
571 62 9 0 1
572 60 17 1 0
573 47 33 -1 0
574 39 11 1 0
575 22 20 0 -1
576 64 3 0 -1
577 58 19 0 1
578 52 27 1 0
579 45 31 1 0
580 64 20 0 -1
581 9 6 1 0
582 46 28 -1 0
583 70 28 -1 0
584 74 2 -1 0
585 27 36 1 0
586 39 24 -1 0
587 42 3 1 0
588 56 8 -1 0
589 1 13 0 -1
590 96 8 0 1
591 10 22 0 -1
592 52 35 0 1
593 28 4 0 1
594 17 25 -1 0
595 22 11 0 1
596 67 29 1 0
597 36 15 0 1
598 48 11 1 0
599 22 33 0 1
600 80 18 0 -1
601 51 32 0 -1
602 27 20 -1 0
603 78 28 -1 0
604 53 36 0 1
605 89 22 0 1
606 59 34 -1 0
607 39 13 1 0
608 5 33 0 -1
609 47 32 1 0
610 52 29 0 1
611 87 5 -1 0
612 46 9 0 -1
613 77 2 -1 0
614 14 4 0 -1
615 23 33 1 0
616 0 13 1 0
617 67 21 -1 0
618 20 30 0 1
619 24 15 1 0
620 73 29 -1 0
621 17 19 1 0
622 67 10 0 1
623 66 35 1 0
624 20 11 1 0
625 93 12 0 -1
626 24 39 1 0
627 85 16 -1 0
628 9 9 1 0
629 5 1 1 0
630 8 8 0 -1
631 43 17 0 1
632 99 32 -1 0
633 75 32 0 1
634 48 15 -1 0
635 26 8 0 -1
636 91 37 0 -1
637 82 37 0 -1
638 29 17 0 -1
639 5 10 0 1
640 95 11 1 0
641 94 33 -1 0
642 18 28 1 0
643 12 24 0 1
644 98 30 0 1
645 42 13 -1 0
646 81 35 1 0
647 23 6 1 0
648 27 4 -1 0
649 86 28 0 1
650 8 4 0 -1
651 49 9 1 0
652 76 17 1 0
653 69 23 1 0
654 44 28 0 1
655 36 30 0 -1
656 77 10 -1 0
657 29 35 1 0
658 83 17 0 -1
659 75 4 1 0
660 40 11 -1 0
661 11 9 0 1
662 85 32 1 0
663 26 26 0 -1
664 47 39 0 -1
665 60 30 0 1
666 75 29 0 1
667 20 9 0 -1
668 56 29 -1 0
669 42 27 -1 0
670 89 35 1 0
671 51 34 -1 0
672 7 20 0 1
673 41 0 1 0
674 93 19 1 0
675 25 2 0 -1
676 13 11 1 0
677 81 37 0 1
678 2 22 0 -1
679 10 33 -1 0
680 36 37 0 -1
681 47 0 -1 0
682 63 32 1 0
683 81 19 0 1
684 13 23 -1 0
685 73 38 0 1
686 97 17 0 1
687 28 36 0 -1
688 74 16 -1 0
689 37 20 0 1
690 18 25 0 1
691 2 39 0 1
692 14 37 -1 0
693 30 22 1 0
694 1 6 -1 0
695 46 7 1 0
696 43 10 -1 0
697 46 10 -1 0
698 45 39 0 1
699 75 38 0 -1
700 86 14 -1 0
701 0 5 0 1
702 47 10 0 -1
703 91 16 1 0
704 92 8 1 0
705 0 32 0 -1
706 11 15 0 -1
707 26 19 -1 0
708 88 10 0 1
709 78 29 0 -1
710 25 34 0 1
711 75 17 0 1
712 15 39 0 1
713 27 32 1 0
714 74 23 0 1
715 26 10 0 1
716 97 22 1 0
717 2 28 -1 0
718 52 17 0 -1
719 47 15 1 0
720 40 25 0 1
721 11 12 -1 0
722 5 7 1 0
723 51 35 1 0
724 55 26 0 1
725 86 12 1 0
726 88 7 0 -1
727 39 31 1 0
728 60 15 -1 0
729 23 2 -1 0
730 92 25 0 1
731 49 35 1 0
732 41 34 -1 0
733 40 19 -1 0
734 83 22 0 1
735 60 26 1 0
736 45 32 0 -1
737 37 22 -1 0
738 51 28 0 1
739 16 33 1 0
740 14 1 0 -1
741 79 11 -1 0
742 78 26 -1 0
743 47 4 -1 0
744 90 26 -1 0
745 11 5 -1 0
746 95 36 0 -1
747 90 20 -1 0
748 13 20 1 0
749 3 9 1 0
750 20 39 0 1
751 54 9 -1 0
752 75 28 0 -1
753 13 20 1 0
754 62 18 -1 0
755 27 25 -1 0
756 51 32 -1 0
757 70 10 -1 0
758 1 16 0 -1
759 46 32 0 1
760 26 9 0 -1
761 15 22 -1 0
762 95 17 0 -1
763 55 30 0 1
764 88 33 0 -1
765 72 19 0 -1
766 25 1 -1 0
767 99 21 1 0
768 21 16 1 0
769 53 25 0 -1
770 19 4 0 1
771 70 29 1 0
772 90 9 1 0
773 24 33 0 1
774 22 18 1 0
775 11 0 -1 0
776 42 38 0 1
777 8 15 0 1
778 46 4 0 1
779 95 39 0 1
780 91 3 0 1
781 90 27 1 0
782 68 16 0 -1
783 13 18 0 1
784 59 39 1 0
785 19 10 1 0
786 88 36 -1 0
787 43 32 -1 0
788 41 8 0 -1
789 87 2 1 0
790 24 29 0 1
791 29 33 1 0
792 68 22 0 -1
793 38 9 0 -1
794 95 36 1 0
795 57 21 -1 0
796 15 35 1 0
797 40 24 1 0
798 83 0 0 1
799 16 0 0 1
800 80 4 -1 0
801 16 32 -1 0
802 45 16 1 0
803 0 25 1 0
804 20 35 1 0
805 52 4 0 -1
806 16 8 0 1
807 81 27 0 1
808 28 19 -1 0
809 40 2 -1 0
810 95 1 1 0
811 40 26 0 1
812 48 8 0 -1
813 36 39 -1 0
814 31 2 0 -1
815 90 33 -1 0
816 3 7 0 1
817 94 39 1 0
818 85 31 0 1
819 79 36 0 -1
820 28 26 0 1
821 48 20 -1 0
822 4 18 0 -1
823 85 23 1 0
824 47 28 1 0
825 43 19 0 1
826 65 11 0 -1
827 7 21 1 0
828 85 12 1 0
829 40 27 0 1
830 13 1 1 0
831 43 26 1 0
832 66 4 -1 0
833 62 6 -1 0
834 47 25 0 -1
835 95 32 0 1
836 79 39 -1 0
837 72 7 1 0
838 21 1 0 -1
839 15 34 1 0
840 36 37 1 0
841 29 26 1 0
842 84 7 1 0
843 11 8 0 -1
844 6 6 -1 0
845 27 36 1 0
846 37 2 -1 0
847 27 3 0 1
848 19 30 0 -1
849 64 5 -1 0
850 22 32 1 0
851 70 18 1 0
852 22 22 0 1
853 93 9 0 1
854 91 33 0 1
855 15 27 0 -1
856 80 12 0 1
857 83 32 0 -1
858 95 22 0 1
859 39 25 0 1
860 83 20 -1 0
861 11 38 0 1
862 24 24 -1 0
863 99 27 -1 0
864 91 1 0 1
865 67 8 -1 0
866 56 30 0 -1
867 49 3 1 0
868 47 38 1 0
869 23 8 -1 0
870 99 0 1 0
871 7 31 1 0
872 41 32 1 0
873 84 24 -1 0
874 25 26 -1 0
875 38 20 0 -1
876 15 26 0 -1
877 49 37 0 1
878 0 34 0 -1
879 32 26 -1 0
880 29 4 -1 0
881 88 36 -1 0
882 19 15 -1 0
883 11 30 0 -1
884 49 17 1 0
885 86 37 0 1
886 39 11 1 0
887 54 9 1 0
888 10 34 -1 0
889 43 33 0 -1
890 32 1 -1 0
891 26 34 0 1
892 21 31 1 0
893 21 11 1 0
894 44 26 -1 0
895 0 12 0 1
896 19 39 1 0
897 87 8 0 -1
898 37 15 -1 0
899 7 35 1 0
900 79 27 0 1
901 93 39 1 0
902 97 32 0 1
903 84 31 -1 0
904 10 10 0 -1
905 23 38 0 1
906 24 30 -1 0
907 87 15 1 0
908 2 0 0 -1
909 67 19 1 0
910 80 5 1 0
911 77 33 0 -1
912 97 32 0 -1
913 98 26 1 0
914 21 26 1 0
915 5 23 0 -1
916 48 32 1 0
917 23 33 0 1
918 29 8 0 1
919 19 2 0 -1
920 13 39 -1 0
921 11 17 -1 0
922 77 14 1 0
923 88 12 0 1
924 40 3 0 -1
925 26 23 1 0
926 4 21 1 0
927 27 17 0 -1
928 52 2 1 0
929 39 7 -1 0
930 50 1 1 0
931 49 26 1 0
932 50 24 0 -1
933 18 39 -1 0
934 76 27 1 0
935 93 34 -1 0
936 69 16 0 -1
937 42 0 1 0
938 85 29 0 1
939 73 28 0 1
940 78 4 1 0
941 51 19 0 1
942 82 30 -1 0
943 75 2 0 -1
944 24 1 -1 0
945 40 17 1 0
946 17 23 -1 0
947 37 31 1 0
948 44 19 0 1
949 40 32 -1 0
950 16 35 -1 0
951 67 20 0 -1
952 8 38 0 -1
953 85 30 -1 0
954 44 5 1 0
955 70 38 0 1
956 39 35 0 -1
957 49 38 0 -1
958 13 21 0 -1
959 48 12 0 -1
960 53 30 0 -1
961 61 32 -1 0
962 44 2 -1 0
963 79 10 0 -1
964 88 39 0 -1
965 73 1 0 1
966 25 25 1 0
967 62 9 -1 0
968 40 34 0 -1
969 81 28 0 -1
970 25 10 0 1
971 99 19 0 -1
972 28 7 -1 0
973 14 27 1 0
974 36 9 0 1
975 0 28 0 1
976 41 11 0 1
977 26 5 -1 0
978 87 29 -1 0
979 47 15 -1 0
980 17 16 1 0
981 18 11 0 -1
982 96 14 -1 0
983 24 24 0 -1
984 47 30 0 -1
985 98 37 -1 0
986 17 38 0 -1
987 38 5 1 0
988 23 5 1 0
989 61 29 0 1
990 81 30 -1 0
991 69 17 1 0
992 48 18 0 1
993 17 13 1 0
994 88 37 0 -1
995 2 32 0 1
996 24 7 0 -1
997 14 34 1 0
998 21 25 1 0
999 1 26 -1 0
1000 88 17 -1 0
1001 93 1 -1 0
1002 78 10 0 1
1003 10 26 0 -1
1004 90 35 -1 0
1005 92 36 -1 0
1006 43 28 0 -1
1007 40 8 1 0
1008 21 3 1 0
1009 22 37 0 -1
1010 88 13 -1 0
1011 96 13 0 -1
1012 66 34 -1 0
1013 28 39 -1 0
1014 46 26 1 0
1015 0 28 0 1
1016 86 20 0 1
1017 41 5 1 0
1018 15 19 -1 0
1019 14 9 1 0
1020 39 38 -1 0
1021 74 33 0 1
1022 92 14 0 -1
1023 59 12 0 -1
1024 84 5 0 1
1025 21 26 1 0
1026 0 14 -1 0
1027 28 5 1 0
1028 65 3 0 1
1029 79 32 1 0
1030 92 6 -1 0
1031 77 4 0 1
1032 90 17 -1 0
1033 55 0 0 1
1034 27 4 0 -1
1035 50 24 1 0
1036 25 4 0 -1
1037 4 3 0 -1
1038 59 3 0 -1
1039 72 5 0 -1
1040 21 6 1 0
1041 61 3 1 0
1042 92 9 0 1
1043 20 29 1 0
1044 39 10 0 -1
1045 1 10 1 0
1046 61 21 1 0
1047 38 31 1 0
1048 69 11 -1 0
1049 15 0 -1 0
1050 16 13 0 1
1051 3 26 0 1
1052 2 19 0 -1
1053 18 18 0 -1
1054 26 0 0 1
1055 96 39 -1 0
1056 20 1 -1 0
1057 11 19 0 1
1058 22 28 0 -1
1059 26 3 1 0
1060 44 32 1 0
1061 77 13 0 1
1062 97 12 0 1
1063 48 9 0 1
1064 90 39 0 1
1065 21 28 0 -1
1066 94 22 0 -1
1067 48 19 0 1
1068 86 27 -1 0
1069 92 0 0 1
1070 55 38 1 0
1071 59 26 0 -1
1072 55 4 0 -1
1073 8 29 0 1
1074 22 25 -1 0
1075 10 30 1 0
1076 22 26 -1 0
1077 78 15 0 1
1078 6 12 0 1
1079 16 21 0 1
1080 1 39 0 1
1081 86 1 1 0
1082 42 39 0 1
1083 9 31 0 -1
1084 44 20 1 0
1085 21 37 1 0
1086 96 38 1 0
1087 3 12 0 -1
1088 13 8 0 -1
1089 9 36 0 1
1090 3 31 -1 0
1091 7 13 1 0
1092 54 0 1 0
1093 64 13 0 -1
1094 49 38 0 1
1095 93 12 1 0
1096 41 29 0 1
1097 84 34 0 -1
1098 85 8 0 -1
1099 65 3 0 1
1100 24 39 0 1
1101 22 23 1 0
1102 16 20 1 0
1103 22 37 1 0
1104 58 28 1 0
1105 82 37 -1 0
1106 41 8 0 -1
1107 42 15 1 0
1108 41 31 1 0
1109 80 29 -1 0
1110 96 33 1 0
1111 44 18 0 1
1112 48 9 -1 0
1113 10 18 0 -1
1114 72 23 0 1
1115 1 2 -1 0
1116 9 8 1 0
1117 2 10 0 -1
1118 56 28 -1 0
1119 23 7 0 1
1120 8 22 1 0
1121 49 25 1 0
1122 43 36 0 -1
1123 13 5 -1 0
1124 84 19 0 1
1125 78 21 0 1
1126 9 36 0 1
1127 67 30 -1 0
1128 67 22 0 1
1129 85 5 0 -1
1130 61 26 -1 0
1131 37 22 -1 0
1132 71 30 0 -1
1133 82 31 0 -1
1134 6 30 -1 0
1135 56 24 0 1
1136 19 23 1 0
1137 77 32 -1 0
1138 84 9 0 -1
1139 60 35 -1 0
1140 53 5 0 1
1141 54 22 0 -1
1142 92 34 -1 0
1143 19 18 1 0
1144 7 8 0 1
1145 26 8 0 1
1146 56 19 0 1
1147 86 35 -1 0
1148 28 28 0 1
1149 65 6 0 -1
1150 76 32 0 1
1151 69 7 0 1
1152 4 14 0 1
1153 49 26 0 1
1154 38 22 0 -1
1155 99 22 1 0
1156 63 23 0 -1
1157 7 37 -1 0
1158 95 10 0 1
1159 15 30 -1 0
1160 46 18 -1 0
1161 22 28 -1 0
1162 38 36 1 0
1163 60 24 0 -1
1164 87 15 0 1
1165 26 18 1 0
1166 88 7 0 -1
1167 8 16 1 0
1168 98 12 0 -1
1169 50 2 -1 0
1170 1 32 0 -1
1171 78 38 1 0
1172 37 31 1 0
1173 83 26 -1 0
1174 96 37 0 1
1175 90 37 0 -1
1176 88 36 0 -1
1177 28 35 0 -1
1178 45 22 0 1
1179 46 22 1 0
1180 38 3 0 1
1181 18 16 -1 0
1182 85 13 1 0
1183 95 35 1 0
1184 0 3 0 1
1185 95 20 1 0
1186 54 31 -1 0
1187 57 29 1 0
1188 98 38 -1 0
1189 30 29 -1 0
1190 91 8 0 1
1191 72 19 0 1
1192 44 28 1 0
1193 22 39 0 1
1194 57 23 0 1
1195 43 33 1 0
1196 17 2 -1 0
1197 82 24 0 1
1198 1 26 0 -1
1199 42 20 -1 0
1200 26 39 0 -1
1201 0 9 1 0
1202 5 36 0 1
1203 5 26 0 -1
1204 16 9 0 -1
1205 33 20 1 0
1206 2 16 0 1
1207 1 0 0 1
1208 1 17 0 1
1209 96 24 0 1
1210 4 24 0 -1
1211 7 2 1 0
1212 4 1 0 -1
1213 98 11 -1 0
1214 30 31 1 0
1215 29 35 1 0
1216 87 1 1 0
1217 73 39 0 1
1218 51 7 0 1
1219 6 7 0 1
1220 27 36 1 0
1221 39 31 0 -1
1222 14 10 0 -1
1223 25 4 1 0
1224 6 10 0 -1
1225 90 3 0 1
1226 47 3 0 1
1227 38 25 0 -1
1228 26 27 1 0
1229 55 20 -1 0
1230 50 38 -1 0
1231 88 21 0 -1
1232 53 22 1 0
1233 61 1 -1 0
1234 13 12 0 -1
1235 6 1 0 1
1236 56 9 1 0
1237 0 14 0 -1
1238 28 28 0 -1
1239 57 30 0 1
1240 95 19 -1 0
1241 52 34 0 -1
1242 72 39 0 -1
1243 18 38 0 -1
1244 38 8 0 -1
1245 24 29 1 0
1246 47 28 0 -1
1247 79 34 0 1
1248 43 18 1 0
1249 91 11 0 -1
1250 24 39 0 1
1251 84 14 -1 0
1252 49 27 0 -1
1253 22 17 1 0
1254 38 32 0 -1
1255 22 3 1 0
1256 41 32 0 -1
1257 4 31 -1 0
1258 47 20 1 0
1259 50 3 1 0
1260 39 6 0 -1
1261 45 0 -1 0
1262 99 37 1 0
1263 22 12 0 -1
1264 38 9 0 -1
1265 25 21 0 1
1266 56 3 0 -1
1267 43 9 0 -1
1268 51 23 0 -1
1269 11 0 0 -1
1270 3 24 0 -1
1271 25 6 1 0
1272 0 39 0 1
1273 89 25 0 -1
1274 50 29 0 -1
1275 98 1 -1 0
1276 37 16 1 0
1277 17 34 -1 0
1278 21 30 0 -1
1279 86 27 0 -1
1280 45 29 -1 0
1281 15 30 1 0
1282 12 22 1 0
1283 8 5 1 0
1284 81 10 0 -1
1285 8 13 -1 0
1286 68 4 0 -1
1287 19 39 1 0
1288 39 13 1 0
1289 44 4 0 1
1290 43 30 0 1
1291 61 0 0 -1
1292 49 13 0 1
1293 58 29 1 0
1294 0 17 1 0
1295 9 20 0 -1
1296 56 1 -1 0
1297 46 8 0 -1
1298 96 35 0 -1
1299 8 17 1 0
1300 90 4 -1 0
1301 11 18 0 -1
1302 44 39 0 1
1303 42 33 0 -1
1304 36 27 0 1
1305 59 22 0 -1
1306 19 23 0 -1
1307 17 33 1 0
1308 91 7 -1 0
1309 77 4 1 0
1310 89 1 -1 0
1311 68 35 0 -1
1312 18 0 -1 0
1313 56 27 0 -1
1314 42 23 1 0
1315 87 8 0 1
1316 95 15 -1 0
1317 24 7 -1 0
1318 80 24 0 1
1319 27 27 -1 0
1320 65 26 -1 0
1321 46 34 1 0
1322 81 16 0 -1
1323 80 37 1 0
1324 96 7 0 1
1325 2 31 0 1
1326 58 7 1 0
1327 4 13 0 1
1328 85 0 1 0
1329 47 29 -1 0
1330 43 6 -1 0
1331 50 39 0 1
1332 84 27 -1 0
1333 57 22 1 0
1334 55 24 1 0
1335 5 12 0 -1
1336 70 27 1 0
1337 24 19 0 -1
1338 1 6 -1 0
1339 57 36 0 1
1340 41 0 0 -1
1341 24 20 0 -1
1342 0 33 -1 0
1343 97 3 0 1
1344 73 7 1 0
1345 15 33 -1 0
1346 51 22 0 -1
1347 11 3 -1 0
1348 88 35 0 1
1349 96 17 1 0
1350 91 16 0 1
1351 1 26 0 1
1352 54 20 0 -1
1353 94 37 1 0
1354 28 36 0 1
1355 15 7 -1 0
1356 30 34 0 1
1357 4 10 1 0
1358 24 28 0 1
1359 46 1 1 0
1360 19 13 1 0
1361 63 10 0 1
1362 49 20 -1 0
1363 97 34 1 0
1364 27 12 0 -1
1365 36 2 0 -1
1366 44 24 0 -1
1367 40 33 0 1
1368 39 6 0 -1
1369 49 34 0 1
1370 50 32 0 -1
1371 41 23 0 1
1372 47 20 0 1
1373 22 30 0 -1
1374 4 9 0 1
1375 98 7 1 0
1376 89 26 0 -1
1377 71 2 0 1
1378 90 27 0 -1
1379 61 17 0 -1
1380 4 33 1 0
1381 92 5 0 1
1382 88 30 0 1
1383 95 25 0 1
1384 72 10 0 1
1385 80 37 1 0
1386 56 32 0 -1
1387 62 22 0 1
1388 94 38 0 -1
1389 42 32 1 0
1390 44 19 0 1
1391 41 32 0 1
1392 81 15 0 -1
1393 55 0 1 0
1394 56 9 0 -1
1395 63 10 -1 0
1396 8 14 1 0
1397 40 7 0 1
1398 75 6 1 0
1399 57 15 0 1
1400 53 20 1 0
1401 23 32 1 0
1402 8 11 0 -1
1403 49 5 1 0
1404 45 29 0 1
1405 25 16 0 1
1406 77 17 -1 0
1407 3 30 -1 0
1408 55 18 0 -1
1409 51 28 0 1
1410 77 37 0 1
1411 93 5 0 1
1412 87 29 -1 0
1413 17 33 -1 0
1414 55 20 1 0
1415 42 17 0 1
1416 4 23 1 0
1417 41 20 -1 0
1418 27 8 0 1
1419 53 31 0 -1
1420 18 26 -1 0
1421 12 34 -1 0
1422 4 11 0 -1
1423 5 1 -1 0
1424 81 36 0 1
1425 5 16 0 -1
1426 6 32 0 1
1427 89 7 1 0
1428 27 39 -1 0
1429 65 38 0 1
1430 47 39 0 -1
1431 47 36 0 1
1432 41 6 -1 0
1433 77 8 0 -1
1434 10 22 0 -1
1435 78 31 0 1
1436 79 15 0 1
1437 43 2 1 0
1438 58 39 0 -1
1439 90 18 -1 0
1440 44 0 1 0
1441 1 22 0 -1
1442 93 39 0 1
1443 22 35 -1 0
1444 74 29 0 -1
1445 6 23 1 0
1446 77 33 0 -1
1447 59 29 1 0
1448 47 24 -1 0
1449 99 34 0 -1
1450 10 36 0 -1
1451 22 1 0 -1
1452 16 30 0 1
1453 94 17 0 -1
1454 22 35 1 0
1455 40 12 1 0
1456 89 33 -1 0
1457 24 24 1 0
1458 36 5 0 1
1459 25 8 1 0
1460 45 4 -1 0
1461 2 22 -1 0
1462 76 35 1 0
1463 64 11 0 -1
1464 42 31 0 1
1465 92 23 1 0
1466 87 32 0 -1
1467 85 3 0 1
1468 85 6 1 0
1469 83 31 1 0
1470 91 38 1 0
1471 84 23 0 1
1472 4 29 1 0
1473 26 21 1 0
1474 23 6 0 1
1475 41 24 0 -1
1476 24 34 -1 0
1477 54 17 -1 0
1478 63 37 1 0
1479 87 24 0 -1
1480 98 7 0 1
1481 94 32 0 -1
1482 56 18 -1 0
1483 72 8 0 -1
1484 67 10 1 0
1485 63 22 -1 0
1486 44 20 -1 0
1487 47 5 -1 0
1488 76 12 -1 0
1489 79 26 0 -1
1490 70 18 1 0
1491 30 8 -1 0
1492 47 12 0 1
1493 62 2 -1 0
1494 54 15 1 0
1495 45 9 0 -1
1496 97 11 1 0
1497 95 5 0 -1
1498 27 21 1 0
1499 50 13 0 -1
1500 63 25 0 -1
1501 4 10 0 1
1502 5 38 0 1
1503 2 6 1 0
1504 41 1 0 -1
1505 16 16 0 1
1506 38 13 -1 0
1507 15 23 1 0
1508 22 10 0 1
1509 83 32 0 -1
1510 81 37 0 1
1511 24 23 0 1
1512 38 5 0 -1
1513 88 11 -1 0
1514 6 10 1 0
1515 8 10 -1 0
1516 43 11 0 1
1517 78 8 1 0
1518 48 7 -1 0
1519 50 38 0 -1
1520 15 17 0 -1
1521 17 23 -1 0
1522 8 34 -1 0
1523 14 27 0 1
1524 11 0 1 0
1525 24 16 0 1
1526 4 36 1 0
1527 31 21 0 -1
1528 46 20 0 -1
1529 39 25 0 -1
1530 99 11 0 1
1531 88 33 -1 0
1532 5 30 0 1
1533 2 4 0 1
1534 76 24 1 0
1535 64 31 0 1
1536 17 35 0 1
1537 89 15 -1 0
1538 74 0 1 0
1539 68 7 -1 0
1540 52 12 1 0
1541 69 16 0 1
1542 91 15 0 1
1543 59 37 0 -1
1544 94 20 -1 0
1545 78 11 1 0
1546 21 34 0 1
1547 83 17 0 1
1548 39 34 0 1
1549 91 23 0 -1
1550 94 34 0 -1
1551 16 29 0 -1
1552 20 22 -1 0
1553 6 0 1 0
1554 47 36 -1 0
1555 25 8 1 0
1556 40 3 0 -1
1557 48 19 0 -1
1558 43 7 -1 0
1559 84 12 0 1
1560 64 12 -1 0
1561 79 28 1 0
1562 94 30 1 0
1563 95 28 1 0
1564 44 4 -1 0
1565 50 8 0 1
1566 80 15 0 -1
1567 30 28 1 0
1568 52 22 0 1
1569 23 17 0 1
1570 50 25 0 -1
1571 84 38 1 0
1572 11 25 0 1
1573 38 36 -1 0
1574 6 21 0 1
1575 2 6 0 1
1576 13 4 0 1
1577 20 21 1 0
1578 53 21 1 0
1579 40 10 -1 0
1580 13 9 1 0
1581 46 28 1 0
1582 41 30 0 -1
1583 29 2 0 1
1584 4 22 1 0
1585 69 7 0 1
1586 55 14 0 1
1587 17 33 0 1
1588 70 28 0 -1
1589 14 31 1 0
1590 63 4 1 0
1591 15 22 0 1
1592 56 8 0 -1
1593 9 28 0 -1
1594 94 21 -1 0
1595 42 27 1 0
1596 66 30 1 0
1597 23 9 0 -1
1598 0 15 0 -1
1599 4 32 -1 0
1600 83 35 0 1
1601 66 12 -1 0
1602 93 13 -1 0
1603 42 18 -1 0
1604 24 4 0 -1
1605 26 5 0 1
1606 23 15 -1 0
1607 55 20 -1 0
1608 91 2 1 0
1609 50 3 -1 0
1610 44 10 -1 0
1611 0 28 0 -1
1612 38 35 -1 0
1613 13 4 0 -1
1614 82 28 0 -1
1615 95 39 0 1
1616 5 20 1 0
1617 22 2 0 -1
1618 17 5 0 -1
1619 24 15 -1 0
1620 53 0 -1 0
1621 24 37 1 0
1622 42 19 -1 0
1623 13 20 -1 0
1624 80 31 1 0
1625 88 33 0 -1
1626 86 7 1 0
1627 28 16 0 -1
1628 40 24 0 1
1629 95 30 -1 0
1630 94 27 1 0
1631 81 32 1 0
1632 79 5 1 0
1633 96 31 -1 0
1634 7 7 -1 0
1635 79 37 -1 0
1636 40 22 0 1
1637 3 31 1 0
1638 30 28 0 -1
1639 43 1 0 1
1640 23 9 1 0
1641 86 22 0 -1
1642 49 29 0 -1
1643 71 30 0 -1
1644 97 21 1 0
1645 44 27 1 0
1646 13 33 -1 0
1647 26 20 0 1
1648 5 8 -1 0
1649 2 38 -1 0
1650 36 39 0 -1
1651 97 9 0 1
1652 47 24 0 -1
1653 88 4 1 0
1654 27 35 0 1
1655 28 6 -1 0
1656 13 37 0 -1
1657 84 17 0 -1
1658 4 11 -1 0
1659 7 33 -1 0
1660 12 22 0 1
1661 8 5 0 -1
1662 75 8 0 1
1663 70 25 0 -1
1664 86 26 0 1
1665 93 24 1 0
1666 23 22 1 0
1667 93 18 1 0
1668 65 17 1 0
1669 16 18 -1 0
1670 23 36 0 -1
1671 79 26 0 1
1672 69 39 -1 0
1673 99 11 0 -1
1674 22 19 -1 0
1675 7 19 1 0
1676 83 25 -1 0
1677 58 32 0 1
1678 20 3 0 1
1679 18 38 -1 0
1680 18 25 0 1
1681 5 15 -1 0
1682 54 3 0 1
1683 25 2 0 -1
1684 16 0 1 0
1685 12 1 0 -1
1686 4 15 -1 0
1687 23 35 -1 0
1688 19 30 1 0
1689 64 19 1 0
1690 98 23 -1 0
1691 47 38 0 -1
1692 27 18 -1 0
1693 29 7 -1 0
1694 7 15 0 -1
1695 2 4 0 1
1696 40 7 1 0
1697 89 26 0 1
1698 26 36 0 1
1699 86 27 0 1
1700 66 21 0 -1
1701 53 13 1 0
1702 73 39 -1 0
1703 22 11 1 0
1704 18 21 0 1
1705 85 0 0 1
1706 38 39 -1 0
1707 37 28 0 1
1708 0 29 -1 0
1709 36 20 0 -1
1710 12 17 1 0
1711 12 8 0 -1
1712 5 9 0 -1
1713 72 26 1 0
1714 23 1 -1 0
1715 97 36 -1 0
1716 30 22 1 0
1717 43 11 -1 0
1718 40 9 0 -1
1719 7 34 1 0
1720 38 8 0 1
1721 98 16 0 -1
1722 17 20 -1 0
1723 4 14 -1 0
1724 41 21 0 1
1725 47 8 0 -1
1726 49 0 -1 0
1727 98 7 -1 0
1728 97 0 1 0
1729 51 13 0 1
1730 39 16 -1 0
1731 13 34 0 1
1732 55 39 0 1
1733 12 22 1 0
1734 45 0 1 0
1735 43 30 1 0
1736 2 31 0 1
1737 10 14 -1 0
1738 10 31 -1 0
1739 61 3 0 -1
1740 78 3 1 0
1741 26 11 1 0
1742 95 4 0 1
1743 39 7 0 1
1744 4 3 1 0
1745 43 37 -1 0
1746 56 18 1 0
1747 83 15 -1 0
1748 26 1 1 0
1749 64 30 1 0
1750 66 32 1 0
1751 3 8 -1 0
1752 89 13 -1 0
1753 99 12 0 -1
1754 30 38 -1 0
1755 12 38 0 1
1756 15 38 -1 0
1757 59 8 1 0
1758 40 26 0 -1
1759 44 22 -1 0
1760 38 13 -1 0
1761 28 6 0 1
1762 76 23 0 1
1763 5 21 -1 0
1764 22 36 -1 0
1765 10 36 -1 0
1766 25 13 0 1
1767 27 9 0 -1
1768 81 20 -1 0
1769 22 12 -1 0
1770 59 6 -1 0
1771 59 17 0 1
1772 11 5 -1 0
1773 39 29 -1 0
1774 0 26 0 -1
1775 0 5 1 0
1776 44 39 -1 0
1777 92 39 -1 0
1778 75 4 -1 0
1779 27 13 0 -1
1780 78 19 0 1
1781 43 15 -1 0
1782 96 24 1 0
1783 49 8 1 0
1784 24 10 1 0
1785 66 16 0 1
1786 24 33 0 -1
1787 99 27 1 0
1788 21 29 1 0
1789 25 3 0 -1
1790 25 31 0 -1
1791 14 37 0 1
1792 26 10 1 0
1793 70 0 0 1
1794 99 17 1 0
1795 99 9 -1 0
1796 15 27 0 1
1797 14 39 1 0
1798 1 33 0 -1
1799 94 23 -1 0
1800 15 9 0 1
1801 89 29 -1 0
1802 26 20 0 1
1803 11 16 -1 0
1804 96 31 -1 0
1805 17 1 0 -1
1806 20 27 0 -1
1807 7 16 0 1
1808 91 6 0 1
1809 12 5 1 0
1810 8 18 -1 0
1811 92 15 -1 0
1812 87 2 -1 0
1813 7 34 -1 0
1814 2 27 0 1
1815 61 34 1 0
1816 77 39 1 0
1817 40 9 0 1
1818 83 27 1 0
1819 17 18 1 0
1820 13 30 0 -1
1821 72 4 0 -1
1822 82 29 1 0
1823 5 30 1 0
1824 51 10 1 0
1825 5 3 0 1
1826 0 21 -1 0
1827 61 1 -1 0
1828 41 6 -1 0
1829 45 5 -1 0
1830 95 12 -1 0
1831 70 10 -1 0
1832 79 9 -1 0
1833 47 3 1 0
1834 10 25 0 -1
1835 74 29 1 0
1836 22 39 -1 0
1837 45 24 -1 0
1838 20 36 0 1
1839 11 7 0 1
1840 48 26 -1 0
1841 9 9 -1 0
1842 28 13 0 -1
1843 66 14 -1 0
1844 5 6 0 1
1845 65 9 1 0
1846 20 19 0 -1
1847 98 2 0 1
1848 58 25 0 1
1849 94 9 0 1
1850 47 35 -1 0
1851 27 7 0 1
1852 16 11 1 0
1853 39 36 1 0
1854 43 9 -1 0
1855 96 0 1 0
1856 76 28 0 1
1857 3 29 0 1
1858 25 29 0 -1
1859 29 28 1 0
1860 78 35 -1 0
1861 89 12 0 1
1862 25 12 -1 0
1863 1 25 0 1
1864 20 17 1 0
1865 21 11 0 1
1866 99 9 0 -1
1867 1 31 0 -1
1868 51 16 0 -1
1869 84 39 0 1
1870 37 10 -1 0
1871 92 15 -1 0
1872 22 27 0 1
1873 63 33 0 -1
1874 30 2 0 -1
1875 44 13 -1 0
1876 22 34 0 1
1877 38 39 -1 0
1878 68 35 1 0
1879 19 3 1 0
1880 81 8 0 1
1881 3 14 -1 0
1882 77 1 1 0
1883 18 34 1 0
1884 55 7 0 -1
1885 58 22 0 1
1886 89 26 0 1
1887 30 15 0 1
1888 63 27 1 0
1889 10 27 0 -1
1890 72 15 -1 0
1891 44 25 0 -1
1892 61 9 0 1
1893 95 23 0 -1
1894 45 32 -1 0
1895 54 16 1 0
1896 88 31 1 0
1897 86 28 1 0
1898 99 35 0 1
1899 26 23 0 -1
1900 22 19 1 0
1901 18 27 -1 0
1902 21 0 0 1
1903 91 13 0 1
1904 1 18 0 -1
1905 76 28 -1 0
1906 27 5 0 1
1907 38 15 1 0
1908 20 7 1 0
1909 81 38 0 1
1910 46 37 0 -1
1911 30 19 -1 0
1912 66 4 -1 0
1913 17 18 -1 0
1914 44 35 0 -1
1915 40 33 -1 0
1916 21 21 -1 0
1917 58 0 1 0
1918 84 27 0 -1
1919 17 25 0 1
1920 41 35 -1 0
1921 19 30 -1 0
1922 98 20 0 1
1923 44 4 1 0
1924 79 28 0 -1
1925 20 38 1 0
1926 48 37 0 1
1927 46 21 -1 0
1928 84 38 -1 0
1929 6 29 0 1
1930 1 17 0 -1
1931 86 24 1 0
1932 74 20 -1 0
1933 6 15 -1 0
1934 44 14 0 -1
1935 38 14 0 -1
1936 72 36 0 1
1937 16 9 0 -1
1938 21 6 -1 0
1939 84 30 0 -1
1940 41 26 -1 0
1941 54 16 0 -1
1942 70 19 0 -1
1943 0 37 1 0
1944 22 36 1 0
1945 68 17 -1 0
1946 99 3 -1 0
1947 94 6 0 -1
1948 89 13 1 0
1949 87 12 -1 0
1950 29 4 1 0
1951 77 2 0 1
1952 19 8 0 -1
1953 4 27 1 0
1954 52 2 -1 0
1955 47 0 -1 0
1956 22 6 1 0
1957 83 0 0 -1
1958 85 9 0 1
1959 59 3 0 1
1960 95 17 1 0
1961 32 18 0 -1
1962 21 35 -1 0
1963 43 35 1 0
1964 20 17 0 1
1965 41 36 -1 0
1966 8 24 0 1
1967 79 28 1 0
1968 56 14 1 0
1969 86 16 -1 0
1970 27 33 -1 0
1971 65 27 -1 0
1972 50 17 -1 0
1973 74 37 0 1
1974 47 25 0 -1
1975 14 25 0 -1
1976 63 19 0 1
1977 94 10 -1 0
1978 19 26 0 -1
1979 40 5 0 -1
1980 45 36 0 1
1981 45 16 1 0
1982 8 33 1 0
1983 40 13 1 0
1984 42 30 0 1
1985 13 6 -1 0
1986 52 32 0 -1
1987 66 11 1 0
1988 80 24 1 0
1989 20 14 -1 0
1990 96 38 -1 0
1991 55 22 1 0
1992 57 21 -1 0
1993 87 7 -1 0
1994 0 13 -1 0
1995 14 38 0 1
1996 52 24 1 0
1997 69 23 -1 0
1998 27 15 0 1
1999 10 25 0 -1
2000 13 25 0 -1
2001 22 27 1 0
2002 48 39 0 -1
2003 38 12 -1 0
2004 39 12 0 -1
2005 76 36 -1 0
2006 12 11 0 -1
2007 43 18 0 -1
2008 4 7 0 1
2009 43 10 -1 0
2010 15 7 -1 0
2011 57 15 0 -1
2012 14 17 1 0
2013 7 4 1 0
2014 30 29 0 -1
2015 79 4 0 -1
2016 92 33 0 -1
2017 11 25 0 -1
2018 52 15 1 0
2019 5 20 -1 0
2020 64 3 0 -1
2021 25 28 0 1
2022 81 10 0 1
2023 6 15 1 0
2024 55 7 0 -1
2025 28 33 1 0
2026 28 5 0 1
2027 70 27 1 0
2028 91 8 1 0
2029 21 28 0 -1
2030 17 5 0 -1
2031 85 3 0 1
2032 95 10 -1 0
2033 88 1 -1 0
2034 9 22 0 -1
2035 68 33 0 -1
2036 39 9 -1 0
2037 30 24 1 0
2038 42 30 -1 0
2039 78 5 0 1
2040 99 5 0 -1
2041 79 22 0 1
2042 87 18 -1 0
2043 71 11 0 -1
2044 71 14 -1 0
2045 75 27 -1 0
2046 43 26 0 1
2047 40 17 1 0
2048 19 34 0 1
2049 56 18 0 1
2050 42 25 -1 0
2051 72 30 0 -1
2052 63 26 -1 0
2053 87 28 0 -1
2054 92 16 -1 0
2055 43 17 0 -1
2056 16 26 0 1
2057 12 9 0 -1
2058 81 20 0 1
2059 0 12 1 0
2060 20 2 1 0
2061 45 39 0 1
2062 19 1 0 -1
2063 89 33 0 -1
2064 39 32 -1 0
2065 77 6 -1 0
2066 44 38 1 0
2067 20 27 1 0
2068 21 2 -1 0
2069 43 38 1 0
2070 26 7 0 1
2071 27 10 0 1
2072 27 31 0 1
2073 44 3 0 1
2074 49 23 -1 0
2075 49 6 -1 0
2076 59 8 1 0
2077 15 34 1 0
2078 41 25 -1 0
2079 17 16 0 1
2080 96 32 1 0
2081 25 11 1 0
2082 74 8 1 0
2083 88 16 0 -1
2084 89 9 0 1
2085 18 5 0 1
2086 13 13 0 -1
2087 84 29 1 0
2088 55 9 0 -1
2089 86 36 0 1
2090 76 5 0 -1
2091 0 12 0 -1
2092 40 36 0 1
2093 49 22 1 0
2094 8 29 1 0
2095 42 10 1 0
2096 77 1 0 1
2097 20 15 -1 0
2098 88 38 0 1
2099 28 27 0 -1
2100 47 5 0 1
2101 85 29 1 0
2102 75 18 0 -1
2103 24 11 1 0
2104 79 14 -1 0
2105 80 1 0 -1
2106 10 15 0 1
2107 24 33 -1 0
2108 13 14 0 -1
2109 51 25 -1 0
2110 16 38 -1 0
2111 22 32 -1 0
2112 45 38 -1 0
2113 55 28 0 1
2114 6 31 0 -1
2115 50 3 -1 0
2116 51 39 1 0
2117 67 31 0 1
2118 44 32 0 1
2119 42 26 1 0
2120 77 34 1 0
2121 26 2 0 1
2122 70 26 1 0
2123 0 26 -1 0
2124 97 31 1 0
2125 19 19 1 0
2126 64 15 0 1
2127 78 30 0 1
2128 29 12 0 1
2129 13 17 0 -1
2130 44 23 1 0
2131 8 11 -1 0
2132 28 16 0 1
2133 76 31 -1 0
2134 39 21 0 1
2135 18 8 -1 0
2136 14 32 1 0
2137 40 12 1 0
2138 1 9 1 0
2139 9 15 1 0
2140 63 3 0 1
2141 57 34 -1 0
2142 31 30 0 1
2143 49 31 0 1
2144 14 15 0 1
2145 83 37 1 0
2146 93 19 -1 0
2147 87 18 0 -1
2148 63 34 0 -1
2149 82 33 1 0
2150 44 7 0 1
2151 87 5 0 -1
2152 44 34 0 1
2153 49 39 0 1
2154 51 32 0 1
2155 16 21 0 -1
2156 25 36 1 0
2157 43 3 0 1
2158 37 37 -1 0
2159 29 23 1 0
2160 17 2 0 -1
2161 19 38 0 -1
2162 14 25 0 1
2163 42 10 0 1
2164 74 20 0 1
2165 47 13 -1 0
2166 83 5 -1 0
2167 80 35 1 0
2168 3 28 0 1
2169 61 31 -1 0
2170 59 23 -1 0
2171 6 39 0 1
2172 5 14 0 1
2173 41 24 -1 0
2174 47 31 0 1
2175 57 35 0 -1
2176 88 22 -1 0
2177 48 32 -1 0
2178 20 14 0 -1
2179 27 26 1 0
2180 39 12 -1 0
2181 18 36 0 -1
2182 52 38 -1 0
2183 44 15 0 1
2184 0 19 0 1
2185 71 18 0 -1
2186 2 16 1 0
2187 15 18 -1 0
2188 37 11 1 0
2189 92 32 1 0
2190 48 7 1 0
2191 40 5 -1 0
2192 43 24 -1 0
2193 9 11 -1 0
2194 17 22 -1 0
2195 94 34 -1 0
2196 26 8 1 0
2197 98 10 0 1
2198 97 19 -1 0
2199 13 15 1 0
2200 7 31 -1 0
2201 24 9 -1 0
2202 98 6 -1 0
2203 18 12 -1 0
2204 71 20 0 1
2205 22 24 0 -1
2206 48 28 0 1
2207 22 20 0 -1
2208 97 8 0 -1
2209 42 36 0 -1
2210 16 8 0 1
2211 10 29 0 1
2212 44 32 -1 0
2213 32 39 0 -1
2214 95 36 0 1
2215 8 37 0 -1
2216 22 35 0 -1
2217 31 7 -1 0
2218 42 24 0 -1
2219 92 39 1 0
2220 31 34 0 1
2221 78 27 0 1
2222 17 34 0 -1
2223 1 29 0 -1
2224 94 3 -1 0
2225 63 4 0 -1
2226 92 35 -1 0
2227 17 27 0 -1
2228 38 12 0 -1
2229 27 33 1 0
2230 46 3 0 -1
2231 14 28 1 0
2232 43 37 0 1
2233 22 3 0 1
2234 40 24 1 0
2235 59 28 -1 0
2236 82 8 0 -1
2237 78 4 1 0
2238 24 20 -1 0
2239 11 35 0 1
2240 84 25 1 0
2241 86 21 1 0
2242 42 26 0 1
2243 9 34 1 0
2244 55 36 0 1
2245 53 21 0 1
2246 40 25 0 -1
2247 92 30 -1 0
2248 53 2 0 1
2249 68 39 -1 0
2250 75 14 0 1
2251 50 30 0 1
2252 89 25 0 -1
2253 0 36 1 0
2254 22 26 0 1
2255 24 30 0 -1
2256 81 36 -1 0
2257 25 29 1 0
2258 20 17 1 0
2259 42 24 0 1
2260 90 7 0 -1
2261 99 30 0 -1
2262 26 29 0 1
2263 42 17 0 -1
2264 26 18 0 1
2265 10 5 1 0
2266 66 18 0 1
2267 82 0 -1 0
2268 31 1 0 -1
2269 4 6 0 -1
2270 12 37 -1 0
2271 6 13 -1 0
2272 20 6 0 -1
2273 66 34 0 -1
2274 29 13 1 0
2275 24 14 0 1
2276 3 16 0 1
2277 70 21 0 1
2278 42 3 0 1
2279 41 4 1 0
2280 50 29 -1 0
2281 64 14 0 1
2282 12 23 0 1
2283 91 5 -1 0
2284 91 4 1 0
2285 14 7 1 0
2286 18 29 0 1
2287 24 18 0 -1
2288 76 23 1 0
2289 19 31 1 0
2290 10 17 0 1
2291 31 17 -1 0
2292 16 26 0 -1
2293 45 26 0 -1
2294 51 39 1 0
2295 36 35 0 -1
2296 3 21 1 0
2297 42 35 0 -1
2298 15 19 0 -1
2299 41 2 0 -1
2300 73 21 1 0
2301 70 33 -1 0
2302 41 23 1 0
2303 5 35 0 -1
2304 40 12 1 0
2305 90 29 0 1
2306 46 3 0 -1
2307 79 35 0 -1
2308 0 5 -1 0
2309 40 13 1 0
2310 29 11 -1 0
2311 50 2 0 1
2312 75 29 0 -1
2313 14 8 1 0
2314 39 35 -1 0
2315 41 33 0 1
2316 37 2 0 -1
2317 27 21 0 1
2318 9 18 1 0
2319 1 20 0 -1
2320 12 10 0 1
2321 23 15 0 1
2322 71 31 -1 0
2323 71 13 1 0
2324 65 21 0 -1
2325 43 14 1 0
2326 41 21 0 -1
2327 70 9 0 -1
2328 28 19 -1 0
2329 74 7 -1 0
2330 1 3 -1 0
2331 44 37 0 1
2332 14 11 -1 0
2333 85 34 0 1
2334 43 9 0 -1
2335 28 12 0 1
2336 16 27 1 0
2337 18 13 0 1
2338 24 35 0 1
2339 92 31 0 -1
2340 67 22 -1 0
2341 27 11 0 -1
2342 9 9 1 0
2343 29 25 1 0
2344 40 17 0 1
2345 57 39 -1 0
2346 86 18 1 0
2347 21 18 0 -1
2348 92 32 0 1
2349 44 27 0 1
2350 96 7 0 1
2351 39 17 -1 0
2352 5 37 -1 0
2353 44 31 0 1
2354 68 28 -1 0
2355 97 20 1 0
2356 20 21 1 0
2357 24 10 0 1
2358 40 8 0 -1
2359 88 29 0 -1
2360 23 13 -1 0
2361 25 29 1 0
2362 73 38 -1 0
2363 46 36 0 1
2364 32 24 1 0
2365 30 23 0 -1
2366 29 31 -1 0
2367 49 26 0 1
2368 68 10 0 1
2369 76 26 1 0
2370 90 23 0 -1
2371 45 35 1 0
2372 40 37 -1 0
2373 5 35 -1 0
2374 44 18 -1 0
2375 97 14 1 0
2376 80 5 0 1
2377 69 0 0 1
2378 20 19 1 0
2379 4 32 0 1
2380 40 22 0 -1
2381 8 17 1 0
2382 50 37 0 -1
2383 38 20 0 -1
2384 66 21 0 1
2385 53 30 0 -1
2386 71 20 1 0
2387 43 23 0 -1
2388 34 13 1 0
2389 6 19 -1 0
2390 18 13 0 1
2391 89 4 0 -1
2392 25 17 0 1
2393 17 9 1 0
2394 19 29 0 -1
2395 4 11 -1 0
2396 8 29 1 0
2397 53 2 0 -1
2398 84 11 0 1
2399 16 3 -1 0
