0 38 22 0 1
1 73 27 -1 0
2 82 36 0 1
3 8 1 0 1
4 21 25 0 1
5 26 17 1 0
6 47 13 1 0
7 99 37 0 -1
8 96 20 0 1
9 49 21 -1 0
10 65 32 1 0
11 43 12 0 -1
12 26 8 0 -1
13 23 11 0 1
14 49 37 -1 0
15 89 19 1 0
16 31 25 -1 0
17 37 25 0 -1
18 17 18 -1 0
19 49 0 1 0
20 46 28 -1 0
21 56 20 0 -1
22 8 22 1 0
23 17 21 1 0
24 78 28 -1 0
25 81 5 0 -1
26 40 17 1 0
27 3 29 -1 0
28 19 20 1 0
29 95 39 0 -1
30 26 5 0 1
31 39 28 1 0
32 60 3 -1 0
33 20 16 0 -1
34 40 32 0 1
35 16 17 -1 0
36 20 33 1 0
37 79 10 1 0
38 87 5 0 1
39 30 13 0 1
40 76 21 -1 0
41 83 5 -1 0
42 44 3 0 -1
43 22 10 0 1
44 85 38 -1 0
45 77 15 1 0
46 18 36 0 -1
47 73 4 0 1
48 21 8 -1 0
49 17 24 0 -1
50 1 20 1 0
51 20 28 0 1
52 29 34 0 1
53 23 2 0 1
54 99 9 -1 0
55 49 3 0 1
56 46 7 0 1
57 9 39 1 0
58 44 39 -1 0
59 96 36 0 1
60 82 5 1 0
61 45 7 0 1
62 16 23 -1 0
63 29 0 1 0
64 57 36 1 0
65 6 25 1 0
66 1 0 -1 0
67 0 4 0 1
68 22 6 1 0
69 89 13 0 -1
70 23 20 0 1
71 16 23 1 0
72 54 3 1 0
73 20 27 0 -1
74 44 38 -1 0
75 24 7 0 1
76 15 8 1 0
77 79 18 0 -1
78 72 9 0 -1
79 11 0 -1 0
80 23 11 0 -1
81 48 21 0 1
82 76 1 -1 0
83 23 38 1 0
84 50 36 -1 0
85 56 10 -1 0
86 21 36 -1 0
87 38 30 -1 0
88 76 29 0 1
89 81 0 1 0
90 15 19 -1 0
91 41 23 0 -1
92 66 31 -1 0
93 38 35 0 1
94 98 8 0 1
95 20 15 0 1
96 10 12 1 0
97 49 1 -1 0
98 12 3 -1 0
99 97 26 0 1
100 3 4 1 0
101 57 26 0 1
102 39 11 0 1
103 40 12 0 1
104 44 33 1 0
105 20 23 0 1
106 39 38 -1 0
107 47 33 -1 0
108 89 21 -1 0
109 49 2 1 0
110 23 35 0 1
111 95 38 0 -1
112 51 38 0 -1
113 4 34 0 1
114 8 24 1 0
115 42 3 -1 0
116 14 25 0 1
117 3 17 -1 0
118 88 12 0 -1
119 74 19 -1 0
120 39 10 1 0
121 18 27 1 0
122 87 5 -1 0
123 7 27 0 -1
124 25 20 -1 0
125 20 19 0 -1
126 9 14 -1 0
127 76 11 0 -1
128 25 33 1 0
129 4 0 0 1
130 17 9 0 -1
131 15 8 0 1
132 93 3 0 -1
133 92 4 -1 0
134 25 27 0 1
135 42 38 0 1
136 78 34 -1 0
137 86 35 -1 0
138 2 25 0 -1
139 52 24 -1 0
140 12 7 0 -1
141 16 5 -1 0
142 51 27 -1 0
143 41 15 1 0
144 26 2 0 1
145 25 37 0 -1
146 86 13 1 0
147 42 5 -1 0
148 76 25 1 0
149 83 25 1 0
150 16 30 -1 0
151 9 19 -1 0
152 6 2 0 1
153 86 10 1 0
154 24 10 0 -1
155 44 31 -1 0
156 22 16 1 0
157 14 25 0 -1
158 23 38 1 0
159 50 3 0 1
160 40 34 -1 0
161 51 34 1 0
162 45 20 -1 0
163 16 39 0 -1
164 61 3 1 0
165 24 21 0 -1
166 41 28 1 0
167 19 16 0 -1
168 86 10 1 0
169 15 26 0 1
170 5 34 1 0
171 63 38 0 -1
172 87 32 -1 0
173 84 24 0 -1
174 41 12 0 -1
175 12 17 0 -1
176 47 6 0 1
177 22 39 0 -1
178 39 19 1 0
179 12 2 0 -1
180 1 37 1 0
181 62 24 -1 0
182 98 29 0 1
183 17 2 -1 0
184 6 19 0 -1
185 22 20 1 0
186 6 23 0 1
187 41 25 0 1
188 61 21 0 -1
189 4 33 1 0
190 67 20 -1 0
191 22 12 0 -1
192 38 22 1 0
193 27 3 -1 0
194 38 0 0 -1
195 22 0 1 0
196 14 23 0 1
197 14 23 1 0
198 26 31 0 1
199 94 28 -1 0
200 70 27 0 1
201 84 2 1 0
202 26 3 0 1
203 84 37 0 1
204 14 19 -1 0
205 98 29 -1 0
206 96 31 -1 0
207 12 29 0 1
208 80 36 -1 0
209 84 21 0 -1
210 43 34 -1 0
211 49 8 -1 0
212 66 38 -1 0
213 49 32 0 -1
214 64 4 0 -1
215 29 9 0 1
216 98 15 0 -1
217 40 13 1 0
218 48 8 0 1
219 73 25 0 -1
220 42 16 0 -1
221 51 34 -1 0
222 3 28 0 1
223 48 2 -1 0
224 26 33 1 0
225 91 1 0 1
226 20 38 -1 0
227 54 19 0 -1
228 41 9 1 0
229 27 23 0 -1
230 10 20 0 -1
231 99 2 -1 0
232 95 9 0 -1
233 26 36 1 0
234 10 13 1 0
235 48 2 -1 0
236 75 37 0 -1
237 97 7 1 0
238 44 19 -1 0
239 94 18 0 -1
240 91 19 0 -1
241 73 11 -1 0
242 11 8 -1 0
243 55 4 0 1
244 42 11 0 1
245 8 4 1 0
246 50 11 0 -1
247 87 12 -1 0
248 28 39 0 -1
249 18 39 1 0
250 61 10 -1 0
251 40 21 1 0
252 42 19 -1 0
253 17 4 0 1
254 52 32 0 -1
255 23 5 0 -1
256 71 29 0 -1
257 75 31 0 -1
258 20 18 1 0
259 41 10 -1 0
260 76 36 0 1
261 25 38 1 0
262 73 5 1 0
263 22 37 0 -1
264 0 26 0 1
265 16 10 0 -1
266 40 2 1 0
267 5 4 -1 0
268 48 12 1 0
269 29 23 1 0
270 62 36 0 -1
271 62 3 0 1
272 74 11 1 0
273 19 26 0 -1
274 29 32 0 1
275 58 16 1 0
276 26 35 -1 0
277 14 10 1 0
278 43 39 1 0
279 2 17 1 0
280 90 19 -1 0
281 95 14 1 0
282 79 6 1 0
283 62 35 1 0
284 45 15 0 -1
285 77 14 1 0
286 10 20 0 -1
287 62 5 -1 0
288 38 21 -1 0
289 70 34 -1 0
290 27 35 1 0
291 91 13 0 1
292 1 39 1 0
293 81 3 1 0
294 17 28 0 1
295 35 27 -1 0
296 44 2 0 -1
297 29 37 -1 0
298 61 24 0 -1
299 49 21 0 1
300 75 31 0 1
301 43 1 0 1
302 5 18 1 0
303 39 9 0 1
304 62 39 1 0
305 70 25 1 0
306 47 18 0 1
307 10 29 0 -1
308 95 27 1 0
309 80 35 -1 0
310 75 18 1 0
311 0 36 -1 0
312 63 25 -1 0
313 77 32 1 0
314 46 26 -1 0
315 94 11 1 0
316 26 28 -1 0
317 10 13 1 0
318 30 7 1 0
319 25 33 1 0
320 88 5 0 1
321 50 3 1 0
322 53 10 0 1
323 97 6 0 -1
324 12 18 1 0
325 49 19 0 1
326 26 23 1 0
327 92 5 0 -1
328 82 31 1 0
329 20 1 -1 0
330 2 33 1 0
331 81 22 0 -1
332 47 34 -1 0
333 75 13 1 0
334 30 28 0 1
335 6 31 0 -1
336 6 20 0 -1
337 41 7 0 -1
338 15 31 0 -1
339 5 21 0 -1
340 41 22 0 1
341 89 0 0 1
342 50 15 1 0
343 38 9 0 -1
344 72 15 -1 0
345 93 39 0 -1
346 13 32 0 1
347 3 31 -1 0
348 38 2 0 -1
349 93 34 1 0
350 20 19 1 0
351 54 8 0 1
352 82 35 0 1
353 23 17 0 1
354 17 33 0 -1
355 43 6 0 1
356 48 28 0 -1
357 23 34 1 0
358 28 11 -1 0
359 91 28 -1 0
360 57 15 -1 0
361 54 34 -1 0
362 90 26 0 -1
363 99 0 0 -1
364 54 24 -1 0
365 0 38 1 0
366 53 30 1 0
367 27 10 0 1
368 89 4 0 -1
369 71 27 0 -1
370 65 3 0 -1
371 83 24 1 0
372 50 5 0 -1
373 21 15 1 0
374 98 6 0 1
375 87 37 0 -1
376 64 20 0 1
377 0 21 0 -1
378 20 7 1 0
379 96 25 0 1
380 45 7 0 -1
381 2 38 0 -1
382 82 30 0 -1
383 1 30 1 0
384 42 13 0 1
385 40 13 -1 0
386 37 35 0 1
387 64 9 -1 0
388 98 2 -1 0
389 17 1 0 1
390 61 35 0 -1
391 28 9 0 -1
392 22 23 0 1
393 20 22 0 1
394 95 1 -1 0
395 52 24 0 1
396 27 5 1 0
397 44 28 -1 0
398 1 34 0 -1
399 6 21 0 -1
400 29 30 0 1
401 12 38 0 -1
402 10 0 0 1
403 2 7 -1 0
404 85 8 -1 0
405 28 36 0 1
406 73 12 -1 0
407 16 5 -1 0
408 3 25 1 0
409 44 4 -1 0
410 11 13 0 -1
411 41 12 0 1
412 78 17 -1 0
413 38 21 -1 0
414 24 8 1 0
415 90 13 0 -1
416 83 27 1 0
417 60 2 -1 0
418 80 15 1 0
419 48 20 1 0
420 11 15 -1 0
421 82 30 0 1
422 93 0 1 0
423 25 14 0 -1
424 50 12 1 0
425 67 27 1 0
426 2 24 0 -1
427 74 35 1 0
428 20 26 -1 0
429 27 16 1 0
430 14 17 1 0
431 2 27 0 -1
432 73 29 0 1
433 88 23 -1 0
434 56 9 1 0
435 50 16 0 1
436 49 28 0 1
437 37 33 1 0
438 49 17 0 -1
439 15 11 0 -1
440 49 3 0 1
441 19 33 0 1
442 86 30 1 0
443 21 2 1 0
444 39 0 0 -1
445 24 30 0 -1
446 7 32 0 -1
447 25 17 1 0
448 3 19 -1 0
449 82 4 -1 0
450 74 31 1 0
451 63 37 1 0
452 98 31 1 0
453 11 18 0 1
454 41 32 0 -1
455 70 2 0 -1
456 84 31 1 0
457 47 19 0 1
458 51 1 1 0
459 73 8 0 1
460 96 10 1 0
461 51 2 1 0
462 20 18 -1 0
463 90 39 -1 0
464 41 2 -1 0
465 19 17 0 1
466 15 13 -1 0
467 15 30 -1 0
468 23 24 1 0
469 53 6 0 1
470 66 0 -1 0
471 17 26 1 0
472 23 38 0 -1
473 56 39 -1 0
474 57 39 -1 0
475 55 6 0 1
476 47 21 1 0
477 65 37 1 0
478 91 10 -1 0
479 40 14 -1 0
480 68 35 -1 0
481 57 21 -1 0
482 87 17 1 0
483 85 35 1 0
484 89 22 0 -1
485 29 9 0 -1
486 23 19 -1 0
487 87 31 1 0
488 42 14 -1 0
489 4 10 0 -1
490 99 8 0 -1
491 43 3 1 0
492 16 30 0 -1
493 26 17 0 1
494 54 4 0 1
495 85 10 1 0
496 75 13 1 0
497 26 8 0 1
498 29 11 0 1
499 46 3 0 1
500 30 33 0 1
501 97 1 1 0
502 14 27 -1 0
503 23 21 0 -1
504 93 21 1 0
505 44 6 0 -1
506 50 29 -1 0
507 19 13 1 0
508 81 39 0 1
509 34 10 0 1
510 5 11 -1 0
511 54 27 0 -1
512 37 30 0 -1
513 45 36 0 1
514 25 39 -1 0
515 98 11 1 0
516 78 16 0 1
517 97 4 1 0
518 5 31 -1 0
519 13 6 0 -1
520 50 11 0 -1
521 42 31 0 1
522 37 18 1 0
523 77 0 0 1
524 44 33 0 1
525 63 30 0 1
526 64 24 0 -1
527 76 34 -1 0
528 71 27 0 1
529 85 20 1 0
530 6 14 1 0
531 18 11 -1 0
532 97 30 0 -1
533 18 21 0 1
534 45 28 0 1
535 10 8 1 0
536 41 34 1 0
537 25 27 1 0
538 87 10 1 0
539 27 6 0 1
540 46 15 0 -1
541 28 6 0 1
542 96 28 1 0
543 80 31 0 -1
544 14 26 -1 0
545 20 12 0 1
546 22 32 -1 0
547 94 39 0 -1
548 47 10 1 0
549 69 38 -1 0
550 68 15 1 0
551 57 3 -1 0
552 37 27 0 -1
553 6 27 -1 0
554 21 25 -1 0
555 80 26 0 -1
556 2 33 0 -1
557 45 22 -1 0
558 72 7 -1 0
559 7 34 -1 0
560 45 13 1 0
561 58 11 1 0
562 73 38 0 -1
563 19 6 1 0
564 4 24 0 -1
565 85 15 0 1
566 68 11 -1 0
567 44 38 0 -1
568 6 25 -1 0
569 40 26 -1 0
570 17 34 0 -1
571 9 23 0 -1
572 58 28 -1 0
573 72 6 0 1
574 39 35 0 -1
575 24 5 1 0
576 99 31 0 1
577 18 35 0 1
578 81 14 1 0
579 64 11 -1 0
580 8 32 -1 0
581 66 24 0 1
582 42 36 0 1
583 4 28 1 0
584 43 26 0 1
585 2 31 1 0
586 50 16 -1 0
587 40 22 0 1
588 53 3 -1 0
589 45 31 -1 0
590 1 0 1 0
591 1 29 -1 0
592 92 39 0 1
593 98 17 -1 0
594 61 38 -1 0
595 31 18 -1 0
596 43 23 -1 0
597 44 20 1 0
598 12 39 1 0
599 73 18 0 1
600 43 28 -1 0
601 17 19 -1 0
602 73 28 1 0
603 56 25 0 -1
604 39 14 0 -1
605 19 5 -1 0
606 91 21 1 0
607 47 25 0 1
608 25 19 0 -1
609 62 6 0 1
610 60 20 1 0
611 90 37 1 0
612 1 28 0 1
613 58 11 0 -1
614 4 11 -1 0
615 14 0 -1 0
616 22 23 -1 0
617 77 18 -1 0
618 13 27 0 -1
619 89 39 -1 0
620 87 31 -1 0
621 1 28 0 1
622 16 6 0 -1
623 37 18 0 -1
624 98 18 -1 0
625 92 22 0 -1
626 29 23 1 0
627 46 1 -1 0
628 96 33 -1 0
629 5 13 0 -1
630 92 31 -1 0
631 37 31 1 0
632 81 5 -1 0
633 39 7 1 0
634 38 19 0 1
635 29 18 -1 0
636 95 6 1 0
637 92 23 0 1
638 29 13 0 -1
639 25 21 0 -1
640 71 34 0 -1
641 8 39 1 0
642 12 21 -1 0
643 31 11 0 1
644 75 38 0 1
645 80 5 0 -1
646 87 17 0 1
647 65 34 1 0
648 23 9 1 0
649 11 28 1 0
650 68 22 0 -1
651 4 19 1 0
652 9 17 -1 0
653 37 38 -1 0
654 67 10 1 0
655 15 35 0 1
656 49 34 0 -1
657 16 35 0 -1
658 17 17 1 0
659 76 35 1 0
660 2 14 1 0
661 2 28 1 0
662 79 2 -1 0
663 4 32 0 1
664 28 37 0 1
665 36 10 0 1
666 95 6 -1 0
667 46 8 0 -1
668 95 10 -1 0
669 58 17 0 -1
670 13 21 1 0
671 70 29 -1 0
672 1 36 -1 0
673 42 18 1 0
674 83 20 1 0
675 13 9 0 -1
676 4 38 1 0
677 11 25 1 0
678 90 6 -1 0
679 59 23 0 1
680 41 1 -1 0
681 93 30 1 0
682 95 4 0 1
683 41 17 1 0
684 57 30 0 1
685 54 23 0 -1
686 83 27 -1 0
687 15 4 0 -1
688 38 3 0 -1
689 42 34 0 -1
690 82 26 -1 0
691 37 34 0 -1
692 16 33 0 -1
693 12 30 0 1
694 22 11 0 -1
695 14 21 -1 0
696 43 26 1 0
697 2 6 0 1
698 36 18 0 1
699 0 0 0 1
700 58 28 -1 0
701 48 23 1 0
702 91 22 0 1
703 79 27 1 0
704 35 0 -1 0
705 57 39 -1 0
706 1 2 0 1
707 16 29 -1 0
708 0 10 0 -1
709 5 15 0 -1
710 25 31 0 -1
711 29 27 0 -1
712 21 33 -1 0
713 85 35 0 -1
714 24 12 1 0
715 27 24 -1 0
716 11 10 -1 0
717 12 14 0 -1
718 17 38 0 1
719 99 33 -1 0
720 43 19 0 1
721 46 28 1 0
722 91 39 1 0
723 10 31 0 -1
724 79 19 -1 0
725 60 36 -1 0
726 96 27 -1 0
727 61 36 1 0
728 16 12 -1 0
729 50 22 -1 0
730 44 30 0 -1
731 46 2 0 -1
732 49 23 0 -1
733 40 39 0 -1
734 6 19 1 0
735 90 37 1 0
736 84 18 0 1
737 53 21 0 -1
738 84 36 0 1
739 32 23 0 1
740 79 33 -1 0
741 44 20 0 -1
742 44 3 0 1
743 0 22 1 0
744 39 16 0 -1
745 27 33 0 1
746 19 2 -1 0
747 56 14 1 0
748 18 22 -1 0
749 11 14 0 1
750 22 17 0 1
751 99 32 0 1
752 40 22 0 -1
753 92 26 0 -1
754 40 31 0 -1
755 84 15 -1 0
756 82 7 0 1
757 17 12 0 -1
758 30 10 0 1
759 41 30 0 1
760 26 34 1 0
761 79 13 1 0
762 8 15 -1 0
763 79 0 1 0
764 21 25 0 1
765 23 30 0 1
766 76 14 1 0
767 19 16 1 0
768 81 6 -1 0
769 71 20 0 -1
770 26 0 0 1
771 3 30 1 0
772 26 32 -1 0
773 28 17 -1 0
774 79 14 0 -1
775 62 14 0 -1
776 56 28 1 0
777 18 5 -1 0
778 38 21 -1 0
779 39 30 -1 0
780 11 17 -1 0
781 25 30 -1 0
782 69 10 1 0
783 20 37 1 0
784 96 16 0 1
785 4 14 0 1
786 11 36 0 -1
787 41 35 0 1
788 46 7 1 0
789 85 38 -1 0
790 26 10 0 1
791 19 6 0 -1
792 50 28 0 1
793 0 39 0 -1
794 66 10 1 0
795 86 22 0 1
796 87 24 0 1
797 67 34 -1 0
798 56 4 0 -1
799 77 12 1 0
800 79 38 1 0
801 24 13 -1 0
802 48 14 0 -1
803 23 6 0 -1
804 86 30 1 0
805 96 30 0 1
806 17 20 0 -1
807 85 1 0 -1
808 92 20 1 0
809 20 22 1 0
810 16 19 0 1
811 43 20 0 -1
812 4 32 0 1
813 51 13 -1 0
814 25 14 0 -1
815 4 31 0 -1
816 43 24 0 1
817 16 31 1 0
818 97 4 0 -1
819 99 21 -1 0
820 97 32 0 -1
821 71 31 1 0
822 71 22 0 -1
823 49 2 0 -1
824 7 9 0 1
825 86 29 1 0
826 67 3 0 -1
827 15 2 1 0
828 51 25 -1 0
829 48 8 0 1
830 63 26 0 -1
831 67 21 -1 0
832 44 21 0 -1
833 13 1 -1 0
834 19 3 0 -1
835 22 36 0 1
836 25 24 -1 0
837 8 39 0 1
838 3 27 1 0
839 49 35 1 0
840 38 28 0 -1
841 22 14 1 0
842 16 35 1 0
843 20 22 -1 0
844 17 20 -1 0
845 20 25 -1 0
846 70 9 0 -1
847 14 3 -1 0
848 41 23 0 -1
849 59 11 -1 0
850 20 9 0 1
851 43 39 -1 0
852 92 27 0 1
853 88 34 0 1
854 25 11 1 0
855 68 34 0 1
856 70 28 0 1
857 95 2 0 1
858 74 4 1 0
859 64 9 0 -1
860 40 21 1 0
861 3 26 0 -1
862 41 36 0 1
863 5 2 -1 0
864 43 23 1 0
865 77 27 0 -1
866 95 19 1 0
867 38 0 0 -1
868 72 14 0 1
869 18 30 1 0
870 94 20 0 -1
871 28 16 1 0
872 71 15 0 -1
873 78 29 0 1
874 80 33 0 1
875 19 14 -1 0
876 83 2 -1 0
877 72 22 0 1
878 18 28 1 0
879 31 30 1 0
880 26 29 0 -1
881 2 39 1 0
882 86 12 0 1
883 95 14 1 0
884 46 20 -1 0
885 5 17 0 -1
886 17 15 -1 0
887 45 24 -1 0
888 3 7 0 1
889 56 22 -1 0
890 24 34 -1 0
891 13 30 1 0
892 51 30 0 1
893 25 29 1 0
894 40 23 0 -1
895 0 1 0 -1
896 20 4 1 0
897 29 4 0 -1
898 64 37 0 1
899 98 8 0 -1
900 50 35 -1 0
901 18 34 0 -1
902 70 28 0 1
903 83 0 -1 0
904 30 12 0 -1
905 22 15 1 0
906 31 37 0 1
907 7 11 -1 0
908 19 28 0 -1
909 53 6 -1 0
910 8 3 0 1
911 45 21 -1 0
912 7 30 -1 0
913 94 27 0 1
914 82 7 1 0
915 25 15 0 1
916 29 22 0 -1
917 64 16 0 -1
918 26 20 0 -1
919 21 1 0 1
920 49 38 0 1
921 89 5 0 1
922 24 21 -1 0
923 90 5 0 1
924 44 8 1 0
925 23 9 -1 0
926 55 23 1 0
927 72 18 0 1
928 0 4 0 1
929 58 30 -1 0
930 68 38 0 1
931 97 21 1 0
932 93 2 0 -1
933 93 28 0 -1
934 80 38 0 -1
935 42 39 -1 0
936 10 27 0 1
937 81 31 0 -1
938 84 2 1 0
939 55 1 -1 0
940 15 10 -1 0
941 43 33 1 0
942 91 17 -1 0
943 54 35 0 -1
944 28 5 1 0
945 95 17 -1 0
946 16 34 0 1
947 28 31 -1 0
948 64 8 0 -1
949 43 26 1 0
950 16 3 0 -1
951 45 20 0 -1
952 1 29 0 -1
953 52 17 1 0
954 12 4 -1 0
955 25 36 1 0
956 44 1 0 1
957 46 37 -1 0
958 91 12 -1 0
959 4 35 1 0
960 79 15 0 -1
961 14 17 0 1
962 19 17 1 0
963 17 18 0 1
964 94 21 0 -1
965 94 24 -1 0
966 21 29 -1 0
967 8 32 0 1
968 47 31 1 0
969 39 31 0 1
970 16 6 0 -1
971 4 36 1 0
972 27 24 0 -1
973 13 25 0 -1
974 62 19 0 1
975 40 3 1 0
976 41 8 0 1
977 8 18 -1 0
978 43 15 0 1
979 68 22 0 -1
980 26 3 1 0
981 62 13 1 0
982 57 23 1 0
983 48 27 0 1
984 65 6 0 1
985 18 36 0 -1
986 76 0 0 -1
987 18 8 0 -1
988 24 31 0 -1
989 54 10 0 -1
990 92 20 1 0
991 90 14 0 -1
992 48 8 0 -1
993 47 30 0 -1
994 73 13 1 0
995 80 30 -1 0
996 24 23 -1 0
997 20 6 0 -1
998 27 3 -1 0
999 20 35 0 -1
1000 16 1 1 0
1001 27 15 1 0
1002 51 26 -1 0
1003 3 33 1 0
1004 69 14 1 0
1005 87 19 0 -1
1006 95 33 0 1
1007 20 5 -1 0
1008 2 6 0 1
1009 0 2 0 -1
1010 42 34 0 1
1011 30 38 1 0
1012 36 26 -1 0
1013 9 27 1 0
1014 7 24 0 1
1015 3 18 0 -1
1016 46 31 0 1
1017 75 30 -1 0
1018 41 16 -1 0
1019 11 2 1 0
1020 42 38 -1 0
1021 21 35 0 1
1022 66 3 0 -1
1023 89 5 -1 0
1024 76 20 0 1
1025 48 22 1 0
1026 45 37 0 1
1027 24 30 1 0
1028 22 19 1 0
1029 17 10 0 -1
1030 84 27 0 1
1031 90 37 1 0
1032 18 19 0 1
1033 2 23 0 1
1034 30 3 -1 0
1035 38 3 0 1
1036 99 19 0 -1
1037 42 9 0 1
1038 62 1 1 0
1039 98 20 1 0
1040 23 0 0 1
1041 48 28 1 0
1042 13 29 0 1
1043 9 3 0 -1
1044 3 27 1 0
1045 10 39 0 -1
1046 43 8 1 0
1047 59 20 0 1
1048 40 2 0 1
1049 23 10 0 1
1050 48 12 1 0
1051 48 16 -1 0
1052 59 1 1 0
1053 93 19 1 0
1054 15 2 0 1
1055 59 9 1 0
1056 8 31 1 0
1057 8 7 1 0
1058 17 36 -1 0
1059 19 8 1 0
1060 96 16 0 -1
1061 22 16 0 1
1062 65 8 0 -1
1063 91 2 1 0
1064 21 9 0 1
1065 5 26 -1 0
1066 81 1 1 0
1067 83 2 0 -1
1068 93 4 0 -1
1069 25 1 0 -1
1070 59 22 0 -1
1071 43 16 0 -1
1072 54 7 1 0
1073 92 6 1 0
1074 26 21 -1 0
1075 0 7 1 0
1076 3 16 -1 0
1077 20 30 0 1
1078 46 5 0 -1
1079 24 4 1 0
1080 56 31 0 1
1081 14 10 0 -1
1082 48 3 0 -1
1083 94 7 0 -1
1084 48 22 -1 0
1085 4 6 -1 0
1086 0 25 -1 0
1087 3 11 1 0
1088 6 28 -1 0
1089 97 12 -1 0
1090 4 15 0 1
1091 73 1 0 1
1092 25 3 1 0
1093 1 33 0 1
1094 57 18 -1 0
1095 9 28 0 -1
1096 68 7 0 -1
1097 87 6 -1 0
1098 15 11 -1 0
1099 77 31 0 -1
1100 80 24 0 1
1101 16 29 -1 0
1102 48 26 0 -1
1103 25 7 1 0
1104 77 8 0 -1
1105 19 36 0 -1
1106 90 7 0 -1
1107 83 5 0 1
1108 68 27 -1 0
1109 44 12 -1 0
1110 79 38 0 -1
1111 8 20 1 0
1112 64 6 1 0
1113 14 21 1 0
1114 25 32 0 -1
1115 2 2 1 0
1116 14 32 1 0
1117 48 31 -1 0
1118 65 2 -1 0
1119 27 21 0 -1
1120 99 4 0 1
1121 46 14 0 1
1122 60 35 1 0
1123 23 6 1 0
1124 96 17 0 1
1125 96 1 -1 0
1126 6 38 0 -1
1127 6 25 -1 0
1128 85 29 1 0
1129 94 11 0 -1
1130 65 11 -1 0
1131 48 16 1 0
1132 96 2 1 0
1133 20 30 0 1
1134 61 10 0 1
1135 41 21 -1 0
1136 16 9 1 0
1137 40 4 0 1
1138 51 24 1 0
1139 40 1 0 -1
1140 39 33 1 0
1141 90 39 0 1
1142 50 1 0 -1
1143 41 1 0 1
1144 15 13 1 0
1145 21 27 0 1
1146 37 6 1 0
1147 49 3 0 1
1148 27 4 0 1
1149 39 12 0 -1
1150 16 1 -1 0
1151 38 5 0 -1
1152 90 26 0 -1
1153 90 26 1 0
1154 65 24 -1 0
1155 56 31 0 -1
1156 92 20 0 1
1157 57 23 1 0
1158 9 2 0 -1
1159 23 11 0 1
1160 26 5 0 1
1161 20 32 1 0
1162 52 16 -1 0
1163 55 12 1 0
1164 25 36 0 -1
1165 24 5 -1 0
1166 45 8 0 1
1167 47 27 0 1
1168 92 33 1 0
1169 42 10 0 1
1170 39 22 1 0
1171 53 26 0 1
1172 35 20 -1 0
1173 94 33 1 0
1174 92 21 1 0
1175 17 38 -1 0
1176 5 27 -1 0
1177 26 24 0 1
1178 65 6 0 1
1179 99 39 0 -1
1180 88 13 0 1
1181 28 14 1 0
1182 3 17 1 0
1183 10 6 -1 0
1184 41 10 1 0
1185 68 26 0 1
1186 42 11 1 0
1187 38 17 0 1
1188 43 22 1 0
1189 94 13 0 -1
1190 6 13 0 1
1191 94 29 -1 0
1192 41 20 -1 0
1193 45 23 -1 0
1194 38 5 1 0
1195 51 38 1 0
1196 3 5 -1 0
1197 2 9 0 -1
1198 28 14 0 -1
1199 69 30 0 1
1200 88 4 -1 0
1201 64 5 -1 0
1202 23 13 -1 0
1203 20 11 0 -1
1204 5 32 1 0
1205 30 31 -1 0
1206 52 26 1 0
1207 29 9 0 1
1208 59 7 -1 0
1209 61 33 -1 0
1210 79 13 0 -1
1211 67 25 0 -1
1212 32 26 0 1
1213 95 16 1 0
1214 15 11 0 1
1215 29 31 1 0
1216 79 14 0 -1
1217 74 37 0 1
1218 44 21 -1 0
1219 4 36 1 0
1220 71 19 1 0
1221 57 5 0 -1
1222 88 32 0 -1
1223 54 20 0 1
1224 13 1 0 -1
1225 65 19 0 -1
1226 48 39 0 -1
1227 82 2 -1 0
1228 19 0 1 0
1229 52 19 0 -1
1230 10 11 0 -1
1231 77 37 0 1
1232 38 11 1 0
1233 64 39 0 -1
1234 15 9 -1 0
1235 42 19 0 1
1236 23 28 -1 0
1237 98 30 0 -1
1238 23 0 1 0
1239 0 38 -1 0
1240 97 1 1 0
1241 51 21 0 -1
1242 43 16 1 0
1243 29 5 1 0
1244 40 12 1 0
1245 12 35 0 1
1246 45 5 1 0
1247 37 17 -1 0
1248 8 35 0 -1
1249 93 23 0 -1
1250 17 21 -1 0
1251 48 38 0 -1
1252 48 19 -1 0
1253 93 16 0 -1
1254 57 36 -1 0
1255 26 15 1 0
1256 92 4 0 1
1257 86 7 0 -1
1258 97 29 0 -1
1259 74 22 -1 0
1260 5 0 1 0
1261 95 18 -1 0
1262 92 10 -1 0
1263 66 20 -1 0
1264 72 24 1 0
1265 21 16 0 1
1266 13 13 1 0
1267 26 24 0 1
1268 60 37 0 1
1269 4 15 0 -1
1270 73 13 0 -1
1271 22 37 0 1
1272 63 9 1 0
1273 8 16 0 1
1274 57 22 0 1
1275 29 10 0 -1
1276 45 8 0 -1
1277 16 14 0 1
1278 65 37 0 -1
1279 44 21 1 0
1280 48 23 -1 0
1281 79 28 1 0
1282 14 24 0 -1
1283 98 28 0 1
1284 68 3 1 0
1285 5 29 -1 0
1286 47 0 0 1
1287 28 30 0 -1
1288 56 7 -1 0
1289 61 32 -1 0
1290 42 36 0 -1
1291 27 25 -1 0
1292 51 5 -1 0
1293 17 11 1 0
1294 18 22 -1 0
1295 72 0 1 0
1296 40 10 0 1
1297 73 38 0 -1
1298 68 38 -1 0
1299 43 36 0 -1
1300 63 22 0 -1
1301 8 7 0 1
1302 41 29 0 1
1303 90 39 -1 0
1304 70 30 -1 0
1305 16 34 0 1
1306 10 11 1 0
1307 1 26 0 -1
1308 77 20 0 -1
1309 94 16 -1 0
1310 79 20 -1 0
1311 76 23 0 -1
1312 27 29 -1 0
1313 16 37 0 1
1314 40 8 0 -1
1315 89 9 -1 0
1316 91 29 0 -1
1317 86 4 1 0
1318 5 34 0 -1
1319 68 35 1 0
1320 37 34 1 0
1321 48 15 0 1
1322 15 4 -1 0
1323 18 33 1 0
1324 92 37 0 -1
1325 83 14 0 1
1326 75 16 1 0
1327 46 33 1 0
1328 8 25 0 -1
1329 2 21 0 -1
1330 90 17 -1 0
1331 23 30 1 0
1332 94 32 0 -1
1333 46 24 -1 0
1334 43 14 0 -1
1335 25 4 0 -1
1336 48 38 -1 0
1337 47 27 1 0
1338 94 10 0 -1
1339 43 25 0 1
1340 10 15 0 1
1341 12 30 0 -1
1342 71 25 -1 0
1343 89 2 1 0
1344 1 31 1 0
1345 13 16 -1 0
1346 71 29 -1 0
1347 92 13 0 -1
1348 76 9 -1 0
1349 76 4 0 -1
1350 26 8 0 1
1351 61 35 0 -1
1352 94 28 0 1
1353 28 30 0 1
1354 29 2 -1 0
1355 27 8 -1 0
1356 31 11 1 0
1357 2 34 0 1
1358 98 0 -1 0
1359 79 17 1 0
1360 3 5 1 0
1361 93 18 -1 0
1362 50 1 0 1
1363 53 3 0 1
1364 27 25 0 -1
1365 40 13 1 0
1366 87 20 1 0
1367 37 27 0 1
1368 54 4 1 0
1369 79 39 1 0
1370 58 0 -1 0
1371 69 35 -1 0
1372 53 12 -1 0
1373 89 36 1 0
1374 83 36 -1 0
1375 18 21 0 -1
1376 9 21 0 1
1377 54 8 1 0
1378 73 2 0 -1
1379 96 32 1 0
1380 2 7 0 1
1381 80 18 0 -1
1382 21 7 0 -1
1383 4 31 0 1
1384 69 16 -1 0
1385 76 37 -1 0
1386 40 35 -1 0
1387 37 15 0 -1
1388 4 23 -1 0
1389 49 21 1 0
1390 9 17 -1 0
1391 76 38 0 1
1392 26 3 0 1
1393 13 6 0 1
1394 43 31 0 1
1395 49 33 -1 0
1396 92 15 0 1
1397 48 37 -1 0
1398 12 5 0 1
1399 52 36 0 1
1400 91 26 1 0
1401 27 1 1 0
1402 87 34 1 0
1403 44 25 -1 0
1404 84 23 1 0
1405 26 4 1 0
1406 98 30 0 1
1407 92 2 1 0
1408 70 37 0 1
1409 53 26 1 0
1410 26 15 1 0
1411 48 30 1 0
1412 49 30 0 1
1413 39 9 0 1
1414 5 1 0 -1
1415 87 38 0 -1
1416 22 11 0 -1
1417 43 13 1 0
1418 30 19 1 0
1419 97 19 1 0
1420 21 32 0 1
1421 30 3 0 -1
1422 98 22 0 -1
1423 18 1 1 0
1424 55 33 1 0
1425 8 10 1 0
1426 27 29 -1 0
1427 99 34 1 0
1428 14 8 -1 0
1429 3 0 0 1
1430 14 23 0 1
1431 3 8 -1 0
1432 52 17 0 -1
1433 51 24 0 -1
1434 29 22 0 1
1435 19 36 -1 0
1436 95 10 0 1
1437 69 7 0 1
1438 3 31 0 1
1439 46 5 0 1
1440 93 22 0 -1
1441 32 33 -1 0
1442 18 10 0 -1
1443 71 24 1 0
1444 23 6 1 0
1445 61 36 0 1
1446 90 18 0 -1
1447 42 16 0 -1
1448 34 28 -1 0
1449 49 6 -1 0
1450 48 32 0 -1
1451 99 28 0 -1
1452 40 22 -1 0
1453 78 5 0 1
1454 39 2 1 0
1455 52 29 0 1
1456 14 9 1 0
1457 6 15 0 -1
1458 48 25 1 0
1459 20 24 0 1
1460 39 39 0 -1
1461 93 24 0 1
1462 2 9 0 1
1463 4 25 1 0
1464 17 26 0 1
1465 6 30 0 1
1466 0 25 0 -1
1467 42 15 -1 0
1468 60 20 1 0
1469 67 8 1 0
1470 73 30 -1 0
1471 80 9 0 1
1472 4 29 -1 0
1473 7 13 1 0
1474 24 17 -1 0
1475 40 21 1 0
1476 21 3 1 0
1477 87 38 1 0
1478 56 30 1 0
1479 38 34 0 1
1480 28 29 0 1
1481 7 33 0 1
1482 39 28 1 0
1483 1 11 -1 0
1484 5 5 0 1
1485 42 15 -1 0
1486 50 7 1 0
1487 45 5 1 0
1488 46 8 0 -1
1489 68 37 -1 0
1490 78 31 0 -1
1491 25 34 1 0
1492 54 21 0 1
1493 74 9 1 0
1494 98 2 -1 0
1495 40 0 0 1
1496 42 31 -1 0
1497 10 16 -1 0
1498 17 35 0 1
1499 63 28 -1 0
1500 4 17 0 -1
1501 82 29 0 1
1502 63 18 0 -1
1503 15 39 -1 0
1504 83 34 -1 0
1505 61 2 1 0
1506 60 14 1 0
1507 76 29 -1 0
1508 28 39 1 0
1509 3 0 -1 0
1510 47 37 1 0
1511 19 30 1 0
1512 96 6 -1 0
1513 17 33 -1 0
1514 52 6 0 -1
1515 2 21 0 -1
1516 89 35 0 1
1517 6 28 0 -1
1518 6 32 0 -1
1519 37 1 0 1
1520 25 33 0 1
1521 41 22 0 -1
1522 54 30 0 -1
1523 27 34 1 0
1524 24 29 0 1
1525 25 39 1 0
1526 29 27 0 1
1527 31 9 0 -1
1528 60 14 0 1
1529 44 32 1 0
1530 46 10 0 -1
1531 72 13 0 1
1532 28 29 1 0
1533 46 25 0 -1
1534 26 33 0 -1
1535 98 10 1 0
1536 60 28 0 1
1537 97 11 0 -1
1538 40 18 1 0
1539 76 29 0 1
1540 7 31 0 1
1541 69 11 0 1
1542 23 37 -1 0
1543 2 28 -1 0
1544 8 19 0 1
1545 19 21 1 0
1546 27 14 1 0
1547 36 27 0 -1
1548 50 33 0 1
1549 42 29 0 -1
1550 81 34 -1 0
1551 11 37 1 0
1552 28 4 1 0
1553 13 25 0 -1
1554 39 17 0 -1
1555 90 20 1 0
1556 37 7 1 0
1557 73 35 1 0
1558 46 35 1 0
1559 50 26 0 1
1560 74 0 0 -1
1561 48 13 0 1
1562 21 24 0 1
1563 44 26 0 -1
1564 25 1 1 0
1565 95 28 1 0
1566 88 33 1 0
1567 28 39 -1 0
1568 44 24 1 0
1569 28 1 0 -1
1570 42 0 0 1
1571 90 4 0 -1
1572 0 21 0 1
1573 44 39 -1 0
1574 47 21 0 -1
1575 73 16 1 0
1576 26 4 -1 0
1577 29 34 1 0
1578 72 38 -1 0
1579 34 22 0 1
1580 21 38 0 1
1581 84 39 0 -1
1582 37 8 -1 0
1583 22 13 0 1
1584 69 28 0 1
1585 96 17 0 -1
1586 49 30 -1 0
1587 23 5 0 -1
1588 3 20 1 0
1589 50 10 0 -1
1590 47 19 0 -1
1591 97 10 1 0
1592 90 14 -1 0
1593 4 34 0 1
1594 78 29 -1 0
1595 98 21 1 0
1596 64 17 0 -1
1597 28 27 0 -1
1598 22 30 1 0
1599 19 22 -1 0
1600 54 31 -1 0
1601 90 29 1 0
1602 95 23 0 -1
1603 54 8 1 0
1604 15 34 1 0
1605 11 31 0 -1
1606 25 27 -1 0
1607 95 20 -1 0
1608 23 1 0 1
1609 38 2 -1 0
1610 69 19 0 -1
1611 24 15 0 -1
1612 78 31 0 -1
1613 11 38 -1 0
1614 42 1 -1 0
1615 0 2 1 0
1616 8 7 -1 0
1617 23 4 0 -1
1618 53 19 0 1
1619 17 37 -1 0
1620 86 39 -1 0
1621 91 33 0 1
1622 90 9 0 -1
1623 40 30 -1 0
1624 21 19 0 -1
1625 98 12 0 1
1626 30 20 0 1
1627 30 21 0 -1
1628 45 4 1 0
1629 45 5 0 -1
1630 85 12 -1 0
1631 97 18 1 0
1632 44 5 1 0
1633 80 39 -1 0
1634 95 35 0 -1
1635 13 20 0 -1
1636 66 1 0 -1
1637 23 32 0 -1
1638 22 35 0 -1
1639 40 38 0 -1
1640 27 11 0 -1
1641 94 12 1 0
1642 94 26 0 1
1643 18 28 1 0
1644 43 21 0 1
1645 41 0 0 -1
1646 84 2 0 1
1647 32 12 1 0
1648 96 11 1 0
1649 46 12 1 0
1650 54 25 0 -1
1651 1 13 0 1
1652 44 20 -1 0
1653 16 18 1 0
1654 51 1 0 1
1655 31 38 0 1
1656 18 13 1 0
1657 57 17 0 1
1658 51 18 0 -1
1659 55 28 -1 0
1660 60 25 -1 0
1661 16 24 0 1
1662 64 13 -1 0
1663 16 18 0 1
1664 78 37 0 1
1665 56 17 -1 0
1666 24 22 1 0
1667 58 8 0 -1
1668 15 6 0 -1
1669 12 30 0 1
1670 21 3 1 0
1671 85 27 0 1
1672 67 25 -1 0
1673 7 26 1 0
1674 31 33 1 0
1675 80 28 0 -1
1676 11 39 1 0
1677 37 35 -1 0
1678 22 31 0 1
1679 38 3 0 -1
1680 21 15 -1 0
1681 87 21 0 1
1682 58 14 0 -1
1683 13 3 0 1
1684 51 12 1 0
1685 97 35 0 -1
1686 90 34 -1 0
1687 89 28 0 1
1688 4 24 -1 0
1689 41 19 1 0
1690 27 21 0 -1
1691 60 8 0 1
1692 92 18 -1 0
1693 24 24 1 0
1694 27 20 1 0
1695 46 2 -1 0
1696 65 39 -1 0
1697 91 17 0 -1
1698 49 1 1 0
1699 43 25 1 0
1700 83 13 0 1
1701 74 38 1 0
1702 47 27 0 -1
1703 17 13 0 -1
1704 91 9 0 1
1705 19 36 0 -1
1706 37 22 -1 0
1707 98 1 0 -1
1708 85 39 0 -1
1709 43 8 0 1
1710 24 11 0 1
1711 54 22 1 0
1712 46 12 -1 0
1713 92 30 0 1
1714 86 13 0 1
1715 47 31 1 0
1716 29 29 -1 0
1717 44 31 1 0
1718 61 22 0 -1
1719 25 4 -1 0
1720 37 9 -1 0
1721 30 16 0 -1
1722 7 22 1 0
1723 13 15 -1 0
1724 57 31 0 1
1725 40 26 1 0
1726 50 20 0 1
1727 14 36 -1 0
1728 51 30 0 -1
1729 58 27 0 1
1730 92 5 -1 0
1731 4 19 1 0
1732 3 32 0 1
1733 19 37 0 1
1734 28 25 0 -1
1735 52 10 1 0
1736 86 36 -1 0
1737 94 13 0 1
1738 20 5 0 -1
1739 45 26 -1 0
1740 44 30 0 -1
1741 5 11 -1 0
1742 85 16 0 -1
1743 89 8 1 0
1744 56 10 1 0
1745 99 8 0 -1
1746 60 3 -1 0
1747 43 1 -1 0
1748 13 32 0 1
1749 87 21 1 0
1750 54 18 0 1
1751 40 20 0 1
1752 48 29 0 -1
1753 64 5 0 1
1754 14 9 -1 0
1755 40 30 -1 0
1756 27 34 -1 0
1757 22 23 0 -1
1758 57 24 1 0
1759 58 3 0 1
1760 90 9 -1 0
1761 32 19 -1 0
1762 41 11 -1 0
1763 20 18 1 0
1764 28 10 0 -1
1765 26 4 1 0
1766 4 7 0 -1
1767 24 31 1 0
1768 39 5 0 -1
1769 7 18 0 -1
1770 96 12 0 -1
1771 5 9 1 0
1772 95 23 0 1
1773 90 10 0 1
1774 3 4 1 0
1775 21 20 0 1
1776 86 25 -1 0
1777 22 10 0 -1
1778 86 25 0 1
1779 91 20 0 1
1780 60 29 -1 0
1781 64 21 0 1
1782 50 6 1 0
1783 37 9 1 0
1784 10 25 1 0
1785 59 22 0 -1
1786 17 8 -1 0
1787 21 37 0 1
1788 8 37 1 0
1789 23 13 0 -1
1790 19 23 -1 0
1791 20 38 0 1
1792 24 21 0 -1
1793 8 5 1 0
1794 16 34 -1 0
1795 93 22 1 0
1796 59 7 0 -1
1797 27 2 1 0
1798 65 20 1 0
1799 48 25 -1 0
1800 14 13 1 0
1801 10 5 -1 0
1802 20 35 -1 0
1803 28 26 1 0
1804 81 22 0 1
1805 82 9 1 0
1806 92 13 -1 0
1807 59 0 1 0
1808 47 28 1 0
1809 9 21 0 -1
1810 96 31 0 1
1811 39 17 -1 0
1812 61 33 1 0
1813 53 1 -1 0
1814 45 2 0 -1
1815 82 16 1 0
1816 58 35 1 0
1817 39 17 0 1
1818 23 34 -1 0
1819 80 33 1 0
1820 40 3 1 0
1821 7 13 1 0
1822 16 27 0 -1
1823 11 31 0 1
1824 42 39 0 -1
1825 19 15 -1 0
1826 45 31 0 -1
1827 98 8 1 0
1828 75 4 -1 0
1829 1 4 -1 0
1830 12 9 1 0
1831 48 0 -1 0
1832 13 38 0 1
1833 73 19 -1 0
1834 84 24 0 1
1835 41 5 -1 0
1836 23 29 -1 0
1837 12 6 -1 0
1838 39 0 0 1
1839 11 34 0 1
1840 20 0 1 0
1841 21 14 -1 0
1842 40 16 -1 0
1843 46 3 0 -1
1844 62 3 0 1
1845 40 31 1 0
1846 0 4 0 1
1847 98 14 0 1
1848 43 13 -1 0
1849 85 20 0 1
1850 40 17 0 -1
1851 39 1 0 -1
1852 42 13 0 1
1853 42 39 1 0
1854 87 22 0 1
1855 4 0 0 -1
1856 14 29 1 0
1857 59 20 0 1
1858 0 37 -1 0
1859 13 33 1 0
1860 14 21 1 0
1861 41 30 0 -1
1862 81 0 1 0
1863 6 15 0 -1
1864 64 10 0 -1
1865 1 22 1 0
1866 90 35 0 -1
1867 14 24 1 0
1868 97 15 0 -1
1869 27 1 1 0
1870 78 12 0 -1
1871 23 27 1 0
1872 23 27 0 1
1873 0 31 0 -1
1874 27 13 0 1
1875 45 21 0 -1
1876 19 6 -1 0
1877 44 37 0 1
1878 60 16 0 -1
1879 27 16 0 1
1880 37 28 0 -1
1881 25 20 0 -1
1882 59 26 1 0
1883 42 10 0 -1
1884 63 5 0 1
1885 56 32 0 -1
1886 95 16 -1 0
1887 21 30 -1 0
1888 20 12 0 -1
1889 14 37 0 -1
1890 49 28 0 1
1891 15 1 0 -1
1892 73 6 1 0
1893 15 25 0 -1
1894 57 16 0 -1
1895 45 7 1 0
1896 48 31 0 -1
1897 9 22 0 1
1898 96 0 -1 0
1899 1 9 1 0
1900 2 38 0 1
1901 77 38 -1 0
1902 92 27 -1 0
1903 36 19 0 -1
1904 74 16 0 -1
1905 68 35 0 1
1906 54 25 0 1
1907 35 12 -1 0
1908 24 13 1 0
1909 25 29 0 1
1910 2 19 1 0
1911 24 38 0 -1
1912 17 9 0 -1
1913 0 23 0 1
1914 46 7 -1 0
1915 37 15 1 0
1916 15 29 1 0
1917 97 2 -1 0
1918 20 34 0 -1
1919 18 18 1 0
1920 42 21 -1 0
1921 45 35 -1 0
1922 65 33 -1 0
1923 44 22 0 1
1924 77 0 -1 0
1925 61 11 0 -1
1926 48 21 0 1
1927 39 39 0 -1
1928 11 31 1 0
1929 53 15 0 1
1930 82 8 0 -1
1931 58 26 0 1
1932 63 23 0 1
1933 58 8 -1 0
1934 19 24 0 1
1935 54 37 -1 0
1936 47 7 1 0
1937 27 11 0 -1
1938 74 6 0 -1
1939 8 2 1 0
1940 45 8 1 0
1941 87 35 1 0
1942 2 32 -1 0
1943 49 6 -1 0
1944 96 2 1 0
1945 85 20 -1 0
1946 86 3 1 0
1947 37 6 -1 0
1948 58 15 -1 0
1949 64 27 1 0
1950 22 8 0 1
1951 58 20 1 0
1952 73 37 -1 0
1953 44 22 0 -1
1954 25 24 -1 0
1955 87 5 1 0
1956 81 21 -1 0
1957 4 3 -1 0
1958 94 36 -1 0
1959 81 35 1 0
1960 84 11 1 0
1961 32 6 1 0
1962 7 28 0 -1
1963 44 9 0 1
1964 87 21 1 0
1965 97 21 0 1
1966 58 24 0 1
1967 82 35 1 0
1968 16 9 -1 0
1969 68 27 1 0
1970 16 30 1 0
1971 64 29 -1 0
1972 68 1 0 1
1973 58 3 0 1
1974 41 14 -1 0
1975 43 18 -1 0
1976 89 25 0 -1
1977 10 11 0 -1
1978 19 38 1 0
1979 0 26 -1 0
1980 39 15 0 1
1981 83 17 1 0
1982 27 14 1 0
1983 8 33 -1 0
1984 38 39 -1 0
1985 47 3 -1 0
1986 55 3 0 1
1987 92 28 1 0
1988 4 5 -1 0
1989 15 7 -1 0
1990 61 37 0 -1
1991 4 33 1 0
1992 6 18 0 -1
1993 24 4 1 0
1994 89 22 1 0
1995 46 30 -1 0
1996 10 38 -1 0
1997 21 8 0 1
1998 25 11 0 1
1999 99 25 0 1
2000 28 18 0 -1
2001 12 36 0 -1
2002 0 10 -1 0
2003 67 8 0 1
2004 0 37 -1 0
2005 98 32 -1 0
2006 12 4 1 0
2007 21 14 0 -1
2008 85 3 -1 0
2009 2 38 1 0
2010 52 12 -1 0
2011 52 3 -1 0
2012 15 20 -1 0
2013 13 24 -1 0
2014 28 21 1 0
2015 23 22 0 1
2016 19 35 0 -1
2017 76 2 0 1
2018 98 26 0 -1
2019 28 12 1 0
2020 38 31 0 1
2021 0 1 0 1
2022 37 34 0 -1
2023 62 2 1 0
2024 45 26 0 -1
2025 63 7 0 1
2026 16 35 0 -1
2027 74 20 0 1
2028 45 39 -1 0
2029 9 8 0 1
2030 22 16 1 0
2031 91 31 0 1
2032 16 38 -1 0
2033 65 27 0 1
2034 63 1 0 -1
2035 27 39 0 -1
2036 41 31 0 1
2037 6 27 -1 0
2038 71 5 0 1
2039 84 3 0 1
2040 78 8 -1 0
2041 58 36 1 0
2042 25 18 1 0
2043 23 1 0 -1
2044 39 18 1 0
2045 3 18 1 0
2046 37 31 0 -1
2047 63 7 -1 0
2048 60 9 -1 0
2049 3 9 0 -1
2050 49 25 0 1
2051 56 36 1 0
2052 70 13 -1 0
2053 84 12 0 -1
2054 39 5 0 1
2055 55 21 0 1
2056 7 32 0 1
2057 89 18 0 1
2058 29 30 0 1
2059 28 19 0 -1
2060 27 7 1 0
2061 7 30 -1 0
2062 24 32 -1 0
2063 43 10 0 1
2064 85 22 1 0
2065 88 27 1 0
2066 42 22 1 0
2067 76 19 0 -1
2068 23 14 0 1
2069 52 22 1 0
2070 12 12 -1 0
2071 28 30 -1 0
2072 26 11 0 -1
2073 54 0 0 -1
2074 70 7 -1 0
2075 38 17 0 1
2076 16 21 1 0
2077 90 19 0 1
2078 47 23 0 1
2079 8 20 -1 0
2080 23 15 0 1
2081 76 30 0 -1
2082 18 19 0 1
2083 15 19 0 1
2084 28 37 0 -1
2085 78 35 0 1
2086 13 18 -1 0
2087 92 33 0 -1
2088 94 28 1 0
2089 65 23 -1 0
2090 88 21 1 0
2091 15 33 0 -1
2092 74 26 1 0
2093 4 2 0 1
2094 62 34 0 1
2095 66 1 -1 0
2096 40 12 1 0
2097 16 33 0 1
2098 6 1 0 1
2099 23 1 0 -1
2100 93 37 0 1
2101 59 19 1 0
2102 46 31 0 1
2103 23 25 -1 0
2104 95 23 0 1
2105 3 28 1 0
2106 41 35 -1 0
2107 8 29 1 0
2108 5 28 1 0
2109 31 17 0 1
2110 85 7 0 -1
2111 90 17 1 0
2112 81 12 1 0
2113 50 20 1 0
2114 70 20 -1 0
2115 42 21 1 0
2116 82 26 0 -1
2117 47 38 0 1
2118 72 37 1 0
2119 40 23 1 0
2120 94 6 -1 0
2121 27 26 -1 0
2122 51 3 -1 0
2123 57 2 1 0
2124 5 23 0 -1
2125 74 29 -1 0
2126 15 0 1 0
2127 69 10 0 1
2128 89 26 0 1
2129 91 6 -1 0
2130 64 32 1 0
2131 17 7 0 1
2132 76 17 1 0
2133 3 7 1 0
2134 40 30 0 -1
2135 68 3 -1 0
2136 81 8 -1 0
2137 40 6 0 1
2138 9 28 1 0
2139 22 29 -1 0
2140 68 15 0 1
2141 49 35 -1 0
2142 21 30 -1 0
2143 78 28 1 0
2144 93 18 0 -1
2145 15 26 1 0
2146 87 13 0 -1
2147 76 21 -1 0
2148 53 20 0 -1
2149 93 6 0 -1
2150 9 6 -1 0
2151 16 24 -1 0
2152 8 17 0 1
2153 96 14 0 1
2154 70 28 1 0
2155 94 8 -1 0
2156 95 9 0 1
2157 76 6 0 1
2158 57 9 0 -1
2159 18 6 0 -1
2160 83 9 0 -1
2161 69 9 1 0
2162 15 18 -1 0
2163 38 9 1 0
2164 18 38 -1 0
2165 67 10 0 -1
2166 82 17 1 0
2167 37 31 -1 0
2168 68 3 1 0
2169 87 2 0 -1
2170 42 14 0 1
2171 23 17 0 -1
2172 26 28 1 0
2173 94 37 0 -1
2174 95 7 0 1
2175 41 15 1 0
2176 41 20 -1 0
2177 67 1 0 -1
2178 19 31 0 1
2179 62 18 0 -1
2180 71 15 0 1
2181 59 18 -1 0
2182 43 35 0 -1
2183 52 35 1 0
2184 18 1 -1 0
2185 42 37 0 -1
2186 48 35 1 0
2187 8 23 0 -1
2188 40 33 1 0
2189 78 30 1 0
2190 58 21 -1 0
2191 96 35 0 -1
2192 95 4 0 -1
2193 66 23 0 -1
2194 8 33 -1 0
2195 58 15 -1 0
2196 21 14 1 0
2197 26 11 0 1
2198 6 7 0 1
2199 16 36 0 -1
2200 14 33 -1 0
2201 11 37 0 -1
2202 39 23 0 -1
2203 20 19 1 0
2204 49 12 0 1
2205 17 23 0 -1
2206 41 21 0 -1
2207 1 22 0 -1
2208 5 11 1 0
2209 54 31 -1 0
2210 30 14 0 -1
2211 2 36 -1 0
2212 94 1 0 1
2213 15 14 -1 0
2214 49 35 0 1
2215 17 19 0 -1
2216 12 28 -1 0
2217 3 9 1 0
2218 86 31 0 -1
2219 44 36 1 0
2220 11 37 -1 0
2221 56 17 1 0
2222 42 33 1 0
2223 96 33 0 -1
2224 38 14 1 0
2225 43 17 0 1
2226 3 35 0 1
2227 66 16 1 0
2228 38 11 0 1
2229 11 14 1 0
2230 86 14 1 0
2231 14 17 -1 0
2232 6 17 0 -1
2233 2 36 -1 0
2234 95 13 0 -1
2235 50 26 0 -1
2236 43 23 -1 0
2237 8 37 -1 0
2238 6 35 0 1
2239 74 29 -1 0
2240 24 5 0 -1
2241 23 17 1 0
2242 64 15 0 1
2243 0 5 0 1
2244 54 30 0 -1
2245 22 25 1 0
2246 83 19 0 1
2247 16 37 -1 0
2248 56 4 0 1
2249 60 5 0 -1
2250 80 19 0 -1
2251 62 19 -1 0
2252 44 15 0 1
2253 59 38 1 0
2254 17 11 -1 0
2255 40 39 -1 0
2256 15 6 0 1
2257 37 20 1 0
2258 51 38 -1 0
2259 82 26 1 0
2260 23 28 -1 0
2261 77 19 1 0
2262 24 19 0 1
2263 59 0 0 1
2264 16 9 1 0
2265 23 0 0 1
2266 58 3 0 -1
2267 19 13 1 0
2268 28 14 0 -1
2269 21 30 0 -1
2270 22 19 0 -1
2271 3 21 0 1
2272 21 10 1 0
2273 48 13 1 0
2274 20 8 0 -1
2275 61 6 -1 0
2276 94 34 0 1
2277 84 23 -1 0
2278 60 25 0 1
2279 17 30 -1 0
2280 99 17 1 0
2281 15 12 0 -1
2282 12 28 0 -1
2283 53 27 0 -1
2284 7 37 0 -1
2285 51 28 1 0
2286 24 34 0 -1
2287 23 31 -1 0
2288 36 10 1 0
2289 94 29 -1 0
2290 54 10 1 0
2291 63 0 1 0
2292 13 3 1 0
2293 19 31 0 1
2294 64 7 -1 0
2295 38 14 1 0
2296 7 14 0 -1
2297 38 16 0 -1
2298 90 2 -1 0
2299 68 36 -1 0
2300 78 14 0 1
2301 61 3 0 -1
2302 48 28 -1 0
2303 4 18 1 0
2304 58 35 -1 0
2305 81 16 0 1
2306 20 34 0 1
2307 19 13 0 1
2308 80 3 0 1
2309 71 32 0 -1
2310 77 0 -1 0
2311 46 18 -1 0
2312 38 6 0 -1
2313 90 23 1 0
2314 38 10 -1 0
2315 61 21 1 0
2316 54 38 1 0
2317 97 32 0 -1
2318 49 37 1 0
2319 71 9 0 -1
2320 62 13 -1 0
2321 6 39 1 0
2322 86 25 0 1
2323 42 27 0 -1
2324 4 26 -1 0
2325 68 9 1 0
2326 67 1 0 -1
2327 71 15 0 -1
2328 20 24 0 1
2329 81 29 0 -1
2330 73 11 0 -1
2331 41 26 1 0
2332 4 10 1 0
2333 29 14 -1 0
2334 48 30 -1 0
2335 1 28 1 0
2336 10 19 0 1
2337 88 6 -1 0
2338 17 7 0 1
2339 69 35 0 1
2340 46 27 0 1
2341 91 25 -1 0
2342 90 38 0 1
2343 27 25 0 -1
2344 77 6 1 0
2345 44 17 1 0
2346 28 15 -1 0
2347 21 22 1 0
2348 87 10 -1 0
2349 43 28 0 -1
2350 29 2 0 1
2351 48 26 1 0
2352 77 29 0 1
2353 40 4 1 0
2354 70 34 0 1
2355 98 17 1 0
2356 99 7 1 0
2357 24 23 0 -1
2358 74 31 1 0
2359 15 34 1 0
2360 22 9 -1 0
2361 6 31 0 1
2362 41 35 0 -1
2363 84 18 1 0
2364 90 2 0 -1
2365 28 25 0 -1
2366 10 15 1 0
2367 79 31 0 1
2368 13 33 -1 0
2369 24 2 0 -1
2370 46 20 0 1
2371 28 1 -1 0
2372 49 8 0 -1
2373 10 18 -1 0
2374 42 15 0 1
2375 21 38 0 -1
2376 3 21 -1 0
2377 50 18 0 1
2378 1 13 0 1
2379 12 8 0 1
2380 51 39 -1 0
2381 75 19 1 0
2382 38 38 -1 0
2383 42 34 -1 0
2384 39 0 0 1
2385 67 7 1 0
2386 63 35 1 0
2387 93 5 -1 0
2388 40 11 0 1
2389 88 28 0 -1
2390 25 9 0 -1
2391 17 19 1 0
2392 5 13 0 -1
2393 8 10 -1 0
2394 25 16 0 1
2395 85 22 -1 0
2396 15 10 -1 0
2397 64 18 0 -1
2398 11 16 1 0
2399 48 32 1 0
