0 88 9 1 0
1 30 7 0 -1
2 97 39 1 0
3 35 27 0 -1
4 91 29 -1 0
5 28 13 -1 0
6 38 3 1 0
7 88 2 -1 0
8 24 38 -1 0
9 35 22 1 0
10 36 4 -1 0
11 15 37 0 1
12 0 28 0 1
13 47 6 0 -1
14 42 15 1 0
15 95 16 -1 0
16 38 31 1 0
17 53 11 -1 0
18 24 26 0 -1
19 35 2 -1 0
20 48 25 0 1
21 37 17 0 1
22 29 39 1 0
23 81 22 -1 0
24 39 28 -1 0
25 30 25 -1 0
26 30 9 1 0
27 57 5 0 1
28 30 39 0 1
29 63 38 0 1
30 14 38 0 1
31 52 23 1 0
32 36 33 -1 0
33 24 4 0 -1
34 27 23 -1 0
35 0 23 0 1
36 35 31 0 -1
37 34 1 0 1
38 67 19 0 -1
39 24 12 0 -1
40 25 10 0 1
41 30 34 0 1
42 37 31 -1 0
43 24 24 -1 0
44 56 17 0 -1
45 26 30 0 -1
46 20 34 0 -1
47 23 7 -1 0
48 22 13 1 0
49 28 1 1 0
50 86 5 1 0
51 30 36 1 0
52 26 23 -1 0
53 42 0 0 1
54 94 28 1 0
55 32 19 0 1
56 24 20 -1 0
57 48 30 -1 0
58 25 14 0 1
59 81 12 1 0
60 42 19 -1 0
61 36 18 -1 0
62 31 25 -1 0
63 36 22 0 -1
64 25 0 1 0
65 27 19 0 -1
66 16 18 1 0
67 35 25 1 0
68 39 6 0 -1
69 22 0 0 1
70 36 19 0 -1
71 35 33 1 0
72 27 34 1 0
73 35 5 0 -1
74 60 39 0 1
75 36 33 1 0
76 45 18 0 1
77 20 2 1 0
78 24 3 0 -1
79 39 30 -1 0
80 20 27 -1 0
81 15 18 -1 0
82 45 14 -1 0
83 18 5 0 1
84 34 31 1 0
85 31 26 0 -1
86 18 6 1 0
87 24 27 0 1
88 31 13 1 0
89 39 12 0 -1
90 90 27 0 -1
91 38 18 0 -1
92 11 8 1 0
93 68 4 0 1
94 29 1 0 -1
95 85 25 1 0
96 36 11 0 -1
97 25 3 0 -1
98 43 19 0 1
99 37 31 -1 0
100 11 25 0 1
101 74 3 -1 0
102 29 0 0 1
103 21 9 0 -1
104 31 0 1 0
105 91 30 0 1
106 39 31 0 -1
107 44 25 -1 0
108 38 35 1 0
109 21 0 1 0
110 7 26 0 -1
111 31 22 0 1
112 11 26 1 0
113 35 5 1 0
114 99 23 -1 0
115 39 31 -1 0
116 24 0 0 1
117 27 18 0 -1
118 42 14 0 1
119 41 14 0 1
120 50 34 0 1
121 34 0 -1 0
122 20 0 -1 0
123 37 17 0 -1
124 25 6 1 0
125 96 38 1 0
126 30 38 -1 0
127 82 16 1 0
128 45 34 0 1
129 98 38 0 1
130 37 10 0 1
131 53 1 -1 0
132 15 22 0 1
133 40 27 -1 0
134 37 23 0 -1
135 29 8 -1 0
136 45 17 0 1
137 40 12 1 0
138 34 4 0 -1
139 48 19 1 0
140 42 1 0 1
141 27 4 0 1
142 54 30 0 -1
143 86 0 0 1
144 22 10 0 -1
145 23 3 1 0
146 38 11 0 1
147 56 27 1 0
148 28 0 1 0
149 69 0 0 1
150 0 14 0 1
151 36 7 0 1
152 49 8 1 0
153 41 15 -1 0
154 27 17 1 0
155 84 16 0 1
156 40 22 -1 0
157 37 22 0 1
158 77 18 -1 0
159 37 23 1 0
160 51 7 -1 0
161 69 10 0 -1
162 31 24 0 -1
163 6 13 -1 0
164 22 8 0 -1
165 26 14 0 1
166 30 13 0 -1
167 28 1 -1 0
168 36 10 0 1
169 42 24 -1 0
170 40 22 -1 0
171 35 31 0 1
172 97 20 1 0
173 84 27 0 -1
174 40 24 0 1
175 44 21 -1 0
176 32 13 0 -1
177 27 29 -1 0
178 51 31 -1 0
179 65 13 1 0
180 32 30 0 -1
181 89 25 0 1
182 50 11 0 1
183 40 35 0 -1
184 97 17 -1 0
185 25 39 1 0
186 38 23 1 0
187 24 13 1 0
188 27 12 0 1
189 18 38 -1 0
190 26 3 -1 0
191 5 18 0 1
192 24 21 1 0
193 13 3 0 -1
194 45 38 0 -1
195 55 1 0 -1
196 28 15 0 -1
197 42 8 0 1
198 35 17 0 1
199 41 33 1 0
200 67 18 1 0
201 92 7 0 1
202 40 20 0 -1
203 96 5 -1 0
204 35 34 0 -1
205 93 6 0 1
206 25 16 0 -1
207 31 17 1 0
208 23 2 0 1
209 2 16 1 0
210 27 22 0 1
211 40 13 0 1
212 40 5 1 0
213 24 19 -1 0
214 43 17 -1 0
215 21 25 0 -1
216 93 18 1 0
217 23 1 0 1
218 22 7 0 1
219 38 25 1 0
220 51 15 -1 0
221 88 11 0 1
222 20 1 0 1
223 39 7 -1 0
224 28 22 1 0
225 41 16 1 0
226 51 11 -1 0
227 29 10 0 -1
228 92 28 -1 0
229 64 36 0 -1
230 25 13 0 1
231 40 31 0 1
232 37 10 0 1
233 32 2 1 0
234 55 36 0 1
235 49 33 0 1
236 99 36 -1 0
237 38 20 -1 0
238 50 12 -1 0
239 39 31 0 -1
240 45 1 0 1
241 60 10 -1 0
242 25 16 1 0
243 44 29 1 0
244 6 23 1 0
245 35 8 0 1
246 27 3 -1 0
247 27 21 0 1
248 23 5 -1 0
249 14 20 0 1
250 36 24 1 0
251 66 17 0 1
252 35 32 0 1
253 29 4 -1 0
254 24 16 1 0
255 58 2 -1 0
256 65 14 1 0
257 29 38 0 1
258 23 8 1 0
259 40 4 -1 0
260 21 26 1 0
261 32 20 1 0
262 83 4 -1 0
263 25 15 0 -1
264 26 9 0 1
265 27 27 0 -1
266 46 6 1 0
267 37 12 -1 0
268 86 24 0 1
269 23 36 1 0
270 34 2 1 0
271 23 2 0 1
272 47 2 -1 0
273 39 21 1 0
274 25 14 0 -1
275 40 24 -1 0
276 5 18 -1 0
277 6 18 0 1
278 29 26 0 -1
279 39 23 1 0
280 1 29 -1 0
281 24 5 -1 0
282 66 33 0 1
283 94 26 1 0
284 19 37 0 -1
285 28 23 1 0
286 46 19 -1 0
287 27 4 0 1
288 24 37 0 1
289 51 38 0 1
290 38 18 0 -1
291 28 9 1 0
292 26 26 0 1
293 27 11 0 -1
294 24 22 0 1
295 5 17 0 -1
296 35 26 0 1
297 28 24 0 1
298 11 17 0 1
299 14 26 0 -1
300 24 22 0 1
301 37 33 -1 0
302 38 16 1 0
303 26 3 0 -1
304 39 4 0 -1
305 48 13 -1 0
306 25 7 0 -1
307 15 9 1 0
308 29 14 -1 0
309 51 15 -1 0
310 50 15 -1 0
311 25 2 -1 0
312 40 13 -1 0
313 9 34 -1 0
314 30 27 1 0
315 95 24 0 -1
316 18 30 0 1
317 37 32 0 1
318 24 35 -1 0
319 6 14 -1 0
320 93 35 0 -1
321 11 29 -1 0
322 23 7 -1 0
323 12 18 -1 0
324 28 29 -1 0
325 27 3 0 -1
326 1 35 0 -1
327 43 14 1 0
328 49 34 0 -1
329 3 15 0 -1
330 59 6 -1 0
331 89 32 0 1
332 45 18 -1 0
333 37 8 1 0
334 38 16 1 0
335 42 11 0 1
336 30 6 1 0
337 32 7 -1 0
338 14 34 0 1
339 26 23 0 1
340 98 26 1 0
341 31 18 0 1
342 36 32 -1 0
343 27 22 0 1
344 47 22 1 0
345 30 5 -1 0
346 21 24 0 1
347 95 31 0 -1
348 57 29 -1 0
349 22 6 0 1
350 31 7 0 1
351 26 30 0 -1
352 42 14 0 1
353 38 20 1 0
354 22 23 0 -1
355 98 25 1 0
356 84 19 -1 0
357 26 5 -1 0
358 79 12 1 0
359 37 32 -1 0
360 96 32 0 -1
361 22 24 1 0
362 17 13 1 0
363 91 33 0 1
364 21 7 1 0
365 73 20 -1 0
366 17 22 0 1
367 40 16 1 0
368 0 1 0 -1
369 31 9 0 -1
370 44 31 0 -1
371 3 3 -1 0
372 38 5 0 1
373 18 6 -1 0
374 78 35 0 1
375 47 26 -1 0
376 39 32 0 -1
377 30 11 0 -1
378 26 13 0 -1
379 22 27 1 0
380 11 20 0 1
381 22 35 1 0
382 22 35 -1 0
383 90 28 1 0
384 5 4 0 1
385 78 4 1 0
386 30 26 0 -1
387 29 6 0 -1
388 69 11 0 -1
389 39 24 -1 0
390 29 7 0 1
391 21 4 0 -1
392 10 3 -1 0
393 93 2 1 0
394 83 0 0 -1
395 37 15 1 0
396 23 3 0 1
397 29 39 0 -1
398 30 1 -1 0
399 42 34 -1 0
400 27 38 -1 0
401 96 17 -1 0
402 16 10 0 -1
403 55 7 0 1
404 66 24 0 -1
405 28 39 0 1
406 86 12 0 1
407 48 7 0 1
408 58 35 -1 0
409 38 2 0 -1
410 9 4 0 -1
411 10 29 1 0
412 29 23 0 -1
413 25 25 0 1
414 42 22 1 0
415 19 37 1 0
416 20 28 1 0
417 26 22 0 1
418 19 6 -1 0
419 25 37 1 0
420 24 21 0 1
421 42 0 0 1
422 39 3 0 1
423 40 34 -1 0
424 80 29 0 1
425 26 3 -1 0
426 28 3 0 -1
427 25 10 1 0
428 41 21 0 -1
429 48 4 1 0
430 37 1 0 -1
431 21 11 0 -1
432 56 23 0 -1
433 32 38 1 0
434 43 22 0 1
435 26 12 1 0
436 39 39 -1 0
437 28 13 0 -1
438 84 38 -1 0
439 38 0 0 1
440 49 25 0 1
441 54 30 0 -1
442 81 30 1 0
443 24 10 0 1
444 41 19 0 -1
445 31 17 0 -1
446 67 28 1 0
447 27 4 0 -1
448 33 33 0 1
449 15 39 -1 0
450 10 9 0 1
451 20 16 0 1
452 4 8 0 -1
453 91 21 0 -1
454 74 10 1 0
455 30 4 -1 0
456 48 13 1 0
457 34 17 1 0
458 83 14 -1 0
459 17 27 -1 0
460 28 25 0 1
461 81 6 -1 0
462 39 16 1 0
463 23 25 1 0
464 38 30 0 -1
465 44 18 -1 0
466 61 10 1 0
467 84 0 0 1
468 43 12 0 1
469 66 11 1 0
470 29 0 0 -1
471 27 28 -1 0
472 39 8 -1 0
473 27 22 0 1
474 93 28 1 0
475 1 18 -1 0
476 22 37 0 1
477 42 13 1 0
478 56 10 0 1
479 37 18 1 0
480 19 2 1 0
481 39 10 0 1
482 45 29 0 1
483 31 23 1 0
484 83 14 1 0
485 79 4 0 1
486 26 9 0 -1
487 42 16 0 -1
488 36 34 1 0
489 75 2 0 -1
490 41 10 0 1
491 4 22 -1 0
492 44 6 1 0
493 89 22 0 1
494 66 7 -1 0
495 40 27 0 -1
496 42 39 0 1
497 87 13 0 1
498 43 10 0 1
499 42 13 0 -1
500 10 2 0 1
501 6 0 0 -1
502 16 3 1 0
503 22 27 -1 0
504 91 13 0 1
505 20 6 0 -1
506 27 11 -1 0
507 47 20 1 0
508 25 37 -1 0
509 99 32 1 0
510 98 39 0 1
511 3 1 1 0
512 26 28 0 1
513 40 19 0 -1
514 31 24 1 0
515 28 9 1 0
516 35 23 -1 0
517 24 11 0 -1
518 81 9 1 0
519 25 0 -1 0
520 5 28 -1 0
521 19 30 0 -1
522 34 34 0 1
523 44 24 0 1
524 22 38 0 1
525 44 26 1 0
526 43 17 0 -1
527 12 12 1 0
528 6 14 0 -1
529 29 33 0 -1
530 0 35 0 -1
531 46 24 -1 0
532 23 2 1 0
533 35 28 1 0
534 21 2 0 -1
535 31 11 0 -1
536 98 33 0 -1
537 89 18 0 -1
538 46 30 0 1
539 92 31 0 -1
540 29 26 -1 0
541 51 39 0 1
542 44 18 0 -1
543 82 33 1 0
544 28 16 0 -1
545 44 23 0 1
546 84 15 0 1
547 45 29 -1 0
548 39 25 0 1
549 24 7 -1 0
550 23 4 1 0
551 44 20 0 -1
552 84 14 -1 0
553 39 12 -1 0
554 15 28 1 0
555 35 27 0 -1
556 44 32 0 -1
557 37 38 0 -1
558 31 12 -1 0
559 26 15 0 -1
560 29 14 0 1
561 41 3 -1 0
562 49 34 1 0
563 29 4 0 1
564 6 33 0 -1
565 71 0 0 1
566 40 9 0 1
567 17 2 1 0
568 12 1 0 1
569 40 14 -1 0
570 37 8 0 -1
571 4 4 1 0
572 22 8 -1 0
573 33 12 -1 0
574 17 31 1 0
575 95 14 0 1
576 94 26 0 1
577 26 8 0 -1
578 24 25 1 0
579 38 17 1 0
580 93 14 0 1
581 13 37 1 0
582 42 12 -1 0
583 24 19 1 0
584 42 12 0 1
585 37 11 1 0
586 27 25 0 -1
587 53 14 1 0
588 13 36 0 -1
589 50 27 1 0
590 35 20 -1 0
591 92 0 0 1
592 32 20 0 -1
593 23 31 1 0
594 30 17 0 1
595 23 37 0 1
596 92 12 1 0
597 35 20 0 1
598 26 20 1 0
599 38 11 0 1
600 25 3 -1 0
601 20 29 1 0
602 55 15 -1 0
603 32 15 0 1
604 49 30 0 -1
605 3 39 -1 0
606 40 10 0 1
607 26 21 -1 0
608 37 25 -1 0
609 84 32 0 -1
610 36 17 0 1
611 41 5 0 -1
612 2 15 0 1
613 25 30 -1 0
614 94 39 1 0
615 3 12 0 -1
616 64 39 1 0
617 12 27 -1 0
618 39 22 0 1
619 53 20 -1 0
620 38 29 1 0
621 37 16 0 -1
622 43 19 -1 0
623 42 17 -1 0
624 79 6 0 -1
625 47 20 -1 0
626 20 14 0 -1
627 20 8 -1 0
628 35 29 1 0
629 18 3 0 -1
630 39 2 0 1
631 38 3 -1 0
632 23 9 -1 0
633 39 34 0 -1
634 98 1 -1 0
635 2 10 -1 0
636 41 10 1 0
637 65 8 -1 0
638 18 11 -1 0
639 29 22 -1 0
640 20 3 0 -1
641 40 9 -1 0
642 43 18 -1 0
643 22 0 0 1
644 99 29 1 0
645 43 25 1 0
646 29 25 -1 0
647 99 4 1 0
648 36 20 0 -1
649 40 5 -1 0
650 54 2 1 0
651 23 23 1 0
652 29 0 0 -1
653 94 23 1 0
654 30 35 1 0
655 40 23 0 1
656 32 12 0 1
657 78 34 0 -1
658 88 33 1 0
659 36 31 1 0
660 66 13 0 1
661 39 27 -1 0
662 91 1 -1 0
663 25 33 0 -1
664 29 5 0 1
665 42 20 -1 0
666 16 4 1 0
667 28 37 1 0
668 39 14 0 1
669 10 3 0 -1
670 53 11 -1 0
671 23 37 0 1
672 28 38 0 1
673 82 31 1 0
674 20 9 0 -1
675 67 26 0 1
676 32 16 1 0
677 28 5 0 1
678 28 12 1 0
679 31 10 0 -1
680 58 8 0 -1
681 31 37 -1 0
682 36 21 0 -1
683 9 4 1 0
684 26 14 1 0
685 31 33 0 1
686 19 10 1 0
687 38 12 0 -1
688 19 2 0 -1
689 23 10 0 -1
690 90 27 0 1
691 37 30 0 1
692 26 39 0 1
693 41 2 -1 0
694 95 4 0 -1
695 20 36 0 -1
696 1 39 1 0
697 27 37 0 -1
698 32 15 0 1
699 7 33 1 0
700 88 36 -1 0
701 44 0 0 -1
702 96 23 0 1
703 70 1 0 1
704 96 2 0 -1
705 88 36 -1 0
706 23 10 -1 0
707 68 22 0 1
708 25 21 0 1
709 40 12 0 1
710 49 21 0 1
711 69 28 -1 0
712 32 37 1 0
713 38 14 0 1
714 37 30 1 0
715 11 32 -1 0
716 25 15 1 0
717 30 17 0 1
718 24 7 0 -1
719 30 10 0 -1
720 38 16 -1 0
721 25 31 0 -1
722 36 31 0 1
723 39 26 0 -1
724 8 27 -1 0
725 25 29 1 0
726 62 37 0 -1
727 77 29 -1 0
728 69 29 0 -1
729 13 0 -1 0
730 86 7 0 -1
731 76 18 -1 0
732 48 39 0 1
733 28 16 -1 0
734 38 22 1 0
735 39 2 -1 0
736 23 1 0 1
737 90 0 1 0
738 10 32 0 -1
739 31 36 0 1
740 37 14 1 0
741 26 4 1 0
742 1 7 1 0
743 41 6 1 0
744 24 1 0 1
745 38 12 0 -1
746 19 4 0 1
747 41 0 1 0
748 29 6 0 1
749 49 14 -1 0
750 5 29 -1 0
751 32 16 0 -1
752 37 31 -1 0
753 47 4 0 -1
754 97 38 1 0
755 20 1 0 1
756 21 1 0 1
757 14 1 -1 0
758 13 11 0 1
759 95 22 0 -1
760 23 6 0 1
761 40 25 -1 0
762 28 18 -1 0
763 88 14 -1 0
764 6 9 0 1
765 36 21 1 0
766 24 10 0 1
767 39 20 -1 0
768 28 39 0 1
769 43 2 0 1
770 20 14 0 1
771 40 2 0 1
772 35 30 -1 0
773 37 32 1 0
774 32 21 0 -1
775 15 8 1 0
776 43 12 0 1
777 43 21 1 0
778 14 21 1 0
779 30 34 -1 0
780 29 35 0 1
781 38 39 0 1
782 30 26 0 -1
783 18 37 -1 0
784 32 17 -1 0
785 47 6 0 -1
786 97 26 0 1
787 30 24 -1 0
788 55 2 0 1
789 52 8 1 0
790 28 27 0 -1
791 17 5 0 1
792 49 16 0 1
793 27 33 1 0
794 31 22 1 0
795 46 10 1 0
796 25 38 0 1
797 47 28 0 -1
798 14 12 0 1
799 45 37 0 1
800 96 14 -1 0
801 31 21 0 1
802 0 13 1 0
803 90 31 0 1
804 29 20 -1 0
805 50 3 0 -1
806 20 10 -1 0
807 38 19 0 1
808 15 28 1 0
809 11 36 0 -1
810 48 18 1 0
811 95 1 1 0
812 68 23 -1 0
813 22 30 0 -1
814 27 9 1 0
815 26 0 0 1
816 25 28 0 -1
817 35 10 -1 0
818 24 39 0 1
819 39 5 -1 0
820 74 9 1 0
821 23 39 0 -1
822 28 7 0 -1
823 31 14 0 -1
824 21 8 0 -1
825 36 28 -1 0
826 46 16 -1 0
827 28 28 0 1
828 39 17 -1 0
829 55 17 0 1
830 87 33 0 1
831 20 3 1 0
832 28 38 0 1
833 2 35 0 -1
834 39 33 0 1
835 2 19 1 0
836 30 5 1 0
837 37 24 0 1
838 64 38 1 0
839 7 5 1 0
840 47 23 1 0
841 84 33 0 1
842 34 30 -1 0
843 24 11 0 1
844 98 26 0 1
845 25 28 -1 0
846 39 21 1 0
847 14 36 0 1
848 41 18 0 1
849 23 38 0 1
850 20 36 0 1
851 36 11 0 1
852 21 9 0 -1
853 19 19 0 -1
854 18 24 -1 0
855 98 28 1 0
856 38 32 1 0
857 23 24 1 0
858 20 16 1 0
859 37 22 0 -1
860 41 27 0 -1
861 35 22 1 0
862 39 14 0 1
863 46 35 -1 0
864 91 6 0 1
865 52 26 -1 0
866 26 7 1 0
867 45 15 0 -1
868 29 9 1 0
869 28 22 0 -1
870 41 17 0 -1
871 31 20 -1 0
872 30 3 0 -1
873 15 27 -1 0
874 31 15 0 1
875 48 35 1 0
876 75 3 0 -1
877 39 33 1 0
878 8 25 1 0
879 7 36 -1 0
880 45 18 -1 0
881 25 14 0 1
882 25 18 0 -1
883 28 1 1 0
884 13 36 1 0
885 21 6 1 0
886 38 6 0 -1
887 43 26 0 1
888 26 14 -1 0
889 14 31 -1 0
890 4 14 -1 0
891 29 13 0 1
892 25 1 -1 0
893 13 33 0 -1
894 36 25 -1 0
895 25 23 1 0
896 37 24 -1 0
897 37 29 0 -1
898 4 39 1 0
899 30 21 1 0
900 43 38 -1 0
901 25 8 -1 0
902 36 17 0 1
903 30 23 0 1
904 21 13 -1 0
905 24 2 0 -1
906 96 32 0 -1
907 81 34 1 0
908 86 17 0 1
909 61 37 1 0
910 89 15 0 -1
911 43 3 -1 0
912 32 18 0 1
913 20 11 0 1
914 29 37 0 -1
915 25 22 1 0
916 14 26 1 0
917 21 1 -1 0
918 43 14 0 1
919 40 1 0 1
920 23 20 1 0
921 6 20 -1 0
922 25 33 1 0
923 35 18 0 1
924 91 28 1 0
925 65 30 0 1
926 30 18 -1 0
927 38 8 0 -1
928 78 21 -1 0
929 38 28 0 1
930 47 15 0 -1
931 18 3 0 1
932 39 11 -1 0
933 21 2 0 1
934 28 22 0 -1
935 13 18 0 1
936 41 21 -1 0
937 24 14 1 0
938 30 10 0 -1
939 30 19 0 1
940 65 17 0 1
941 98 14 0 1
942 40 17 0 1
943 45 38 0 -1
944 40 17 1 0
945 37 27 -1 0
946 72 20 0 1
947 85 15 -1 0
948 36 23 1 0
949 95 29 -1 0
950 44 24 -1 0
951 41 39 1 0
952 1 29 0 -1
953 44 25 0 -1
954 85 31 -1 0
955 27 25 1 0
956 84 33 0 1
957 23 1 -1 0
958 41 19 -1 0
959 67 14 1 0
960 36 18 1 0
961 40 37 0 1
962 47 11 -1 0
963 36 14 0 -1
964 28 7 -1 0
965 85 31 0 1
966 46 23 0 -1
967 41 20 1 0
968 20 25 1 0
969 38 14 1 0
970 46 14 0 1
971 20 21 0 1
972 54 37 0 -1
973 37 24 0 -1
974 41 36 0 -1
975 27 29 0 1
976 29 4 0 1
977 82 10 1 0
978 39 32 0 -1
979 20 4 0 -1
980 44 17 0 -1
981 42 26 0 -1
982 8 3 1 0
983 84 20 -1 0
984 29 11 0 -1
985 25 7 0 1
986 21 0 1 0
987 55 27 1 0
988 30 12 -1 0
989 41 15 0 1
990 38 31 0 -1
991 19 3 1 0
992 79 8 1 0
993 39 7 0 1
994 96 21 0 1
995 39 14 0 1
996 39 29 -1 0
997 73 18 0 -1
998 24 35 1 0
999 38 14 0 1
1000 43 20 0 -1
1001 44 12 1 0
1002 85 12 -1 0
1003 95 36 -1 0
1004 34 10 0 1
1005 97 11 1 0
1006 31 7 0 -1
1007 66 19 0 1
1008 28 2 0 1
1009 14 3 0 -1
1010 22 9 1 0
1011 47 34 0 1
1012 24 38 1 0
1013 25 39 1 0
1014 51 25 0 1
1015 22 1 -1 0
1016 56 18 -1 0
1017 3 0 -1 0
1018 21 4 1 0
1019 38 19 1 0
1020 41 24 0 -1
1021 73 11 0 1
1022 27 29 -1 0
1023 30 27 -1 0
1024 30 12 -1 0
1025 43 25 1 0
1026 31 2 -1 0
1027 39 13 1 0
1028 21 3 0 -1
1029 94 17 0 1
1030 29 36 0 1
1031 22 2 0 -1
1032 38 28 0 1
1033 30 25 0 -1
1034 27 8 1 0
1035 4 2 0 1
1036 12 22 -1 0
1037 30 1 0 -1
1038 38 30 0 1
1039 38 31 -1 0
1040 91 1 0 -1
1041 39 13 0 1
1042 44 17 0 -1
1043 29 14 1 0
1044 53 7 0 1
1045 98 9 0 -1
1046 31 25 1 0
1047 27 28 1 0
1048 94 5 -1 0
1049 18 28 0 1
1050 14 4 1 0
1051 35 24 0 1
1052 54 34 0 -1
1053 30 13 1 0
1054 45 4 -1 0
1055 46 17 0 -1
1056 31 11 0 -1
1057 38 17 1 0
1058 39 11 1 0
1059 26 28 0 -1
1060 40 15 0 1
1061 45 17 0 1
1062 17 31 0 -1
1063 30 5 0 1
1064 26 7 0 -1
1065 26 5 0 1
1066 49 36 -1 0
1067 38 0 0 -1
1068 94 38 -1 0
1069 99 26 1 0
1070 91 5 -1 0
1071 67 16 1 0
1072 25 22 -1 0
1073 37 20 0 1
1074 62 29 1 0
1075 80 9 0 -1
1076 61 30 0 1
1077 32 38 -1 0
1078 29 22 0 -1
1079 39 21 0 1
1080 40 7 -1 0
1081 39 20 -1 0
1082 68 11 1 0
1083 39 15 0 1
1084 31 9 0 1
1085 5 3 -1 0
1086 60 30 0 1
1087 37 26 1 0
1088 97 38 1 0
1089 45 37 -1 0
1090 25 24 -1 0
1091 90 37 -1 0
1092 11 3 -1 0
1093 24 23 0 1
1094 18 15 -1 0
1095 30 1 -1 0
1096 66 4 1 0
1097 60 14 -1 0
1098 96 32 0 1
1099 34 3 1 0
1100 26 31 0 -1
1101 30 21 -1 0
1102 91 12 -1 0
1103 91 2 0 1
1104 27 7 -1 0
1105 25 24 1 0
1106 37 27 0 1
1107 25 0 1 0
1108 31 38 0 -1
1109 39 29 -1 0
1110 23 23 1 0
1111 97 19 0 -1
1112 7 0 -1 0
1113 42 1 0 -1
1114 28 19 1 0
1115 17 18 0 -1
1116 36 13 -1 0
1117 31 19 1 0
1118 23 11 0 -1
1119 48 39 0 -1
1120 19 14 0 -1
1121 26 37 0 1
1122 0 36 0 -1
1123 1 2 0 -1
1124 28 11 0 -1
1125 40 29 -1 0
1126 91 21 -1 0
1127 74 4 0 1
1128 0 13 0 1
1129 35 22 0 -1
1130 54 35 0 -1
1131 16 29 0 1
1132 48 6 0 1
1133 32 6 0 1
1134 21 39 0 -1
1135 10 35 -1 0
1136 27 26 0 -1
1137 71 13 0 1
1138 29 1 -1 0
1139 32 12 1 0
1140 42 28 0 1
1141 23 22 0 1
1142 37 4 -1 0
1143 15 34 0 1
1144 19 9 1 0
1145 11 13 1 0
1146 23 6 -1 0
1147 95 31 -1 0
1148 27 28 0 -1
1149 37 6 1 0
1150 83 30 1 0
1151 39 24 0 1
1152 31 35 1 0
1153 36 27 1 0
1154 43 25 -1 0
1155 30 24 0 -1
1156 38 27 1 0
1157 25 2 1 0
1158 23 5 0 1
1159 31 10 -1 0
1160 22 8 -1 0
1161 25 6 1 0
1162 42 36 0 1
1163 32 15 1 0
1164 27 14 1 0
1165 39 27 0 1
1166 8 22 0 -1
1167 59 6 -1 0
1168 22 9 0 -1
1169 29 10 -1 0
1170 26 32 1 0
1171 26 10 0 1
1172 72 17 -1 0
1173 27 34 1 0
1174 40 2 -1 0
1175 31 8 0 -1
1176 36 23 0 -1
1177 27 8 1 0
1178 34 25 0 1
1179 23 8 -1 0
1180 93 12 -1 0
1181 88 20 1 0
1182 37 25 0 1
1183 24 0 0 1
1184 4 18 0 1
1185 17 20 0 1
1186 44 29 0 -1
1187 21 18 0 1
1188 24 29 1 0
1189 26 31 0 1
1190 91 8 1 0
1191 17 37 1 0
1192 30 7 0 -1
1193 40 18 0 1
1194 42 20 0 -1
1195 64 13 1 0
1196 22 5 1 0
1197 36 18 -1 0
1198 92 14 -1 0
1199 35 17 0 1
1200 26 12 -1 0
1201 23 29 0 -1
1202 78 15 0 -1
1203 37 12 0 1
1204 35 24 1 0
1205 42 26 -1 0
1206 42 2 0 -1
1207 21 1 1 0
1208 56 20 1 0
1209 22 4 -1 0
1210 29 11 1 0
1211 29 20 0 1
1212 49 1 -1 0
1213 28 12 0 -1
1214 3 22 -1 0
1215 34 10 0 1
1216 11 16 -1 0
1217 40 27 0 1
1218 35 24 1 0
1219 24 8 0 1
1220 83 9 0 -1
1221 42 24 -1 0
1222 40 31 0 -1
1223 28 23 0 -1
1224 27 2 0 1
1225 51 9 0 1
1226 22 4 0 -1
1227 42 23 0 -1
1228 21 6 0 1
1229 32 10 0 1
1230 40 4 -1 0
1231 26 36 -1 0
1232 26 13 0 -1
1233 37 11 0 1
1234 29 37 1 0
1235 25 26 1 0
1236 56 4 1 0
1237 51 9 0 -1
1238 44 15 -1 0
1239 1 4 1 0
1240 39 29 0 1
1241 52 27 0 -1
1242 95 6 0 -1
1243 10 11 0 -1
1244 27 6 1 0
1245 60 16 -1 0
1246 35 19 0 -1
1247 28 21 -1 0
1248 28 26 -1 0
1249 15 3 1 0
1250 41 25 -1 0
1251 29 19 0 1
1252 67 13 1 0
1253 17 29 -1 0
1254 2 19 -1 0
1255 25 16 1 0
1256 43 3 1 0
1257 65 0 0 -1
1258 29 15 0 -1
1259 36 32 -1 0
1260 27 23 0 1
1261 40 23 0 -1
1262 39 16 0 1
1263 36 16 1 0
1264 21 8 1 0
1265 68 13 -1 0
1266 26 11 -1 0
1267 39 19 1 0
1268 11 6 0 -1
1269 30 22 0 1
1270 28 18 1 0
1271 39 18 0 1
1272 25 31 0 -1
1273 23 6 -1 0
1274 29 8 0 -1
1275 19 16 0 -1
1276 64 31 0 -1
1277 73 22 0 -1
1278 30 20 1 0
1279 81 30 0 1
1280 47 23 0 1
1281 42 22 -1 0
1282 25 24 0 -1
1283 38 27 -1 0
1284 53 19 -1 0
1285 40 0 0 -1
1286 53 17 0 -1
1287 38 10 0 -1
1288 29 10 -1 0
1289 36 7 0 1
1290 27 38 -1 0
1291 31 29 1 0
1292 42 21 1 0
1293 41 10 -1 0
1294 13 33 0 1
1295 28 14 -1 0
1296 27 24 -1 0
1297 92 18 0 1
1298 39 17 -1 0
1299 23 14 0 1
1300 29 5 0 1
1301 20 4 0 1
1302 38 13 1 0
1303 21 13 0 1
1304 42 25 0 -1
1305 39 6 1 0
1306 87 8 -1 0
1307 43 15 1 0
1308 24 19 1 0
1309 41 4 -1 0
1310 11 7 0 -1
1311 41 19 0 -1
1312 92 0 1 0
1313 28 5 0 -1
1314 96 28 0 1
1315 48 22 0 -1
1316 63 33 0 1
1317 35 4 -1 0
1318 24 8 0 1
1319 50 37 0 -1
1320 23 0 0 -1
1321 24 6 1 0
1322 18 36 0 1
1323 44 16 0 -1
1324 39 34 -1 0
1325 42 15 -1 0
1326 58 28 -1 0
1327 11 14 1 0
1328 30 6 0 -1
1329 38 15 -1 0
1330 45 10 -1 0
1331 38 17 0 -1
1332 52 17 -1 0
1333 28 7 0 1
1334 48 13 -1 0
1335 17 33 0 -1
1336 19 3 0 -1
1337 36 17 1 0
1338 35 25 -1 0
1339 21 3 0 -1
1340 23 35 0 1
1341 28 25 0 1
1342 37 35 -1 0
1343 21 7 0 1
1344 32 17 -1 0
1345 29 3 0 1
1346 51 10 1 0
1347 43 11 1 0
1348 41 26 -1 0
1349 36 34 -1 0
1350 37 28 1 0
1351 39 19 -1 0
1352 31 20 0 -1
1353 26 11 1 0
1354 16 18 -1 0
1355 23 27 0 -1
1356 74 30 0 -1
1357 28 25 1 0
1358 85 34 1 0
1359 32 4 0 1
1360 86 27 1 0
1361 74 29 -1 0
1362 99 10 0 1
1363 45 29 0 1
1364 31 31 0 1
1365 24 11 1 0
1366 8 0 0 1
1367 49 34 1 0
1368 38 25 0 -1
1369 37 28 1 0
1370 66 24 1 0
1371 28 10 -1 0
1372 45 19 0 -1
1373 27 5 -1 0
1374 83 34 0 1
1375 26 27 1 0
1376 92 20 1 0
1377 30 19 0 1
1378 38 26 -1 0
1379 30 20 0 1
1380 46 39 -1 0
1381 84 30 0 -1
1382 39 9 0 1
1383 36 33 1 0
1384 28 3 -1 0
1385 27 8 1 0
1386 23 7 -1 0
1387 0 26 -1 0
1388 31 16 1 0
1389 65 36 0 1
1390 26 38 -1 0
1391 53 34 0 1
1392 2 30 0 -1
1393 93 5 -1 0
1394 17 23 0 1
1395 41 25 -1 0
1396 41 14 0 1
1397 23 23 0 1
1398 31 26 0 -1
1399 15 34 1 0
1400 94 31 0 -1
1401 2 15 -1 0
1402 38 7 0 1
1403 43 20 1 0
1404 28 8 1 0
1405 22 37 1 0
1406 38 30 1 0
1407 60 30 0 -1
1408 72 39 0 1
1409 1 19 1 0
1410 30 20 1 0
1411 46 19 0 -1
1412 25 36 0 1
1413 23 14 1 0
1414 31 10 1 0
1415 43 22 0 1
1416 29 21 0 -1
1417 22 13 -1 0
1418 40 14 -1 0
1419 25 35 -1 0
1420 92 15 -1 0
1421 22 7 0 1
1422 63 0 0 -1
1423 53 26 -1 0
1424 23 28 -1 0
1425 27 6 1 0
1426 14 37 1 0
1427 47 30 -1 0
1428 27 30 0 -1
1429 22 1 -1 0
1430 5 10 0 -1
1431 77 18 1 0
1432 24 12 0 -1
1433 47 27 0 -1
1434 58 5 0 -1
1435 28 10 1 0
1436 93 23 0 1
1437 23 30 1 0
1438 91 10 0 1
1439 31 5 -1 0
1440 40 2 -1 0
1441 30 0 0 1
1442 51 20 -1 0
1443 41 17 1 0
1444 24 5 0 1
1445 9 30 0 -1
1446 37 18 0 1
1447 32 37 -1 0
1448 25 18 -1 0
1449 30 16 1 0
1450 22 6 0 1
1451 66 19 1 0
1452 29 23 0 -1
1453 29 9 0 -1
1454 95 37 1 0
1455 24 1 -1 0
1456 16 17 0 1
1457 97 10 0 1
1458 27 30 -1 0
1459 89 32 0 -1
1460 87 28 1 0
1461 28 5 1 0
1462 33 16 1 0
1463 77 26 1 0
1464 22 18 1 0
1465 55 3 0 -1
1466 6 3 1 0
1467 17 22 0 -1
1468 32 8 1 0
1469 98 27 0 -1
1470 41 20 0 -1
1471 35 25 1 0
1472 32 0 -1 0
1473 28 15 -1 0
1474 99 34 0 -1
1475 31 13 -1 0
1476 39 5 1 0
1477 26 19 0 1
1478 40 23 0 1
1479 19 30 1 0
1480 17 28 1 0
1481 45 14 1 0
1482 76 0 -1 0
1483 36 22 -1 0
1484 75 22 0 -1
1485 93 20 1 0
1486 23 32 0 1
1487 85 23 0 -1
1488 47 5 -1 0
1489 97 28 -1 0
1490 25 28 0 -1
1491 15 31 0 1
1492 97 21 -1 0
1493 89 23 0 -1
1494 39 30 -1 0
1495 98 17 -1 0
1496 54 13 0 1
1497 30 36 1 0
1498 31 0 0 -1
1499 23 38 0 1
1500 25 6 0 1
1501 28 38 -1 0
1502 8 19 0 1
1503 70 27 -1 0
1504 47 38 -1 0
1505 41 26 0 -1
1506 18 7 -1 0
1507 43 9 -1 0
1508 43 7 -1 0
1509 98 15 0 1
1510 23 22 1 0
1511 37 20 1 0
1512 38 5 -1 0
1513 36 6 0 1
1514 28 27 -1 0
1515 83 6 0 -1
1516 39 3 -1 0
1517 37 23 0 -1
1518 2 24 0 1
1519 10 14 -1 0
1520 35 18 0 1
1521 18 11 0 -1
1522 35 39 0 1
1523 22 39 0 1
1524 29 19 1 0
1525 22 3 1 0
1526 2 7 0 1
1527 5 25 0 1
1528 27 31 0 -1
1529 32 36 -1 0
1530 43 21 -1 0
1531 37 28 0 -1
1532 43 34 0 1
1533 25 4 0 -1
1534 26 1 0 1
1535 19 7 0 -1
1536 40 16 0 1
1537 25 10 0 -1
1538 44 20 0 -1
1539 41 1 0 -1
1540 40 8 -1 0
1541 34 20 -1 0
1542 30 7 0 1
1543 31 11 1 0
1544 96 30 0 1
1545 40 17 0 -1
1546 67 34 -1 0
1547 27 10 -1 0
1548 16 34 0 -1
1549 26 0 1 0
1550 93 34 0 1
1551 28 3 1 0
1552 41 12 1 0
1553 88 5 1 0
1554 44 23 0 1
1555 36 26 1 0
1556 24 5 0 1
1557 98 15 0 -1
1558 36 28 -1 0
1559 42 11 1 0
1560 29 1 -1 0
1561 21 37 0 1
1562 30 32 0 1
1563 76 4 0 -1
1564 84 4 1 0
1565 26 27 -1 0
1566 92 29 0 1
1567 10 3 0 -1
1568 66 12 1 0
1569 12 16 1 0
1570 38 6 0 1
1571 40 19 0 1
1572 42 26 0 1
1573 40 20 0 -1
1574 68 27 1 0
1575 25 30 -1 0
1576 17 6 0 -1
1577 43 10 0 1
1578 44 16 0 1
1579 25 8 0 1
1580 46 16 -1 0
1581 98 20 0 -1
1582 47 6 0 -1
1583 37 8 -1 0
1584 20 1 0 1
1585 30 26 0 -1
1586 27 12 -1 0
1587 39 18 -1 0
1588 40 11 0 1
1589 17 0 0 1
1590 90 6 0 1
1591 30 16 1 0
1592 47 32 -1 0
1593 8 28 0 1
1594 15 39 -1 0
1595 91 35 0 1
1596 22 6 0 1
1597 21 34 0 1
1598 91 1 0 1
1599 32 18 1 0
1600 40 26 1 0
1601 41 27 1 0
1602 29 36 -1 0
1603 50 13 0 1
1604 40 21 0 1
1605 28 31 1 0
1606 27 24 0 1
1607 21 39 1 0
1608 9 36 -1 0
1609 30 0 0 1
1610 32 38 0 -1
1611 46 2 0 1
1612 31 15 1 0
1613 70 28 -1 0
1614 13 36 1 0
1615 48 7 1 0
1616 75 10 0 1
1617 32 19 0 -1
1618 37 26 0 1
1619 36 29 -1 0
1620 22 5 0 -1
1621 32 16 1 0
1622 7 31 -1 0
1623 40 38 1 0
1624 19 9 1 0
1625 31 23 0 -1
1626 26 27 0 -1
1627 13 0 0 -1
1628 24 3 1 0
1629 6 8 -1 0
1630 37 15 1 0
1631 40 8 0 1
1632 27 27 -1 0
1633 43 4 0 -1
1634 87 15 1 0
1635 90 1 1 0
1636 53 13 -1 0
1637 78 21 1 0
1638 35 17 0 -1
1639 21 38 1 0
1640 30 19 0 1
1641 27 37 1 0
1642 37 34 0 -1
1643 29 26 0 -1
1644 13 6 -1 0
1645 40 34 -1 0
1646 90 2 -1 0
1647 41 16 0 1
1648 12 4 0 1
1649 30 4 1 0
1650 25 30 0 -1
1651 36 7 0 1
1652 40 11 1 0
1653 11 20 0 1
1654 85 20 -1 0
1655 43 21 0 -1
1656 64 3 0 1
1657 24 2 1 0
1658 31 33 0 -1
1659 3 2 -1 0
1660 24 0 0 -1
1661 6 0 1 0
1662 52 8 1 0
1663 44 15 0 1
1664 48 33 1 0
1665 4 10 1 0
1666 48 22 -1 0
1667 37 37 -1 0
1668 44 19 0 -1
1669 28 17 1 0
1670 18 24 0 -1
1671 83 2 0 1
1672 8 38 0 1
1673 94 0 -1 0
1674 45 15 0 -1
1675 7 35 0 -1
1676 45 17 -1 0
1677 21 0 1 0
1678 35 23 0 1
1679 26 1 0 -1
1680 37 10 0 -1
1681 14 23 1 0
1682 21 38 0 1
1683 43 4 -1 0
1684 20 14 0 -1
1685 66 20 1 0
1686 22 37 0 1
1687 54 21 1 0
1688 9 17 0 -1
1689 36 2 -1 0
1690 27 9 -1 0
1691 42 14 1 0
1692 19 35 0 1
1693 40 15 1 0
1694 25 12 0 1
1695 84 31 0 -1
1696 27 10 -1 0
1697 86 10 0 1
1698 40 31 0 1
1699 25 5 0 1
1700 83 3 0 1
1701 23 11 -1 0
1702 58 12 0 -1
1703 89 4 1 0
1704 45 38 0 -1
1705 30 8 -1 0
1706 39 10 1 0
1707 42 24 0 -1
1708 22 38 0 1
1709 14 0 0 -1
1710 24 3 0 -1
1711 34 6 0 1
1712 32 26 -1 0
1713 90 16 -1 0
1714 27 17 1 0
1715 36 23 0 1
1716 1 27 1 0
1717 37 1 0 1
1718 41 9 0 1
1719 43 34 0 1
1720 24 32 1 0
1721 29 15 1 0
1722 41 37 1 0
1723 7 24 0 1
1724 19 17 -1 0
1725 28 0 0 1
1726 98 14 1 0
1727 35 15 -1 0
1728 81 15 -1 0
1729 32 37 -1 0
1730 99 4 -1 0
1731 35 36 1 0
1732 4 24 1 0
1733 3 4 -1 0
1734 36 13 1 0
1735 16 15 1 0
1736 11 27 1 0
1737 40 1 0 1
1738 28 0 -1 0
1739 26 24 0 1
1740 39 15 1 0
1741 0 24 0 -1
1742 30 18 0 1
1743 29 7 1 0
1744 37 36 -1 0
1745 65 27 0 1
1746 24 34 0 1
1747 21 31 0 -1
1748 41 22 0 -1
1749 40 22 0 1
1750 43 18 0 1
1751 44 7 0 -1
1752 46 5 0 -1
1753 24 28 1 0
1754 20 8 -1 0
1755 76 2 0 -1
1756 38 21 0 -1
1757 35 13 -1 0
1758 38 22 0 1
1759 46 34 -1 0
1760 86 28 0 -1
1761 46 14 -1 0
1762 10 1 0 1
1763 41 25 0 1
1764 12 9 0 -1
1765 32 12 0 -1
1766 99 16 0 1
1767 22 39 1 0
1768 36 28 0 -1
1769 35 21 -1 0
1770 38 34 1 0
1771 21 2 -1 0
1772 29 39 1 0
1773 75 39 1 0
1774 28 6 -1 0
1775 64 31 0 1
1776 28 15 0 1
1777 35 32 0 1
1778 96 2 0 -1
1779 38 29 -1 0
1780 28 28 -1 0
1781 40 21 1 0
1782 37 18 1 0
1783 39 26 1 0
1784 4 10 -1 0
1785 38 35 -1 0
1786 41 34 0 -1
1787 86 16 0 1
1788 70 16 0 -1
1789 37 26 0 1
1790 64 8 0 1
1791 36 26 -1 0
1792 30 23 -1 0
1793 20 19 -1 0
1794 28 9 -1 0
1795 85 29 0 1
1796 8 19 -1 0
1797 64 20 0 1
1798 14 15 0 1
1799 46 10 -1 0
1800 41 12 1 0
1801 41 14 0 1
1802 25 9 -1 0
1803 50 29 -1 0
1804 38 15 0 -1
1805 26 36 -1 0
1806 46 18 -1 0
1807 46 13 -1 0
1808 40 3 -1 0
1809 17 32 -1 0
1810 30 16 1 0
1811 27 11 0 -1
1812 35 18 1 0
1813 82 16 1 0
1814 62 21 1 0
1815 24 4 1 0
1816 32 20 0 -1
1817 36 6 0 1
1818 27 2 0 -1
1819 18 38 0 -1
1820 31 6 1 0
1821 59 15 -1 0
1822 24 4 0 -1
1823 79 2 -1 0
1824 29 23 1 0
1825 29 20 0 -1
1826 26 8 0 1
1827 30 21 1 0
1828 32 4 -1 0
1829 5 29 0 -1
1830 56 9 -1 0
1831 41 28 -1 0
1832 96 6 0 -1
1833 29 31 0 -1
1834 21 8 0 -1
1835 21 4 -1 0
1836 65 17 -1 0
1837 29 37 -1 0
1838 21 11 0 -1
1839 42 20 -1 0
1840 22 38 -1 0
1841 37 34 -1 0
1842 31 27 -1 0
1843 90 10 0 -1
1844 27 35 0 -1
1845 32 11 -1 0
1846 38 8 0 -1
1847 36 8 -1 0
1848 96 16 0 1
1849 44 16 0 1
1850 80 12 -1 0
1851 41 28 -1 0
1852 29 3 0 1
1853 28 11 1 0
1854 42 0 0 1
1855 42 7 0 1
1856 40 8 1 0
1857 27 26 1 0
1858 87 28 0 1
1859 28 39 1 0
1860 44 24 0 -1
1861 7 18 1 0
1862 37 21 0 -1
1863 28 4 1 0
1864 35 39 1 0
1865 27 25 0 1
1866 19 10 -1 0
1867 27 10 -1 0
1868 42 18 1 0
1869 28 16 1 0
1870 38 4 0 -1
1871 29 2 -1 0
1872 43 18 -1 0
1873 91 13 1 0
1874 23 8 -1 0
1875 22 39 0 1
1876 25 25 0 1
1877 19 29 1 0
1878 39 12 1 0
1879 40 13 -1 0
1880 28 30 -1 0
1881 36 32 -1 0
1882 8 4 1 0
1883 65 8 -1 0
1884 19 11 1 0
1885 6 34 -1 0
1886 26 2 0 1
1887 31 19 -1 0
1888 30 23 -1 0
1889 38 26 0 1
1890 27 7 1 0
1891 89 17 -1 0
1892 27 1 0 1
1893 20 36 -1 0
1894 8 25 1 0
1895 36 8 1 0
1896 22 25 1 0
1897 39 24 0 -1
1898 45 1 0 1
1899 23 30 1 0
1900 37 30 -1 0
1901 18 29 0 -1
1902 58 6 0 -1
1903 27 32 1 0
1904 44 25 1 0
1905 25 12 0 1
1906 22 1 1 0
1907 32 17 0 1
1908 24 39 0 1
1909 35 5 1 0
1910 41 11 1 0
1911 40 7 0 1
1912 31 12 -1 0
1913 43 13 0 1
1914 89 19 0 1
1915 89 2 0 1
1916 17 30 0 1
1917 28 10 1 0
1918 98 22 1 0
1919 44 5 0 -1
1920 78 18 0 -1
1921 42 13 1 0
1922 43 23 0 1
1923 45 2 -1 0
1924 87 10 1 0
1925 88 1 0 1
1926 36 29 0 -1
1927 50 17 0 -1
1928 47 12 0 -1
1929 30 12 0 -1
1930 8 33 0 1
1931 41 11 -1 0
1932 46 38 0 1
1933 30 4 0 1
1934 97 14 -1 0
1935 16 21 0 -1
1936 23 0 -1 0
1937 18 13 -1 0
1938 26 10 1 0
1939 41 17 1 0
1940 46 36 -1 0
1941 40 25 0 -1
1942 95 39 0 1
1943 36 27 0 -1
1944 93 14 0 -1
1945 27 5 1 0
1946 43 19 -1 0
1947 46 8 0 -1
1948 36 21 0 1
1949 24 28 1 0
1950 27 39 -1 0
1951 35 29 -1 0
1952 38 18 1 0
1953 8 16 0 -1
1954 22 10 0 -1
1955 48 32 0 1
1956 85 27 -1 0
1957 79 29 -1 0
1958 83 33 -1 0
1959 67 18 0 1
1960 46 28 -1 0
1961 67 25 0 -1
1962 0 21 1 0
1963 83 24 1 0
1964 21 39 1 0
1965 14 26 0 -1
1966 25 38 -1 0
1967 44 11 -1 0
1968 32 18 1 0
1969 42 19 1 0
1970 14 39 0 -1
1971 27 7 0 -1
1972 28 29 0 -1
1973 38 15 -1 0
1974 43 20 0 1
1975 37 19 1 0
1976 92 7 -1 0
1977 40 20 1 0
1978 26 6 1 0
1979 94 17 -1 0
1980 38 7 0 -1
1981 38 11 0 1
1982 35 21 0 -1
1983 32 9 1 0
1984 6 24 1 0
1985 77 36 0 -1
1986 43 15 -1 0
1987 36 24 -1 0
1988 38 26 -1 0
1989 41 22 0 -1
1990 97 38 1 0
1991 93 37 1 0
1992 29 38 0 -1
1993 30 39 -1 0
1994 35 15 0 1
1995 38 37 -1 0
1996 18 16 0 -1
1997 33 19 1 0
1998 23 25 0 -1
1999 25 31 1 0
2000 19 19 1 0
2001 9 21 0 1
2002 13 6 -1 0
2003 86 26 1 0
2004 42 8 -1 0
2005 3 4 -1 0
2006 24 26 0 -1
2007 41 8 -1 0
2008 21 3 1 0
2009 21 5 1 0
2010 60 36 0 1
2011 41 11 -1 0
2012 37 27 0 -1
2013 30 18 1 0
2014 44 5 1 0
2015 43 22 0 -1
2016 46 18 0 -1
2017 24 9 1 0
2018 83 35 -1 0
2019 55 17 -1 0
2020 48 21 -1 0
2021 24 33 -1 0
2022 79 6 0 1
2023 27 15 -1 0
2024 91 38 1 0
2025 27 6 0 -1
2026 29 11 0 -1
2027 40 14 1 0
2028 30 11 1 0
2029 29 22 1 0
2030 44 19 -1 0
2031 9 19 1 0
2032 16 14 1 0
2033 19 6 0 1
2034 29 7 -1 0
2035 94 7 1 0
2036 26 37 -1 0
2037 24 9 -1 0
2038 31 21 1 0
2039 19 39 0 -1
2040 29 27 0 -1
2041 7 37 0 1
2042 25 7 1 0
2043 96 14 0 -1
2044 27 1 0 1
2045 8 12 1 0
2046 30 29 -1 0
2047 40 19 0 1
2048 9 24 -1 0
2049 20 2 0 -1
2050 49 11 -1 0
2051 29 9 0 1
2052 39 30 0 -1
2053 35 26 0 -1
2054 22 0 0 1
2055 10 9 0 1
2056 38 21 1 0
2057 22 10 1 0
2058 74 18 0 1
2059 24 6 -1 0
2060 47 33 0 1
2061 94 30 0 1
2062 30 25 0 -1
2063 57 0 -1 0
2064 29 25 -1 0
2065 10 25 -1 0
2066 80 17 0 -1
2067 49 12 1 0
2068 35 21 1 0
2069 5 12 1 0
2070 30 22 0 -1
2071 37 5 1 0
2072 23 14 0 -1
2073 58 4 0 -1
2074 20 10 0 1
2075 79 33 0 1
2076 25 13 0 1
2077 98 25 0 1
2078 23 39 0 -1
2079 21 9 -1 0
2080 4 35 -1 0
2081 67 19 -1 0
2082 98 7 0 -1
2083 27 5 0 1
2084 99 22 -1 0
2085 27 21 0 1
2086 38 39 0 -1
2087 40 26 0 1
2088 2 13 0 1
2089 11 15 -1 0
2090 37 14 -1 0
2091 28 11 0 -1
2092 44 4 -1 0
2093 37 25 0 1
2094 42 18 1 0
2095 79 39 -1 0
2096 4 29 0 -1
2097 30 8 -1 0
2098 51 18 0 1
2099 84 17 -1 0
2100 27 37 -1 0
2101 28 4 0 -1
2102 23 25 1 0
2103 38 20 0 1
2104 26 22 1 0
2105 44 3 1 0
2106 37 1 0 -1
2107 26 29 0 -1
2108 35 20 -1 0
2109 90 28 -1 0
2110 24 39 0 1
2111 77 31 -1 0
2112 22 3 -1 0
2113 9 9 -1 0
2114 19 10 -1 0
2115 27 3 1 0
2116 70 9 0 1
2117 39 20 0 -1
2118 42 19 0 -1
2119 26 9 0 1
2120 98 15 1 0
2121 43 6 -1 0
2122 42 15 0 1
2123 67 2 0 1
2124 41 18 -1 0
2125 51 22 -1 0
2126 39 19 -1 0
2127 12 32 1 0
2128 53 37 0 -1
2129 6 9 0 -1
2130 28 26 0 -1
2131 28 14 0 1
2132 18 36 0 1
2133 36 20 1 0
2134 28 2 -1 0
2135 39 4 -1 0
2136 36 0 -1 0
2137 46 37 0 1
2138 19 8 0 1
2139 43 10 0 1
2140 91 25 -1 0
2141 46 6 0 1
2142 40 4 -1 0
2143 80 5 0 -1
2144 26 15 0 -1
2145 39 4 -1 0
2146 31 6 -1 0
2147 24 38 -1 0
2148 53 27 1 0
2149 19 33 0 1
2150 25 39 0 1
2151 40 10 1 0
2152 17 35 1 0
2153 0 31 -1 0
2154 52 22 1 0
2155 23 0 0 1
2156 54 16 1 0
2157 48 27 0 -1
2158 42 9 1 0
2159 40 24 0 1
2160 36 10 -1 0
2161 30 9 0 -1
2162 31 24 0 1
2163 31 18 1 0
2164 37 14 0 1
2165 98 22 0 1
2166 46 2 0 -1
2167 25 8 1 0
2168 31 8 0 -1
2169 58 6 -1 0
2170 79 28 0 1
2171 40 25 0 -1
2172 25 27 0 -1
2173 36 34 0 -1
2174 27 33 0 -1
2175 31 39 -1 0
2176 30 3 -1 0
2177 39 17 -1 0
2178 30 28 -1 0
2179 26 10 -1 0
2180 24 23 0 1
2181 39 18 0 1
2182 30 6 0 1
2183 16 12 0 1
2184 37 16 -1 0
2185 23 37 -1 0
2186 28 8 1 0
2187 36 22 1 0
2188 31 20 0 -1
2189 36 26 1 0
2190 39 22 0 -1
2191 41 16 0 1
2192 38 23 1 0
2193 29 21 1 0
2194 47 20 0 1
2195 40 16 -1 0
2196 16 7 0 1
2197 46 31 0 1
2198 75 13 -1 0
2199 23 36 0 1
2200 55 26 1 0
2201 31 18 0 1
2202 56 16 -1 0
2203 5 25 1 0
2204 20 33 0 1
2205 7 38 0 -1
2206 24 10 0 -1
2207 24 14 1 0
2208 26 25 -1 0
2209 27 24 0 -1
2210 42 25 0 -1
2211 53 34 1 0
2212 39 3 -1 0
2213 26 12 -1 0
2214 26 25 -1 0
2215 39 28 0 1
2216 25 38 0 1
2217 74 0 0 -1
2218 44 21 -1 0
2219 39 23 0 -1
2220 47 38 0 -1
2221 32 5 -1 0
2222 24 27 0 -1
2223 57 8 0 -1
2224 25 11 0 -1
2225 43 17 0 -1
2226 27 23 1 0
2227 21 12 0 1
2228 31 21 -1 0
2229 42 16 1 0
2230 31 25 0 -1
2231 35 26 -1 0
2232 44 17 0 1
2233 39 1 -1 0
2234 36 9 1 0
2235 23 4 0 1
2236 85 11 -1 0
2237 28 12 -1 0
2238 25 2 0 1
2239 47 18 0 -1
2240 8 16 -1 0
2241 32 13 0 -1
2242 37 29 1 0
2243 35 34 -1 0
2244 41 7 1 0
2245 38 13 -1 0
2246 36 25 0 -1
2247 70 1 1 0
2248 42 18 -1 0
2249 25 4 -1 0
2250 23 11 0 -1
2251 31 23 0 -1
2252 42 22 -1 0
2253 39 16 0 -1
2254 20 10 -1 0
2255 35 19 0 -1
2256 84 25 -1 0
2257 37 29 0 1
2258 46 13 -1 0
2259 89 6 0 1
2260 53 23 -1 0
2261 41 18 -1 0
2262 25 19 0 1
2263 17 18 0 1
2264 37 33 1 0
2265 24 9 1 0
2266 62 25 -1 0
2267 46 32 -1 0
2268 22 22 1 0
2269 14 31 0 1
2270 17 33 1 0
2271 54 35 0 1
2272 31 26 0 -1
2273 32 10 0 -1
2274 33 27 0 1
2275 76 30 1 0
2276 17 31 -1 0
2277 32 36 0 1
2278 28 19 -1 0
2279 38 25 1 0
2280 39 27 0 -1
2281 75 33 1 0
2282 20 8 1 0
2283 8 26 1 0
2284 41 22 0 1
2285 2 35 1 0
2286 16 35 0 -1
2287 37 13 0 -1
2288 24 25 0 -1
2289 42 33 0 1
2290 50 29 1 0
2291 19 28 1 0
2292 43 24 0 1
2293 36 5 -1 0
2294 27 15 0 -1
2295 41 24 -1 0
2296 30 9 0 -1
2297 81 8 0 1
2298 53 23 -1 0
2299 97 4 -1 0
2300 28 6 1 0
2301 29 24 0 -1
2302 26 31 1 0
2303 19 30 -1 0
2304 6 29 0 -1
2305 22 34 1 0
2306 44 3 1 0
2307 43 16 -1 0
2308 39 26 -1 0
2309 18 2 0 1
2310 48 15 0 -1
2311 81 5 1 0
2312 23 10 0 1
2313 41 23 0 -1
2314 24 24 1 0
2315 67 36 -1 0
2316 28 20 -1 0
2317 38 8 -1 0
2318 30 22 0 -1
2319 8 29 0 1
2320 81 36 0 1
2321 38 28 0 1
2322 39 38 -1 0
2323 26 15 0 -1
2324 35 38 0 1
2325 81 15 -1 0
2326 92 6 0 1
2327 34 10 0 1
2328 30 0 0 -1
2329 36 5 -1 0
2330 31 7 0 -1
2331 38 19 0 1
2332 11 30 -1 0
2333 19 35 0 -1
2334 46 11 0 -1
2335 13 39 0 1
2336 39 2 1 0
2337 43 16 0 1
2338 30 10 0 -1
2339 32 10 0 1
2340 48 3 0 -1
2341 15 25 -1 0
2342 81 23 0 1
2343 26 28 -1 0
2344 34 27 -1 0
2345 36 13 0 -1
2346 56 14 0 -1
2347 89 22 0 1
2348 27 15 -1 0
2349 41 23 0 1
2350 20 7 1 0
2351 42 8 0 1
2352 47 25 0 1
2353 50 31 0 1
2354 21 6 0 1
2355 17 26 -1 0
2356 13 39 -1 0
2357 76 34 0 1
2358 45 8 0 -1
2359 41 24 0 1
2360 43 24 -1 0
2361 23 9 1 0
2362 39 37 1 0
2363 41 20 1 0
2364 46 17 -1 0
2365 17 32 1 0
2366 80 35 0 -1
2367 23 24 -1 0
2368 40 3 0 -1
2369 39 28 -1 0
2370 75 10 0 1
2371 37 12 1 0
2372 20 31 0 1
2373 9 7 0 -1
2374 25 26 0 1
2375 30 8 1 0
2376 47 0 -1 0
2377 87 38 1 0
2378 22 27 1 0
2379 39 15 -1 0
2380 91 12 1 0
2381 70 15 0 -1
2382 28 30 -1 0
2383 9 39 0 1
2384 18 20 -1 0
2385 23 38 -1 0
2386 28 6 0 1
2387 28 36 1 0
2388 4 7 -1 0
2389 64 31 1 0
2390 39 0 -1 0
2391 39 6 -1 0
2392 94 6 -1 0
2393 24 37 0 1
2394 21 36 0 1
2395 39 22 1 0
2396 42 2 -1 0
2397 53 12 1 0
2398 22 22 -1 0
2399 15 19 1 0
2400 16 16 0 -1
2401 2 20 0 1
2402 91 27 0 1
2403 15 5 0 -1
2404 35 3 -1 0
2405 17 28 0 -1
2406 36 25 0 -1
2407 31 22 1 0
2408 32 11 0 -1
2409 42 31 0 -1
2410 26 5 0 -1
2411 25 27 0 1
2412 57 16 -1 0
2413 47 22 0 -1
2414 61 15 1 0
2415 89 13 1 0
2416 24 6 -1 0
2417 35 27 1 0
2418 84 2 0 1
2419 6 7 1 0
2420 26 24 1 0
2421 25 37 1 0
2422 81 34 1 0
2423 27 2 -1 0
2424 30 13 0 -1
2425 23 22 0 1
2426 38 10 1 0
2427 8 0 1 0
2428 67 21 1 0
2429 45 1 -1 0
2430 30 33 0 1
2431 19 5 1 0
2432 96 15 1 0
2433 2 18 -1 0
2434 16 17 0 1
2435 21 7 0 1
2436 31 19 0 -1
2437 71 32 1 0
2438 37 19 0 -1
2439 9 1 0 -1
2440 28 2 -1 0
2441 93 26 0 1
2442 42 16 -1 0
2443 9 18 -1 0
2444 42 1 0 -1
2445 24 12 0 -1
2446 18 16 0 1
2447 29 18 0 1
2448 20 12 -1 0
2449 56 18 0 -1
2450 10 31 -1 0
2451 63 12 1 0
2452 1 13 0 -1
2453 38 29 0 -1
2454 4 10 0 -1
2455 34 37 1 0
2456 21 38 0 1
2457 36 11 0 -1
2458 43 13 0 1
2459 25 4 1 0
2460 23 16 -1 0
2461 50 3 0 1
2462 41 21 -1 0
2463 55 11 1 0
2464 72 9 -1 0
2465 94 20 -1 0
2466 24 24 -1 0
2467 43 13 0 1
2468 99 26 0 1
2469 43 24 0 1
2470 32 19 0 -1
2471 37 20 0 1
2472 54 7 -1 0
2473 35 1 -1 0
2474 3 36 1 0
2475 4 7 -1 0
2476 86 18 0 1
2477 36 19 1 0
2478 78 30 -1 0
2479 44 20 0 -1
2480 37 13 -1 0
2481 95 26 0 -1
2482 26 26 1 0
2483 44 18 0 -1
2484 26 7 -1 0
2485 61 13 1 0
2486 18 21 0 1
2487 7 31 -1 0
2488 25 5 0 -1
2489 34 0 0 -1
2490 16 22 0 -1
2491 27 21 0 1
2492 91 38 1 0
2493 77 8 0 -1
2494 98 34 1 0
2495 26 38 0 1
2496 25 3 0 1
2497 38 37 0 1
2498 0 10 1 0
2499 9 24 1 0
2500 95 35 0 -1
2501 44 22 0 1
2502 31 13 0 -1
2503 35 31 1 0
2504 35 14 -1 0
2505 28 26 0 -1
2506 25 26 0 1
2507 36 20 1 0
2508 43 12 -1 0
2509 61 33 0 1
2510 41 3 0 -1
2511 88 11 0 1
2512 32 11 0 1
2513 26 39 0 1
2514 97 24 0 1
2515 39 25 1 0
2516 36 10 -1 0
2517 42 17 1 0
2518 42 23 0 -1
2519 29 25 -1 0
2520 36 9 -1 0
2521 26 2 1 0
2522 35 19 -1 0
2523 37 15 0 -1
2524 24 26 0 -1
2525 23 9 -1 0
2526 22 5 0 1
2527 36 12 0 -1
2528 40 21 0 1
2529 25 5 0 -1
2530 38 24 1 0
2531 35 11 0 -1
2532 35 32 0 1
2533 14 33 0 -1
2534 15 6 0 1
2535 6 37 0 -1
2536 45 28 -1 0
2537 21 22 -1 0
2538 43 15 -1 0
2539 27 26 0 1
2540 26 39 -1 0
2541 16 18 0 -1
2542 4 6 0 1
2543 25 13 1 0
2544 37 13 0 1
2545 50 38 1 0
2546 36 8 0 -1
2547 10 38 0 -1
2548 27 30 0 -1
2549 31 39 1 0
2550 26 29 0 1
2551 97 13 0 -1
2552 27 9 1 0
2553 27 1 1 0
2554 9 0 0 -1
2555 15 8 0 1
2556 13 26 0 1
2557 20 7 0 1
2558 43 1 -1 0
2559 36 4 0 1
2560 60 32 -1 0
2561 36 4 0 1
2562 6 36 0 -1
2563 42 37 0 1
2564 38 12 0 -1
2565 38 22 1 0
2566 38 27 1 0
2567 11 3 -1 0
2568 45 19 -1 0
2569 91 9 1 0
2570 42 17 1 0
2571 43 33 0 -1
2572 39 37 -1 0
2573 39 5 -1 0
2574 6 24 -1 0
2575 25 9 -1 0
2576 37 16 1 0
2577 96 33 0 -1
2578 29 17 0 1
2579 45 37 0 1
2580 22 13 -1 0
2581 39 0 -1 0
2582 43 2 0 1
2583 2 37 1 0
2584 43 16 -1 0
2585 22 2 0 1
2586 31 12 -1 0
2587 15 23 -1 0
2588 30 11 -1 0
2589 2 3 1 0
2590 27 32 0 -1
2591 76 32 1 0
2592 29 24 1 0
2593 27 12 1 0
2594 15 28 -1 0
2595 26 26 0 -1
2596 19 19 0 1
2597 29 8 0 -1
2598 89 17 1 0
2599 28 29 -1 0
2600 35 23 0 -1
2601 29 19 -1 0
2602 37 22 -1 0
2603 6 2 0 -1
2604 26 16 -1 0
2605 26 24 1 0
2606 12 27 0 1
2607 25 25 0 1
2608 28 14 1 0
2609 28 4 0 1
2610 23 36 0 1
2611 10 27 0 1
2612 24 25 0 -1
2613 31 0 0 -1
2614 34 20 0 1
2615 38 24 0 1
2616 93 37 1 0
2617 6 23 0 -1
2618 44 19 1 0
2619 26 25 0 1
2620 45 25 -1 0
2621 13 11 0 1
2622 27 18 1 0
2623 99 28 1 0
2624 35 30 -1 0
2625 5 27 0 -1
2626 43 3 0 -1
2627 24 8 0 1
2628 26 6 0 1
2629 39 25 0 -1
2630 27 27 -1 0
2631 19 31 0 -1
2632 40 10 -1 0
2633 32 13 0 -1
2634 37 33 0 -1
2635 75 24 -1 0
2636 77 18 0 -1
2637 54 12 0 1
2638 55 26 -1 0
2639 23 24 1 0
2640 41 15 -1 0
2641 8 32 0 1
2642 99 18 1 0
2643 29 6 0 1
2644 90 7 0 1
2645 24 2 0 -1
2646 9 23 1 0
2647 42 2 0 -1
2648 39 7 1 0
2649 23 3 1 0
2650 43 23 -1 0
2651 12 13 0 -1
2652 11 2 0 -1
2653 9 30 -1 0
2654 46 17 0 1
2655 26 4 -1 0
2656 7 7 0 -1
2657 53 27 0 -1
2658 34 5 1 0
2659 23 39 0 -1
2660 26 1 0 -1
2661 41 27 0 -1
2662 71 38 1 0
2663 29 35 0 1
2664 30 33 0 -1
2665 40 18 1 0
2666 28 19 0 -1
2667 24 22 -1 0
2668 39 11 1 0
2669 40 3 0 -1
2670 37 21 0 -1
2671 29 13 0 1
2672 2 38 1 0
2673 68 29 0 -1
2674 8 33 0 1
2675 18 8 0 -1
2676 36 12 1 0
2677 62 11 0 -1
2678 44 23 1 0
2679 30 39 1 0
2680 42 23 0 -1
2681 22 7 1 0
2682 32 36 0 1
2683 43 34 1 0
2684 40 15 0 1
2685 19 0 0 1
2686 26 4 -1 0
2687 37 19 0 -1
2688 39 10 -1 0
2689 11 22 1 0
2690 31 8 -1 0
2691 44 7 0 -1
2692 42 21 0 1
2693 31 14 0 -1
2694 21 19 1 0
2695 28 27 0 -1
2696 31 16 -1 0
2697 26 38 1 0
2698 29 5 1 0
2699 29 38 0 -1
2700 98 35 0 -1
2701 38 24 1 0
2702 25 11 0 -1
2703 28 24 1 0
2704 26 11 -1 0
2705 16 29 -1 0
2706 44 15 0 1
2707 79 7 -1 0
2708 27 34 0 -1
2709 47 33 0 1
2710 40 18 0 -1
2711 24 23 -1 0
2712 95 11 1 0
2713 36 24 0 1
2714 54 14 1 0
2715 58 26 -1 0
2716 22 3 1 0
2717 29 21 1 0
2718 38 21 0 -1
2719 26 0 -1 0
2720 41 33 0 -1
2721 18 7 0 1
2722 29 36 0 1
2723 40 0 -1 0
2724 23 4 1 0
2725 25 29 1 0
2726 43 14 0 -1
2727 61 32 0 -1
2728 41 12 1 0
2729 7 10 -1 0
2730 80 37 0 1
2731 57 19 1 0
2732 50 32 0 -1
2733 98 1 0 1
2734 15 33 1 0
2735 42 12 0 1
2736 38 6 0 -1
2737 36 19 0 -1
2738 24 28 1 0
2739 16 25 0 1
2740 89 29 -1 0
2741 27 14 1 0
2742 20 19 -1 0
2743 26 23 1 0
2744 41 26 -1 0
2745 25 29 0 -1
2746 18 19 0 1
2747 36 12 -1 0
2748 23 5 0 1
2749 44 5 -1 0
2750 58 8 -1 0
2751 63 25 0 1
2752 26 21 1 0
2753 28 8 0 -1
2754 45 19 0 -1
2755 98 18 -1 0
2756 32 39 -1 0
2757 78 8 -1 0
2758 12 14 0 -1
2759 37 21 0 -1
2760 26 29 1 0
2761 29 28 -1 0
2762 7 25 0 1
2763 86 8 1 0
2764 24 1 0 1
2765 41 23 1 0
2766 23 21 1 0
2767 92 33 0 -1
2768 37 34 0 -1
2769 26 6 0 1
2770 78 10 1 0
2771 99 26 1 0
2772 41 28 0 -1
2773 26 2 0 -1
2774 38 23 -1 0
2775 36 9 1 0
2776 18 38 0 -1
2777 82 29 0 -1
2778 76 27 0 1
2779 39 23 0 1
2780 30 15 1 0
2781 30 24 0 1
2782 22 4 0 -1
2783 60 25 0 -1
2784 20 2 1 0
2785 36 27 0 -1
2786 31 6 1 0
2787 26 13 -1 0
2788 29 34 0 1
2789 20 11 0 -1
2790 18 5 1 0
2791 98 11 -1 0
2792 25 27 0 -1
2793 10 25 0 -1
2794 78 9 0 1
2795 63 24 1 0
2796 22 2 0 1
2797 1 21 0 1
2798 14 24 0 1
2799 45 16 -1 0
