0 14 29 0 -1
1 28 33 -1 0
2 55 16 -1 0
3 94 14 0 -1
4 41 34 1 0
5 16 29 0 1
6 84 8 0 1
7 25 1 -1 0
8 85 0 -1 0
9 54 15 0 1
10 0 27 0 1
11 16 11 1 0
12 33 13 1 0
13 92 28 0 1
14 43 23 1 0
15 11 7 -1 0
16 38 10 0 -1
17 39 21 1 0
18 41 21 1 0
19 21 32 0 1
20 53 21 -1 0
21 87 10 0 -1
22 6 8 0 -1
23 4 3 0 1
24 7 39 1 0
25 90 13 -1 0
26 76 12 -1 0
27 0 22 1 0
28 31 3 -1 0
29 20 32 0 -1
30 0 10 0 -1
31 49 32 0 -1
32 41 37 0 1
33 53 24 -1 0
34 27 37 -1 0
35 56 12 1 0
36 19 12 -1 0
37 25 31 0 1
38 52 38 1 0
39 84 6 1 0
40 12 2 1 0
41 21 26 -1 0
42 15 17 0 1
43 76 36 0 -1
44 19 26 0 1
45 38 30 0 -1
46 96 10 -1 0
47 38 31 -1 0
48 57 0 0 1
49 11 31 0 -1
50 38 22 0 1
51 60 25 0 -1
52 46 23 0 -1
53 83 23 1 0
54 38 24 0 1
55 44 31 -1 0
56 11 12 0 -1
57 39 2 -1 0
58 90 1 1 0
59 97 3 -1 0
60 23 25 -1 0
61 66 1 1 0
62 19 19 -1 0
63 27 19 0 -1
64 12 25 0 1
65 10 31 0 -1
66 15 0 -1 0
67 74 11 1 0
68 30 30 0 1
69 88 6 -1 0
70 43 8 -1 0
71 63 0 0 -1
72 28 28 -1 0
73 66 32 0 -1
74 54 24 0 -1
75 5 17 -1 0
76 71 21 0 -1
77 63 21 0 1
78 59 28 0 -1
79 22 10 0 -1
80 34 23 0 1
81 40 32 1 0
82 13 4 1 0
83 87 26 -1 0
84 90 0 0 1
85 25 17 -1 0
86 85 37 0 -1
87 38 7 0 -1
88 92 17 1 0
89 36 19 0 -1
90 50 39 -1 0
91 0 16 1 0
92 79 1 0 -1
93 40 25 0 1
94 11 34 1 0
95 84 32 1 0
96 62 25 0 1
97 40 26 0 1
98 83 25 0 -1
99 21 7 -1 0
100 52 15 -1 0
101 45 2 0 1
102 44 10 0 1
103 23 30 1 0
104 55 30 1 0
105 97 1 1 0
106 92 9 -1 0
107 12 3 0 1
108 98 19 0 1
109 28 28 1 0
110 90 0 1 0
111 68 31 0 1
112 19 10 0 -1
113 42 28 -1 0
114 37 30 0 1
115 50 19 -1 0
116 91 5 1 0
117 71 1 1 0
118 25 19 1 0
119 11 12 0 -1
120 30 13 0 -1
121 68 28 1 0
122 91 24 0 -1
123 35 6 -1 0
124 48 15 -1 0
125 18 31 -1 0
126 77 38 1 0
127 61 22 -1 0
128 16 9 0 1
129 29 7 1 0
130 93 36 1 0
131 37 13 1 0
132 90 25 1 0
133 17 1 0 -1
134 39 35 0 1
135 17 1 0 1
136 28 38 1 0
137 43 22 -1 0
138 21 15 1 0
139 20 1 -1 0
140 41 17 -1 0
141 94 9 1 0
142 90 5 0 1
143 69 3 -1 0
144 42 35 0 1
145 94 16 0 -1
146 97 31 1 0
147 40 34 0 1
148 29 33 0 1
149 19 24 0 1
150 15 27 0 1
151 11 37 0 -1
152 9 30 -1 0
153 52 15 0 -1
154 15 16 -1 0
155 60 39 0 1
156 98 34 -1 0
157 96 8 0 1
158 2 34 1 0
159 24 32 -1 0
160 46 29 -1 0
161 7 23 0 1
162 20 20 0 -1
163 25 24 -1 0
164 80 3 -1 0
165 20 12 -1 0
166 28 8 -1 0
167 59 21 0 -1
168 18 6 -1 0
169 42 18 -1 0
170 28 3 1 0
171 30 19 1 0
172 64 26 1 0
173 87 38 1 0
174 17 2 0 1
175 55 16 0 -1
176 48 22 0 -1
177 93 28 1 0
178 81 2 1 0
179 26 28 0 -1
180 1 5 1 0
181 11 1 -1 0
182 42 38 0 -1
183 31 8 1 0
184 39 19 0 1
185 22 7 0 1
186 40 26 1 0
187 3 37 1 0
188 21 37 0 -1
189 14 30 0 1
190 47 14 0 -1
191 19 38 0 -1
192 25 11 0 -1
193 96 3 -1 0
194 85 11 -1 0
195 19 9 0 1
196 86 27 1 0
197 16 18 1 0
198 12 11 -1 0
199 82 38 0 -1
200 41 6 0 1
201 28 9 0 1
202 20 33 0 1
203 3 27 -1 0
204 1 34 0 -1
205 4 8 -1 0
206 95 19 0 -1
207 60 14 0 1
208 24 34 1 0
209 59 28 -1 0
210 15 35 0 -1
211 78 39 0 1
212 65 30 0 1
213 71 2 0 -1
214 64 25 0 -1
215 43 38 0 1
216 23 32 1 0
217 36 0 0 1
218 27 35 1 0
219 36 4 0 -1
220 60 8 0 -1
221 77 27 0 1
222 15 17 -1 0
223 6 28 -1 0
224 43 1 1 0
225 17 27 0 1
226 41 31 1 0
227 20 39 -1 0
228 73 5 -1 0
229 66 36 0 -1
230 53 9 1 0
231 21 22 0 -1
232 73 39 1 0
233 24 6 0 1
234 18 1 0 -1
235 38 28 0 1
236 90 36 -1 0
237 33 23 0 1
238 43 11 -1 0
239 79 3 1 0
240 84 6 1 0
241 98 4 0 1
242 89 1 -1 0
243 99 25 0 1
244 13 34 1 0
245 32 24 0 -1
246 31 22 1 0
247 97 39 1 0
248 40 6 -1 0
249 50 10 0 1
250 43 37 1 0
251 36 25 -1 0
252 42 15 0 -1
253 3 31 -1 0
254 62 29 0 -1
255 58 32 -1 0
256 23 34 0 -1
257 29 10 1 0
258 3 25 0 -1
259 16 4 1 0
260 87 38 0 1
261 30 11 0 -1
262 96 14 0 -1
263 57 8 0 1
264 33 7 0 1
265 78 11 0 1
266 57 33 0 -1
267 66 35 0 1
268 72 27 -1 0
269 61 18 1 0
270 95 18 0 1
271 85 4 0 -1
272 66 5 1 0
273 39 23 0 -1
274 79 2 0 1
275 26 9 1 0
276 52 17 0 -1
277 38 18 0 -1
278 9 18 0 1
279 63 10 0 -1
280 14 28 1 0
281 22 34 1 0
282 97 10 1 0
283 99 33 -1 0
284 23 1 -1 0
285 3 21 0 1
286 68 5 1 0
287 27 1 0 -1
288 42 9 0 -1
289 4 37 0 1
290 90 11 0 1
291 77 4 1 0
292 91 38 0 1
293 62 0 0 -1
294 31 21 0 -1
295 51 10 0 -1
296 71 20 0 -1
297 56 25 0 -1
298 19 35 0 -1
299 22 30 0 -1
300 54 27 -1 0
301 67 1 0 1
302 62 37 -1 0
303 74 30 -1 0
304 97 33 -1 0
305 61 23 -1 0
306 53 21 0 -1
307 39 28 0 -1
308 43 2 1 0
309 38 0 0 1
310 18 23 0 1
311 20 33 0 -1
312 30 13 0 1
313 66 38 -1 0
314 2 14 -1 0
315 21 17 0 1
316 37 5 0 1
317 82 22 -1 0
318 38 9 -1 0
319 98 11 0 1
320 29 15 -1 0
321 93 37 0 -1
322 78 2 -1 0
323 62 0 -1 0
324 30 8 1 0
325 2 19 0 1
326 44 11 0 -1
327 35 22 0 -1
328 52 20 -1 0
329 31 11 0 1
330 91 27 0 -1
331 14 30 0 1
332 3 18 0 -1
333 60 24 1 0
334 86 23 -1 0
335 37 8 0 1
336 50 2 0 1
337 3 2 0 -1
338 94 19 0 1
339 3 15 0 1
340 91 21 0 1
341 47 38 0 1
342 24 25 0 -1
343 3 13 0 1
344 70 32 -1 0
345 15 17 0 1
346 96 5 0 1
347 1 38 0 1
348 13 8 0 -1
349 1 19 0 -1
350 49 9 0 -1
351 38 12 0 -1
352 12 22 0 1
353 51 25 0 -1
354 51 39 -1 0
355 28 18 0 -1
356 23 28 0 -1
357 26 32 0 1
358 83 23 1 0
359 64 38 0 1
360 76 10 0 -1
361 27 1 0 -1
362 63 2 0 -1
363 16 14 -1 0
364 82 22 -1 0
365 15 27 1 0
366 74 33 0 1
367 80 8 0 1
368 44 5 -1 0
369 96 21 0 1
370 86 17 -1 0
371 87 29 0 -1
372 28 28 1 0
373 63 18 -1 0
374 42 14 -1 0
375 29 9 0 -1
376 30 38 -1 0
377 0 21 -1 0
378 69 29 1 0
379 61 5 0 -1
380 84 35 -1 0
381 74 36 0 1
382 0 12 1 0
383 65 16 -1 0
384 68 6 -1 0
385 44 36 0 -1
386 42 21 0 -1
387 90 9 1 0
388 78 31 -1 0
389 38 14 1 0
390 41 38 0 -1
391 19 6 0 -1
392 97 7 -1 0
393 59 26 1 0
394 28 15 1 0
395 73 33 0 -1
396 51 15 0 1
397 89 22 0 1
398 39 7 0 1
399 45 14 0 -1
400 72 6 -1 0
401 13 24 -1 0
402 80 32 -1 0
403 95 30 0 -1
404 28 26 0 1
405 27 7 0 -1
406 16 22 -1 0
407 56 10 1 0
408 41 6 0 1
409 23 28 0 -1
410 16 29 0 -1
411 23 36 -1 0
412 65 6 0 1
413 25 28 0 -1
414 96 23 0 1
415 12 32 -1 0
416 55 30 0 1
417 68 10 0 -1
418 92 29 -1 0
419 1 34 -1 0
420 37 30 -1 0
421 67 3 0 -1
422 37 23 -1 0
423 91 17 0 1
424 89 19 0 1
425 35 24 0 1
426 5 12 -1 0
427 96 25 -1 0
428 62 2 -1 0
429 43 15 1 0
430 37 4 0 1
431 9 36 0 -1
432 82 4 0 -1
433 43 8 0 -1
434 10 9 0 1
435 20 18 -1 0
436 39 23 0 1
437 49 7 -1 0
438 51 36 0 -1
439 43 27 1 0
440 45 28 1 0
441 34 6 0 1
442 2 5 0 -1
443 39 21 -1 0
444 5 33 0 -1
445 91 22 -1 0
446 74 37 0 1
447 45 9 0 1
448 29 27 1 0
449 40 38 1 0
450 98 30 0 1
451 42 36 1 0
452 46 28 1 0
453 87 4 0 1
454 20 30 -1 0
455 45 32 1 0
456 48 13 0 1
457 8 1 1 0
458 25 35 -1 0
459 52 35 0 -1
460 18 24 -1 0
461 35 22 0 1
462 63 11 0 1
463 59 26 1 0
464 20 13 1 0
465 26 1 0 1
466 11 19 -1 0
467 72 18 0 1
468 48 26 0 1
469 68 10 -1 0
470 8 3 0 -1
471 31 13 0 1
472 42 39 0 -1
473 27 36 0 -1
474 22 25 1 0
475 48 11 0 1
476 44 34 -1 0
477 51 37 0 -1
478 68 3 -1 0
479 1 32 0 -1
480 52 11 0 -1
481 27 14 1 0
482 38 18 -1 0
483 29 37 0 1
484 52 19 -1 0
485 76 28 1 0
486 99 14 1 0
487 37 24 0 1
488 1 0 1 0
489 94 30 1 0
490 45 30 -1 0
491 13 14 0 -1
492 96 9 1 0
493 39 13 0 -1
494 83 4 -1 0
495 54 19 0 1
496 49 6 1 0
497 81 39 0 -1
498 29 35 -1 0
499 64 34 0 -1
500 50 38 1 0
501 20 22 1 0
502 36 5 -1 0
503 25 0 0 1
504 6 29 0 -1
505 37 16 0 1
506 19 12 -1 0
507 28 19 0 1
508 44 34 0 -1
509 80 30 -1 0
510 46 39 -1 0
511 16 7 1 0
512 84 39 0 -1
513 30 10 1 0
514 47 36 0 -1
515 40 9 0 -1
516 43 31 0 1
517 87 28 1 0
518 22 28 1 0
519 42 24 0 -1
520 27 34 1 0
521 66 38 0 -1
522 43 11 0 -1
523 43 19 1 0
524 25 16 0 1
525 33 26 0 1
526 63 25 0 1
527 85 32 0 1
528 20 25 1 0
529 84 29 0 1
530 90 0 1 0
531 44 36 -1 0
532 56 17 1 0
533 17 34 1 0
534 8 7 0 -1
535 8 10 -1 0
536 50 12 1 0
537 17 36 1 0
538 39 11 -1 0
539 38 17 0 -1
540 17 6 0 1
541 29 18 1 0
542 5 11 -1 0
543 44 38 -1 0
544 22 1 -1 0
545 39 36 0 1
546 68 12 0 1
547 17 10 0 -1
548 17 5 0 1
549 92 2 0 -1
550 17 20 -1 0
551 87 39 1 0
552 35 16 -1 0
553 11 26 1 0
554 35 16 1 0
555 78 6 -1 0
556 17 3 0 1
557 17 11 0 1
558 80 1 -1 0
559 57 7 0 -1
560 50 35 0 -1
561 21 13 0 -1
562 22 34 0 1
563 23 23 1 0
564 81 31 0 -1
565 23 19 0 -1
566 44 3 1 0
567 99 39 0 1
568 89 5 1 0
569 50 39 -1 0
570 27 22 0 -1
571 44 3 0 -1
572 19 17 0 1
573 94 21 0 1
574 39 0 0 1
575 52 22 0 -1
576 45 15 -1 0
577 21 1 -1 0
578 21 29 1 0
579 42 8 0 -1
580 2 10 0 1
581 61 14 -1 0
582 96 10 0 1
583 41 7 -1 0
584 47 4 0 1
585 35 7 -1 0
586 80 29 -1 0
587 39 28 -1 0
588 23 34 0 -1
589 10 11 -1 0
590 53 4 0 1
591 29 14 0 1
592 96 23 0 -1
593 72 8 -1 0
594 28 15 -1 0
595 22 34 0 -1
596 41 13 0 -1
597 38 5 0 -1
598 18 37 1 0
599 66 8 0 -1
600 39 37 0 -1
601 12 12 -1 0
602 71 36 0 1
603 88 32 -1 0
604 43 3 0 1
605 29 34 -1 0
606 25 10 -1 0
607 44 2 0 1
608 12 15 1 0
609 35 33 -1 0
610 41 25 0 1
611 46 19 0 1
612 71 24 0 1
613 95 20 -1 0
614 45 3 -1 0
615 93 18 0 -1
616 26 27 1 0
617 35 25 0 -1
618 37 34 -1 0
619 11 30 1 0
620 58 13 0 -1
621 29 15 0 -1
622 40 9 0 -1
623 35 27 -1 0
624 84 3 0 -1
625 20 25 1 0
626 39 19 1 0
627 90 16 0 -1
628 41 13 0 -1
629 49 15 0 1
630 69 27 1 0
631 20 0 1 0
632 20 8 1 0
633 54 12 1 0
634 50 18 0 1
635 23 24 -1 0
636 15 28 0 -1
637 18 24 1 0
638 15 5 0 -1
639 9 37 -1 0
640 61 6 0 -1
641 38 29 1 0
642 75 31 -1 0
643 60 5 -1 0
644 86 32 -1 0
645 40 7 0 -1
646 73 34 1 0
647 44 11 -1 0
648 18 8 -1 0
649 24 2 1 0
650 50 11 0 -1
651 44 24 -1 0
652 40 10 0 -1
653 5 5 -1 0
654 47 3 0 -1
655 22 12 0 1
656 29 19 -1 0
657 63 31 0 1
658 87 14 0 1
659 76 18 -1 0
660 18 15 0 1
661 13 9 -1 0
662 53 29 -1 0
663 4 9 -1 0
664 38 1 0 -1
665 60 30 0 -1
666 45 2 1 0
667 45 14 0 -1
668 55 25 -1 0
669 49 27 -1 0
670 54 0 0 -1
671 24 17 -1 0
672 30 36 0 1
673 61 17 0 1
674 43 13 0 -1
675 41 31 -1 0
676 61 17 0 1
677 75 37 0 1
678 33 16 0 1
679 25 37 -1 0
680 21 16 1 0
681 80 38 -1 0
682 5 38 -1 0
683 27 10 0 -1
684 23 24 1 0
685 14 12 0 -1
686 34 19 0 1
687 33 7 -1 0
688 46 26 0 1
689 26 6 0 1
690 64 36 1 0
691 98 31 0 -1
692 40 37 -1 0
693 33 30 0 1
694 17 24 0 -1
695 37 15 0 -1
696 77 19 1 0
697 58 33 0 -1
698 75 16 0 -1
699 84 5 1 0
700 95 28 0 -1
701 29 21 1 0
702 39 24 0 -1
703 1 19 0 1
704 42 22 0 1
705 7 17 0 1
706 53 24 0 1
707 26 34 0 1
708 38 36 0 -1
709 44 38 0 1
710 48 1 0 -1
711 66 0 -1 0
712 4 13 0 1
713 82 15 1 0
714 39 12 -1 0
715 88 35 0 -1
716 77 28 0 1
717 0 39 1 0
718 25 35 -1 0
719 65 20 0 1
720 28 20 -1 0
721 90 3 -1 0
722 28 29 1 0
723 7 8 0 1
724 48 18 1 0
725 39 22 0 -1
726 15 0 0 1
727 1 35 0 1
728 77 13 -1 0
729 97 39 1 0
730 22 28 0 -1
731 26 26 0 -1
732 39 2 0 -1
733 87 32 -1 0
734 18 20 0 -1
735 41 38 1 0
736 20 37 1 0
737 58 6 -1 0
738 81 23 0 -1
739 83 0 0 1
740 94 18 1 0
741 93 15 0 -1
742 10 18 -1 0
743 70 27 1 0
744 89 21 1 0
745 25 20 1 0
746 6 0 0 1
747 52 11 0 -1
748 9 35 1 0
749 20 17 0 1
750 79 15 -1 0
751 23 38 0 -1
752 43 5 0 -1
753 79 2 0 1
754 41 39 0 -1
755 42 17 0 -1
756 16 13 -1 0
757 24 27 -1 0
758 25 15 0 1
759 10 31 0 -1
760 50 33 1 0
761 55 6 -1 0
762 33 30 0 -1
763 0 21 0 -1
764 29 4 1 0
765 10 7 1 0
766 98 7 -1 0
767 36 0 1 0
768 89 10 0 1
769 97 28 1 0
770 16 4 1 0
771 18 9 0 1
772 45 31 0 1
773 71 37 1 0
774 40 18 -1 0
775 16 28 0 1
776 40 38 0 -1
777 44 9 0 -1
778 74 18 0 -1
779 45 4 0 -1
780 40 35 0 1
781 16 11 -1 0
782 26 11 -1 0
783 20 6 0 -1
784 50 20 0 1
785 40 38 0 1
786 16 7 0 -1
787 16 15 0 1
788 97 31 -1 0
789 19 2 -1 0
790 27 11 0 1
791 21 15 0 -1
792 47 6 0 -1
793 43 26 1 0
794 7 23 -1 0
795 46 0 0 1
796 23 27 0 1
797 59 31 1 0
798 4 26 -1 0
799 42 35 1 0
800 39 17 -1 0
801 7 28 1 0
802 58 7 0 -1
803 51 9 0 -1
804 26 16 0 -1
805 0 33 -1 0
806 3 39 1 0
807 19 34 -1 0
808 4 35 0 -1
809 44 28 0 1
810 26 24 1 0
811 17 37 -1 0
812 34 16 0 1
813 58 13 1 0
814 95 15 0 -1
815 40 37 1 0
816 97 14 0 -1
817 43 24 0 1
818 79 9 1 0
819 51 19 0 -1
820 26 25 -1 0
821 76 29 1 0
822 48 24 1 0
823 56 14 0 1
824 34 24 -1 0
825 87 1 0 1
826 50 34 1 0
827 23 31 0 -1
828 22 27 1 0
829 88 22 0 -1
830 37 9 0 -1
831 13 17 -1 0
832 23 33 0 1
833 83 33 0 -1
834 30 21 1 0
835 49 37 0 1
836 37 25 0 -1
837 45 38 1 0
838 70 17 0 -1
839 36 31 0 1
840 38 19 -1 0
841 87 17 -1 0
842 38 25 1 0
843 42 35 1 0
844 29 39 0 -1
845 15 8 0 -1
846 51 26 1 0
847 10 20 1 0
848 79 13 0 1
849 76 18 0 1
850 80 23 0 1
851 22 2 1 0
852 8 0 0 1
853 41 1 -1 0
854 59 29 1 0
855 44 25 -1 0
856 14 16 1 0
857 0 19 -1 0
858 42 9 0 -1
859 9 36 0 -1
860 25 23 -1 0
861 38 25 1 0
862 27 18 0 1
863 37 26 0 -1
864 69 19 1 0
865 26 27 -1 0
866 61 2 0 1
867 22 20 0 1
868 22 30 1 0
869 51 17 0 1
870 53 27 1 0
871 46 3 0 -1
872 18 22 0 -1
873 66 19 0 1
874 37 6 0 -1
875 26 2 1 0
876 21 32 0 -1
877 86 6 1 0
878 65 15 0 1
879 12 27 1 0
880 51 30 1 0
881 21 25 0 -1
882 25 29 0 -1
883 37 6 1 0
884 18 38 1 0
885 49 9 1 0
886 95 39 0 -1
887 8 10 0 -1
888 6 36 0 -1
889 37 11 0 1
890 98 21 0 -1
891 88 13 0 -1
892 47 31 0 -1
893 54 24 1 0
894 78 2 0 -1
895 33 23 1 0
896 21 39 -1 0
897 77 23 -1 0
898 11 8 0 -1
899 45 33 0 1
900 27 4 0 1
901 41 13 0 -1
902 40 34 0 -1
903 21 38 0 1
904 77 22 0 -1
905 26 33 0 -1
906 19 23 1 0
907 76 23 0 1
908 91 31 -1 0
909 2 39 -1 0
910 97 7 0 1
911 42 16 -1 0
912 48 16 0 -1
913 73 23 1 0
914 35 23 -1 0
915 48 3 0 1
916 41 5 0 1
917 56 39 0 -1
918 61 25 0 1
919 10 18 1 0
920 1 31 0 -1
921 95 32 1 0
922 40 7 1 0
923 43 39 1 0
924 48 9 1 0
925 44 24 0 -1
926 92 37 1 0
927 51 17 0 -1
928 14 22 1 0
929 38 16 1 0
930 41 10 -1 0
931 37 19 0 -1
932 4 34 1 0
933 48 23 1 0
934 32 15 -1 0
935 28 37 1 0
936 82 25 0 -1
937 26 18 0 -1
938 51 0 -1 0
939 33 21 0 1
940 40 6 0 -1
941 26 36 0 -1
942 26 32 0 -1
943 39 2 -1 0
944 25 9 1 0
945 67 3 0 -1
946 66 32 0 1
947 46 10 1 0
948 70 5 0 -1
949 37 38 -1 0
950 41 25 -1 0
951 12 27 1 0
952 41 9 0 -1
953 83 3 0 1
954 75 6 -1 0
955 46 17 -1 0
956 81 23 -1 0
957 51 16 1 0
958 83 19 0 -1
959 37 26 0 -1
960 53 35 0 1
961 16 29 1 0
962 45 32 0 1
963 89 35 0 1
964 28 27 0 -1
965 86 14 0 -1
966 55 39 -1 0
967 56 11 0 -1
968 27 31 1 0
969 52 1 -1 0
970 32 21 1 0
971 38 34 0 -1
972 7 2 -1 0
973 23 8 1 0
974 78 3 0 -1
975 46 11 1 0
976 73 15 1 0
977 56 11 0 1
978 96 11 1 0
979 23 2 0 -1
980 24 4 -1 0
981 68 8 1 0
982 37 4 0 1
983 93 25 -1 0
984 50 39 0 1
985 26 2 1 0
986 96 12 -1 0
987 16 17 -1 0
988 70 33 1 0
989 42 29 -1 0
990 38 1 1 0
991 60 2 0 -1
992 41 9 1 0
993 81 6 1 0
994 59 0 0 1
995 46 8 0 -1
996 72 30 1 0
997 14 12 0 -1
998 59 9 1 0
999 27 22 0 -1
1000 27 13 -1 0
1001 74 20 -1 0
1002 99 38 1 0
1003 41 31 -1 0
1004 31 33 1 0
1005 56 10 1 0
1006 26 24 0 -1
1007 95 24 0 -1
1008 62 38 0 -1
1009 27 27 -1 0
1010 44 9 1 0
1011 30 24 1 0
1012 4 8 0 1
1013 55 5 0 -1
1014 21 31 0 1
1015 23 9 0 -1
1016 97 14 0 -1
1017 78 1 1 0
1018 73 3 -1 0
1019 22 11 -1 0
1020 37 30 -1 0
1021 93 33 1 0
1022 55 33 0 1
1023 43 17 0 1
1024 39 16 0 1
1025 24 31 1 0
1026 21 4 0 1
1027 21 14 -1 0
1028 89 36 1 0
1029 17 13 0 1
1030 61 13 0 -1
1031 55 5 -1 0
1032 17 7 -1 0
1033 21 16 0 -1
1034 99 6 -1 0
1035 47 14 0 1
1036 1 20 1 0
1037 40 36 -1 0
1038 96 35 0 1
1039 48 27 0 -1
1040 37 37 0 1
1041 17 17 1 0
1042 37 15 -1 0
1043 32 12 0 1
1044 28 21 -1 0
1045 97 1 1 0
1046 97 38 1 0
1047 69 33 0 -1
1048 77 13 1 0
1049 96 20 0 1
1050 54 0 0 -1
1051 48 18 -1 0
1052 31 26 0 -1
1053 8 4 0 1
1054 18 11 0 1
1055 40 26 0 1
1056 80 28 0 1
1057 21 24 1 0
1058 89 33 -1 0
1059 22 25 -1 0
1060 93 16 0 -1
1061 54 8 1 0
1062 65 3 0 1
1063 9 20 1 0
1064 2 11 0 1
1065 29 6 0 1
1066 43 34 0 1
1067 40 10 0 -1
1068 8 39 1 0
1069 41 37 -1 0
1070 92 39 1 0
1071 89 14 0 1
1072 67 9 1 0
1073 99 32 0 -1
1074 66 10 0 -1
1075 51 39 0 -1
1076 87 0 0 -1
1077 92 8 0 -1
1078 25 20 0 -1
1079 24 23 1 0
1080 17 25 0 1
1081 97 37 -1 0
1082 45 23 0 1
1083 38 21 -1 0
1084 30 38 0 -1
1085 12 21 0 1
1086 28 9 1 0
1087 10 30 1 0
1088 87 5 0 1
1089 57 36 1 0
1090 47 25 1 0
1091 6 11 0 -1
1092 24 21 1 0
1093 33 38 0 1
1094 25 37 0 -1
1095 43 22 0 -1
1096 88 39 0 1
1097 43 23 0 -1
1098 43 7 0 1
1099 44 4 -1 0
1100 3 37 -1 0
1101 2 24 -1 0
1102 16 21 -1 0
1103 34 15 0 1
1104 37 3 -1 0
1105 29 33 0 -1
1106 68 32 -1 0
1107 7 22 -1 0
1108 24 22 -1 0
1109 45 27 0 1
1110 41 23 -1 0
1111 38 34 -1 0
1112 74 29 0 -1
1113 13 29 0 -1
1114 6 38 1 0
1115 9 5 0 1
1116 74 21 1 0
1117 27 14 -1 0
1118 50 0 -1 0
1119 42 16 0 1
1120 50 35 0 -1
1121 30 25 1 0
1122 96 29 0 -1
1123 74 31 0 -1
1124 40 0 1 0
1125 46 4 -1 0
1126 44 26 0 -1
1127 10 12 -1 0
1128 92 28 0 1
1129 41 37 0 1
1130 40 16 -1 0
1131 96 29 1 0
1132 21 31 0 1
1133 46 29 0 -1
1134 93 1 0 -1
1135 46 7 0 -1
1136 8 18 -1 0
1137 83 35 0 -1
1138 5 20 0 1
1139 28 30 1 0
1140 60 7 -1 0
1141 35 32 0 -1
1142 25 25 0 -1
1143 80 33 -1 0
1144 67 33 -1 0
1145 97 17 0 -1
1146 76 7 0 -1
1147 37 24 1 0
1148 82 14 0 -1
1149 96 16 1 0
1150 19 36 0 1
1151 32 12 1 0
1152 39 33 1 0
1153 21 6 0 -1
1154 28 13 1 0
1155 87 10 1 0
1156 26 29 1 0
1157 24 23 0 1
1158 28 29 -1 0
1159 56 29 0 -1
1160 43 20 -1 0
1161 25 22 0 1
1162 18 11 1 0
1163 42 1 1 0
1164 16 24 -1 0
1165 33 19 0 -1
1166 58 31 0 -1
1167 52 24 -1 0
1168 41 0 0 1
1169 83 1 -1 0
1170 21 25 0 1
1171 41 30 1 0
1172 57 19 -1 0
1173 86 1 0 1
1174 95 34 -1 0
1175 35 12 0 -1
1176 39 37 -1 0
1177 44 13 0 -1
1178 85 28 1 0
1179 2 7 -1 0
1180 25 21 1 0
1181 43 6 1 0
1182 53 21 0 -1
1183 49 12 0 1
1184 48 2 1 0
1185 38 6 1 0
1186 44 36 1 0
1187 87 1 0 -1
1188 98 11 -1 0
1189 70 0 0 1
1190 2 27 0 -1
1191 96 20 0 1
1192 80 2 0 -1
1193 91 30 0 -1
1194 24 34 -1 0
1195 24 1 0 -1
1196 50 11 0 1
1197 35 13 -1 0
1198 30 23 -1 0
1199 87 21 0 -1
1200 23 23 -1 0
1201 29 20 1 0
1202 25 21 -1 0
1203 27 23 1 0
1204 43 32 0 1
1205 58 18 -1 0
1206 54 3 0 1
1207 30 12 0 -1
1208 7 5 1 0
1209 1 15 0 1
1210 81 35 0 -1
1211 26 22 1 0
1212 88 27 -1 0
1213 83 4 0 -1
1214 52 0 1 0
1215 41 12 0 1
1216 29 20 1 0
1217 41 14 0 1
1218 55 27 0 1
1219 6 32 -1 0
1220 29 38 -1 0
1221 38 38 0 -1
1222 51 39 0 -1
1223 16 26 0 1
1224 57 21 0 -1
1225 76 7 0 -1
1226 74 33 1 0
1227 41 4 0 1
1228 93 36 -1 0
1229 91 25 0 1
1230 25 28 0 -1
1231 52 27 0 1
1232 64 36 -1 0
1233 6 13 0 1
1234 86 3 0 -1
1235 10 2 -1 0
1236 20 31 1 0
1237 81 36 0 -1
1238 12 24 0 1
1239 36 23 0 1
1240 77 32 0 1
1241 23 7 1 0
1242 47 30 0 -1
1243 1 2 0 -1
1244 38 4 -1 0
1245 41 1 0 -1
1246 25 1 0 1
1247 63 16 0 1
1248 3 19 0 -1
1249 27 0 1 0
1250 27 17 -1 0
1251 48 23 -1 0
1252 24 18 0 1
1253 95 31 0 1
1254 98 20 0 1
1255 53 22 1 0
1256 52 15 0 -1
1257 41 24 -1 0
1258 6 3 1 0
1259 41 38 0 -1
1260 69 39 0 1
1261 38 13 0 -1
1262 75 24 1 0
1263 14 23 0 -1
1264 93 10 0 1
1265 99 9 1 0
1266 48 29 0 -1
1267 13 13 -1 0
1268 25 23 0 -1
1269 16 0 1 0
1270 46 16 -1 0
1271 46 22 0 -1
1272 61 29 -1 0
1273 18 38 1 0
1274 25 14 1 0
1275 94 4 -1 0
1276 44 28 0 -1
1277 41 30 -1 0
1278 49 23 0 1
1279 24 25 0 1
1280 83 16 -1 0
1281 2 30 0 -1
1282 40 8 0 1
1283 29 23 0 -1
1284 41 32 0 -1
1285 37 24 0 1
1286 23 38 -1 0
1287 47 33 -1 0
1288 36 10 1 0
1289 21 17 0 1
1290 41 14 0 -1
1291 92 4 1 0
1292 13 1 0 -1
1293 82 9 0 1
1294 39 33 0 -1
1295 39 9 -1 0
1296 5 30 0 1
1297 51 23 -1 0
1298 90 14 1 0
1299 58 13 1 0
1300 77 5 -1 0
1301 59 36 0 -1
1302 91 14 -1 0
1303 98 11 0 1
1304 46 33 -1 0
1305 99 3 -1 0
1306 39 27 0 1
1307 0 5 0 -1
1308 41 32 1 0
1309 49 13 0 -1
1310 41 8 0 1
1311 6 9 -1 0
1312 49 13 1 0
1313 5 1 1 0
1314 58 33 -1 0
1315 43 29 0 -1
1316 51 12 0 -1
1317 23 29 1 0
1318 51 25 1 0
1319 39 11 0 1
1320 72 13 0 1
1321 95 1 1 0
1322 14 30 0 1
1323 82 8 -1 0
1324 82 22 1 0
1325 77 10 1 0
1326 22 11 1 0
1327 38 20 0 1
1328 22 7 1 0
1329 38 32 1 0
1330 24 30 0 -1
1331 25 3 -1 0
1332 1 7 -1 0
1333 24 0 0 -1
1334 20 6 -1 0
1335 22 39 0 1
1336 56 9 0 -1
1337 36 24 0 1
1338 76 8 0 1
1339 46 32 0 1
1340 92 35 0 -1
1341 90 12 1 0
1342 92 16 0 1
1343 49 1 1 0
1344 41 22 1 0
1345 33 29 1 0
1346 45 11 -1 0
1347 80 15 -1 0
1348 81 5 0 -1
1349 20 19 0 -1
1350 69 6 0 1
1351 17 8 0 1
1352 38 2 -1 0
1353 36 10 0 1
1354 81 17 -1 0
1355 5 30 -1 0
1356 45 23 0 -1
1357 28 7 0 1
1358 21 8 1 0
1359 68 38 -1 0
1360 49 20 -1 0
1361 28 16 -1 0
1362 42 8 0 1
1363 87 5 0 1
1364 6 4 0 -1
1365 77 14 0 1
1366 38 3 -1 0
1367 31 35 1 0
1368 58 29 0 1
1369 98 35 0 -1
1370 27 38 0 -1
1371 4 33 0 1
1372 28 19 0 1
1373 23 8 -1 0
1374 20 30 0 -1
1375 42 10 1 0
1376 78 14 -1 0
1377 19 4 -1 0
1378 57 34 0 1
1379 24 10 0 -1
1380 66 6 0 1
1381 13 26 1 0
1382 39 14 1 0
1383 96 15 1 0
1384 40 6 0 -1
1385 97 36 0 -1
1386 38 20 0 1
1387 39 13 0 1
1388 43 32 1 0
1389 88 32 0 1
1390 84 27 0 1
1391 98 0 1 0
1392 70 9 -1 0
1393 77 3 0 -1
1394 95 7 0 1
1395 2 13 0 1
1396 48 29 0 1
1397 55 23 -1 0
1398 31 19 1 0
1399 41 36 1 0
1400 99 31 1 0
1401 41 12 -1 0
1402 28 31 -1 0
1403 38 11 1 0
1404 15 32 1 0
1405 42 17 1 0
1406 95 10 0 -1
1407 74 3 -1 0
1408 38 8 0 -1
1409 21 32 1 0
1410 28 29 0 -1
1411 90 38 0 -1
1412 9 27 0 -1
1413 17 26 0 1
1414 40 35 -1 0
1415 90 14 -1 0
1416 61 21 1 0
1417 95 36 -1 0
1418 93 13 0 1
1419 91 14 0 -1
1420 23 6 0 -1
1421 99 31 1 0
1422 28 37 1 0
1423 96 14 1 0
1424 41 3 -1 0
1425 30 37 0 1
1426 91 37 0 1
1427 39 8 1 0
1428 85 20 1 0
1429 79 35 0 1
1430 53 33 0 1
1431 2 39 0 -1
1432 26 23 -1 0
1433 37 26 -1 0
1434 67 20 0 -1
1435 99 16 0 1
1436 42 23 1 0
1437 38 11 0 1
1438 38 25 1 0
1439 28 8 1 0
1440 19 22 0 1
1441 6 21 0 -1
1442 6 7 0 1
1443 91 4 1 0
1444 66 23 0 1
1445 85 37 0 1
1446 49 13 -1 0
1447 37 15 1 0
1448 12 3 1 0
1449 60 29 0 1
1450 27 17 1 0
1451 20 26 -1 0
1452 29 12 0 -1
1453 38 12 1 0
1454 44 16 0 1
1455 79 33 1 0
1456 17 30 -1 0
1457 24 26 0 1
1458 5 29 0 -1
1459 50 12 0 -1
1460 12 34 1 0
1461 21 3 0 -1
1462 24 17 0 1
1463 46 20 0 1
1464 39 16 1 0
1465 44 2 1 0
1466 46 22 -1 0
1467 63 20 -1 0
1468 47 28 0 1
1469 28 21 1 0
1470 51 11 0 1
1471 84 1 1 0
1472 12 3 0 -1
1473 58 32 1 0
1474 7 23 1 0
1475 18 22 -1 0
1476 88 27 0 -1
1477 91 37 1 0
1478 41 0 -1 0
1479 47 24 0 -1
1480 37 33 1 0
1481 22 32 -1 0
1482 42 34 -1 0
1483 77 38 -1 0
1484 97 17 0 -1
1485 26 1 0 -1
1486 38 16 0 1
1487 16 8 0 1
1488 28 0 1 0
1489 81 15 -1 0
1490 92 38 1 0
1491 83 39 -1 0
1492 43 5 -1 0
1493 43 6 -1 0
1494 45 33 -1 0
1495 31 33 0 -1
1496 93 13 1 0
1497 93 34 1 0
1498 66 5 0 -1
1499 97 36 0 1
1500 0 14 0 -1
1501 99 37 0 1
1502 47 18 0 -1
1503 35 4 0 1
1504 39 8 0 1
1505 81 36 0 -1
1506 6 7 0 -1
1507 14 3 0 1
1508 35 31 0 -1
1509 24 15 -1 0
1510 79 17 -1 0
1511 56 1 1 0
1512 28 7 1 0
1513 25 36 1 0
1514 26 9 0 -1
1515 81 26 0 -1
1516 73 34 1 0
1517 90 32 0 1
1518 68 8 0 1
1519 17 18 1 0
1520 20 5 -1 0
1521 74 32 0 1
1522 47 36 1 0
1523 96 23 0 1
1524 8 21 -1 0
1525 80 32 0 -1
1526 22 23 0 1
1527 6 36 0 -1
1528 43 24 0 1
1529 78 17 0 -1
1530 52 0 0 1
1531 94 11 0 -1
1532 11 26 -1 0
1533 99 24 1 0
1534 24 29 -1 0
1535 46 3 0 1
1536 25 9 0 -1
1537 18 30 -1 0
1538 10 27 -1 0
1539 11 10 1 0
1540 91 6 1 0
1541 22 19 0 -1
1542 20 15 1 0
1543 69 3 0 1
1544 53 24 0 -1
1545 27 4 -1 0
1546 25 28 0 1
1547 30 17 1 0
1548 91 21 0 -1
1549 95 2 1 0
1550 24 9 0 -1
1551 87 0 1 0
1552 78 22 -1 0
1553 68 29 0 -1
1554 67 9 -1 0
1555 42 18 -1 0
1556 16 0 0 -1
1557 97 18 0 -1
1558 44 29 -1 0
1559 1 28 1 0
1560 20 18 0 1
1561 24 32 -1 0
1562 27 36 0 1
1563 58 11 -1 0
1564 17 31 1 0
1565 94 13 0 1
1566 46 14 1 0
1567 12 20 0 1
1568 31 23 -1 0
1569 69 33 0 -1
1570 84 30 1 0
1571 90 6 -1 0
1572 32 16 0 -1
1573 25 0 1 0
1574 43 15 0 1
1575 77 3 1 0
1576 21 39 -1 0
1577 28 19 0 -1
1578 70 0 0 -1
1579 88 9 0 1
1580 90 38 1 0
1581 40 19 0 -1
1582 84 0 1 0
1583 79 4 0 1
1584 3 14 0 -1
1585 24 28 0 1
1586 67 27 0 -1
1587 78 33 1 0
1588 21 0 0 -1
1589 82 30 0 1
1590 24 24 1 0
1591 37 10 0 1
1592 43 37 0 -1
1593 15 28 -1 0
1594 26 15 0 1
1595 62 35 0 1
1596 81 11 -1 0
1597 44 32 1 0
1598 91 24 1 0
1599 29 21 -1 0
1600 11 26 -1 0
1601 31 22 0 1
1602 91 0 0 -1
1603 9 15 0 1
1604 54 22 1 0
1605 64 21 1 0
1606 19 6 1 0
1607 7 16 -1 0
1608 87 39 1 0
1609 39 29 -1 0
1610 48 38 -1 0
1611 21 35 -1 0
1612 39 21 -1 0
1613 81 18 0 -1
1614 26 25 0 -1
1615 90 11 1 0
1616 99 7 1 0
1617 61 1 0 1
1618 55 34 1 0
1619 98 39 0 -1
1620 83 23 0 -1
1621 46 24 -1 0
1622 3 38 0 1
1623 90 9 0 1
1624 42 36 0 -1
1625 39 22 0 -1
1626 13 38 1 0
1627 42 10 0 -1
1628 74 3 -1 0
1629 60 5 0 1
1630 82 29 -1 0
1631 22 6 0 1
1632 98 18 1 0
1633 32 31 0 1
1634 31 5 0 1
1635 84 6 -1 0
1636 67 15 1 0
1637 84 29 -1 0
1638 33 3 1 0
1639 86 16 0 1
1640 37 27 0 1
1641 55 24 0 -1
1642 75 28 0 1
1643 24 30 0 1
1644 50 38 0 1
1645 23 2 0 -1
1646 65 26 0 -1
1647 86 31 -1 0
1648 45 20 0 -1
1649 28 17 0 1
1650 30 37 -1 0
1651 75 13 -1 0
1652 77 19 1 0
1653 53 7 -1 0
1654 16 9 1 0
1655 96 19 -1 0
1656 94 32 0 1
1657 42 6 -1 0
1658 64 26 0 -1
1659 20 16 -1 0
1660 28 1 0 -1
1661 4 9 0 1
1662 23 8 0 -1
1663 76 30 1 0
1664 13 34 0 -1
1665 54 2 0 -1
1666 81 22 0 -1
1667 36 28 0 1
1668 97 36 0 1
1669 19 19 1 0
1670 92 11 -1 0
1671 58 10 1 0
1672 22 8 1 0
1673 37 34 -1 0
1674 97 11 1 0
1675 46 20 0 1
1676 19 10 -1 0
1677 86 29 -1 0
1678 5 24 0 -1
1679 10 16 -1 0
1680 67 23 0 -1
1681 35 26 0 1
1682 84 2 1 0
1683 2 38 0 1
1684 75 0 0 1
1685 78 17 1 0
1686 55 3 1 0
1687 28 10 0 -1
1688 0 7 -1 0
1689 16 20 0 1
1690 43 6 0 1
1691 55 23 0 1
1692 98 12 0 -1
1693 80 16 0 -1
1694 93 21 1 0
1695 10 25 -1 0
1696 24 1 0 1
1697 21 30 0 1
1698 72 34 0 1
1699 10 13 0 -1
1700 81 27 1 0
1701 44 26 -1 0
1702 50 4 1 0
1703 40 13 -1 0
1704 38 23 -1 0
1705 28 18 0 1
1706 21 9 1 0
1707 38 36 -1 0
1708 71 6 0 1
1709 46 33 0 -1
1710 38 6 -1 0
1711 15 20 0 1
1712 1 22 0 -1
1713 29 33 1 0
1714 17 2 -1 0
1715 19 24 0 -1
1716 84 24 -1 0
1717 19 32 0 -1
1718 40 36 0 1
1719 19 32 1 0
1720 40 30 -1 0
1721 41 8 -1 0
1722 42 22 0 1
1723 31 1 1 0
1724 77 18 1 0
1725 35 31 0 -1
1726 26 24 0 1
1727 16 26 0 1
1728 44 13 -1 0
1729 65 25 0 1
1730 45 34 0 -1
1731 38 35 -1 0
1732 91 19 0 1
1733 51 8 1 0
1734 88 23 -1 0
1735 72 14 0 -1
1736 50 3 0 -1
1737 49 7 -1 0
1738 83 20 1 0
1739 40 39 0 -1
1740 24 37 0 1
1741 28 21 0 -1
1742 62 35 0 1
1743 29 22 0 1
1744 29 6 0 -1
1745 72 37 -1 0
1746 36 39 0 -1
1747 38 28 -1 0
1748 22 4 -1 0
1749 39 20 -1 0
1750 14 10 0 1
1751 8 7 -1 0
1752 25 0 0 -1
1753 49 35 0 -1
1754 14 15 0 -1
1755 4 11 0 -1
1756 72 28 -1 0
1757 12 11 0 1
1758 96 34 1 0
1759 51 2 1 0
1760 43 11 0 1
1761 97 25 0 -1
1762 23 29 -1 0
1763 45 9 -1 0
1764 52 33 0 -1
1765 14 21 0 -1
1766 4 13 -1 0
1767 30 38 1 0
1768 52 34 0 -1
1769 71 26 0 -1
1770 81 25 0 1
1771 77 6 0 -1
1772 90 27 1 0
1773 43 17 0 -1
1774 82 19 1 0
1775 15 11 -1 0
1776 94 16 0 1
1777 49 23 1 0
1778 23 4 0 1
1779 28 36 -1 0
1780 15 7 0 1
1781 81 9 0 1
1782 35 6 0 1
1783 60 13 1 0
1784 50 20 0 -1
1785 32 2 0 1
1786 56 23 0 -1
1787 46 0 0 -1
1788 55 28 0 -1
1789 60 27 0 1
1790 35 35 0 -1
1791 54 34 1 0
1792 46 35 0 -1
1793 35 21 -1 0
1794 42 9 0 -1
1795 76 37 -1 0
1796 47 8 -1 0
1797 59 15 0 1
1798 98 13 0 1
1799 1 2 0 -1
1800 46 36 0 -1
1801 48 31 0 -1
1802 7 18 -1 0
1803 88 0 0 -1
1804 35 15 -1 0
1805 40 8 -1 0
1806 19 2 -1 0
1807 0 29 -1 0
1808 66 21 0 -1
1809 68 14 0 1
1810 26 28 0 -1
1811 26 10 -1 0
1812 17 11 1 0
1813 9 14 0 -1
1814 39 10 0 1
1815 93 26 0 1
1816 22 29 0 1
1817 89 9 -1 0
1818 92 12 0 1
1819 48 0 0 -1
1820 95 12 0 -1
1821 25 21 1 0
1822 86 22 0 1
1823 81 11 0 -1
1824 39 1 1 0
1825 93 13 1 0
1826 48 34 0 1
1827 22 36 0 1
1828 37 3 -1 0
1829 31 17 -1 0
1830 22 25 0 -1
1831 41 8 0 1
1832 11 33 0 -1
1833 7 38 0 -1
1834 99 8 0 -1
1835 22 16 -1 0
1836 25 38 -1 0
1837 42 7 0 1
1838 58 29 1 0
1839 44 13 0 1
1840 93 5 -1 0
1841 89 32 0 -1
1842 46 30 -1 0
1843 40 33 -1 0
1844 21 2 -1 0
1845 65 33 -1 0
1846 54 22 -1 0
1847 41 33 0 1
1848 7 1 0 1
1849 6 10 -1 0
1850 7 0 0 1
1851 23 35 0 -1
1852 60 22 1 0
1853 7 15 -1 0
1854 70 6 0 1
1855 57 36 -1 0
1856 36 35 -1 0
1857 84 0 -1 0
1858 40 30 -1 0
1859 16 4 0 -1
1860 91 3 0 -1
1861 91 23 -1 0
1862 21 19 1 0
1863 24 26 0 -1
1864 57 1 0 -1
1865 33 36 0 -1
1866 5 13 -1 0
1867 25 7 0 1
1868 24 29 1 0
1869 87 5 -1 0
1870 44 4 0 -1
1871 33 2 -1 0
1872 83 3 0 -1
1873 63 27 0 -1
1874 20 18 -1 0
1875 84 4 0 1
1876 32 13 0 -1
1877 93 5 0 1
1878 29 19 0 1
1879 4 14 -1 0
1880 18 27 -1 0
1881 41 18 -1 0
1882 40 10 0 -1
1883 61 8 0 -1
1884 43 23 0 1
1885 39 3 -1 0
1886 71 23 -1 0
1887 45 4 0 -1
1888 47 31 0 1
1889 20 15 1 0
1890 41 34 -1 0
1891 38 36 1 0
1892 88 27 -1 0
1893 39 14 0 1
1894 39 31 1 0
1895 84 33 0 1
1896 42 21 0 -1
1897 39 25 0 1
1898 38 15 0 1
1899 87 32 0 -1
1900 22 26 0 1
1901 98 14 -1 0
1902 4 12 1 0
1903 19 27 0 -1
1904 61 27 -1 0
1905 10 20 0 -1
1906 55 31 0 1
1907 46 21 0 1
1908 99 33 -1 0
1909 67 8 -1 0
1910 0 10 0 1
1911 26 14 1 0
1912 75 31 -1 0
1913 3 23 -1 0
1914 16 9 -1 0
1915 21 29 -1 0
1916 95 38 1 0
1917 36 21 1 0
1918 2 15 0 -1
1919 81 22 1 0
1920 88 16 0 1
1921 12 39 -1 0
1922 53 17 0 1
1923 5 4 -1 0
1924 91 33 0 -1
1925 83 15 1 0
1926 23 7 0 1
1927 41 35 0 -1
1928 41 24 1 0
1929 25 33 0 1
1930 28 27 0 1
1931 38 28 0 1
1932 27 19 -1 0
1933 12 5 -1 0
1934 16 27 0 1
1935 90 25 0 1
1936 8 25 1 0
1937 73 24 1 0
1938 33 35 0 1
1939 92 25 1 0
1940 25 19 0 1
1941 59 11 1 0
1942 31 19 0 -1
1943 22 12 1 0
1944 86 34 -1 0
1945 97 28 -1 0
1946 49 24 0 -1
1947 49 27 1 0
1948 20 4 0 -1
1949 75 14 0 1
1950 54 1 -1 0
1951 58 36 0 1
1952 37 5 0 1
1953 88 15 0 -1
1954 25 32 0 1
1955 52 26 0 -1
1956 78 2 0 1
1957 26 35 0 -1
1958 19 10 0 -1
1959 95 6 0 1
1960 23 21 0 1
1961 73 14 1 0
1962 61 20 0 -1
1963 52 35 1 0
1964 70 20 0 -1
1965 58 31 0 -1
1966 2 27 1 0
1967 35 15 0 1
1968 65 0 1 0
1969 40 37 0 -1
1970 38 12 -1 0
1971 47 11 0 1
1972 38 39 0 -1
1973 55 29 0 -1
1974 26 29 0 1
1975 37 17 0 1
1976 37 25 0 -1
1977 6 11 0 -1
1978 28 39 0 -1
1979 42 8 -1 0
1980 43 35 1 0
1981 81 24 1 0
1982 42 7 0 1
1983 30 24 1 0
1984 80 5 0 -1
1985 22 27 0 1
1986 39 7 0 1
1987 99 22 -1 0
1988 71 27 -1 0
1989 84 34 0 -1
1990 43 5 0 1
1991 26 34 0 1
1992 43 22 -1 0
1993 41 1 0 1
1994 42 26 0 1
1995 94 37 0 1
1996 68 9 1 0
1997 30 18 -1 0
1998 9 20 -1 0
1999 25 24 0 1
2000 58 35 1 0
2001 21 26 0 -1
2002 11 19 1 0
2003 78 16 0 -1
2004 71 20 0 -1
2005 66 28 0 1
2006 10 39 0 -1
2007 57 16 0 1
2008 89 23 -1 0
2009 50 12 0 -1
2010 42 5 0 1
2011 99 4 0 1
2012 54 14 0 1
2013 0 38 0 1
2014 46 5 1 0
2015 26 33 0 1
2016 97 16 -1 0
2017 16 24 0 -1
2018 44 8 0 1
2019 9 2 0 1
2020 23 30 -1 0
2021 80 22 1 0
2022 18 5 0 -1
2023 19 34 0 1
2024 24 23 0 1
2025 31 37 0 -1
2026 92 29 -1 0
2027 80 23 1 0
2028 6 3 -1 0
2029 24 2 1 0
2030 31 0 0 -1
2031 14 22 0 -1
2032 40 9 -1 0
2033 20 7 0 1
2034 45 3 1 0
2035 96 17 1 0
2036 94 14 -1 0
2037 96 5 1 0
2038 53 11 0 1
2039 88 38 0 -1
2040 85 2 -1 0
2041 97 30 1 0
2042 46 1 1 0
2043 60 19 1 0
2044 75 1 -1 0
2045 90 17 0 -1
2046 79 7 0 1
2047 18 4 1 0
2048 16 1 0 -1
2049 37 33 0 1
2050 46 21 0 1
2051 36 4 0 1
2052 79 35 -1 0
2053 23 0 0 1
2054 29 30 1 0
2055 79 14 1 0
2056 61 2 0 -1
2057 27 17 0 -1
2058 19 25 1 0
2059 0 2 0 -1
2060 91 18 0 1
2061 99 29 -1 0
2062 77 19 -1 0
2063 83 34 0 -1
2064 17 7 1 0
2065 22 0 0 -1
2066 84 36 0 1
2067 63 22 0 1
2068 90 12 0 -1
2069 69 29 -1 0
2070 2 6 0 -1
2071 24 8 -1 0
2072 25 31 0 1
2073 35 12 0 -1
2074 29 30 -1 0
2075 73 15 -1 0
2076 19 5 0 -1
2077 91 22 0 1
2078 46 31 1 0
2079 44 26 -1 0
2080 38 29 0 -1
2081 87 3 0 1
2082 30 25 0 -1
2083 94 32 1 0
2084 23 25 1 0
2085 43 3 0 -1
2086 94 4 1 0
2087 47 13 0 -1
2088 27 29 0 1
2089 42 12 0 -1
2090 54 38 0 -1
2091 12 1 0 -1
2092 25 4 0 -1
2093 36 34 0 1
2094 42 17 0 1
2095 13 19 1 0
2096 45 11 0 1
2097 2 12 -1 0
2098 16 25 1 0
2099 57 36 -1 0
2100 5 34 0 1
2101 20 30 0 -1
2102 11 11 0 -1
2103 30 25 0 1
2104 26 35 1 0
2105 44 18 -1 0
2106 91 24 1 0
2107 28 6 1 0
2108 94 34 0 -1
2109 17 39 1 0
2110 39 28 -1 0
2111 84 33 -1 0
2112 40 17 0 -1
2113 56 1 -1 0
2114 25 24 -1 0
2115 62 22 -1 0
2116 52 4 0 -1
2117 34 38 0 1
2118 38 21 0 -1
2119 9 9 0 -1
2120 64 30 -1 0
2121 22 24 0 1
2122 99 18 0 -1
2123 83 39 1 0
2124 45 25 0 -1
2125 62 33 -1 0
2126 92 27 -1 0
2127 74 33 0 1
2128 83 26 1 0
2129 0 25 1 0
2130 2 23 0 -1
2131 82 1 0 1
2132 72 4 -1 0
2133 13 13 1 0
2134 40 35 0 1
2135 15 9 1 0
2136 65 20 1 0
2137 99 6 0 1
2138 52 19 -1 0
2139 43 12 0 -1
2140 53 16 -1 0
2141 15 36 0 1
2142 81 24 1 0
2143 39 1 1 0
2144 30 7 0 -1
2145 10 23 0 -1
2146 57 8 0 -1
2147 41 15 1 0
2148 38 15 0 1
2149 77 1 0 -1
2150 6 23 1 0
2151 19 26 0 -1
2152 13 10 0 1
2153 54 28 0 1
2154 83 9 0 -1
2155 57 28 0 1
2156 23 19 0 1
2157 3 23 -1 0
2158 12 20 0 1
2159 87 29 0 -1
2160 82 29 0 1
2161 50 2 1 0
2162 21 9 1 0
2163 66 4 0 -1
2164 11 36 0 1
2165 44 7 0 1
2166 82 6 1 0
2167 27 10 0 -1
2168 0 2 1 0
2169 13 33 0 -1
2170 8 14 1 0
2171 50 32 1 0
2172 38 32 0 -1
2173 0 35 0 -1
2174 81 3 1 0
2175 46 20 1 0
2176 27 3 -1 0
2177 30 11 0 -1
2178 32 22 1 0
2179 91 26 -1 0
2180 27 31 0 -1
2181 2 13 1 0
2182 91 10 0 1
2183 42 36 1 0
2184 71 1 1 0
2185 11 18 0 -1
2186 96 10 0 -1
2187 28 22 0 -1
2188 41 34 0 1
2189 39 10 1 0
2190 94 4 0 1
2191 20 13 0 1
2192 26 19 1 0
2193 91 13 0 1
2194 24 30 0 1
2195 94 31 0 -1
2196 2 26 0 1
2197 82 23 0 -1
2198 46 18 1 0
2199 19 17 1 0
2200 7 31 0 -1
2201 29 12 0 1
2202 94 1 1 0
2203 23 33 0 1
2204 67 28 1 0
2205 45 15 0 1
2206 36 22 1 0
2207 53 10 0 1
2208 37 19 1 0
2209 35 21 -1 0
2210 4 37 -1 0
2211 53 30 0 1
2212 45 3 0 1
2213 33 13 0 1
2214 91 3 0 -1
2215 36 2 0 1
2216 78 0 0 1
2217 19 31 0 1
2218 85 32 -1 0
2219 38 3 0 1
2220 10 33 -1 0
2221 1 8 0 1
2222 37 0 -1 0
2223 50 36 0 1
2224 18 27 0 1
2225 44 11 -1 0
2226 12 9 0 -1
2227 97 26 1 0
2228 25 5 1 0
2229 30 31 0 1
2230 24 36 -1 0
2231 76 20 -1 0
2232 75 21 0 1
2233 8 0 0 -1
2234 1 39 1 0
2235 57 25 0 -1
2236 41 7 0 1
2237 45 5 0 1
2238 23 14 0 1
2239 38 17 0 -1
2240 99 16 1 0
2241 26 31 -1 0
2242 15 11 1 0
2243 38 15 -1 0
2244 6 20 1 0
2245 36 29 1 0
2246 26 6 -1 0
2247 29 27 0 -1
2248 39 36 -1 0
2249 30 37 -1 0
2250 23 29 1 0
2251 30 33 1 0
2252 42 23 1 0
2253 39 7 -1 0
2254 92 4 -1 0
2255 13 2 1 0
2256 24 27 1 0
2257 21 34 0 1
2258 94 20 1 0
2259 29 1 0 -1
2260 24 38 0 -1
2261 22 2 -1 0
2262 39 36 -1 0
2263 29 31 -1 0
2264 44 15 0 1
2265 23 27 1 0
2266 31 6 1 0
2267 89 7 -1 0
2268 60 6 -1 0
2269 27 23 0 -1
2270 45 22 0 -1
2271 35 30 0 -1
2272 23 30 0 -1
2273 18 28 1 0
2274 15 16 -1 0
2275 0 28 -1 0
2276 10 11 1 0
2277 99 38 1 0
2278 48 34 0 1
2279 69 15 0 -1
2280 96 2 1 0
2281 59 8 0 -1
2282 91 11 0 -1
2283 73 32 -1 0
2284 95 19 0 1
2285 10 19 1 0
2286 24 9 1 0
2287 93 5 0 -1
2288 43 34 -1 0
2289 11 17 1 0
2290 18 7 -1 0
2291 32 37 0 1
2292 10 4 -1 0
2293 41 21 -1 0
2294 45 1 0 1
2295 12 15 -1 0
2296 37 14 0 1
2297 31 26 0 -1
2298 48 18 1 0
2299 94 29 1 0
2300 79 27 0 1
2301 99 8 -1 0
2302 85 15 1 0
2303 74 19 1 0
2304 36 13 1 0
2305 32 2 0 1
2306 31 20 0 1
2307 50 31 0 1
2308 81 20 0 -1
2309 75 32 1 0
2310 36 29 0 1
2311 17 33 1 0
2312 35 34 1 0
2313 0 20 0 -1
2314 29 14 1 0
2315 9 30 1 0
2316 19 26 1 0
2317 84 9 1 0
2318 1 15 0 1
2319 74 29 -1 0
2320 95 15 1 0
2321 34 21 -1 0
2322 29 22 1 0
2323 38 11 0 1
2324 23 16 1 0
2325 18 32 1 0
2326 43 27 -1 0
2327 6 27 0 -1
2328 43 38 0 1
2329 61 20 -1 0
2330 97 35 -1 0
2331 46 22 0 -1
2332 1 35 1 0
2333 36 30 0 1
2334 17 35 0 -1
2335 9 32 0 -1
2336 2 38 1 0
2337 97 38 0 1
2338 51 24 1 0
2339 76 5 0 -1
2340 43 35 1 0
2341 4 31 1 0
2342 26 23 1 0
2343 78 39 0 1
2344 15 3 1 0
2345 22 24 1 0
2346 21 23 -1 0
2347 6 3 1 0
2348 18 25 0 1
2349 16 15 0 1
2350 27 34 0 -1
2351 24 24 0 -1
2352 23 35 1 0
2353 41 7 -1 0
2354 79 30 -1 0
2355 7 24 0 -1
2356 57 9 -1 0
2357 37 28 0 -1
2358 41 9 -1 0
2359 30 9 0 -1
2360 45 9 0 1
2361 79 18 1 0
2362 86 6 0 1
2363 59 20 -1 0
2364 17 0 -1 0
2365 90 33 0 1
2366 1 36 -1 0
2367 21 17 0 -1
2368 7 19 0 -1
2369 22 30 -1 0
2370 96 6 1 0
2371 46 26 -1 0
2372 3 12 -1 0
2373 29 22 1 0
2374 93 36 0 -1
2375 60 16 0 -1
2376 8 1 0 -1
2377 30 39 0 -1
2378 37 25 1 0
2379 34 27 0 1
2380 89 25 1 0
2381 17 14 1 0
2382 12 38 0 1
2383 28 35 0 -1
2384 49 31 -1 0
2385 21 25 1 0
2386 35 18 0 -1
2387 8 29 0 1
2388 21 13 -1 0
2389 24 1 0 -1
2390 32 23 -1 0
2391 12 35 -1 0
2392 88 9 0 1
2393 38 6 -1 0
2394 37 20 -1 0
2395 78 36 -1 0
2396 37 6 0 -1
2397 30 16 0 -1
2398 30 12 0 -1
2399 16 24 0 -1
2400 11 5 1 0
2401 85 27 1 0
2402 80 29 -1 0
2403 92 33 -1 0
2404 37 8 -1 0
2405 27 32 1 0
2406 42 32 0 -1
2407 47 30 -1 0
2408 45 36 -1 0
2409 10 10 1 0
2410 18 39 0 1
2411 98 2 1 0
2412 65 36 -1 0
2413 2 16 -1 0
2414 43 4 0 1
2415 88 2 -1 0
2416 13 1 0 -1
2417 40 25 -1 0
2418 67 4 -1 0
2419 37 8 0 -1
2420 52 33 -1 0
2421 2 32 1 0
2422 87 19 0 1
2423 29 15 0 1
2424 39 11 1 0
2425 26 23 -1 0
2426 38 35 -1 0
2427 26 11 0 1
2428 24 37 -1 0
2429 89 15 -1 0
2430 52 16 0 1
2431 88 17 1 0
2432 51 11 1 0
2433 53 8 -1 0
2434 8 32 0 1
2435 40 23 0 -1
2436 48 9 0 1
2437 46 17 0 1
2438 66 3 0 1
2439 97 7 1 0
2440 2 27 1 0
2441 97 4 0 -1
2442 45 35 1 0
2443 15 31 -1 0
2444 37 27 0 -1
2445 87 10 -1 0
2446 52 25 0 1
2447 36 31 0 -1
2448 41 12 0 1
2449 2 14 -1 0
2450 15 19 -1 0
2451 44 6 1 0
2452 30 32 -1 0
2453 49 18 -1 0
2454 81 0 0 1
2455 53 9 0 1
2456 6 28 -1 0
2457 78 1 0 1
2458 9 33 1 0
2459 26 27 -1 0
2460 43 18 0 1
2461 67 22 0 -1
2462 44 0 0 -1
2463 32 7 -1 0
2464 57 19 0 -1
2465 40 2 0 -1
2466 59 36 0 -1
2467 96 39 0 1
2468 19 34 1 0
2469 27 19 0 -1
2470 36 21 0 1
2471 9 36 -1 0
2472 43 12 0 -1
2473 74 1 0 -1
2474 64 17 1 0
2475 58 22 0 -1
2476 97 12 0 1
2477 47 1 -1 0
2478 95 9 0 -1
2479 0 38 1 0
2480 39 12 -1 0
2481 32 35 0 -1
2482 38 17 -1 0
2483 42 37 0 -1
2484 19 12 1 0
2485 46 19 -1 0
2486 21 10 0 1
2487 13 6 0 1
2488 21 18 0 -1
2489 99 34 1 0
2490 43 34 0 1
2491 18 17 0 -1
2492 10 31 0 -1
2493 28 34 1 0
2494 22 13 1 0
2495 71 29 0 1
2496 66 18 -1 0
2497 4 37 0 1
2498 54 10 0 1
2499 21 0 0 -1
2500 39 16 0 1
2501 3 16 0 -1
2502 59 4 1 0
2503 17 24 0 1
2504 30 26 -1 0
2505 0 34 1 0
2506 52 21 1 0
2507 12 24 1 0
2508 42 34 0 1
2509 93 2 -1 0
2510 28 38 -1 0
2511 55 0 0 1
2512 96 17 -1 0
2513 7 8 0 -1
2514 93 19 -1 0
2515 38 18 0 -1
2516 52 29 0 1
2517 75 6 1 0
2518 48 35 -1 0
2519 36 29 1 0
2520 64 30 -1 0
2521 83 18 0 1
2522 25 39 -1 0
2523 82 38 0 -1
2524 29 20 -1 0
2525 23 4 0 -1
2526 91 36 0 -1
2527 47 33 0 -1
2528 29 35 1 0
2529 21 1 -1 0
2530 40 8 1 0
2531 74 31 0 -1
2532 86 36 0 1
2533 25 33 0 -1
2534 14 18 1 0
2535 53 28 0 1
2536 40 1 -1 0
2537 39 1 1 0
2538 45 36 0 -1
2539 19 4 0 1
2540 77 29 -1 0
2541 60 35 0 -1
2542 63 12 0 -1
2543 20 11 0 1
2544 57 6 1 0
2545 23 32 0 1
2546 4 23 0 -1
2547 97 10 0 -1
2548 43 30 0 -1
2549 82 14 0 1
2550 33 22 1 0
2551 24 38 1 0
2552 39 9 0 1
2553 63 23 0 -1
2554 41 32 1 0
2555 88 7 1 0
2556 49 32 0 -1
2557 31 6 0 -1
2558 1 8 0 1
2559 28 17 -1 0
2560 7 16 0 1
2561 43 36 0 1
2562 58 18 1 0
2563 26 25 -1 0
2564 44 15 -1 0
2565 9 11 -1 0
2566 68 11 0 1
2567 82 5 -1 0
2568 76 18 1 0
2569 33 1 1 0
2570 54 11 1 0
2571 82 34 0 1
2572 26 8 1 0
2573 24 37 -1 0
2574 42 23 0 -1
2575 40 24 0 1
2576 46 11 -1 0
2577 72 36 0 1
2578 21 13 1 0
2579 43 12 -1 0
2580 82 19 -1 0
2581 49 8 1 0
2582 44 2 0 1
2583 20 20 0 1
2584 51 5 0 1
2585 68 18 -1 0
2586 21 15 0 1
2587 47 15 0 -1
2588 18 7 0 1
2589 23 2 -1 0
2590 8 20 -1 0
2591 3 9 0 1
2592 91 15 0 -1
2593 74 34 0 -1
2594 74 18 0 -1
2595 11 2 0 -1
2596 92 27 0 1
2597 60 13 0 -1
2598 72 39 1 0
2599 15 32 0 1
2600 24 5 1 0
2601 42 16 1 0
2602 10 29 0 -1
2603 18 9 0 1
2604 14 27 1 0
2605 21 6 -1 0
2606 34 3 -1 0
2607 21 34 1 0
2608 74 16 1 0
2609 20 21 1 0
2610 19 2 1 0
2611 3 26 0 -1
2612 96 22 -1 0
2613 22 3 0 -1
2614 53 3 0 1
2615 23 17 1 0
2616 30 28 0 1
2617 96 1 0 1
2618 31 29 0 -1
2619 31 19 0 1
2620 28 30 0 1
2621 19 17 1 0
2622 29 9 1 0
2623 47 21 -1 0
2624 19 35 0 -1
2625 43 32 1 0
2626 41 11 0 1
2627 34 35 1 0
2628 22 14 0 1
2629 37 13 -1 0
2630 4 39 0 -1
2631 72 15 1 0
2632 30 18 0 -1
2633 49 26 0 1
2634 42 10 0 -1
2635 30 11 0 -1
2636 12 24 -1 0
2637 29 23 0 -1
2638 30 10 -1 0
2639 43 37 0 -1
2640 61 3 -1 0
2641 37 10 0 -1
2642 83 3 1 0
2643 21 31 1 0
2644 53 23 1 0
2645 40 3 -1 0
2646 67 12 1 0
2647 27 23 1 0
2648 90 36 1 0
2649 29 23 -1 0
2650 25 23 0 1
2651 40 36 0 1
2652 49 28 1 0
2653 26 4 0 -1
2654 64 28 0 -1
2655 23 5 0 1
2656 34 0 1 0
2657 42 28 1 0
2658 35 15 1 0
2659 48 8 -1 0
2660 35 13 0 1
2661 38 4 0 1
2662 24 39 1 0
2663 37 5 1 0
2664 11 6 0 -1
2665 26 11 0 1
2666 87 13 -1 0
2667 9 3 -1 0
2668 47 15 0 -1
2669 67 23 0 -1
2670 4 33 1 0
2671 30 0 1 0
2672 73 8 0 1
2673 3 22 0 -1
2674 15 35 1 0
2675 26 26 -1 0
2676 8 18 0 -1
2677 71 0 0 -1
2678 18 10 1 0
2679 2 36 -1 0
2680 23 1 0 1
2681 40 33 1 0
2682 22 11 -1 0
2683 14 32 0 1
2684 26 12 0 -1
2685 97 6 -1 0
2686 47 15 0 1
2687 38 16 0 1
2688 50 14 1 0
2689 30 29 -1 0
2690 29 18 0 -1
2691 86 27 0 -1
2692 6 5 0 1
2693 35 19 -1 0
2694 0 27 0 -1
2695 23 28 1 0
2696 76 30 -1 0
2697 38 4 -1 0
2698 96 3 0 -1
2699 47 25 0 -1
2700 70 4 0 1
2701 41 3 0 -1
2702 89 1 -1 0
2703 19 11 0 1
2704 16 37 0 -1
2705 50 19 -1 0
2706 97 35 0 1
2707 49 22 -1 0
2708 51 33 0 -1
2709 65 26 -1 0
2710 84 24 -1 0
2711 3 34 0 1
2712 7 14 -1 0
2713 46 4 1 0
2714 77 1 1 0
2715 31 26 1 0
2716 72 27 0 -1
2717 21 10 -1 0
2718 95 1 1 0
2719 29 36 -1 0
2720 19 7 0 1
2721 54 24 -1 0
2722 63 26 -1 0
2723 5 33 0 -1
2724 51 17 0 -1
2725 77 8 0 -1
2726 46 7 -1 0
2727 37 14 -1 0
2728 84 24 -1 0
2729 53 27 0 -1
2730 38 27 1 0
2731 46 21 0 -1
2732 89 27 0 -1
2733 30 39 0 -1
2734 40 20 0 -1
2735 5 35 1 0
2736 81 33 -1 0
2737 41 25 -1 0
2738 31 1 0 -1
2739 27 18 -1 0
2740 33 35 1 0
2741 43 28 1 0
2742 16 12 0 1
2743 49 9 0 1
2744 17 6 -1 0
2745 43 14 1 0
2746 8 20 0 1
2747 72 33 -1 0
2748 38 29 -1 0
2749 21 20 -1 0
2750 24 26 -1 0
2751 22 10 1 0
2752 62 35 1 0
2753 86 8 1 0
2754 55 29 1 0
2755 10 27 -1 0
2756 41 19 -1 0
2757 81 32 1 0
2758 40 2 -1 0
2759 19 13 0 -1
2760 94 11 0 -1
2761 49 14 0 -1
2762 47 34 -1 0
2763 38 10 0 1
2764 18 28 -1 0
2765 27 18 1 0
2766 0 37 0 1
2767 25 31 0 -1
2768 97 8 1 0
2769 89 12 -1 0
2770 9 31 0 1
2771 41 0 1 0
2772 53 31 1 0
2773 20 15 1 0
2774 39 37 0 -1
2775 20 31 1 0
2776 43 15 0 -1
2777 85 11 0 1
2778 12 29 0 -1
2779 42 20 1 0
2780 89 22 -1 0
2781 28 27 1 0
2782 95 13 0 -1
2783 18 10 0 1
2784 0 32 0 1
2785 28 3 0 -1
2786 87 16 0 1
2787 54 32 0 -1
2788 43 33 0 1
2789 23 1 0 1
2790 36 5 0 1
2791 42 7 -1 0
2792 40 29 0 1
2793 26 34 0 -1
2794 44 35 0 1
2795 20 4 1 0
2796 27 35 -1 0
2797 46 3 0 1
2798 5 3 -1 0
2799 24 9 0 -1
