0 61 15 0 -1
1 28 0 0 -1
2 63 6 -1 0
3 42 24 -1 0
4 41 17 0 -1
5 32 9 1 0
6 37 13 0 1
7 8 6 0 1
8 21 0 0 -1
9 27 36 0 -1
10 24 12 0 1
11 30 22 1 0
12 32 18 0 -1
13 76 8 0 1
14 32 30 1 0
15 38 30 1 0
16 9 16 1 0
17 35 2 -1 0
18 37 17 0 -1
19 70 2 -1 0
20 59 1 1 0
21 45 21 0 -1
22 46 11 0 -1
23 90 37 0 1
24 75 28 1 0
25 60 6 -1 0
26 49 15 -1 0
27 78 10 0 -1
28 33 10 0 -1
29 56 1 0 -1
30 31 3 0 1
31 28 2 0 1
32 42 15 0 1
33 23 8 1 0
34 27 25 1 0
35 36 15 0 1
36 80 7 0 -1
37 42 18 0 -1
38 48 10 1 0
39 37 6 1 0
40 22 11 0 1
41 31 18 0 1
42 37 15 0 1
43 42 23 1 0
44 24 14 0 1
45 42 26 0 1
46 39 28 -1 0
47 86 22 0 1
48 20 37 -1 0
49 30 12 0 1
50 74 16 -1 0
51 5 27 0 -1
52 40 21 1 0
53 23 10 0 -1
54 38 7 -1 0
55 36 13 0 -1
56 23 0 1 0
57 37 8 -1 0
58 21 37 0 1
59 23 38 1 0
60 22 16 1 0
61 39 11 1 0
62 40 0 1 0
63 44 29 0 -1
64 98 26 -1 0
65 21 38 0 1
66 21 33 0 -1
67 58 29 0 -1
68 6 34 0 -1
69 52 4 0 1
70 49 5 -1 0
71 40 1 -1 0
72 31 5 0 -1
73 22 27 0 1
74 31 36 1 0
75 44 12 1 0
76 41 23 0 1
77 56 32 0 1
78 85 39 0 1
79 28 28 0 1
80 59 17 -1 0
81 84 21 0 1
82 7 15 0 1
83 82 25 0 1
84 42 27 0 1
85 31 38 0 -1
86 4 36 0 -1
87 89 28 0 1
88 27 2 -1 0
89 30 16 0 -1
90 28 17 1 0
91 40 38 0 -1
92 50 1 0 -1
93 38 35 -1 0
94 14 36 0 -1
95 27 32 0 1
96 34 17 1 0
97 46 17 0 -1
98 46 28 0 1
99 35 34 -1 0
100 91 37 0 1
101 85 32 1 0
102 55 37 0 -1
103 83 30 0 1
104 32 12 -1 0
105 14 2 -1 0
106 23 24 1 0
107 23 30 0 1
108 36 13 1 0
109 29 10 0 -1
110 94 18 -1 0
111 8 4 1 0
112 96 18 1 0
113 34 35 -1 0
114 20 10 -1 0
115 76 26 0 -1
116 40 22 1 0
117 43 22 0 -1
118 45 27 0 -1
119 81 12 1 0
120 32 14 0 -1
121 41 27 1 0
122 29 0 1 0
123 40 14 -1 0
124 40 15 0 1
125 47 17 0 1
126 31 25 -1 0
127 27 10 0 1
128 26 2 0 -1
129 58 31 -1 0
130 38 13 0 1
131 41 22 -1 0
132 24 6 1 0
133 0 3 0 1
134 45 2 -1 0
135 29 5 1 0
136 31 34 0 1
137 80 1 1 0
138 61 2 1 0
139 23 33 0 -1
140 4 1 -1 0
141 72 10 1 0
142 36 37 -1 0
143 48 5 0 1
144 86 35 1 0
145 36 6 1 0
146 42 17 -1 0
147 38 33 1 0
148 44 15 -1 0
149 38 35 1 0
150 30 5 1 0
151 41 16 1 0
152 26 16 -1 0
153 8 2 0 1
154 50 33 0 -1
155 46 24 1 0
156 93 36 0 -1
157 22 38 1 0
158 25 38 1 0
159 43 29 0 1
160 36 18 0 -1
161 40 19 1 0
162 44 9 -1 0
163 12 4 -1 0
164 23 8 0 -1
165 58 14 1 0
166 23 4 0 1
167 27 18 1 0
168 21 17 1 0
169 43 30 0 -1
170 28 39 0 1
171 23 34 0 -1
172 6 36 -1 0
173 31 1 1 0
174 23 32 0 -1
175 64 22 -1 0
176 9 23 1 0
177 31 35 0 1
178 37 27 -1 0
179 5 23 0 -1
180 28 8 -1 0
181 40 30 -1 0
182 36 26 0 -1
183 33 35 0 1
184 39 1 0 1
185 28 35 -1 0
186 29 37 -1 0
187 88 16 1 0
188 30 20 -1 0
189 37 23 0 -1
190 40 19 0 -1
191 56 1 1 0
192 12 32 0 1
193 54 2 -1 0
194 39 11 0 1
195 24 13 0 1
196 69 30 0 1
197 39 4 1 0
198 36 36 1 0
199 43 22 1 0
200 17 37 1 0
201 71 10 0 1
202 39 12 -1 0
203 24 39 0 1
204 43 27 0 1
205 47 4 0 1
206 45 16 0 -1
207 30 11 0 1
208 29 12 -1 0
209 44 31 -1 0
210 94 9 0 1
211 4 6 0 -1
212 23 15 1 0
213 17 15 1 0
214 55 25 -1 0
215 42 11 0 -1
216 25 38 -1 0
217 53 26 -1 0
218 40 2 -1 0
219 94 11 0 1
220 15 32 -1 0
221 24 5 0 -1
222 45 23 -1 0
223 54 1 1 0
224 81 24 0 -1
225 38 24 -1 0
226 86 5 0 -1
227 25 19 1 0
228 32 12 0 1
229 26 26 0 -1
230 58 18 0 -1
231 38 3 -1 0
232 94 1 0 1
233 30 19 -1 0
234 15 6 -1 0
235 27 32 0 1
236 92 29 0 -1
237 33 5 1 0
238 44 26 -1 0
239 28 37 -1 0
240 44 30 0 -1
241 36 11 0 -1
242 5 24 0 -1
243 24 24 1 0
244 25 15 0 1
245 22 14 1 0
246 33 33 1 0
247 37 9 1 0
248 4 26 0 -1
249 26 2 0 -1
250 95 35 1 0
251 0 32 0 -1
252 86 15 0 1
253 27 15 0 -1
254 23 7 -1 0
255 5 0 0 1
256 24 1 0 1
257 41 11 0 -1
258 50 25 1 0
259 48 8 1 0
260 18 35 -1 0
261 89 13 0 -1
262 26 13 1 0
263 48 14 0 -1
264 29 38 0 -1
265 88 25 1 0
266 21 22 1 0
267 36 34 -1 0
268 17 17 0 1
269 38 12 -1 0
270 49 15 0 -1
271 41 33 1 0
272 38 12 1 0
273 39 28 0 1
274 27 6 1 0
275 24 22 -1 0
276 27 14 -1 0
277 26 25 1 0
278 39 39 0 -1
279 30 10 0 1
280 79 27 0 1
281 39 6 -1 0
282 96 39 0 -1
283 22 30 0 -1
284 42 21 0 1
285 22 5 -1 0
286 86 26 0 -1
287 94 31 -1 0
288 41 21 0 1
289 83 18 -1 0
290 81 28 1 0
291 30 36 0 1
292 28 8 1 0
293 10 27 -1 0
294 25 32 0 1
295 44 8 -1 0
296 43 9 1 0
297 43 16 0 -1
298 37 36 0 -1
299 29 18 1 0
300 46 14 -1 0
301 38 24 1 0
302 83 28 1 0
303 13 26 0 -1
304 28 13 -1 0
305 36 1 0 -1
306 22 37 1 0
307 34 36 0 -1
308 29 34 -1 0
309 35 8 0 1
310 10 19 0 -1
311 41 28 1 0
312 28 34 0 1
313 69 11 1 0
314 36 25 -1 0
315 38 19 0 -1
316 35 29 1 0
317 30 35 1 0
318 19 8 1 0
319 41 26 1 0
320 26 8 1 0
321 32 37 0 1
322 7 27 1 0
323 16 19 0 -1
324 29 14 1 0
325 44 33 1 0
326 36 32 1 0
327 42 16 -1 0
328 39 10 1 0
329 37 4 0 1
330 43 14 0 1
331 28 7 0 1
332 19 8 1 0
333 25 33 1 0
334 36 17 -1 0
335 65 12 -1 0
336 21 5 0 1
337 21 21 1 0
338 27 31 0 1
339 78 4 -1 0
340 1 20 1 0
341 30 9 -1 0
342 86 35 0 -1
343 42 28 1 0
344 25 31 -1 0
345 30 6 0 -1
346 1 25 0 1
347 38 29 -1 0
348 41 24 -1 0
349 94 25 0 -1
350 14 7 1 0
351 43 20 0 1
352 67 21 0 -1
353 62 25 0 1
354 51 17 0 1
355 42 14 -1 0
356 40 32 -1 0
357 28 37 0 1
358 78 8 -1 0
359 94 1 -1 0
360 19 18 1 0
361 38 21 0 -1
362 44 25 -1 0
363 21 11 1 0
364 21 27 0 -1
365 46 4 1 0
366 68 38 1 0
367 39 21 1 0
368 93 1 0 -1
369 89 1 -1 0
370 26 4 0 -1
371 46 26 -1 0
372 42 16 -1 0
373 9 7 -1 0
374 54 30 0 -1
375 15 0 0 1
376 39 27 -1 0
377 42 11 0 1
378 47 6 0 1
379 36 6 -1 0
380 20 30 0 -1
381 88 1 -1 0
382 12 39 -1 0
383 93 5 -1 0
384 5 3 1 0
385 39 30 1 0
386 87 25 1 0
387 41 14 1 0
388 42 25 1 0
389 27 39 0 1
390 12 32 1 0
391 32 11 -1 0
392 39 38 -1 0
393 37 24 0 1
394 41 26 -1 0
395 77 34 -1 0
396 66 29 0 1
397 37 26 0 -1
398 40 15 0 1
399 37 4 1 0
400 38 7 0 -1
401 26 1 0 -1
402 26 7 1 0
403 17 6 1 0
404 36 4 0 1
405 9 2 -1 0
406 35 19 0 1
407 38 26 1 0
408 78 7 1 0
409 88 28 1 0
410 47 38 0 1
411 38 17 0 1
412 31 35 0 1
413 87 3 1 0
414 88 26 -1 0
415 36 6 0 1
416 36 23 0 1
417 37 30 -1 0
418 63 8 0 -1
419 22 0 1 0
420 23 25 0 -1
421 24 13 0 1
422 61 7 0 1
423 37 17 1 0
424 24 4 -1 0
425 20 8 0 1
426 43 31 1 0
427 15 38 1 0
428 65 26 0 -1
429 4 34 0 1
430 39 37 0 1
431 41 20 -1 0
432 83 16 -1 0
433 65 30 0 -1
434 84 30 -1 0
435 28 36 -1 0
436 9 39 0 -1
437 38 19 0 -1
438 99 35 0 1
439 85 8 1 0
440 98 17 0 -1
441 38 22 1 0
442 99 15 0 1
443 91 6 1 0
444 84 26 1 0
445 26 9 -1 0
446 23 39 0 1
447 14 27 1 0
448 29 10 0 -1
449 46 32 -1 0
450 72 1 0 -1
451 42 30 -1 0
452 24 33 1 0
453 89 2 0 -1
454 23 0 0 -1
455 24 6 0 -1
456 13 0 -1 0
457 26 7 1 0
458 44 9 1 0
459 24 36 1 0
460 89 25 1 0
461 39 38 -1 0
462 20 11 1 0
463 38 8 1 0
464 26 13 0 1
465 52 4 0 1
466 3 11 0 -1
467 74 27 0 -1
468 46 6 -1 0
469 0 27 0 1
470 43 30 -1 0
471 40 23 -1 0
472 48 15 0 -1
473 44 22 0 1
474 42 32 0 1
475 17 9 0 1
476 40 25 1 0
477 42 29 1 0
478 90 1 0 -1
479 39 26 1 0
480 29 29 1 0
481 28 36 0 1
482 45 10 -1 0
483 17 30 1 0
484 40 16 -1 0
485 40 28 -1 0
486 38 12 0 1
487 43 30 1 0
488 26 11 1 0
489 24 39 -1 0
490 41 31 0 -1
491 25 15 -1 0
492 90 3 0 -1
493 39 3 0 1
494 44 5 1 0
495 30 3 1 0
496 44 13 1 0
497 45 18 -1 0
498 30 8 0 1
499 24 4 0 -1
500 30 38 0 1
501 38 6 0 1
502 2 36 -1 0
503 28 6 0 -1
504 27 37 0 -1
505 42 33 0 -1
506 24 26 0 -1
507 25 8 1 0
508 54 30 -1 0
509 80 26 0 -1
510 35 11 0 1
511 24 1 0 1
512 25 16 0 1
513 40 12 0 1
514 27 5 0 -1
515 43 11 -1 0
516 40 34 1 0
517 38 22 0 1
518 25 35 1 0
519 36 32 0 -1
520 91 33 1 0
521 97 35 1 0
522 36 19 -1 0
523 58 26 0 -1
524 26 14 1 0
525 35 11 0 1
526 32 32 1 0
527 13 27 0 1
528 38 14 -1 0
529 26 32 -1 0
530 25 31 0 1
531 84 38 0 -1
532 37 20 0 1
533 28 21 1 0
534 5 26 0 -1
535 43 18 1 0
536 43 24 -1 0
537 21 32 -1 0
538 36 31 0 1
539 49 9 -1 0
540 78 28 -1 0
541 28 11 1 0
542 37 33 -1 0
543 84 6 -1 0
544 41 25 -1 0
545 9 11 0 -1
546 40 24 1 0
547 24 13 0 1
548 31 19 0 -1
549 27 1 0 -1
550 27 1 0 1
551 71 2 -1 0
552 27 24 0 -1
553 42 3 -1 0
554 6 5 0 1
555 17 4 -1 0
556 13 2 1 0
557 84 34 0 -1
558 25 3 0 -1
559 24 9 1 0
560 62 28 -1 0
561 39 15 1 0
562 74 23 1 0
563 20 31 1 0
564 53 5 1 0
565 44 32 0 -1
566 12 6 0 -1
567 28 2 1 0
568 23 18 -1 0
569 17 10 -1 0
570 41 22 1 0
571 18 24 0 -1
572 30 6 0 -1
573 18 6 0 -1
574 25 1 -1 0
575 40 30 0 1
576 25 2 0 -1
577 25 33 0 1
578 27 10 -1 0
579 38 36 0 -1
580 10 7 0 1
581 38 5 -1 0
582 98 29 1 0
583 24 1 0 -1
584 14 24 0 1
585 11 36 1 0
586 44 24 -1 0
587 50 1 0 -1
588 36 13 1 0
589 44 25 0 -1
590 88 34 0 1
591 38 6 1 0
592 29 2 1 0
593 28 12 -1 0
594 30 36 0 -1
595 41 23 0 1
596 26 4 1 0
597 35 7 0 1
598 26 37 -1 0
599 36 10 -1 0
600 10 3 -1 0
601 40 11 -1 0
602 17 23 1 0
603 8 21 1 0
604 96 5 1 0
605 29 7 0 -1
606 25 33 1 0
607 41 13 -1 0
608 43 33 -1 0
609 78 39 0 -1
610 14 22 0 1
611 42 21 0 1
612 9 30 0 -1
613 42 29 1 0
614 48 24 0 1
615 2 37 1 0
616 47 30 0 -1
617 87 14 0 -1
618 39 21 0 1
619 21 31 0 1
620 70 33 0 -1
621 30 14 0 -1
622 48 25 1 0
623 36 27 -1 0
624 30 9 0 1
625 37 34 0 1
626 99 26 0 1
627 80 7 1 0
628 35 34 1 0
629 21 37 0 1
630 39 19 1 0
631 80 23 1 0
632 11 37 1 0
633 29 15 0 -1
634 50 17 1 0
635 26 12 1 0
636 35 10 0 1
637 53 28 1 0
638 56 33 1 0
639 17 6 0 -1
640 25 13 0 -1
641 42 33 -1 0
642 15 8 1 0
643 25 36 0 -1
644 42 33 -1 0
645 28 18 0 1
646 21 39 0 1
647 27 4 0 -1
648 3 4 1 0
649 17 9 1 0
650 32 16 0 -1
651 40 14 0 -1
652 87 34 1 0
653 92 1 -1 0
654 76 34 -1 0
655 4 27 0 1
656 32 33 0 -1
657 75 24 0 -1
658 22 1 1 0
659 47 29 -1 0
660 29 36 0 1
661 45 28 0 -1
662 45 26 0 -1
663 38 6 0 1
664 30 1 1 0
665 27 35 1 0
666 31 14 0 1
667 37 24 0 -1
668 42 30 0 1
669 31 37 0 -1
670 41 27 0 1
671 7 1 1 0
672 26 2 0 1
673 28 11 -1 0
674 4 25 -1 0
675 29 30 0 1
676 44 24 0 1
677 39 10 0 1
678 31 15 0 1
679 30 19 1 0
680 73 2 0 -1
681 4 32 0 1
682 76 34 1 0
683 14 14 -1 0
684 39 13 0 -1
685 62 26 0 -1
686 36 7 1 0
687 37 24 1 0
688 72 6 -1 0
689 2 25 -1 0
690 35 0 0 -1
691 35 31 -1 0
692 42 18 0 -1
693 35 31 1 0
694 14 16 0 -1
695 41 33 1 0
696 42 29 0 -1
697 31 38 1 0
698 21 16 0 -1
699 10 8 0 -1
700 25 7 0 1
701 79 36 0 1
702 28 34 0 1
703 28 38 -1 0
704 26 33 1 0
705 22 33 1 0
706 27 5 0 -1
707 37 13 1 0
708 48 38 0 -1
709 94 34 0 -1
710 38 27 -1 0
711 23 16 0 -1
712 85 33 0 -1
713 42 34 0 -1
714 43 5 -1 0
715 38 25 -1 0
716 47 34 0 -1
717 12 24 1 0
718 31 13 0 1
719 40 11 -1 0
720 10 38 0 1
721 99 9 1 0
722 68 32 1 0
723 23 22 -1 0
724 29 15 -1 0
725 19 27 0 1
726 41 30 -1 0
727 24 22 1 0
728 42 31 0 -1
729 21 29 0 1
730 25 16 0 1
731 28 33 -1 0
732 21 23 1 0
733 7 38 -1 0
734 25 38 1 0
735 36 27 -1 0
736 43 27 -1 0
737 21 11 1 0
738 24 38 0 1
739 99 36 0 -1
740 11 34 1 0
741 43 23 0 1
742 31 12 -1 0
743 57 7 0 1
744 37 16 1 0
745 26 5 -1 0
746 7 30 1 0
747 97 33 -1 0
748 25 7 -1 0
749 88 26 0 -1
750 38 24 0 -1
751 19 36 1 0
752 34 37 1 0
753 21 3 -1 0
754 26 17 -1 0
755 42 20 1 0
756 36 5 -1 0
757 30 15 1 0
758 94 18 1 0
759 22 0 0 -1
760 1 18 0 1
761 30 3 0 -1
762 30 27 -1 0
763 29 8 1 0
764 56 21 0 -1
765 36 28 0 -1
766 42 32 0 1
767 39 31 0 1
768 42 28 0 1
769 65 28 1 0
770 42 5 0 1
771 27 33 0 -1
772 36 28 0 1
773 41 34 -1 0
774 7 39 -1 0
775 79 10 0 1
776 23 31 1 0
777 62 22 -1 0
778 90 1 1 0
779 53 30 0 -1
780 51 13 0 -1
781 96 0 0 -1
782 28 14 1 0
783 26 35 0 -1
784 31 0 -1 0
785 31 1 0 -1
786 86 10 1 0
787 30 13 1 0
788 75 26 0 1
789 48 24 0 -1
790 22 3 0 1
791 39 33 0 1
792 38 17 0 -1
793 18 12 0 1
794 27 12 -1 0
795 35 23 1 0
796 28 18 -1 0
797 25 37 1 0
798 64 27 0 -1
799 17 9 1 0
800 37 19 0 1
801 37 5 0 1
802 3 20 0 1
803 39 25 -1 0
804 28 19 1 0
805 20 11 0 -1
806 91 13 -1 0
807 53 7 -1 0
808 11 33 0 -1
809 32 11 0 -1
810 26 16 0 1
811 30 1 -1 0
812 34 9 1 0
813 40 16 0 -1
814 27 6 1 0
815 66 2 0 -1
816 37 9 0 -1
817 7 35 0 1
818 22 17 -1 0
819 39 33 0 -1
820 3 32 0 -1
821 27 13 1 0
822 39 37 0 1
823 11 19 0 -1
824 14 8 1 0
825 88 39 0 -1
826 17 13 0 1
827 95 0 -1 0
828 37 27 1 0
829 26 32 0 -1
830 46 18 1 0
831 21 26 1 0
832 96 23 0 -1
833 70 21 0 1
834 27 2 0 -1
835 19 12 -1 0
836 30 23 -1 0
837 58 0 -1 0
838 73 7 0 1
839 7 12 -1 0
840 45 28 0 -1
841 93 37 1 0
842 35 24 0 1
843 53 32 -1 0
844 43 25 0 -1
845 39 20 1 0
846 96 0 0 -1
847 45 23 -1 0
848 41 25 0 -1
849 24 5 1 0
850 32 15 0 -1
851 97 31 -1 0
852 32 9 -1 0
853 74 17 0 -1
854 21 38 0 1
855 16 22 0 -1
856 96 1 1 0
857 37 7 1 0
858 31 10 0 1
859 36 32 0 -1
860 25 32 0 1
861 52 19 0 1
862 28 17 0 1
863 25 14 1 0
864 10 23 0 1
865 65 18 1 0
866 41 9 1 0
867 25 39 0 1
868 30 0 0 -1
869 41 12 0 1
870 3 38 1 0
871 19 19 1 0
872 5 24 0 1
873 6 0 1 0
874 58 1 0 -1
875 27 8 1 0
876 23 31 1 0
877 53 7 0 -1
878 3 16 0 1
879 36 15 0 1
880 90 19 0 1
881 54 32 -1 0
882 47 15 0 1
883 25 13 0 -1
884 45 22 -1 0
885 38 9 0 -1
886 28 27 1 0
887 24 31 0 1
888 24 26 0 -1
889 87 22 1 0
890 18 12 0 1
891 30 38 0 1
892 26 38 0 -1
893 99 9 1 0
894 40 30 0 -1
895 27 7 0 1
896 11 39 0 -1
897 38 9 -1 0
898 23 0 1 0
899 42 14 0 1
900 28 37 0 1
901 26 17 -1 0
902 37 25 -1 0
903 17 21 -1 0
904 29 6 0 -1
905 94 4 -1 0
906 31 4 1 0
907 40 26 -1 0
908 23 24 1 0
909 5 4 1 0
910 39 16 0 1
911 40 6 1 0
912 31 14 -1 0
913 85 27 -1 0
914 36 16 1 0
915 40 25 0 -1
916 23 12 -1 0
917 42 34 0 -1
918 37 21 0 -1
919 22 30 -1 0
920 27 38 -1 0
921 45 25 -1 0
922 32 18 1 0
923 39 24 0 -1
924 35 2 -1 0
925 15 27 0 -1
926 22 37 0 1
927 68 34 0 -1
928 48 33 1 0
929 36 5 1 0
930 91 20 0 -1
931 40 22 0 1
932 38 30 0 -1
933 6 28 0 -1
934 32 34 -1 0
935 21 34 0 -1
936 18 3 0 -1
937 43 25 0 -1
938 25 32 0 -1
939 32 10 0 1
940 34 29 0 1
941 27 39 0 1
942 27 5 1 0
943 54 24 0 -1
944 40 24 0 -1
945 98 38 -1 0
946 84 19 0 -1
947 39 15 -1 0
948 38 29 1 0
949 48 29 0 -1
950 23 31 1 0
951 88 10 -1 0
952 29 12 1 0
953 4 29 0 1
954 43 15 1 0
955 36 1 -1 0
956 13 38 1 0
957 98 0 0 1
958 22 6 1 0
959 37 28 1 0
960 39 26 0 1
961 36 29 0 -1
962 26 37 1 0
963 22 39 0 -1
964 37 16 0 -1
965 27 17 0 -1
966 39 6 1 0
967 31 13 0 -1
968 76 37 0 1
969 16 32 -1 0
970 31 1 1 0
971 39 24 0 -1
972 39 24 1 0
973 39 31 0 -1
974 78 3 0 1
975 49 8 0 1
976 32 11 1 0
977 28 16 1 0
978 25 12 1 0
979 41 19 -1 0
980 39 28 1 0
981 70 19 1 0
982 22 24 -1 0
983 17 5 -1 0
984 41 15 -1 0
985 45 2 0 -1
986 66 3 1 0
987 14 12 0 1
988 20 4 0 -1
989 43 21 0 1
990 10 17 -1 0
991 37 20 1 0
992 41 30 1 0
993 46 8 -1 0
994 38 30 0 -1
995 36 33 -1 0
996 78 36 1 0
997 19 24 0 -1
998 94 28 1 0
999 32 15 0 -1
1000 24 16 1 0
1001 41 16 0 1
1002 99 3 -1 0
1003 40 31 0 1
1004 35 0 0 1
1005 42 23 0 1
1006 68 35 0 -1
1007 28 7 0 -1
1008 15 24 0 -1
1009 23 4 -1 0
1010 36 5 0 -1
1011 88 6 1 0
1012 30 11 -1 0
1013 28 1 0 -1
1014 92 10 0 1
1015 45 23 1 0
1016 39 17 -1 0
1017 87 8 1 0
1018 94 12 1 0
1019 28 13 0 1
1020 36 16 -1 0
1021 27 7 -1 0
1022 37 15 1 0
1023 97 21 0 -1
1024 41 17 -1 0
1025 22 6 1 0
1026 24 2 1 0
1027 99 29 0 -1
1028 94 14 -1 0
1029 38 26 0 1
1030 95 28 1 0
1031 45 24 -1 0
1032 87 25 0 -1
1033 40 9 -1 0
1034 78 15 0 -1
1035 16 22 0 -1
1036 37 34 0 -1
1037 26 3 0 -1
1038 35 12 1 0
1039 3 35 0 -1
1040 36 26 1 0
1041 36 33 1 0
1042 57 25 0 1
1043 29 6 0 -1
1044 27 12 0 1
1045 38 28 0 -1
1046 7 38 -1 0
1047 52 20 0 1
1048 95 35 -1 0
1049 6 7 0 1
1050 22 16 1 0
1051 4 34 0 1
1052 75 12 1 0
1053 29 4 1 0
1054 24 33 0 1
1055 1 28 1 0
1056 31 36 1 0
1057 23 39 1 0
1058 16 22 -1 0
1059 28 10 1 0
1060 26 36 0 -1
1061 26 10 1 0
1062 37 25 -1 0
1063 29 33 0 -1
1064 80 31 0 1
1065 23 13 0 -1
1066 90 25 1 0
1067 46 36 -1 0
1068 30 15 1 0
1069 55 24 -1 0
1070 7 6 0 1
1071 37 19 0 1
1072 39 35 0 -1
1073 1 20 0 1
1074 30 10 1 0
1075 48 2 1 0
1076 10 10 0 1
1077 20 23 0 1
1078 31 19 -1 0
1079 9 19 0 -1
1080 36 35 0 -1
1081 98 22 0 1
1082 24 16 0 -1
1083 14 12 0 -1
1084 80 34 -1 0
1085 28 3 1 0
1086 5 20 -1 0
1087 22 39 1 0
1088 27 17 0 -1
1089 42 28 -1 0
1090 24 37 1 0
1091 24 37 0 -1
1092 77 23 -1 0
1093 30 11 0 1
1094 8 0 0 1
1095 70 6 0 1
1096 37 32 0 1
1097 90 8 -1 0
1098 6 29 -1 0
1099 35 32 1 0
1100 80 2 1 0
1101 4 30 1 0
1102 20 12 1 0
1103 37 8 0 -1
1104 37 23 0 -1
1105 25 27 1 0
1106 62 39 0 -1
1107 24 33 0 -1
1108 24 7 1 0
1109 39 13 0 -1
1110 38 31 -1 0
1111 24 36 0 1
1112 36 22 0 1
1113 39 36 0 1
1114 60 6 -1 0
1115 28 6 0 -1
1116 41 15 0 1
1117 76 27 0 -1
1118 22 10 0 1
1119 22 9 -1 0
1120 29 10 0 -1
1121 40 16 -1 0
1122 38 14 -1 0
1123 8 10 -1 0
1124 2 28 -1 0
1125 39 38 0 1
1126 38 33 0 -1
1127 28 8 0 1
1128 44 25 0 -1
1129 26 8 0 -1
1130 40 13 1 0
1131 71 18 1 0
1132 42 0 0 -1
1133 47 1 0 1
1134 26 29 0 -1
1135 41 11 -1 0
1136 37 26 0 1
1137 36 7 0 -1
1138 41 24 1 0
1139 26 12 -1 0
1140 15 1 0 -1
1141 41 35 0 -1
1142 44 32 1 0
1143 45 31 -1 0
1144 91 17 -1 0
1145 22 2 0 -1
1146 38 23 -1 0
1147 3 27 1 0
1148 38 4 1 0
1149 36 34 -1 0
1150 98 6 0 -1
1151 10 22 0 1
1152 89 14 1 0
1153 28 27 0 1
1154 24 18 0 -1
1155 28 35 -1 0
1156 24 30 0 1
1157 23 3 0 -1
1158 44 36 1 0
1159 87 31 -1 0
1160 30 12 0 -1
1161 31 11 0 1
1162 28 1 -1 0
1163 27 31 -1 0
1164 79 25 1 0
1165 30 38 0 -1
1166 70 37 0 -1
1167 75 39 0 -1
1168 43 15 -1 0
1169 38 16 1 0
1170 2 12 1 0
1171 50 35 -1 0
1172 38 18 0 1
1173 1 9 -1 0
1174 22 7 1 0
1175 39 27 0 1
1176 25 2 1 0
1177 59 0 0 1
1178 99 38 0 1
1179 12 15 1 0
1180 27 25 1 0
1181 36 35 0 -1
1182 24 0 0 -1
1183 14 15 0 -1
1184 17 27 -1 0
1185 36 24 0 1
1186 35 33 -1 0
1187 21 18 1 0
1188 29 17 1 0
1189 91 27 1 0
1190 29 32 0 1
1191 97 18 0 1
1192 12 21 1 0
1193 39 20 0 1
1194 38 25 1 0
1195 91 38 0 1
1196 8 19 0 1
1197 38 28 1 0
1198 4 38 1 0
1199 39 32 1 0
1200 23 6 0 1
1201 41 34 0 -1
1202 7 10 0 1
1203 44 32 1 0
1204 38 34 1 0
1205 50 17 0 1
1206 83 19 0 1
1207 27 33 0 1
1208 46 15 -1 0
1209 26 8 0 -1
1210 29 2 1 0
1211 30 18 0 1
1212 58 0 1 0
1213 84 14 0 1
1214 42 0 -1 0
1215 29 4 -1 0
1216 31 37 0 -1
1217 92 33 1 0
1218 35 10 -1 0
1219 79 38 0 -1
1220 40 23 -1 0
1221 10 9 -1 0
1222 40 35 0 -1
1223 11 15 0 -1
1224 31 28 1 0
1225 48 8 -1 0
1226 10 23 0 -1
1227 16 35 0 1
1228 37 14 0 1
1229 13 35 1 0
1230 26 15 0 -1
1231 56 30 1 0
1232 41 33 1 0
1233 22 30 0 -1
1234 40 32 -1 0
1235 1 15 1 0
1236 18 15 0 1
1237 66 19 1 0
1238 99 5 -1 0
1239 39 36 1 0
1240 90 21 -1 0
1241 32 23 -1 0
1242 42 31 0 1
1243 53 32 -1 0
1244 15 6 1 0
1245 28 32 -1 0
1246 28 34 0 1
1247 25 14 0 1
1248 44 24 0 1
1249 51 23 0 -1
1250 87 17 -1 0
1251 30 33 -1 0
1252 31 17 0 1
1253 37 29 -1 0
1254 13 11 -1 0
1255 99 16 -1 0
1256 45 32 0 1
1257 43 26 0 1
1258 92 18 0 1
1259 54 20 1 0
1260 46 26 1 0
1261 41 9 0 1
1262 24 32 0 1
1263 45 26 0 1
1264 47 25 0 -1
1265 16 19 1 0
1266 35 25 1 0
1267 30 37 0 -1
1268 84 12 1 0
1269 31 18 -1 0
1270 49 10 0 1
1271 41 13 0 -1
1272 43 3 1 0
1273 25 35 0 -1
1274 46 28 -1 0
1275 44 13 -1 0
1276 85 38 0 -1
1277 55 16 1 0
1278 25 5 1 0
1279 44 1 -1 0
1280 19 17 -1 0
1281 53 20 1 0
1282 39 29 0 1
1283 94 31 -1 0
1284 35 11 1 0
1285 38 29 1 0
1286 38 32 1 0
1287 35 8 1 0
1288 37 28 1 0
1289 23 39 1 0
1290 52 10 0 1
1291 34 16 1 0
1292 21 26 0 1
1293 23 21 0 -1
1294 84 21 -1 0
1295 37 31 0 -1
1296 20 24 1 0
1297 42 17 0 -1
1298 40 29 1 0
1299 26 13 0 -1
1300 80 10 0 1
1301 14 27 -1 0
1302 45 32 0 1
1303 22 10 1 0
1304 29 1 0 1
1305 39 39 0 -1
1306 89 9 1 0
1307 88 2 -1 0
1308 11 28 -1 0
1309 41 26 -1 0
1310 39 33 0 -1
1311 17 4 -1 0
1312 15 3 0 -1
1313 65 30 0 -1
1314 27 11 -1 0
1315 42 24 0 -1
1316 13 30 -1 0
1317 26 34 1 0
1318 41 34 -1 0
1319 78 24 0 -1
1320 50 19 0 1
1321 26 11 1 0
1322 40 37 -1 0
1323 1 30 0 -1
1324 24 31 0 1
1325 78 6 -1 0
1326 29 9 0 -1
1327 32 35 0 1
1328 1 11 0 -1
1329 35 22 -1 0
1330 18 25 1 0
1331 29 1 1 0
1332 38 13 1 0
1333 40 27 0 1
1334 27 11 0 1
1335 43 14 0 1
1336 66 9 1 0
1337 36 17 1 0
1338 40 33 -1 0
1339 23 32 1 0
1340 38 5 0 1
1341 63 2 1 0
1342 32 13 0 1
1343 44 27 -1 0
1344 30 1 0 1
1345 6 29 0 -1
1346 92 9 -1 0
1347 22 37 0 -1
1348 44 38 0 -1
1349 24 4 -1 0
1350 56 21 0 -1
1351 48 31 -1 0
1352 40 10 -1 0
1353 18 7 0 -1
1354 40 32 0 -1
1355 25 39 0 1
1356 16 15 -1 0
1357 83 12 1 0
1358 28 25 0 1
1359 78 4 0 -1
1360 43 11 1 0
1361 31 4 -1 0
1362 21 26 1 0
1363 53 29 0 -1
1364 24 5 0 1
1365 91 25 0 1
1366 40 28 0 1
1367 30 12 0 1
1368 16 10 0 -1
1369 30 14 0 -1
1370 79 30 -1 0
1371 24 3 1 0
1372 28 14 -1 0
1373 44 27 0 1
1374 43 21 0 1
1375 38 11 0 1
1376 17 0 1 0
1377 31 3 -1 0
1378 39 12 -1 0
1379 31 0 1 0
1380 19 12 0 -1
1381 37 35 1 0
1382 49 30 0 1
1383 39 14 1 0
1384 31 12 -1 0
1385 52 18 -1 0
1386 21 20 0 1
1387 46 7 0 -1
1388 39 20 0 1
1389 6 10 -1 0
1390 24 15 -1 0
1391 23 33 1 0
1392 83 32 1 0
1393 30 9 -1 0
1394 56 0 1 0
1395 37 5 0 -1
1396 31 10 0 1
1397 92 36 1 0
1398 26 30 0 1
1399 71 13 0 1
1400 28 5 -1 0
1401 9 16 0 -1
1402 98 36 -1 0
1403 85 26 0 -1
1404 18 27 0 -1
1405 32 1 0 -1
1406 40 35 0 -1
1407 16 35 -1 0
1408 26 0 0 1
1409 37 30 -1 0
1410 29 31 0 -1
1411 22 4 1 0
1412 29 11 1 0
1413 44 35 0 -1
1414 30 35 -1 0
1415 4 32 1 0
1416 26 27 0 -1
1417 65 0 1 0
1418 72 33 -1 0
1419 27 34 0 1
1420 10 28 0 1
1421 25 11 0 1
1422 11 11 1 0
1423 39 32 -1 0
1424 70 15 0 -1
1425 30 4 0 -1
1426 27 38 0 1
1427 50 9 0 -1
1428 15 10 -1 0
1429 65 6 0 1
1430 21 8 0 -1
1431 22 0 -1 0
1432 54 23 -1 0
1433 36 36 0 1
1434 21 38 0 1
1435 26 36 1 0
1436 78 16 0 1
1437 44 23 -1 0
1438 49 28 1 0
1439 31 4 1 0
1440 53 19 -1 0
1441 4 31 1 0
1442 87 33 1 0
1443 35 4 0 -1
1444 1 37 1 0
1445 92 6 1 0
1446 25 39 1 0
1447 63 39 1 0
1448 36 18 0 -1
1449 40 33 0 -1
1450 17 19 0 -1
1451 62 24 1 0
1452 88 29 -1 0
1453 67 34 0 -1
1454 96 38 -1 0
1455 37 32 0 -1
1456 39 4 -1 0
1457 98 32 0 1
1458 23 2 -1 0
1459 40 29 1 0
1460 4 10 0 1
1461 29 35 1 0
1462 35 33 -1 0
1463 40 26 1 0
1464 27 36 1 0
1465 49 32 -1 0
1466 41 12 -1 0
1467 95 35 0 -1
1468 30 19 0 -1
1469 22 10 0 1
1470 26 11 1 0
1471 43 22 0 1
1472 27 3 -1 0
1473 23 11 0 1
1474 29 2 0 1
1475 24 22 0 -1
1476 48 27 -1 0
1477 37 14 0 1
1478 88 7 0 -1
1479 35 19 -1 0
1480 20 37 0 1
1481 24 27 0 -1
1482 29 32 0 -1
1483 25 15 0 1
1484 31 16 0 -1
1485 28 4 0 1
1486 17 23 1 0
1487 19 8 0 1
1488 25 37 -1 0
1489 59 4 1 0
1490 61 9 0 -1
1491 41 37 -1 0
1492 27 15 -1 0
1493 47 17 1 0
1494 30 21 1 0
1495 38 36 -1 0
1496 27 9 1 0
1497 3 25 -1 0
1498 26 30 0 1
1499 24 3 -1 0
1500 80 20 -1 0
1501 16 37 0 -1
1502 31 20 1 0
1503 15 18 -1 0
1504 38 14 0 -1
1505 21 19 0 1
1506 48 12 0 1
1507 35 19 0 1
1508 25 19 0 1
1509 46 14 -1 0
1510 13 10 -1 0
1511 38 20 0 1
1512 29 16 1 0
1513 94 4 0 1
1514 76 14 0 1
1515 70 25 1 0
1516 36 21 0 1
1517 40 17 1 0
1518 21 2 -1 0
1519 20 9 1 0
1520 17 6 0 1
1521 26 9 0 -1
1522 39 12 0 1
1523 55 30 0 -1
1524 37 33 0 1
1525 21 34 1 0
1526 28 39 -1 0
1527 1 25 -1 0
1528 26 16 0 1
1529 25 4 0 -1
1530 43 5 0 1
1531 12 7 -1 0
1532 24 12 0 1
1533 85 20 -1 0
1534 16 3 -1 0
1535 39 26 0 1
1536 14 39 -1 0
1537 31 21 -1 0
1538 24 11 1 0
1539 27 39 0 -1
1540 40 12 1 0
1541 26 4 0 1
1542 98 21 0 1
1543 32 34 0 1
1544 39 4 -1 0
1545 80 36 0 1
1546 31 5 0 -1
1547 29 39 1 0
1548 37 28 -1 0
1549 79 28 1 0
1550 39 10 0 1
1551 12 37 0 -1
1552 69 7 0 1
1553 38 23 0 -1
1554 21 39 1 0
1555 46 13 1 0
1556 28 33 -1 0
1557 39 29 1 0
1558 56 10 1 0
1559 22 20 0 -1
1560 41 17 1 0
1561 37 29 1 0
1562 27 0 0 1
1563 39 34 0 -1
1564 35 18 -1 0
1565 78 38 1 0
1566 64 3 0 1
1567 4 1 -1 0
1568 29 26 0 1
1569 44 28 -1 0
1570 12 3 0 -1
1571 37 7 0 1
1572 15 17 0 -1
1573 46 16 0 -1
1574 31 17 1 0
1575 73 32 0 -1
1576 28 13 1 0
1577 42 12 -1 0
1578 39 11 1 0
1579 29 1 0 1
1580 73 20 1 0
1581 29 29 0 1
1582 21 12 1 0
1583 37 38 -1 0
1584 13 3 0 1
1585 29 7 0 -1
1586 35 20 1 0
1587 22 3 0 -1
1588 0 33 1 0
1589 23 4 0 -1
1590 35 22 1 0
1591 81 7 -1 0
1592 28 26 0 -1
1593 5 36 0 1
1594 13 31 0 1
1595 42 20 1 0
1596 79 0 -1 0
1597 30 33 1 0
1598 36 7 1 0
1599 25 13 0 1
1600 92 36 1 0
1601 84 2 -1 0
1602 72 32 0 1
1603 26 39 -1 0
1604 73 22 0 1
1605 27 14 0 1
1606 8 0 0 -1
1607 47 11 -1 0
1608 38 8 0 -1
1609 20 5 0 1
1610 40 22 0 -1
1611 45 10 1 0
1612 23 19 0 -1
1613 19 28 0 -1
1614 25 7 1 0
1615 81 5 0 -1
1616 41 10 -1 0
1617 41 24 0 1
1618 30 39 0 1
1619 20 1 1 0
1620 88 31 0 -1
1621 30 17 0 1
1622 91 35 1 0
1623 41 35 -1 0
1624 75 15 -1 0
1625 30 2 -1 0
1626 53 1 1 0
1627 36 8 1 0
1628 42 30 0 -1
1629 41 21 0 1
1630 6 26 1 0
1631 31 15 0 1
1632 40 26 1 0
1633 86 27 -1 0
1634 53 21 0 1
1635 23 36 0 1
1636 10 27 -1 0
1637 48 14 1 0
1638 25 11 0 -1
1639 26 7 0 -1
1640 25 17 -1 0
1641 24 32 1 0
1642 62 8 0 -1
1643 31 8 0 -1
1644 23 10 -1 0
1645 18 28 1 0
1646 73 35 1 0
1647 26 35 -1 0
1648 7 2 -1 0
1649 27 3 0 1
1650 72 4 0 1
1651 23 37 0 1
1652 94 18 0 1
1653 29 8 0 1
1654 40 33 0 1
1655 59 34 0 1
1656 14 11 0 1
1657 86 20 -1 0
1658 29 5 -1 0
1659 98 2 1 0
1660 27 16 -1 0
1661 28 0 0 1
1662 42 9 -1 0
1663 12 30 1 0
1664 28 10 -1 0
1665 32 36 0 -1
1666 94 10 1 0
1667 18 23 -1 0
1668 71 36 -1 0
1669 30 21 0 -1
1670 25 1 1 0
1671 31 18 0 -1
1672 31 15 1 0
1673 35 24 -1 0
1674 27 2 -1 0
1675 7 35 1 0
1676 93 27 0 -1
1677 26 18 0 -1
1678 21 27 0 -1
1679 59 20 -1 0
1680 5 27 0 1
1681 77 38 0 1
1682 43 26 -1 0
1683 45 32 0 1
1684 35 22 1 0
1685 69 39 -1 0
1686 70 30 0 -1
1687 29 35 -1 0
1688 35 31 -1 0
1689 16 14 1 0
1690 32 36 -1 0
1691 20 0 0 1
1692 99 26 0 -1
1693 13 21 0 -1
1694 38 22 1 0
1695 25 2 -1 0
1696 43 20 0 1
1697 25 5 0 1
1698 94 13 0 -1
1699 38 21 0 -1
1700 95 16 -1 0
1701 85 14 0 1
1702 17 33 1 0
1703 0 18 1 0
1704 72 28 0 -1
1705 27 34 -1 0
1706 21 11 0 1
1707 24 19 0 1
1708 27 18 1 0
1709 21 3 0 -1
1710 40 37 1 0
1711 41 29 0 1
1712 90 9 1 0
1713 45 24 0 1
1714 30 5 -1 0
1715 35 13 1 0
1716 26 5 0 -1
1717 44 15 -1 0
1718 86 9 0 1
1719 85 21 1 0
1720 44 31 0 -1
1721 8 2 0 1
1722 67 23 1 0
1723 29 37 1 0
1724 29 30 0 1
1725 36 27 1 0
1726 44 15 0 1
1727 25 23 -1 0
1728 64 34 0 1
1729 36 31 0 1
1730 24 16 -1 0
1731 38 11 0 1
1732 22 5 0 -1
1733 65 13 0 -1
1734 64 6 1 0
1735 14 18 0 1
1736 38 26 0 1
1737 11 36 1 0
1738 25 34 0 1
1739 40 35 0 -1
1740 90 9 1 0
1741 26 19 -1 0
1742 32 8 0 1
1743 20 25 1 0
1744 25 22 1 0
1745 43 23 -1 0
1746 36 24 1 0
1747 4 23 -1 0
1748 77 32 0 1
1749 23 1 0 1
1750 44 36 1 0
1751 59 14 -1 0
1752 57 30 -1 0
1753 24 6 1 0
1754 85 39 0 -1
1755 2 8 0 1
1756 23 35 0 1
1757 36 21 1 0
1758 35 34 0 1
1759 14 5 0 1
1760 23 37 0 1
1761 65 17 1 0
1762 28 11 -1 0
1763 13 14 0 1
1764 4 21 1 0
1765 37 29 -1 0
1766 47 39 -1 0
1767 38 13 0 -1
1768 24 30 0 1
1769 19 18 0 1
1770 15 23 0 1
1771 9 0 1 0
1772 18 8 0 -1
1773 39 22 -1 0
1774 42 23 -1 0
1775 37 18 0 1
1776 50 21 0 -1
1777 65 36 -1 0
1778 30 2 0 -1
1779 40 8 -1 0
1780 29 14 1 0
1781 23 36 0 1
1782 34 21 0 -1
1783 76 15 0 -1
1784 5 11 0 -1
1785 32 15 0 -1
1786 35 6 -1 0
1787 7 33 -1 0
1788 37 31 0 -1
1789 41 25 -1 0
1790 37 6 1 0
1791 45 5 -1 0
1792 28 26 0 1
1793 86 15 0 1
1794 29 4 1 0
1795 11 39 0 -1
1796 29 3 0 -1
1797 63 4 0 1
1798 94 12 -1 0
1799 76 6 0 -1
1800 38 4 -1 0
1801 36 24 1 0
1802 51 12 1 0
1803 44 23 0 1
1804 38 32 -1 0
1805 25 36 0 1
1806 22 3 0 -1
1807 51 28 0 1
1808 43 29 1 0
1809 36 8 0 -1
1810 63 16 -1 0
1811 17 37 0 1
1812 92 19 1 0
1813 28 29 0 -1
1814 4 19 -1 0
1815 38 27 -1 0
1816 16 0 0 1
1817 25 3 0 -1
1818 38 34 1 0
1819 49 4 -1 0
1820 58 27 0 1
1821 50 23 1 0
1822 37 16 -1 0
1823 29 9 0 1
1824 31 11 -1 0
1825 75 6 0 1
1826 42 13 0 1
1827 23 25 -1 0
1828 34 0 -1 0
1829 33 11 1 0
1830 42 22 0 1
1831 36 25 -1 0
1832 13 23 0 -1
1833 13 16 1 0
1834 37 15 0 1
1835 28 35 0 -1
1836 73 20 0 -1
1837 3 39 -1 0
1838 31 2 0 -1
1839 32 8 1 0
1840 35 30 1 0
1841 44 28 0 1
1842 28 18 -1 0
1843 16 12 0 1
1844 30 36 0 1
1845 3 8 1 0
1846 42 32 1 0
1847 35 32 -1 0
1848 24 14 0 1
1849 40 19 -1 0
1850 30 29 0 -1
1851 31 14 0 -1
1852 22 2 1 0
1853 44 31 0 -1
1854 39 25 0 -1
1855 27 17 0 -1
1856 26 36 0 1
1857 57 29 -1 0
1858 29 33 0 -1
1859 41 31 0 1
1860 49 35 0 1
1861 18 1 -1 0
1862 41 12 0 -1
1863 70 12 -1 0
1864 51 39 1 0
1865 32 9 0 1
1866 45 17 0 1
1867 13 21 0 1
1868 37 21 1 0
1869 36 25 0 1
1870 18 5 0 -1
1871 29 27 0 1
1872 35 20 0 -1
1873 36 30 0 1
1874 23 37 0 1
1875 19 3 1 0
1876 29 36 0 -1
1877 13 16 0 -1
1878 36 16 -1 0
1879 22 2 1 0
1880 25 8 1 0
1881 23 38 -1 0
1882 42 1 1 0
1883 26 39 0 -1
1884 27 0 0 1
1885 6 0 0 -1
1886 21 2 1 0
1887 44 2 0 -1
1888 30 22 1 0
1889 4 0 -1 0
1890 23 3 1 0
1891 4 39 0 -1
1892 31 0 1 0
1893 35 32 0 -1
1894 21 0 0 -1
1895 35 28 0 1
1896 37 7 0 -1
1897 38 15 1 0
1898 45 30 -1 0
1899 30 10 -1 0
1900 32 32 0 1
1901 46 8 -1 0
1902 36 8 0 -1
1903 31 2 0 1
1904 26 6 0 -1
1905 29 5 0 -1
1906 38 20 1 0
1907 62 29 1 0
1908 39 16 -1 0
1909 29 36 1 0
1910 87 36 -1 0
1911 37 34 0 -1
1912 1 15 0 1
1913 39 30 -1 0
1914 18 17 1 0
1915 64 28 1 0
1916 25 0 0 -1
1917 50 29 0 1
1918 20 10 0 1
1919 74 21 -1 0
1920 1 8 0 -1
1921 63 36 0 -1
1922 29 39 0 1
1923 42 1 0 1
1924 17 10 -1 0
1925 8 16 1 0
1926 11 31 0 -1
1927 34 10 -1 0
1928 22 39 -1 0
1929 22 24 1 0
1930 29 31 1 0
1931 23 11 -1 0
1932 86 35 -1 0
1933 23 23 1 0
1934 20 6 -1 0
1935 40 21 -1 0
1936 50 34 -1 0
1937 47 3 -1 0
1938 35 6 -1 0
1939 71 13 -1 0
1940 11 25 0 1
1941 18 21 0 1
1942 32 13 0 1
1943 27 34 1 0
1944 26 20 1 0
1945 29 0 0 -1
1946 42 9 0 -1
1947 45 27 -1 0
1948 94 21 0 -1
1949 42 27 0 1
1950 33 35 1 0
1951 35 12 1 0
1952 39 34 0 -1
1953 52 8 0 -1
1954 24 10 -1 0
1955 37 26 1 0
1956 29 34 0 1
1957 27 3 0 -1
1958 38 27 0 -1
1959 23 8 0 -1
1960 29 16 0 1
1961 60 2 -1 0
1962 31 3 0 -1
1963 37 35 -1 0
1964 26 32 -1 0
1965 22 24 0 -1
1966 3 8 -1 0
1967 41 22 0 1
1968 39 23 0 -1
1969 43 20 -1 0
1970 26 6 0 1
1971 30 33 0 -1
1972 22 21 1 0
1973 28 3 0 1
1974 36 39 0 -1
1975 64 10 0 -1
1976 27 23 1 0
1977 98 26 0 1
1978 22 11 0 -1
1979 81 4 0 1
1980 38 7 -1 0
1981 51 30 0 1
1982 89 8 0 1
1983 50 19 1 0
1984 52 35 -1 0
1985 9 37 -1 0
1986 28 3 -1 0
1987 12 17 0 -1
1988 46 1 0 1
1989 22 32 0 1
1990 10 1 1 0
1991 45 22 -1 0
1992 64 15 0 -1
1993 28 38 1 0
1994 37 10 -1 0
1995 3 0 0 -1
1996 95 18 0 -1
1997 35 20 0 -1
1998 59 16 1 0
1999 24 24 0 1
2000 40 13 1 0
2001 44 30 -1 0
2002 65 13 0 1
2003 27 16 0 -1
2004 24 3 0 -1
2005 64 2 1 0
2006 29 37 0 -1
2007 69 9 -1 0
2008 11 13 -1 0
2009 17 20 1 0
2010 88 39 1 0
2011 28 10 -1 0
2012 79 8 -1 0
2013 28 0 0 -1
2014 25 4 1 0
2015 74 36 1 0
2016 87 22 1 0
2017 28 32 1 0
2018 25 6 0 -1
2019 9 34 -1 0
2020 46 17 0 1
2021 89 4 1 0
2022 81 21 0 -1
2023 37 21 0 -1
2024 45 15 -1 0
2025 28 12 0 -1
2026 28 27 0 1
2027 37 8 1 0
2028 59 31 0 1
2029 35 18 -1 0
2030 31 10 0 1
2031 18 20 0 -1
2032 40 27 -1 0
2033 26 37 -1 0
2034 44 2 0 -1
2035 25 4 0 -1
2036 24 34 0 -1
2037 4 7 0 -1
2038 9 25 -1 0
2039 39 27 1 0
2040 32 10 -1 0
2041 5 38 -1 0
2042 92 15 1 0
2043 26 18 0 -1
2044 58 15 -1 0
2045 97 39 0 -1
2046 32 10 0 1
2047 30 16 1 0
2048 23 5 0 -1
2049 22 12 0 -1
2050 90 20 0 -1
2051 35 3 -1 0
2052 62 11 -1 0
2053 45 5 0 -1
2054 24 2 0 -1
2055 41 28 0 -1
2056 31 19 0 -1
2057 31 16 1 0
2058 4 28 0 1
2059 24 26 0 -1
2060 13 24 0 1
2061 92 19 -1 0
2062 15 12 -1 0
2063 14 9 0 -1
2064 27 15 0 -1
2065 24 19 -1 0
2066 84 14 0 1
2067 43 35 -1 0
2068 39 18 1 0
2069 36 28 1 0
2070 38 5 0 1
2071 29 11 -1 0
2072 29 38 0 -1
2073 37 33 1 0
2074 28 15 0 -1
2075 99 24 0 -1
2076 25 1 1 0
2077 44 16 1 0
2078 25 34 1 0
2079 21 5 1 0
2080 40 17 1 0
2081 29 11 0 -1
2082 35 8 0 1
2083 45 14 0 -1
2084 58 28 0 -1
2085 28 5 1 0
2086 67 3 1 0
2087 80 28 0 1
2088 5 38 -1 0
2089 29 34 -1 0
2090 35 21 0 -1
2091 16 7 0 -1
2092 42 13 0 -1
2093 45 31 -1 0
2094 95 20 0 -1
2095 28 6 1 0
2096 35 21 -1 0
2097 35 25 -1 0
2098 26 31 0 1
2099 27 30 1 0
2100 13 25 0 1
2101 27 13 0 1
2102 28 14 -1 0
2103 34 18 1 0
2104 73 10 1 0
2105 37 5 1 0
2106 38 32 0 -1
2107 42 21 0 1
2108 43 27 0 1
2109 36 36 -1 0
2110 48 28 0 -1
2111 22 9 1 0
2112 40 6 0 1
2113 38 15 -1 0
2114 40 36 0 -1
2115 83 2 1 0
2116 43 32 0 1
2117 35 21 0 1
2118 34 16 1 0
2119 12 22 0 -1
2120 30 39 1 0
2121 5 37 1 0
2122 24 7 1 0
2123 43 26 1 0
2124 57 35 0 -1
2125 43 21 1 0
2126 0 18 1 0
2127 98 23 0 -1
2128 23 12 0 1
2129 42 22 1 0
2130 67 14 0 1
2131 3 22 0 1
2132 27 14 0 -1
2133 35 15 -1 0
2134 27 9 1 0
2135 85 0 0 -1
2136 35 27 -1 0
2137 25 17 1 0
2138 47 37 1 0
2139 45 34 -1 0
2140 38 21 1 0
2141 24 2 0 -1
2142 37 35 0 -1
2143 60 16 -1 0
2144 32 12 0 1
2145 25 0 0 -1
2146 11 37 0 1
2147 44 10 -1 0
2148 40 31 1 0
2149 38 38 1 0
2150 37 31 1 0
2151 25 35 1 0
2152 98 22 1 0
2153 27 8 0 1
2154 4 21 0 -1
2155 43 32 0 1
2156 6 37 0 -1
2157 47 25 -1 0
2158 42 36 1 0
2159 75 37 0 1
2160 24 15 0 1
2161 25 5 0 -1
2162 90 35 1 0
2163 41 29 0 1
2164 44 6 0 1
2165 93 10 0 1
2166 92 17 -1 0
2167 27 9 0 1
2168 25 18 0 -1
2169 87 23 1 0
2170 40 12 0 1
2171 14 33 1 0
2172 39 22 0 -1
2173 7 11 -1 0
2174 22 11 -1 0
2175 39 15 0 -1
2176 60 8 -1 0
2177 85 16 0 1
2178 32 21 0 1
2179 24 30 -1 0
2180 25 18 1 0
2181 95 31 0 -1
2182 25 18 0 -1
2183 85 12 -1 0
2184 89 12 0 1
2185 41 10 0 1
2186 30 20 0 -1
2187 29 13 0 -1
2188 5 25 0 1
2189 31 39 1 0
2190 42 15 1 0
2191 92 20 0 -1
2192 17 16 0 1
2193 31 37 1 0
2194 46 3 0 -1
2195 23 12 1 0
2196 18 4 1 0
2197 96 39 0 1
2198 5 14 -1 0
2199 41 16 0 -1
2200 30 0 0 -1
2201 42 26 1 0
2202 18 26 0 -1
2203 74 38 1 0
2204 42 15 -1 0
2205 42 16 0 -1
2206 40 36 0 -1
2207 95 37 1 0
2208 22 18 1 0
2209 39 7 -1 0
2210 91 30 0 -1
2211 25 12 -1 0
2212 83 14 0 1
2213 10 2 0 -1
2214 1 28 0 1
2215 50 28 1 0
2216 24 15 -1 0
2217 41 19 -1 0
2218 64 12 0 -1
2219 38 37 1 0
2220 29 16 1 0
2221 17 18 -1 0
2222 39 13 0 1
2223 70 7 1 0
2224 30 8 0 1
2225 20 34 0 1
2226 93 15 1 0
2227 3 20 1 0
2228 41 31 -1 0
2229 12 21 0 -1
2230 27 36 1 0
2231 30 13 -1 0
2232 30 13 0 -1
2233 24 32 1 0
2234 42 25 0 1
2235 45 30 -1 0
2236 62 11 0 -1
2237 27 35 0 -1
2238 43 23 -1 0
2239 13 35 0 -1
2240 0 13 -1 0
2241 31 2 0 1
2242 22 20 0 1
2243 35 23 0 -1
2244 45 37 -1 0
2245 81 31 0 1
2246 32 13 0 1
2247 75 25 -1 0
2248 44 29 0 1
2249 30 35 -1 0
2250 38 4 0 1
2251 22 12 0 -1
2252 94 20 -1 0
2253 35 29 0 1
2254 24 38 0 -1
2255 36 22 0 1
2256 22 13 1 0
2257 69 6 -1 0
2258 43 31 0 -1
2259 36 30 -1 0
2260 50 13 0 1
2261 91 1 1 0
2262 35 29 0 1
2263 25 16 0 1
2264 3 12 1 0
2265 23 7 0 1
2266 88 25 -1 0
2267 96 28 -1 0
2268 30 20 0 -1
2269 31 11 1 0
2270 36 26 0 1
2271 36 29 0 -1
2272 29 8 1 0
2273 24 0 -1 0
2274 28 24 0 -1
2275 39 22 0 -1
2276 26 39 0 1
2277 28 9 0 1
2278 95 20 -1 0
2279 30 23 0 -1
2280 28 9 0 1
2281 36 35 -1 0
2282 34 7 1 0
2283 23 5 1 0
2284 22 36 0 1
2285 30 34 0 1
2286 40 14 0 -1
2287 43 11 -1 0
2288 21 20 1 0
2289 88 23 0 -1
2290 18 26 0 1
2291 29 33 0 -1
2292 74 39 -1 0
2293 59 32 0 1
2294 26 35 1 0
2295 23 36 0 1
2296 63 22 0 1
2297 48 10 0 1
2298 38 35 0 -1
2299 93 2 0 1
2300 52 9 -1 0
2301 96 18 0 -1
2302 17 28 0 1
2303 26 38 0 1
2304 38 28 -1 0
2305 30 21 1 0
2306 28 21 1 0
2307 23 1 0 -1
2308 27 0 0 1
2309 9 33 -1 0
2310 36 22 0 1
2311 23 26 -1 0
2312 40 23 -1 0
2313 51 33 0 1
2314 18 8 0 -1
2315 78 31 -1 0
2316 37 3 -1 0
2317 75 14 0 1
2318 29 29 1 0
2319 24 18 1 0
2320 81 36 -1 0
2321 24 31 0 1
2322 74 6 0 1
2323 36 34 0 1
2324 38 18 0 1
2325 24 8 0 -1
2326 48 18 0 -1
2327 36 29 1 0
2328 19 20 0 -1
2329 40 34 0 -1
2330 11 6 1 0
2331 29 39 0 1
2332 39 6 -1 0
2333 38 25 -1 0
2334 20 38 1 0
2335 31 17 1 0
2336 43 19 0 1
2337 39 14 0 1
2338 39 14 1 0
2339 63 31 0 -1
2340 63 27 -1 0
2341 39 39 1 0
2342 23 3 0 -1
2343 47 28 0 -1
2344 21 13 0 -1
2345 35 0 -1 0
2346 40 25 1 0
2347 26 10 -1 0
2348 95 33 0 -1
2349 98 8 -1 0
2350 37 14 0 1
2351 94 36 0 1
2352 25 36 -1 0
2353 89 23 1 0
2354 36 11 -1 0
2355 35 33 1 0
2356 17 34 0 -1
2357 52 37 0 -1
2358 96 14 0 -1
2359 17 27 1 0
2360 37 22 0 1
2361 35 30 -1 0
2362 30 37 -1 0
2363 30 23 1 0
2364 10 10 -1 0
2365 40 17 0 -1
2366 7 25 1 0
2367 27 1 0 1
2368 70 6 0 1
2369 59 15 1 0
2370 21 2 1 0
2371 30 18 0 1
2372 27 35 0 1
2373 46 16 -1 0
2374 14 19 0 -1
2375 91 15 1 0
2376 78 8 0 -1
2377 73 6 0 1
2378 47 27 -1 0
2379 37 2 0 -1
2380 42 22 1 0
2381 80 21 -1 0
2382 29 30 0 1
2383 40 36 0 -1
2384 29 26 1 0
2385 27 4 0 -1
2386 52 19 0 -1
2387 96 3 1 0
2388 18 5 1 0
2389 49 28 1 0
2390 30 5 -1 0
2391 93 8 -1 0
2392 44 27 -1 0
2393 82 6 0 -1
2394 39 23 0 1
2395 10 13 1 0
2396 26 27 -1 0
2397 71 7 0 -1
2398 31 38 0 -1
2399 43 24 0 1
2400 82 35 0 1
2401 21 35 1 0
2402 31 36 0 1
2403 29 35 -1 0
2404 38 23 0 1
2405 64 29 1 0
2406 44 23 1 0
2407 30 39 0 1
2408 39 25 0 1
2409 38 8 0 1
2410 36 23 -1 0
2411 30 2 0 1
2412 93 33 -1 0
2413 10 39 -1 0
2414 39 29 0 -1
2415 23 2 -1 0
2416 77 22 0 -1
2417 45 35 0 -1
2418 27 4 0 1
2419 14 17 -1 0
2420 45 17 0 1
2421 22 1 0 1
2422 21 39 1 0
2423 86 8 0 1
2424 66 36 1 0
2425 20 25 0 -1
2426 35 30 0 1
2427 41 14 -1 0
2428 99 15 0 -1
2429 32 37 0 -1
2430 25 10 -1 0
2431 67 13 0 -1
2432 9 3 0 -1
2433 48 14 0 -1
2434 37 27 1 0
2435 54 22 0 1
2436 44 22 -1 0
2437 37 36 0 -1
2438 36 38 -1 0
2439 23 1 1 0
2440 22 38 0 1
2441 27 10 0 1
2442 41 21 0 1
2443 20 35 0 -1
2444 26 3 1 0
2445 39 23 0 -1
2446 28 22 0 1
2447 48 18 0 1
2448 22 8 -1 0
2449 55 4 0 1
2450 38 17 0 1
2451 44 28 0 -1
2452 41 18 0 -1
2453 26 14 0 -1
2454 27 16 0 -1
2455 37 12 0 -1
2456 16 25 1 0
2457 31 9 0 1
2458 84 25 0 -1
2459 31 39 1 0
2460 29 38 -1 0
2461 7 16 -1 0
2462 27 33 0 1
2463 31 20 0 -1
2464 42 27 -1 0
2465 36 37 -1 0
2466 36 38 0 -1
2467 84 29 0 -1
2468 41 19 -1 0
2469 88 30 1 0
2470 41 30 0 -1
2471 2 35 0 1
2472 45 27 -1 0
2473 43 25 0 -1
2474 21 35 1 0
2475 44 9 0 1
2476 43 15 -1 0
2477 38 31 0 -1
2478 41 1 0 -1
2479 67 33 1 0
2480 43 19 0 1
2481 28 2 0 1
2482 38 19 0 1
2483 87 29 1 0
2484 28 12 0 1
2485 1 27 1 0
2486 92 13 -1 0
2487 42 6 1 0
2488 94 17 0 1
2489 42 17 -1 0
2490 44 1 0 -1
2491 29 18 0 -1
2492 36 23 0 -1
2493 31 13 1 0
2494 37 22 0 1
2495 57 31 0 -1
2496 16 35 0 -1
2497 51 21 1 0
2498 63 34 1 0
2499 26 38 0 1
2500 38 31 0 1
2501 27 8 0 1
2502 26 0 0 1
2503 63 37 1 0
2504 27 32 -1 0
2505 43 9 1 0
2506 42 2 0 -1
2507 19 28 1 0
2508 41 11 1 0
2509 43 28 0 1
2510 79 28 0 1
2511 35 10 0 1
2512 29 32 1 0
2513 11 19 1 0
2514 26 12 -1 0
2515 38 33 -1 0
2516 36 37 0 -1
2517 35 12 -1 0
2518 88 5 0 -1
2519 41 15 -1 0
2520 24 34 0 -1
2521 19 28 0 -1
2522 66 22 1 0
2523 2 4 0 1
2524 30 0 0 1
2525 78 14 0 1
2526 84 1 -1 0
2527 42 31 1 0
2528 57 18 0 -1
2529 52 10 0 -1
2530 46 21 0 1
2531 50 17 0 1
2532 16 37 0 1
2533 41 13 0 -1
2534 40 29 -1 0
2535 79 18 0 -1
2536 94 0 0 1
2537 42 24 -1 0
2538 32 14 0 -1
2539 74 11 -1 0
2540 40 13 0 -1
2541 41 14 0 -1
2542 25 0 -1 0
2543 42 26 -1 0
2544 21 10 1 0
2545 41 32 0 -1
2546 44 29 0 -1
2547 27 38 1 0
2548 43 28 -1 0
2549 12 38 0 1
2550 31 39 -1 0
2551 74 27 0 -1
2552 97 21 -1 0
2553 84 10 0 -1
2554 22 27 0 1
2555 48 2 0 -1
2556 94 29 0 1
2557 38 34 0 -1
2558 5 2 0 1
2559 30 3 0 1
2560 36 30 0 1
2561 20 38 1 0
2562 55 8 0 1
2563 90 32 0 1
2564 7 7 -1 0
2565 12 14 0 -1
2566 26 31 0 1
2567 28 1 -1 0
2568 86 39 1 0
2569 36 31 0 1
2570 22 12 -1 0
2571 18 3 -1 0
2572 40 8 -1 0
2573 27 12 0 -1
2574 44 8 0 1
2575 68 34 -1 0
2576 43 24 0 1
2577 23 7 1 0
2578 32 33 1 0
2579 41 32 0 -1
2580 23 16 0 -1
2581 24 36 1 0
2582 45 11 -1 0
2583 29 9 0 1
2584 97 29 0 1
2585 99 39 1 0
2586 83 18 -1 0
2587 87 23 0 1
2588 25 34 -1 0
2589 6 13 0 -1
2590 37 18 0 1
2591 27 6 0 -1
2592 73 33 -1 0
2593 15 29 0 1
2594 76 9 -1 0
2595 46 26 0 1
2596 35 23 1 0
2597 25 8 0 -1
2598 44 26 -1 0
2599 26 17 0 -1
2600 41 18 1 0
2601 12 10 0 1
2602 57 20 -1 0
2603 40 3 1 0
2604 48 23 0 1
2605 18 11 1 0
2606 39 19 0 1
2607 41 28 0 1
2608 40 15 0 -1
2609 22 38 0 -1
2610 77 37 0 1
2611 6 5 -1 0
2612 25 37 -1 0
2613 28 4 1 0
2614 49 11 0 1
2615 49 33 -1 0
2616 29 3 0 -1
2617 25 3 0 -1
2618 26 0 0 -1
2619 39 32 -1 0
2620 92 21 1 0
2621 42 12 -1 0
2622 26 1 0 1
2623 20 1 1 0
2624 78 24 0 -1
2625 32 14 0 1
2626 40 27 -1 0
2627 34 37 1 0
2628 32 16 0 -1
2629 37 20 1 0
2630 28 5 0 1
2631 30 22 0 -1
2632 31 16 1 0
2633 29 6 0 -1
2634 26 1 1 0
2635 24 39 1 0
2636 5 36 -1 0
2637 42 20 1 0
2638 44 7 0 -1
2639 7 38 1 0
2640 95 38 -1 0
2641 86 2 -1 0
2642 40 28 0 -1
2643 40 10 0 1
2644 37 6 0 -1
2645 89 32 1 0
2646 9 25 -1 0
2647 18 15 0 -1
2648 13 32 0 -1
2649 8 15 -1 0
2650 21 0 1 0
2651 22 4 1 0
2652 37 30 0 -1
2653 39 17 0 -1
2654 54 39 0 1
2655 44 13 0 1
2656 35 2 -1 0
2657 75 30 0 1
2658 40 31 0 -1
2659 45 3 0 -1
2660 40 11 1 0
2661 41 27 1 0
2662 69 13 0 -1
2663 90 1 0 1
2664 41 35 -1 0
2665 2 20 -1 0
2666 23 13 1 0
2667 30 14 1 0
2668 27 30 0 1
2669 37 23 0 1
2670 42 7 -1 0
2671 24 37 1 0
2672 97 20 -1 0
2673 46 11 -1 0
2674 2 2 -1 0
2675 26 15 -1 0
2676 65 19 0 1
2677 84 39 -1 0
2678 28 38 0 1
2679 0 4 1 0
2680 31 12 0 1
2681 99 20 0 1
2682 0 17 0 -1
2683 41 29 1 0
2684 83 3 0 1
2685 41 32 0 -1
2686 57 33 1 0
2687 38 20 0 1
2688 50 6 0 1
2689 28 4 0 1
2690 56 5 -1 0
2691 27 13 -1 0
2692 39 18 0 -1
2693 25 12 1 0
2694 21 12 1 0
2695 35 3 -1 0
2696 37 36 0 -1
2697 45 15 -1 0
2698 85 9 0 -1
2699 31 34 -1 0
2700 39 16 1 0
2701 86 30 0 -1
2702 21 3 0 -1
2703 39 30 0 1
2704 31 35 1 0
2705 39 35 0 -1
2706 44 22 -1 0
2707 28 36 1 0
2708 26 3 0 1
2709 23 19 0 -1
2710 69 2 0 -1
2711 9 4 -1 0
2712 26 31 0 -1
2713 23 35 0 1
2714 96 0 -1 0
2715 40 18 -1 0
2716 44 30 0 -1
2717 28 39 1 0
2718 39 0 0 -1
2719 17 8 0 1
2720 23 27 0 -1
2721 40 1 -1 0
2722 25 6 0 -1
2723 37 22 1 0
2724 93 39 0 -1
2725 41 23 1 0
2726 9 19 0 1
2727 56 5 1 0
2728 26 5 1 0
2729 2 8 1 0
2730 16 0 -1 0
2731 37 25 0 1
2732 22 1 1 0
2733 43 1 -1 0
2734 5 19 0 1
2735 30 18 -1 0
2736 39 17 1 0
2737 43 16 -1 0
2738 36 33 0 -1
2739 40 24 0 -1
2740 30 37 1 0
2741 32 19 1 0
2742 39 21 0 -1
2743 26 10 -1 0
2744 99 6 1 0
2745 25 17 1 0
2746 21 12 0 -1
2747 24 34 0 -1
2748 12 0 0 -1
2749 87 32 0 1
2750 60 18 0 -1
2751 10 22 1 0
2752 20 38 -1 0
2753 40 34 -1 0
2754 39 7 -1 0
2755 6 30 0 1
2756 40 10 -1 0
2757 37 4 0 1
2758 17 36 0 -1
2759 7 33 1 0
2760 73 32 0 -1
2761 23 2 1 0
2762 85 15 0 -1
2763 26 15 0 1
2764 29 31 0 1
2765 19 18 0 1
2766 24 0 1 0
2767 45 28 0 -1
2768 58 27 -1 0
2769 81 17 -1 0
2770 35 25 -1 0
2771 27 11 1 0
2772 36 9 0 -1
2773 29 3 1 0
2774 35 24 0 -1
2775 43 29 -1 0
2776 29 0 0 1
2777 35 27 1 0
2778 37 19 1 0
2779 30 4 -1 0
2780 96 13 -1 0
2781 44 16 -1 0
2782 52 3 0 -1
2783 94 5 -1 0
2784 23 38 0 1
2785 25 14 1 0
2786 25 31 -1 0
2787 30 4 0 -1
2788 38 16 0 1
2789 38 15 1 0
2790 38 18 0 1
2791 39 34 0 -1
2792 76 35 1 0
2793 31 20 -1 0
2794 43 28 1 0
2795 20 4 1 0
2796 44 33 0 -1
2797 68 6 1 0
2798 53 19 0 1
2799 39 31 -1 0
