0 41 1 0 1
1 16 23 0 -1
2 42 37 -1 0
3 47 30 1 0
4 26 14 1 0
5 23 10 0 1
6 35 28 0 1
7 29 35 0 1
8 20 7 -1 0
9 16 22 -1 0
10 92 13 0 1
11 21 13 0 -1
12 25 9 0 -1
13 27 34 -1 0
14 41 21 -1 0
15 28 21 1 0
16 20 2 -1 0
17 47 4 1 0
18 45 9 -1 0
19 49 39 0 1
20 94 21 1 0
21 44 3 0 1
22 22 5 0 1
23 29 4 -1 0
24 40 5 0 -1
25 24 9 0 1
26 24 7 0 1
27 22 10 0 1
28 26 9 0 -1
29 25 6 -1 0
30 17 6 0 1
31 20 34 0 1
32 38 3 0 -1
33 23 11 0 -1
34 27 22 0 -1
35 38 27 1 0
36 45 30 1 0
37 32 32 1 0
38 47 39 1 0
39 38 34 -1 0
40 38 17 -1 0
41 29 27 0 1
42 25 39 -1 0
43 49 1 0 -1
44 29 26 -1 0
45 28 18 0 -1
46 37 37 -1 0
47 23 3 -1 0
48 19 7 -1 0
49 41 18 -1 0
50 28 29 1 0
51 28 15 0 1
52 41 7 0 -1
53 26 0 0 1
54 35 2 1 0
55 37 4 0 -1
56 25 34 1 0
57 43 22 0 1
58 37 9 1 0
59 38 3 1 0
60 47 4 -1 0
61 14 37 0 -1
62 31 26 0 1
63 41 20 -1 0
64 33 0 -1 0
65 32 11 1 0
66 39 30 0 -1
67 52 15 -1 0
68 32 4 1 0
69 49 0 -1 0
70 87 3 0 1
71 38 5 1 0
72 39 27 0 -1
73 27 7 0 1
74 30 4 0 -1
75 42 3 -1 0
76 23 4 0 1
77 36 39 0 1
78 26 14 1 0
79 25 21 1 0
80 34 19 -1 0
81 41 39 0 -1
82 90 2 0 -1
83 28 16 0 1
84 22 7 1 0
85 32 28 0 -1
86 38 39 1 0
87 26 17 1 0
88 38 29 0 1
89 35 3 0 -1
90 42 5 0 1
91 35 5 0 1
92 26 35 1 0
93 38 0 -1 0
94 37 26 0 -1
95 84 15 1 0
96 22 10 0 1
97 21 38 0 1
98 28 12 1 0
99 20 8 -1 0
100 32 13 0 1
101 26 32 0 1
102 39 9 0 -1
103 42 2 0 1
104 25 33 1 0
105 28 0 0 1
106 48 4 1 0
107 21 2 1 0
108 30 15 -1 0
109 30 29 -1 0
110 39 7 0 -1
111 63 2 -1 0
112 43 31 -1 0
113 37 9 0 -1
114 39 21 0 -1
115 35 16 0 1
116 17 19 -1 0
117 44 2 1 0
118 48 3 -1 0
119 35 1 0 1
120 32 17 0 1
121 39 8 0 -1
122 28 3 0 1
123 27 22 0 1
124 38 4 1 0
125 27 18 0 -1
126 31 9 -1 0
127 30 38 0 -1
128 89 1 0 -1
129 30 4 0 -1
130 23 33 1 0
131 40 6 -1 0
132 42 11 1 0
133 7 36 -1 0
134 93 26 0 1
135 19 2 1 0
136 26 7 -1 0
137 21 4 -1 0
138 38 2 0 1
139 39 27 0 -1
140 22 5 0 -1
141 40 4 1 0
142 30 2 1 0
143 24 5 -1 0
144 39 0 1 0
145 39 20 0 -1
146 9 38 0 1
147 40 29 -1 0
148 27 10 0 -1
149 23 39 0 1
150 37 19 -1 0
151 23 13 0 -1
152 21 1 0 1
153 84 37 1 0
154 39 1 -1 0
155 63 14 -1 0
156 44 10 0 1
157 21 3 0 1
158 28 3 -1 0
159 36 9 -1 0
160 24 11 0 -1
161 27 17 1 0
162 35 29 0 1
163 29 19 1 0
164 25 35 1 0
165 32 16 0 1
166 97 13 0 1
167 47 19 0 -1
168 42 26 0 -1
169 29 30 1 0
170 27 2 0 -1
171 49 39 -1 0
172 23 35 -1 0
173 43 38 -1 0
174 29 8 1 0
175 35 30 0 -1
176 25 34 1 0
177 30 5 -1 0
178 32 29 0 -1
179 19 3 1 0
180 35 0 0 1
181 38 0 0 1
182 36 24 -1 0
183 34 22 0 -1
184 36 22 -1 0
185 28 19 1 0
186 32 24 0 1
187 47 1 1 0
188 27 17 0 1
189 27 14 -1 0
190 31 28 1 0
191 25 3 0 1
192 28 26 0 -1
193 45 12 -1 0
194 47 1 0 -1
195 35 8 1 0
196 24 38 0 1
197 16 31 0 -1
198 29 19 1 0
199 29 14 0 1
200 42 4 0 1
201 8 20 0 1
202 29 21 0 -1
203 36 29 0 1
204 44 11 -1 0
205 48 2 0 -1
206 24 10 0 -1
207 41 37 -1 0
208 41 25 0 -1
209 42 23 -1 0
210 17 39 1 0
211 46 6 1 0
212 85 0 1 0
213 31 15 1 0
214 29 34 -1 0
215 52 6 0 1
216 24 8 1 0
217 33 0 0 1
218 39 38 -1 0
219 21 26 1 0
220 39 22 -1 0
221 30 37 0 -1
222 91 31 -1 0
223 32 18 0 1
224 31 9 -1 0
225 38 28 0 -1
226 98 38 -1 0
227 29 37 1 0
228 51 6 0 -1
229 26 35 0 -1
230 42 7 1 0
231 45 21 0 -1
232 43 26 0 1
233 29 26 -1 0
234 10 30 1 0
235 24 39 1 0
236 36 5 -1 0
237 32 25 0 -1
238 20 5 1 0
239 45 6 0 1
240 81 34 0 -1
241 35 20 0 -1
242 31 1 -1 0
243 31 33 -1 0
244 28 13 1 0
245 32 17 1 0
246 33 11 0 -1
247 37 1 1 0
248 19 13 1 0
249 20 13 1 0
250 46 39 0 1
251 35 12 -1 0
252 26 19 -1 0
253 29 29 1 0
254 37 19 0 1
255 39 0 0 -1
256 28 26 0 -1
257 30 13 0 1
258 29 35 -1 0
259 37 27 0 1
260 40 25 1 0
261 30 29 -1 0
262 41 22 0 1
263 35 7 -1 0
264 33 38 1 0
265 28 34 -1 0
266 40 10 0 1
267 18 1 1 0
268 45 38 0 1
269 53 35 0 1
270 32 28 0 -1
271 1 12 -1 0
272 43 5 1 0
273 39 3 1 0
274 50 8 0 -1
275 27 33 1 0
276 24 34 1 0
277 39 10 1 0
278 19 6 1 0
279 43 23 0 -1
280 38 9 0 -1
281 89 18 0 1
282 37 24 0 -1
283 37 3 -1 0
284 28 6 -1 0
285 38 36 0 1
286 40 18 0 1
287 26 11 1 0
288 44 7 0 -1
289 29 26 1 0
290 29 8 -1 0
291 29 17 -1 0
292 19 10 0 -1
293 29 36 1 0
294 32 15 0 -1
295 22 7 0 -1
296 26 3 0 -1
297 19 9 0 -1
298 26 6 1 0
299 46 1 0 1
300 50 5 0 -1
301 37 6 -1 0
302 31 11 0 1
303 30 28 0 1
304 29 28 0 1
305 39 11 -1 0
306 38 25 1 0
307 38 18 -1 0
308 26 22 -1 0
309 40 4 0 -1
310 23 13 0 -1
311 26 18 1 0
312 28 13 1 0
313 42 4 0 -1
314 41 0 -1 0
315 42 37 0 1
316 82 20 0 -1
317 43 37 -1 0
318 16 36 0 1
319 20 9 0 1
320 29 3 -1 0
321 37 0 1 0
322 42 37 -1 0
323 37 39 0 1
324 48 5 1 0
325 26 24 1 0
326 46 39 0 1
327 38 2 0 -1
328 26 2 1 0
329 22 13 0 -1
330 46 30 -1 0
331 23 12 0 -1
332 88 33 0 1
333 51 4 0 -1
334 31 20 -1 0
335 27 16 0 -1
336 36 3 0 1
337 35 31 0 -1
338 40 8 -1 0
339 24 0 1 0
340 15 3 1 0
341 25 39 -1 0
342 18 2 0 -1
343 65 37 -1 0
344 35 23 -1 0
345 25 20 0 1
346 30 14 0 -1
347 37 26 0 -1
348 91 6 0 1
349 25 6 0 1
350 49 5 1 0
351 37 30 0 -1
352 45 12 -1 0
353 41 36 0 1
354 36 17 1 0
355 47 3 1 0
356 35 18 0 1
357 32 17 1 0
358 28 35 -1 0
359 23 7 -1 0
360 29 9 1 0
361 27 34 0 1
362 26 35 0 -1
363 39 16 0 1
364 25 17 1 0
365 40 20 -1 0
366 34 17 1 0
367 22 31 0 1
368 96 32 -1 0
369 29 37 0 -1
370 27 36 1 0
371 44 0 0 1
372 40 9 -1 0
373 31 21 1 0
374 26 1 1 0
375 53 25 -1 0
376 37 0 0 1
377 95 36 0 -1
378 38 4 -1 0
379 45 1 1 0
380 27 12 -1 0
381 22 34 1 0
382 84 21 -1 0
383 94 36 0 1
384 30 17 1 0
385 30 0 -1 0
386 26 17 1 0
387 30 7 -1 0
388 10 23 0 -1
389 48 7 -1 0
390 30 10 -1 0
391 25 4 0 1
392 51 14 -1 0
393 45 2 -1 0
394 22 3 0 -1
395 16 13 0 1
396 22 13 -1 0
397 23 38 1 0
398 16 32 0 -1
399 98 32 -1 0
400 45 12 -1 0
401 31 38 0 -1
402 36 31 -1 0
403 25 0 -1 0
404 49 6 1 0
405 30 38 0 -1
406 31 16 1 0
407 39 17 0 1
408 24 32 1 0
409 29 11 0 -1
410 20 8 -1 0
411 43 22 -1 0
412 42 21 -1 0
413 31 2 -1 0
414 42 25 0 -1
415 32 10 0 1
416 30 23 -1 0
417 35 7 -1 0
418 39 6 -1 0
419 37 29 -1 0
420 39 6 0 -1
421 31 22 0 -1
422 53 31 1 0
423 51 7 -1 0
424 44 38 0 1
425 38 5 0 1
426 46 16 0 -1
427 28 9 0 -1
428 44 9 -1 0
429 23 38 0 1
430 31 28 1 0
431 50 0 -1 0
432 37 26 0 1
433 37 24 0 1
434 45 6 1 0
435 44 12 0 -1
436 27 2 -1 0
437 42 3 0 -1
438 24 33 -1 0
439 20 8 -1 0
440 40 35 0 1
441 34 22 0 -1
442 39 2 0 -1
443 23 1 0 -1
444 35 33 0 -1
445 40 24 0 -1
446 12 23 0 -1
447 26 5 0 -1
448 24 10 -1 0
449 49 19 1 0
450 19 9 0 -1
451 37 1 0 1
452 35 2 1 0
453 28 32 1 0
454 26 5 -1 0
455 28 5 1 0
456 28 4 -1 0
457 6 32 1 0
458 47 6 1 0
459 39 28 -1 0
460 99 27 1 0
461 34 21 1 0
462 24 6 0 1
463 45 5 1 0
464 41 11 0 -1
465 44 22 -1 0
466 44 31 0 1
467 21 12 1 0
468 26 33 0 1
469 26 39 1 0
470 41 3 0 1
471 30 14 1 0
472 68 34 1 0
473 3 15 0 1
474 27 4 0 -1
475 23 13 0 -1
476 7 17 -1 0
477 45 4 1 0
478 68 27 0 -1
479 43 24 0 -1
480 35 4 0 1
481 28 38 0 1
482 29 24 0 -1
483 26 14 1 0
484 36 20 0 1
485 78 8 1 0
486 42 4 0 -1
487 35 19 -1 0
488 28 6 0 1
489 27 4 1 0
490 39 21 1 0
491 37 12 -1 0
492 88 3 0 1
493 30 23 0 -1
494 36 25 -1 0
495 51 1 -1 0
496 21 38 1 0
497 19 3 1 0
498 24 11 -1 0
499 47 29 -1 0
500 29 24 0 -1
501 41 7 1 0
502 37 36 0 1
503 44 11 0 -1
504 46 7 -1 0
505 36 16 0 1
506 35 9 0 -1
507 23 36 0 1
508 34 4 -1 0
509 43 23 -1 0
510 27 15 1 0
511 17 9 1 0
512 28 18 -1 0
513 30 3 1 0
514 20 38 1 0
515 45 0 1 0
516 29 10 -1 0
517 20 3 -1 0
518 42 10 -1 0
519 36 1 -1 0
520 70 6 0 -1
521 48 6 1 0
522 36 29 -1 0
523 38 30 1 0
524 43 33 0 -1
525 31 23 -1 0
526 42 30 1 0
527 24 34 1 0
528 27 37 -1 0
529 41 28 1 0
530 44 31 0 -1
531 37 22 0 1
532 25 4 0 -1
533 40 22 1 0
534 29 31 0 -1
535 30 4 0 -1
536 52 5 -1 0
537 25 32 0 1
538 3 19 -1 0
539 28 31 1 0
540 50 3 0 1
541 26 22 1 0
542 43 8 -1 0
543 41 37 -1 0
544 39 28 0 -1
545 37 16 1 0
546 46 1 -1 0
547 22 4 1 0
548 95 1 1 0
549 23 18 0 -1
550 31 34 0 1
551 53 10 1 0
552 40 39 0 -1
553 41 22 -1 0
554 37 20 0 -1
555 42 7 1 0
556 43 24 0 -1
557 37 9 0 -1
558 23 1 -1 0
559 21 14 0 -1
560 7 13 -1 0
561 40 19 0 1
562 31 11 -1 0
563 50 0 -1 0
564 34 10 1 0
565 21 5 -1 0
566 29 11 1 0
567 26 3 1 0
568 27 33 0 1
569 28 25 0 -1
570 30 25 0 -1
571 38 10 0 -1
572 50 17 1 0
573 27 4 -1 0
574 23 37 1 0
575 29 10 1 0
576 43 29 0 1
577 67 39 -1 0
578 31 2 0 -1
579 27 36 0 -1
580 27 37 -1 0
581 40 27 0 -1
582 26 7 1 0
583 24 34 0 1
584 39 29 0 -1
585 35 27 -1 0
586 39 12 -1 0
587 32 9 0 1
588 25 38 0 1
589 38 36 0 1
590 24 2 0 1
591 9 11 -1 0
592 39 9 0 -1
593 25 8 -1 0
594 31 4 0 -1
595 21 39 1 0
596 38 21 1 0
597 35 34 1 0
598 39 3 1 0
599 41 21 1 0
600 21 9 -1 0
601 26 19 1 0
602 23 0 1 0
603 47 39 -1 0
604 38 18 1 0
605 32 10 0 1
606 40 24 0 1
607 26 8 1 0
608 43 9 0 -1
609 37 38 0 -1
610 41 8 1 0
611 41 21 -1 0
612 36 18 -1 0
613 1 9 1 0
614 85 4 -1 0
615 39 28 0 1
616 25 37 -1 0
617 43 38 -1 0
618 29 35 -1 0
619 38 11 1 0
620 20 38 1 0
621 42 17 -1 0
622 35 8 0 1
623 35 4 0 1
624 27 30 1 0
625 48 0 0 1
626 36 25 -1 0
627 45 17 0 -1
628 39 8 0 -1
629 30 26 1 0
630 46 7 0 -1
631 27 34 1 0
632 15 29 0 -1
633 42 30 -1 0
634 38 6 1 0
635 48 20 -1 0
636 32 26 0 -1
637 44 32 -1 0
638 24 31 0 1
639 33 17 0 -1
640 78 15 -1 0
641 43 0 1 0
642 35 29 -1 0
643 24 36 1 0
644 23 9 0 -1
645 30 29 1 0
646 19 11 0 -1
647 73 30 0 1
648 18 9 1 0
649 40 37 1 0
650 35 27 0 -1
651 28 33 0 1
652 28 37 -1 0
653 30 30 0 -1
654 86 12 0 1
655 31 14 0 1
656 32 27 1 0
657 25 35 0 1
658 36 24 1 0
659 27 24 1 0
660 94 27 0 1
661 44 1 -1 0
662 22 31 1 0
663 31 27 1 0
664 19 11 0 -1
665 39 37 1 0
666 35 26 0 -1
667 26 10 0 -1
668 36 4 -1 0
669 19 12 1 0
670 36 5 -1 0
671 25 17 0 -1
672 29 38 1 0
673 24 37 -1 0
674 47 7 0 -1
675 46 39 0 1
676 49 22 1 0
677 37 37 1 0
678 32 15 0 1
679 40 24 0 1
680 38 30 0 -1
681 48 39 0 1
682 24 36 0 1
683 30 12 0 -1
684 20 3 1 0
685 17 8 1 0
686 35 9 0 -1
687 33 12 1 0
688 35 2 0 1
689 43 8 -1 0
690 18 3 0 -1
691 27 14 0 1
692 42 2 0 1
693 32 20 1 0
694 27 38 -1 0
695 26 23 1 0
696 39 37 0 1
697 22 4 0 -1
698 29 12 0 -1
699 38 8 0 -1
700 26 34 -1 0
701 28 36 -1 0
702 59 5 -1 0
703 53 15 0 1
704 36 20 1 0
705 40 18 0 1
706 42 22 -1 0
707 30 19 0 1
708 34 15 0 -1
709 29 22 1 0
710 20 10 0 -1
711 41 11 1 0
712 50 5 0 1
713 18 39 1 0
714 48 4 0 -1
715 47 0 0 -1
716 32 5 1 0
717 19 10 0 -1
718 32 19 1 0
719 34 15 1 0
720 29 28 0 1
721 37 11 -1 0
722 24 31 0 1
723 20 5 0 -1
724 41 6 -1 0
725 25 7 1 0
726 35 22 0 -1
727 39 38 1 0
728 26 0 1 0
729 15 20 1 0
730 38 21 0 1
731 30 19 1 0
732 37 8 1 0
733 35 22 0 1
734 18 0 1 0
735 49 3 -1 0
736 36 29 -1 0
737 67 6 -1 0
738 24 9 0 -1
739 26 2 1 0
740 48 4 -1 0
741 39 4 -1 0
742 43 1 1 0
743 39 21 -1 0
744 31 20 0 -1
745 42 25 -1 0
746 46 4 -1 0
747 69 14 0 -1
748 27 9 0 -1
749 29 13 1 0
750 63 7 0 -1
751 27 27 0 1
752 37 18 -1 0
753 37 29 0 1
754 20 12 1 0
755 80 17 1 0
756 46 2 1 0
757 45 0 0 1
758 24 1 0 1
759 42 22 0 1
760 36 7 0 1
761 45 9 -1 0
762 32 28 0 -1
763 27 3 0 1
764 31 30 0 1
765 43 24 0 -1
766 15 34 -1 0
767 34 20 0 -1
768 19 10 0 -1
769 22 2 0 -1
770 20 2 -1 0
771 30 21 0 -1
772 42 38 -1 0
773 22 38 1 0
774 30 33 1 0
775 27 0 0 1
776 34 29 0 -1
777 40 3 0 1
778 26 18 0 -1
779 41 24 -1 0
780 73 6 -1 0
781 23 8 0 1
782 19 6 0 1
783 25 35 0 1
784 27 23 1 0
785 21 6 -1 0
786 51 3 -1 0
787 37 30 1 0
788 37 6 -1 0
789 20 9 0 -1
790 45 3 0 -1
791 30 18 1 0
792 16 0 -1 0
793 36 28 0 1
794 25 6 0 1
795 42 23 -1 0
796 30 39 0 1
797 43 4 1 0
798 31 36 -1 0
799 44 33 -1 0
800 36 26 0 1
801 24 9 0 -1
802 38 21 -1 0
803 41 26 -1 0
804 43 0 0 1
805 41 24 -1 0
806 17 9 1 0
807 22 29 1 0
808 27 39 0 -1
809 97 35 0 1
810 33 3 -1 0
811 44 8 -1 0
812 34 19 -1 0
813 50 7 0 -1
814 51 12 -1 0
815 39 2 -1 0
816 35 5 -1 0
817 28 30 1 0
818 47 2 1 0
819 39 31 0 -1
820 34 23 -1 0
821 17 24 1 0
822 35 20 0 -1
823 35 25 0 -1
824 38 10 0 -1
825 30 36 0 1
826 22 39 -1 0
827 22 4 0 1
828 31 36 -1 0
829 24 5 0 1
830 36 25 0 1
831 25 1 0 1
832 32 27 -1 0
833 46 38 0 1
834 37 14 -1 0
835 26 37 1 0
836 34 24 1 0
837 40 30 1 0
838 25 8 0 -1
839 25 37 1 0
840 22 2 1 0
841 29 9 0 1
842 28 15 1 0
843 26 27 1 0
844 28 38 0 -1
845 50 6 1 0
846 24 33 0 1
847 36 10 0 1
848 47 39 1 0
849 27 5 0 -1
850 18 2 1 0
851 50 30 -1 0
852 28 37 1 0
853 36 2 -1 0
854 98 10 0 1
855 24 22 -1 0
856 43 26 0 -1
857 49 1 0 -1
858 47 0 1 0
859 31 19 0 1
860 19 18 1 0
861 42 8 -1 0
862 88 35 0 -1
863 12 2 0 1
864 39 26 1 0
865 29 17 -1 0
866 36 28 0 -1
867 17 0 1 0
868 45 9 -1 0
869 29 18 -1 0
870 30 0 -1 0
871 41 25 0 -1
872 20 10 -1 0
873 29 23 1 0
874 27 14 1 0
875 32 12 1 0
876 88 6 -1 0
877 25 5 1 0
878 21 8 0 1
879 95 7 -1 0
880 44 5 0 1
881 45 35 0 1
882 19 8 1 0
883 36 32 0 1
884 79 35 0 -1
885 23 37 0 1
886 35 28 0 1
887 37 25 1 0
888 29 31 0 -1
889 36 30 1 0
890 72 32 0 -1
891 21 0 1 0
892 42 10 -1 0
893 26 33 0 1
894 37 16 0 1
895 32 22 -1 0
896 92 4 1 0
897 39 36 0 1
898 9 4 0 1
899 36 4 1 0
900 31 4 0 -1
901 26 36 -1 0
902 35 21 -1 0
903 30 23 0 1
904 25 2 -1 0
905 32 14 -1 0
906 22 39 -1 0
907 48 17 -1 0
908 2 3 0 -1
909 49 0 -1 0
910 12 31 -1 0
911 79 2 -1 0
912 37 18 1 0
913 39 39 0 1
914 34 22 0 -1
915 16 9 0 1
916 39 17 -1 0
917 71 32 -1 0
918 44 4 1 0
919 40 2 0 1
920 43 10 0 -1
921 57 38 1 0
922 64 16 0 -1
923 36 18 1 0
924 41 8 1 0
925 36 7 1 0
926 29 20 1 0
927 41 2 1 0
928 26 33 0 1
929 82 33 -1 0
930 23 0 0 1
931 38 18 0 1
932 48 7 0 -1
933 41 2 1 0
934 32 21 -1 0
935 32 11 0 1
936 19 0 -1 0
937 44 11 0 -1
938 24 16 1 0
939 33 11 0 -1
940 96 37 0 -1
941 32 10 0 -1
942 39 17 0 1
943 41 23 0 -1
944 43 22 0 1
945 27 37 0 -1
946 25 38 0 -1
947 39 24 -1 0
948 39 24 0 -1
949 37 10 -1 0
950 40 7 -1 0
951 25 5 1 0
952 45 11 -1 0
953 31 22 0 -1
954 32 14 0 1
955 18 7 0 1
956 42 20 -1 0
957 46 7 0 -1
958 28 9 0 -1
959 34 31 -1 0
960 36 26 0 1
961 21 10 0 1
962 28 23 0 -1
963 31 18 0 -1
964 21 5 1 0
965 45 7 0 -1
966 19 2 0 -1
967 30 37 1 0
968 17 33 0 -1
969 46 1 1 0
970 32 14 -1 0
971 34 16 0 1
972 30 21 0 -1
973 27 23 0 -1
974 43 7 1 0
975 41 20 -1 0
976 40 18 0 1
977 22 6 0 -1
978 74 7 1 0
979 30 1 0 -1
980 49 3 1 0
981 8 26 1 0
982 42 8 0 -1
983 47 11 0 -1
984 34 18 1 0
985 25 33 -1 0
986 43 5 1 0
987 22 6 0 -1
988 39 38 -1 0
989 35 10 1 0
990 35 32 0 -1
991 26 1 0 -1
992 35 18 -1 0
993 38 26 0 -1
994 47 5 1 0
995 22 39 1 0
996 80 38 1 0
997 23 36 0 1
998 41 12 0 -1
999 21 4 1 0
1000 23 8 1 0
1001 77 13 -1 0
1002 37 4 0 -1
1003 88 10 0 1
1004 1 2 0 -1
1005 31 37 0 -1
1006 26 23 0 -1
1007 45 2 0 1
1008 38 28 0 -1
1009 36 11 0 -1
1010 35 38 1 0
1011 26 4 -1 0
1012 32 8 0 1
1013 23 5 -1 0
1014 24 6 -1 0
1015 37 3 -1 0
1016 29 16 0 -1
1017 44 6 0 1
1018 48 38 0 1
1019 27 0 -1 0
1020 29 23 -1 0
1021 42 8 1 0
1022 38 17 1 0
1023 31 39 1 0
1024 22 37 1 0
1025 29 3 -1 0
1026 28 8 0 -1
1027 37 7 1 0
1028 50 5 0 1
1029 41 23 1 0
1030 42 22 -1 0
1031 44 0 0 1
1032 27 20 1 0
1033 24 1 0 1
1034 48 3 0 1
1035 30 17 0 1
1036 20 6 -1 0
1037 38 23 -1 0
1038 66 36 1 0
1039 22 3 0 1
1040 36 19 1 0
1041 24 39 0 -1
1042 45 4 0 -1
1043 28 18 0 -1
1044 28 19 0 -1
1045 46 8 0 -1
1046 40 27 0 -1
1047 31 3 0 -1
1048 42 24 1 0
1049 19 1 1 0
1050 5 35 0 1
1051 40 3 0 -1
1052 41 9 1 0
1053 27 33 0 1
1054 46 6 0 -1
1055 32 23 1 0
1056 40 10 -1 0
1057 22 1 -1 0
1058 32 20 1 0
1059 27 25 1 0
1060 37 8 1 0
1061 47 4 1 0
1062 65 4 -1 0
1063 42 9 0 1
1064 2 3 0 -1
1065 50 6 -1 0
1066 41 18 -1 0
1067 40 3 1 0
1068 39 8 1 0
1069 23 9 1 0
1070 42 1 0 1
1071 39 4 -1 0
1072 29 13 1 0
1073 74 32 0 -1
1074 23 10 0 1
1075 23 35 0 1
1076 27 35 1 0
1077 37 21 1 0
1078 19 0 0 1
1079 29 2 -1 0
1080 27 19 0 -1
1081 36 30 0 -1
1082 18 8 1 0
1083 7 29 -1 0
1084 92 16 0 1
1085 31 36 1 0
1086 24 2 1 0
1087 36 10 0 -1
1088 28 16 0 -1
1089 43 2 1 0
1090 42 24 1 0
1091 31 34 0 1
1092 28 24 1 0
1093 33 23 -1 0
1094 51 6 0 -1
1095 30 27 0 -1
1096 27 0 0 1
1097 29 5 -1 0
1098 20 39 0 1
1099 22 3 -1 0
1100 5 30 1 0
1101 11 6 0 -1
1102 23 34 1 0
1103 41 27 -1 0
1104 35 5 0 -1
1105 25 4 0 1
1106 42 20 -1 0
1107 23 12 0 -1
1108 22 14 0 -1
1109 42 7 1 0
1110 40 25 0 -1
1111 37 21 0 -1
1112 39 20 0 -1
1113 38 39 -1 0
1114 19 9 0 -1
1115 31 16 1 0
1116 48 0 0 -1
1117 27 19 0 -1
1118 26 0 0 -1
1119 21 11 1 0
1120 38 6 0 1
1121 28 39 0 1
1122 41 39 -1 0
1123 27 9 -1 0
1124 2 16 -1 0
1125 40 22 -1 0
1126 40 36 -1 0
1127 43 8 -1 0
1128 24 7 0 1
1129 39 7 -1 0
1130 37 1 0 1
1131 26 16 1 0
1132 46 31 1 0
1133 86 20 -1 0
1134 43 34 0 1
1135 39 11 1 0
1136 50 4 0 1
1137 49 33 0 1
1138 50 30 -1 0
1139 44 10 0 1
1140 29 28 0 1
1141 34 20 0 1
1142 2 32 1 0
1143 2 23 0 1
1144 43 9 0 1
1145 29 8 0 1
1146 36 28 -1 0
1147 35 17 0 -1
1148 18 0 0 1
1149 19 5 1 0
1150 37 5 -1 0
1151 32 16 0 1
1152 37 11 -1 0
1153 38 9 0 -1
1154 25 0 1 0
1155 23 7 -1 0
1156 25 18 1 0
1157 28 26 1 0
1158 44 7 -1 0
1159 39 22 0 -1
1160 25 3 0 -1
1161 44 4 0 -1
1162 19 1 0 1
1163 29 36 0 -1
1164 26 10 0 -1
1165 32 16 0 1
1166 46 5 -1 0
1167 29 0 1 0
1168 37 17 1 0
1169 34 17 0 -1
1170 50 20 -1 0
1171 42 11 1 0
1172 39 1 -1 0
1173 44 0 0 1
1174 27 2 1 0
1175 35 28 1 0
1176 22 11 0 -1
1177 26 36 0 -1
1178 28 4 0 -1
1179 45 39 1 0
1180 13 31 0 1
1181 43 7 1 0
1182 27 18 1 0
1183 28 6 0 1
1184 22 1 0 1
1185 38 10 -1 0
1186 38 19 -1 0
1187 35 3 1 0
1188 39 6 0 1
1189 31 23 -1 0
1190 2 25 0 1
1191 20 1 -1 0
1192 41 4 -1 0
1193 39 7 0 -1
1194 79 6 1 0
1195 38 7 -1 0
1196 41 1 1 0
1197 36 23 -1 0
1198 28 17 1 0
1199 44 1 1 0
1200 24 11 -1 0
1201 24 7 1 0
1202 33 31 0 -1
1203 32 29 0 -1
1204 19 0 0 1
1205 27 35 0 -1
1206 20 7 -1 0
1207 30 12 1 0
1208 21 38 1 0
1209 37 3 1 0
1210 28 34 -1 0
1211 79 13 0 1
1212 88 31 0 -1
1213 36 27 -1 0
1214 8 18 -1 0
1215 5 29 1 0
1216 24 25 0 1
1217 46 8 0 -1
1218 45 0 1 0
1219 38 25 0 -1
1220 37 17 -1 0
1221 17 7 0 1
1222 20 12 1 0
1223 29 17 1 0
1224 30 13 1 0
1225 41 5 -1 0
1226 51 0 -1 0
1227 21 7 -1 0
1228 40 20 0 1
1229 27 15 -1 0
1230 18 39 0 1
1231 42 10 1 0
1232 84 37 1 0
1233 23 12 0 -1
1234 23 33 -1 0
1235 26 38 0 1
1236 26 6 -1 0
1237 44 9 -1 0
1238 97 24 0 1
1239 35 25 1 0
1240 49 7 1 0
1241 37 10 -1 0
1242 42 5 0 -1
1243 41 4 1 0
1244 39 36 0 -1
1245 9 33 1 0
1246 40 28 -1 0
1247 21 5 -1 0
1248 44 7 1 0
1249 21 0 0 -1
1250 29 12 1 0
1251 40 6 -1 0
1252 31 39 -1 0
1253 38 20 1 0
1254 23 8 0 -1
1255 27 6 1 0
1256 29 11 1 0
1257 22 37 1 0
1258 52 25 0 -1
1259 41 22 -1 0
1260 55 21 -1 0
1261 46 2 1 0
1262 28 33 0 1
1263 40 38 1 0
1264 28 8 0 -1
1265 28 4 1 0
1266 20 0 -1 0
1267 20 9 1 0
1268 31 35 -1 0
1269 3 17 1 0
1270 37 27 1 0
1271 22 9 0 1
1272 50 7 0 -1
1273 25 33 0 1
1274 36 18 0 -1
1275 35 34 -1 0
1276 43 28 0 -1
1277 28 32 1 0
1278 42 38 0 -1
1279 31 12 1 0
1280 59 39 0 1
1281 38 3 0 -1
1282 3 14 0 -1
1283 32 12 0 1
1284 39 19 0 -1
1285 29 13 0 -1
1286 24 5 1 0
1287 39 22 -1 0
1288 35 1 -1 0
1289 50 8 0 -1
1290 48 14 0 -1
1291 41 13 0 -1
1292 45 2 0 -1
1293 48 39 -1 0
1294 25 9 0 -1
1295 11 11 -1 0
1296 29 6 1 0
1297 47 7 -1 0
1298 42 25 0 -1
1299 44 6 0 -1
1300 29 38 1 0
1301 36 21 1 0
1302 45 3 1 0
1303 39 4 -1 0
1304 25 36 0 1
1305 29 7 0 -1
1306 37 2 -1 0
1307 22 19 0 1
1308 87 22 0 -1
1309 29 33 1 0
1310 46 3 1 0
1311 40 1 0 1
1312 38 20 0 1
1313 38 29 -1 0
1314 37 28 0 -1
1315 39 29 -1 0
1316 35 33 -1 0
1317 38 26 0 1
1318 49 1 1 0
1319 31 19 -1 0
1320 99 34 0 -1
1321 16 38 0 -1
1322 28 0 0 1
1323 36 32 0 -1
1324 29 7 0 1
1325 40 17 0 1
1326 41 37 -1 0
1327 90 1 0 1
1328 7 31 0 -1
1329 75 38 1 0
1330 38 27 0 1
1331 25 3 -1 0
1332 28 32 0 1
1333 41 2 1 0
1334 35 8 0 -1
1335 20 7 0 -1
1336 38 8 0 -1
1337 39 18 1 0
1338 23 3 1 0
1339 42 35 -1 0
1340 36 6 0 1
1341 28 39 0 1
1342 31 37 0 -1
1343 35 19 1 0
1344 51 5 -1 0
1345 34 19 -1 0
1346 43 6 -1 0
1347 38 28 0 -1
1348 49 6 1 0
1349 32 8 0 1
1350 41 25 -1 0
1351 11 35 1 0
1352 19 15 0 -1
1353 38 7 1 0
1354 47 0 0 -1
1355 30 10 0 1
1356 42 23 1 0
1357 30 1 0 1
1358 26 36 -1 0
1359 29 31 1 0
1360 25 9 -1 0
1361 20 13 0 -1
1362 35 1 -1 0
1363 39 23 0 -1
1364 40 0 -1 0
1365 3 30 -1 0
1366 28 23 0 -1
1367 9 37 -1 0
1368 40 19 0 -1
1369 29 23 1 0
1370 24 38 1 0
1371 38 37 -1 0
1372 32 23 -1 0
1373 38 5 -1 0
1374 40 39 -1 0
1375 40 26 0 -1
1376 39 5 0 1
1377 41 6 0 -1
1378 46 5 -1 0
1379 29 7 0 1
1380 24 38 0 -1
1381 21 39 1 0
1382 37 11 -1 0
1383 40 8 -1 0
1384 29 5 0 1
1385 43 11 -1 0
1386 39 25 1 0
1387 22 1 1 0
1388 35 26 0 1
1389 40 9 1 0
1390 27 7 0 1
1391 37 23 1 0
1392 25 7 -1 0
1393 54 14 0 1
1394 48 1 -1 0
1395 46 0 1 0
1396 28 17 -1 0
1397 22 2 -1 0
1398 29 3 0 1
1399 21 10 1 0
1400 99 24 0 1
1401 42 24 0 -1
1402 39 19 1 0
1403 36 23 0 -1
1404 23 11 0 -1
1405 18 7 1 0
1406 30 11 0 -1
1407 25 16 1 0
1408 24 4 0 1
1409 25 5 -1 0
1410 51 34 0 -1
1411 42 12 0 -1
1412 47 3 -1 0
1413 27 21 0 -1
1414 40 9 -1 0
1415 29 15 1 0
1416 39 10 -1 0
1417 38 6 -1 0
1418 26 7 -1 0
1419 89 32 0 1
1420 41 20 0 1
1421 32 19 -1 0
1422 21 2 0 -1
1423 35 35 1 0
1424 40 25 -1 0
1425 28 31 0 1
1426 37 37 0 1
1427 26 4 0 -1
1428 71 37 1 0
1429 26 11 0 -1
1430 43 38 0 1
1431 20 32 0 -1
1432 44 5 0 1
1433 35 21 0 -1
1434 30 14 1 0
1435 43 6 0 -1
1436 28 7 0 -1
1437 50 3 0 1
1438 35 10 0 -1
1439 39 30 0 -1
1440 40 13 -1 0
1441 27 5 0 1
1442 48 19 1 0
1443 49 0 1 0
1444 41 10 0 1
1445 49 4 0 -1
1446 21 3 1 0
1447 38 23 1 0
1448 35 29 0 -1
1449 40 19 1 0
1450 48 5 0 -1
1451 72 13 0 1
1452 33 21 1 0
1453 50 22 0 -1
1454 36 4 0 1
1455 38 39 1 0
1456 39 25 0 1
1457 82 38 1 0
1458 30 26 0 1
1459 37 28 -1 0
1460 39 18 -1 0
1461 39 23 1 0
1462 44 24 -1 0
1463 28 30 1 0
1464 22 13 0 -1
1465 35 25 0 -1
1466 21 9 0 1
1467 43 32 1 0
1468 49 4 0 1
1469 20 1 -1 0
1470 35 30 0 -1
1471 41 17 -1 0
1472 28 14 1 0
1473 29 15 0 -1
1474 16 6 -1 0
1475 36 6 0 -1
1476 24 1 1 0
1477 9 38 -1 0
1478 27 18 1 0
1479 91 31 0 -1
1480 36 12 0 -1
1481 45 5 0 1
1482 40 17 -1 0
1483 36 5 0 1
1484 31 25 0 1
1485 29 2 1 0
1486 51 4 0 1
1487 28 22 0 1
1488 29 18 -1 0
1489 26 23 1 0
1490 31 12 0 1
1491 37 6 0 1
1492 29 4 -1 0
1493 40 23 0 1
1494 36 19 0 1
1495 34 24 0 -1
1496 41 38 0 1
1497 44 12 0 -1
1498 7 29 0 1
1499 28 16 -1 0
1500 42 9 0 -1
1501 51 24 0 1
1502 29 22 0 -1
1503 44 8 -1 0
1504 49 7 0 -1
1505 38 16 -1 0
1506 34 23 0 1
1507 40 21 -1 0
1508 34 1 -1 0
1509 28 25 1 0
1510 43 10 0 -1
1511 35 9 -1 0
1512 31 5 0 -1
1513 45 1 1 0
1514 26 37 0 1
1515 23 39 0 -1
1516 38 24 -1 0
1517 40 2 0 1
1518 20 2 0 1
1519 48 5 -1 0
1520 37 35 -1 0
1521 38 30 0 -1
1522 23 37 0 1
1523 24 33 0 1
1524 47 5 -1 0
1525 25 31 0 1
1526 28 21 1 0
1527 38 9 0 -1
1528 21 11 1 0
1529 21 35 1 0
1530 36 23 0 1
1531 51 20 0 1
1532 48 1 1 0
1533 29 29 1 0
1534 37 29 1 0
1535 38 1 0 -1
1536 31 1 0 1
1537 30 10 0 1
1538 22 38 -1 0
1539 39 39 -1 0
1540 40 20 -1 0
1541 19 7 0 1
1542 20 39 1 0
1543 41 18 -1 0
1544 28 15 -1 0
1545 40 5 -1 0
1546 32 23 -1 0
1547 24 37 0 1
1548 48 39 -1 0
1549 40 21 0 1
1550 23 2 -1 0
1551 48 2 -1 0
1552 88 8 1 0
1553 16 17 0 -1
1554 46 30 1 0
1555 46 5 -1 0
1556 39 3 0 1
1557 19 2 1 0
1558 35 32 0 -1
1559 36 16 -1 0
1560 27 38 -1 0
1561 30 20 -1 0
1562 28 38 1 0
1563 49 3 0 -1
1564 5 18 0 -1
1565 40 8 0 1
1566 27 39 0 -1
1567 95 35 0 -1
1568 35 6 -1 0
1569 21 7 1 0
1570 69 23 0 1
1571 45 6 0 -1
1572 30 22 0 -1
1573 40 17 0 1
1574 37 38 0 1
1575 29 37 1 0
1576 29 21 1 0
1577 23 11 -1 0
1578 41 9 0 1
1579 23 2 0 -1
1580 26 31 1 0
1581 62 0 -1 0
1582 98 30 0 -1
1583 42 6 -1 0
1584 23 4 0 1
1585 29 25 0 -1
1586 31 34 0 1
1587 37 2 -1 0
1588 20 13 1 0
1589 37 16 0 1
1590 29 30 0 -1
1591 29 21 -1 0
1592 27 16 1 0
1593 43 15 -1 0
1594 27 1 0 -1
1595 25 8 1 0
1596 43 1 1 0
1597 47 5 0 1
1598 34 23 0 1
1599 21 11 1 0
1600 46 4 1 0
1601 30 2 0 -1
1602 29 12 1 0
1603 44 4 0 1
1604 15 3 0 1
1605 38 24 -1 0
1606 29 38 0 -1
1607 23 5 0 1
1608 29 33 -1 0
1609 38 38 1 0
1610 38 37 0 1
1611 39 19 -1 0
1612 29 16 1 0
1613 40 26 0 1
1614 31 35 0 1
1615 44 2 0 1
1616 36 1 1 0
1617 44 24 0 -1
1618 30 31 1 0
1619 30 36 1 0
1620 41 5 0 -1
1621 31 2 0 1
1622 42 21 1 0
1623 53 29 1 0
1624 37 23 0 -1
1625 53 4 -1 0
1626 46 38 0 1
1627 17 7 1 0
1628 40 12 0 1
1629 44 22 -1 0
1630 7 36 0 1
1631 31 27 0 -1
1632 19 26 0 1
1633 33 18 0 -1
1634 46 6 0 -1
1635 29 6 -1 0
1636 29 14 -1 0
1637 56 37 -1 0
1638 32 9 0 1
1639 14 26 0 -1
1640 37 25 0 1
1641 24 4 -1 0
1642 36 12 -1 0
1643 33 34 1 0
1644 13 31 -1 0
1645 31 20 1 0
1646 31 19 -1 0
1647 5 17 0 -1
1648 22 18 0 -1
1649 24 35 0 -1
1650 87 35 0 1
1651 39 16 0 1
1652 28 2 -1 0
1653 43 4 1 0
1654 5 14 -1 0
1655 28 35 0 -1
1656 38 22 -1 0
1657 43 2 -1 0
1658 31 12 1 0
1659 29 29 0 1
1660 30 26 0 1
1661 38 19 -1 0
1662 28 7 -1 0
1663 30 27 0 -1
1664 98 14 -1 0
1665 42 39 -1 0
1666 22 12 1 0
1667 48 6 0 -1
1668 28 1 0 1
1669 31 21 1 0
1670 26 10 0 -1
1671 39 24 -1 0
1672 23 6 1 0
1673 34 21 1 0
1674 36 34 0 1
1675 29 25 -1 0
1676 49 39 0 1
1677 22 5 0 -1
1678 30 30 0 -1
1679 24 3 1 0
1680 26 21 0 -1
1681 38 19 1 0
1682 23 32 0 1
1683 51 1 -1 0
1684 24 0 -1 0
1685 29 4 0 -1
1686 18 1 1 0
1687 42 6 -1 0
1688 36 31 1 0
1689 30 7 1 0
1690 28 9 1 0
1691 21 13 0 -1
1692 19 19 -1 0
1693 37 22 0 -1
1694 51 4 -1 0
1695 28 7 -1 0
1696 21 9 -1 0
1697 19 3 1 0
1698 28 25 0 -1
1699 37 38 1 0
1700 25 1 1 0
1701 20 10 -1 0
1702 42 11 0 -1
1703 19 35 1 0
1704 45 5 0 1
1705 98 39 -1 0
1706 23 4 0 1
1707 47 2 0 -1
1708 28 0 -1 0
1709 49 11 -1 0
1710 36 33 -1 0
1711 50 2 0 1
1712 31 18 -1 0
1713 31 23 0 -1
1714 84 19 -1 0
1715 52 19 0 1
1716 30 37 1 0
1717 43 5 -1 0
1718 36 16 0 1
1719 28 2 0 -1
1720 44 9 -1 0
1721 22 12 1 0
1722 29 10 1 0
1723 45 7 0 -1
1724 48 3 1 0
1725 34 16 0 -1
1726 47 3 1 0
1727 29 16 0 -1
1728 36 2 0 -1
1729 37 39 0 -1
1730 53 23 1 0
1731 31 10 0 1
1732 29 27 1 0
1733 31 26 0 1
1734 22 0 1 0
1735 32 22 0 -1
1736 36 37 -1 0
1737 27 8 -1 0
1738 41 31 -1 0
1739 16 28 -1 0
1740 37 24 0 -1
1741 30 27 1 0
1742 42 6 1 0
1743 24 12 0 -1
1744 28 36 0 1
1745 16 37 0 -1
1746 39 18 1 0
1747 26 8 -1 0
1748 21 1 -1 0
1749 40 23 0 1
1750 32 13 1 0
1751 51 5 0 -1
1752 21 12 0 -1
1753 20 4 0 -1
1754 40 38 0 -1
1755 28 23 1 0
1756 41 4 -1 0
1757 32 35 0 -1
1758 20 4 1 0
1759 97 29 -1 0
1760 37 36 -1 0
1761 16 11 0 1
1762 31 22 -1 0
1763 12 36 -1 0
1764 27 16 0 1
1765 35 6 0 -1
1766 50 31 -1 0
1767 36 11 0 -1
1768 23 3 1 0
1769 31 25 -1 0
1770 44 1 1 0
1771 23 5 0 -1
1772 27 38 1 0
1773 27 6 1 0
1774 51 3 0 1
1775 40 36 0 -1
1776 17 21 -1 0
1777 43 29 -1 0
1778 42 3 -1 0
1779 27 9 1 0
1780 46 2 1 0
1781 22 11 1 0
1782 34 21 0 -1
1783 44 22 -1 0
1784 41 5 1 0
1785 32 18 0 1
1786 3 17 0 1
1787 28 12 1 0
1788 42 5 -1 0
1789 45 39 1 0
1790 36 39 0 1
1791 30 38 1 0
1792 19 6 0 1
1793 29 2 0 1
1794 32 3 1 0
1795 29 19 1 0
1796 39 29 0 -1
1797 35 18 0 -1
1798 40 6 0 1
1799 36 7 -1 0
1800 32 27 0 -1
1801 26 34 0 1
1802 38 38 1 0
1803 24 36 1 0
1804 40 1 1 0
1805 45 26 0 -1
1806 31 25 0 1
1807 83 38 1 0
1808 20 11 0 -1
1809 24 35 1 0
1810 40 11 0 1
1811 42 21 0 1
1812 22 0 0 1
1813 35 34 -1 0
1814 42 29 1 0
1815 35 19 0 -1
1816 29 1 -1 0
1817 38 29 1 0
1818 23 36 0 1
1819 41 3 -1 0
1820 27 8 0 -1
1821 22 38 0 1
1822 38 22 1 0
1823 17 29 0 1
1824 28 21 1 0
1825 77 2 1 0
1826 37 10 -1 0
1827 42 38 0 -1
1828 39 36 0 1
1829 31 16 0 1
1830 32 25 0 -1
1831 36 0 1 0
1832 40 4 0 -1
1833 40 7 0 1
1834 26 39 1 0
1835 26 9 0 -1
1836 17 0 0 -1
1837 26 4 0 -1
1838 38 1 -1 0
1839 48 6 0 -1
1840 36 24 0 1
1841 37 2 0 1
1842 18 9 0 -1
1843 30 18 0 1
1844 30 36 0 1
1845 43 25 0 -1
1846 26 30 1 0
1847 26 17 1 0
1848 49 2 -1 0
1849 41 39 0 -1
1850 15 26 0 -1
1851 41 10 1 0
1852 28 3 1 0
1853 28 37 0 1
1854 55 28 0 1
1855 26 15 1 0
1856 35 16 -1 0
1857 31 17 1 0
1858 41 23 -1 0
1859 24 32 0 1
1860 25 0 1 0
1861 31 13 1 0
1862 32 25 0 -1
1863 41 3 0 1
1864 30 6 -1 0
1865 33 29 0 -1
1866 28 10 1 0
1867 24 32 0 1
1868 18 9 1 0
1869 43 1 0 1
1870 28 2 1 0
1871 34 24 1 0
1872 88 29 0 -1
1873 41 31 -1 0
1874 35 17 0 1
1875 34 25 1 0
1876 33 32 1 0
1877 39 37 0 -1
1878 39 11 1 0
1879 31 14 0 1
1880 27 39 -1 0
1881 26 39 0 -1
1882 17 7 1 0
1883 50 8 1 0
1884 37 7 1 0
1885 10 21 0 -1
1886 35 31 0 1
1887 39 5 0 -1
1888 26 6 0 1
1889 14 8 -1 0
1890 40 26 1 0
1891 36 32 0 -1
1892 28 1 0 1
1893 40 2 1 0
1894 36 39 -1 0
1895 36 9 0 1
1896 37 5 0 1
1897 36 3 1 0
1898 34 18 1 0
1899 22 9 0 1
1900 41 10 0 1
1901 36 17 0 1
1902 20 5 1 0
1903 18 10 1 0
1904 41 12 0 -1
1905 40 7 0 1
1906 35 31 1 0
1907 45 7 -1 0
1908 37 23 0 -1
1909 18 1 1 0
1910 99 9 0 -1
1911 30 3 -1 0
1912 21 6 0 -1
1913 24 37 0 1
1914 64 27 -1 0
1915 24 6 0 -1
1916 23 1 1 0
1917 22 9 -1 0
1918 88 26 0 1
1919 30 20 0 -1
1920 40 37 1 0
1921 92 34 0 1
1922 28 35 0 1
1923 31 14 0 1
1924 17 30 0 -1
1925 50 4 -1 0
1926 31 17 0 1
1927 25 38 0 -1
1928 92 24 0 1
1929 36 21 0 -1
1930 30 3 -1 0
1931 38 14 -1 0
1932 30 16 0 -1
1933 15 39 0 -1
1934 41 0 -1 0
1935 23 39 1 0
1936 47 7 0 -1
1937 40 22 0 -1
1938 31 3 1 0
1939 47 16 0 -1
1940 32 24 0 -1
1941 38 7 -1 0
1942 31 29 -1 0
1943 37 32 -1 0
1944 17 14 0 -1
1945 49 5 0 1
1946 35 27 0 -1
1947 50 7 0 -1
1948 28 22 0 -1
1949 99 39 1 0
1950 44 2 -1 0
1951 29 22 0 -1
1952 14 26 1 0
1953 32 15 0 1
1954 32 12 1 0
1955 38 11 0 -1
1956 36 8 0 -1
1957 30 31 1 0
1958 38 16 1 0
1959 38 16 0 1
1960 43 3 -1 0
1961 54 3 0 1
1962 35 7 1 0
1963 41 12 0 -1
1964 39 25 1 0
1965 20 4 0 1
1966 44 24 1 0
1967 35 30 1 0
1968 24 3 0 -1
1969 83 7 0 -1
1970 45 1 1 0
1971 34 25 -1 0
1972 53 20 0 -1
1973 27 3 1 0
1974 51 5 -1 0
1975 50 6 1 0
1976 37 30 0 -1
1977 18 2 1 0
1978 31 13 0 -1
1979 24 10 -1 0
1980 40 38 -1 0
1981 34 18 -1 0
1982 13 5 -1 0
1983 30 16 0 -1
1984 37 27 1 0
1985 40 34 0 -1
1986 38 0 1 0
1987 50 0 -1 0
1988 28 5 0 1
1989 29 20 1 0
1990 21 2 1 0
1991 99 33 1 0
1992 27 13 1 0
1993 43 11 -1 0
1994 40 39 0 -1
1995 30 8 -1 0
1996 77 37 1 0
1997 27 25 0 1
1998 8 33 1 0
1999 44 31 0 1
2000 63 25 0 1
2001 36 20 -1 0
2002 39 26 0 -1
2003 50 14 0 -1
2004 28 33 0 1
2005 47 20 0 -1
2006 28 36 0 1
2007 38 38 0 1
2008 35 32 0 -1
2009 40 21 0 1
2010 44 5 0 1
2011 18 8 0 -1
2012 28 24 1 0
2013 43 7 0 -1
2014 93 28 1 0
2015 18 3 1 0
2016 10 5 1 0
2017 20 1 1 0
2018 36 26 0 -1
2019 40 11 -1 0
2020 23 34 1 0
2021 29 14 0 1
2022 8 10 1 0
2023 41 8 -1 0
2024 36 8 1 0
2025 30 25 0 -1
2026 35 17 0 -1
2027 17 9 1 0
2028 75 25 0 -1
2029 35 20 0 -1
2030 4 36 1 0
2031 26 1 -1 0
2032 38 24 0 1
2033 38 23 -1 0
2034 35 16 0 1
2035 36 8 0 1
2036 30 11 -1 0
2037 43 29 1 0
2038 49 8 0 -1
2039 48 1 0 1
2040 32 11 1 0
2041 43 23 -1 0
2042 23 38 0 -1
2043 36 10 0 -1
2044 74 1 0 -1
2045 95 13 1 0
2046 38 25 0 -1
2047 39 35 0 1
2048 26 16 0 1
2049 18 8 0 -1
2050 43 31 -1 0
2051 37 17 0 1
2052 49 7 0 -1
2053 26 18 0 -1
2054 32 19 0 -1
2055 26 3 0 -1
2056 18 10 1 0
2057 27 1 -1 0
2058 31 0 0 1
2059 26 16 1 0
2060 36 6 0 1
2061 39 27 1 0
2062 31 26 -1 0
2063 22 12 0 -1
2064 27 8 1 0
2065 26 5 -1 0
2066 32 24 0 -1
2067 47 6 -1 0
2068 23 6 -1 0
2069 12 5 -1 0
2070 31 5 -1 0
2071 40 27 0 -1
2072 44 3 1 0
2073 34 20 1 0
2074 36 38 0 1
2075 39 34 0 -1
2076 21 6 0 -1
2077 19 13 1 0
2078 43 4 1 0
2079 36 9 0 -1
2080 48 14 0 1
2081 28 17 0 -1
2082 27 6 -1 0
2083 23 32 1 0
2084 32 8 0 1
2085 38 33 1 0
2086 21 12 0 1
2087 36 1 0 1
2088 30 0 1 0
2089 39 2 0 -1
2090 25 36 1 0
2091 25 7 0 -1
2092 22 11 0 1
2093 37 18 -1 0
2094 38 22 0 -1
2095 37 0 1 0
2096 49 6 0 -1
2097 47 1 -1 0
2098 52 18 0 -1
2099 23 6 -1 0
2100 38 27 0 -1
2101 26 38 0 -1
2102 23 0 0 -1
2103 51 3 -1 0
2104 24 2 1 0
2105 28 30 1 0
2106 38 4 -1 0
2107 32 9 0 1
2108 17 30 0 -1
2109 26 34 0 1
2110 41 1 0 1
2111 19 8 1 0
2112 28 1 0 1
2113 37 20 0 1
2114 38 37 -1 0
2115 21 4 0 -1
2116 30 9 1 0
2117 35 24 0 1
2118 34 11 0 -1
2119 1 8 0 1
2120 49 2 0 -1
2121 37 5 0 1
2122 44 6 1 0
2123 22 0 0 -1
2124 41 9 0 1
2125 43 10 1 0
2126 27 15 -1 0
2127 39 39 1 0
2128 30 22 -1 0
2129 31 27 0 -1
2130 43 11 0 -1
2131 27 32 0 1
2132 86 33 -1 0
2133 23 7 0 1
2134 77 24 0 1
2135 46 3 0 -1
2136 39 5 0 -1
2137 19 21 0 1
2138 24 39 1 0
2139 32 22 1 0
2140 36 19 0 -1
2141 46 0 0 1
2142 25 36 1 0
2143 49 2 -1 0
2144 32 26 0 1
2145 31 1 0 1
2146 43 25 0 -1
2147 20 12 1 0
2148 41 11 1 0
2149 25 37 -1 0
2150 27 29 0 1
2151 38 8 1 0
2152 47 6 -1 0
2153 30 25 0 -1
2154 35 23 1 0
2155 37 7 0 -1
2156 21 1 0 -1
2157 41 38 -1 0
2158 32 4 1 0
2159 30 15 0 1
2160 21 10 0 1
2161 17 39 0 1
2162 19 19 1 0
2163 27 19 0 -1
2164 40 28 -1 0
2165 30 18 1 0
2166 34 16 1 0
2167 22 20 1 0
2168 22 10 0 -1
2169 26 37 0 -1
2170 16 27 0 -1
2171 9 28 1 0
2172 25 2 0 1
2173 31 15 1 0
2174 36 0 0 1
2175 2 18 0 -1
2176 5 5 0 -1
2177 99 0 1 0
2178 32 20 1 0
2179 31 38 0 -1
2180 23 28 -1 0
2181 25 14 0 -1
2182 20 6 0 1
2183 23 2 0 1
2184 21 13 1 0
2185 57 28 1 0
2186 78 18 0 -1
2187 28 27 1 0
2188 44 12 0 -1
2189 19 7 0 1
2190 50 1 -1 0
2191 41 36 0 1
2192 40 36 0 1
2193 27 28 1 0
2194 36 27 1 0
2195 29 9 0 -1
2196 20 20 0 -1
2197 30 24 1 0
2198 30 1 0 1
2199 30 2 0 -1
2200 18 3 -1 0
2201 39 23 1 0
2202 37 21 -1 0
2203 46 4 0 -1
2204 36 22 0 1
2205 29 6 -1 0
2206 59 14 -1 0
2207 31 4 0 -1
2208 30 19 0 1
2209 38 1 0 1
2210 51 0 0 -1
2211 30 20 1 0
2212 93 14 -1 0
2213 31 37 1 0
2214 36 0 -1 0
2215 35 21 0 -1
2216 37 19 1 0
2217 45 4 0 1
2218 26 2 -1 0
2219 60 19 -1 0
2220 31 21 0 -1
2221 31 3 -1 0
2222 38 36 0 1
2223 45 19 0 -1
2224 29 36 0 -1
2225 38 11 -1 0
2226 49 4 0 -1
2227 32 26 1 0
2228 5 27 -1 0
2229 20 3 1 0
2230 28 8 -1 0
2231 20 39 1 0
2232 36 22 -1 0
2233 42 36 0 1
2234 38 26 -1 0
2235 35 26 -1 0
2236 47 2 -1 0
2237 24 21 1 0
2238 25 2 0 -1
2239 26 15 0 -1
2240 11 39 0 1
2241 27 7 -1 0
2242 48 0 1 0
2243 36 11 0 -1
2244 27 3 0 -1
2245 41 24 0 -1
2246 21 3 -1 0
2247 31 17 0 1
2248 30 22 0 -1
2249 32 18 -1 0
2250 25 39 1 0
2251 41 38 0 -1
2252 36 31 0 -1
2253 40 5 0 1
2254 32 33 1 0
2255 21 39 1 0
2256 48 2 0 1
2257 28 5 1 0
2258 23 9 0 -1
2259 35 4 -1 0
2260 30 24 0 -1
2261 43 3 -1 0
2262 28 34 0 -1
2263 46 21 1 0
2264 27 17 0 -1
2265 36 2 0 1
2266 32 21 0 -1
2267 40 0 -1 0
2268 20 11 0 -1
2269 32 7 0 1
2270 39 1 0 1
2271 35 6 0 1
2272 92 32 1 0
2273 46 3 0 -1
2274 40 0 0 1
2275 43 9 0 -1
2276 45 18 0 -1
2277 38 17 1 0
2278 24 8 0 1
2279 39 26 0 1
2280 39 9 0 1
2281 36 17 -1 0
2282 32 2 1 0
2283 55 8 0 1
2284 50 1 -1 0
2285 25 32 0 1
2286 27 20 0 -1
2287 20 6 1 0
2288 22 34 1 0
2289 30 12 -1 0
2290 31 18 0 -1
2291 31 15 -1 0
2292 46 0 0 1
2293 28 20 1 0
2294 30 13 0 1
2295 39 10 1 0
2296 37 28 1 0
2297 29 1 -1 0
2298 39 20 -1 0
2299 44 10 -1 0
2300 39 0 -1 0
2301 26 8 0 -1
2302 23 10 -1 0
2303 27 35 1 0
2304 35 23 -1 0
2305 29 1 0 1
2306 31 11 0 1
2307 22 6 0 -1
2308 87 15 0 -1
2309 28 22 -1 0
2310 24 3 1 0
2311 25 32 0 1
2312 35 10 0 -1
2313 30 24 0 -1
2314 37 39 0 -1
2315 29 15 0 -1
2316 84 19 -1 0
2317 24 0 0 1
2318 36 38 0 1
2319 38 20 0 -1
2320 30 15 0 1
2321 34 1 1 0
2322 31 32 1 0
2323 37 22 -1 0
2324 50 4 -1 0
2325 24 8 0 1
2326 88 14 0 1
2327 35 24 0 1
2328 45 3 -1 0
2329 19 1 0 1
2330 18 7 0 1
2331 96 1 0 -1
2332 45 29 -1 0
2333 36 21 0 -1
2334 51 6 0 -1
2335 25 34 0 -1
2336 50 1 -1 0
2337 27 1 1 0
2338 29 24 0 -1
2339 26 38 1 0
2340 22 7 0 -1
2341 43 2 -1 0
2342 18 0 0 1
2343 89 16 0 1
2344 28 14 -1 0
2345 1 24 -1 0
2346 35 24 -1 0
2347 32 13 0 1
2348 41 6 1 0
2349 42 2 0 1
2350 29 30 1 0
2351 30 11 1 0
2352 30 35 1 0
2353 37 8 0 -1
2354 28 14 -1 0
2355 44 20 0 -1
2356 37 25 0 -1
2357 35 22 1 0
2358 42 9 0 1
2359 25 10 1 0
2360 16 6 0 1
2361 38 2 0 -1
2362 26 15 1 0
2363 28 10 0 -1
2364 36 27 1 0
2365 17 19 -1 0
2366 20 0 0 1
2367 27 36 0 1
2368 37 4 -1 0
2369 40 10 0 -1
2370 44 3 0 1
2371 36 30 0 -1
2372 41 0 0 1
2373 84 26 0 1
2374 26 9 0 -1
2375 50 3 1 0
2376 57 20 -1 0
2377 25 1 -1 0
2378 36 3 1 0
2379 34 5 1 0
2380 32 21 0 -1
2381 19 8 0 -1
2382 31 35 0 1
2383 21 0 1 0
2384 29 20 0 1
2385 31 13 1 0
2386 53 32 0 1
2387 46 38 1 0
2388 43 6 0 -1
2389 17 3 1 0
2390 25 26 0 1
2391 30 21 1 0
2392 37 20 -1 0
2393 40 23 -1 0
2394 35 3 0 1
2395 40 1 0 1
2396 34 15 0 1
2397 29 25 1 0
2398 30 16 -1 0
2399 49 5 -1 0
