0 17 8 -1 0
1 16 16 0 1
2 6 25 0 1
3 56 23 0 -1
4 46 25 -1 0
5 2 2 0 -1
6 46 20 1 0
7 15 3 1 0
8 55 39 1 0
9 16 0 0 1
10 93 36 0 -1
11 20 4 -1 0
12 33 7 0 -1
13 39 32 0 1
14 21 8 0 -1
15 21 17 -1 0
16 94 19 0 1
17 38 3 1 0
18 62 25 1 0
19 95 36 0 -1
20 49 15 -1 0
21 55 39 1 0
22 53 22 -1 0
23 23 10 0 -1
24 54 17 1 0
25 47 8 -1 0
26 72 14 -1 0
27 6 13 -1 0
28 30 7 -1 0
29 28 38 0 1
30 28 35 -1 0
31 39 32 -1 0
32 48 5 -1 0
33 8 16 1 0
34 31 22 1 0
35 73 34 1 0
36 72 10 0 -1
37 91 15 0 1
38 59 35 -1 0
39 49 27 0 1
40 75 10 0 -1
41 92 9 0 -1
42 9 9 0 1
43 27 31 0 1
44 2 1 1 0
45 45 34 -1 0
46 41 22 0 1
47 52 9 1 0
48 19 24 0 -1
49 12 30 0 1
50 37 6 1 0
51 18 39 -1 0
52 93 14 -1 0
53 1 33 0 -1
54 38 4 0 1
55 39 26 -1 0
56 77 13 1 0
57 16 4 0 1
58 37 5 0 1
59 60 9 0 -1
60 10 26 0 1
61 48 38 0 -1
62 16 33 0 -1
63 28 33 -1 0
64 26 10 0 -1
65 15 1 1 0
66 27 17 0 1
67 36 0 1 0
68 4 23 -1 0
69 25 15 0 -1
70 8 13 -1 0
71 37 9 0 1
72 41 15 -1 0
73 10 25 -1 0
74 86 11 -1 0
75 2 14 -1 0
76 85 31 0 1
77 94 36 0 1
78 99 20 0 1
79 4 23 0 -1
80 35 28 -1 0
81 38 16 -1 0
82 49 1 0 -1
83 89 24 0 -1
84 65 5 0 1
85 31 5 -1 0
86 40 16 0 1
87 39 4 1 0
88 17 1 1 0
89 37 30 0 -1
90 79 13 0 -1
91 67 37 0 1
92 15 38 -1 0
93 41 2 0 1
94 70 8 0 1
95 19 7 -1 0
96 48 26 1 0
97 66 16 0 1
98 26 2 0 -1
99 47 39 1 0
100 79 11 0 1
101 78 0 0 -1
102 39 18 1 0
103 13 8 0 1
104 13 6 0 1
105 18 3 -1 0
106 27 3 1 0
107 60 1 -1 0
108 97 19 0 -1
109 29 8 0 1
110 63 10 1 0
111 42 1 0 -1
112 47 28 1 0
113 45 2 -1 0
114 42 16 -1 0
115 69 32 0 -1
116 29 17 -1 0
117 46 33 0 -1
118 40 6 0 1
119 95 15 -1 0
120 21 8 0 1
121 90 35 1 0
122 23 30 0 1
123 79 24 -1 0
124 60 29 0 -1
125 97 38 0 1
126 79 0 1 0
127 23 26 -1 0
128 98 28 -1 0
129 30 7 0 -1
130 21 28 1 0
131 10 32 0 1
132 45 22 1 0
133 63 21 1 0
134 56 11 0 -1
135 24 34 1 0
136 16 32 0 -1
137 23 7 0 -1
138 67 35 -1 0
139 22 1 1 0
140 9 18 0 1
141 1 32 0 1
142 21 17 0 -1
143 0 27 0 1
144 48 17 1 0
145 71 29 1 0
146 7 39 1 0
147 66 5 0 -1
148 20 5 -1 0
149 10 20 1 0
150 0 29 0 -1
151 86 14 0 -1
152 93 30 0 1
153 50 30 0 -1
154 3 11 -1 0
155 72 23 0 -1
156 83 2 0 -1
157 23 11 1 0
158 28 2 1 0
159 17 17 0 1
160 90 17 0 1
161 65 4 0 1
162 88 19 0 -1
163 89 30 0 -1
164 0 10 0 -1
165 4 25 0 -1
166 14 28 0 -1
167 7 21 1 0
168 88 14 0 1
169 38 8 0 -1
170 64 31 -1 0
171 11 37 1 0
172 1 9 -1 0
173 47 28 0 1
174 85 4 1 0
175 51 23 0 1
176 50 6 0 1
177 87 8 0 1
178 98 35 0 1
179 6 15 0 -1
180 41 37 0 1
181 83 11 1 0
182 48 25 -1 0
183 33 1 0 -1
184 35 25 0 1
185 10 4 0 1
186 17 38 1 0
187 3 17 0 1
188 27 22 -1 0
189 12 5 0 1
190 87 33 -1 0
191 23 30 1 0
192 17 11 -1 0
193 52 18 0 1
194 61 16 -1 0
195 98 22 0 -1
196 67 32 0 1
197 20 18 0 1
198 61 12 -1 0
199 23 32 1 0
200 47 3 0 1
201 29 28 1 0
202 26 26 -1 0
203 91 14 0 1
204 14 10 0 1
205 44 26 0 1
206 62 39 1 0
207 40 32 -1 0
208 92 22 0 1
209 40 33 0 1
210 24 17 0 1
211 82 39 -1 0
212 16 33 0 -1
213 87 12 1 0
214 68 1 -1 0
215 55 3 -1 0
216 99 14 -1 0
217 60 37 1 0
218 15 25 1 0
219 63 10 0 1
220 86 38 0 -1
221 7 7 0 -1
222 56 27 1 0
223 28 24 -1 0
224 14 18 -1 0
225 85 1 0 1
226 42 23 -1 0
227 45 7 -1 0
228 28 20 -1 0
229 44 29 0 -1
230 10 39 1 0
231 20 31 1 0
232 62 34 1 0
233 31 26 0 -1
234 16 38 1 0
235 46 32 0 1
236 82 30 0 1
237 33 20 1 0
238 36 28 0 -1
239 43 6 -1 0
240 86 18 0 1
241 96 12 1 0
242 24 9 1 0
243 45 0 0 -1
244 99 16 -1 0
245 32 8 0 1
246 32 10 1 0
247 59 30 0 -1
248 8 8 0 -1
249 23 22 0 1
250 52 39 0 1
251 96 2 0 -1
252 46 15 0 1
253 4 11 0 1
254 36 20 0 1
255 71 30 1 0
256 93 15 0 1
257 86 34 0 1
258 60 12 0 -1
259 55 33 0 1
260 92 11 -1 0
261 21 37 -1 0
262 25 31 0 -1
263 35 21 0 -1
264 33 10 -1 0
265 19 9 0 -1
266 15 19 1 0
267 49 4 0 -1
268 63 1 -1 0
269 70 28 -1 0
270 85 31 0 -1
271 39 7 1 0
272 98 30 -1 0
273 61 9 -1 0
274 12 34 0 1
275 11 23 -1 0
276 44 12 1 0
277 41 39 0 -1
278 66 4 0 1
279 75 8 1 0
280 9 0 1 0
281 24 29 1 0
282 65 3 0 1
283 44 30 1 0
284 98 11 1 0
285 80 3 0 -1
286 43 19 0 1
287 41 11 0 -1
288 25 16 -1 0
289 79 17 1 0
290 9 25 0 -1
291 13 38 0 -1
292 18 23 -1 0
293 45 18 0 1
294 30 36 0 -1
295 59 35 -1 0
296 68 33 0 1
297 4 14 -1 0
298 95 19 1 0
299 6 22 -1 0
300 65 17 -1 0
301 54 37 0 1
302 73 18 1 0
303 12 37 0 -1
304 19 10 1 0
305 93 4 -1 0
306 27 25 1 0
307 2 14 1 0
308 57 31 0 1
309 41 4 -1 0
310 11 1 0 1
311 95 10 0 -1
312 13 0 -1 0
313 54 2 0 1
314 48 4 1 0
315 65 15 -1 0
316 37 32 1 0
317 51 3 -1 0
318 38 8 -1 0
319 45 31 -1 0
320 19 27 -1 0
321 72 6 0 1
322 27 32 0 -1
323 81 19 0 1
324 26 33 0 -1
325 91 18 0 -1
326 76 30 0 -1
327 37 5 0 -1
328 51 28 -1 0
329 4 1 0 -1
330 39 4 -1 0
331 96 5 0 1
332 1 7 1 0
333 58 2 0 1
334 41 8 0 -1
335 12 15 1 0
336 56 29 0 1
337 39 11 0 -1
338 8 20 1 0
339 19 23 1 0
340 23 8 0 -1
341 41 6 1 0
342 9 37 0 -1
343 47 4 0 1
344 40 5 -1 0
345 97 29 0 -1
346 15 18 0 -1
347 46 17 -1 0
348 82 19 -1 0
349 19 21 -1 0
350 69 33 0 -1
351 40 17 0 -1
352 12 2 0 -1
353 22 29 -1 0
354 57 8 -1 0
355 28 20 1 0
356 1 2 0 1
357 32 4 0 -1
358 38 0 1 0
359 10 30 0 -1
360 45 10 1 0
361 30 15 0 1
362 84 11 1 0
363 24 16 1 0
364 79 2 -1 0
365 18 36 -1 0
366 42 11 1 0
367 10 23 1 0
368 47 39 -1 0
369 25 35 1 0
370 16 8 0 -1
371 70 10 -1 0
372 86 22 0 -1
373 62 21 0 1
374 44 36 0 -1
375 17 2 0 -1
376 54 1 0 1
377 20 22 1 0
378 42 15 0 1
379 69 28 0 -1
380 96 19 1 0
381 41 23 0 -1
382 13 1 0 1
383 48 31 -1 0
384 64 17 1 0
385 59 35 1 0
386 82 39 1 0
387 56 15 0 1
388 48 20 0 -1
389 75 2 1 0
390 3 19 1 0
391 27 22 0 -1
392 51 9 0 -1
393 55 31 0 -1
394 23 35 0 -1
395 13 25 1 0
396 6 19 0 1
397 3 33 0 1
398 22 7 0 -1
399 14 24 1 0
400 26 19 1 0
401 99 30 0 1
402 4 4 -1 0
403 56 38 0 -1
404 23 22 1 0
405 26 18 0 -1
406 39 33 -1 0
407 18 12 0 -1
408 52 38 1 0
409 52 26 0 -1
410 11 4 -1 0
411 67 4 1 0
412 19 10 1 0
413 12 26 0 1
414 90 34 0 -1
415 15 10 0 1
416 60 21 -1 0
417 36 36 1 0
418 26 1 0 1
419 2 39 1 0
420 39 33 -1 0
421 99 30 -1 0
422 44 24 0 -1
423 46 1 0 -1
424 20 0 1 0
425 35 27 0 -1
426 20 0 1 0
427 40 34 -1 0
428 12 32 0 1
429 95 27 0 1
430 42 24 -1 0
431 22 37 1 0
432 24 17 0 -1
433 54 0 0 -1
434 8 25 1 0
435 18 9 1 0
436 15 9 0 -1
437 40 17 -1 0
438 89 14 -1 0
439 55 14 -1 0
440 65 17 0 1
441 34 32 1 0
442 7 27 -1 0
443 79 28 -1 0
444 90 39 0 1
445 22 39 -1 0
446 62 25 0 1
447 44 7 0 1
448 63 3 0 1
449 42 20 0 -1
450 94 5 -1 0
451 61 27 0 -1
452 35 19 0 1
453 95 2 0 1
454 50 25 1 0
455 42 38 -1 0
456 96 8 0 1
457 61 5 1 0
458 15 27 -1 0
459 57 39 0 1
460 85 23 1 0
461 34 36 0 -1
462 54 10 0 1
463 91 29 0 -1
464 21 12 -1 0
465 2 19 0 -1
466 20 24 1 0
467 86 31 -1 0
468 8 21 0 1
469 50 1 -1 0
470 52 15 0 -1
471 41 36 0 -1
472 38 20 1 0
473 61 23 -1 0
474 39 19 0 -1
475 78 20 -1 0
476 83 38 0 1
477 44 20 -1 0
478 87 1 0 1
479 68 14 1 0
480 3 11 0 -1
481 28 34 0 -1
482 41 35 0 -1
483 74 29 0 1
484 51 11 1 0
485 12 39 0 1
486 51 13 1 0
487 67 7 0 -1
488 96 13 0 -1
489 17 34 0 -1
490 40 31 1 0
491 12 23 -1 0
492 88 32 0 1
493 44 34 1 0
494 78 24 -1 0
495 99 37 0 -1
496 43 39 0 -1
497 18 18 -1 0
498 30 8 -1 0
499 56 2 0 -1
500 57 7 0 1
501 79 28 -1 0
502 85 12 0 1
503 46 30 1 0
504 7 20 -1 0
505 37 27 0 -1
506 51 28 0 1
507 1 16 -1 0
508 38 30 0 -1
509 94 5 0 1
510 46 23 0 1
511 99 35 1 0
512 5 27 0 1
513 0 9 0 1
514 76 23 1 0
515 67 31 -1 0
516 4 6 1 0
517 70 7 0 -1
518 65 25 0 -1
519 37 17 -1 0
520 11 13 0 -1
521 14 13 1 0
522 63 22 0 1
523 42 32 0 -1
524 23 9 0 -1
525 32 19 0 -1
526 71 34 1 0
527 25 29 0 1
528 18 5 1 0
529 94 33 0 1
530 83 16 1 0
531 40 14 0 -1
532 20 27 1 0
533 51 37 0 1
534 6 12 0 -1
535 47 4 0 1
536 15 38 0 1
537 75 35 -1 0
538 49 35 1 0
539 42 33 0 -1
540 45 9 0 -1
541 32 22 1 0
542 46 8 1 0
543 39 11 0 1
544 44 18 -1 0
545 79 22 0 -1
546 2 37 0 -1
547 10 14 1 0
548 6 29 0 1
549 23 39 1 0
550 14 2 -1 0
551 44 26 0 -1
552 37 12 0 -1
553 94 9 0 1
554 42 5 0 -1
555 68 33 0 -1
556 17 36 0 -1
557 41 31 0 -1
558 57 23 0 -1
559 39 30 1 0
560 23 18 1 0
561 24 28 0 -1
562 22 15 1 0
563 98 0 1 0
564 10 30 0 -1
565 86 28 0 1
566 77 13 -1 0
567 5 4 0 1
568 43 4 1 0
569 97 21 1 0
570 17 37 0 -1
571 41 31 -1 0
572 52 33 0 -1
573 20 23 -1 0
574 19 39 0 1
575 48 18 0 -1
576 97 16 0 1
577 2 24 0 1
578 32 24 -1 0
579 0 19 0 1
580 5 14 0 -1
581 67 25 0 1
582 85 35 -1 0
583 3 39 0 -1
584 55 32 -1 0
585 37 21 1 0
586 90 35 0 -1
587 7 27 0 1
588 23 34 0 1
589 63 39 -1 0
590 60 8 0 1
591 60 6 -1 0
592 27 6 1 0
593 24 30 0 1
594 20 20 0 -1
595 66 32 0 -1
596 45 26 0 -1
597 36 31 0 -1
598 43 14 -1 0
599 43 13 0 -1
600 47 17 -1 0
601 74 3 -1 0
602 23 3 1 0
603 93 1 0 -1
604 88 31 1 0
605 29 13 0 1
606 74 39 -1 0
607 65 7 1 0
608 13 25 1 0
609 36 22 0 1
610 20 35 -1 0
611 39 16 0 1
612 82 3 0 -1
613 21 35 0 1
614 58 30 0 1
615 93 29 0 -1
616 78 14 1 0
617 7 39 -1 0
618 79 15 0 -1
619 38 3 -1 0
620 39 19 0 1
621 89 23 -1 0
622 50 25 0 -1
623 36 36 0 -1
624 6 15 0 1
625 16 25 0 -1
626 76 15 0 1
627 1 2 0 1
628 36 2 -1 0
629 8 4 -1 0
630 68 23 1 0
631 53 9 0 1
632 19 14 0 1
633 56 38 0 -1
634 95 2 1 0
635 19 22 0 -1
636 30 38 -1 0
637 28 33 -1 0
638 27 15 0 1
639 31 1 1 0
640 17 9 0 -1
641 13 27 1 0
642 50 10 -1 0
643 51 37 -1 0
644 69 0 0 -1
645 68 2 0 1
646 86 29 1 0
647 63 18 0 1
648 18 7 0 1
649 87 6 -1 0
650 25 16 0 -1
651 46 33 0 1
652 47 16 0 -1
653 94 18 1 0
654 57 21 -1 0
655 0 11 0 1
656 33 11 0 -1
657 94 1 0 -1
658 18 0 -1 0
659 84 12 1 0
660 16 26 1 0
661 41 16 0 -1
662 54 14 -1 0
663 78 4 0 -1
664 10 11 0 -1
665 78 33 0 1
666 34 35 -1 0
667 94 36 -1 0
668 58 30 0 1
669 1 32 0 -1
670 38 34 0 1
671 77 8 0 1
672 31 33 0 1
673 74 25 -1 0
674 76 38 0 1
675 25 33 0 1
676 43 2 -1 0
677 43 2 1 0
678 33 14 0 1
679 87 6 0 1
680 24 9 0 -1
681 68 1 -1 0
682 76 10 0 -1
683 4 17 1 0
684 90 16 0 1
685 83 28 0 -1
686 34 6 0 -1
687 34 27 0 -1
688 49 11 -1 0
689 61 30 0 1
690 95 29 0 -1
691 45 25 1 0
692 42 31 1 0
693 33 4 0 -1
694 28 14 0 1
695 88 35 1 0
696 39 3 -1 0
697 23 0 1 0
698 5 30 0 1
699 81 14 -1 0
700 61 14 -1 0
701 29 8 0 1
702 62 19 1 0
703 7 25 0 -1
704 35 38 1 0
705 41 39 0 -1
706 6 24 0 1
707 19 6 -1 0
708 96 12 -1 0
709 54 5 0 1
710 43 3 0 -1
711 46 32 -1 0
712 2 27 0 -1
713 15 7 0 -1
714 81 23 -1 0
715 45 5 0 1
716 95 10 1 0
717 54 35 -1 0
718 32 31 -1 0
719 37 18 0 1
720 25 22 0 -1
721 92 0 -1 0
722 58 32 0 -1
723 11 33 0 -1
724 1 8 -1 0
725 85 31 0 1
726 97 14 0 1
727 40 33 0 -1
728 48 6 -1 0
729 4 30 -1 0
730 8 31 1 0
731 9 35 0 1
732 52 17 1 0
733 96 27 -1 0
734 96 30 0 -1
735 89 8 1 0
736 79 28 0 1
737 21 24 0 1
738 91 38 1 0
739 48 16 -1 0
740 25 0 0 -1
741 77 0 -1 0
742 94 38 0 -1
743 58 27 0 1
744 51 23 0 1
745 24 34 0 -1
746 93 22 -1 0
747 15 20 -1 0
748 43 15 -1 0
749 16 0 1 0
750 40 38 0 -1
751 19 16 0 1
752 50 35 0 -1
753 81 2 1 0
754 59 21 0 1
755 13 4 1 0
756 81 35 -1 0
757 71 38 -1 0
758 8 24 0 -1
759 28 15 -1 0
760 37 17 -1 0
761 24 11 -1 0
762 33 12 -1 0
763 88 12 0 1
764 31 35 1 0
765 5 31 1 0
766 5 27 -1 0
767 36 10 -1 0
768 2 13 -1 0
769 28 5 0 -1
770 46 12 -1 0
771 93 17 0 -1
772 42 27 0 -1
773 52 12 -1 0
774 63 30 0 1
775 81 13 0 1
776 37 25 0 1
777 3 30 1 0
778 95 3 0 -1
779 81 32 0 -1
780 21 33 -1 0
781 23 23 1 0
782 29 18 1 0
783 30 30 1 0
784 90 18 0 -1
785 13 31 1 0
786 21 16 0 1
787 25 7 0 1
788 11 34 1 0
789 16 1 1 0
790 46 12 0 1
791 2 0 1 0
792 56 30 -1 0
793 80 17 1 0
794 99 4 1 0
795 35 2 1 0
796 24 28 0 1
797 39 26 0 -1
798 66 2 0 1
799 94 39 0 -1
800 94 16 1 0
801 13 22 0 1
802 78 1 0 -1
803 63 0 0 -1
804 60 23 1 0
805 84 39 0 1
806 47 4 0 -1
807 25 1 1 0
808 90 38 0 1
809 76 1 1 0
810 32 38 -1 0
811 56 17 0 -1
812 34 39 -1 0
813 28 15 1 0
814 9 1 0 1
815 72 31 1 0
816 58 13 0 -1
817 64 24 1 0
818 49 19 -1 0
819 93 39 -1 0
820 26 15 -1 0
821 18 14 0 -1
822 85 23 0 1
823 54 6 0 -1
824 34 34 -1 0
825 74 17 0 -1
826 74 23 0 -1
827 7 31 1 0
828 20 3 0 1
829 10 4 0 1
830 39 18 0 -1
831 43 31 0 -1
832 16 12 0 1
833 38 1 0 -1
834 16 17 -1 0
835 77 26 0 1
836 34 3 0 1
837 15 0 1 0
838 66 2 1 0
839 54 17 -1 0
840 84 29 -1 0
841 69 22 1 0
842 61 34 0 -1
843 91 28 1 0
844 90 29 1 0
845 84 6 -1 0
846 38 12 1 0
847 92 7 1 0
848 23 18 -1 0
849 64 32 0 1
850 61 33 -1 0
851 21 20 1 0
852 23 15 -1 0
853 50 2 -1 0
854 50 11 1 0
855 44 34 0 1
856 48 39 0 1
857 87 9 1 0
858 10 19 1 0
859 94 10 -1 0
860 38 28 -1 0
861 93 17 -1 0
862 27 6 0 1
863 38 15 0 1
864 1 23 1 0
865 28 32 0 -1
866 44 4 0 -1
867 60 27 0 -1
868 6 0 -1 0
869 54 21 0 -1
870 22 33 -1 0
871 96 0 -1 0
872 25 19 0 1
873 55 13 -1 0
874 61 26 0 -1
875 30 11 -1 0
876 7 33 0 -1
877 13 16 1 0
878 91 22 0 1
879 50 12 0 1
880 45 14 0 1
881 38 5 0 1
882 95 34 0 -1
883 42 7 -1 0
884 22 3 -1 0
885 83 19 1 0
886 41 6 0 1
887 51 3 1 0
888 87 20 0 1
889 36 20 0 -1
890 70 4 0 1
891 84 0 0 1
892 23 39 0 -1
893 44 20 1 0
894 55 6 0 -1
895 33 10 0 1
896 13 13 -1 0
897 20 23 0 1
898 27 30 0 -1
899 36 13 -1 0
900 28 7 0 -1
901 46 3 0 -1
902 67 35 -1 0
903 18 27 -1 0
904 14 1 -1 0
905 28 17 0 -1
906 12 6 -1 0
907 54 10 -1 0
908 27 16 -1 0
909 8 31 0 -1
910 94 32 0 -1
911 80 19 0 1
912 43 38 1 0
913 18 4 0 1
914 35 20 1 0
915 99 1 -1 0
916 37 31 1 0
917 57 28 1 0
918 51 16 -1 0
919 7 15 0 1
920 26 6 -1 0
921 89 19 1 0
922 37 14 -1 0
923 37 29 0 -1
924 84 32 0 -1
925 41 9 0 1
926 45 6 1 0
927 65 18 1 0
928 67 14 0 1
929 39 27 -1 0
930 49 13 0 1
931 35 6 1 0
932 11 0 0 1
933 43 22 0 -1
934 31 3 -1 0
935 25 32 -1 0
936 42 35 0 1
937 3 38 0 1
938 48 11 -1 0
939 33 17 0 1
940 40 0 0 -1
941 23 28 0 -1
942 30 7 0 -1
943 36 1 -1 0
944 29 20 0 1
945 6 2 1 0
946 99 12 -1 0
947 85 6 -1 0
948 56 33 1 0
949 83 18 -1 0
950 1 39 -1 0
951 24 22 0 -1
952 91 2 1 0
953 1 15 0 -1
954 22 9 0 1
955 18 18 0 -1
956 69 31 0 1
957 53 20 0 1
958 71 2 -1 0
959 35 22 0 -1
960 90 29 0 -1
961 89 36 0 1
962 8 29 -1 0
963 26 16 1 0
964 95 4 0 -1
965 93 27 1 0
966 56 8 1 0
967 81 19 0 -1
968 30 6 1 0
969 48 29 -1 0
970 33 24 0 1
971 39 3 0 1
972 14 37 1 0
973 1 14 0 -1
974 77 14 0 -1
975 40 24 -1 0
976 3 39 0 1
977 1 14 -1 0
978 20 30 0 -1
979 77 29 -1 0
980 6 13 0 -1
981 80 24 0 1
982 94 9 0 1
983 17 33 0 1
984 37 4 1 0
985 97 39 1 0
986 1 0 1 0
987 10 23 1 0
988 84 9 0 -1
989 36 17 0 1
990 41 16 -1 0
991 25 21 0 1
992 51 18 -1 0
993 89 0 0 -1
994 11 32 -1 0
995 53 16 0 1
996 41 38 0 1
997 15 1 1 0
998 12 4 0 -1
999 26 15 0 1
1000 59 2 1 0
1001 47 24 0 -1
1002 42 26 0 1
1003 23 5 1 0
1004 25 34 0 1
1005 17 16 -1 0
1006 92 37 0 -1
1007 45 14 0 1
1008 39 33 -1 0
1009 26 3 1 0
1010 75 35 -1 0
1011 19 33 0 -1
1012 42 24 0 1
1013 97 18 1 0
1014 23 39 0 -1
1015 78 14 0 1
1016 92 21 -1 0
1017 91 37 -1 0
1018 57 4 0 -1
1019 94 29 0 -1
1020 36 29 -1 0
1021 48 16 -1 0
1022 40 28 -1 0
1023 6 30 1 0
1024 95 7 0 -1
1025 29 11 -1 0
1026 16 2 0 -1
1027 18 6 -1 0
1028 22 39 0 1
1029 53 11 1 0
1030 12 38 1 0
1031 63 13 -1 0
1032 91 12 0 1
1033 12 28 -1 0
1034 95 9 -1 0
1035 21 0 0 -1
1036 57 37 -1 0
1037 70 39 -1 0
1038 86 29 -1 0
1039 47 5 0 -1
1040 41 38 1 0
1041 57 33 0 -1
1042 84 22 0 -1
1043 31 37 0 -1
1044 0 2 1 0
1045 41 16 -1 0
1046 8 20 1 0
1047 22 36 0 1
1048 40 12 -1 0
1049 72 10 -1 0
1050 74 27 -1 0
1051 3 36 1 0
1052 23 31 0 1
1053 47 37 0 1
1054 88 6 1 0
1055 49 17 0 1
1056 12 24 -1 0
1057 9 34 -1 0
1058 13 5 0 1
1059 52 5 1 0
1060 58 24 1 0
1061 47 10 0 1
1062 51 4 0 -1
1063 83 27 0 1
1064 72 23 0 -1
1065 4 5 0 1
1066 41 7 0 1
1067 84 7 0 -1
1068 96 3 0 -1
1069 52 19 0 1
1070 42 28 -1 0
1071 76 14 0 -1
1072 41 39 -1 0
1073 27 2 1 0
1074 75 9 -1 0
1075 38 22 0 1
1076 11 22 0 -1
1077 36 38 0 -1
1078 44 21 0 -1
1079 22 4 0 1
1080 68 18 1 0
1081 62 37 1 0
1082 37 30 -1 0
1083 20 14 0 1
1084 16 7 0 -1
1085 27 18 0 1
1086 5 31 1 0
1087 49 16 0 -1
1088 49 35 -1 0
1089 47 8 0 1
1090 85 20 -1 0
1091 29 3 0 1
1092 12 20 0 -1
1093 33 38 1 0
1094 72 19 1 0
1095 59 9 0 1
1096 57 0 0 -1
1097 82 12 0 -1
1098 93 38 0 -1
1099 41 30 1 0
1100 29 19 -1 0
1101 91 33 0 -1
1102 8 22 1 0
1103 34 38 1 0
1104 36 35 0 1
1105 23 17 1 0
1106 45 6 -1 0
1107 73 35 -1 0
1108 25 4 -1 0
1109 45 0 0 -1
1110 56 2 1 0
1111 38 5 1 0
1112 59 22 1 0
1113 44 9 -1 0
1114 54 0 -1 0
1115 29 27 0 1
1116 28 21 0 1
1117 9 0 0 1
1118 95 21 -1 0
1119 86 1 0 1
1120 83 4 0 -1
1121 18 9 0 1
1122 69 4 0 -1
1123 38 27 -1 0
1124 43 36 1 0
1125 60 28 -1 0
1126 19 2 0 1
1127 0 25 1 0
1128 8 36 0 -1
1129 40 7 1 0
1130 80 27 0 -1
1131 3 12 1 0
1132 97 32 0 -1
1133 12 7 0 -1
1134 88 3 -1 0
1135 3 1 0 1
1136 92 10 1 0
1137 90 9 1 0
1138 22 27 0 1
1139 17 30 0 -1
1140 75 32 0 1
1141 41 23 0 -1
1142 93 10 0 -1
1143 63 17 0 1
1144 98 38 0 1
1145 5 18 0 1
1146 49 18 0 -1
1147 88 37 0 -1
1148 75 38 0 -1
1149 38 35 1 0
1150 41 35 1 0
1151 30 17 0 1
1152 64 39 -1 0
1153 99 20 -1 0
1154 25 19 0 -1
1155 25 2 1 0
1156 67 29 0 -1
1157 40 31 0 -1
1158 24 26 0 1
1159 99 0 0 1
1160 89 1 0 1
1161 14 15 0 -1
1162 24 13 0 1
1163 6 26 0 1
1164 75 38 0 1
1165 33 2 0 1
1166 11 22 1 0
1167 2 37 -1 0
1168 50 17 0 1
1169 44 32 -1 0
1170 0 37 0 -1
1171 41 23 1 0
1172 89 35 -1 0
1173 4 21 1 0
1174 30 15 1 0
1175 37 1 1 0
1176 14 28 -1 0
1177 63 13 0 -1
1178 61 32 0 1
1179 1 15 -1 0
1180 94 38 -1 0
1181 51 0 0 1
1182 42 1 0 -1
1183 77 10 0 1
1184 7 24 0 1
1185 40 29 0 -1
1186 41 10 1 0
1187 87 26 0 -1
1188 68 4 0 1
1189 89 10 -1 0
1190 42 5 -1 0
1191 4 33 1 0
1192 56 7 1 0
1193 76 33 0 -1
1194 86 38 0 -1
1195 43 0 0 -1
1196 98 3 0 -1
1197 37 23 -1 0
1198 3 9 0 1
1199 4 30 0 1
1200 92 19 0 -1
1201 96 31 1 0
1202 29 32 -1 0
1203 21 2 0 1
1204 15 27 -1 0
1205 66 4 1 0
1206 63 37 0 1
1207 31 8 1 0
1208 15 14 1 0
1209 40 9 1 0
1210 27 11 1 0
1211 3 29 0 -1
1212 92 10 0 1
1213 92 1 0 1
1214 82 4 0 -1
1215 72 35 0 1
1216 27 32 1 0
1217 14 24 0 1
1218 24 9 0 -1
1219 47 34 -1 0
1220 24 22 0 1
1221 86 3 1 0
1222 41 11 -1 0
1223 25 8 0 1
1224 25 3 -1 0
1225 40 3 1 0
1226 92 36 1 0
1227 53 32 0 -1
1228 19 8 1 0
1229 77 6 0 -1
1230 25 12 1 0
1231 89 3 -1 0
1232 89 15 0 1
1233 51 25 1 0
1234 95 36 -1 0
1235 19 2 1 0
1236 9 36 0 -1
1237 28 37 1 0
1238 16 26 0 1
1239 83 31 1 0
1240 26 37 1 0
1241 47 21 0 -1
1242 40 12 -1 0
1243 44 3 0 -1
1244 1 38 1 0
1245 6 19 1 0
1246 65 15 1 0
1247 22 25 1 0
1248 99 37 0 1
1249 91 12 0 -1
1250 22 19 0 -1
1251 84 19 1 0
1252 14 2 1 0
1253 53 25 0 1
1254 26 33 0 -1
1255 48 8 0 1
1256 40 22 0 -1
1257 49 34 0 1
1258 6 34 0 -1
1259 56 22 -1 0
1260 47 32 0 1
1261 68 27 1 0
1262 42 4 0 1
1263 19 19 0 1
1264 20 34 0 1
1265 28 31 1 0
1266 1 9 0 -1
1267 86 21 0 1
1268 26 27 0 1
1269 99 32 1 0
1270 87 23 0 -1
1271 83 24 0 1
1272 94 27 1 0
1273 23 9 0 1
1274 26 14 0 -1
1275 23 38 1 0
1276 37 10 0 -1
1277 59 0 0 -1
1278 39 17 0 -1
1279 27 21 0 1
1280 84 20 1 0
1281 21 30 1 0
1282 39 36 0 -1
1283 18 17 1 0
1284 89 34 0 -1
1285 3 38 1 0
1286 41 14 -1 0
1287 5 23 0 1
1288 34 27 0 -1
1289 45 6 0 -1
1290 8 19 1 0
1291 97 26 0 -1
1292 0 0 -1 0
1293 81 24 1 0
1294 83 21 -1 0
1295 27 38 1 0
1296 2 24 -1 0
1297 60 5 -1 0
1298 28 3 0 -1
1299 53 5 1 0
1300 39 27 -1 0
1301 94 33 1 0
1302 41 22 1 0
1303 20 19 1 0
1304 54 39 0 1
1305 91 33 0 -1
1306 44 34 -1 0
1307 39 3 -1 0
1308 97 11 -1 0
1309 14 13 0 -1
1310 40 37 -1 0
1311 17 37 0 1
1312 41 15 0 1
1313 61 27 -1 0
1314 11 16 -1 0
1315 36 26 1 0
1316 42 15 -1 0
1317 16 8 -1 0
1318 72 30 0 -1
1319 72 10 0 1
1320 73 21 -1 0
1321 87 24 0 1
1322 46 27 0 -1
1323 36 12 -1 0
1324 27 19 0 1
1325 15 19 -1 0
1326 97 35 0 1
1327 40 25 -1 0
1328 73 12 -1 0
1329 34 2 0 1
1330 20 20 0 -1
1331 17 30 1 0
1332 62 31 -1 0
1333 46 7 -1 0
1334 78 28 1 0
1335 3 7 0 1
1336 52 24 0 -1
1337 36 18 1 0
1338 92 4 0 -1
1339 71 19 -1 0
1340 41 10 0 1
1341 21 12 1 0
1342 29 30 -1 0
1343 55 25 0 -1
1344 97 38 1 0
1345 33 33 1 0
1346 74 2 1 0
1347 26 37 -1 0
1348 42 39 -1 0
1349 23 8 0 1
1350 44 5 -1 0
1351 4 36 0 -1
1352 2 32 -1 0
1353 36 38 0 -1
1354 48 38 0 1
1355 14 3 -1 0
1356 27 26 1 0
1357 27 11 1 0
1358 30 35 1 0
1359 94 31 0 1
1360 5 39 0 1
1361 28 31 0 -1
1362 71 25 0 -1
1363 72 21 0 -1
1364 18 37 0 -1
1365 96 14 0 1
1366 36 23 1 0
1367 32 0 1 0
1368 48 7 0 1
1369 37 7 0 -1
1370 41 37 0 -1
1371 43 4 0 -1
1372 28 30 -1 0
1373 41 1 0 -1
1374 14 15 -1 0
1375 37 0 -1 0
1376 39 1 0 1
1377 75 3 1 0
1378 37 32 0 -1
1379 93 0 0 1
1380 40 35 0 -1
1381 85 39 0 -1
1382 35 37 -1 0
1383 41 14 -1 0
1384 57 26 -1 0
1385 16 39 -1 0
1386 35 16 -1 0
1387 39 16 -1 0
1388 0 0 -1 0
1389 72 2 0 1
1390 8 8 -1 0
1391 36 19 1 0
1392 8 22 1 0
1393 6 9 0 -1
1394 50 24 0 1
1395 59 22 1 0
1396 25 14 0 1
1397 42 28 0 1
1398 21 27 0 -1
1399 86 4 0 -1
1400 20 16 1 0
1401 0 18 -1 0
1402 47 1 0 -1
1403 37 15 1 0
1404 75 36 0 -1
1405 43 10 0 -1
1406 12 26 0 -1
1407 80 22 -1 0
1408 79 15 -1 0
1409 41 29 -1 0
1410 31 31 0 -1
1411 74 11 0 -1
1412 3 36 1 0
1413 84 25 1 0
1414 63 10 0 1
1415 99 3 1 0
1416 18 4 -1 0
1417 9 32 1 0
1418 24 2 0 -1
1419 31 28 1 0
1420 93 18 0 -1
1421 30 15 0 -1
1422 22 19 -1 0
1423 51 19 0 1
1424 11 33 0 -1
1425 26 15 0 -1
1426 38 37 -1 0
1427 35 10 -1 0
1428 41 19 0 1
1429 0 5 0 1
1430 51 31 0 -1
1431 5 9 0 -1
1432 62 38 -1 0
1433 33 34 0 -1
1434 75 31 1 0
1435 47 21 0 1
1436 41 22 0 1
1437 2 10 0 -1
1438 48 20 1 0
1439 16 20 0 1
1440 5 6 0 1
1441 41 24 -1 0
1442 88 31 1 0
1443 80 35 1 0
1444 89 25 0 1
1445 78 22 -1 0
1446 46 37 0 1
1447 43 14 0 -1
1448 94 38 0 -1
1449 45 9 1 0
1450 41 34 1 0
1451 14 0 1 0
1452 32 1 1 0
1453 70 35 -1 0
1454 44 1 1 0
1455 15 19 0 1
1456 29 38 0 1
1457 58 39 1 0
1458 70 2 -1 0
1459 38 17 1 0
1460 42 27 -1 0
1461 8 32 -1 0
1462 10 25 1 0
1463 54 37 0 -1
1464 90 27 0 -1
1465 64 0 0 1
1466 37 7 0 1
1467 38 6 1 0
1468 45 30 0 1
1469 28 3 0 1
1470 90 11 0 1
1471 1 31 -1 0
1472 79 18 0 -1
1473 26 26 1 0
1474 86 12 0 1
1475 13 35 0 -1
1476 46 39 -1 0
1477 37 26 -1 0
1478 90 15 1 0
1479 41 30 1 0
1480 37 15 0 -1
1481 6 9 0 1
1482 25 19 0 1
1483 51 28 0 1
1484 25 12 0 1
1485 30 6 1 0
1486 40 4 0 1
1487 0 7 0 -1
1488 23 37 0 1
1489 38 34 0 1
1490 87 12 1 0
1491 43 30 -1 0
1492 73 39 1 0
1493 26 24 0 -1
1494 45 29 -1 0
1495 33 10 0 1
1496 64 23 0 1
1497 97 4 -1 0
1498 41 28 0 1
1499 40 16 -1 0
1500 99 32 1 0
1501 83 4 1 0
1502 40 32 -1 0
1503 40 8 0 1
1504 42 18 -1 0
1505 38 18 0 -1
1506 67 5 -1 0
1507 47 2 -1 0
1508 35 35 0 1
1509 70 19 -1 0
1510 36 28 0 1
1511 0 1 1 0
1512 31 17 -1 0
1513 1 3 1 0
1514 27 2 1 0
1515 39 34 0 -1
1516 45 1 -1 0
1517 9 19 1 0
1518 92 9 -1 0
1519 53 8 -1 0
1520 54 6 0 1
1521 62 20 0 -1
1522 92 3 -1 0
1523 9 25 -1 0
1524 93 32 0 -1
1525 87 37 0 -1
1526 98 14 -1 0
1527 4 33 0 1
1528 23 14 0 -1
1529 0 11 -1 0
1530 77 1 0 -1
1531 58 22 0 -1
1532 10 26 0 -1
1533 12 21 0 1
1534 10 36 0 -1
1535 39 17 0 1
1536 21 38 0 -1
1537 28 15 0 1
1538 6 37 1 0
1539 46 36 -1 0
1540 42 31 -1 0
1541 95 11 0 1
1542 19 35 -1 0
1543 69 15 -1 0
1544 6 14 1 0
1545 24 30 -1 0
1546 31 21 -1 0
1547 30 16 0 -1
1548 90 23 -1 0
1549 97 6 -1 0
1550 59 31 0 1
1551 83 26 -1 0
1552 48 36 -1 0
1553 47 34 0 -1
1554 47 13 1 0
1555 80 7 1 0
1556 41 2 0 1
1557 47 14 0 -1
1558 0 35 0 1
1559 46 26 0 1
1560 4 6 0 -1
1561 44 39 1 0
1562 99 12 -1 0
1563 46 19 0 -1
1564 45 28 0 1
1565 70 16 0 1
1566 23 10 0 1
1567 73 16 1 0
1568 11 1 0 -1
1569 41 4 -1 0
1570 43 35 1 0
1571 15 23 -1 0
1572 28 0 -1 0
1573 19 19 0 -1
1574 48 1 -1 0
1575 43 20 0 1
1576 28 24 1 0
1577 14 13 1 0
1578 42 28 -1 0
1579 29 17 1 0
1580 71 0 0 1
1581 95 36 0 -1
1582 26 25 0 -1
1583 99 1 0 1
1584 24 0 1 0
1585 17 24 0 -1
1586 10 17 0 -1
1587 77 8 0 -1
1588 40 1 0 1
1589 69 21 -1 0
1590 51 13 1 0
1591 39 20 -1 0
1592 43 19 0 1
1593 91 4 0 1
1594 82 20 1 0
1595 39 35 -1 0
1596 91 37 1 0
1597 42 26 -1 0
1598 51 17 0 -1
1599 96 11 1 0
1600 57 11 0 1
1601 31 27 1 0
1602 41 37 0 -1
1603 42 13 0 -1
1604 75 31 0 1
1605 41 36 -1 0
1606 88 4 1 0
1607 25 31 0 -1
1608 89 24 -1 0
1609 46 4 -1 0
1610 58 30 -1 0
1611 45 18 -1 0
1612 69 9 -1 0
1613 77 3 1 0
1614 99 5 1 0
1615 12 39 0 -1
1616 50 8 0 -1
1617 8 22 0 1
1618 37 33 0 1
1619 90 23 -1 0
1620 18 16 1 0
1621 24 33 1 0
1622 95 22 0 -1
1623 8 16 -1 0
1624 39 37 1 0
1625 96 11 -1 0
1626 83 35 1 0
1627 74 23 0 -1
1628 19 35 -1 0
1629 22 31 1 0
1630 43 31 0 -1
1631 30 6 0 1
1632 89 6 -1 0
1633 33 19 1 0
1634 23 15 -1 0
1635 95 25 -1 0
1636 37 9 -1 0
1637 75 24 -1 0
1638 32 4 0 -1
1639 18 5 0 1
1640 16 38 1 0
1641 16 21 0 1
1642 39 22 0 1
1643 2 23 0 1
1644 1 28 1 0
1645 5 9 -1 0
1646 13 13 1 0
1647 16 15 0 1
1648 94 26 1 0
1649 32 19 0 -1
1650 26 38 0 -1
1651 3 8 -1 0
1652 24 15 -1 0
1653 54 39 1 0
1654 90 22 1 0
1655 88 22 0 -1
1656 57 18 1 0
1657 92 39 0 1
1658 5 23 0 1
1659 49 24 1 0
1660 22 32 0 -1
1661 68 28 1 0
1662 93 3 0 1
1663 27 9 1 0
1664 25 14 1 0
1665 14 30 1 0
1666 14 36 1 0
1667 43 17 0 -1
1668 99 8 -1 0
1669 29 37 0 1
1670 11 34 0 1
1671 6 10 0 1
1672 30 9 -1 0
1673 34 33 0 -1
1674 14 38 0 -1
1675 80 1 1 0
1676 10 2 0 -1
1677 19 14 0 1
1678 85 34 -1 0
1679 15 34 0 1
1680 84 29 -1 0
1681 36 39 -1 0
1682 69 15 0 1
1683 93 18 0 -1
1684 0 39 0 -1
1685 57 30 0 1
1686 71 5 -1 0
1687 18 22 1 0
1688 36 6 0 1
1689 44 26 0 -1
1690 73 35 0 -1
1691 53 15 0 -1
1692 22 26 1 0
1693 41 0 0 1
1694 83 37 0 -1
1695 26 17 0 -1
1696 57 9 1 0
1697 55 10 0 1
1698 14 6 1 0
1699 92 25 1 0
1700 21 5 1 0
1701 14 36 0 1
1702 42 16 1 0
1703 37 23 -1 0
1704 48 6 0 1
1705 43 38 -1 0
1706 3 11 -1 0
1707 14 4 0 -1
1708 45 32 0 -1
1709 71 1 -1 0
1710 69 19 1 0
1711 98 24 1 0
1712 26 7 0 -1
1713 28 30 1 0
1714 31 7 0 -1
1715 95 4 -1 0
1716 58 3 0 1
1717 81 38 -1 0
1718 35 25 0 -1
1719 45 15 1 0
1720 68 12 -1 0
1721 93 27 1 0
1722 51 5 0 -1
1723 26 18 1 0
1724 44 2 -1 0
1725 36 11 1 0
1726 9 34 -1 0
1727 25 29 1 0
1728 44 35 0 -1
1729 83 22 1 0
1730 56 39 0 1
1731 19 30 0 1
1732 20 28 0 -1
1733 85 28 0 1
1734 44 21 -1 0
1735 99 9 0 1
1736 60 7 0 1
1737 40 19 -1 0
1738 10 13 0 1
1739 39 8 1 0
1740 79 37 1 0
1741 22 5 0 -1
1742 58 8 0 1
1743 23 30 -1 0
1744 20 3 1 0
1745 93 5 0 -1
1746 42 35 1 0
1747 64 13 0 1
1748 20 20 -1 0
1749 52 27 -1 0
1750 30 12 0 -1
1751 84 38 1 0
1752 88 2 -1 0
1753 43 23 -1 0
1754 50 22 1 0
1755 88 17 0 -1
1756 76 34 0 1
1757 12 36 0 1
1758 52 7 0 1
1759 43 37 0 1
1760 47 8 0 1
1761 23 17 1 0
1762 83 3 1 0
1763 87 28 -1 0
1764 17 8 0 1
1765 99 22 0 1
1766 23 28 1 0
1767 19 20 0 1
1768 90 29 0 -1
1769 25 35 0 -1
1770 27 25 0 -1
1771 95 1 0 1
1772 9 0 1 0
1773 0 2 -1 0
1774 21 17 0 -1
1775 94 21 -1 0
1776 43 26 0 1
1777 13 2 1 0
1778 19 33 1 0
1779 12 25 0 1
1780 28 36 0 1
1781 43 38 1 0
1782 34 12 0 -1
1783 46 16 -1 0
1784 64 15 1 0
1785 29 18 0 1
1786 44 24 -1 0
1787 52 5 0 -1
1788 20 37 1 0
1789 77 9 0 1
1790 37 35 1 0
1791 50 9 1 0
1792 89 26 0 1
1793 65 31 0 1
1794 96 2 -1 0
1795 66 2 -1 0
1796 25 4 1 0
1797 38 16 1 0
1798 6 34 0 -1
1799 38 17 0 -1
1800 81 8 -1 0
1801 75 10 0 1
1802 1 26 1 0
1803 78 38 -1 0
1804 76 14 0 -1
1805 0 14 1 0
1806 24 37 0 1
1807 90 8 1 0
1808 95 0 1 0
1809 25 25 0 -1
1810 16 35 0 -1
1811 22 16 1 0
1812 15 25 -1 0
1813 1 10 0 1
1814 90 8 0 1
1815 37 2 1 0
1816 90 25 1 0
1817 42 2 0 1
1818 95 4 0 -1
1819 6 26 1 0
1820 91 24 -1 0
1821 25 34 -1 0
1822 36 20 1 0
1823 8 21 1 0
1824 65 14 0 1
1825 45 13 -1 0
1826 48 18 -1 0
1827 88 1 0 1
1828 39 26 1 0
1829 33 19 1 0
1830 4 16 0 -1
1831 44 8 0 -1
1832 54 26 0 -1
1833 58 39 0 -1
1834 88 1 -1 0
1835 60 39 -1 0
1836 24 15 0 -1
1837 40 20 0 -1
1838 71 35 -1 0
1839 42 37 1 0
1840 38 20 1 0
1841 18 3 1 0
1842 90 15 0 -1
1843 53 19 -1 0
1844 31 24 0 1
1845 55 39 0 1
1846 39 32 1 0
1847 88 36 -1 0
1848 44 25 -1 0
1849 75 8 1 0
1850 88 25 0 -1
1851 29 4 -1 0
1852 61 28 0 1
1853 50 37 0 1
1854 12 10 1 0
1855 66 9 0 -1
1856 36 38 0 1
1857 3 38 0 1
1858 5 19 -1 0
1859 13 21 -1 0
1860 27 27 0 1
1861 15 33 1 0
1862 14 38 1 0
1863 84 0 0 1
1864 17 4 -1 0
1865 33 33 0 -1
1866 19 11 -1 0
1867 0 15 -1 0
1868 46 19 0 -1
1869 51 27 -1 0
1870 41 7 -1 0
1871 33 11 -1 0
1872 21 28 1 0
1873 15 16 1 0
1874 27 5 -1 0
1875 84 33 -1 0
1876 33 25 1 0
1877 40 12 0 -1
1878 43 0 1 0
1879 19 7 0 -1
1880 25 21 0 -1
1881 58 11 -1 0
1882 48 7 0 -1
1883 8 6 -1 0
1884 22 25 1 0
1885 9 9 0 -1
1886 41 1 0 -1
1887 46 6 0 -1
1888 46 30 -1 0
1889 63 29 0 -1
1890 3 6 -1 0
1891 57 35 0 1
1892 27 1 -1 0
1893 38 37 -1 0
1894 41 21 0 1
1895 94 36 0 1
1896 37 27 -1 0
1897 49 23 0 1
1898 46 4 0 1
1899 19 12 1 0
1900 6 11 0 -1
1901 87 38 -1 0
1902 89 38 1 0
1903 16 20 1 0
1904 84 11 1 0
1905 1 20 0 1
1906 87 21 1 0
1907 93 12 0 -1
1908 38 25 1 0
1909 26 6 0 1
1910 22 34 1 0
1911 27 38 0 1
1912 82 17 1 0
1913 61 22 1 0
1914 76 28 0 1
1915 24 1 0 -1
1916 88 24 -1 0
1917 40 9 -1 0
1918 94 3 0 1
1919 89 4 1 0
1920 91 6 0 1
1921 48 30 1 0
1922 40 5 1 0
1923 4 15 0 -1
1924 65 39 0 1
1925 45 8 -1 0
1926 2 39 0 -1
1927 91 32 0 -1
1928 47 5 0 1
1929 39 22 1 0
1930 32 26 0 1
1931 45 21 1 0
1932 31 14 -1 0
1933 47 24 0 -1
1934 91 19 0 1
1935 20 26 0 -1
1936 95 14 0 1
1937 42 33 0 -1
1938 33 29 0 -1
1939 12 9 1 0
1940 29 36 0 -1
1941 58 36 0 1
1942 31 23 -1 0
1943 80 35 0 1
1944 21 16 0 1
1945 4 18 0 -1
1946 95 29 1 0
1947 49 3 -1 0
1948 76 25 0 -1
1949 43 2 -1 0
1950 84 26 1 0
1951 42 13 -1 0
1952 79 11 0 -1
1953 2 2 0 1
1954 22 26 0 -1
1955 74 23 1 0
1956 23 36 0 -1
1957 30 13 0 1
1958 72 4 1 0
1959 22 32 0 1
1960 24 36 1 0
1961 83 26 -1 0
1962 11 5 -1 0
1963 18 5 1 0
1964 39 38 -1 0
1965 57 9 -1 0
1966 40 9 0 -1
1967 75 0 -1 0
1968 4 15 0 -1
1969 18 33 1 0
1970 69 18 -1 0
1971 41 3 1 0
1972 94 10 0 -1
1973 47 28 0 -1
1974 4 33 0 1
1975 7 12 1 0
1976 18 36 -1 0
1977 24 30 0 1
1978 13 34 0 -1
1979 80 2 1 0
1980 45 31 0 -1
1981 42 34 -1 0
1982 1 13 1 0
1983 30 26 0 -1
1984 7 15 0 1
1985 48 21 0 1
1986 60 2 1 0
1987 79 5 0 -1
1988 25 5 0 1
1989 71 23 1 0
1990 27 38 0 -1
1991 97 9 0 -1
1992 5 7 0 1
1993 13 35 -1 0
1994 7 8 0 1
1995 26 33 0 -1
1996 37 15 0 -1
1997 21 16 1 0
1998 94 35 -1 0
1999 17 5 1 0
