0 21 11 1 0
1 30 11 -1 0
2 45 38 0 -1
3 81 6 1 0
4 43 10 0 1
5 2 7 1 0
6 91 1 1 0
7 28 26 0 1
8 92 0 -1 0
9 45 2 1 0
10 22 21 1 0
11 76 15 0 -1
12 33 37 0 1
13 8 19 1 0
14 41 15 0 -1
15 25 10 0 -1
16 37 2 0 -1
17 39 8 0 -1
18 41 2 0 1
19 3 15 1 0
20 48 11 0 -1
21 21 35 1 0
22 97 2 0 -1
23 98 30 0 -1
24 10 17 0 -1
25 99 16 -1 0
26 49 28 -1 0
27 15 3 1 0
28 27 38 0 -1
29 15 38 0 1
30 23 36 1 0
31 47 11 0 -1
32 46 5 0 1
33 71 29 0 -1
34 26 9 -1 0
35 49 36 -1 0
36 27 0 1 0
37 12 36 0 -1
38 55 35 0 1
39 74 25 0 -1
40 9 5 0 1
41 28 33 0 1
42 10 12 0 -1
43 53 0 0 1
44 20 20 0 -1
45 40 17 1 0
46 93 4 0 1
47 38 34 0 1
48 54 0 1 0
49 19 39 0 1
50 38 30 -1 0
51 12 10 0 -1
52 90 3 0 -1
53 21 13 1 0
54 39 17 0 -1
55 43 23 0 1
56 91 8 -1 0
57 45 12 -1 0
58 90 36 1 0
59 50 9 0 -1
60 26 11 1 0
61 83 24 0 -1
62 9 34 0 1
63 10 8 -1 0
64 18 13 1 0
65 4 2 0 1
66 10 0 -1 0
67 80 38 -1 0
68 29 35 -1 0
69 46 34 -1 0
70 62 38 0 1
71 39 15 -1 0
72 28 13 1 0
73 93 7 0 1
74 48 13 1 0
75 26 30 0 -1
76 94 29 1 0
77 43 13 1 0
78 47 13 -1 0
79 28 30 1 0
80 34 2 1 0
81 45 21 1 0
82 2 7 -1 0
83 41 30 0 1
84 15 0 1 0
85 19 4 0 1
86 47 31 1 0
87 36 9 -1 0
88 16 19 0 -1
89 34 38 1 0
90 11 15 0 1
91 45 36 1 0
92 80 35 0 1
93 38 23 -1 0
94 5 26 -1 0
95 71 22 1 0
96 85 8 -1 0
97 44 31 0 -1
98 59 21 1 0
99 7 26 -1 0
100 46 37 -1 0
101 75 7 0 -1
102 41 14 1 0
103 15 9 0 -1
104 46 1 0 1
105 12 19 0 -1
106 53 5 -1 0
107 97 14 0 -1
108 21 29 0 -1
109 28 6 -1 0
110 92 30 -1 0
111 87 29 0 -1
112 24 15 0 -1
113 40 30 1 0
114 36 36 1 0
115 88 7 1 0
116 2 0 0 1
117 4 6 0 -1
118 26 31 0 1
119 16 18 1 0
120 25 4 0 -1
121 98 36 0 -1
122 78 3 1 0
123 36 29 0 1
124 65 14 1 0
125 23 0 1 0
126 9 34 0 -1
127 83 34 0 1
128 8 13 0 -1
129 31 17 1 0
130 2 11 1 0
131 37 17 1 0
132 79 6 0 1
133 95 19 0 -1
134 80 14 -1 0
135 13 13 -1 0
136 22 22 -1 0
137 40 8 1 0
138 96 21 0 1
139 95 4 1 0
140 56 28 0 1
141 93 10 -1 0
142 75 9 0 -1
143 46 27 0 1
144 42 8 0 1
145 2 17 -1 0
146 73 20 -1 0
147 41 21 0 1
148 29 38 0 1
149 17 3 1 0
150 10 29 0 -1
151 98 30 -1 0
152 97 21 0 -1
153 42 9 -1 0
154 94 5 0 -1
155 55 28 0 1
156 80 9 1 0
157 88 2 0 -1
158 28 27 0 -1
159 20 35 0 1
160 41 33 0 -1
161 75 35 -1 0
162 5 13 0 -1
163 14 0 -1 0
164 64 39 0 1
165 26 29 0 1
166 28 20 0 1
167 54 37 0 1
168 18 13 1 0
169 40 5 -1 0
170 29 2 0 -1
171 30 8 -1 0
172 72 38 0 1
173 72 36 -1 0
174 1 38 -1 0
175 45 30 -1 0
176 42 16 0 1
177 89 25 1 0
178 97 32 0 1
179 91 3 0 1
180 16 17 0 1
181 0 36 -1 0
182 53 30 0 -1
183 31 9 0 1
184 37 0 1 0
185 22 36 1 0
186 41 31 -1 0
187 65 36 0 -1
188 13 3 0 -1
189 82 13 -1 0
190 40 13 -1 0
191 13 31 0 -1
192 26 1 0 1
193 50 19 1 0
194 43 0 -1 0
195 11 21 1 0
196 50 33 -1 0
197 10 6 1 0
198 17 23 -1 0
199 71 10 -1 0
200 37 33 0 -1
201 26 31 0 1
202 94 34 -1 0
203 61 6 -1 0
204 23 37 0 1
205 8 33 0 -1
206 14 36 0 1
207 70 37 1 0
208 24 35 0 1
209 90 21 -1 0
210 97 39 0 1
211 47 5 -1 0
212 46 28 -1 0
213 42 31 1 0
214 93 31 -1 0
215 63 23 0 -1
216 24 36 1 0
217 37 11 0 1
218 29 5 -1 0
219 37 20 -1 0
220 43 24 0 1
221 41 24 0 -1
222 25 2 1 0
223 21 6 1 0
224 41 3 0 -1
225 26 11 1 0
226 54 13 -1 0
227 98 24 -1 0
228 43 22 0 -1
229 68 15 0 1
230 98 22 -1 0
231 19 20 1 0
232 94 39 0 1
233 27 39 0 -1
234 11 37 -1 0
235 42 0 1 0
236 80 30 1 0
237 33 7 -1 0
238 38 20 1 0
239 20 39 0 1
240 59 34 -1 0
241 13 22 1 0
242 3 26 -1 0
243 22 18 -1 0
244 24 0 -1 0
245 32 20 1 0
246 30 16 -1 0
247 83 25 0 -1
248 37 15 -1 0
249 56 17 1 0
250 73 28 1 0
251 36 13 1 0
252 41 11 1 0
253 16 23 0 1
254 42 29 0 1
255 38 38 0 -1
256 24 31 0 1
257 24 22 -1 0
258 24 17 -1 0
259 29 1 1 0
260 82 30 0 -1
261 27 21 1 0
262 20 21 1 0
263 70 8 0 -1
264 33 24 1 0
265 59 28 0 1
266 53 12 0 -1
267 84 22 0 1
268 74 39 1 0
269 95 8 -1 0
270 44 24 0 1
271 15 7 1 0
272 91 26 0 -1
273 37 21 -1 0
274 1 32 0 1
275 27 2 0 -1
276 66 16 1 0
277 37 1 1 0
278 99 14 0 1
279 61 17 1 0
280 19 3 -1 0
281 29 29 0 1
282 14 11 0 1
283 56 4 0 1
284 20 22 1 0
285 3 7 -1 0
286 95 16 0 -1
287 28 16 1 0
288 40 9 0 -1
289 9 35 1 0
290 57 6 -1 0
291 82 20 0 1
292 70 22 0 -1
293 44 13 0 -1
294 32 15 1 0
295 54 32 0 -1
296 92 8 1 0
297 89 3 -1 0
298 8 17 0 -1
299 18 19 0 1
300 48 21 0 -1
301 42 14 0 -1
302 76 23 0 -1
303 97 17 1 0
304 0 2 1 0
305 71 15 0 -1
306 76 21 1 0
307 39 25 0 -1
308 84 25 0 -1
309 39 11 -1 0
310 15 23 1 0
311 27 9 0 1
312 30 36 0 1
313 63 35 0 1
314 0 6 1 0
315 30 26 1 0
316 39 19 0 1
317 66 1 0 1
318 66 12 -1 0
319 16 21 1 0
320 21 34 0 1
321 42 17 1 0
322 3 32 1 0
323 49 6 0 1
324 27 10 -1 0
325 79 7 0 -1
326 87 3 0 -1
327 35 23 -1 0
328 70 11 1 0
329 31 29 1 0
330 49 38 0 -1
331 75 2 0 1
332 43 4 -1 0
333 86 5 0 1
334 78 37 1 0
335 37 38 0 1
336 52 0 -1 0
337 90 2 0 -1
338 62 12 0 -1
339 9 22 -1 0
340 76 19 0 -1
341 44 34 0 -1
342 27 1 1 0
343 54 0 0 1
344 18 36 -1 0
345 20 2 0 -1
346 15 27 0 -1
347 99 11 0 1
348 86 19 1 0
349 22 5 0 -1
350 60 20 0 -1
351 38 15 1 0
352 87 10 1 0
353 47 38 1 0
354 41 15 0 1
355 27 10 -1 0
356 25 32 -1 0
357 28 19 0 -1
358 55 33 1 0
359 40 24 0 -1
360 18 6 1 0
361 29 32 1 0
362 48 39 1 0
363 9 29 -1 0
364 40 13 -1 0
365 16 26 -1 0
366 89 34 1 0
367 42 32 -1 0
368 56 35 1 0
369 16 5 0 -1
370 79 10 1 0
371 96 20 0 1
372 11 35 1 0
373 84 7 0 1
374 45 14 0 1
375 23 17 -1 0
376 29 11 0 -1
377 96 9 1 0
378 86 34 0 -1
379 6 8 1 0
380 87 4 0 -1
381 81 19 0 1
382 2 15 1 0
383 64 6 0 -1
384 62 1 0 1
385 40 16 1 0
386 48 30 -1 0
387 6 6 -1 0
388 54 5 -1 0
389 41 36 1 0
390 41 1 1 0
391 96 21 -1 0
392 49 24 1 0
393 97 27 0 1
394 23 27 1 0
395 52 28 -1 0
396 80 8 1 0
397 10 1 1 0
398 41 22 1 0
399 43 29 0 -1
400 87 24 1 0
401 6 19 1 0
402 4 39 0 -1
403 62 38 0 1
404 31 30 0 1
405 28 9 0 1
406 17 14 0 -1
407 47 13 0 1
408 40 2 -1 0
409 28 6 1 0
410 94 1 -1 0
411 25 10 0 -1
412 42 21 0 -1
413 24 25 -1 0
414 20 16 0 1
415 93 29 -1 0
416 53 5 0 1
417 88 10 0 -1
418 4 12 0 -1
419 98 7 0 -1
420 44 25 0 1
421 62 20 0 -1
422 38 14 0 -1
423 2 30 0 -1
424 57 24 -1 0
425 38 5 0 1
426 97 9 -1 0
427 51 18 0 -1
428 5 6 1 0
429 0 35 1 0
430 38 10 0 -1
431 98 1 0 1
432 98 28 0 -1
433 40 34 1 0
434 83 21 -1 0
435 26 1 1 0
436 68 5 1 0
437 41 27 0 -1
438 98 37 -1 0
439 44 36 -1 0
440 44 34 -1 0
441 34 38 1 0
442 93 22 0 -1
443 38 1 0 -1
444 45 34 -1 0
445 96 6 0 1
446 64 8 0 -1
447 55 30 0 1
448 30 32 -1 0
449 40 26 0 -1
450 98 15 0 -1
451 49 10 -1 0
452 63 19 0 -1
453 72 23 1 0
454 14 30 -1 0
455 40 3 0 -1
456 43 12 -1 0
457 10 10 0 -1
458 25 6 -1 0
459 74 19 0 1
460 20 23 -1 0
461 38 26 0 1
462 46 4 -1 0
463 84 4 1 0
464 2 37 -1 0
465 23 22 0 1
466 8 9 0 1
467 69 36 0 -1
468 41 8 0 -1
469 82 32 -1 0
470 13 8 -1 0
471 31 14 -1 0
472 43 26 0 1
473 28 0 0 1
474 27 37 1 0
475 42 35 -1 0
476 48 18 -1 0
477 88 9 0 1
478 98 16 1 0
479 58 38 0 -1
480 58 35 0 1
481 27 4 1 0
482 38 24 0 1
483 28 35 0 -1
484 42 13 0 1
485 45 12 1 0
486 85 11 0 1
487 40 39 0 1
488 95 28 -1 0
489 11 1 -1 0
490 39 19 -1 0
491 91 22 0 1
492 2 24 -1 0
493 39 10 1 0
494 69 21 0 -1
495 56 17 0 -1
496 64 22 -1 0
497 87 36 0 -1
498 27 9 -1 0
499 77 10 0 1
500 43 9 -1 0
501 24 38 -1 0
502 37 15 -1 0
503 26 30 1 0
504 13 5 1 0
505 43 21 -1 0
506 27 20 1 0
507 25 14 1 0
508 43 25 -1 0
509 59 16 0 -1
510 39 2 1 0
511 99 37 0 -1
512 97 30 0 -1
513 30 36 0 1
514 42 30 -1 0
515 36 23 0 -1
516 45 36 -1 0
517 5 34 0 1
518 26 18 0 1
519 52 28 1 0
520 27 36 -1 0
521 97 31 0 1
522 40 29 0 1
523 68 11 0 -1
524 15 21 0 1
525 32 3 0 1
526 43 21 0 -1
527 93 12 1 0
528 19 24 1 0
529 68 8 -1 0
530 82 15 -1 0
531 42 4 0 -1
532 61 36 0 -1
533 11 7 0 -1
534 24 39 -1 0
535 91 21 1 0
536 41 22 1 0
537 18 31 0 1
538 39 12 0 -1
539 42 16 0 1
540 67 26 0 1
541 27 12 0 1
542 14 9 1 0
543 43 16 0 1
544 28 10 0 -1
545 40 35 1 0
546 12 5 -1 0
547 27 14 -1 0
548 23 8 0 -1
549 0 22 0 -1
550 69 5 -1 0
551 12 30 -1 0
552 36 38 -1 0
553 22 23 1 0
554 39 38 0 -1
555 49 14 -1 0
556 79 28 -1 0
557 26 0 1 0
558 72 2 -1 0
559 52 36 -1 0
560 64 4 0 -1
561 22 18 1 0
562 21 24 1 0
563 20 23 0 -1
564 65 18 0 1
565 24 9 0 -1
566 58 17 0 -1
567 13 9 0 1
568 2 27 -1 0
569 57 10 0 -1
570 18 29 1 0
571 60 15 1 0
572 0 11 0 -1
573 17 17 1 0
574 40 6 0 1
575 66 5 0 1
576 44 37 0 -1
577 23 2 0 1
578 23 16 0 1
579 40 22 0 -1
580 5 12 1 0
581 51 27 0 1
582 13 0 0 1
583 40 19 1 0
584 86 17 1 0
585 35 3 -1 0
586 57 36 0 -1
587 38 32 -1 0
588 29 36 1 0
589 8 18 1 0
590 85 8 1 0
591 27 10 0 -1
592 6 6 1 0
593 65 38 0 -1
594 25 20 -1 0
595 22 5 0 1
596 42 12 -1 0
597 39 22 0 -1
598 16 12 1 0
599 48 21 0 -1
600 42 26 0 1
601 16 4 0 1
602 85 31 1 0
603 8 31 -1 0
604 39 24 1 0
605 25 25 -1 0
606 15 3 0 1
607 43 39 0 -1
608 12 10 -1 0
609 36 14 1 0
610 74 22 0 -1
611 43 19 0 -1
612 83 26 1 0
613 49 22 -1 0
614 43 2 0 1
615 2 6 0 -1
616 26 10 -1 0
617 35 11 -1 0
618 36 14 -1 0
619 9 1 0 1
620 87 34 0 -1
621 27 22 1 0
622 38 13 0 1
623 38 5 -1 0
624 94 11 0 -1
625 14 28 0 1
626 94 38 1 0
627 70 32 0 -1
628 41 30 1 0
629 44 3 -1 0
630 3 26 0 -1
631 14 36 0 -1
632 12 33 -1 0
633 71 39 -1 0
634 44 19 -1 0
635 16 3 0 1
636 8 16 -1 0
637 13 23 1 0
638 6 24 0 -1
639 92 24 0 -1
640 59 36 -1 0
641 37 11 0 1
642 79 36 0 1
643 85 6 0 -1
644 19 31 1 0
645 77 7 -1 0
646 46 35 -1 0
647 41 12 0 1
648 83 17 0 -1
649 99 22 -1 0
650 47 11 0 -1
651 41 25 -1 0
652 40 18 0 1
653 42 19 0 1
654 71 10 0 -1
655 20 12 -1 0
656 26 12 1 0
657 47 34 1 0
658 57 31 0 -1
659 51 34 -1 0
660 13 22 0 -1
661 72 35 1 0
662 76 7 0 1
663 6 6 -1 0
664 38 37 -1 0
665 47 24 -1 0
666 46 19 1 0
667 41 13 0 1
668 45 21 1 0
669 41 25 0 1
670 48 28 0 -1
671 98 30 0 1
672 30 6 -1 0
673 89 5 0 1
674 47 39 0 -1
675 42 25 0 -1
676 42 17 0 1
677 1 36 0 1
678 33 10 1 0
679 23 27 -1 0
680 26 33 -1 0
681 91 36 0 -1
682 7 24 1 0
683 24 8 1 0
684 15 27 0 1
685 68 5 0 1
686 34 6 0 1
687 33 11 0 1
688 46 10 0 1
689 22 25 1 0
690 49 15 0 1
691 46 36 0 -1
692 39 22 0 1
693 33 16 0 1
694 23 22 0 -1
695 38 11 0 -1
696 87 27 0 -1
697 73 11 0 -1
698 19 6 1 0
699 95 6 0 -1
700 80 20 1 0
701 23 6 0 -1
702 37 29 0 1
703 53 15 0 -1
704 3 23 0 -1
705 8 37 -1 0
706 65 38 0 -1
707 28 21 -1 0
708 36 3 -1 0
709 50 14 1 0
710 60 18 0 1
711 77 28 -1 0
712 97 3 0 1
713 77 7 1 0
714 42 22 1 0
715 90 24 1 0
716 54 19 -1 0
717 78 35 0 -1
718 17 29 0 1
719 6 31 0 1
720 30 19 0 -1
721 64 2 -1 0
722 28 32 0 1
723 88 38 1 0
724 49 7 0 -1
725 37 27 -1 0
726 18 2 0 1
727 88 3 -1 0
728 42 39 -1 0
729 3 10 0 1
730 97 33 -1 0
731 28 35 1 0
732 44 23 -1 0
733 96 20 0 -1
734 24 29 1 0
735 43 29 1 0
736 23 7 1 0
737 75 32 1 0
738 65 23 0 -1
739 12 12 0 -1
740 7 21 0 1
741 5 6 1 0
742 3 29 1 0
743 10 11 0 -1
744 24 1 -1 0
745 25 33 0 1
746 92 39 -1 0
747 64 2 0 1
748 18 30 0 1
749 26 7 0 -1
750 46 2 0 1
751 99 24 0 1
752 45 15 1 0
753 91 26 0 1
754 47 8 0 -1
755 40 9 0 -1
756 10 15 1 0
757 88 8 0 1
758 95 22 -1 0
759 91 2 -1 0
760 43 26 0 1
761 39 7 -1 0
762 33 17 -1 0
763 53 27 0 1
764 30 1 1 0
765 19 25 0 -1
766 72 6 0 1
767 36 25 1 0
768 96 3 -1 0
769 18 36 1 0
770 18 28 1 0
771 5 10 0 1
772 41 27 0 -1
773 47 28 -1 0
774 38 35 0 1
775 91 36 -1 0
776 42 23 0 1
777 12 18 1 0
778 95 31 -1 0
779 75 34 -1 0
780 43 10 -1 0
781 22 35 -1 0
782 16 20 0 1
783 27 30 0 -1
784 81 23 1 0
785 43 26 -1 0
786 28 33 1 0
787 90 15 -1 0
788 91 30 0 -1
789 3 37 1 0
790 25 10 1 0
791 14 27 0 1
792 41 6 -1 0
793 61 39 -1 0
794 80 38 0 -1
795 52 0 -1 0
796 95 11 0 -1
797 79 7 1 0
798 46 25 0 1
799 46 6 0 1
800 41 13 1 0
801 23 18 0 1
802 50 28 -1 0
803 52 10 1 0
804 25 37 0 1
805 85 7 0 -1
806 99 30 0 -1
807 8 13 0 1
808 82 31 -1 0
809 40 32 -1 0
810 28 39 0 1
811 98 34 -1 0
812 34 3 1 0
813 63 23 -1 0
814 6 17 0 -1
815 38 13 -1 0
816 20 10 1 0
817 44 25 0 1
818 43 15 -1 0
819 12 29 0 1
820 28 6 0 1
821 88 23 0 -1
822 37 35 -1 0
823 84 29 -1 0
824 36 10 0 -1
825 23 10 0 -1
826 73 0 0 -1
827 22 38 0 -1
828 97 38 -1 0
829 60 2 0 1
830 40 5 0 -1
831 4 2 0 1
832 11 39 -1 0
833 6 5 -1 0
834 29 3 1 0
835 43 11 -1 0
836 43 16 0 -1
837 41 18 0 -1
838 72 9 -1 0
839 36 4 -1 0
840 40 13 0 1
841 53 21 1 0
842 44 16 1 0
843 51 39 1 0
844 31 29 0 -1
845 68 23 -1 0
846 42 5 0 1
847 13 30 0 -1
848 65 1 -1 0
849 70 38 0 -1
850 96 18 0 -1
851 29 35 -1 0
852 85 23 1 0
853 52 27 0 -1
854 95 4 -1 0
855 41 9 0 1
856 98 38 -1 0
857 99 15 1 0
858 45 7 1 0
859 89 36 0 1
860 13 1 -1 0
861 45 34 0 1
862 25 15 -1 0
863 40 2 1 0
864 20 15 0 1
865 28 33 0 1
866 74 20 1 0
867 26 19 -1 0
868 6 36 -1 0
869 46 3 0 -1
870 44 33 0 1
871 43 0 0 -1
872 3 11 0 1
873 54 32 1 0
874 37 3 0 -1
875 26 32 0 1
876 29 15 1 0
877 70 8 1 0
878 63 5 0 1
879 78 34 0 1
880 80 36 1 0
881 23 32 -1 0
882 18 21 0 -1
883 38 6 0 1
884 85 14 0 1
885 57 26 0 -1
886 8 11 1 0
887 20 7 1 0
888 77 22 0 -1
889 38 18 1 0
890 15 18 -1 0
891 67 32 0 -1
892 42 6 0 -1
893 41 8 0 1
894 87 4 0 1
895 33 3 0 1
896 25 15 1 0
897 43 13 0 -1
898 15 4 -1 0
899 42 37 -1 0
900 25 29 0 1
901 52 8 0 -1
902 37 28 -1 0
903 24 15 0 1
904 85 26 0 1
905 28 22 0 -1
906 10 5 -1 0
907 19 33 -1 0
908 46 32 0 -1
909 12 13 1 0
910 81 2 1 0
911 68 33 1 0
912 39 33 0 -1
913 7 37 0 1
914 36 5 -1 0
915 91 25 0 -1
916 70 7 0 1
917 40 35 0 1
918 43 25 -1 0
919 22 0 0 1
920 58 5 0 -1
921 91 12 0 1
922 40 14 1 0
923 42 33 -1 0
924 41 19 1 0
925 45 17 0 1
926 16 39 0 1
927 85 16 0 1
928 25 21 0 1
929 42 6 1 0
930 43 12 1 0
931 40 17 -1 0
932 52 19 -1 0
933 47 24 1 0
934 32 10 -1 0
935 21 10 0 -1
936 5 26 1 0
937 26 32 1 0
938 61 39 -1 0
939 30 28 0 1
940 40 33 0 -1
941 8 27 0 1
942 18 17 0 -1
943 39 28 -1 0
944 27 0 0 -1
945 98 33 1 0
946 52 17 -1 0
947 88 15 -1 0
948 52 2 1 0
949 39 5 1 0
950 52 21 -1 0
951 50 0 0 -1
952 43 21 0 -1
953 4 35 0 -1
954 62 34 0 -1
955 87 18 0 1
956 76 35 0 -1
957 99 25 0 -1
958 43 6 0 -1
959 37 14 -1 0
960 56 1 -1 0
961 89 2 0 -1
962 38 9 0 1
963 78 1 -1 0
964 26 17 0 1
965 62 19 0 1
966 91 15 -1 0
967 72 20 1 0
968 21 39 0 -1
969 47 35 -1 0
970 32 39 0 -1
971 43 10 0 1
972 4 31 -1 0
973 13 32 -1 0
974 86 18 1 0
975 74 7 1 0
976 47 26 0 1
977 0 16 0 -1
978 10 36 -1 0
979 20 37 0 -1
980 27 30 -1 0
981 82 26 0 -1
982 35 36 0 1
983 98 3 0 1
984 55 2 0 1
985 27 33 0 1
986 21 18 1 0
987 85 12 0 -1
988 67 26 0 1
989 38 12 -1 0
990 37 19 0 -1
991 89 15 0 1
992 37 33 -1 0
993 71 35 -1 0
994 83 0 -1 0
995 42 33 1 0
996 79 13 1 0
997 72 32 0 -1
998 89 29 0 1
999 26 12 0 -1
1000 26 0 -1 0
1001 80 37 0 1
1002 86 7 1 0
1003 40 12 -1 0
1004 30 38 0 -1
1005 72 26 0 1
1006 21 9 0 1
1007 15 20 0 1
1008 83 13 0 -1
1009 27 11 -1 0
1010 39 13 -1 0
1011 26 10 0 1
1012 24 31 0 1
1013 51 29 0 1
1014 80 20 0 1
1015 27 21 1 0
1016 95 22 1 0
1017 51 3 0 -1
1018 50 36 -1 0
1019 28 7 0 -1
1020 38 1 0 -1
1021 66 18 1 0
1022 39 3 1 0
1023 53 14 0 -1
1024 55 0 0 -1
1025 24 36 0 1
1026 16 4 0 1
1027 23 18 1 0
1028 22 23 -1 0
1029 16 5 1 0
1030 78 23 0 -1
1031 42 19 -1 0
1032 84 39 0 1
1033 21 34 1 0
1034 78 31 0 -1
1035 2 8 -1 0
1036 89 19 1 0
1037 41 17 0 -1
1038 59 12 -1 0
1039 42 13 -1 0
1040 39 4 1 0
1041 23 23 1 0
1042 37 29 0 1
1043 32 23 1 0
1044 21 26 -1 0
1045 94 33 -1 0
1046 26 33 -1 0
1047 42 21 -1 0
1048 40 7 -1 0
1049 79 29 1 0
1050 69 3 0 -1
1051 39 38 0 -1
1052 31 30 -1 0
1053 5 32 0 1
1054 14 27 1 0
1055 36 10 -1 0
1056 64 17 -1 0
1057 1 19 -1 0
1058 76 1 -1 0
1059 23 30 0 1
1060 82 12 1 0
1061 77 1 0 1
1062 59 13 -1 0
1063 7 38 -1 0
1064 1 15 -1 0
1065 27 23 1 0
1066 50 24 0 -1
1067 39 6 -1 0
1068 51 22 1 0
1069 43 8 0 1
1070 4 16 -1 0
1071 0 16 1 0
1072 65 5 0 1
1073 90 6 0 -1
1074 44 23 -1 0
1075 47 14 -1 0
1076 44 7 -1 0
1077 96 17 0 -1
1078 15 23 0 -1
1079 27 33 1 0
1080 14 26 1 0
1081 57 27 0 -1
1082 48 35 0 -1
1083 38 22 0 1
1084 27 15 0 -1
1085 15 34 -1 0
1086 30 9 0 1
1087 29 36 0 -1
1088 46 31 1 0
1089 80 35 0 -1
1090 89 16 1 0
1091 6 10 0 1
1092 23 5 0 1
1093 33 26 0 -1
1094 93 20 0 -1
1095 39 13 -1 0
1096 55 30 1 0
1097 86 1 1 0
1098 57 27 1 0
1099 82 39 -1 0
1100 89 20 0 1
1101 6 30 0 -1
1102 19 14 -1 0
1103 34 36 0 -1
1104 38 39 0 -1
1105 29 21 0 1
1106 41 26 1 0
1107 13 4 -1 0
1108 16 27 0 -1
1109 52 27 0 1
1110 42 28 -1 0
1111 39 15 1 0
1112 99 13 1 0
1113 22 20 1 0
1114 18 28 1 0
1115 96 7 -1 0
1116 45 38 -1 0
1117 5 3 -1 0
1118 54 8 1 0
1119 37 25 0 -1
1120 41 2 0 -1
1121 29 23 0 -1
1122 87 14 0 1
1123 76 35 0 -1
1124 41 4 -1 0
1125 42 30 -1 0
1126 42 21 0 -1
1127 0 0 -1 0
1128 13 31 0 1
1129 42 6 0 -1
1130 69 15 -1 0
1131 24 17 1 0
1132 28 30 0 -1
1133 56 16 0 1
1134 4 5 0 1
1135 72 34 0 -1
1136 21 25 1 0
1137 67 28 0 1
1138 23 31 1 0
1139 27 25 0 -1
1140 10 37 0 -1
1141 35 35 0 -1
1142 26 35 1 0
1143 48 7 0 1
1144 51 24 0 1
1145 83 2 0 -1
1146 60 12 -1 0
1147 37 1 0 1
1148 6 32 -1 0
1149 95 30 -1 0
1150 26 33 0 1
1151 32 38 0 1
1152 41 29 -1 0
1153 4 23 -1 0
1154 28 20 0 -1
1155 24 10 1 0
1156 27 35 1 0
1157 14 27 -1 0
1158 28 24 -1 0
1159 57 4 0 -1
1160 47 31 1 0
1161 23 21 0 -1
1162 99 25 1 0
1163 62 21 -1 0
1164 8 32 0 1
1165 33 13 0 1
1166 54 19 0 1
1167 38 28 0 1
1168 41 5 1 0
1169 50 32 1 0
1170 8 0 -1 0
1171 63 35 0 1
1172 82 0 -1 0
1173 79 20 0 -1
1174 51 25 -1 0
1175 35 22 0 1
1176 39 32 -1 0
1177 50 16 -1 0
1178 69 11 0 1
1179 85 7 -1 0
1180 27 20 -1 0
1181 39 32 -1 0
1182 67 6 0 1
1183 56 13 -1 0
1184 46 7 0 -1
1185 42 14 0 -1
1186 63 27 1 0
1187 24 11 1 0
1188 18 6 1 0
1189 10 29 1 0
1190 50 36 -1 0
1191 10 13 0 1
1192 97 2 1 0
1193 91 23 0 -1
1194 24 17 0 -1
1195 16 3 1 0
1196 44 37 0 -1
1197 35 6 0 1
1198 27 13 0 1
1199 54 37 -1 0
1200 1 16 1 0
1201 26 13 0 1
1202 5 5 1 0
1203 29 32 0 1
1204 61 33 1 0
1205 71 7 -1 0
1206 54 28 0 -1
1207 27 32 0 1
1208 16 2 -1 0
1209 80 25 0 1
1210 64 4 0 1
1211 27 37 0 1
1212 45 36 -1 0
1213 55 26 -1 0
1214 90 34 0 -1
1215 44 26 -1 0
1216 27 8 -1 0
1217 40 29 1 0
1218 81 29 0 -1
1219 1 19 -1 0
1220 28 0 0 -1
1221 36 36 0 1
1222 83 32 -1 0
1223 6 11 0 1
1224 1 24 1 0
1225 55 10 0 1
1226 83 16 1 0
1227 42 12 0 1
1228 45 32 0 1
1229 52 22 -1 0
1230 15 18 1 0
1231 69 31 -1 0
1232 92 11 0 1
1233 13 26 1 0
1234 79 26 0 1
1235 79 26 0 -1
1236 23 26 0 1
1237 92 10 0 1
1238 3 2 0 1
1239 36 13 0 1
1240 44 0 0 1
1241 25 24 0 -1
1242 59 27 0 1
1243 22 0 1 0
1244 35 12 -1 0
1245 53 6 -1 0
1246 24 36 0 -1
1247 70 20 1 0
1248 96 8 1 0
1249 23 24 1 0
1250 14 12 0 1
1251 47 20 1 0
1252 14 24 -1 0
1253 71 18 -1 0
1254 18 31 0 -1
1255 50 12 -1 0
1256 45 3 0 1
1257 45 7 -1 0
1258 88 21 0 -1
1259 58 24 1 0
1260 44 12 -1 0
1261 38 9 0 1
1262 5 14 -1 0
1263 0 7 -1 0
1264 62 31 1 0
1265 2 3 -1 0
1266 1 30 1 0
1267 19 6 1 0
1268 27 14 -1 0
1269 19 9 0 -1
1270 41 7 0 -1
1271 42 15 -1 0
1272 42 10 0 1
1273 89 31 0 -1
1274 28 23 1 0
1275 47 8 1 0
1276 73 29 0 -1
1277 45 9 0 1
1278 60 25 0 -1
1279 26 30 0 1
1280 6 17 1 0
1281 47 39 -1 0
1282 90 4 0 1
1283 28 17 1 0
1284 43 24 1 0
1285 39 8 -1 0
1286 22 21 1 0
1287 48 25 -1 0
1288 37 2 0 -1
1289 18 4 0 -1
1290 39 36 0 1
1291 95 31 -1 0
1292 2 38 -1 0
1293 4 21 1 0
1294 39 34 0 -1
1295 40 15 0 1
1296 11 20 -1 0
1297 80 16 1 0
1298 21 15 1 0
1299 3 28 1 0
1300 58 4 1 0
1301 44 11 0 1
1302 81 10 1 0
1303 60 35 -1 0
1304 89 28 1 0
1305 80 39 0 -1
1306 40 8 -1 0
1307 22 30 -1 0
1308 44 32 1 0
1309 44 16 1 0
1310 42 29 1 0
1311 18 4 0 -1
1312 10 32 0 -1
1313 85 14 0 -1
1314 46 2 1 0
1315 44 28 1 0
1316 44 27 0 -1
1317 14 0 0 -1
1318 57 18 -1 0
1319 41 17 0 1
1320 86 17 0 -1
1321 21 32 1 0
1322 3 27 0 -1
1323 39 21 -1 0
1324 98 15 0 -1
1325 19 22 0 -1
1326 26 5 1 0
1327 37 9 0 -1
1328 7 14 -1 0
1329 43 1 -1 0
1330 22 26 0 -1
1331 23 35 -1 0
1332 47 14 -1 0
1333 27 24 0 1
1334 16 12 1 0
1335 95 35 0 1
1336 79 26 1 0
1337 35 14 -1 0
1338 48 20 0 1
1339 52 32 0 -1
1340 0 31 0 -1
1341 60 27 0 1
1342 6 25 0 1
1343 95 7 -1 0
1344 39 10 -1 0
1345 33 27 0 -1
1346 69 15 -1 0
1347 88 21 1 0
1348 58 1 0 1
1349 89 13 -1 0
1350 95 34 -1 0
1351 2 39 0 -1
1352 37 36 0 1
1353 41 16 -1 0
1354 77 9 0 -1
1355 88 25 -1 0
1356 42 28 0 1
1357 23 28 0 -1
1358 19 15 -1 0
1359 20 17 1 0
1360 87 3 0 -1
1361 25 35 -1 0
1362 51 17 0 -1
1363 99 2 1 0
1364 95 30 1 0
1365 87 1 0 1
1366 37 6 -1 0
1367 27 26 0 -1
1368 21 36 0 -1
1369 25 7 0 -1
1370 18 15 0 1
1371 74 27 0 -1
1372 12 37 -1 0
1373 23 28 0 -1
1374 24 24 0 -1
1375 39 11 0 1
1376 61 31 -1 0
1377 78 3 0 -1
1378 71 15 1 0
1379 18 2 0 1
1380 77 36 1 0
1381 21 2 0 -1
1382 78 23 1 0
1383 80 12 0 1
1384 43 34 -1 0
1385 1 2 1 0
1386 43 31 1 0
1387 47 15 0 1
1388 46 30 0 -1
1389 40 21 -1 0
1390 1 7 0 1
1391 19 25 -1 0
1392 39 9 0 1
1393 90 24 1 0
1394 94 24 1 0
1395 17 35 1 0
1396 70 29 0 1
1397 41 6 0 -1
1398 32 6 0 1
1399 42 3 0 -1
1400 21 24 1 0
1401 40 4 1 0
1402 25 4 0 1
1403 39 30 1 0
1404 23 12 1 0
1405 41 14 0 1
1406 16 2 0 -1
1407 45 8 1 0
1408 44 9 -1 0
1409 28 26 0 1
1410 29 13 0 1
1411 53 26 0 -1
1412 20 36 0 -1
1413 89 22 1 0
1414 44 3 -1 0
1415 91 38 0 -1
1416 44 18 1 0
1417 97 36 1 0
1418 88 29 1 0
1419 13 22 1 0
1420 27 28 0 1
1421 46 29 -1 0
1422 26 11 0 1
1423 99 22 1 0
1424 37 0 1 0
1425 28 29 0 -1
1426 48 25 1 0
1427 40 12 -1 0
1428 95 34 0 -1
1429 74 14 -1 0
1430 84 27 0 -1
1431 83 0 -1 0
1432 99 11 0 -1
1433 37 30 0 -1
1434 15 20 0 1
1435 9 23 -1 0
1436 61 15 1 0
1437 37 18 0 -1
1438 41 34 -1 0
1439 26 13 -1 0
1440 23 15 1 0
1441 18 20 -1 0
1442 26 19 0 1
1443 4 14 0 1
1444 43 20 -1 0
1445 78 35 0 1
1446 52 14 0 -1
1447 41 37 1 0
1448 17 21 0 -1
1449 0 13 -1 0
1450 27 0 1 0
1451 16 1 -1 0
1452 30 23 -1 0
1453 37 7 -1 0
1454 45 5 -1 0
1455 16 21 1 0
1456 45 30 -1 0
1457 22 33 -1 0
1458 7 33 -1 0
1459 71 39 0 1
1460 99 29 0 1
1461 24 19 -1 0
1462 27 22 1 0
1463 76 3 1 0
1464 41 30 -1 0
1465 78 12 0 1
1466 45 31 0 1
1467 78 36 0 1
1468 43 11 0 1
1469 21 25 0 -1
1470 2 38 -1 0
1471 43 35 1 0
1472 1 32 1 0
1473 79 11 1 0
1474 18 12 0 1
1475 21 24 0 1
1476 81 30 -1 0
1477 97 38 0 -1
1478 73 7 0 -1
1479 41 35 0 -1
1480 40 37 0 1
1481 27 28 1 0
1482 41 6 0 -1
1483 98 12 -1 0
1484 85 13 0 1
1485 26 6 1 0
1486 39 16 1 0
1487 17 10 -1 0
1488 29 20 0 1
1489 82 5 1 0
1490 89 21 0 1
1491 45 13 -1 0
1492 39 38 0 -1
1493 39 7 -1 0
1494 50 31 1 0
1495 31 34 0 1
1496 75 31 -1 0
1497 14 17 1 0
1498 92 0 1 0
1499 88 30 1 0
1500 7 16 0 -1
1501 3 3 0 -1
1502 38 14 0 -1
1503 37 18 -1 0
1504 40 16 0 1
1505 13 39 0 1
1506 22 13 1 0
1507 26 21 1 0
1508 37 1 1 0
1509 21 0 1 0
1510 98 4 0 -1
1511 92 19 0 -1
1512 20 3 0 1
1513 27 9 0 1
1514 26 7 1 0
1515 53 38 0 -1
1516 82 5 1 0
1517 26 20 1 0
1518 44 0 0 1
1519 22 17 0 1
1520 21 36 -1 0
1521 48 1 -1 0
1522 44 7 0 -1
1523 5 11 0 -1
1524 19 10 1 0
1525 69 1 0 -1
1526 30 33 -1 0
1527 12 8 0 1
1528 70 31 0 -1
1529 77 0 0 1
1530 0 20 1 0
1531 76 3 0 -1
1532 9 0 0 -1
1533 67 28 -1 0
1534 27 6 0 1
1535 55 6 1 0
1536 28 31 1 0
1537 0 22 1 0
1538 58 3 1 0
1539 0 13 0 1
1540 96 8 -1 0
1541 93 14 -1 0
1542 23 2 0 -1
1543 44 5 0 1
1544 49 33 1 0
1545 31 28 1 0
1546 19 14 1 0
1547 31 5 0 1
1548 7 36 -1 0
1549 98 4 0 -1
1550 4 28 -1 0
1551 93 27 -1 0
1552 67 27 1 0
1553 4 11 0 -1
1554 2 8 0 1
1555 39 27 1 0
1556 4 32 -1 0
1557 22 27 1 0
1558 91 20 1 0
1559 0 39 1 0
1560 10 11 0 1
1561 77 1 0 -1
1562 29 10 1 0
1563 46 6 -1 0
1564 19 25 0 -1
1565 93 3 0 1
1566 55 18 0 1
1567 14 0 1 0
1568 31 39 0 1
1569 86 16 0 -1
1570 15 19 1 0
1571 15 16 0 -1
1572 32 32 -1 0
1573 24 27 -1 0
1574 42 4 0 1
1575 40 10 -1 0
1576 12 1 -1 0
1577 23 39 0 1
1578 60 20 -1 0
1579 68 10 0 1
1580 19 38 0 -1
1581 38 29 0 -1
1582 61 7 -1 0
1583 98 9 0 -1
1584 18 20 1 0
1585 22 35 -1 0
1586 49 7 0 1
1587 48 39 0 1
1588 8 37 0 1
1589 47 5 -1 0
1590 16 22 0 1
1591 37 17 0 1
1592 73 22 0 1
1593 80 7 -1 0
1594 78 27 0 -1
1595 43 36 1 0
1596 45 37 0 -1
1597 52 22 0 -1
1598 6 19 1 0
1599 25 11 1 0
1600 77 26 -1 0
1601 31 23 1 0
1602 61 36 0 1
1603 98 16 0 -1
1604 42 20 0 1
1605 93 16 1 0
1606 25 22 -1 0
1607 82 19 -1 0
1608 59 25 0 1
1609 44 21 -1 0
1610 39 35 0 1
1611 27 32 1 0
1612 54 21 0 -1
1613 57 1 -1 0
1614 24 33 0 -1
1615 81 22 0 -1
1616 20 14 0 -1
1617 48 21 0 -1
1618 10 19 0 -1
1619 88 7 0 1
1620 52 25 0 1
1621 39 13 0 -1
1622 41 39 0 1
1623 48 32 -1 0
1624 40 8 0 -1
1625 69 5 0 -1
1626 3 4 -1 0
1627 38 21 -1 0
1628 83 28 1 0
1629 84 36 1 0
1630 40 30 0 1
1631 22 33 1 0
1632 89 2 0 -1
1633 32 4 0 -1
1634 31 27 0 -1
1635 88 27 0 1
1636 44 32 0 -1
1637 42 2 -1 0
1638 33 39 0 -1
1639 13 15 1 0
1640 36 19 1 0
1641 45 39 -1 0
1642 66 10 -1 0
1643 7 30 -1 0
1644 58 33 1 0
1645 20 24 0 -1
1646 85 39 0 1
1647 42 30 1 0
1648 63 24 0 -1
1649 25 17 0 1
1650 26 19 0 1
1651 46 24 0 1
1652 2 32 0 -1
1653 53 13 0 1
1654 25 4 0 1
1655 92 34 0 1
1656 3 9 1 0
1657 46 13 -1 0
1658 63 0 0 1
1659 9 26 0 -1
1660 29 16 0 -1
1661 15 25 1 0
1662 22 39 0 1
1663 80 29 0 -1
1664 9 6 0 1
1665 55 15 0 1
1666 57 5 1 0
1667 42 19 0 -1
1668 0 3 -1 0
1669 20 26 1 0
1670 66 18 -1 0
1671 66 8 -1 0
1672 25 8 0 -1
1673 35 24 0 1
1674 9 39 0 -1
1675 57 19 1 0
1676 23 4 1 0
1677 7 5 0 1
1678 91 37 0 1
1679 24 10 -1 0
1680 88 11 0 -1
1681 35 31 -1 0
1682 87 38 -1 0
1683 60 19 0 1
1684 63 5 0 -1
1685 47 7 0 1
1686 45 39 0 -1
1687 26 21 -1 0
1688 98 7 1 0
1689 19 2 1 0
1690 42 29 0 1
1691 13 15 0 1
1692 23 4 1 0
1693 43 1 -1 0
1694 15 4 0 1
1695 1 10 0 -1
1696 13 21 -1 0
1697 29 34 -1 0
1698 68 36 0 1
1699 26 31 -1 0
1700 88 16 -1 0
1701 42 25 -1 0
1702 81 23 0 -1
1703 64 29 -1 0
1704 49 9 0 -1
1705 19 0 0 1
1706 0 9 1 0
1707 40 17 0 -1
1708 48 25 -1 0
1709 79 14 0 1
1710 37 4 0 1
1711 74 3 -1 0
1712 88 10 1 0
1713 24 32 0 -1
1714 25 7 0 -1
1715 21 31 1 0
1716 98 35 0 1
1717 25 31 0 1
1718 62 1 -1 0
1719 0 37 -1 0
1720 46 8 0 1
1721 38 14 0 -1
1722 42 14 0 1
1723 31 32 0 1
1724 10 24 0 1
1725 37 24 0 -1
1726 27 30 0 -1
1727 81 13 0 -1
1728 44 21 -1 0
1729 43 34 0 -1
1730 74 39 0 -1
1731 36 3 0 1
1732 18 36 0 1
1733 56 5 0 1
1734 58 25 -1 0
1735 42 3 0 -1
1736 5 3 0 -1
1737 40 25 -1 0
1738 7 10 0 -1
1739 40 3 -1 0
1740 20 3 0 1
1741 27 17 -1 0
1742 77 24 0 -1
1743 28 30 0 1
1744 30 12 0 -1
1745 70 34 0 -1
1746 36 4 0 1
1747 36 1 1 0
1748 88 38 0 -1
1749 38 11 -1 0
1750 87 15 -1 0
1751 83 25 0 -1
1752 22 14 1 0
1753 0 7 0 1
1754 91 9 -1 0
1755 15 34 -1 0
1756 42 3 -1 0
1757 92 10 0 1
1758 9 6 0 -1
1759 86 29 1 0
1760 42 22 1 0
1761 46 30 0 -1
1762 17 9 0 1
1763 43 18 -1 0
1764 59 15 0 -1
1765 22 2 0 1
1766 8 37 1 0
1767 32 15 0 -1
1768 71 39 0 -1
1769 91 33 -1 0
1770 90 12 0 -1
1771 41 20 1 0
1772 98 24 0 1
1773 60 32 -1 0
1774 9 9 0 1
1775 99 28 0 1
1776 5 5 0 -1
1777 99 33 -1 0
1778 23 16 0 1
1779 29 35 0 -1
1780 24 33 -1 0
1781 59 12 0 1
1782 35 21 -1 0
1783 95 23 -1 0
1784 42 26 1 0
1785 32 11 1 0
1786 43 34 -1 0
1787 61 6 0 1
1788 44 6 1 0
1789 60 28 -1 0
1790 35 13 -1 0
1791 49 33 0 1
1792 46 20 0 -1
1793 35 32 1 0
1794 43 13 0 -1
1795 44 13 -1 0
1796 75 33 -1 0
1797 56 17 0 -1
1798 89 11 0 -1
1799 6 7 0 -1
1800 42 24 1 0
1801 41 26 0 1
1802 88 10 -1 0
1803 90 30 0 -1
1804 35 31 0 1
1805 39 12 1 0
1806 25 20 0 1
1807 58 8 -1 0
1808 47 17 -1 0
1809 78 37 0 1
1810 27 29 0 1
1811 20 0 1 0
1812 15 27 -1 0
1813 22 4 0 -1
1814 38 31 0 1
1815 95 2 1 0
1816 19 30 0 1
1817 65 5 0 1
1818 14 12 0 1
1819 84 31 1 0
1820 55 12 1 0
1821 25 22 0 -1
1822 17 36 0 1
1823 86 26 -1 0
1824 42 4 1 0
1825 18 29 0 -1
1826 92 6 0 1
1827 16 31 0 -1
1828 37 2 -1 0
1829 31 12 1 0
1830 10 1 -1 0
1831 40 10 -1 0
1832 17 34 0 -1
1833 81 2 -1 0
1834 1 35 0 -1
1835 16 23 -1 0
1836 28 27 1 0
1837 43 9 0 1
1838 8 1 -1 0
1839 45 33 1 0
1840 84 26 -1 0
1841 55 4 1 0
1842 44 30 -1 0
1843 39 14 0 1
1844 28 19 0 1
1845 74 31 1 0
1846 40 11 -1 0
1847 74 4 -1 0
1848 6 35 0 1
1849 18 35 1 0
1850 57 32 0 -1
1851 1 39 0 -1
1852 91 26 0 1
1853 85 31 0 -1
1854 92 27 0 1
1855 78 18 -1 0
1856 36 15 0 -1
1857 99 34 0 1
1858 41 38 -1 0
1859 24 0 1 0
1860 12 13 0 -1
1861 72 39 0 -1
1862 25 1 1 0
1863 19 24 0 1
1864 67 14 0 1
1865 33 25 -1 0
1866 68 5 0 -1
1867 29 18 0 -1
1868 16 22 0 -1
1869 97 11 -1 0
1870 47 3 0 -1
1871 33 3 0 -1
1872 22 23 0 1
1873 82 39 0 1
1874 18 22 -1 0
1875 75 34 0 -1
1876 25 9 1 0
1877 61 0 0 -1
1878 28 28 0 -1
1879 88 7 0 1
1880 16 27 -1 0
1881 38 0 0 1
1882 43 30 0 -1
1883 44 34 -1 0
1884 45 1 0 1
1885 38 6 0 -1
1886 59 20 -1 0
1887 43 36 -1 0
1888 39 33 0 -1
1889 29 27 1 0
1890 57 30 1 0
1891 52 30 0 1
1892 59 15 1 0
1893 46 21 0 -1
1894 39 30 1 0
1895 88 31 0 -1
1896 40 33 0 1
1897 39 15 0 1
1898 39 12 -1 0
1899 85 39 0 -1
1900 25 12 1 0
1901 91 25 1 0
1902 9 16 -1 0
1903 9 22 -1 0
1904 44 11 1 0
1905 59 16 -1 0
1906 86 25 -1 0
1907 41 31 -1 0
1908 20 9 1 0
1909 22 5 0 1
1910 74 16 -1 0
1911 19 19 0 -1
1912 7 0 1 0
1913 92 10 1 0
1914 26 16 1 0
1915 95 15 0 -1
1916 6 38 0 -1
1917 36 8 0 -1
1918 49 19 1 0
1919 1 19 -1 0
1920 39 37 -1 0
1921 99 33 -1 0
1922 40 7 0 1
1923 23 27 0 1
1924 85 5 0 -1
1925 58 18 -1 0
1926 20 21 0 -1
1927 45 14 0 1
1928 60 4 0 -1
1929 15 19 1 0
1930 29 24 -1 0
1931 41 14 -1 0
1932 24 11 0 -1
1933 98 3 0 -1
1934 0 17 0 1
1935 76 10 1 0
1936 94 4 -1 0
1937 19 26 0 -1
1938 33 23 0 -1
1939 58 19 1 0
1940 16 4 0 1
1941 53 22 0 -1
1942 32 0 0 -1
1943 22 16 1 0
1944 63 24 -1 0
1945 14 11 0 -1
1946 63 25 -1 0
1947 44 9 -1 0
1948 98 26 -1 0
1949 43 16 0 1
1950 41 37 0 -1
1951 91 1 -1 0
1952 43 37 1 0
1953 1 31 1 0
1954 26 7 -1 0
1955 39 30 0 1
1956 48 14 0 -1
1957 19 28 0 -1
1958 21 6 -1 0
1959 87 8 0 -1
1960 94 23 -1 0
1961 94 1 0 -1
1962 41 17 0 1
1963 43 30 -1 0
1964 64 30 0 -1
1965 41 22 0 1
1966 18 15 1 0
1967 35 19 -1 0
1968 73 24 1 0
1969 44 12 -1 0
1970 40 11 0 -1
1971 53 25 0 1
1972 40 11 1 0
1973 53 5 -1 0
1974 27 14 0 1
1975 36 3 0 1
1976 40 28 0 -1
1977 9 6 0 1
1978 29 37 0 -1
1979 82 17 1 0
1980 72 5 0 1
1981 44 0 1 0
1982 41 29 0 1
1983 28 38 -1 0
1984 6 16 0 -1
1985 0 4 -1 0
1986 39 31 0 -1
1987 4 17 0 1
1988 75 26 0 -1
1989 69 8 -1 0
1990 92 38 0 -1
1991 29 24 1 0
1992 37 34 1 0
1993 37 5 1 0
1994 37 25 0 1
1995 93 24 1 0
1996 75 23 0 -1
1997 29 10 -1 0
1998 5 38 0 1
1999 22 25 -1 0
2000 44 1 -1 0
2001 8 28 0 -1
2002 22 16 0 1
2003 92 35 0 1
2004 90 14 -1 0
2005 50 7 0 1
2006 26 28 0 1
2007 75 7 0 -1
2008 86 35 1 0
2009 42 38 0 -1
2010 46 32 1 0
2011 11 3 1 0
2012 40 23 0 1
2013 26 20 1 0
2014 42 1 -1 0
2015 15 11 -1 0
2016 47 38 -1 0
2017 24 20 1 0
2018 58 19 0 -1
2019 86 14 0 1
2020 26 32 0 -1
2021 22 27 1 0
2022 14 35 0 -1
2023 20 25 -1 0
2024 25 18 -1 0
2025 30 23 1 0
2026 96 35 0 1
2027 56 6 0 -1
2028 85 30 1 0
2029 8 5 -1 0
2030 32 37 0 -1
2031 12 14 -1 0
2032 39 21 -1 0
2033 25 11 0 -1
2034 39 35 0 1
2035 86 1 0 1
2036 19 17 0 1
2037 93 30 0 -1
2038 67 26 1 0
2039 69 36 1 0
2040 58 5 1 0
2041 27 13 -1 0
2042 59 24 0 -1
2043 39 8 0 1
2044 66 16 1 0
2045 79 27 0 -1
2046 40 18 0 -1
2047 23 28 0 -1
2048 73 25 0 -1
2049 37 0 -1 0
2050 75 38 1 0
2051 36 23 1 0
2052 37 36 0 -1
2053 22 13 0 -1
2054 27 13 0 1
2055 67 14 0 1
2056 47 17 1 0
2057 29 36 0 -1
2058 25 25 -1 0
2059 20 19 -1 0
2060 74 31 -1 0
2061 99 30 -1 0
2062 67 14 0 -1
2063 67 35 0 -1
2064 27 36 1 0
2065 14 19 -1 0
2066 2 12 0 1
2067 69 2 1 0
2068 68 33 0 1
2069 43 22 0 -1
2070 96 29 0 -1
2071 27 39 0 1
2072 25 9 0 -1
2073 35 36 0 -1
2074 29 29 0 1
2075 48 30 1 0
2076 22 29 1 0
2077 89 33 0 -1
2078 90 4 0 1
2079 40 15 -1 0
2080 37 18 0 1
2081 59 4 0 -1
2082 31 13 1 0
2083 78 11 -1 0
2084 19 20 0 1
2085 52 27 0 -1
2086 1 11 0 -1
2087 75 29 0 -1
2088 26 28 0 -1
2089 52 5 1 0
2090 3 32 0 1
2091 16 16 0 1
2092 30 34 -1 0
2093 39 37 0 1
2094 44 9 0 1
2095 6 27 1 0
2096 46 11 -1 0
2097 0 17 0 1
2098 23 2 -1 0
2099 53 3 1 0
2100 7 26 0 1
2101 11 0 -1 0
2102 12 35 -1 0
2103 23 20 0 1
2104 15 15 -1 0
2105 44 26 0 1
2106 92 4 0 1
2107 28 21 0 -1
2108 13 11 -1 0
2109 21 1 -1 0
2110 46 21 -1 0
2111 67 20 -1 0
2112 44 21 -1 0
2113 71 14 1 0
2114 25 17 0 1
2115 51 33 0 -1
2116 50 25 1 0
2117 34 33 -1 0
2118 38 10 0 1
2119 20 11 0 1
2120 84 12 0 -1
2121 16 30 0 -1
2122 82 32 -1 0
2123 9 28 1 0
2124 48 33 0 1
2125 70 28 -1 0
2126 99 38 -1 0
2127 87 6 1 0
2128 87 8 0 1
2129 96 35 1 0
2130 2 9 0 -1
2131 50 0 0 -1
2132 77 37 0 -1
2133 10 15 1 0
2134 44 35 0 -1
2135 88 33 0 -1
2136 75 18 0 -1
2137 1 34 0 -1
2138 41 33 1 0
2139 44 15 -1 0
2140 52 21 -1 0
2141 96 30 0 -1
2142 62 30 -1 0
2143 41 36 0 -1
2144 30 13 0 1
2145 26 3 -1 0
2146 50 8 -1 0
2147 54 3 0 1
2148 39 17 1 0
2149 91 27 0 -1
2150 0 14 0 1
2151 22 8 0 1
2152 12 35 1 0
2153 52 30 0 1
2154 2 24 1 0
2155 90 13 -1 0
2156 8 16 0 -1
2157 21 23 -1 0
2158 9 5 -1 0
2159 78 18 0 1
2160 92 22 1 0
2161 43 19 -1 0
2162 4 26 -1 0
2163 97 15 1 0
2164 21 33 0 -1
2165 41 37 0 -1
2166 86 9 0 1
2167 22 28 0 1
2168 79 12 1 0
2169 12 7 1 0
2170 12 37 1 0
2171 73 27 0 -1
2172 37 3 1 0
2173 79 38 -1 0
2174 93 3 1 0
2175 45 5 0 -1
2176 12 32 1 0
2177 30 39 0 1
2178 32 26 0 -1
2179 2 38 0 -1
2180 27 31 0 -1
2181 23 20 1 0
2182 21 14 0 1
2183 77 18 0 1
2184 75 11 1 0
2185 27 4 -1 0
2186 16 12 0 1
2187 29 19 0 1
2188 41 36 0 1
2189 38 9 0 1
2190 86 11 0 1
2191 0 11 1 0
2192 12 0 -1 0
2193 64 4 0 1
2194 20 5 0 1
2195 94 31 -1 0
2196 11 2 0 1
2197 50 2 0 1
2198 51 17 -1 0
2199 29 15 1 0
2200 67 37 1 0
2201 28 2 0 -1
2202 55 2 0 -1
2203 27 26 0 1
2204 94 21 0 -1
2205 55 33 0 -1
2206 36 25 0 1
2207 45 16 0 -1
2208 37 15 0 1
2209 35 26 -1 0
2210 8 11 1 0
2211 56 14 -1 0
2212 59 10 0 -1
2213 33 9 1 0
2214 85 33 -1 0
2215 35 39 0 1
2216 46 1 -1 0
2217 2 7 0 -1
2218 89 34 -1 0
2219 38 6 0 1
2220 4 15 0 1
2221 74 39 -1 0
2222 44 8 0 1
2223 53 1 -1 0
2224 5 22 1 0
2225 43 12 1 0
2226 5 26 0 1
2227 55 1 0 -1
2228 28 0 0 -1
2229 30 36 0 1
2230 7 32 1 0
2231 44 33 -1 0
2232 47 0 0 -1
2233 83 8 -1 0
2234 27 25 0 -1
2235 42 15 0 -1
2236 43 30 -1 0
2237 73 17 0 -1
2238 21 6 -1 0
2239 37 7 0 -1
2240 21 15 0 -1
2241 24 21 -1 0
2242 19 30 0 -1
2243 41 29 0 1
2244 20 3 1 0
2245 41 35 0 1
2246 17 37 0 -1
2247 29 12 0 -1
2248 66 25 0 -1
2249 29 39 0 -1
2250 4 15 -1 0
2251 29 34 0 1
2252 40 16 0 1
2253 38 13 0 1
2254 7 39 0 -1
2255 27 33 0 -1
2256 28 34 0 1
2257 43 4 0 -1
2258 81 36 -1 0
2259 27 18 1 0
2260 24 26 0 1
2261 20 15 0 -1
2262 45 27 0 -1
2263 28 28 0 1
2264 39 9 1 0
2265 25 38 -1 0
2266 32 36 1 0
2267 90 10 1 0
2268 43 15 0 1
2269 26 20 0 -1
2270 63 32 -1 0
2271 34 1 0 -1
2272 27 32 0 1
2273 24 10 1 0
2274 5 37 0 -1
2275 67 24 0 1
2276 98 3 1 0
2277 15 0 -1 0
2278 45 13 1 0
2279 44 14 -1 0
2280 17 1 -1 0
2281 65 37 -1 0
2282 72 15 0 -1
2283 87 26 1 0
2284 1 35 0 -1
2285 76 13 0 1
2286 28 9 -1 0
2287 8 29 0 -1
2288 39 39 1 0
2289 95 35 -1 0
2290 22 37 -1 0
2291 31 36 1 0
2292 11 24 0 -1
2293 40 34 1 0
2294 79 33 1 0
2295 13 15 -1 0
2296 37 12 1 0
2297 31 29 0 -1
2298 80 37 0 -1
2299 62 23 0 1
2300 91 2 0 -1
2301 83 33 1 0
2302 12 5 0 1
2303 42 23 -1 0
2304 36 14 1 0
2305 32 4 1 0
2306 28 13 1 0
2307 90 11 1 0
2308 85 11 1 0
2309 49 30 -1 0
2310 36 23 0 1
2311 19 30 -1 0
2312 37 32 1 0
2313 67 20 -1 0
2314 25 18 0 1
2315 0 28 -1 0
2316 19 26 -1 0
2317 76 24 1 0
2318 12 31 0 -1
2319 56 27 1 0
2320 4 18 -1 0
2321 34 12 -1 0
2322 28 21 0 -1
2323 41 2 -1 0
2324 22 9 -1 0
2325 20 14 0 -1
2326 38 21 -1 0
2327 18 19 1 0
2328 45 16 0 -1
2329 56 30 1 0
2330 0 10 -1 0
2331 91 11 0 1
2332 27 39 1 0
2333 40 3 0 -1
2334 21 2 0 -1
2335 17 13 -1 0
2336 14 23 -1 0
2337 73 12 1 0
2338 93 39 1 0
2339 13 13 0 -1
2340 43 0 0 1
2341 5 38 1 0
2342 31 22 0 -1
2343 96 12 -1 0
2344 25 5 0 -1
2345 24 14 0 1
2346 22 13 -1 0
2347 87 5 0 1
2348 11 17 1 0
2349 28 23 0 -1
2350 18 32 -1 0
2351 28 19 0 1
2352 24 6 -1 0
2353 46 10 0 -1
2354 41 31 0 -1
2355 1 34 0 -1
2356 88 9 1 0
2357 37 19 0 -1
2358 37 17 0 1
2359 30 35 1 0
2360 44 25 0 -1
2361 21 26 0 -1
2362 95 1 0 1
2363 37 21 -1 0
2364 28 25 0 -1
2365 72 29 -1 0
2366 3 24 -1 0
2367 19 10 -1 0
2368 16 19 -1 0
2369 87 34 0 1
2370 90 35 -1 0
2371 43 7 0 -1
2372 17 38 -1 0
2373 18 17 0 1
2374 22 26 0 -1
2375 58 27 1 0
2376 17 10 1 0
2377 30 11 0 -1
2378 38 12 0 -1
2379 34 33 0 -1
2380 4 12 0 1
2381 23 38 1 0
2382 16 24 0 1
2383 27 29 0 1
2384 46 21 0 1
2385 21 5 0 1
2386 45 25 -1 0
2387 12 36 0 -1
2388 3 28 0 -1
2389 22 26 0 -1
2390 32 17 0 -1
2391 95 8 0 1
2392 47 27 1 0
2393 39 36 1 0
2394 37 14 0 1
2395 46 22 1 0
2396 37 5 0 -1
2397 30 20 0 -1
2398 30 31 0 -1
2399 21 33 0 -1
2400 1 25 1 0
2401 58 9 -1 0
2402 53 7 0 -1
2403 50 16 0 1
2404 41 3 0 -1
2405 26 39 0 -1
2406 42 16 1 0
2407 68 16 0 -1
2408 43 29 0 1
2409 17 9 0 1
2410 19 20 1 0
2411 81 4 0 -1
2412 8 36 1 0
2413 99 3 0 1
2414 57 3 0 1
2415 84 13 0 -1
2416 9 0 0 1
2417 37 30 -1 0
2418 48 29 1 0
2419 37 23 0 -1
2420 58 8 0 -1
2421 98 27 -1 0
2422 95 32 -1 0
2423 29 27 -1 0
2424 40 12 1 0
2425 26 26 1 0
2426 38 37 0 1
2427 22 15 0 1
2428 13 24 0 -1
2429 80 27 1 0
2430 44 37 0 -1
2431 48 36 1 0
2432 82 23 0 1
2433 55 26 0 1
2434 4 0 0 -1
2435 52 6 -1 0
2436 40 14 0 1
2437 74 10 1 0
2438 87 15 0 1
2439 16 27 0 1
2440 15 31 0 1
2441 44 11 -1 0
2442 74 2 0 -1
2443 74 14 -1 0
2444 36 11 1 0
2445 19 3 1 0
2446 54 28 1 0
2447 56 26 1 0
2448 44 36 -1 0
2449 86 11 0 1
2450 53 15 -1 0
2451 46 0 1 0
2452 29 30 0 -1
2453 39 37 0 -1
2454 92 39 0 -1
2455 78 4 1 0
2456 95 12 0 -1
2457 42 13 -1 0
2458 19 17 1 0
2459 27 29 -1 0
2460 41 34 -1 0
2461 52 35 0 1
2462 58 2 0 -1
2463 32 4 0 -1
2464 41 3 -1 0
2465 36 36 1 0
2466 87 30 -1 0
2467 3 26 0 1
2468 99 12 1 0
2469 28 36 0 -1
2470 36 18 0 1
2471 82 22 0 -1
2472 75 11 1 0
2473 64 9 -1 0
2474 61 10 1 0
2475 87 32 0 1
2476 87 29 0 -1
2477 43 8 1 0
2478 87 12 0 -1
2479 83 34 0 -1
2480 38 1 0 1
2481 31 33 0 1
2482 39 16 0 -1
2483 40 20 -1 0
2484 29 14 1 0
2485 74 18 1 0
2486 18 17 0 -1
2487 91 0 0 1
2488 25 6 0 1
2489 72 38 -1 0
2490 42 37 -1 0
2491 23 6 -1 0
2492 24 32 1 0
2493 28 34 0 -1
2494 2 21 -1 0
2495 44 5 1 0
2496 39 33 1 0
2497 94 1 -1 0
2498 44 39 1 0
2499 18 32 1 0
2500 42 18 0 1
2501 24 34 0 -1
2502 25 39 0 1
2503 96 27 0 1
2504 28 36 0 -1
2505 4 15 0 1
2506 43 20 0 -1
2507 82 39 0 1
2508 42 18 0 1
2509 61 35 1 0
2510 22 8 0 1
2511 72 6 -1 0
2512 99 27 1 0
2513 20 36 0 -1
2514 83 11 1 0
2515 43 27 1 0
2516 43 2 0 1
2517 47 10 0 -1
2518 65 18 0 -1
2519 39 36 -1 0
2520 96 30 0 -1
2521 89 37 0 1
2522 20 32 -1 0
2523 71 16 0 1
2524 30 7 1 0
2525 2 17 0 -1
2526 75 4 0 -1
2527 40 27 -1 0
2528 30 15 1 0
2529 9 21 1 0
2530 39 21 1 0
2531 73 24 0 -1
2532 13 11 0 1
2533 29 8 0 1
2534 15 21 -1 0
2535 82 17 1 0
2536 49 28 -1 0
2537 37 19 0 -1
2538 50 15 1 0
2539 25 26 0 -1
2540 82 6 -1 0
2541 54 15 -1 0
2542 7 37 1 0
2543 28 27 1 0
2544 88 8 1 0
2545 97 39 0 -1
2546 96 31 1 0
2547 3 33 1 0
2548 42 38 -1 0
2549 3 39 0 1
2550 31 22 0 1
2551 28 16 -1 0
2552 39 9 1 0
2553 77 26 0 -1
2554 43 38 -1 0
2555 55 9 0 1
2556 47 38 0 1
2557 30 37 -1 0
2558 7 3 1 0
2559 20 4 0 -1
2560 24 34 1 0
2561 44 32 -1 0
2562 61 19 0 -1
2563 14 15 0 1
2564 42 18 1 0
2565 1 8 -1 0
2566 55 4 0 -1
2567 74 10 1 0
2568 21 14 0 -1
2569 33 18 0 -1
2570 43 14 -1 0
2571 94 31 1 0
2572 27 26 0 1
2573 20 23 0 -1
2574 76 14 0 -1
2575 64 14 0 1
2576 44 39 -1 0
2577 46 10 -1 0
2578 23 13 -1 0
2579 47 11 -1 0
2580 45 32 -1 0
2581 79 18 1 0
2582 75 37 1 0
2583 96 7 -1 0
2584 44 12 0 1
2585 53 10 -1 0
2586 28 12 -1 0
2587 79 30 -1 0
2588 7 17 0 -1
2589 17 15 0 -1
2590 72 19 0 1
2591 89 26 0 -1
2592 23 7 0 -1
2593 72 18 -1 0
2594 72 38 0 -1
2595 12 35 0 1
2596 3 35 -1 0
2597 7 15 0 1
2598 5 16 0 -1
2599 24 27 0 -1
2600 28 36 1 0
2601 82 2 1 0
2602 25 32 -1 0
2603 10 19 -1 0
2604 75 14 1 0
2605 21 13 0 -1
2606 34 16 0 -1
2607 6 5 1 0
2608 2 22 0 -1
2609 7 19 -1 0
2610 23 21 1 0
2611 47 30 1 0
2612 3 16 1 0
2613 19 15 1 0
2614 9 27 1 0
2615 6 18 -1 0
2616 27 21 0 1
2617 9 30 0 1
2618 30 37 1 0
2619 31 37 0 1
2620 23 33 0 1
2621 4 30 0 1
2622 30 26 1 0
2623 45 33 -1 0
2624 45 2 -1 0
2625 47 19 1 0
2626 44 36 0 1
2627 34 15 -1 0
2628 97 28 -1 0
2629 36 35 0 -1
2630 23 22 1 0
2631 82 17 0 -1
2632 29 14 1 0
2633 42 32 0 1
2634 52 15 0 1
2635 31 11 0 -1
2636 6 25 1 0
2637 16 8 -1 0
2638 29 4 -1 0
2639 46 14 0 1
2640 54 31 1 0
2641 46 37 0 -1
2642 10 17 0 -1
2643 28 7 1 0
2644 48 17 -1 0
2645 42 26 0 -1
2646 68 39 0 -1
2647 20 25 0 1
2648 1 6 0 1
2649 30 27 0 1
2650 25 31 -1 0
2651 63 3 0 -1
2652 68 9 1 0
2653 19 33 1 0
2654 75 23 1 0
2655 97 16 0 -1
2656 34 4 0 -1
2657 42 25 -1 0
2658 35 39 1 0
2659 92 24 0 -1
2660 37 33 0 -1
2661 38 22 -1 0
2662 12 32 0 1
2663 37 13 0 1
2664 7 2 -1 0
2665 28 20 0 1
2666 71 19 -1 0
2667 15 15 0 -1
2668 48 29 -1 0
2669 54 26 1 0
2670 16 30 1 0
2671 29 7 0 -1
2672 84 5 -1 0
2673 0 39 1 0
2674 96 18 -1 0
2675 25 20 -1 0
2676 11 16 1 0
2677 55 5 -1 0
2678 20 19 0 -1
2679 12 31 1 0
2680 80 19 -1 0
2681 38 10 1 0
2682 23 20 0 1
2683 11 14 1 0
2684 26 34 0 1
2685 6 16 -1 0
2686 69 0 1 0
2687 48 27 0 -1
2688 77 20 0 1
2689 31 24 -1 0
2690 28 18 0 1
2691 81 15 0 1
2692 88 27 0 1
2693 36 22 1 0
2694 94 8 1 0
2695 2 13 0 -1
2696 78 1 -1 0
2697 37 5 -1 0
2698 52 22 1 0
2699 79 7 -1 0
2700 82 36 0 1
2701 39 10 1 0
2702 65 5 1 0
2703 22 25 0 1
2704 22 1 1 0
2705 47 8 1 0
2706 14 37 1 0
2707 40 10 1 0
2708 80 36 1 0
2709 92 29 -1 0
2710 96 2 0 1
2711 63 39 -1 0
2712 10 19 0 -1
2713 49 15 1 0
2714 2 26 1 0
2715 30 10 -1 0
2716 56 23 -1 0
2717 19 33 -1 0
2718 94 30 -1 0
2719 27 28 -1 0
2720 72 18 1 0
2721 52 24 0 1
2722 45 37 1 0
2723 22 31 0 -1
2724 79 36 1 0
2725 54 25 0 1
2726 44 35 0 1
2727 38 11 0 -1
2728 58 17 0 1
2729 50 18 -1 0
2730 40 37 0 1
2731 42 15 1 0
2732 55 20 0 1
2733 28 34 1 0
2734 43 22 1 0
2735 67 3 -1 0
2736 78 32 1 0
2737 40 32 -1 0
2738 22 35 0 -1
2739 26 3 -1 0
2740 33 0 1 0
2741 59 28 0 -1
2742 98 32 -1 0
2743 95 32 0 -1
2744 22 9 -1 0
2745 59 9 0 -1
2746 15 4 0 -1
2747 93 19 1 0
2748 42 12 1 0
2749 94 34 0 1
2750 28 22 0 -1
2751 20 21 0 1
2752 43 19 0 1
2753 20 36 0 1
2754 87 1 0 1
2755 95 27 -1 0
2756 36 15 0 -1
2757 48 38 -1 0
2758 40 5 0 1
2759 23 31 -1 0
2760 16 22 1 0
2761 84 18 0 -1
2762 80 31 1 0
2763 42 20 0 1
2764 88 29 0 1
2765 28 31 0 -1
2766 50 27 0 -1
2767 28 4 0 1
2768 5 15 0 -1
2769 55 10 0 -1
2770 8 17 1 0
2771 47 0 0 -1
2772 51 17 0 1
2773 94 38 0 -1
2774 38 12 1 0
2775 23 31 1 0
2776 48 29 0 -1
2777 2 31 -1 0
2778 18 24 1 0
2779 94 30 -1 0
2780 59 8 0 -1
2781 28 35 -1 0
2782 87 31 -1 0
2783 97 1 0 1
2784 0 5 0 1
2785 25 21 -1 0
2786 94 35 1 0
2787 53 19 1 0
2788 38 21 0 -1
2789 81 32 0 1
2790 36 33 0 1
2791 63 18 -1 0
2792 45 37 1 0
2793 13 23 -1 0
2794 78 10 0 -1
2795 25 15 1 0
2796 2 23 -1 0
2797 49 35 1 0
2798 78 2 0 1
2799 27 12 0 1
