0 22 27 -1 0
1 28 27 0 1
2 29 28 0 -1
3 32 8 0 1
4 35 8 -1 0
5 36 9 0 1
6 27 33 0 1
7 18 12 0 1
8 24 34 1 0
9 18 17 1 0
10 18 22 0 -1
11 2 39 -1 0
12 19 22 0 -1
13 26 6 0 1
14 30 10 0 -1
15 26 23 0 1
16 18 19 0 -1
17 17 12 1 0
18 21 29 0 -1
19 16 15 1 0
20 26 36 -1 0
21 27 15 0 -1
22 24 11 0 1
23 25 38 1 0
24 36 3 -1 0
25 19 22 1 0
26 22 15 -1 0
27 22 22 -1 0
28 19 21 -1 0
29 17 21 0 -1
30 23 22 0 -1
31 27 22 -1 0
32 27 8 -1 0
33 24 6 0 -1
34 39 0 0 -1
35 33 8 1 0
36 25 20 -1 0
37 19 12 1 0
38 28 38 0 1
39 20 27 0 -1
40 16 18 1 0
41 19 11 0 1
42 36 8 0 1
43 26 8 0 -1
44 27 39 0 1
45 24 24 0 1
46 30 0 1 0
47 22 7 1 0
48 32 9 0 -1
49 23 18 -1 0
50 25 23 0 1
51 26 33 0 -1
52 33 0 1 0
53 24 35 -1 0
54 22 26 0 1
55 19 23 0 -1
56 26 25 0 1
57 28 25 -1 0
58 24 37 1 0
59 24 0 1 0
60 25 19 1 0
61 25 27 -1 0
62 21 12 0 1
63 24 11 0 -1
64 27 1 0 -1
65 36 2 -1 0
66 29 37 1 0
67 20 19 1 0
68 17 17 0 1
69 25 22 0 -1
70 18 16 0 -1
71 21 23 -1 0
72 23 18 0 1
73 23 24 -1 0
74 30 1 0 1
75 18 19 -1 0
76 20 19 -1 0
77 21 21 0 1
78 31 32 0 -1
79 14 18 1 0
80 24 33 0 -1
81 22 35 1 0
82 27 4 -1 0
83 24 30 1 0
84 26 13 -1 0
85 26 5 0 1
86 22 28 -1 0
87 26 14 -1 0
88 31 8 -1 0
89 31 39 0 1
90 28 12 0 1
91 19 15 -1 0
92 28 2 0 -1
93 20 1 0 1
94 29 10 0 -1
95 20 17 -1 0
96 31 5 1 0
97 13 16 0 1
98 15 16 0 1
99 35 11 0 -1
100 21 9 0 1
101 25 25 1 0
102 28 33 1 0
103 23 19 0 1
104 25 26 1 0
105 26 11 0 1
106 26 26 0 1
107 22 10 0 1
108 17 14 1 0
109 26 25 -1 0
110 26 20 -1 0
111 26 28 1 0
112 23 22 0 -1
113 31 10 1 0
114 33 11 0 -1
115 33 2 0 -1
116 24 28 0 -1
117 18 20 1 0
118 24 8 0 -1
119 24 38 1 0
120 28 29 1 0
121 33 0 1 0
122 27 11 -1 0
123 24 4 1 0
124 26 38 -1 0
125 26 3 0 1
126 26 30 -1 0
127 14 36 0 -1
128 30 2 0 -1
129 21 35 0 -1
130 30 33 -1 0
131 27 12 0 -1
132 25 15 -1 0
133 27 25 1 0
134 31 3 -1 0
135 28 8 0 -1
136 32 8 0 -1
137 31 1 0 1
138 34 4 0 -1
139 24 15 -1 0
140 21 11 0 1
141 35 21 0 -1
142 22 19 -1 0
143 18 24 0 -1
144 30 31 -1 0
145 30 9 1 0
146 38 19 1 0
147 25 7 0 1
148 26 7 1 0
149 32 20 -1 0
150 28 28 0 -1
151 29 4 0 -1
152 21 24 0 1
153 28 5 -1 0
154 24 35 -1 0
155 35 0 0 1
156 23 10 -1 0
157 24 20 1 0
158 36 10 -1 0
159 27 8 1 0
160 17 13 0 1
161 24 19 -1 0
162 24 8 1 0
163 19 14 0 -1
164 22 15 1 0
165 25 23 0 -1
166 20 9 0 -1
167 22 34 1 0
168 37 30 0 1
169 33 9 0 -1
170 32 5 0 1
171 21 26 -1 0
172 32 29 0 -1
173 20 12 0 -1
174 20 15 0 -1
175 23 25 1 0
176 19 8 1 0
177 19 20 1 0
178 33 9 0 -1
179 23 21 1 0
180 26 33 0 1
181 18 11 0 1
182 32 0 1 0
183 26 15 0 -1
184 26 9 -1 0
185 29 2 0 -1
186 28 25 -1 0
187 19 25 0 -1
188 28 13 -1 0
189 18 25 0 -1
190 24 33 0 -1
191 26 14 1 0
192 23 8 -1 0
193 29 39 0 -1
194 19 14 0 1
195 23 17 -1 0
196 26 10 -1 0
197 30 31 0 -1
198 33 6 -1 0
199 21 24 0 1
200 31 38 0 1
201 34 3 -1 0
202 27 0 0 1
203 27 20 -1 0
204 31 6 0 1
205 20 13 0 -1
206 31 4 1 0
207 24 6 -1 0
208 28 11 -1 0
209 27 1 0 -1
210 27 30 0 1
211 27 30 -1 0
212 23 13 1 0
213 28 0 1 0
214 33 39 -1 0
215 25 38 0 -1
216 20 9 1 0
217 22 26 0 -1
218 5 24 0 1
219 8 36 -1 0
220 24 18 -1 0
221 27 14 0 -1
222 28 32 0 1
223 20 18 1 0
224 26 35 0 1
225 13 38 -1 0
226 22 12 0 1
227 34 6 -1 0
228 31 4 -1 0
229 24 24 1 0
230 21 36 0 -1
231 23 11 1 0
232 28 29 0 -1
233 17 12 1 0
234 29 11 -1 0
235 24 5 1 0
236 22 22 0 1
237 15 15 0 1
238 26 39 0 -1
239 26 5 -1 0
240 27 0 0 -1
241 17 19 -1 0
242 19 11 0 1
243 27 35 -1 0
244 18 17 1 0
245 25 32 1 0
246 20 24 0 1
247 21 6 1 0
248 34 1 0 -1
249 26 1 1 0
250 2 21 1 0
251 22 13 -1 0
252 34 10 1 0
253 34 9 0 1
254 22 21 1 0
255 23 26 1 0
256 26 4 0 -1
257 21 22 0 -1
258 19 19 0 1
259 24 31 1 0
260 23 5 0 1
261 23 35 1 0
262 21 15 0 -1
263 30 6 0 1
264 27 24 0 1
265 29 7 0 1
266 18 11 0 1
267 16 15 1 0
268 20 8 0 1
269 22 30 0 -1
270 21 26 -1 0
271 7 37 1 0
272 35 4 -1 0
273 26 25 1 0
274 17 22 0 -1
275 23 33 1 0
276 32 0 1 0
277 31 3 0 -1
278 19 4 0 -1
279 21 8 0 1
280 35 5 0 -1
281 37 19 0 -1
282 7 3 0 -1
283 24 18 -1 0
284 22 18 0 1
285 28 4 1 0
286 35 10 -1 0
287 13 15 0 1
288 23 23 1 0
289 19 13 -1 0
290 24 0 1 0
291 22 28 1 0
292 22 12 0 1
293 17 14 0 1
294 27 37 0 1
295 30 8 0 1
296 30 1 1 0
297 30 29 0 1
298 26 8 -1 0
299 30 39 0 1
300 22 5 0 1
301 21 23 1 0
302 26 11 0 -1
303 25 21 0 1
304 27 20 0 1
305 30 28 -1 0
306 12 16 1 0
307 31 8 0 -1
308 21 13 1 0
309 34 18 -1 0
310 31 0 1 0
311 23 33 0 -1
312 25 5 0 1
313 29 8 -1 0
314 36 3 -1 0
315 26 37 1 0
316 25 23 -1 0
317 16 1 0 1
318 24 25 0 1
319 25 7 -1 0
320 27 21 -1 0
321 27 5 -1 0
322 22 16 0 -1
323 24 36 0 1
324 14 16 0 1
325 27 36 0 -1
326 25 32 0 -1
327 24 6 0 -1
328 21 14 -1 0
329 32 10 0 -1
330 25 28 0 -1
331 23 7 1 0
332 18 12 0 -1
333 20 16 1 0
334 22 11 0 -1
335 23 24 1 0
336 19 13 -1 0
337 14 19 0 -1
338 15 20 1 0
339 15 9 -1 0
340 25 39 0 -1
341 23 20 -1 0
342 20 14 -1 0
343 33 39 1 0
344 26 6 0 1
345 35 2 -1 0
346 20 25 1 0
347 28 24 0 1
348 27 6 -1 0
349 19 19 1 0
350 1 17 -1 0
351 16 3 0 1
352 18 12 0 1
353 32 2 0 -1
354 23 27 0 1
355 25 35 -1 0
356 23 29 0 -1
357 29 7 1 0
358 31 16 -1 0
359 19 17 -1 0
360 25 30 0 1
361 30 37 -1 0
362 26 0 0 -1
363 31 30 -1 0
364 31 33 -1 0
365 21 14 0 1
366 25 26 1 0
367 31 5 0 1
368 21 28 0 -1
369 25 29 0 1
370 24 27 -1 0
371 25 12 -1 0
372 30 6 1 0
373 25 15 -1 0
374 22 25 0 1
375 15 8 1 0
376 36 23 -1 0
377 27 38 0 -1
378 20 21 0 -1
379 16 19 -1 0
380 32 27 0 -1
381 27 12 1 0
382 5 39 0 1
383 34 8 0 1
384 20 8 0 -1
385 29 37 1 0
386 27 13 0 1
387 35 9 1 0
388 31 10 0 -1
389 23 32 0 1
390 33 8 0 -1
391 28 8 -1 0
392 27 0 -1 0
393 25 4 1 0
394 26 5 1 0
395 19 15 -1 0
396 35 1 0 1
397 24 19 0 1
398 25 22 0 -1
399 38 25 0 -1
400 23 15 1 0
401 18 21 -1 0
402 22 24 1 0
403 21 14 -1 0
404 17 17 -1 0
405 3 23 -1 0
406 30 0 -1 0
407 34 28 0 1
408 32 9 0 -1
409 33 6 0 1
410 31 31 0 1
411 24 25 0 1
412 28 2 0 -1
413 24 28 1 0
414 34 1 -1 0
415 28 32 0 1
416 20 25 0 -1
417 6 23 1 0
418 26 4 -1 0
419 27 37 1 0
420 18 15 0 -1
421 25 29 0 -1
422 26 7 -1 0
423 22 13 0 1
424 15 15 1 0
425 20 21 -1 0
426 30 29 0 1
427 26 13 0 1
428 22 20 1 0
429 25 30 0 1
430 28 35 -1 0
431 12 32 0 -1
432 18 14 0 1
433 29 38 0 1
434 32 3 0 -1
435 18 25 0 -1
436 28 6 -1 0
437 24 7 0 1
438 36 5 -1 0
439 21 28 1 0
440 30 0 0 1
441 21 29 0 -1
442 21 11 0 1
443 19 8 0 1
444 24 28 0 -1
445 28 32 0 1
446 12 0 0 1
447 32 4 0 -1
448 33 3 -1 0
449 32 5 0 -1
450 29 11 -1 0
451 19 20 0 -1
452 28 1 0 -1
453 39 23 1 0
454 12 18 0 -1
455 29 30 1 0
456 29 9 1 0
457 25 8 -1 0
458 35 8 1 0
459 27 39 0 1
460 22 21 1 0
461 34 0 -1 0
462 14 18 1 0
463 22 15 0 1
464 29 4 0 -1
465 28 6 0 1
466 26 26 1 0
467 24 14 1 0
468 29 30 1 0
469 23 24 -1 0
470 24 31 1 0
471 36 8 0 1
472 29 28 -1 0
473 20 26 1 0
474 25 0 1 0
475 24 36 0 1
476 8 31 0 -1
477 28 34 -1 0
478 27 10 -1 0
479 23 12 0 -1
480 29 33 1 0
481 31 30 -1 0
482 30 8 -1 0
483 19 18 1 0
484 17 18 1 0
485 32 2 1 0
486 35 8 0 1
487 36 2 -1 0
488 37 32 0 1
489 23 19 -1 0
490 17 24 1 0
491 30 30 0 -1
492 25 13 1 0
493 24 25 -1 0
494 20 26 1 0
495 12 28 0 1
496 31 7 1 0
497 34 6 -1 0
498 24 23 0 -1
499 29 29 0 1
500 27 17 0 -1
501 27 28 1 0
502 25 20 -1 0
503 35 0 0 1
504 23 9 -1 0
505 22 17 -1 0
506 23 14 -1 0
507 26 31 0 1
508 22 18 1 0
509 17 16 0 -1
510 21 28 0 1
511 29 30 0 1
512 22 34 1 0
513 34 3 -1 0
514 22 34 1 0
515 18 23 0 1
516 35 4 0 -1
517 28 31 -1 0
518 31 37 -1 0
519 30 3 1 0
520 27 27 -1 0
521 34 5 0 -1
522 30 38 1 0
523 23 15 1 0
524 1 22 -1 0
525 21 9 1 0
526 34 39 0 1
527 24 20 1 0
528 22 20 -1 0
529 26 24 -1 0
530 17 13 0 1
531 24 35 1 0
532 22 17 0 1
533 29 26 -1 0
534 26 32 0 1
535 26 27 0 -1
536 28 39 1 0
537 25 26 -1 0
538 23 34 0 -1
539 23 27 0 -1
540 36 7 0 1
541 31 1 0 -1
542 26 19 -1 0
543 30 33 -1 0
544 25 4 1 0
545 25 5 -1 0
546 33 5 -1 0
547 27 30 1 0
548 20 22 -1 0
549 22 9 0 1
550 25 10 1 0
551 26 12 -1 0
552 34 10 0 -1
553 26 9 -1 0
554 18 18 -1 0
555 23 34 1 0
556 13 17 1 0
557 25 10 1 0
558 23 9 0 -1
559 35 7 0 1
560 27 7 -1 0
561 17 20 0 -1
562 29 6 0 1
563 29 34 0 -1
564 27 5 -1 0
565 28 2 0 -1
566 33 6 -1 0
567 28 38 0 -1
568 24 38 1 0
569 24 26 0 1
570 26 1 1 0
571 28 28 -1 0
572 27 13 0 -1
573 18 13 1 0
574 19 26 0 -1
575 21 21 1 0
576 22 9 0 -1
577 35 9 1 0
578 32 1 0 -1
579 31 0 -1 0
580 28 37 0 1
581 22 5 0 1
582 25 36 1 0
583 26 13 -1 0
584 17 15 1 0
585 15 17 0 -1
586 18 22 1 0
587 25 1 1 0
588 17 21 1 0
589 26 29 0 -1
590 32 39 0 1
591 34 9 1 0
592 24 8 0 -1
593 23 20 0 1
594 30 34 0 -1
595 30 4 0 -1
596 23 31 1 0
597 22 10 0 -1
598 24 3 1 0
599 16 9 -1 0
600 29 29 -1 0
601 33 5 -1 0
602 28 37 0 1
603 28 26 0 1
604 23 10 -1 0
605 27 2 0 -1
606 23 6 1 0
607 30 2 0 1
608 23 16 0 -1
609 24 29 0 -1
610 13 18 1 0
611 33 3 -1 0
612 6 4 -1 0
613 36 11 0 -1
614 24 30 0 1
615 25 34 0 -1
616 24 4 1 0
617 20 18 -1 0
618 24 7 1 0
619 34 8 -1 0
620 22 9 0 -1
621 16 21 1 0
622 29 0 0 1
623 25 24 -1 0
624 32 31 0 -1
625 33 9 1 0
626 29 12 -1 0
627 29 32 -1 0
628 23 18 0 1
629 32 6 0 -1
630 18 24 0 -1
631 24 19 0 -1
632 26 21 0 -1
633 14 16 0 1
634 30 33 -1 0
635 30 3 0 1
636 20 25 1 0
637 24 13 1 0
638 36 7 0 1
639 31 6 1 0
640 25 27 0 -1
641 34 11 1 0
642 25 25 0 -1
643 29 14 1 0
644 21 24 0 -1
645 21 29 0 -1
646 27 19 -1 0
647 24 12 0 1
648 30 7 0 1
649 25 5 1 0
650 21 22 0 1
651 31 37 0 1
652 27 12 0 -1
653 32 7 1 0
654 26 12 1 0
655 24 22 -1 0
656 22 14 -1 0
657 26 22 -1 0
658 36 11 0 -1
659 24 27 0 -1
660 26 39 0 -1
661 25 7 0 -1
662 30 29 0 1
663 21 8 0 1
664 25 35 1 0
665 23 29 0 -1
666 29 27 0 1
667 31 2 1 0
668 26 15 0 -1
669 22 19 0 1
670 19 24 1 0
671 25 14 0 -1
672 31 37 -1 0
673 28 36 0 1
674 29 5 0 -1
675 24 26 -1 0
676 29 8 0 1
677 23 35 1 0
678 20 7 0 1
679 22 11 -1 0
680 25 12 0 1
681 26 20 0 1
682 33 7 0 -1
683 23 25 0 -1
684 27 7 0 1
685 34 10 -1 0
686 30 7 1 0
687 20 24 1 0
688 24 39 0 -1
689 21 19 1 0
690 23 4 0 1
691 22 33 0 1
692 29 29 -1 0
693 21 34 1 0
694 15 17 0 1
695 24 23 -1 0
696 31 8 0 -1
697 16 2 1 0
698 26 10 -1 0
699 25 0 1 0
700 22 29 0 -1
701 27 4 0 1
702 34 0 -1 0
703 6 39 -1 0
704 28 8 0 1
705 31 9 1 0
706 19 21 0 -1
707 28 12 0 1
708 16 20 -1 0
709 30 39 0 -1
710 8 19 -1 0
711 24 27 0 -1
712 30 3 -1 0
713 29 2 0 1
714 27 36 0 1
715 29 39 -1 0
716 23 28 0 1
717 26 34 0 1
718 22 19 -1 0
719 25 24 -1 0
720 18 24 0 -1
721 20 23 0 1
722 21 30 -1 0
723 25 33 0 -1
724 26 35 1 0
725 32 2 0 1
726 27 33 0 1
727 31 6 0 1
728 28 31 0 1
729 16 14 1 0
730 29 3 0 1
731 24 4 0 1
732 28 29 1 0
733 25 32 0 -1
734 29 26 0 1
735 26 4 0 1
736 26 24 0 1
737 26 33 0 -1
738 33 8 1 0
739 26 6 -1 0
740 20 13 -1 0
741 24 32 0 -1
742 24 20 1 0
743 21 10 0 1
744 21 15 1 0
745 27 26 -1 0
746 20 7 0 1
747 25 11 1 0
748 27 32 0 1
749 21 27 0 -1
750 21 21 1 0
751 25 31 0 1
752 26 39 0 -1
753 21 15 0 -1
754 21 27 0 -1
755 29 1 0 -1
756 22 22 1 0
757 28 13 -1 0
758 23 4 0 1
759 15 15 0 1
760 33 4 0 -1
761 29 1 1 0
762 28 27 0 -1
763 23 20 0 1
764 22 25 0 1
765 17 20 0 -1
766 32 39 1 0
767 32 17 -1 0
768 19 16 -1 0
769 32 30 0 -1
770 17 18 0 -1
771 18 15 1 0
772 24 34 1 0
773 22 21 0 -1
774 30 30 -1 0
775 25 21 0 -1
776 31 32 -1 0
777 25 39 0 1
778 19 13 -1 0
779 25 25 -1 0
780 24 33 -1 0
781 14 19 1 0
782 20 11 0 1
783 29 0 -1 0
784 20 8 0 -1
785 29 38 -1 0
786 19 22 1 0
787 27 11 0 -1
788 33 13 -1 0
789 25 19 0 1
790 31 29 0 1
791 15 18 -1 0
792 29 5 0 -1
793 19 12 0 1
794 20 11 0 1
795 28 0 0 -1
796 31 33 -1 0
797 27 34 1 0
798 34 4 -1 0
799 33 10 0 -1
800 26 38 -1 0
801 19 21 -1 0
802 32 10 0 -1
803 27 27 0 1
804 11 28 0 -1
805 32 7 -1 0
806 35 1 0 1
807 19 14 0 1
808 35 10 -1 0
809 24 21 1 0
810 34 2 0 1
811 13 17 0 -1
812 30 32 1 0
813 25 8 -1 0
814 33 38 0 1
815 12 12 0 1
816 27 25 0 1
817 31 39 0 1
818 28 27 0 1
819 26 8 -1 0
820 23 25 -1 0
821 29 13 -1 0
822 18 17 -1 0
823 17 12 1 0
824 33 10 1 0
825 26 21 0 1
826 31 3 0 1
827 20 16 0 1
828 31 4 1 0
829 26 30 0 1
830 25 9 0 1
831 36 11 0 -1
832 33 1 1 0
833 20 14 1 0
834 24 21 1 0
835 27 7 0 -1
836 26 32 -1 0
837 19 26 0 -1
838 28 1 1 0
839 33 2 -1 0
840 28 30 -1 0
841 20 6 0 1
842 27 38 -1 0
843 26 3 1 0
844 21 35 0 -1
845 16 18 1 0
846 24 18 -1 0
847 31 31 -1 0
848 21 30 0 -1
849 26 0 1 0
850 33 11 0 -1
851 21 18 1 0
852 27 31 0 -1
853 17 16 -1 0
854 28 6 0 1
855 30 37 0 1
856 23 4 0 1
857 29 36 0 1
858 25 12 1 0
859 20 15 0 -1
860 18 14 0 -1
861 28 7 -1 0
862 21 30 0 -1
863 28 39 1 0
864 19 24 0 -1
865 18 21 -1 0
866 25 37 0 1
867 33 24 0 -1
868 24 9 -1 0
869 16 17 0 1
870 16 39 0 -1
871 24 10 1 0
872 29 10 0 1
873 25 6 0 1
874 18 31 1 0
875 22 16 -1 0
876 37 30 0 -1
877 30 10 0 -1
878 22 6 1 0
879 24 24 0 1
880 25 15 0 -1
881 26 27 0 1
882 29 32 0 1
883 27 34 1 0
884 19 16 0 1
885 25 9 -1 0
886 24 9 0 -1
887 24 30 0 1
888 33 1 1 0
889 23 36 0 -1
890 28 11 0 1
891 30 9 0 1
892 31 2 0 1
893 34 2 0 -1
894 28 9 0 1
895 28 11 -1 0
896 27 27 0 -1
897 29 5 0 -1
898 20 11 1 0
899 38 5 -1 0
900 25 29 0 1
901 26 34 1 0
902 20 26 1 0
903 33 0 0 1
904 23 3 0 1
905 23 15 0 -1
906 35 2 0 1
907 25 35 -1 0
908 30 4 -1 0
909 28 15 1 0
910 24 5 1 0
911 33 11 0 -1
912 25 6 1 0
913 23 5 -1 0
914 33 7 0 1
915 18 18 0 1
916 14 15 0 1
917 39 23 1 0
918 35 10 -1 0
919 20 20 1 0
920 32 3 1 0
921 27 15 0 -1
922 29 11 -1 0
923 18 10 0 1
924 29 34 0 -1
925 22 29 0 -1
926 26 24 0 1
927 28 10 1 0
928 20 24 0 -1
929 16 19 -1 0
930 24 13 0 -1
931 24 3 1 0
932 27 13 0 -1
933 34 39 -1 0
934 17 19 0 -1
935 26 12 0 -1
936 21 17 0 1
937 25 37 0 -1
938 25 22 -1 0
939 28 3 0 -1
940 28 28 -1 0
941 33 1 -1 0
942 27 39 1 0
943 24 12 1 0
944 17 21 1 0
945 28 33 0 -1
946 32 9 0 -1
947 25 11 0 1
948 19 23 0 1
949 31 33 -1 0
950 36 10 -1 0
951 18 13 1 0
952 19 23 1 0
953 19 38 0 1
954 18 11 0 1
955 21 18 1 0
956 35 1 -1 0
957 34 2 0 1
958 19 18 0 -1
959 29 9 0 -1
960 28 26 -1 0
961 24 29 1 0
962 25 34 1 0
963 21 19 0 1
964 22 26 -1 0
965 14 17 0 -1
966 28 1 -1 0
967 23 12 0 1
968 27 25 1 0
969 32 4 1 0
970 32 1 0 -1
971 14 16 1 0
972 19 9 1 0
973 16 14 1 0
974 25 31 0 1
975 31 9 -1 0
976 29 7 0 1
977 16 0 0 -1
978 2 10 -1 0
979 20 12 1 0
980 26 37 -1 0
981 24 23 0 1
982 34 39 0 1
983 21 19 0 1
984 38 23 1 0
985 33 3 0 -1
986 25 30 -1 0
987 25 13 -1 0
988 29 32 0 -1
989 2 18 0 -1
990 25 31 -1 0
991 36 9 -1 0
992 22 27 0 1
993 15 18 0 1
994 21 16 -1 0
995 27 26 0 1
996 29 38 -1 0
997 20 16 -1 0
998 39 11 -1 0
999 30 4 -1 0
1000 24 12 1 0
1001 26 19 0 1
1002 28 25 -1 0
1003 28 30 -1 0
1004 22 13 -1 0
1005 33 4 0 1
1006 21 13 0 -1
1007 27 33 1 0
1008 18 23 0 1
1009 26 2 1 0
1010 14 18 0 1
1011 24 36 1 0
1012 24 21 1 0
1013 27 29 0 1
1014 35 2 0 -1
1015 29 9 0 -1
1016 29 27 0 1
1017 16 18 0 1
1018 25 38 1 0
1019 37 8 -1 0
1020 25 9 0 -1
1021 23 13 0 -1
1022 32 7 1 0
1023 33 4 1 0
1024 26 27 0 -1
1025 27 28 -1 0
1026 32 6 0 1
1027 16 17 1 0
1028 19 9 1 0
1029 34 6 -1 0
1030 24 38 1 0
1031 28 31 0 -1
1032 18 14 0 -1
1033 23 28 0 1
1034 22 7 0 -1
1035 32 11 0 -1
1036 25 3 1 0
1037 23 28 1 0
1038 23 30 1 0
1039 25 8 -1 0
1040 21 10 0 1
1041 32 20 0 1
1042 28 12 -1 0
1043 24 9 0 -1
1044 30 10 0 -1
1045 17 15 1 0
1046 14 19 1 0
1047 31 1 0 -1
1048 36 12 0 -1
1049 24 13 0 -1
1050 34 8 -1 0
1051 27 37 -1 0
1052 30 32 1 0
1053 36 1 -1 0
1054 37 5 -1 0
1055 33 2 1 0
1056 21 25 -1 0
1057 20 20 1 0
1058 26 15 -1 0
1059 19 25 0 -1
1060 28 0 1 0
1061 29 36 0 1
1062 32 6 1 0
1063 25 27 0 -1
1064 28 13 -1 0
1065 26 20 -1 0
1066 17 17 1 0
1067 23 36 0 -1
1068 15 19 0 -1
1069 19 25 1 0
1070 28 26 0 -1
1071 18 21 0 -1
1072 26 38 1 0
1073 19 18 0 1
1074 19 12 0 1
1075 27 31 -1 0
1076 28 3 1 0
1077 20 22 -1 0
1078 22 14 0 1
1079 24 5 1 0
1080 22 20 0 1
1081 36 4 -1 0
1082 30 38 0 1
1083 34 0 0 -1
1084 24 22 0 -1
1085 23 7 0 1
1086 25 21 1 0
1087 17 16 -1 0
1088 18 20 0 -1
1089 24 15 0 -1
1090 23 32 0 1
1091 22 6 1 0
1092 27 32 -1 0
1093 26 35 0 1
1094 31 10 1 0
1095 15 19 0 1
1096 14 17 0 1
1097 16 20 0 -1
1098 22 8 0 -1
1099 21 17 0 1
1100 16 15 1 0
1101 15 20 0 -1
1102 20 18 0 -1
1103 29 27 -1 0
1104 24 32 1 0
1105 23 37 1 0
1106 23 26 0 -1
1107 29 3 0 -1
1108 26 9 0 1
1109 24 14 0 -1
1110 24 31 0 1
1111 36 10 0 -1
1112 24 14 -1 0
1113 21 18 -1 0
1114 31 31 0 -1
1115 29 0 0 -1
1116 29 31 1 0
1117 31 7 1 0
1118 21 9 1 0
1119 26 0 0 1
1120 19 15 0 -1
1121 34 7 0 1
1122 30 7 0 1
1123 18 19 0 1
1124 25 33 0 1
1125 26 37 0 -1
1126 23 9 0 -1
1127 13 16 1 0
1128 15 16 -1 0
1129 13 17 0 -1
1130 27 32 0 -1
1131 25 6 0 -1
1132 23 6 -1 0
1133 27 9 1 0
1134 26 29 -1 0
1135 22 14 -1 0
1136 29 31 1 0
1137 34 29 0 -1
1138 27 31 1 0
1139 22 17 0 -1
1140 26 1 1 0
1141 25 3 0 1
1142 23 23 0 -1
1143 33 10 -1 0
1144 29 33 1 0
1145 16 35 1 0
1146 30 1 0 -1
1147 37 36 0 -1
1148 21 13 0 -1
1149 7 16 1 0
1150 28 36 -1 0
1151 35 11 0 -1
1152 23 21 1 0
1153 25 14 -1 0
1154 31 39 0 1
1155 15 17 1 0
1156 25 39 0 1
1157 17 19 0 -1
1158 25 0 1 0
1159 23 23 1 0
1160 20 7 0 1
1161 25 14 0 1
1162 26 26 1 0
1163 29 13 -1 0
1164 22 11 1 0
1165 27 9 0 1
1166 25 34 0 -1
1167 25 28 1 0
1168 25 24 0 1
1169 33 7 0 1
1170 26 2 1 0
1171 20 29 1 0
1172 13 18 0 -1
1173 35 3 -1 0
1174 30 2 1 0
1175 28 7 -1 0
1176 25 10 0 -1
1177 22 23 0 1
1178 18 15 1 0
1179 32 11 1 0
1180 22 16 -1 0
1181 15 20 0 -1
1182 20 17 -1 0
1183 19 35 0 -1
1184 28 37 0 1
1185 23 35 1 0
1186 35 11 0 -1
1187 16 16 -1 0
1188 25 1 1 0
1189 22 24 -1 0
1190 28 14 -1 0
1191 25 20 0 1
1192 29 31 0 -1
1193 21 16 0 -1
1194 19 6 0 -1
1195 16 16 1 0
1196 25 18 -1 0
1197 19 20 0 1
1198 37 9 -1 0
1199 20 12 -1 0
1200 21 34 1 0
1201 28 33 0 1
1202 17 18 -1 0
1203 30 30 -1 0
1204 27 35 -1 0
1205 26 10 0 1
1206 17 24 1 0
1207 23 6 0 1
1208 31 0 0 1
1209 33 39 0 1
1210 30 38 -1 0
1211 32 8 1 0
1212 23 16 0 -1
1213 18 16 1 0
1214 19 24 0 1
1215 15 36 0 -1
1216 31 30 -1 0
1217 26 32 1 0
1218 17 14 1 0
1219 19 19 -1 0
1220 26 7 0 1
1221 30 9 0 -1
1222 22 8 1 0
1223 18 18 0 -1
1224 24 10 0 -1
1225 22 24 -1 0
1226 21 11 0 1
1227 27 38 0 -1
1228 20 14 0 -1
1229 22 27 0 1
1230 23 26 0 -1
1231 36 8 -1 0
1232 21 25 0 1
1233 36 39 -1 0
1234 24 37 1 0
1235 27 34 1 0
1236 18 20 0 -1
1237 27 2 0 -1
1238 26 34 1 0
1239 23 32 0 1
1240 26 31 1 0
1241 22 25 0 -1
1242 4 7 1 0
1243 22 28 1 0
1244 27 4 0 1
1245 35 3 0 -1
1246 36 21 0 1
1247 15 19 0 1
1248 32 0 0 1
1249 20 19 1 0
1250 30 37 1 0
1251 24 32 1 0
1252 13 16 1 0
1253 24 34 0 -1
1254 28 35 -1 0
1255 27 8 1 0
1256 23 10 0 1
1257 34 1 0 1
1258 27 29 1 0
1259 30 32 1 0
1260 23 33 0 -1
1261 25 13 1 0
1262 35 4 -1 0
1263 26 36 0 1
1264 35 0 0 1
1265 27 26 0 1
1266 29 1 1 0
1267 25 33 1 0
1268 32 5 0 -1
1269 24 11 -1 0
1270 34 38 0 1
1271 25 4 0 -1
1272 35 3 -1 0
1273 28 7 1 0
1274 16 16 -1 0
1275 28 3 0 -1
1276 28 9 1 0
1277 26 29 0 -1
1278 22 8 0 1
1279 29 37 0 1
1280 21 20 0 1
1281 25 1 1 0
1282 27 28 -1 0
1283 16 31 0 -1
1284 23 11 1 0
1285 23 8 1 0
1286 26 28 0 -1
1287 27 20 -1 0
1288 27 36 -1 0
1289 21 27 0 -1
1290 26 19 -1 0
1291 27 29 -1 0
1292 15 18 0 1
1293 34 3 0 -1
1294 21 20 1 0
1295 0 31 0 1
1296 21 26 1 0
1297 19 10 0 1
1298 30 39 0 -1
1299 28 10 0 1
1300 24 22 0 1
1301 33 5 0 -1
1302 29 13 -1 0
1303 23 14 1 0
1304 6 10 -1 0
1305 26 21 0 -1
1306 23 5 0 1
1307 24 37 1 0
1308 27 14 0 -1
1309 21 17 1 0
1310 16 19 -1 0
1311 32 4 -1 0
1312 28 30 0 -1
1313 27 6 -1 0
1314 23 13 1 0
1315 22 12 -1 0
1316 36 1 -1 0
1317 32 10 0 1
1318 22 7 0 -1
1319 32 11 1 0
1320 34 4 0 -1
1321 31 34 0 -1
1322 23 34 0 -1
1323 24 15 0 -1
1324 19 10 1 0
1325 15 16 0 1
1326 27 2 1 0
1327 3 15 0 1
1328 31 7 0 1
1329 26 31 -1 0
1330 23 22 1 0
1331 31 2 0 -1
1332 27 6 0 -1
1333 23 29 0 -1
1334 21 20 0 1
1335 25 19 0 1
1336 22 23 0 -1
1337 29 2 -1 0
1338 36 9 0 1
1339 29 3 0 -1
1340 30 27 -1 0
1341 18 16 1 0
1342 25 28 0 -1
1343 29 10 0 -1
1344 16 17 -1 0
1345 19 17 0 1
1346 12 14 0 -1
1347 25 36 1 0
1348 26 28 1 0
1349 32 1 -1 0
1350 14 10 -1 0
1351 19 11 0 1
1352 22 5 0 1
1353 22 6 0 1
1354 26 36 0 -1
1355 10 12 1 0
1356 38 29 0 -1
1357 21 10 1 0
1358 25 36 0 -1
1359 20 23 -1 0
1360 17 22 0 -1
1361 28 34 -1 0
1362 21 12 0 1
1363 23 12 -1 0
1364 35 9 -1 0
1365 19 16 0 -1
1366 27 1 1 0
1367 22 29 -1 0
1368 27 9 0 -1
1369 23 8 0 1
1370 26 11 1 0
1371 21 35 0 -1
1372 38 31 -1 0
1373 4 23 -1 0
1374 28 10 1 0
1375 7 38 1 0
1376 27 5 0 1
1377 21 16 0 1
1378 21 23 0 1
1379 17 15 0 1
1380 1 24 0 1
1381 23 21 1 0
1382 29 39 0 1
1383 29 34 -1 0
1384 23 27 -1 0
1385 17 20 0 -1
1386 24 26 0 -1
1387 27 11 -1 0
1388 20 23 1 0
1389 29 8 -1 0
1390 25 3 0 1
1391 22 18 0 -1
1392 22 23 1 0
1393 23 19 -1 0
1394 32 3 0 -1
1395 21 12 1 0
1396 24 10 0 -1
1397 32 39 -1 0
1398 24 7 1 0
1399 22 10 1 0
1400 31 9 0 1
1401 28 9 -1 0
1402 29 33 -1 0
1403 23 14 -1 0
1404 14 17 0 -1
1405 23 11 0 1
1406 18 23 0 1
1407 20 13 0 1
1408 27 14 -1 0
1409 18 13 1 0
1410 30 8 0 1
1411 27 24 0 1
1412 29 4 1 0
1413 29 28 -1 0
1414 20 9 0 -1
1415 31 32 0 1
1416 23 7 0 -1
1417 21 25 0 -1
1418 26 30 1 0
1419 13 10 -1 0
1420 21 5 1 0
1421 20 17 1 0
1422 31 38 0 1
1423 30 31 0 -1
1424 21 22 0 1
1425 19 17 1 0
1426 26 3 0 1
1427 27 10 0 -1
1428 28 38 0 1
1429 34 9 0 -1
1430 31 38 -1 0
1431 20 20 0 -1
1432 20 22 1 0
1433 25 37 0 1
1434 21 34 1 0
1435 28 39 1 0
1436 26 14 -1 0
1437 28 34 0 -1
1438 16 20 0 -1
1439 27 35 0 1
