0 38 0 0 -1
1 24 37 1 0
2 42 32 0 -1
3 36 10 0 -1
4 22 20 0 1
5 34 13 0 -1
6 38 16 -1 0
7 83 21 1 0
8 41 38 1 0
9 29 36 0 1
10 11 33 1 0
11 37 27 -1 0
12 32 34 0 -1
13 37 21 1 0
14 27 11 1 0
15 28 0 1 0
16 28 35 0 -1
17 24 10 0 -1
18 19 13 1 0
19 42 13 0 1
20 30 14 -1 0
21 37 12 1 0
22 14 36 1 0
23 23 20 0 -1
24 27 0 1 0
25 32 37 1 0
26 41 35 0 1
27 30 0 0 -1
28 41 17 0 1
29 39 14 0 -1
30 73 32 1 0
31 37 15 0 -1
32 37 35 -1 0
33 0 24 0 -1
34 97 10 0 1
35 32 33 1 0
36 39 39 -1 0
37 41 36 0 -1
38 37 32 1 0
39 50 17 -1 0
40 25 17 0 -1
41 27 34 1 0
42 91 8 -1 0
43 22 18 0 -1
44 30 39 1 0
45 38 28 -1 0
46 27 10 0 -1
47 35 18 0 1
48 33 30 1 0
49 21 16 1 0
50 43 19 -1 0
51 36 35 1 0
52 33 6 1 0
53 29 16 -1 0
54 25 19 0 -1
55 36 22 0 1
56 27 9 -1 0
57 39 34 -1 0
58 29 15 0 1
59 35 14 1 0
60 40 16 -1 0
61 36 16 -1 0
62 41 13 1 0
63 24 16 0 -1
64 25 36 0 1
65 24 18 0 -1
66 49 16 0 -1
67 24 6 1 0
68 21 20 1 0
69 14 17 -1 0
70 22 17 1 0
71 62 22 1 0
72 41 16 0 1
73 41 13 0 1
74 41 12 -1 0
75 28 37 1 0
76 23 17 0 -1
77 39 20 1 0
78 34 15 0 -1
79 27 2 0 -1
80 35 16 1 0
81 41 26 1 0
82 37 33 1 0
83 25 20 1 0
84 31 1 0 1
85 31 3 0 1
86 32 7 -1 0
87 24 13 -1 0
88 27 13 0 -1
89 38 10 0 -1
90 50 39 -1 0
91 68 14 1 0
92 40 19 -1 0
93 25 10 0 1
94 78 11 1 0
95 66 36 0 -1
96 29 33 -1 0
97 31 12 -1 0
98 11 36 0 -1
99 30 17 1 0
100 25 35 1 0
101 31 38 1 0
102 29 35 0 1
103 31 31 1 0
104 27 33 1 0
105 87 17 -1 0
106 30 20 0 -1
107 38 36 1 0
108 30 31 0 1
109 39 32 1 0
110 23 8 1 0
111 15 35 1 0
112 13 32 0 1
113 24 20 0 1
114 43 24 -1 0
115 25 6 1 0
116 21 20 0 -1
117 32 11 0 -1
118 34 14 0 -1
119 32 14 1 0
120 32 10 0 1
121 37 23 -1 0
122 24 19 0 -1
123 36 0 0 -1
124 21 15 -1 0
125 46 23 -1 0
126 63 31 1 0
127 28 7 1 0
128 29 36 0 1
129 28 1 0 -1
130 40 36 0 -1
131 39 23 -1 0
132 80 36 0 1
133 54 35 0 -1
134 24 12 -1 0
135 39 0 1 0
136 35 38 1 0
137 78 18 1 0
138 40 35 -1 0
139 35 37 0 1
140 30 33 1 0
141 38 34 -1 0
142 41 39 0 -1
143 24 6 1 0
144 23 21 0 -1
145 39 16 0 1
146 28 12 0 1
147 22 13 -1 0
148 26 17 -1 0
149 36 11 0 1
150 93 0 0 1
151 36 0 0 -1
152 20 20 1 0
153 23 0 1 0
154 24 7 1 0
155 55 9 1 0
156 29 31 1 0
157 28 12 1 0
158 25 13 0 1
159 39 0 0 -1
160 21 17 0 -1
161 36 19 0 -1
162 24 21 1 0
163 29 15 -1 0
164 39 21 1 0
165 22 10 1 0
166 19 20 1 0
167 27 30 0 1
168 34 18 0 -1
169 94 22 0 1
170 43 17 0 -1
171 28 39 0 -1
172 25 22 0 -1
173 80 34 0 1
174 39 19 0 1
175 38 8 0 1
176 40 17 1 0
177 28 34 -1 0
178 24 12 0 -1
179 22 20 1 0
180 26 2 0 -1
181 3 19 0 -1
182 0 1 1 0
183 23 15 -1 0
184 42 18 0 1
185 32 38 0 -1
186 41 25 -1 0
187 25 16 -1 0
188 31 37 0 1
189 40 26 -1 0
190 24 13 1 0
191 31 6 1 0
192 28 10 -1 0
193 46 26 1 0
194 25 6 1 0
195 37 19 0 1
196 27 0 0 -1
197 39 11 0 1
198 64 10 1 0
199 23 9 0 1
200 38 9 -1 0
201 29 13 -1 0
202 44 10 1 0
203 36 28 1 0
204 26 14 0 1
205 26 36 0 1
206 39 35 0 1
207 39 35 0 -1
208 28 22 0 -1
209 30 32 -1 0
210 28 20 0 -1
211 3 39 -1 0
212 31 24 1 0
213 42 25 0 -1
214 21 15 0 -1
215 36 1 -1 0
216 19 0 1 0
217 37 37 0 -1
218 88 16 1 0
219 25 37 0 1
220 28 18 0 -1
221 31 31 0 1
222 22 11 0 1
223 38 21 -1 0
224 41 15 0 1
225 24 5 0 1
226 27 25 1 0
227 40 20 0 1
228 38 10 -1 0
229 87 18 1 0
230 27 22 1 0
231 6 17 0 1
232 92 26 0 -1
233 28 33 1 0
234 22 14 1 0
235 27 33 1 0
236 77 11 1 0
237 27 12 0 -1
238 26 17 1 0
239 35 16 1 0
240 37 2 0 -1
241 6 13 0 -1
242 29 7 1 0
243 94 17 1 0
244 35 22 1 0
245 32 33 1 0
246 19 18 -1 0
247 36 2 -1 0
248 28 1 -1 0
249 21 16 -1 0
250 26 25 -1 0
251 26 2 1 0
252 38 11 0 -1
253 26 3 1 0
254 34 11 0 -1
255 16 15 0 -1
256 84 3 -1 0
257 92 27 1 0
258 26 39 -1 0
259 23 15 0 1
260 36 20 0 -1
261 30 35 1 0
262 35 36 0 1
263 37 38 0 1
264 31 39 -1 0
265 38 16 1 0
266 11 36 1 0
267 57 21 1 0
268 24 15 -1 0
269 38 3 -1 0
270 25 5 -1 0
271 22 11 -1 0
272 28 31 0 1
273 39 18 -1 0
274 86 14 1 0
275 30 34 1 0
276 30 37 0 -1
277 28 39 1 0
278 12 23 0 -1
279 28 8 0 1
280 22 22 0 -1
281 81 30 -1 0
282 20 13 0 1
283 27 7 1 0
284 27 27 1 0
285 18 17 1 0
286 37 0 -1 0
287 23 22 0 -1
288 28 21 0 1
289 20 17 0 -1
290 27 17 -1 0
291 25 1 -1 0
292 28 18 1 0
293 43 7 0 1
294 33 10 0 -1
295 41 21 0 -1
296 29 11 0 -1
297 37 9 0 1
298 38 25 -1 0
299 17 8 -1 0
300 29 4 0 1
301 37 22 -1 0
302 32 24 1 0
303 54 38 -1 0
304 39 14 0 -1
305 43 13 -1 0
306 0 14 -1 0
307 31 13 0 1
308 62 11 0 1
309 43 23 -1 0
310 32 12 1 0
311 24 9 1 0
312 24 9 0 1
313 42 19 1 0
314 39 39 -1 0
315 35 19 0 1
316 24 1 1 0
317 34 13 0 -1
318 36 8 0 1
319 24 11 0 1
320 36 8 -1 0
321 87 11 0 -1
322 30 15 1 0
323 42 16 0 1
324 37 19 0 1
325 52 19 -1 0
326 27 18 0 1
327 34 7 0 -1
328 40 3 -1 0
329 31 8 1 0
330 16 37 0 1
331 12 29 0 -1
332 43 16 -1 0
333 20 19 1 0
334 42 20 0 -1
335 32 16 0 1
336 35 11 -1 0
337 37 29 0 -1
338 36 37 -1 0
339 35 12 1 0
340 22 17 -1 0
341 65 37 -1 0
342 25 26 1 0
343 8 27 0 -1
344 37 2 0 -1
345 22 6 1 0
346 26 3 0 -1
347 40 14 -1 0
348 29 31 0 1
349 26 15 0 1
350 38 38 1 0
351 39 24 0 -1
352 29 27 1 0
353 31 30 -1 0
354 25 10 0 -1
355 28 11 1 0
356 47 37 1 0
357 31 8 0 1
358 41 19 -1 0
359 93 13 1 0
360 27 29 1 0
361 61 5 -1 0
362 75 32 0 1
363 38 21 1 0
364 92 9 0 1
365 43 21 -1 0
366 30 37 -1 0
367 26 35 1 0
368 19 15 1 0
369 19 13 0 -1
370 9 39 -1 0
371 22 19 -1 0
372 39 22 0 -1
373 27 13 -1 0
374 28 0 -1 0
375 29 17 -1 0
376 35 21 -1 0
377 39 33 0 1
378 21 39 0 -1
379 57 37 1 0
380 35 10 0 1
381 44 19 0 -1
382 28 4 1 0
383 34 13 0 -1
384 37 3 -1 0
385 22 10 1 0
386 31 19 1 0
387 24 5 0 1
388 39 8 -1 0
389 24 21 -1 0
390 29 18 -1 0
391 30 19 0 -1
392 41 37 -1 0
393 39 33 -1 0
394 4 37 1 0
395 37 1 0 -1
396 35 8 -1 0
397 22 31 1 0
398 30 19 0 1
399 28 5 0 1
400 31 16 0 -1
401 27 32 0 1
402 38 39 1 0
403 28 18 0 -1
404 22 13 1 0
405 11 25 1 0
406 39 22 0 -1
407 71 11 0 -1
408 28 35 0 -1
409 28 11 1 0
410 74 10 1 0
411 35 19 0 -1
412 38 2 0 -1
413 43 18 0 -1
414 40 16 0 -1
415 28 7 -1 0
416 36 34 1 0
417 35 34 -1 0
418 46 1 -1 0
419 36 24 0 -1
420 26 8 0 1
421 29 5 -1 0
422 41 14 1 0
423 22 21 0 -1
424 28 14 0 1
425 36 13 -1 0
426 31 36 0 -1
427 31 29 0 1
428 34 11 -1 0
429 26 36 0 1
430 30 21 1 0
431 32 16 0 1
432 35 39 -1 0
433 30 32 -1 0
434 28 8 0 -1
435 21 12 -1 0
436 38 22 0 1
437 30 0 1 0
438 23 17 0 -1
439 25 20 0 -1
440 31 33 0 1
441 35 20 0 1
442 23 18 1 0
443 42 7 -1 0
444 35 29 -1 0
445 39 23 0 1
446 48 23 0 -1
447 38 13 0 -1
448 42 24 0 -1
449 31 14 0 1
450 35 38 0 1
451 34 23 -1 0
452 40 37 0 -1
453 29 14 -1 0
454 30 8 0 -1
455 20 13 0 -1
456 30 28 0 1
457 22 7 0 1
458 40 38 1 0
459 53 14 0 1
460 84 17 -1 0
461 42 25 0 -1
462 45 11 0 -1
463 20 26 1 0
464 38 14 -1 0
465 25 14 -1 0
466 28 3 0 1
467 30 7 0 -1
468 38 14 0 -1
469 10 15 0 -1
470 36 18 0 -1
471 40 15 -1 0
472 38 9 0 1
473 24 18 0 -1
474 40 36 0 -1
475 28 39 1 0
476 35 28 -1 0
477 16 4 0 1
478 29 0 -1 0
479 31 20 0 -1
480 35 14 1 0
481 32 3 0 1
482 37 36 1 0
483 64 16 0 1
484 39 38 0 -1
485 43 15 0 -1
486 38 36 1 0
487 40 18 0 1
488 40 15 1 0
489 30 4 1 0
490 36 33 1 0
491 29 10 0 1
492 83 35 1 0
493 32 4 1 0
494 36 15 -1 0
495 28 6 0 -1
496 26 8 -1 0
497 30 10 0 1
498 31 22 1 0
499 25 1 1 0
500 42 24 0 -1
501 31 0 0 1
502 26 38 0 1
503 43 20 0 -1
504 30 39 -1 0
505 36 16 -1 0
506 35 0 -1 0
507 22 39 -1 0
508 38 35 0 -1
509 39 36 -1 0
510 28 7 0 1
511 41 35 0 1
512 31 10 0 -1
513 27 19 1 0
514 23 16 0 -1
515 34 18 -1 0
516 26 0 0 -1
517 25 12 0 -1
518 42 18 0 -1
519 34 17 0 -1
520 43 18 0 -1
521 36 29 -1 0
522 37 32 0 1
523 44 8 0 -1
524 28 34 1 0
525 32 4 1 0
526 48 23 0 -1
527 89 22 0 1
528 28 16 1 0
529 22 21 1 0
530 41 24 1 0
531 19 0 0 1
532 35 15 0 1
533 32 34 1 0
534 29 3 0 -1
535 37 34 -1 0
536 27 5 0 1
537 49 28 0 -1
538 79 23 0 1
539 31 17 1 0
540 81 7 1 0
541 34 8 -1 0
542 28 19 0 -1
543 22 38 -1 0
544 96 3 0 1
545 40 12 -1 0
546 31 34 1 0
547 42 22 0 1
548 31 23 1 0
549 31 20 -1 0
550 30 5 -1 0
551 31 34 1 0
552 6 17 -1 0
553 29 33 0 -1
554 35 20 0 -1
555 46 37 -1 0
556 95 5 0 -1
557 37 38 -1 0
558 26 35 0 1
559 23 11 -1 0
560 39 24 -1 0
561 38 0 0 -1
562 35 23 0 -1
563 32 13 0 1
564 27 6 1 0
565 30 1 0 1
566 31 5 0 -1
567 39 22 1 0
568 87 11 1 0
569 11 22 1 0
570 30 13 0 -1
571 37 39 0 -1
572 39 23 0 1
573 36 18 1 0
574 19 39 -1 0
575 40 18 0 1
576 31 35 1 0
577 1 39 0 -1
578 32 10 1 0
579 29 13 0 -1
580 32 31 -1 0
581 29 34 -1 0
582 37 33 0 1
583 30 16 -1 0
584 41 20 0 -1
585 37 23 -1 0
586 31 13 1 0
587 19 12 0 1
588 27 37 -1 0
589 39 18 0 -1
590 27 4 -1 0
591 35 35 0 1
592 78 28 1 0
593 58 38 -1 0
594 28 10 -1 0
595 26 11 0 -1
596 38 23 1 0
597 36 36 0 1
598 35 38 0 -1
599 29 11 -1 0
600 29 19 1 0
601 42 15 -1 0
602 41 22 -1 0
603 25 3 1 0
604 38 12 1 0
605 28 6 -1 0
606 20 13 1 0
607 26 35 1 0
608 42 17 -1 0
609 14 24 -1 0
610 43 22 -1 0
611 27 14 0 1
612 52 22 0 -1
613 22 15 1 0
614 12 19 -1 0
615 25 0 0 -1
616 26 16 -1 0
617 27 20 -1 0
618 12 11 -1 0
619 32 0 0 1
620 25 39 1 0
621 38 26 -1 0
622 26 19 0 -1
623 27 36 -1 0
624 37 22 0 -1
625 27 17 -1 0
626 36 34 0 1
627 36 9 0 1
628 25 22 0 -1
629 35 9 0 1
630 43 21 -1 0
631 26 4 0 -1
632 28 6 0 -1
633 21 13 1 0
634 30 39 1 0
635 27 32 1 0
636 30 13 -1 0
637 37 10 0 1
638 25 12 1 0
639 24 5 0 1
640 31 21 -1 0
641 30 12 0 -1
642 26 24 1 0
643 31 15 0 1
644 36 24 0 1
645 28 15 0 -1
646 31 17 1 0
647 27 3 1 0
648 25 14 0 1
649 26 37 0 -1
650 26 13 0 1
651 27 31 0 1
652 14 16 -1 0
653 28 9 -1 0
654 25 6 1 0
655 35 9 0 -1
656 34 15 1 0
657 34 5 1 0
658 84 23 0 1
659 38 38 0 1
660 28 34 0 -1
661 38 2 0 -1
662 95 7 -1 0
663 31 2 0 1
664 27 15 0 1
665 30 11 -1 0
666 99 0 1 0
667 29 6 1 0
668 24 16 -1 0
669 32 7 1 0
670 39 24 -1 0
671 32 18 1 0
672 27 11 0 -1
673 92 35 0 -1
674 55 34 -1 0
675 34 6 -1 0
676 37 35 -1 0
677 34 12 0 1
678 19 14 0 -1
679 30 7 0 -1
680 37 39 0 -1
681 4 39 0 1
682 28 15 -1 0
683 22 20 1 0
684 30 35 0 -1
685 37 11 -1 0
686 32 17 1 0
687 29 30 1 0
688 70 14 0 -1
689 41 22 -1 0
690 25 38 0 -1
691 39 38 0 -1
692 30 36 -1 0
693 35 22 0 -1
694 36 36 0 1
695 32 29 0 1
696 44 19 0 1
697 29 3 0 -1
698 45 6 -1 0
699 40 39 0 -1
700 29 37 1 0
701 30 12 0 1
702 85 21 -1 0
703 43 22 -1 0
704 42 16 0 1
705 8 1 -1 0
706 69 39 1 0
707 32 14 0 -1
708 42 12 0 1
709 34 9 0 1
710 31 38 1 0
711 98 33 0 1
712 32 11 0 -1
713 39 32 0 1
714 36 18 0 1
715 22 8 -1 0
716 36 31 -1 0
717 39 10 -1 0
718 31 14 0 -1
719 38 0 0 1
720 27 6 1 0
721 27 8 -1 0
722 29 8 0 -1
723 27 34 0 -1
724 40 14 0 1
725 25 11 -1 0
726 56 25 0 1
727 23 14 0 -1
728 25 16 0 1
729 31 37 -1 0
730 31 36 -1 0
731 30 2 0 1
732 24 4 0 1
733 42 21 0 -1
734 43 17 -1 0
735 38 25 0 -1
736 27 15 0 1
737 32 39 -1 0
738 26 9 1 0
739 29 1 0 1
740 43 16 -1 0
741 90 16 -1 0
742 41 15 0 1
743 35 20 0 1
744 35 30 0 -1
745 26 9 0 -1
746 20 15 1 0
747 37 37 1 0
748 36 37 -1 0
749 30 3 1 0
750 27 35 0 1
751 30 11 -1 0
752 24 19 0 1
753 22 18 0 -1
754 30 28 0 1
755 30 21 0 -1
756 20 19 1 0
757 31 14 0 -1
758 30 9 1 0
759 38 37 0 1
760 7 24 0 -1
761 32 4 0 -1
762 30 38 0 1
763 36 12 0 1
764 28 32 0 1
765 25 15 0 1
766 40 1 -1 0
767 34 10 -1 0
768 28 16 0 -1
769 30 15 -1 0
770 36 29 1 0
771 36 24 -1 0
772 23 13 1 0
773 40 34 -1 0
774 27 37 -1 0
775 86 2 -1 0
776 37 18 0 -1
777 37 34 0 1
778 32 19 1 0
779 26 10 0 -1
780 23 18 0 -1
781 40 23 0 -1
782 36 23 0 -1
783 35 24 -1 0
784 0 1 -1 0
785 30 30 1 0
786 26 17 0 -1
787 32 32 0 1
788 35 14 0 1
789 38 22 -1 0
790 36 20 -1 0
791 38 1 -1 0
792 12 33 1 0
793 36 34 1 0
794 69 6 0 1
795 40 21 0 1
796 31 5 0 -1
797 20 14 1 0
798 30 14 0 -1
799 32 0 0 1
800 30 18 1 0
801 40 14 0 1
802 26 37 0 1
803 43 14 -1 0
804 38 13 0 -1
805 26 3 0 -1
806 26 5 0 1
807 41 16 0 1
808 38 19 -1 0
809 46 4 -1 0
810 32 37 1 0
811 42 14 0 1
812 63 22 -1 0
813 30 17 0 -1
814 40 34 -1 0
815 36 15 0 1
816 70 19 0 -1
817 26 37 0 1
818 20 17 0 -1
819 37 25 0 -1
820 9 3 1 0
821 30 5 0 1
822 35 11 0 -1
823 29 2 1 0
824 36 9 0 1
825 30 2 -1 0
826 23 10 0 -1
827 30 30 1 0
828 27 31 0 1
829 10 18 1 0
830 40 12 0 1
831 23 14 0 1
832 47 8 -1 0
833 6 24 0 -1
834 15 34 0 -1
835 28 31 0 1
836 35 35 0 1
837 35 34 0 1
838 32 12 0 -1
839 29 30 0 1
840 41 21 0 -1
841 26 38 1 0
842 25 2 0 -1
843 29 32 0 1
844 24 8 -1 0
845 32 9 -1 0
846 41 16 0 1
847 25 9 0 -1
848 39 10 0 1
849 26 39 1 0
850 40 35 0 1
851 34 21 1 0
852 23 8 0 1
853 35 37 0 1
854 43 20 -1 0
855 38 22 -1 0
856 40 21 0 1
857 26 18 0 -1
858 31 16 0 1
859 32 2 0 1
860 32 19 0 -1
861 26 6 -1 0
862 30 7 0 -1
863 34 8 0 -1
864 32 0 0 1
865 43 20 0 -1
866 27 5 -1 0
867 31 39 0 1
868 38 17 0 1
869 27 37 -1 0
870 40 39 -1 0
871 22 19 1 0
872 5 10 1 0
873 26 20 1 0
874 42 20 0 1
875 30 14 0 1
876 29 10 -1 0
877 29 33 0 -1
878 24 18 0 -1
879 32 9 -1 0
880 31 15 -1 0
881 99 10 -1 0
882 23 20 1 0
883 53 35 0 -1
884 26 14 0 1
885 52 15 0 -1
886 26 21 -1 0
887 25 21 -1 0
888 22 18 0 1
889 38 24 1 0
890 27 36 1 0
891 21 17 1 0
892 26 6 0 -1
893 90 9 0 1
894 28 15 -1 0
895 29 20 -1 0
896 25 18 0 -1
897 26 9 1 0
898 27 19 1 0
899 36 14 1 0
900 29 9 0 1
901 29 6 0 1
902 37 33 0 1
903 29 20 0 -1
904 36 39 0 -1
905 32 9 0 -1
906 18 14 1 0
907 44 5 0 1
908 25 15 0 1
909 27 12 1 0
910 31 12 1 0
911 27 34 0 1
912 40 22 0 -1
913 37 14 0 -1
914 35 21 1 0
915 36 25 -1 0
916 39 12 -1 0
917 31 16 1 0
918 24 14 0 1
919 36 21 1 0
920 17 39 0 -1
921 38 34 0 -1
922 29 35 1 0
923 37 24 0 -1
924 39 36 1 0
925 36 22 -1 0
926 43 13 0 1
927 17 29 0 1
928 18 17 0 -1
929 99 3 0 1
930 20 12 1 0
931 44 7 -1 0
932 41 21 0 -1
933 29 2 -1 0
934 30 6 0 1
935 37 15 0 1
936 27 21 1 0
937 25 18 0 -1
938 29 29 0 1
939 0 15 -1 0
940 27 36 0 -1
941 30 6 -1 0
942 29 20 0 -1
943 8 0 -1 0
944 31 35 -1 0
945 20 3 0 1
946 30 32 -1 0
947 39 15 1 0
948 29 38 0 1
949 43 14 0 -1
950 23 15 0 1
951 30 19 -1 0
952 0 33 1 0
953 11 35 0 -1
954 30 13 0 1
955 13 30 0 -1
956 80 6 -1 0
957 38 10 0 1
958 28 13 0 -1
959 36 35 0 1
960 40 17 0 -1
961 36 10 0 -1
962 30 31 0 -1
963 33 26 -1 0
964 40 16 0 1
965 42 19 -1 0
966 24 6 1 0
967 41 19 -1 0
968 37 25 0 1
969 27 18 0 -1
970 34 17 0 1
971 42 15 0 1
972 26 15 1 0
973 28 37 0 1
974 42 36 -1 0
975 30 35 1 0
976 0 16 0 -1
977 32 10 1 0
978 32 30 1 0
979 28 11 1 0
980 29 12 -1 0
981 24 15 0 1
982 43 8 0 1
983 22 10 0 1
984 34 7 0 -1
985 8 30 1 0
986 33 39 0 1
987 41 36 0 1
988 25 19 0 -1
989 36 19 -1 0
990 27 39 0 -1
991 26 7 -1 0
992 34 7 1 0
993 27 0 0 1
994 10 30 0 -1
995 24 38 1 0
996 37 17 -1 0
997 23 8 0 1
998 45 6 -1 0
999 36 12 0 1
1000 31 18 1 0
1001 17 34 -1 0
1002 27 18 0 -1
1003 43 24 -1 0
1004 39 13 -1 0
1005 28 22 0 -1
1006 23 11 0 -1
1007 32 33 0 1
1008 85 7 0 1
1009 42 36 -1 0
1010 27 1 0 -1
1011 66 21 -1 0
1012 41 23 -1 0
1013 26 34 0 1
1014 38 12 0 -1
1015 35 8 0 1
1016 42 37 -1 0
1017 37 18 0 1
1018 44 11 1 0
1019 11 18 -1 0
1020 39 11 1 0
1021 32 3 0 1
1022 36 28 1 0
1023 40 38 -1 0
1024 37 22 0 -1
1025 35 36 0 1
1026 30 30 -1 0
1027 36 26 -1 0
1028 37 25 -1 0
1029 30 29 0 1
1030 42 14 -1 0
1031 31 3 -1 0
1032 40 15 -1 0
1033 31 7 0 -1
1034 37 38 1 0
1035 23 19 1 0
1036 26 5 1 0
1037 28 3 -1 0
1038 46 14 0 -1
1039 28 22 1 0
1040 36 9 0 -1
1041 76 2 1 0
1042 25 10 -1 0
1043 32 11 1 0
1044 23 22 0 -1
1045 7 38 -1 0
1046 23 32 1 0
1047 20 16 1 0
1048 30 20 -1 0
1049 42 16 0 -1
1050 32 6 0 -1
1051 40 37 0 -1
1052 35 23 0 -1
1053 29 30 -1 0
1054 2 28 0 -1
1055 18 37 0 1
1056 25 1 0 -1
1057 39 37 0 1
1058 42 24 0 -1
1059 34 15 0 -1
1060 41 28 -1 0
1061 36 11 -1 0
1062 30 3 1 0
1063 39 21 0 -1
1064 30 29 0 1
1065 28 2 0 1
1066 29 2 0 1
1067 34 6 0 1
1068 30 4 0 1
1069 27 19 0 -1
1070 40 35 0 1
1071 34 8 0 -1
1072 38 26 -1 0
1073 42 25 0 -1
1074 36 38 1 0
1075 80 32 0 -1
1076 31 7 -1 0
1077 23 16 0 -1
1078 23 12 0 -1
1079 32 5 0 1
1080 25 38 0 -1
1081 41 14 0 1
1082 36 8 0 1
1083 22 16 0 -1
1084 28 17 -1 0
1085 38 9 0 1
1086 31 32 0 1
1087 40 19 -1 0
1088 2 1 1 0
1089 41 14 -1 0
1090 39 16 1 0
1091 37 20 0 1
1092 22 15 1 0
1093 18 12 1 0
1094 67 28 -1 0
1095 20 12 0 1
1096 32 1 -1 0
1097 59 27 0 -1
1098 36 28 -1 0
1099 26 7 0 1
1100 27 6 -1 0
1101 39 10 0 1
1102 25 14 -1 0
1103 34 33 -1 0
1104 91 13 0 1
1105 35 13 1 0
1106 29 23 1 0
1107 29 4 1 0
1108 29 8 0 -1
1109 43 18 0 -1
1110 25 9 0 1
1111 92 27 -1 0
1112 22 21 1 0
1113 26 1 1 0
1114 27 38 -1 0
1115 31 4 0 -1
1116 38 15 0 1
1117 40 11 0 1
1118 36 1 -1 0
1119 36 14 -1 0
1120 76 13 -1 0
1121 28 17 0 -1
1122 63 5 1 0
1123 32 14 1 0
1124 27 8 0 -1
1125 39 1 -1 0
1126 45 35 -1 0
1127 11 10 1 0
1128 39 25 0 -1
1129 39 13 0 -1
1130 39 32 -1 0
1131 97 24 0 -1
1132 30 34 0 1
1133 27 12 1 0
1134 37 26 -1 0
1135 62 35 0 1
1136 42 19 0 -1
1137 21 36 0 1
1138 30 8 1 0
1139 35 35 -1 0
1140 29 17 1 0
1141 48 18 0 -1
1142 16 34 -1 0
1143 36 29 -1 0
1144 27 39 -1 0
1145 33 39 -1 0
1146 36 23 0 -1
1147 35 17 -1 0
1148 27 3 1 0
1149 32 36 0 1
1150 20 17 0 1
1151 29 7 0 -1
1152 24 8 -1 0
1153 20 15 1 0
1154 66 6 0 -1
1155 28 13 0 -1
1156 29 5 0 -1
1157 30 18 0 -1
1158 23 10 1 0
1159 24 2 -1 0
1160 37 20 1 0
1161 61 10 0 -1
1162 28 4 0 1
1163 24 10 0 -1
1164 38 33 0 1
1165 31 2 0 -1
1166 8 5 1 0
1167 41 15 1 0
1168 37 30 0 1
1169 38 23 0 -1
1170 25 8 0 -1
1171 28 2 1 0
1172 19 14 1 0
1173 31 30 0 1
1174 37 15 0 1
1175 23 10 0 1
1176 32 2 0 -1
1177 42 21 0 -1
1178 37 28 0 -1
1179 41 20 1 0
1180 44 27 -1 0
1181 10 18 0 1
1182 21 14 -1 0
1183 32 13 1 0
1184 27 38 1 0
1185 93 9 0 -1
1186 40 24 -1 0
1187 37 23 -1 0
1188 57 0 1 0
1189 28 33 0 -1
1190 36 15 1 0
1191 88 38 -1 0
1192 48 26 1 0
1193 93 20 0 1
1194 31 19 0 -1
1195 35 23 1 0
1196 47 17 -1 0
1197 24 21 -1 0
1198 31 39 1 0
1199 67 28 0 -1
1200 32 6 -1 0
1201 22 26 1 0
1202 31 12 -1 0
1203 31 18 -1 0
1204 10 13 0 1
1205 31 15 -1 0
1206 44 17 -1 0
1207 42 22 0 -1
1208 25 39 1 0
1209 25 9 -1 0
1210 29 13 0 -1
1211 40 33 -1 0
1212 39 6 0 -1
1213 27 30 -1 0
1214 27 39 0 -1
1215 28 35 0 -1
1216 30 10 -1 0
1217 59 13 0 -1
1218 28 38 -1 0
1219 37 28 0 -1
1220 30 8 0 -1
1221 36 5 -1 0
1222 32 21 1 0
1223 31 6 0 1
1224 36 22 0 1
1225 27 16 1 0
1226 25 20 0 -1
1227 86 2 1 0
1228 38 11 1 0
1229 24 7 1 0
1230 25 12 -1 0
1231 24 15 0 1
1232 31 19 1 0
1233 44 6 1 0
1234 50 10 -1 0
1235 28 3 0 -1
1236 28 19 0 -1
1237 37 21 -1 0
1238 40 21 0 1
1239 19 3 1 0
1240 24 0 0 1
1241 37 11 -1 0
1242 21 12 -1 0
1243 84 30 -1 0
1244 25 16 0 1
1245 22 13 0 -1
1246 29 18 0 -1
1247 38 21 1 0
1248 40 18 0 1
1249 43 6 0 1
1250 24 11 1 0
1251 41 38 0 -1
1252 13 15 0 -1
1253 52 36 0 -1
1254 40 0 0 -1
1255 76 18 -1 0
1256 34 22 1 0
1257 30 38 0 1
1258 41 18 0 -1
1259 27 33 1 0
1260 29 37 0 1
1261 35 36 0 -1
1262 27 16 0 1
1263 19 15 0 -1
1264 82 0 -1 0
1265 24 17 -1 0
1266 27 10 0 1
1267 36 39 0 1
1268 29 11 0 -1
1269 14 4 0 -1
1270 24 17 0 1
1271 28 33 1 0
1272 31 9 -1 0
1273 28 30 0 1
1274 23 4 1 0
1275 28 19 1 0
1276 36 21 0 1
1277 36 13 0 -1
1278 23 19 0 -1
1279 27 4 1 0
1280 25 19 0 1
1281 73 1 1 0
1282 39 19 -1 0
1283 37 27 0 -1
1284 23 16 0 -1
1285 52 20 -1 0
1286 35 26 -1 0
1287 40 22 -1 0
1288 41 30 1 0
1289 39 34 0 1
1290 25 17 1 0
1291 39 12 0 1
1292 38 3 -1 0
1293 27 20 0 -1
1294 39 39 0 -1
1295 36 25 -1 0
1296 24 22 -1 0
1297 44 31 -1 0
1298 34 9 -1 0
1299 40 36 0 1
1300 96 4 -1 0
1301 27 20 1 0
1302 40 37 0 -1
1303 31 33 0 1
1304 39 16 -1 0
1305 55 16 -1 0
1306 27 2 1 0
1307 26 39 0 -1
1308 41 7 1 0
1309 23 22 0 -1
1310 24 0 1 0
1311 28 8 -1 0
1312 37 36 0 1
1313 38 8 -1 0
1314 28 20 0 1
1315 24 8 -1 0
1316 26 6 0 1
1317 34 5 0 1
1318 29 38 -1 0
1319 92 25 1 0
1320 29 32 0 1
1321 39 37 1 0
1322 28 10 1 0
1323 34 12 -1 0
1324 26 18 0 1
1325 24 7 1 0
1326 29 5 1 0
1327 36 17 0 1
1328 34 17 -1 0
1329 27 35 0 -1
1330 39 14 -1 0
1331 40 10 -1 0
1332 41 35 -1 0
1333 27 16 -1 0
1334 35 12 0 1
1335 28 1 0 -1
1336 25 8 0 -1
1337 34 10 1 0
1338 32 2 -1 0
1339 35 21 0 -1
1340 20 14 1 0
1341 37 14 0 -1
1342 29 14 0 -1
1343 36 30 0 -1
1344 29 39 0 -1
1345 32 1 1 0
1346 39 20 -1 0
1347 32 6 -1 0
1348 25 35 1 0
1349 39 25 0 -1
1350 54 33 1 0
1351 31 9 0 1
1352 35 29 0 -1
1353 42 38 0 -1
1354 35 28 0 1
1355 37 13 -1 0
1356 35 37 -1 0
1357 32 32 0 1
1358 30 12 0 -1
1359 39 0 -1 0
1360 39 15 -1 0
1361 37 16 0 1
1362 37 20 -1 0
1363 30 16 -1 0
1364 39 9 -1 0
1365 36 21 0 -1
1366 37 1 -1 0
1367 26 20 0 -1
1368 16 32 -1 0
1369 78 25 0 1
1370 41 18 0 1
1371 26 20 -1 0
1372 34 10 -1 0
1373 90 33 0 -1
1374 29 9 0 -1
1375 31 0 -1 0
1376 50 0 0 -1
1377 28 31 1 0
1378 35 24 0 -1
1379 42 21 -1 0
1380 17 17 -1 0
1381 29 12 0 1
1382 36 20 -1 0
1383 36 17 0 -1
1384 28 28 -1 0
1385 64 17 -1 0
1386 98 29 0 1
1387 12 3 0 -1
1388 25 0 1 0
1389 30 21 1 0
1390 36 23 1 0
1391 43 15 0 1
1392 35 31 1 0
1393 23 2 0 1
1394 51 2 0 -1
1395 34 16 0 1
1396 35 28 0 1
1397 42 13 0 1
1398 41 37 0 -1
1399 79 14 0 -1
1400 26 34 0 1
1401 2 38 -1 0
1402 35 1 0 -1
1403 38 32 1 0
1404 25 37 1 0
1405 21 32 -1 0
1406 27 8 -1 0
1407 39 25 0 -1
1408 61 24 1 0
1409 40 24 0 -1
1410 29 39 -1 0
1411 26 38 -1 0
1412 38 16 -1 0
1413 38 17 -1 0
1414 44 14 -1 0
1415 26 8 -1 0
1416 16 19 -1 0
1417 38 18 -1 0
1418 29 19 0 1
1419 38 1 -1 0
1420 28 38 -1 0
1421 40 19 -1 0
1422 30 6 1 0
1423 22 9 1 0
1424 30 36 0 -1
1425 31 28 1 0
1426 38 37 1 0
1427 35 11 0 1
1428 1 20 1 0
1429 91 35 1 0
1430 31 4 0 1
1431 37 3 -1 0
1432 35 33 -1 0
1433 34 18 0 -1
1434 32 1 0 1
1435 25 8 0 -1
1436 30 36 0 -1
1437 24 20 1 0
1438 28 4 0 1
1439 38 37 -1 0
1440 41 36 -1 0
1441 37 26 0 -1
1442 54 27 0 -1
1443 31 35 1 0
1444 24 4 0 1
1445 26 0 0 -1
1446 36 39 1 0
1447 28 14 0 1
1448 39 33 0 1
1449 29 14 0 -1
1450 23 17 1 0
1451 25 11 -1 0
1452 22 14 0 -1
1453 45 26 1 0
1454 81 32 0 -1
1455 38 39 -1 0
1456 31 33 0 1
1457 35 9 0 1
1458 31 34 0 -1
1459 37 10 -1 0
1460 25 38 0 -1
1461 23 19 0 -1
1462 36 17 -1 0
1463 42 20 -1 0
1464 41 19 -1 0
1465 21 2 1 0
1466 99 29 -1 0
1467 19 33 -1 0
1468 11 24 -1 0
1469 39 12 1 0
1470 53 13 -1 0
1471 41 0 0 -1
1472 28 30 0 1
1473 29 1 0 1
1474 26 10 0 -1
1475 37 36 0 1
1476 28 32 1 0
1477 1 30 0 1
1478 28 5 0 -1
1479 35 19 0 1
1480 37 12 1 0
1481 9 36 -1 0
1482 29 39 0 1
1483 22 16 -1 0
1484 36 37 1 0
1485 32 8 0 -1
1486 12 21 1 0
1487 95 19 0 -1
1488 24 14 0 1
1489 27 7 0 1
1490 20 16 1 0
1491 35 8 0 1
1492 93 32 1 0
1493 98 21 -1 0
1494 25 34 0 1
1495 34 14 1 0
1496 42 13 0 1
1497 23 20 0 -1
1498 38 33 1 0
1499 23 7 1 0
1500 28 21 0 -1
1501 26 34 1 0
1502 38 23 -1 0
1503 39 17 1 0
1504 31 31 1 0
1505 35 18 -1 0
1506 35 39 0 1
1507 32 18 0 -1
1508 36 16 0 1
1509 38 11 -1 0
1510 68 16 1 0
1511 37 14 -1 0
1512 25 21 0 -1
1513 32 17 1 0
1514 22 12 0 -1
1515 99 25 -1 0
1516 41 37 0 1
1517 38 17 0 1
1518 32 36 0 1
1519 44 32 0 -1
1520 95 23 0 1
1521 30 38 -1 0
1522 30 33 0 -1
1523 38 32 0 1
1524 26 33 0 1
1525 36 0 -1 0
1526 30 3 0 1
1527 36 33 0 1
1528 30 15 0 -1
1529 36 13 0 1
1530 35 32 -1 0
1531 19 25 0 1
1532 64 28 -1 0
1533 40 11 -1 0
1534 38 24 1 0
1535 31 37 0 1
1536 27 14 -1 0
1537 27 10 1 0
1538 43 9 -1 0
1539 24 14 0 -1
1540 39 17 0 1
1541 23 13 0 -1
1542 32 37 0 -1
1543 7 29 0 1
1544 41 11 -1 0
1545 28 9 1 0
1546 35 13 1 0
1547 54 37 1 0
1548 37 13 0 1
1549 26 0 0 1
1550 35 27 0 1
1551 25 17 -1 0
1552 33 16 -1 0
1553 34 12 0 1
1554 35 17 0 -1
1555 18 7 0 -1
1556 25 35 0 1
1557 30 1 1 0
1558 36 33 1 0
1559 25 0 0 -1
1560 41 39 0 -1
1561 54 7 -1 0
1562 29 8 0 1
1563 24 22 1 0
1564 27 9 0 -1
1565 26 15 0 1
1566 32 18 -1 0
1567 41 23 0 1
1568 23 13 1 0
1569 39 13 0 -1
1570 36 25 1 0
1571 31 2 0 1
1572 32 13 -1 0
1573 22 15 1 0
1574 45 5 0 1
1575 27 1 -1 0
1576 25 11 0 -1
1577 21 7 0 1
1578 27 38 0 1
1579 31 10 -1 0
1580 53 35 0 -1
1581 32 30 0 1
1582 40 24 1 0
1583 35 17 0 1
1584 23 12 -1 0
1585 87 7 0 -1
1586 24 39 1 0
1587 31 5 1 0
1588 25 36 0 1
1589 41 24 0 -1
1590 2 29 1 0
1591 23 9 1 0
1592 51 21 0 1
1593 37 16 1 0
1594 28 21 0 1
1595 35 12 0 -1
1596 37 28 0 -1
1597 31 17 -1 0
1598 19 13 1 0
1599 21 13 0 1
1600 29 32 -1 0
1601 27 4 1 0
1602 32 31 1 0
1603 32 5 0 -1
1604 42 23 -1 0
1605 27 3 0 -1
1606 50 9 1 0
1607 31 1 1 0
1608 26 5 0 1
1609 37 39 -1 0
1610 31 32 1 0
1611 27 1 0 1
1612 31 4 0 1
1613 44 26 0 1
1614 43 17 0 1
1615 32 32 1 0
1616 38 25 0 -1
1617 21 14 0 1
1618 24 23 0 -1
1619 26 14 0 1
1620 32 15 0 1
1621 28 12 -1 0
1622 38 18 0 -1
1623 43 19 0 -1
1624 19 14 1 0
1625 38 19 -1 0
1626 37 26 0 -1
1627 23 21 0 -1
1628 39 21 0 -1
1629 98 0 0 1
1630 27 2 0 1
1631 30 10 -1 0
1632 41 38 -1 0
1633 33 18 0 -1
1634 26 1 1 0
1635 32 29 0 1
1636 42 23 0 1
1637 18 19 -1 0
1638 34 35 1 0
1639 22 12 0 -1
1640 41 0 0 -1
1641 37 12 0 -1
1642 35 6 -1 0
1643 93 21 -1 0
1644 35 0 -1 0
1645 40 13 0 1
1646 30 4 1 0
1647 37 16 1 0
1648 26 10 1 0
1649 32 3 -1 0
1650 30 5 1 0
1651 50 38 -1 0
1652 13 39 1 0
1653 28 14 0 -1
1654 26 18 1 0
1655 35 2 -1 0
1656 25 13 1 0
1657 30 29 1 0
1658 40 34 -1 0
1659 22 11 1 0
1660 32 7 0 -1
1661 35 30 0 -1
1662 41 23 0 1
1663 25 22 0 -1
1664 31 6 -1 0
1665 29 17 0 -1
1666 38 1 -1 0
1667 43 13 -1 0
1668 31 9 -1 0
1669 29 37 1 0
1670 25 5 1 0
1671 39 15 0 1
1672 41 39 -1 0
1673 38 12 1 0
1674 30 1 0 -1
1675 41 18 1 0
1676 22 14 -1 0
1677 21 18 0 1
1678 37 11 -1 0
1679 28 37 0 1
1680 36 36 0 1
1681 61 18 1 0
1682 3 30 1 0
1683 72 9 -1 0
1684 25 2 1 0
1685 38 19 0 1
1686 37 19 0 1
1687 50 5 -1 0
1688 25 7 0 1
1689 22 17 0 -1
1690 38 35 -1 0
1691 37 17 0 -1
1692 27 15 0 1
1693 39 37 -1 0
1694 23 11 1 0
1695 23 14 -1 0
1696 36 12 0 -1
1697 38 38 -1 0
1698 7 37 1 0
1699 61 3 -1 0
1700 35 25 -1 0
1701 42 17 0 1
1702 25 21 0 -1
1703 37 24 -1 0
1704 35 13 -1 0
1705 36 38 0 1
1706 82 19 1 0
1707 36 1 0 -1
1708 23 9 0 1
1709 25 36 1 0
1710 31 36 0 1
1711 47 26 0 1
1712 25 37 0 1
1713 2 30 -1 0
1714 33 5 1 0
1715 40 38 0 1
1716 21 16 -1 0
1717 14 30 1 0
1718 37 27 0 1
1719 27 32 0 1
1720 38 20 -1 0
1721 36 14 -1 0
1722 39 35 0 1
1723 28 16 0 -1
1724 31 1 0 -1
1725 37 30 -1 0
1726 29 31 0 1
1727 23 12 0 1
1728 25 34 1 0
1729 21 14 -1 0
1730 27 5 0 1
1731 29 18 0 1
1732 27 13 0 -1
1733 46 21 0 1
1734 26 32 1 0
1735 24 0 1 0
1736 21 12 0 1
1737 26 21 -1 0
1738 25 7 0 -1
1739 34 23 -1 0
1740 35 32 -1 0
1741 31 8 -1 0
1742 38 15 -1 0
1743 22 16 1 0
1744 40 20 -1 0
1745 39 36 0 1
1746 25 7 0 -1
1747 20 16 1 0
1748 29 36 1 0
1749 32 15 0 -1
1750 25 39 0 1
1751 31 29 0 1
1752 38 8 0 1
1753 39 19 0 1
1754 37 18 1 0
1755 92 13 -1 0
1756 29 35 1 0
1757 29 7 -1 0
1758 40 22 -1 0
1759 39 38 1 0
1760 41 0 -1 0
1761 31 11 0 -1
1762 41 24 0 -1
1763 74 0 0 1
1764 37 17 0 -1
1765 53 26 0 1
1766 41 20 -1 0
1767 42 26 0 -1
1768 36 11 0 -1
1769 35 4 -1 0
1770 26 7 1 0
1771 22 19 1 0
1772 40 13 0 -1
1773 30 9 0 -1
1774 10 16 0 -1
1775 28 0 -1 0
1776 67 18 1 0
1777 45 11 -1 0
1778 21 19 0 -1
1779 29 15 0 1
1780 36 19 -1 0
1781 27 31 1 0
1782 42 14 1 0
1783 37 9 0 1
1784 30 16 0 -1
1785 21 18 -1 0
1786 32 30 1 0
1787 49 1 -1 0
1788 32 34 0 -1
1789 37 1 0 -1
1790 40 0 0 -1
1791 28 20 1 0
1792 29 16 1 0
1793 35 18 1 0
1794 43 14 0 1
1795 28 38 1 0
1796 32 8 1 0
1797 31 30 0 1
1798 24 11 0 -1
1799 31 29 0 1
1800 40 23 1 0
1801 24 12 0 1
1802 26 1 1 0
1803 30 0 0 1
1804 45 15 0 -1
1805 39 20 -1 0
1806 17 14 1 0
1807 31 32 -1 0
1808 31 11 -1 0
1809 23 37 0 1
1810 18 14 1 0
1811 88 32 -1 0
1812 31 13 -1 0
1813 29 9 1 0
1814 38 24 0 -1
1815 34 16 0 1
1816 25 15 0 1
1817 46 22 -1 0
1818 29 10 1 0
1819 38 39 0 -1
1820 35 39 0 1
1821 19 23 0 1
1822 35 0 1 0
1823 37 8 0 1
1824 90 8 -1 0
1825 38 13 1 0
1826 35 10 0 -1
1827 31 0 0 1
1828 36 35 1 0
1829 24 9 0 1
1830 24 16 0 -1
1831 52 3 0 -1
1832 20 12 1 0
1833 37 24 0 -1
1834 40 20 0 -1
1835 29 21 0 -1
1836 30 17 0 1
1837 24 1 1 0
1838 40 11 -1 0
1839 18 13 1 0
1840 32 17 -1 0
1841 38 33 0 1
1842 2 20 -1 0
1843 30 31 -1 0
1844 30 11 0 -1
1845 90 2 0 1
1846 29 0 1 0
1847 26 19 0 -1
1848 23 18 0 -1
1849 99 28 1 0
1850 37 21 0 -1
1851 28 36 0 1
1852 21 15 1 0
1853 31 7 0 1
1854 37 37 0 1
1855 34 16 -1 0
1856 35 15 0 -1
1857 31 11 -1 0
1858 39 34 1 0
1859 43 16 1 0
1860 22 8 1 0
1861 30 2 0 1
1862 44 36 -1 0
1863 21 19 0 1
1864 26 19 0 1
1865 35 16 0 1
1866 94 32 0 -1
1867 29 38 -1 0
1868 41 34 -1 0
1869 34 14 1 0
1870 25 13 -1 0
1871 31 10 0 -1
1872 37 2 0 -1
1873 32 25 0 1
1874 31 18 0 -1
1875 31 38 0 -1
1876 32 8 0 1
1877 28 2 0 1
1878 41 13 1 0
1879 66 27 1 0
1880 35 7 0 1
1881 63 8 1 0
1882 29 19 -1 0
1883 21 13 0 -1
1884 77 16 -1 0
1885 32 38 -1 0
1886 32 31 0 -1
1887 35 7 0 1
1888 32 28 1 0
1889 37 34 1 0
1890 24 13 0 1
1891 99 4 -1 0
1892 29 3 1 0
1893 35 7 0 1
1894 37 0 0 -1
1895 41 22 -1 0
1896 35 29 -1 0
1897 44 15 -1 0
1898 30 33 -1 0
1899 23 35 0 -1
1900 40 17 0 -1
1901 42 17 0 1
1902 42 18 0 -1
1903 35 24 0 -1
1904 26 2 0 -1
1905 38 15 -1 0
1906 24 20 0 1
1907 44 18 0 1
1908 23 21 0 1
1909 40 23 0 -1
1910 16 13 0 1
1911 16 14 0 1
1912 21 17 0 -1
1913 42 23 -1 0
1914 38 34 0 1
1915 28 32 0 1
1916 19 10 0 -1
1917 24 19 -1 0
1918 40 13 -1 0
1919 38 36 -1 0
1920 36 38 1 0
1921 40 10 -1 0
1922 25 18 0 -1
1923 31 3 1 0
1924 38 18 -1 0
1925 29 16 -1 0
1926 66 7 -1 0
1927 27 7 0 1
1928 93 35 0 1
1929 32 16 -1 0
1930 21 19 0 1
1931 50 6 1 0
1932 7 19 0 -1
1933 27 11 1 0
1934 37 10 0 1
1935 27 17 0 1
1936 29 4 1 0
1937 37 9 0 1
1938 35 22 1 0
1939 39 11 0 1
1940 30 34 1 0
1941 39 17 1 0
1942 3 31 0 -1
1943 32 36 0 1
1944 71 39 1 0
1945 42 15 0 1
1946 36 10 -1 0
1947 22 12 -1 0
1948 41 17 -1 0
1949 35 10 0 1
1950 37 0 1 0
1951 38 14 -1 0
1952 28 9 1 0
1953 26 16 -1 0
1954 32 5 1 0
1955 20 14 1 0
1956 29 12 -1 0
1957 24 10 1 0
1958 26 11 0 -1
1959 58 6 -1 0
1960 24 17 1 0
1961 34 11 -1 0
1962 28 5 -1 0
1963 35 15 0 1
1964 40 6 0 1
1965 37 35 -1 0
1966 29 34 0 -1
1967 38 35 -1 0
1968 25 31 -1 0
1969 38 20 1 0
1970 24 22 -1 0
1971 26 36 0 1
1972 34 6 0 1
1973 28 13 0 -1
1974 1 1 1 0
1975 28 17 -1 0
1976 40 0 0 1
1977 39 18 0 1
1978 46 22 0 1
1979 27 9 0 1
1980 44 17 -1 0
1981 27 35 -1 0
1982 24 4 0 1
1983 37 13 1 0
1984 40 39 0 1
1985 70 12 0 1
1986 43 15 -1 0
1987 30 9 0 1
1988 16 21 1 0
1989 32 35 -1 0
1990 18 38 -1 0
1991 43 19 0 -1
1992 13 29 0 1
1993 41 17 0 1
1994 20 15 1 0
1995 29 6 -1 0
1996 26 16 -1 0
1997 38 20 0 -1
1998 29 0 -1 0
1999 54 39 0 -1
