0 17 3 0 -1
1 38 16 -1 0
2 2 29 -1 0
3 11 0 1 0
4 14 15 -1 0
5 3 4 0 1
6 14 36 0 -1
7 16 9 -1 0
8 1 1 -1 0
9 26 3 -1 0
10 19 10 0 -1
11 14 14 0 -1
12 4 24 0 -1
13 24 2 -1 0
14 11 33 -1 0
15 19 18 -1 0
16 9 9 0 1
17 10 8 0 -1
18 15 4 -1 0
19 26 9 -1 0
20 18 6 -1 0
21 22 3 0 1
22 18 13 1 0
23 7 26 0 1
24 19 6 0 -1
25 13 38 0 -1
26 17 5 0 1
27 24 1 -1 0
28 14 9 0 -1
29 9 9 1 0
30 11 10 0 1
31 23 39 -1 0
32 16 10 1 0
33 20 21 -1 0
34 23 1 0 -1
35 19 14 -1 0
36 7 5 0 1
37 20 10 -1 0
38 25 9 0 -1
39 18 13 0 -1
40 20 1 0 1
41 2 11 -1 0
42 8 9 0 -1
43 7 9 1 0
44 12 37 1 0
45 9 8 1 0
46 15 36 1 0
47 28 32 0 1
48 4 14 0 1
49 7 39 1 0
50 24 7 1 0
51 27 4 -1 0
52 24 8 0 -1
53 9 6 0 -1
54 19 9 -1 0
55 15 3 0 -1
56 25 39 0 -1
57 37 5 0 1
58 17 9 1 0
59 22 9 1 0
60 7 18 0 1
61 12 7 -1 0
62 1 27 0 1
63 21 10 0 -1
64 21 9 0 -1
65 13 0 1 0
66 24 3 -1 0
67 7 10 1 0
68 2 11 0 -1
69 14 8 0 -1
70 23 8 0 -1
71 36 1 1 0
72 31 30 0 -1
73 17 11 1 0
74 13 15 1 0
75 17 4 0 -1
76 9 38 1 0
77 5 3 0 1
78 18 9 1 0
79 14 1 1 0
80 11 39 0 1
81 16 10 -1 0
82 17 3 0 1
83 8 0 0 -1
84 13 35 -1 0
85 20 9 -1 0
86 39 4 0 1
87 12 34 0 1
88 17 5 0 -1
89 15 10 0 -1
90 38 34 0 1
91 16 4 0 -1
92 14 34 -1 0
93 27 6 0 -1
94 15 12 1 0
95 28 0 0 -1
96 19 5 1 0
97 18 12 -1 0
98 10 5 -1 0
99 19 30 0 -1
100 39 16 -1 0
101 12 11 0 1
102 22 5 0 1
103 19 7 -1 0
104 21 17 1 0
105 16 35 -1 0
106 6 14 0 1
107 5 18 1 0
108 24 6 0 -1
109 11 6 0 -1
110 23 2 0 -1
111 14 10 1 0
112 26 2 0 1
113 16 39 0 -1
114 31 19 0 1
115 16 6 0 1
116 9 39 0 1
117 19 39 0 1
118 32 28 0 1
119 12 13 1 0
120 37 11 1 0
121 20 0 -1 0
122 17 15 0 -1
123 10 10 0 -1
124 19 0 0 -1
125 33 28 1 0
126 5 24 1 0
127 13 10 -1 0
128 12 4 -1 0
129 6 6 1 0
130 14 0 1 0
131 9 11 1 0
132 18 29 0 1
133 10 38 -1 0
134 18 5 1 0
135 13 1 -1 0
136 13 14 1 0
137 0 10 1 0
138 0 38 -1 0
139 23 5 0 -1
140 12 3 1 0
141 18 0 1 0
142 16 11 -1 0
143 21 4 -1 0
144 12 17 1 0
145 19 23 1 0
146 30 5 0 1
147 17 4 0 1
148 22 11 0 -1
149 23 30 -1 0
150 19 12 1 0
151 21 4 0 1
152 21 39 -1 0
153 7 26 0 1
154 22 24 0 1
155 26 5 0 1
156 37 21 1 0
157 22 2 1 0
158 8 32 1 0
159 38 2 1 0
160 4 28 -1 0
161 14 37 1 0
162 11 2 1 0
163 29 35 0 -1
164 0 14 0 1
165 30 27 -1 0
166 18 20 0 -1
167 12 1 1 0
168 22 9 1 0
169 24 1 -1 0
170 12 11 1 0
171 14 37 1 0
172 9 14 1 0
173 5 4 0 1
174 13 7 0 -1
175 19 8 0 1
176 10 13 0 -1
177 21 4 -1 0
178 2 7 1 0
179 27 3 0 1
180 14 8 0 -1
181 11 10 0 1
182 36 17 1 0
183 25 1 0 1
184 16 38 0 -1
185 29 22 0 1
186 6 4 1 0
187 9 32 -1 0
188 9 10 1 0
189 19 12 0 1
190 6 7 0 -1
191 22 27 0 1
192 19 39 1 0
193 29 31 -1 0
194 12 34 0 1
195 30 7 0 1
196 17 1 0 1
197 14 36 0 -1
198 9 11 0 1
199 14 38 1 0
200 2 36 0 1
201 27 9 0 1
202 9 38 0 1
203 17 10 -1 0
204 2 14 -1 0
205 7 7 1 0
206 12 35 -1 0
207 27 7 -1 0
208 12 6 -1 0
209 11 11 -1 0
210 32 28 -1 0
211 19 2 0 -1
212 10 36 1 0
213 27 9 0 -1
214 16 12 0 1
215 11 35 0 1
216 7 1 -1 0
217 16 1 1 0
218 25 4 0 -1
219 15 1 0 1
220 17 35 1 0
221 17 37 -1 0
222 8 38 0 1
223 11 33 0 1
224 27 5 0 1
225 34 13 0 -1
226 22 2 -1 0
227 14 32 0 1
228 24 39 1 0
229 36 5 0 1
230 15 38 -1 0
231 15 14 0 1
232 12 8 1 0
233 15 39 1 0
234 4 4 0 -1
235 22 6 0 -1
236 13 1 -1 0
237 18 7 1 0
238 16 35 0 1
239 21 14 -1 0
240 14 37 1 0
241 27 24 0 -1
242 14 18 -1 0
243 26 33 -1 0
244 22 26 0 1
245 1 35 0 -1
246 11 3 -1 0
247 9 4 -1 0
248 12 14 0 -1
249 8 37 1 0
250 20 29 -1 0
251 16 39 0 -1
252 10 37 0 1
253 26 2 -1 0
254 16 5 0 1
255 14 36 1 0
256 13 36 -1 0
257 13 9 1 0
258 21 28 1 0
259 26 29 0 -1
260 22 8 0 -1
261 22 38 0 1
262 14 7 -1 0
263 15 6 -1 0
264 8 5 -1 0
265 0 24 0 1
266 16 8 0 -1
267 5 14 0 1
268 13 17 0 1
269 4 16 0 -1
270 28 9 0 1
271 8 8 0 1
272 14 12 0 -1
273 19 38 0 1
274 10 29 0 -1
275 0 16 0 -1
276 20 5 1 0
277 28 12 0 1
278 13 12 1 0
279 10 12 0 -1
280 8 1 1 0
281 15 4 0 -1
282 15 4 1 0
283 3 3 -1 0
284 9 12 1 0
285 14 6 0 -1
286 21 13 -1 0
287 7 36 1 0
288 19 8 0 1
289 12 9 1 0
290 36 10 0 1
291 9 6 0 1
292 24 6 -1 0
293 12 3 0 -1
294 21 5 0 1
295 7 22 -1 0
296 18 17 0 -1
297 8 37 1 0
298 21 1 0 1
299 13 4 0 -1
300 35 17 1 0
301 10 5 -1 0
302 26 1 0 1
303 17 20 1 0
304 20 4 0 -1
305 16 12 0 -1
306 27 2 -1 0
307 19 11 0 1
308 17 11 0 1
309 19 13 0 -1
310 13 37 -1 0
311 13 34 0 1
312 16 12 1 0
313 16 13 0 -1
314 5 24 0 -1
315 21 10 1 0
316 30 34 0 1
317 30 8 0 1
318 17 19 0 -1
319 14 4 -1 0
320 24 39 0 1
321 15 38 -1 0
322 9 10 1 0
323 12 12 0 -1
324 21 2 1 0
325 16 9 0 1
326 16 5 0 1
327 13 5 -1 0
328 38 25 0 -1
329 14 20 -1 0
330 13 1 -1 0
331 37 1 -1 0
332 17 10 -1 0
333 10 39 0 -1
334 22 1 0 1
335 24 26 1 0
336 20 8 1 0
337 13 15 1 0
338 14 0 1 0
339 25 7 0 1
340 8 39 0 1
341 31 22 -1 0
342 17 39 0 1
343 4 15 -1 0
344 18 7 -1 0
345 11 1 0 1
346 29 14 0 -1
347 15 3 0 1
348 28 17 0 1
349 17 38 0 -1
350 15 13 1 0
351 20 3 -1 0
352 17 4 -1 0
353 25 7 1 0
354 11 6 0 1
355 18 2 0 1
356 6 9 0 1
357 31 13 0 1
358 10 4 0 1
359 25 1 0 1
360 12 34 0 1
361 4 2 -1 0
362 15 7 -1 0
363 16 6 0 1
364 10 39 0 1
365 9 11 0 -1
366 19 39 1 0
367 17 7 -1 0
368 18 39 0 1
369 15 8 0 -1
370 31 21 0 1
371 18 14 0 -1
372 23 2 1 0
373 17 11 1 0
374 4 20 1 0
375 14 10 -1 0
376 16 3 0 1
377 2 28 1 0
378 7 11 -1 0
379 14 2 0 -1
380 20 1 1 0
381 21 5 0 1
382 25 4 0 1
383 10 10 -1 0
384 27 6 0 -1
385 24 4 -1 0
386 35 1 0 -1
387 39 33 0 -1
388 4 7 0 1
389 23 8 0 1
390 15 28 1 0
391 15 2 1 0
392 11 36 0 -1
393 20 15 0 -1
394 8 11 1 0
395 30 37 0 1
396 9 36 1 0
397 25 33 -1 0
398 14 9 0 1
399 38 4 0 1
400 15 12 0 -1
401 8 3 1 0
402 11 38 -1 0
403 34 12 -1 0
404 26 4 -1 0
405 10 39 1 0
406 8 38 1 0
407 7 7 1 0
408 22 3 0 -1
409 24 9 0 -1
410 20 12 0 1
411 31 31 1 0
412 15 1 1 0
413 14 34 -1 0
414 36 38 1 0
415 19 1 -1 0
416 19 3 1 0
417 1 37 0 1
418 14 3 1 0
419 24 2 -1 0
420 22 5 1 0
421 21 12 0 1
422 14 35 0 1
423 8 39 1 0
424 8 2 1 0
425 10 3 1 0
426 23 21 0 1
427 7 3 0 1
428 12 5 0 1
429 19 2 1 0
430 26 11 0 1
431 11 37 -1 0
432 7 37 1 0
433 22 37 -1 0
434 13 38 1 0
435 20 16 0 -1
436 9 22 1 0
437 19 14 0 -1
438 10 3 -1 0
439 21 13 -1 0
440 25 2 -1 0
441 24 5 0 1
442 18 10 0 -1
443 14 2 0 1
444 12 0 0 1
445 16 0 0 1
446 18 37 -1 0
447 11 0 0 -1
448 12 26 0 1
449 15 39 1 0
450 20 9 -1 0
451 11 38 1 0
452 14 23 0 -1
453 22 10 1 0
454 8 10 -1 0
455 10 2 -1 0
456 5 13 0 1
457 19 1 -1 0
458 16 15 -1 0
459 20 8 0 1
460 9 36 1 0
461 13 2 0 -1
462 19 13 1 0
463 6 3 0 1
464 30 6 -1 0
465 25 4 -1 0
466 7 0 1 0
467 26 3 0 1
468 29 21 1 0
469 10 38 0 1
470 18 35 -1 0
471 14 2 -1 0
472 33 31 0 1
473 13 36 -1 0
474 13 38 -1 0
475 11 1 0 -1
476 10 3 0 -1
477 23 3 -1 0
478 18 27 -1 0
479 0 9 0 1
480 7 2 0 1
481 38 33 -1 0
482 10 11 0 -1
483 6 4 1 0
484 9 15 1 0
485 11 7 -1 0
486 33 27 1 0
487 27 14 0 1
488 26 4 0 -1
489 10 35 0 1
490 21 15 -1 0
491 8 8 0 1
492 11 12 0 -1
493 21 3 -1 0
494 39 9 -1 0
495 16 1 1 0
496 17 2 -1 0
497 10 4 0 -1
498 9 7 0 -1
499 13 5 0 1
500 14 11 0 1
501 12 0 -1 0
502 10 6 1 0
503 8 29 0 1
504 17 1 0 1
505 9 38 0 1
506 10 0 0 -1
507 6 6 1 0
508 23 39 -1 0
509 20 5 0 -1
510 5 39 1 0
511 15 12 -1 0
512 8 6 0 -1
513 16 7 0 1
514 16 0 0 1
515 15 35 0 1
516 7 4 1 0
517 14 13 0 -1
518 1 17 0 1
519 8 7 1 0
520 18 11 -1 0
521 18 8 1 0
522 20 3 0 -1
523 13 36 1 0
524 20 25 1 0
525 16 9 1 0
526 5 13 0 -1
527 20 11 0 1
528 9 10 1 0
529 13 7 1 0
530 4 37 0 -1
531 38 31 -1 0
532 13 11 -1 0
533 17 35 0 1
534 6 37 0 -1
535 27 13 0 1
536 36 15 0 -1
537 13 4 0 1
538 22 8 -1 0
539 24 8 0 -1
540 18 39 0 1
541 19 4 -1 0
542 12 17 -1 0
543 14 3 0 -1
544 24 7 1 0
545 35 13 0 -1
546 12 7 1 0
547 24 3 0 -1
548 18 5 0 1
549 2 9 0 1
550 20 2 -1 0
551 27 6 0 -1
552 20 6 1 0
553 21 1 0 -1
554 30 16 -1 0
555 23 8 -1 0
556 15 37 0 -1
557 17 29 1 0
558 22 6 1 0
559 20 39 0 1
560 11 2 1 0
561 23 9 0 1
562 26 8 0 -1
563 11 39 0 1
564 33 23 0 1
565 11 11 0 1
566 17 2 -1 0
567 37 13 0 1
568 23 1 0 1
569 3 17 -1 0
570 10 2 0 -1
571 21 38 0 1
572 12 38 0 -1
573 16 11 1 0
574 8 30 0 -1
575 35 16 0 1
576 23 10 0 -1
577 11 28 1 0
578 14 13 1 0
579 34 17 -1 0
580 19 33 1 0
581 3 12 0 -1
582 22 1 -1 0
583 10 27 0 -1
584 24 8 0 -1
585 2 15 1 0
586 32 0 1 0
587 15 39 -1 0
588 15 32 -1 0
589 24 9 0 -1
590 18 8 -1 0
591 21 16 1 0
592 9 36 1 0
593 4 24 1 0
594 9 3 1 0
595 10 0 0 -1
596 26 28 -1 0
597 24 9 -1 0
598 37 12 0 -1
599 8 10 1 0
600 7 8 -1 0
601 12 36 0 -1
602 20 17 0 -1
603 18 14 0 1
604 4 32 -1 0
605 10 7 1 0
606 26 7 0 -1
607 27 5 0 -1
608 12 1 1 0
609 10 5 0 1
610 17 24 1 0
611 18 2 1 0
612 23 38 0 1
613 26 14 1 0
614 11 12 -1 0
615 10 1 1 0
616 8 7 0 -1
617 31 2 -1 0
618 35 27 0 1
619 34 23 1 0
620 15 33 0 -1
621 21 8 0 -1
622 14 10 -1 0
623 15 2 1 0
624 15 7 1 0
625 19 16 0 -1
626 18 6 1 0
627 39 26 0 -1
628 11 12 -1 0
629 8 8 1 0
630 23 7 0 -1
631 27 5 0 1
632 23 9 1 0
633 7 8 1 0
634 12 12 1 0
635 3 22 1 0
636 3 39 1 0
637 13 5 0 1
638 12 29 -1 0
639 37 18 1 0
640 23 4 -1 0
641 5 39 0 1
642 20 11 -1 0
643 20 3 1 0
644 15 17 0 1
645 13 33 0 1
646 17 0 1 0
647 14 5 -1 0
648 16 13 1 0
649 21 8 -1 0
650 8 9 1 0
651 3 20 -1 0
652 24 10 -1 0
653 19 35 1 0
654 27 8 -1 0
655 21 0 -1 0
656 17 2 1 0
657 26 26 0 -1
658 6 11 0 1
659 12 11 0 1
660 24 39 0 1
661 8 3 1 0
662 30 25 0 1
663 13 14 0 1
664 16 8 1 0
665 34 24 0 1
666 22 16 -1 0
667 14 28 0 1
668 7 3 0 -1
669 13 11 -1 0
670 17 21 0 1
671 3 20 1 0
672 15 11 1 0
673 14 6 -1 0
674 21 7 -1 0
675 9 16 0 1
676 28 31 1 0
677 10 13 0 -1
678 22 17 1 0
679 17 38 0 -1
680 26 28 0 1
681 12 5 1 0
682 37 12 0 -1
683 19 10 -1 0
684 15 36 -1 0
685 19 10 -1 0
686 9 1 1 0
687 35 33 0 1
688 10 6 -1 0
689 14 39 0 1
690 26 7 0 -1
691 17 8 0 -1
692 18 10 -1 0
693 16 36 -1 0
694 9 35 0 1
695 16 7 0 1
696 35 33 0 -1
697 3 31 0 1
698 12 9 -1 0
699 18 7 -1 0
700 9 7 1 0
701 16 10 0 1
702 23 0 0 1
703 11 36 0 -1
704 22 16 -1 0
705 19 4 1 0
706 14 14 0 -1
707 11 38 0 -1
708 39 10 0 -1
709 21 5 1 0
710 18 14 0 -1
711 11 11 -1 0
712 5 16 0 -1
713 13 6 0 1
714 4 1 0 -1
715 22 0 -1 0
716 9 12 1 0
717 6 2 0 1
718 38 23 0 1
719 13 13 0 -1
720 14 4 0 1
721 30 37 -1 0
722 24 17 0 -1
723 11 2 0 -1
724 26 30 1 0
725 15 2 1 0
726 2 33 0 -1
727 37 8 0 -1
728 25 3 0 1
729 6 4 1 0
730 9 12 1 0
731 23 3 1 0
732 12 35 1 0
733 22 10 1 0
734 19 4 0 1
735 10 10 1 0
736 17 14 0 -1
737 8 5 0 -1
738 11 1 0 1
739 10 35 1 0
740 15 3 -1 0
741 13 31 0 1
742 9 1 1 0
743 18 1 0 1
744 7 38 0 -1
745 18 13 0 1
746 9 6 0 -1
747 17 14 0 -1
748 15 5 0 1
749 23 26 -1 0
750 24 5 -1 0
751 8 5 1 0
752 12 3 0 -1
753 26 7 0 1
754 32 1 -1 0
755 26 22 0 -1
756 25 14 0 -1
757 7 6 0 -1
758 28 19 0 1
759 16 37 -1 0
760 8 38 0 1
761 21 13 -1 0
762 9 4 -1 0
763 6 2 0 -1
764 25 2 -1 0
765 10 1 -1 0
766 25 0 -1 0
767 7 2 -1 0
768 8 37 -1 0
769 34 38 1 0
770 11 5 0 1
771 17 9 0 -1
772 23 3 0 1
773 6 17 0 -1
774 20 0 1 0
775 12 26 0 1
776 11 34 0 1
777 25 9 -1 0
778 34 11 0 1
779 13 35 0 1
780 10 1 0 -1
781 8 9 1 0
782 15 36 1 0
783 17 1 -1 0
784 9 8 0 1
785 5 12 1 0
786 7 3 1 0
787 11 6 -1 0
788 37 20 0 1
789 9 39 0 1
790 16 7 0 -1
791 22 39 -1 0
792 0 16 -1 0
793 8 36 0 1
794 12 7 -1 0
795 12 5 -1 0
796 18 36 -1 0
797 20 38 0 1
798 14 35 0 1
799 10 11 1 0
800 26 6 -1 0
801 13 4 1 0
802 20 4 0 -1
803 22 7 -1 0
804 27 4 -1 0
805 6 8 0 1
806 26 23 -1 0
807 15 13 0 -1
808 8 31 0 1
809 21 0 0 -1
810 13 10 0 1
811 26 6 0 1
812 4 9 0 1
813 15 11 1 0
814 10 7 0 -1
815 11 36 0 1
816 19 0 -1 0
817 11 4 -1 0
818 20 13 1 0
819 36 7 1 0
820 9 3 -1 0
821 28 4 0 -1
822 10 9 0 1
823 15 5 1 0
824 7 1 1 0
825 14 11 0 -1
826 22 39 0 1
827 20 35 -1 0
828 19 5 -1 0
829 36 17 0 -1
830 25 11 0 1
831 13 23 0 1
832 18 8 0 1
833 23 4 0 1
834 18 0 1 0
835 18 6 0 1
836 13 37 -1 0
837 15 35 1 0
838 17 12 -1 0
839 10 9 1 0
840 6 5 1 0
841 22 6 0 1
842 22 38 0 1
843 8 4 1 0
844 23 0 -1 0
845 11 39 -1 0
846 10 8 1 0
847 24 30 -1 0
848 20 9 1 0
849 7 1 1 0
850 21 2 -1 0
851 20 6 0 1
852 9 5 0 1
853 8 1 0 -1
854 12 37 0 -1
855 15 20 0 1
856 11 37 -1 0
857 12 0 -1 0
858 33 21 0 -1
859 17 12 0 -1
860 7 6 0 -1
861 28 38 0 -1
862 10 37 0 1
863 35 38 1 0
864 17 6 0 -1
865 25 7 1 0
866 20 11 1 0
867 7 0 1 0
868 30 9 1 0
869 20 13 -1 0
870 32 8 -1 0
871 23 9 0 -1
872 18 1 0 -1
873 13 3 0 1
874 22 9 0 -1
875 1 26 -1 0
876 16 2 0 1
877 8 4 0 1
878 28 33 1 0
879 14 12 -1 0
880 21 34 -1 0
881 37 37 0 -1
882 22 2 0 1
883 12 2 0 1
884 22 3 0 -1
885 20 14 -1 0
886 3 5 0 -1
887 35 2 -1 0
888 21 8 0 -1
889 23 4 1 0
890 8 2 1 0
891 20 16 -1 0
892 1 15 -1 0
893 11 5 -1 0
894 23 10 0 -1
895 20 14 0 1
896 15 14 -1 0
897 26 5 0 1
898 14 34 0 1
899 20 13 0 1
900 28 29 -1 0
901 20 15 -1 0
902 13 9 -1 0
903 27 39 -1 0
904 18 4 0 1
905 9 19 -1 0
906 24 32 -1 0
907 20 39 -1 0
908 39 23 0 1
909 23 6 0 -1
910 39 12 1 0
911 12 13 0 -1
912 10 6 0 -1
913 15 16 0 1
914 22 7 0 -1
915 34 2 0 -1
916 9 4 -1 0
917 17 36 -1 0
918 21 9 1 0
919 21 7 0 -1
920 1 0 0 1
921 13 21 0 1
922 38 13 -1 0
923 12 35 -1 0
924 25 6 -1 0
925 19 16 0 -1
926 19 29 1 0
927 14 4 -1 0
928 22 7 0 1
929 39 35 1 0
930 17 13 -1 0
931 21 33 1 0
932 20 35 -1 0
933 8 7 1 0
934 9 0 0 -1
935 9 13 0 -1
936 23 20 1 0
937 24 38 0 1
938 19 5 0 -1
939 38 33 -1 0
940 15 8 0 -1
941 21 10 0 -1
942 17 7 -1 0
943 21 6 1 0
944 22 1 -1 0
945 26 8 0 -1
946 3 33 0 1
947 6 3 0 1
948 26 2 0 1
949 18 16 1 0
950 0 27 0 1
951 20 10 -1 0
952 11 14 -1 0
953 2 16 -1 0
954 34 16 0 1
955 36 17 0 1
956 0 13 0 1
957 16 8 0 -1
958 8 6 1 0
959 10 35 0 1
960 5 27 0 -1
961 16 2 -1 0
962 21 3 1 0
963 32 38 1 0
964 21 32 -1 0
965 5 6 -1 0
966 28 11 1 0
967 18 3 1 0
968 16 3 1 0
969 18 11 0 1
970 13 8 1 0
971 6 6 1 0
972 12 36 -1 0
973 17 3 -1 0
974 10 8 0 1
975 12 4 0 -1
976 0 23 0 1
977 27 4 0 1
978 12 8 0 1
979 10 2 1 0
980 10 36 0 1
981 15 14 -1 0
982 2 24 0 -1
983 25 5 0 1
984 20 5 1 0
985 20 38 0 1
986 17 6 0 1
987 18 15 0 -1
988 16 39 0 -1
989 23 17 1 0
990 4 1 1 0
991 8 1 1 0
992 21 23 0 1
993 13 12 0 -1
994 24 18 -1 0
995 17 39 -1 0
996 18 9 0 -1
997 20 16 1 0
998 13 6 -1 0
999 21 15 -1 0
1000 18 9 -1 0
1001 4 36 1 0
1002 15 10 0 -1
1003 25 1 -1 0
1004 19 6 1 0
1005 14 21 1 0
1006 17 13 -1 0
1007 9 37 -1 0
1008 22 38 0 1
1009 7 4 -1 0
1010 19 6 1 0
1011 11 7 -1 0
1012 14 3 -1 0
1013 21 2 -1 0
1014 11 0 -1 0
1015 31 37 0 1
1016 30 17 0 -1
1017 28 11 0 1
1018 17 36 -1 0
1019 17 15 -1 0
1020 20 12 -1 0
1021 26 4 0 -1
1022 29 7 0 -1
1023 9 39 0 1
1024 15 6 0 1
1025 24 6 -1 0
1026 14 38 0 -1
1027 8 4 1 0
1028 35 25 0 1
1029 21 20 0 -1
1030 9 13 1 0
1031 6 39 0 -1
1032 35 12 -1 0
1033 5 27 0 1
1034 38 2 0 -1
1035 20 1 -1 0
1036 0 20 0 1
1037 12 38 1 0
1038 10 13 0 -1
1039 34 29 -1 0
1040 25 3 -1 0
1041 12 1 0 -1
1042 23 0 0 1
1043 22 11 0 -1
1044 12 38 0 -1
1045 21 39 0 1
1046 25 6 1 0
1047 2 30 0 1
1048 3 38 -1 0
1049 10 36 1 0
1050 32 18 1 0
1051 15 11 -1 0
1052 6 7 0 -1
1053 12 6 -1 0
1054 23 5 1 0
1055 32 11 0 -1
1056 9 37 1 0
1057 21 1 0 1
1058 9 2 1 0
1059 24 0 -1 0
1060 23 1 1 0
1061 18 1 1 0
1062 10 7 -1 0
1063 21 9 -1 0
1064 20 6 0 1
1065 34 23 0 1
1066 19 26 1 0
1067 11 34 0 1
1068 12 10 0 1
1069 25 8 0 -1
1070 7 36 0 1
1071 7 0 0 1
1072 25 8 0 -1
1073 13 34 -1 0
1074 6 1 1 0
1075 4 39 0 1
1076 25 27 0 1
1077 11 4 0 1
1078 24 3 -1 0
1079 6 5 1 0
1080 7 5 1 0
1081 9 3 1 0
1082 23 7 0 1
1083 18 15 -1 0
1084 23 35 -1 0
1085 14 6 -1 0
1086 1 38 1 0
1087 35 29 0 -1
1088 19 15 0 -1
1089 17 12 0 1
1090 15 35 0 1
1091 6 7 1 0
1092 30 24 -1 0
1093 7 4 1 0
1094 7 11 0 -1
1095 22 13 0 -1
1096 27 11 1 0
1097 9 2 0 -1
1098 16 37 -1 0
1099 10 12 1 0
1100 29 24 0 -1
1101 12 2 0 1
1102 14 5 -1 0
1103 33 24 -1 0
1104 17 33 -1 0
1105 15 37 1 0
1106 15 1 1 0
1107 39 26 -1 0
1108 21 38 1 0
1109 26 3 0 1
1110 13 0 -1 0
1111 13 7 1 0
1112 1 25 0 -1
1113 15 8 0 -1
1114 21 16 -1 0
1115 15 10 -1 0
1116 10 0 0 -1
1117 13 33 0 1
1118 20 0 1 0
1119 10 38 0 -1
1120 1 22 0 -1
1121 6 29 0 1
1122 29 32 1 0
1123 21 15 -1 0
1124 39 25 0 1
1125 18 15 0 -1
1126 15 37 -1 0
1127 10 12 0 -1
1128 14 7 0 1
1129 23 2 0 1
1130 24 10 0 -1
1131 37 3 0 -1
1132 25 17 1 0
1133 1 16 -1 0
1134 17 6 0 1
1135 21 19 1 0
1136 19 15 -1 0
1137 13 15 1 0
1138 24 0 -1 0
1139 9 5 -1 0
1140 13 2 0 1
1141 21 6 0 1
1142 14 38 1 0
1143 27 2 -1 0
1144 14 1 0 -1
1145 14 8 0 -1
1146 15 9 -1 0
1147 18 2 0 1
1148 15 9 -1 0
1149 14 1 0 -1
1150 22 8 -1 0
1151 23 7 0 -1
1152 8 3 0 1
1153 13 35 0 1
1154 10 4 0 -1
1155 33 26 -1 0
1156 22 4 -1 0
1157 18 30 0 -1
1158 9 17 -1 0
1159 34 25 -1 0
1160 26 6 -1 0
1161 20 38 0 1
1162 9 7 0 -1
1163 12 13 0 -1
1164 29 27 0 -1
1165 14 7 0 -1
1166 19 3 1 0
1167 20 8 0 -1
1168 13 37 1 0
1169 17 0 0 1
1170 11 33 0 1
1171 19 20 0 -1
1172 5 9 0 -1
1173 19 13 1 0
1174 12 6 1 0
1175 7 6 -1 0
1176 12 12 0 -1
1177 21 34 -1 0
1178 13 3 -1 0
1179 14 9 0 1
1180 4 34 -1 0
1181 13 8 0 -1
1182 21 39 0 1
1183 32 35 -1 0
1184 17 15 1 0
1185 18 10 1 0
1186 21 11 -1 0
1187 13 6 1 0
1188 17 35 0 1
1189 22 5 -1 0
1190 11 35 1 0
1191 20 14 -1 0
1192 24 7 -1 0
1193 3 7 -1 0
1194 25 38 -1 0
1195 21 12 0 1
1196 16 36 0 1
1197 25 8 0 -1
1198 19 3 1 0
1199 21 7 0 -1
1200 12 10 1 0
1201 18 12 -1 0
1202 8 0 -1 0
1203 35 12 0 -1
1204 3 21 0 -1
1205 34 28 -1 0
1206 4 22 1 0
1207 12 36 -1 0
1208 10 11 1 0
1209 14 35 -1 0
1210 17 10 0 -1
1211 19 14 -1 0
1212 16 14 0 -1
1213 22 15 -1 0
1214 19 9 0 -1
1215 19 17 0 -1
1216 24 2 1 0
1217 25 9 -1 0
1218 25 38 1 0
1219 7 21 1 0
1220 19 1 0 1
1221 26 13 -1 0
1222 19 12 -1 0
1223 15 0 0 -1
1224 31 33 1 0
1225 12 37 0 -1
1226 19 9 1 0
1227 21 6 -1 0
1228 27 26 -1 0
1229 21 22 -1 0
1230 9 1 -1 0
1231 37 37 -1 0
1232 11 8 1 0
1233 13 3 0 -1
1234 18 11 0 -1
1235 16 36 0 1
1236 8 0 1 0
1237 12 9 -1 0
1238 35 24 1 0
1239 11 8 1 0
1240 19 7 0 -1
1241 15 20 1 0
1242 11 9 0 1
1243 18 16 1 0
1244 8 27 0 -1
1245 25 3 -1 0
1246 16 38 0 -1
1247 19 15 -1 0
1248 14 12 0 -1
1249 13 12 -1 0
1250 8 10 1 0
1251 15 6 0 -1
1252 25 2 -1 0
1253 21 38 0 1
1254 16 37 0 -1
1255 38 19 -1 0
1256 27 17 0 -1
1257 16 4 0 -1
1258 14 0 0 1
1259 3 22 0 1
1260 27 3 -1 0
1261 27 11 0 1
1262 32 3 -1 0
1263 16 1 -1 0
1264 15 0 0 1
1265 20 36 -1 0
1266 20 39 0 1
1267 38 22 1 0
1268 17 17 0 1
1269 17 16 0 -1
1270 26 11 0 1
1271 14 14 0 -1
1272 31 12 1 0
1273 22 15 -1 0
1274 14 15 0 -1
1275 35 1 0 1
1276 3 22 0 1
1277 18 5 1 0
1278 11 8 0 -1
1279 39 31 0 -1
1280 13 11 -1 0
1281 19 2 -1 0
1282 12 16 -1 0
1283 24 4 1 0
1284 38 21 0 1
1285 14 5 0 -1
1286 13 10 1 0
1287 11 37 0 1
1288 17 14 0 -1
1289 16 38 0 -1
1290 19 0 0 1
1291 16 23 1 0
1292 20 7 -1 0
1293 22 4 0 -1
1294 12 2 1 0
1295 9 5 0 -1
1296 24 26 -1 0
1297 6 28 0 1
1298 20 2 -1 0
1299 7 5 0 -1
1300 17 37 0 -1
1301 19 7 0 -1
1302 9 0 0 1
1303 10 37 0 1
1304 6 1 0 1
1305 27 33 1 0
1306 25 5 -1 0
1307 38 32 0 -1
1308 18 39 0 1
1309 23 6 1 0
1310 38 5 0 -1
1311 9 9 -1 0
1312 2 3 1 0
1313 11 10 1 0
1314 17 0 0 1
1315 37 13 0 -1
1316 24 0 -1 0
1317 17 8 0 -1
1318 4 7 0 1
1319 22 4 0 1
1320 15 9 0 -1
1321 25 6 0 1
1322 22 39 0 1
1323 18 4 1 0
1324 10 29 -1 0
1325 9 0 0 1
1326 22 27 1 0
1327 21 3 0 -1
1328 23 38 -1 0
1329 26 8 0 -1
1330 16 5 0 -1
1331 15 5 0 -1
1332 13 0 0 1
1333 33 28 0 1
1334 23 21 -1 0
1335 15 38 0 -1
1336 13 34 0 1
1337 32 9 -1 0
1338 38 23 1 0
1339 38 29 1 0
1340 12 8 0 -1
1341 23 5 0 -1
1342 31 39 0 -1
1343 32 22 1 0
1344 16 11 0 1
1345 33 10 1 0
1346 24 5 0 -1
1347 11 9 1 0
1348 38 26 1 0
1349 17 36 -1 0
1350 17 7 0 1
1351 20 7 -1 0
1352 20 4 0 1
1353 15 0 -1 0
1354 11 9 1 0
1355 26 32 -1 0
1356 35 0 1 0
1357 11 3 -1 0
1358 11 5 -1 0
1359 11 34 1 0
1360 13 26 0 -1
1361 9 8 0 -1
1362 18 3 -1 0
1363 13 8 1 0
1364 18 0 0 -1
1365 23 39 0 1
1366 18 3 0 1
1367 13 13 -1 0
1368 28 35 0 1
1369 24 4 1 0
1370 25 5 0 -1
1371 34 26 -1 0
1372 4 15 0 -1
1373 16 2 1 0
1374 37 28 1 0
1375 11 35 0 1
1376 17 5 -1 0
1377 17 13 -1 0
1378 17 38 0 1
1379 28 23 0 1
1380 16 13 0 -1
1381 11 7 0 -1
1382 8 2 0 -1
1383 17 9 0 -1
1384 9 2 0 -1
1385 8 6 0 1
1386 22 0 0 1
1387 7 14 0 -1
1388 18 4 0 1
1389 16 6 -1 0
1390 17 8 0 -1
1391 16 4 0 -1
1392 17 39 0 -1
1393 23 6 1 0
1394 7 2 0 -1
1395 23 10 0 -1
1396 6 2 1 0
1397 20 12 0 1
1398 24 10 0 -1
1399 26 19 -1 0
1400 7 39 1 0
1401 13 9 -1 0
1402 18 12 -1 0
1403 27 7 0 -1
1404 22 0 -1 0
1405 18 38 0 1
1406 36 4 1 0
1407 19 16 0 -1
1408 8 39 0 1
1409 13 2 -1 0
1410 14 11 1 0
1411 32 11 0 -1
1412 11 4 0 1
1413 0 15 -1 0
1414 6 33 0 -1
1415 22 10 0 -1
1416 17 37 0 -1
1417 14 15 0 -1
1418 16 3 0 1
1419 20 2 0 1
1420 15 7 1 0
1421 20 7 1 0
1422 7 10 1 0
1423 24 1 -1 0
1424 11 3 0 1
1425 26 5 -1 0
1426 20 15 -1 0
1427 32 34 -1 0
1428 12 10 -1 0
1429 10 9 1 0
1430 34 7 0 -1
1431 6 35 0 1
1432 24 26 1 0
1433 32 19 -1 0
1434 1 23 -1 0
1435 17 16 0 -1
1436 21 0 1 0
1437 16 20 0 1
1438 21 14 -1 0
1439 19 8 -1 0
