0 9 0 1 0
1 31 26 0 -1
2 16 17 1 0
3 10 34 1 0
4 36 15 0 1
5 39 7 0 -1
6 31 39 1 0
7 14 14 1 0
8 9 30 1 0
9 37 29 -1 0
10 36 10 0 -1
11 27 31 0 -1
12 38 35 -1 0
13 2 9 0 1
14 7 26 0 -1
15 2 13 0 1
16 3 17 -1 0
17 16 15 0 1
18 17 27 0 1
19 10 36 0 -1
20 20 35 0 1
21 23 3 -1 0
22 36 37 -1 0
23 38 24 0 -1
24 38 39 -1 0
25 18 11 1 0
26 34 5 1 0
27 33 21 1 0
28 31 24 0 1
29 7 8 1 0
30 27 30 0 -1
31 32 0 1 0
32 9 30 0 -1
33 0 3 0 1
34 11 29 -1 0
35 27 25 1 0
36 5 35 0 1
37 36 33 0 -1
38 22 12 -1 0
39 29 18 0 -1
40 28 14 1 0
41 17 2 0 1
42 11 1 -1 0
43 31 37 0 -1
44 38 37 0 1
45 22 18 0 -1
46 5 30 -1 0
47 15 28 0 1
48 1 30 0 1
49 13 0 1 0
50 34 6 -1 0
51 16 29 -1 0
52 6 8 1 0
53 27 15 0 1
54 28 1 0 -1
55 32 16 1 0
56 30 7 0 1
57 27 12 0 1
58 3 21 0 1
59 25 33 -1 0
60 9 4 -1 0
61 19 16 1 0
62 27 9 1 0
63 1 13 1 0
64 34 24 -1 0
65 19 38 0 1
66 37 35 1 0
67 22 5 0 1
68 25 28 -1 0
69 9 28 0 1
70 24 12 -1 0
71 28 22 -1 0
72 9 22 0 1
73 15 5 1 0
74 10 28 -1 0
75 8 7 -1 0
76 26 28 -1 0
77 5 39 0 1
78 17 5 -1 0
79 37 3 -1 0
80 22 35 0 1
81 2 7 0 -1
82 14 21 -1 0
83 19 16 -1 0
84 36 20 -1 0
85 13 14 -1 0
86 15 24 0 -1
87 6 28 0 -1
88 25 26 -1 0
89 23 24 1 0
90 23 6 -1 0
91 38 0 1 0
92 28 19 0 1
93 6 3 0 -1
94 22 35 0 -1
95 15 19 0 1
96 17 13 0 1
97 4 10 1 0
98 27 21 -1 0
99 5 29 0 1
100 3 34 0 1
101 1 13 -1 0
102 21 17 0 1
103 11 36 0 1
104 31 20 0 -1
105 20 36 1 0
106 13 37 0 -1
107 11 26 1 0
108 34 30 0 1
109 25 35 0 -1
110 39 35 -1 0
111 2 13 0 -1
112 17 38 0 1
113 34 24 0 -1
114 26 16 1 0
115 21 7 -1 0
116 9 1 0 1
117 12 11 0 -1
118 15 22 0 1
119 24 5 -1 0
120 20 35 1 0
121 17 2 0 -1
122 8 7 0 1
123 5 6 -1 0
124 10 21 0 -1
125 10 2 0 1
126 2 36 1 0
127 24 36 1 0
128 19 5 1 0
129 31 16 0 -1
130 21 15 0 1
131 15 38 0 -1
132 14 36 0 1
133 19 23 1 0
134 24 18 0 1
135 28 12 0 -1
136 36 11 1 0
137 11 26 1 0
138 27 39 0 1
139 32 12 -1 0
140 34 2 0 -1
141 12 4 0 1
142 20 6 0 -1
143 15 18 0 -1
144 34 18 -1 0
145 22 37 0 1
146 6 13 0 -1
147 10 1 0 1
148 8 10 -1 0
149 29 25 -1 0
150 7 18 0 1
151 24 9 -1 0
152 23 28 0 1
153 34 0 -1 0
154 0 35 0 -1
155 7 31 -1 0
156 27 23 0 -1
157 29 17 1 0
158 18 3 0 -1
159 22 20 -1 0
160 24 39 1 0
161 12 12 0 1
162 34 0 0 -1
163 20 0 0 -1
164 3 19 1 0
165 34 34 -1 0
166 29 19 0 1
167 16 23 -1 0
168 6 37 0 1
169 17 18 0 -1
170 7 30 1 0
171 24 38 0 1
172 21 21 0 -1
173 4 34 0 1
174 14 8 -1 0
175 38 29 1 0
176 4 2 0 -1
177 29 32 0 1
178 11 29 1 0
179 35 3 1 0
180 4 32 0 1
181 20 2 0 1
182 13 25 0 -1
183 13 35 0 -1
184 15 24 0 1
185 16 31 0 1
186 0 32 -1 0
187 31 19 0 -1
188 30 3 0 1
189 5 7 0 1
190 29 23 0 1
191 9 12 -1 0
192 3 7 -1 0
193 22 24 -1 0
194 32 12 0 1
195 1 2 -1 0
196 27 33 1 0
197 5 33 1 0
198 35 12 -1 0
199 8 39 0 1
200 29 28 0 1
201 10 32 0 1
202 36 39 -1 0
203 16 8 -1 0
204 12 19 0 -1
205 11 9 1 0
206 31 4 0 1
207 7 27 0 -1
208 8 30 0 1
209 17 8 0 1
210 35 25 0 1
211 18 9 0 -1
212 9 21 -1 0
213 31 5 0 -1
214 18 20 -1 0
215 16 9 0 1
216 10 5 -1 0
217 18 27 0 -1
218 36 39 1 0
219 10 16 1 0
220 25 29 -1 0
221 6 38 -1 0
222 21 3 -1 0
223 34 3 -1 0
224 27 23 -1 0
225 23 25 0 1
226 32 34 -1 0
227 24 34 0 -1
228 18 15 0 -1
229 18 18 -1 0
230 27 0 0 -1
231 15 14 1 0
232 12 1 1 0
233 16 12 0 1
234 6 28 0 1
235 24 30 0 1
236 33 33 -1 0
237 22 39 -1 0
238 20 15 1 0
239 20 27 -1 0
240 10 11 0 -1
241 24 23 1 0
242 21 14 1 0
243 8 22 0 -1
244 7 9 1 0
245 36 12 0 1
246 21 9 1 0
247 1 4 0 -1
248 19 31 0 -1
249 9 2 0 -1
250 0 38 0 -1
251 12 33 -1 0
252 24 19 1 0
253 5 25 0 -1
254 5 39 0 -1
255 8 39 0 1
256 25 4 0 1
257 34 7 0 -1
258 15 32 0 1
259 10 20 0 -1
260 19 6 1 0
261 4 10 -1 0
262 10 11 -1 0
263 39 32 0 1
264 11 3 1 0
265 28 38 0 -1
266 31 23 0 1
267 11 31 -1 0
268 26 8 0 -1
269 11 24 0 -1
270 1 36 -1 0
271 30 12 -1 0
272 25 10 0 -1
273 19 13 0 1
274 4 28 -1 0
275 20 9 -1 0
276 19 7 0 -1
277 12 18 0 -1
278 14 31 0 1
279 22 13 0 1
280 22 0 1 0
281 28 23 0 -1
282 23 8 0 -1
283 39 36 0 1
284 2 7 0 1
285 14 30 0 1
286 21 5 1 0
287 21 35 -1 0
288 4 22 -1 0
289 15 31 0 -1
290 38 18 1 0
291 1 10 -1 0
292 6 27 1 0
293 14 17 0 1
294 12 30 0 -1
295 33 5 -1 0
296 34 19 1 0
297 24 8 0 1
298 29 29 0 -1
299 39 37 -1 0
300 36 12 1 0
301 19 33 -1 0
302 13 34 0 -1
303 21 3 0 -1
304 33 18 1 0
305 8 12 -1 0
306 7 6 0 1
307 28 24 -1 0
308 31 5 -1 0
309 7 2 0 -1
310 3 37 0 1
311 36 14 0 1
312 25 12 -1 0
313 18 17 0 -1
314 25 27 0 1
315 31 21 0 1
316 37 16 -1 0
317 14 30 1 0
318 23 1 -1 0
319 35 19 1 0
320 7 36 1 0
321 0 11 0 1
322 22 27 0 -1
323 11 7 0 1
324 23 26 -1 0
325 34 32 0 1
326 2 31 0 -1
327 2 16 0 1
328 34 31 -1 0
329 21 20 -1 0
330 9 31 0 -1
331 14 0 0 1
332 4 2 0 -1
333 22 29 0 1
334 14 5 0 -1
335 8 22 0 -1
336 27 26 0 -1
337 14 27 -1 0
338 0 18 1 0
339 33 2 0 -1
340 19 33 1 0
341 34 33 -1 0
342 34 0 -1 0
343 26 36 1 0
344 31 24 0 1
345 33 31 1 0
346 33 29 0 -1
347 23 32 -1 0
348 38 5 0 1
349 24 32 -1 0
350 17 25 -1 0
351 38 15 0 1
352 28 20 0 1
353 5 6 0 1
354 31 29 1 0
355 30 12 0 1
356 22 12 0 1
357 21 15 -1 0
358 2 39 0 -1
359 8 1 0 1
360 9 17 1 0
361 27 27 -1 0
362 23 31 1 0
363 7 16 0 -1
364 9 16 0 1
365 9 15 0 1
366 19 20 0 -1
367 33 25 0 -1
368 0 16 1 0
369 36 28 0 1
370 13 20 0 -1
371 21 35 0 -1
372 0 31 0 1
373 3 34 0 1
374 38 17 1 0
375 5 23 0 -1
376 33 39 0 1
377 6 35 -1 0
378 27 11 0 1
379 18 9 -1 0
380 25 15 1 0
381 26 33 -1 0
382 9 35 1 0
383 22 21 0 -1
384 11 18 0 -1
385 33 8 1 0
386 7 39 1 0
387 15 20 0 1
388 12 27 0 1
389 39 38 0 -1
390 34 30 1 0
391 2 31 1 0
392 1 37 1 0
393 36 22 -1 0
394 22 18 1 0
395 19 3 0 1
396 11 38 1 0
397 6 19 1 0
398 1 21 1 0
399 22 31 1 0
400 13 16 1 0
401 34 27 0 -1
402 15 19 1 0
403 0 33 0 -1
404 34 10 -1 0
405 0 6 1 0
406 34 33 1 0
407 27 10 -1 0
408 8 33 1 0
409 16 14 1 0
410 13 35 -1 0
411 38 6 0 1
412 14 18 -1 0
413 30 36 -1 0
414 17 12 1 0
415 35 18 1 0
416 36 14 0 1
417 13 21 -1 0
418 16 28 -1 0
419 36 30 -1 0
420 17 23 1 0
421 2 31 -1 0
422 21 16 1 0
423 26 25 1 0
424 31 31 0 -1
425 12 1 0 1
426 7 28 -1 0
427 24 8 -1 0
428 21 23 0 -1
429 0 21 0 -1
430 9 33 0 1
431 4 20 1 0
432 31 21 0 1
433 35 20 1 0
434 9 32 0 -1
435 26 28 -1 0
436 37 29 1 0
437 19 12 1 0
438 28 28 -1 0
439 35 29 0 1
440 25 9 1 0
441 16 14 -1 0
442 4 0 0 -1
443 3 20 0 1
444 23 12 0 1
445 8 38 1 0
446 26 37 1 0
447 21 16 0 1
448 34 11 1 0
449 27 12 0 -1
450 20 14 -1 0
451 11 25 -1 0
452 37 10 1 0
453 9 5 0 -1
454 4 39 0 1
455 25 26 0 1
456 14 6 1 0
457 20 26 -1 0
458 39 35 0 -1
459 16 29 0 -1
460 15 7 1 0
461 24 35 1 0
462 24 6 0 1
463 26 37 1 0
464 39 6 -1 0
465 2 17 -1 0
466 27 3 0 1
467 3 38 -1 0
468 31 30 -1 0
469 9 16 -1 0
470 4 8 1 0
471 11 18 0 1
472 34 13 0 1
473 0 25 -1 0
474 31 20 0 1
475 37 3 -1 0
476 25 31 1 0
477 20 34 0 1
478 11 0 1 0
479 30 17 0 -1
480 28 29 0 -1
481 16 15 0 -1
482 7 9 0 1
483 33 0 1 0
484 27 28 0 1
485 30 31 -1 0
486 31 35 -1 0
487 28 7 0 -1
488 23 31 0 -1
489 22 30 0 -1
490 17 36 0 1
491 29 37 -1 0
492 17 19 1 0
493 33 23 0 1
494 25 12 0 1
495 25 38 0 1
496 9 13 0 1
497 27 39 0 -1
498 3 3 0 -1
499 36 23 0 -1
500 33 4 0 -1
501 35 26 0 -1
502 7 15 1 0
503 8 20 -1 0
504 39 18 0 1
505 1 22 1 0
506 39 39 0 -1
507 16 28 0 1
508 25 27 0 1
509 38 12 0 -1
510 32 15 0 -1
511 3 36 0 -1
512 3 14 0 1
513 22 8 1 0
514 8 10 1 0
515 8 17 0 1
516 11 6 -1 0
517 27 28 0 -1
518 3 38 0 1
519 36 28 0 -1
520 34 21 -1 0
521 5 2 1 0
522 23 6 1 0
523 23 30 0 1
524 31 28 0 1
525 18 16 -1 0
526 33 30 -1 0
527 35 36 1 0
528 22 33 0 1
529 30 25 0 -1
530 32 23 -1 0
531 17 29 1 0
532 18 3 1 0
533 5 22 -1 0
534 14 17 -1 0
535 9 39 1 0
536 22 8 0 -1
537 24 34 1 0
538 21 33 0 -1
539 27 8 0 1
540 7 9 0 -1
541 34 33 -1 0
542 3 27 -1 0
543 8 39 -1 0
544 23 6 0 -1
545 16 30 1 0
546 35 22 1 0
547 35 35 0 1
548 35 3 -1 0
549 27 23 0 1
550 36 11 -1 0
551 22 37 -1 0
552 23 36 1 0
553 11 30 1 0
554 34 6 1 0
555 37 4 0 1
556 0 35 0 1
557 11 3 1 0
558 7 35 1 0
559 2 17 1 0
560 34 12 1 0
561 7 21 1 0
562 23 39 0 -1
563 19 9 0 -1
564 14 29 -1 0
565 23 20 0 -1
566 25 0 0 1
567 12 30 0 1
568 20 24 0 -1
569 10 3 0 1
570 32 15 0 -1
571 16 23 1 0
572 35 31 1 0
573 4 23 0 1
574 15 3 0 1
575 38 22 -1 0
576 4 34 -1 0
577 29 27 0 -1
578 1 25 0 1
579 27 11 0 1
580 31 39 0 -1
581 30 36 -1 0
582 6 30 1 0
583 3 17 -1 0
584 29 23 0 -1
585 26 37 0 -1
586 4 24 1 0
587 38 2 -1 0
588 7 37 0 -1
589 1 14 0 -1
590 13 30 0 1
591 21 3 1 0
592 26 31 1 0
593 7 25 0 1
594 22 18 0 1
595 1 26 -1 0
596 16 24 -1 0
597 33 33 -1 0
598 6 28 1 0
599 27 22 0 1
600 14 31 1 0
601 20 28 0 1
602 30 31 1 0
603 23 37 0 -1
604 10 25 0 1
605 23 20 1 0
606 18 20 1 0
607 20 37 1 0
608 15 33 1 0
609 39 28 1 0
610 21 23 -1 0
611 12 5 0 -1
612 24 28 1 0
613 26 38 0 -1
614 7 2 -1 0
615 31 28 0 -1
616 10 34 -1 0
617 26 31 1 0
618 7 32 0 -1
619 39 36 1 0
620 0 24 0 1
621 7 38 -1 0
622 35 37 1 0
623 21 6 -1 0
624 29 18 0 1
625 10 11 -1 0
626 23 24 -1 0
627 10 31 1 0
628 5 5 1 0
629 37 9 1 0
630 3 27 1 0
631 17 15 0 -1
632 12 9 1 0
633 2 13 0 1
634 27 29 1 0
635 38 18 0 -1
636 11 17 1 0
637 26 39 0 -1
638 1 12 -1 0
639 8 0 0 -1
640 19 23 1 0
641 38 5 -1 0
642 16 21 0 -1
643 12 21 -1 0
644 28 13 0 1
645 0 32 0 -1
646 36 19 0 1
647 35 26 1 0
648 7 38 0 1
649 30 34 0 1
650 4 1 -1 0
651 10 8 0 1
652 27 3 1 0
653 30 0 -1 0
654 4 22 1 0
655 19 22 1 0
656 30 33 1 0
657 17 19 0 -1
658 7 39 0 1
659 1 34 -1 0
660 35 14 -1 0
661 22 7 -1 0
662 23 37 0 -1
663 39 21 1 0
664 22 34 0 1
665 33 18 0 -1
666 36 22 0 -1
667 25 30 0 1
668 34 13 0 -1
669 33 22 0 -1
670 7 0 1 0
671 25 3 0 -1
672 33 20 0 -1
673 9 10 0 1
674 25 29 1 0
675 27 36 -1 0
676 4 29 1 0
677 39 39 0 -1
678 28 36 -1 0
679 21 4 0 -1
680 12 10 -1 0
681 24 8 -1 0
682 10 16 -1 0
683 27 6 1 0
684 4 27 1 0
685 30 16 1 0
686 25 31 -1 0
687 18 25 0 -1
688 0 38 0 1
689 21 8 1 0
690 17 37 0 -1
691 17 38 -1 0
692 15 31 0 1
693 9 34 1 0
694 25 20 0 1
695 33 29 0 1
696 3 30 -1 0
697 29 33 0 -1
698 18 0 1 0
699 32 27 -1 0
700 10 1 1 0
701 16 8 0 1
702 3 24 1 0
703 22 27 1 0
704 32 24 0 -1
705 12 26 0 1
706 3 1 -1 0
707 6 22 -1 0
708 37 9 -1 0
709 33 2 0 1
710 20 5 -1 0
711 29 34 1 0
712 18 35 -1 0
713 29 30 0 1
714 19 37 -1 0
715 17 10 -1 0
716 34 32 -1 0
717 24 6 0 1
718 24 24 0 -1
719 30 33 0 1
720 33 37 0 -1
721 3 2 0 -1
722 13 31 1 0
723 12 15 -1 0
724 2 36 0 -1
725 36 12 1 0
726 35 26 -1 0
727 4 9 0 -1
728 1 22 0 -1
729 25 30 -1 0
730 16 17 1 0
731 38 14 -1 0
732 23 7 1 0
733 23 18 -1 0
734 9 31 1 0
735 36 23 1 0
736 22 21 0 -1
737 28 38 1 0
738 30 10 0 1
739 9 33 -1 0
740 9 15 1 0
741 31 13 -1 0
742 23 8 1 0
743 17 13 0 1
744 2 19 0 -1
745 17 38 0 -1
746 15 30 0 -1
747 12 29 0 1
748 20 33 0 1
749 22 28 1 0
750 16 21 0 -1
751 0 32 1 0
752 33 24 1 0
753 27 34 1 0
754 12 8 1 0
755 29 27 0 1
756 11 24 1 0
757 22 7 0 -1
758 32 6 0 1
759 5 16 0 -1
760 10 30 0 1
761 9 19 -1 0
762 2 1 -1 0
763 26 4 1 0
764 6 0 -1 0
765 29 16 -1 0
766 25 26 0 1
767 24 28 0 -1
768 1 29 0 1
769 24 11 -1 0
770 12 15 0 1
771 19 32 1 0
772 22 26 1 0
773 5 34 -1 0
774 10 12 0 1
775 27 11 1 0
776 6 26 0 -1
777 37 8 0 1
778 17 29 -1 0
779 37 10 -1 0
780 18 34 1 0
781 25 15 -1 0
782 27 28 -1 0
783 0 21 1 0
784 24 3 1 0
785 28 35 0 1
786 3 33 0 -1
787 8 9 -1 0
788 4 32 -1 0
789 39 9 -1 0
790 13 34 1 0
791 19 14 1 0
792 7 21 0 -1
793 31 2 -1 0
794 2 32 -1 0
795 1 23 0 1
796 22 28 -1 0
797 39 15 1 0
798 27 21 0 -1
799 22 0 0 1
800 11 2 -1 0
801 3 36 -1 0
802 4 5 -1 0
803 38 9 -1 0
804 15 22 -1 0
805 7 11 1 0
806 32 34 0 -1
807 31 19 0 -1
808 12 6 1 0
809 32 12 -1 0
810 12 27 0 -1
811 29 13 0 1
812 35 29 1 0
813 38 27 1 0
814 13 28 -1 0
815 4 36 0 1
816 8 4 -1 0
817 33 24 -1 0
818 1 5 0 -1
819 2 7 0 -1
820 23 7 1 0
821 30 8 -1 0
822 31 3 1 0
823 7 3 0 -1
824 29 25 -1 0
825 17 15 -1 0
826 21 35 1 0
827 15 8 1 0
828 22 27 0 1
829 5 35 0 -1
830 35 17 1 0
831 0 11 0 -1
832 25 13 1 0
833 17 14 0 1
834 37 11 0 -1
835 4 31 -1 0
836 23 34 0 1
837 21 23 0 1
838 32 18 -1 0
839 33 29 0 1
840 7 29 1 0
841 36 0 1 0
842 35 21 1 0
843 8 7 0 1
844 17 28 0 1
845 34 12 0 -1
846 1 38 0 1
847 25 1 0 -1
848 27 25 0 1
849 27 8 0 1
850 0 13 1 0
851 0 28 -1 0
852 10 3 0 -1
853 15 34 0 -1
854 36 10 1 0
855 7 27 -1 0
856 27 30 0 -1
857 35 31 0 1
858 23 13 0 1
859 4 38 0 1
860 38 32 1 0
861 10 6 1 0
862 31 26 0 1
863 0 31 0 1
864 1 6 1 0
865 3 36 -1 0
866 37 36 0 1
867 7 23 1 0
868 0 6 0 1
869 33 9 0 1
870 13 22 1 0
871 22 29 0 -1
872 27 5 0 1
873 38 19 1 0
874 6 1 0 -1
875 23 24 0 -1
876 11 26 -1 0
877 19 0 0 1
878 26 6 -1 0
879 21 17 0 -1
880 35 10 1 0
881 9 21 1 0
882 4 9 1 0
883 35 18 0 1
884 28 8 0 -1
885 10 8 1 0
886 5 0 -1 0
887 32 38 1 0
888 5 31 -1 0
889 10 14 -1 0
890 22 20 1 0
891 9 5 0 -1
892 24 2 0 1
893 14 6 0 -1
894 25 32 0 -1
895 34 3 1 0
896 32 28 0 1
897 30 25 1 0
898 7 1 1 0
899 25 7 0 -1
900 19 39 0 -1
901 16 11 1 0
902 37 11 0 1
903 34 16 0 -1
904 25 15 0 -1
905 38 36 1 0
906 11 0 0 1
907 21 6 0 1
908 35 25 1 0
909 15 26 0 1
910 15 36 0 1
911 1 8 1 0
912 38 39 0 1
913 25 27 0 1
914 17 24 0 -1
915 0 6 0 1
916 32 11 0 1
917 13 23 0 1
918 4 30 0 1
919 1 36 1 0
920 34 20 1 0
921 4 1 0 1
922 24 7 -1 0
923 25 13 1 0
924 17 20 0 1
925 9 27 -1 0
926 4 5 1 0
927 19 13 0 1
928 6 32 0 1
929 16 22 -1 0
930 13 27 0 1
931 8 8 0 -1
932 15 6 0 1
933 6 15 0 -1
934 20 3 1 0
935 5 13 0 1
936 3 13 0 1
937 0 36 -1 0
938 14 25 0 -1
939 5 23 0 1
940 25 30 0 1
941 6 39 0 -1
942 16 3 1 0
943 0 24 1 0
944 20 26 0 -1
945 5 29 0 -1
946 26 30 -1 0
947 2 30 -1 0
948 31 19 1 0
949 12 17 0 1
950 31 23 0 1
951 25 28 0 -1
952 15 8 -1 0
953 18 11 0 -1
954 37 17 0 1
955 14 12 1 0
956 29 30 1 0
957 1 11 0 1
958 3 33 0 1
959 0 1 -1 0
960 31 25 -1 0
961 9 6 0 1
962 6 15 1 0
963 7 15 -1 0
964 5 34 1 0
965 20 39 -1 0
966 2 15 0 1
967 33 20 0 -1
968 32 27 0 -1
969 28 33 -1 0
970 33 14 -1 0
971 28 30 1 0
972 39 0 -1 0
973 22 7 -1 0
974 1 8 0 -1
975 2 35 -1 0
976 8 13 1 0
977 9 10 0 -1
978 5 37 -1 0
979 38 24 -1 0
980 25 34 -1 0
981 15 23 0 1
982 30 30 0 -1
983 15 19 1 0
984 3 30 0 1
985 35 21 -1 0
986 22 25 1 0
987 2 38 0 -1
988 36 32 1 0
989 19 8 0 -1
990 2 36 1 0
991 15 2 0 -1
992 5 25 -1 0
993 14 26 0 -1
994 39 35 1 0
995 5 3 0 1
996 24 2 1 0
997 15 37 -1 0
998 19 18 0 -1
999 28 9 0 1
1000 31 36 -1 0
1001 38 23 -1 0
1002 26 34 1 0
1003 36 39 0 1
1004 22 26 1 0
1005 34 39 0 1
1006 29 12 0 1
1007 17 11 0 1
1008 22 8 0 -1
1009 3 2 1 0
1010 20 21 0 1
1011 9 0 0 -1
1012 7 2 -1 0
1013 25 36 1 0
1014 19 29 -1 0
1015 35 1 0 1
1016 17 16 0 1
1017 16 26 -1 0
1018 23 29 0 -1
1019 18 11 0 1
1020 36 32 0 1
1021 19 13 1 0
1022 34 39 1 0
1023 29 31 1 0
1024 16 2 0 1
1025 5 18 0 -1
1026 31 1 0 1
1027 24 9 1 0
1028 11 4 -1 0
1029 21 33 0 1
1030 4 19 -1 0
1031 14 16 0 1
1032 39 34 -1 0
1033 15 7 0 1
1034 3 0 0 1
1035 13 33 0 1
1036 10 39 0 1
1037 17 34 -1 0
1038 15 17 0 1
1039 20 17 1 0
1040 18 30 0 1
1041 23 39 -1 0
1042 34 30 -1 0
1043 24 5 1 0
1044 7 5 -1 0
1045 8 26 1 0
1046 19 23 0 -1
1047 10 19 0 1
1048 24 23 -1 0
1049 26 6 0 1
1050 39 14 1 0
1051 22 36 0 -1
1052 15 9 0 1
1053 33 5 -1 0
1054 22 4 0 1
1055 39 3 0 1
1056 19 10 -1 0
1057 13 10 1 0
1058 0 21 -1 0
1059 9 27 0 1
1060 5 26 0 1
1061 34 4 0 -1
1062 14 10 0 -1
1063 11 8 1 0
1064 3 0 1 0
1065 23 5 0 1
1066 12 3 1 0
1067 2 6 0 1
1068 14 2 -1 0
1069 18 17 -1 0
1070 4 2 -1 0
1071 38 32 0 -1
1072 22 9 0 -1
1073 38 9 0 1
1074 3 21 -1 0
1075 3 39 1 0
1076 4 15 1 0
1077 9 21 1 0
1078 27 8 1 0
1079 24 21 -1 0
1080 23 28 0 1
1081 0 13 0 1
1082 28 19 -1 0
1083 27 10 0 1
1084 19 20 -1 0
1085 0 5 0 1
1086 23 38 -1 0
1087 16 17 -1 0
1088 34 21 0 -1
1089 17 7 1 0
1090 18 18 -1 0
1091 1 32 -1 0
1092 11 17 0 -1
1093 17 26 -1 0
1094 0 14 0 1
1095 8 3 1 0
1096 24 18 0 -1
1097 1 27 1 0
1098 3 39 -1 0
1099 38 34 0 -1
1100 5 16 0 -1
1101 36 31 0 -1
1102 25 9 0 -1
1103 8 24 0 -1
1104 31 3 0 -1
1105 11 34 -1 0
1106 8 12 1 0
1107 34 36 -1 0
1108 36 19 -1 0
1109 19 39 0 1
1110 21 34 0 1
1111 25 5 0 -1
1112 1 22 -1 0
1113 11 16 -1 0
1114 23 2 1 0
1115 25 4 0 1
1116 18 10 1 0
1117 36 27 0 1
1118 12 27 1 0
1119 4 19 0 -1
1120 13 36 -1 0
1121 25 29 0 1
1122 24 13 1 0
1123 14 8 0 1
1124 25 25 -1 0
1125 10 12 0 -1
1126 31 10 0 1
1127 6 30 -1 0
1128 15 30 1 0
1129 0 12 1 0
1130 20 18 -1 0
1131 36 34 -1 0
1132 12 26 0 -1
1133 4 27 -1 0
1134 18 17 0 1
1135 6 23 1 0
1136 29 18 -1 0
1137 2 35 0 1
1138 31 4 0 1
1139 14 32 0 1
1140 19 9 1 0
1141 28 5 0 1
1142 15 20 0 1
1143 38 27 -1 0
1144 35 18 0 -1
1145 20 0 -1 0
1146 39 37 0 1
1147 19 2 -1 0
1148 22 9 0 -1
1149 24 27 0 1
1150 20 34 -1 0
1151 17 23 -1 0
1152 11 35 0 1
1153 33 10 0 1
1154 31 0 0 1
1155 34 1 -1 0
1156 2 6 1 0
1157 2 28 0 -1
1158 3 39 1 0
1159 6 0 1 0
1160 17 29 0 -1
1161 7 24 0 -1
1162 6 19 0 -1
1163 25 12 0 -1
1164 20 2 -1 0
1165 11 13 0 1
1166 7 26 0 -1
1167 16 4 0 -1
1168 22 0 -1 0
1169 32 28 0 -1
1170 20 34 1 0
1171 21 34 0 1
1172 3 38 0 1
1173 35 3 -1 0
1174 1 11 -1 0
1175 31 30 1 0
1176 37 13 0 1
1177 13 5 1 0
1178 2 28 -1 0
1179 31 4 1 0
1180 24 26 1 0
1181 1 33 0 -1
1182 14 17 1 0
1183 39 12 0 -1
1184 7 8 1 0
1185 22 20 0 1
1186 27 18 -1 0
1187 18 18 0 -1
1188 36 33 -1 0
1189 30 1 0 -1
1190 10 23 0 -1
1191 36 14 -1 0
1192 10 29 0 1
1193 29 1 0 1
1194 4 26 0 -1
1195 12 15 1 0
1196 26 13 0 1
1197 28 27 1 0
1198 10 4 0 -1
1199 6 13 0 -1
1200 34 35 0 -1
1201 38 27 1 0
1202 27 39 0 1
1203 20 1 0 -1
1204 32 27 1 0
1205 11 34 1 0
1206 10 22 0 1
1207 5 0 0 1
1208 14 26 0 1
1209 26 15 0 -1
1210 10 22 0 -1
1211 25 4 1 0
1212 10 27 0 -1
1213 27 22 1 0
1214 24 27 0 -1
1215 27 38 1 0
1216 25 28 1 0
1217 22 36 -1 0
1218 23 25 0 -1
1219 29 29 -1 0
1220 22 14 0 1
1221 12 9 0 -1
1222 28 36 1 0
1223 38 18 0 -1
1224 37 25 1 0
1225 1 25 0 1
1226 19 39 0 1
1227 16 11 0 -1
1228 34 35 0 1
1229 5 7 1 0
1230 17 16 0 -1
1231 5 20 -1 0
1232 9 4 0 1
1233 4 8 0 -1
1234 38 14 -1 0
1235 14 9 0 1
1236 10 14 0 1
1237 2 8 1 0
1238 27 38 0 1
1239 6 5 1 0
1240 16 15 -1 0
1241 14 7 0 1
1242 15 34 0 1
1243 15 33 -1 0
1244 13 27 -1 0
1245 25 7 0 1
1246 2 2 0 1
1247 15 36 1 0
1248 1 4 1 0
1249 6 36 -1 0
1250 25 39 0 1
1251 21 21 1 0
1252 29 34 0 -1
1253 1 31 0 1
1254 13 23 0 -1
1255 20 17 0 1
1256 21 30 0 1
1257 5 15 0 1
1258 4 13 0 1
1259 12 10 0 1
1260 33 4 -1 0
1261 8 23 1 0
1262 27 6 -1 0
1263 38 31 1 0
1264 2 19 0 -1
1265 11 28 1 0
1266 25 10 -1 0
1267 13 2 1 0
1268 25 20 0 1
1269 0 20 0 1
1270 1 20 0 -1
1271 30 26 1 0
1272 28 30 0 1
1273 23 22 1 0
1274 1 0 0 1
1275 2 14 -1 0
1276 7 18 0 1
1277 17 10 -1 0
1278 26 17 0 1
1279 19 37 0 1
1280 12 31 1 0
1281 5 31 -1 0
1282 31 8 0 1
1283 36 35 0 -1
1284 17 14 1 0
1285 30 3 0 -1
1286 3 35 1 0
1287 28 10 -1 0
1288 33 32 0 1
1289 26 12 0 1
1290 13 17 0 -1
1291 36 17 0 1
1292 13 14 0 -1
1293 7 0 0 1
1294 39 25 1 0
1295 15 11 0 1
1296 27 25 0 1
1297 32 0 0 1
1298 16 34 0 -1
1299 30 37 -1 0
1300 34 9 0 1
1301 17 26 0 -1
1302 0 5 -1 0
1303 24 39 1 0
1304 30 37 0 -1
1305 21 5 1 0
1306 15 30 0 1
1307 15 6 -1 0
1308 9 19 0 -1
1309 0 2 1 0
1310 5 38 1 0
1311 8 1 0 1
1312 8 20 0 -1
1313 13 16 -1 0
1314 38 11 1 0
1315 15 33 -1 0
1316 25 6 0 -1
1317 15 10 0 1
1318 38 21 -1 0
1319 33 35 0 1
1320 4 31 1 0
1321 0 13 1 0
1322 9 10 0 1
1323 5 14 1 0
1324 25 10 0 1
1325 17 4 -1 0
1326 27 29 0 -1
1327 18 7 0 -1
1328 26 5 -1 0
1329 25 19 0 1
1330 1 4 0 1
1331 6 21 0 -1
1332 29 10 0 1
1333 23 14 0 1
1334 22 19 0 1
1335 17 10 0 1
1336 22 36 -1 0
1337 3 14 -1 0
1338 33 3 -1 0
1339 14 7 -1 0
1340 8 12 0 -1
1341 33 0 0 1
1342 27 9 -1 0
1343 36 18 0 -1
1344 18 14 -1 0
1345 14 9 0 -1
1346 11 39 0 1
1347 6 3 -1 0
1348 21 38 -1 0
1349 26 2 -1 0
1350 10 21 0 1
1351 21 38 0 -1
1352 35 8 0 1
1353 25 5 1 0
1354 14 27 0 1
1355 7 11 -1 0
1356 16 28 1 0
1357 10 8 0 -1
1358 8 32 0 1
1359 4 17 1 0
1360 14 24 1 0
1361 30 38 0 -1
1362 2 14 1 0
1363 15 27 1 0
1364 31 23 0 1
1365 9 36 0 1
1366 3 24 0 1
1367 2 15 -1 0
1368 0 20 0 1
1369 27 19 0 1
1370 28 39 0 1
1371 11 19 0 -1
1372 7 12 1 0
1373 23 1 1 0
1374 35 28 1 0
1375 13 22 -1 0
1376 22 17 -1 0
1377 27 21 0 1
1378 17 22 1 0
1379 33 37 0 1
1380 21 27 1 0
1381 9 31 0 1
1382 25 25 0 1
1383 4 6 1 0
1384 23 15 0 -1
1385 6 7 0 -1
1386 11 8 -1 0
1387 1 39 0 -1
1388 7 14 0 -1
1389 17 30 0 -1
1390 12 32 0 1
1391 12 18 0 1
1392 11 33 0 1
1393 21 36 0 1
1394 24 7 0 -1
1395 6 7 0 -1
1396 39 8 -1 0
1397 33 8 0 -1
1398 36 28 -1 0
1399 31 25 1 0
1400 26 0 1 0
1401 21 39 1 0
1402 12 36 0 -1
1403 28 22 -1 0
1404 13 7 1 0
1405 18 36 0 1
1406 0 34 0 1
1407 3 34 0 1
1408 26 39 1 0
1409 35 33 -1 0
1410 37 8 0 -1
1411 20 27 -1 0
1412 6 3 -1 0
1413 19 24 -1 0
1414 8 1 -1 0
1415 9 11 -1 0
1416 26 12 -1 0
1417 13 12 1 0
1418 17 20 1 0
1419 4 15 0 1
1420 35 17 0 1
1421 20 35 0 -1
1422 23 19 1 0
1423 33 19 -1 0
1424 33 23 0 1
1425 13 4 0 1
1426 14 0 1 0
1427 25 33 0 -1
1428 23 39 -1 0
1429 11 8 0 1
1430 37 30 -1 0
1431 4 31 0 1
1432 30 29 1 0
1433 36 25 -1 0
1434 16 2 0 1
1435 9 6 0 -1
1436 31 8 -1 0
1437 7 15 1 0
1438 36 30 1 0
1439 16 18 -1 0
1440 37 16 0 1
1441 37 12 -1 0
1442 4 4 0 1
1443 11 10 1 0
1444 22 22 0 1
1445 16 11 0 1
1446 9 11 1 0
1447 11 34 0 1
1448 26 22 -1 0
1449 35 19 0 -1
1450 26 29 0 -1
1451 11 32 0 1
1452 15 25 0 1
1453 21 18 0 1
1454 11 31 0 1
1455 10 12 -1 0
1456 15 11 0 -1
1457 13 33 1 0
1458 16 7 -1 0
1459 19 20 -1 0
1460 23 37 1 0
1461 9 12 0 -1
1462 8 6 0 1
1463 6 8 -1 0
1464 32 17 1 0
1465 20 1 -1 0
1466 26 6 0 -1
1467 35 28 0 1
1468 17 13 -1 0
1469 31 0 -1 0
1470 30 2 0 -1
1471 24 3 -1 0
1472 8 30 -1 0
1473 19 35 1 0
1474 11 11 0 1
1475 36 0 0 -1
1476 23 8 0 -1
1477 13 24 -1 0
1478 7 3 -1 0
1479 2 3 1 0
1480 33 0 0 1
1481 37 39 0 1
1482 10 10 0 1
1483 9 22 0 -1
1484 22 22 1 0
1485 12 38 -1 0
1486 38 14 1 0
1487 7 17 0 1
1488 13 12 0 -1
1489 18 22 -1 0
1490 19 1 1 0
1491 7 31 1 0
1492 22 1 0 -1
1493 25 7 1 0
1494 12 39 1 0
1495 8 30 1 0
1496 34 27 0 -1
1497 29 1 1 0
1498 6 26 -1 0
1499 37 16 0 1
1500 4 18 1 0
1501 27 9 -1 0
1502 1 10 0 -1
1503 10 15 -1 0
1504 12 13 -1 0
1505 39 4 1 0
1506 6 37 -1 0
1507 24 5 0 1
1508 23 0 0 -1
1509 7 36 0 1
1510 5 32 0 -1
1511 19 4 -1 0
1512 30 8 0 1
1513 24 7 0 1
1514 5 8 0 -1
1515 34 23 0 1
1516 10 35 0 1
1517 21 32 0 1
1518 28 7 0 1
1519 7 1 1 0
1520 23 1 1 0
1521 26 28 -1 0
1522 26 10 1 0
1523 26 8 0 1
1524 7 12 0 1
1525 10 29 0 -1
1526 36 17 -1 0
1527 33 38 1 0
1528 4 15 -1 0
1529 13 20 0 1
1530 19 25 0 1
1531 11 25 0 -1
1532 17 7 -1 0
1533 16 35 0 1
1534 8 16 -1 0
1535 2 5 0 1
1536 24 4 0 1
1537 23 10 1 0
1538 26 16 -1 0
1539 33 23 0 1
1540 13 28 0 1
1541 8 37 0 1
1542 32 7 0 -1
1543 12 6 -1 0
1544 38 24 -1 0
1545 13 33 0 1
1546 27 15 0 1
1547 39 26 1 0
1548 38 3 1 0
1549 10 36 -1 0
1550 27 6 -1 0
1551 7 25 0 1
1552 36 0 1 0
1553 23 16 1 0
1554 30 32 -1 0
1555 17 36 0 1
1556 32 29 1 0
1557 24 19 0 1
1558 28 10 0 1
1559 20 20 -1 0
1560 5 5 0 1
1561 38 2 0 1
1562 36 2 1 0
1563 6 30 1 0
1564 22 6 0 1
1565 39 6 0 1
1566 12 16 -1 0
1567 26 7 -1 0
1568 12 5 -1 0
1569 39 34 0 1
1570 8 3 -1 0
1571 38 17 1 0
1572 4 14 1 0
1573 36 5 0 -1
1574 28 10 -1 0
1575 9 3 -1 0
1576 5 12 -1 0
1577 26 31 0 -1
1578 16 12 -1 0
1579 9 16 -1 0
1580 39 16 0 1
1581 32 21 1 0
1582 0 28 1 0
1583 9 34 0 -1
1584 6 6 -1 0
1585 4 12 0 -1
1586 38 38 -1 0
1587 31 22 0 1
1588 18 2 -1 0
1589 17 22 0 -1
1590 5 21 0 -1
1591 19 7 1 0
1592 19 9 0 -1
1593 28 3 -1 0
1594 22 5 -1 0
1595 26 2 0 -1
1596 23 7 1 0
1597 26 20 1 0
1598 0 2 -1 0
1599 20 1 -1 0
1600 15 17 1 0
1601 26 27 -1 0
1602 35 21 -1 0
1603 33 1 0 -1
1604 22 16 0 -1
1605 5 6 0 1
1606 21 0 1 0
1607 34 24 1 0
1608 3 14 0 1
1609 33 28 0 1
1610 10 10 -1 0
1611 37 21 1 0
1612 18 27 -1 0
1613 23 26 0 1
1614 3 35 -1 0
1615 4 6 1 0
1616 36 34 0 1
1617 20 37 0 1
1618 39 32 1 0
1619 29 9 0 -1
1620 25 0 1 0
1621 35 36 -1 0
1622 6 1 1 0
1623 2 1 1 0
1624 38 12 0 -1
1625 10 32 0 1
1626 19 10 0 -1
1627 3 5 1 0
1628 9 3 0 -1
1629 20 19 1 0
1630 26 0 1 0
1631 17 2 0 1
1632 39 24 1 0
1633 5 2 -1 0
1634 14 4 1 0
1635 13 2 0 -1
1636 1 31 0 -1
1637 19 28 0 -1
1638 36 37 1 0
1639 34 25 -1 0
1640 10 7 1 0
1641 4 17 -1 0
1642 6 6 -1 0
1643 30 36 0 1
1644 20 19 0 -1
1645 17 30 0 -1
1646 17 7 0 1
1647 0 7 0 -1
1648 18 31 -1 0
1649 0 15 1 0
1650 18 26 0 1
1651 11 35 0 -1
1652 18 19 0 -1
1653 25 38 1 0
1654 11 13 1 0
1655 20 36 0 -1
1656 11 3 -1 0
1657 12 35 0 -1
1658 24 30 -1 0
1659 33 11 -1 0
1660 24 30 0 -1
1661 22 9 0 -1
1662 35 14 -1 0
1663 12 31 -1 0
1664 20 39 1 0
1665 6 18 -1 0
1666 32 24 1 0
1667 27 29 0 -1
1668 6 23 -1 0
1669 4 3 0 -1
1670 8 36 0 1
1671 14 38 0 -1
1672 11 31 1 0
1673 15 27 1 0
1674 29 37 0 1
1675 17 18 0 1
1676 11 23 0 1
1677 38 19 -1 0
1678 28 23 -1 0
1679 36 16 0 1
1680 25 31 1 0
1681 4 4 0 -1
1682 25 13 -1 0
1683 25 8 -1 0
1684 24 15 0 1
1685 11 30 1 0
1686 38 11 0 1
1687 12 4 0 1
1688 8 26 -1 0
1689 5 15 0 -1
1690 19 8 1 0
1691 1 39 0 -1
1692 38 7 -1 0
1693 31 35 0 -1
1694 34 6 0 1
1695 24 38 0 1
1696 3 20 -1 0
1697 2 14 0 -1
1698 17 27 0 -1
1699 0 34 0 -1
1700 27 22 1 0
1701 8 11 0 1
1702 18 8 1 0
1703 7 27 0 -1
1704 1 39 0 1
1705 32 10 -1 0
1706 24 24 -1 0
1707 35 22 0 -1
1708 20 4 0 -1
1709 38 4 -1 0
1710 21 36 1 0
1711 23 36 -1 0
1712 36 20 1 0
1713 38 20 0 1
1714 39 39 0 -1
1715 17 26 0 1
1716 23 27 0 1
1717 28 22 0 -1
1718 6 15 1 0
1719 30 30 1 0
1720 17 28 0 1
1721 6 4 0 -1
1722 2 25 -1 0
1723 35 24 0 1
1724 10 17 0 -1
1725 11 21 0 1
1726 11 6 0 -1
1727 39 2 0 -1
1728 11 6 1 0
1729 6 13 0 1
1730 4 21 1 0
1731 22 6 0 1
1732 29 33 -1 0
1733 12 6 -1 0
1734 34 17 -1 0
1735 25 9 1 0
1736 32 10 -1 0
1737 6 22 -1 0
1738 8 4 1 0
1739 5 3 1 0
1740 5 8 0 1
1741 27 10 1 0
1742 20 20 0 1
1743 23 9 -1 0
1744 32 35 1 0
1745 31 1 -1 0
1746 11 5 0 -1
1747 37 18 0 -1
1748 8 36 0 1
1749 36 21 -1 0
1750 32 18 0 -1
1751 13 22 0 1
1752 10 4 0 -1
1753 13 4 0 -1
1754 20 8 -1 0
1755 3 15 0 -1
1756 33 39 0 1
1757 35 8 -1 0
1758 27 34 -1 0
1759 16 8 -1 0
