0 17 39 1 0
1 49 23 0 1
2 97 28 0 -1
3 36 20 1 0
4 28 15 0 -1
5 28 3 0 1
6 77 25 0 -1
7 34 17 0 -1
8 40 27 0 -1
9 43 30 -1 0
10 41 24 0 1
11 22 23 0 1
12 35 16 0 -1
13 39 37 1 0
14 23 5 1 0
15 26 18 1 0
16 41 15 0 1
17 29 34 0 -1
18 4 16 0 -1
19 67 38 -1 0
20 64 34 0 -1
21 25 36 -1 0
22 26 21 1 0
23 30 14 0 1
24 89 21 1 0
25 31 7 1 0
26 94 12 -1 0
27 29 21 1 0
28 96 18 0 -1
29 26 5 0 1
30 91 5 1 0
31 44 11 0 -1
32 12 24 -1 0
33 20 24 -1 0
34 18 3 0 1
35 51 9 0 1
36 56 29 0 -1
37 26 0 -1 0
38 93 8 0 1
39 28 37 0 1
40 39 14 -1 0
41 19 5 0 1
42 27 18 0 -1
43 40 13 -1 0
44 87 20 -1 0
45 85 26 0 1
46 38 22 1 0
47 30 37 0 -1
48 36 23 -1 0
49 62 31 0 1
50 17 11 1 0
51 44 25 1 0
52 23 25 0 -1
53 42 21 0 -1
54 65 31 -1 0
55 58 2 0 -1
56 70 35 -1 0
57 39 29 1 0
58 26 7 0 -1
59 53 25 0 1
60 35 34 0 1
61 16 14 0 -1
62 50 29 0 1
63 30 11 -1 0
64 16 2 -1 0
65 28 19 0 -1
66 93 1 0 -1
67 42 3 1 0
68 11 2 -1 0
69 43 6 0 -1
70 28 24 1 0
71 38 12 1 0
72 22 22 -1 0
73 35 18 -1 0
74 28 35 0 1
75 37 37 -1 0
76 91 10 0 1
77 28 13 1 0
78 39 22 -1 0
79 44 36 -1 0
80 27 23 0 1
81 28 37 0 -1
82 76 0 -1 0
83 20 3 0 1
84 85 37 1 0
85 40 11 1 0
86 42 18 -1 0
87 26 13 -1 0
88 35 12 0 1
89 61 6 -1 0
90 38 37 -1 0
91 48 39 0 1
92 30 2 1 0
93 29 5 0 1
94 43 5 0 1
95 11 23 0 1
96 13 18 0 1
97 41 25 -1 0
98 70 24 0 1
99 24 23 1 0
100 25 14 1 0
101 27 29 1 0
102 11 26 0 -1
103 26 36 1 0
104 43 20 0 -1
105 42 2 0 1
106 38 27 0 -1
107 13 12 0 -1
108 67 34 1 0
109 39 25 -1 0
110 24 13 1 0
111 30 22 0 1
112 38 17 0 1
113 20 23 -1 0
114 44 29 -1 0
115 25 14 1 0
116 26 7 1 0
117 43 1 0 -1
118 23 15 1 0
119 38 20 0 -1
120 12 27 0 1
121 27 13 0 -1
122 12 28 0 -1
123 47 0 1 0
124 2 39 0 -1
125 46 15 0 1
126 29 22 -1 0
127 88 10 0 -1
128 41 16 -1 0
129 27 7 1 0
130 41 34 1 0
131 29 24 1 0
132 65 31 1 0
133 15 13 0 -1
134 97 12 0 1
135 38 6 1 0
136 38 8 0 -1
137 41 25 0 -1
138 25 0 0 1
139 65 32 1 0
140 14 27 1 0
141 91 19 -1 0
142 41 19 0 1
143 24 36 0 -1
144 8 28 0 -1
145 86 22 0 1
146 96 22 0 -1
147 39 14 1 0
148 11 11 0 -1
149 22 20 1 0
150 22 33 1 0
151 26 10 0 1
152 30 39 -1 0
153 31 9 0 1
154 29 21 0 1
155 73 4 -1 0
156 32 36 0 -1
157 84 4 1 0
158 28 34 1 0
159 30 35 0 1
160 99 30 -1 0
161 14 36 0 -1
162 39 18 1 0
163 28 13 1 0
164 29 7 1 0
165 74 33 0 1
166 53 23 1 0
167 28 7 -1 0
168 91 38 -1 0
169 48 39 0 -1
170 99 2 -1 0
171 24 2 0 1
172 78 2 0 1
173 0 23 1 0
174 26 10 0 1
175 39 26 -1 0
176 45 9 1 0
177 28 0 1 0
178 40 15 -1 0
179 28 31 -1 0
180 30 15 0 -1
181 41 36 -1 0
182 48 19 -1 0
183 25 18 1 0
184 81 11 0 1
185 29 19 1 0
186 26 8 -1 0
187 28 6 0 -1
188 46 34 0 1
189 39 36 1 0
190 39 27 0 -1
191 12 26 0 -1
192 49 1 0 -1
193 35 23 1 0
194 9 25 0 -1
195 49 27 0 -1
196 44 30 0 1
197 63 12 -1 0
198 40 19 0 1
199 91 15 1 0
200 25 22 0 1
201 24 13 -1 0
202 25 19 1 0
203 2 19 0 -1
204 35 8 1 0
205 26 15 -1 0
206 43 16 0 -1
207 25 13 1 0
208 38 10 1 0
209 48 6 -1 0
210 25 34 0 1
211 62 37 -1 0
212 36 17 -1 0
213 43 4 0 -1
214 32 26 0 -1
215 42 36 -1 0
216 39 18 -1 0
217 45 4 0 1
218 41 15 1 0
219 32 20 0 -1
220 83 7 -1 0
221 39 11 -1 0
222 45 18 0 -1
223 82 30 -1 0
224 52 23 -1 0
225 40 29 0 -1
226 65 22 0 -1
227 29 11 -1 0
228 92 22 -1 0
229 41 1 -1 0
230 26 15 1 0
231 28 9 0 1
232 93 21 -1 0
233 11 29 0 -1
234 40 38 0 -1
235 84 35 -1 0
236 39 6 -1 0
237 29 23 1 0
238 36 22 1 0
239 44 14 0 -1
240 13 38 1 0
241 25 26 1 0
242 27 9 0 1
243 26 13 1 0
244 31 10 0 -1
245 30 8 1 0
246 18 6 0 -1
247 30 9 1 0
248 44 15 -1 0
249 21 39 -1 0
250 40 28 -1 0
251 39 36 -1 0
252 82 19 1 0
253 70 21 1 0
254 35 15 -1 0
255 48 24 1 0
256 32 4 1 0
257 37 9 1 0
258 48 0 0 -1
259 0 30 0 1
260 37 4 0 1
261 19 11 0 -1
262 68 22 0 1
263 31 18 -1 0
264 29 25 0 1
265 29 13 1 0
266 38 24 0 1
267 70 3 1 0
268 43 5 0 1
269 40 23 -1 0
270 8 36 0 -1
271 88 22 0 1
272 41 17 -1 0
273 25 32 0 1
274 35 3 -1 0
275 26 8 0 -1
276 19 25 1 0
277 26 6 1 0
278 37 8 -1 0
279 82 3 0 -1
280 39 22 0 1
281 19 25 0 1
282 97 15 0 1
283 25 15 0 1
284 35 14 0 1
285 14 27 0 -1
286 43 26 1 0
287 24 17 -1 0
288 30 13 0 1
289 92 29 1 0
290 71 36 0 -1
291 40 15 0 1
292 45 33 0 1
293 55 39 0 1
294 38 31 -1 0
295 72 20 0 -1
296 29 31 0 1
297 26 14 1 0
298 34 26 0 -1
299 28 21 1 0
300 97 38 -1 0
301 26 37 0 1
302 19 21 1 0
303 74 8 0 -1
304 81 14 0 -1
305 30 35 -1 0
306 40 31 1 0
307 21 38 1 0
308 65 8 1 0
309 59 4 -1 0
310 36 11 0 1
311 17 29 0 -1
312 89 20 0 -1
313 86 31 -1 0
314 93 21 0 1
315 28 18 0 1
316 29 22 0 1
317 80 22 0 1
318 24 30 0 1
319 45 14 -1 0
320 35 12 -1 0
321 22 22 1 0
322 14 15 0 1
323 27 19 -1 0
324 36 25 0 -1
325 5 18 -1 0
326 22 13 0 -1
327 38 21 0 -1
328 39 0 -1 0
329 22 6 -1 0
330 30 16 0 1
331 49 34 0 -1
332 42 27 0 1
333 91 21 0 1
334 23 20 0 1
335 27 30 0 -1
336 24 20 0 1
337 76 22 0 1
338 36 22 0 1
339 72 36 0 -1
340 9 38 -1 0
341 56 38 0 1
342 28 10 0 -1
343 31 29 1 0
344 36 7 -1 0
345 97 19 -1 0
346 20 32 0 1
347 59 20 0 1
348 26 24 -1 0
349 32 28 0 -1
350 7 12 1 0
351 76 8 0 1
352 40 2 -1 0
353 3 7 0 -1
354 88 22 -1 0
355 44 11 0 1
356 22 13 1 0
357 75 8 0 -1
358 28 13 -1 0
359 24 16 0 1
360 92 20 0 1
361 40 26 -1 0
362 54 39 -1 0
363 29 30 0 1
364 9 33 1 0
365 29 30 1 0
366 69 4 1 0
367 26 6 1 0
368 24 12 0 1
369 88 1 0 1
370 19 7 -1 0
371 36 15 -1 0
372 24 37 0 1
373 35 14 0 -1
374 23 28 1 0
375 28 24 1 0
376 13 1 0 -1
377 35 16 -1 0
378 23 29 0 -1
379 41 14 -1 0
380 32 25 0 -1
381 62 12 0 -1
382 66 30 1 0
383 23 35 1 0
384 89 19 1 0
385 38 31 1 0
386 30 34 0 -1
387 38 17 0 1
388 17 26 0 1
389 36 31 0 -1
390 44 23 -1 0
391 2 13 0 1
392 29 15 0 1
393 5 20 1 0
394 26 23 1 0
395 25 17 0 1
396 3 38 0 1
397 52 24 0 -1
398 45 32 -1 0
399 20 9 0 -1
400 44 31 0 1
401 96 23 0 -1
402 65 27 -1 0
403 57 25 -1 0
404 15 15 0 1
405 31 37 -1 0
406 39 25 -1 0
407 83 17 -1 0
408 36 6 -1 0
409 30 14 0 -1
410 76 39 0 1
411 29 14 1 0
412 29 13 0 -1
413 36 26 -1 0
414 86 2 0 1
415 47 34 0 -1
416 39 38 0 -1
417 32 33 1 0
418 39 15 1 0
419 23 1 1 0
420 43 31 -1 0
421 30 9 0 -1
422 5 2 0 1
423 26 20 1 0
424 44 3 0 -1
425 61 27 0 -1
426 26 11 0 1
427 6 22 0 -1
428 31 23 -1 0
429 51 9 0 -1
430 2 8 0 1
431 59 13 0 -1
432 25 29 1 0
433 41 17 -1 0
434 87 22 0 -1
435 51 18 -1 0
436 28 16 0 1
437 90 20 -1 0
438 46 32 -1 0
439 26 28 1 0
440 36 38 0 1
441 35 8 0 1
442 28 18 0 1
443 90 6 -1 0
444 31 33 0 1
445 40 25 0 -1
446 24 34 -1 0
447 28 11 1 0
448 23 17 0 1
449 28 8 1 0
450 31 36 0 -1
451 14 6 1 0
452 70 34 -1 0
453 27 6 0 1
454 29 14 0 -1
455 36 24 -1 0
456 54 28 0 1
457 42 34 -1 0
458 77 38 -1 0
459 25 19 0 -1
460 83 37 1 0
461 43 19 0 -1
462 29 17 -1 0
463 31 18 -1 0
464 18 27 -1 0
465 2 23 0 1
466 66 26 0 -1
467 44 8 1 0
468 39 2 -1 0
469 23 23 0 1
470 67 34 -1 0
471 39 26 -1 0
472 39 23 0 -1
473 37 11 0 -1
474 10 27 0 1
475 36 19 1 0
476 36 10 1 0
477 28 14 1 0
478 28 4 0 1
479 94 32 1 0
480 19 33 0 -1
481 32 0 0 1
482 96 14 1 0
483 31 7 0 1
484 23 14 0 1
485 42 11 -1 0
486 72 24 1 0
487 22 23 0 -1
488 37 39 -1 0
489 58 3 -1 0
490 38 21 1 0
491 62 4 -1 0
492 26 19 1 0
493 21 21 -1 0
494 36 18 0 1
495 27 27 1 0
496 29 6 1 0
497 38 15 -1 0
498 31 34 -1 0
499 31 9 0 -1
500 81 39 0 1
501 40 16 1 0
502 40 32 0 -1
503 39 23 0 1
504 57 28 0 1
505 47 39 -1 0
506 38 34 0 1
507 52 11 0 -1
508 23 18 1 0
509 47 5 0 -1
510 30 29 0 -1
511 26 17 -1 0
512 17 29 0 1
513 18 35 1 0
514 32 37 -1 0
515 40 11 -1 0
516 70 28 1 0
517 28 17 0 1
518 8 11 -1 0
519 42 23 0 -1
520 31 16 0 -1
521 38 2 -1 0
522 41 10 -1 0
523 40 14 1 0
524 1 17 0 -1
525 31 35 0 -1
526 35 28 0 1
527 27 19 0 -1
528 67 16 -1 0
529 30 26 0 1
530 87 16 0 -1
531 4 32 -1 0
532 39 13 -1 0
533 39 28 0 -1
534 9 28 0 -1
535 20 3 0 1
536 45 6 -1 0
537 40 24 0 -1
538 2 14 1 0
539 36 9 0 -1
540 93 8 0 1
541 79 22 0 1
542 24 10 -1 0
543 30 37 0 -1
544 35 25 -1 0
545 41 33 -1 0
546 21 15 -1 0
547 32 0 0 -1
548 41 27 -1 0
549 61 26 1 0
550 41 3 0 -1
551 22 27 0 -1
552 30 34 -1 0
553 1 14 0 1
554 75 21 -1 0
555 39 10 1 0
556 41 6 -1 0
557 43 20 -1 0
558 30 31 -1 0
559 98 15 -1 0
560 29 10 0 1
561 41 21 1 0
562 47 39 0 -1
563 15 25 0 1
564 42 28 -1 0
565 50 17 0 -1
566 28 6 -1 0
567 32 20 1 0
568 26 18 0 -1
569 27 15 0 -1
570 31 31 0 -1
571 81 26 -1 0
572 24 25 0 -1
573 44 20 -1 0
574 29 30 0 1
575 20 21 0 -1
576 19 9 0 1
577 72 12 -1 0
578 27 8 0 1
579 39 20 1 0
580 38 2 -1 0
581 27 11 0 1
582 93 8 1 0
583 70 21 -1 0
584 28 22 -1 0
585 84 9 0 -1
586 27 38 0 -1
587 17 7 1 0
588 26 11 0 -1
589 42 11 1 0
590 39 20 1 0
591 29 0 -1 0
592 28 33 0 1
593 29 4 0 1
594 86 14 -1 0
595 31 10 1 0
596 10 16 0 -1
597 84 2 0 -1
598 33 8 -1 0
599 29 0 1 0
600 11 7 -1 0
601 29 37 0 1
602 99 4 0 1
603 39 11 1 0
604 13 3 0 -1
605 62 17 -1 0
606 57 17 -1 0
607 81 32 -1 0
608 1 39 1 0
609 42 37 -1 0
610 74 29 1 0
611 77 32 0 1
612 18 27 -1 0
613 39 0 0 1
614 25 18 1 0
615 40 27 0 -1
616 56 14 1 0
617 66 0 0 -1
618 24 12 -1 0
619 28 23 1 0
620 63 7 0 -1
621 25 16 0 1
622 92 3 0 -1
623 37 2 0 -1
624 97 16 -1 0
625 38 19 0 1
626 29 14 0 -1
627 94 13 0 -1
628 28 33 0 -1
629 64 29 -1 0
630 63 10 0 -1
631 41 22 -1 0
632 4 34 0 -1
633 27 24 1 0
634 43 38 1 0
635 73 24 1 0
636 35 23 1 0
637 37 15 0 1
638 18 18 -1 0
639 31 6 0 1
640 25 25 1 0
641 51 16 -1 0
642 21 3 0 1
643 28 1 0 -1
644 20 34 0 1
645 29 7 1 0
646 84 39 1 0
647 80 31 -1 0
648 3 18 1 0
649 12 26 1 0
650 38 19 0 1
651 40 30 0 -1
652 38 3 0 -1
653 50 28 0 -1
654 32 32 0 -1
655 36 23 1 0
656 32 13 1 0
657 36 18 0 1
658 40 25 -1 0
659 25 24 0 1
660 17 6 -1 0
661 1 28 0 1
662 41 9 -1 0
663 98 15 1 0
664 28 21 0 1
665 28 9 0 -1
666 40 16 0 1
667 28 8 0 1
668 42 22 -1 0
669 74 23 0 -1
670 20 36 1 0
671 24 14 0 -1
672 82 0 0 -1
673 36 6 0 -1
674 32 16 0 1
675 19 15 1 0
676 39 6 0 1
677 83 36 0 1
678 29 36 0 1
679 57 9 -1 0
680 36 10 0 1
681 41 13 -1 0
682 94 29 0 1
683 0 7 -1 0
684 98 25 1 0
685 9 6 1 0
686 46 33 -1 0
687 37 25 0 1
688 36 21 0 1
689 25 16 0 1
690 42 39 -1 0
691 34 26 0 1
692 38 14 0 1
693 54 21 0 1
694 20 24 0 1
695 31 28 1 0
696 40 21 0 1
697 14 17 1 0
698 32 21 1 0
699 37 23 0 -1
700 26 22 0 1
701 31 34 0 1
702 44 23 0 -1
703 39 20 0 1
704 49 34 0 -1
705 42 24 0 -1
706 42 15 0 -1
707 24 0 0 1
708 99 4 1 0
709 80 31 -1 0
710 29 33 0 -1
711 8 35 0 1
712 29 34 -1 0
713 41 17 -1 0
714 26 14 0 1
715 6 17 0 1
716 40 15 0 1
717 28 4 -1 0
718 39 19 0 1
719 35 10 1 0
720 39 29 -1 0
721 3 1 1 0
722 30 4 0 -1
723 38 35 0 1
724 38 25 0 -1
725 50 3 0 -1
726 43 22 0 -1
727 37 15 0 1
728 26 8 -1 0
729 20 14 0 -1
730 20 13 0 1
731 45 39 0 1
732 84 5 0 -1
733 36 34 -1 0
734 99 13 1 0
735 4 3 0 -1
736 51 25 0 1
737 16 15 1 0
738 38 28 -1 0
739 62 35 -1 0
740 36 26 0 -1
741 43 30 1 0
742 38 26 0 -1
743 35 20 1 0
744 36 36 0 -1
745 27 23 1 0
746 18 23 0 1
747 16 27 0 1
748 39 4 0 -1
749 10 16 0 1
750 39 5 -1 0
751 27 14 1 0
752 28 10 -1 0
753 40 7 0 -1
754 46 32 0 -1
755 84 31 1 0
756 40 38 0 -1
757 42 16 -1 0
758 44 20 0 -1
759 52 27 1 0
760 43 18 -1 0
761 39 16 -1 0
762 27 21 0 -1
763 45 11 1 0
764 3 3 0 -1
765 62 25 0 -1
766 29 5 0 1
767 73 21 1 0
768 70 16 0 -1
769 44 31 1 0
770 28 5 -1 0
771 27 21 0 -1
772 58 29 -1 0
773 0 1 0 1
774 12 9 1 0
775 28 14 1 0
776 37 19 0 1
777 61 9 -1 0
778 15 11 0 -1
779 29 35 0 1
780 75 1 0 1
781 36 26 0 -1
782 7 16 0 -1
783 25 19 0 -1
784 28 22 0 -1
785 50 7 0 1
786 0 16 -1 0
787 26 25 -1 0
788 22 37 -1 0
789 95 3 -1 0
790 35 17 -1 0
791 51 12 0 -1
792 85 2 0 -1
793 83 37 1 0
794 95 28 0 1
795 25 16 1 0
796 59 35 0 1
797 60 4 -1 0
798 85 8 0 1
799 36 19 0 1
800 28 24 1 0
801 37 29 0 1
802 39 13 0 1
803 27 3 1 0
804 7 23 0 1
805 40 20 0 1
806 30 18 0 1
807 6 21 1 0
808 43 13 -1 0
809 24 38 -1 0
810 48 19 0 -1
811 31 32 0 1
812 29 38 1 0
813 78 2 0 1
814 35 13 -1 0
815 37 6 1 0
816 35 2 1 0
817 38 18 0 -1
818 35 12 -1 0
819 48 34 -1 0
820 20 14 0 -1
821 85 16 -1 0
822 32 19 -1 0
823 45 21 -1 0
824 50 20 1 0
825 84 35 1 0
826 8 9 -1 0
827 59 27 0 -1
828 35 14 1 0
829 23 19 -1 0
830 38 16 1 0
831 18 8 1 0
832 54 8 0 -1
833 39 31 -1 0
834 51 7 1 0
835 40 20 -1 0
836 35 15 0 1
837 48 11 0 -1
838 9 24 -1 0
839 42 7 0 1
840 6 34 0 1
841 9 34 -1 0
842 26 2 0 1
843 38 1 0 1
844 48 18 1 0
845 24 17 -1 0
846 28 36 0 -1
847 30 19 1 0
848 41 28 0 -1
849 40 14 0 1
850 40 22 0 1
851 39 16 0 -1
852 29 36 0 1
853 9 37 0 -1
854 23 7 -1 0
855 87 28 0 -1
856 30 7 -1 0
857 45 27 0 -1
858 58 0 -1 0
859 37 39 1 0
860 25 15 1 0
861 0 16 1 0
862 38 18 1 0
863 86 30 1 0
864 96 11 1 0
865 41 1 0 -1
866 14 11 0 1
867 48 26 1 0
868 61 8 -1 0
869 2 35 -1 0
870 35 8 0 1
871 21 23 0 1
872 53 20 0 -1
873 37 22 0 1
874 4 7 1 0
875 60 28 0 -1
876 72 13 -1 0
877 26 30 -1 0
878 38 23 1 0
879 19 1 1 0
880 28 7 0 1
881 80 33 0 1
882 21 7 0 -1
883 68 38 0 -1
884 25 37 -1 0
885 24 12 0 1
886 20 10 0 1
887 44 3 0 -1
888 94 2 0 -1
889 27 18 0 -1
890 35 22 -1 0
891 27 1 0 1
892 21 12 1 0
893 24 39 0 -1
894 83 34 1 0
895 77 11 -1 0
896 56 12 0 1
897 38 26 1 0
898 27 2 0 1
899 28 19 0 -1
900 15 3 0 -1
901 27 17 1 0
902 21 3 0 1
903 39 21 -1 0
904 42 26 -1 0
905 36 6 -1 0
906 37 13 1 0
907 29 32 0 -1
908 25 14 0 1
909 3 38 1 0
910 87 29 -1 0
911 22 19 -1 0
912 30 13 1 0
913 68 20 0 1
914 39 16 0 -1
915 22 35 0 1
916 63 25 0 1
917 40 24 0 -1
918 95 33 1 0
919 38 25 -1 0
920 27 4 0 1
921 34 20 -1 0
922 29 23 -1 0
923 26 20 1 0
924 9 35 1 0
925 91 36 0 1
926 5 17 0 -1
927 34 7 0 -1
928 35 9 1 0
929 43 8 1 0
930 26 13 1 0
931 44 38 0 1
932 35 11 -1 0
933 16 1 -1 0
934 71 4 1 0
935 29 12 0 -1
936 25 27 1 0
937 28 11 -1 0
938 12 37 0 -1
939 53 25 0 -1
940 93 19 0 -1
941 99 4 0 1
942 32 20 1 0
943 28 26 1 0
944 5 1 1 0
945 29 1 -1 0
946 32 16 -1 0
947 12 8 -1 0
948 26 17 0 1
949 40 37 -1 0
950 28 3 0 1
951 38 10 0 -1
952 72 4 0 1
953 28 32 1 0
954 17 2 -1 0
955 65 33 1 0
956 23 37 -1 0
957 39 1 -1 0
958 40 10 0 1
959 25 13 -1 0
960 94 22 0 1
961 31 16 0 1
962 30 24 0 1
963 28 15 0 -1
964 27 4 -1 0
965 42 16 0 1
966 83 4 1 0
967 32 35 -1 0
968 53 30 -1 0
969 19 4 1 0
970 47 27 1 0
971 37 34 0 1
972 31 27 -1 0
973 29 19 -1 0
974 38 29 -1 0
975 28 12 1 0
976 30 21 1 0
977 27 38 1 0
978 27 12 1 0
979 40 19 0 1
980 41 12 0 1
981 37 26 0 1
982 36 8 -1 0
983 30 12 0 1
984 39 17 0 -1
985 27 31 1 0
986 28 6 1 0
987 27 31 -1 0
988 27 12 -1 0
989 27 8 1 0
990 26 20 0 -1
991 86 21 0 1
992 92 36 0 1
993 18 0 -1 0
994 30 36 0 1
995 30 2 0 1
996 48 30 -1 0
997 31 38 -1 0
998 35 22 0 1
999 5 12 0 1
1000 24 0 0 1
1001 41 23 0 1
1002 25 0 -1 0
1003 24 21 0 1
1004 28 33 0 1
1005 62 5 0 -1
1006 27 10 0 1
1007 96 16 0 1
1008 28 8 0 1
1009 73 18 0 -1
1010 52 6 0 1
1011 72 35 -1 0
1012 50 10 0 1
1013 37 22 0 -1
1014 11 21 1 0
1015 31 5 0 1
1016 26 9 0 -1
1017 27 3 1 0
1018 25 17 1 0
1019 87 37 -1 0
1020 43 13 0 -1
1021 14 31 1 0
1022 36 23 -1 0
1023 31 34 1 0
1024 32 15 0 1
1025 40 27 1 0
1026 38 17 0 1
1027 91 15 0 1
1028 42 22 0 1
1029 73 2 -1 0
1030 42 33 0 1
1031 31 33 0 1
1032 68 4 -1 0
1033 25 30 0 1
1034 79 38 -1 0
1035 26 12 0 1
1036 51 17 0 -1
1037 89 6 0 1
1038 39 6 1 0
1039 0 9 1 0
1040 35 5 0 1
1041 29 33 0 -1
1042 44 6 -1 0
1043 26 16 1 0
1044 26 16 0 1
1045 35 28 0 1
1046 27 11 1 0
1047 22 12 1 0
1048 37 16 0 -1
1049 40 39 0 1
1050 58 11 0 1
1051 81 28 -1 0
1052 42 17 0 -1
1053 28 31 1 0
1054 36 20 0 -1
1055 21 36 1 0
1056 31 8 0 -1
1057 28 25 0 -1
1058 39 39 0 1
1059 45 3 0 1
1060 37 24 -1 0
1061 65 8 0 -1
1062 28 25 0 -1
1063 27 13 0 1
1064 23 25 1 0
1065 42 24 0 1
1066 37 23 -1 0
1067 42 33 0 1
1068 27 17 0 1
1069 24 19 1 0
1070 27 8 -1 0
1071 30 32 0 1
1072 26 18 0 -1
1073 29 9 0 1
1074 29 22 0 1
1075 50 31 0 -1
1076 74 25 1 0
1077 40 33 1 0
1078 37 6 -1 0
1079 30 8 0 -1
1080 97 14 -1 0
1081 41 39 -1 0
1082 42 38 1 0
1083 39 1 1 0
1084 48 36 0 1
1085 37 12 -1 0
1086 43 33 1 0
1087 0 27 0 -1
1088 27 16 0 -1
1089 28 10 -1 0
1090 60 1 -1 0
1091 37 27 0 1
1092 18 29 0 -1
1093 25 11 -1 0
1094 40 22 -1 0
1095 26 5 0 1
1096 13 32 0 1
1097 99 13 -1 0
1098 81 21 -1 0
1099 13 29 1 0
1100 32 34 1 0
1101 39 27 0 1
1102 60 11 0 -1
1103 42 0 1 0
1104 24 8 0 1
1105 36 19 0 1
1106 37 35 -1 0
1107 7 12 0 -1
1108 25 3 1 0
1109 38 20 1 0
1110 57 14 0 1
1111 39 28 1 0
1112 37 17 0 1
1113 28 9 0 1
1114 20 23 0 1
1115 71 26 1 0
1116 41 20 0 -1
1117 78 4 -1 0
1118 57 17 0 1
1119 8 37 1 0
1120 25 28 0 1
1121 91 1 -1 0
1122 54 10 1 0
1123 1 10 0 -1
1124 26 12 0 1
1125 8 36 0 1
1126 26 4 0 1
1127 20 26 1 0
1128 37 17 0 1
1129 98 21 -1 0
1130 24 19 0 1
1131 42 18 0 -1
1132 71 36 0 -1
1133 27 20 0 -1
1134 26 9 0 -1
1135 39 21 -1 0
1136 43 27 1 0
1137 29 32 -1 0
1138 49 25 0 1
1139 39 19 0 1
1140 62 7 0 -1
1141 97 11 0 1
1142 24 13 -1 0
1143 38 3 0 -1
1144 28 4 0 1
1145 0 21 1 0
1146 26 3 0 1
1147 40 21 -1 0
1148 35 18 -1 0
1149 42 22 0 -1
1150 25 10 0 1
1151 23 12 0 -1
1152 37 16 0 -1
1153 23 17 0 -1
1154 0 25 -1 0
1155 30 7 -1 0
1156 29 8 0 -1
1157 84 19 0 -1
1158 38 3 0 -1
1159 41 18 0 -1
1160 38 23 0 1
1161 36 20 -1 0
1162 27 30 1 0
1163 25 33 0 1
1164 29 11 1 0
1165 38 23 0 -1
1166 38 24 -1 0
1167 73 37 0 -1
1168 78 3 0 1
1169 82 22 0 -1
1170 37 21 -1 0
1171 58 1 -1 0
1172 27 20 0 -1
1173 45 8 0 -1
1174 30 33 -1 0
1175 23 34 0 1
1176 97 27 -1 0
1177 27 6 0 1
1178 4 0 -1 0
1179 39 23 0 -1
1180 38 29 0 -1
1181 26 28 1 0
1182 25 35 0 1
1183 29 20 1 0
1184 91 30 -1 0
1185 5 16 0 -1
1186 7 9 0 -1
1187 47 21 -1 0
1188 40 28 1 0
1189 36 7 0 1
1190 30 15 0 1
1191 24 23 -1 0
1192 30 36 0 -1
1193 25 18 0 1
1194 37 27 -1 0
1195 21 20 -1 0
1196 56 23 -1 0
1197 94 36 0 -1
1198 12 32 0 1
1199 56 37 0 1
1200 39 30 -1 0
1201 23 29 0 -1
1202 88 35 -1 0
1203 16 4 0 1
1204 4 39 0 -1
1205 28 17 1 0
1206 37 16 0 1
1207 38 21 0 -1
1208 45 27 1 0
1209 39 27 0 -1
1210 93 16 0 1
1211 42 17 0 1
1212 44 16 0 1
1213 59 15 -1 0
1214 18 14 0 -1
1215 43 16 0 -1
1216 36 21 -1 0
1217 82 39 0 1
1218 18 9 0 1
1219 41 13 -1 0
1220 29 26 0 1
1221 14 27 1 0
1222 29 6 0 1
1223 90 25 0 1
1224 31 12 1 0
1225 40 13 0 1
1226 26 6 0 -1
1227 24 5 1 0
1228 11 35 -1 0
1229 81 1 -1 0
1230 39 19 -1 0
1231 38 15 -1 0
1232 29 8 1 0
1233 27 11 -1 0
1234 4 8 0 1
1235 27 27 0 -1
1236 21 37 0 1
1237 26 12 0 -1
1238 95 4 1 0
1239 69 36 0 -1
1240 39 31 0 -1
1241 27 6 0 1
1242 26 32 0 1
1243 44 11 0 -1
1244 25 25 1 0
1245 19 17 0 -1
1246 88 14 -1 0
1247 54 1 0 1
1248 4 8 -1 0
1249 48 36 0 1
1250 88 14 1 0
1251 25 12 0 1
1252 44 20 0 1
1253 44 22 1 0
1254 45 2 0 -1
1255 27 23 0 1
1256 30 26 1 0
1257 30 36 0 -1
1258 43 2 1 0
1259 96 19 -1 0
1260 29 11 1 0
1261 55 29 0 1
1262 8 21 0 -1
1263 88 31 0 1
1264 31 37 -1 0
1265 2 21 -1 0
1266 11 17 0 1
1267 92 20 -1 0
1268 22 24 0 -1
1269 0 2 0 1
1270 88 30 1 0
1271 27 9 0 1
1272 54 17 1 0
1273 44 24 -1 0
1274 11 17 -1 0
1275 30 11 -1 0
1276 3 39 0 -1
1277 79 31 0 -1
1278 2 17 -1 0
1279 39 39 0 -1
1280 47 1 -1 0
1281 76 37 0 1
1282 30 13 1 0
1283 45 20 0 -1
1284 32 30 -1 0
1285 55 13 1 0
1286 31 28 -1 0
1287 31 32 0 1
1288 41 20 1 0
1289 29 33 -1 0
1290 40 17 0 -1
1291 39 26 0 1
1292 37 13 0 -1
1293 60 34 0 -1
1294 74 11 0 -1
1295 27 18 0 1
1296 16 1 0 1
1297 30 23 1 0
1298 40 25 -1 0
1299 46 13 0 -1
1300 21 33 1 0
1301 29 13 -1 0
1302 23 12 0 1
1303 98 1 1 0
1304 37 19 0 1
1305 27 5 -1 0
1306 27 12 0 1
1307 19 16 0 -1
1308 40 19 0 -1
1309 94 6 0 1
1310 28 21 0 1
1311 32 13 -1 0
1312 54 18 0 1
1313 40 37 0 1
1314 49 22 0 -1
1315 19 0 1 0
1316 41 1 -1 0
1317 42 37 -1 0
1318 43 19 0 1
1319 87 31 0 -1
1320 20 8 -1 0
1321 92 7 1 0
1322 85 20 0 1
1323 80 18 1 0
1324 52 24 -1 0
1325 40 21 -1 0
1326 41 22 -1 0
1327 15 33 -1 0
1328 95 25 -1 0
1329 30 6 0 1
1330 98 19 1 0
1331 70 26 0 1
1332 45 9 0 -1
1333 25 6 0 1
1334 29 17 -1 0
1335 19 11 0 1
1336 36 25 0 -1
1337 77 31 0 1
1338 33 30 1 0
1339 82 22 0 -1
1340 30 8 0 -1
1341 35 10 0 -1
1342 38 0 -1 0
1343 36 11 0 1
1344 6 1 0 -1
1345 18 22 0 -1
1346 15 8 1 0
1347 26 17 1 0
1348 68 3 -1 0
1349 9 27 -1 0
1350 28 14 0 1
1351 16 16 0 1
1352 27 25 0 1
1353 24 8 0 -1
1354 15 19 -1 0
1355 31 6 0 1
1356 22 16 -1 0
1357 38 26 0 -1
1358 66 27 -1 0
1359 30 33 1 0
1360 29 8 1 0
1361 7 15 -1 0
1362 40 8 0 -1
1363 19 9 0 -1
1364 21 6 -1 0
1365 45 19 0 1
1366 26 15 0 1
1367 25 3 -1 0
1368 37 12 -1 0
1369 38 2 -1 0
1370 25 17 1 0
1371 25 26 1 0
1372 99 28 0 -1
1373 39 30 -1 0
1374 36 11 0 -1
1375 28 5 1 0
1376 11 7 -1 0
1377 37 20 1 0
1378 54 15 1 0
1379 29 4 0 1
1380 36 27 -1 0
1381 34 25 0 1
1382 25 13 -1 0
1383 28 7 0 1
1384 9 4 0 1
1385 22 0 1 0
1386 40 29 0 -1
1387 6 24 1 0
1388 40 8 1 0
1389 28 35 0 -1
1390 25 34 0 1
1391 16 8 -1 0
1392 32 29 -1 0
1393 35 21 -1 0
1394 61 34 -1 0
1395 90 0 1 0
1396 11 21 -1 0
1397 95 34 1 0
1398 92 11 0 -1
1399 41 21 0 1
1400 41 26 0 -1
1401 42 20 -1 0
1402 35 15 0 -1
1403 41 24 0 1
1404 71 28 0 1
1405 23 9 1 0
1406 47 3 -1 0
1407 98 29 -1 0
1408 19 8 0 1
1409 19 17 1 0
1410 15 10 1 0
1411 45 3 1 0
1412 30 5 1 0
1413 31 24 0 -1
1414 19 27 -1 0
1415 91 20 1 0
1416 42 6 1 0
1417 27 5 0 1
1418 26 24 1 0
1419 28 5 1 0
1420 39 37 -1 0
1421 43 39 -1 0
1422 10 15 0 -1
1423 60 38 1 0
1424 63 10 -1 0
1425 36 9 0 1
1426 26 35 -1 0
1427 84 37 -1 0
1428 93 12 1 0
1429 31 21 0 -1
1430 44 2 0 1
1431 30 30 1 0
1432 90 23 -1 0
1433 39 13 0 1
1434 30 10 0 -1
1435 41 19 0 -1
1436 41 25 1 0
1437 39 24 0 1
1438 21 39 0 1
1439 24 18 1 0
1440 9 26 -1 0
1441 24 10 0 1
1442 42 10 -1 0
1443 22 4 1 0
1444 31 38 -1 0
1445 37 8 -1 0
1446 53 5 0 -1
1447 91 21 0 -1
1448 36 3 -1 0
1449 42 37 -1 0
1450 95 36 1 0
1451 44 22 -1 0
1452 22 30 0 1
1453 83 26 0 1
1454 36 17 0 -1
1455 26 32 0 1
1456 31 35 -1 0
1457 29 6 0 1
1458 1 14 1 0
1459 29 9 1 0
1460 16 27 1 0
1461 39 38 0 -1
1462 84 9 1 0
1463 7 21 0 1
1464 97 5 0 -1
1465 64 37 0 -1
1466 25 12 1 0
1467 12 24 1 0
1468 40 16 -1 0
1469 95 3 1 0
1470 26 24 1 0
1471 72 5 -1 0
1472 30 34 0 -1
1473 36 24 0 -1
1474 81 36 0 1
1475 30 19 1 0
1476 27 7 0 1
1477 35 9 0 1
1478 74 30 -1 0
1479 79 8 0 -1
1480 69 18 0 1
1481 17 20 0 1
1482 42 23 -1 0
1483 46 36 0 1
1484 43 21 1 0
1485 39 24 0 -1
1486 41 16 0 1
1487 25 4 0 -1
1488 40 20 -1 0
1489 50 24 -1 0
1490 14 9 0 1
1491 51 0 0 1
1492 39 14 1 0
1493 25 24 1 0
1494 6 36 0 -1
1495 30 9 0 -1
1496 26 34 1 0
1497 40 23 0 -1
1498 20 16 0 1
1499 38 35 0 -1
1500 43 19 0 -1
1501 20 4 -1 0
1502 39 17 0 -1
1503 26 19 -1 0
1504 92 35 0 1
1505 24 28 0 -1
1506 19 27 0 1
1507 88 4 0 -1
1508 76 35 1 0
1509 99 15 1 0
1510 24 31 0 1
1511 31 24 -1 0
1512 66 31 0 -1
1513 29 12 0 -1
1514 28 15 1 0
1515 43 18 -1 0
1516 42 10 1 0
1517 27 7 0 -1
1518 89 21 1 0
1519 3 39 -1 0
1520 37 27 -1 0
1521 24 1 0 -1
1522 45 20 0 -1
1523 95 32 -1 0
1524 40 17 0 -1
1525 29 34 -1 0
1526 31 35 -1 0
1527 31 14 1 0
1528 31 1 1 0
1529 36 39 0 1
1530 35 11 0 -1
1531 27 28 1 0
1532 17 14 1 0
1533 16 17 1 0
1534 80 17 -1 0
1535 26 11 0 1
1536 56 10 -1 0
1537 45 4 1 0
1538 45 4 1 0
1539 24 34 1 0
1540 8 38 0 -1
1541 44 9 1 0
1542 34 6 0 1
1543 86 29 -1 0
1544 54 7 0 -1
1545 26 5 0 1
1546 31 8 1 0
1547 16 20 0 1
1548 46 15 1 0
1549 22 24 0 1
1550 99 24 -1 0
1551 95 5 0 1
1552 53 9 -1 0
1553 29 10 0 1
1554 30 6 1 0
1555 68 17 0 1
1556 41 23 1 0
1557 94 17 1 0
1558 23 17 1 0
1559 25 15 1 0
1560 43 0 0 -1
1561 17 10 -1 0
1562 87 4 1 0
1563 9 31 0 1
1564 91 39 0 -1
1565 35 7 0 1
1566 27 9 1 0
1567 82 7 -1 0
1568 27 19 0 -1
1569 31 23 0 1
1570 10 24 0 1
1571 86 0 0 -1
1572 83 37 0 -1
1573 25 39 0 -1
1574 39 28 0 -1
1575 43 21 1 0
1576 16 0 0 -1
1577 84 13 -1 0
1578 41 20 0 -1
1579 37 26 0 1
1580 27 13 -1 0
1581 39 37 0 1
1582 95 31 0 1
1583 41 21 -1 0
1584 8 7 -1 0
1585 28 31 -1 0
1586 51 1 0 -1
1587 44 19 1 0
1588 27 10 1 0
1589 11 6 0 -1
1590 51 1 0 1
1591 27 24 -1 0
1592 27 15 0 1
1593 97 36 1 0
1594 40 36 0 1
1595 13 1 0 1
1596 4 12 -1 0
1597 71 35 -1 0
1598 38 33 1 0
1599 83 10 1 0
1600 91 8 0 1
1601 24 33 0 -1
1602 28 22 0 -1
1603 26 28 1 0
1604 42 19 -1 0
1605 14 25 0 -1
1606 40 23 0 -1
1607 86 7 0 1
1608 13 22 0 -1
1609 35 10 -1 0
1610 50 19 1 0
1611 23 8 0 1
1612 47 39 1 0
1613 13 27 0 -1
1614 2 4 1 0
1615 30 1 0 1
1616 5 3 1 0
1617 42 27 1 0
1618 26 34 -1 0
1619 13 28 1 0
1620 39 15 -1 0
1621 18 33 0 -1
1622 38 25 1 0
1623 38 16 1 0
1624 30 37 -1 0
1625 87 3 0 1
1626 2 2 0 1
1627 2 8 0 1
1628 28 25 0 -1
1629 27 10 0 1
1630 38 20 0 -1
1631 5 12 -1 0
1632 27 14 1 0
1633 23 30 0 -1
1634 38 18 0 1
1635 66 26 0 -1
1636 17 29 -1 0
1637 63 18 -1 0
1638 31 30 0 1
1639 14 14 -1 0
1640 50 11 0 -1
1641 39 11 -1 0
1642 97 36 0 -1
1643 23 1 0 1
1644 29 12 0 -1
1645 38 28 -1 0
1646 38 22 0 -1
1647 41 11 0 1
1648 18 14 0 1
1649 3 13 -1 0
1650 30 20 -1 0
1651 26 14 0 1
1652 70 2 0 -1
1653 77 26 -1 0
1654 40 13 -1 0
1655 25 1 0 1
1656 24 16 1 0
1657 23 39 1 0
1658 18 31 0 1
1659 82 5 0 -1
1660 78 23 -1 0
1661 29 10 0 -1
1662 27 16 0 1
1663 40 0 0 1
1664 52 31 -1 0
1665 41 19 0 1
1666 9 12 1 0
1667 75 2 0 1
1668 68 16 1 0
1669 5 18 -1 0
1670 1 0 1 0
1671 39 21 1 0
1672 38 36 1 0
1673 17 0 0 1
1674 80 8 0 1
1675 29 9 1 0
1676 29 5 0 1
1677 23 3 1 0
1678 29 15 -1 0
1679 32 37 1 0
1680 20 1 1 0
1681 96 30 0 1
1682 6 33 -1 0
1683 24 17 0 -1
1684 31 31 0 1
1685 53 5 0 1
1686 45 35 1 0
1687 32 21 0 -1
1688 49 20 0 -1
1689 27 17 0 -1
1690 50 4 1 0
1691 6 2 1 0
1692 23 5 1 0
1693 24 22 0 -1
1694 35 11 -1 0
1695 44 23 0 1
1696 75 36 1 0
1697 83 36 0 1
1698 28 12 1 0
1699 10 17 1 0
1700 87 23 1 0
1701 27 5 -1 0
1702 27 14 1 0
1703 79 34 -1 0
1704 50 19 -1 0
1705 40 17 0 -1
1706 53 24 0 -1
1707 40 26 -1 0
1708 39 24 1 0
1709 26 7 1 0
1710 93 11 -1 0
1711 31 8 0 -1
1712 78 18 1 0
1713 91 30 -1 0
1714 6 37 1 0
1715 12 0 0 -1
1716 37 18 1 0
1717 46 18 1 0
1718 35 13 1 0
1719 42 12 -1 0
1720 29 4 0 -1
1721 26 19 0 -1
1722 53 23 0 -1
1723 81 13 0 -1
1724 39 22 0 -1
1725 81 10 -1 0
1726 72 22 0 1
1727 32 21 0 -1
1728 22 33 0 1
1729 72 36 -1 0
1730 25 8 1 0
1731 81 19 0 1
1732 19 24 1 0
1733 56 34 0 1
1734 30 31 0 1
1735 41 18 0 -1
1736 80 3 -1 0
1737 26 3 0 1
1738 48 12 1 0
1739 26 30 0 -1
1740 87 15 0 1
1741 11 7 1 0
1742 37 21 1 0
1743 27 36 0 1
1744 14 18 -1 0
1745 88 28 1 0
1746 92 8 0 1
1747 46 4 0 1
1748 28 17 -1 0
1749 41 24 -1 0
1750 30 12 0 1
1751 20 27 0 1
1752 31 31 -1 0
1753 55 15 1 0
1754 23 34 0 -1
1755 42 20 -1 0
1756 78 35 0 1
1757 36 21 0 -1
1758 53 1 -1 0
1759 99 39 0 1
1760 21 16 0 1
1761 31 10 1 0
1762 41 39 0 1
1763 36 27 -1 0
1764 30 31 0 1
1765 39 25 -1 0
1766 74 13 0 1
1767 20 22 0 -1
1768 26 16 0 -1
1769 84 9 0 1
1770 25 4 1 0
1771 29 32 1 0
1772 49 23 0 1
1773 18 35 -1 0
1774 37 22 0 -1
1775 27 16 -1 0
1776 94 39 -1 0
1777 48 34 -1 0
1778 29 31 1 0
1779 31 9 1 0
1780 47 20 0 1
1781 63 25 0 1
1782 50 12 0 1
1783 26 0 1 0
1784 29 16 0 -1
1785 32 19 0 1
1786 25 35 -1 0
1787 94 20 0 -1
1788 23 33 0 1
1789 40 18 0 -1
1790 30 7 -1 0
1791 22 10 -1 0
1792 41 31 0 1
1793 93 11 0 1
1794 32 27 0 1
1795 99 36 -1 0
1796 15 21 0 -1
1797 3 27 1 0
1798 13 21 1 0
1799 31 27 -1 0
1800 99 2 0 -1
1801 7 29 0 1
1802 30 21 -1 0
1803 37 20 -1 0
1804 46 20 0 1
1805 40 3 1 0
1806 35 31 -1 0
1807 30 33 0 1
1808 22 16 1 0
1809 88 10 -1 0
1810 26 4 0 1
1811 95 33 0 -1
1812 45 19 -1 0
1813 18 11 0 1
1814 80 30 -1 0
1815 23 16 1 0
1816 3 5 -1 0
1817 78 8 1 0
1818 57 26 -1 0
1819 22 39 1 0
1820 22 14 1 0
1821 25 12 1 0
1822 21 26 0 -1
1823 35 17 -1 0
1824 37 12 0 1
1825 35 18 0 -1
1826 40 29 -1 0
1827 13 34 0 1
1828 0 5 1 0
1829 31 22 0 -1
1830 41 22 -1 0
1831 15 20 -1 0
1832 44 19 1 0
1833 9 20 0 -1
1834 53 1 -1 0
1835 37 20 -1 0
1836 30 19 0 -1
1837 41 18 -1 0
1838 98 13 1 0
1839 4 33 1 0
1840 35 13 0 -1
1841 41 2 1 0
1842 37 14 0 1
1843 43 37 0 -1
1844 75 14 0 -1
1845 16 36 -1 0
1846 13 38 0 -1
1847 22 31 0 1
1848 16 24 1 0
1849 42 13 0 1
1850 62 8 1 0
1851 37 19 -1 0
1852 26 4 1 0
1853 29 7 0 -1
1854 13 33 0 1
1855 71 21 0 -1
1856 72 24 1 0
1857 76 27 0 1
1858 63 27 0 1
1859 41 26 -1 0
1860 48 39 0 -1
1861 23 31 0 1
1862 28 12 0 1
1863 84 24 0 -1
1864 46 17 1 0
1865 39 1 1 0
1866 48 21 -1 0
1867 49 2 0 1
1868 41 36 1 0
1869 41 31 0 1
1870 3 17 1 0
1871 96 29 -1 0
1872 24 20 0 1
1873 40 38 0 1
1874 2 32 0 1
1875 96 22 0 1
1876 36 5 0 -1
1877 6 23 0 -1
1878 35 24 0 1
1879 58 29 -1 0
1880 19 18 0 1
1881 40 1 1 0
1882 48 2 0 1
1883 26 10 1 0
1884 36 10 0 1
1885 93 24 0 -1
1886 31 33 0 -1
1887 7 32 0 -1
1888 35 17 0 1
1889 82 6 0 -1
1890 24 5 0 1
1891 9 38 -1 0
1892 40 14 0 1
1893 69 2 0 1
1894 25 5 1 0
1895 24 32 0 -1
1896 27 20 1 0
1897 62 12 1 0
1898 0 33 -1 0
1899 80 31 0 1
1900 25 24 -1 0
1901 37 6 0 -1
1902 45 7 0 1
1903 62 28 0 1
1904 79 12 1 0
1905 88 9 0 -1
1906 24 15 1 0
1907 94 35 0 -1
1908 89 34 0 -1
1909 96 4 -1 0
1910 94 3 1 0
1911 30 32 -1 0
1912 39 36 0 1
1913 29 15 0 -1
1914 36 24 0 1
1915 41 27 0 -1
1916 58 33 1 0
1917 72 28 0 1
1918 27 15 0 -1
1919 17 13 1 0
1920 12 20 0 -1
1921 37 24 0 -1
1922 35 39 0 -1
1923 22 33 0 1
1924 93 9 1 0
1925 39 18 -1 0
1926 28 11 0 1
1927 37 36 0 1
1928 21 10 1 0
1929 30 14 0 -1
1930 32 4 0 1
1931 38 19 0 -1
1932 30 32 0 1
1933 25 1 1 0
1934 92 3 -1 0
1935 7 17 0 1
1936 48 3 0 1
1937 40 26 0 -1
1938 49 23 -1 0
1939 1 21 0 -1
1940 36 25 1 0
1941 39 15 1 0
1942 40 22 -1 0
1943 86 10 0 -1
1944 37 18 1 0
1945 35 20 0 -1
1946 40 24 1 0
1947 93 6 -1 0
1948 7 35 -1 0
1949 30 3 0 1
1950 42 25 -1 0
1951 40 11 1 0
1952 28 19 0 -1
1953 30 24 1 0
1954 22 35 1 0
1955 39 17 1 0
1956 30 23 -1 0
1957 42 1 1 0
1958 28 20 -1 0
1959 24 20 0 -1
1960 31 6 0 1
1961 25 4 1 0
1962 28 18 0 1
1963 34 2 -1 0
1964 43 30 -1 0
1965 8 35 0 1
1966 17 23 1 0
1967 23 24 0 1
1968 80 27 0 1
1969 36 22 1 0
1970 25 33 0 -1
1971 94 9 -1 0
1972 37 13 0 1
1973 67 1 0 1
1974 48 19 0 1
1975 35 16 -1 0
1976 38 4 0 -1
1977 48 10 -1 0
1978 36 39 1 0
1979 59 8 0 -1
1980 2 13 0 -1
1981 37 36 0 -1
1982 11 37 -1 0
1983 26 34 1 0
1984 6 1 0 -1
1985 81 1 0 -1
1986 95 38 0 -1
1987 36 15 -1 0
1988 77 25 0 1
1989 31 30 -1 0
1990 35 9 0 1
1991 10 12 -1 0
1992 24 19 0 1
1993 21 9 -1 0
1994 31 7 -1 0
1995 49 20 0 1
1996 29 24 -1 0
1997 61 32 1 0
1998 99 18 1 0
1999 32 7 0 -1
