0 7 12 0 1
1 87 24 0 1
2 26 11 -1 0
3 36 2 1 0
4 30 22 0 1
5 28 17 0 1
6 78 0 1 0
7 35 7 0 1
8 79 37 -1 0
9 39 33 -1 0
10 79 24 0 -1
11 57 32 1 0
12 35 14 0 -1
13 42 2 0 -1
14 37 24 0 -1
15 31 20 -1 0
16 47 32 1 0
17 19 23 1 0
18 29 23 1 0
19 98 27 0 1
20 38 36 0 1
21 5 16 0 -1
22 72 34 0 1
23 29 14 1 0
24 90 13 1 0
25 43 30 0 -1
26 90 24 -1 0
27 29 11 1 0
28 20 31 0 -1
29 66 5 -1 0
30 31 30 1 0
31 39 32 -1 0
32 43 11 1 0
33 98 30 1 0
34 39 23 0 -1
35 37 26 0 -1
36 88 22 1 0
37 19 35 0 -1
38 36 12 0 -1
39 27 25 1 0
40 39 25 1 0
41 85 20 1 0
42 30 15 1 0
43 38 37 1 0
44 47 12 0 1
45 0 2 1 0
46 42 3 0 1
47 28 27 1 0
48 26 18 1 0
49 14 6 0 -1
50 46 23 -1 0
51 37 19 -1 0
52 3 0 0 -1
53 2 38 0 1
54 36 5 1 0
55 27 14 0 1
56 20 8 1 0
57 95 39 0 1
58 25 14 1 0
59 14 37 1 0
60 35 15 0 -1
61 30 13 0 -1
62 24 8 -1 0
63 29 6 0 1
64 41 22 0 -1
65 28 38 -1 0
66 31 6 -1 0
67 44 15 -1 0
68 41 18 -1 0
69 39 4 0 -1
70 23 1 1 0
71 70 4 -1 0
72 43 22 -1 0
73 37 18 0 1
74 42 39 1 0
75 59 8 1 0
76 16 33 0 -1
77 25 15 1 0
78 41 22 0 -1
79 32 10 -1 0
80 24 21 0 -1
81 29 39 -1 0
82 24 3 1 0
83 23 12 1 0
84 78 34 1 0
85 29 20 1 0
86 25 17 0 -1
87 74 19 -1 0
88 35 13 1 0
89 31 29 -1 0
90 54 36 -1 0
91 29 7 -1 0
92 27 0 -1 0
93 53 5 1 0
94 61 35 1 0
95 79 12 1 0
96 25 21 -1 0
97 40 23 0 -1
98 24 39 0 1
99 73 11 1 0
100 5 18 -1 0
101 25 10 -1 0
102 40 2 0 1
103 10 33 0 1
104 7 39 1 0
105 38 34 0 1
106 36 14 -1 0
107 16 12 0 1
108 27 19 0 -1
109 84 31 0 -1
110 46 16 0 1
111 32 29 0 -1
112 7 1 -1 0
113 41 3 0 1
114 35 37 0 -1
115 97 13 0 -1
116 21 30 0 -1
117 37 19 -1 0
118 24 21 1 0
119 41 32 1 0
120 24 14 0 -1
121 21 14 0 -1
122 81 21 -1 0
123 9 13 -1 0
124 40 24 0 1
125 28 26 -1 0
126 89 10 1 0
127 47 32 1 0
128 29 19 0 1
129 86 28 1 0
130 86 3 -1 0
131 32 31 -1 0
132 53 16 0 1
133 23 23 1 0
134 71 30 1 0
135 38 23 0 1
136 36 24 0 -1
137 36 21 -1 0
138 37 18 -1 0
139 37 10 0 1
140 30 21 0 1
141 87 22 -1 0
142 50 27 1 0
143 28 16 0 1
144 29 26 0 -1
145 52 8 0 -1
146 40 0 0 1
147 57 2 0 1
148 24 36 1 0
149 27 8 0 -1
150 13 2 -1 0
151 28 25 -1 0
152 32 28 1 0
153 23 14 0 -1
154 27 13 0 1
155 90 5 0 -1
156 31 34 1 0
157 27 28 1 0
158 25 20 -1 0
159 31 14 0 1
160 27 17 0 1
161 23 11 0 1
162 37 20 1 0
163 27 20 0 -1
164 39 5 0 1
165 39 33 -1 0
166 24 13 1 0
167 42 16 -1 0
168 15 0 -1 0
169 56 38 0 -1
170 90 35 0 -1
171 22 24 0 -1
172 46 18 -1 0
173 4 17 0 -1
174 89 32 0 -1
175 29 38 -1 0
176 26 17 1 0
177 79 32 1 0
178 45 26 0 -1
179 15 39 1 0
180 30 38 0 1
181 6 24 0 -1
182 37 18 0 1
183 31 10 1 0
184 93 38 0 -1
185 27 16 0 1
186 62 4 0 1
187 12 14 -1 0
188 28 18 1 0
189 51 34 -1 0
190 24 8 1 0
191 98 8 0 -1
192 27 38 0 -1
193 36 36 -1 0
194 86 31 1 0
195 21 4 -1 0
196 28 18 0 -1
197 14 32 1 0
198 49 31 0 1
199 82 14 0 1
200 24 18 0 1
201 24 19 0 -1
202 53 7 0 -1
203 28 14 0 -1
204 39 4 -1 0
205 26 4 1 0
206 89 23 0 1
207 37 13 -1 0
208 36 6 0 1
209 37 39 1 0
210 20 35 1 0
211 84 35 -1 0
212 38 34 -1 0
213 40 9 0 1
214 31 6 -1 0
215 63 28 1 0
216 25 30 0 -1
217 25 9 1 0
218 29 3 0 -1
219 30 18 1 0
220 90 31 -1 0
221 1 5 0 -1
222 99 34 1 0
223 29 37 0 1
224 23 32 0 -1
225 36 13 1 0
226 77 37 0 -1
227 94 12 -1 0
228 29 8 0 -1
229 45 14 1 0
230 28 24 0 -1
231 52 18 1 0
232 45 38 1 0
233 39 25 0 -1
234 47 7 0 -1
235 39 14 -1 0
236 38 17 0 1
237 31 19 0 1
238 41 26 0 -1
239 37 0 -1 0
240 28 19 1 0
241 85 16 0 -1
242 11 35 0 1
243 76 37 -1 0
244 26 33 1 0
245 6 8 0 -1
246 31 31 0 -1
247 29 10 0 1
248 88 36 -1 0
249 80 38 0 -1
250 19 15 0 1
251 25 20 -1 0
252 69 32 0 1
253 39 16 -1 0
254 37 20 -1 0
255 92 28 0 -1
256 0 19 0 -1
257 36 22 1 0
258 30 20 1 0
259 38 24 0 -1
260 86 37 0 -1
261 42 20 -1 0
262 37 14 0 1
263 30 18 -1 0
264 30 22 0 -1
265 29 21 0 -1
266 49 28 1 0
267 94 3 0 1
268 79 12 1 0
269 95 5 -1 0
270 26 0 1 0
271 71 27 -1 0
272 40 34 -1 0
273 41 0 -1 0
274 56 29 0 1
275 27 20 0 -1
276 53 24 0 1
277 29 34 1 0
278 47 23 0 1
279 83 13 0 -1
280 41 31 -1 0
281 62 6 1 0
282 97 20 0 -1
283 25 19 0 1
284 35 15 0 -1
285 39 24 0 1
286 41 34 -1 0
287 21 6 -1 0
288 31 33 0 1
289 77 33 1 0
290 28 37 -1 0
291 58 38 -1 0
292 49 10 1 0
293 74 7 0 -1
294 35 26 0 -1
295 15 36 0 1
296 13 36 1 0
297 41 24 0 1
298 35 17 -1 0
299 36 2 0 -1
300 41 17 0 1
301 76 4 0 1
302 58 7 1 0
303 2 34 0 1
304 16 11 1 0
305 24 6 1 0
306 35 6 -1 0
307 90 7 0 1
308 28 4 0 -1
309 56 7 -1 0
310 38 26 0 -1
311 12 9 -1 0
312 61 1 -1 0
313 15 36 -1 0
314 77 1 -1 0
315 20 38 1 0
316 70 24 0 1
317 48 15 -1 0
318 21 39 -1 0
319 36 11 -1 0
320 35 26 0 1
321 36 24 0 1
322 29 12 -1 0
323 21 12 -1 0
324 20 9 0 -1
325 2 15 0 1
326 62 13 -1 0
327 39 16 0 1
328 65 34 0 -1
329 23 33 0 1
330 32 28 -1 0
331 0 22 -1 0
332 91 28 0 -1
333 41 21 0 1
334 2 29 0 1
335 28 37 0 1
336 26 38 1 0
337 57 34 0 1
338 47 34 0 -1
339 40 31 -1 0
340 53 2 0 -1
341 49 21 0 -1
342 20 8 -1 0
343 31 13 1 0
344 35 16 1 0
345 51 32 0 1
346 20 25 0 -1
347 21 22 0 1
348 18 38 0 -1
349 29 9 0 1
350 80 25 0 -1
351 29 0 1 0
352 40 3 0 -1
353 25 15 0 -1
354 38 38 0 1
355 43 28 -1 0
356 24 20 1 0
357 49 22 1 0
358 17 29 -1 0
359 42 8 0 -1
360 96 3 0 1
361 41 11 -1 0
362 22 23 -1 0
363 29 21 1 0
364 57 30 -1 0
365 30 30 0 -1
366 24 14 0 -1
367 95 13 0 1
368 25 19 1 0
369 21 12 1 0
370 2 26 0 -1
371 38 20 -1 0
372 42 17 0 1
373 35 11 -1 0
374 43 27 0 1
375 30 2 0 -1
376 63 37 0 -1
377 36 23 -1 0
378 11 20 0 -1
379 74 29 1 0
380 31 7 1 0
381 51 6 0 1
382 49 4 0 -1
383 24 27 0 1
384 84 5 0 -1
385 13 35 0 1
386 30 30 1 0
387 56 35 1 0
388 28 15 0 -1
389 36 17 0 1
390 20 20 -1 0
391 46 17 0 -1
392 38 11 0 1
393 68 34 -1 0
394 25 17 0 -1
395 15 2 0 -1
396 90 18 0 -1
397 30 36 1 0
398 42 18 0 -1
399 86 36 0 -1
400 88 17 0 1
401 42 26 0 1
402 27 22 1 0
403 1 10 -1 0
404 69 7 1 0
405 30 7 -1 0
406 87 26 0 -1
407 40 22 1 0
408 87 23 -1 0
409 28 29 0 -1
410 28 22 0 1
411 25 13 0 -1
412 28 20 0 1
413 38 24 0 1
414 49 17 0 1
415 39 28 1 0
416 39 4 0 1
417 31 33 -1 0
418 35 6 1 0
419 26 24 0 1
420 37 10 1 0
421 23 21 -1 0
422 36 23 1 0
423 39 23 0 1
424 70 17 -1 0
425 23 12 -1 0
426 14 22 -1 0
427 37 8 -1 0
428 31 14 1 0
429 20 7 1 0
430 44 14 0 -1
431 16 16 0 1
432 94 12 1 0
433 15 22 0 -1
434 43 15 -1 0
435 23 13 -1 0
436 29 8 1 0
437 44 23 0 1
438 21 7 1 0
439 30 29 0 1
440 35 22 0 1
441 35 19 0 -1
442 22 25 1 0
443 22 11 -1 0
444 31 35 -1 0
445 38 17 -1 0
446 3 16 0 1
447 47 30 0 -1
448 26 3 0 1
449 27 13 0 1
450 30 5 0 -1
451 41 15 0 -1
452 1 22 1 0
453 20 17 0 1
454 29 16 0 1
455 36 7 0 1
456 41 27 1 0
457 27 32 -1 0
458 39 12 1 0
459 73 25 1 0
460 27 11 0 1
461 20 32 0 1
462 30 33 0 1
463 2 38 0 -1
464 26 15 0 1
465 99 12 1 0
466 38 39 0 -1
467 3 18 1 0
468 37 1 0 -1
469 42 17 -1 0
470 54 0 0 -1
471 45 39 -1 0
472 4 25 0 1
473 35 4 -1 0
474 45 7 0 -1
475 37 32 1 0
476 36 18 0 1
477 44 35 1 0
478 26 21 -1 0
479 11 26 0 -1
480 14 23 -1 0
481 30 1 0 1
482 29 1 0 -1
483 32 1 1 0
484 28 17 -1 0
485 68 16 1 0
486 9 28 -1 0
487 22 33 0 1
488 29 8 -1 0
489 29 30 1 0
490 14 35 -1 0
491 39 21 -1 0
492 20 4 1 0
493 18 7 -1 0
494 36 17 1 0
495 50 35 0 -1
496 25 27 0 1
497 41 9 0 1
498 30 34 0 1
499 26 7 1 0
500 84 18 -1 0
501 38 14 -1 0
502 37 12 -1 0
503 99 38 0 1
504 47 12 -1 0
505 76 31 1 0
506 28 36 0 1
507 74 32 -1 0
508 25 34 -1 0
509 93 33 -1 0
510 94 4 1 0
511 28 6 1 0
512 85 10 -1 0
513 1 5 0 1
514 32 22 0 -1
515 35 22 1 0
516 46 39 -1 0
517 14 30 -1 0
518 16 25 0 1
519 93 17 1 0
520 28 39 0 1
521 20 20 1 0
522 36 2 -1 0
523 72 34 1 0
524 22 2 0 1
525 32 34 0 -1
526 47 4 -1 0
527 38 13 -1 0
528 29 26 -1 0
529 42 0 0 -1
530 70 34 1 0
531 31 37 0 -1
532 53 21 -1 0
533 26 36 0 -1
534 40 21 0 1
535 25 26 0 1
536 48 36 0 1
537 90 29 0 -1
538 12 35 0 1
539 36 18 -1 0
540 87 35 0 -1
541 4 19 1 0
542 28 21 0 1
543 32 7 1 0
544 39 0 0 1
545 79 6 0 -1
546 26 21 -1 0
547 31 34 -1 0
548 40 26 0 -1
549 69 14 -1 0
550 9 13 1 0
551 39 22 0 1
552 8 3 1 0
553 41 33 0 -1
554 46 10 0 -1
555 82 39 0 1
556 92 3 0 1
557 72 14 1 0
558 89 35 1 0
559 19 1 0 1
560 29 0 0 -1
561 29 38 1 0
562 39 26 0 -1
563 30 5 1 0
564 38 15 0 -1
565 47 13 1 0
566 49 24 0 -1
567 30 29 1 0
568 10 25 -1 0
569 26 13 0 -1
570 30 38 1 0
571 89 27 0 -1
572 44 38 0 1
573 40 22 0 -1
574 40 35 0 -1
575 42 31 -1 0
576 3 1 0 1
577 62 16 1 0
578 29 12 0 -1
579 44 29 -1 0
580 79 32 0 -1
581 29 20 0 -1
582 52 27 1 0
583 39 17 -1 0
584 32 23 0 1
585 25 34 -1 0
586 26 39 0 -1
587 12 22 0 -1
588 2 38 -1 0
589 51 37 0 -1
590 26 16 -1 0
591 21 30 0 -1
592 32 28 1 0
593 27 13 0 -1
594 35 28 0 -1
595 28 20 1 0
596 53 6 -1 0
597 37 36 0 1
598 33 22 0 -1
599 37 27 -1 0
600 31 8 0 -1
601 21 8 0 -1
602 97 20 0 -1
603 36 14 -1 0
604 20 28 1 0
605 39 10 0 -1
606 35 30 0 1
607 90 34 -1 0
608 89 23 1 0
609 10 14 0 1
610 36 1 0 1
611 37 12 -1 0
612 28 10 1 0
613 39 25 1 0
614 78 9 1 0
615 94 16 0 -1
616 9 5 0 -1
617 27 18 0 -1
618 88 35 0 1
619 43 15 0 -1
620 39 23 -1 0
621 27 36 0 -1
622 49 6 1 0
623 36 14 0 -1
624 85 18 0 -1
625 41 39 -1 0
626 28 17 1 0
627 9 6 1 0
628 24 17 -1 0
629 43 30 1 0
630 39 28 -1 0
631 0 34 0 1
632 11 24 0 -1
633 1 2 1 0
634 45 31 0 1
635 40 20 0 1
636 35 14 0 1
637 65 38 0 1
638 82 15 1 0
639 30 20 0 -1
640 18 23 0 1
641 5 3 -1 0
642 54 9 1 0
643 31 31 -1 0
644 89 39 0 -1
645 29 21 0 -1
646 43 25 -1 0
647 71 7 0 -1
648 23 6 -1 0
649 29 34 0 1
650 40 11 -1 0
651 22 15 -1 0
652 40 3 -1 0
653 24 15 0 -1
654 31 8 1 0
655 34 1 -1 0
656 32 19 0 -1
657 36 11 1 0
658 23 16 -1 0
659 22 2 1 0
660 30 36 -1 0
661 49 18 -1 0
662 39 11 0 1
663 27 18 -1 0
664 22 4 1 0
665 29 0 1 0
666 35 19 0 1
667 26 16 1 0
668 39 9 0 1
669 44 16 0 1
670 36 13 0 1
671 29 35 1 0
672 15 27 0 -1
673 38 39 1 0
674 18 12 0 1
675 73 14 -1 0
676 36 22 0 -1
677 98 6 1 0
678 29 9 0 1
679 27 15 -1 0
680 35 31 -1 0
681 44 19 -1 0
682 39 16 1 0
683 27 29 0 1
684 61 6 0 -1
685 84 16 1 0
686 16 7 1 0
687 36 15 1 0
688 36 23 0 1
689 30 35 0 1
690 49 37 -1 0
691 34 22 0 -1
692 22 29 0 -1
693 1 9 1 0
694 6 15 -1 0
695 30 0 1 0
696 38 13 0 1
697 4 26 1 0
698 23 12 0 1
699 18 8 -1 0
700 86 11 0 -1
701 32 7 1 0
702 53 22 -1 0
703 36 37 0 1
704 51 0 0 1
705 39 20 0 -1
706 48 4 0 1
707 25 12 1 0
708 46 5 0 -1
709 43 13 -1 0
710 5 3 0 1
711 25 14 -1 0
712 27 35 0 1
713 95 39 0 -1
714 13 15 1 0
715 30 32 0 1
716 39 8 -1 0
717 27 32 0 1
718 38 11 1 0
719 35 33 0 -1
720 40 9 0 1
721 21 36 0 -1
722 30 0 -1 0
723 38 1 0 -1
724 85 14 -1 0
725 61 28 -1 0
726 39 24 0 -1
727 18 28 -1 0
728 22 35 0 1
729 29 17 1 0
730 21 11 1 0
731 72 39 0 -1
732 25 26 0 -1
733 57 14 1 0
734 28 18 0 1
735 70 9 1 0
736 46 32 1 0
737 25 32 0 1
738 37 37 0 1
739 98 30 0 1
740 25 3 -1 0
741 27 28 -1 0
742 54 28 0 -1
743 34 38 -1 0
744 81 16 1 0
745 24 23 0 -1
746 3 12 0 1
747 24 9 0 -1
748 85 0 0 -1
749 27 27 -1 0
750 40 2 0 -1
751 45 9 1 0
752 27 19 0 1
753 58 9 1 0
754 55 32 -1 0
755 45 17 1 0
756 78 18 1 0
757 64 20 1 0
758 90 33 0 -1
759 39 18 0 -1
760 42 31 0 -1
761 36 28 -1 0
762 28 14 1 0
763 25 21 1 0
764 60 19 -1 0
765 68 30 -1 0
766 12 4 1 0
767 36 28 -1 0
768 41 13 -1 0
769 5 23 0 -1
770 24 16 -1 0
771 9 6 1 0
772 43 8 0 1
773 23 22 0 1
774 49 20 1 0
775 21 1 1 0
776 36 16 -1 0
777 37 39 0 -1
778 41 25 0 -1
779 11 39 0 1
780 7 20 0 1
781 40 3 0 -1
782 95 13 -1 0
783 18 29 -1 0
784 31 30 0 1
785 81 10 0 1
786 1 28 0 -1
787 19 21 -1 0
788 22 13 0 1
789 63 4 -1 0
790 38 13 -1 0
791 8 31 0 1
792 39 14 0 1
793 39 12 0 -1
794 24 5 0 1
795 40 31 -1 0
796 88 25 -1 0
797 89 14 0 -1
798 38 37 0 1
799 36 16 -1 0
800 26 20 0 -1
801 50 11 -1 0
802 13 32 0 1
803 90 21 0 -1
804 83 5 0 1
805 92 8 -1 0
806 10 36 0 1
807 41 33 1 0
808 36 9 1 0
809 26 6 1 0
810 24 17 0 1
811 32 21 1 0
812 63 27 0 -1
813 8 29 -1 0
814 34 11 0 -1
815 41 23 -1 0
816 35 17 0 -1
817 22 31 0 -1
818 35 37 0 1
819 27 10 -1 0
820 41 17 -1 0
821 36 25 0 -1
822 31 38 0 -1
823 41 26 0 -1
824 16 23 -1 0
825 26 11 0 1
826 4 39 1 0
827 39 17 -1 0
828 36 10 1 0
829 24 32 0 1
830 2 26 -1 0
831 60 28 -1 0
832 80 33 -1 0
833 87 26 -1 0
834 86 7 -1 0
835 38 19 1 0
836 35 15 0 -1
837 40 33 0 1
838 45 9 0 -1
839 26 3 0 -1
840 10 36 0 1
841 97 16 1 0
842 29 10 0 -1
843 36 15 1 0
844 99 21 -1 0
845 7 7 0 -1
846 30 2 -1 0
847 24 22 -1 0
848 93 15 -1 0
849 7 39 0 -1
850 73 12 0 1
851 95 37 0 -1
852 44 1 1 0
853 26 19 0 -1
854 30 36 1 0
855 49 27 0 -1
856 27 39 0 -1
857 42 1 0 1
858 28 26 0 -1
859 35 13 1 0
860 24 37 0 -1
861 40 11 -1 0
862 93 37 0 -1
863 12 8 1 0
864 29 17 0 1
865 95 12 1 0
866 23 21 0 1
867 36 17 1 0
868 85 32 0 -1
869 39 21 0 -1
870 41 34 1 0
871 43 15 0 -1
872 44 8 0 -1
873 25 12 0 1
874 23 30 1 0
875 63 3 -1 0
876 78 21 -1 0
877 61 35 0 -1
878 4 20 1 0
879 37 22 0 -1
880 23 14 0 -1
881 36 21 0 -1
882 45 37 1 0
883 5 11 1 0
884 26 19 0 -1
885 52 17 0 -1
886 49 38 1 0
887 39 19 -1 0
888 39 37 -1 0
889 27 18 -1 0
890 35 17 0 1
891 25 21 -1 0
892 38 27 1 0
893 28 2 1 0
894 37 20 -1 0
895 42 15 1 0
896 45 17 0 -1
897 37 8 1 0
898 31 37 0 -1
899 29 19 1 0
900 38 22 0 1
901 16 17 1 0
902 95 4 1 0
903 37 19 1 0
904 43 39 -1 0
905 41 28 -1 0
906 68 28 0 -1
907 42 28 0 1
908 6 24 0 1
909 23 19 1 0
910 19 14 -1 0
911 60 24 0 -1
912 7 10 1 0
913 82 38 1 0
914 35 23 1 0
915 43 38 0 1
916 78 9 0 -1
917 46 39 -1 0
918 47 30 -1 0
919 90 9 0 -1
920 57 14 0 1
921 35 16 0 1
922 19 21 1 0
923 94 4 0 1
924 41 34 0 -1
925 25 17 0 -1
926 66 35 1 0
927 34 29 0 -1
928 37 25 1 0
929 77 29 0 -1
930 96 18 -1 0
931 49 21 0 -1
932 26 36 0 1
933 25 25 0 1
934 28 8 0 1
935 26 24 0 1
936 28 3 0 1
937 26 18 -1 0
938 23 20 1 0
939 37 21 0 -1
940 0 23 0 1
941 57 3 0 1
942 30 16 -1 0
943 87 13 1 0
944 23 20 0 -1
945 24 15 1 0
946 32 35 0 -1
947 37 24 0 -1
948 42 23 1 0
949 36 18 0 -1
950 36 1 0 1
951 60 12 0 1
952 17 1 0 1
953 25 4 0 -1
954 94 31 0 -1
955 41 5 0 -1
956 60 20 0 -1
957 68 13 0 1
958 89 11 0 1
959 98 3 0 1
960 81 18 0 -1
961 26 36 1 0
962 40 20 -1 0
963 27 35 0 1
964 26 0 0 -1
965 0 27 1 0
966 38 0 0 -1
967 30 17 0 1
968 59 36 0 1
969 74 30 -1 0
970 64 22 0 1
971 37 13 0 -1
972 30 39 1 0
973 8 13 0 -1
974 48 0 -1 0
975 27 17 0 -1
976 30 17 -1 0
977 87 24 0 -1
978 28 11 1 0
979 7 6 0 1
980 36 1 0 1
981 35 11 0 1
982 11 28 0 1
983 25 14 0 1
984 44 33 -1 0
985 27 3 0 1
986 31 36 1 0
987 7 12 1 0
988 20 11 1 0
989 46 3 1 0
990 85 12 -1 0
991 90 9 1 0
992 92 25 0 -1
993 39 19 0 1
994 31 39 1 0
995 25 2 1 0
996 45 10 0 -1
997 32 39 0 1
998 35 19 -1 0
999 90 33 -1 0
1000 26 27 0 1
1001 13 32 -1 0
1002 36 28 1 0
1003 75 23 0 1
1004 30 0 0 -1
1005 42 16 1 0
1006 25 26 -1 0
1007 39 19 -1 0
1008 9 36 0 1
1009 28 16 0 1
1010 39 10 0 1
1011 43 37 1 0
1012 24 29 1 0
1013 26 30 0 -1
1014 30 39 1 0
1015 26 12 0 1
1016 29 6 1 0
1017 28 11 0 1
1018 78 31 1 0
1019 40 22 0 -1
1020 37 23 -1 0
1021 3 12 0 -1
1022 38 8 0 1
1023 30 37 0 1
1024 98 10 0 -1
1025 40 30 0 1
1026 38 25 -1 0
1027 17 39 0 1
1028 40 19 -1 0
1029 46 33 -1 0
1030 80 28 1 0
1031 31 37 -1 0
1032 37 0 1 0
1033 10 25 0 -1
1034 82 35 -1 0
1035 9 19 -1 0
1036 48 24 -1 0
1037 27 37 0 1
1038 3 16 0 1
1039 19 13 0 -1
1040 37 16 1 0
1041 23 36 -1 0
1042 41 36 1 0
1043 28 11 0 1
1044 89 18 -1 0
1045 36 19 -1 0
1046 24 19 1 0
1047 2 8 0 -1
1048 37 38 0 -1
1049 16 36 0 1
1050 38 12 0 1
1051 4 29 0 -1
1052 40 15 0 1
1053 89 13 0 1
1054 37 16 0 -1
1055 29 36 -1 0
1056 22 23 0 1
1057 8 9 0 -1
1058 44 15 0 -1
1059 59 25 1 0
1060 37 36 0 1
1061 18 35 -1 0
1062 28 12 0 1
1063 44 4 0 1
1064 88 32 0 -1
1065 87 32 -1 0
1066 38 21 0 -1
1067 16 2 -1 0
1068 23 19 1 0
1069 14 3 0 -1
1070 78 4 0 1
1071 29 10 0 1
1072 14 33 1 0
1073 22 38 0 1
1074 30 19 0 -1
1075 29 36 0 1
1076 42 34 0 1
1077 59 14 1 0
1078 38 36 0 1
1079 28 2 0 1
1080 31 29 0 1
1081 97 23 -1 0
1082 34 12 1 0
1083 37 27 0 -1
1084 99 38 0 1
1085 20 34 0 -1
1086 3 36 0 -1
1087 12 5 -1 0
1088 32 2 0 1
1089 24 18 0 1
1090 49 9 0 1
1091 38 23 0 -1
1092 16 0 0 1
1093 29 11 -1 0
1094 43 0 1 0
1095 81 6 0 1
1096 37 26 0 -1
1097 28 20 1 0
1098 24 12 0 1
1099 65 19 1 0
1100 31 2 0 -1
1101 37 15 1 0
1102 40 25 0 -1
1103 35 20 0 -1
1104 37 12 -1 0
1105 37 25 1 0
1106 66 12 1 0
1107 40 17 0 -1
1108 49 37 1 0
1109 79 34 0 -1
1110 38 19 0 1
1111 36 20 0 -1
1112 38 36 0 1
1113 19 20 1 0
1114 75 38 1 0
1115 40 20 0 1
1116 40 21 0 1
1117 54 3 0 -1
1118 38 15 -1 0
1119 26 39 0 1
1120 78 30 0 1
1121 80 15 1 0
1122 84 16 0 -1
1123 17 28 1 0
1124 25 28 0 -1
1125 78 20 0 1
1126 10 24 0 1
1127 63 39 0 -1
1128 42 37 0 -1
1129 91 35 0 -1
1130 11 11 0 1
1131 80 3 1 0
1132 30 37 1 0
1133 56 28 0 -1
1134 92 34 1 0
1135 49 21 0 -1
1136 97 35 0 1
1137 30 20 1 0
1138 21 10 0 1
1139 37 21 0 -1
1140 72 10 0 1
1141 39 22 0 -1
1142 22 30 -1 0
1143 81 27 1 0
1144 32 32 1 0
1145 25 16 0 -1
1146 20 17 -1 0
1147 48 14 0 1
1148 38 37 0 1
1149 46 7 0 1
1150 42 13 -1 0
1151 20 17 1 0
1152 96 39 0 -1
1153 47 9 -1 0
1154 11 20 0 1
1155 31 36 0 -1
1156 31 22 -1 0
1157 43 35 0 -1
1158 29 5 -1 0
1159 52 6 0 1
1160 89 9 1 0
1161 95 25 -1 0
1162 27 38 0 -1
1163 17 10 0 -1
1164 12 37 0 1
1165 37 23 1 0
1166 35 12 0 1
1167 40 10 -1 0
1168 38 22 0 1
1169 89 12 -1 0
1170 38 14 1 0
1171 77 38 0 -1
1172 30 3 0 -1
1173 51 14 0 -1
1174 30 35 0 -1
1175 7 37 1 0
1176 12 21 -1 0
1177 93 11 0 1
1178 28 37 1 0
1179 28 4 1 0
1180 31 27 0 -1
1181 5 27 0 1
1182 9 1 1 0
1183 30 16 0 1
1184 41 4 0 1
1185 99 29 0 -1
1186 82 17 0 -1
1187 40 38 -1 0
1188 30 16 0 1
1189 35 21 0 1
1190 29 18 0 1
1191 79 12 -1 0
1192 39 3 0 -1
1193 7 1 -1 0
1194 37 38 -1 0
1195 27 37 1 0
1196 6 22 -1 0
1197 42 16 -1 0
1198 39 9 -1 0
1199 6 37 1 0
1200 41 21 -1 0
1201 48 31 1 0
1202 41 25 1 0
1203 5 0 0 1
1204 29 31 1 0
1205 54 16 0 -1
1206 36 15 0 -1
1207 36 24 0 -1
1208 55 15 0 -1
1209 39 18 0 1
1210 40 24 0 1
1211 50 16 0 -1
1212 58 23 -1 0
1213 43 14 0 1
1214 25 27 1 0
1215 25 13 -1 0
1216 38 18 0 1
1217 58 19 0 -1
1218 30 11 -1 0
1219 90 2 -1 0
1220 31 26 -1 0
1221 62 23 0 -1
1222 25 24 0 -1
1223 43 28 -1 0
1224 28 26 0 1
1225 28 13 0 -1
1226 55 6 0 1
1227 1 12 1 0
1228 92 18 0 -1
1229 27 16 0 1
1230 41 11 0 -1
1231 43 37 1 0
1232 24 25 0 -1
1233 19 17 0 1
1234 91 10 0 1
1235 22 23 -1 0
1236 13 16 -1 0
1237 92 0 -1 0
1238 92 0 -1 0
1239 67 30 -1 0
1240 37 32 1 0
1241 81 10 -1 0
1242 79 35 0 1
1243 84 30 0 -1
1244 84 21 -1 0
1245 78 34 1 0
1246 26 3 1 0
1247 17 6 0 -1
1248 71 10 -1 0
1249 10 16 0 1
1250 61 10 0 -1
1251 24 20 0 -1
1252 45 24 0 -1
1253 41 15 0 1
1254 21 9 0 -1
1255 54 25 0 1
1256 42 15 1 0
1257 25 13 1 0
1258 6 36 0 -1
1259 17 35 0 1
1260 21 8 1 0
1261 92 25 1 0
1262 39 1 0 1
1263 5 33 1 0
1264 42 33 -1 0
1265 15 1 -1 0
1266 89 30 0 1
1267 2 13 0 -1
1268 96 5 0 1
1269 50 9 1 0
1270 86 10 0 -1
1271 30 37 -1 0
1272 40 7 1 0
1273 63 27 -1 0
1274 92 29 1 0
1275 30 1 1 0
1276 79 10 1 0
1277 16 14 0 -1
1278 98 12 0 1
1279 14 28 1 0
1280 38 32 -1 0
1281 23 20 -1 0
1282 88 5 -1 0
1283 85 0 -1 0
1284 31 39 -1 0
1285 30 34 0 1
1286 27 19 0 -1
1287 39 24 1 0
1288 5 22 -1 0
1289 43 0 0 -1
1290 16 16 0 -1
1291 28 1 -1 0
1292 43 34 -1 0
1293 9 20 1 0
1294 45 16 -1 0
1295 28 14 1 0
1296 37 37 1 0
1297 40 26 1 0
1298 59 3 1 0
1299 95 5 0 -1
1300 29 18 -1 0
1301 29 33 -1 0
1302 60 22 1 0
1303 23 38 0 -1
1304 37 13 -1 0
1305 29 38 1 0
1306 28 8 0 1
1307 85 11 0 -1
1308 43 18 1 0
1309 44 15 -1 0
1310 30 29 -1 0
1311 32 9 0 -1
1312 25 4 0 1
1313 38 0 1 0
1314 43 32 1 0
1315 38 18 -1 0
1316 39 10 1 0
1317 17 26 0 1
1318 40 10 1 0
1319 38 12 0 1
1320 28 12 -1 0
1321 19 6 1 0
1322 35 4 0 1
1323 8 21 0 -1
1324 74 12 -1 0
1325 41 14 -1 0
1326 37 14 -1 0
1327 26 35 1 0
1328 42 17 0 -1
1329 40 23 0 -1
1330 96 12 0 1
1331 25 19 -1 0
1332 40 29 0 -1
1333 27 38 0 -1
1334 30 30 0 -1
1335 54 1 0 -1
1336 35 11 1 0
1337 41 16 0 1
1338 32 21 -1 0
1339 24 12 -1 0
1340 32 35 1 0
1341 35 21 0 -1
1342 91 16 -1 0
1343 37 25 0 1
1344 11 32 1 0
1345 53 14 -1 0
1346 30 34 1 0
1347 26 12 0 -1
1348 81 7 1 0
1349 36 10 0 1
1350 0 39 1 0
1351 39 11 0 -1
1352 30 22 0 1
1353 26 16 0 -1
1354 29 37 0 -1
1355 30 23 0 -1
1356 42 29 1 0
1357 71 3 1 0
1358 19 2 1 0
1359 30 33 -1 0
1360 28 38 1 0
1361 26 2 0 1
1362 99 25 0 1
1363 29 26 0 -1
1364 41 31 0 -1
1365 5 14 1 0
1366 45 26 0 -1
1367 30 1 1 0
1368 36 11 -1 0
1369 87 38 0 1
1370 29 18 1 0
1371 39 18 0 1
1372 82 20 0 -1
1373 38 21 0 1
1374 36 20 1 0
1375 31 21 1 0
1376 38 21 0 1
1377 38 3 0 -1
1378 17 29 0 -1
1379 23 23 1 0
1380 36 21 0 -1
1381 34 20 1 0
1382 28 32 -1 0
1383 40 21 0 -1
1384 41 32 -1 0
1385 31 35 0 -1
1386 89 18 1 0
1387 27 0 1 0
1388 42 4 0 1
1389 29 7 1 0
1390 27 11 0 1
1391 54 17 0 -1
1392 31 1 0 1
1393 97 26 0 1
1394 52 33 0 -1
1395 37 16 0 -1
1396 6 39 0 1
1397 42 4 -1 0
1398 91 38 -1 0
1399 26 22 0 -1
1400 24 12 0 1
1401 14 13 1 0
1402 35 18 0 -1
1403 4 11 0 -1
1404 78 18 0 -1
1405 0 34 0 -1
1406 38 16 1 0
1407 43 28 1 0
1408 17 17 0 -1
1409 18 30 0 -1
1410 4 6 -1 0
1411 37 38 -1 0
1412 22 38 0 1
1413 32 5 1 0
1414 74 7 0 1
1415 44 26 0 -1
1416 37 0 0 -1
1417 38 8 -1 0
1418 48 19 1 0
1419 22 34 0 -1
1420 43 11 -1 0
1421 10 9 1 0
1422 20 7 -1 0
1423 25 24 -1 0
1424 41 13 -1 0
1425 40 25 0 -1
1426 27 8 0 1
1427 90 13 0 1
1428 30 23 1 0
1429 30 8 1 0
1430 5 32 0 -1
1431 29 20 -1 0
1432 44 6 0 1
1433 20 10 0 -1
1434 1 13 0 -1
1435 5 9 -1 0
1436 44 37 -1 0
1437 55 29 0 1
1438 19 37 0 -1
1439 40 13 0 -1
1440 39 15 0 1
1441 47 37 0 1
1442 40 16 0 1
1443 22 5 0 1
1444 29 32 1 0
1445 38 39 0 1
1446 43 14 0 1
1447 41 26 0 -1
1448 37 15 -1 0
1449 43 14 0 1
1450 8 8 0 1
1451 53 0 1 0
1452 45 29 0 -1
1453 56 11 1 0
1454 35 16 0 -1
1455 18 10 0 1
1456 31 11 0 1
1457 27 33 0 1
1458 87 6 0 -1
1459 29 12 0 -1
1460 2 1 -1 0
1461 29 33 1 0
1462 40 32 -1 0
1463 0 18 0 -1
1464 58 23 -1 0
1465 92 3 0 -1
1466 42 15 1 0
1467 46 5 0 -1
1468 28 19 1 0
1469 36 0 1 0
1470 50 32 0 -1
1471 12 17 -1 0
1472 7 12 0 1
1473 36 12 1 0
1474 26 2 -1 0
1475 39 7 1 0
1476 26 5 1 0
1477 37 28 0 -1
1478 24 11 0 1
1479 46 35 -1 0
1480 39 39 -1 0
1481 9 20 -1 0
1482 92 12 0 -1
1483 36 20 0 -1
1484 45 36 0 1
1485 36 33 0 1
1486 90 23 -1 0
1487 90 0 -1 0
1488 40 28 -1 0
1489 78 7 0 -1
1490 30 33 0 1
1491 43 8 0 1
1492 42 35 1 0
1493 43 3 -1 0
1494 61 19 -1 0
1495 32 12 0 1
1496 75 38 1 0
1497 88 20 1 0
1498 61 12 1 0
1499 40 14 -1 0
1500 76 12 -1 0
1501 40 16 -1 0
1502 36 33 0 1
1503 31 32 0 -1
1504 74 9 -1 0
1505 84 17 0 -1
1506 18 14 1 0
1507 94 21 0 -1
1508 55 16 1 0
1509 38 2 0 -1
1510 12 18 1 0
1511 31 36 1 0
1512 96 2 0 1
1513 21 1 -1 0
1514 22 21 0 1
1515 38 17 0 1
1516 74 5 -1 0
1517 32 32 0 1
1518 23 24 0 1
1519 96 3 0 1
1520 42 5 0 -1
1521 98 38 0 1
1522 86 13 0 -1
1523 39 22 0 1
1524 24 7 0 1
1525 95 18 0 1
1526 31 9 1 0
1527 65 34 -1 0
1528 54 21 0 1
1529 88 17 -1 0
1530 66 22 -1 0
1531 18 17 -1 0
1532 27 37 0 -1
1533 37 21 -1 0
1534 25 4 1 0
1535 95 10 0 1
1536 36 34 -1 0
1537 49 37 1 0
1538 25 15 0 -1
1539 88 9 0 -1
1540 92 16 1 0
1541 37 1 1 0
1542 35 21 0 1
1543 23 10 1 0
1544 41 25 -1 0
1545 24 13 0 -1
1546 31 29 0 1
1547 25 10 0 1
1548 51 37 1 0
1549 72 26 -1 0
1550 31 23 1 0
1551 25 27 0 -1
1552 38 20 1 0
1553 30 13 0 -1
1554 19 32 0 -1
1555 25 16 1 0
1556 42 21 1 0
1557 46 17 1 0
1558 92 33 -1 0
1559 21 15 1 0
1560 48 11 0 1
1561 39 36 0 -1
1562 37 3 1 0
1563 24 38 0 1
1564 8 8 -1 0
1565 36 29 -1 0
1566 29 17 -1 0
1567 38 9 -1 0
1568 15 0 1 0
1569 31 32 -1 0
1570 17 28 -1 0
1571 14 27 1 0
1572 81 20 1 0
1573 38 14 -1 0
1574 39 20 0 -1
1575 80 1 0 -1
1576 67 30 0 1
1577 46 21 0 -1
1578 39 20 1 0
1579 37 22 0 -1
1580 66 37 -1 0
1581 77 14 0 -1
1582 19 8 0 -1
1583 29 16 1 0
1584 30 18 0 -1
1585 26 37 0 -1
1586 38 0 -1 0
1587 43 16 0 -1
1588 25 11 1 0
1589 60 24 0 1
1590 93 38 -1 0
1591 18 34 1 0
1592 29 13 0 -1
1593 24 19 0 1
1594 26 12 0 1
1595 16 13 0 -1
1596 30 19 0 -1
1597 23 1 1 0
1598 35 9 -1 0
1599 98 23 0 1
1600 30 2 1 0
1601 8 2 0 -1
1602 19 31 1 0
1603 52 3 0 -1
1604 35 22 0 1
1605 29 39 0 -1
1606 1 38 1 0
1607 41 11 0 1
1608 29 23 0 1
1609 35 18 1 0
1610 13 24 1 0
1611 6 4 -1 0
1612 70 24 -1 0
1613 47 17 0 -1
1614 73 25 1 0
1615 21 0 0 -1
1616 6 38 0 -1
1617 41 37 -1 0
1618 19 36 -1 0
1619 48 0 -1 0
1620 36 19 0 1
1621 83 25 -1 0
1622 94 21 1 0
1623 3 6 0 -1
1624 87 31 -1 0
1625 27 31 1 0
1626 68 27 0 1
1627 26 17 -1 0
1628 26 6 1 0
1629 95 0 0 -1
1630 25 12 0 1
1631 71 27 0 1
1632 80 37 0 1
1633 6 26 0 -1
1634 38 25 0 1
1635 16 17 -1 0
1636 22 3 0 1
1637 22 12 1 0
1638 23 14 0 1
1639 16 24 1 0
1640 48 30 1 0
1641 23 17 -1 0
1642 55 37 0 -1
1643 98 32 0 1
1644 30 5 1 0
1645 25 34 0 -1
1646 36 31 0 -1
1647 26 13 0 1
1648 89 23 -1 0
1649 27 35 0 1
1650 27 17 -1 0
1651 26 14 -1 0
1652 42 13 1 0
1653 26 19 1 0
1654 68 2 -1 0
1655 89 25 0 1
1656 54 22 1 0
1657 28 12 -1 0
1658 76 6 0 1
1659 41 28 0 1
1660 95 34 0 1
1661 25 11 0 1
1662 27 14 0 1
1663 19 33 -1 0
1664 15 2 0 1
1665 28 35 1 0
1666 83 4 0 -1
1667 0 17 0 -1
1668 37 2 1 0
1669 12 1 1 0
1670 32 21 0 1
1671 41 27 -1 0
1672 31 30 0 1
1673 20 32 1 0
1674 39 11 0 -1
1675 29 16 0 1
1676 31 11 -1 0
1677 45 2 1 0
1678 30 39 -1 0
1679 98 22 -1 0
1680 0 20 -1 0
1681 24 3 0 1
1682 97 6 1 0
1683 15 33 -1 0
1684 30 21 0 -1
1685 20 38 1 0
1686 91 27 -1 0
1687 29 25 0 1
1688 72 37 -1 0
1689 38 4 -1 0
1690 39 26 -1 0
1691 53 13 -1 0
1692 61 0 -1 0
1693 0 24 0 1
1694 36 10 0 1
1695 21 22 -1 0
1696 79 35 0 1
1697 47 37 -1 0
1698 24 14 1 0
1699 50 31 -1 0
1700 16 1 -1 0
1701 27 36 1 0
1702 80 25 1 0
1703 65 8 -1 0
1704 34 32 -1 0
1705 21 1 -1 0
1706 0 6 -1 0
1707 5 17 1 0
1708 38 3 0 1
1709 47 22 -1 0
1710 37 7 0 -1
1711 47 4 -1 0
1712 29 19 0 -1
1713 59 26 -1 0
1714 24 29 0 1
1715 93 23 1 0
1716 37 11 0 1
1717 42 20 0 1
1718 35 12 -1 0
1719 42 13 0 1
1720 94 9 0 1
1721 27 20 0 -1
1722 83 26 -1 0
1723 29 7 1 0
1724 38 19 -1 0
1725 35 2 -1 0
1726 35 18 0 -1
1727 16 30 -1 0
1728 93 2 0 -1
1729 1 12 0 1
1730 21 18 0 1
1731 48 17 0 1
1732 19 12 -1 0
1733 26 13 0 1
1734 29 32 0 1
1735 39 3 0 1
1736 87 27 1 0
1737 99 31 0 -1
1738 41 13 1 0
1739 26 18 0 1
1740 26 15 -1 0
1741 19 39 1 0
1742 38 18 0 1
1743 27 36 0 -1
1744 16 38 -1 0
1745 72 11 0 -1
1746 40 19 -1 0
1747 36 9 0 1
1748 28 13 -1 0
1749 40 2 -1 0
1750 30 17 0 1
1751 7 15 0 1
1752 30 27 0 1
1753 15 8 0 1
1754 21 28 0 1
1755 62 35 0 1
1756 6 30 1 0
1757 71 29 0 -1
1758 9 9 -1 0
1759 24 28 0 1
1760 28 36 -1 0
1761 30 6 1 0
1762 18 28 1 0
1763 14 9 0 1
1764 26 14 1 0
1765 93 8 -1 0
1766 41 6 -1 0
1767 31 15 1 0
1768 63 18 0 1
1769 37 24 1 0
1770 92 22 -1 0
1771 27 15 -1 0
1772 38 2 0 -1
1773 30 15 0 1
1774 38 12 0 1
1775 3 25 0 -1
1776 37 37 -1 0
1777 51 17 0 -1
1778 30 27 0 -1
1779 16 24 -1 0
1780 93 13 1 0
1781 28 38 0 1
1782 27 34 0 1
1783 68 6 0 -1
1784 29 15 0 1
1785 32 17 1 0
1786 27 4 0 1
1787 91 28 0 1
1788 14 13 1 0
1789 85 17 0 1
1790 24 32 1 0
1791 27 27 -1 0
1792 82 2 0 1
1793 26 15 0 -1
1794 29 11 -1 0
1795 37 39 0 -1
1796 30 4 0 -1
1797 40 1 0 1
1798 28 5 1 0
1799 25 22 0 -1
1800 29 35 0 1
1801 51 32 0 1
1802 30 38 1 0
1803 38 23 1 0
1804 99 34 -1 0
1805 23 2 0 1
1806 35 12 -1 0
1807 70 17 -1 0
1808 26 34 0 -1
1809 59 29 0 -1
1810 23 13 0 -1
1811 51 8 0 1
1812 41 16 1 0
1813 55 34 0 -1
1814 30 35 0 1
1815 40 30 0 -1
1816 6 24 0 -1
1817 40 37 0 -1
1818 38 26 -1 0
1819 66 34 -1 0
1820 42 34 0 -1
1821 97 10 1 0
1822 51 35 1 0
1823 35 9 1 0
1824 38 38 0 1
1825 40 16 1 0
1826 54 12 0 -1
1827 77 25 1 0
1828 52 6 1 0
1829 31 35 1 0
1830 61 18 -1 0
1831 37 17 -1 0
1832 58 27 -1 0
1833 56 25 -1 0
1834 38 1 0 -1
1835 40 15 1 0
1836 68 7 1 0
1837 24 39 0 -1
1838 81 32 1 0
1839 4 28 1 0
1840 35 13 0 -1
1841 39 15 -1 0
1842 43 9 1 0
1843 77 8 1 0
1844 7 8 0 1
1845 15 33 0 -1
1846 11 34 -1 0
1847 5 10 -1 0
1848 23 21 0 -1
1849 21 35 1 0
1850 18 31 0 1
1851 80 8 0 1
1852 47 4 0 1
1853 30 23 0 -1
1854 12 16 0 -1
1855 43 23 0 1
1856 9 37 1 0
1857 88 32 0 1
1858 37 3 1 0
1859 81 37 0 -1
1860 49 16 1 0
1861 80 35 -1 0
1862 25 18 0 -1
1863 15 25 1 0
1864 60 16 1 0
1865 35 14 0 1
1866 98 20 -1 0
1867 68 35 0 1
1868 46 11 0 1
1869 89 15 -1 0
1870 4 1 1 0
1871 50 27 -1 0
1872 31 33 1 0
1873 17 35 1 0
1874 92 30 0 1
1875 8 22 0 -1
1876 41 27 1 0
1877 8 39 1 0
1878 42 4 1 0
1879 22 16 0 -1
1880 48 34 -1 0
1881 22 21 0 1
1882 49 22 1 0
1883 18 13 1 0
1884 37 15 -1 0
1885 31 3 -1 0
1886 28 13 0 1
1887 37 9 0 1
1888 35 20 -1 0
1889 29 36 0 1
1890 27 12 0 1
1891 59 27 -1 0
1892 83 30 0 -1
1893 21 3 1 0
1894 54 39 0 1
1895 15 9 0 -1
1896 37 27 0 -1
1897 24 18 0 1
1898 40 24 0 -1
1899 88 37 0 1
1900 17 11 0 1
1901 36 22 0 -1
1902 36 25 0 -1
1903 25 16 0 -1
1904 25 11 0 1
1905 12 6 1 0
1906 42 24 0 -1
1907 16 29 -1 0
1908 30 3 0 -1
1909 19 18 -1 0
1910 17 5 1 0
1911 22 39 0 1
1912 20 36 0 -1
1913 88 11 0 -1
1914 38 25 0 -1
1915 8 18 1 0
1916 36 4 -1 0
1917 16 36 0 1
1918 27 14 0 1
1919 38 22 1 0
1920 90 25 0 1
1921 26 11 1 0
1922 35 39 1 0
1923 36 13 -1 0
1924 9 16 0 1
1925 38 38 0 -1
1926 27 16 0 1
1927 99 0 0 -1
1928 80 18 0 1
1929 24 13 0 1
1930 27 12 0 1
1931 41 20 0 1
1932 23 23 0 1
1933 38 3 1 0
1934 41 23 0 1
1935 46 10 0 -1
1936 37 26 1 0
1937 47 30 -1 0
1938 28 7 0 -1
1939 16 17 -1 0
1940 37 6 -1 0
1941 39 21 0 -1
1942 12 21 -1 0
1943 29 4 1 0
1944 20 26 -1 0
1945 37 11 0 1
1946 42 1 0 -1
1947 27 15 0 1
1948 14 17 0 1
1949 29 9 1 0
1950 25 2 1 0
1951 38 20 0 1
1952 17 11 -1 0
1953 29 37 0 1
1954 26 4 1 0
1955 23 18 1 0
1956 86 33 -1 0
1957 74 27 1 0
1958 24 15 -1 0
1959 94 31 -1 0
1960 31 34 1 0
1961 5 15 1 0
1962 27 12 1 0
1963 34 25 1 0
1964 90 38 0 1
1965 26 14 -1 0
1966 38 26 0 -1
1967 18 10 -1 0
1968 29 35 1 0
1969 37 14 1 0
1970 1 12 -1 0
1971 38 24 1 0
1972 94 39 0 1
1973 29 39 1 0
1974 44 27 0 -1
1975 43 38 0 1
1976 25 31 1 0
1977 39 26 0 -1
1978 35 37 -1 0
1979 54 19 0 -1
1980 39 13 0 1
1981 55 8 -1 0
1982 44 38 -1 0
1983 29 15 -1 0
1984 52 19 0 1
1985 56 35 1 0
1986 25 10 0 1
1987 36 19 0 1
1988 37 23 0 1
1989 31 38 1 0
1990 18 6 0 -1
1991 19 10 0 1
1992 50 18 1 0
1993 23 13 1 0
1994 47 29 -1 0
1995 17 22 -1 0
1996 44 10 0 -1
1997 30 12 -1 0
1998 26 4 0 1
1999 31 31 0 -1
