0 99 21 0 -1
1 2 27 0 -1
2 2 39 -1 0
3 68 3 1 0
4 0 37 -1 0
5 60 30 0 -1
6 40 30 0 1
7 48 9 0 1
8 9 26 0 1
9 87 16 0 -1
10 43 38 1 0
11 28 29 0 -1
12 2 17 0 -1
13 49 19 -1 0
14 24 12 0 -1
15 24 8 1 0
16 18 2 0 1
17 44 37 1 0
18 22 14 0 1
19 78 8 -1 0
20 25 36 1 0
21 61 10 1 0
22 21 8 0 1
23 1 23 0 -1
24 41 0 1 0
25 46 16 0 -1
26 49 20 1 0
27 28 11 0 -1
28 21 14 0 1
29 81 1 -1 0
30 59 23 1 0
31 43 21 -1 0
32 97 22 1 0
33 32 3 0 -1
34 21 26 -1 0
35 38 28 0 -1
36 45 24 1 0
37 82 26 0 -1
38 23 36 -1 0
39 48 0 0 -1
40 87 14 0 -1
41 61 22 1 0
42 64 38 0 1
43 17 6 1 0
44 98 28 -1 0
45 4 4 1 0
46 11 17 0 1
47 8 34 1 0
48 87 12 0 1
49 59 13 -1 0
50 44 34 0 1
51 11 39 0 -1
52 13 3 0 1
53 72 8 -1 0
54 13 37 1 0
55 86 12 0 -1
56 79 13 0 -1
57 46 33 0 1
58 50 19 0 1
59 0 24 -1 0
60 29 14 0 1
61 35 23 -1 0
62 11 15 0 -1
63 52 35 0 1
64 50 27 0 -1
65 86 39 1 0
66 63 30 -1 0
67 19 28 0 -1
68 86 29 -1 0
69 43 26 0 -1
70 87 19 1 0
71 79 27 0 -1
72 97 4 0 1
73 40 11 0 -1
74 94 10 0 1
75 90 1 1 0
76 84 23 -1 0
77 37 33 1 0
78 12 21 1 0
79 82 30 0 -1
80 42 36 1 0
81 49 32 0 -1
82 91 23 1 0
83 17 29 -1 0
84 80 30 -1 0
85 95 35 -1 0
86 84 14 1 0
87 40 12 0 -1
88 60 38 1 0
89 57 12 -1 0
90 63 29 0 1
91 10 28 0 -1
92 56 15 1 0
93 90 39 -1 0
94 72 38 0 -1
95 94 34 0 -1
96 93 5 0 1
97 87 16 0 1
98 83 14 -1 0
99 38 24 0 1
100 97 30 -1 0
101 5 9 0 1
102 8 39 1 0
103 97 26 0 -1
104 13 39 1 0
105 39 31 0 -1
106 45 27 -1 0
107 24 30 0 -1
108 40 11 0 -1
109 16 37 0 1
110 63 15 0 1
111 34 29 1 0
112 83 35 1 0
113 37 34 0 -1
114 37 16 -1 0
115 7 4 1 0
116 94 25 0 1
117 17 24 1 0
118 4 36 1 0
119 80 9 0 1
120 19 23 0 1
121 97 15 0 -1
122 26 18 0 -1
123 36 13 -1 0
124 59 1 1 0
125 56 15 0 -1
126 64 23 0 -1
127 45 0 -1 0
128 52 32 0 -1
129 17 17 1 0
130 7 37 -1 0
131 41 27 -1 0
132 39 27 -1 0
133 20 24 -1 0
134 26 2 1 0
135 3 19 -1 0
136 29 3 0 1
137 63 28 1 0
138 24 1 1 0
139 7 14 -1 0
140 44 34 0 1
141 88 1 0 1
142 94 9 0 -1
143 26 3 -1 0
144 40 13 0 -1
145 79 6 0 -1
146 2 1 -1 0
147 97 18 -1 0
148 35 19 1 0
149 94 15 1 0
150 77 39 0 -1
151 12 13 0 -1
152 66 9 0 -1
153 12 35 1 0
154 81 17 1 0
155 23 31 -1 0
156 97 12 1 0
157 15 25 -1 0
158 77 38 -1 0
159 20 23 1 0
160 45 13 -1 0
161 44 4 -1 0
162 36 34 -1 0
163 3 3 -1 0
164 99 31 0 1
165 23 13 -1 0
166 97 14 1 0
167 61 12 0 1
168 55 11 -1 0
169 48 17 1 0
170 22 23 1 0
171 93 31 -1 0
172 68 27 0 1
173 58 33 0 1
174 63 23 0 1
175 99 33 -1 0
176 93 9 1 0
177 83 38 0 1
178 94 22 1 0
179 24 15 0 -1
180 2 29 1 0
181 24 32 -1 0
182 69 36 -1 0
183 8 19 -1 0
184 47 37 0 1
185 42 1 0 1
186 95 39 0 -1
187 13 27 1 0
188 26 4 1 0
189 97 12 1 0
190 88 29 0 1
191 28 35 0 -1
192 1 3 -1 0
193 30 20 0 -1
194 42 32 -1 0
195 19 16 0 1
196 42 4 1 0
197 57 17 1 0
198 78 16 -1 0
199 97 35 -1 0
200 74 33 -1 0
201 20 20 0 1
202 49 4 -1 0
203 5 26 0 1
204 0 8 -1 0
205 46 34 1 0
206 7 38 1 0
207 98 31 1 0
208 5 21 0 -1
209 35 3 -1 0
210 77 11 0 -1
211 90 6 -1 0
212 83 25 0 -1
213 85 29 -1 0
214 71 12 0 -1
215 16 18 0 -1
216 13 37 1 0
217 89 12 -1 0
218 31 15 0 -1
219 66 34 0 -1
220 92 13 0 1
221 22 11 1 0
222 57 31 1 0
223 74 6 0 1
224 73 22 1 0
225 82 14 1 0
226 83 23 0 -1
227 18 6 0 -1
228 41 18 0 1
229 20 9 1 0
230 89 37 0 -1
231 23 36 0 -1
232 44 8 0 1
233 7 34 0 1
234 52 16 -1 0
235 58 19 0 -1
236 14 26 0 1
237 31 4 1 0
238 53 32 0 1
239 55 28 -1 0
240 19 30 0 1
241 85 35 0 1
242 65 18 0 -1
243 27 27 -1 0
244 23 18 0 -1
245 70 35 0 -1
246 22 6 -1 0
247 66 30 -1 0
248 77 20 1 0
249 82 34 1 0
250 78 0 -1 0
251 21 7 -1 0
252 46 38 -1 0
253 22 1 1 0
254 45 18 1 0
255 40 17 -1 0
256 78 39 0 1
257 23 21 1 0
258 96 34 -1 0
259 40 20 0 -1
260 11 0 1 0
261 25 24 1 0
262 16 27 1 0
263 94 15 0 -1
264 33 16 0 1
265 48 36 -1 0
266 40 24 0 -1
267 47 10 0 1
268 99 10 0 1
269 16 1 1 0
270 24 33 0 -1
271 57 14 -1 0
272 42 34 0 1
273 0 11 0 1
274 41 16 -1 0
275 11 39 0 -1
276 43 30 0 -1
277 40 23 0 1
278 0 39 -1 0
279 79 15 0 -1
280 12 20 0 -1
281 49 9 -1 0
282 50 11 0 -1
283 10 22 0 1
284 84 5 1 0
285 59 39 0 -1
286 74 9 0 -1
287 58 14 0 1
288 51 0 -1 0
289 39 5 0 -1
290 44 17 0 -1
291 91 10 0 1
292 20 20 1 0
293 0 6 1 0
294 54 0 1 0
295 42 37 -1 0
296 71 6 0 1
297 44 30 0 1
298 72 33 0 1
299 37 32 0 -1
300 93 14 -1 0
301 15 4 0 1
302 21 2 0 1
303 41 39 0 -1
304 22 3 0 1
305 12 13 -1 0
306 39 36 1 0
307 46 27 -1 0
308 24 19 0 1
309 72 39 0 1
310 0 11 0 -1
311 58 7 0 -1
312 86 33 1 0
313 72 7 1 0
314 41 5 1 0
315 85 28 0 -1
316 55 0 0 -1
317 74 21 -1 0
318 46 11 0 1
319 80 32 1 0
320 25 24 1 0
321 3 33 -1 0
322 98 39 0 -1
323 99 17 1 0
324 75 7 -1 0
325 18 17 0 1
326 0 27 0 1
327 72 13 1 0
328 18 4 1 0
329 85 37 1 0
330 30 7 0 1
331 29 14 0 -1
332 51 23 0 -1
333 55 10 0 1
334 69 32 0 1
335 49 39 1 0
336 75 7 0 1
337 7 25 -1 0
338 12 8 1 0
339 45 25 -1 0
340 37 34 0 1
341 26 29 0 1
342 51 15 0 1
343 19 36 -1 0
344 24 9 0 -1
345 64 18 -1 0
346 52 18 0 -1
347 75 19 1 0
348 20 6 -1 0
349 3 15 0 -1
350 40 35 -1 0
351 70 13 0 -1
352 78 13 0 -1
353 82 32 -1 0
354 43 26 0 1
355 5 32 -1 0
356 27 12 0 -1
357 95 29 0 1
358 56 16 -1 0
359 20 32 0 -1
360 13 11 0 1
361 42 1 0 1
362 35 36 -1 0
363 87 4 0 -1
364 32 5 -1 0
365 99 23 -1 0
366 48 7 -1 0
367 4 18 1 0
368 55 30 -1 0
369 41 9 0 1
370 19 23 1 0
371 27 21 -1 0
372 72 3 1 0
373 50 23 0 -1
374 69 3 1 0
375 90 24 1 0
376 65 24 0 1
377 85 12 0 -1
378 26 11 0 1
379 73 30 -1 0
380 99 11 0 -1
381 99 11 -1 0
382 51 1 1 0
383 41 6 -1 0
384 80 15 1 0
385 7 8 1 0
386 81 17 1 0
387 98 4 0 -1
388 2 15 0 1
389 45 26 -1 0
390 10 12 0 1
391 16 23 -1 0
392 87 12 0 1
393 40 5 0 -1
394 9 36 0 1
395 55 13 -1 0
396 45 8 0 1
397 22 21 0 -1
398 52 24 0 1
399 76 29 -1 0
400 94 37 0 -1
401 37 22 1 0
402 95 33 1 0
403 43 34 1 0
404 60 38 -1 0
405 45 38 0 1
406 73 19 1 0
407 58 34 -1 0
408 19 0 -1 0
409 26 31 0 1
410 98 11 0 1
411 40 19 1 0
412 40 0 0 1
413 22 0 1 0
414 21 27 0 1
415 86 9 1 0
416 6 7 -1 0
417 46 35 1 0
418 22 36 0 1
419 7 30 1 0
420 97 28 0 -1
421 11 34 1 0
422 73 7 0 -1
423 93 0 1 0
424 45 18 -1 0
425 63 32 1 0
426 52 20 -1 0
427 45 35 -1 0
428 12 35 1 0
429 29 26 1 0
430 73 28 -1 0
431 1 16 1 0
432 63 32 0 1
433 3 18 0 -1
434 42 35 0 1
435 40 14 -1 0
436 71 23 0 -1
437 75 4 -1 0
438 65 6 0 -1
439 64 22 0 -1
440 54 5 -1 0
441 52 15 1 0
442 75 23 -1 0
443 80 23 0 1
444 21 38 1 0
445 20 3 -1 0
446 45 20 1 0
447 38 7 0 -1
448 7 11 1 0
449 26 30 0 -1
450 82 26 -1 0
451 39 11 -1 0
452 36 39 0 -1
453 80 25 0 1
454 68 12 0 1
455 69 7 -1 0
456 21 21 -1 0
457 74 11 1 0
458 94 11 0 -1
459 37 25 0 -1
460 28 20 1 0
461 35 12 1 0
462 3 5 1 0
463 97 35 0 1
464 14 29 -1 0
465 15 18 0 1
466 94 36 1 0
467 9 31 0 -1
468 81 27 1 0
469 98 26 0 1
470 6 17 -1 0
471 90 1 0 -1
472 9 15 1 0
473 43 34 -1 0
474 26 16 0 1
475 39 13 0 -1
476 45 18 -1 0
477 17 3 -1 0
478 28 26 -1 0
479 17 21 0 1
480 23 31 1 0
481 8 34 0 1
482 44 22 0 1
483 43 9 0 -1
484 40 30 0 -1
485 85 1 1 0
486 8 21 0 1
487 52 1 -1 0
488 40 14 0 1
489 7 26 -1 0
490 45 12 0 -1
491 82 5 0 -1
492 41 4 0 -1
493 50 22 -1 0
494 18 4 0 -1
495 79 10 -1 0
496 93 26 1 0
497 42 13 -1 0
498 5 1 0 1
499 79 13 -1 0
500 49 28 1 0
501 45 39 0 1
502 36 14 -1 0
503 18 29 0 -1
504 84 22 -1 0
505 81 25 1 0
506 72 24 1 0
507 92 11 1 0
508 40 4 1 0
509 48 4 1 0
510 91 21 0 -1
511 94 18 0 1
512 80 34 1 0
513 2 23 -1 0
514 71 23 -1 0
515 93 29 1 0
516 72 11 0 1
517 36 5 -1 0
518 47 6 0 -1
519 83 34 1 0
520 19 21 1 0
521 80 38 1 0
522 19 18 -1 0
523 42 12 0 1
524 24 0 1 0
525 32 17 0 -1
526 90 15 0 1
527 97 37 1 0
528 45 30 0 -1
529 6 11 0 1
530 57 34 0 -1
531 22 0 -1 0
532 6 27 -1 0
533 93 18 0 -1
534 49 7 1 0
535 73 8 0 1
536 75 8 0 1
537 93 22 0 -1
538 96 31 0 -1
539 94 5 1 0
540 19 33 -1 0
541 46 34 -1 0
542 20 31 1 0
543 77 22 0 -1
544 26 38 0 1
545 5 36 0 1
546 22 31 0 -1
547 95 24 1 0
548 46 10 -1 0
549 87 8 1 0
550 28 20 1 0
551 52 27 0 1
552 0 16 -1 0
553 49 5 -1 0
554 26 13 0 -1
555 99 3 1 0
556 7 4 -1 0
557 29 0 -1 0
558 41 26 0 -1
559 26 39 0 1
560 64 36 0 -1
561 12 22 1 0
562 7 33 -1 0
563 5 0 1 0
564 18 33 0 -1
565 47 21 1 0
566 24 8 0 -1
567 13 13 1 0
568 43 9 0 -1
569 73 5 0 1
570 23 10 -1 0
571 54 13 0 1
572 96 17 1 0
573 45 0 -1 0
574 12 15 -1 0
575 49 24 -1 0
576 68 0 1 0
577 87 33 0 -1
578 98 34 0 -1
579 11 16 1 0
580 93 2 -1 0
581 15 16 0 1
582 21 18 1 0
583 74 24 1 0
584 55 10 1 0
585 55 25 0 -1
586 68 2 -1 0
587 12 37 1 0
588 98 17 0 1
589 0 31 0 1
590 89 19 0 1
591 39 0 0 -1
592 95 30 0 1
593 20 27 1 0
594 43 9 0 -1
595 43 23 -1 0
596 46 11 1 0
597 45 1 0 -1
598 93 4 -1 0
599 52 16 1 0
600 82 37 0 -1
601 26 19 0 1
602 10 15 0 -1
603 54 35 0 -1
604 41 38 0 -1
605 26 29 0 -1
606 17 29 1 0
607 3 16 1 0
608 24 3 0 -1
609 41 35 0 -1
610 2 25 0 -1
611 39 30 1 0
612 89 1 0 -1
613 8 6 0 -1
614 67 8 0 1
615 78 0 0 -1
616 2 36 0 1
617 0 23 1 0
618 15 0 0 1
619 50 8 -1 0
620 39 15 1 0
621 2 6 0 1
622 21 29 1 0
623 15 0 0 1
624 18 25 1 0
625 22 14 1 0
626 9 31 0 1
627 86 17 1 0
628 24 31 0 -1
629 49 12 0 1
630 74 28 0 -1
631 91 12 1 0
632 19 17 0 -1
633 16 17 -1 0
634 0 33 0 -1
635 17 11 0 -1
636 30 26 -1 0
637 26 28 0 1
638 32 21 0 1
639 30 16 0 1
640 78 11 -1 0
641 81 11 1 0
642 87 18 0 -1
643 46 26 1 0
644 15 26 0 1
645 93 29 0 -1
646 97 9 0 -1
647 99 25 1 0
648 36 21 -1 0
649 70 28 -1 0
650 76 15 0 -1
651 35 13 1 0
652 10 10 0 -1
653 40 39 -1 0
654 86 7 1 0
655 2 5 -1 0
656 33 29 -1 0
657 74 28 -1 0
658 16 23 0 1
659 85 18 0 1
660 94 17 0 1
661 19 39 1 0
662 62 39 -1 0
663 51 18 -1 0
664 14 13 0 -1
665 29 24 -1 0
666 38 21 -1 0
667 2 15 1 0
668 36 2 1 0
669 52 37 1 0
670 90 4 0 -1
671 43 3 0 -1
672 9 1 0 1
673 56 34 0 1
674 6 21 -1 0
675 75 32 -1 0
676 27 26 0 1
677 42 10 1 0
678 3 0 -1 0
679 40 29 0 1
680 47 33 -1 0
681 70 35 0 1
682 69 30 1 0
683 89 23 1 0
684 46 3 1 0
685 4 1 1 0
686 53 2 -1 0
687 50 6 0 1
688 11 28 1 0
689 42 13 1 0
690 42 24 -1 0
691 18 38 0 -1
692 40 24 1 0
693 12 15 1 0
694 27 35 0 -1
695 94 4 -1 0
696 55 26 0 1
697 52 29 -1 0
698 41 14 -1 0
699 40 30 1 0
700 69 4 -1 0
701 4 1 -1 0
702 49 31 -1 0
703 25 38 1 0
704 9 5 0 -1
705 74 37 0 1
706 79 2 1 0
707 8 28 1 0
708 84 24 1 0
709 17 26 0 -1
710 37 2 -1 0
711 43 4 1 0
712 80 4 0 -1
713 25 27 1 0
714 41 32 1 0
715 45 0 0 1
716 31 29 1 0
717 9 14 0 -1
718 27 21 0 -1
719 10 21 1 0
720 99 37 0 1
721 11 19 1 0
722 17 18 0 -1
723 4 18 1 0
724 55 21 1 0
725 75 14 0 -1
726 45 30 0 1
727 65 2 0 -1
728 22 38 0 -1
729 18 38 -1 0
730 63 36 -1 0
731 86 20 0 1
732 61 3 -1 0
733 37 10 1 0
734 41 32 -1 0
735 12 30 0 -1
736 19 34 -1 0
737 67 35 0 1
738 47 18 -1 0
739 15 2 0 1
740 17 14 0 1
741 44 8 1 0
742 12 3 0 -1
743 25 39 0 -1
744 57 9 0 -1
745 3 9 1 0
746 72 13 -1 0
747 89 30 0 -1
748 40 31 0 -1
749 44 16 0 1
750 75 2 1 0
751 9 18 -1 0
752 65 8 -1 0
753 16 27 0 -1
754 68 7 1 0
755 77 37 1 0
756 11 35 0 1
757 95 1 -1 0
758 20 24 -1 0
759 0 8 1 0
760 71 1 0 1
761 73 39 0 1
762 33 19 0 1
763 43 0 0 1
764 41 20 1 0
765 75 10 0 -1
766 33 21 1 0
767 98 37 -1 0
768 12 19 -1 0
769 88 38 0 -1
770 41 18 0 1
771 17 27 0 -1
772 46 27 0 1
773 87 30 0 1
774 30 30 -1 0
775 37 11 -1 0
776 45 13 1 0
777 39 20 0 1
778 51 16 -1 0
779 13 19 0 1
780 93 23 -1 0
781 98 33 -1 0
782 62 23 1 0
783 42 15 0 -1
784 5 0 1 0
785 46 3 0 -1
786 79 27 0 -1
787 42 33 0 -1
788 61 23 0 1
789 48 17 0 -1
790 1 10 -1 0
791 90 12 1 0
792 9 23 1 0
793 17 25 -1 0
794 77 14 1 0
795 86 25 1 0
796 12 2 1 0
797 0 14 0 1
798 19 17 0 1
799 62 9 0 1
800 13 22 -1 0
801 60 12 1 0
802 81 33 0 1
803 70 34 1 0
804 6 38 -1 0
805 24 32 0 1
806 42 9 0 1
807 12 4 -1 0
808 68 12 -1 0
809 91 14 0 -1
810 27 24 0 1
811 4 13 1 0
812 65 26 0 -1
813 83 0 0 -1
814 97 16 -1 0
815 46 16 -1 0
816 5 1 0 -1
817 82 10 1 0
818 85 33 1 0
819 54 15 0 1
820 2 30 0 -1
821 95 16 1 0
822 41 21 1 0
823 1 36 0 1
824 97 21 0 -1
825 42 15 -1 0
826 10 5 0 -1
827 20 36 0 -1
828 84 0 0 -1
829 20 15 0 -1
830 24 34 0 1
831 40 0 0 1
832 27 26 -1 0
833 56 19 -1 0
834 97 16 0 -1
835 82 15 -1 0
836 42 14 0 1
837 41 7 -1 0
838 17 24 -1 0
839 58 21 1 0
840 27 32 -1 0
841 84 24 0 1
842 53 0 0 1
843 23 16 0 1
844 17 15 -1 0
845 84 27 0 1
846 54 5 1 0
847 45 29 1 0
848 0 29 -1 0
849 42 33 1 0
850 78 12 1 0
851 87 4 0 1
852 95 17 -1 0
853 74 6 0 1
854 7 20 1 0
855 74 28 0 1
856 5 11 1 0
857 81 32 1 0
858 81 33 1 0
859 23 33 1 0
860 88 36 0 -1
861 27 20 0 1
862 20 18 0 -1
863 56 26 0 1
864 85 11 -1 0
865 3 3 -1 0
866 36 25 -1 0
867 20 15 1 0
868 46 25 0 1
869 52 34 1 0
870 24 16 1 0
871 55 18 0 -1
872 12 33 1 0
873 44 32 0 1
874 18 36 1 0
875 30 29 -1 0
876 98 4 -1 0
877 15 14 -1 0
878 19 25 1 0
879 47 35 -1 0
880 96 33 1 0
881 66 37 0 -1
882 9 33 0 1
883 88 3 -1 0
884 38 35 1 0
885 42 27 0 -1
886 56 1 -1 0
887 38 24 0 -1
888 43 8 1 0
889 82 32 0 1
890 7 25 0 1
891 6 38 0 1
892 49 20 0 -1
893 75 15 0 1
894 19 39 0 1
895 8 20 0 1
896 84 5 -1 0
897 91 6 0 -1
898 79 1 -1 0
899 45 12 0 -1
900 79 15 0 1
901 50 29 0 1
902 53 2 1 0
903 14 37 0 1
904 77 25 1 0
905 28 2 0 1
906 95 3 0 -1
907 46 18 -1 0
908 1 30 1 0
909 19 27 1 0
910 66 32 0 -1
911 67 0 1 0
912 40 29 0 1
913 48 9 0 1
914 95 26 1 0
915 78 26 -1 0
916 52 23 0 -1
917 53 8 1 0
918 70 1 -1 0
919 36 16 1 0
920 95 15 1 0
921 69 9 0 1
922 12 10 1 0
923 60 24 1 0
924 86 11 1 0
925 88 29 0 -1
926 57 6 1 0
927 91 29 -1 0
928 47 21 0 -1
929 16 10 -1 0
930 57 5 -1 0
931 77 31 0 1
932 74 23 0 1
933 56 5 1 0
934 23 33 0 1
935 43 15 1 0
936 51 3 1 0
937 18 12 0 -1
938 16 2 0 1
939 51 29 0 1
940 13 0 1 0
941 8 29 -1 0
942 82 22 1 0
943 21 13 0 -1
944 91 30 -1 0
945 30 6 0 -1
946 85 25 -1 0
947 44 22 -1 0
948 25 21 0 1
949 94 13 1 0
950 79 26 0 -1
951 55 3 -1 0
952 49 33 -1 0
953 84 31 0 -1
954 73 39 -1 0
955 53 11 1 0
956 26 8 0 1
957 57 27 0 -1
958 93 18 1 0
959 52 8 0 -1
960 85 20 0 -1
961 97 30 0 1
962 11 5 0 1
963 7 21 0 -1
964 58 11 0 1
965 17 37 0 -1
966 11 15 1 0
967 42 29 0 1
968 70 11 0 1
969 61 4 0 1
970 17 34 1 0
971 86 14 0 -1
972 18 20 -1 0
973 10 19 0 1
974 26 36 -1 0
975 91 7 0 -1
976 62 0 0 1
977 29 36 -1 0
978 23 31 1 0
979 29 34 0 -1
980 39 6 0 1
981 74 24 -1 0
982 78 14 1 0
983 21 24 0 -1
984 57 25 0 -1
985 86 7 0 1
986 25 26 1 0
987 7 25 0 -1
988 50 6 1 0
989 66 18 -1 0
990 76 3 0 -1
991 38 6 -1 0
992 55 31 1 0
993 24 10 1 0
994 63 29 0 -1
995 62 35 1 0
996 81 30 0 -1
997 28 31 0 1
998 24 35 1 0
999 4 14 -1 0
1000 95 1 0 -1
1001 53 27 -1 0
1002 10 37 0 1
1003 3 29 0 -1
1004 21 27 1 0
1005 44 0 1 0
1006 24 8 1 0
1007 49 2 0 1
1008 94 31 -1 0
1009 11 18 0 -1
1010 48 9 0 1
1011 6 5 1 0
1012 16 34 0 1
1013 26 26 -1 0
1014 66 11 0 -1
1015 5 9 0 -1
1016 3 10 0 1
1017 52 17 0 -1
1018 43 25 1 0
1019 63 5 1 0
1020 42 31 0 1
1021 41 16 0 -1
1022 75 13 0 -1
1023 68 10 -1 0
1024 71 1 0 -1
1025 2 21 -1 0
1026 27 24 1 0
1027 37 39 0 1
1028 95 7 0 1
1029 74 35 -1 0
1030 63 24 1 0
1031 31 18 0 -1
1032 46 23 1 0
1033 95 4 0 -1
1034 86 38 0 -1
1035 37 35 -1 0
1036 25 1 1 0
1037 48 0 0 1
1038 98 29 -1 0
1039 79 19 0 -1
1040 84 6 -1 0
1041 0 21 0 -1
1042 16 10 1 0
1043 1 36 0 1
1044 11 35 0 -1
1045 19 7 1 0
1046 40 20 0 -1
1047 25 28 1 0
1048 76 7 0 -1
1049 18 18 1 0
1050 26 29 -1 0
1051 17 17 -1 0
1052 42 18 0 1
1053 45 23 0 1
1054 62 3 0 1
1055 39 27 -1 0
1056 66 37 1 0
1057 10 19 1 0
1058 4 0 -1 0
1059 71 35 0 1
1060 43 30 0 -1
1061 91 38 0 1
1062 21 8 0 1
1063 19 31 0 -1
1064 28 26 1 0
1065 14 24 0 1
1066 79 36 0 1
1067 53 19 0 -1
1068 3 35 1 0
1069 39 34 1 0
1070 59 30 0 1
1071 89 9 -1 0
1072 3 22 0 -1
1073 25 16 1 0
1074 1 7 0 1
1075 73 24 -1 0
1076 15 32 0 1
1077 68 24 -1 0
1078 52 25 1 0
1079 28 13 0 1
1080 22 13 -1 0
1081 70 26 -1 0
1082 83 5 0 1
1083 48 37 -1 0
1084 80 17 1 0
1085 27 34 1 0
1086 64 0 0 1
1087 36 28 0 1
1088 68 39 -1 0
1089 45 36 -1 0
1090 35 23 1 0
1091 39 13 0 -1
1092 42 24 0 -1
1093 99 20 -1 0
1094 70 25 1 0
1095 15 1 -1 0
1096 80 27 0 1
1097 73 5 1 0
1098 40 16 -1 0
1099 20 6 -1 0
1100 85 18 0 -1
1101 27 20 1 0
1102 42 36 0 1
1103 12 11 0 -1
1104 55 10 1 0
1105 5 31 -1 0
1106 28 3 0 1
1107 77 38 -1 0
1108 10 1 0 1
1109 52 11 0 1
1110 49 20 -1 0
1111 52 27 1 0
1112 43 2 0 -1
1113 28 20 0 1
1114 96 3 0 1
1115 46 13 -1 0
1116 90 36 0 -1
1117 48 22 0 1
1118 24 33 0 -1
1119 59 5 0 -1
1120 18 16 -1 0
1121 16 33 0 -1
1122 25 5 1 0
1123 92 26 -1 0
1124 92 22 0 -1
1125 42 34 -1 0
1126 68 22 0 -1
1127 24 4 0 1
1128 15 29 0 1
1129 19 6 0 -1
1130 76 16 0 -1
1131 51 9 1 0
1132 99 28 -1 0
1133 99 9 -1 0
1134 41 4 1 0
1135 99 26 0 -1
1136 89 8 -1 0
1137 60 10 0 1
1138 7 22 0 -1
1139 29 32 1 0
1140 65 26 1 0
1141 40 25 0 -1
1142 56 38 0 1
1143 13 23 0 -1
1144 6 6 1 0
1145 84 33 -1 0
1146 41 21 -1 0
1147 54 21 0 1
1148 95 35 -1 0
1149 64 38 0 1
1150 45 37 -1 0
1151 29 15 0 1
1152 8 8 -1 0
1153 46 31 0 1
1154 26 16 1 0
1155 7 27 1 0
1156 16 22 1 0
1157 88 22 1 0
1158 99 21 1 0
1159 10 28 0 1
1160 89 35 -1 0
1161 29 1 0 1
1162 9 23 0 -1
1163 0 14 -1 0
1164 93 32 -1 0
1165 33 29 0 -1
1166 8 2 1 0
1167 62 4 -1 0
1168 88 37 1 0
1169 47 5 0 -1
1170 28 15 1 0
1171 89 20 1 0
1172 52 13 -1 0
1173 46 35 0 1
1174 6 11 0 -1
1175 80 9 0 -1
1176 65 11 0 1
1177 0 15 -1 0
1178 46 0 1 0
1179 49 10 -1 0
1180 14 8 1 0
1181 27 1 0 1
1182 24 29 0 -1
1183 77 11 1 0
1184 20 30 0 -1
1185 39 39 1 0
1186 39 34 0 1
1187 8 21 0 1
1188 73 14 1 0
1189 79 26 1 0
1190 25 22 -1 0
1191 24 38 0 -1
1192 55 18 0 -1
1193 59 13 0 -1
1194 58 38 -1 0
1195 85 15 0 1
1196 15 36 1 0
1197 90 5 -1 0
1198 21 35 1 0
1199 76 4 -1 0
1200 87 20 1 0
1201 84 13 0 1
1202 31 14 0 1
1203 31 1 0 -1
1204 89 27 0 -1
1205 5 7 -1 0
1206 75 30 -1 0
1207 22 10 -1 0
1208 38 20 1 0
1209 57 12 0 -1
1210 16 0 1 0
1211 18 3 0 1
1212 45 32 1 0
1213 15 23 0 -1
1214 22 32 1 0
1215 59 29 0 -1
1216 98 28 1 0
1217 22 25 1 0
1218 96 18 -1 0
1219 47 31 0 -1
1220 21 10 1 0
1221 8 4 -1 0
1222 22 35 -1 0
1223 15 29 -1 0
1224 16 33 -1 0
1225 66 32 0 -1
1226 67 26 1 0
1227 42 35 0 -1
1228 71 10 -1 0
1229 26 7 -1 0
1230 71 8 1 0
1231 58 33 0 1
1232 6 8 1 0
1233 65 12 0 1
1234 77 14 1 0
1235 90 18 -1 0
1236 40 24 1 0
1237 99 17 0 -1
1238 70 31 0 1
1239 46 11 -1 0
1240 12 34 1 0
1241 43 14 1 0
1242 80 29 -1 0
1243 59 37 1 0
1244 99 38 1 0
1245 39 14 0 -1
1246 40 33 0 1
1247 21 1 0 1
1248 11 1 0 1
1249 14 21 0 -1
1250 91 21 0 -1
1251 38 11 1 0
1252 22 1 0 -1
1253 59 34 1 0
1254 0 18 0 -1
1255 41 26 1 0
1256 68 12 0 1
1257 24 10 -1 0
1258 17 1 1 0
1259 42 2 -1 0
1260 85 37 1 0
1261 41 12 0 1
1262 47 5 0 1
1263 25 21 -1 0
1264 42 15 1 0
1265 31 20 -1 0
1266 72 22 0 -1
1267 17 35 1 0
1268 13 1 0 -1
1269 94 39 0 -1
1270 89 13 0 1
1271 53 39 -1 0
1272 47 12 0 -1
1273 4 11 0 1
1274 24 23 -1 0
1275 22 38 0 1
1276 99 37 1 0
1277 45 7 -1 0
1278 49 16 -1 0
1279 8 13 0 -1
1280 42 3 -1 0
1281 81 10 -1 0
1282 97 12 0 1
1283 0 38 -1 0
1284 76 5 -1 0
1285 61 9 0 1
1286 76 14 0 -1
1287 96 8 0 1
1288 39 15 0 1
1289 94 32 0 -1
1290 98 25 0 1
1291 24 7 1 0
1292 51 25 0 1
1293 71 33 0 -1
1294 69 13 1 0
1295 28 30 1 0
1296 9 28 0 1
1297 71 6 0 -1
1298 10 10 0 -1
1299 43 28 0 -1
1300 92 3 0 -1
1301 25 4 0 1
1302 58 27 -1 0
1303 4 32 0 1
1304 1 9 0 1
1305 17 37 -1 0
1306 73 31 1 0
1307 48 15 0 -1
1308 44 4 -1 0
1309 13 6 1 0
1310 81 33 0 -1
1311 24 21 1 0
1312 9 5 0 1
1313 84 27 0 -1
1314 51 28 -1 0
1315 58 7 0 -1
1316 66 22 0 1
1317 27 28 -1 0
1318 87 17 0 1
1319 43 2 -1 0
1320 16 9 0 1
1321 77 30 -1 0
1322 63 17 -1 0
1323 43 20 1 0
1324 53 23 1 0
1325 29 38 0 -1
1326 73 22 -1 0
1327 53 16 1 0
1328 89 2 0 1
1329 87 37 0 -1
1330 15 12 1 0
1331 19 26 -1 0
1332 24 23 0 1
1333 87 21 -1 0
1334 23 1 -1 0
1335 30 3 0 1
1336 41 3 1 0
1337 62 12 -1 0
1338 84 37 0 1
1339 36 39 0 1
1340 67 14 0 1
1341 31 26 0 -1
1342 7 1 0 1
1343 93 27 -1 0
1344 9 9 1 0
1345 31 38 0 -1
1346 21 28 -1 0
1347 97 20 1 0
1348 63 26 -1 0
1349 92 5 0 -1
1350 44 6 -1 0
1351 23 16 0 -1
1352 90 36 1 0
1353 93 35 0 -1
1354 93 14 0 -1
1355 94 13 -1 0
1356 27 26 0 1
1357 8 10 0 1
1358 20 37 -1 0
1359 42 16 1 0
1360 98 2 0 1
1361 9 25 1 0
1362 3 26 0 -1
1363 93 8 0 1
1364 52 5 -1 0
1365 73 18 0 1
1366 30 10 1 0
1367 90 34 1 0
1368 20 11 -1 0
1369 97 14 0 1
1370 2 14 1 0
1371 91 36 0 1
1372 83 15 -1 0
1373 1 25 0 1
1374 67 21 0 1
1375 8 20 0 1
1376 14 14 0 1
1377 39 18 1 0
1378 51 19 0 -1
1379 96 14 0 1
1380 54 6 0 -1
1381 4 35 0 -1
1382 68 22 1 0
1383 36 39 0 1
1384 80 26 0 -1
1385 86 10 1 0
1386 94 10 0 -1
1387 37 1 1 0
1388 56 27 0 1
1389 2 30 -1 0
1390 78 28 1 0
1391 58 6 0 1
1392 97 10 -1 0
1393 70 33 0 1
1394 51 7 0 -1
1395 64 37 0 1
1396 18 20 -1 0
1397 39 27 1 0
1398 41 17 0 1
1399 21 24 -1 0
1400 64 39 -1 0
1401 9 0 -1 0
1402 79 20 1 0
1403 71 11 1 0
1404 73 34 1 0
1405 18 8 0 1
1406 91 11 -1 0
1407 64 31 -1 0
1408 41 10 -1 0
1409 52 17 -1 0
1410 20 37 0 1
1411 44 31 0 1
1412 0 31 -1 0
1413 17 39 -1 0
1414 40 5 0 -1
1415 0 29 1 0
1416 18 14 0 1
1417 5 29 0 1
1418 29 13 1 0
1419 58 19 -1 0
1420 52 7 0 1
1421 83 37 0 -1
1422 56 10 -1 0
1423 44 3 0 1
1424 42 30 0 1
1425 27 29 -1 0
1426 26 5 0 1
1427 30 18 0 1
1428 66 1 -1 0
1429 95 33 1 0
1430 93 18 0 1
1431 42 2 -1 0
1432 63 26 0 1
1433 63 14 1 0
1434 47 35 1 0
1435 8 36 0 -1
1436 63 23 1 0
1437 5 7 0 1
1438 42 11 -1 0
1439 66 2 0 1
1440 36 23 -1 0
1441 60 11 0 1
1442 17 7 -1 0
1443 48 38 1 0
1444 15 12 0 -1
1445 42 3 0 1
1446 79 2 -1 0
1447 24 39 1 0
1448 58 9 -1 0
1449 44 2 -1 0
1450 64 25 -1 0
1451 40 3 0 1
1452 25 37 -1 0
1453 91 22 -1 0
1454 8 22 0 1
1455 30 26 1 0
1456 20 6 1 0
1457 91 1 0 -1
1458 78 31 0 1
1459 77 39 0 -1
1460 71 26 -1 0
1461 16 20 0 -1
1462 16 5 0 1
1463 0 5 -1 0
1464 25 2 -1 0
1465 10 27 1 0
1466 4 7 0 -1
1467 46 7 0 1
1468 2 22 0 -1
1469 2 19 0 -1
1470 0 6 -1 0
1471 9 38 0 -1
1472 90 0 -1 0
1473 87 5 -1 0
1474 3 21 0 -1
1475 4 28 0 -1
1476 45 33 1 0
1477 85 24 -1 0
1478 78 11 0 1
1479 56 31 0 1
1480 81 37 -1 0
1481 80 8 0 1
1482 12 34 -1 0
1483 57 7 -1 0
1484 84 33 -1 0
1485 49 29 0 1
1486 65 16 0 1
1487 15 1 -1 0
1488 30 16 1 0
1489 88 24 0 1
1490 14 33 1 0
1491 5 4 0 1
1492 76 14 0 1
1493 87 15 1 0
1494 99 24 0 1
1495 74 36 -1 0
1496 97 31 0 1
1497 5 12 0 -1
1498 25 2 0 1
1499 37 18 0 -1
1500 45 38 0 1
1501 24 38 1 0
1502 51 7 1 0
1503 85 38 0 1
1504 93 37 -1 0
1505 84 36 0 1
1506 7 16 1 0
1507 0 16 0 -1
1508 50 30 1 0
1509 98 18 1 0
1510 27 5 0 -1
1511 21 20 0 -1
1512 26 17 0 -1
1513 40 22 0 -1
1514 99 4 -1 0
1515 43 38 0 1
1516 21 31 -1 0
1517 41 11 1 0
1518 6 13 0 1
1519 6 26 0 1
1520 8 21 1 0
1521 86 7 0 1
1522 5 4 0 -1
1523 19 21 -1 0
1524 5 16 0 -1
1525 88 0 -1 0
1526 19 17 1 0
1527 38 21 1 0
1528 2 28 1 0
1529 6 2 -1 0
1530 1 26 -1 0
1531 21 7 0 -1
1532 5 7 -1 0
1533 29 21 -1 0
1534 12 26 1 0
1535 37 20 1 0
1536 97 19 -1 0
1537 5 12 0 1
1538 31 1 -1 0
1539 17 38 0 -1
1540 21 21 0 -1
1541 48 4 -1 0
1542 16 11 0 -1
1543 19 29 0 1
1544 50 7 0 1
1545 36 18 -1 0
1546 18 38 -1 0
1547 54 25 1 0
1548 99 16 -1 0
1549 87 14 -1 0
1550 69 17 -1 0
1551 15 6 0 1
1552 97 14 -1 0
1553 60 28 1 0
1554 54 17 0 1
1555 87 2 0 1
1556 16 26 -1 0
1557 6 3 1 0
1558 25 21 1 0
1559 10 39 0 1
1560 5 11 0 1
1561 58 36 1 0
1562 42 24 0 -1
1563 84 13 -1 0
1564 66 26 0 -1
1565 41 23 -1 0
1566 27 23 -1 0
1567 40 34 0 1
1568 19 11 -1 0
1569 97 31 -1 0
1570 14 13 1 0
1571 15 4 -1 0
1572 97 5 0 1
1573 23 7 1 0
1574 69 25 -1 0
1575 87 23 1 0
1576 0 35 1 0
1577 8 19 0 1
1578 20 26 1 0
1579 10 17 0 1
1580 37 13 1 0
1581 74 35 0 -1
1582 41 25 0 1
1583 95 38 -1 0
1584 23 3 1 0
1585 83 26 0 -1
1586 40 5 -1 0
1587 93 25 1 0
1588 19 5 -1 0
1589 45 6 0 1
1590 6 9 0 1
1591 81 31 1 0
1592 76 1 1 0
1593 89 22 0 -1
1594 8 9 0 1
1595 96 22 1 0
1596 96 13 0 -1
1597 10 18 1 0
1598 63 33 0 -1
1599 47 39 0 1
1600 88 33 1 0
1601 11 22 -1 0
1602 84 4 0 -1
1603 23 11 0 -1
1604 83 27 1 0
1605 97 5 -1 0
1606 82 11 0 -1
1607 6 38 1 0
1608 2 39 0 1
1609 72 13 -1 0
1610 39 36 0 1
1611 9 4 0 1
1612 12 35 0 -1
1613 3 7 -1 0
1614 41 7 -1 0
1615 41 30 1 0
1616 38 23 -1 0
1617 59 14 1 0
1618 84 2 1 0
1619 18 9 0 -1
1620 80 12 1 0
1621 21 35 -1 0
1622 49 9 1 0
1623 63 32 1 0
1624 44 6 -1 0
1625 46 15 0 -1
1626 42 32 0 1
1627 24 5 0 -1
1628 43 3 0 -1
1629 80 32 -1 0
1630 38 3 0 1
1631 23 19 0 -1
1632 81 18 0 1
1633 11 1 1 0
1634 78 10 1 0
1635 42 34 0 -1
1636 7 5 -1 0
1637 51 22 -1 0
1638 36 36 -1 0
1639 12 24 1 0
1640 6 31 1 0
1641 16 24 0 1
1642 16 19 0 1
1643 9 9 1 0
1644 42 8 1 0
1645 20 5 0 -1
1646 5 36 1 0
1647 37 6 -1 0
1648 78 27 1 0
1649 17 30 -1 0
1650 30 17 0 -1
1651 40 2 0 1
1652 73 33 0 1
1653 5 21 -1 0
1654 81 36 0 -1
1655 10 38 -1 0
1656 93 31 -1 0
1657 9 4 0 1
1658 39 2 -1 0
1659 45 24 0 -1
1660 26 0 1 0
1661 84 15 0 1
1662 5 25 0 -1
1663 35 1 -1 0
1664 50 12 0 1
1665 54 6 0 1
1666 22 39 1 0
1667 28 1 1 0
1668 58 16 -1 0
1669 28 30 -1 0
1670 59 10 -1 0
1671 77 11 0 -1
1672 5 9 1 0
1673 39 28 0 -1
1674 48 6 0 -1
1675 93 28 1 0
1676 19 10 0 -1
1677 74 19 1 0
1678 78 1 0 1
1679 85 33 0 -1
1680 72 37 -1 0
1681 53 8 1 0
1682 56 34 0 1
1683 65 19 0 1
1684 86 11 1 0
1685 95 33 1 0
1686 7 39 1 0
1687 14 30 0 1
1688 78 13 1 0
1689 76 2 0 -1
1690 44 0 0 1
1691 83 20 0 -1
1692 58 30 -1 0
1693 40 2 0 1
1694 42 18 0 1
1695 26 23 0 -1
1696 38 20 -1 0
1697 93 2 0 1
1698 64 32 0 1
1699 83 22 0 1
1700 23 12 1 0
1701 16 17 0 -1
1702 90 13 -1 0
1703 87 25 0 1
1704 51 31 1 0
1705 9 36 1 0
1706 51 5 0 -1
1707 25 38 -1 0
1708 46 33 1 0
1709 37 39 -1 0
1710 89 25 1 0
1711 35 33 0 -1
1712 1 3 0 -1
1713 31 39 1 0
1714 21 24 -1 0
1715 23 21 -1 0
1716 59 23 1 0
1717 92 30 1 0
1718 72 17 1 0
1719 20 3 1 0
1720 71 1 0 -1
1721 98 25 1 0
1722 17 18 0 1
1723 16 16 0 -1
1724 58 0 1 0
1725 42 18 1 0
1726 21 2 0 1
1727 53 21 0 1
1728 3 12 0 1
1729 20 37 0 1
1730 45 21 1 0
1731 69 12 0 -1
1732 40 1 0 -1
1733 42 33 1 0
1734 88 30 0 -1
1735 81 0 1 0
1736 52 19 0 -1
1737 13 18 1 0
1738 7 31 0 1
1739 4 21 1 0
1740 71 12 1 0
1741 98 0 1 0
1742 37 27 1 0
1743 15 4 0 1
1744 26 19 1 0
1745 56 38 -1 0
1746 78 24 0 -1
1747 38 26 1 0
1748 48 27 0 1
1749 62 15 -1 0
1750 94 20 1 0
1751 30 13 -1 0
1752 5 23 0 -1
1753 21 26 -1 0
1754 59 35 0 1
1755 49 36 0 1
1756 48 22 0 -1
1757 57 29 1 0
1758 4 38 0 -1
1759 2 24 1 0
1760 39 15 -1 0
1761 9 24 0 -1
1762 45 28 -1 0
1763 49 24 0 -1
1764 88 15 0 -1
1765 45 26 0 1
1766 36 32 -1 0
1767 92 10 0 1
1768 89 28 0 1
1769 91 3 0 1
1770 27 39 -1 0
1771 59 12 0 1
1772 20 1 1 0
1773 55 38 -1 0
1774 17 20 0 1
1775 15 0 0 1
1776 51 36 -1 0
1777 71 7 -1 0
1778 40 33 -1 0
1779 95 36 -1 0
1780 39 36 0 1
1781 58 1 0 1
1782 34 39 0 1
1783 18 24 -1 0
1784 92 29 1 0
1785 22 4 0 -1
1786 20 1 0 1
1787 53 2 -1 0
1788 25 14 1 0
1789 91 29 -1 0
1790 35 0 0 -1
1791 26 10 0 1
1792 46 7 0 -1
1793 47 14 0 1
1794 39 37 0 1
1795 49 34 0 -1
1796 54 24 0 -1
1797 98 0 0 -1
1798 82 13 0 1
1799 58 10 -1 0
1800 91 34 1 0
1801 16 7 0 -1
1802 22 31 0 1
1803 42 6 0 1
1804 93 0 1 0
1805 77 31 -1 0
1806 91 10 -1 0
1807 71 19 0 1
1808 27 4 1 0
1809 20 25 0 -1
1810 6 7 0 1
1811 7 39 -1 0
1812 88 27 1 0
1813 57 24 1 0
1814 82 29 0 1
1815 25 35 -1 0
1816 67 31 0 1
1817 95 29 0 1
1818 64 13 0 1
1819 80 25 -1 0
1820 12 15 -1 0
1821 15 17 -1 0
1822 74 29 -1 0
1823 11 19 1 0
1824 47 17 -1 0
1825 6 7 0 -1
1826 51 7 0 -1
1827 35 29 1 0
1828 48 26 0 1
1829 33 8 1 0
1830 14 9 0 -1
1831 2 13 0 1
1832 40 15 -1 0
1833 28 16 0 -1
1834 15 39 0 -1
1835 18 2 -1 0
1836 27 36 0 1
1837 21 27 -1 0
1838 80 23 1 0
1839 43 34 0 1
1840 0 0 0 1
1841 39 37 1 0
1842 45 4 1 0
1843 23 24 0 -1
1844 8 35 0 1
1845 27 12 0 -1
1846 11 33 -1 0
1847 94 21 0 1
1848 4 27 0 1
1849 11 37 1 0
1850 84 23 0 1
1851 70 23 0 -1
1852 15 3 -1 0
1853 6 4 0 1
1854 13 22 0 -1
1855 20 25 1 0
1856 54 19 -1 0
1857 8 13 1 0
1858 27 37 0 1
1859 18 18 1 0
1860 57 6 0 -1
1861 24 4 1 0
1862 97 6 0 -1
1863 47 12 -1 0
1864 57 29 0 1
1865 11 6 -1 0
1866 25 3 0 -1
1867 64 21 -1 0
1868 22 0 0 1
1869 99 11 1 0
1870 68 2 0 -1
1871 24 32 0 -1
1872 5 37 0 -1
1873 28 1 -1 0
1874 89 12 -1 0
1875 16 1 0 -1
1876 4 39 -1 0
1877 67 21 1 0
1878 69 36 -1 0
1879 6 35 0 -1
1880 4 19 0 1
1881 54 14 -1 0
1882 37 34 0 -1
1883 12 1 -1 0
1884 94 33 1 0
1885 45 26 -1 0
1886 71 0 1 0
1887 42 1 1 0
1888 1 19 1 0
1889 3 0 -1 0
1890 44 27 1 0
1891 11 15 1 0
1892 11 11 -1 0
1893 24 5 0 1
1894 4 8 0 -1
1895 94 1 0 1
1896 53 4 0 1
1897 4 25 0 1
1898 13 8 -1 0
1899 30 17 -1 0
1900 93 31 0 -1
1901 42 21 1 0
1902 39 23 0 -1
1903 48 1 0 1
1904 0 7 0 -1
1905 25 31 0 -1
1906 94 39 -1 0
1907 48 8 0 -1
1908 0 2 0 1
1909 21 16 -1 0
1910 76 13 1 0
1911 27 2 -1 0
1912 64 7 0 -1
1913 58 39 -1 0
1914 91 14 0 -1
1915 29 6 1 0
1916 47 30 1 0
1917 52 13 0 -1
1918 30 17 0 1
1919 50 1 0 1
1920 93 12 -1 0
1921 89 24 0 1
1922 37 17 -1 0
1923 22 11 0 1
1924 84 35 -1 0
1925 23 26 1 0
1926 69 30 1 0
1927 94 34 0 -1
1928 76 22 1 0
1929 42 22 1 0
1930 23 32 1 0
1931 88 15 0 -1
1932 11 22 0 1
1933 38 9 -1 0
1934 71 33 0 1
1935 65 17 0 1
1936 23 38 1 0
1937 65 4 0 1
1938 23 5 -1 0
1939 8 15 0 1
1940 97 36 0 -1
1941 38 35 1 0
1942 21 19 0 -1
1943 40 15 0 1
1944 53 24 -1 0
1945 93 5 -1 0
1946 18 4 0 1
1947 83 34 -1 0
1948 85 16 0 1
1949 3 19 0 -1
1950 40 39 0 -1
1951 51 19 0 1
1952 22 7 1 0
1953 20 39 0 1
1954 54 11 -1 0
1955 94 31 0 -1
1956 53 34 0 1
1957 23 11 0 -1
1958 82 16 1 0
1959 3 9 1 0
1960 0 6 0 -1
1961 50 25 0 -1
1962 97 8 0 -1
1963 86 13 0 -1
1964 88 1 0 1
1965 44 5 -1 0
1966 78 35 1 0
1967 38 25 -1 0
1968 99 23 -1 0
1969 79 8 -1 0
1970 71 29 -1 0
1971 41 34 0 1
1972 91 34 -1 0
1973 37 4 0 1
1974 99 35 -1 0
1975 91 5 0 -1
1976 46 4 0 1
1977 31 24 1 0
1978 28 21 -1 0
1979 46 29 0 1
1980 50 3 0 1
1981 43 7 0 1
1982 42 20 -1 0
1983 23 5 1 0
1984 60 10 1 0
1985 79 26 0 -1
1986 8 28 0 -1
1987 38 7 0 -1
1988 57 18 -1 0
1989 27 21 0 -1
1990 97 37 0 1
1991 5 13 -1 0
1992 47 12 1 0
1993 0 35 0 1
1994 66 37 0 -1
1995 96 13 0 1
1996 51 35 0 -1
1997 40 11 -1 0
1998 44 27 0 -1
1999 70 11 -1 0
