0 0 27 1 0
1 0 5 -1 0
2 47 7 0 -1
3 48 14 -1 0
4 44 9 -1 0
5 67 25 0 -1
6 43 35 0 -1
7 13 10 -1 0
8 98 7 -1 0
9 40 38 0 -1
10 51 14 0 1
11 90 14 0 1
12 16 27 -1 0
13 41 34 0 -1
14 22 24 -1 0
15 87 0 -1 0
16 90 35 0 1
17 76 20 -1 0
18 96 34 -1 0
19 22 17 1 0
20 66 38 0 1
21 2 5 0 -1
22 45 4 1 0
23 25 21 0 1
24 4 38 -1 0
25 79 15 1 0
26 64 19 0 1
27 40 17 -1 0
28 22 11 1 0
29 40 10 0 -1
30 6 37 1 0
31 54 36 0 -1
32 23 33 -1 0
33 16 4 1 0
34 15 25 0 -1
35 16 9 0 -1
36 98 39 1 0
37 37 25 1 0
38 5 39 1 0
39 92 0 -1 0
40 86 13 0 -1
41 74 26 0 1
42 24 11 0 1
43 25 20 1 0
44 4 23 0 -1
45 22 12 0 1
46 79 14 0 1
47 77 23 -1 0
48 30 19 1 0
49 58 10 -1 0
50 96 6 -1 0
51 91 21 -1 0
52 18 35 0 -1
53 20 32 1 0
54 29 5 -1 0
55 50 12 -1 0
56 16 33 0 1
57 71 29 1 0
58 6 24 0 -1
59 93 4 0 1
60 86 16 0 1
61 38 15 -1 0
62 39 21 1 0
63 72 38 1 0
64 56 9 -1 0
65 0 20 0 -1
66 58 16 1 0
67 53 14 -1 0
68 39 13 0 -1
69 74 28 0 1
70 78 18 1 0
71 69 28 -1 0
72 6 3 1 0
73 86 26 0 1
74 43 16 1 0
75 58 23 1 0
76 66 24 1 0
77 40 15 1 0
78 45 31 0 -1
79 2 0 -1 0
80 2 37 0 -1
81 27 32 0 -1
82 6 21 1 0
83 50 23 1 0
84 29 38 1 0
85 5 19 1 0
86 63 12 -1 0
87 44 28 0 -1
88 24 9 -1 0
89 51 8 -1 0
90 91 25 1 0
91 58 3 0 -1
92 27 32 1 0
93 0 22 -1 0
94 85 37 0 1
95 52 7 -1 0
96 18 12 0 -1
97 69 13 0 -1
98 84 9 1 0
99 16 8 0 -1
100 93 16 1 0
101 24 32 -1 0
102 17 23 0 -1
103 50 14 1 0
104 22 23 0 -1
105 37 14 0 1
106 56 6 1 0
107 6 28 1 0
108 95 30 0 1
109 40 0 0 -1
110 70 18 0 -1
111 92 13 -1 0
112 17 15 0 -1
113 52 18 0 1
114 21 39 1 0
115 26 8 -1 0
116 46 31 -1 0
117 7 28 0 1
118 48 37 0 1
119 53 37 0 -1
120 36 4 1 0
121 10 34 -1 0
122 92 8 0 1
123 52 11 -1 0
124 23 15 0 -1
125 92 29 1 0
126 93 22 1 0
127 9 24 1 0
128 79 31 1 0
129 55 6 -1 0
130 3 10 -1 0
131 11 27 0 -1
132 84 6 -1 0
133 59 0 0 1
134 85 38 0 -1
135 41 28 0 -1
136 96 32 -1 0
137 58 23 1 0
138 0 7 0 -1
139 42 12 0 1
140 46 22 -1 0
141 64 16 0 -1
142 89 19 -1 0
143 69 2 -1 0
144 1 38 0 1
145 84 15 0 -1
146 16 30 -1 0
147 40 32 -1 0
148 82 37 1 0
149 50 19 -1 0
150 13 33 0 -1
151 84 8 0 -1
152 40 37 1 0
153 98 29 0 -1
154 8 33 1 0
155 1 24 0 -1
156 41 34 0 1
157 13 22 0 1
158 9 17 0 -1
159 10 35 1 0
160 71 26 -1 0
161 74 28 1 0
162 15 2 -1 0
163 95 36 1 0
164 4 3 0 1
165 51 34 0 -1
166 47 36 0 -1
167 22 39 -1 0
168 62 11 0 -1
169 75 21 -1 0
170 23 5 0 1
171 37 22 0 -1
172 74 22 0 -1
173 93 36 0 -1
174 12 6 0 1
175 52 12 -1 0
176 95 36 0 -1
177 73 34 1 0
178 25 9 0 1
179 46 8 -1 0
180 46 24 0 -1
181 1 22 0 -1
182 2 38 1 0
183 51 10 -1 0
184 50 8 -1 0
185 9 33 1 0
186 8 29 0 1
187 98 10 1 0
188 47 7 1 0
189 43 29 -1 0
190 38 38 1 0
191 63 38 0 -1
192 49 27 0 -1
193 41 30 0 1
194 36 16 0 1
195 25 1 0 1
196 1 32 -1 0
197 42 24 0 1
198 2 25 1 0
199 70 4 0 -1
200 3 6 0 -1
201 2 0 0 -1
202 24 34 1 0
203 23 16 0 1
204 22 5 0 -1
205 17 30 1 0
206 15 13 -1 0
207 57 24 0 -1
208 7 34 -1 0
209 19 36 0 1
210 29 3 -1 0
211 88 28 0 1
212 51 29 0 -1
213 40 6 -1 0
214 23 29 1 0
215 2 20 1 0
216 41 11 1 0
217 93 15 0 1
218 30 1 0 -1
219 91 7 0 -1
220 25 31 0 -1
221 41 14 1 0
222 39 15 0 -1
223 9 16 1 0
224 76 13 0 1
225 98 20 0 -1
226 99 14 -1 0
227 69 16 1 0
228 82 27 0 -1
229 22 37 0 1
230 80 3 0 -1
231 23 26 0 -1
232 39 1 0 1
233 13 38 -1 0
234 23 6 -1 0
235 40 32 0 -1
236 37 23 0 -1
237 25 15 0 1
238 54 10 0 -1
239 41 7 1 0
240 76 25 0 -1
241 58 1 1 0
242 83 29 1 0
243 42 38 0 1
244 8 38 0 -1
245 44 10 0 -1
246 51 18 -1 0
247 53 21 0 -1
248 88 19 1 0
249 94 30 0 1
250 11 28 0 -1
251 14 10 -1 0
252 63 9 0 1
253 0 1 0 1
254 40 39 0 1
255 53 14 0 1
256 51 20 1 0
257 13 6 0 1
258 63 29 -1 0
259 18 17 0 -1
260 20 3 1 0
261 23 27 0 -1
262 3 34 -1 0
263 69 23 0 1
264 70 3 0 1
265 91 39 -1 0
266 67 13 1 0
267 74 17 1 0
268 88 8 -1 0
269 5 18 0 -1
270 16 33 0 -1
271 96 6 0 1
272 44 9 0 1
273 7 16 0 -1
274 32 10 0 1
275 16 27 1 0
276 10 25 1 0
277 3 36 -1 0
278 66 25 0 -1
279 59 13 0 -1
280 86 31 0 -1
281 91 14 0 -1
282 96 3 0 -1
283 15 14 1 0
284 83 29 1 0
285 97 26 0 -1
286 14 9 0 -1
287 77 10 -1 0
288 25 5 1 0
289 94 0 0 -1
290 0 8 0 -1
291 29 35 0 -1
292 93 3 0 1
293 18 7 0 1
294 90 3 0 1
295 42 10 -1 0
296 53 31 -1 0
297 45 9 1 0
298 62 32 0 1
299 0 31 0 1
300 52 28 1 0
301 80 14 0 -1
302 6 2 -1 0
303 24 37 -1 0
304 26 12 1 0
305 64 29 0 1
306 19 7 -1 0
307 83 18 0 -1
308 43 2 1 0
309 31 33 -1 0
310 2 11 0 -1
311 18 18 -1 0
312 12 24 0 1
313 32 8 -1 0
314 8 37 -1 0
315 48 2 1 0
316 49 16 0 -1
317 54 21 -1 0
318 14 1 1 0
319 55 25 0 1
320 36 10 0 1
321 42 31 1 0
322 69 9 0 1
323 62 39 0 1
324 13 1 0 1
325 69 24 -1 0
326 24 28 0 1
327 90 11 -1 0
328 53 16 0 1
329 18 9 0 -1
330 56 23 1 0
331 81 20 1 0
332 90 31 0 1
333 13 5 0 -1
334 21 27 -1 0
335 12 23 0 -1
336 94 4 -1 0
337 51 2 -1 0
338 12 38 0 1
339 52 20 0 -1
340 93 18 0 -1
341 54 7 1 0
342 23 35 -1 0
343 65 25 -1 0
344 16 32 -1 0
345 51 0 0 -1
346 81 39 1 0
347 13 8 -1 0
348 12 26 0 1
349 19 10 0 -1
350 43 12 -1 0
351 52 12 0 1
352 56 5 0 1
353 51 10 0 -1
354 29 31 -1 0
355 17 38 0 -1
356 45 35 1 0
357 49 13 0 1
358 38 30 1 0
359 94 25 1 0
360 25 26 -1 0
361 39 17 1 0
362 7 24 0 -1
363 40 34 -1 0
364 97 2 -1 0
365 68 39 0 -1
366 13 23 0 -1
367 4 35 0 1
368 16 35 -1 0
369 8 39 0 -1
370 28 8 0 -1
371 40 27 -1 0
372 17 38 1 0
373 41 12 0 1
374 57 31 -1 0
375 43 16 -1 0
376 46 27 1 0
377 86 9 1 0
378 17 39 0 1
379 84 10 -1 0
380 66 11 0 -1
381 23 5 0 1
382 72 6 1 0
383 87 30 -1 0
384 42 28 -1 0
385 64 31 0 -1
386 45 39 0 1
387 57 39 0 1
388 28 37 0 -1
389 44 36 0 -1
390 17 38 1 0
391 1 3 -1 0
392 84 37 -1 0
393 28 19 0 1
394 23 39 0 1
395 52 20 1 0
396 51 1 1 0
397 45 22 0 1
398 57 26 -1 0
399 49 38 1 0
400 28 14 1 0
401 37 39 0 1
402 9 16 1 0
403 68 38 1 0
404 7 29 0 -1
405 26 26 1 0
406 45 31 0 -1
407 28 0 1 0
408 7 30 0 -1
409 36 8 0 1
410 38 3 0 -1
411 77 10 0 1
412 52 21 -1 0
413 35 10 1 0
414 23 36 -1 0
415 44 0 1 0
416 43 4 1 0
417 96 15 0 -1
418 26 23 0 -1
419 4 24 0 -1
420 59 12 1 0
421 4 28 0 1
422 26 10 1 0
423 69 23 -1 0
424 15 18 0 1
425 42 3 -1 0
426 93 19 0 1
427 44 23 0 -1
428 16 7 1 0
429 88 35 0 1
430 96 22 0 -1
431 50 32 1 0
432 93 3 -1 0
433 9 10 0 -1
434 18 5 -1 0
435 36 38 1 0
436 12 11 1 0
437 10 34 -1 0
438 27 8 0 -1
439 47 24 -1 0
440 49 37 1 0
441 72 16 1 0
442 25 30 -1 0
443 6 17 1 0
444 85 2 0 -1
445 16 12 0 -1
446 10 22 1 0
447 55 4 -1 0
448 10 30 1 0
449 22 33 1 0
450 38 1 -1 0
451 22 11 0 1
452 25 28 1 0
453 71 0 0 1
454 22 3 0 1
455 44 15 -1 0
456 64 32 -1 0
457 94 29 0 -1
458 9 2 0 1
459 93 17 1 0
460 22 13 1 0
461 85 30 -1 0
462 94 12 0 1
463 78 9 -1 0
464 21 25 0 -1
465 5 5 0 -1
466 96 24 1 0
467 25 17 0 -1
468 57 30 -1 0
469 15 1 0 1
470 93 11 -1 0
471 96 32 -1 0
472 20 12 1 0
473 21 8 1 0
474 79 1 0 -1
475 25 7 0 -1
476 55 6 0 -1
477 86 23 -1 0
478 47 3 0 -1
479 28 35 -1 0
480 64 27 1 0
481 14 13 1 0
482 51 32 -1 0
483 69 38 0 1
484 46 18 0 1
485 20 20 0 1
486 10 1 0 -1
487 43 27 -1 0
488 13 0 0 1
489 56 3 1 0
490 99 4 -1 0
491 27 32 0 -1
492 40 17 0 1
493 56 36 -1 0
494 63 7 -1 0
495 56 2 0 1
496 85 17 0 1
497 78 23 0 1
498 5 38 1 0
499 78 5 -1 0
500 20 32 -1 0
501 37 14 1 0
502 7 5 1 0
503 3 34 0 -1
504 22 35 1 0
505 81 6 0 1
506 4 31 1 0
507 96 3 -1 0
508 49 19 1 0
509 16 20 0 1
510 12 38 0 1
511 84 12 1 0
512 86 16 -1 0
513 48 6 -1 0
514 82 12 -1 0
515 99 18 1 0
516 13 33 0 1
517 39 12 0 -1
518 5 38 0 1
519 47 37 0 -1
520 23 20 0 1
521 90 14 -1 0
522 45 12 0 1
523 92 2 0 1
524 51 30 1 0
525 68 36 -1 0
526 23 27 -1 0
527 55 15 -1 0
528 69 33 0 1
529 21 38 0 1
530 90 37 0 -1
531 16 9 -1 0
532 71 24 1 0
533 31 38 -1 0
534 25 4 0 1
535 69 11 -1 0
536 12 21 0 -1
537 27 28 1 0
538 45 1 0 -1
539 80 5 0 1
540 62 5 -1 0
541 43 38 0 1
542 20 23 0 1
543 42 37 0 1
544 29 23 1 0
545 53 34 0 1
546 96 9 -1 0
547 6 23 1 0
548 19 6 -1 0
549 24 21 1 0
550 93 34 -1 0
551 75 6 0 1
552 29 39 0 -1
553 91 11 0 -1
554 30 12 0 -1
555 26 34 0 -1
556 40 35 0 -1
557 38 1 0 -1
558 25 31 -1 0
559 98 15 1 0
560 9 12 -1 0
561 99 2 -1 0
562 30 39 -1 0
563 28 35 1 0
564 21 7 1 0
565 19 28 -1 0
566 76 7 -1 0
567 80 20 0 1
568 92 13 -1 0
569 27 16 1 0
570 74 6 0 -1
571 27 38 0 -1
572 10 8 -1 0
573 2 22 1 0
574 91 5 1 0
575 60 28 0 1
576 20 24 -1 0
577 11 14 0 1
578 90 14 1 0
579 12 3 0 1
580 57 33 -1 0
581 13 11 0 -1
582 26 36 -1 0
583 3 17 1 0
584 89 13 0 1
585 38 37 0 -1
586 84 16 1 0
587 8 22 0 -1
588 81 9 -1 0
589 59 2 0 1
590 13 3 0 -1
591 36 26 -1 0
592 3 11 0 -1
593 46 28 0 1
594 84 16 0 1
595 16 10 -1 0
596 82 20 0 1
597 41 39 0 1
598 77 31 0 1
599 27 30 0 1
600 10 30 0 -1
601 19 16 1 0
602 30 34 -1 0
603 38 30 0 -1
604 47 11 0 1
605 24 26 1 0
606 41 4 1 0
607 14 12 -1 0
608 91 30 1 0
609 89 23 1 0
610 40 14 0 1
611 84 38 0 -1
612 91 27 -1 0
613 13 39 1 0
614 6 31 -1 0
615 22 2 0 1
616 26 13 -1 0
617 14 17 0 -1
618 78 37 1 0
619 6 32 0 1
620 67 19 0 1
621 61 27 0 -1
622 79 23 1 0
623 84 2 0 1
624 24 2 0 1
625 62 29 0 1
626 9 10 -1 0
627 83 2 -1 0
628 24 5 0 -1
629 39 28 0 -1
630 43 15 0 -1
631 26 2 0 -1
632 31 12 0 1
633 21 24 0 -1
634 24 4 0 -1
635 13 4 0 1
636 14 33 0 -1
637 8 33 -1 0
638 15 27 1 0
639 26 35 0 -1
640 37 31 -1 0
641 95 8 -1 0
642 55 19 1 0
643 9 27 1 0
644 95 39 -1 0
645 25 4 1 0
646 94 21 -1 0
647 69 22 1 0
648 40 29 0 -1
649 86 29 1 0
650 73 19 0 -1
651 39 37 1 0
652 6 1 -1 0
653 84 4 0 -1
654 79 36 0 1
655 58 15 1 0
656 27 8 -1 0
657 56 34 -1 0
658 7 33 1 0
659 90 15 0 -1
660 99 4 0 -1
661 5 6 0 1
662 52 14 0 1
663 95 22 1 0
664 26 29 1 0
665 17 3 0 -1
666 31 15 0 -1
667 57 16 -1 0
668 14 5 -1 0
669 36 8 1 0
670 24 22 0 1
671 24 24 -1 0
672 73 21 -1 0
673 97 7 0 -1
674 13 26 0 1
675 11 9 -1 0
676 14 30 0 -1
677 36 20 0 -1
678 64 31 -1 0
679 5 8 1 0
680 25 26 0 1
681 7 24 0 1
682 82 17 0 -1
683 19 20 1 0
684 45 3 1 0
685 6 15 1 0
686 30 19 0 1
687 9 26 0 1
688 26 18 0 1
689 21 38 0 -1
690 75 28 0 -1
691 39 15 0 -1
692 63 19 0 -1
693 19 28 0 -1
694 0 38 0 -1
695 13 0 1 0
696 45 33 -1 0
697 48 38 0 1
698 81 33 0 -1
699 45 22 0 1
700 36 21 -1 0
701 59 31 1 0
702 51 31 -1 0
703 26 36 1 0
704 58 2 -1 0
705 39 30 0 1
706 63 13 -1 0
707 31 16 0 1
708 43 27 -1 0
709 6 12 0 1
710 42 19 -1 0
711 7 29 1 0
712 29 7 0 1
713 7 11 0 1
714 60 19 0 1
715 54 34 -1 0
716 74 13 0 -1
717 21 15 1 0
718 57 34 0 -1
719 22 18 -1 0
720 24 17 -1 0
721 30 39 1 0
722 50 19 0 1
723 51 39 1 0
724 41 0 0 -1
725 54 2 0 -1
726 35 34 1 0
727 23 34 1 0
728 55 7 0 1
729 82 32 -1 0
730 44 10 0 -1
731 81 20 1 0
732 24 1 0 1
733 71 39 0 -1
734 76 3 0 1
735 4 1 1 0
736 24 3 -1 0
737 55 38 1 0
738 68 13 0 1
739 15 32 -1 0
740 5 26 0 1
741 92 31 0 1
742 41 15 -1 0
743 93 31 1 0
744 41 39 -1 0
745 8 2 0 -1
746 23 24 0 -1
747 95 16 1 0
748 21 23 0 -1
749 1 11 0 1
750 43 3 0 -1
751 79 10 -1 0
752 92 20 0 -1
753 17 36 -1 0
754 42 10 -1 0
755 9 2 1 0
756 21 39 1 0
757 72 35 0 -1
758 40 31 -1 0
759 38 0 -1 0
760 1 4 0 1
761 38 25 -1 0
762 28 23 0 1
763 60 34 0 1
764 18 7 1 0
765 83 18 1 0
766 66 32 0 1
767 66 18 -1 0
768 38 27 -1 0
769 2 22 -1 0
770 1 10 -1 0
771 3 5 0 1
772 19 28 1 0
773 49 7 0 -1
774 11 16 -1 0
775 39 2 -1 0
776 65 1 0 1
777 75 3 -1 0
778 48 27 0 -1
779 60 19 0 1
780 42 26 0 -1
781 47 16 -1 0
782 55 19 0 -1
783 76 35 -1 0
784 59 35 1 0
785 21 10 0 -1
786 40 33 0 -1
787 45 35 1 0
788 64 35 0 -1
789 73 25 1 0
790 85 20 0 -1
791 90 20 -1 0
792 43 38 0 1
793 99 24 0 1
794 8 1 0 1
795 43 8 0 1
796 83 23 0 1
797 27 8 -1 0
798 1 30 0 -1
799 93 23 1 0
800 23 0 -1 0
801 98 20 -1 0
802 98 32 1 0
803 97 7 0 1
804 87 14 0 -1
805 8 19 1 0
806 99 7 0 1
807 78 23 0 1
808 80 20 -1 0
809 24 24 0 -1
810 46 36 -1 0
811 5 4 -1 0
812 30 22 0 -1
813 36 28 -1 0
814 23 34 0 1
815 1 7 1 0
816 19 20 -1 0
817 39 33 1 0
818 84 28 0 1
819 71 13 0 1
820 42 17 0 1
821 30 32 1 0
822 37 2 1 0
823 69 18 0 -1
824 74 22 0 -1
825 46 38 0 1
826 98 16 0 1
827 45 37 -1 0
828 13 12 0 -1
829 62 25 1 0
830 76 19 -1 0
831 56 38 0 -1
832 43 29 -1 0
833 44 24 -1 0
834 23 18 0 1
835 22 2 0 -1
836 99 0 0 1
837 15 22 -1 0
838 12 10 0 1
839 20 9 0 -1
840 15 5 0 -1
841 59 39 -1 0
842 54 11 0 -1
843 37 15 -1 0
844 59 9 -1 0
845 49 20 -1 0
846 91 19 -1 0
847 44 6 0 -1
848 61 23 0 1
849 76 35 0 -1
850 15 18 0 1
851 9 25 0 -1
852 26 18 0 1
853 36 23 -1 0
854 54 26 1 0
855 18 23 0 1
856 47 24 -1 0
857 82 28 -1 0
858 58 31 -1 0
859 29 9 -1 0
860 9 31 -1 0
861 45 22 0 -1
862 47 6 0 1
863 38 22 -1 0
864 62 38 1 0
865 3 28 -1 0
866 12 37 0 1
867 25 27 0 -1
868 78 6 1 0
869 44 27 1 0
870 23 0 0 -1
871 50 17 1 0
872 58 17 1 0
873 99 11 1 0
874 17 12 0 -1
875 96 2 -1 0
876 36 14 1 0
877 88 33 0 1
878 70 9 1 0
879 97 29 1 0
880 10 39 0 1
881 43 38 0 1
882 5 30 0 -1
883 46 11 0 1
884 58 25 -1 0
885 87 5 -1 0
886 38 36 -1 0
887 67 30 0 1
888 38 28 0 -1
889 43 0 1 0
890 83 11 -1 0
891 37 12 0 1
892 43 13 1 0
893 53 6 -1 0
894 91 13 0 1
895 54 20 1 0
896 44 39 0 1
897 4 6 -1 0
898 18 0 0 1
899 53 7 0 1
900 58 23 1 0
901 47 0 0 1
902 85 29 1 0
903 0 10 0 1
904 17 9 0 -1
905 85 39 1 0
906 84 22 0 1
907 84 9 0 1
908 76 18 -1 0
909 68 9 1 0
910 40 25 0 -1
911 42 22 -1 0
912 42 22 0 1
913 98 25 0 -1
914 38 14 -1 0
915 85 35 0 -1
916 90 32 0 1
917 62 26 0 -1
918 38 6 0 1
919 25 11 1 0
920 16 18 -1 0
921 27 36 0 -1
922 42 33 1 0
923 76 21 1 0
924 91 25 1 0
925 84 30 -1 0
926 40 27 1 0
927 61 24 0 -1
928 87 8 -1 0
929 87 4 0 1
930 16 0 0 -1
931 48 16 1 0
932 52 13 0 1
933 88 1 1 0
934 96 7 0 1
935 91 0 -1 0
936 83 6 0 1
937 18 7 1 0
938 5 35 -1 0
939 34 29 -1 0
940 74 30 0 1
941 13 36 -1 0
942 40 18 0 -1
943 12 0 1 0
944 28 3 0 -1
945 20 1 0 -1
946 9 17 0 -1
947 9 21 -1 0
948 97 12 0 -1
949 40 24 1 0
950 36 12 -1 0
951 29 28 0 -1
952 25 12 1 0
953 10 28 1 0
954 16 2 1 0
955 26 1 0 -1
956 11 23 0 -1
957 61 1 1 0
958 37 17 0 1
959 2 28 1 0
960 15 33 1 0
961 51 27 0 -1
962 9 34 1 0
963 91 9 0 -1
964 40 34 0 1
965 73 37 -1 0
966 38 7 0 -1
967 62 15 1 0
968 1 19 1 0
969 68 18 0 -1
970 92 19 1 0
971 77 4 0 -1
972 62 39 0 1
973 19 23 1 0
974 27 29 0 1
975 81 6 -1 0
976 47 16 0 -1
977 25 26 0 -1
978 21 34 1 0
979 27 19 0 -1
980 27 3 0 -1
981 10 24 0 1
982 27 31 1 0
983 59 20 0 1
984 71 19 1 0
985 65 8 1 0
986 41 25 1 0
987 68 10 1 0
988 79 26 -1 0
989 25 12 1 0
990 11 34 0 -1
991 13 14 1 0
992 91 33 1 0
993 0 5 0 -1
994 58 18 1 0
995 21 16 1 0
996 6 36 0 1
997 74 30 0 -1
998 41 33 1 0
999 7 37 0 -1
1000 51 18 -1 0
1001 90 18 0 1
1002 81 9 1 0
1003 78 20 1 0
1004 70 26 0 -1
1005 46 34 0 -1
1006 74 10 0 1
1007 37 39 1 0
1008 16 8 1 0
1009 15 4 0 -1
1010 97 15 0 1
1011 22 16 0 -1
1012 47 20 -1 0
1013 27 13 0 -1
1014 44 4 0 -1
1015 58 30 -1 0
1016 82 28 -1 0
1017 98 19 1 0
1018 82 10 1 0
1019 26 1 1 0
1020 58 11 -1 0
1021 27 38 0 -1
1022 43 21 0 1
1023 19 22 1 0
1024 10 11 0 -1
1025 23 34 -1 0
1026 45 29 -1 0
1027 49 2 -1 0
1028 69 4 -1 0
1029 26 5 1 0
1030 24 16 0 1
1031 28 27 1 0
1032 82 6 -1 0
1033 12 36 -1 0
1034 40 28 0 1
1035 77 29 1 0
1036 94 26 1 0
1037 89 35 -1 0
1038 3 1 -1 0
1039 53 39 -1 0
1040 80 16 -1 0
1041 94 15 1 0
1042 56 30 0 -1
1043 43 36 0 -1
1044 96 0 1 0
1045 22 33 1 0
1046 87 4 0 1
1047 30 31 0 1
1048 13 20 0 1
1049 28 39 0 -1
1050 93 1 1 0
1051 18 36 -1 0
1052 24 17 0 -1
1053 30 37 1 0
1054 41 13 -1 0
1055 48 37 0 -1
1056 81 5 0 1
1057 66 5 -1 0
1058 66 15 1 0
1059 28 3 1 0
1060 13 22 -1 0
1061 84 27 -1 0
1062 28 13 0 -1
1063 20 16 0 1
1064 0 18 0 1
1065 23 21 0 -1
1066 61 25 1 0
1067 42 27 -1 0
1068 55 28 0 -1
1069 24 20 1 0
1070 52 19 -1 0
1071 0 21 -1 0
1072 98 5 1 0
1073 53 21 0 -1
1074 37 14 0 1
1075 83 34 0 -1
1076 49 37 0 1
1077 35 17 0 1
1078 26 12 -1 0
1079 28 29 1 0
1080 64 37 0 -1
1081 85 9 -1 0
1082 67 12 1 0
1083 29 16 1 0
1084 70 38 1 0
1085 2 5 0 1
1086 48 33 0 1
1087 51 9 -1 0
1088 26 39 -1 0
1089 49 12 1 0
1090 59 4 0 1
1091 27 30 0 -1
1092 36 5 0 1
1093 77 13 -1 0
1094 18 32 -1 0
1095 6 6 -1 0
1096 28 15 1 0
1097 24 5 1 0
1098 80 34 -1 0
1099 92 28 1 0
1100 28 20 1 0
1101 20 37 0 -1
1102 89 8 1 0
1103 46 12 1 0
1104 54 10 1 0
1105 81 23 0 1
1106 23 32 0 1
1107 97 27 0 -1
1108 43 16 -1 0
1109 58 25 0 -1
1110 73 16 -1 0
1111 3 34 1 0
1112 30 22 1 0
1113 85 2 1 0
1114 47 14 0 -1
1115 47 11 0 -1
1116 50 34 1 0
1117 86 23 0 1
1118 77 32 1 0
1119 98 35 0 1
1120 19 0 0 1
1121 41 38 1 0
1122 99 7 0 -1
1123 46 0 0 -1
1124 18 38 0 -1
1125 4 25 0 1
1126 18 36 -1 0
1127 14 18 -1 0
1128 17 25 1 0
1129 13 13 1 0
1130 44 36 -1 0
1131 96 24 1 0
1132 78 38 -1 0
1133 29 3 1 0
1134 41 6 -1 0
1135 35 10 0 1
1136 39 36 1 0
1137 60 27 0 -1
1138 6 19 -1 0
1139 68 15 0 -1
1140 22 33 -1 0
1141 6 24 -1 0
1142 51 10 0 -1
1143 73 6 0 1
1144 8 36 0 1
1145 98 2 -1 0
1146 87 16 -1 0
1147 11 7 1 0
1148 51 2 1 0
1149 3 35 -1 0
1150 72 26 -1 0
1151 20 34 -1 0
1152 28 8 -1 0
1153 94 9 -1 0
1154 68 32 0 1
1155 16 37 -1 0
1156 29 25 1 0
1157 94 25 -1 0
1158 66 29 0 1
1159 16 25 -1 0
1160 15 25 0 1
1161 20 0 0 -1
1162 25 23 -1 0
1163 9 16 1 0
1164 65 23 0 -1
1165 8 2 0 -1
1166 19 37 0 1
1167 0 0 -1 0
1168 8 17 -1 0
1169 4 28 -1 0
1170 3 36 -1 0
1171 22 9 -1 0
1172 22 25 -1 0
1173 41 34 1 0
1174 24 28 0 1
1175 25 36 1 0
1176 64 36 -1 0
1177 43 25 1 0
1178 82 32 0 1
1179 8 2 0 -1
1180 44 32 -1 0
1181 7 7 1 0
1182 25 7 -1 0
1183 82 28 0 1
1184 7 22 1 0
1185 96 12 0 -1
1186 25 31 1 0
1187 3 37 -1 0
1188 58 24 1 0
1189 52 3 0 -1
1190 46 12 -1 0
1191 59 21 0 -1
1192 83 27 -1 0
1193 44 11 0 -1
1194 60 0 -1 0
1195 97 9 -1 0
1196 91 10 1 0
1197 10 0 0 -1
1198 56 22 -1 0
1199 23 5 0 -1
1200 82 0 0 -1
1201 16 3 0 1
1202 75 39 0 1
1203 28 31 0 1
1204 11 12 1 0
1205 82 6 0 1
1206 68 4 1 0
1207 84 6 0 1
1208 45 30 -1 0
1209 36 18 1 0
1210 7 2 -1 0
1211 10 37 -1 0
1212 48 38 1 0
1213 83 36 1 0
1214 23 25 0 -1
1215 27 24 0 1
1216 61 29 0 1
1217 27 12 0 1
1218 55 0 1 0
1219 95 30 0 1
1220 18 4 -1 0
1221 99 29 1 0
1222 21 39 0 1
1223 2 34 0 1
1224 7 29 -1 0
1225 78 4 1 0
1226 79 4 0 1
1227 49 20 0 1
1228 77 21 0 -1
1229 18 23 1 0
1230 37 24 -1 0
1231 57 8 0 1
1232 45 2 0 -1
1233 0 23 0 -1
1234 91 32 0 -1
1235 92 21 0 -1
1236 60 7 1 0
1237 94 38 0 -1
1238 39 12 -1 0
1239 5 14 1 0
1240 96 21 0 1
1241 19 2 1 0
1242 47 24 0 -1
1243 90 5 1 0
1244 50 5 1 0
1245 66 23 0 -1
1246 40 31 -1 0
1247 95 11 -1 0
1248 44 26 0 -1
1249 47 4 0 1
1250 17 1 -1 0
1251 61 37 0 -1
1252 45 9 0 -1
1253 64 9 -1 0
1254 39 18 -1 0
1255 7 34 0 1
1256 41 11 1 0
1257 91 16 0 -1
1258 29 25 1 0
1259 35 24 -1 0
1260 16 5 0 -1
1261 25 6 -1 0
1262 50 3 0 -1
1263 46 13 0 1
1264 65 25 0 -1
1265 13 1 1 0
1266 49 15 1 0
1267 10 25 1 0
1268 99 28 1 0
1269 97 24 1 0
1270 29 16 1 0
1271 13 5 1 0
1272 64 10 0 1
1273 21 4 1 0
1274 87 6 -1 0
1275 46 0 0 -1
1276 16 8 0 1
1277 24 2 0 -1
1278 22 12 0 -1
1279 93 11 1 0
1280 51 3 1 0
1281 19 32 1 0
1282 59 24 0 -1
1283 9 15 -1 0
1284 45 29 1 0
1285 51 2 -1 0
1286 19 23 -1 0
1287 5 37 0 -1
1288 51 6 0 1
1289 84 36 -1 0
1290 54 8 0 -1
1291 22 15 0 1
1292 13 8 -1 0
1293 99 31 -1 0
1294 90 8 0 1
1295 8 20 1 0
1296 26 2 0 -1
1297 84 11 1 0
1298 52 2 -1 0
1299 25 23 0 -1
1300 58 17 1 0
1301 30 19 1 0
1302 39 22 0 -1
1303 17 18 -1 0
1304 7 18 1 0
1305 21 34 -1 0
1306 16 37 1 0
1307 54 39 -1 0
1308 94 1 1 0
1309 34 20 0 -1
1310 51 32 0 1
1311 66 18 -1 0
1312 86 7 0 1
1313 24 8 -1 0
1314 22 39 0 -1
1315 77 23 0 -1
1316 77 0 0 -1
1317 13 25 0 -1
1318 41 0 1 0
1319 61 23 0 1
1320 4 9 1 0
1321 94 35 1 0
1322 55 29 0 1
1323 6 24 1 0
1324 30 7 0 1
1325 93 12 0 -1
1326 25 32 -1 0
1327 93 22 0 1
1328 95 20 0 -1
1329 1 6 -1 0
1330 1 29 -1 0
1331 9 3 0 1
1332 80 27 -1 0
1333 15 20 0 1
1334 10 21 0 1
1335 12 1 0 1
1336 47 35 -1 0
1337 87 29 1 0
1338 42 10 0 -1
1339 36 21 1 0
1340 59 24 1 0
1341 66 14 1 0
1342 47 30 0 -1
1343 83 23 -1 0
1344 7 9 1 0
1345 38 27 1 0
1346 30 23 0 -1
1347 37 35 1 0
1348 18 11 0 -1
1349 25 3 0 1
1350 53 35 0 -1
1351 26 0 0 -1
1352 29 39 1 0
1353 98 14 1 0
1354 54 14 0 1
1355 97 1 0 1
1356 77 22 0 1
1357 74 14 -1 0
1358 80 30 0 -1
1359 44 13 1 0
1360 6 29 0 1
1361 41 30 0 -1
1362 7 14 0 1
1363 26 28 1 0
1364 37 23 1 0
1365 6 17 0 -1
1366 4 14 1 0
1367 6 11 -1 0
1368 65 15 0 1
1369 38 12 1 0
1370 1 39 -1 0
1371 85 5 0 1
1372 11 11 -1 0
1373 99 39 0 -1
1374 86 37 -1 0
1375 22 5 -1 0
1376 96 32 0 -1
1377 42 22 -1 0
1378 3 1 0 -1
1379 2 10 0 -1
1380 8 0 0 1
1381 77 9 0 1
1382 20 11 1 0
1383 74 1 -1 0
1384 79 33 0 -1
1385 17 11 0 1
1386 59 2 0 1
1387 38 25 -1 0
1388 42 37 1 0
1389 84 8 0 -1
1390 97 36 -1 0
1391 47 5 -1 0
1392 24 2 0 -1
1393 80 38 0 1
1394 7 39 1 0
1395 23 26 -1 0
1396 37 26 0 -1
1397 85 6 -1 0
1398 21 36 1 0
1399 40 8 0 -1
1400 97 1 0 -1
1401 3 32 -1 0
1402 27 26 -1 0
1403 26 29 0 -1
1404 16 7 0 1
1405 76 1 0 -1
1406 29 16 1 0
1407 25 28 0 1
1408 49 35 -1 0
1409 6 1 -1 0
1410 72 16 1 0
1411 40 32 0 1
1412 20 33 -1 0
1413 27 38 0 1
1414 39 31 -1 0
1415 71 2 0 1
1416 94 18 0 1
1417 61 34 0 1
1418 23 26 1 0
1419 56 13 1 0
1420 93 14 1 0
1421 22 35 0 -1
1422 6 38 0 1
1423 44 13 -1 0
1424 41 22 -1 0
1425 90 23 1 0
1426 98 17 1 0
1427 19 36 0 -1
1428 60 20 1 0
1429 84 4 0 -1
1430 23 36 0 1
1431 18 28 0 -1
1432 88 11 -1 0
1433 17 17 -1 0
1434 28 36 0 -1
1435 1 3 -1 0
1436 43 17 -1 0
1437 49 13 0 -1
1438 3 27 0 1
1439 10 22 0 1
1440 18 25 0 -1
1441 17 18 0 1
1442 62 35 1 0
1443 27 37 -1 0
1444 18 1 -1 0
1445 52 2 -1 0
1446 2 2 0 -1
1447 36 36 -1 0
1448 25 27 0 -1
1449 17 37 0 -1
1450 99 7 1 0
1451 0 1 1 0
1452 82 1 0 -1
1453 29 24 1 0
1454 22 13 -1 0
1455 4 26 0 -1
1456 60 10 -1 0
1457 55 21 0 1
1458 98 18 -1 0
1459 90 0 0 1
1460 28 16 1 0
1461 11 25 -1 0
1462 16 31 -1 0
1463 3 35 0 1
1464 22 27 0 -1
1465 60 26 0 -1
1466 45 6 0 1
1467 89 14 0 -1
1468 20 27 1 0
1469 40 8 -1 0
1470 47 39 1 0
1471 8 39 0 -1
1472 89 34 0 1
1473 97 19 0 -1
1474 96 5 0 1
1475 24 29 -1 0
1476 11 33 1 0
1477 13 29 0 -1
1478 12 31 -1 0
1479 93 4 1 0
1480 90 26 0 -1
1481 18 30 -1 0
1482 27 17 1 0
1483 82 14 0 1
1484 47 38 0 -1
1485 23 22 1 0
1486 21 28 -1 0
1487 22 2 0 -1
1488 35 1 0 1
1489 93 29 -1 0
1490 39 8 1 0
1491 25 12 0 -1
1492 20 16 -1 0
1493 77 11 1 0
1494 31 29 0 -1
1495 77 9 1 0
1496 99 4 0 -1
1497 18 35 0 -1
1498 12 8 -1 0
1499 25 9 0 -1
1500 50 35 0 -1
1501 60 2 0 -1
1502 78 11 0 1
1503 45 14 0 1
1504 44 35 0 1
1505 3 26 -1 0
1506 39 17 0 1
1507 49 19 1 0
1508 51 17 -1 0
1509 52 7 1 0
1510 96 24 0 -1
1511 93 36 1 0
1512 74 26 0 -1
1513 86 21 1 0
1514 40 19 0 1
1515 12 36 1 0
1516 67 30 0 -1
1517 82 33 -1 0
1518 25 38 -1 0
1519 70 29 0 -1
1520 4 32 1 0
1521 18 13 1 0
1522 10 6 -1 0
1523 92 34 1 0
1524 93 36 0 -1
1525 22 28 0 1
1526 36 34 0 1
1527 44 35 0 1
1528 42 33 -1 0
1529 99 10 0 1
1530 25 10 0 -1
1531 41 6 0 1
1532 80 8 0 -1
1533 15 28 0 -1
1534 0 19 0 1
1535 37 35 -1 0
1536 44 10 0 -1
1537 83 34 -1 0
1538 55 16 0 -1
1539 22 35 0 -1
1540 26 16 0 1
1541 15 7 0 1
1542 23 17 0 -1
1543 22 16 -1 0
1544 85 36 -1 0
1545 45 25 0 1
1546 64 19 1 0
1547 5 26 0 -1
1548 14 26 -1 0
1549 48 0 1 0
1550 75 28 0 -1
1551 21 33 1 0
1552 58 31 0 1
1553 85 13 -1 0
1554 52 15 0 -1
1555 26 2 0 -1
1556 23 6 0 -1
1557 43 11 0 1
1558 86 5 0 -1
1559 55 6 -1 0
1560 44 8 0 -1
1561 97 12 0 -1
1562 0 17 -1 0
1563 84 2 1 0
1564 38 27 1 0
1565 1 20 1 0
1566 26 15 -1 0
1567 63 30 -1 0
1568 14 13 0 1
1569 9 20 -1 0
1570 37 11 0 1
1571 95 32 0 -1
1572 51 9 0 1
1573 8 19 0 1
1574 75 3 0 1
1575 1 23 -1 0
1576 19 9 0 1
1577 28 24 1 0
1578 15 9 -1 0
1579 43 26 1 0
1580 65 1 1 0
1581 92 23 0 -1
1582 16 6 -1 0
1583 92 12 -1 0
1584 7 3 0 -1
1585 27 31 0 1
1586 43 26 0 1
1587 91 5 1 0
1588 21 7 1 0
1589 10 9 0 1
1590 13 31 -1 0
1591 54 32 -1 0
1592 57 24 -1 0
1593 71 4 -1 0
1594 85 32 1 0
1595 43 39 0 -1
1596 31 10 1 0
1597 74 23 0 -1
1598 59 32 1 0
1599 14 0 0 1
1600 40 14 0 1
1601 73 25 -1 0
1602 73 25 0 1
1603 29 22 1 0
1604 20 28 1 0
1605 4 7 -1 0
1606 14 22 1 0
1607 37 15 0 -1
1608 45 36 -1 0
1609 28 4 1 0
1610 36 31 0 1
1611 73 20 0 -1
1612 18 35 0 1
1613 45 25 0 -1
1614 85 11 0 -1
1615 78 7 0 1
1616 49 9 0 1
1617 96 22 -1 0
1618 39 12 0 1
1619 83 13 -1 0
1620 92 22 1 0
1621 22 16 1 0
1622 3 12 1 0
1623 57 3 -1 0
1624 86 24 0 1
1625 41 10 0 -1
1626 60 5 0 1
1627 14 34 -1 0
1628 67 33 1 0
1629 21 2 1 0
1630 52 25 1 0
1631 56 0 0 1
1632 8 20 0 1
1633 5 17 1 0
1634 65 9 0 -1
1635 98 1 -1 0
1636 65 30 0 1
1637 97 2 0 -1
1638 99 14 0 1
1639 73 14 -1 0
1640 23 28 1 0
1641 25 19 1 0
1642 14 19 0 -1
1643 98 26 0 1
1644 49 13 -1 0
1645 22 38 -1 0
1646 49 34 0 1
1647 84 1 -1 0
1648 41 14 -1 0
1649 72 30 0 -1
1650 12 13 0 1
1651 43 8 -1 0
1652 40 31 1 0
1653 25 25 0 1
1654 16 28 0 1
1655 57 26 0 1
1656 66 30 -1 0
1657 55 13 0 1
1658 26 39 0 1
1659 96 13 -1 0
1660 31 26 0 1
1661 73 20 -1 0
1662 39 31 0 -1
1663 11 24 0 -1
1664 14 8 0 -1
1665 24 9 0 -1
1666 2 29 0 -1
1667 76 26 0 -1
1668 92 38 1 0
1669 24 12 1 0
1670 49 14 1 0
1671 94 17 0 1
1672 68 29 -1 0
1673 65 29 0 1
1674 75 35 0 1
1675 17 37 -1 0
1676 48 34 0 -1
1677 42 29 -1 0
1678 74 10 1 0
1679 65 8 0 -1
1680 7 33 0 -1
1681 21 11 1 0
1682 84 16 0 1
1683 0 9 -1 0
1684 16 14 0 1
1685 13 15 0 1
1686 64 21 -1 0
1687 57 0 0 1
1688 96 16 -1 0
1689 23 31 0 1
1690 96 3 1 0
1691 40 24 -1 0
1692 54 1 1 0
1693 91 1 1 0
1694 85 33 0 -1
1695 60 28 0 -1
1696 37 36 -1 0
1697 21 0 1 0
1698 47 36 0 1
1699 57 28 0 -1
1700 91 3 -1 0
1701 49 25 -1 0
1702 97 24 1 0
1703 24 30 1 0
1704 62 35 0 -1
1705 89 28 0 1
1706 20 18 0 1
1707 62 27 -1 0
1708 82 21 -1 0
1709 40 0 0 -1
1710 63 13 0 1
1711 45 10 -1 0
1712 45 27 0 1
1713 44 0 0 -1
1714 3 31 -1 0
1715 31 32 1 0
1716 55 17 -1 0
1717 43 3 0 -1
1718 13 33 0 1
1719 44 38 -1 0
1720 15 36 0 -1
1721 11 39 1 0
1722 53 7 0 1
1723 87 21 1 0
1724 82 12 1 0
1725 47 36 0 -1
1726 77 12 -1 0
1727 42 23 0 -1
1728 7 14 -1 0
1729 15 35 -1 0
1730 18 0 1 0
1731 51 27 0 1
1732 60 27 0 1
1733 55 38 -1 0
1734 40 33 -1 0
1735 64 15 0 -1
1736 41 17 0 -1
1737 16 2 0 1
1738 40 22 0 1
1739 25 7 -1 0
1740 7 32 1 0
1741 95 34 1 0
1742 11 21 1 0
1743 26 10 0 1
1744 7 26 0 -1
1745 82 21 -1 0
1746 89 10 0 1
1747 24 10 0 1
1748 53 1 1 0
1749 48 21 0 1
1750 21 6 0 1
1751 15 18 1 0
1752 10 24 0 -1
1753 51 35 0 -1
1754 21 32 0 -1
1755 17 22 0 -1
1756 27 29 1 0
1757 53 24 -1 0
1758 83 19 0 1
1759 92 21 -1 0
1760 4 35 0 1
1761 53 2 -1 0
1762 45 11 1 0
1763 19 4 1 0
1764 3 37 1 0
1765 79 0 1 0
1766 0 24 -1 0
1767 45 18 1 0
1768 21 27 -1 0
1769 41 12 1 0
1770 46 18 1 0
1771 51 30 0 -1
1772 55 34 1 0
1773 53 17 -1 0
1774 38 26 1 0
1775 13 23 -1 0
1776 40 26 1 0
1777 52 1 0 -1
1778 40 22 -1 0
1779 28 34 1 0
1780 72 22 -1 0
1781 89 14 0 -1
1782 41 37 -1 0
1783 22 25 0 -1
1784 15 36 0 1
1785 56 32 0 -1
1786 27 36 1 0
1787 54 5 0 -1
1788 41 33 1 0
1789 18 30 1 0
1790 49 4 1 0
1791 44 35 1 0
1792 18 17 0 1
1793 71 34 1 0
1794 36 17 0 -1
1795 49 31 0 1
1796 25 30 -1 0
1797 10 9 0 1
1798 95 8 1 0
1799 93 32 1 0
1800 9 24 0 1
1801 18 15 1 0
1802 88 6 0 -1
1803 80 37 -1 0
1804 49 10 1 0
1805 87 27 1 0
1806 82 6 0 -1
1807 31 7 0 1
1808 28 33 0 -1
1809 30 37 1 0
1810 41 36 0 1
1811 62 30 1 0
1812 20 6 0 -1
1813 3 5 1 0
1814 25 34 0 1
1815 85 8 0 -1
1816 29 6 1 0
1817 89 11 0 1
1818 17 0 0 1
1819 6 19 0 1
1820 9 7 0 -1
1821 7 36 0 1
1822 0 26 0 -1
1823 3 27 0 -1
1824 50 30 0 -1
1825 91 26 1 0
1826 59 27 0 -1
1827 65 15 0 -1
1828 94 17 -1 0
1829 96 37 1 0
1830 10 35 -1 0
1831 85 25 1 0
1832 14 27 -1 0
1833 69 21 1 0
1834 4 20 1 0
1835 45 35 -1 0
1836 58 38 -1 0
1837 45 38 0 1
1838 77 13 1 0
1839 86 26 0 1
1840 20 5 1 0
1841 52 6 0 -1
1842 89 32 0 -1
1843 89 3 -1 0
1844 24 3 1 0
1845 20 28 0 1
1846 44 22 -1 0
1847 51 32 0 1
1848 28 13 -1 0
1849 22 15 1 0
1850 88 25 1 0
1851 47 7 -1 0
1852 97 6 1 0
1853 24 4 0 -1
1854 22 20 1 0
1855 30 17 0 1
1856 24 34 0 -1
1857 74 20 1 0
1858 41 2 1 0
1859 54 12 0 -1
1860 81 19 -1 0
1861 9 36 -1 0
1862 63 31 0 -1
1863 36 38 0 -1
1864 52 26 0 1
1865 54 30 0 -1
1866 98 19 1 0
1867 23 18 -1 0
1868 15 27 1 0
1869 85 27 0 1
1870 52 9 1 0
1871 69 4 -1 0
1872 60 27 0 1
1873 94 6 0 -1
1874 23 3 0 -1
1875 24 35 1 0
1876 96 33 -1 0
1877 80 38 -1 0
1878 34 1 -1 0
1879 98 26 1 0
1880 83 4 0 1
1881 98 6 1 0
1882 38 11 0 1
1883 97 4 1 0
1884 76 31 0 1
1885 49 3 0 1
1886 91 36 1 0
1887 94 22 -1 0
1888 50 25 -1 0
1889 27 37 0 1
1890 0 30 0 -1
1891 5 4 0 1
1892 46 3 0 1
1893 81 9 -1 0
1894 63 20 0 -1
1895 20 37 1 0
1896 48 19 0 1
1897 7 33 0 -1
1898 97 30 1 0
1899 45 25 1 0
1900 5 24 0 1
1901 45 23 0 1
1902 39 20 0 -1
1903 44 36 -1 0
1904 98 5 1 0
1905 64 27 0 1
1906 48 19 -1 0
1907 21 7 0 -1
1908 4 16 -1 0
1909 44 32 0 1
1910 40 9 0 -1
1911 21 0 0 -1
1912 42 9 1 0
1913 28 8 -1 0
1914 45 9 0 1
1915 21 4 -1 0
1916 89 34 1 0
1917 19 7 0 1
1918 29 34 0 1
1919 79 6 -1 0
1920 31 16 0 1
1921 20 7 1 0
1922 42 20 -1 0
1923 87 19 0 1
1924 51 31 0 1
1925 7 36 0 -1
1926 76 35 0 1
1927 92 20 0 -1
1928 22 37 -1 0
1929 9 3 1 0
1930 15 33 0 1
1931 20 13 -1 0
1932 74 18 1 0
1933 13 4 -1 0
1934 10 20 -1 0
1935 93 38 1 0
1936 14 9 0 1
1937 2 6 -1 0
1938 29 24 0 1
1939 65 6 0 -1
1940 28 12 1 0
1941 89 16 1 0
1942 19 20 -1 0
1943 80 23 0 -1
1944 88 18 0 1
1945 60 34 0 1
1946 15 35 1 0
1947 90 20 0 1
1948 60 30 0 1
1949 26 11 -1 0
1950 85 28 1 0
1951 8 24 1 0
1952 57 3 1 0
1953 42 4 1 0
1954 17 1 0 1
1955 88 24 -1 0
1956 83 16 1 0
1957 15 3 0 -1
1958 39 23 0 -1
1959 43 4 -1 0
1960 97 25 0 1
1961 24 0 0 1
1962 77 0 -1 0
1963 2 2 0 -1
1964 22 30 1 0
1965 27 11 0 -1
1966 52 37 -1 0
1967 15 7 1 0
1968 49 28 0 1
1969 83 13 0 1
1970 43 20 0 -1
1971 37 18 -1 0
1972 21 6 0 1
1973 82 5 -1 0
1974 14 24 -1 0
1975 97 16 0 1
1976 42 9 1 0
1977 62 17 0 1
1978 85 0 0 1
1979 90 7 -1 0
1980 37 15 1 0
1981 42 11 0 -1
1982 75 7 0 1
1983 69 38 -1 0
1984 35 19 0 1
1985 99 27 1 0
1986 22 15 -1 0
1987 71 39 -1 0
1988 98 17 0 -1
1989 0 12 1 0
1990 39 11 0 1
1991 42 30 0 -1
1992 50 7 0 1
1993 49 30 1 0
1994 98 39 1 0
1995 9 34 0 1
1996 50 39 -1 0
1997 68 20 -1 0
1998 42 9 1 0
1999 71 13 0 -1
