0 93 28 1 0
1 92 14 -1 0
2 41 30 -1 0
3 79 0 -1 0
4 39 36 0 -1
5 42 16 -1 0
6 52 4 0 -1
7 5 32 1 0
8 12 38 -1 0
9 39 34 1 0
10 62 34 -1 0
11 90 26 0 1
12 23 10 0 1
13 40 30 0 1
14 13 38 1 0
15 45 26 0 1
16 99 2 0 -1
17 52 37 0 1
18 18 39 1 0
19 24 14 0 1
20 66 2 -1 0
21 70 29 0 -1
22 43 33 1 0
23 23 33 0 -1
24 85 29 0 -1
25 80 33 1 0
26 85 31 0 -1
27 37 16 -1 0
28 26 24 -1 0
29 40 34 0 1
30 3 19 -1 0
31 50 2 -1 0
32 21 26 -1 0
33 10 30 0 -1
34 13 35 1 0
35 96 19 0 1
36 61 20 0 -1
37 41 34 -1 0
38 1 21 0 -1
39 94 0 -1 0
40 88 30 0 1
41 57 15 -1 0
42 25 23 1 0
43 19 28 0 1
44 16 12 1 0
45 27 2 0 1
46 87 5 0 1
47 99 8 0 1
48 25 17 0 -1
49 52 24 0 -1
50 46 13 1 0
51 3 10 1 0
52 20 0 0 -1
53 26 17 -1 0
54 27 2 1 0
55 42 38 0 -1
56 22 19 0 -1
57 68 27 0 1
58 86 22 0 -1
59 82 35 0 1
60 3 24 0 -1
61 42 33 -1 0
62 49 26 1 0
63 58 38 0 1
64 86 2 1 0
65 87 22 0 1
66 96 18 0 -1
67 43 12 0 -1
68 45 7 0 1
69 64 28 -1 0
70 92 12 -1 0
71 81 2 0 -1
72 54 13 -1 0
73 91 12 0 1
74 45 6 -1 0
75 42 38 1 0
76 46 24 0 -1
77 41 16 1 0
78 41 3 0 1
79 61 15 0 -1
80 98 31 0 -1
81 11 12 1 0
82 16 38 -1 0
83 52 8 1 0
84 30 21 0 -1
85 87 11 -1 0
86 0 36 0 1
87 46 37 -1 0
88 93 37 -1 0
89 68 28 0 1
90 5 10 0 -1
91 93 6 0 1
92 21 18 0 -1
93 17 10 0 1
94 82 0 0 1
95 42 18 0 -1
96 22 2 0 -1
97 79 4 0 -1
98 71 18 1 0
99 19 12 1 0
100 4 3 0 1
101 22 33 0 -1
102 2 1 1 0
103 72 34 1 0
104 15 13 -1 0
105 37 33 0 1
106 42 5 1 0
107 20 28 1 0
108 47 28 0 1
109 38 21 1 0
110 55 25 0 1
111 87 18 1 0
112 18 21 1 0
113 45 21 -1 0
114 74 12 1 0
115 4 12 1 0
116 75 10 -1 0
117 9 20 1 0
118 39 15 1 0
119 94 37 0 -1
120 36 4 0 -1
121 5 4 1 0
122 8 25 -1 0
123 50 10 1 0
124 27 16 1 0
125 68 38 1 0
126 87 33 -1 0
127 27 28 0 -1
128 52 4 0 -1
129 89 24 1 0
130 8 21 1 0
131 22 13 -1 0
132 41 27 0 -1
133 51 30 1 0
134 84 5 1 0
135 48 33 0 -1
136 90 13 0 -1
137 68 0 0 -1
138 16 11 0 1
139 48 22 -1 0
140 42 34 0 -1
141 61 24 0 -1
142 11 1 0 -1
143 89 34 0 1
144 85 29 0 -1
145 56 29 -1 0
146 25 2 1 0
147 38 37 0 -1
148 80 32 1 0
149 59 28 0 1
150 20 27 0 -1
151 99 13 1 0
152 54 22 0 1
153 89 13 -1 0
154 25 21 -1 0
155 3 30 1 0
156 45 39 -1 0
157 99 29 0 -1
158 93 21 -1 0
159 21 24 -1 0
160 88 18 -1 0
161 58 30 1 0
162 17 34 0 -1
163 98 16 -1 0
164 3 1 -1 0
165 71 11 0 1
166 48 35 0 1
167 29 26 -1 0
168 57 13 -1 0
169 43 27 -1 0
170 28 11 -1 0
171 37 25 0 1
172 90 30 -1 0
173 60 12 0 -1
174 83 3 0 -1
175 79 0 -1 0
176 46 35 -1 0
177 61 23 0 1
178 29 34 0 -1
179 50 30 0 1
180 84 19 -1 0
181 65 22 -1 0
182 16 20 1 0
183 94 32 0 -1
184 88 9 0 1
185 97 33 -1 0
186 14 5 -1 0
187 4 37 0 1
188 84 11 1 0
189 49 21 0 1
190 65 33 0 1
191 92 10 0 1
192 53 39 0 -1
193 69 4 0 1
194 38 1 -1 0
195 22 9 -1 0
196 0 7 0 1
197 47 0 0 1
198 8 14 1 0
199 70 5 0 1
200 99 30 -1 0
201 7 11 0 -1
202 25 33 1 0
203 16 20 0 1
204 24 0 -1 0
205 11 2 1 0
206 17 5 0 -1
207 5 34 1 0
208 3 9 0 -1
209 99 8 0 -1
210 19 3 0 1
211 55 19 1 0
212 62 0 0 -1
213 41 21 0 -1
214 8 22 0 1
215 20 19 0 1
216 46 31 -1 0
217 6 17 -1 0
218 31 27 0 -1
219 73 14 0 1
220 28 8 0 -1
221 38 31 0 -1
222 37 16 0 -1
223 19 4 -1 0
224 91 35 0 1
225 83 32 1 0
226 68 6 1 0
227 59 35 0 -1
228 83 30 1 0
229 23 11 0 1
230 57 22 -1 0
231 23 16 -1 0
232 39 13 0 -1
233 14 31 1 0
234 24 7 1 0
235 42 31 0 1
236 36 23 1 0
237 25 10 1 0
238 73 14 1 0
239 53 19 -1 0
240 60 38 -1 0
241 50 32 -1 0
242 62 3 -1 0
243 43 2 0 -1
244 15 26 0 -1
245 38 33 -1 0
246 47 12 0 1
247 52 10 1 0
248 85 27 -1 0
249 97 35 0 1
250 6 31 0 -1
251 1 17 0 1
252 81 22 0 1
253 29 0 0 -1
254 42 28 0 1
255 38 36 1 0
256 81 36 -1 0
257 13 28 -1 0
258 55 27 -1 0
259 2 10 -1 0
260 16 0 0 -1
261 95 32 -1 0
262 4 20 1 0
263 82 1 -1 0
264 18 38 0 1
265 5 13 0 1
266 99 9 1 0
267 80 0 1 0
268 1 24 0 1
269 6 2 -1 0
270 18 21 1 0
271 0 2 0 -1
272 44 11 -1 0
273 15 21 1 0
274 32 2 -1 0
275 13 19 0 1
276 10 21 -1 0
277 4 11 -1 0
278 72 5 0 1
279 86 5 -1 0
280 67 18 0 -1
281 73 3 1 0
282 18 11 0 -1
283 88 11 -1 0
284 87 14 1 0
285 62 34 0 1
286 8 35 -1 0
287 75 20 -1 0
288 31 3 1 0
289 95 30 -1 0
290 76 16 0 1
291 23 27 -1 0
292 1 34 1 0
293 10 37 -1 0
294 15 10 1 0
295 39 16 0 -1
296 52 30 -1 0
297 50 7 0 -1
298 75 5 0 1
299 88 21 0 1
300 91 21 0 -1
301 50 22 -1 0
302 13 34 -1 0
303 16 19 0 -1
304 20 36 0 -1
305 85 38 -1 0
306 3 38 0 -1
307 51 27 -1 0
308 79 25 1 0
309 28 26 0 1
310 58 34 0 1
311 23 36 0 1
312 14 13 0 -1
313 29 5 0 -1
314 72 27 1 0
315 52 28 -1 0
316 46 36 0 -1
317 62 31 0 1
318 89 3 -1 0
319 82 36 -1 0
320 36 32 0 1
321 47 21 1 0
322 54 21 -1 0
323 54 36 1 0
324 87 9 0 -1
325 80 17 0 1
326 23 8 0 -1
327 81 19 0 -1
328 45 11 0 1
329 23 26 1 0
330 48 35 1 0
331 88 8 0 -1
332 9 32 -1 0
333 25 10 1 0
334 22 3 -1 0
335 0 35 0 -1
336 12 29 0 1
337 80 19 0 1
338 18 33 1 0
339 58 3 0 -1
340 57 22 1 0
341 77 37 0 1
342 20 2 0 1
343 76 36 -1 0
344 19 29 -1 0
345 44 36 -1 0
346 85 33 0 -1
347 17 27 0 -1
348 5 0 1 0
349 23 30 0 1
350 82 0 0 -1
351 84 13 -1 0
352 66 14 -1 0
353 42 24 0 -1
354 29 8 0 1
355 1 16 -1 0
356 47 28 0 -1
357 89 6 0 -1
358 42 5 0 -1
359 85 17 -1 0
360 28 4 1 0
361 39 34 -1 0
362 98 38 1 0
363 49 7 0 -1
364 75 19 0 -1
365 62 34 0 1
366 92 38 1 0
367 5 17 0 -1
368 99 7 1 0
369 14 20 0 1
370 21 36 0 -1
371 40 35 0 -1
372 14 22 0 -1
373 53 8 0 1
374 75 29 0 1
375 40 13 1 0
376 65 19 0 -1
377 63 27 0 -1
378 23 12 0 1
379 6 26 1 0
380 44 4 0 1
381 26 16 0 -1
382 11 32 -1 0
383 15 18 1 0
384 36 34 -1 0
385 87 18 0 1
386 51 25 -1 0
387 88 15 0 1
388 25 8 0 1
389 85 19 0 -1
390 12 0 1 0
391 13 17 0 -1
392 79 4 -1 0
393 26 22 -1 0
394 21 31 0 1
395 39 0 1 0
396 70 5 0 1
397 57 5 0 -1
398 77 31 0 -1
399 45 21 0 1
400 22 12 0 1
401 38 32 0 -1
402 87 11 0 1
403 84 25 -1 0
404 97 18 1 0
405 4 10 0 -1
406 41 18 -1 0
407 24 17 0 1
408 20 30 0 -1
409 37 18 0 1
410 41 7 1 0
411 80 17 -1 0
412 87 18 0 -1
413 35 24 0 -1
414 28 38 0 -1
415 38 38 1 0
416 47 34 0 -1
417 58 3 0 -1
418 15 35 0 1
419 90 9 0 1
420 48 15 1 0
421 84 0 -1 0
422 20 28 0 -1
423 85 7 0 -1
424 0 1 0 1
425 38 30 0 -1
426 54 16 1 0
427 43 24 0 -1
428 19 36 0 1
429 14 7 0 -1
430 85 21 -1 0
431 68 20 1 0
432 95 11 0 1
433 28 14 0 -1
434 58 35 0 -1
435 46 8 0 1
436 24 19 -1 0
437 20 29 0 -1
438 26 38 0 -1
439 47 37 -1 0
440 59 11 1 0
441 78 34 0 1
442 25 28 -1 0
443 3 4 0 -1
444 6 38 0 -1
445 11 39 0 1
446 93 28 0 1
447 89 35 0 1
448 97 15 0 1
449 11 1 0 -1
450 38 32 0 -1
451 22 37 0 1
452 11 18 -1 0
453 42 2 1 0
454 26 27 -1 0
455 52 20 0 1
456 40 9 0 -1
457 82 10 -1 0
458 26 1 0 1
459 88 9 0 1
460 23 1 0 -1
461 1 20 -1 0
462 93 33 1 0
463 86 16 0 -1
464 26 30 0 -1
465 8 36 0 1
466 90 24 1 0
467 27 3 0 -1
468 82 4 0 1
469 91 3 0 -1
470 85 19 1 0
471 6 34 0 -1
472 27 4 -1 0
473 15 37 1 0
474 90 22 -1 0
475 25 12 -1 0
476 76 35 1 0
477 82 35 0 -1
478 59 17 1 0
479 26 32 0 1
480 74 27 0 -1
481 16 35 1 0
482 40 16 0 -1
483 60 33 -1 0
484 43 7 0 1
485 16 37 0 1
486 19 12 -1 0
487 60 12 0 1
488 87 21 1 0
489 78 7 0 -1
490 97 17 1 0
491 24 27 0 1
492 40 19 0 -1
493 72 23 1 0
494 60 25 0 -1
495 48 15 -1 0
496 69 18 0 -1
497 59 22 1 0
498 22 6 -1 0
499 89 4 1 0
500 3 33 1 0
501 36 22 0 -1
502 88 1 -1 0
503 88 27 0 1
504 20 34 0 -1
505 96 16 0 -1
506 3 29 0 -1
507 89 29 0 -1
508 52 4 -1 0
509 26 2 0 1
510 8 16 0 -1
511 43 25 1 0
512 66 31 0 -1
513 40 32 -1 0
514 59 8 1 0
515 87 3 -1 0
516 6 30 1 0
517 41 39 -1 0
518 10 30 -1 0
519 43 6 0 -1
520 28 25 -1 0
521 3 38 1 0
522 79 13 0 1
523 90 24 0 1
524 85 39 -1 0
525 60 39 0 1
526 26 14 0 1
527 77 35 -1 0
528 87 4 1 0
529 21 24 1 0
530 46 33 0 1
531 2 5 0 1
532 56 1 0 -1
533 31 13 -1 0
534 27 16 0 -1
535 62 14 0 -1
536 18 29 0 1
537 28 27 1 0
538 40 4 0 1
539 61 31 1 0
540 69 7 -1 0
541 42 14 0 1
542 90 34 1 0
543 65 14 0 -1
544 31 8 0 -1
545 47 9 0 1
546 93 38 0 1
547 0 6 1 0
548 19 16 -1 0
549 25 31 1 0
550 84 35 -1 0
551 56 8 -1 0
552 27 2 -1 0
553 98 2 0 -1
554 30 21 1 0
555 23 30 0 -1
556 44 22 1 0
557 60 32 1 0
558 24 21 -1 0
559 14 17 0 1
560 8 34 -1 0
561 78 21 0 -1
562 20 29 -1 0
563 27 33 1 0
564 7 30 -1 0
565 19 29 -1 0
566 0 7 0 -1
567 2 1 0 1
568 14 18 -1 0
569 28 21 1 0
570 13 0 1 0
571 16 1 1 0
572 97 5 1 0
573 19 6 0 1
574 83 7 0 -1
575 78 34 1 0
576 7 7 1 0
577 91 17 0 -1
578 96 19 -1 0
579 7 36 0 -1
580 84 30 0 1
581 24 5 1 0
582 18 2 0 1
583 87 34 0 1
584 55 39 0 1
585 42 36 1 0
586 69 20 0 1
587 18 7 0 -1
588 99 35 1 0
589 39 17 1 0
590 87 28 -1 0
591 37 15 0 1
592 92 24 1 0
593 40 25 -1 0
594 5 13 0 -1
595 22 20 0 1
596 0 21 0 1
597 44 7 1 0
598 94 20 -1 0
599 27 29 0 1
600 46 18 0 1
601 18 19 0 -1
602 28 4 0 -1
603 37 26 0 -1
604 66 2 -1 0
605 29 3 1 0
606 47 7 -1 0
607 20 35 0 -1
608 91 28 0 1
609 96 37 0 1
610 44 12 -1 0
611 91 22 0 -1
612 96 36 -1 0
613 81 35 0 1
614 18 10 0 -1
615 24 7 -1 0
616 23 25 0 -1
617 18 39 0 1
618 52 37 0 1
619 80 4 0 -1
620 70 4 -1 0
621 45 24 0 1
622 82 31 1 0
623 90 20 1 0
624 18 15 1 0
625 58 4 0 1
626 10 16 -1 0
627 93 22 0 1
628 18 24 0 1
629 40 30 1 0
630 59 19 0 -1
631 28 6 -1 0
632 26 0 1 0
633 97 13 1 0
634 18 5 0 -1
635 19 26 -1 0
636 8 0 0 1
637 99 20 1 0
638 16 12 1 0
639 15 18 1 0
640 37 18 1 0
641 0 39 0 1
642 51 30 0 -1
643 19 25 1 0
644 8 36 0 1
645 17 25 0 1
646 4 7 1 0
647 61 32 -1 0
648 46 30 0 -1
649 5 0 0 1
650 63 18 -1 0
651 37 38 0 -1
652 0 39 -1 0
653 19 28 0 1
654 87 32 0 1
655 44 10 0 1
656 22 30 0 1
657 89 34 -1 0
658 17 1 0 1
659 63 38 1 0
660 0 36 0 1
661 94 19 0 1
662 47 26 -1 0
663 13 2 0 -1
664 25 5 1 0
665 11 28 1 0
666 32 7 -1 0
667 82 25 1 0
668 3 27 -1 0
669 36 38 -1 0
670 23 2 0 1
671 23 1 0 1
672 73 27 1 0
673 75 38 1 0
674 20 21 -1 0
675 12 9 1 0
676 21 5 1 0
677 36 37 1 0
678 90 6 0 -1
679 15 20 1 0
680 13 24 1 0
681 8 25 1 0
682 94 19 0 -1
683 5 14 0 -1
684 53 37 -1 0
685 19 35 0 -1
686 30 6 -1 0
687 20 3 -1 0
688 23 10 1 0
689 25 0 -1 0
690 42 33 -1 0
691 45 28 0 -1
692 56 30 0 -1
693 1 33 0 1
694 0 8 -1 0
695 21 18 0 1
696 66 18 1 0
697 50 30 1 0
698 47 15 0 -1
699 38 12 0 1
700 36 19 -1 0
701 46 4 -1 0
702 73 2 0 -1
703 24 5 0 -1
704 88 13 -1 0
705 42 30 1 0
706 68 32 -1 0
707 29 36 -1 0
708 45 32 -1 0
709 13 24 -1 0
710 50 28 -1 0
711 94 12 0 1
712 20 3 1 0
713 13 21 0 1
714 44 34 0 1
715 67 20 1 0
716 96 5 0 1
717 27 23 0 1
718 90 27 0 -1
719 14 5 0 1
720 10 29 0 -1
721 29 0 -1 0
722 55 17 0 1
723 81 3 1 0
724 41 21 -1 0
725 86 4 -1 0
726 36 2 0 1
727 16 30 0 1
728 61 21 1 0
729 57 1 -1 0
730 83 20 0 1
731 50 24 1 0
732 2 29 0 1
733 90 17 -1 0
734 79 25 -1 0
735 13 14 0 -1
736 22 7 1 0
737 49 17 0 1
738 42 20 -1 0
739 23 4 1 0
740 9 30 1 0
741 95 25 1 0
742 48 3 1 0
743 6 36 1 0
744 41 20 -1 0
745 12 2 0 1
746 13 13 1 0
747 17 2 1 0
748 15 39 -1 0
749 96 28 0 1
750 54 20 0 -1
751 90 21 0 -1
752 5 3 0 -1
753 88 35 0 1
754 45 1 0 -1
755 75 23 1 0
756 28 9 1 0
757 92 7 0 -1
758 74 17 -1 0
759 41 38 -1 0
760 99 38 0 -1
761 37 29 -1 0
762 29 5 -1 0
763 67 2 -1 0
764 12 6 0 -1
765 88 4 0 -1
766 42 26 1 0
767 81 8 -1 0
768 43 13 0 1
769 7 34 -1 0
770 6 4 1 0
771 11 32 -1 0
772 4 10 0 -1
773 45 11 0 -1
774 22 18 0 -1
775 40 2 0 -1
776 47 34 -1 0
777 41 27 -1 0
778 42 20 -1 0
779 86 28 0 1
780 41 13 0 -1
781 42 26 -1 0
782 77 11 0 1
783 70 3 0 -1
784 69 19 1 0
785 16 23 0 -1
786 49 2 0 -1
787 57 28 0 -1
788 51 34 0 -1
789 62 38 1 0
790 79 39 -1 0
791 87 35 -1 0
792 41 19 1 0
793 86 24 1 0
794 20 12 -1 0
795 52 31 0 -1
796 63 27 0 1
797 29 22 1 0
798 8 27 1 0
799 52 2 0 1
800 8 37 0 1
801 21 25 -1 0
802 21 16 -1 0
803 2 31 -1 0
804 78 21 0 1
805 13 28 0 -1
806 96 14 0 -1
807 82 17 -1 0
808 63 3 0 1
809 23 32 0 1
810 47 6 1 0
811 15 28 0 -1
812 22 10 0 -1
813 39 10 1 0
814 21 6 -1 0
815 15 29 0 1
816 24 14 1 0
817 86 20 0 -1
818 65 37 1 0
819 73 36 0 1
820 49 11 0 -1
821 29 38 1 0
822 42 12 0 1
823 44 6 -1 0
824 41 31 -1 0
825 43 29 0 1
826 97 20 1 0
827 44 38 0 1
828 82 26 0 1
829 46 9 0 -1
830 60 11 1 0
831 43 27 0 1
832 38 2 -1 0
833 74 8 0 -1
834 19 10 0 1
835 18 4 0 1
836 7 38 1 0
837 23 17 0 -1
838 13 7 0 1
839 20 22 0 1
840 25 26 -1 0
841 47 12 -1 0
842 71 5 1 0
843 37 36 1 0
844 83 33 0 1
845 39 35 0 -1
846 4 1 0 1
847 45 37 0 -1
848 42 30 0 1
849 45 36 0 1
850 18 8 0 -1
851 96 31 1 0
852 23 5 1 0
853 35 1 1 0
854 48 4 0 1
855 91 15 1 0
856 62 39 -1 0
857 78 21 0 -1
858 70 18 0 1
859 28 14 1 0
860 98 28 -1 0
861 51 15 1 0
862 39 2 -1 0
863 37 11 0 1
864 41 23 -1 0
865 99 7 0 -1
866 93 33 1 0
867 25 38 -1 0
868 90 39 -1 0
869 38 30 0 1
870 21 27 1 0
871 46 6 -1 0
872 73 20 0 -1
873 87 14 0 -1
874 26 39 1 0
875 87 17 0 1
876 39 3 0 -1
877 98 1 1 0
878 54 36 -1 0
879 87 34 -1 0
880 4 3 0 1
881 45 39 1 0
882 99 15 0 -1
883 47 10 0 -1
884 78 30 0 -1
885 80 10 1 0
886 41 15 -1 0
887 51 9 0 1
888 40 0 -1 0
889 61 13 0 1
890 94 19 -1 0
891 41 12 0 1
892 45 27 1 0
893 85 7 -1 0
894 7 16 0 1
895 90 12 0 1
896 65 32 -1 0
897 93 14 0 -1
898 20 24 0 1
899 40 31 0 -1
900 61 22 0 1
901 69 0 1 0
902 80 8 -1 0
903 81 24 0 -1
904 91 9 1 0
905 83 28 1 0
906 98 26 1 0
907 88 29 -1 0
908 67 19 0 1
909 88 26 0 -1
910 39 34 -1 0
911 44 8 1 0
912 52 6 0 -1
913 8 18 0 -1
914 38 13 1 0
915 57 11 1 0
916 2 8 -1 0
917 66 14 -1 0
918 40 3 0 1
919 0 26 1 0
920 22 18 0 1
921 27 19 -1 0
922 64 21 1 0
923 51 10 -1 0
924 4 0 1 0
925 99 3 0 -1
926 43 16 0 1
927 70 33 0 -1
928 75 11 -1 0
929 75 2 0 1
930 19 22 0 -1
931 46 26 -1 0
932 80 24 0 1
933 52 11 -1 0
934 0 8 -1 0
935 4 35 0 1
936 92 28 0 1
937 9 23 0 1
938 10 28 0 -1
939 34 32 0 -1
940 57 14 1 0
941 9 27 0 -1
942 42 16 0 -1
943 18 9 1 0
944 27 14 0 -1
945 19 1 1 0
946 25 21 -1 0
947 19 18 0 -1
948 12 21 0 1
949 41 21 1 0
950 42 0 -1 0
951 29 25 -1 0
952 24 11 -1 0
953 93 20 0 1
954 27 15 0 -1
955 29 9 -1 0
956 2 16 0 1
957 80 9 0 1
958 37 38 -1 0
959 89 22 0 -1
960 19 30 1 0
961 81 7 -1 0
962 12 5 -1 0
963 2 36 0 1
964 41 32 1 0
965 63 13 1 0
966 36 11 0 1
967 52 39 0 1
968 11 29 -1 0
969 54 15 -1 0
970 4 1 -1 0
971 80 32 0 1
972 53 4 0 -1
973 12 7 1 0
974 24 1 1 0
975 79 14 1 0
976 57 19 -1 0
977 22 34 0 1
978 24 22 1 0
979 27 20 -1 0
980 28 6 0 -1
981 88 33 0 1
982 25 8 1 0
983 76 35 1 0
984 82 14 1 0
985 72 18 0 1
986 75 32 0 1
987 44 8 1 0
988 97 10 -1 0
989 22 13 -1 0
990 12 7 1 0
991 87 8 0 1
992 7 34 0 1
993 6 33 0 -1
994 42 32 0 1
995 16 14 -1 0
996 20 7 -1 0
997 68 11 0 -1
998 39 11 1 0
999 6 22 0 -1
1000 41 14 1 0
1001 79 18 0 -1
1002 66 5 1 0
1003 2 26 0 1
1004 67 30 1 0
1005 44 5 1 0
1006 79 1 0 -1
1007 35 9 -1 0
1008 11 29 1 0
1009 13 6 -1 0
1010 60 4 1 0
1011 5 2 0 1
1012 38 8 0 -1
1013 27 35 -1 0
1014 44 26 1 0
1015 66 39 0 -1
1016 48 39 0 1
1017 76 37 0 -1
1018 67 36 1 0
1019 25 27 0 1
1020 57 24 0 1
1021 30 5 0 1
1022 37 5 -1 0
1023 22 11 1 0
1024 9 39 0 1
1025 18 10 0 -1
1026 72 4 0 -1
1027 45 37 -1 0
1028 46 3 -1 0
1029 29 20 -1 0
1030 27 13 -1 0
1031 29 28 -1 0
1032 55 31 0 1
1033 26 26 -1 0
1034 63 35 -1 0
1035 44 3 -1 0
1036 3 17 -1 0
1037 90 28 1 0
1038 74 7 0 -1
1039 8 7 1 0
1040 18 17 0 -1
1041 58 27 0 -1
1042 37 29 1 0
1043 51 19 0 -1
1044 12 9 1 0
1045 28 0 -1 0
1046 7 24 -1 0
1047 31 22 -1 0
1048 17 15 0 -1
1049 26 27 0 1
1050 15 4 0 -1
1051 16 32 0 -1
1052 96 34 -1 0
1053 29 17 -1 0
1054 39 36 1 0
1055 60 37 -1 0
1056 74 12 -1 0
1057 81 34 -1 0
1058 60 12 0 1
1059 28 8 1 0
1060 13 10 0 -1
1061 22 34 0 -1
1062 29 3 0 -1
1063 28 23 0 1
1064 81 14 0 -1
1065 20 37 1 0
1066 46 13 0 -1
1067 58 7 0 1
1068 45 35 1 0
1069 23 19 1 0
1070 44 36 0 -1
1071 90 23 1 0
1072 4 0 1 0
1073 69 34 -1 0
1074 38 0 0 -1
1075 66 4 -1 0
1076 61 9 0 1
1077 38 27 1 0
1078 21 36 0 1
1079 27 21 0 -1
1080 8 31 0 -1
1081 60 34 1 0
1082 69 24 0 1
1083 24 16 0 -1
1084 94 2 0 1
1085 98 38 0 1
1086 46 17 -1 0
1087 72 35 0 1
1088 18 7 0 1
1089 46 18 0 1
1090 37 17 1 0
1091 28 34 0 1
1092 36 30 0 1
1093 74 22 1 0
1094 25 26 0 1
1095 93 12 0 -1
1096 28 11 1 0
1097 17 12 1 0
1098 81 16 -1 0
1099 65 24 -1 0
1100 30 10 0 1
1101 7 10 0 1
1102 90 38 0 1
1103 55 2 0 1
1104 70 13 0 1
1105 81 24 0 -1
1106 28 36 0 1
1107 18 38 1 0
1108 58 1 0 -1
1109 81 22 1 0
1110 65 35 0 1
1111 67 9 1 0
1112 21 3 0 -1
1113 70 0 0 1
1114 48 21 0 1
1115 43 18 1 0
1116 61 17 0 -1
1117 65 21 -1 0
1118 66 8 0 -1
1119 0 33 0 1
1120 15 6 -1 0
1121 43 35 0 -1
1122 96 1 -1 0
1123 43 5 0 -1
1124 16 33 -1 0
1125 84 27 0 1
1126 21 9 0 -1
1127 25 0 0 -1
1128 15 15 1 0
1129 17 14 1 0
1130 44 5 0 -1
1131 0 35 0 -1
1132 81 34 1 0
1133 29 6 1 0
1134 42 16 0 -1
1135 35 7 1 0
1136 37 0 0 -1
1137 51 32 0 -1
1138 14 32 -1 0
1139 55 0 0 -1
1140 11 6 -1 0
1141 8 2 1 0
1142 49 20 -1 0
1143 46 38 0 1
1144 97 27 1 0
1145 5 1 -1 0
1146 66 11 0 1
1147 10 31 1 0
1148 47 37 -1 0
1149 22 11 -1 0
1150 65 1 0 1
1151 19 7 1 0
1152 28 34 0 1
1153 21 15 -1 0
1154 15 10 1 0
1155 21 37 1 0
1156 31 29 0 -1
1157 68 36 0 1
1158 46 10 0 1
1159 74 8 1 0
1160 95 38 0 1
1161 23 37 0 -1
1162 28 21 -1 0
1163 99 6 0 1
1164 74 5 0 -1
1165 2 11 0 -1
1166 13 20 1 0
1167 98 13 -1 0
1168 95 32 1 0
1169 1 38 0 1
1170 4 4 1 0
1171 27 37 0 1
1172 21 21 0 -1
1173 37 3 0 -1
1174 20 6 0 1
1175 17 10 0 1
1176 56 38 -1 0
1177 45 10 0 -1
1178 62 35 0 -1
1179 72 21 0 1
1180 58 21 0 1
1181 86 16 0 1
1182 23 8 1 0
1183 59 18 1 0
1184 97 25 0 -1
1185 64 21 1 0
1186 24 0 0 1
1187 10 33 0 -1
1188 40 19 0 1
1189 46 28 0 -1
1190 55 33 -1 0
1191 40 33 -1 0
1192 81 7 0 -1
1193 46 2 1 0
1194 68 38 1 0
1195 19 36 0 -1
1196 79 0 0 1
1197 10 37 -1 0
1198 89 17 1 0
1199 28 14 0 1
1200 3 7 0 1
1201 62 25 0 -1
1202 38 31 -1 0
1203 29 3 1 0
1204 20 39 -1 0
1205 65 3 -1 0
1206 41 22 -1 0
1207 83 21 0 1
1208 42 29 1 0
1209 36 34 1 0
1210 14 27 0 1
1211 18 11 0 -1
1212 42 6 0 -1
1213 95 17 1 0
1214 18 30 0 1
1215 22 32 0 -1
1216 64 1 1 0
1217 26 26 0 -1
1218 51 11 0 1
1219 7 12 0 1
1220 16 0 0 -1
1221 17 19 1 0
1222 27 7 0 -1
1223 19 13 -1 0
1224 7 34 0 1
1225 85 25 0 -1
1226 86 38 1 0
1227 63 10 0 1
1228 50 10 -1 0
1229 20 16 0 1
1230 42 6 0 -1
1231 40 0 -1 0
1232 40 6 -1 0
1233 12 12 1 0
1234 83 34 1 0
1235 74 0 -1 0
1236 53 27 0 1
1237 20 13 1 0
1238 40 32 0 1
1239 67 2 1 0
1240 74 19 1 0
1241 9 10 1 0
1242 85 2 0 1
1243 97 6 0 -1
1244 50 10 0 1
1245 46 21 1 0
1246 36 22 -1 0
1247 94 0 0 1
1248 65 32 0 1
1249 50 28 0 1
1250 25 36 0 -1
1251 71 19 1 0
1252 49 23 0 -1
1253 40 2 -1 0
1254 45 39 -1 0
1255 11 23 0 -1
1256 39 20 0 1
1257 94 23 1 0
1258 28 9 1 0
1259 35 14 1 0
1260 95 31 0 -1
1261 28 18 -1 0
1262 73 16 -1 0
1263 45 21 0 1
1264 46 3 1 0
1265 22 10 0 1
1266 56 23 0 1
1267 18 21 -1 0
1268 95 6 -1 0
1269 8 14 1 0
1270 18 4 0 1
1271 18 20 0 1
1272 45 27 -1 0
1273 97 3 1 0
1274 10 0 -1 0
1275 45 14 -1 0
1276 12 31 1 0
1277 25 30 -1 0
1278 23 1 0 1
1279 11 20 0 -1
1280 45 31 -1 0
1281 4 8 -1 0
1282 57 5 0 1
1283 10 19 0 -1
1284 45 36 0 1
1285 42 33 -1 0
1286 98 37 1 0
1287 28 25 0 -1
1288 67 1 0 -1
1289 51 2 1 0
1290 48 26 0 1
1291 24 4 0 1
1292 96 29 0 1
1293 98 7 0 -1
1294 93 1 0 1
1295 5 16 1 0
1296 27 23 0 -1
1297 92 33 -1 0
1298 46 22 -1 0
1299 19 22 1 0
1300 41 35 -1 0
1301 31 35 -1 0
1302 56 7 -1 0
1303 17 38 -1 0
1304 77 35 1 0
1305 22 14 0 -1
1306 8 2 -1 0
1307 55 6 0 -1
1308 60 32 0 1
1309 34 10 -1 0
1310 67 2 -1 0
1311 88 7 0 1
1312 40 34 0 1
1313 15 22 1 0
1314 21 17 0 -1
1315 4 12 0 1
1316 94 2 0 -1
1317 3 22 0 1
1318 39 39 1 0
1319 58 12 0 -1
1320 6 1 0 -1
1321 62 6 1 0
1322 60 28 0 -1
1323 24 1 0 -1
1324 30 27 0 -1
1325 97 39 -1 0
1326 25 31 -1 0
1327 83 14 1 0
1328 62 38 -1 0
1329 73 1 1 0
1330 80 13 1 0
1331 25 24 1 0
1332 14 6 -1 0
1333 90 22 0 1
1334 94 17 1 0
1335 27 25 0 -1
1336 46 31 1 0
1337 0 8 -1 0
1338 42 5 1 0
1339 36 24 0 -1
1340 76 29 0 1
1341 56 33 0 -1
1342 52 29 0 -1
1343 53 0 -1 0
1344 81 31 1 0
1345 40 17 0 1
1346 25 19 0 -1
1347 36 2 1 0
1348 4 17 -1 0
1349 26 38 0 -1
1350 42 11 -1 0
1351 24 24 0 -1
1352 24 26 -1 0
1353 99 13 1 0
1354 57 21 0 -1
1355 92 5 0 -1
1356 91 30 1 0
1357 74 36 0 -1
1358 73 10 0 -1
1359 41 13 0 -1
1360 17 14 1 0
1361 45 1 0 -1
1362 0 36 -1 0
1363 28 12 -1 0
1364 35 10 0 -1
1365 22 36 0 1
1366 27 20 0 -1
1367 4 1 -1 0
1368 44 9 0 -1
1369 52 39 -1 0
1370 7 22 0 -1
1371 99 8 -1 0
1372 11 39 0 -1
1373 97 17 0 1
1374 83 8 0 -1
1375 25 12 -1 0
1376 71 0 0 -1
1377 60 19 -1 0
1378 92 38 1 0
1379 56 14 -1 0
1380 11 13 -1 0
1381 80 32 -1 0
1382 24 14 0 -1
1383 87 22 0 -1
1384 85 31 -1 0
1385 12 30 -1 0
1386 61 37 -1 0
1387 44 23 0 -1
1388 55 32 1 0
1389 8 14 1 0
1390 2 15 -1 0
1391 54 21 1 0
1392 27 29 0 1
1393 64 15 0 1
1394 2 15 1 0
1395 27 18 -1 0
1396 40 21 -1 0
1397 43 37 0 1
1398 18 15 0 1
1399 36 12 0 -1
1400 10 39 1 0
1401 93 38 0 -1
1402 25 10 0 1
1403 23 8 1 0
1404 15 21 -1 0
1405 94 36 1 0
1406 28 26 1 0
1407 13 18 0 -1
1408 57 28 1 0
1409 95 12 1 0
1410 84 36 1 0
1411 73 34 -1 0
1412 23 2 0 -1
1413 18 16 0 1
1414 40 31 -1 0
1415 77 10 -1 0
1416 13 7 0 1
1417 76 30 1 0
1418 18 11 1 0
1419 60 29 1 0
1420 95 10 0 -1
1421 20 28 0 -1
1422 92 32 0 1
1423 72 36 -1 0
1424 46 23 0 1
1425 23 5 0 -1
1426 53 6 0 1
1427 21 4 -1 0
1428 72 29 0 1
1429 73 8 -1 0
1430 18 37 -1 0
1431 15 25 -1 0
1432 15 23 0 -1
1433 5 37 0 1
1434 18 31 0 1
1435 11 2 0 -1
1436 54 5 0 1
1437 70 34 1 0
1438 66 26 0 -1
1439 16 7 -1 0
1440 93 36 -1 0
1441 95 37 0 1
1442 70 7 -1 0
1443 29 7 1 0
1444 28 35 0 1
1445 80 30 0 -1
1446 84 33 0 -1
1447 42 36 0 -1
1448 18 20 -1 0
1449 16 36 1 0
1450 81 32 0 1
1451 72 6 -1 0
1452 3 35 -1 0
1453 28 29 0 1
1454 4 0 1 0
1455 97 26 1 0
1456 62 36 -1 0
1457 45 23 0 -1
1458 8 12 1 0
1459 99 7 0 1
1460 28 9 -1 0
1461 24 3 0 -1
1462 9 25 0 -1
1463 0 2 0 -1
1464 3 13 1 0
1465 52 29 0 -1
1466 53 9 0 -1
1467 24 37 0 1
1468 24 19 1 0
1469 42 27 1 0
1470 80 22 -1 0
1471 16 11 0 -1
1472 72 39 -1 0
1473 82 7 -1 0
1474 82 4 0 1
1475 26 21 0 -1
1476 95 37 -1 0
1477 14 34 -1 0
1478 24 21 -1 0
1479 14 25 -1 0
1480 84 9 0 1
1481 18 8 1 0
1482 19 4 -1 0
1483 52 18 1 0
1484 47 23 0 1
1485 28 27 0 1
1486 17 11 -1 0
1487 24 36 0 -1
1488 37 8 -1 0
1489 92 8 0 -1
1490 49 4 -1 0
1491 21 0 1 0
1492 5 0 0 1
1493 58 25 1 0
1494 28 20 0 1
1495 3 15 1 0
1496 61 12 0 1
1497 23 6 -1 0
1498 15 29 0 1
1499 20 10 0 -1
1500 49 19 0 1
1501 71 39 0 1
1502 1 25 -1 0
1503 59 22 0 1
1504 51 30 1 0
1505 13 27 0 -1
1506 48 8 0 -1
1507 40 39 1 0
1508 95 35 -1 0
1509 44 25 -1 0
1510 57 2 -1 0
1511 78 11 1 0
1512 93 29 0 -1
1513 94 12 1 0
1514 42 11 -1 0
1515 15 26 1 0
1516 83 2 0 1
1517 88 24 1 0
1518 26 31 1 0
1519 71 17 0 1
1520 7 20 1 0
1521 10 14 -1 0
1522 97 31 -1 0
1523 79 10 0 -1
1524 67 28 -1 0
1525 24 28 -1 0
1526 37 15 0 -1
1527 56 31 -1 0
1528 47 3 0 -1
1529 7 9 1 0
1530 22 15 0 -1
1531 38 31 -1 0
1532 91 0 1 0
1533 20 29 0 -1
1534 0 12 1 0
1535 38 25 -1 0
1536 41 5 0 -1
1537 8 21 0 -1
1538 43 24 0 1
1539 13 8 1 0
1540 27 27 -1 0
1541 96 8 0 -1
1542 13 1 0 -1
1543 15 19 0 -1
1544 81 36 -1 0
1545 41 26 1 0
1546 40 21 1 0
1547 22 18 -1 0
1548 9 21 0 -1
1549 71 37 1 0
1550 93 13 0 1
1551 12 27 0 -1
1552 60 25 -1 0
1553 5 32 0 -1
1554 51 36 1 0
1555 26 20 1 0
1556 24 35 1 0
1557 50 12 0 1
1558 0 26 1 0
1559 48 27 1 0
1560 37 23 0 1
1561 49 25 1 0
1562 16 2 0 1
1563 67 4 1 0
1564 44 24 1 0
1565 85 27 0 -1
1566 24 33 -1 0
1567 46 37 0 1
1568 1 12 0 -1
1569 93 15 0 1
1570 42 35 -1 0
1571 51 20 1 0
1572 95 20 -1 0
1573 13 6 0 -1
1574 75 26 -1 0
1575 11 24 -1 0
1576 23 5 1 0
1577 27 36 0 1
1578 20 16 0 1
1579 63 9 0 1
1580 46 38 0 -1
1581 86 38 0 -1
1582 90 25 0 -1
1583 62 2 -1 0
1584 90 30 1 0
1585 26 31 0 -1
1586 49 5 -1 0
1587 87 24 0 1
1588 13 20 1 0
1589 19 29 1 0
1590 24 12 0 -1
1591 85 18 0 1
1592 50 16 0 1
1593 5 14 0 -1
1594 85 3 0 1
1595 88 35 1 0
1596 31 25 0 1
1597 66 15 0 1
1598 74 5 -1 0
1599 10 2 -1 0
1600 49 21 1 0
1601 95 39 -1 0
1602 94 0 -1 0
1603 29 4 1 0
1604 24 15 0 -1
1605 96 37 0 -1
1606 4 13 -1 0
1607 39 13 1 0
1608 49 9 1 0
1609 23 10 -1 0
1610 35 16 -1 0
1611 57 2 -1 0
1612 17 5 1 0
1613 41 5 0 -1
1614 44 6 1 0
1615 64 23 1 0
1616 58 12 0 -1
1617 20 4 0 1
1618 36 28 1 0
1619 92 6 0 1
1620 84 23 0 -1
1621 23 9 0 -1
1622 11 4 -1 0
1623 51 18 0 -1
1624 68 10 0 1
1625 68 24 1 0
1626 42 7 -1 0
1627 17 13 0 1
1628 72 22 0 -1
1629 99 16 -1 0
1630 54 37 1 0
1631 85 2 -1 0
1632 3 10 1 0
1633 96 18 1 0
1634 92 22 0 1
1635 16 5 -1 0
1636 39 29 0 -1
1637 0 1 0 -1
1638 5 21 1 0
1639 13 29 -1 0
1640 25 39 1 0
1641 22 21 0 -1
1642 75 7 1 0
1643 1 25 0 -1
1644 65 37 1 0
1645 18 0 -1 0
1646 44 21 -1 0
1647 97 16 -1 0
1648 48 28 -1 0
1649 46 38 0 -1
1650 22 11 0 1
1651 72 25 0 1
1652 38 36 0 1
1653 26 38 1 0
1654 22 35 0 -1
1655 70 14 1 0
1656 86 4 0 -1
1657 67 15 0 1
1658 23 20 -1 0
1659 92 20 1 0
1660 29 32 1 0
1661 55 11 0 1
1662 40 35 1 0
1663 20 30 0 1
1664 12 22 -1 0
1665 28 4 -1 0
1666 99 24 -1 0
1667 58 37 -1 0
1668 83 38 -1 0
1669 22 31 0 -1
1670 97 36 1 0
1671 9 29 1 0
1672 74 3 0 -1
1673 71 36 -1 0
1674 91 22 0 1
1675 14 30 -1 0
1676 40 26 -1 0
1677 54 30 -1 0
1678 60 5 0 1
1679 65 21 -1 0
1680 73 14 1 0
1681 17 1 1 0
1682 68 11 -1 0
1683 92 6 0 1
1684 22 31 -1 0
1685 4 5 1 0
1686 0 3 0 1
1687 92 38 0 -1
1688 45 32 1 0
1689 19 7 0 1
1690 68 20 1 0
1691 38 29 0 -1
1692 46 26 0 1
1693 58 20 -1 0
1694 58 19 0 1
1695 82 34 -1 0
1696 36 14 -1 0
1697 29 30 0 1
1698 81 22 1 0
1699 55 32 0 -1
1700 71 22 0 -1
1701 40 10 0 -1
1702 66 13 1 0
1703 11 24 0 -1
1704 61 17 0 -1
1705 95 13 -1 0
1706 8 26 -1 0
1707 45 13 0 -1
1708 17 30 0 1
1709 48 8 1 0
1710 64 14 -1 0
1711 47 6 0 1
1712 48 24 1 0
1713 43 20 0 1
1714 64 18 0 1
1715 31 28 0 -1
1716 77 16 -1 0
1717 48 17 -1 0
1718 17 32 -1 0
1719 47 31 1 0
1720 99 33 0 1
1721 9 28 1 0
1722 54 34 0 -1
1723 84 13 0 1
1724 72 14 0 -1
1725 69 26 0 1
1726 5 37 0 -1
1727 45 15 -1 0
1728 9 26 1 0
1729 23 6 0 1
1730 10 35 0 -1
1731 84 11 -1 0
1732 69 37 -1 0
1733 61 6 1 0
1734 41 6 0 1
1735 48 23 1 0
1736 43 6 0 -1
1737 24 20 0 -1
1738 41 4 1 0
1739 26 3 0 -1
1740 97 0 0 -1
1741 95 3 0 -1
1742 21 30 -1 0
1743 27 27 -1 0
1744 88 19 1 0
1745 85 15 -1 0
1746 83 6 0 1
1747 14 34 0 -1
1748 80 25 -1 0
1749 40 34 -1 0
1750 26 7 1 0
1751 24 11 0 1
1752 9 6 0 -1
1753 48 23 0 -1
1754 24 37 -1 0
1755 96 14 -1 0
1756 28 11 0 1
1757 50 16 1 0
1758 77 15 1 0
1759 15 32 -1 0
1760 6 36 0 1
1761 44 28 -1 0
1762 44 17 -1 0
1763 24 33 1 0
1764 12 24 -1 0
1765 98 15 0 -1
1766 24 20 -1 0
1767 47 2 -1 0
1768 28 39 -1 0
1769 51 32 0 1
1770 46 6 0 1
1771 86 22 0 -1
1772 46 35 0 1
1773 43 28 1 0
1774 39 30 -1 0
1775 16 2 -1 0
1776 50 0 0 -1
1777 49 16 0 1
1778 41 26 -1 0
1779 1 4 -1 0
1780 70 36 0 1
1781 63 30 -1 0
1782 69 1 1 0
1783 27 33 0 -1
1784 24 35 -1 0
1785 79 25 1 0
1786 27 15 1 0
1787 52 18 0 -1
1788 43 2 1 0
1789 20 19 0 -1
1790 1 30 1 0
1791 47 14 -1 0
1792 84 37 0 -1
1793 80 29 -1 0
1794 40 5 0 -1
1795 46 37 0 1
1796 20 8 0 1
1797 75 11 1 0
1798 71 23 -1 0
1799 65 11 0 1
1800 16 6 1 0
1801 15 20 0 -1
1802 88 3 0 -1
1803 45 28 0 1
1804 72 7 -1 0
1805 0 28 0 1
1806 60 34 0 1
1807 31 8 -1 0
1808 24 26 0 -1
1809 29 22 0 -1
1810 39 1 0 -1
1811 88 15 0 -1
1812 15 1 -1 0
1813 97 11 0 -1
1814 6 38 0 1
1815 64 38 0 1
1816 9 6 1 0
1817 99 35 0 1
1818 18 32 1 0
1819 90 14 1 0
1820 88 27 -1 0
1821 17 23 -1 0
1822 87 19 1 0
1823 96 16 1 0
1824 67 27 0 -1
1825 21 28 -1 0
1826 86 2 0 1
1827 55 17 0 -1
1828 94 5 0 -1
1829 12 25 0 1
1830 22 6 1 0
1831 42 8 0 1
1832 71 8 0 -1
1833 54 28 -1 0
1834 5 32 0 -1
1835 54 6 1 0
1836 64 26 0 -1
1837 68 37 0 -1
1838 64 4 -1 0
1839 92 5 0 -1
1840 19 35 -1 0
1841 65 25 1 0
1842 76 26 -1 0
1843 78 37 0 1
1844 21 30 0 1
1845 17 13 1 0
1846 37 30 -1 0
1847 70 3 -1 0
1848 22 21 0 -1
1849 22 31 0 -1
1850 82 33 -1 0
1851 49 30 -1 0
1852 1 7 0 -1
1853 27 9 0 1
1854 25 28 0 -1
1855 28 24 0 -1
1856 20 36 -1 0
1857 57 29 0 1
1858 40 39 1 0
1859 46 6 1 0
1860 89 21 1 0
1861 96 29 0 -1
1862 50 8 0 1
1863 37 9 1 0
1864 76 29 1 0
1865 43 1 0 -1
1866 12 23 0 1
1867 24 30 -1 0
1868 52 3 0 -1
1869 99 12 1 0
1870 47 22 -1 0
1871 65 10 -1 0
1872 50 25 0 -1
1873 69 22 1 0
1874 22 37 1 0
1875 4 8 1 0
1876 90 24 0 1
1877 92 34 0 -1
1878 34 4 0 1
1879 76 39 1 0
1880 73 19 0 1
1881 69 12 0 -1
1882 37 29 -1 0
1883 52 25 1 0
1884 98 5 0 -1
1885 81 2 0 1
1886 85 23 -1 0
1887 2 12 0 -1
1888 50 8 0 -1
1889 30 2 0 -1
1890 50 0 0 -1
1891 8 32 1 0
1892 60 17 0 1
1893 87 33 0 -1
1894 74 26 0 -1
1895 24 32 0 -1
1896 49 33 1 0
1897 21 17 -1 0
1898 48 23 0 1
1899 73 29 -1 0
1900 17 2 0 -1
1901 59 26 -1 0
1902 38 27 -1 0
1903 70 27 1 0
1904 16 5 0 -1
1905 60 7 0 1
1906 45 14 -1 0
1907 25 13 0 -1
1908 96 19 1 0
1909 68 6 1 0
1910 47 16 -1 0
1911 3 27 0 -1
1912 55 4 -1 0
1913 30 39 -1 0
1914 54 9 0 -1
1915 7 0 -1 0
1916 15 16 -1 0
1917 21 17 0 1
1918 28 18 0 -1
1919 73 19 0 1
1920 31 5 0 1
1921 26 30 0 -1
1922 40 5 0 -1
1923 95 9 0 1
1924 40 7 -1 0
1925 3 18 1 0
1926 52 18 -1 0
1927 89 23 1 0
1928 28 8 1 0
1929 3 11 0 1
1930 4 21 0 1
1931 84 9 0 1
1932 78 12 1 0
1933 14 33 1 0
1934 22 7 0 -1
1935 66 28 1 0
1936 88 11 0 -1
1937 27 4 0 1
1938 30 11 0 -1
1939 98 32 -1 0
1940 17 11 1 0
1941 74 13 0 -1
1942 27 12 -1 0
1943 88 20 0 1
1944 92 4 1 0
1945 53 19 -1 0
1946 12 5 1 0
1947 76 26 0 -1
1948 47 0 0 1
1949 26 22 -1 0
1950 5 18 0 1
1951 22 7 0 1
1952 68 18 0 1
1953 43 0 1 0
1954 8 7 1 0
1955 78 6 0 1
1956 95 6 -1 0
1957 26 3 0 1
1958 40 30 -1 0
1959 51 8 0 -1
1960 15 2 0 1
1961 28 24 0 1
1962 76 34 -1 0
1963 3 27 0 -1
1964 84 3 0 -1
1965 28 35 -1 0
1966 66 19 0 1
1967 12 24 0 1
1968 52 24 -1 0
1969 90 15 1 0
1970 41 23 -1 0
1971 38 2 0 -1
1972 3 16 0 -1
1973 82 39 1 0
1974 99 29 1 0
1975 6 7 0 1
1976 77 16 0 1
1977 40 11 0 1
1978 12 28 0 1
1979 95 26 0 -1
1980 40 14 -1 0
1981 46 17 1 0
1982 86 20 0 1
1983 8 35 0 -1
1984 35 8 0 -1
1985 12 22 -1 0
1986 25 25 1 0
1987 96 0 0 1
1988 0 13 0 1
1989 95 14 0 1
1990 45 1 -1 0
1991 60 34 0 -1
1992 41 33 0 1
1993 52 0 1 0
1994 80 16 -1 0
1995 4 21 -1 0
1996 47 1 -1 0
1997 89 18 0 -1
1998 46 36 1 0
1999 68 27 1 0
