0 9 13 0 1
1 8 29 -1 0
2 60 4 0 1
3 98 24 0 1
4 11 2 1 0
5 14 27 -1 0
6 69 0 1 0
7 3 25 -1 0
8 46 6 0 1
9 51 1 1 0
10 47 13 -1 0
11 24 24 1 0
12 0 2 -1 0
13 67 19 1 0
14 27 3 -1 0
15 99 29 0 1
16 14 34 1 0
17 87 23 1 0
18 99 26 -1 0
19 84 32 1 0
20 93 38 1 0
21 51 20 0 1
22 23 26 -1 0
23 10 31 0 1
24 43 26 -1 0
25 44 10 1 0
26 66 24 0 -1
27 70 7 1 0
28 12 19 0 -1
29 9 33 0 1
30 79 37 1 0
31 60 6 1 0
32 23 3 -1 0
33 31 39 1 0
34 43 12 0 1
35 36 1 -1 0
36 48 30 1 0
37 16 5 -1 0
38 23 30 0 1
39 42 24 0 -1
40 47 20 0 -1
41 41 13 0 1
42 15 3 0 1
43 18 25 -1 0
44 9 39 1 0
45 77 4 -1 0
46 45 29 0 -1
47 17 1 0 -1
48 72 29 0 -1
49 88 7 1 0
50 35 38 0 1
51 25 26 -1 0
52 27 1 0 1
53 21 17 -1 0
54 12 35 1 0
55 85 3 0 -1
56 24 25 0 -1
57 94 39 0 1
58 50 22 0 1
59 98 3 1 0
60 23 32 -1 0
61 48 36 0 1
62 21 37 0 1
63 40 24 1 0
64 89 25 0 1
65 37 39 1 0
66 13 34 1 0
67 10 21 0 -1
68 87 33 1 0
69 59 0 0 1
70 15 25 0 -1
71 50 8 0 1
72 35 13 0 -1
73 45 17 -1 0
74 66 8 -1 0
75 78 6 0 1
76 49 37 0 1
77 23 19 1 0
78 85 36 0 -1
79 42 33 0 -1
80 63 13 -1 0
81 48 24 0 -1
82 40 32 0 -1
83 30 23 -1 0
84 99 31 1 0
85 80 28 0 -1
86 47 4 0 -1
87 72 22 -1 0
88 88 33 0 -1
89 61 11 -1 0
90 45 24 0 1
91 88 14 1 0
92 62 4 0 1
93 70 37 0 -1
94 78 26 -1 0
95 39 19 1 0
96 28 26 0 1
97 88 32 0 1
98 83 21 0 1
99 82 1 0 -1
100 11 17 -1 0
101 14 35 1 0
102 88 36 -1 0
103 12 33 -1 0
104 93 11 -1 0
105 62 16 1 0
106 70 19 -1 0
107 27 31 0 1
108 42 1 0 1
109 76 34 0 1
110 18 36 0 1
111 37 30 0 -1
112 4 21 0 -1
113 38 22 -1 0
114 37 17 -1 0
115 28 12 0 1
116 23 2 0 -1
117 25 9 1 0
118 86 10 0 1
119 76 14 0 1
120 42 38 -1 0
121 60 20 1 0
122 44 0 1 0
123 59 14 0 -1
124 60 39 0 1
125 90 0 1 0
126 45 14 1 0
127 10 10 1 0
128 65 26 1 0
129 40 21 -1 0
130 83 7 -1 0
131 66 18 -1 0
132 59 19 -1 0
133 18 11 1 0
134 25 39 0 1
135 42 10 0 1
136 52 34 -1 0
137 0 7 -1 0
138 24 8 0 -1
139 19 30 0 -1
140 74 3 -1 0
141 8 9 0 -1
142 9 10 0 1
143 10 39 0 1
144 57 22 1 0
145 36 35 -1 0
146 2 11 0 -1
147 10 20 0 1
148 47 10 0 1
149 17 13 0 1
150 45 36 0 1
151 44 17 0 1
152 38 9 0 1
153 9 14 0 -1
154 55 4 0 1
155 28 24 0 1
156 96 9 0 -1
157 92 38 1 0
158 18 5 1 0
159 31 22 -1 0
160 46 5 -1 0
161 50 31 -1 0
162 40 22 0 1
163 13 23 0 1
164 78 16 0 -1
165 13 29 1 0
166 19 11 1 0
167 60 11 0 1
168 78 34 0 1
169 75 37 0 -1
170 13 27 -1 0
171 88 19 0 -1
172 89 37 1 0
173 74 25 1 0
174 52 16 -1 0
175 96 5 -1 0
176 52 20 0 1
177 25 38 1 0
178 26 23 1 0
179 9 26 1 0
180 21 37 0 1
181 66 33 0 -1
182 73 39 1 0
183 27 36 -1 0
184 42 3 0 -1
185 43 5 0 1
186 11 39 1 0
187 11 8 1 0
188 94 31 0 1
189 49 2 1 0
190 44 6 1 0
191 26 11 1 0
192 6 11 0 -1
193 85 34 0 -1
194 36 32 0 1
195 82 38 1 0
196 10 15 -1 0
197 11 32 0 1
198 96 23 1 0
199 84 20 1 0
200 42 0 -1 0
201 99 9 0 1
202 99 25 0 -1
203 3 33 1 0
204 50 7 -1 0
205 20 28 0 1
206 3 2 -1 0
207 51 6 0 -1
208 2 25 1 0
209 37 29 1 0
210 13 10 1 0
211 46 25 0 1
212 49 9 -1 0
213 86 32 0 -1
214 37 25 1 0
215 66 9 1 0
216 12 34 -1 0
217 69 28 0 1
218 29 28 -1 0
219 40 17 1 0
220 26 16 0 1
221 25 18 -1 0
222 45 2 1 0
223 98 15 0 1
224 48 28 0 1
225 72 7 0 1
226 19 27 0 1
227 96 37 0 -1
228 15 5 0 -1
229 22 10 0 1
230 12 1 0 -1
231 21 39 1 0
232 55 14 0 1
233 27 29 0 1
234 45 10 1 0
235 78 33 0 1
236 37 30 0 -1
237 27 18 1 0
238 46 13 -1 0
239 88 32 -1 0
240 23 23 0 -1
241 97 14 -1 0
242 12 15 0 -1
243 9 33 0 -1
244 4 3 -1 0
245 66 36 -1 0
246 84 20 1 0
247 65 3 0 -1
248 40 10 0 -1
249 54 15 0 1
250 91 28 -1 0
251 14 13 0 -1
252 3 13 1 0
253 1 38 -1 0
254 53 11 0 -1
255 22 24 0 -1
256 21 9 0 1
257 18 39 -1 0
258 58 32 1 0
259 78 38 0 -1
260 74 29 0 1
261 45 5 1 0
262 48 32 -1 0
263 77 27 0 -1
264 28 33 0 1
265 66 4 -1 0
266 96 38 -1 0
267 41 26 -1 0
268 60 4 1 0
269 55 27 0 1
270 71 8 -1 0
271 41 28 0 1
272 60 18 0 -1
273 20 10 -1 0
274 20 39 -1 0
275 27 35 0 1
276 55 33 0 1
277 62 21 -1 0
278 78 23 1 0
279 50 13 0 1
280 26 12 0 -1
281 83 32 1 0
282 90 24 1 0
283 18 14 -1 0
284 6 13 0 -1
285 45 27 0 -1
286 79 17 -1 0
287 90 19 0 -1
288 38 13 -1 0
289 81 28 0 1
290 51 28 0 -1
291 15 32 0 -1
292 81 5 0 -1
293 4 11 -1 0
294 95 4 -1 0
295 48 27 1 0
296 95 23 0 -1
297 37 32 0 1
298 48 38 1 0
299 84 33 0 -1
300 38 34 1 0
301 8 8 -1 0
302 23 34 0 1
303 50 25 0 -1
304 25 12 0 -1
305 81 16 0 1
306 47 5 0 1
307 59 23 0 -1
308 64 3 1 0
309 98 12 1 0
310 91 17 1 0
311 80 15 -1 0
312 89 5 0 1
313 97 35 -1 0
314 19 4 0 1
315 93 16 0 -1
316 45 8 -1 0
317 40 34 -1 0
318 51 4 -1 0
319 23 30 1 0
320 4 26 0 1
321 24 13 -1 0
322 40 2 -1 0
323 28 38 0 1
324 95 1 -1 0
325 23 15 -1 0
326 65 12 1 0
327 64 14 0 1
328 55 19 1 0
329 47 11 0 -1
330 24 26 0 -1
331 0 18 1 0
332 82 3 -1 0
333 80 39 0 1
334 3 11 0 -1
335 70 1 -1 0
336 71 6 -1 0
337 69 33 0 1
338 15 29 1 0
339 99 21 0 -1
340 51 35 0 1
341 39 27 0 -1
342 47 35 0 -1
343 21 17 -1 0
344 25 15 1 0
345 39 14 0 1
346 24 3 0 1
347 83 7 0 1
348 18 16 1 0
349 84 32 0 -1
350 40 0 -1 0
351 0 29 1 0
352 90 32 0 -1
353 84 27 -1 0
354 42 13 1 0
355 25 7 0 1
356 28 25 -1 0
357 98 8 -1 0
358 39 33 0 -1
359 70 30 1 0
360 20 29 1 0
361 44 6 0 1
362 68 1 0 -1
363 49 30 0 -1
364 24 14 0 -1
365 72 13 0 -1
366 74 4 0 -1
367 1 23 1 0
368 85 21 0 1
369 62 24 1 0
370 27 2 0 -1
371 82 33 1 0
372 7 13 0 1
373 67 33 0 1
374 67 18 0 -1
375 49 2 0 1
376 51 12 -1 0
377 39 4 0 -1
378 16 36 0 -1
379 47 4 1 0
380 12 2 1 0
381 11 22 1 0
382 17 29 1 0
383 85 3 0 1
384 44 13 -1 0
385 24 27 -1 0
386 7 37 0 1
387 38 27 0 -1
388 82 1 0 -1
389 40 7 0 1
390 16 3 -1 0
391 9 37 0 1
392 6 19 1 0
393 93 30 0 1
394 13 3 0 1
395 36 36 0 -1
396 51 13 1 0
397 5 7 1 0
398 42 13 1 0
399 95 8 0 -1
400 84 17 1 0
401 93 39 0 1
402 61 38 0 1
403 54 30 -1 0
404 1 20 0 -1
405 3 28 1 0
406 94 23 0 1
407 11 22 0 1
408 20 20 -1 0
409 73 20 -1 0
410 0 1 0 1
411 48 10 0 -1
412 49 16 0 -1
413 20 38 -1 0
414 15 12 0 1
415 67 26 0 -1
416 61 29 1 0
417 97 39 0 1
418 1 12 -1 0
419 28 5 -1 0
420 59 7 1 0
421 75 12 -1 0
422 12 1 0 1
423 58 8 -1 0
424 92 20 0 1
425 25 8 -1 0
426 41 14 -1 0
427 81 11 0 1
428 52 29 -1 0
429 24 20 0 -1
430 15 13 1 0
431 61 8 0 -1
432 22 23 1 0
433 15 14 0 1
434 7 19 -1 0
435 54 0 0 1
436 95 4 0 -1
437 22 27 0 1
438 81 14 -1 0
439 73 27 0 1
440 11 18 -1 0
441 80 25 1 0
442 8 22 -1 0
443 3 10 -1 0
444 54 22 1 0
445 41 0 1 0
446 52 22 0 -1
447 84 10 1 0
448 7 16 -1 0
449 26 9 -1 0
450 0 22 1 0
451 26 30 1 0
452 37 0 -1 0
453 14 39 0 -1
454 16 37 1 0
455 42 10 0 -1
456 87 4 0 1
457 23 11 1 0
458 1 27 -1 0
459 40 7 0 -1
460 27 3 0 1
461 64 31 0 1
462 26 33 1 0
463 86 31 0 -1
464 5 35 0 1
465 14 6 0 1
466 40 9 -1 0
467 22 30 0 -1
468 8 31 0 1
469 79 33 0 -1
470 39 24 -1 0
471 38 37 -1 0
472 9 3 1 0
473 4 5 0 1
474 22 0 0 -1
475 5 21 1 0
476 42 2 1 0
477 12 32 1 0
478 72 38 0 1
479 11 31 -1 0
480 60 2 1 0
481 31 25 0 1
482 90 13 1 0
483 51 13 0 -1
484 45 3 0 -1
485 80 39 0 -1
486 30 24 0 1
487 53 28 0 1
488 50 21 0 -1
489 25 21 1 0
490 37 24 -1 0
491 47 5 1 0
492 43 31 0 1
493 88 14 1 0
494 58 4 -1 0
495 4 24 0 1
496 38 39 0 -1
497 39 15 -1 0
498 65 15 1 0
499 81 29 0 1
500 41 36 1 0
501 40 17 -1 0
502 40 5 1 0
503 32 21 0 -1
504 92 26 0 1
505 0 6 1 0
506 93 30 0 -1
507 2 23 0 1
508 54 34 0 1
509 86 19 -1 0
510 56 13 0 1
511 93 23 0 1
512 1 18 -1 0
513 74 31 -1 0
514 49 27 -1 0
515 98 8 -1 0
516 41 11 0 1
517 36 11 0 -1
518 91 38 0 1
519 32 10 1 0
520 25 26 1 0
521 13 11 1 0
522 6 13 1 0
523 41 7 0 1
524 89 1 1 0
525 1 32 -1 0
526 86 12 0 -1
527 18 38 0 1
528 98 36 0 1
529 17 0 -1 0
530 3 23 0 -1
531 3 18 0 1
532 55 28 1 0
533 94 14 1 0
534 4 29 -1 0
535 42 38 1 0
536 53 36 0 -1
537 22 3 0 -1
538 36 36 -1 0
539 53 36 -1 0
540 83 4 -1 0
541 37 25 0 1
542 49 23 -1 0
543 4 1 0 -1
544 25 12 -1 0
545 3 28 0 -1
546 22 22 1 0
547 11 26 -1 0
548 36 8 1 0
549 11 7 0 1
550 10 21 0 -1
551 50 32 1 0
552 24 12 0 -1
553 77 2 0 -1
554 25 31 -1 0
555 39 1 0 1
556 94 20 0 1
557 77 10 0 1
558 55 15 -1 0
559 63 35 0 1
560 11 27 1 0
561 17 11 0 -1
562 12 13 -1 0
563 91 8 1 0
564 92 32 -1 0
565 39 5 0 1
566 23 27 -1 0
567 72 24 1 0
568 55 7 0 1
569 89 31 1 0
570 25 0 0 1
571 24 12 1 0
572 81 32 0 1
573 54 15 1 0
574 53 29 1 0
575 78 26 1 0
576 43 26 -1 0
577 80 23 -1 0
578 25 37 -1 0
579 26 9 1 0
580 88 28 -1 0
581 21 17 -1 0
582 31 0 -1 0
583 43 5 0 1
584 44 20 0 1
585 46 10 0 -1
586 53 39 0 1
587 60 17 1 0
588 47 34 1 0
589 69 26 1 0
590 16 24 0 1
591 40 15 0 1
592 0 28 0 -1
593 18 37 0 -1
594 45 26 1 0
595 90 39 0 1
596 6 34 -1 0
597 60 27 0 -1
598 1 33 0 1
599 77 36 0 1
600 59 21 1 0
601 22 35 0 1
602 9 38 0 -1
603 43 6 -1 0
604 8 1 0 -1
605 31 36 1 0
606 25 34 0 -1
607 82 34 0 -1
608 25 35 0 -1
609 67 0 1 0
610 7 39 1 0
611 50 15 -1 0
612 94 0 1 0
613 24 7 0 1
614 74 34 0 1
615 41 34 1 0
616 67 35 0 1
617 14 31 -1 0
618 42 27 -1 0
619 41 19 -1 0
620 36 39 1 0
621 69 15 -1 0
622 92 20 -1 0
623 39 39 0 -1
624 5 23 -1 0
625 98 29 0 1
626 67 11 0 1
627 40 38 -1 0
628 91 6 0 -1
629 10 23 0 1
630 71 13 1 0
631 29 29 0 -1
632 20 38 -1 0
633 57 5 0 -1
634 12 32 0 1
635 5 4 -1 0
636 29 38 -1 0
637 15 26 0 1
638 12 36 0 1
639 29 18 0 1
640 63 12 0 -1
641 12 38 1 0
642 41 36 -1 0
643 49 31 1 0
644 91 35 -1 0
645 21 25 1 0
646 1 9 -1 0
647 55 19 1 0
648 38 11 1 0
649 48 4 1 0
650 52 3 0 -1
651 36 8 1 0
652 46 8 0 1
653 1 17 -1 0
654 48 39 -1 0
655 22 10 0 -1
656 32 5 0 -1
657 42 2 0 1
658 19 4 0 -1
659 46 1 1 0
660 24 35 1 0
661 68 37 1 0
662 78 34 0 -1
663 64 29 -1 0
664 43 28 0 1
665 29 3 -1 0
666 99 20 -1 0
667 79 30 -1 0
668 15 32 0 1
669 53 14 -1 0
670 42 22 -1 0
671 22 0 -1 0
672 18 21 -1 0
673 75 7 -1 0
674 4 23 0 -1
675 42 2 0 -1
676 21 0 1 0
677 82 27 0 -1
678 14 36 -1 0
679 87 24 0 -1
680 45 9 0 -1
681 43 16 0 1
682 39 11 -1 0
683 15 20 0 1
684 56 32 0 1
685 1 26 0 -1
686 95 7 1 0
687 60 2 0 1
688 26 3 0 1
689 94 9 1 0
690 49 19 0 1
691 21 20 0 1
692 60 2 1 0
693 78 14 1 0
694 26 1 0 1
695 94 14 1 0
696 93 14 1 0
697 13 36 0 1
698 98 30 -1 0
699 39 18 0 1
700 36 16 1 0
701 42 36 1 0
702 84 35 -1 0
703 29 28 0 1
704 22 28 0 -1
705 0 26 -1 0
706 85 13 1 0
707 99 2 0 -1
708 41 30 -1 0
709 26 37 0 1
710 65 28 0 -1
711 43 5 0 -1
712 23 16 0 -1
713 21 32 1 0
714 7 19 0 1
715 97 16 -1 0
716 8 5 -1 0
717 22 38 0 -1
718 95 22 0 -1
719 27 2 0 -1
720 98 26 0 -1
721 27 0 0 1
722 51 18 0 -1
723 66 2 -1 0
724 61 33 0 1
725 37 24 0 1
726 39 5 -1 0
727 16 30 -1 0
728 13 11 -1 0
729 46 18 1 0
730 69 1 0 1
731 56 33 0 -1
732 41 13 -1 0
733 45 38 0 1
734 41 17 1 0
735 97 5 0 -1
736 2 28 -1 0
737 19 12 1 0
738 98 0 -1 0
739 27 0 1 0
740 97 39 -1 0
741 0 11 -1 0
742 39 15 1 0
743 95 29 -1 0
744 3 27 -1 0
745 82 5 0 -1
746 3 11 1 0
747 3 3 0 1
748 89 35 -1 0
749 73 7 0 1
750 49 25 0 -1
751 85 23 1 0
752 84 16 0 1
753 11 28 1 0
754 97 9 0 1
755 98 38 0 1
756 24 18 0 -1
757 1 16 1 0
758 77 37 1 0
759 50 34 0 1
760 16 34 0 -1
761 90 30 0 -1
762 33 24 0 1
763 78 29 0 -1
764 77 0 0 -1
765 98 4 0 1
766 34 34 1 0
767 99 23 1 0
768 85 36 0 1
769 92 33 0 -1
770 11 30 0 -1
771 24 22 1 0
772 59 2 0 -1
773 74 28 -1 0
774 25 11 1 0
775 50 31 0 1
776 74 37 -1 0
777 65 19 0 1
778 70 31 0 -1
779 25 22 1 0
780 38 15 0 -1
781 85 5 1 0
782 3 4 0 1
783 10 12 1 0
784 39 26 0 1
785 64 32 0 -1
786 47 36 -1 0
787 67 5 0 -1
788 45 26 1 0
789 61 27 0 -1
790 81 25 0 1
791 30 6 0 -1
792 11 31 1 0
793 25 34 1 0
794 86 30 1 0
795 85 19 0 -1
796 63 17 -1 0
797 5 30 0 1
798 86 13 -1 0
799 41 25 -1 0
800 18 3 -1 0
801 85 3 1 0
802 60 5 0 -1
803 19 35 0 1
804 48 4 0 -1
805 43 10 0 -1
806 87 11 -1 0
807 10 24 -1 0
808 40 14 1 0
809 90 27 0 -1
810 30 29 1 0
811 48 18 1 0
812 70 9 0 -1
813 43 0 -1 0
814 23 39 0 -1
815 89 16 0 -1
816 24 36 0 1
817 12 32 0 1
818 58 38 0 -1
819 44 22 0 1
820 91 12 1 0
821 18 12 0 -1
822 76 32 -1 0
823 49 19 1 0
824 38 31 -1 0
825 42 11 1 0
826 42 14 0 1
827 5 13 1 0
828 45 15 0 -1
829 5 13 1 0
830 88 0 0 -1
831 43 21 0 1
832 40 25 1 0
833 91 28 0 1
834 97 29 1 0
835 90 20 0 -1
836 10 11 1 0
837 21 27 0 1
838 7 21 0 -1
839 45 21 0 1
840 1 26 0 -1
841 62 9 -1 0
842 64 7 0 1
843 80 20 0 -1
844 75 25 0 1
845 46 33 0 -1
846 97 3 -1 0
847 49 31 -1 0
848 37 26 -1 0
849 52 29 0 -1
850 2 30 0 1
851 99 4 0 -1
852 13 18 1 0
853 44 37 0 1
854 49 35 1 0
855 87 28 0 1
856 81 29 -1 0
857 26 3 0 1
858 97 2 0 -1
859 31 38 0 -1
860 31 39 0 1
861 14 34 1 0
862 10 28 0 1
863 71 25 0 -1
864 84 15 0 1
865 24 12 0 1
866 72 27 1 0
867 91 23 0 1
868 51 6 0 1
869 59 10 -1 0
870 91 14 0 1
871 94 37 1 0
872 7 26 -1 0
873 54 37 -1 0
874 6 12 0 1
875 6 13 -1 0
876 5 22 0 1
877 97 20 1 0
878 25 6 -1 0
879 58 1 0 1
880 8 29 1 0
881 2 21 0 -1
882 28 18 1 0
883 95 24 1 0
884 53 14 -1 0
885 4 34 0 1
886 64 10 0 1
887 40 37 -1 0
888 96 16 0 -1
889 1 38 0 -1
890 5 11 1 0
891 57 33 1 0
892 42 28 0 -1
893 63 15 0 -1
894 13 1 0 -1
895 55 36 1 0
896 96 13 0 1
897 4 31 0 1
898 12 15 -1 0
899 64 21 0 1
900 65 36 1 0
901 43 29 0 -1
902 85 18 1 0
903 97 20 0 -1
904 76 35 1 0
905 19 3 1 0
906 70 11 0 -1
907 39 16 -1 0
908 91 11 0 -1
909 17 23 0 1
910 96 12 1 0
911 38 24 0 1
912 76 34 -1 0
913 73 35 0 1
914 21 24 -1 0
915 83 15 1 0
916 80 10 0 -1
917 95 20 0 1
918 41 23 0 -1
919 79 23 0 1
920 30 36 1 0
921 97 11 1 0
922 79 6 0 1
923 7 0 -1 0
924 89 28 -1 0
925 15 11 0 -1
926 44 11 -1 0
927 38 7 0 1
928 41 24 1 0
929 51 30 0 -1
930 93 22 0 1
931 65 37 -1 0
932 63 0 0 -1
933 53 6 1 0
934 23 17 1 0
935 63 10 0 -1
936 51 33 1 0
937 22 30 0 1
938 8 10 0 -1
939 39 6 -1 0
940 7 29 -1 0
941 10 0 -1 0
942 17 34 1 0
943 2 20 0 -1
944 5 29 -1 0
945 27 23 1 0
946 45 4 1 0
947 58 24 0 -1
948 7 27 1 0
949 37 12 -1 0
950 71 35 0 1
951 10 8 -1 0
952 46 16 -1 0
953 11 35 -1 0
954 93 16 -1 0
955 42 3 0 -1
956 79 21 0 1
957 43 29 0 -1
958 11 14 -1 0
959 23 38 1 0
960 5 0 -1 0
961 42 10 1 0
962 21 9 1 0
963 87 33 1 0
964 41 33 1 0
965 24 11 1 0
966 44 38 0 1
967 44 23 0 -1
968 19 30 -1 0
969 94 23 0 1
970 22 39 0 -1
971 2 7 -1 0
972 2 15 1 0
973 21 39 0 1
974 29 7 -1 0
975 70 31 0 1
976 4 39 1 0
977 19 10 -1 0
978 29 21 0 -1
979 25 26 -1 0
980 26 18 -1 0
981 39 39 -1 0
982 74 2 -1 0
983 89 12 0 -1
984 27 23 0 1
985 62 23 1 0
986 72 18 -1 0
987 87 1 0 -1
988 9 15 1 0
989 99 11 -1 0
990 67 36 1 0
991 41 14 1 0
992 3 33 0 -1
993 22 30 0 -1
994 1 14 0 1
995 62 12 1 0
996 30 16 0 -1
997 29 13 0 1
998 16 8 -1 0
999 8 38 1 0
1000 12 15 -1 0
1001 3 0 0 -1
1002 86 37 1 0
1003 97 13 -1 0
1004 82 22 -1 0
1005 99 30 0 1
1006 43 9 0 -1
1007 49 37 0 -1
1008 55 8 -1 0
1009 1 34 1 0
1010 83 8 -1 0
1011 19 7 -1 0
1012 29 22 0 1
1013 18 35 0 -1
1014 98 9 -1 0
1015 97 5 -1 0
1016 75 19 0 -1
1017 98 30 -1 0
1018 88 5 0 1
1019 9 3 1 0
1020 36 9 0 1
1021 96 26 1 0
1022 46 29 -1 0
1023 3 14 0 -1
1024 42 19 0 1
1025 17 20 -1 0
1026 10 6 0 1
1027 76 22 -1 0
1028 67 31 0 -1
1029 41 12 0 1
1030 66 20 -1 0
1031 27 4 1 0
1032 54 22 -1 0
1033 81 7 -1 0
1034 28 17 1 0
1035 52 13 0 -1
1036 22 38 0 -1
1037 40 22 0 1
1038 91 33 0 -1
1039 3 31 -1 0
1040 31 25 0 1
1041 39 0 0 -1
1042 54 29 0 -1
1043 14 3 0 1
1044 7 11 0 -1
1045 8 17 -1 0
1046 6 16 1 0
1047 25 3 0 1
1048 51 20 0 1
1049 25 12 1 0
1050 93 16 1 0
1051 15 12 0 1
1052 92 26 -1 0
1053 99 22 0 -1
1054 77 7 1 0
1055 8 0 0 1
1056 78 5 0 1
1057 97 19 0 1
1058 95 23 -1 0
1059 90 23 0 -1
1060 55 1 -1 0
1061 24 10 -1 0
1062 22 37 0 1
1063 15 33 1 0
1064 66 14 -1 0
1065 29 38 -1 0
1066 2 18 0 -1
1067 57 12 0 -1
1068 92 10 -1 0
1069 13 27 0 -1
1070 23 23 -1 0
1071 50 27 0 -1
1072 38 25 0 -1
1073 49 25 0 -1
1074 94 37 0 -1
1075 63 39 0 -1
1076 18 6 0 -1
1077 59 35 0 -1
1078 83 11 0 -1
1079 6 34 -1 0
1080 12 13 -1 0
1081 59 37 0 -1
1082 49 22 -1 0
1083 66 37 -1 0
1084 62 21 0 -1
1085 93 14 0 -1
1086 78 29 -1 0
1087 38 34 1 0
1088 23 24 1 0
1089 53 28 -1 0
1090 70 18 0 1
1091 48 7 0 -1
1092 40 38 0 -1
1093 50 15 0 1
1094 69 38 0 -1
1095 22 20 0 -1
1096 78 35 1 0
1097 20 19 1 0
1098 44 4 0 1
1099 94 37 1 0
1100 99 8 0 1
1101 29 29 -1 0
1102 40 18 0 1
1103 90 32 0 1
1104 59 24 0 -1
1105 8 14 0 1
1106 10 30 0 1
1107 92 7 0 -1
1108 82 18 1 0
1109 73 36 1 0
1110 40 15 0 1
1111 2 35 0 -1
1112 92 39 0 -1
1113 60 35 -1 0
1114 98 5 0 -1
1115 45 16 0 -1
1116 6 25 0 -1
1117 80 33 0 1
1118 26 28 -1 0
1119 85 1 -1 0
1120 79 38 1 0
1121 43 28 -1 0
1122 19 14 0 1
1123 55 9 -1 0
1124 47 19 1 0
1125 38 15 0 -1
1126 20 0 0 -1
1127 1 12 -1 0
1128 28 29 1 0
1129 9 0 0 -1
1130 13 14 1 0
1131 78 33 0 -1
1132 43 19 0 1
1133 13 21 0 1
1134 56 14 -1 0
1135 95 11 0 -1
1136 0 37 0 -1
1137 51 12 0 -1
1138 11 4 0 -1
1139 15 10 -1 0
1140 40 9 0 -1
1141 70 22 0 -1
1142 84 11 1 0
1143 13 2 0 1
1144 23 0 -1 0
1145 86 23 -1 0
1146 63 25 1 0
1147 87 2 0 -1
1148 24 10 0 1
1149 90 12 0 -1
1150 78 15 0 1
1151 21 15 0 1
1152 12 0 0 1
1153 56 17 0 1
1154 20 37 -1 0
1155 44 37 -1 0
1156 16 29 0 -1
1157 21 26 0 1
1158 24 14 0 -1
1159 4 26 0 -1
1160 5 13 -1 0
1161 95 10 0 1
1162 55 30 -1 0
1163 26 25 0 1
1164 54 29 -1 0
1165 33 23 -1 0
1166 32 14 0 1
1167 52 24 -1 0
1168 42 38 1 0
1169 41 31 0 1
1170 10 20 1 0
1171 28 17 0 1
1172 1 39 0 1
1173 43 16 0 -1
1174 17 19 0 1
1175 21 30 -1 0
1176 86 11 0 1
1177 24 29 1 0
1178 40 33 0 1
1179 44 15 1 0
1180 90 19 0 -1
1181 25 19 0 1
1182 22 37 0 1
1183 83 9 0 -1
1184 11 31 1 0
1185 44 23 0 -1
1186 88 0 0 -1
1187 41 2 -1 0
1188 49 23 0 1
1189 94 33 0 1
1190 27 12 0 1
1191 96 8 0 1
1192 1 10 -1 0
1193 80 27 0 1
1194 41 25 0 -1
1195 89 4 -1 0
1196 87 15 1 0
1197 47 17 0 1
1198 54 15 1 0
1199 80 4 -1 0
1200 47 6 0 -1
1201 73 38 0 1
1202 86 12 -1 0
1203 20 7 -1 0
1204 46 33 0 1
1205 91 12 1 0
1206 72 15 -1 0
1207 26 39 1 0
1208 45 16 0 -1
1209 39 36 1 0
1210 5 22 0 -1
1211 27 33 1 0
1212 79 35 0 1
1213 21 5 -1 0
1214 87 9 0 -1
1215 98 10 0 1
1216 75 21 0 1
1217 80 22 -1 0
1218 45 0 0 -1
1219 15 13 -1 0
1220 43 11 0 1
1221 30 29 0 1
1222 13 26 0 -1
1223 99 9 1 0
1224 72 22 -1 0
1225 41 22 0 1
1226 67 29 -1 0
1227 24 2 0 -1
1228 51 17 0 1
1229 61 39 0 -1
1230 57 8 1 0
1231 36 5 1 0
1232 12 9 0 -1
1233 9 19 -1 0
1234 90 24 -1 0
1235 42 16 0 1
1236 77 13 -1 0
1237 10 19 0 -1
1238 72 7 0 -1
1239 90 32 -1 0
1240 89 34 0 -1
1241 95 38 -1 0
1242 17 7 0 -1
1243 99 30 0 1
1244 2 38 0 1
1245 56 32 0 1
1246 38 2 0 -1
1247 18 4 1 0
1248 41 33 1 0
1249 79 32 -1 0
1250 19 34 1 0
1251 48 0 -1 0
1252 0 38 1 0
1253 43 4 1 0
1254 24 34 0 1
1255 36 10 0 1
1256 47 7 -1 0
1257 7 6 1 0
1258 27 35 -1 0
1259 60 7 1 0
1260 1 12 0 -1
1261 50 38 0 -1
1262 44 6 0 1
1263 18 37 -1 0
1264 60 25 0 1
1265 20 4 0 1
1266 58 7 -1 0
1267 17 12 -1 0
1268 90 38 1 0
1269 31 34 1 0
1270 23 31 1 0
1271 91 3 0 -1
1272 95 25 -1 0
1273 69 5 1 0
1274 18 31 -1 0
1275 7 31 -1 0
1276 89 38 -1 0
1277 96 4 0 1
1278 51 16 1 0
1279 87 12 0 1
1280 70 21 0 -1
1281 40 19 1 0
1282 9 24 1 0
1283 96 24 0 1
1284 57 30 1 0
1285 26 8 0 1
1286 15 32 -1 0
1287 97 15 0 1
1288 88 4 0 1
1289 8 12 0 -1
1290 85 32 -1 0
1291 25 9 0 1
1292 22 31 1 0
1293 1 5 0 1
1294 61 22 1 0
1295 18 1 -1 0
1296 3 20 1 0
1297 47 2 0 -1
1298 65 0 0 -1
1299 39 14 0 -1
1300 90 12 0 -1
1301 17 0 0 -1
1302 51 24 0 -1
1303 17 39 0 -1
1304 1 25 0 -1
1305 39 8 0 -1
1306 3 20 1 0
1307 72 10 1 0
1308 52 30 0 -1
1309 16 6 0 -1
1310 51 10 1 0
1311 12 6 -1 0
1312 80 37 -1 0
1313 31 35 0 -1
1314 22 34 0 1
1315 77 13 0 -1
1316 7 17 1 0
1317 79 15 0 -1
1318 17 31 -1 0
1319 39 25 0 1
1320 24 21 0 1
1321 91 23 -1 0
1322 47 37 0 -1
1323 62 25 0 1
1324 16 25 0 1
1325 30 21 0 1
1326 58 30 1 0
1327 75 28 -1 0
1328 95 33 0 -1
1329 84 33 0 -1
1330 43 15 -1 0
1331 74 0 0 -1
1332 92 31 1 0
1333 87 5 0 1
1334 27 34 1 0
1335 19 28 0 -1
1336 98 21 1 0
1337 17 21 -1 0
1338 49 24 -1 0
1339 34 4 -1 0
1340 40 2 -1 0
1341 30 5 0 -1
1342 72 15 1 0
1343 6 1 0 1
1344 18 8 -1 0
1345 15 14 -1 0
1346 20 13 -1 0
1347 50 37 -1 0
1348 18 38 -1 0
1349 18 35 -1 0
1350 83 10 1 0
1351 59 39 1 0
1352 9 14 -1 0
1353 83 21 -1 0
1354 68 15 1 0
1355 91 30 1 0
1356 99 19 -1 0
1357 4 2 -1 0
1358 53 19 0 -1
1359 83 19 0 1
1360 20 34 0 1
1361 3 4 0 1
1362 25 34 1 0
1363 99 34 0 -1
1364 66 10 0 1
1365 3 26 0 -1
1366 26 14 1 0
1367 50 14 0 1
1368 87 34 1 0
1369 44 28 0 -1
1370 49 23 -1 0
1371 91 4 -1 0
1372 73 29 0 1
1373 19 30 -1 0
1374 39 27 -1 0
1375 28 1 0 -1
1376 53 0 0 -1
1377 68 35 0 1
1378 48 25 -1 0
1379 70 11 1 0
1380 67 21 -1 0
1381 48 34 -1 0
1382 99 22 1 0
1383 79 22 -1 0
1384 98 22 -1 0
1385 55 9 -1 0
1386 44 36 0 1
1387 68 34 -1 0
1388 96 32 1 0
1389 1 26 1 0
1390 22 35 1 0
1391 22 12 -1 0
1392 2 21 1 0
1393 73 6 0 1
1394 99 11 0 1
1395 14 2 0 1
1396 13 38 -1 0
1397 37 14 0 1
1398 16 2 0 1
1399 58 15 0 -1
1400 23 23 -1 0
1401 68 24 0 -1
1402 6 10 -1 0
1403 42 27 1 0
1404 26 1 0 -1
1405 84 3 1 0
1406 10 6 1 0
1407 25 33 1 0
1408 44 8 -1 0
1409 4 16 0 1
1410 26 8 0 1
1411 88 18 -1 0
1412 12 28 -1 0
1413 54 29 -1 0
1414 45 17 1 0
1415 94 1 0 1
1416 23 8 0 1
1417 38 30 0 -1
1418 15 5 0 -1
1419 56 11 0 -1
1420 96 25 0 -1
1421 64 31 0 -1
1422 19 34 0 1
1423 1 21 0 1
1424 43 19 -1 0
1425 28 1 1 0
1426 23 33 1 0
1427 31 9 0 -1
1428 45 23 1 0
1429 8 8 0 1
1430 95 3 0 1
1431 40 22 -1 0
1432 49 16 0 1
1433 6 32 -1 0
1434 3 24 -1 0
1435 91 22 1 0
1436 78 37 0 -1
1437 0 39 0 1
1438 99 33 -1 0
1439 91 34 1 0
1440 90 37 1 0
1441 7 27 0 1
1442 91 36 -1 0
1443 2 12 -1 0
1444 97 37 0 -1
1445 72 17 0 1
1446 43 23 0 -1
1447 82 19 0 1
1448 80 18 1 0
1449 66 32 1 0
1450 55 39 1 0
1451 92 9 1 0
1452 1 11 -1 0
1453 29 24 1 0
1454 29 23 0 1
1455 4 35 0 -1
1456 99 29 -1 0
1457 18 3 -1 0
1458 86 2 0 -1
1459 69 9 -1 0
1460 30 0 0 -1
1461 27 24 0 1
1462 7 18 1 0
1463 6 15 0 -1
1464 93 29 0 -1
1465 16 12 1 0
1466 90 39 1 0
1467 96 1 0 1
1468 19 20 0 1
1469 58 28 0 -1
1470 47 10 1 0
1471 86 32 -1 0
1472 48 31 0 -1
1473 19 12 0 1
1474 92 35 -1 0
1475 29 4 1 0
1476 60 38 0 -1
1477 39 20 1 0
1478 63 26 -1 0
1479 39 7 -1 0
1480 29 11 0 -1
1481 57 3 -1 0
1482 66 1 0 1
1483 94 3 0 -1
1484 53 31 -1 0
1485 5 32 -1 0
1486 52 7 0 1
1487 17 10 0 -1
1488 10 11 1 0
1489 63 21 0 -1
1490 21 22 0 -1
1491 29 32 0 -1
1492 90 7 0 -1
1493 64 1 1 0
1494 24 24 0 -1
1495 10 22 0 -1
1496 19 25 0 -1
1497 28 30 1 0
1498 24 7 1 0
1499 59 14 -1 0
1500 62 27 -1 0
1501 91 16 0 1
1502 40 20 1 0
1503 55 22 -1 0
1504 97 34 1 0
1505 20 22 0 1
1506 3 9 0 1
1507 72 27 0 -1
1508 66 35 0 -1
1509 84 30 -1 0
1510 19 25 1 0
1511 42 27 0 1
1512 12 24 0 1
1513 23 15 0 -1
1514 94 10 -1 0
1515 84 19 1 0
1516 12 39 -1 0
1517 50 11 1 0
1518 84 28 0 1
1519 85 25 1 0
1520 5 14 1 0
1521 93 2 0 -1
1522 50 29 0 1
1523 98 24 -1 0
1524 38 6 0 1
1525 55 9 -1 0
1526 12 6 0 -1
1527 62 21 0 -1
1528 39 4 -1 0
1529 98 14 0 -1
1530 20 5 0 -1
1531 64 24 -1 0
1532 95 18 -1 0
1533 80 26 0 1
1534 39 30 0 1
1535 53 27 -1 0
1536 44 18 0 1
1537 84 36 1 0
1538 85 27 -1 0
1539 30 6 -1 0
1540 98 37 0 -1
1541 70 17 0 1
1542 42 5 0 1
1543 89 8 1 0
1544 76 37 0 1
1545 41 5 0 -1
1546 95 36 0 -1
1547 45 0 0 1
1548 80 33 -1 0
1549 86 25 0 1
1550 56 17 0 -1
1551 27 8 0 1
1552 41 30 1 0
1553 41 14 0 -1
1554 74 21 -1 0
1555 79 6 0 1
1556 20 31 0 1
1557 93 15 -1 0
1558 22 37 1 0
1559 71 30 0 -1
1560 38 25 0 -1
1561 21 0 0 -1
1562 50 12 1 0
1563 24 30 0 -1
1564 9 6 -1 0
1565 72 25 0 -1
1566 17 12 1 0
1567 75 39 -1 0
1568 94 16 0 1
1569 8 1 0 1
1570 90 37 -1 0
1571 18 5 0 -1
1572 97 18 -1 0
1573 89 6 -1 0
1574 96 14 -1 0
1575 8 12 -1 0
1576 5 31 1 0
1577 10 25 1 0
1578 83 23 0 -1
1579 90 6 0 -1
1580 85 22 1 0
1581 64 25 0 1
1582 9 31 1 0
1583 96 36 0 -1
1584 17 35 -1 0
1585 26 11 1 0
1586 39 18 0 1
1587 16 6 1 0
1588 79 16 0 -1
1589 96 11 0 -1
1590 9 19 0 1
1591 19 23 0 -1
1592 95 38 1 0
1593 90 2 0 1
1594 12 7 0 -1
1595 8 2 0 -1
1596 41 27 -1 0
1597 51 26 0 1
1598 40 5 0 1
1599 47 4 1 0
1600 17 31 1 0
1601 31 5 -1 0
1602 27 19 1 0
1603 13 2 0 -1
1604 91 6 -1 0
1605 19 23 0 -1
1606 17 35 1 0
1607 0 32 -1 0
1608 16 32 -1 0
1609 43 6 1 0
1610 53 23 -1 0
1611 81 26 -1 0
1612 44 26 -1 0
1613 90 33 -1 0
1614 77 11 1 0
1615 66 38 -1 0
1616 94 14 0 1
1617 80 23 1 0
1618 43 21 0 1
1619 75 12 1 0
1620 81 2 -1 0
1621 90 35 1 0
1622 41 24 1 0
1623 56 38 0 -1
1624 15 31 0 1
1625 60 32 0 -1
1626 41 21 0 1
1627 18 13 -1 0
1628 99 29 0 -1
1629 57 28 0 1
1630 41 29 1 0
1631 24 28 -1 0
1632 30 21 0 1
1633 48 9 0 1
1634 93 25 -1 0
1635 49 9 1 0
1636 73 20 0 1
1637 57 20 0 -1
1638 38 3 0 1
1639 96 39 -1 0
1640 53 32 -1 0
1641 13 24 -1 0
1642 27 7 0 1
1643 48 32 0 1
1644 79 8 0 1
1645 29 14 0 -1
1646 8 19 0 -1
1647 72 7 -1 0
1648 97 27 -1 0
1649 38 16 -1 0
1650 29 7 0 1
1651 85 4 -1 0
1652 53 19 0 -1
1653 18 39 1 0
1654 21 35 -1 0
1655 1 10 -1 0
1656 96 30 0 -1
1657 14 20 -1 0
1658 61 12 0 1
1659 14 11 0 -1
1660 11 16 -1 0
1661 4 10 0 -1
1662 76 35 0 -1
1663 52 17 -1 0
1664 17 6 0 -1
1665 88 0 1 0
1666 91 18 0 1
1667 22 7 -1 0
1668 36 31 1 0
1669 30 5 1 0
1670 40 36 0 1
1671 43 15 0 -1
1672 46 6 0 -1
1673 37 24 -1 0
1674 93 6 0 1
1675 8 9 -1 0
1676 20 17 1 0
1677 80 6 1 0
1678 56 37 0 1
1679 48 28 0 -1
1680 95 4 1 0
1681 30 25 -1 0
1682 69 1 1 0
1683 73 9 0 1
1684 44 32 0 1
1685 11 8 1 0
1686 19 34 -1 0
1687 97 31 0 1
1688 45 35 0 1
1689 1 24 1 0
1690 40 23 1 0
1691 79 33 -1 0
1692 70 7 1 0
1693 44 18 0 1
1694 0 37 0 1
1695 9 0 -1 0
1696 38 26 0 1
1697 3 28 0 -1
1698 51 0 -1 0
1699 45 1 0 1
1700 48 22 0 -1
1701 39 7 0 -1
1702 29 29 -1 0
1703 92 8 0 -1
1704 39 22 -1 0
1705 39 31 0 1
1706 89 1 1 0
1707 82 0 0 -1
1708 89 24 1 0
1709 78 9 -1 0
1710 89 7 0 1
1711 61 23 1 0
1712 16 5 0 1
1713 11 32 0 -1
1714 84 29 0 1
1715 27 26 0 1
1716 78 15 0 -1
1717 54 17 1 0
1718 28 7 -1 0
1719 75 32 0 1
1720 92 4 -1 0
1721 13 3 -1 0
1722 67 19 0 -1
1723 55 37 -1 0
1724 44 22 -1 0
1725 24 39 -1 0
1726 25 10 1 0
1727 4 24 0 1
1728 24 14 0 1
1729 51 18 1 0
1730 92 13 -1 0
1731 28 8 1 0
1732 49 33 -1 0
1733 70 29 1 0
1734 54 5 1 0
1735 41 23 1 0
1736 57 13 0 1
1737 6 4 0 -1
1738 51 32 0 1
1739 6 24 1 0
1740 56 4 1 0
1741 9 23 1 0
1742 55 34 1 0
1743 0 13 0 1
1744 14 12 0 1
1745 26 19 0 -1
1746 84 1 1 0
1747 18 26 0 -1
1748 39 35 0 -1
1749 43 7 0 1
1750 6 30 0 -1
1751 17 11 1 0
1752 83 32 -1 0
1753 24 2 0 -1
1754 98 18 1 0
1755 23 38 1 0
1756 23 11 0 -1
1757 92 32 0 1
1758 36 26 0 1
1759 22 35 1 0
1760 3 7 0 -1
1761 91 9 1 0
1762 68 10 0 1
1763 24 18 0 1
1764 97 14 -1 0
1765 85 1 1 0
1766 83 26 0 -1
1767 60 17 1 0
1768 53 31 -1 0
1769 98 16 -1 0
1770 7 29 0 1
1771 68 33 1 0
1772 93 36 1 0
1773 29 27 1 0
1774 43 31 0 -1
1775 85 28 0 1
1776 44 23 0 -1
1777 48 5 -1 0
1778 36 37 0 -1
1779 59 21 0 -1
1780 83 29 1 0
1781 17 20 -1 0
1782 38 16 0 -1
1783 29 4 -1 0
1784 16 13 0 1
1785 24 1 0 -1
1786 89 23 0 1
1787 15 4 0 1
1788 22 39 -1 0
1789 75 17 -1 0
1790 40 17 0 1
1791 42 23 1 0
1792 50 12 1 0
1793 37 14 -1 0
1794 47 26 -1 0
1795 45 29 0 1
1796 85 19 -1 0
1797 98 16 0 1
1798 45 11 0 1
1799 24 31 0 1
1800 25 24 1 0
1801 8 9 1 0
1802 6 14 -1 0
1803 44 9 0 1
1804 38 7 -1 0
1805 41 33 0 1
1806 45 5 -1 0
1807 25 29 1 0
1808 23 34 1 0
1809 30 13 0 -1
1810 75 33 -1 0
1811 54 34 0 -1
1812 62 3 0 1
1813 83 1 1 0
1814 15 0 -1 0
1815 22 39 1 0
1816 59 17 1 0
1817 7 38 0 1
1818 70 26 1 0
1819 27 23 0 -1
1820 50 25 -1 0
1821 24 35 1 0
1822 98 8 0 1
1823 25 2 1 0
1824 62 39 0 1
1825 87 14 0 -1
1826 88 1 0 -1
1827 42 20 -1 0
1828 41 6 0 -1
1829 32 5 0 1
1830 13 32 -1 0
1831 59 37 0 -1
1832 46 16 -1 0
1833 56 24 -1 0
1834 27 25 0 -1
1835 18 18 0 -1
1836 93 14 0 1
1837 97 28 0 -1
1838 41 22 0 1
1839 41 15 0 -1
1840 52 34 0 -1
1841 58 18 0 -1
1842 95 2 0 1
1843 17 13 1 0
1844 85 28 1 0
1845 6 5 1 0
1846 62 31 0 1
1847 89 2 1 0
1848 23 24 0 -1
1849 22 34 1 0
1850 40 34 1 0
1851 59 24 -1 0
1852 98 27 -1 0
1853 91 36 -1 0
1854 31 5 -1 0
1855 27 10 -1 0
1856 96 24 0 -1
1857 22 38 -1 0
1858 1 38 1 0
1859 45 18 0 1
1860 86 20 0 -1
1861 96 28 0 1
1862 87 11 -1 0
1863 35 17 0 -1
1864 50 2 -1 0
1865 99 34 0 -1
1866 97 12 -1 0
1867 47 22 1 0
1868 23 27 -1 0
1869 93 26 0 1
1870 93 18 0 -1
1871 99 30 0 -1
1872 19 23 0 -1
1873 2 1 -1 0
1874 5 25 0 1
1875 17 10 0 1
1876 48 35 0 -1
1877 80 37 0 1
1878 38 39 -1 0
1879 78 4 0 -1
1880 5 19 1 0
1881 44 28 0 -1
1882 40 15 -1 0
1883 22 0 0 -1
1884 23 17 -1 0
1885 37 25 0 -1
1886 3 10 0 -1
1887 94 6 1 0
1888 41 35 -1 0
1889 15 22 0 1
1890 70 27 0 1
1891 2 35 0 -1
1892 6 30 -1 0
1893 23 33 0 -1
1894 0 26 0 1
1895 10 15 0 -1
1896 47 17 0 1
1897 60 15 1 0
1898 91 3 0 -1
1899 18 5 -1 0
1900 93 38 0 1
1901 14 20 1 0
1902 98 17 1 0
1903 39 24 0 1
1904 87 23 0 -1
1905 56 15 1 0
1906 49 17 -1 0
1907 16 37 1 0
1908 21 27 0 -1
1909 27 1 -1 0
1910 5 16 -1 0
1911 47 37 -1 0
1912 8 24 1 0
1913 1 11 0 -1
1914 42 3 0 -1
1915 29 22 1 0
1916 67 1 1 0
1917 10 27 0 -1
1918 20 27 0 1
1919 70 8 -1 0
1920 60 21 0 -1
1921 13 35 -1 0
1922 42 33 0 -1
1923 71 38 0 1
1924 81 19 -1 0
1925 26 27 -1 0
1926 98 30 0 1
1927 5 4 1 0
1928 7 15 -1 0
1929 11 3 1 0
1930 70 7 1 0
1931 91 25 0 -1
1932 3 6 0 -1
1933 70 12 0 1
1934 65 16 1 0
1935 40 13 -1 0
1936 14 27 0 -1
1937 82 9 1 0
1938 25 30 0 1
1939 77 14 0 1
1940 20 35 -1 0
1941 37 36 0 -1
1942 89 16 0 1
1943 64 30 1 0
1944 90 16 0 -1
1945 3 35 0 -1
1946 30 30 -1 0
1947 11 3 -1 0
1948 39 30 0 1
1949 9 16 1 0
1950 50 11 -1 0
1951 98 6 0 -1
1952 1 20 0 1
1953 45 30 1 0
1954 75 5 1 0
1955 26 27 -1 0
1956 74 2 0 -1
1957 30 22 1 0
1958 87 20 0 -1
1959 56 16 0 1
1960 67 5 0 -1
1961 29 18 0 -1
1962 97 19 -1 0
1963 58 15 -1 0
1964 94 12 0 1
1965 39 2 0 -1
1966 65 2 1 0
1967 55 37 0 1
1968 83 3 -1 0
1969 49 29 0 1
1970 48 31 -1 0
1971 75 5 0 1
1972 77 13 -1 0
1973 38 30 -1 0
1974 4 20 -1 0
1975 97 7 0 1
1976 62 36 -1 0
1977 28 37 0 1
1978 13 8 0 1
1979 83 15 1 0
1980 39 1 0 1
1981 46 2 -1 0
1982 44 32 1 0
1983 13 4 0 -1
1984 52 32 1 0
1985 77 1 1 0
1986 71 33 -1 0
1987 46 33 -1 0
1988 45 23 0 -1
1989 11 29 0 -1
1990 8 11 1 0
1991 46 8 1 0
1992 61 9 0 1
1993 82 17 0 -1
1994 43 38 -1 0
1995 52 29 0 -1
1996 98 29 1 0
1997 26 7 0 -1
1998 43 23 -1 0
1999 80 16 0 -1
