0 23 16 0 -1
1 81 8 1 0
2 98 4 1 0
3 83 38 -1 0
4 88 33 1 0
5 42 10 -1 0
6 38 17 1 0
7 73 22 0 1
8 88 8 -1 0
9 82 39 0 -1
10 46 32 1 0
11 27 23 0 1
12 92 19 1 0
13 54 7 0 1
14 30 18 0 1
15 25 19 0 -1
16 83 38 -1 0
17 36 32 -1 0
18 12 24 1 0
19 71 38 0 1
20 27 6 1 0
21 44 9 1 0
22 89 12 -1 0
23 78 16 0 1
24 45 9 0 1
25 43 11 -1 0
26 44 36 -1 0
27 95 10 1 0
28 19 30 1 0
29 87 22 -1 0
30 46 17 1 0
31 40 18 1 0
32 30 11 -1 0
33 31 2 -1 0
34 85 2 0 1
35 36 21 1 0
36 67 38 1 0
37 6 4 -1 0
38 25 25 0 -1
39 63 12 0 -1
40 5 14 1 0
41 68 39 0 -1
42 4 4 -1 0
43 24 3 0 1
44 22 25 0 -1
45 84 10 0 -1
46 68 19 -1 0
47 22 16 1 0
48 44 11 0 -1
49 91 3 1 0
50 53 16 1 0
51 22 12 1 0
52 15 21 0 -1
53 19 25 1 0
54 13 33 0 1
55 59 29 1 0
56 82 25 0 1
57 70 7 -1 0
58 39 21 0 1
59 20 39 -1 0
60 27 6 -1 0
61 37 21 1 0
62 3 33 0 1
63 40 34 0 1
64 56 1 0 1
65 46 1 0 1
66 97 28 1 0
67 24 0 0 1
68 2 23 1 0
69 40 25 0 1
70 43 10 1 0
71 77 7 0 1
72 49 19 0 1
73 8 11 1 0
74 13 9 0 1
75 78 36 0 -1
76 55 15 1 0
77 68 23 0 1
78 7 25 0 1
79 42 21 0 1
80 86 33 0 1
81 7 14 1 0
82 51 8 1 0
83 12 25 -1 0
84 99 33 -1 0
85 79 19 0 -1
86 48 4 -1 0
87 41 27 -1 0
88 38 25 0 -1
89 56 14 0 1
90 62 4 0 -1
91 7 33 -1 0
92 51 27 0 -1
93 41 32 1 0
94 75 34 0 -1
95 51 3 0 1
96 25 26 -1 0
97 54 4 1 0
98 28 9 -1 0
99 62 9 1 0
100 90 25 0 -1
101 8 19 1 0
102 21 29 0 -1
103 6 11 1 0
104 25 10 1 0
105 58 23 -1 0
106 1 25 0 1
107 30 39 -1 0
108 36 5 -1 0
109 83 19 0 1
110 11 18 0 -1
111 35 6 1 0
112 80 39 1 0
113 35 12 1 0
114 53 38 1 0
115 28 25 0 -1
116 9 28 -1 0
117 25 28 0 -1
118 13 15 0 1
119 61 4 1 0
120 87 37 -1 0
121 45 39 1 0
122 80 22 0 -1
123 40 11 1 0
124 50 19 0 -1
125 76 33 0 -1
126 74 39 -1 0
127 63 37 0 1
128 68 0 0 1
129 5 24 0 1
130 89 21 0 1
131 78 2 0 -1
132 41 38 -1 0
133 10 23 -1 0
134 24 4 1 0
135 64 34 0 -1
136 21 7 0 1
137 88 14 0 -1
138 29 1 -1 0
139 17 14 0 1
140 70 34 -1 0
141 16 6 0 -1
142 7 25 0 -1
143 18 24 1 0
144 54 34 0 -1
145 42 6 -1 0
146 10 3 0 1
147 3 36 0 1
148 39 29 0 -1
149 98 34 0 1
150 50 38 0 -1
151 37 32 1 0
152 39 13 1 0
153 85 20 0 1
154 88 0 -1 0
155 18 4 0 1
156 1 27 0 1
157 94 3 1 0
158 20 36 0 -1
159 20 16 0 1
160 52 14 0 -1
161 43 5 1 0
162 37 22 0 1
163 84 20 0 -1
164 8 12 1 0
165 93 16 0 1
166 12 0 1 0
167 66 38 -1 0
168 40 2 0 -1
169 81 25 1 0
170 25 32 1 0
171 57 8 -1 0
172 69 22 0 -1
173 53 1 0 1
174 38 11 -1 0
175 8 12 1 0
176 46 11 0 1
177 85 28 1 0
178 10 19 0 -1
179 15 6 1 0
180 68 1 0 -1
181 24 13 0 1
182 72 12 0 -1
183 97 4 1 0
184 98 1 1 0
185 40 19 0 1
186 5 38 -1 0
187 65 39 -1 0
188 26 39 -1 0
189 16 2 0 1
190 58 14 1 0
191 13 13 0 -1
192 12 13 0 -1
193 27 14 -1 0
194 39 28 -1 0
195 0 11 0 -1
196 45 4 0 1
197 92 6 0 -1
198 78 18 0 -1
199 52 39 0 1
200 81 15 1 0
201 9 7 1 0
202 44 30 0 1
203 8 22 0 1
204 56 6 -1 0
205 88 6 0 -1
206 5 23 0 -1
207 88 24 0 1
208 94 5 -1 0
209 37 3 0 1
210 14 16 1 0
211 91 30 1 0
212 95 24 1 0
213 5 20 1 0
214 42 21 -1 0
215 82 0 1 0
216 22 27 -1 0
217 6 27 -1 0
218 25 30 -1 0
219 89 0 1 0
220 3 9 1 0
221 27 31 -1 0
222 45 35 0 1
223 20 26 0 1
224 39 35 -1 0
225 95 5 0 1
226 48 20 0 1
227 82 8 1 0
228 43 19 0 -1
229 24 22 0 1
230 18 31 0 1
231 20 34 0 1
232 69 38 1 0
233 13 28 -1 0
234 43 20 -1 0
235 49 29 1 0
236 42 7 1 0
237 21 21 0 1
238 46 37 0 -1
239 47 22 0 -1
240 17 24 -1 0
241 62 25 1 0
242 99 4 0 1
243 19 31 1 0
244 22 6 0 1
245 4 2 -1 0
246 4 38 1 0
247 98 12 0 1
248 41 25 -1 0
249 48 21 0 1
250 61 20 0 1
251 4 16 -1 0
252 97 18 0 1
253 17 12 0 1
254 42 9 0 -1
255 59 14 0 -1
256 95 27 -1 0
257 19 8 1 0
258 64 39 1 0
259 57 1 1 0
260 89 13 0 -1
261 79 21 -1 0
262 8 32 -1 0
263 6 2 0 -1
264 32 18 0 -1
265 40 30 0 1
266 73 34 -1 0
267 37 38 0 1
268 46 1 0 1
269 21 24 1 0
270 9 0 0 1
271 48 13 0 -1
272 66 32 1 0
273 89 23 1 0
274 48 29 0 1
275 28 21 0 -1
276 45 31 1 0
277 38 31 0 1
278 44 15 0 1
279 91 27 1 0
280 9 29 0 -1
281 55 22 0 1
282 48 27 0 1
283 21 21 -1 0
284 11 21 0 1
285 60 3 0 1
286 49 37 0 -1
287 64 38 0 -1
288 38 17 0 -1
289 46 21 0 1
290 38 35 -1 0
291 88 4 0 -1
292 2 36 -1 0
293 81 22 1 0
294 54 1 0 -1
295 40 39 0 1
296 91 9 -1 0
297 38 37 0 -1
298 40 21 0 1
299 39 6 -1 0
300 55 20 -1 0
301 9 3 1 0
302 24 8 -1 0
303 69 39 0 -1
304 95 37 -1 0
305 17 29 0 1
306 36 0 -1 0
307 92 3 1 0
308 46 29 -1 0
309 89 22 1 0
310 58 39 0 1
311 77 8 1 0
312 78 36 0 -1
313 46 22 -1 0
314 65 23 0 -1
315 4 30 1 0
316 44 37 0 -1
317 64 35 1 0
318 49 6 0 1
319 6 12 1 0
320 22 13 0 1
321 4 18 -1 0
322 97 19 0 -1
323 26 37 1 0
324 80 30 0 1
325 23 13 -1 0
326 70 10 0 1
327 96 33 0 1
328 2 30 1 0
329 10 26 -1 0
330 22 39 0 1
331 26 38 -1 0
332 62 14 1 0
333 74 18 0 -1
334 82 20 0 1
335 52 35 -1 0
336 8 38 -1 0
337 89 25 -1 0
338 98 2 0 -1
339 39 22 -1 0
340 76 19 0 1
341 68 27 0 -1
342 93 22 0 -1
343 99 11 -1 0
344 9 15 -1 0
345 76 31 1 0
346 44 24 0 -1
347 59 10 1 0
348 22 10 0 1
349 12 20 0 -1
350 39 39 0 1
351 48 14 0 -1
352 6 34 0 -1
353 43 7 1 0
354 41 35 1 0
355 11 6 0 -1
356 26 5 -1 0
357 10 26 0 1
358 45 5 0 1
359 53 4 0 1
360 22 26 -1 0
361 54 26 0 -1
362 44 4 -1 0
363 92 25 0 1
364 32 28 -1 0
365 77 29 -1 0
366 79 16 1 0
367 93 31 0 -1
368 59 27 1 0
369 86 27 0 -1
370 30 30 0 -1
371 15 24 0 1
372 21 12 1 0
373 57 37 -1 0
374 48 10 0 -1
375 81 12 1 0
376 51 28 1 0
377 57 15 0 1
378 10 24 0 -1
379 50 4 -1 0
380 26 11 -1 0
381 90 23 -1 0
382 16 5 1 0
383 78 9 -1 0
384 52 11 0 -1
385 93 25 -1 0
386 95 7 0 1
387 61 9 0 1
388 21 20 0 1
389 53 24 -1 0
390 20 32 0 1
391 3 33 0 1
392 87 39 1 0
393 52 12 -1 0
394 10 30 0 1
395 68 8 -1 0
396 40 31 -1 0
397 25 18 1 0
398 36 12 -1 0
399 86 39 1 0
400 65 11 0 1
401 37 16 0 1
402 49 32 -1 0
403 46 26 0 -1
404 88 18 0 1
405 46 16 0 -1
406 96 17 -1 0
407 55 23 1 0
408 10 32 -1 0
409 22 3 0 1
410 66 31 0 1
411 57 15 0 1
412 44 2 0 1
413 15 29 0 -1
414 4 30 -1 0
415 75 32 1 0
416 28 6 0 1
417 12 20 1 0
418 9 27 -1 0
419 12 30 0 -1
420 96 4 0 1
421 4 35 0 -1
422 51 9 -1 0
423 88 30 0 -1
424 91 28 0 1
425 58 0 1 0
426 77 36 0 -1
427 87 12 0 -1
428 5 10 0 -1
429 30 38 0 -1
430 56 7 0 1
431 99 17 1 0
432 11 30 0 1
433 89 3 0 -1
434 12 32 0 -1
435 43 19 1 0
436 98 27 0 -1
437 94 5 1 0
438 74 10 0 1
439 44 1 -1 0
440 97 0 0 -1
441 42 38 -1 0
442 12 19 1 0
443 55 35 -1 0
444 20 38 1 0
445 12 15 0 -1
446 44 32 0 -1
447 87 19 0 1
448 29 0 1 0
449 27 3 0 1
450 19 31 1 0
451 7 12 1 0
452 37 18 0 -1
453 15 30 0 1
454 87 33 0 1
455 99 22 -1 0
456 11 13 0 -1
457 2 36 -1 0
458 3 29 0 -1
459 39 33 -1 0
460 10 15 -1 0
461 74 7 -1 0
462 23 39 -1 0
463 6 32 0 1
464 16 27 -1 0
465 28 24 0 1
466 49 9 0 -1
467 27 20 0 -1
468 81 5 0 -1
469 95 15 0 -1
470 56 8 0 -1
471 48 17 0 -1
472 23 34 0 -1
473 63 0 1 0
474 8 24 1 0
475 41 24 1 0
476 47 30 -1 0
477 22 31 0 1
478 18 39 -1 0
479 28 11 0 -1
480 78 21 -1 0
481 26 34 0 -1
482 77 3 0 1
483 37 4 1 0
484 37 37 -1 0
485 79 3 0 1
486 29 3 -1 0
487 46 2 0 -1
488 45 8 -1 0
489 20 13 1 0
490 40 6 -1 0
491 42 28 0 -1
492 39 26 -1 0
493 94 30 0 1
494 16 26 1 0
495 0 4 0 -1
496 39 11 -1 0
497 36 32 0 1
498 18 38 0 -1
499 52 1 0 -1
500 43 24 0 1
501 42 1 1 0
502 41 12 -1 0
503 27 26 -1 0
504 91 8 1 0
505 83 35 1 0
506 0 3 0 1
507 78 1 0 -1
508 53 15 1 0
509 83 4 1 0
510 43 27 -1 0
511 83 33 0 1
512 99 29 1 0
513 63 26 1 0
514 41 33 1 0
515 16 21 1 0
516 44 23 1 0
517 36 22 -1 0
518 40 32 0 -1
519 20 32 0 1
520 6 16 1 0
521 14 22 1 0
522 7 39 1 0
523 47 37 -1 0
524 81 16 1 0
525 29 12 0 -1
526 86 17 0 1
527 22 33 0 -1
528 58 19 -1 0
529 21 34 0 -1
530 98 5 0 -1
531 80 5 -1 0
532 7 34 1 0
533 91 13 0 -1
534 59 23 0 1
535 94 3 0 1
536 69 39 0 -1
537 89 2 0 -1
538 78 33 1 0
539 73 35 0 -1
540 12 29 -1 0
541 42 16 -1 0
542 63 11 0 -1
543 80 15 0 1
544 23 33 1 0
545 5 26 0 -1
546 23 2 0 -1
547 0 28 0 1
548 37 25 -1 0
549 3 6 0 -1
550 17 9 0 1
551 47 9 0 1
552 77 2 1 0
553 92 15 1 0
554 28 32 0 -1
555 46 6 0 -1
556 1 32 -1 0
557 25 33 1 0
558 62 29 1 0
559 96 2 1 0
560 73 9 0 -1
561 20 18 -1 0
562 18 20 0 -1
563 9 4 0 1
564 9 18 -1 0
565 42 31 1 0
566 27 4 0 -1
567 85 1 -1 0
568 42 39 0 1
569 84 18 0 1
570 23 14 -1 0
571 18 5 -1 0
572 96 3 -1 0
573 58 29 -1 0
574 83 31 1 0
575 45 4 -1 0
576 49 8 0 1
577 49 25 0 -1
578 18 13 1 0
579 1 13 0 1
580 54 25 -1 0
581 23 24 1 0
582 28 31 0 -1
583 46 14 0 -1
584 41 13 1 0
585 48 32 0 1
586 45 28 -1 0
587 13 5 0 1
588 44 15 1 0
589 47 6 0 -1
590 66 26 0 1
591 41 8 1 0
592 15 24 0 1
593 6 23 -1 0
594 61 1 0 1
595 43 25 0 1
596 65 19 0 -1
597 93 20 -1 0
598 12 7 0 1
599 72 5 1 0
600 98 36 -1 0
601 4 2 -1 0
602 48 10 0 -1
603 43 8 1 0
604 61 26 0 -1
605 26 0 0 1
606 11 38 0 -1
607 41 37 0 1
608 23 4 0 -1
609 72 35 -1 0
610 24 3 -1 0
611 0 17 0 -1
612 20 29 1 0
613 70 0 -1 0
614 78 28 -1 0
615 87 18 0 -1
616 83 37 0 1
617 12 1 0 1
618 15 25 -1 0
619 94 9 -1 0
620 37 36 -1 0
621 64 26 -1 0
622 94 15 1 0
623 0 7 0 1
624 3 30 -1 0
625 10 14 0 1
626 61 39 -1 0
627 6 1 -1 0
628 4 10 0 -1
629 95 19 0 -1
630 42 20 -1 0
631 4 6 1 0
632 18 3 -1 0
633 0 33 -1 0
634 17 30 0 1
635 2 33 -1 0
636 31 16 -1 0
637 16 36 -1 0
638 27 15 0 1
639 29 10 -1 0
640 62 1 -1 0
641 16 25 1 0
642 0 11 -1 0
643 51 4 0 -1
644 97 33 0 -1
645 25 5 1 0
646 3 16 0 -1
647 22 24 1 0
648 35 21 0 1
649 75 4 0 1
650 42 4 0 1
651 35 14 1 0
652 94 7 0 1
653 74 1 0 -1
654 16 24 0 1
655 12 14 0 1
656 33 4 0 -1
657 46 20 0 1
658 23 8 1 0
659 82 10 0 -1
660 88 28 0 -1
661 26 10 0 1
662 97 5 0 1
663 43 26 0 1
664 80 7 0 -1
665 31 17 -1 0
666 69 21 0 1
667 4 28 0 -1
668 87 25 1 0
669 39 22 1 0
670 57 29 0 -1
671 89 31 -1 0
672 85 3 -1 0
673 45 10 1 0
674 7 39 -1 0
675 53 15 0 -1
676 19 21 0 -1
677 56 5 -1 0
678 4 9 0 -1
679 52 22 0 -1
680 45 38 -1 0
681 71 10 0 1
682 11 23 0 1
683 8 27 1 0
684 46 14 -1 0
685 47 11 -1 0
686 92 31 -1 0
687 78 24 -1 0
688 21 39 0 -1
689 46 24 0 -1
690 72 11 0 1
691 26 11 0 -1
692 38 3 0 -1
693 27 27 0 -1
694 28 30 1 0
695 85 33 -1 0
696 45 38 0 -1
697 78 34 0 1
698 39 22 0 1
699 50 28 -1 0
700 36 24 1 0
701 43 5 -1 0
702 0 13 1 0
703 18 31 0 -1
704 9 31 0 -1
705 94 10 0 -1
706 96 3 0 -1
707 82 21 0 -1
708 41 8 -1 0
709 12 25 0 -1
710 39 31 0 -1
711 52 1 -1 0
712 14 36 0 1
713 19 36 1 0
714 57 35 1 0
715 93 36 1 0
716 29 35 0 -1
717 29 34 0 -1
718 27 16 -1 0
719 24 3 0 1
720 15 13 -1 0
721 18 30 0 1
722 99 24 -1 0
723 3 29 0 1
724 53 34 1 0
725 41 35 -1 0
726 52 10 0 -1
727 2 30 0 -1
728 22 33 1 0
729 9 28 0 1
730 50 22 -1 0
731 51 31 1 0
732 42 3 0 -1
733 37 5 0 1
734 60 27 -1 0
735 99 31 -1 0
736 16 33 0 -1
737 49 28 1 0
738 5 14 -1 0
739 78 24 0 1
740 98 9 0 1
741 59 39 0 -1
742 97 19 -1 0
743 11 15 1 0
744 84 34 0 1
745 97 37 0 -1
746 0 39 0 1
747 3 31 0 1
748 86 12 0 1
749 55 15 0 -1
750 83 19 -1 0
751 26 19 1 0
752 38 26 1 0
753 1 38 1 0
754 91 39 -1 0
755 1 23 -1 0
756 12 22 0 1
757 52 33 -1 0
758 1 35 0 -1
759 96 22 1 0
760 98 36 -1 0
761 92 29 0 1
762 33 11 0 -1
763 43 20 0 -1
764 94 12 1 0
765 76 35 -1 0
766 34 15 -1 0
767 2 15 0 -1
768 87 4 1 0
769 94 27 -1 0
770 81 4 0 1
771 18 27 0 -1
772 51 8 0 1
773 82 9 1 0
774 29 36 1 0
775 39 20 1 0
776 47 19 -1 0
777 45 22 0 1
778 39 16 1 0
779 28 21 -1 0
780 83 12 1 0
781 78 3 -1 0
782 71 8 -1 0
783 76 20 1 0
784 46 12 1 0
785 48 16 0 1
786 92 27 0 -1
787 44 39 0 1
788 69 31 1 0
789 46 11 -1 0
790 87 24 0 1
791 7 8 -1 0
792 92 37 1 0
793 22 33 0 1
794 43 32 1 0
795 69 6 1 0
796 40 2 0 1
797 5 21 -1 0
798 99 2 0 -1
799 87 18 0 1
800 92 31 0 -1
801 55 20 1 0
802 94 19 0 -1
803 83 24 1 0
804 66 38 0 -1
805 57 10 -1 0
806 42 26 0 -1
807 15 4 1 0
808 79 21 -1 0
809 59 0 1 0
810 29 17 1 0
811 50 32 0 1
812 44 1 0 1
813 47 27 0 1
814 18 10 -1 0
815 73 23 0 -1
816 6 5 0 1
817 97 8 0 1
818 73 29 -1 0
819 40 7 -1 0
820 25 29 1 0
821 88 7 0 1
822 58 19 0 -1
823 51 6 -1 0
824 47 1 0 -1
825 43 36 1 0
826 69 36 1 0
827 23 21 -1 0
828 67 18 0 -1
829 15 37 -1 0
830 2 23 -1 0
831 40 1 1 0
832 11 18 1 0
833 63 3 1 0
834 44 13 -1 0
835 62 28 -1 0
836 51 6 -1 0
837 5 31 0 1
838 13 6 1 0
839 59 28 -1 0
840 25 29 -1 0
841 91 31 0 1
842 54 18 1 0
843 26 2 1 0
844 23 27 -1 0
845 47 36 0 -1
846 75 38 0 1
847 42 30 1 0
848 40 10 0 1
849 68 28 0 1
850 82 33 0 1
851 13 31 -1 0
852 18 20 0 -1
853 84 32 0 -1
854 89 6 -1 0
855 81 31 -1 0
856 80 29 1 0
857 18 39 1 0
858 44 32 1 0
859 27 16 0 -1
860 15 20 1 0
861 24 27 -1 0
862 29 14 -1 0
863 10 38 0 1
864 7 6 1 0
865 82 7 0 1
866 38 39 -1 0
867 25 5 0 -1
868 46 35 0 -1
869 41 5 0 1
870 10 10 0 -1
871 69 31 0 -1
872 10 30 1 0
873 1 36 0 1
874 21 37 -1 0
875 28 7 0 1
876 0 31 1 0
877 5 11 -1 0
878 30 33 0 1
879 12 12 0 -1
880 82 1 0 -1
881 54 9 -1 0
882 25 6 0 -1
883 91 13 1 0
884 37 5 1 0
885 53 31 -1 0
886 81 20 0 1
887 37 1 -1 0
888 62 14 1 0
889 20 8 1 0
890 5 12 -1 0
891 51 38 -1 0
892 57 24 -1 0
893 73 5 -1 0
894 7 26 1 0
895 77 7 0 1
896 82 7 1 0
897 60 34 1 0
898 83 36 1 0
899 75 5 1 0
900 80 37 0 -1
901 51 8 1 0
902 68 34 -1 0
903 73 10 0 1
904 3 3 1 0
905 25 8 0 1
906 80 28 0 -1
907 63 23 1 0
908 93 32 1 0
909 2 17 -1 0
910 59 36 0 1
911 54 0 0 1
912 57 37 -1 0
913 49 21 0 1
914 1 9 1 0
915 48 39 0 -1
916 90 26 1 0
917 92 3 0 -1
918 16 6 0 -1
919 40 0 1 0
920 24 11 0 -1
921 76 7 1 0
922 93 34 1 0
923 58 17 1 0
924 95 1 -1 0
925 22 9 0 -1
926 41 18 -1 0
927 66 5 0 1
928 47 20 0 -1
929 99 10 -1 0
930 43 0 0 -1
931 37 8 -1 0
932 77 17 -1 0
933 54 19 1 0
934 27 7 0 1
935 46 10 0 1
936 50 15 -1 0
937 23 9 -1 0
938 7 25 0 1
939 51 16 -1 0
940 15 25 0 1
941 8 28 -1 0
942 14 8 0 -1
943 4 36 0 1
944 14 37 0 1
945 25 32 0 -1
946 74 35 0 1
947 40 34 1 0
948 20 33 -1 0
949 40 36 0 1
950 69 5 0 -1
951 48 30 1 0
952 45 3 0 1
953 85 15 0 1
954 25 2 0 1
955 37 18 0 1
956 0 21 -1 0
957 9 26 0 1
958 10 34 0 1
959 3 25 1 0
960 50 1 1 0
961 53 27 -1 0
962 27 15 0 -1
963 80 19 -1 0
964 45 17 0 1
965 21 3 1 0
966 1 5 1 0
967 40 1 0 -1
968 93 1 -1 0
969 39 23 0 -1
970 22 25 0 1
971 67 30 1 0
972 23 17 -1 0
973 98 7 1 0
974 28 19 0 -1
975 83 14 1 0
976 92 32 1 0
977 20 37 1 0
978 26 18 0 -1
979 12 11 1 0
980 55 23 0 -1
981 69 3 0 -1
982 68 22 1 0
983 20 15 1 0
984 15 31 0 1
985 51 7 -1 0
986 14 3 -1 0
987 94 26 0 -1
988 0 28 0 1
989 79 37 0 1
990 86 30 0 -1
991 50 16 1 0
992 7 33 -1 0
993 9 3 0 1
994 64 12 0 1
995 95 24 0 -1
996 28 29 1 0
997 28 5 1 0
998 25 16 1 0
999 93 26 0 -1
1000 89 31 0 -1
1001 62 4 -1 0
1002 12 37 0 1
1003 79 31 -1 0
1004 6 35 -1 0
1005 46 31 1 0
1006 98 10 1 0
1007 42 36 0 1
1008 2 32 0 1
1009 73 12 0 1
1010 26 4 0 1
1011 24 18 1 0
1012 29 11 0 1
1013 56 27 0 -1
1014 60 33 0 1
1015 57 39 0 -1
1016 48 29 0 1
1017 71 31 -1 0
1018 45 19 -1 0
1019 9 37 1 0
1020 43 26 -1 0
1021 65 0 1 0
1022 86 20 1 0
1023 94 18 1 0
1024 95 12 1 0
1025 7 17 1 0
1026 31 23 0 1
1027 39 25 -1 0
1028 68 39 0 1
1029 41 33 0 -1
1030 44 2 1 0
1031 31 18 0 -1
1032 51 12 0 1
1033 68 4 -1 0
1034 23 3 0 -1
1035 37 9 -1 0
1036 23 13 0 1
1037 40 16 0 1
1038 74 37 0 1
1039 52 33 -1 0
1040 9 33 -1 0
1041 86 29 1 0
1042 76 9 0 1
1043 27 7 -1 0
1044 20 25 0 -1
1045 88 22 -1 0
1046 92 9 0 -1
1047 20 7 1 0
1048 47 28 -1 0
1049 24 28 1 0
1050 85 36 1 0
1051 25 9 -1 0
1052 80 31 -1 0
1053 58 19 0 1
1054 83 18 -1 0
1055 85 14 -1 0
1056 58 21 1 0
1057 17 4 0 -1
1058 57 25 0 -1
1059 80 29 1 0
1060 53 35 0 1
1061 79 36 0 -1
1062 17 38 1 0
1063 16 25 1 0
1064 26 3 -1 0
1065 29 36 0 -1
1066 88 34 -1 0
1067 76 2 0 1
1068 10 17 0 -1
1069 43 11 0 -1
1070 10 35 -1 0
1071 52 17 0 1
1072 88 15 1 0
1073 6 0 1 0
1074 91 7 0 1
1075 92 26 0 1
1076 18 10 1 0
1077 96 36 0 -1
1078 39 35 -1 0
1079 23 28 1 0
1080 23 37 -1 0
1081 37 11 1 0
1082 50 18 0 -1
1083 43 38 -1 0
1084 51 2 1 0
1085 20 36 -1 0
1086 55 20 0 -1
1087 39 25 0 1
1088 0 14 1 0
1089 43 35 0 1
1090 36 31 0 -1
1091 37 37 1 0
1092 41 1 -1 0
1093 54 36 1 0
1094 69 26 0 1
1095 83 17 0 -1
1096 71 29 -1 0
1097 0 30 1 0
1098 52 39 -1 0
1099 15 26 1 0
1100 0 4 1 0
1101 26 36 1 0
1102 37 36 -1 0
1103 21 27 0 1
1104 52 31 0 1
1105 19 4 1 0
1106 9 18 0 1
1107 55 37 0 -1
1108 6 35 1 0
1109 40 11 0 -1
1110 79 36 0 -1
1111 57 27 1 0
1112 39 18 0 -1
1113 27 13 1 0
1114 65 6 1 0
1115 58 33 0 -1
1116 99 29 0 1
1117 72 30 0 -1
1118 28 6 0 1
1119 81 31 0 1
1120 89 20 0 -1
1121 2 8 0 -1
1122 19 17 0 -1
1123 97 23 0 1
1124 95 37 -1 0
1125 40 29 -1 0
1126 2 7 0 1
1127 18 29 -1 0
1128 27 0 0 1
1129 54 31 1 0
1130 17 11 1 0
1131 42 26 -1 0
1132 45 6 0 -1
1133 76 7 0 1
1134 40 36 -1 0
1135 0 32 0 -1
1136 80 0 0 -1
1137 38 6 -1 0
1138 13 34 0 -1
1139 21 15 1 0
1140 60 37 0 -1
1141 40 16 1 0
1142 61 27 0 -1
1143 93 14 0 -1
1144 23 25 -1 0
1145 0 28 0 1
1146 76 34 0 1
1147 46 39 0 -1
1148 24 10 0 -1
1149 63 35 0 -1
1150 39 14 -1 0
1151 25 6 1 0
1152 11 37 -1 0
1153 42 19 0 -1
1154 26 17 0 1
1155 95 2 0 -1
1156 7 21 1 0
1157 92 32 0 -1
1158 8 17 -1 0
1159 94 24 0 -1
1160 76 1 1 0
1161 19 21 0 -1
1162 40 33 0 -1
1163 54 10 0 1
1164 67 19 0 1
1165 33 4 0 1
1166 25 9 0 1
1167 88 37 0 1
1168 26 15 1 0
1169 37 1 1 0
1170 3 21 1 0
1171 8 19 -1 0
1172 72 9 -1 0
1173 40 1 1 0
1174 21 18 1 0
1175 84 10 0 -1
1176 59 11 -1 0
1177 10 36 0 -1
1178 47 23 -1 0
1179 91 37 0 -1
1180 92 14 -1 0
1181 16 15 -1 0
1182 85 11 0 -1
1183 85 28 1 0
1184 26 15 0 1
1185 41 34 -1 0
1186 69 26 0 1
1187 50 37 0 -1
1188 96 6 1 0
1189 20 13 -1 0
1190 99 23 0 -1
1191 20 13 1 0
1192 82 31 0 -1
1193 78 16 0 1
1194 89 23 -1 0
1195 51 11 1 0
1196 95 33 0 1
1197 67 6 -1 0
1198 58 15 -1 0
1199 99 39 0 -1
1200 39 31 1 0
1201 73 13 -1 0
1202 29 28 -1 0
1203 31 26 -1 0
1204 10 9 1 0
1205 66 23 -1 0
1206 55 18 0 1
1207 9 15 1 0
1208 39 38 0 -1
1209 38 30 0 -1
1210 18 17 -1 0
1211 98 29 -1 0
1212 84 16 -1 0
1213 21 15 1 0
1214 27 33 -1 0
1215 42 24 -1 0
1216 16 28 0 -1
1217 4 9 0 1
1218 89 21 1 0
1219 70 19 0 -1
1220 49 3 -1 0
1221 22 1 1 0
1222 73 21 0 -1
1223 16 16 -1 0
1224 4 32 0 -1
1225 45 26 -1 0
1226 42 24 1 0
1227 52 6 1 0
1228 94 36 1 0
1229 15 21 1 0
1230 83 24 1 0
1231 39 6 1 0
1232 24 8 -1 0
1233 4 20 -1 0
1234 42 32 1 0
1235 43 3 1 0
1236 45 21 0 -1
1237 8 1 -1 0
1238 72 4 0 1
1239 50 4 -1 0
1240 96 21 0 -1
1241 61 5 0 -1
1242 14 29 1 0
1243 91 3 0 -1
1244 19 29 -1 0
1245 46 21 0 -1
1246 42 39 -1 0
1247 22 13 1 0
1248 18 24 1 0
1249 50 2 -1 0
1250 81 3 1 0
1251 42 1 1 0
1252 8 4 1 0
1253 48 4 -1 0
1254 25 12 0 1
1255 37 31 0 1
1256 39 23 0 -1
1257 7 18 -1 0
1258 98 18 0 -1
1259 51 27 0 -1
1260 53 34 -1 0
1261 63 28 0 -1
1262 85 37 -1 0
1263 20 21 -1 0
1264 51 20 1 0
1265 25 8 0 1
1266 60 34 1 0
1267 16 30 0 1
1268 61 8 0 1
1269 99 25 0 1
1270 92 21 1 0
1271 59 7 1 0
1272 46 33 -1 0
1273 64 23 1 0
1274 22 3 0 1
1275 84 16 0 -1
1276 2 2 -1 0
1277 99 33 0 1
1278 59 0 0 1
1279 9 9 0 1
1280 71 19 1 0
1281 69 34 0 1
1282 7 10 1 0
1283 9 33 0 -1
1284 91 10 0 -1
1285 17 21 1 0
1286 6 16 0 1
1287 7 32 -1 0
1288 40 29 0 1
1289 99 37 1 0
1290 74 3 0 -1
1291 23 6 0 1
1292 72 38 0 -1
1293 7 11 -1 0
1294 91 4 -1 0
1295 19 39 -1 0
1296 8 30 0 -1
1297 50 22 0 1
1298 84 18 1 0
1299 37 17 1 0
1300 7 12 1 0
1301 78 22 1 0
1302 44 25 0 -1
1303 30 23 1 0
1304 16 10 0 -1
1305 70 4 -1 0
1306 92 3 1 0
1307 37 13 0 1
1308 41 8 0 1
1309 25 18 1 0
1310 38 24 -1 0
1311 21 7 0 1
1312 21 28 -1 0
1313 20 1 1 0
1314 22 36 0 1
1315 55 7 0 1
1316 13 22 0 -1
1317 17 30 0 1
1318 16 20 1 0
1319 38 7 -1 0
1320 26 12 -1 0
1321 6 9 -1 0
1322 44 15 0 1
1323 48 32 -1 0
1324 21 30 1 0
1325 31 12 0 -1
1326 1 7 1 0
1327 37 0 0 1
1328 55 37 0 -1
1329 97 2 1 0
1330 97 31 0 1
1331 62 32 0 -1
1332 15 34 0 -1
1333 18 38 0 1
1334 19 22 1 0
1335 25 2 0 -1
1336 55 30 -1 0
1337 61 35 0 -1
1338 98 26 0 -1
1339 36 2 -1 0
1340 44 2 -1 0
1341 29 3 1 0
1342 97 19 -1 0
1343 60 24 -1 0
1344 24 17 -1 0
1345 23 26 0 1
1346 19 20 -1 0
1347 94 35 -1 0
1348 18 0 -1 0
1349 3 28 1 0
1350 77 24 0 -1
1351 94 10 0 -1
1352 25 34 1 0
1353 60 17 1 0
1354 68 4 1 0
1355 4 15 0 -1
1356 1 39 0 1
1357 5 27 0 1
1358 73 8 0 1
1359 73 0 0 -1
1360 97 39 -1 0
1361 96 22 -1 0
1362 9 2 -1 0
1363 19 11 0 1
1364 76 31 0 1
1365 50 3 -1 0
1366 29 27 -1 0
1367 91 33 0 1
1368 97 23 0 -1
1369 89 38 -1 0
1370 97 37 -1 0
1371 93 10 -1 0
1372 94 24 1 0
1373 98 31 0 -1
1374 40 31 -1 0
1375 24 38 1 0
1376 88 14 -1 0
1377 73 7 1 0
1378 2 15 1 0
1379 68 26 1 0
1380 65 15 0 -1
1381 7 19 -1 0
1382 78 34 0 -1
1383 36 37 -1 0
1384 53 3 0 1
1385 75 25 -1 0
1386 53 32 -1 0
1387 43 4 0 -1
1388 60 35 0 1
1389 68 26 0 1
1390 12 19 0 1
1391 16 8 1 0
1392 13 20 0 1
1393 93 18 0 -1
1394 65 36 0 1
1395 99 6 0 1
1396 88 15 0 1
1397 37 37 0 -1
1398 60 32 1 0
1399 18 10 1 0
1400 23 30 1 0
1401 56 34 0 -1
1402 16 27 1 0
1403 81 32 0 -1
1404 99 12 0 -1
1405 79 18 0 -1
1406 58 27 0 1
1407 98 34 0 1
1408 52 23 1 0
1409 64 2 -1 0
1410 20 35 0 -1
1411 0 20 1 0
1412 6 14 -1 0
1413 0 18 -1 0
1414 9 5 1 0
1415 16 28 0 -1
1416 5 0 0 1
1417 37 28 0 -1
1418 27 35 -1 0
1419 89 9 0 -1
1420 74 14 0 -1
1421 70 23 1 0
1422 46 19 -1 0
1423 58 24 0 -1
1424 41 0 0 -1
1425 29 19 0 1
1426 25 18 1 0
1427 19 0 0 1
1428 59 36 1 0
1429 79 5 0 1
1430 92 34 0 1
1431 41 6 1 0
1432 40 29 0 1
1433 2 5 0 -1
1434 80 18 1 0
1435 42 20 1 0
1436 0 1 1 0
1437 29 37 1 0
1438 66 20 1 0
1439 4 15 -1 0
1440 54 9 0 -1
1441 2 12 1 0
1442 11 35 0 1
1443 44 9 1 0
1444 99 3 -1 0
1445 59 30 0 1
1446 40 4 1 0
1447 8 31 -1 0
1448 63 0 0 -1
1449 38 1 1 0
1450 76 36 1 0
1451 39 24 0 -1
1452 23 25 0 1
1453 17 3 0 -1
1454 27 27 -1 0
1455 95 30 0 1
1456 90 4 0 -1
1457 86 11 0 -1
1458 64 17 -1 0
1459 85 33 0 -1
1460 23 6 1 0
1461 23 37 -1 0
1462 94 9 -1 0
1463 20 15 -1 0
1464 4 30 1 0
1465 14 1 1 0
1466 81 21 0 -1
1467 43 2 0 1
1468 5 34 0 -1
1469 65 22 0 -1
1470 53 19 0 -1
1471 17 0 0 -1
1472 44 14 0 1
1473 16 39 0 1
1474 90 7 1 0
1475 23 32 0 1
1476 41 30 1 0
1477 38 11 1 0
1478 58 30 -1 0
1479 96 39 -1 0
1480 4 32 0 -1
1481 55 24 0 -1
1482 22 2 1 0
1483 58 2 0 1
1484 81 15 1 0
1485 11 28 0 -1
1486 71 27 0 -1
1487 90 29 -1 0
1488 24 0 1 0
1489 90 34 0 -1
1490 7 9 0 1
1491 22 7 0 1
1492 84 25 1 0
1493 1 23 1 0
1494 3 30 0 1
1495 91 20 -1 0
1496 97 11 -1 0
1497 26 8 -1 0
1498 2 33 0 -1
1499 7 22 -1 0
1500 4 5 1 0
1501 68 21 1 0
1502 42 23 -1 0
1503 54 27 1 0
1504 81 3 0 1
1505 6 0 0 -1
1506 99 36 -1 0
1507 95 34 0 -1
1508 71 25 0 1
1509 8 12 -1 0
1510 26 4 1 0
1511 15 33 0 1
1512 22 18 0 -1
1513 69 9 -1 0
1514 83 25 0 -1
1515 14 27 -1 0
1516 6 22 -1 0
1517 55 38 -1 0
1518 74 19 -1 0
1519 73 21 0 -1
1520 17 18 0 1
1521 18 8 0 -1
1522 98 23 0 1
1523 96 22 -1 0
1524 88 33 0 -1
1525 13 13 -1 0
1526 28 33 -1 0
1527 60 30 0 -1
1528 1 1 0 -1
1529 15 5 0 1
1530 5 7 -1 0
1531 91 29 -1 0
1532 10 24 1 0
1533 29 23 -1 0
1534 63 2 -1 0
1535 43 18 1 0
1536 51 33 1 0
1537 99 18 0 -1
1538 16 0 -1 0
1539 23 9 1 0
1540 23 5 -1 0
1541 18 22 0 -1
1542 95 13 -1 0
1543 77 5 0 1
1544 58 2 0 1
1545 36 36 -1 0
1546 83 1 -1 0
1547 61 6 1 0
1548 89 38 -1 0
1549 41 21 0 -1
1550 41 20 0 -1
1551 4 20 0 1
1552 87 4 0 1
1553 23 10 1 0
1554 88 35 -1 0
1555 61 28 1 0
1556 8 28 0 -1
1557 21 6 1 0
1558 19 12 0 -1
1559 96 37 0 -1
1560 14 36 -1 0
1561 6 1 1 0
1562 43 39 1 0
1563 4 24 -1 0
1564 94 1 1 0
1565 50 7 0 -1
1566 27 7 0 1
1567 0 30 -1 0
1568 70 10 -1 0
1569 10 35 0 1
1570 95 18 0 -1
1571 15 23 1 0
1572 17 27 1 0
1573 24 18 1 0
1574 86 13 -1 0
1575 14 15 -1 0
1576 98 35 1 0
1577 6 24 -1 0
1578 19 21 0 1
1579 24 5 1 0
1580 85 33 0 1
1581 43 35 1 0
1582 10 12 1 0
1583 9 28 -1 0
1584 12 7 0 1
1585 78 39 0 1
1586 45 35 0 1
1587 54 34 -1 0
1588 61 34 1 0
1589 6 6 0 1
1590 30 24 0 1
1591 69 31 -1 0
1592 89 11 0 -1
1593 18 39 -1 0
1594 11 16 1 0
1595 93 24 1 0
1596 54 22 1 0
1597 78 23 0 1
1598 52 25 -1 0
1599 56 4 1 0
1600 25 30 0 -1
1601 29 20 0 -1
1602 79 19 1 0
1603 26 35 0 1
1604 95 5 -1 0
1605 97 11 0 -1
1606 12 26 -1 0
1607 19 36 1 0
1608 23 39 -1 0
1609 2 9 0 1
1610 59 32 1 0
1611 28 37 1 0
1612 64 27 -1 0
1613 69 20 0 -1
1614 51 3 -1 0
1615 50 25 0 -1
1616 43 32 0 1
1617 48 33 0 1
1618 90 25 0 -1
1619 71 28 1 0
1620 84 20 0 1
1621 11 33 -1 0
1622 47 33 -1 0
1623 82 4 1 0
1624 84 25 0 -1
1625 49 18 1 0
1626 54 4 -1 0
1627 28 9 -1 0
1628 46 26 0 1
1629 74 6 0 1
1630 37 28 0 1
1631 22 21 1 0
1632 24 13 -1 0
1633 75 19 1 0
1634 91 11 0 -1
1635 38 3 1 0
1636 85 31 -1 0
1637 41 6 -1 0
1638 38 34 0 1
1639 18 3 0 1
1640 90 4 -1 0
1641 0 1 0 1
1642 18 37 1 0
1643 83 1 0 1
1644 38 36 0 1
1645 29 2 -1 0
1646 17 5 -1 0
1647 38 24 1 0
1648 56 39 1 0
1649 71 31 0 1
1650 16 7 0 1
1651 46 3 0 -1
1652 78 25 0 -1
1653 94 22 -1 0
1654 93 25 0 1
1655 84 14 1 0
1656 9 25 0 -1
1657 19 3 -1 0
1658 45 9 -1 0
1659 82 33 -1 0
1660 23 39 0 1
1661 22 38 0 1
1662 14 7 1 0
1663 36 20 0 -1
1664 49 37 0 1
1665 93 22 1 0
1666 52 33 0 1
1667 0 7 0 1
1668 39 16 0 1
1669 29 5 0 1
1670 38 33 1 0
1671 54 28 0 1
1672 71 13 0 -1
1673 37 9 -1 0
1674 62 34 0 1
1675 78 2 -1 0
1676 28 14 -1 0
1677 46 24 0 1
1678 18 0 1 0
1679 87 3 0 1
1680 47 33 0 -1
1681 9 9 0 1
1682 42 12 1 0
1683 86 27 0 1
1684 68 17 0 -1
1685 8 29 1 0
1686 14 14 -1 0
1687 25 5 0 -1
1688 80 37 1 0
1689 13 31 1 0
1690 61 7 0 -1
1691 61 24 0 -1
1692 90 38 1 0
1693 50 4 -1 0
1694 35 36 1 0
1695 1 21 0 1
1696 37 5 1 0
1697 48 27 1 0
1698 58 29 -1 0
1699 93 28 1 0
1700 19 10 -1 0
1701 98 38 1 0
1702 13 34 1 0
1703 84 18 0 1
1704 57 9 0 1
1705 88 24 -1 0
1706 99 3 1 0
1707 19 15 0 1
1708 53 22 -1 0
1709 38 6 0 -1
1710 83 16 0 -1
1711 36 25 1 0
1712 79 27 -1 0
1713 26 21 0 -1
1714 6 34 1 0
1715 23 7 0 -1
1716 83 3 0 -1
1717 1 3 0 1
1718 97 13 0 1
1719 99 3 -1 0
1720 14 11 0 -1
1721 8 24 1 0
1722 97 7 0 1
1723 1 12 0 -1
1724 45 39 0 1
1725 99 28 -1 0
1726 2 8 -1 0
1727 61 35 -1 0
1728 3 35 1 0
1729 92 33 -1 0
1730 66 2 -1 0
1731 8 29 0 1
1732 41 31 -1 0
1733 64 23 0 1
1734 56 20 0 1
1735 60 5 0 -1
1736 45 22 0 -1
1737 81 17 0 1
1738 21 2 0 1
1739 19 1 -1 0
1740 39 31 1 0
1741 24 6 0 1
1742 75 35 1 0
1743 23 25 1 0
1744 7 5 0 1
1745 2 18 1 0
1746 56 34 0 -1
1747 98 20 0 -1
1748 43 12 1 0
1749 51 18 0 -1
1750 4 12 1 0
1751 26 37 1 0
1752 6 14 1 0
1753 29 27 0 -1
1754 75 39 -1 0
1755 49 25 0 1
1756 56 10 1 0
1757 99 19 0 1
1758 9 25 -1 0
1759 6 36 1 0
1760 46 24 -1 0
1761 90 0 0 -1
1762 99 21 1 0
1763 55 11 -1 0
1764 76 38 0 1
1765 44 32 0 -1
1766 39 10 0 1
1767 61 1 0 1
1768 92 20 0 1
1769 82 21 -1 0
1770 29 23 1 0
1771 73 1 -1 0
1772 13 15 1 0
1773 94 22 0 1
1774 14 28 -1 0
1775 79 35 1 0
1776 39 2 0 -1
1777 62 0 0 -1
1778 39 1 0 1
1779 68 14 -1 0
1780 78 3 1 0
1781 24 37 -1 0
1782 35 10 0 1
1783 28 37 0 1
1784 14 1 0 1
1785 5 12 1 0
1786 15 16 1 0
1787 87 20 -1 0
1788 30 32 -1 0
1789 44 23 -1 0
1790 35 11 0 -1
1791 67 25 0 1
1792 65 26 -1 0
1793 37 23 0 1
1794 64 3 0 -1
1795 51 15 0 1
1796 70 20 0 1
1797 14 25 -1 0
1798 86 25 -1 0
1799 70 10 -1 0
1800 0 12 1 0
1801 24 38 -1 0
1802 25 22 -1 0
1803 82 10 -1 0
1804 99 13 1 0
1805 64 28 0 1
1806 97 38 -1 0
1807 53 24 0 1
1808 8 15 -1 0
1809 28 17 0 -1
1810 22 3 -1 0
1811 68 30 1 0
1812 45 2 -1 0
1813 73 26 0 -1
1814 88 24 0 1
1815 22 16 1 0
1816 68 6 0 1
1817 21 38 -1 0
1818 40 38 -1 0
1819 81 9 0 -1
1820 78 17 -1 0
1821 98 2 0 1
1822 50 2 -1 0
1823 12 14 -1 0
1824 41 3 -1 0
1825 98 12 0 -1
1826 0 8 0 -1
1827 45 11 0 -1
1828 58 31 0 -1
1829 32 19 0 1
1830 8 34 0 -1
1831 99 15 -1 0
1832 57 11 1 0
1833 15 13 0 1
1834 8 7 0 -1
1835 25 13 1 0
1836 21 35 0 1
1837 25 19 0 -1
1838 50 7 0 -1
1839 60 10 0 -1
1840 83 8 0 -1
1841 37 29 0 1
1842 45 35 -1 0
1843 28 3 1 0
1844 22 32 0 1
1845 28 21 1 0
1846 22 35 0 1
1847 11 36 1 0
1848 80 27 -1 0
1849 22 23 1 0
1850 93 3 -1 0
1851 68 11 -1 0
1852 20 2 1 0
1853 64 34 0 1
1854 16 1 1 0
1855 24 1 -1 0
1856 16 7 0 -1
1857 23 30 0 -1
1858 27 39 0 1
1859 85 30 0 1
1860 41 12 0 -1
1861 99 14 -1 0
1862 72 32 0 -1
1863 36 23 0 1
1864 38 31 1 0
1865 15 19 0 1
1866 14 33 1 0
1867 55 16 0 1
1868 27 10 0 -1
1869 62 30 0 -1
1870 60 16 -1 0
1871 88 32 0 1
1872 22 12 -1 0
1873 8 17 0 1
1874 77 15 -1 0
1875 93 19 0 -1
1876 88 36 0 1
1877 73 4 1 0
1878 75 28 1 0
1879 87 20 0 -1
1880 9 36 1 0
1881 74 8 0 -1
1882 39 3 0 1
1883 96 39 0 -1
1884 85 19 1 0
1885 39 28 0 -1
1886 3 28 0 1
1887 46 4 0 -1
1888 53 34 0 1
1889 17 6 1 0
1890 40 7 0 -1
1891 27 28 -1 0
1892 7 26 -1 0
1893 82 20 0 1
1894 95 25 -1 0
1895 1 6 0 -1
1896 39 37 1 0
1897 49 35 -1 0
1898 16 3 -1 0
1899 26 11 -1 0
1900 56 14 0 1
1901 3 3 0 -1
1902 76 4 1 0
1903 48 21 1 0
1904 67 9 1 0
1905 19 36 -1 0
1906 21 37 1 0
1907 52 1 0 1
1908 20 14 1 0
1909 29 7 1 0
1910 15 31 0 -1
1911 11 12 1 0
1912 95 15 1 0
1913 90 5 0 1
1914 47 10 1 0
1915 96 12 0 1
1916 41 27 -1 0
1917 82 18 0 1
1918 29 21 -1 0
1919 61 8 -1 0
1920 82 35 -1 0
1921 6 0 0 -1
1922 36 5 0 -1
1923 11 0 -1 0
1924 49 13 1 0
1925 26 19 0 -1
1926 72 2 0 -1
1927 93 25 0 1
1928 21 39 1 0
1929 56 15 1 0
1930 59 10 0 -1
1931 1 30 0 1
1932 51 19 0 -1
1933 39 23 0 1
1934 38 34 -1 0
1935 46 17 0 1
1936 18 6 -1 0
1937 55 29 0 1
1938 19 33 0 -1
1939 98 38 0 1
1940 91 35 0 1
1941 38 24 0 1
1942 11 12 0 -1
1943 51 1 0 -1
1944 92 38 1 0
1945 59 33 -1 0
1946 27 4 0 -1
1947 7 32 0 -1
1948 85 24 -1 0
1949 21 11 1 0
1950 49 0 0 1
1951 40 20 0 -1
1952 20 30 0 1
1953 2 0 -1 0
1954 77 32 0 -1
1955 3 10 -1 0
1956 64 21 1 0
1957 20 39 0 -1
1958 42 20 0 1
1959 92 18 1 0
1960 6 23 -1 0
1961 21 9 0 1
1962 79 16 0 1
1963 43 24 0 1
1964 86 7 1 0
1965 36 32 0 1
1966 43 15 0 1
1967 89 35 0 -1
1968 98 14 0 1
1969 88 0 0 1
1970 79 19 0 1
1971 39 26 0 1
1972 42 35 0 -1
1973 39 38 0 -1
1974 46 26 1 0
1975 5 29 0 1
1976 91 21 0 -1
1977 26 8 0 -1
1978 24 24 -1 0
1979 82 12 0 1
1980 43 12 -1 0
1981 42 30 1 0
1982 89 17 0 1
1983 27 11 1 0
1984 76 34 1 0
1985 49 19 1 0
1986 57 13 0 1
1987 98 31 0 1
1988 62 18 1 0
1989 26 35 -1 0
1990 13 31 1 0
1991 65 11 1 0
1992 48 10 0 1
1993 75 0 0 -1
1994 38 22 -1 0
1995 45 34 1 0
1996 76 31 1 0
1997 7 26 0 1
1998 66 0 0 1
1999 95 32 -1 0
