0 6 20 1 0
1 45 8 0 1
2 66 18 0 -1
3 48 5 1 0
4 40 8 0 1
5 77 13 0 1
6 44 5 0 -1
7 41 5 1 0
8 41 32 0 -1
9 17 20 0 -1
10 56 1 1 0
11 23 9 0 -1
12 20 22 -1 0
13 47 16 0 1
14 17 0 0 1
15 53 37 -1 0
16 39 11 -1 0
17 42 2 0 -1
18 26 35 1 0
19 93 26 0 -1
20 76 26 0 1
21 39 22 -1 0
22 97 16 0 -1
23 96 29 0 -1
24 18 4 1 0
25 31 33 0 -1
26 47 29 -1 0
27 19 26 0 -1
28 7 22 0 1
29 89 17 0 1
30 96 33 0 -1
31 31 28 0 -1
32 22 8 -1 0
33 80 37 0 -1
34 17 11 0 1
35 40 21 0 1
36 39 17 0 -1
37 37 39 -1 0
38 70 13 1 0
39 13 8 -1 0
40 83 24 0 -1
41 73 37 0 1
42 99 20 1 0
43 75 10 0 1
44 26 22 1 0
45 21 15 0 1
46 1 15 1 0
47 66 21 0 1
48 4 17 0 1
49 79 10 0 -1
50 50 13 1 0
51 15 1 0 -1
52 13 27 0 -1
53 7 0 0 -1
54 43 20 0 -1
55 38 7 1 0
56 92 7 0 -1
57 68 6 0 1
58 68 35 -1 0
59 9 33 1 0
60 38 23 0 1
61 77 3 -1 0
62 9 22 -1 0
63 91 24 -1 0
64 62 6 0 -1
65 9 27 0 1
66 20 24 0 -1
67 7 21 -1 0
68 22 11 -1 0
69 5 36 0 1
70 68 34 1 0
71 52 9 0 1
72 15 21 -1 0
73 55 35 0 -1
74 28 17 0 -1
75 81 20 -1 0
76 43 28 1 0
77 4 2 1 0
78 4 28 0 1
79 1 2 0 -1
80 61 27 -1 0
81 83 36 -1 0
82 88 23 -1 0
83 43 36 0 1
84 24 2 0 -1
85 24 38 0 1
86 77 10 0 -1
87 98 36 1 0
88 18 3 0 1
89 94 12 -1 0
90 7 17 0 1
91 26 10 -1 0
92 38 28 0 -1
93 87 29 0 -1
94 35 31 0 -1
95 41 14 0 -1
96 4 35 0 1
97 99 26 -1 0
98 72 1 -1 0
99 69 13 -1 0
100 5 36 0 1
101 44 39 -1 0
102 96 16 -1 0
103 2 32 0 1
104 29 5 0 -1
105 55 0 0 1
106 0 39 0 1
107 40 2 0 1
108 12 14 0 -1
109 19 26 1 0
110 24 3 0 -1
111 20 31 1 0
112 69 39 0 -1
113 44 36 0 -1
114 43 34 1 0
115 78 27 0 -1
116 71 15 0 -1
117 9 34 -1 0
118 62 24 0 -1
119 63 7 0 1
120 94 22 0 -1
121 79 33 -1 0
122 23 16 1 0
123 98 25 -1 0
124 63 4 0 1
125 43 16 0 1
126 8 11 -1 0
127 16 2 0 -1
128 90 11 -1 0
129 78 18 1 0
130 17 39 -1 0
131 40 24 0 1
132 18 31 1 0
133 48 0 1 0
134 61 13 0 1
135 82 24 1 0
136 13 3 0 1
137 10 23 -1 0
138 67 30 1 0
139 20 8 1 0
140 72 3 0 -1
141 76 12 1 0
142 21 30 -1 0
143 38 17 0 1
144 57 0 1 0
145 37 4 -1 0
146 41 37 0 1
147 96 22 1 0
148 83 33 0 1
149 72 30 -1 0
150 81 25 -1 0
151 35 33 0 1
152 10 28 -1 0
153 76 11 0 1
154 77 33 0 1
155 42 9 0 1
156 75 20 -1 0
157 98 28 1 0
158 90 19 0 -1
159 55 15 1 0
160 3 30 1 0
161 95 23 1 0
162 79 31 0 -1
163 11 10 1 0
164 6 12 0 1
165 82 31 1 0
166 38 16 0 -1
167 42 3 -1 0
168 22 19 0 1
169 3 24 1 0
170 27 16 1 0
171 15 25 0 1
172 91 29 0 -1
173 85 23 0 1
174 25 26 0 -1
175 24 6 1 0
176 40 9 1 0
177 96 14 1 0
178 41 0 0 1
179 22 15 0 -1
180 19 31 -1 0
181 29 24 0 -1
182 22 2 -1 0
183 87 10 0 1
184 1 27 -1 0
185 69 17 1 0
186 53 31 1 0
187 18 39 1 0
188 10 5 1 0
189 46 28 0 -1
190 26 13 -1 0
191 45 10 1 0
192 15 10 -1 0
193 43 32 1 0
194 46 28 0 -1
195 3 30 1 0
196 75 3 0 1
197 44 4 -1 0
198 30 20 0 -1
199 96 9 0 -1
200 16 39 0 -1
201 38 36 0 1
202 14 39 0 -1
203 25 14 -1 0
204 87 3 0 -1
205 9 35 0 1
206 17 39 0 1
207 3 23 -1 0
208 22 23 1 0
209 40 33 0 1
210 19 19 1 0
211 31 5 0 -1
212 13 0 0 -1
213 17 8 0 1
214 43 14 1 0
215 88 12 -1 0
216 23 1 0 1
217 79 7 -1 0
218 39 35 0 -1
219 27 3 -1 0
220 0 20 0 -1
221 25 15 0 -1
222 47 15 -1 0
223 67 12 1 0
224 52 24 -1 0
225 97 36 1 0
226 10 27 0 1
227 51 37 0 -1
228 84 22 0 1
229 88 20 0 -1
230 97 16 1 0
231 51 21 -1 0
232 95 38 -1 0
233 45 32 -1 0
234 24 22 0 1
235 36 11 0 1
236 57 38 0 1
237 40 35 0 -1
238 50 10 1 0
239 8 17 1 0
240 17 9 -1 0
241 80 19 0 1
242 6 24 0 1
243 34 17 0 1
244 2 0 0 -1
245 97 22 0 1
246 82 7 1 0
247 0 22 1 0
248 0 13 -1 0
249 37 35 1 0
250 25 25 0 -1
251 90 24 0 -1
252 96 4 1 0
253 23 8 0 1
254 26 3 -1 0
255 89 9 -1 0
256 78 20 1 0
257 10 22 1 0
258 93 24 0 1
259 28 6 0 1
260 1 7 0 1
261 29 30 -1 0
262 37 18 0 1
263 8 33 0 1
264 87 4 0 -1
265 5 9 0 1
266 88 3 -1 0
267 69 29 1 0
268 28 34 0 1
269 44 20 1 0
270 25 5 1 0
271 20 37 -1 0
272 77 15 1 0
273 44 11 -1 0
274 12 2 0 1
275 7 20 1 0
276 86 10 1 0
277 28 10 -1 0
278 6 38 0 -1
279 40 39 -1 0
280 28 3 1 0
281 99 16 0 1
282 79 13 0 -1
283 18 7 0 1
284 80 6 0 1
285 14 39 -1 0
286 46 35 1 0
287 6 38 0 -1
288 17 39 0 1
289 48 23 1 0
290 83 3 0 -1
291 40 35 -1 0
292 60 21 1 0
293 20 39 0 -1
294 93 22 0 -1
295 40 32 -1 0
296 45 36 0 1
297 90 7 -1 0
298 28 4 0 -1
299 90 14 0 1
300 28 34 1 0
301 1 29 0 -1
302 40 12 0 -1
303 57 35 0 1
304 90 37 0 -1
305 39 16 0 1
306 67 7 0 1
307 57 28 0 -1
308 66 9 0 1
309 88 33 0 -1
310 38 31 0 1
311 81 1 -1 0
312 99 7 1 0
313 16 30 0 1
314 90 1 0 1
315 59 25 0 -1
316 88 30 0 -1
317 93 19 0 1
318 12 4 0 -1
319 82 32 -1 0
320 98 20 0 1
321 4 6 1 0
322 85 8 0 1
323 71 28 0 -1
324 9 16 -1 0
325 24 18 -1 0
326 86 7 -1 0
327 55 12 -1 0
328 84 25 -1 0
329 19 23 1 0
330 79 37 0 1
331 42 18 -1 0
332 67 28 1 0
333 91 28 -1 0
334 70 34 -1 0
335 58 32 0 1
336 97 17 1 0
337 93 13 -1 0
338 20 21 0 1
339 71 20 -1 0
340 81 26 -1 0
341 81 8 0 1
342 32 8 1 0
343 88 9 0 -1
344 88 5 -1 0
345 85 28 0 -1
346 11 16 -1 0
347 23 11 0 1
348 59 21 0 1
349 80 27 1 0
350 20 4 1 0
351 99 35 0 1
352 63 38 -1 0
353 15 12 0 1
354 53 2 0 1
355 48 16 0 1
356 98 32 0 1
357 4 35 -1 0
358 36 38 0 -1
359 18 31 -1 0
360 91 20 0 -1
361 69 16 0 1
362 21 19 -1 0
363 48 19 -1 0
364 60 33 1 0
365 53 1 0 -1
366 15 15 -1 0
367 29 12 -1 0
368 49 33 1 0
369 91 18 0 1
370 1 15 1 0
371 83 6 0 -1
372 13 10 1 0
373 83 19 -1 0
374 10 17 0 1
375 89 6 0 -1
376 4 39 0 -1
377 62 4 0 1
378 26 36 0 1
379 47 25 -1 0
380 2 5 0 -1
381 45 11 -1 0
382 95 31 0 1
383 84 28 1 0
384 54 26 1 0
385 38 9 1 0
386 59 31 -1 0
387 3 31 1 0
388 26 25 1 0
389 23 22 1 0
390 51 7 -1 0
391 56 21 0 -1
392 57 4 -1 0
393 22 37 -1 0
394 89 8 0 1
395 10 29 -1 0
396 54 36 0 1
397 18 24 -1 0
398 45 20 0 -1
399 86 29 1 0
400 25 36 1 0
401 25 32 -1 0
402 27 2 -1 0
403 43 37 1 0
404 28 37 1 0
405 96 39 0 1
406 45 10 -1 0
407 75 36 0 -1
408 65 1 0 1
409 18 7 0 1
410 0 10 0 1
411 73 17 0 1
412 46 38 -1 0
413 25 10 1 0
414 27 17 0 1
415 41 10 1 0
416 87 14 1 0
417 8 20 0 1
418 61 21 -1 0
419 41 35 1 0
420 43 12 0 -1
421 41 14 -1 0
422 54 11 0 1
423 1 16 1 0
424 78 3 0 1
425 91 32 -1 0
426 86 19 1 0
427 60 18 0 1
428 94 30 -1 0
429 86 23 0 -1
430 52 21 -1 0
431 64 0 0 1
432 41 32 1 0
433 82 30 1 0
434 11 17 0 1
435 43 31 0 -1
436 88 4 -1 0
437 25 3 0 1
438 50 2 0 1
439 62 22 -1 0
440 26 39 0 1
441 24 13 0 1
442 9 33 -1 0
443 74 12 0 1
444 80 35 1 0
445 78 6 1 0
446 21 29 -1 0
447 44 27 -1 0
448 79 30 0 1
449 46 17 1 0
450 92 11 -1 0
451 78 32 1 0
452 76 5 0 -1
453 19 9 0 -1
454 69 15 1 0
455 47 38 0 1
456 45 34 -1 0
457 11 14 0 1
458 15 27 1 0
459 46 29 1 0
460 51 7 0 -1
461 77 13 0 -1
462 68 22 0 1
463 26 37 -1 0
464 0 28 1 0
465 5 0 -1 0
466 96 36 -1 0
467 5 7 1 0
468 70 29 -1 0
469 3 26 0 1
470 71 1 0 1
471 38 4 0 1
472 21 18 0 -1
473 74 6 0 1
474 69 30 1 0
475 78 7 -1 0
476 72 18 0 1
477 60 20 1 0
478 90 7 0 1
479 40 18 0 -1
480 76 11 1 0
481 88 15 1 0
482 19 15 0 1
483 45 22 1 0
484 64 1 1 0
485 66 23 0 1
486 61 4 0 1
487 69 4 1 0
488 4 29 0 1
489 40 38 0 1
490 77 9 -1 0
491 74 25 1 0
492 62 15 0 1
493 42 4 -1 0
494 56 26 1 0
495 35 38 0 1
496 99 29 0 -1
497 20 10 0 1
498 17 31 0 1
499 50 28 1 0
500 13 9 1 0
501 48 1 0 -1
502 77 6 0 1
503 42 0 1 0
504 46 26 0 1
505 9 3 1 0
506 5 6 0 -1
507 26 24 0 -1
508 48 2 0 1
509 42 3 1 0
510 97 1 1 0
511 47 23 1 0
512 48 6 0 -1
513 77 3 0 1
514 92 8 0 -1
515 58 30 0 1
516 54 23 0 1
517 11 0 0 -1
518 59 37 -1 0
519 51 2 -1 0
520 23 2 0 1
521 39 9 0 1
522 13 19 -1 0
523 87 21 0 -1
524 40 28 0 1
525 65 18 1 0
526 45 39 -1 0
527 27 23 0 -1
528 21 12 1 0
529 83 25 0 1
530 3 32 1 0
531 55 12 0 -1
532 58 5 1 0
533 47 5 0 1
534 29 30 0 1
535 87 10 0 -1
536 11 6 -1 0
537 91 2 -1 0
538 29 37 -1 0
539 70 39 -1 0
540 24 38 0 1
541 20 34 1 0
542 81 23 0 -1
543 45 22 0 1
544 81 14 0 -1
545 45 19 1 0
546 56 34 1 0
547 64 27 1 0
548 20 28 0 1
549 49 9 0 1
550 3 3 -1 0
551 4 4 -1 0
552 92 29 0 -1
553 67 3 -1 0
554 0 29 1 0
555 86 3 -1 0
556 39 32 0 1
557 19 31 1 0
558 3 24 1 0
559 40 12 1 0
560 0 29 0 -1
561 20 18 0 -1
562 78 24 0 -1
563 5 27 1 0
564 27 19 1 0
565 65 18 0 -1
566 45 36 -1 0
567 79 9 0 -1
568 90 9 0 1
569 25 28 1 0
570 88 36 1 0
571 81 14 0 1
572 20 34 0 1
573 9 29 0 1
574 2 37 -1 0
575 51 26 1 0
576 27 22 -1 0
577 47 2 1 0
578 74 23 -1 0
579 70 36 -1 0
580 77 19 1 0
581 39 1 -1 0
582 35 21 0 1
583 53 4 0 1
584 12 7 0 1
585 69 29 -1 0
586 19 32 -1 0
587 17 32 -1 0
588 48 21 1 0
589 61 6 -1 0
590 41 32 -1 0
591 59 22 1 0
592 16 20 -1 0
593 72 2 0 1
594 79 34 0 -1
595 55 4 0 -1
596 95 17 -1 0
597 30 7 0 -1
598 10 0 0 1
599 90 26 0 1
600 18 25 -1 0
601 48 28 -1 0
602 26 14 0 1
603 38 3 1 0
604 58 3 -1 0
605 74 12 0 1
606 26 38 0 -1
607 74 13 -1 0
608 42 24 0 -1
609 30 23 1 0
610 49 15 0 1
611 68 7 0 -1
612 97 2 0 1
613 16 12 -1 0
614 6 36 0 -1
615 6 6 1 0
616 73 37 0 1
617 79 19 1 0
618 12 10 1 0
619 59 36 0 1
620 59 8 0 -1
621 75 5 0 -1
622 56 15 0 -1
623 29 9 1 0
624 56 12 1 0
625 62 38 1 0
626 75 18 0 1
627 89 25 -1 0
628 37 22 0 1
629 83 17 0 1
630 24 18 -1 0
631 52 15 0 -1
632 0 18 0 1
633 4 7 -1 0
634 4 23 0 1
635 56 32 1 0
636 11 23 -1 0
637 79 8 1 0
638 20 27 0 1
639 20 17 1 0
640 99 11 0 -1
641 38 15 1 0
642 13 21 0 -1
643 0 5 0 -1
644 94 32 -1 0
645 9 12 0 1
646 60 27 0 -1
647 73 26 1 0
648 89 30 0 1
649 0 29 -1 0
650 44 20 0 -1
651 65 18 0 -1
652 18 15 0 -1
653 88 18 -1 0
654 82 1 0 -1
655 12 21 0 -1
656 5 13 1 0
657 43 25 1 0
658 18 9 -1 0
659 22 12 -1 0
660 25 5 0 -1
661 49 30 0 1
662 12 1 0 1
663 20 3 0 1
664 89 7 1 0
665 14 16 1 0
666 14 31 -1 0
667 82 4 0 1
668 13 22 -1 0
669 0 38 1 0
670 22 22 1 0
671 38 33 0 -1
672 16 12 -1 0
673 28 12 0 -1
674 48 0 0 1
675 31 22 0 1
676 21 0 0 1
677 41 15 0 -1
678 44 1 0 -1
679 15 7 0 1
680 91 16 0 -1
681 37 19 1 0
682 38 17 0 1
683 47 12 -1 0
684 50 35 0 -1
685 38 24 0 -1
686 48 37 0 1
687 50 36 1 0
688 40 39 0 -1
689 92 1 1 0
690 68 23 1 0
691 14 17 0 1
692 46 37 1 0
693 26 12 1 0
694 43 25 -1 0
695 40 22 -1 0
696 46 2 0 1
697 23 19 0 1
698 39 38 1 0
699 8 31 -1 0
700 11 17 0 1
701 39 13 0 1
702 74 12 1 0
703 41 33 -1 0
704 49 13 0 -1
705 13 13 0 -1
706 78 2 0 -1
707 26 36 1 0
708 60 35 -1 0
709 95 2 1 0
710 27 34 0 -1
711 77 22 0 1
712 73 7 0 1
713 20 11 -1 0
714 27 36 0 1
715 91 11 0 -1
716 73 9 0 1
717 42 37 0 1
718 16 12 1 0
719 93 3 -1 0
720 10 14 0 1
721 41 8 1 0
722 93 13 1 0
723 44 15 0 1
724 8 14 0 -1
725 23 33 0 -1
726 49 0 -1 0
727 27 39 -1 0
728 25 9 1 0
729 78 16 1 0
730 98 32 -1 0
731 50 4 0 -1
732 65 34 0 -1
733 8 17 -1 0
734 54 12 0 1
735 43 34 -1 0
736 78 36 1 0
737 37 14 0 -1
738 60 9 0 1
739 42 22 0 -1
740 96 19 0 -1
741 40 23 1 0
742 50 39 0 1
743 16 0 0 -1
744 50 38 -1 0
745 44 28 0 1
746 22 25 0 -1
747 66 27 -1 0
748 23 3 1 0
749 87 34 0 -1
750 52 14 -1 0
751 7 13 1 0
752 70 39 0 1
753 24 17 1 0
754 43 27 0 -1
755 17 31 -1 0
756 86 18 0 -1
757 20 2 1 0
758 0 16 1 0
759 42 18 0 -1
760 5 7 0 1
761 46 26 1 0
762 20 23 0 -1
763 48 0 0 1
764 52 29 -1 0
765 48 8 -1 0
766 27 26 0 1
767 29 27 0 1
768 8 18 1 0
769 24 17 0 1
770 18 38 0 1
771 60 29 0 1
772 42 18 1 0
773 1 38 1 0
774 79 12 1 0
775 87 19 1 0
776 27 22 -1 0
777 82 23 0 -1
778 98 11 0 -1
779 19 33 1 0
780 95 28 0 1
781 91 0 -1 0
782 15 12 0 1
783 21 30 -1 0
784 24 39 -1 0
785 51 1 -1 0
786 19 38 1 0
787 97 21 -1 0
788 24 7 0 1
789 26 32 0 -1
790 29 12 -1 0
791 77 31 0 -1
792 45 28 -1 0
793 97 8 0 1
794 6 22 1 0
795 45 29 -1 0
796 91 38 1 0
797 41 9 1 0
798 42 2 -1 0
799 18 28 0 1
800 3 19 -1 0
801 30 28 -1 0
802 42 16 1 0
803 72 7 0 1
804 5 1 1 0
805 11 30 -1 0
806 39 17 1 0
807 3 37 0 -1
808 53 20 0 -1
809 84 34 0 -1
810 6 4 0 1
811 23 31 0 -1
812 29 31 -1 0
813 53 39 1 0
814 22 1 0 1
815 95 9 0 -1
816 30 31 1 0
817 80 27 -1 0
818 42 9 0 1
819 48 39 -1 0
820 47 12 0 1
821 40 37 1 0
822 88 1 0 -1
823 99 13 0 1
824 5 22 0 1
825 24 16 0 -1
826 38 16 -1 0
827 91 34 0 1
828 83 27 -1 0
829 93 35 0 -1
830 11 15 1 0
831 14 4 1 0
832 86 1 0 1
833 52 27 -1 0
834 1 38 0 1
835 36 1 1 0
836 7 13 1 0
837 21 13 -1 0
838 15 1 1 0
839 54 38 -1 0
840 0 35 -1 0
841 46 1 0 -1
842 58 26 1 0
843 16 23 0 -1
844 13 38 0 1
845 95 18 0 1
846 42 24 0 1
847 81 10 -1 0
848 56 36 0 1
849 53 13 1 0
850 9 29 1 0
851 1 11 0 -1
852 89 17 -1 0
853 59 3 1 0
854 7 22 1 0
855 8 13 -1 0
856 7 4 0 -1
857 3 35 0 1
858 0 39 0 -1
859 30 24 1 0
860 16 3 0 1
861 80 10 0 1
862 96 10 0 1
863 12 3 0 1
864 1 28 -1 0
865 7 14 0 1
866 5 38 -1 0
867 17 5 0 -1
868 28 22 0 1
869 49 5 -1 0
870 82 4 0 1
871 74 20 -1 0
872 46 39 0 -1
873 81 29 1 0
874 94 29 1 0
875 63 38 0 -1
876 36 10 1 0
877 69 9 0 -1
878 13 0 1 0
879 14 26 1 0
880 75 30 -1 0
881 39 30 -1 0
882 22 10 -1 0
883 98 30 -1 0
884 66 39 -1 0
885 20 16 0 1
886 40 16 1 0
887 43 13 1 0
888 9 35 0 -1
889 86 37 0 -1
890 15 16 0 -1
891 79 3 0 1
892 49 5 0 1
893 89 10 0 -1
894 39 1 -1 0
895 13 1 1 0
896 64 17 -1 0
897 25 29 1 0
898 62 21 1 0
899 36 39 1 0
900 97 35 0 1
901 78 1 0 -1
902 36 16 -1 0
903 25 1 0 -1
904 24 1 0 -1
905 71 22 0 1
906 68 5 1 0
907 37 39 1 0
908 50 32 0 -1
909 36 38 0 -1
910 42 19 1 0
911 4 9 0 -1
912 29 11 0 1
913 8 34 0 1
914 51 11 0 -1
915 50 12 0 -1
916 92 6 1 0
917 27 24 1 0
918 54 13 -1 0
919 96 37 0 -1
920 25 25 0 -1
921 58 29 0 -1
922 72 11 0 -1
923 63 14 0 -1
924 24 36 1 0
925 20 13 0 1
926 2 28 1 0
927 12 5 1 0
928 27 39 1 0
929 45 25 -1 0
930 43 22 -1 0
931 15 33 0 1
932 30 15 1 0
933 11 1 1 0
934 46 17 -1 0
935 47 3 1 0
936 8 4 1 0
937 46 33 0 -1
938 68 24 0 -1
939 1 5 -1 0
940 72 11 -1 0
941 23 31 1 0
942 85 29 0 1
943 43 21 0 -1
944 57 22 0 1
945 83 4 1 0
946 98 28 0 1
947 45 10 1 0
948 17 6 0 1
949 9 22 0 1
950 11 14 0 -1
951 10 15 -1 0
952 42 26 0 1
953 92 25 0 1
954 14 25 -1 0
955 37 19 1 0
956 57 33 1 0
957 57 27 0 -1
958 49 2 0 1
959 89 30 0 -1
960 8 10 -1 0
961 35 16 0 -1
962 81 27 0 -1
963 8 20 1 0
964 0 33 0 -1
965 83 22 1 0
966 10 37 1 0
967 24 23 0 -1
968 94 12 -1 0
969 91 10 0 1
970 66 36 0 -1
971 69 13 -1 0
972 61 4 1 0
973 17 31 1 0
974 70 24 -1 0
975 9 19 -1 0
976 83 3 0 -1
977 20 16 0 -1
978 39 3 0 -1
979 10 8 1 0
980 19 4 1 0
981 8 17 0 1
982 18 23 1 0
983 46 4 0 1
984 45 25 -1 0
985 82 35 0 1
986 50 38 0 1
987 56 23 1 0
988 78 5 1 0
989 3 0 1 0
990 83 7 1 0
991 81 19 0 1
992 65 32 0 1
993 41 9 0 -1
994 44 11 0 -1
995 18 34 -1 0
996 79 29 0 -1
997 84 31 0 -1
998 25 18 1 0
999 77 2 1 0
1000 12 26 0 -1
1001 30 21 1 0
1002 99 10 0 -1
1003 6 30 0 1
1004 88 0 -1 0
1005 57 5 0 1
1006 45 35 0 -1
1007 77 15 0 1
1008 21 9 -1 0
1009 29 0 0 1
1010 42 11 0 -1
1011 31 18 1 0
1012 47 21 -1 0
1013 42 12 -1 0
1014 53 25 0 1
1015 86 29 1 0
1016 17 12 -1 0
1017 88 2 1 0
1018 25 20 -1 0
1019 86 23 1 0
1020 44 27 -1 0
1021 81 15 1 0
1022 41 26 0 1
1023 91 36 0 -1
1024 97 33 0 -1
1025 98 6 -1 0
1026 8 5 0 -1
1027 53 16 0 -1
1028 41 27 0 1
1029 5 16 1 0
1030 84 28 1 0
1031 19 17 0 -1
1032 36 1 0 1
1033 24 0 0 -1
1034 71 8 0 1
1035 61 25 -1 0
1036 41 29 -1 0
1037 11 19 0 -1
1038 27 20 0 -1
1039 44 5 -1 0
1040 55 33 1 0
1041 22 21 -1 0
1042 96 37 0 1
1043 51 18 0 1
1044 72 0 0 1
1045 21 7 1 0
1046 40 28 0 -1
1047 94 17 1 0
1048 74 5 0 1
1049 8 14 0 1
1050 97 14 1 0
1051 73 33 -1 0
1052 80 13 0 1
1053 66 25 0 -1
1054 12 9 -1 0
1055 39 5 -1 0
1056 75 22 -1 0
1057 72 25 -1 0
1058 76 9 1 0
1059 54 32 0 1
1060 59 35 -1 0
1061 15 32 0 -1
1062 80 27 1 0
1063 57 19 0 1
1064 29 38 0 1
1065 70 1 1 0
1066 92 36 -1 0
1067 60 31 1 0
1068 47 30 -1 0
1069 77 39 1 0
1070 65 29 0 -1
1071 54 37 1 0
1072 22 14 0 -1
1073 99 24 0 -1
1074 49 14 -1 0
1075 65 36 -1 0
1076 23 38 0 -1
1077 11 3 0 1
1078 3 1 0 -1
1079 55 30 0 -1
1080 14 33 1 0
1081 97 8 0 -1
1082 28 33 0 -1
1083 72 34 0 -1
1084 54 36 0 1
1085 75 24 -1 0
1086 91 33 0 1
1087 61 39 0 1
1088 23 33 0 1
1089 47 2 0 1
1090 91 10 -1 0
1091 61 2 -1 0
1092 52 8 0 1
1093 42 9 -1 0
1094 71 11 1 0
1095 51 36 0 1
1096 21 25 0 1
1097 78 35 0 1
1098 10 38 -1 0
1099 16 38 0 1
1100 23 18 1 0
1101 8 1 1 0
1102 56 6 -1 0
1103 72 21 1 0
1104 55 21 1 0
1105 70 7 -1 0
1106 12 34 0 -1
1107 31 3 0 1
1108 17 7 0 1
1109 80 34 -1 0
1110 58 1 0 1
1111 16 1 0 -1
1112 27 16 0 -1
1113 56 6 -1 0
1114 29 4 0 -1
1115 89 24 0 1
1116 3 39 1 0
1117 16 35 0 -1
1118 13 5 0 -1
1119 96 1 0 1
1120 42 28 -1 0
1121 89 11 0 1
1122 21 12 1 0
1123 23 14 0 -1
1124 66 32 1 0
1125 97 16 0 1
1126 1 29 0 -1
1127 61 18 0 1
1128 28 32 0 -1
1129 15 35 0 -1
1130 56 8 1 0
1131 25 30 1 0
1132 1 3 1 0
1133 22 19 -1 0
1134 44 21 0 -1
1135 58 4 0 1
1136 3 8 0 1
1137 11 21 1 0
1138 46 16 1 0
1139 43 15 -1 0
1140 12 34 1 0
1141 19 27 0 -1
1142 91 16 0 -1
1143 1 19 0 1
1144 27 38 0 -1
1145 76 11 0 -1
1146 84 23 1 0
1147 4 20 0 1
1148 48 6 1 0
1149 15 36 0 1
1150 31 22 1 0
1151 44 30 0 1
1152 38 33 0 1
1153 64 28 -1 0
1154 45 26 0 1
1155 18 8 0 1
1156 87 11 -1 0
1157 41 4 -1 0
1158 80 32 0 -1
1159 88 1 0 1
1160 20 24 0 -1
1161 25 9 0 1
1162 36 39 1 0
1163 61 7 1 0
1164 28 27 -1 0
1165 86 18 1 0
1166 83 13 0 1
1167 44 39 -1 0
1168 17 16 0 -1
1169 76 5 0 1
1170 39 14 1 0
1171 0 11 0 -1
1172 18 33 0 -1
1173 49 7 -1 0
1174 27 0 -1 0
1175 46 37 0 1
1176 14 15 0 -1
1177 75 32 1 0
1178 92 17 1 0
1179 75 3 0 -1
1180 44 23 0 1
1181 48 16 0 -1
1182 45 13 -1 0
1183 28 7 0 -1
1184 61 28 0 -1
1185 90 23 1 0
1186 29 21 0 -1
1187 1 21 0 -1
1188 55 18 0 1
1189 24 36 1 0
1190 44 13 1 0
1191 13 12 1 0
1192 2 9 -1 0
1193 52 23 0 1
1194 31 17 1 0
1195 53 15 1 0
1196 44 8 0 -1
1197 83 28 -1 0
1198 58 14 -1 0
1199 29 32 0 -1
1200 40 9 -1 0
1201 25 5 0 -1
1202 24 39 0 1
1203 25 2 0 1
1204 39 17 1 0
1205 98 2 0 1
1206 71 10 -1 0
1207 64 16 -1 0
1208 10 39 0 1
1209 45 3 1 0
1210 69 3 1 0
1211 67 15 1 0
1212 38 8 -1 0
1213 12 19 -1 0
1214 58 38 0 1
1215 91 36 -1 0
1216 16 3 0 -1
1217 21 17 -1 0
1218 11 35 -1 0
1219 71 1 -1 0
1220 19 4 0 -1
1221 18 3 -1 0
1222 87 7 0 -1
1223 21 18 0 -1
1224 18 33 0 1
1225 94 33 0 -1
1226 55 12 0 1
1227 93 19 -1 0
1228 85 2 0 1
1229 47 2 0 1
1230 42 7 1 0
1231 7 3 1 0
1232 99 26 -1 0
1233 41 26 1 0
1234 40 19 0 -1
1235 19 2 0 1
1236 70 34 0 1
1237 29 1 1 0
1238 96 28 0 1
1239 19 6 -1 0
1240 39 39 0 1
1241 93 33 1 0
1242 27 29 0 -1
1243 52 9 0 -1
1244 83 36 0 1
1245 29 23 0 -1
1246 36 10 0 1
1247 13 15 1 0
1248 34 8 1 0
1249 12 8 -1 0
1250 18 35 0 1
1251 41 3 -1 0
1252 39 20 1 0
1253 20 13 0 -1
1254 85 33 0 -1
1255 40 38 -1 0
1256 80 17 0 -1
1257 47 13 0 1
1258 39 7 1 0
1259 16 27 0 -1
1260 18 19 0 1
1261 45 1 1 0
1262 89 35 -1 0
1263 6 1 1 0
1264 28 35 1 0
1265 92 35 0 1
1266 4 1 0 1
1267 27 30 -1 0
1268 45 23 0 -1
1269 24 39 1 0
1270 54 34 0 1
1271 21 7 -1 0
1272 2 0 0 1
1273 18 28 0 -1
1274 89 17 0 1
1275 63 3 0 1
1276 30 6 0 1
1277 67 30 0 1
1278 92 1 0 -1
1279 98 9 0 1
1280 13 19 -1 0
1281 89 35 0 1
1282 55 3 -1 0
1283 26 23 1 0
1284 13 39 0 -1
1285 53 28 0 -1
1286 0 4 1 0
1287 82 2 1 0
1288 8 7 -1 0
1289 56 17 -1 0
1290 24 5 1 0
1291 41 7 1 0
1292 41 14 -1 0
1293 96 1 0 -1
1294 8 6 0 -1
1295 25 3 -1 0
1296 53 8 1 0
1297 83 22 0 -1
1298 26 15 1 0
1299 1 11 0 1
1300 10 18 1 0
1301 1 9 1 0
1302 40 12 -1 0
1303 20 23 1 0
1304 3 32 0 1
1305 38 32 0 1
1306 11 34 0 1
1307 58 16 0 -1
1308 45 14 0 1
1309 49 17 1 0
1310 88 33 0 1
1311 50 39 -1 0
1312 46 0 1 0
1313 24 37 1 0
1314 26 10 0 -1
1315 87 21 1 0
1316 54 28 1 0
1317 94 34 1 0
1318 12 32 0 1
1319 27 0 -1 0
1320 38 8 0 1
1321 25 30 0 1
1322 28 29 1 0
1323 96 30 1 0
1324 42 7 0 1
1325 39 35 0 -1
1326 53 14 0 -1
1327 80 13 0 -1
1328 20 9 0 1
1329 41 2 0 1
1330 2 18 -1 0
1331 3 22 0 -1
1332 64 9 0 1
1333 6 11 0 1
1334 79 1 0 1
1335 77 1 -1 0
1336 5 27 -1 0
1337 40 28 -1 0
1338 91 3 1 0
1339 48 38 -1 0
1340 0 2 -1 0
1341 36 25 0 -1
1342 30 31 -1 0
1343 51 16 1 0
1344 26 17 0 -1
1345 46 25 0 -1
1346 3 31 1 0
1347 25 26 0 -1
1348 75 33 0 1
1349 14 8 -1 0
1350 78 25 0 1
1351 87 17 0 -1
1352 48 12 0 -1
1353 20 17 -1 0
1354 4 34 0 1
1355 17 11 0 -1
1356 93 31 1 0
1357 0 8 -1 0
1358 6 9 1 0
1359 11 8 -1 0
1360 8 3 0 -1
1361 5 9 0 -1
1362 2 18 0 1
1363 41 29 0 1
1364 77 22 0 1
1365 39 31 -1 0
1366 69 1 -1 0
1367 85 20 0 -1
1368 52 23 0 1
1369 46 11 1 0
1370 96 4 1 0
1371 92 19 0 1
1372 13 12 0 -1
1373 83 11 0 1
1374 98 8 0 -1
1375 65 19 1 0
1376 75 15 -1 0
1377 99 0 0 1
1378 95 19 -1 0
1379 17 9 0 -1
1380 92 0 0 -1
1381 35 16 0 -1
1382 8 22 1 0
1383 16 7 1 0
1384 3 13 0 1
1385 48 27 0 1
1386 17 24 0 -1
1387 53 16 0 -1
1388 15 32 1 0
1389 99 16 0 1
1390 7 24 0 1
1391 10 36 1 0
1392 49 3 0 1
1393 41 39 0 1
1394 81 8 0 -1
1395 57 27 -1 0
1396 87 29 0 -1
1397 65 39 -1 0
1398 19 23 0 1
1399 1 39 0 1
1400 13 4 -1 0
1401 23 7 0 1
1402 15 21 0 1
1403 40 24 0 1
1404 88 15 0 1
1405 35 24 -1 0
1406 17 2 0 1
1407 38 33 1 0
1408 73 29 0 1
1409 51 25 0 1
1410 37 3 0 1
1411 84 30 -1 0
1412 75 25 1 0
1413 37 17 0 1
1414 44 28 0 -1
1415 11 2 0 -1
1416 93 30 0 -1
1417 8 7 1 0
1418 2 19 -1 0
1419 37 29 1 0
1420 97 3 0 1
1421 93 3 -1 0
1422 42 8 0 1
1423 98 21 1 0
1424 90 13 -1 0
1425 93 29 -1 0
1426 44 4 0 -1
1427 40 33 0 1
1428 39 32 0 -1
1429 21 8 1 0
1430 9 18 0 -1
1431 21 15 1 0
1432 25 25 0 -1
1433 19 3 1 0
1434 84 16 1 0
1435 24 18 0 -1
1436 24 38 0 1
1437 18 25 1 0
1438 46 13 1 0
1439 71 25 0 -1
1440 26 36 0 1
1441 77 25 1 0
1442 42 13 0 1
1443 23 29 0 -1
1444 96 13 0 1
1445 11 30 0 1
1446 13 4 0 1
1447 14 11 0 1
1448 48 24 0 -1
1449 45 27 1 0
1450 71 8 -1 0
1451 78 20 0 1
1452 70 30 0 1
1453 89 3 0 1
1454 9 6 1 0
1455 90 37 -1 0
1456 11 6 0 1
1457 77 39 0 1
1458 24 17 0 -1
1459 23 9 -1 0
1460 23 32 0 -1
1461 29 32 0 -1
1462 38 27 0 -1
1463 7 24 0 -1
1464 52 18 1 0
1465 97 10 1 0
1466 90 19 1 0
1467 95 32 -1 0
1468 36 18 0 -1
1469 46 25 -1 0
1470 5 29 0 -1
1471 1 18 0 1
1472 44 2 0 -1
1473 47 5 -1 0
1474 43 26 0 1
1475 24 6 1 0
1476 11 37 -1 0
1477 70 31 1 0
1478 89 14 -1 0
1479 76 35 1 0
1480 27 3 -1 0
1481 45 16 -1 0
1482 5 34 0 1
1483 83 12 0 1
1484 29 6 0 1
1485 65 30 1 0
1486 18 8 1 0
1487 18 0 0 1
1488 97 34 0 -1
1489 2 25 0 -1
1490 24 32 0 -1
1491 9 38 0 1
1492 1 21 0 -1
1493 50 13 0 -1
1494 61 30 1 0
1495 9 14 0 1
1496 85 27 0 1
1497 92 8 0 -1
1498 69 15 1 0
1499 44 28 0 1
1500 96 34 1 0
1501 77 6 0 -1
1502 47 9 1 0
1503 15 25 0 1
1504 38 1 0 -1
1505 48 23 1 0
1506 5 19 0 1
1507 26 16 0 -1
1508 2 25 1 0
1509 79 19 0 -1
1510 14 12 -1 0
1511 23 17 0 -1
1512 53 25 0 -1
1513 39 28 0 1
1514 2 22 -1 0
1515 44 6 1 0
1516 4 37 -1 0
1517 96 0 0 -1
1518 12 26 -1 0
1519 79 28 0 1
1520 22 30 0 -1
1521 12 15 -1 0
1522 15 26 -1 0
1523 39 18 0 -1
1524 29 23 0 1
1525 36 37 -1 0
1526 6 22 -1 0
1527 50 0 1 0
1528 97 28 -1 0
1529 79 31 0 1
1530 79 31 0 1
1531 56 25 -1 0
1532 10 20 1 0
1533 97 14 1 0
1534 3 0 1 0
1535 71 18 1 0
1536 96 29 1 0
1537 45 18 0 -1
1538 39 0 -1 0
1539 54 8 0 -1
1540 15 7 0 -1
1541 18 18 0 1
1542 94 14 0 -1
1543 86 7 1 0
1544 0 38 0 1
1545 53 9 0 -1
1546 11 27 -1 0
1547 91 35 -1 0
1548 69 14 0 1
1549 18 1 1 0
1550 70 15 1 0
1551 76 36 0 1
1552 42 38 -1 0
1553 28 10 0 1
1554 65 4 1 0
1555 1 38 1 0
1556 86 1 -1 0
1557 22 24 1 0
1558 86 7 1 0
1559 98 23 0 -1
1560 13 13 -1 0
1561 42 27 -1 0
1562 40 16 1 0
1563 40 37 -1 0
1564 26 7 1 0
1565 62 37 1 0
1566 3 7 -1 0
1567 44 0 1 0
1568 29 26 -1 0
1569 44 34 0 -1
1570 61 16 -1 0
1571 88 10 0 1
1572 74 13 -1 0
1573 59 22 0 -1
1574 47 0 0 1
1575 57 7 1 0
1576 13 19 -1 0
1577 20 32 -1 0
1578 77 8 1 0
1579 26 20 0 -1
1580 79 16 0 1
1581 16 25 -1 0
1582 2 13 0 1
1583 93 18 0 -1
1584 94 38 1 0
1585 16 38 1 0
1586 56 7 1 0
1587 49 27 0 -1
1588 97 9 1 0
1589 26 26 1 0
1590 0 28 0 1
1591 4 30 -1 0
1592 19 27 0 -1
1593 90 0 0 1
1594 77 26 -1 0
1595 87 20 0 -1
1596 11 28 1 0
1597 12 16 0 1
1598 41 30 0 -1
1599 78 38 -1 0
1600 37 17 0 -1
1601 50 31 1 0
1602 37 15 -1 0
1603 20 27 0 -1
1604 94 11 0 1
1605 14 4 1 0
1606 53 7 0 1
1607 80 11 0 1
1608 10 32 -1 0
1609 95 38 -1 0
1610 97 28 0 1
1611 96 18 1 0
1612 25 12 0 1
1613 22 13 1 0
1614 38 26 -1 0
1615 17 2 1 0
1616 68 34 0 -1
1617 9 14 1 0
1618 44 21 0 1
1619 17 26 0 -1
1620 91 7 0 1
1621 54 4 0 1
1622 84 4 0 -1
1623 63 3 0 1
1624 95 39 0 1
1625 38 39 1 0
1626 19 7 1 0
1627 97 34 -1 0
1628 28 7 0 1
1629 13 9 1 0
1630 90 29 0 1
1631 47 34 -1 0
1632 94 23 0 -1
1633 97 38 -1 0
1634 98 6 -1 0
1635 91 30 1 0
1636 46 30 1 0
1637 70 39 1 0
1638 50 35 0 1
1639 37 19 -1 0
1640 44 8 0 1
1641 71 32 0 -1
1642 98 36 0 1
1643 18 31 0 -1
1644 96 30 -1 0
1645 19 11 0 1
1646 78 27 1 0
1647 1 3 1 0
1648 47 4 0 1
1649 19 21 0 -1
1650 16 8 0 -1
1651 98 28 0 -1
1652 47 31 -1 0
1653 60 0 0 -1
1654 1 35 0 1
1655 30 10 1 0
1656 26 21 -1 0
1657 71 39 0 -1
1658 23 1 -1 0
1659 5 39 0 1
1660 38 25 0 1
1661 83 6 1 0
1662 19 10 0 1
1663 89 23 0 -1
1664 12 29 0 -1
1665 23 15 0 -1
1666 22 27 0 1
1667 13 23 0 1
1668 8 8 0 1
1669 8 7 -1 0
1670 11 33 1 0
1671 49 0 -1 0
1672 51 27 0 -1
1673 18 30 0 -1
1674 4 35 1 0
1675 23 14 0 -1
1676 1 20 -1 0
1677 26 6 1 0
1678 2 21 0 1
1679 42 2 0 1
1680 22 16 -1 0
1681 9 19 0 1
1682 48 23 0 1
1683 87 30 0 1
1684 13 8 1 0
1685 43 39 0 -1
1686 51 33 0 -1
1687 51 28 0 -1
1688 4 34 -1 0
1689 17 36 0 1
1690 97 19 0 1
1691 96 38 0 1
1692 66 7 -1 0
1693 50 0 -1 0
1694 95 18 0 -1
1695 45 23 -1 0
1696 44 15 0 -1
1697 81 9 0 -1
1698 50 17 -1 0
1699 68 4 1 0
1700 21 13 0 1
1701 85 39 0 1
1702 19 39 -1 0
1703 47 33 1 0
1704 77 35 0 -1
1705 87 20 0 1
1706 40 18 0 1
1707 99 10 0 -1
1708 11 11 -1 0
1709 67 15 1 0
1710 76 33 -1 0
1711 84 14 -1 0
1712 3 37 1 0
1713 22 22 0 1
1714 50 6 0 -1
1715 23 38 0 1
1716 20 32 0 1
1717 56 8 0 -1
1718 86 27 0 1
1719 46 35 0 -1
1720 37 23 0 -1
1721 41 1 -1 0
1722 37 15 0 1
1723 77 4 1 0
1724 65 20 -1 0
1725 18 26 0 -1
1726 37 33 -1 0
1727 47 14 0 -1
1728 54 11 -1 0
1729 24 10 0 1
1730 18 3 -1 0
1731 46 21 1 0
1732 23 29 0 -1
1733 78 10 1 0
1734 28 31 0 1
1735 98 30 1 0
1736 65 25 0 -1
1737 47 29 1 0
1738 88 28 0 1
1739 79 32 0 -1
1740 70 1 0 1
1741 66 11 1 0
1742 26 13 0 1
1743 1 33 1 0
1744 55 28 -1 0
1745 25 15 1 0
1746 26 30 0 1
1747 25 4 0 1
1748 71 30 0 -1
1749 80 39 1 0
1750 97 6 0 -1
1751 60 27 0 1
1752 11 32 -1 0
1753 4 39 1 0
1754 26 30 1 0
1755 65 10 0 -1
1756 65 8 1 0
1757 6 0 1 0
1758 94 17 -1 0
1759 76 38 -1 0
1760 27 23 0 1
1761 41 6 0 1
1762 3 28 1 0
1763 28 33 0 1
1764 18 13 -1 0
1765 78 15 1 0
1766 95 19 1 0
1767 41 5 -1 0
1768 45 31 1 0
1769 47 26 -1 0
1770 21 0 1 0
1771 39 33 -1 0
1772 83 19 0 1
1773 70 32 0 -1
1774 68 10 0 1
1775 2 5 0 1
1776 97 13 0 -1
1777 15 21 -1 0
1778 30 39 0 1
1779 27 17 0 1
1780 59 28 1 0
1781 84 13 0 -1
1782 27 11 0 1
1783 92 27 1 0
1784 10 12 -1 0
1785 95 3 0 -1
1786 15 37 0 -1
1787 73 37 0 1
1788 81 14 -1 0
1789 73 26 -1 0
1790 88 8 -1 0
1791 84 17 0 1
1792 94 0 0 -1
1793 55 38 1 0
1794 63 8 0 -1
1795 69 21 -1 0
1796 27 10 -1 0
1797 27 26 0 -1
1798 56 26 0 -1
1799 21 34 1 0
1800 7 37 -1 0
1801 1 5 -1 0
1802 81 39 0 1
1803 37 8 -1 0
1804 75 15 0 1
1805 39 11 -1 0
1806 12 32 -1 0
1807 9 26 0 1
1808 9 32 -1 0
1809 61 7 0 1
1810 9 22 0 -1
1811 89 6 0 -1
1812 4 11 0 -1
1813 21 2 -1 0
1814 42 19 0 -1
1815 56 13 1 0
1816 22 34 -1 0
1817 38 23 -1 0
1818 8 31 0 -1
1819 2 7 0 1
1820 3 16 0 1
1821 28 5 1 0
1822 24 14 1 0
1823 82 33 0 -1
1824 82 27 1 0
1825 37 23 1 0
1826 28 29 0 -1
1827 94 27 0 -1
1828 93 15 0 1
1829 0 10 1 0
1830 56 15 0 1
1831 58 30 1 0
1832 97 31 0 1
1833 17 8 1 0
1834 76 2 -1 0
1835 37 25 1 0
1836 71 17 0 -1
1837 43 11 0 1
1838 85 2 0 -1
1839 23 19 0 -1
1840 61 39 1 0
1841 89 6 1 0
1842 13 15 1 0
1843 42 38 0 1
1844 7 21 -1 0
1845 0 23 1 0
1846 88 3 -1 0
1847 24 1 0 1
1848 9 15 0 -1
1849 46 10 1 0
1850 93 17 0 -1
1851 62 3 0 -1
1852 24 12 0 -1
1853 58 20 -1 0
1854 93 38 0 1
1855 87 29 -1 0
1856 79 14 0 -1
1857 25 9 -1 0
1858 90 1 -1 0
1859 40 14 1 0
1860 45 9 -1 0
1861 91 36 -1 0
1862 78 20 0 1
1863 93 16 1 0
1864 24 0 0 1
1865 93 35 0 1
1866 86 38 -1 0
1867 91 16 -1 0
1868 31 19 -1 0
1869 12 23 -1 0
1870 57 34 -1 0
1871 5 30 1 0
1872 44 15 0 1
1873 46 8 0 -1
1874 86 34 1 0
1875 77 22 0 1
1876 28 23 0 1
1877 8 31 -1 0
1878 56 6 0 1
1879 39 36 0 1
1880 73 11 0 1
1881 2 26 0 1
1882 40 36 -1 0
1883 94 5 0 1
1884 93 12 1 0
1885 87 30 -1 0
1886 50 29 -1 0
1887 39 32 1 0
1888 2 33 1 0
1889 95 28 0 -1
1890 38 24 -1 0
1891 54 1 0 -1
1892 1 0 0 1
1893 49 26 0 -1
1894 22 18 0 -1
1895 14 25 0 -1
1896 81 16 -1 0
1897 24 19 1 0
1898 63 33 0 -1
1899 77 19 1 0
1900 9 9 -1 0
1901 54 23 0 -1
1902 98 8 0 -1
1903 35 26 0 1
1904 45 34 -1 0
1905 7 33 0 -1
1906 94 28 0 1
1907 93 30 0 1
1908 67 31 -1 0
1909 4 1 0 1
1910 81 0 -1 0
1911 43 7 -1 0
1912 23 6 1 0
1913 0 34 -1 0
1914 44 3 -1 0
1915 20 11 -1 0
1916 29 22 0 -1
1917 44 24 1 0
1918 72 1 -1 0
1919 43 22 1 0
1920 27 36 1 0
1921 59 17 -1 0
1922 99 12 0 -1
1923 54 31 -1 0
1924 45 33 0 1
1925 21 18 -1 0
1926 58 18 0 1
1927 92 21 -1 0
1928 61 30 -1 0
1929 21 31 1 0
1930 10 14 1 0
1931 94 8 -1 0
1932 79 15 -1 0
1933 96 8 -1 0
1934 18 18 0 -1
1935 10 21 0 1
1936 77 0 -1 0
1937 39 12 0 1
1938 81 26 -1 0
1939 66 0 1 0
1940 93 21 1 0
1941 40 36 0 -1
1942 25 38 0 -1
1943 51 23 0 1
1944 53 12 0 -1
1945 41 23 0 1
1946 25 22 1 0
1947 25 21 -1 0
1948 2 14 -1 0
1949 76 38 1 0
1950 72 19 0 1
1951 22 12 0 1
1952 17 38 -1 0
1953 67 5 0 -1
1954 27 26 0 -1
1955 43 9 1 0
1956 54 36 -1 0
1957 27 15 1 0
1958 38 2 -1 0
1959 88 30 1 0
1960 2 2 0 1
1961 24 25 0 1
1962 81 11 -1 0
1963 2 15 0 1
1964 46 35 0 1
1965 56 33 0 -1
1966 75 4 -1 0
1967 28 21 1 0
1968 72 8 1 0
1969 44 38 0 1
1970 27 5 0 1
1971 94 30 1 0
1972 26 32 0 1
1973 43 28 0 -1
1974 11 14 -1 0
1975 93 18 -1 0
1976 3 25 -1 0
1977 39 19 -1 0
1978 4 8 1 0
1979 64 26 0 1
1980 78 37 1 0
1981 44 20 -1 0
1982 92 29 -1 0
1983 99 37 0 -1
1984 83 19 1 0
1985 45 22 1 0
1986 22 19 -1 0
1987 49 24 -1 0
1988 96 9 1 0
1989 17 27 0 1
1990 82 29 0 1
1991 5 22 0 1
1992 78 27 0 -1
1993 0 2 1 0
1994 39 24 0 -1
1995 24 5 0 1
1996 90 11 0 -1
1997 29 34 0 1
1998 60 5 1 0
1999 41 6 0 -1
