0 50 2 0 1
1 76 4 1 0
2 70 24 1 0
3 57 21 0 1
4 85 39 0 1
5 79 15 0 -1
6 87 22 -1 0
7 22 22 -1 0
8 93 39 1 0
9 65 4 0 -1
10 42 27 -1 0
11 59 21 0 -1
12 30 37 -1 0
13 58 2 -1 0
14 3 23 -1 0
15 83 7 0 -1
16 60 25 0 -1
17 4 31 1 0
18 82 25 -1 0
19 85 11 1 0
20 72 26 0 1
21 61 14 1 0
22 80 1 1 0
23 4 9 1 0
24 74 25 -1 0
25 2 19 0 -1
26 73 2 1 0
27 44 4 0 1
28 22 33 -1 0
29 41 30 0 1
30 95 28 0 -1
31 22 9 0 -1
32 13 6 0 1
33 17 38 -1 0
34 23 15 -1 0
35 16 27 1 0
36 20 3 0 1
37 38 3 -1 0
38 18 4 -1 0
39 21 17 0 -1
40 28 32 0 -1
41 16 25 0 1
42 7 38 0 1
43 22 29 0 1
44 96 0 0 1
45 26 25 -1 0
46 16 16 1 0
47 87 12 0 -1
48 19 38 -1 0
49 11 39 1 0
50 59 3 0 1
51 67 18 1 0
52 11 18 0 1
53 18 21 1 0
54 27 26 -1 0
55 46 2 -1 0
56 7 26 0 1
57 40 22 1 0
58 24 22 0 1
59 4 29 0 -1
60 5 18 0 -1
61 44 9 -1 0
62 80 18 0 1
63 91 23 1 0
64 68 17 0 -1
65 20 3 0 -1
66 54 2 0 1
67 67 9 0 -1
68 41 17 1 0
69 10 25 -1 0
70 78 14 0 -1
71 48 22 1 0
72 20 7 0 1
73 77 19 1 0
74 35 33 0 1
75 88 22 -1 0
76 21 10 0 1
77 72 12 0 -1
78 74 27 1 0
79 3 0 -1 0
80 61 19 0 -1
81 20 19 0 1
82 95 15 1 0
83 47 37 1 0
84 22 26 0 -1
85 1 30 0 -1
86 15 5 0 -1
87 86 30 -1 0
88 6 13 -1 0
89 56 8 0 -1
90 45 12 0 1
91 46 9 -1 0
92 19 13 1 0
93 44 8 1 0
94 82 10 -1 0
95 7 6 1 0
96 3 31 -1 0
97 48 3 -1 0
98 70 0 1 0
99 15 3 -1 0
100 26 13 -1 0
101 97 0 1 0
102 26 1 -1 0
103 85 3 0 1
104 97 23 1 0
105 43 33 0 1
106 4 7 -1 0
107 86 15 -1 0
108 84 3 0 -1
109 45 22 -1 0
110 4 4 0 1
111 93 2 1 0
112 30 22 0 -1
113 43 24 0 -1
114 86 36 0 -1
115 21 2 -1 0
116 52 35 1 0
117 17 2 -1 0
118 42 6 0 1
119 41 23 0 -1
120 66 10 0 1
121 0 39 -1 0
122 93 1 -1 0
123 5 19 1 0
124 97 8 -1 0
125 81 5 1 0
126 29 39 0 -1
127 22 34 1 0
128 80 14 -1 0
129 45 39 0 1
130 71 18 0 -1
131 19 12 1 0
132 82 19 -1 0
133 64 13 -1 0
134 57 5 0 -1
135 52 13 0 1
136 69 21 1 0
137 4 37 1 0
138 22 5 -1 0
139 74 7 -1 0
140 43 0 1 0
141 95 15 -1 0
142 6 24 0 -1
143 61 2 -1 0
144 49 19 -1 0
145 96 1 0 1
146 1 6 0 1
147 58 18 -1 0
148 18 32 1 0
149 54 27 0 -1
150 6 18 1 0
151 98 13 0 1
152 51 28 0 -1
153 87 29 0 -1
154 14 39 -1 0
155 87 5 -1 0
156 63 19 0 1
157 14 21 1 0
158 41 17 1 0
159 96 38 0 -1
160 56 8 1 0
161 19 26 0 1
162 29 26 0 -1
163 85 23 -1 0
164 3 32 1 0
165 44 15 1 0
166 48 19 -1 0
167 29 32 1 0
168 39 4 -1 0
169 71 24 0 1
170 25 11 1 0
171 36 23 0 1
172 13 18 0 -1
173 75 8 0 -1
174 29 34 0 -1
175 5 2 0 -1
176 25 23 1 0
177 79 7 1 0
178 60 11 0 1
179 82 19 1 0
180 72 3 0 -1
181 7 23 1 0
182 93 30 0 -1
183 65 2 0 1
184 93 38 -1 0
185 0 30 1 0
186 88 30 0 -1
187 15 21 0 1
188 49 24 0 1
189 52 27 0 -1
190 92 23 -1 0
191 48 31 0 -1
192 41 27 1 0
193 71 17 -1 0
194 36 5 0 1
195 63 19 1 0
196 85 17 0 1
197 39 1 1 0
198 26 38 1 0
199 43 23 -1 0
200 14 36 0 1
201 20 21 0 1
202 25 11 -1 0
203 30 25 0 -1
204 17 15 -1 0
205 11 17 1 0
206 12 24 -1 0
207 77 7 -1 0
208 15 5 0 1
209 22 3 -1 0
210 26 2 1 0
211 7 18 -1 0
212 46 4 -1 0
213 47 9 -1 0
214 86 20 -1 0
215 99 36 -1 0
216 44 6 0 1
217 20 10 1 0
218 11 28 1 0
219 65 39 1 0
220 18 7 -1 0
221 97 10 0 1
222 37 21 0 -1
223 94 3 -1 0
224 66 30 0 -1
225 82 16 0 -1
226 10 2 -1 0
227 69 1 0 -1
228 82 34 0 -1
229 16 26 0 1
230 84 5 0 -1
231 26 15 0 1
232 48 30 0 -1
233 68 3 -1 0
234 16 11 0 1
235 93 23 0 1
236 50 22 -1 0
237 21 17 0 -1
238 45 11 -1 0
239 50 14 1 0
240 19 30 -1 0
241 82 30 1 0
242 59 23 0 1
243 36 32 0 -1
244 96 36 -1 0
245 10 24 0 -1
246 84 16 0 -1
247 21 37 0 1
248 44 13 -1 0
249 81 0 0 -1
250 20 3 -1 0
251 89 1 0 -1
252 81 34 -1 0
253 99 3 0 1
254 39 21 -1 0
255 57 34 0 1
256 76 23 1 0
257 41 14 0 -1
258 41 13 0 -1
259 22 11 0 -1
260 24 20 1 0
261 5 36 0 1
262 65 22 0 1
263 23 16 -1 0
264 20 20 0 1
265 67 28 0 -1
266 53 30 -1 0
267 14 23 0 1
268 55 9 -1 0
269 1 3 1 0
270 23 6 0 -1
271 27 9 1 0
272 62 7 0 1
273 73 12 0 1
274 77 31 0 -1
275 86 3 0 -1
276 88 13 0 1
277 26 30 1 0
278 43 38 -1 0
279 68 8 -1 0
280 73 3 0 1
281 90 19 -1 0
282 80 2 0 1
283 16 34 -1 0
284 49 10 -1 0
285 53 24 0 -1
286 4 33 0 1
287 93 12 1 0
288 29 12 0 1
289 24 27 0 -1
290 66 33 0 -1
291 77 22 0 1
292 47 26 0 1
293 67 15 -1 0
294 94 32 0 1
295 50 26 -1 0
296 48 31 1 0
297 67 23 1 0
298 64 31 0 -1
299 87 11 1 0
300 76 39 1 0
301 39 18 0 -1
302 91 34 1 0
303 13 20 0 -1
304 22 16 0 1
305 58 20 0 -1
306 61 22 1 0
307 44 16 1 0
308 59 22 1 0
309 18 29 0 -1
310 54 5 0 1
311 96 39 1 0
312 24 27 -1 0
313 31 18 -1 0
314 79 20 1 0
315 78 0 0 -1
316 87 5 -1 0
317 90 34 0 -1
318 0 34 0 1
319 40 19 1 0
320 1 15 -1 0
321 50 32 -1 0
322 80 8 1 0
323 69 32 0 1
324 3 3 1 0
325 19 32 0 -1
326 28 6 1 0
327 0 22 -1 0
328 68 2 1 0
329 29 21 -1 0
330 42 22 1 0
331 42 33 0 -1
332 6 8 1 0
333 8 28 0 -1
334 14 16 0 -1
335 30 3 0 -1
336 79 8 -1 0
337 51 34 0 1
338 25 10 0 1
339 71 4 -1 0
340 59 22 -1 0
341 39 1 -1 0
342 6 8 1 0
343 0 10 0 1
344 91 21 0 1
345 66 14 -1 0
346 49 7 0 -1
347 12 37 -1 0
348 10 29 0 -1
349 74 23 -1 0
350 1 29 -1 0
351 84 5 0 1
352 0 21 0 1
353 22 9 1 0
354 0 37 0 -1
355 70 25 0 -1
356 92 29 0 1
357 46 3 -1 0
358 35 34 0 1
359 48 10 -1 0
360 92 22 0 1
361 84 33 0 -1
362 89 22 1 0
363 41 3 0 1
364 0 27 1 0
365 88 3 -1 0
366 98 31 0 1
367 69 28 -1 0
368 26 23 0 -1
369 16 33 0 -1
370 24 26 -1 0
371 71 2 1 0
372 77 1 0 -1
373 39 11 0 1
374 5 11 0 -1
375 23 12 0 -1
376 44 27 0 1
377 85 0 0 1
378 26 19 0 -1
379 37 13 1 0
380 44 15 1 0
381 79 10 0 -1
382 63 1 -1 0
383 38 28 0 -1
384 80 0 1 0
385 5 28 1 0
386 68 19 -1 0
387 39 20 -1 0
388 20 4 0 -1
389 92 15 1 0
390 18 32 0 1
391 66 10 1 0
392 24 12 -1 0
393 28 33 1 0
394 24 31 -1 0
395 50 30 0 -1
396 90 35 0 1
397 48 6 0 -1
398 99 15 1 0
399 72 33 -1 0
400 22 5 0 -1
401 37 0 1 0
402 15 24 -1 0
403 22 2 0 1
404 0 20 0 1
405 18 16 0 1
406 70 37 1 0
407 92 36 0 -1
408 86 39 0 1
409 37 21 1 0
410 43 12 1 0
411 62 12 0 1
412 57 21 0 1
413 35 34 0 -1
414 25 32 0 1
415 50 12 -1 0
416 2 25 0 -1
417 74 7 0 1
418 13 10 0 -1
419 2 32 0 -1
420 49 17 1 0
421 18 38 -1 0
422 23 31 0 1
423 4 2 1 0
424 9 11 0 -1
425 45 25 0 -1
426 37 31 1 0
427 43 25 1 0
428 89 1 0 -1
429 21 38 1 0
430 21 21 -1 0
431 98 18 1 0
432 71 23 0 -1
433 15 14 0 -1
434 95 39 0 1
435 51 23 1 0
436 11 37 -1 0
437 99 26 0 1
438 24 2 0 -1
439 43 31 0 1
440 67 20 0 -1
441 99 31 1 0
442 19 27 1 0
443 48 10 0 -1
444 13 0 0 1
445 17 3 1 0
446 88 9 0 -1
447 79 23 -1 0
448 18 5 0 -1
449 12 8 0 1
450 65 14 1 0
451 1 7 -1 0
452 20 22 0 1
453 91 6 1 0
454 31 12 -1 0
455 40 4 -1 0
456 44 32 0 1
457 81 34 0 -1
458 45 26 1 0
459 45 10 1 0
460 21 10 1 0
461 51 24 1 0
462 9 20 -1 0
463 46 2 1 0
464 29 35 0 -1
465 18 26 0 1
466 22 12 1 0
467 20 4 1 0
468 94 23 1 0
469 15 2 -1 0
470 96 15 1 0
471 88 11 1 0
472 27 19 0 1
473 79 37 0 1
474 70 36 0 1
475 24 9 0 1
476 88 12 0 1
477 6 27 0 -1
478 6 35 0 1
479 16 14 0 -1
480 14 38 1 0
481 10 18 -1 0
482 15 31 0 1
483 63 33 1 0
484 49 3 0 -1
485 22 29 0 -1
486 13 9 1 0
487 48 11 -1 0
488 17 30 0 -1
489 47 27 -1 0
490 10 37 0 1
491 29 17 0 1
492 51 26 1 0
493 80 25 1 0
494 94 36 -1 0
495 59 37 0 -1
496 6 17 1 0
497 6 34 -1 0
498 20 6 0 1
499 25 23 0 1
500 0 20 -1 0
501 46 35 0 -1
502 51 10 -1 0
503 8 2 1 0
504 23 35 0 1
505 12 37 -1 0
506 94 32 -1 0
507 22 39 0 -1
508 11 11 1 0
509 26 16 0 1
510 12 15 0 1
511 86 4 1 0
512 39 29 0 1
513 40 16 -1 0
514 52 32 0 1
515 87 28 0 -1
516 76 1 0 -1
517 44 35 -1 0
518 90 30 1 0
519 65 2 0 1
520 26 29 0 1
521 93 0 0 1
522 95 21 0 1
523 2 39 -1 0
524 40 38 0 1
525 42 13 0 -1
526 28 29 0 -1
527 64 12 -1 0
528 51 25 1 0
529 7 23 0 -1
530 10 31 -1 0
531 20 4 1 0
532 37 24 1 0
533 30 2 0 -1
534 10 33 1 0
535 48 32 0 -1
536 95 35 0 1
537 91 20 0 -1
538 23 23 0 -1
539 96 29 1 0
540 83 11 0 1
541 60 4 0 -1
542 18 33 -1 0
543 47 11 0 -1
544 28 8 0 -1
545 46 1 -1 0
546 88 14 -1 0
547 58 23 -1 0
548 25 35 -1 0
549 79 11 1 0
550 70 37 1 0
551 12 0 -1 0
552 30 2 1 0
553 89 9 1 0
554 31 2 1 0
555 24 16 0 -1
556 51 39 0 1
557 42 38 0 1
558 27 39 0 1
559 96 32 -1 0
560 10 7 1 0
561 18 7 1 0
562 17 7 1 0
563 24 23 1 0
564 29 30 -1 0
565 16 24 1 0
566 4 28 0 -1
567 20 37 0 -1
568 17 4 0 -1
569 31 1 -1 0
570 2 12 1 0
571 21 27 0 -1
572 95 28 0 -1
573 12 11 1 0
574 90 7 0 1
575 48 12 1 0
576 27 37 0 -1
577 19 18 0 1
578 85 5 0 1
579 21 15 -1 0
580 51 9 0 -1
581 3 14 0 -1
582 30 27 0 -1
583 96 12 1 0
584 88 18 1 0
585 4 8 1 0
586 63 28 1 0
587 96 24 1 0
588 64 26 0 -1
589 39 26 1 0
590 23 37 1 0
591 35 6 0 -1
592 11 1 0 -1
593 94 31 1 0
594 7 21 -1 0
595 41 38 0 -1
596 55 18 0 1
597 1 20 1 0
598 86 18 -1 0
599 4 1 -1 0
600 24 24 1 0
601 25 17 1 0
602 31 28 -1 0
603 53 4 0 1
604 39 10 1 0
605 13 21 -1 0
606 43 39 1 0
607 12 31 -1 0
608 16 7 0 1
609 19 37 -1 0
610 48 12 1 0
611 80 29 1 0
612 20 17 0 1
613 89 7 -1 0
614 82 38 1 0
615 2 18 0 1
616 44 37 -1 0
617 8 15 1 0
618 26 2 0 1
619 99 11 0 1
620 52 8 1 0
621 97 34 1 0
622 15 13 1 0
623 11 33 0 1
624 25 1 -1 0
625 18 35 1 0
626 4 26 -1 0
627 18 23 1 0
628 21 36 0 -1
629 38 7 1 0
630 23 19 0 -1
631 26 10 -1 0
632 28 21 -1 0
633 96 29 1 0
634 28 8 1 0
635 10 35 0 1
636 25 5 -1 0
637 54 38 1 0
638 64 32 -1 0
639 15 12 0 1
640 45 10 0 -1
641 12 12 0 -1
642 40 9 0 -1
643 19 25 0 -1
644 54 17 -1 0
645 24 9 1 0
646 46 37 0 1
647 45 12 0 -1
648 5 26 0 1
649 72 13 -1 0
650 50 33 0 -1
651 39 2 0 -1
652 59 12 -1 0
653 76 14 1 0
654 51 22 1 0
655 7 27 0 -1
656 31 30 0 -1
657 68 34 0 1
658 26 21 0 1
659 99 25 0 1
660 28 29 1 0
661 13 27 -1 0
662 68 13 0 -1
663 24 16 1 0
664 16 14 0 -1
665 59 1 1 0
666 26 26 0 -1
667 99 0 -1 0
668 98 27 -1 0
669 50 24 0 1
670 27 0 1 0
671 28 30 0 1
672 2 27 -1 0
673 60 36 1 0
674 71 24 -1 0
675 13 0 -1 0
676 43 15 -1 0
677 39 17 0 -1
678 39 16 1 0
679 1 31 0 1
680 99 0 1 0
681 48 22 1 0
682 63 36 -1 0
683 19 13 1 0
684 85 4 0 1
685 20 37 0 -1
686 15 22 0 1
687 91 13 -1 0
688 86 37 0 1
689 80 27 0 1
690 85 3 0 1
691 44 30 -1 0
692 41 5 0 1
693 10 17 0 1
694 94 27 0 1
695 65 2 1 0
696 50 6 0 -1
697 93 10 0 -1
698 37 20 1 0
699 50 9 -1 0
700 42 14 0 -1
701 40 13 0 -1
702 74 39 1 0
703 6 16 -1 0
704 53 13 1 0
705 68 35 0 -1
706 97 7 0 1
707 25 0 1 0
708 43 33 0 1
709 10 19 0 1
710 52 37 1 0
711 1 15 -1 0
712 12 36 0 1
713 51 15 -1 0
714 87 35 0 1
715 49 22 -1 0
716 14 8 1 0
717 72 37 -1 0
718 80 18 0 1
719 24 5 0 -1
720 28 21 0 -1
721 21 39 0 -1
722 44 37 -1 0
723 39 21 1 0
724 53 26 0 -1
725 63 33 -1 0
726 49 10 0 -1
727 30 22 1 0
728 59 24 1 0
729 40 38 0 1
730 45 23 0 1
731 75 28 1 0
732 37 15 -1 0
733 15 17 -1 0
734 65 38 1 0
735 93 17 1 0
736 25 24 0 1
737 40 4 0 -1
738 17 4 0 -1
739 88 32 0 1
740 88 19 0 1
741 70 26 1 0
742 81 23 -1 0
743 25 16 0 1
744 43 34 -1 0
745 7 3 0 -1
746 22 15 0 1
747 21 21 -1 0
748 28 16 1 0
749 89 35 1 0
750 55 35 1 0
751 64 27 0 -1
752 24 17 -1 0
753 16 23 0 1
754 71 22 0 -1
755 84 6 0 -1
756 23 20 0 -1
757 9 29 1 0
758 42 39 0 -1
759 51 30 0 1
760 4 2 0 -1
761 43 14 -1 0
762 27 33 -1 0
763 59 2 1 0
764 20 37 0 1
765 39 15 1 0
766 17 21 -1 0
767 44 39 0 -1
768 57 36 0 -1
769 60 17 0 1
770 3 7 0 1
771 18 11 0 1
772 20 28 0 -1
773 40 25 0 1
774 60 32 0 1
775 75 9 1 0
776 77 14 0 1
777 43 15 0 -1
778 47 10 1 0
779 95 2 0 -1
780 48 16 -1 0
781 63 12 0 1
782 31 27 -1 0
783 41 5 1 0
784 8 17 -1 0
785 65 23 0 1
786 42 25 0 -1
787 52 16 1 0
788 23 38 1 0
789 40 33 0 1
790 89 6 -1 0
791 79 5 -1 0
792 63 34 0 -1
793 46 31 1 0
794 28 9 -1 0
795 53 0 0 1
796 89 26 -1 0
797 14 17 0 1
798 85 25 0 -1
799 49 25 -1 0
800 32 39 0 1
801 12 23 0 1
802 41 5 0 -1
803 74 29 -1 0
804 46 19 0 -1
805 16 26 0 1
806 10 26 -1 0
807 97 31 1 0
808 43 14 1 0
809 16 31 0 -1
810 95 30 1 0
811 42 9 -1 0
812 26 14 1 0
813 38 6 0 1
814 13 37 0 -1
815 91 21 0 1
816 15 39 1 0
817 63 3 1 0
818 20 10 0 -1
819 37 27 0 -1
820 38 29 0 1
821 95 4 1 0
822 85 6 0 1
823 21 39 -1 0
824 56 32 1 0
825 91 13 0 1
826 98 32 1 0
827 63 9 -1 0
828 4 10 1 0
829 56 14 -1 0
830 6 4 0 -1
831 39 24 1 0
832 51 19 0 1
833 44 29 0 -1
834 24 10 0 -1
835 69 9 0 -1
836 20 26 0 -1
837 19 23 -1 0
838 92 11 0 1
839 53 31 0 1
840 24 2 0 1
841 44 33 1 0
842 43 1 1 0
843 40 35 0 1
844 41 37 1 0
845 40 2 1 0
846 14 21 0 1
847 49 34 0 -1
848 23 20 0 -1
849 91 37 -1 0
850 28 17 1 0
851 17 18 1 0
852 12 10 -1 0
853 39 29 0 -1
854 96 0 0 1
855 94 11 -1 0
856 39 30 0 -1
857 86 22 0 1
858 42 9 1 0
859 20 35 0 -1
860 9 33 -1 0
861 42 19 0 1
862 43 25 -1 0
863 35 10 -1 0
864 82 35 -1 0
865 73 17 -1 0
866 13 9 0 -1
867 22 34 1 0
868 85 34 0 -1
869 55 4 1 0
870 80 4 -1 0
871 91 1 0 1
872 85 30 0 1
873 21 22 1 0
874 25 15 0 -1
875 53 9 0 -1
876 80 18 -1 0
877 60 39 0 -1
878 66 1 0 1
879 99 28 0 -1
880 6 5 0 1
881 84 14 0 1
882 91 13 -1 0
883 47 20 -1 0
884 17 14 0 1
885 38 31 0 1
886 41 36 0 -1
887 59 3 0 -1
888 52 4 1 0
889 49 14 -1 0
890 46 17 0 1
891 89 34 1 0
892 44 32 1 0
893 40 11 1 0
894 84 10 0 1
895 77 5 0 -1
896 91 12 0 1
897 81 32 0 1
898 19 38 0 -1
899 82 17 0 1
900 74 36 1 0
901 73 3 -1 0
902 12 12 0 1
903 82 33 0 -1
904 28 21 0 -1
905 91 34 0 1
906 95 32 0 1
907 50 28 1 0
908 49 39 -1 0
909 48 1 0 -1
910 86 24 1 0
911 37 33 -1 0
912 42 0 -1 0
913 18 3 1 0
914 92 21 -1 0
915 80 5 1 0
916 77 4 1 0
917 46 34 -1 0
918 50 20 0 1
919 24 39 -1 0
920 18 15 0 1
921 27 29 0 -1
922 90 38 1 0
923 15 3 -1 0
924 69 26 1 0
925 63 4 0 1
926 41 35 0 1
927 38 4 0 -1
928 94 10 0 1
929 47 8 -1 0
930 23 34 0 -1
931 66 27 -1 0
932 68 26 1 0
933 45 5 0 1
934 95 22 0 -1
935 77 6 1 0
936 92 3 1 0
937 86 28 0 -1
938 12 16 1 0
939 34 23 0 1
940 97 34 1 0
941 21 21 -1 0
942 48 17 1 0
943 71 3 0 -1
944 22 5 0 1
945 20 6 0 -1
946 98 22 0 -1
947 86 34 -1 0
948 4 3 1 0
949 57 18 1 0
950 39 17 0 1
951 21 38 1 0
952 10 7 0 1
953 15 4 0 1
954 99 0 0 1
955 27 17 -1 0
956 24 7 1 0
957 88 19 -1 0
958 35 13 0 1
959 1 36 1 0
960 9 7 0 -1
961 71 15 0 -1
962 9 20 0 -1
963 82 4 1 0
964 70 17 0 1
965 42 13 -1 0
966 47 23 0 1
967 65 15 1 0
968 68 31 0 1
969 56 16 1 0
970 73 22 -1 0
971 19 10 0 -1
972 51 21 0 1
973 98 13 0 1
974 3 34 0 -1
975 3 8 -1 0
976 45 19 -1 0
977 27 7 0 1
978 19 22 0 1
979 90 25 -1 0
980 7 1 0 -1
981 42 29 0 -1
982 30 39 1 0
983 83 9 1 0
984 67 23 -1 0
985 46 11 1 0
986 46 32 0 -1
987 70 6 0 1
988 71 13 -1 0
989 1 37 1 0
990 13 13 0 1
991 9 0 -1 0
992 75 14 -1 0
993 42 16 -1 0
994 62 33 0 1
995 2 7 0 -1
996 28 3 -1 0
997 19 23 -1 0
998 62 14 -1 0
999 1 28 0 1
1000 84 11 0 1
1001 1 15 0 -1
1002 69 18 0 1
1003 39 0 1 0
1004 74 22 1 0
1005 49 9 0 1
1006 79 33 -1 0
1007 82 10 0 1
1008 28 5 0 1
1009 10 39 0 -1
1010 14 7 -1 0
1011 73 28 1 0
1012 1 35 -1 0
1013 32 14 0 -1
1014 90 9 1 0
1015 97 26 0 -1
1016 41 7 -1 0
1017 65 9 0 1
1018 98 20 1 0
1019 45 1 1 0
1020 52 27 0 -1
1021 22 20 0 -1
1022 38 12 -1 0
1023 16 30 -1 0
1024 97 38 -1 0
1025 27 15 0 -1
1026 3 33 0 -1
1027 47 33 0 1
1028 55 10 0 1
1029 30 12 0 1
1030 27 28 -1 0
1031 6 18 1 0
1032 14 28 0 -1
1033 15 13 1 0
1034 41 4 0 -1
1035 42 27 0 1
1036 53 14 0 -1
1037 68 6 -1 0
1038 67 26 -1 0
1039 20 36 1 0
1040 47 13 0 -1
1041 38 5 -1 0
1042 26 18 -1 0
1043 54 13 -1 0
1044 48 25 1 0
1045 21 23 1 0
1046 17 10 0 -1
1047 22 39 1 0
1048 10 33 0 -1
1049 29 4 -1 0
1050 97 20 -1 0
1051 9 22 1 0
1052 25 1 1 0
1053 24 14 0 -1
1054 38 11 0 1
1055 46 37 -1 0
1056 63 39 0 -1
1057 83 22 -1 0
1058 54 35 0 -1
1059 26 6 0 -1
1060 97 24 -1 0
1061 55 14 -1 0
1062 16 36 1 0
1063 23 4 1 0
1064 70 18 0 1
1065 91 2 0 1
1066 52 19 0 1
1067 37 39 0 1
1068 53 17 -1 0
1069 21 16 0 -1
1070 45 18 -1 0
1071 9 26 1 0
1072 14 14 0 1
1073 45 19 0 -1
1074 14 9 1 0
1075 51 33 1 0
1076 71 7 -1 0
1077 38 24 0 -1
1078 87 8 0 -1
1079 26 14 0 1
1080 47 19 0 1
1081 99 18 -1 0
1082 25 8 0 -1
1083 27 20 0 -1
1084 16 1 0 -1
1085 86 22 1 0
1086 87 10 1 0
1087 40 34 0 1
1088 89 35 0 -1
1089 59 10 -1 0
1090 40 19 1 0
1091 86 22 0 1
1092 38 3 1 0
1093 92 18 1 0
1094 11 26 0 -1
1095 69 5 1 0
1096 2 38 0 1
1097 23 18 0 -1
1098 24 37 0 -1
1099 48 37 0 1
1100 32 29 0 1
1101 24 7 1 0
1102 98 16 1 0
1103 49 15 0 -1
1104 82 11 0 -1
1105 88 0 1 0
1106 9 21 0 -1
1107 6 0 0 -1
1108 45 39 0 1
1109 44 37 0 -1
1110 27 11 0 -1
1111 98 3 0 1
1112 32 15 0 -1
1113 67 20 1 0
1114 83 38 1 0
1115 78 36 -1 0
1116 92 25 0 -1
1117 86 1 0 1
1118 46 27 0 -1
1119 81 25 0 -1
1120 76 30 0 -1
1121 38 26 1 0
1122 80 30 -1 0
1123 0 11 1 0
1124 29 28 -1 0
1125 20 15 1 0
1126 54 36 0 1
1127 3 24 0 -1
1128 75 14 0 -1
1129 21 3 0 -1
1130 42 29 0 -1
1131 96 25 -1 0
1132 50 26 -1 0
1133 27 26 0 1
1134 47 32 0 1
1135 40 5 -1 0
1136 39 11 -1 0
1137 92 25 0 -1
1138 20 10 1 0
1139 98 37 -1 0
1140 27 9 0 1
1141 26 38 0 -1
1142 9 9 0 -1
1143 59 7 0 1
1144 94 24 -1 0
1145 4 14 -1 0
1146 19 3 0 -1
1147 63 1 0 1
1148 53 10 -1 0
1149 21 23 0 1
1150 54 3 0 -1
1151 24 13 0 -1
1152 64 10 0 1
1153 64 22 1 0
1154 0 23 0 1
1155 18 5 0 1
1156 27 30 1 0
1157 7 17 0 1
1158 76 5 0 -1
1159 17 3 1 0
1160 29 21 0 1
1161 15 38 0 1
1162 0 19 1 0
1163 13 22 0 1
1164 9 7 -1 0
1165 39 32 -1 0
1166 22 8 1 0
1167 27 0 1 0
1168 23 9 0 1
1169 12 3 0 -1
1170 39 0 0 -1
1171 88 3 0 1
1172 25 21 0 -1
1173 74 35 -1 0
1174 15 29 0 1
1175 22 36 0 1
1176 86 19 -1 0
1177 42 12 1 0
1178 46 8 1 0
1179 17 8 0 -1
1180 46 26 -1 0
1181 19 22 1 0
1182 15 15 1 0
1183 1 12 1 0
1184 57 25 1 0
1185 85 38 -1 0
1186 28 12 0 1
1187 14 13 0 -1
1188 63 18 0 1
1189 71 22 -1 0
1190 38 3 0 1
1191 65 23 0 -1
1192 42 13 0 -1
1193 42 24 -1 0
1194 66 22 1 0
1195 15 28 0 -1
1196 41 9 0 -1
1197 29 9 0 1
1198 43 3 -1 0
1199 9 23 0 -1
1200 45 9 -1 0
1201 90 35 -1 0
1202 13 3 1 0
1203 24 14 0 -1
1204 99 25 0 -1
1205 29 25 1 0
1206 7 39 1 0
1207 86 15 0 -1
1208 14 29 -1 0
1209 57 19 0 1
1210 93 4 0 -1
1211 13 18 -1 0
1212 46 26 0 1
1213 51 28 0 1
1214 27 16 0 -1
1215 6 1 0 -1
1216 99 22 1 0
1217 20 16 -1 0
1218 35 20 -1 0
1219 88 8 0 1
1220 91 18 0 1
1221 94 34 -1 0
1222 26 3 -1 0
1223 27 2 0 1
1224 6 4 1 0
1225 76 0 1 0
1226 41 28 0 1
1227 12 18 0 -1
1228 4 15 0 1
1229 20 26 -1 0
1230 1 31 1 0
1231 45 38 -1 0
1232 38 13 -1 0
1233 78 16 -1 0
1234 77 33 0 1
1235 3 24 0 1
1236 85 22 0 -1
1237 54 33 0 1
1238 39 10 -1 0
1239 81 29 0 -1
1240 78 25 0 1
1241 25 24 0 1
1242 79 11 0 -1
1243 49 12 0 -1
1244 46 1 0 1
1245 28 14 -1 0
1246 78 8 1 0
1247 46 0 0 1
1248 37 25 -1 0
1249 43 16 -1 0
1250 9 39 0 1
1251 93 27 -1 0
1252 46 19 0 1
1253 73 28 1 0
1254 42 9 0 1
1255 23 18 0 1
1256 41 31 0 1
1257 72 11 0 -1
1258 24 33 0 1
1259 35 22 0 1
1260 86 23 1 0
1261 95 37 1 0
1262 49 30 -1 0
1263 64 39 0 -1
1264 16 39 0 -1
1265 77 36 -1 0
1266 80 36 1 0
1267 9 28 0 -1
1268 94 36 -1 0
1269 70 27 0 1
1270 84 8 0 1
1271 9 39 -1 0
1272 15 26 -1 0
1273 5 39 1 0
1274 28 16 0 -1
1275 17 38 0 -1
1276 19 24 1 0
1277 29 18 0 1
1278 90 20 1 0
1279 18 3 -1 0
1280 51 11 0 -1
1281 77 21 0 -1
1282 93 19 1 0
1283 94 3 1 0
1284 42 24 -1 0
1285 37 13 0 1
1286 39 3 0 -1
1287 3 1 -1 0
1288 21 25 0 1
1289 39 11 -1 0
1290 80 7 0 -1
1291 4 36 -1 0
1292 96 37 0 -1
1293 20 12 0 -1
1294 3 11 1 0
1295 60 39 -1 0
1296 93 8 0 -1
1297 12 25 0 1
1298 96 21 0 -1
1299 29 26 0 1
1300 75 11 0 1
1301 31 1 0 1
1302 51 35 0 -1
1303 5 25 -1 0
1304 86 25 -1 0
1305 85 17 0 1
1306 21 26 1 0
1307 68 16 0 -1
1308 93 21 -1 0
1309 41 13 -1 0
1310 56 3 -1 0
1311 52 29 0 -1
1312 18 11 0 1
1313 30 26 0 -1
1314 28 17 0 -1
1315 48 26 0 1
1316 71 27 -1 0
1317 78 4 -1 0
1318 59 14 1 0
1319 22 30 1 0
1320 20 20 0 -1
1321 93 15 0 -1
1322 26 23 -1 0
1323 8 39 0 -1
1324 4 34 -1 0
1325 72 37 -1 0
1326 10 28 0 1
1327 50 24 -1 0
1328 13 10 0 1
1329 16 32 0 1
1330 62 2 0 1
1331 97 21 1 0
1332 4 38 -1 0
1333 60 15 1 0
1334 0 28 1 0
1335 96 4 1 0
1336 58 23 1 0
1337 88 0 -1 0
1338 15 23 0 1
1339 40 7 -1 0
1340 59 29 1 0
1341 44 22 -1 0
1342 78 34 1 0
1343 94 20 0 1
1344 13 7 -1 0
1345 79 39 0 1
1346 5 39 0 1
1347 76 9 1 0
1348 18 23 -1 0
1349 96 10 -1 0
1350 40 21 0 1
1351 19 4 0 -1
1352 25 32 1 0
1353 3 34 -1 0
1354 50 21 0 -1
1355 96 17 1 0
1356 41 24 0 1
1357 47 30 0 1
1358 26 4 -1 0
1359 38 36 1 0
1360 22 21 0 -1
1361 45 31 0 1
1362 0 7 0 1
1363 88 28 -1 0
1364 62 9 0 -1
1365 71 29 1 0
1366 63 24 -1 0
1367 54 30 0 -1
1368 65 39 0 1
1369 51 20 0 1
1370 81 0 1 0
1371 0 26 1 0
1372 22 36 1 0
1373 63 27 0 -1
1374 10 24 0 -1
1375 25 15 0 -1
1376 88 30 1 0
1377 38 38 0 -1
1378 87 13 -1 0
1379 89 6 1 0
1380 69 12 -1 0
1381 43 4 0 -1
1382 25 22 1 0
1383 7 29 1 0
1384 12 27 1 0
1385 55 19 1 0
1386 65 25 -1 0
1387 39 18 0 1
1388 44 28 1 0
1389 99 2 1 0
1390 8 16 1 0
1391 1 8 -1 0
1392 98 2 1 0
1393 20 6 0 -1
1394 78 5 1 0
1395 14 20 1 0
1396 57 2 0 1
1397 84 20 0 1
1398 96 19 -1 0
1399 45 33 0 1
1400 2 33 0 1
1401 47 10 0 1
1402 24 2 0 -1
1403 83 28 0 -1
1404 86 23 0 -1
1405 21 39 1 0
1406 31 18 1 0
1407 8 1 1 0
1408 74 14 0 1
1409 13 6 0 -1
1410 43 30 0 1
1411 39 36 0 -1
1412 22 17 0 1
1413 25 20 1 0
1414 39 5 0 1
1415 42 33 1 0
1416 13 9 1 0
1417 41 10 0 -1
1418 14 1 0 -1
1419 36 1 1 0
1420 22 1 -1 0
1421 3 8 0 1
1422 83 25 0 -1
1423 99 26 -1 0
1424 23 21 1 0
1425 4 8 -1 0
1426 7 0 0 -1
1427 13 29 0 -1
1428 38 22 -1 0
1429 67 7 0 1
1430 31 27 1 0
1431 68 35 -1 0
1432 52 39 0 1
1433 99 26 1 0
1434 31 13 0 1
1435 15 17 0 -1
1436 88 15 0 1
1437 43 15 -1 0
1438 70 33 0 -1
1439 81 6 0 -1
1440 26 6 1 0
1441 24 31 -1 0
1442 48 2 1 0
1443 30 11 1 0
1444 91 24 -1 0
1445 80 30 1 0
1446 21 5 -1 0
1447 38 4 0 -1
1448 26 20 -1 0
1449 96 15 0 -1
1450 10 34 0 -1
1451 12 20 0 1
1452 67 25 0 1
1453 16 34 -1 0
1454 99 39 1 0
1455 97 20 0 1
1456 72 14 0 -1
1457 37 6 0 -1
1458 61 39 1 0
1459 9 14 0 -1
1460 23 9 0 -1
1461 96 6 0 -1
1462 12 20 0 -1
1463 53 32 0 -1
1464 88 19 -1 0
1465 82 25 -1 0
1466 75 8 1 0
1467 58 15 1 0
1468 23 19 1 0
1469 94 7 1 0
1470 52 15 1 0
1471 16 17 0 -1
1472 84 1 1 0
1473 29 26 0 -1
1474 80 14 0 -1
1475 25 15 0 1
1476 87 13 0 -1
1477 97 38 1 0
1478 88 18 -1 0
1479 4 23 1 0
1480 53 22 -1 0
1481 26 37 -1 0
1482 30 1 0 1
1483 6 15 0 1
1484 8 9 0 -1
1485 26 6 1 0
1486 11 21 -1 0
1487 14 33 1 0
1488 36 29 0 -1
1489 54 24 -1 0
1490 66 11 0 1
1491 23 11 1 0
1492 22 0 -1 0
1493 85 14 1 0
1494 24 22 -1 0
1495 28 32 1 0
1496 81 3 1 0
1497 2 36 0 -1
1498 5 3 0 -1
1499 29 14 -1 0
1500 58 21 1 0
1501 37 36 -1 0
1502 58 18 0 -1
1503 47 36 1 0
1504 61 34 -1 0
1505 92 2 0 -1
1506 50 25 -1 0
1507 44 33 0 -1
1508 78 37 0 -1
1509 88 12 0 1
1510 54 1 0 1
1511 13 34 1 0
1512 82 28 1 0
1513 74 18 -1 0
1514 45 3 0 -1
1515 65 4 0 1
1516 85 39 0 -1
1517 44 18 0 -1
1518 29 23 0 1
1519 27 11 -1 0
1520 7 26 -1 0
1521 19 10 0 -1
1522 37 18 0 -1
1523 15 21 1 0
1524 16 3 -1 0
1525 21 0 1 0
1526 36 0 0 1
1527 89 35 -1 0
1528 57 28 -1 0
1529 17 1 0 1
1530 10 27 0 1
1531 40 34 1 0
1532 43 12 -1 0
1533 22 19 1 0
1534 89 0 0 1
1535 45 0 0 -1
1536 43 6 -1 0
1537 25 26 0 -1
1538 80 1 -1 0
1539 27 26 -1 0
1540 23 2 0 -1
1541 27 20 0 1
1542 50 0 -1 0
1543 20 1 0 -1
1544 40 13 0 1
1545 35 7 0 1
1546 72 18 0 -1
1547 77 39 -1 0
1548 8 38 -1 0
1549 74 2 -1 0
1550 51 19 0 1
1551 1 11 -1 0
1552 71 1 1 0
1553 71 14 -1 0
1554 45 26 0 -1
1555 44 0 0 -1
1556 3 19 -1 0
1557 42 26 0 -1
1558 39 39 0 -1
1559 53 21 -1 0
1560 83 26 -1 0
1561 79 35 0 -1
1562 49 37 0 1
1563 59 14 1 0
1564 36 1 -1 0
1565 37 25 0 1
1566 1 23 0 -1
1567 6 20 1 0
1568 25 32 1 0
1569 15 33 0 -1
1570 53 32 0 1
1571 78 17 1 0
1572 0 24 0 -1
1573 19 34 1 0
1574 93 16 0 -1
1575 83 28 0 1
1576 0 34 0 -1
1577 27 12 -1 0
1578 62 32 -1 0
1579 45 3 1 0
1580 45 6 1 0
1581 7 20 0 1
1582 9 4 -1 0
1583 10 20 -1 0
1584 23 27 0 -1
1585 28 27 0 1
1586 38 20 1 0
1587 85 11 0 -1
1588 14 23 0 1
1589 22 19 1 0
1590 97 6 0 -1
1591 76 21 0 -1
1592 43 8 0 1
1593 98 13 1 0
1594 57 1 0 1
1595 94 23 0 1
1596 22 7 0 -1
1597 0 4 -1 0
1598 47 23 0 -1
1599 98 23 0 -1
1600 39 13 1 0
1601 54 32 -1 0
1602 57 15 -1 0
1603 28 10 0 1
1604 98 26 0 -1
1605 55 17 0 1
1606 78 5 0 -1
1607 48 7 0 -1
1608 14 3 0 1
1609 28 12 0 -1
1610 55 25 -1 0
1611 12 4 0 1
1612 24 11 0 -1
1613 77 34 0 -1
1614 13 33 1 0
1615 49 1 0 1
1616 89 38 -1 0
1617 83 17 1 0
1618 46 10 -1 0
1619 76 14 0 1
1620 16 2 0 1
1621 18 35 0 1
1622 87 18 1 0
1623 89 0 0 1
1624 26 24 0 -1
1625 53 21 0 1
1626 2 21 -1 0
1627 61 29 1 0
1628 16 18 -1 0
1629 10 15 -1 0
1630 42 22 0 1
1631 92 29 -1 0
1632 27 18 1 0
1633 89 22 -1 0
1634 8 15 0 1
1635 15 13 0 1
1636 92 20 0 1
1637 91 35 0 -1
1638 42 18 -1 0
1639 40 2 0 -1
1640 58 10 0 -1
1641 82 28 0 1
1642 10 18 0 1
1643 60 30 -1 0
1644 65 13 1 0
1645 30 2 1 0
1646 0 18 1 0
1647 64 23 -1 0
1648 92 15 -1 0
1649 42 25 0 1
1650 22 14 0 1
1651 23 10 1 0
1652 95 36 1 0
1653 18 12 0 -1
1654 96 14 -1 0
1655 46 8 0 1
1656 49 8 0 1
1657 45 4 0 1
1658 22 11 -1 0
1659 66 19 0 -1
1660 31 11 0 -1
1661 2 5 0 -1
1662 38 4 -1 0
1663 99 27 0 1
1664 27 16 0 1
1665 31 21 -1 0
1666 0 26 0 -1
1667 76 10 0 1
1668 55 14 0 1
1669 10 39 0 -1
1670 47 1 1 0
1671 61 24 0 1
1672 76 35 0 -1
1673 68 22 0 1
1674 89 5 0 1
1675 31 6 0 -1
1676 59 31 1 0
1677 54 7 -1 0
1678 74 22 0 -1
1679 71 14 0 -1
1680 15 0 0 -1
1681 17 38 -1 0
1682 71 39 1 0
1683 77 21 1 0
1684 21 4 0 1
1685 41 20 0 -1
1686 45 22 0 1
1687 17 34 1 0
1688 13 35 0 1
1689 26 34 -1 0
1690 26 28 0 1
1691 42 19 -1 0
1692 80 15 0 -1
1693 69 10 -1 0
1694 70 2 -1 0
1695 0 15 1 0
1696 40 26 0 1
1697 26 30 1 0
1698 39 16 -1 0
1699 16 14 1 0
1700 39 26 0 -1
1701 41 14 0 1
1702 96 13 1 0
1703 25 25 1 0
1704 60 9 0 1
1705 21 38 1 0
1706 38 31 0 -1
1707 95 14 0 1
1708 54 23 0 1
1709 51 20 1 0
1710 53 6 0 -1
1711 4 32 0 1
1712 2 1 1 0
1713 4 27 0 1
1714 13 12 0 1
1715 29 24 1 0
1716 57 39 0 -1
1717 58 13 0 1
1718 21 30 -1 0
1719 54 24 -1 0
1720 97 25 0 1
1721 51 6 -1 0
1722 55 32 1 0
1723 22 18 0 -1
1724 15 23 0 -1
1725 41 8 0 -1
1726 85 12 0 1
1727 85 3 -1 0
1728 21 11 1 0
1729 51 5 0 1
1730 0 25 0 -1
1731 47 27 1 0
1732 26 0 0 1
1733 61 33 0 1
1734 78 39 0 -1
1735 19 5 0 -1
1736 98 14 -1 0
1737 11 22 -1 0
1738 75 15 0 1
1739 28 39 -1 0
1740 79 25 0 1
1741 16 22 0 -1
1742 55 23 0 1
1743 13 39 0 -1
1744 66 28 0 -1
1745 21 9 -1 0
1746 16 21 0 1
1747 27 16 1 0
1748 87 28 0 1
1749 38 26 0 -1
1750 23 26 -1 0
1751 71 24 0 1
1752 78 29 0 1
1753 87 14 1 0
1754 30 30 0 1
1755 24 23 1 0
1756 26 1 0 1
1757 3 36 1 0
1758 45 29 0 1
1759 87 2 1 0
1760 99 32 -1 0
1761 74 24 -1 0
1762 20 32 -1 0
1763 23 1 -1 0
1764 2 31 0 1
1765 49 25 0 1
1766 17 34 0 -1
1767 45 4 -1 0
1768 2 25 -1 0
1769 97 36 0 1
1770 70 18 0 1
1771 54 28 0 1
1772 89 23 1 0
1773 1 8 0 -1
1774 61 16 0 -1
1775 10 23 -1 0
1776 39 25 0 1
1777 47 38 0 1
1778 43 20 1 0
1779 21 24 0 -1
1780 82 14 1 0
1781 69 26 1 0
1782 36 14 -1 0
1783 9 0 -1 0
1784 1 6 0 1
1785 4 30 0 -1
1786 28 16 0 1
1787 37 35 -1 0
1788 66 0 -1 0
1789 20 1 1 0
1790 1 31 -1 0
1791 47 12 -1 0
1792 72 22 1 0
1793 51 2 0 1
1794 41 0 -1 0
1795 6 2 0 -1
1796 96 26 0 -1
1797 98 2 -1 0
1798 92 0 1 0
1799 88 16 0 1
1800 68 5 0 -1
1801 30 24 0 1
1802 92 11 0 -1
1803 51 1 0 -1
1804 20 16 0 1
1805 16 11 1 0
1806 82 27 -1 0
1807 26 7 -1 0
1808 27 9 1 0
1809 21 11 0 1
1810 95 39 -1 0
1811 45 17 -1 0
1812 20 38 0 1
1813 4 35 1 0
1814 27 11 1 0
1815 96 18 0 -1
1816 20 32 -1 0
1817 14 16 0 1
1818 89 37 0 1
1819 92 33 0 1
1820 68 11 0 1
1821 12 33 1 0
1822 15 26 0 -1
1823 27 30 1 0
1824 87 4 0 -1
1825 96 2 -1 0
1826 93 5 1 0
1827 39 1 0 -1
1828 10 34 1 0
1829 62 21 -1 0
1830 23 15 0 -1
1831 99 34 0 1
1832 22 37 0 -1
1833 43 33 -1 0
1834 24 4 -1 0
1835 58 34 -1 0
1836 17 35 1 0
1837 84 37 1 0
1838 42 29 1 0
1839 86 14 1 0
1840 86 19 0 1
1841 44 31 0 1
1842 1 17 -1 0
1843 83 38 0 -1
1844 29 1 0 1
1845 13 26 0 1
1846 69 21 1 0
1847 12 27 -1 0
1848 89 1 0 1
1849 94 11 0 -1
1850 22 0 1 0
1851 96 21 -1 0
1852 91 27 0 1
1853 28 0 1 0
1854 21 23 1 0
1855 22 3 0 -1
1856 59 1 0 1
1857 22 29 0 -1
1858 35 19 0 -1
1859 68 10 0 -1
1860 84 8 0 1
1861 89 3 -1 0
1862 79 36 0 -1
1863 76 34 0 1
1864 16 27 -1 0
1865 62 26 1 0
1866 26 12 1 0
1867 22 32 -1 0
1868 86 34 1 0
1869 92 25 1 0
1870 3 26 0 -1
1871 9 13 0 -1
1872 39 12 1 0
1873 84 15 -1 0
1874 19 7 -1 0
1875 89 18 1 0
1876 16 3 0 -1
1877 98 20 -1 0
1878 35 15 0 1
1879 15 3 1 0
1880 51 4 -1 0
1881 97 12 -1 0
1882 95 17 1 0
1883 54 4 -1 0
1884 72 8 -1 0
1885 55 32 0 1
1886 57 25 0 1
1887 7 27 0 -1
1888 27 28 1 0
1889 8 20 0 1
1890 6 13 0 1
1891 99 2 0 1
1892 43 23 1 0
1893 43 19 1 0
1894 7 19 0 1
1895 23 29 0 -1
1896 59 31 0 1
1897 25 22 0 1
1898 6 27 0 1
1899 14 15 0 1
1900 5 27 -1 0
1901 96 16 0 1
1902 43 30 0 1
1903 95 22 1 0
1904 7 18 -1 0
1905 49 16 0 -1
1906 58 9 -1 0
1907 18 7 1 0
1908 24 31 0 -1
1909 0 38 -1 0
1910 43 39 -1 0
1911 15 25 1 0
1912 40 11 0 1
1913 9 0 1 0
1914 63 19 1 0
1915 96 31 0 -1
1916 19 27 1 0
1917 93 2 0 1
1918 47 11 -1 0
1919 48 27 1 0
1920 29 1 0 1
1921 20 21 1 0
1922 79 28 0 -1
1923 69 11 1 0
1924 97 17 0 1
1925 8 12 0 1
1926 80 32 -1 0
1927 74 14 1 0
1928 88 10 0 -1
1929 3 17 -1 0
1930 24 18 -1 0
1931 19 18 -1 0
1932 75 2 -1 0
1933 85 9 1 0
1934 18 12 1 0
1935 3 29 -1 0
1936 85 13 -1 0
1937 18 23 0 1
1938 83 10 0 -1
1939 81 4 1 0
1940 12 35 0 -1
1941 43 9 0 -1
1942 1 33 1 0
1943 70 34 0 -1
1944 5 22 -1 0
1945 43 20 -1 0
1946 87 1 0 -1
1947 71 10 1 0
1948 69 33 0 -1
1949 23 6 0 1
1950 61 28 0 -1
1951 32 1 0 1
1952 89 22 0 1
1953 61 20 -1 0
1954 19 12 0 1
1955 75 1 0 -1
1956 93 21 0 -1
1957 30 13 1 0
1958 44 28 0 1
1959 48 33 1 0
1960 2 4 0 -1
1961 22 11 -1 0
1962 46 25 0 -1
1963 84 28 0 -1
1964 17 7 0 -1
1965 27 37 0 -1
1966 14 37 -1 0
1967 5 28 -1 0
1968 37 22 0 -1
1969 89 14 -1 0
1970 87 20 -1 0
1971 39 2 -1 0
1972 16 10 -1 0
1973 94 28 0 1
1974 76 27 0 -1
1975 48 18 1 0
1976 41 25 -1 0
1977 59 15 0 1
1978 3 7 -1 0
1979 56 17 0 -1
1980 77 21 1 0
1981 38 7 -1 0
1982 51 34 -1 0
1983 7 25 -1 0
1984 80 25 0 1
1985 52 12 1 0
1986 28 37 -1 0
1987 85 4 0 1
1988 73 9 0 1
1989 1 34 1 0
1990 37 24 0 1
1991 46 15 0 1
1992 53 24 1 0
1993 36 30 0 1
1994 39 14 0 1
1995 18 30 1 0
1996 67 28 1 0
1997 19 13 1 0
1998 37 19 0 -1
1999 15 33 0 1
