0 99 28 -1 0
1 99 39 -1 0
2 39 33 0 -1
3 62 0 1 0
4 81 1 0 -1
5 68 6 -1 0
6 0 19 1 0
7 66 13 0 1
8 89 16 0 -1
9 40 4 1 0
10 58 10 0 -1
11 94 29 0 1
12 87 1 -1 0
13 42 5 1 0
14 24 28 0 1
15 65 26 -1 0
16 24 12 1 0
17 62 11 0 -1
18 12 16 0 1
19 27 10 0 -1
20 8 24 -1 0
21 10 17 1 0
22 59 10 -1 0
23 15 34 -1 0
24 81 38 0 -1
25 43 21 0 -1
26 59 34 1 0
27 36 38 1 0
28 24 8 0 -1
29 50 4 -1 0
30 40 31 0 -1
31 52 0 0 -1
32 82 19 0 -1
33 31 32 1 0
34 52 34 -1 0
35 46 14 1 0
36 89 9 1 0
37 99 36 0 1
38 29 31 -1 0
39 94 27 1 0
40 46 29 1 0
41 40 19 -1 0
42 5 7 -1 0
43 79 5 0 -1
44 84 2 -1 0
45 27 37 0 1
46 65 25 -1 0
47 29 21 1 0
48 59 33 0 -1
49 61 35 1 0
50 35 39 1 0
51 9 32 1 0
52 17 19 -1 0
53 23 17 1 0
54 30 32 0 1
55 46 13 0 1
56 21 14 0 -1
57 7 9 0 1
58 54 18 0 1
59 22 4 1 0
60 22 39 0 1
61 67 6 0 1
62 20 23 -1 0
63 92 13 0 1
64 87 8 -1 0
65 16 22 1 0
66 93 19 0 -1
67 99 9 1 0
68 90 39 0 1
69 3 37 1 0
70 1 20 1 0
71 88 30 1 0
72 36 36 -1 0
73 3 26 1 0
74 97 17 -1 0
75 72 18 0 1
76 57 21 0 1
77 4 4 0 1
78 54 15 0 1
79 47 1 0 -1
80 2 17 0 1
81 75 22 -1 0
82 0 12 0 -1
83 93 0 0 -1
84 12 20 0 -1
85 54 1 0 1
86 42 24 -1 0
87 72 36 1 0
88 74 39 0 1
89 43 23 0 1
90 20 22 1 0
91 15 14 0 1
92 5 35 1 0
93 7 17 1 0
94 95 5 0 -1
95 44 15 0 1
96 31 28 0 -1
97 75 25 1 0
98 40 36 -1 0
99 54 10 -1 0
100 10 27 0 -1
101 26 2 0 -1
102 17 12 -1 0
103 6 1 0 1
104 82 31 0 1
105 48 13 -1 0
106 54 10 0 -1
107 2 17 -1 0
108 39 5 0 1
109 85 39 -1 0
110 27 18 0 -1
111 77 16 0 1
112 16 4 1 0
113 39 31 0 1
114 39 6 -1 0
115 51 10 0 -1
116 26 18 -1 0
117 30 18 0 -1
118 39 26 0 -1
119 20 27 0 -1
120 38 8 -1 0
121 18 24 1 0
122 82 17 0 1
123 58 17 0 1
124 28 20 0 -1
125 91 18 0 1
126 67 1 0 -1
127 8 35 0 1
128 41 30 0 -1
129 53 31 1 0
130 24 30 1 0
131 89 7 -1 0
132 44 11 1 0
133 78 30 0 1
134 95 10 -1 0
135 84 20 -1 0
136 65 8 -1 0
137 40 26 0 -1
138 24 15 0 -1
139 86 14 -1 0
140 39 33 -1 0
141 99 0 0 -1
142 24 18 0 -1
143 20 11 1 0
144 15 21 0 1
145 48 38 0 1
146 20 28 0 1
147 68 39 0 1
148 87 19 0 -1
149 95 23 1 0
150 45 15 -1 0
151 11 7 -1 0
152 2 5 -1 0
153 71 19 0 1
154 53 17 1 0
155 11 23 0 1
156 87 24 -1 0
157 90 1 1 0
158 94 18 1 0
159 22 2 0 -1
160 44 5 0 -1
161 48 30 -1 0
162 14 5 -1 0
163 63 33 -1 0
164 82 18 1 0
165 20 3 0 1
166 93 32 1 0
167 25 39 1 0
168 52 38 1 0
169 53 25 1 0
170 9 37 0 1
171 51 35 0 1
172 19 15 1 0
173 60 35 1 0
174 69 30 1 0
175 68 29 -1 0
176 61 32 0 1
177 3 33 -1 0
178 2 2 0 -1
179 71 34 0 1
180 7 33 0 -1
181 44 35 1 0
182 20 7 0 -1
183 30 16 0 1
184 64 27 0 1
185 45 39 1 0
186 21 39 0 -1
187 13 7 0 1
188 86 9 -1 0
189 62 6 0 -1
190 60 29 1 0
191 20 14 0 1
192 59 3 -1 0
193 86 19 1 0
194 56 25 0 1
195 23 8 0 -1
196 3 7 0 -1
197 56 17 -1 0
198 16 6 -1 0
199 93 27 0 -1
200 70 21 1 0
201 87 1 -1 0
202 71 12 0 -1
203 22 6 -1 0
204 57 17 0 -1
205 24 29 0 -1
206 82 39 -1 0
207 97 5 0 -1
208 5 34 0 1
209 49 25 -1 0
210 27 1 1 0
211 44 18 1 0
212 60 35 0 1
213 49 28 1 0
214 74 38 -1 0
215 69 18 1 0
216 82 10 1 0
217 54 17 0 1
218 24 25 0 -1
219 78 6 -1 0
220 28 11 -1 0
221 53 21 1 0
222 36 31 -1 0
223 25 1 0 1
224 40 30 1 0
225 78 7 1 0
226 23 14 -1 0
227 66 13 1 0
228 96 16 0 -1
229 25 23 0 -1
230 24 39 0 1
231 6 31 0 -1
232 41 37 0 1
233 28 0 1 0
234 5 22 0 -1
235 51 28 1 0
236 45 14 0 -1
237 27 33 1 0
238 99 24 0 1
239 76 28 -1 0
240 86 30 -1 0
241 46 5 0 1
242 50 8 1 0
243 80 9 -1 0
244 18 22 -1 0
245 73 17 1 0
246 3 15 -1 0
247 43 25 1 0
248 38 4 -1 0
249 71 4 1 0
250 47 19 -1 0
251 14 13 0 1
252 8 33 0 1
253 23 21 0 1
254 10 11 -1 0
255 67 8 -1 0
256 21 16 0 -1
257 24 0 -1 0
258 87 29 -1 0
259 7 11 0 1
260 86 9 1 0
261 88 3 1 0
262 45 33 0 -1
263 2 4 1 0
264 19 25 0 -1
265 97 14 -1 0
266 93 7 0 1
267 47 11 0 -1
268 99 30 0 -1
269 81 5 0 1
270 47 17 0 -1
271 87 28 1 0
272 56 11 0 1
273 92 21 0 1
274 32 15 -1 0
275 28 18 0 -1
276 83 22 0 1
277 86 32 1 0
278 42 6 0 -1
279 72 8 0 -1
280 3 10 0 1
281 48 18 0 1
282 8 20 0 -1
283 77 35 1 0
284 25 35 0 1
285 5 38 0 1
286 13 26 -1 0
287 4 25 0 1
288 18 34 -1 0
289 88 38 -1 0
290 44 1 0 -1
291 11 36 -1 0
292 61 22 1 0
293 17 12 0 -1
294 17 0 0 -1
295 96 30 0 -1
296 42 27 0 -1
297 38 15 0 -1
298 45 29 -1 0
299 47 16 -1 0
300 75 11 1 0
301 22 31 0 1
302 13 4 -1 0
303 15 18 0 1
304 49 27 1 0
305 20 29 1 0
306 68 25 -1 0
307 44 18 -1 0
308 46 27 -1 0
309 0 5 0 -1
310 42 9 -1 0
311 1 37 -1 0
312 26 29 0 1
313 22 7 1 0
314 28 19 0 -1
315 45 32 0 1
316 39 14 0 -1
317 64 30 0 -1
318 38 36 0 1
319 7 31 0 1
320 68 7 -1 0
321 3 22 0 -1
322 37 20 1 0
323 7 0 0 1
324 99 34 -1 0
325 16 9 0 1
326 13 8 -1 0
327 72 21 -1 0
328 64 2 -1 0
329 70 33 1 0
330 25 32 0 1
331 58 34 0 1
332 22 10 1 0
333 84 29 -1 0
334 94 1 0 1
335 13 0 0 1
336 44 34 -1 0
337 39 11 1 0
338 93 6 -1 0
339 41 30 0 1
340 61 8 0 1
341 59 19 0 1
342 84 31 1 0
343 75 34 -1 0
344 12 13 0 1
345 36 37 0 1
346 93 21 -1 0
347 14 18 -1 0
348 14 20 -1 0
349 76 7 0 1
350 72 24 -1 0
351 0 36 -1 0
352 64 13 -1 0
353 41 29 1 0
354 27 14 1 0
355 6 32 0 -1
356 81 33 -1 0
357 12 17 0 1
358 57 7 0 1
359 80 18 0 -1
360 21 34 1 0
361 38 24 0 1
362 90 13 0 1
363 42 31 0 1
364 29 7 0 1
365 11 2 0 -1
366 9 21 1 0
367 14 14 1 0
368 12 19 0 -1
369 19 8 -1 0
370 24 31 0 -1
371 93 34 -1 0
372 29 14 0 -1
373 74 33 -1 0
374 47 38 -1 0
375 40 20 -1 0
376 40 23 -1 0
377 40 38 0 1
378 85 0 1 0
379 53 7 0 1
380 77 35 0 -1
381 29 16 1 0
382 23 5 -1 0
383 11 1 -1 0
384 87 20 -1 0
385 23 28 -1 0
386 2 9 -1 0
387 39 24 0 1
388 7 38 1 0
389 8 15 1 0
390 93 26 0 -1
391 91 38 0 1
392 80 7 1 0
393 29 6 1 0
394 28 9 0 -1
395 48 18 0 -1
396 41 23 0 1
397 44 26 0 1
398 50 29 0 -1
399 41 9 -1 0
400 4 38 1 0
401 40 3 -1 0
402 41 22 -1 0
403 54 36 -1 0
404 22 33 1 0
405 47 13 0 1
406 40 13 0 1
407 15 19 0 -1
408 81 9 0 -1
409 68 24 1 0
410 89 3 0 1
411 69 30 0 1
412 22 23 -1 0
413 95 22 1 0
414 23 9 0 -1
415 49 20 -1 0
416 66 8 -1 0
417 82 36 -1 0
418 93 4 0 1
419 92 36 -1 0
420 40 2 1 0
421 79 24 0 1
422 18 31 0 1
423 42 5 0 1
424 18 23 0 1
425 62 19 1 0
426 54 17 -1 0
427 78 24 0 1
428 42 34 1 0
429 24 10 -1 0
430 9 32 -1 0
431 81 14 1 0
432 16 31 -1 0
433 12 37 0 -1
434 17 17 -1 0
435 0 1 0 -1
436 87 29 1 0
437 28 2 0 1
438 10 32 0 1
439 73 2 -1 0
440 94 8 0 -1
441 73 4 0 1
442 23 36 -1 0
443 14 29 1 0
444 3 34 1 0
445 66 31 -1 0
446 53 4 1 0
447 41 11 0 1
448 25 19 1 0
449 20 20 1 0
450 42 27 -1 0
451 24 21 0 1
452 48 4 0 1
453 98 39 -1 0
454 26 18 0 1
455 76 9 1 0
456 97 17 1 0
457 24 4 -1 0
458 21 2 1 0
459 39 20 1 0
460 22 21 -1 0
461 1 5 1 0
462 2 3 -1 0
463 46 12 0 -1
464 26 30 -1 0
465 62 27 0 1
466 42 29 0 1
467 17 24 1 0
468 90 16 1 0
469 37 28 1 0
470 73 1 1 0
471 98 29 1 0
472 7 14 0 1
473 12 28 0 1
474 45 2 1 0
475 16 23 0 1
476 86 14 0 1
477 86 25 1 0
478 81 9 0 -1
479 5 1 0 -1
480 46 17 0 1
481 26 33 1 0
482 97 13 -1 0
483 46 26 -1 0
484 77 18 0 -1
485 56 18 1 0
486 27 3 0 1
487 59 23 1 0
488 8 14 -1 0
489 17 17 0 -1
490 45 18 -1 0
491 98 2 0 1
492 77 10 0 -1
493 18 10 0 -1
494 42 9 -1 0
495 63 35 1 0
496 71 18 0 -1
497 36 4 -1 0
498 72 11 0 -1
499 11 10 -1 0
500 91 0 -1 0
501 78 32 0 1
502 44 10 0 1
503 9 10 -1 0
504 12 27 1 0
505 24 14 0 -1
506 93 39 0 1
507 79 35 1 0
508 47 16 0 -1
509 48 30 1 0
510 86 25 1 0
511 95 1 0 1
512 74 31 0 -1
513 39 24 0 -1
514 62 11 -1 0
515 21 36 1 0
516 82 23 0 1
517 37 24 0 1
518 12 3 0 -1
519 21 4 0 -1
520 24 32 -1 0
521 95 17 -1 0
522 78 20 0 1
523 87 28 0 1
524 87 33 0 1
525 3 13 0 1
526 93 28 -1 0
527 99 35 0 -1
528 58 37 0 1
529 29 0 -1 0
530 18 35 -1 0
531 6 0 -1 0
532 78 9 0 1
533 27 18 -1 0
534 30 31 1 0
535 11 9 -1 0
536 11 9 0 1
537 30 17 0 1
538 42 19 -1 0
539 81 38 0 1
540 61 3 0 -1
541 47 14 -1 0
542 54 18 0 1
543 93 31 0 -1
544 29 31 1 0
545 38 23 -1 0
546 91 20 0 1
547 25 20 0 -1
548 40 13 -1 0
549 23 13 1 0
550 63 0 0 -1
551 53 15 -1 0
552 23 23 0 -1
553 96 39 -1 0
554 22 10 0 -1
555 47 27 0 -1
556 78 9 0 1
557 23 14 0 -1
558 51 3 1 0
559 16 7 0 -1
560 12 27 0 1
561 96 11 1 0
562 23 16 1 0
563 16 31 0 1
564 47 23 0 -1
565 95 34 0 -1
566 58 18 1 0
567 11 11 0 -1
568 42 39 -1 0
569 88 30 1 0
570 29 13 0 -1
571 5 24 1 0
572 8 16 0 -1
573 10 7 -1 0
574 6 22 -1 0
575 2 12 1 0
576 13 3 0 1
577 87 15 0 -1
578 9 14 0 1
579 96 38 1 0
580 10 14 -1 0
581 92 30 1 0
582 27 21 0 -1
583 85 28 -1 0
584 67 24 0 -1
585 57 7 -1 0
586 85 2 0 1
587 46 35 1 0
588 67 12 0 1
589 75 30 1 0
590 63 24 1 0
591 78 4 -1 0
592 26 33 1 0
593 0 0 0 1
594 83 7 0 1
595 95 30 0 1
596 1 28 -1 0
597 93 34 0 1
598 21 23 1 0
599 71 25 1 0
600 45 13 -1 0
601 29 2 0 -1
602 17 31 -1 0
603 40 28 0 -1
604 19 5 0 -1
605 32 15 0 -1
606 16 37 -1 0
607 19 8 1 0
608 20 28 1 0
609 56 37 -1 0
610 97 9 -1 0
611 62 21 0 1
612 83 21 0 -1
613 10 26 1 0
614 13 12 0 1
615 0 1 1 0
616 17 36 1 0
617 29 6 0 -1
618 43 31 0 -1
619 45 38 0 -1
620 36 1 0 1
621 88 13 0 1
622 46 33 0 1
623 42 36 -1 0
624 23 7 1 0
625 64 8 -1 0
626 42 6 1 0
627 36 37 -1 0
628 96 12 1 0
629 95 13 0 -1
630 63 27 1 0
631 14 4 -1 0
632 30 18 0 1
633 85 37 1 0
634 5 10 0 -1
635 26 13 0 -1
636 91 11 0 -1
637 95 23 1 0
638 16 17 0 -1
639 12 8 -1 0
640 38 39 0 1
641 89 19 1 0
642 51 6 -1 0
643 24 3 1 0
644 19 8 0 -1
645 21 9 0 -1
646 22 34 -1 0
647 57 13 0 1
648 46 11 -1 0
649 21 18 -1 0
650 92 7 0 -1
651 43 9 0 -1
652 53 12 0 1
653 13 27 1 0
654 46 30 1 0
655 15 34 0 -1
656 28 13 1 0
657 57 9 0 -1
658 24 6 -1 0
659 86 25 1 0
660 21 14 0 1
661 47 27 1 0
662 88 30 1 0
663 53 9 0 -1
664 23 36 1 0
665 27 31 0 -1
666 15 25 1 0
667 87 31 1 0
668 24 11 1 0
669 36 14 -1 0
670 97 33 0 -1
671 24 12 0 -1
672 5 19 -1 0
673 44 18 1 0
674 24 38 1 0
675 58 20 1 0
676 93 30 1 0
677 39 6 1 0
678 27 36 0 1
679 9 24 1 0
680 10 37 0 -1
681 45 37 -1 0
682 6 25 -1 0
683 6 21 -1 0
684 44 7 -1 0
685 0 11 1 0
686 29 30 0 1
687 99 21 -1 0
688 24 18 0 1
689 19 29 0 -1
690 45 3 1 0
691 60 16 1 0
692 40 36 0 1
693 44 9 0 -1
694 29 17 0 1
695 21 29 1 0
696 95 22 0 -1
697 96 32 0 1
698 70 31 -1 0
699 89 13 1 0
700 36 34 -1 0
701 78 28 0 1
702 41 3 -1 0
703 15 38 0 -1
704 91 9 0 1
705 84 23 -1 0
706 61 39 0 -1
707 12 2 0 1
708 91 2 1 0
709 20 36 0 -1
710 52 26 0 1
711 5 31 0 1
712 20 21 -1 0
713 1 19 1 0
714 21 11 0 1
715 8 17 0 -1
716 24 29 0 1
717 25 4 -1 0
718 2 13 1 0
719 3 6 -1 0
720 9 14 0 1
721 29 19 -1 0
722 88 8 0 -1
723 96 3 1 0
724 43 4 0 -1
725 49 14 0 -1
726 35 18 -1 0
727 21 18 -1 0
728 5 23 1 0
729 41 5 0 1
730 97 21 0 1
731 78 14 -1 0
732 56 21 0 1
733 46 27 1 0
734 50 0 0 -1
735 5 8 0 -1
736 15 10 1 0
737 17 19 1 0
738 43 25 0 1
739 30 17 1 0
740 17 30 0 1
741 25 7 -1 0
742 48 23 1 0
743 22 29 1 0
744 44 28 -1 0
745 13 21 -1 0
746 3 9 0 -1
747 26 20 1 0
748 65 36 0 -1
749 90 33 1 0
750 44 31 0 1
751 59 36 1 0
752 0 7 0 -1
753 11 8 0 -1
754 44 11 -1 0
755 15 31 1 0
756 26 14 1 0
757 25 39 0 -1
758 58 20 -1 0
759 80 24 -1 0
760 23 13 -1 0
761 73 21 0 1
762 32 12 -1 0
763 84 10 1 0
764 46 21 -1 0
765 90 0 1 0
766 43 19 0 1
767 3 20 -1 0
768 49 7 -1 0
769 86 11 -1 0
770 29 28 -1 0
771 19 14 1 0
772 13 23 1 0
773 15 8 0 1
774 7 38 1 0
775 36 30 -1 0
776 42 14 -1 0
777 47 5 -1 0
778 12 3 0 -1
779 27 30 -1 0
780 47 29 1 0
781 95 26 0 1
782 43 6 -1 0
783 89 30 1 0
784 56 25 1 0
785 8 6 -1 0
786 53 17 1 0
787 43 15 0 1
788 57 8 0 1
789 45 6 0 1
790 96 25 -1 0
791 80 6 0 -1
792 60 0 0 1
793 23 14 1 0
794 8 35 -1 0
795 63 13 0 -1
796 69 23 1 0
797 30 38 0 -1
798 49 20 -1 0
799 49 7 0 -1
800 26 28 0 -1
801 69 25 -1 0
802 9 24 1 0
803 22 36 0 -1
804 80 16 0 1
805 77 31 0 -1
806 8 34 0 -1
807 7 23 0 -1
808 44 22 0 -1
809 18 15 0 1
810 8 17 0 -1
811 13 19 1 0
812 2 25 0 -1
813 49 37 0 1
814 25 28 0 1
815 5 20 0 1
816 25 14 0 1
817 42 2 -1 0
818 55 9 -1 0
819 36 11 -1 0
820 69 9 1 0
821 19 24 -1 0
822 44 39 1 0
823 74 24 0 1
824 37 23 1 0
825 44 22 0 -1
826 85 30 1 0
827 61 39 0 -1
828 51 28 1 0
829 67 7 1 0
830 61 31 1 0
831 50 9 0 1
832 48 11 0 1
833 58 18 0 -1
834 15 8 -1 0
835 4 30 0 -1
836 99 32 0 1
837 23 15 0 -1
838 42 4 -1 0
839 88 28 -1 0
840 80 26 1 0
841 77 6 1 0
842 68 12 0 1
843 35 26 0 1
844 67 15 0 1
845 45 10 0 -1
846 6 23 1 0
847 62 0 0 -1
848 62 26 0 1
849 41 19 0 -1
850 28 18 0 1
851 86 38 0 -1
852 22 4 -1 0
853 37 39 0 1
854 0 17 1 0
855 90 3 -1 0
856 17 14 0 1
857 1 27 1 0
858 94 37 -1 0
859 28 30 -1 0
860 24 15 0 1
861 8 20 -1 0
862 86 35 -1 0
863 43 7 0 1
864 90 30 -1 0
865 10 0 1 0
866 88 35 -1 0
867 96 10 -1 0
868 96 31 -1 0
869 41 36 -1 0
870 49 35 -1 0
871 48 3 0 -1
872 98 33 -1 0
873 64 16 0 -1
874 19 12 0 1
875 57 37 -1 0
876 44 5 -1 0
877 95 30 1 0
878 82 17 -1 0
879 78 21 -1 0
880 96 17 1 0
881 93 11 0 -1
882 15 0 -1 0
883 80 23 0 -1
884 89 15 -1 0
885 2 39 0 -1
886 38 20 0 -1
887 43 12 0 -1
888 89 26 1 0
889 42 5 0 1
890 54 39 -1 0
891 45 1 0 1
892 43 6 0 -1
893 49 16 0 1
894 90 37 1 0
895 9 25 0 1
896 94 11 0 -1
897 93 28 0 1
898 21 6 0 1
899 67 37 0 1
900 50 27 -1 0
901 87 28 0 -1
902 71 33 -1 0
903 98 16 0 -1
904 90 24 -1 0
905 4 17 -1 0
906 80 26 0 1
907 85 25 0 -1
908 97 6 0 -1
909 24 3 1 0
910 50 33 0 1
911 84 11 -1 0
912 91 39 0 -1
913 61 2 0 -1
914 72 10 0 -1
915 8 15 0 -1
916 22 5 0 -1
917 90 29 1 0
918 42 39 0 1
919 69 39 0 1
920 28 9 0 -1
921 23 1 0 -1
922 44 6 1 0
923 48 35 0 -1
924 25 30 -1 0
925 10 0 1 0
926 82 25 1 0
927 36 29 0 -1
928 35 19 -1 0
929 40 2 0 -1
930 96 4 -1 0
931 42 25 -1 0
932 82 37 0 1
933 50 30 -1 0
934 2 6 1 0
935 3 35 1 0
936 45 15 1 0
937 92 25 -1 0
938 6 10 0 -1
939 34 15 1 0
940 47 13 0 1
941 19 2 0 1
942 8 24 0 -1
943 23 22 0 -1
944 22 5 1 0
945 25 26 -1 0
946 51 14 0 1
947 86 20 0 1
948 87 22 1 0
949 84 5 0 1
950 82 15 1 0
951 18 11 0 1
952 43 2 0 1
953 14 14 -1 0
954 94 4 -1 0
955 83 35 -1 0
956 97 34 1 0
957 40 12 -1 0
958 47 12 0 1
959 88 23 1 0
960 19 20 0 -1
961 42 3 -1 0
962 2 16 0 1
963 56 34 0 1
964 57 21 0 -1
965 17 7 -1 0
966 40 3 1 0
967 48 14 -1 0
968 3 26 0 -1
969 94 34 1 0
970 66 32 1 0
971 17 16 -1 0
972 85 15 -1 0
973 98 7 1 0
974 20 37 1 0
975 52 3 -1 0
976 55 34 -1 0
977 0 5 -1 0
978 27 15 0 1
979 29 22 0 1
980 3 7 0 -1
981 43 4 1 0
982 27 19 1 0
983 78 3 -1 0
984 2 0 1 0
985 78 30 -1 0
986 72 1 0 -1
987 63 17 0 1
988 11 11 -1 0
989 89 37 0 -1
990 19 25 0 -1
991 80 26 0 -1
992 12 26 0 1
993 24 35 0 1
994 10 19 1 0
995 69 1 0 1
996 8 36 0 -1
997 75 18 0 1
998 75 34 -1 0
999 95 23 0 -1
1000 42 10 1 0
1001 67 11 -1 0
1002 61 22 0 1
1003 53 2 0 -1
1004 75 17 1 0
1005 80 13 -1 0
1006 87 7 0 1
1007 55 16 -1 0
1008 9 27 1 0
1009 75 6 0 1
1010 1 12 0 -1
1011 27 2 0 -1
1012 5 29 -1 0
1013 27 4 -1 0
1014 39 31 0 1
1015 27 10 0 1
1016 39 39 1 0
1017 17 9 0 1
1018 54 20 1 0
1019 13 28 -1 0
1020 87 39 0 -1
1021 23 8 1 0
1022 45 2 -1 0
1023 1 29 1 0
1024 45 6 0 1
1025 41 33 1 0
1026 45 10 -1 0
1027 41 26 0 -1
1028 15 32 -1 0
1029 86 11 0 1
1030 93 18 -1 0
1031 21 16 1 0
1032 99 12 0 1
1033 17 37 0 -1
1034 90 27 -1 0
1035 77 1 1 0
1036 25 14 1 0
1037 79 9 1 0
1038 85 39 1 0
1039 18 32 1 0
1040 26 8 0 1
1041 38 34 0 1
1042 85 14 0 -1
1043 12 32 1 0
1044 17 31 0 -1
1045 16 19 0 1
1046 59 25 0 1
1047 32 11 0 -1
1048 91 15 1 0
1049 30 37 0 1
1050 59 21 0 1
1051 12 27 1 0
1052 13 1 0 -1
1053 17 1 1 0
1054 39 26 0 1
1055 27 24 0 -1
1056 57 31 1 0
1057 63 1 -1 0
1058 12 19 -1 0
1059 24 3 -1 0
1060 13 1 1 0
1061 98 26 0 -1
1062 29 36 1 0
1063 27 38 0 -1
1064 0 0 1 0
1065 19 22 0 1
1066 93 2 0 1
1067 75 17 0 -1
1068 42 0 0 1
1069 22 38 0 -1
1070 86 35 0 1
1071 1 28 0 1
1072 40 11 0 -1
1073 37 2 0 1
1074 83 26 0 1
1075 77 20 -1 0
1076 72 31 0 -1
1077 53 13 0 1
1078 8 9 1 0
1079 11 14 -1 0
1080 25 38 -1 0
1081 41 4 -1 0
1082 60 5 1 0
1083 6 25 -1 0
1084 61 35 1 0
1085 85 34 0 -1
1086 54 17 1 0
1087 42 12 1 0
1088 22 0 -1 0
1089 36 38 -1 0
1090 45 7 0 1
1091 85 5 -1 0
1092 59 27 1 0
1093 63 28 1 0
1094 79 14 1 0
1095 44 2 -1 0
1096 7 2 0 1
1097 20 39 1 0
1098 69 18 0 1
1099 11 13 0 1
1100 28 21 0 1
1101 99 39 -1 0
1102 45 24 1 0
1103 57 25 1 0
1104 46 32 0 1
1105 74 26 -1 0
1106 30 2 1 0
1107 18 20 0 -1
1108 94 4 0 -1
1109 85 38 0 1
1110 41 7 1 0
1111 72 14 1 0
1112 59 11 0 1
1113 6 26 -1 0
1114 43 36 -1 0
1115 73 24 1 0
1116 46 11 1 0
1117 3 35 1 0
1118 19 24 -1 0
1119 5 13 0 -1
1120 96 23 -1 0
1121 72 22 0 -1
1122 1 10 0 1
1123 41 19 0 1
1124 62 35 0 -1
1125 50 22 0 1
1126 27 8 0 -1
1127 25 9 0 1
1128 30 3 0 1
1129 58 34 -1 0
1130 60 32 -1 0
1131 94 26 1 0
1132 48 32 0 -1
1133 28 15 0 1
1134 18 32 0 -1
1135 42 20 0 -1
1136 2 32 0 1
1137 36 32 -1 0
1138 18 29 0 1
1139 81 33 1 0
1140 42 33 0 1
1141 86 32 1 0
1142 87 12 0 1
1143 25 3 -1 0
1144 12 26 0 -1
1145 22 9 0 -1
1146 44 39 1 0
1147 66 24 1 0
1148 55 8 0 -1
1149 16 14 0 1
1150 96 24 1 0
1151 7 36 0 1
1152 24 30 0 1
1153 71 23 1 0
1154 23 2 0 -1
1155 74 32 0 -1
1156 29 21 1 0
1157 81 33 1 0
1158 21 8 -1 0
1159 4 21 0 -1
1160 17 14 0 -1
1161 21 26 0 1
1162 54 0 0 -1
1163 7 11 0 -1
1164 73 26 0 -1
1165 31 6 0 1
1166 27 22 1 0
1167 62 15 -1 0
1168 43 11 0 1
1169 66 24 0 -1
1170 2 10 1 0
1171 9 38 1 0
1172 4 5 0 1
1173 35 20 -1 0
1174 30 0 0 1
1175 21 35 1 0
1176 92 22 -1 0
1177 96 9 -1 0
1178 93 28 0 -1
1179 96 28 0 -1
1180 10 33 0 1
1181 12 39 0 -1
1182 10 39 0 1
1183 49 16 0 -1
1184 20 1 -1 0
1185 78 18 -1 0
1186 14 36 -1 0
1187 45 21 0 -1
1188 38 18 0 1
1189 70 4 1 0
1190 0 22 -1 0
1191 65 0 1 0
1192 58 10 -1 0
1193 81 32 0 1
1194 40 33 0 1
1195 7 2 1 0
1196 1 38 -1 0
1197 96 0 -1 0
1198 99 9 0 -1
1199 4 19 -1 0
1200 87 29 0 1
1201 76 35 0 -1
1202 66 17 -1 0
1203 19 11 0 1
1204 9 29 0 1
1205 6 27 0 -1
1206 74 11 0 1
1207 20 28 -1 0
1208 71 38 1 0
1209 34 16 0 -1
1210 3 33 0 -1
1211 29 34 -1 0
1212 37 38 1 0
1213 91 3 1 0
1214 88 33 1 0
1215 7 35 0 1
1216 49 32 1 0
1217 6 4 0 -1
1218 58 23 1 0
1219 20 39 1 0
1220 82 21 0 1
1221 9 39 -1 0
1222 26 34 1 0
1223 20 22 0 -1
1224 28 31 -1 0
1225 42 37 0 1
1226 76 14 1 0
1227 25 38 0 -1
1228 79 19 1 0
1229 96 29 -1 0
1230 44 19 0 -1
1231 43 24 0 -1
1232 44 12 0 1
1233 89 15 0 -1
1234 28 26 -1 0
1235 60 1 0 -1
1236 60 15 0 1
1237 21 33 0 -1
1238 40 20 1 0
1239 15 32 -1 0
1240 98 26 0 -1
1241 9 38 0 1
1242 10 16 1 0
1243 14 11 -1 0
1244 83 9 0 -1
1245 2 34 0 -1
1246 36 15 0 -1
1247 63 24 -1 0
1248 70 17 0 1
1249 43 33 1 0
1250 17 37 1 0
1251 45 29 0 1
1252 70 37 0 1
1253 37 35 -1 0
1254 10 5 0 1
1255 69 24 0 -1
1256 60 32 0 1
1257 8 20 1 0
1258 27 10 0 1
1259 42 1 -1 0
1260 92 23 1 0
1261 7 15 1 0
1262 15 3 -1 0
1263 87 10 0 1
1264 45 15 0 -1
1265 16 34 0 -1
1266 56 13 -1 0
1267 22 32 1 0
1268 5 8 1 0
1269 28 35 0 -1
1270 15 32 0 1
1271 51 38 0 1
1272 92 26 0 1
1273 92 14 -1 0
1274 98 20 1 0
1275 83 21 0 -1
1276 73 5 -1 0
1277 96 1 1 0
1278 91 18 0 -1
1279 16 16 0 1
1280 40 37 0 1
1281 18 23 1 0
1282 88 18 0 -1
1283 91 32 1 0
1284 45 37 1 0
1285 97 2 1 0
1286 1 25 0 1
1287 20 20 -1 0
1288 79 19 0 1
1289 22 22 -1 0
1290 73 33 0 1
1291 30 14 0 -1
1292 19 31 0 1
1293 2 10 -1 0
1294 50 1 1 0
1295 54 24 -1 0
1296 21 31 0 -1
1297 48 15 0 1
1298 45 2 -1 0
1299 40 8 -1 0
1300 89 30 -1 0
1301 29 35 0 1
1302 42 37 0 -1
1303 21 20 0 -1
1304 2 17 0 -1
1305 16 31 1 0
1306 79 6 1 0
1307 60 30 -1 0
1308 64 39 -1 0
1309 37 27 -1 0
1310 16 39 0 -1
1311 62 30 1 0
1312 38 4 0 1
1313 25 31 1 0
1314 92 6 1 0
1315 62 2 0 -1
1316 98 27 0 1
1317 90 22 1 0
1318 87 4 1 0
1319 41 8 1 0
1320 22 14 1 0
1321 87 7 0 1
1322 41 3 0 1
1323 64 1 -1 0
1324 16 24 1 0
1325 30 35 0 1
1326 94 29 0 -1
1327 40 19 0 1
1328 49 1 -1 0
1329 69 28 -1 0
1330 36 18 1 0
1331 1 22 0 1
1332 79 21 1 0
1333 22 28 0 1
1334 9 33 0 1
1335 23 20 1 0
1336 50 16 -1 0
1337 89 3 0 1
1338 5 21 0 -1
1339 35 12 0 -1
1340 41 34 0 -1
1341 15 24 0 -1
1342 79 26 0 1
1343 90 37 0 -1
1344 11 0 -1 0
1345 76 14 0 -1
1346 30 31 -1 0
1347 37 12 -1 0
1348 24 16 0 -1
1349 23 12 0 1
1350 40 8 1 0
1351 15 1 0 1
1352 18 0 1 0
1353 2 34 0 -1
1354 89 14 1 0
1355 15 13 0 1
1356 49 39 -1 0
1357 95 5 -1 0
1358 41 9 1 0
1359 45 27 0 1
1360 12 38 1 0
1361 4 15 0 1
1362 14 26 1 0
1363 29 32 0 1
1364 86 26 1 0
1365 8 2 0 1
1366 28 16 0 -1
1367 48 12 -1 0
1368 43 24 0 1
1369 67 19 -1 0
1370 72 27 0 1
1371 40 8 0 1
1372 4 31 0 -1
1373 64 21 0 -1
1374 43 13 -1 0
1375 28 23 0 -1
1376 59 21 -1 0
1377 52 25 -1 0
1378 86 37 -1 0
1379 46 7 0 -1
1380 58 16 1 0
1381 99 7 1 0
1382 77 36 -1 0
1383 51 9 0 -1
1384 99 24 1 0
1385 70 25 1 0
1386 51 21 1 0
1387 51 11 0 -1
1388 50 14 -1 0
1389 81 7 0 -1
1390 21 18 0 1
1391 23 17 1 0
1392 0 10 0 -1
1393 53 25 0 -1
1394 95 33 1 0
1395 30 20 1 0
1396 61 13 1 0
1397 67 4 1 0
1398 18 30 -1 0
1399 36 5 0 -1
1400 25 8 0 -1
1401 1 39 1 0
1402 11 15 0 -1
1403 70 31 0 1
1404 6 22 0 1
1405 60 3 -1 0
1406 29 12 0 -1
1407 42 4 -1 0
1408 49 24 -1 0
1409 88 33 -1 0
1410 11 34 -1 0
1411 40 3 0 1
1412 21 3 0 -1
1413 90 33 0 1
1414 44 12 -1 0
1415 65 10 -1 0
1416 13 13 -1 0
1417 43 24 0 1
1418 0 30 1 0
1419 44 0 1 0
1420 86 32 1 0
1421 99 20 0 1
1422 6 5 1 0
1423 22 5 -1 0
1424 42 17 0 1
1425 11 0 0 -1
1426 17 33 1 0
1427 23 22 0 -1
1428 59 26 -1 0
1429 59 7 -1 0
1430 84 16 0 -1
1431 77 0 0 -1
1432 83 28 0 1
1433 8 16 -1 0
1434 87 1 -1 0
1435 14 26 1 0
1436 15 37 0 1
1437 98 16 -1 0
1438 47 36 0 1
1439 14 37 -1 0
1440 47 8 1 0
1441 43 11 -1 0
1442 78 32 1 0
1443 23 2 0 1
1444 25 29 -1 0
1445 66 32 1 0
1446 76 32 -1 0
1447 46 16 -1 0
1448 13 2 0 1
1449 94 16 0 -1
1450 85 8 0 -1
1451 99 22 0 1
1452 68 22 0 -1
1453 24 11 1 0
1454 27 8 0 1
1455 0 8 0 -1
1456 46 25 -1 0
1457 46 6 -1 0
1458 4 36 1 0
1459 40 5 -1 0
1460 30 31 1 0
1461 32 11 0 1
1462 2 16 -1 0
1463 17 6 -1 0
1464 98 23 1 0
1465 18 33 -1 0
1466 50 8 1 0
1467 16 14 1 0
1468 18 39 1 0
1469 45 18 1 0
1470 55 19 -1 0
1471 79 16 1 0
1472 80 7 1 0
1473 89 4 0 1
1474 53 31 1 0
1475 29 28 -1 0
1476 82 32 -1 0
1477 72 31 -1 0
1478 95 10 0 1
1479 82 32 -1 0
1480 28 14 1 0
1481 37 16 0 1
1482 73 25 1 0
1483 70 16 -1 0
1484 55 31 0 1
1485 12 16 1 0
1486 0 24 -1 0
1487 99 21 1 0
1488 8 18 -1 0
1489 76 32 1 0
1490 21 32 -1 0
1491 30 0 -1 0
1492 21 0 0 1
1493 48 39 -1 0
1494 98 39 1 0
1495 4 10 0 1
1496 29 26 1 0
1497 19 29 1 0
1498 21 28 0 -1
1499 88 16 0 -1
1500 45 19 0 1
1501 53 19 1 0
1502 80 17 1 0
1503 83 28 -1 0
1504 44 31 -1 0
1505 53 21 0 1
1506 81 19 0 -1
1507 77 39 0 -1
1508 84 23 -1 0
1509 67 21 -1 0
1510 2 6 0 -1
1511 86 27 1 0
1512 70 8 -1 0
1513 97 20 1 0
1514 57 38 0 -1
1515 83 39 1 0
1516 51 33 0 1
1517 89 7 0 1
1518 5 11 0 1
1519 57 13 1 0
1520 69 4 0 1
1521 60 9 -1 0
1522 55 1 0 -1
1523 3 4 0 1
1524 41 28 -1 0
1525 94 26 0 -1
1526 51 21 0 1
1527 7 30 0 -1
1528 37 30 0 -1
1529 8 10 1 0
1530 25 17 0 -1
1531 52 18 1 0
1532 10 29 1 0
1533 2 34 0 1
1534 50 28 1 0
1535 41 25 0 -1
1536 40 39 0 -1
1537 85 28 1 0
1538 15 31 -1 0
1539 31 27 1 0
1540 96 25 1 0
1541 77 35 0 -1
1542 98 5 1 0
1543 98 13 1 0
1544 63 22 0 1
1545 50 23 1 0
1546 46 1 0 1
1547 89 21 1 0
1548 52 1 -1 0
1549 85 14 0 1
1550 90 29 0 -1
1551 99 16 1 0
1552 63 29 0 1
1553 98 18 0 -1
1554 39 32 1 0
1555 10 13 -1 0
1556 17 38 0 -1
1557 46 39 0 1
1558 4 23 -1 0
1559 61 14 -1 0
1560 36 4 0 1
1561 46 30 0 -1
1562 49 20 1 0
1563 3 27 0 -1
1564 87 18 -1 0
1565 93 36 1 0
1566 96 31 0 1
1567 62 39 -1 0
1568 81 12 1 0
1569 9 0 -1 0
1570 81 19 -1 0
1571 91 10 1 0
1572 3 20 1 0
1573 83 30 -1 0
1574 80 39 0 1
1575 8 2 0 -1
1576 82 6 0 1
1577 90 39 1 0
1578 3 11 -1 0
1579 66 26 0 -1
1580 37 27 0 -1
1581 77 16 0 1
1582 24 8 0 -1
1583 81 13 1 0
1584 94 18 -1 0
1585 55 5 1 0
1586 36 5 0 -1
1587 24 30 0 1
1588 10 24 0 -1
1589 2 10 -1 0
1590 1 38 -1 0
1591 46 36 1 0
1592 76 29 0 -1
1593 93 21 0 1
1594 49 3 0 -1
1595 91 30 0 1
1596 43 7 -1 0
1597 44 14 1 0
1598 5 23 0 1
1599 80 3 -1 0
1600 93 34 0 1
1601 31 23 -1 0
1602 11 28 -1 0
1603 24 20 0 -1
1604 98 37 -1 0
1605 0 29 0 -1
1606 23 25 -1 0
1607 41 11 -1 0
1608 75 38 1 0
1609 63 17 0 1
1610 39 9 1 0
1611 43 29 0 1
1612 51 2 -1 0
1613 48 37 0 1
1614 39 13 0 -1
1615 49 27 -1 0
1616 43 4 0 1
1617 81 25 0 -1
1618 34 12 0 1
1619 74 8 0 -1
1620 66 29 -1 0
1621 10 33 0 -1
1622 1 12 0 -1
1623 90 36 1 0
1624 88 34 0 1
1625 68 15 1 0
1626 51 8 1 0
1627 58 38 -1 0
1628 11 1 0 -1
1629 2 35 0 1
1630 43 22 0 1
1631 41 23 -1 0
1632 96 28 0 1
1633 42 16 1 0
1634 42 33 0 -1
1635 7 19 -1 0
1636 39 23 1 0
1637 43 23 0 1
1638 44 36 -1 0
1639 44 29 -1 0
1640 52 39 0 1
1641 23 1 0 -1
1642 27 36 0 -1
1643 76 3 0 -1
1644 46 19 0 1
1645 10 12 1 0
1646 44 39 1 0
1647 76 25 1 0
1648 40 13 0 1
1649 76 31 0 1
1650 24 24 0 -1
1651 76 22 -1 0
1652 42 28 0 1
1653 25 9 -1 0
1654 16 35 0 1
1655 5 28 0 1
1656 55 2 0 -1
1657 57 4 -1 0
1658 86 31 0 1
1659 6 8 0 1
1660 15 33 0 -1
1661 48 4 1 0
1662 10 38 -1 0
1663 72 22 0 1
1664 23 35 0 1
1665 18 11 0 -1
1666 94 2 0 1
1667 18 39 0 -1
1668 38 34 0 -1
1669 27 32 0 -1
1670 41 4 -1 0
1671 42 1 1 0
1672 72 24 0 1
1673 43 34 0 -1
1674 23 1 0 1
1675 9 1 1 0
1676 74 15 -1 0
1677 88 9 1 0
1678 39 21 -1 0
1679 62 1 0 -1
1680 80 14 0 1
1681 27 30 0 -1
1682 67 5 0 1
1683 5 5 -1 0
1684 54 19 0 -1
1685 20 27 1 0
1686 20 4 0 -1
1687 79 9 0 1
1688 48 27 1 0
1689 98 19 1 0
1690 81 20 -1 0
1691 41 7 1 0
1692 12 35 0 1
1693 6 23 -1 0
1694 97 29 1 0
1695 43 20 0 -1
1696 37 3 -1 0
1697 21 1 0 1
1698 41 23 -1 0
1699 40 31 1 0
1700 4 3 -1 0
1701 40 21 -1 0
1702 12 8 0 1
1703 21 31 1 0
1704 48 20 1 0
1705 76 11 -1 0
1706 5 28 -1 0
1707 64 12 1 0
1708 92 36 -1 0
1709 92 0 -1 0
1710 49 0 0 1
1711 52 36 -1 0
1712 75 2 0 1
1713 83 29 1 0
1714 92 17 0 -1
1715 31 39 -1 0
1716 97 9 0 -1
1717 1 35 0 1
1718 29 31 1 0
1719 46 24 -1 0
1720 21 34 1 0
1721 64 31 1 0
1722 53 21 1 0
1723 22 29 0 1
1724 82 28 1 0
1725 49 36 1 0
1726 22 20 1 0
1727 81 13 0 -1
1728 98 35 0 1
1729 4 27 0 1
1730 11 2 1 0
1731 25 18 0 -1
1732 41 33 0 1
1733 51 15 1 0
1734 80 15 1 0
1735 45 1 0 1
1736 55 24 -1 0
1737 25 20 1 0
1738 79 8 0 1
1739 95 15 1 0
1740 68 9 0 1
1741 58 10 0 -1
1742 52 27 0 1
1743 5 17 0 1
1744 93 20 1 0
1745 83 26 0 1
1746 45 1 0 1
1747 18 1 0 1
1748 45 13 0 -1
1749 99 21 1 0
1750 4 22 1 0
1751 19 0 0 1
1752 45 35 0 -1
1753 21 35 1 0
1754 21 36 0 1
1755 24 7 -1 0
1756 22 15 -1 0
1757 85 22 0 1
1758 38 33 0 -1
1759 9 29 1 0
1760 66 25 -1 0
1761 39 12 0 1
1762 80 2 0 1
1763 23 34 1 0
1764 12 20 1 0
1765 94 38 0 1
1766 21 24 0 -1
1767 45 6 -1 0
1768 13 22 0 1
1769 49 34 0 1
1770 42 3 -1 0
1771 1 29 1 0
1772 95 29 0 -1
1773 17 31 -1 0
1774 47 8 0 -1
1775 77 10 -1 0
1776 37 28 1 0
1777 73 39 0 1
1778 61 3 -1 0
1779 16 18 0 -1
1780 11 18 0 -1
1781 96 23 0 1
1782 55 10 -1 0
1783 28 28 0 -1
1784 11 2 0 -1
1785 99 12 0 1
1786 98 22 -1 0
1787 80 16 -1 0
1788 20 11 0 1
1789 1 19 0 -1
1790 67 22 0 1
1791 47 9 -1 0
1792 62 35 -1 0
1793 42 17 0 -1
1794 38 39 0 -1
1795 41 18 1 0
1796 59 6 0 -1
1797 56 10 1 0
1798 10 3 -1 0
1799 16 17 0 1
1800 17 25 0 1
1801 7 30 1 0
1802 16 26 1 0
1803 57 12 0 1
1804 42 16 1 0
1805 51 8 0 -1
1806 47 4 0 -1
1807 26 28 1 0
1808 2 24 1 0
1809 31 12 -1 0
1810 44 33 -1 0
1811 81 25 1 0
1812 27 33 0 1
1813 77 29 -1 0
1814 18 35 0 -1
1815 96 27 0 -1
1816 19 5 1 0
1817 46 20 0 1
1818 83 19 0 1
1819 19 22 -1 0
1820 43 38 0 -1
1821 28 18 0 1
1822 68 26 0 1
1823 56 11 0 1
1824 67 12 1 0
1825 28 24 0 -1
1826 45 30 0 -1
1827 44 6 -1 0
1828 8 29 0 1
1829 32 22 0 1
1830 87 36 -1 0
1831 53 25 0 1
1832 46 4 0 1
1833 39 2 1 0
1834 10 33 0 -1
1835 75 20 0 1
1836 41 19 0 1
1837 26 24 1 0
1838 70 9 1 0
1839 70 22 -1 0
1840 22 37 0 -1
1841 45 11 0 1
1842 73 18 0 -1
1843 26 20 0 -1
1844 16 29 0 -1
1845 78 5 0 1
1846 43 28 1 0
1847 96 11 1 0
1848 16 38 0 1
1849 31 32 0 1
1850 68 10 1 0
1851 42 6 0 -1
1852 71 15 0 1
1853 28 4 0 1
1854 13 15 0 1
1855 28 8 -1 0
1856 90 34 1 0
1857 23 29 0 -1
1858 85 20 0 -1
1859 44 30 1 0
1860 81 9 0 -1
1861 25 13 0 -1
1862 56 22 0 1
1863 36 4 0 -1
1864 51 29 0 1
1865 9 13 0 1
1866 9 1 0 1
1867 57 3 -1 0
1868 72 34 1 0
1869 48 4 1 0
1870 78 15 0 -1
1871 58 7 0 1
1872 7 9 -1 0
1873 97 31 0 1
1874 13 34 1 0
1875 7 31 1 0
1876 85 31 1 0
1877 57 31 0 -1
1878 35 8 1 0
1879 8 36 0 1
1880 61 26 1 0
1881 40 17 0 1
1882 41 6 0 1
1883 41 8 -1 0
1884 6 1 -1 0
1885 39 3 0 -1
1886 95 35 0 1
1887 15 16 0 -1
1888 47 31 -1 0
1889 98 5 1 0
1890 41 34 0 1
1891 99 15 0 1
1892 11 20 1 0
1893 81 6 -1 0
1894 50 2 0 1
1895 19 33 1 0
1896 46 4 0 -1
1897 65 9 1 0
1898 42 1 -1 0
1899 75 24 -1 0
1900 43 27 -1 0
1901 12 24 1 0
1902 42 22 1 0
1903 36 25 0 1
1904 24 5 0 1
1905 52 19 0 -1
1906 80 34 0 1
1907 12 28 0 1
1908 22 36 1 0
1909 60 30 0 -1
1910 64 30 -1 0
1911 39 35 1 0
1912 25 1 0 1
1913 31 0 0 -1
1914 40 34 1 0
1915 26 20 -1 0
1916 11 27 0 -1
1917 22 0 0 1
1918 30 25 -1 0
1919 85 38 0 -1
1920 96 9 0 1
1921 5 23 -1 0
1922 48 36 -1 0
1923 54 6 0 1
1924 51 23 -1 0
1925 27 25 0 -1
1926 7 16 0 -1
1927 63 35 1 0
1928 96 38 1 0
1929 82 28 0 1
1930 82 10 0 1
1931 39 36 1 0
1932 22 8 1 0
1933 17 21 0 1
1934 21 16 -1 0
1935 40 20 0 1
1936 41 35 0 -1
1937 21 9 -1 0
1938 30 36 -1 0
1939 13 34 1 0
1940 20 30 -1 0
1941 50 23 -1 0
1942 27 22 1 0
1943 3 8 1 0
1944 94 19 0 -1
1945 5 26 1 0
1946 27 15 0 1
1947 51 14 -1 0
1948 44 11 -1 0
1949 26 11 0 1
1950 13 12 0 -1
1951 13 14 -1 0
1952 41 30 1 0
1953 84 0 1 0
1954 75 34 0 -1
1955 24 8 -1 0
1956 88 37 0 -1
1957 10 19 0 1
1958 47 25 0 -1
1959 72 9 0 -1
1960 61 18 -1 0
1961 11 0 0 -1
1962 88 32 0 -1
1963 11 25 0 1
1964 70 39 -1 0
1965 76 11 0 1
1966 38 9 0 -1
1967 9 7 0 -1
1968 90 36 0 1
1969 64 3 -1 0
1970 62 26 0 -1
1971 48 3 0 1
1972 51 12 0 -1
1973 64 24 1 0
1974 61 26 0 -1
1975 23 19 -1 0
1976 3 23 0 1
1977 83 12 0 1
1978 20 11 0 1
1979 81 27 1 0
1980 41 34 0 -1
1981 82 0 0 1
1982 2 29 1 0
1983 4 9 0 -1
1984 40 32 0 1
1985 18 27 0 1
1986 49 15 0 1
1987 84 34 -1 0
1988 83 8 0 1
1989 78 14 -1 0
1990 81 2 -1 0
1991 44 24 0 -1
1992 40 19 0 1
1993 69 35 0 1
1994 45 21 -1 0
1995 22 4 1 0
1996 17 27 0 -1
1997 89 35 0 1
1998 37 16 -1 0
1999 37 11 -1 0
