0 94 33 1 0
1 2 29 0 1
2 3 31 0 1
3 56 19 0 -1
4 94 17 -1 0
5 43 23 1 0
6 41 26 0 1
7 85 30 0 1
8 91 12 0 1
9 92 35 1 0
10 39 27 1 0
11 22 8 0 -1
12 97 21 0 -1
13 88 24 1 0
14 27 25 1 0
15 25 12 0 1
16 9 15 1 0
17 45 31 0 -1
18 22 13 0 -1
19 57 1 0 -1
20 26 35 -1 0
21 79 36 1 0
22 2 39 0 1
23 92 15 -1 0
24 51 6 1 0
25 47 17 0 1
26 66 35 0 1
27 22 0 1 0
28 23 24 0 -1
29 79 19 -1 0
30 41 5 1 0
31 44 36 0 1
32 22 11 -1 0
33 32 3 0 -1
34 1 27 0 1
35 36 5 0 -1
36 58 29 0 -1
37 7 9 0 -1
38 21 24 1 0
39 39 15 -1 0
40 66 1 0 1
41 96 4 1 0
42 79 38 1 0
43 25 2 1 0
44 9 33 1 0
45 64 26 -1 0
46 89 11 0 1
47 18 4 0 -1
48 75 19 0 1
49 1 34 0 1
50 55 32 0 -1
51 96 8 0 -1
52 15 2 0 -1
53 78 17 0 -1
54 18 10 0 1
55 53 20 0 -1
56 4 10 0 1
57 70 18 0 -1
58 43 8 1 0
59 6 2 -1 0
60 27 39 1 0
61 35 34 0 1
62 10 18 0 1
63 52 15 -1 0
64 43 8 1 0
65 49 16 0 1
66 0 11 -1 0
67 10 29 0 -1
68 61 3 0 -1
69 43 20 0 1
70 59 34 0 1
71 73 17 0 -1
72 75 23 0 -1
73 47 38 0 -1
74 93 24 1 0
75 2 22 0 1
76 97 38 -1 0
77 39 32 0 -1
78 9 3 0 -1
79 60 6 0 1
80 42 36 0 1
81 82 32 0 1
82 69 37 0 -1
83 12 4 -1 0
84 87 31 0 1
85 13 37 -1 0
86 38 24 0 1
87 39 3 0 1
88 41 7 1 0
89 49 37 -1 0
90 52 16 0 1
91 0 4 0 1
92 51 22 -1 0
93 44 11 0 -1
94 50 1 1 0
95 76 25 0 -1
96 23 8 0 1
97 1 11 0 -1
98 1 30 1 0
99 41 8 -1 0
100 0 37 0 -1
101 1 26 -1 0
102 16 36 -1 0
103 88 25 1 0
104 15 33 1 0
105 44 37 1 0
106 57 13 1 0
107 28 39 -1 0
108 43 15 -1 0
109 19 37 -1 0
110 91 27 0 -1
111 34 1 -1 0
112 17 9 -1 0
113 36 4 0 1
114 45 33 0 -1
115 12 21 0 -1
116 99 3 1 0
117 18 20 1 0
118 93 7 0 -1
119 3 9 1 0
120 14 9 0 -1
121 1 39 -1 0
122 4 6 0 1
123 37 13 0 1
124 45 27 1 0
125 83 28 -1 0
126 98 22 1 0
127 55 12 0 1
128 60 25 0 -1
129 17 29 0 -1
130 87 2 -1 0
131 39 29 0 -1
132 36 6 0 1
133 7 6 0 1
134 25 39 0 -1
135 49 15 -1 0
136 27 32 0 1
137 63 29 0 -1
138 30 33 0 -1
139 15 16 -1 0
140 63 0 0 1
141 8 4 -1 0
142 6 18 1 0
143 21 16 -1 0
144 43 18 0 1
145 42 28 -1 0
146 0 33 0 -1
147 99 39 0 1
148 37 32 1 0
149 96 38 1 0
150 79 6 -1 0
151 64 5 -1 0
152 50 5 -1 0
153 7 14 -1 0
154 80 27 0 -1
155 13 23 0 1
156 88 34 1 0
157 97 16 0 -1
158 96 1 1 0
159 13 29 -1 0
160 44 0 0 1
161 40 22 -1 0
162 37 0 0 -1
163 1 6 1 0
164 3 39 1 0
165 20 35 0 1
166 0 25 0 1
167 74 9 0 1
168 53 17 0 -1
169 79 25 1 0
170 25 30 0 -1
171 42 20 0 -1
172 47 31 0 -1
173 81 35 -1 0
174 42 32 0 1
175 9 13 -1 0
176 45 24 0 -1
177 60 30 1 0
178 8 7 -1 0
179 18 37 -1 0
180 80 33 -1 0
181 27 29 0 -1
182 53 4 0 1
183 2 28 0 1
184 89 31 0 -1
185 41 0 0 1
186 94 15 1 0
187 9 17 -1 0
188 19 36 1 0
189 10 31 1 0
190 55 31 0 1
191 19 14 0 1
192 85 5 0 1
193 31 35 0 -1
194 43 21 -1 0
195 22 8 0 -1
196 43 29 0 -1
197 69 28 1 0
198 9 19 -1 0
199 50 3 -1 0
200 84 31 -1 0
201 25 6 0 -1
202 83 33 -1 0
203 21 13 0 1
204 90 19 0 -1
205 42 33 0 -1
206 19 28 0 -1
207 1 21 0 1
208 99 16 -1 0
209 36 11 1 0
210 92 39 1 0
211 87 19 0 -1
212 91 8 0 -1
213 85 39 0 -1
214 50 19 1 0
215 16 30 -1 0
216 21 28 0 1
217 88 24 -1 0
218 31 11 -1 0
219 71 30 1 0
220 86 28 0 -1
221 27 24 -1 0
222 50 13 -1 0
223 14 20 0 -1
224 41 28 -1 0
225 72 21 0 1
226 82 7 1 0
227 10 11 -1 0
228 41 10 0 -1
229 13 12 1 0
230 5 30 -1 0
231 16 33 0 -1
232 49 13 0 1
233 1 2 0 -1
234 50 34 0 -1
235 41 28 0 -1
236 63 10 0 -1
237 27 30 0 1
238 85 28 0 1
239 66 2 1 0
240 20 23 1 0
241 67 19 0 1
242 44 19 0 -1
243 29 34 1 0
244 26 39 1 0
245 46 25 0 -1
246 19 24 -1 0
247 54 8 0 -1
248 43 28 1 0
249 83 8 0 -1
250 85 6 0 1
251 16 10 0 -1
252 57 28 -1 0
253 11 19 0 1
254 61 25 -1 0
255 39 11 0 -1
256 95 32 1 0
257 22 1 1 0
258 61 33 -1 0
259 45 14 0 1
260 5 4 0 1
261 24 0 0 -1
262 98 4 -1 0
263 21 34 0 1
264 33 8 -1 0
265 54 0 -1 0
266 45 2 -1 0
267 40 20 0 -1
268 80 7 0 -1
269 15 37 0 -1
270 18 26 -1 0
271 40 1 0 -1
272 60 12 0 1
273 87 33 1 0
274 39 30 0 1
275 11 3 -1 0
276 46 4 1 0
277 38 36 0 1
278 47 35 0 1
279 77 28 1 0
280 19 22 1 0
281 78 38 0 -1
282 47 15 -1 0
283 20 23 -1 0
284 71 7 1 0
285 66 31 -1 0
286 72 18 0 1
287 47 27 1 0
288 49 12 -1 0
289 57 23 0 1
290 41 37 0 1
291 88 18 0 1
292 15 26 0 -1
293 13 13 0 -1
294 41 36 1 0
295 39 27 1 0
296 46 8 0 -1
297 43 39 0 1
298 44 29 1 0
299 36 4 1 0
300 80 34 -1 0
301 98 3 0 1
302 26 18 0 1
303 40 33 0 -1
304 19 39 0 -1
305 22 9 0 -1
306 41 21 1 0
307 40 24 -1 0
308 21 20 1 0
309 54 23 0 1
310 57 17 0 -1
311 83 29 0 -1
312 70 37 0 1
313 44 37 -1 0
314 63 18 1 0
315 94 39 0 -1
316 49 15 -1 0
317 52 0 -1 0
318 46 36 -1 0
319 69 29 1 0
320 26 39 0 -1
321 90 8 0 1
322 15 22 -1 0
323 24 35 0 1
324 56 32 0 -1
325 22 17 0 -1
326 93 28 -1 0
327 3 11 1 0
328 3 32 -1 0
329 2 34 0 -1
330 29 37 -1 0
331 23 11 0 1
332 86 12 -1 0
333 88 11 0 -1
334 84 5 0 -1
335 41 33 0 1
336 77 34 1 0
337 1 2 -1 0
338 2 4 -1 0
339 40 34 -1 0
340 42 15 0 1
341 17 21 1 0
342 47 12 0 1
343 19 28 0 -1
344 10 11 -1 0
345 78 3 1 0
346 47 15 1 0
347 76 9 0 -1
348 19 3 0 1
349 91 39 0 1
350 39 12 1 0
351 75 33 0 1
352 82 33 0 -1
353 72 2 1 0
354 63 36 0 1
355 15 18 0 1
356 25 14 -1 0
357 95 23 0 -1
358 46 20 0 1
359 91 28 0 1
360 22 6 0 1
361 45 36 0 1
362 36 27 0 -1
363 21 34 0 1
364 31 29 0 -1
365 13 20 -1 0
366 39 10 1 0
367 1 28 -1 0
368 57 0 0 -1
369 44 9 1 0
370 21 30 1 0
371 27 4 0 -1
372 84 30 1 0
373 62 20 1 0
374 48 27 -1 0
375 79 15 -1 0
376 47 17 0 1
377 84 3 1 0
378 27 37 -1 0
379 74 29 1 0
380 15 36 0 1
381 87 16 0 -1
382 71 8 1 0
383 77 39 0 1
384 43 7 0 -1
385 10 3 0 1
386 75 26 0 1
387 12 19 0 -1
388 17 20 -1 0
389 39 8 0 1
390 17 33 1 0
391 92 4 0 1
392 46 26 0 -1
393 38 31 0 -1
394 3 36 0 1
395 96 39 1 0
396 43 35 -1 0
397 26 8 -1 0
398 53 19 0 -1
399 96 13 0 -1
400 49 10 0 1
401 36 12 -1 0
402 66 37 0 1
403 44 32 0 1
404 94 28 -1 0
405 47 17 0 -1
406 96 20 0 -1
407 68 30 0 1
408 17 21 -1 0
409 25 32 1 0
410 86 36 1 0
411 38 38 0 -1
412 38 35 0 1
413 25 30 0 1
414 11 35 0 1
415 71 37 1 0
416 19 33 0 1
417 0 27 0 1
418 2 11 -1 0
419 22 17 0 -1
420 92 24 0 -1
421 17 39 -1 0
422 93 5 0 1
423 3 25 -1 0
424 93 8 1 0
425 65 9 0 -1
426 51 5 1 0
427 44 15 1 0
428 10 14 1 0
429 30 25 1 0
430 44 1 0 -1
431 1 19 1 0
432 92 1 0 -1
433 2 22 0 1
434 52 13 1 0
435 38 7 1 0
436 4 21 1 0
437 96 13 1 0
438 85 7 0 -1
439 44 6 -1 0
440 62 39 0 -1
441 60 27 1 0
442 90 30 0 1
443 51 7 0 -1
444 22 35 -1 0
445 14 38 -1 0
446 55 27 1 0
447 77 22 1 0
448 23 8 1 0
449 23 12 0 -1
450 6 37 1 0
451 43 6 1 0
452 37 16 1 0
453 91 39 -1 0
454 47 24 1 0
455 17 6 0 1
456 28 8 -1 0
457 91 24 0 1
458 65 35 0 1
459 37 5 -1 0
460 29 33 0 -1
461 40 37 0 -1
462 5 37 0 -1
463 90 13 0 -1
464 90 7 0 1
465 21 2 0 1
466 97 30 1 0
467 4 18 1 0
468 5 22 0 -1
469 3 0 0 -1
470 86 20 0 1
471 64 37 1 0
472 9 33 1 0
473 45 34 0 -1
474 20 15 -1 0
475 55 13 0 -1
476 40 33 -1 0
477 18 34 1 0
478 23 38 0 -1
479 27 15 1 0
480 16 14 -1 0
481 21 0 1 0
482 82 2 -1 0
483 39 4 0 -1
484 36 35 -1 0
485 58 17 0 -1
486 26 0 1 0
487 49 9 1 0
488 41 20 0 1
489 26 16 -1 0
490 58 18 0 -1
491 52 27 1 0
492 37 7 0 -1
493 57 35 1 0
494 13 5 -1 0
495 12 39 1 0
496 79 27 1 0
497 48 12 -1 0
498 5 36 0 1
499 52 4 -1 0
500 40 34 -1 0
501 68 25 0 1
502 35 12 -1 0
503 30 36 1 0
504 88 34 0 -1
505 55 0 -1 0
506 65 17 0 -1
507 57 19 0 1
508 47 1 0 1
509 75 28 0 -1
510 80 22 0 1
511 1 20 1 0
512 97 3 -1 0
513 91 5 -1 0
514 69 24 0 1
515 0 13 0 -1
516 67 4 -1 0
517 38 2 0 1
518 45 15 1 0
519 15 3 -1 0
520 15 22 0 1
521 15 8 0 -1
522 6 16 -1 0
523 81 26 0 1
524 17 35 1 0
525 32 20 -1 0
526 89 36 0 -1
527 24 0 0 1
528 75 30 -1 0
529 24 13 -1 0
530 60 35 0 1
531 18 16 -1 0
532 11 4 -1 0
533 95 28 -1 0
534 41 34 -1 0
535 88 27 -1 0
536 56 15 0 -1
537 2 3 0 -1
538 47 16 -1 0
539 3 19 0 -1
540 15 15 0 1
541 49 29 0 1
542 24 26 0 1
543 84 26 0 1
544 24 17 0 1
545 3 39 -1 0
546 25 38 -1 0
547 69 1 0 1
548 46 37 0 1
549 85 10 -1 0
550 28 6 1 0
551 47 14 -1 0
552 67 31 -1 0
553 54 34 1 0
554 28 1 0 1
555 96 0 -1 0
556 8 26 0 1
557 27 24 0 -1
558 40 9 1 0
559 26 36 0 1
560 50 37 0 1
561 21 7 -1 0
562 21 17 0 1
563 16 22 -1 0
564 25 34 0 -1
565 56 7 -1 0
566 15 7 -1 0
567 85 11 0 -1
568 40 9 0 -1
569 77 6 0 1
570 23 39 -1 0
571 55 24 0 1
572 20 21 1 0
573 56 31 0 1
574 93 36 -1 0
575 83 19 0 -1
576 49 32 -1 0
577 48 32 -1 0
578 90 28 1 0
579 11 6 -1 0
580 92 22 0 -1
581 17 38 0 -1
582 26 24 -1 0
583 81 16 1 0
584 49 13 1 0
585 49 9 -1 0
586 61 1 1 0
587 20 32 1 0
588 59 27 0 -1
589 69 11 -1 0
590 81 32 0 -1
591 38 23 0 1
592 7 32 1 0
593 10 5 1 0
594 66 38 0 -1
595 40 32 0 -1
596 86 25 0 1
597 1 27 0 1
598 65 4 -1 0
599 71 22 1 0
600 72 21 -1 0
601 20 19 1 0
602 76 12 -1 0
603 55 31 1 0
604 46 28 0 1
605 28 32 -1 0
606 19 25 0 1
607 96 26 -1 0
608 16 22 0 1
609 87 25 0 1
610 22 5 -1 0
611 63 11 0 -1
612 1 16 0 1
613 98 38 1 0
614 12 38 0 -1
615 94 38 0 -1
616 85 36 0 1
617 0 39 0 -1
618 18 32 0 1
619 41 27 -1 0
620 36 17 1 0
621 73 33 0 1
622 99 13 1 0
623 99 39 0 1
624 23 22 0 1
625 14 27 -1 0
626 85 4 -1 0
627 94 10 0 1
628 28 36 0 1
629 55 22 0 1
630 45 27 0 1
631 0 18 1 0
632 24 31 1 0
633 90 27 -1 0
634 10 32 -1 0
635 94 35 0 1
636 31 35 0 -1
637 12 25 0 -1
638 32 1 1 0
639 31 38 0 1
640 56 21 0 -1
641 10 9 -1 0
642 93 17 -1 0
643 63 2 0 1
644 95 19 0 -1
645 8 33 0 -1
646 90 11 0 -1
647 94 29 -1 0
648 36 32 0 1
649 55 12 1 0
650 48 21 0 1
651 35 33 0 1
652 97 28 0 -1
653 66 29 1 0
654 1 9 0 1
655 14 18 0 -1
656 33 10 1 0
657 84 29 -1 0
658 28 26 -1 0
659 95 17 0 -1
660 78 8 0 1
661 19 19 -1 0
662 82 9 1 0
663 38 18 1 0
664 90 33 1 0
665 31 31 0 -1
666 44 29 -1 0
667 99 32 -1 0
668 42 7 0 1
669 59 39 -1 0
670 47 7 -1 0
671 51 9 0 1
672 98 39 0 1
673 64 23 0 1
674 12 19 0 1
675 52 2 0 1
676 23 5 1 0
677 40 38 0 1
678 21 20 0 -1
679 44 6 0 -1
680 49 7 -1 0
681 58 14 1 0
682 90 5 0 1
683 8 3 -1 0
684 60 11 1 0
685 96 32 1 0
686 53 15 1 0
687 3 1 -1 0
688 26 20 1 0
689 46 23 0 1
690 42 18 0 1
691 25 19 1 0
692 37 35 0 -1
693 17 26 1 0
694 23 10 -1 0
695 89 0 1 0
696 54 18 1 0
697 62 28 -1 0
698 43 27 0 -1
699 44 19 1 0
700 39 8 -1 0
701 1 35 -1 0
702 95 36 0 -1
703 28 0 -1 0
704 14 2 1 0
705 70 20 1 0
706 48 21 0 1
707 87 36 1 0
708 41 14 0 1
709 19 11 0 -1
710 40 3 1 0
711 47 37 0 -1
712 7 1 1 0
713 23 17 1 0
714 40 0 -1 0
715 71 10 0 -1
716 30 23 1 0
717 18 37 1 0
718 30 19 0 1
719 17 2 0 1
720 8 16 0 1
721 14 2 -1 0
722 17 5 1 0
723 13 15 0 1
724 64 17 0 1
725 79 2 0 1
726 41 39 0 1
727 80 37 0 -1
728 22 24 0 -1
729 15 4 0 1
730 89 4 0 -1
731 98 38 0 -1
732 83 32 0 1
733 35 10 0 1
734 44 27 -1 0
735 20 34 0 1
736 12 11 -1 0
737 76 28 1 0
738 54 36 -1 0
739 11 13 -1 0
740 18 11 0 -1
741 51 37 0 1
742 18 17 0 -1
743 25 1 0 -1
744 44 14 1 0
745 16 39 0 -1
746 97 20 0 -1
747 6 14 -1 0
748 51 9 1 0
749 41 35 -1 0
750 85 36 0 1
751 11 20 0 -1
752 60 26 1 0
753 15 34 1 0
754 82 6 0 1
755 47 13 -1 0
756 5 19 1 0
757 83 1 0 1
758 2 10 0 -1
759 4 0 1 0
760 68 20 -1 0
761 86 36 0 -1
762 33 7 0 1
763 43 24 0 1
764 44 23 0 -1
765 51 8 1 0
766 34 11 1 0
767 3 24 1 0
768 95 17 -1 0
769 92 5 1 0
770 56 8 0 -1
771 12 30 -1 0
772 67 39 1 0
773 60 31 0 -1
774 28 37 0 1
775 37 22 1 0
776 38 34 0 -1
777 49 39 0 1
778 46 12 -1 0
779 28 23 -1 0
780 90 39 0 1
781 86 22 -1 0
782 53 20 -1 0
783 45 29 0 -1
784 96 9 0 -1
785 43 24 0 -1
786 51 14 1 0
787 48 39 1 0
788 70 3 1 0
789 60 32 1 0
790 10 19 -1 0
791 5 0 0 -1
792 3 25 1 0
793 18 30 0 1
794 41 15 -1 0
795 68 1 0 -1
796 50 20 -1 0
797 0 12 0 1
798 13 29 1 0
799 88 8 1 0
800 95 25 1 0
801 51 0 -1 0
802 91 19 -1 0
803 54 11 1 0
804 89 0 0 1
805 15 30 -1 0
806 48 20 1 0
807 22 32 1 0
808 3 26 0 -1
809 68 30 0 -1
810 28 27 0 -1
811 79 11 -1 0
812 44 37 -1 0
813 86 13 1 0
814 10 1 0 -1
815 82 2 0 -1
816 12 2 1 0
817 55 10 0 1
818 90 29 1 0
819 47 29 0 1
820 9 10 1 0
821 91 39 0 1
822 47 35 0 -1
823 50 13 0 -1
824 79 27 0 -1
825 41 37 -1 0
826 85 12 0 1
827 18 26 0 1
828 92 35 0 -1
829 97 8 0 1
830 5 14 1 0
831 40 0 -1 0
832 26 15 1 0
833 54 39 0 -1
834 87 23 -1 0
835 4 9 0 1
836 38 18 0 1
837 47 8 0 -1
838 19 27 0 -1
839 67 29 0 1
840 21 23 1 0
841 1 23 0 1
842 52 19 0 -1
843 18 21 0 -1
844 15 13 1 0
845 79 12 1 0
846 57 26 1 0
847 44 7 -1 0
848 52 1 -1 0
849 52 0 0 -1
850 94 39 1 0
851 92 39 -1 0
852 11 10 0 -1
853 65 7 0 1
854 6 31 -1 0
855 61 35 1 0
856 2 30 0 -1
857 6 0 1 0
858 83 7 -1 0
859 26 38 -1 0
860 92 35 1 0
861 28 24 -1 0
862 19 6 0 1
863 83 36 0 -1
864 4 39 1 0
865 59 15 0 -1
866 39 4 1 0
867 25 38 0 1
868 38 7 0 -1
869 49 20 0 -1
870 25 3 0 1
871 45 39 1 0
872 7 39 -1 0
873 88 15 1 0
874 16 35 0 1
875 28 26 0 1
876 83 36 0 -1
877 16 32 -1 0
878 15 34 0 -1
879 53 21 0 1
880 10 22 0 -1
881 43 21 -1 0
882 18 12 1 0
883 3 21 0 -1
884 41 21 0 1
885 41 36 1 0
886 68 9 1 0
887 47 30 -1 0
888 49 10 1 0
889 72 23 -1 0
890 3 0 0 1
891 88 25 0 1
892 73 5 0 1
893 87 37 -1 0
894 10 14 1 0
895 93 26 1 0
896 76 2 1 0
897 50 10 1 0
898 75 10 0 1
899 48 16 -1 0
900 75 37 1 0
901 40 21 0 -1
902 61 39 1 0
903 7 35 0 -1
904 73 13 -1 0
905 21 31 0 -1
906 50 38 0 1
907 49 1 -1 0
908 13 38 0 1
909 82 4 0 1
910 86 37 1 0
911 62 7 -1 0
912 43 28 0 1
913 51 7 0 -1
914 11 26 0 1
915 87 16 1 0
916 72 17 0 1
917 68 17 0 1
918 89 34 0 -1
919 44 34 -1 0
920 23 39 -1 0
921 61 28 0 1
922 11 38 0 -1
923 80 16 0 1
924 0 21 0 -1
925 24 30 1 0
926 55 20 0 -1
927 93 17 0 -1
928 52 16 1 0
929 17 14 1 0
930 48 8 -1 0
931 50 28 0 -1
932 58 24 1 0
933 77 32 0 -1
934 20 15 0 -1
935 78 32 0 1
936 57 35 1 0
937 4 13 0 -1
938 18 7 0 1
939 48 13 0 -1
940 1 2 -1 0
941 73 33 1 0
942 81 30 0 -1
943 14 19 0 1
944 14 1 0 1
945 27 19 -1 0
946 94 38 -1 0
947 70 39 -1 0
948 13 2 1 0
949 43 21 1 0
950 89 22 0 1
951 86 36 0 -1
952 55 18 1 0
953 93 4 0 -1
954 12 4 1 0
955 36 19 -1 0
956 26 6 0 1
957 92 33 -1 0
958 89 15 0 1
959 88 19 1 0
960 71 1 -1 0
961 66 24 -1 0
962 14 39 0 -1
963 83 17 0 -1
964 69 34 1 0
965 19 29 0 -1
966 94 7 -1 0
967 53 21 1 0
968 93 0 0 -1
969 43 4 0 -1
970 13 13 0 -1
971 76 18 -1 0
972 21 0 -1 0
973 92 11 -1 0
974 22 20 0 1
975 80 14 0 -1
976 65 29 -1 0
977 15 37 0 1
978 24 3 1 0
979 30 17 -1 0
980 38 7 0 -1
981 44 27 0 -1
982 55 7 0 -1
983 24 25 0 1
984 85 35 0 1
985 69 21 0 -1
986 20 11 0 1
987 12 8 0 -1
988 42 12 1 0
989 74 32 0 1
990 77 0 -1 0
991 40 20 0 -1
992 80 1 0 -1
993 25 8 -1 0
994 63 34 -1 0
995 95 7 0 1
996 93 10 1 0
997 30 1 -1 0
998 23 35 0 1
999 7 37 -1 0
1000 1 36 -1 0
1001 65 2 1 0
1002 14 5 0 -1
1003 82 29 -1 0
1004 19 15 1 0
1005 43 9 1 0
1006 0 19 -1 0
1007 71 24 0 -1
1008 99 11 0 -1
1009 87 30 0 1
1010 90 6 0 -1
1011 17 29 0 -1
1012 13 7 1 0
1013 21 2 -1 0
1014 63 17 0 1
1015 95 36 0 1
1016 96 3 -1 0
1017 68 35 0 1
1018 42 38 0 1
1019 95 29 0 1
1020 41 18 1 0
1021 39 38 -1 0
1022 53 3 0 1
1023 44 10 1 0
1024 93 4 0 1
1025 20 19 1 0
1026 30 13 0 -1
1027 39 18 1 0
1028 1 8 0 1
1029 49 28 0 1
1030 42 11 0 -1
1031 31 18 1 0
1032 65 20 -1 0
1033 83 3 0 -1
1034 16 23 1 0
1035 39 32 1 0
1036 26 15 1 0
1037 59 20 0 1
1038 0 37 -1 0
1039 85 39 0 -1
1040 91 33 0 -1
1041 0 23 0 1
1042 7 0 0 -1
1043 11 33 1 0
1044 21 37 0 -1
1045 3 4 1 0
1046 46 36 0 1
1047 13 25 -1 0
1048 81 5 0 1
1049 16 35 1 0
1050 16 39 -1 0
1051 22 28 0 1
1052 42 20 -1 0
1053 46 39 0 -1
1054 69 7 0 -1
1055 46 28 -1 0
1056 53 2 0 -1
1057 20 7 -1 0
1058 4 14 0 -1
1059 61 11 1 0
1060 54 39 1 0
1061 8 17 0 1
1062 23 16 0 -1
1063 11 17 -1 0
1064 21 33 0 1
1065 10 17 0 -1
1066 90 0 0 -1
1067 57 36 0 -1
1068 92 28 1 0
1069 40 32 -1 0
1070 83 32 0 -1
1071 86 35 0 -1
1072 56 29 1 0
1073 29 38 0 -1
1074 85 37 0 -1
1075 90 24 1 0
1076 22 11 0 1
1077 76 9 0 -1
1078 45 31 0 1
1079 26 34 -1 0
1080 20 19 -1 0
1081 46 9 1 0
1082 48 6 -1 0
1083 48 22 0 -1
1084 71 14 0 1
1085 27 12 0 -1
1086 48 25 1 0
1087 36 15 1 0
1088 91 0 0 1
1089 39 4 -1 0
1090 36 21 -1 0
1091 37 2 0 1
1092 45 6 -1 0
1093 71 34 -1 0
1094 53 30 1 0
1095 85 21 0 1
1096 6 38 -1 0
1097 85 16 1 0
1098 40 14 -1 0
1099 6 34 1 0
1100 74 25 1 0
1101 29 3 0 -1
1102 61 30 0 1
1103 6 18 0 1
1104 60 2 0 1
1105 16 20 0 1
1106 7 6 1 0
1107 41 0 -1 0
1108 22 31 -1 0
1109 37 10 1 0
1110 43 7 -1 0
1111 72 7 0 1
1112 37 32 -1 0
1113 24 32 1 0
1114 93 7 0 -1
1115 43 6 0 -1
1116 17 28 0 -1
1117 65 6 0 1
1118 18 24 0 1
1119 88 10 1 0
1120 9 37 -1 0
1121 97 22 1 0
1122 21 14 1 0
1123 65 4 0 -1
1124 17 10 -1 0
1125 43 13 0 1
1126 85 2 1 0
1127 24 20 -1 0
1128 24 15 0 1
1129 26 30 0 1
1130 86 3 -1 0
1131 48 25 -1 0
1132 87 29 -1 0
1133 6 14 -1 0
1134 50 1 0 1
1135 97 2 0 1
1136 59 35 0 -1
1137 44 7 0 -1
1138 19 10 1 0
1139 27 11 1 0
1140 83 24 0 1
1141 43 24 -1 0
1142 53 29 -1 0
1143 7 3 0 1
1144 16 39 1 0
1145 69 39 0 -1
1146 42 14 0 1
1147 66 13 0 1
1148 89 28 0 1
1149 66 25 0 -1
1150 48 38 1 0
1151 30 23 0 -1
1152 4 9 -1 0
1153 39 0 -1 0
1154 24 31 1 0
1155 12 7 -1 0
1156 16 33 0 -1
1157 94 2 0 -1
1158 13 29 -1 0
1159 96 15 1 0
1160 71 5 0 1
1161 27 17 0 1
1162 78 22 0 -1
1163 2 13 -1 0
1164 77 9 0 1
1165 33 5 1 0
1166 16 11 0 1
1167 54 4 0 -1
1168 98 15 0 -1
1169 44 9 0 1
1170 22 26 0 1
1171 94 34 1 0
1172 61 31 1 0
1173 42 37 -1 0
1174 4 0 0 1
1175 98 2 -1 0
1176 57 14 1 0
1177 16 25 0 1
1178 43 28 0 -1
1179 61 19 0 -1
1180 3 38 1 0
1181 15 17 0 1
1182 25 19 0 1
1183 89 36 1 0
1184 26 23 -1 0
1185 37 1 0 -1
1186 44 20 -1 0
1187 90 17 0 1
1188 93 6 0 -1
1189 4 8 0 -1
1190 26 14 1 0
1191 25 25 -1 0
1192 74 38 0 -1
1193 95 5 1 0
1194 45 22 -1 0
1195 65 23 -1 0
1196 9 2 -1 0
1197 76 30 0 1
1198 12 14 -1 0
1199 3 11 1 0
1200 57 11 0 -1
1201 87 18 0 1
1202 29 23 0 -1
1203 32 38 -1 0
1204 68 12 -1 0
1205 0 0 -1 0
1206 76 37 0 -1
1207 15 33 -1 0
1208 38 4 0 1
1209 55 24 0 -1
1210 12 15 0 -1
1211 15 5 -1 0
1212 63 16 0 -1
1213 24 34 0 -1
1214 28 26 0 -1
1215 50 4 -1 0
1216 0 6 0 1
1217 12 18 1 0
1218 13 37 -1 0
1219 57 25 0 1
1220 4 23 1 0
1221 16 14 0 -1
1222 88 15 -1 0
1223 1 28 -1 0
1224 97 22 -1 0
1225 64 14 0 1
1226 71 13 1 0
1227 45 27 0 -1
1228 50 25 -1 0
1229 23 33 -1 0
1230 91 33 0 1
1231 52 20 -1 0
1232 12 4 1 0
1233 90 6 0 -1
1234 49 5 0 1
1235 48 28 0 -1
1236 46 35 -1 0
1237 5 38 1 0
1238 87 31 0 1
1239 49 24 0 -1
1240 5 5 0 1
1241 40 39 0 -1
1242 74 29 0 -1
1243 87 1 -1 0
1244 99 23 0 1
1245 47 37 1 0
1246 38 4 -1 0
1247 26 27 0 -1
1248 24 32 0 1
1249 95 24 0 -1
1250 80 3 0 1
1251 39 15 0 -1
1252 24 12 0 1
1253 41 20 1 0
1254 2 35 0 1
1255 43 6 0 1
1256 44 32 0 -1
1257 18 2 1 0
1258 21 37 1 0
1259 51 5 -1 0
1260 69 17 1 0
1261 68 6 -1 0
1262 73 18 0 1
1263 9 0 0 1
1264 42 34 -1 0
1265 30 31 0 1
1266 3 37 0 1
1267 28 29 0 -1
1268 99 0 0 -1
1269 80 18 -1 0
1270 76 4 0 1
1271 45 21 0 1
1272 43 26 0 -1
1273 9 1 -1 0
1274 21 36 -1 0
1275 21 35 -1 0
1276 96 38 -1 0
1277 54 15 0 1
1278 60 30 -1 0
1279 8 32 -1 0
1280 42 22 -1 0
1281 53 1 1 0
1282 91 20 1 0
1283 91 35 1 0
1284 91 19 0 -1
1285 97 15 0 -1
1286 58 18 0 1
1287 97 16 -1 0
1288 40 5 0 1
1289 4 13 -1 0
1290 74 16 0 -1
1291 25 27 -1 0
1292 71 7 0 -1
1293 98 36 0 1
1294 58 28 0 -1
1295 28 7 0 -1
1296 97 27 1 0
1297 41 1 0 -1
1298 6 18 1 0
1299 37 7 0 -1
1300 4 14 0 1
1301 94 5 0 1
1302 46 24 0 -1
1303 20 2 1 0
1304 9 26 1 0
1305 1 32 0 -1
1306 60 16 0 1
1307 38 25 -1 0
1308 38 15 -1 0
1309 13 17 1 0
1310 78 14 1 0
1311 18 23 0 -1
1312 13 25 0 -1
1313 68 35 1 0
1314 65 26 0 -1
1315 52 17 0 1
1316 92 38 0 -1
1317 29 33 0 1
1318 5 37 1 0
1319 46 18 -1 0
1320 23 13 0 1
1321 84 2 0 -1
1322 42 34 0 -1
1323 49 33 0 1
1324 69 22 0 1
1325 30 18 1 0
1326 80 24 0 -1
1327 37 31 1 0
1328 87 30 0 1
1329 72 29 -1 0
1330 90 7 -1 0
1331 1 7 0 -1
1332 26 23 -1 0
1333 0 22 1 0
1334 23 25 0 1
1335 27 11 1 0
1336 39 3 0 1
1337 85 22 1 0
1338 79 28 0 1
1339 38 23 0 -1
1340 44 7 -1 0
1341 31 39 0 1
1342 12 14 -1 0
1343 94 11 0 -1
1344 19 15 1 0
1345 31 39 0 1
1346 9 14 0 -1
1347 87 30 0 -1
1348 12 17 0 -1
1349 68 16 0 1
1350 67 28 1 0
1351 24 25 0 -1
1352 0 36 -1 0
1353 87 34 0 1
1354 89 25 0 1
1355 3 17 1 0
1356 28 14 0 1
1357 19 18 1 0
1358 4 37 -1 0
1359 47 29 0 1
1360 88 5 0 -1
1361 2 3 0 -1
1362 12 20 0 -1
1363 95 20 -1 0
1364 46 26 0 -1
1365 43 9 0 -1
1366 30 3 0 -1
1367 81 2 0 -1
1368 2 26 1 0
1369 8 17 0 1
1370 81 25 1 0
1371 2 15 -1 0
1372 99 16 1 0
1373 93 36 0 -1
1374 43 1 1 0
1375 17 38 1 0
1376 87 22 -1 0
1377 40 28 0 1
1378 67 32 -1 0
1379 94 7 1 0
1380 43 12 1 0
1381 91 15 1 0
1382 78 27 0 1
1383 34 31 0 -1
1384 77 37 1 0
1385 95 6 1 0
1386 74 30 1 0
1387 37 15 0 1
1388 66 5 0 1
1389 93 28 -1 0
1390 95 3 0 -1
1391 69 32 1 0
1392 13 20 0 1
1393 74 9 0 -1
1394 61 36 0 1
1395 58 18 1 0
1396 2 19 0 1
1397 38 27 0 1
1398 42 7 0 -1
1399 6 26 0 -1
1400 61 16 0 1
1401 63 24 0 -1
1402 2 0 -1 0
1403 3 21 1 0
1404 91 11 0 1
1405 6 3 -1 0
1406 87 35 0 -1
1407 48 26 0 -1
1408 38 16 0 -1
1409 64 27 0 1
1410 20 28 1 0
1411 62 14 0 1
1412 94 8 -1 0
1413 18 13 0 1
1414 43 35 1 0
1415 96 34 -1 0
1416 17 6 1 0
1417 56 15 -1 0
1418 25 14 0 1
1419 62 22 -1 0
1420 92 34 -1 0
1421 85 4 -1 0
1422 44 20 0 -1
1423 55 18 0 1
1424 48 25 0 -1
1425 30 6 0 1
1426 23 36 -1 0
1427 30 7 1 0
1428 59 26 1 0
1429 2 4 0 1
1430 2 3 0 -1
1431 47 21 0 -1
1432 44 10 0 1
1433 46 8 0 -1
1434 52 8 0 1
1435 88 5 -1 0
1436 93 23 1 0
1437 21 23 1 0
1438 56 23 1 0
1439 90 9 0 1
1440 36 27 -1 0
1441 93 17 0 -1
1442 8 5 0 -1
1443 63 23 1 0
1444 21 11 -1 0
1445 62 12 0 1
1446 42 5 0 1
1447 15 6 1 0
1448 55 17 0 -1
1449 41 38 -1 0
1450 50 16 0 1
1451 41 19 0 1
1452 24 20 0 1
1453 8 3 0 1
1454 30 36 -1 0
1455 24 10 -1 0
1456 23 37 -1 0
1457 44 28 0 1
1458 51 23 0 -1
1459 90 36 -1 0
1460 83 18 1 0
1461 12 37 0 -1
1462 18 18 -1 0
1463 15 5 0 1
1464 15 8 -1 0
1465 17 39 0 -1
1466 98 36 1 0
1467 48 32 -1 0
1468 7 10 -1 0
1469 7 32 0 1
1470 88 38 0 -1
1471 8 5 -1 0
1472 47 33 1 0
1473 2 15 1 0
1474 74 17 -1 0
1475 12 19 0 1
1476 45 18 0 -1
1477 84 34 1 0
1478 57 8 0 -1
1479 53 28 -1 0
1480 79 38 0 -1
1481 82 35 -1 0
1482 21 3 0 1
1483 67 32 0 -1
1484 77 10 1 0
1485 55 6 0 1
1486 56 17 0 -1
1487 97 5 0 1
1488 30 20 0 1
1489 49 29 -1 0
1490 22 7 1 0
1491 15 26 0 1
1492 59 28 0 -1
1493 85 18 1 0
1494 96 34 1 0
1495 47 32 0 1
1496 99 4 0 1
1497 16 32 0 -1
1498 14 12 -1 0
1499 48 13 0 -1
1500 42 25 -1 0
1501 84 12 0 1
1502 42 6 1 0
1503 42 29 0 -1
1504 10 12 1 0
1505 10 7 0 1
1506 78 24 0 1
1507 13 34 0 1
1508 69 12 1 0
1509 13 34 0 -1
1510 27 8 0 -1
1511 18 36 0 1
1512 25 39 1 0
1513 54 8 -1 0
1514 86 28 1 0
1515 71 38 0 1
1516 12 10 0 1
1517 65 18 0 1
1518 79 1 0 1
1519 91 14 0 1
1520 11 24 -1 0
1521 89 29 1 0
1522 7 3 1 0
1523 10 16 0 1
1524 99 12 1 0
1525 81 7 1 0
1526 25 11 1 0
1527 49 4 1 0
1528 22 37 0 -1
1529 2 2 0 1
1530 2 20 0 1
1531 14 16 0 1
1532 85 30 1 0
1533 29 16 0 -1
1534 17 15 0 1
1535 38 14 0 1
1536 54 38 -1 0
1537 89 21 -1 0
1538 30 15 1 0
1539 13 0 0 1
1540 25 31 1 0
1541 79 3 1 0
1542 16 23 1 0
1543 98 22 0 1
1544 48 20 0 1
1545 37 0 0 -1
1546 24 9 0 -1
1547 98 9 -1 0
1548 93 35 -1 0
1549 59 30 0 1
1550 45 17 0 1
1551 90 10 0 1
1552 99 30 0 1
1553 78 38 0 1
1554 50 2 0 -1
1555 97 39 0 1
1556 17 36 1 0
1557 18 10 -1 0
1558 27 36 -1 0
1559 19 15 -1 0
1560 20 14 1 0
1561 94 28 1 0
1562 43 31 -1 0
1563 98 31 0 1
1564 85 1 -1 0
1565 69 36 0 1
1566 27 20 0 1
1567 47 38 -1 0
1568 63 23 1 0
1569 66 30 0 -1
1570 0 25 -1 0
1571 10 1 -1 0
1572 92 33 0 1
1573 20 1 -1 0
1574 92 12 1 0
1575 16 38 1 0
1576 87 4 0 -1
1577 22 24 0 -1
1578 23 39 -1 0
1579 2 36 1 0
1580 42 18 -1 0
1581 55 31 1 0
1582 81 37 0 1
1583 12 5 0 -1
1584 9 30 1 0
1585 88 28 0 -1
1586 39 26 1 0
1587 45 34 -1 0
1588 1 3 -1 0
1589 59 12 0 1
1590 23 14 0 -1
1591 65 12 0 1
1592 10 7 0 -1
1593 94 0 1 0
1594 2 23 1 0
1595 83 15 0 1
1596 93 33 0 -1
1597 18 21 0 -1
1598 51 12 0 1
1599 74 6 0 1
1600 23 0 1 0
1601 29 17 0 -1
1602 84 5 0 -1
1603 28 8 1 0
1604 96 23 0 -1
1605 89 31 1 0
1606 83 23 -1 0
1607 13 37 0 1
1608 4 28 0 1
1609 59 18 0 -1
1610 58 23 1 0
1611 23 1 0 -1
1612 90 36 0 -1
1613 96 18 0 -1
1614 41 35 1 0
1615 41 12 -1 0
1616 37 30 0 1
1617 49 9 0 -1
1618 93 0 -1 0
1619 9 16 -1 0
1620 74 19 0 -1
1621 97 25 0 -1
1622 64 22 -1 0
1623 71 22 -1 0
1624 82 29 -1 0
1625 47 1 -1 0
1626 43 25 1 0
1627 16 15 -1 0
1628 45 34 -1 0
1629 92 27 0 1
1630 45 8 0 -1
1631 26 31 -1 0
1632 95 39 0 1
1633 99 4 1 0
1634 85 4 -1 0
1635 39 1 -1 0
1636 12 16 0 1
1637 49 22 1 0
1638 39 11 0 1
1639 13 10 -1 0
1640 92 33 0 1
1641 11 27 -1 0
1642 7 3 0 1
1643 8 18 -1 0
1644 57 17 -1 0
1645 29 34 0 -1
1646 12 5 -1 0
1647 40 0 -1 0
1648 83 12 0 1
1649 87 24 0 -1
1650 29 8 1 0
1651 46 2 0 -1
1652 0 19 1 0
1653 92 30 -1 0
1654 3 1 0 -1
1655 93 39 1 0
1656 13 31 0 1
1657 10 1 0 -1
1658 41 25 -1 0
1659 77 17 0 -1
1660 29 12 1 0
1661 11 9 0 -1
1662 95 0 -1 0
1663 35 3 0 1
1664 42 25 -1 0
1665 58 22 -1 0
1666 16 21 0 1
1667 14 15 0 1
1668 55 20 0 -1
1669 29 10 0 1
1670 42 9 1 0
1671 77 4 0 1
1672 46 23 0 -1
1673 37 2 -1 0
1674 63 17 1 0
1675 60 13 0 1
1676 24 16 1 0
1677 50 4 1 0
1678 86 29 1 0
1679 7 24 0 1
1680 92 6 0 -1
1681 84 9 0 1
1682 50 34 1 0
1683 55 16 0 -1
1684 78 39 0 1
1685 94 33 -1 0
1686 3 39 0 1
1687 26 1 0 1
1688 81 9 -1 0
1689 97 38 1 0
1690 47 20 0 1
1691 57 12 0 1
1692 96 36 -1 0
1693 55 37 0 1
1694 45 16 0 -1
1695 21 33 0 -1
1696 41 34 0 1
1697 85 16 1 0
1698 64 30 1 0
1699 86 20 1 0
1700 19 8 0 -1
1701 11 30 -1 0
1702 5 30 0 -1
1703 93 5 -1 0
1704 39 20 1 0
1705 8 29 0 1
1706 91 11 0 1
1707 26 30 1 0
1708 43 11 1 0
1709 40 39 1 0
1710 89 14 1 0
1711 35 19 -1 0
1712 52 11 -1 0
1713 30 7 1 0
1714 12 39 0 1
1715 19 8 -1 0
1716 56 0 -1 0
1717 68 14 1 0
1718 93 19 0 1
1719 1 35 -1 0
1720 13 9 -1 0
1721 17 9 -1 0
1722 13 4 0 1
1723 6 14 0 1
1724 58 9 0 1
1725 54 6 0 1
1726 19 16 0 1
1727 45 30 -1 0
1728 10 25 0 -1
1729 27 14 1 0
1730 54 10 1 0
1731 13 18 0 1
1732 39 39 0 1
1733 82 35 1 0
1734 64 29 1 0
1735 87 2 -1 0
1736 48 4 0 -1
1737 15 28 1 0
1738 14 21 -1 0
1739 2 19 1 0
1740 38 10 1 0
1741 19 34 0 -1
1742 36 4 0 -1
1743 22 38 0 -1
1744 23 14 -1 0
1745 72 1 0 1
1746 50 37 1 0
1747 68 26 1 0
1748 40 13 -1 0
1749 53 21 -1 0
1750 13 3 0 -1
1751 29 5 0 1
1752 12 14 0 1
1753 26 16 1 0
1754 70 21 0 -1
1755 70 14 0 1
1756 39 39 -1 0
1757 76 30 1 0
1758 7 26 -1 0
1759 13 13 0 1
1760 40 11 -1 0
1761 11 5 0 1
1762 58 0 1 0
1763 49 22 0 1
1764 92 37 -1 0
1765 39 30 1 0
1766 37 32 0 1
1767 94 29 0 -1
1768 80 33 1 0
1769 89 6 1 0
1770 29 33 1 0
1771 61 35 1 0
1772 24 14 0 -1
1773 5 26 0 1
1774 24 24 -1 0
1775 21 35 0 -1
1776 40 1 -1 0
1777 75 16 0 -1
1778 41 4 1 0
1779 80 13 0 1
1780 63 0 1 0
1781 78 18 1 0
1782 35 16 0 -1
1783 19 25 1 0
1784 16 7 0 -1
1785 21 29 -1 0
1786 25 17 0 -1
1787 38 30 1 0
1788 29 9 0 1
1789 7 10 1 0
1790 35 23 0 -1
1791 20 7 0 -1
1792 42 7 0 1
1793 38 32 0 -1
1794 39 22 0 -1
1795 82 10 1 0
1796 67 13 1 0
1797 4 33 1 0
1798 78 33 0 -1
1799 78 31 1 0
1800 90 4 0 1
1801 18 14 1 0
1802 21 22 0 -1
1803 52 17 0 1
1804 13 39 1 0
1805 64 21 0 1
1806 56 4 0 -1
1807 65 33 0 -1
1808 24 9 -1 0
1809 26 28 -1 0
1810 6 37 -1 0
1811 1 38 -1 0
1812 43 11 1 0
1813 44 39 -1 0
1814 80 8 0 -1
1815 22 30 0 -1
1816 40 26 0 -1
1817 99 6 0 -1
1818 53 8 1 0
1819 94 16 0 1
1820 6 29 0 -1
1821 98 20 1 0
1822 46 16 1 0
1823 6 11 -1 0
1824 43 8 1 0
1825 9 3 1 0
1826 57 4 1 0
1827 36 15 1 0
1828 81 28 -1 0
1829 33 16 0 -1
1830 22 6 -1 0
1831 6 15 0 -1
1832 41 27 -1 0
1833 21 2 -1 0
1834 22 20 -1 0
1835 26 14 1 0
1836 28 15 -1 0
1837 20 33 -1 0
1838 59 19 -1 0
1839 41 1 0 -1
1840 91 30 0 -1
1841 41 13 0 1
1842 43 26 0 1
1843 25 9 0 1
1844 10 7 1 0
1845 27 1 0 1
1846 14 1 0 -1
1847 14 20 1 0
1848 92 13 1 0
1849 13 16 -1 0
1850 83 2 0 -1
1851 84 33 0 -1
1852 15 32 -1 0
1853 94 7 0 -1
1854 16 4 0 1
1855 6 19 1 0
1856 94 39 0 -1
1857 18 24 0 1
1858 28 21 0 1
1859 16 1 1 0
1860 44 17 0 -1
1861 15 19 1 0
1862 83 37 -1 0
1863 39 27 -1 0
1864 45 14 -1 0
1865 12 30 1 0
1866 8 18 1 0
1867 65 5 0 -1
1868 26 15 1 0
1869 70 3 1 0
1870 55 36 1 0
1871 13 12 0 1
1872 7 39 1 0
1873 14 36 -1 0
1874 84 11 0 -1
1875 0 1 -1 0
1876 8 20 0 -1
1877 47 32 0 1
1878 90 5 -1 0
1879 5 12 0 1
1880 94 4 0 1
1881 49 15 -1 0
1882 39 32 1 0
1883 18 16 1 0
1884 89 12 1 0
1885 48 26 1 0
1886 89 37 -1 0
1887 93 23 1 0
1888 75 29 -1 0
1889 99 28 0 1
1890 37 18 0 1
1891 20 2 0 -1
1892 15 17 0 -1
1893 21 17 1 0
1894 12 25 -1 0
1895 97 1 0 1
1896 40 32 -1 0
1897 92 0 -1 0
1898 22 6 0 1
1899 21 24 0 -1
1900 92 27 0 -1
1901 51 2 0 1
1902 43 15 0 1
1903 55 6 1 0
1904 83 22 0 1
1905 25 39 0 -1
1906 71 24 0 -1
1907 63 35 1 0
1908 89 32 -1 0
1909 19 32 1 0
1910 63 33 1 0
1911 24 5 1 0
1912 98 22 0 -1
1913 77 30 0 -1
1914 90 4 1 0
1915 12 16 0 1
1916 83 22 0 -1
1917 48 13 -1 0
1918 29 24 1 0
1919 44 32 1 0
1920 79 21 1 0
1921 16 35 1 0
1922 37 13 0 -1
1923 23 18 1 0
1924 53 7 -1 0
1925 22 27 1 0
1926 68 4 0 1
1927 84 2 0 -1
1928 97 8 1 0
1929 47 35 1 0
1930 6 7 1 0
1931 80 27 -1 0
1932 98 24 0 -1
1933 40 33 0 -1
1934 55 32 0 1
1935 72 24 0 -1
1936 20 5 0 1
1937 46 3 1 0
1938 11 37 -1 0
1939 97 7 -1 0
1940 87 17 0 -1
1941 40 3 0 -1
1942 23 31 0 -1
1943 44 3 1 0
1944 57 17 -1 0
1945 83 17 0 1
1946 21 21 0 -1
1947 11 35 0 1
1948 76 29 0 -1
1949 18 10 0 -1
1950 44 8 1 0
1951 39 24 1 0
1952 14 25 -1 0
1953 9 5 0 1
1954 71 16 -1 0
1955 8 38 0 -1
1956 48 7 -1 0
1957 27 6 -1 0
1958 74 2 0 1
1959 9 12 -1 0
1960 4 29 0 1
1961 87 17 0 -1
1962 90 24 1 0
1963 53 9 1 0
1964 74 6 1 0
1965 39 6 1 0
1966 53 19 0 1
1967 61 24 0 1
1968 91 0 1 0
1969 73 6 0 -1
1970 55 1 0 1
1971 42 21 0 -1
1972 76 6 -1 0
1973 38 24 -1 0
1974 79 17 -1 0
1975 4 24 0 1
1976 41 38 0 -1
1977 31 12 0 -1
1978 29 38 -1 0
1979 49 14 0 1
1980 66 7 0 -1
1981 45 18 0 1
1982 44 23 1 0
1983 8 35 1 0
1984 47 6 1 0
1985 41 21 0 -1
1986 3 24 -1 0
1987 46 2 1 0
1988 81 8 1 0
1989 24 28 -1 0
1990 10 36 0 -1
1991 16 23 0 -1
1992 64 25 -1 0
1993 3 32 -1 0
1994 47 22 1 0
1995 87 24 0 -1
1996 74 1 -1 0
1997 52 11 0 -1
1998 64 24 -1 0
1999 1 15 -1 0
