0 13 24 0 1
1 5 6 0 1
2 99 27 0 -1
3 49 34 -1 0
4 64 0 0 1
5 4 2 0 -1
6 83 15 -1 0
7 51 4 0 1
8 52 9 0 1
9 23 8 0 -1
10 62 39 -1 0
11 20 38 1 0
12 32 27 1 0
13 54 10 -1 0
14 22 19 1 0
15 23 33 0 1
16 92 25 0 1
17 52 32 -1 0
18 98 25 0 -1
19 98 11 -1 0
20 86 13 0 1
21 77 22 1 0
22 39 26 -1 0
23 17 8 0 -1
24 39 31 -1 0
25 45 25 0 1
26 90 34 0 1
27 8 11 0 1
28 24 10 -1 0
29 96 30 1 0
30 24 1 0 -1
31 59 12 1 0
32 67 13 1 0
33 29 38 0 1
34 30 17 -1 0
35 38 22 -1 0
36 67 16 0 -1
37 22 22 0 1
38 69 29 0 -1
39 41 7 0 1
40 70 31 -1 0
41 77 4 1 0
42 93 14 0 1
43 91 25 1 0
44 70 13 -1 0
45 98 36 -1 0
46 0 34 0 1
47 73 23 1 0
48 46 37 0 -1
49 61 24 0 -1
50 59 16 1 0
51 84 7 0 1
52 2 18 0 1
53 47 6 0 -1
54 38 7 1 0
55 68 22 0 -1
56 71 29 0 1
57 44 16 0 1
58 58 22 -1 0
59 76 14 0 1
60 87 21 -1 0
61 39 9 0 -1
62 92 34 0 -1
63 25 23 0 1
64 17 30 0 1
65 13 17 0 1
66 79 38 0 1
67 39 38 1 0
68 1 35 1 0
69 89 23 0 1
70 89 13 0 1
71 63 4 1 0
72 82 16 -1 0
73 80 25 0 -1
74 97 30 0 1
75 43 37 -1 0
76 92 36 -1 0
77 36 11 0 1
78 5 9 -1 0
79 22 3 -1 0
80 35 28 0 -1
81 64 28 0 1
82 59 39 -1 0
83 5 9 1 0
84 44 11 -1 0
85 31 21 0 1
86 96 12 0 1
87 53 27 -1 0
88 98 26 -1 0
89 36 38 0 1
90 28 1 0 -1
91 55 23 -1 0
92 88 13 1 0
93 47 22 1 0
94 54 7 1 0
95 7 32 -1 0
96 67 16 0 1
97 97 29 0 1
98 96 30 0 -1
99 14 33 0 -1
100 95 36 0 1
101 41 0 -1 0
102 99 12 1 0
103 82 18 0 1
104 17 11 1 0
105 98 8 1 0
106 23 36 1 0
107 65 20 1 0
108 53 38 -1 0
109 8 6 0 1
110 70 35 -1 0
111 37 18 0 1
112 81 20 0 1
113 40 6 -1 0
114 82 9 1 0
115 69 1 0 -1
116 29 17 -1 0
117 7 31 0 1
118 83 3 -1 0
119 61 11 -1 0
120 30 19 -1 0
121 40 6 0 -1
122 22 36 0 1
123 74 25 -1 0
124 42 15 0 -1
125 90 36 0 1
126 98 23 0 -1
127 92 14 1 0
128 19 6 0 -1
129 31 25 -1 0
130 46 17 1 0
131 68 25 1 0
132 42 32 0 -1
133 9 32 0 -1
134 28 32 1 0
135 88 38 0 -1
136 20 10 -1 0
137 41 4 -1 0
138 43 22 1 0
139 24 34 0 1
140 73 27 1 0
141 16 22 1 0
142 21 38 -1 0
143 28 39 -1 0
144 36 14 0 1
145 81 39 0 1
146 59 35 1 0
147 44 32 0 -1
148 94 6 0 1
149 46 35 1 0
150 68 10 1 0
151 3 6 0 1
152 52 2 1 0
153 44 16 1 0
154 20 7 1 0
155 14 33 -1 0
156 6 27 0 -1
157 26 17 0 1
158 23 10 0 -1
159 23 5 -1 0
160 79 6 0 -1
161 55 1 0 1
162 37 12 0 1
163 69 29 -1 0
164 68 27 0 -1
165 26 8 1 0
166 17 4 -1 0
167 49 2 0 -1
168 54 3 -1 0
169 43 12 0 1
170 90 20 0 1
171 96 29 0 -1
172 10 4 0 1
173 5 34 0 -1
174 69 22 -1 0
175 44 16 0 1
176 81 37 1 0
177 93 14 0 -1
178 63 21 -1 0
179 10 3 0 -1
180 57 33 -1 0
181 17 4 0 1
182 43 34 0 -1
183 32 37 0 1
184 59 10 0 1
185 7 18 1 0
186 95 38 0 -1
187 27 20 0 1
188 23 9 0 -1
189 79 38 0 1
190 45 16 0 -1
191 23 1 1 0
192 29 37 1 0
193 17 31 -1 0
194 55 31 1 0
195 24 25 1 0
196 80 38 0 -1
197 18 27 1 0
198 75 5 1 0
199 11 20 -1 0
200 77 7 0 -1
201 2 22 0 -1
202 77 19 1 0
203 13 10 0 1
204 20 32 0 1
205 37 13 -1 0
206 22 37 0 1
207 41 35 0 1
208 12 21 -1 0
209 71 31 1 0
210 18 28 0 1
211 42 21 -1 0
212 54 9 -1 0
213 71 13 0 -1
214 2 28 1 0
215 60 14 0 -1
216 73 6 0 -1
217 39 9 0 -1
218 3 30 0 -1
219 44 5 0 1
220 62 22 -1 0
221 20 16 -1 0
222 41 36 -1 0
223 75 29 1 0
224 82 32 1 0
225 77 39 0 1
226 47 25 0 -1
227 13 4 -1 0
228 24 17 0 -1
229 59 7 -1 0
230 69 5 1 0
231 20 11 0 -1
232 84 24 0 -1
233 12 23 -1 0
234 42 15 0 -1
235 64 37 -1 0
236 59 31 1 0
237 33 36 0 1
238 66 25 -1 0
239 7 31 0 -1
240 6 26 0 -1
241 1 8 -1 0
242 4 36 0 1
243 78 9 0 1
244 17 22 -1 0
245 31 4 0 1
246 30 17 1 0
247 87 16 0 -1
248 84 36 1 0
249 26 1 1 0
250 47 18 -1 0
251 4 15 0 -1
252 51 7 0 -1
253 15 1 0 1
254 38 26 0 -1
255 35 39 0 1
256 12 21 -1 0
257 64 1 1 0
258 44 11 -1 0
259 82 30 1 0
260 7 30 1 0
261 27 38 0 1
262 19 0 0 1
263 35 35 -1 0
264 33 39 1 0
265 6 32 0 -1
266 49 7 0 1
267 58 24 0 1
268 18 21 0 1
269 53 27 0 1
270 22 15 0 -1
271 6 7 1 0
272 85 10 0 1
273 98 19 -1 0
274 68 28 0 1
275 39 9 0 1
276 86 7 1 0
277 51 30 0 -1
278 65 15 -1 0
279 23 17 1 0
280 13 10 1 0
281 75 28 0 1
282 37 22 0 1
283 78 17 0 -1
284 16 21 1 0
285 48 21 1 0
286 43 1 -1 0
287 47 14 0 1
288 7 9 1 0
289 69 39 0 -1
290 43 5 0 1
291 73 1 -1 0
292 0 3 -1 0
293 39 28 0 1
294 32 29 0 1
295 59 17 0 1
296 97 39 0 -1
297 84 33 -1 0
298 25 19 0 1
299 0 22 -1 0
300 70 37 0 -1
301 75 2 0 1
302 99 8 1 0
303 0 30 1 0
304 78 26 -1 0
305 82 35 -1 0
306 11 1 1 0
307 96 4 1 0
308 11 18 0 1
309 43 17 0 1
310 17 13 -1 0
311 10 19 1 0
312 29 27 0 -1
313 2 25 0 1
314 1 26 0 1
315 83 10 1 0
316 39 31 1 0
317 93 30 -1 0
318 38 38 0 1
319 8 2 0 -1
320 22 36 1 0
321 63 25 1 0
322 44 21 1 0
323 77 29 -1 0
324 0 30 0 -1
325 25 38 -1 0
326 91 31 1 0
327 36 17 1 0
328 99 12 -1 0
329 81 28 1 0
330 45 9 0 -1
331 5 13 1 0
332 72 35 -1 0
333 1 23 0 -1
334 44 22 0 -1
335 51 38 -1 0
336 65 18 1 0
337 38 29 0 -1
338 14 16 1 0
339 8 38 0 1
340 64 26 0 1
341 21 6 1 0
342 87 2 1 0
343 75 22 0 1
344 16 6 1 0
345 1 32 0 1
346 16 25 -1 0
347 14 7 0 -1
348 41 31 -1 0
349 5 36 -1 0
350 67 14 0 -1
351 41 11 -1 0
352 47 14 0 1
353 6 2 -1 0
354 65 37 1 0
355 11 12 0 1
356 29 15 -1 0
357 30 21 0 -1
358 93 6 -1 0
359 24 1 1 0
360 73 14 0 1
361 26 37 0 1
362 4 4 0 1
363 2 1 1 0
364 26 39 1 0
365 1 7 -1 0
366 62 2 -1 0
367 93 9 1 0
368 64 1 1 0
369 1 11 -1 0
370 28 37 1 0
371 18 6 1 0
372 92 8 0 -1
373 48 25 0 -1
374 42 27 1 0
375 48 20 1 0
376 92 0 -1 0
377 57 16 -1 0
378 58 14 -1 0
379 42 30 1 0
380 61 19 1 0
381 57 33 0 1
382 66 4 -1 0
383 48 23 -1 0
384 88 5 1 0
385 83 4 1 0
386 38 0 0 1
387 30 3 0 -1
388 47 4 -1 0
389 56 0 0 1
390 24 11 0 -1
391 14 15 0 1
392 49 35 -1 0
393 75 7 0 -1
394 6 13 1 0
395 91 28 0 1
396 11 24 0 1
397 49 27 -1 0
398 42 13 0 -1
399 52 25 -1 0
400 45 8 1 0
401 21 6 -1 0
402 25 11 -1 0
403 58 34 -1 0
404 27 33 0 -1
405 24 7 0 1
406 43 0 0 1
407 48 26 1 0
408 63 36 0 1
409 0 28 1 0
410 89 7 0 -1
411 81 7 1 0
412 26 24 0 1
413 80 29 -1 0
414 5 23 1 0
415 16 34 0 1
416 28 8 0 -1
417 36 13 -1 0
418 5 8 -1 0
419 71 0 1 0
420 40 27 1 0
421 6 35 0 1
422 90 3 -1 0
423 14 14 1 0
424 40 38 1 0
425 36 12 -1 0
426 19 29 1 0
427 50 27 0 -1
428 80 21 1 0
429 12 0 0 -1
430 95 22 0 -1
431 39 38 1 0
432 18 0 -1 0
433 95 33 0 -1
434 90 25 -1 0
435 50 16 -1 0
436 18 14 -1 0
437 13 26 1 0
438 10 29 0 -1
439 47 25 0 1
440 87 37 -1 0
441 35 13 1 0
442 92 35 1 0
443 50 0 1 0
444 91 0 1 0
445 56 39 1 0
446 38 38 1 0
447 78 26 1 0
448 14 5 0 1
449 86 8 1 0
450 25 39 1 0
451 50 9 -1 0
452 36 38 0 -1
453 71 6 1 0
454 54 22 0 1
455 50 15 0 1
456 23 7 -1 0
457 16 18 0 -1
458 21 14 1 0
459 65 21 1 0
460 23 31 0 -1
461 34 7 0 1
462 0 7 -1 0
463 59 30 0 -1
464 29 38 0 1
465 10 38 0 -1
466 1 14 0 1
467 89 14 0 1
468 39 19 -1 0
469 42 13 0 1
470 43 1 -1 0
471 79 15 -1 0
472 78 13 -1 0
473 73 9 0 1
474 16 22 -1 0
475 95 24 0 -1
476 90 33 0 1
477 99 34 0 1
478 15 35 -1 0
479 70 19 1 0
480 13 15 0 1
481 24 17 1 0
482 43 39 0 -1
483 63 24 -1 0
484 74 25 0 1
485 76 5 0 1
486 76 8 -1 0
487 40 9 0 1
488 99 9 -1 0
489 70 17 0 1
490 2 31 0 -1
491 15 6 0 1
492 50 27 0 -1
493 50 2 0 1
494 73 10 0 -1
495 2 9 0 -1
496 46 3 0 -1
497 55 28 0 -1
498 28 22 -1 0
499 53 34 1 0
500 48 18 0 -1
501 49 32 0 -1
502 43 34 -1 0
503 41 24 1 0
504 27 24 0 -1
505 67 7 1 0
506 26 38 1 0
507 79 26 -1 0
508 36 38 1 0
509 62 31 -1 0
510 38 37 0 1
511 9 18 1 0
512 14 29 0 -1
513 22 39 0 1
514 55 38 0 -1
515 52 10 1 0
516 23 27 0 1
517 93 9 0 1
518 7 7 0 -1
519 45 9 0 1
520 25 1 1 0
521 61 15 -1 0
522 42 19 -1 0
523 44 38 -1 0
524 29 11 -1 0
525 33 7 1 0
526 65 19 -1 0
527 61 5 -1 0
528 79 30 1 0
529 40 7 -1 0
530 28 10 0 1
531 52 19 -1 0
532 57 20 0 -1
533 77 19 -1 0
534 83 31 -1 0
535 88 33 1 0
536 14 28 1 0
537 91 4 1 0
538 70 9 0 -1
539 38 8 -1 0
540 88 20 0 -1
541 26 20 -1 0
542 52 14 0 -1
543 83 13 0 -1
544 66 37 0 1
545 19 13 0 -1
546 21 10 -1 0
547 17 29 0 -1
548 91 11 0 -1
549 98 17 0 -1
550 1 35 1 0
551 51 23 -1 0
552 88 9 0 1
553 97 32 0 -1
554 53 10 1 0
555 40 22 0 -1
556 44 23 0 1
557 70 18 0 1
558 5 26 -1 0
559 22 5 0 -1
560 36 25 -1 0
561 28 0 1 0
562 22 29 0 -1
563 19 6 1 0
564 2 30 1 0
565 44 21 1 0
566 6 2 1 0
567 99 20 0 -1
568 3 19 0 -1
569 85 12 0 -1
570 26 12 -1 0
571 57 32 0 1
572 7 39 0 1
573 13 39 1 0
574 28 1 0 1
575 15 25 1 0
576 24 28 1 0
577 95 26 1 0
578 20 14 1 0
579 19 39 -1 0
580 18 2 0 -1
581 7 24 1 0
582 30 33 0 1
583 69 39 0 -1
584 81 4 0 -1
585 65 29 0 1
586 82 34 -1 0
587 72 6 -1 0
588 11 7 0 -1
589 70 15 0 -1
590 96 14 1 0
591 61 6 1 0
592 13 30 -1 0
593 27 33 1 0
594 88 18 0 -1
595 95 2 0 -1
596 39 13 0 -1
597 36 9 -1 0
598 44 1 -1 0
599 76 17 1 0
600 19 34 0 1
601 54 8 -1 0
602 89 33 0 -1
603 56 38 0 -1
604 42 11 -1 0
605 30 19 0 -1
606 25 37 0 1
607 75 17 0 1
608 90 16 1 0
609 39 21 -1 0
610 0 3 1 0
611 40 23 1 0
612 38 36 0 1
613 22 8 -1 0
614 88 36 -1 0
615 75 2 1 0
616 11 4 -1 0
617 66 16 0 -1
618 87 27 0 -1
619 1 30 -1 0
620 56 28 0 1
621 96 37 0 -1
622 42 1 -1 0
623 35 25 1 0
624 12 1 0 1
625 25 29 0 1
626 83 8 0 1
627 89 32 0 -1
628 39 35 0 -1
629 58 7 1 0
630 92 19 0 1
631 28 16 1 0
632 27 10 -1 0
633 5 11 1 0
634 51 24 1 0
635 0 2 1 0
636 29 12 -1 0
637 89 1 0 -1
638 32 11 0 1
639 32 30 -1 0
640 22 3 0 -1
641 61 17 0 -1
642 73 21 -1 0
643 87 26 1 0
644 24 10 0 -1
645 24 26 1 0
646 96 27 1 0
647 9 15 1 0
648 97 8 0 1
649 20 32 -1 0
650 40 10 0 1
651 37 12 -1 0
652 66 12 0 -1
653 45 17 1 0
654 43 36 -1 0
655 24 22 -1 0
656 33 3 0 -1
657 38 32 1 0
658 91 28 0 1
659 91 19 0 1
660 62 14 1 0
661 43 12 0 -1
662 73 6 -1 0
663 99 2 0 -1
664 18 11 0 -1
665 11 26 0 1
666 34 8 0 1
667 74 21 0 -1
668 38 24 0 1
669 77 39 -1 0
670 37 7 -1 0
671 43 26 -1 0
672 11 15 0 1
673 42 8 1 0
674 0 16 0 1
675 16 15 0 1
676 2 3 0 1
677 40 35 0 1
678 32 23 0 1
679 8 14 -1 0
680 4 4 -1 0
681 17 18 0 -1
682 4 27 0 -1
683 10 30 1 0
684 76 16 0 -1
685 95 1 0 1
686 41 26 1 0
687 35 38 0 1
688 73 17 0 1
689 23 14 0 1
690 0 9 -1 0
691 22 38 1 0
692 80 0 0 1
693 33 0 1 0
694 30 29 0 1
695 25 30 1 0
696 86 34 1 0
697 84 7 0 -1
698 74 34 0 -1
699 57 21 -1 0
700 19 37 0 1
701 20 38 0 -1
702 40 20 -1 0
703 81 9 1 0
704 37 25 -1 0
705 84 37 -1 0
706 61 15 0 1
707 99 17 1 0
708 47 13 -1 0
709 15 8 0 1
710 50 31 0 -1
711 89 19 1 0
712 38 28 0 1
713 71 38 0 -1
714 47 18 0 1
715 44 14 0 -1
716 45 36 1 0
717 88 13 0 -1
718 29 30 0 -1
719 40 30 -1 0
720 10 11 0 1
721 97 26 0 1
722 88 17 -1 0
723 69 0 0 -1
724 81 18 1 0
725 75 22 0 1
726 42 14 -1 0
727 59 18 -1 0
728 90 32 0 -1
729 21 4 -1 0
730 83 30 0 -1
731 23 13 0 1
732 45 12 0 -1
733 42 35 0 -1
734 15 9 0 1
735 7 39 0 1
736 77 35 -1 0
737 80 7 1 0
738 68 18 -1 0
739 71 32 1 0
740 23 8 0 1
741 89 6 1 0
742 75 3 0 1
743 92 25 1 0
744 43 3 1 0
745 23 4 1 0
746 56 13 0 1
747 19 12 -1 0
748 48 5 -1 0
749 20 9 1 0
750 86 0 -1 0
751 89 11 1 0
752 43 11 0 1
753 59 13 1 0
754 46 20 0 -1
755 76 31 1 0
756 21 18 1 0
757 62 26 1 0
758 24 31 -1 0
759 89 14 -1 0
760 34 30 -1 0
761 2 3 0 -1
762 33 16 0 -1
763 75 8 -1 0
764 49 9 0 -1
765 49 12 0 -1
766 12 2 0 1
767 36 20 0 1
768 17 28 0 -1
769 91 16 0 1
770 85 22 -1 0
771 15 39 0 1
772 38 3 -1 0
773 98 18 0 -1
774 81 0 0 1
775 51 1 -1 0
776 48 36 -1 0
777 80 26 1 0
778 8 23 1 0
779 62 7 0 -1
780 12 39 -1 0
781 7 22 0 1
782 26 4 1 0
783 7 14 0 -1
784 22 7 -1 0
785 2 21 0 -1
786 80 35 0 -1
787 73 5 0 -1
788 91 5 0 1
789 26 1 0 1
790 0 5 0 -1
791 11 21 -1 0
792 12 20 1 0
793 7 19 -1 0
794 11 27 0 -1
795 42 0 0 -1
796 27 7 -1 0
797 47 27 0 1
798 91 21 0 -1
799 43 26 0 1
800 79 39 1 0
801 85 26 -1 0
802 8 0 0 -1
803 40 3 0 1
804 21 7 0 -1
805 25 36 1 0
806 70 14 0 1
807 62 0 0 -1
808 96 26 -1 0
809 5 26 -1 0
810 31 18 0 -1
811 39 16 -1 0
812 34 38 0 1
813 72 35 0 -1
814 26 0 0 -1
815 15 0 -1 0
816 91 20 -1 0
817 35 13 1 0
818 20 22 0 -1
819 47 1 0 -1
820 96 25 0 -1
821 91 26 0 -1
822 98 17 0 1
823 21 16 -1 0
824 36 16 -1 0
825 66 34 0 1
826 50 16 -1 0
827 10 3 0 1
828 94 1 0 1
829 95 5 0 -1
830 44 10 1 0
831 62 0 0 1
832 18 5 1 0
833 51 22 1 0
834 26 11 0 1
835 77 7 1 0
836 44 37 1 0
837 45 13 1 0
838 85 10 1 0
839 68 28 0 -1
840 30 33 1 0
841 97 38 0 1
842 45 29 0 1
843 18 32 1 0
844 20 4 -1 0
845 21 7 0 1
846 41 35 -1 0
847 61 35 0 1
848 8 23 1 0
849 82 39 0 1
850 41 1 0 -1
851 1 25 0 1
852 81 16 1 0
853 74 6 -1 0
854 18 29 0 1
855 39 25 1 0
856 88 18 -1 0
857 41 36 1 0
858 41 21 0 1
859 93 28 0 1
860 45 36 0 1
861 0 10 0 1
862 88 34 -1 0
863 40 39 0 -1
864 58 13 0 -1
865 23 17 1 0
866 41 11 1 0
867 52 32 -1 0
868 96 12 0 -1
869 50 27 0 1
870 14 20 0 -1
871 47 10 0 -1
872 13 12 0 1
873 76 28 0 1
874 43 28 0 1
875 30 8 1 0
876 8 6 -1 0
877 29 19 0 1
878 6 4 0 -1
879 38 39 -1 0
880 10 25 1 0
881 41 34 1 0
882 19 8 -1 0
883 45 11 1 0
884 23 38 1 0
885 98 17 0 -1
886 7 23 1 0
887 96 24 1 0
888 21 32 0 1
889 35 26 -1 0
890 66 36 -1 0
891 60 3 0 1
892 24 37 1 0
893 42 17 0 1
894 4 18 -1 0
895 23 16 0 -1
896 25 31 0 1
897 19 30 0 1
898 18 21 0 -1
899 34 11 0 -1
900 26 34 1 0
901 39 29 1 0
902 49 30 1 0
903 24 29 -1 0
904 59 7 -1 0
905 16 3 0 -1
906 22 1 1 0
907 17 25 1 0
908 95 11 0 1
909 84 36 0 1
910 88 9 1 0
911 43 31 0 1
912 49 4 -1 0
913 21 38 0 1
914 36 36 1 0
915 39 13 -1 0
916 58 11 -1 0
917 89 17 0 -1
918 79 15 1 0
919 81 2 1 0
920 96 8 0 1
921 43 34 -1 0
922 92 11 -1 0
923 50 20 0 1
924 75 16 0 -1
925 44 34 -1 0
926 43 28 1 0
927 15 0 0 1
928 49 3 0 1
929 41 31 -1 0
930 42 12 0 -1
931 38 13 0 1
932 72 10 0 -1
933 83 31 1 0
934 32 21 0 1
935 99 22 1 0
936 63 37 1 0
937 94 12 0 1
938 75 35 0 1
939 34 13 0 1
940 50 38 -1 0
941 29 27 0 -1
942 31 37 1 0
943 37 7 0 -1
944 52 2 -1 0
945 26 31 1 0
946 26 34 1 0
947 22 15 0 1
948 53 9 0 -1
949 44 0 0 1
950 7 39 0 -1
951 3 17 1 0
952 35 8 0 -1
953 9 20 0 -1
954 73 30 -1 0
955 91 1 1 0
956 95 26 0 1
957 76 11 -1 0
958 40 3 1 0
959 36 6 0 1
960 88 14 0 1
961 70 33 0 -1
962 92 13 -1 0
963 96 8 -1 0
964 16 13 -1 0
965 68 6 -1 0
966 80 29 0 -1
967 39 12 -1 0
968 13 15 1 0
969 81 32 -1 0
970 32 30 -1 0
971 72 35 -1 0
972 7 3 1 0
973 25 3 1 0
974 3 19 -1 0
975 11 36 0 1
976 99 21 1 0
977 27 27 -1 0
978 28 26 0 -1
979 83 36 1 0
980 74 19 0 -1
981 1 28 0 1
982 53 29 0 -1
983 1 20 -1 0
984 35 38 -1 0
985 85 28 1 0
986 85 21 0 -1
987 65 10 1 0
988 7 6 1 0
989 38 22 1 0
990 44 15 -1 0
991 87 20 1 0
992 99 20 1 0
993 64 0 0 -1
994 47 0 -1 0
995 52 23 0 -1
996 2 15 0 1
997 1 33 0 1
998 68 29 0 -1
999 24 28 -1 0
1000 15 23 0 -1
1001 16 36 0 -1
1002 49 39 1 0
1003 19 6 0 -1
1004 0 7 -1 0
1005 25 17 0 -1
1006 84 19 0 -1
1007 96 5 0 1
1008 72 38 1 0
1009 17 30 1 0
1010 39 24 0 1
1011 96 26 -1 0
1012 2 7 0 1
1013 7 22 -1 0
1014 11 27 0 1
1015 42 6 0 1
1016 23 35 0 -1
1017 90 22 0 -1
1018 70 7 1 0
1019 19 2 -1 0
1020 37 4 0 1
1021 95 13 0 -1
1022 62 21 -1 0
1023 12 33 0 -1
1024 60 32 -1 0
1025 20 20 0 1
1026 88 0 -1 0
1027 64 21 0 -1
1028 1 16 -1 0
1029 63 4 1 0
1030 69 24 0 -1
1031 88 18 0 -1
1032 44 23 1 0
1033 99 30 1 0
1034 4 27 -1 0
1035 43 29 0 -1
1036 96 28 1 0
1037 41 35 1 0
1038 14 23 0 1
1039 44 27 -1 0
1040 42 14 0 -1
1041 80 25 1 0
1042 59 6 0 -1
1043 14 7 0 -1
1044 95 30 1 0
1045 69 4 1 0
1046 48 21 -1 0
1047 3 6 -1 0
1048 44 14 -1 0
1049 0 14 -1 0
1050 89 10 0 1
1051 98 9 0 -1
1052 40 6 1 0
1053 57 15 -1 0
1054 10 38 -1 0
1055 38 37 -1 0
1056 93 34 -1 0
1057 73 28 0 1
1058 38 33 -1 0
1059 86 35 -1 0
1060 62 32 0 1
1061 50 9 0 1
1062 8 4 1 0
1063 1 24 0 1
1064 45 23 -1 0
1065 28 13 0 1
1066 46 13 -1 0
1067 5 7 1 0
1068 61 33 0 -1
1069 80 24 0 1
1070 48 7 -1 0
1071 56 28 -1 0
1072 61 29 0 -1
1073 94 6 0 -1
1074 16 30 1 0
1075 48 13 0 -1
1076 1 22 0 1
1077 0 10 0 1
1078 42 6 0 1
1079 23 28 -1 0
1080 5 22 0 1
1081 20 2 -1 0
1082 63 10 1 0
1083 30 2 0 -1
1084 4 14 0 1
1085 29 19 0 -1
1086 12 29 0 -1
1087 54 22 0 -1
1088 57 36 0 1
1089 4 9 0 -1
1090 37 32 0 1
1091 81 13 0 -1
1092 96 13 0 1
1093 33 5 0 -1
1094 7 37 -1 0
1095 37 32 0 -1
1096 47 17 -1 0
1097 74 5 -1 0
1098 48 27 0 -1
1099 46 27 1 0
1100 29 8 -1 0
1101 2 20 -1 0
1102 71 23 0 -1
1103 36 18 0 1
1104 46 28 0 1
1105 29 13 0 1
1106 28 38 0 1
1107 94 11 1 0
1108 9 12 0 -1
1109 38 30 0 -1
1110 8 32 -1 0
1111 43 22 -1 0
1112 42 21 0 -1
1113 26 36 0 1
1114 9 18 0 -1
1115 27 15 0 1
1116 58 15 1 0
1117 25 26 0 -1
1118 19 36 0 -1
1119 77 25 1 0
1120 47 8 -1 0
1121 2 31 0 1
1122 95 25 1 0
1123 49 36 -1 0
1124 83 27 -1 0
1125 50 38 0 1
1126 22 33 1 0
1127 14 2 1 0
1128 92 14 0 -1
1129 5 5 1 0
1130 91 32 1 0
1131 41 16 0 1
1132 97 23 -1 0
1133 45 28 1 0
1134 46 15 1 0
1135 54 1 1 0
1136 0 33 0 -1
1137 3 21 0 1
1138 21 34 0 1
1139 28 0 1 0
1140 78 32 -1 0
1141 36 8 1 0
1142 57 37 0 -1
1143 49 37 -1 0
1144 43 28 -1 0
1145 29 3 -1 0
1146 97 11 0 1
1147 47 12 0 1
1148 85 35 0 1
1149 46 12 1 0
1150 59 24 -1 0
1151 30 18 -1 0
1152 7 38 0 1
1153 23 3 -1 0
1154 94 23 1 0
1155 17 23 -1 0
1156 56 34 1 0
1157 95 27 0 -1
1158 18 5 0 -1
1159 23 9 1 0
1160 87 25 -1 0
1161 16 33 0 -1
1162 75 21 0 1
1163 62 20 -1 0
1164 97 18 0 -1
1165 33 8 0 -1
1166 62 22 1 0
1167 27 19 0 1
1168 70 19 -1 0
1169 62 15 -1 0
1170 18 13 0 1
1171 48 30 0 -1
1172 77 10 -1 0
1173 47 17 1 0
1174 22 28 0 1
1175 36 7 -1 0
1176 15 14 1 0
1177 17 16 -1 0
1178 45 13 0 1
1179 22 0 -1 0
1180 88 3 -1 0
1181 37 1 1 0
1182 17 39 0 1
1183 57 29 0 -1
1184 82 28 0 1
1185 46 19 0 -1
1186 45 5 -1 0
1187 45 1 0 -1
1188 86 2 0 -1
1189 49 16 0 1
1190 42 18 -1 0
1191 93 1 0 -1
1192 55 20 1 0
1193 86 17 -1 0
1194 2 24 1 0
1195 67 0 0 1
1196 99 29 -1 0
1197 43 11 0 1
1198 89 34 0 1
1199 82 37 1 0
1200 63 22 1 0
1201 24 22 0 1
1202 32 21 1 0
1203 27 11 1 0
1204 93 6 0 -1
1205 72 1 0 1
1206 83 2 0 -1
1207 30 17 0 -1
1208 9 3 1 0
1209 57 26 0 -1
1210 32 11 0 1
1211 14 27 0 -1
1212 83 8 1 0
1213 87 5 0 -1
1214 43 16 0 1
1215 10 34 0 -1
1216 98 3 1 0
1217 22 18 1 0
1218 55 27 0 1
1219 70 32 -1 0
1220 19 7 0 -1
1221 58 0 0 -1
1222 92 23 0 -1
1223 25 33 -1 0
1224 16 6 1 0
1225 44 31 0 -1
1226 69 5 0 1
1227 86 25 1 0
1228 53 35 0 1
1229 26 25 -1 0
1230 30 26 1 0
1231 57 2 0 1
1232 8 37 -1 0
1233 85 2 -1 0
1234 61 11 0 1
1235 88 25 -1 0
1236 89 4 0 1
1237 20 35 1 0
1238 0 22 1 0
1239 46 33 1 0
1240 48 14 0 -1
1241 46 12 1 0
1242 47 39 1 0
1243 38 9 1 0
1244 89 11 0 -1
1245 38 9 0 -1
1246 61 39 1 0
1247 18 29 0 -1
1248 7 0 0 -1
1249 45 3 0 1
1250 86 0 -1 0
1251 53 39 0 -1
1252 17 37 -1 0
1253 63 1 1 0
1254 11 26 0 -1
1255 46 13 1 0
1256 99 27 1 0
1257 68 34 0 -1
1258 75 0 0 1
1259 39 16 1 0
1260 91 2 1 0
1261 47 11 -1 0
1262 52 11 0 -1
1263 7 36 0 1
1264 88 20 1 0
1265 32 6 -1 0
1266 62 14 1 0
1267 6 39 0 -1
1268 19 19 0 -1
1269 45 35 -1 0
1270 76 23 -1 0
1271 20 32 0 1
1272 53 3 -1 0
1273 21 6 0 -1
1274 98 11 0 -1
1275 24 23 0 1
1276 43 22 0 1
1277 77 38 0 1
1278 58 26 0 -1
1279 18 21 0 1
1280 47 29 1 0
1281 10 14 0 1
1282 40 8 -1 0
1283 20 33 -1 0
1284 98 6 0 1
1285 3 4 -1 0
1286 15 38 1 0
1287 1 10 1 0
1288 34 11 0 -1
1289 60 34 -1 0
1290 15 17 -1 0
1291 11 35 0 1
1292 26 3 0 1
1293 86 26 0 1
1294 96 15 0 -1
1295 24 7 0 -1
1296 97 27 0 1
1297 46 33 1 0
1298 92 36 -1 0
1299 58 16 -1 0
1300 95 8 0 1
1301 18 2 0 1
1302 39 27 0 1
1303 24 1 1 0
1304 59 21 -1 0
1305 67 37 1 0
1306 90 1 1 0
1307 52 9 0 1
1308 36 8 0 1
1309 92 24 -1 0
1310 43 6 1 0
1311 26 19 0 -1
1312 75 22 0 1
1313 14 31 0 -1
1314 95 19 -1 0
1315 40 2 0 1
1316 80 4 0 -1
1317 7 14 1 0
1318 76 27 0 1
1319 71 27 0 -1
1320 89 9 1 0
1321 6 22 0 -1
1322 69 29 1 0
1323 47 17 0 -1
1324 57 16 0 -1
1325 7 17 -1 0
1326 8 2 0 -1
1327 42 2 1 0
1328 5 29 1 0
1329 37 20 0 1
1330 27 19 -1 0
1331 41 18 0 -1
1332 97 4 0 1
1333 91 29 -1 0
1334 91 36 0 -1
1335 97 15 1 0
1336 77 30 0 -1
1337 42 39 0 1
1338 85 36 -1 0
1339 46 37 1 0
1340 43 31 -1 0
1341 27 12 0 1
1342 26 26 -1 0
1343 41 20 -1 0
1344 67 39 1 0
1345 33 9 -1 0
1346 66 10 1 0
1347 25 0 1 0
1348 60 12 1 0
1349 19 3 -1 0
1350 22 5 0 -1
1351 96 9 0 1
1352 64 7 1 0
1353 52 5 1 0
1354 57 36 0 1
1355 25 30 1 0
1356 3 36 0 1
1357 6 11 -1 0
1358 23 17 0 1
1359 11 25 -1 0
1360 62 30 0 1
1361 26 22 0 1
1362 71 5 0 -1
1363 6 39 0 -1
1364 89 39 1 0
1365 75 15 1 0
1366 22 34 0 1
1367 29 38 0 -1
1368 53 35 1 0
1369 72 21 -1 0
1370 52 32 -1 0
1371 96 27 0 1
1372 27 4 1 0
1373 67 39 0 -1
1374 22 22 1 0
1375 2 36 1 0
1376 41 26 1 0
1377 14 39 1 0
1378 36 6 1 0
1379 48 27 -1 0
1380 39 32 -1 0
1381 19 3 1 0
1382 38 0 -1 0
1383 46 39 1 0
1384 95 11 0 -1
1385 19 39 1 0
1386 48 38 -1 0
1387 43 12 1 0
1388 79 10 -1 0
1389 89 33 1 0
1390 96 37 0 -1
1391 57 0 1 0
1392 76 2 -1 0
1393 11 4 0 -1
1394 0 25 0 -1
1395 54 2 1 0
1396 31 19 1 0
1397 41 31 0 1
1398 11 18 0 1
1399 4 39 -1 0
1400 76 6 1 0
1401 15 27 -1 0
1402 71 22 0 -1
1403 37 8 1 0
1404 9 22 -1 0
1405 60 3 0 -1
1406 95 6 0 -1
1407 72 2 0 1
1408 66 16 1 0
1409 89 5 -1 0
1410 31 10 1 0
1411 2 25 -1 0
1412 14 15 1 0
1413 10 29 -1 0
1414 95 10 0 -1
1415 93 8 1 0
1416 22 22 0 1
1417 4 21 0 1
1418 27 29 1 0
1419 30 18 -1 0
1420 94 13 0 1
1421 30 12 0 -1
1422 64 3 0 -1
1423 78 35 0 1
1424 4 10 -1 0
1425 26 37 0 -1
1426 67 0 1 0
1427 43 25 0 -1
1428 94 18 0 -1
1429 52 27 1 0
1430 42 30 -1 0
1431 43 1 0 -1
1432 50 37 0 -1
1433 37 26 -1 0
1434 20 2 1 0
1435 14 33 0 1
1436 54 4 -1 0
1437 74 0 -1 0
1438 48 5 0 1
1439 17 1 -1 0
1440 43 8 1 0
1441 95 16 0 -1
1442 6 3 0 1
1443 91 6 0 -1
1444 38 10 0 1
1445 91 29 0 -1
1446 45 12 -1 0
1447 8 15 0 -1
1448 50 8 0 1
1449 49 2 0 -1
1450 44 19 1 0
1451 60 38 1 0
1452 6 30 0 -1
1453 45 11 1 0
1454 49 27 0 1
1455 26 21 0 1
1456 12 31 0 1
1457 50 0 -1 0
1458 94 29 0 1
1459 56 10 0 1
1460 48 31 -1 0
1461 19 27 1 0
1462 16 36 -1 0
1463 88 21 1 0
1464 4 12 1 0
1465 99 30 1 0
1466 74 14 0 1
1467 86 27 1 0
1468 19 35 0 1
1469 22 11 0 1
1470 12 13 1 0
1471 53 14 1 0
1472 66 8 0 1
1473 83 11 0 -1
1474 13 11 1 0
1475 6 37 -1 0
1476 84 32 -1 0
1477 82 15 -1 0
1478 76 16 1 0
1479 35 33 0 1
1480 91 13 0 1
1481 11 15 1 0
1482 93 33 0 -1
1483 76 12 1 0
1484 2 0 1 0
1485 28 38 1 0
1486 37 1 0 1
1487 46 12 -1 0
1488 14 24 0 1
1489 77 12 0 -1
1490 90 21 0 1
1491 97 32 0 1
1492 92 8 0 1
1493 61 14 -1 0
1494 20 21 -1 0
1495 34 14 1 0
1496 73 27 0 -1
1497 19 10 0 -1
1498 83 2 0 1
1499 41 26 -1 0
1500 49 22 0 1
1501 9 17 1 0
1502 43 11 0 -1
1503 40 10 1 0
1504 46 10 -1 0
1505 44 29 0 -1
1506 14 24 0 1
1507 22 8 1 0
1508 34 1 0 -1
1509 88 17 0 -1
1510 41 36 -1 0
1511 49 18 0 1
1512 30 0 -1 0
1513 97 3 -1 0
1514 29 20 1 0
1515 47 27 -1 0
1516 89 28 0 1
1517 2 18 -1 0
1518 4 21 -1 0
1519 93 0 0 -1
1520 97 29 1 0
1521 51 23 0 1
1522 89 37 1 0
1523 95 33 1 0
1524 26 27 0 -1
1525 12 31 -1 0
1526 31 3 -1 0
1527 19 24 0 -1
1528 4 14 0 -1
1529 20 18 1 0
1530 99 31 0 -1
1531 51 35 1 0
1532 10 5 0 -1
1533 10 38 1 0
1534 96 23 1 0
1535 39 37 0 -1
1536 7 34 0 1
1537 24 27 1 0
1538 0 16 0 1
1539 93 15 0 -1
1540 98 27 -1 0
1541 22 24 -1 0
1542 13 8 0 -1
1543 63 24 -1 0
1544 98 24 0 1
1545 3 34 -1 0
1546 30 16 -1 0
1547 31 5 1 0
1548 82 21 -1 0
1549 6 4 0 -1
1550 11 36 -1 0
1551 28 3 1 0
1552 74 21 -1 0
1553 49 34 -1 0
1554 90 36 -1 0
1555 93 18 -1 0
1556 95 16 1 0
1557 92 5 -1 0
1558 53 20 0 1
1559 86 20 0 1
1560 85 12 -1 0
1561 36 26 0 -1
1562 0 28 1 0
1563 37 28 -1 0
1564 62 12 -1 0
1565 95 34 0 1
1566 1 4 0 -1
1567 52 15 0 1
1568 6 10 0 1
1569 72 20 0 1
1570 81 25 1 0
1571 10 18 0 -1
1572 32 7 0 1
1573 98 11 0 -1
1574 45 2 1 0
1575 71 13 -1 0
1576 28 33 -1 0
1577 24 36 -1 0
1578 75 1 1 0
1579 26 21 1 0
1580 49 18 0 -1
1581 39 23 -1 0
1582 51 12 1 0
1583 44 28 -1 0
1584 89 10 0 -1
1585 93 1 0 1
1586 55 2 0 -1
1587 87 28 0 1
1588 89 20 1 0
1589 42 17 1 0
1590 89 26 1 0
1591 48 22 0 1
1592 37 12 0 -1
1593 11 36 0 1
1594 15 5 0 1
1595 55 38 0 -1
1596 22 10 1 0
1597 53 25 0 -1
1598 43 9 1 0
1599 70 1 0 -1
1600 42 20 0 -1
1601 29 34 0 1
1602 97 27 0 1
1603 4 11 0 -1
1604 51 1 0 1
1605 2 35 1 0
1606 4 39 0 1
1607 23 34 1 0
1608 2 26 0 1
1609 73 4 -1 0
1610 45 35 1 0
1611 83 32 1 0
1612 54 27 1 0
1613 84 10 -1 0
1614 51 16 -1 0
1615 22 10 -1 0
1616 37 16 0 -1
1617 99 20 0 -1
1618 50 9 0 -1
1619 22 28 -1 0
1620 0 13 0 1
1621 85 38 -1 0
1622 80 30 -1 0
1623 88 17 0 1
1624 35 25 1 0
1625 4 35 -1 0
1626 38 19 -1 0
1627 94 31 -1 0
1628 46 25 0 -1
1629 44 26 -1 0
1630 48 0 0 -1
1631 25 32 1 0
1632 11 35 -1 0
1633 18 16 -1 0
1634 23 10 -1 0
1635 67 2 -1 0
1636 47 12 1 0
1637 81 6 -1 0
1638 33 18 1 0
1639 15 20 1 0
1640 98 7 1 0
1641 27 28 0 -1
1642 6 27 0 -1
1643 72 2 -1 0
1644 75 20 0 1
1645 27 27 0 -1
1646 7 4 0 1
1647 60 27 0 1
1648 47 27 -1 0
1649 15 15 0 1
1650 14 26 0 -1
1651 16 16 0 -1
1652 96 24 -1 0
1653 46 24 -1 0
1654 73 2 0 1
1655 16 31 1 0
1656 15 39 0 -1
1657 95 3 1 0
1658 24 14 -1 0
1659 65 11 0 -1
1660 21 15 0 -1
1661 94 18 -1 0
1662 40 15 1 0
1663 81 12 1 0
1664 19 34 0 1
1665 95 7 0 -1
1666 23 9 1 0
1667 86 19 0 1
1668 60 38 0 1
1669 31 12 0 1
1670 94 22 1 0
1671 82 37 1 0
1672 70 15 -1 0
1673 34 23 0 -1
1674 73 26 0 1
1675 81 16 1 0
1676 20 26 1 0
1677 19 12 1 0
1678 50 7 -1 0
1679 15 7 0 1
1680 71 4 1 0
1681 35 33 -1 0
1682 47 4 0 1
1683 5 22 -1 0
1684 51 0 0 1
1685 92 11 0 -1
1686 17 0 0 1
1687 20 9 1 0
1688 63 19 1 0
1689 66 6 0 1
1690 39 31 0 1
1691 11 28 0 -1
1692 28 25 1 0
1693 38 28 0 1
1694 38 23 -1 0
1695 26 28 1 0
1696 86 24 -1 0
1697 24 8 0 1
1698 74 14 1 0
1699 2 6 1 0
1700 5 6 -1 0
1701 74 8 0 -1
1702 39 36 1 0
1703 63 31 0 -1
1704 43 33 1 0
1705 65 0 -1 0
1706 51 10 -1 0
1707 14 1 -1 0
1708 61 31 0 -1
1709 62 10 0 -1
1710 49 10 0 1
1711 58 39 0 1
1712 7 2 0 -1
1713 1 30 1 0
1714 30 15 0 -1
1715 50 14 -1 0
1716 70 5 0 -1
1717 16 25 0 1
1718 55 37 0 1
1719 61 23 1 0
1720 43 10 -1 0
1721 1 2 1 0
1722 16 8 0 1
1723 29 0 1 0
1724 99 25 1 0
1725 37 39 1 0
1726 1 5 0 -1
1727 90 1 0 1
1728 46 29 0 1
1729 45 38 0 1
1730 52 33 0 1
1731 47 7 1 0
1732 7 18 0 1
1733 8 13 1 0
1734 82 6 0 1
1735 95 29 0 1
1736 67 22 0 1
1737 94 33 -1 0
1738 39 0 -1 0
1739 42 22 1 0
1740 95 1 -1 0
1741 28 29 0 1
1742 38 20 0 1
1743 9 30 1 0
1744 7 22 0 -1
1745 84 25 0 1
1746 84 9 0 1
1747 80 24 0 1
1748 93 29 0 -1
1749 54 30 -1 0
1750 10 5 0 -1
1751 30 9 1 0
1752 13 28 -1 0
1753 5 37 0 -1
1754 81 6 -1 0
1755 23 30 0 -1
1756 70 0 0 1
1757 0 20 -1 0
1758 37 29 0 -1
1759 63 18 0 -1
1760 47 3 -1 0
1761 29 2 0 1
1762 17 9 0 1
1763 40 7 -1 0
1764 66 12 -1 0
1765 63 7 0 -1
1766 41 2 0 -1
1767 10 27 0 -1
1768 6 33 1 0
1769 43 0 -1 0
1770 29 36 0 1
1771 38 14 0 -1
1772 10 20 -1 0
1773 56 12 1 0
1774 22 19 -1 0
1775 46 28 0 1
1776 98 25 1 0
1777 91 13 -1 0
1778 5 35 0 -1
1779 95 27 0 -1
1780 15 15 0 -1
1781 53 1 0 -1
1782 34 17 0 1
1783 94 21 0 1
1784 79 7 1 0
1785 31 15 -1 0
1786 16 2 0 -1
1787 22 1 -1 0
1788 95 35 0 1
1789 95 5 0 -1
1790 34 25 0 1
1791 46 36 -1 0
1792 50 10 0 -1
1793 41 37 1 0
1794 42 24 1 0
1795 3 26 1 0
1796 90 21 1 0
1797 44 39 0 1
1798 85 19 0 -1
1799 52 38 -1 0
1800 74 35 -1 0
1801 70 6 -1 0
1802 2 35 1 0
1803 88 33 1 0
1804 36 13 0 -1
1805 77 4 0 -1
1806 87 1 -1 0
1807 62 35 0 1
1808 9 37 1 0
1809 17 37 0 1
1810 89 18 0 1
1811 7 29 0 -1
1812 59 34 0 1
1813 68 32 0 1
1814 23 11 -1 0
1815 42 7 -1 0
1816 26 12 1 0
1817 91 3 -1 0
1818 18 7 0 -1
1819 41 4 -1 0
1820 25 22 -1 0
1821 67 34 0 -1
1822 35 6 1 0
1823 29 31 1 0
1824 95 37 -1 0
1825 20 19 1 0
1826 83 19 0 1
1827 65 21 1 0
1828 67 7 -1 0
1829 33 20 0 -1
1830 11 11 0 1
1831 81 10 0 -1
1832 42 21 1 0
1833 75 18 0 1
1834 93 10 -1 0
1835 16 31 0 1
1836 30 23 1 0
1837 44 28 0 1
1838 61 30 -1 0
1839 99 19 0 1
1840 94 15 0 -1
1841 79 0 0 1
1842 95 17 -1 0
1843 22 15 1 0
1844 6 31 0 1
1845 77 37 1 0
1846 56 35 1 0
1847 55 16 0 -1
1848 40 13 0 -1
1849 18 24 1 0
1850 67 10 -1 0
1851 6 29 -1 0
1852 87 32 -1 0
1853 28 34 0 1
1854 74 5 -1 0
1855 0 21 0 1
1856 34 13 1 0
1857 41 15 0 -1
1858 17 21 -1 0
1859 6 0 1 0
1860 8 22 -1 0
1861 9 10 0 1
1862 28 39 0 1
1863 42 11 0 -1
1864 84 24 -1 0
1865 35 3 1 0
1866 15 17 1 0
1867 90 9 -1 0
1868 67 35 0 1
1869 39 10 -1 0
1870 98 2 -1 0
1871 33 0 0 -1
1872 20 25 0 -1
1873 15 36 0 -1
1874 10 12 -1 0
1875 21 3 0 -1
1876 28 1 0 1
1877 41 32 0 -1
1878 99 35 1 0
1879 94 31 0 1
1880 18 16 0 -1
1881 77 23 0 1
1882 82 36 0 1
1883 3 32 1 0
1884 57 7 0 1
1885 94 32 0 1
1886 62 19 0 -1
1887 64 4 0 -1
1888 54 15 0 -1
1889 4 24 0 -1
1890 46 34 -1 0
1891 58 28 0 -1
1892 16 16 0 -1
1893 52 24 0 1
1894 52 19 0 -1
1895 79 27 0 -1
1896 35 7 0 -1
1897 98 12 1 0
1898 13 17 0 -1
1899 25 37 0 1
1900 28 32 0 -1
1901 45 6 0 -1
1902 72 1 1 0
1903 10 14 -1 0
1904 90 2 0 1
1905 94 38 0 -1
1906 82 38 0 1
1907 2 12 0 1
1908 72 33 0 1
1909 18 3 0 -1
1910 43 9 1 0
1911 15 19 1 0
1912 49 16 0 1
1913 46 30 0 1
1914 2 9 0 1
1915 27 18 0 -1
1916 40 31 -1 0
1917 97 35 0 -1
1918 88 13 1 0
1919 44 31 0 -1
1920 39 32 0 -1
1921 85 37 -1 0
1922 77 28 1 0
1923 24 11 -1 0
1924 84 12 -1 0
1925 24 21 -1 0
1926 95 25 1 0
1927 72 32 0 1
1928 43 39 1 0
1929 50 33 0 -1
1930 22 18 1 0
1931 61 31 0 -1
1932 31 33 0 1
1933 38 13 -1 0
1934 18 2 -1 0
1935 48 15 -1 0
1936 16 39 1 0
1937 56 36 0 -1
1938 33 33 0 1
1939 45 2 0 -1
1940 27 2 -1 0
1941 78 25 0 1
1942 21 5 0 1
1943 48 28 1 0
1944 43 39 0 -1
1945 13 32 0 -1
1946 59 13 0 -1
1947 73 23 0 1
1948 79 26 1 0
1949 0 18 1 0
1950 68 23 1 0
1951 44 21 -1 0
1952 94 15 -1 0
1953 7 32 -1 0
1954 0 3 1 0
1955 48 23 -1 0
1956 92 34 -1 0
1957 30 13 1 0
1958 90 4 1 0
1959 3 8 0 -1
1960 83 28 -1 0
1961 45 15 0 -1
1962 46 33 -1 0
1963 39 18 -1 0
1964 80 16 -1 0
1965 76 25 0 1
1966 57 29 0 1
1967 46 23 1 0
1968 70 27 0 -1
1969 15 14 0 -1
1970 71 15 -1 0
1971 50 15 -1 0
1972 1 24 0 -1
1973 40 0 0 -1
1974 49 34 -1 0
1975 36 0 -1 0
1976 83 5 -1 0
1977 14 6 0 1
1978 20 14 0 1
1979 80 12 0 1
1980 89 3 1 0
1981 55 0 1 0
1982 44 18 0 -1
1983 32 4 0 -1
1984 56 14 -1 0
1985 31 4 0 1
1986 85 23 -1 0
1987 46 30 1 0
1988 25 38 0 -1
1989 13 27 0 -1
1990 17 8 1 0
1991 99 13 0 1
1992 76 5 -1 0
1993 96 28 0 1
1994 57 15 -1 0
1995 28 39 -1 0
1996 45 3 0 -1
1997 70 38 -1 0
1998 80 14 1 0
1999 0 27 0 -1
