0 70 10 -1 0
1 14 17 0 -1
2 28 2 0 -1
3 7 39 0 1
4 88 6 0 -1
5 12 15 0 -1
6 63 5 -1 0
7 83 7 -1 0
8 27 31 1 0
9 51 18 0 -1
10 23 29 0 -1
11 53 35 0 1
12 22 22 0 -1
13 24 9 -1 0
14 83 30 -1 0
15 6 11 -1 0
16 30 21 1 0
17 97 32 0 -1
18 52 31 0 -1
19 26 1 0 1
20 89 26 0 1
21 47 16 -1 0
22 8 36 1 0
23 32 21 0 1
24 38 5 1 0
25 42 21 -1 0
26 41 32 -1 0
27 21 9 0 1
28 4 11 0 1
29 27 26 0 1
30 20 33 0 -1
31 53 21 -1 0
32 97 16 -1 0
33 42 19 -1 0
34 78 9 -1 0
35 94 24 1 0
36 53 11 0 -1
37 3 7 -1 0
38 37 4 -1 0
39 40 37 0 -1
40 39 25 1 0
41 40 31 0 -1
42 95 21 0 -1
43 86 8 -1 0
44 13 2 -1 0
45 27 13 0 -1
46 84 11 0 -1
47 15 3 -1 0
48 99 19 0 1
49 98 31 1 0
50 79 36 0 -1
51 11 33 -1 0
52 53 13 0 1
53 81 35 0 -1
54 87 19 0 -1
55 38 19 1 0
56 36 19 1 0
57 39 15 -1 0
58 25 3 0 -1
59 1 20 1 0
60 11 18 1 0
61 36 2 -1 0
62 51 4 -1 0
63 64 19 1 0
64 12 0 -1 0
65 46 2 1 0
66 13 1 0 1
67 59 39 -1 0
68 42 23 -1 0
69 93 27 -1 0
70 28 4 0 1
71 81 31 0 1
72 59 34 -1 0
73 69 27 0 -1
74 23 25 0 1
75 35 25 0 1
76 24 20 0 1
77 32 29 0 1
78 52 30 0 1
79 81 39 0 1
80 40 35 -1 0
81 72 15 0 -1
82 25 36 0 1
83 15 26 1 0
84 46 38 -1 0
85 23 10 0 -1
86 47 16 0 1
87 3 28 -1 0
88 26 22 0 -1
89 47 39 0 -1
90 77 7 -1 0
91 30 25 0 -1
92 24 5 -1 0
93 91 12 0 -1
94 28 4 0 1
95 8 7 0 -1
96 2 4 1 0
97 43 12 0 1
98 98 3 0 -1
99 87 1 -1 0
100 23 3 0 -1
101 75 33 -1 0
102 46 28 1 0
103 45 22 -1 0
104 9 24 -1 0
105 20 11 1 0
106 29 7 0 -1
107 6 17 1 0
108 91 14 0 -1
109 71 19 1 0
110 38 27 0 -1
111 56 7 -1 0
112 86 14 1 0
113 22 15 -1 0
114 78 10 -1 0
115 50 22 -1 0
116 26 24 0 1
117 63 23 0 -1
118 54 23 1 0
119 91 34 1 0
120 31 33 -1 0
121 50 16 -1 0
122 40 36 0 -1
123 58 28 1 0
124 51 15 1 0
125 43 0 -1 0
126 39 6 0 1
127 14 23 0 1
128 22 7 1 0
129 89 5 0 -1
130 36 2 0 -1
131 42 8 -1 0
132 38 12 -1 0
133 74 34 1 0
134 38 18 -1 0
135 9 33 -1 0
136 16 35 0 1
137 44 35 0 1
138 66 6 -1 0
139 89 34 1 0
140 27 24 1 0
141 39 5 0 -1
142 25 19 0 -1
143 74 6 0 1
144 35 14 1 0
145 59 30 -1 0
146 22 36 1 0
147 16 30 0 1
148 30 1 1 0
149 37 11 -1 0
150 24 2 -1 0
151 29 38 0 -1
152 47 10 0 1
153 70 31 0 1
154 81 10 0 -1
155 27 28 0 -1
156 31 22 0 1
157 41 9 1 0
158 76 11 0 -1
159 89 21 0 1
160 26 17 1 0
161 39 30 1 0
162 81 36 1 0
163 45 10 -1 0
164 26 23 0 1
165 24 7 1 0
166 47 31 0 -1
167 6 2 1 0
168 73 1 0 -1
169 23 37 0 1
170 42 7 -1 0
171 13 35 0 -1
172 22 11 0 1
173 4 1 0 -1
174 32 12 1 0
175 65 0 0 -1
176 47 23 0 -1
177 40 21 0 -1
178 36 38 0 -1
179 46 5 0 1
180 82 3 -1 0
181 29 39 1 0
182 19 27 -1 0
183 29 9 0 -1
184 23 29 0 -1
185 24 28 -1 0
186 17 34 0 1
187 94 5 -1 0
188 31 25 -1 0
189 79 21 -1 0
190 2 27 -1 0
191 0 1 -1 0
192 40 21 0 -1
193 21 17 0 -1
194 26 18 1 0
195 18 35 0 1
196 82 29 0 1
197 2 19 -1 0
198 80 11 0 1
199 44 33 0 -1
200 53 13 0 1
201 18 8 1 0
202 80 12 1 0
203 88 9 0 -1
204 43 23 0 1
205 24 20 1 0
206 24 38 0 1
207 39 36 -1 0
208 27 13 0 1
209 31 9 0 1
210 43 5 0 -1
211 38 24 1 0
212 23 7 -1 0
213 23 5 0 1
214 0 7 0 -1
215 45 31 0 1
216 69 35 1 0
217 99 34 1 0
218 80 23 1 0
219 28 22 0 -1
220 38 37 -1 0
221 25 5 0 -1
222 4 23 1 0
223 37 17 -1 0
224 24 23 -1 0
225 30 7 0 1
226 36 26 1 0
227 82 26 0 -1
228 92 18 -1 0
229 41 23 0 1
230 31 34 0 -1
231 17 33 0 -1
232 24 2 1 0
233 76 14 1 0
234 37 10 0 1
235 99 7 -1 0
236 13 29 0 -1
237 12 12 1 0
238 22 5 0 1
239 21 9 -1 0
240 94 35 0 1
241 28 25 1 0
242 2 31 0 1
243 25 2 0 1
244 20 24 0 1
245 30 20 1 0
246 16 4 0 1
247 29 1 -1 0
248 31 35 1 0
249 19 4 0 1
250 13 19 0 1
251 26 21 0 1
252 66 14 -1 0
253 26 32 0 1
254 21 37 1 0
255 41 12 0 -1
256 51 31 -1 0
257 25 3 1 0
258 29 20 1 0
259 61 11 1 0
260 26 5 -1 0
261 93 1 1 0
262 82 26 1 0
263 69 12 -1 0
264 15 7 0 -1
265 48 21 -1 0
266 85 24 0 1
267 99 23 -1 0
268 2 7 1 0
269 26 29 1 0
270 10 28 0 -1
271 31 10 1 0
272 61 29 0 1
273 94 8 -1 0
274 36 3 0 1
275 40 7 0 1
276 23 8 1 0
277 42 23 1 0
278 16 12 0 1
279 9 28 -1 0
280 0 0 -1 0
281 44 21 -1 0
282 19 13 1 0
283 95 15 0 -1
284 27 29 0 -1
285 51 6 -1 0
286 81 14 0 -1
287 26 37 1 0
288 92 17 0 -1
289 94 13 1 0
290 11 23 -1 0
291 27 17 1 0
292 16 36 1 0
293 36 23 1 0
294 65 4 -1 0
295 37 32 1 0
296 27 39 1 0
297 29 36 0 -1
298 79 35 0 -1
299 81 19 0 1
300 18 36 1 0
301 35 37 0 1
302 1 24 1 0
303 28 7 1 0
304 97 13 -1 0
305 38 17 0 1
306 81 11 0 -1
307 82 19 -1 0
308 38 33 -1 0
309 91 21 -1 0
310 30 24 1 0
311 96 13 0 -1
312 27 14 0 1
313 14 30 1 0
314 25 10 0 -1
315 81 11 1 0
316 41 19 -1 0
317 96 17 0 -1
318 30 35 0 -1
319 69 17 0 1
320 27 1 0 1
321 37 25 1 0
322 64 39 1 0
323 8 29 0 1
324 82 22 0 -1
325 42 9 0 1
326 11 6 1 0
327 97 34 0 -1
328 3 31 0 -1
329 24 14 0 1
330 25 35 1 0
331 65 1 1 0
332 41 28 0 -1
333 21 35 0 1
334 43 13 1 0
335 26 27 0 -1
336 75 5 0 1
337 48 11 0 -1
338 76 13 0 1
339 54 29 1 0
340 77 19 0 1
341 99 0 0 1
342 28 23 0 -1
343 16 24 -1 0
344 13 20 0 -1
345 19 18 1 0
346 12 37 1 0
347 44 38 1 0
348 40 34 0 1
349 44 26 -1 0
350 8 14 0 -1
351 19 3 1 0
352 21 37 0 -1
353 93 18 -1 0
354 39 39 0 -1
355 27 3 -1 0
356 46 38 0 1
357 83 4 0 1
358 38 22 -1 0
359 25 18 0 -1
360 87 18 -1 0
361 18 37 1 0
362 68 18 0 -1
363 28 9 0 -1
364 36 28 1 0
365 25 9 1 0
366 21 28 1 0
367 11 33 0 1
368 40 34 -1 0
369 23 28 1 0
370 40 16 1 0
371 65 27 -1 0
372 37 1 0 1
373 11 14 0 1
374 40 4 0 -1
375 26 27 0 1
376 45 37 -1 0
377 4 30 1 0
378 50 14 1 0
379 42 29 -1 0
380 19 20 0 -1
381 44 29 0 1
382 52 7 1 0
383 14 35 0 1
384 38 5 0 1
385 43 0 0 1
386 81 1 1 0
387 48 11 0 1
388 17 21 1 0
389 27 26 0 1
390 88 19 -1 0
391 54 16 1 0
392 25 9 1 0
393 42 1 0 -1
394 27 37 0 1
395 20 9 0 1
396 98 29 0 -1
397 38 36 0 1
398 43 22 0 -1
399 42 4 0 -1
400 29 11 -1 0
401 72 32 1 0
402 44 23 1 0
403 13 32 0 1
404 53 13 0 1
405 30 32 0 -1
406 43 2 -1 0
407 39 36 0 1
408 87 27 1 0
409 29 29 0 -1
410 26 33 0 -1
411 56 23 0 -1
412 10 10 0 1
413 37 22 0 -1
414 46 33 0 -1
415 87 0 0 1
416 27 16 1 0
417 41 30 0 1
418 29 17 -1 0
419 16 27 1 0
420 6 12 0 -1
421 41 3 0 1
422 12 13 0 -1
423 49 38 -1 0
424 12 8 0 -1
425 37 34 1 0
426 29 27 1 0
427 49 15 1 0
428 78 39 -1 0
429 40 35 0 -1
430 97 13 -1 0
431 27 20 1 0
432 85 13 0 1
433 66 25 0 -1
434 53 6 1 0
435 15 33 1 0
436 51 31 0 1
437 25 7 -1 0
438 45 8 -1 0
439 60 33 0 -1
440 22 25 0 -1
441 94 18 0 -1
442 47 14 -1 0
443 42 1 -1 0
444 22 10 -1 0
445 73 17 0 1
446 49 17 1 0
447 6 18 1 0
448 42 27 1 0
449 71 22 1 0
450 21 22 0 -1
451 79 38 0 1
452 96 23 1 0
453 54 26 0 -1
454 88 31 -1 0
455 3 35 0 1
456 40 14 -1 0
457 26 32 0 -1
458 21 10 1 0
459 17 38 1 0
460 37 32 -1 0
461 74 30 1 0
462 48 14 -1 0
463 36 10 0 1
464 99 23 1 0
465 45 33 -1 0
466 67 11 -1 0
467 15 35 0 -1
468 83 26 0 -1
469 87 5 0 1
470 16 24 1 0
471 2 38 0 -1
472 46 6 -1 0
473 61 38 1 0
474 22 4 0 1
475 39 39 0 -1
476 11 29 0 1
477 41 13 0 -1
478 24 12 0 1
479 18 23 1 0
480 10 11 0 -1
481 27 8 0 -1
482 60 4 -1 0
483 54 38 1 0
484 71 31 0 1
485 3 29 -1 0
486 56 3 0 1
487 36 34 0 1
488 40 25 0 1
489 76 20 0 -1
490 97 17 0 -1
491 18 6 -1 0
492 16 22 1 0
493 10 17 0 1
494 25 37 1 0
495 49 14 -1 0
496 75 32 1 0
497 15 6 0 1
498 27 22 0 1
499 28 5 0 -1
500 1 36 0 1
501 38 14 1 0
502 41 19 1 0
503 28 28 -1 0
504 71 7 0 -1
505 37 20 1 0
506 21 37 1 0
507 92 29 1 0
508 2 15 0 1
509 38 36 1 0
510 13 7 0 -1
511 27 2 0 1
512 25 29 0 -1
513 1 27 0 -1
514 11 31 1 0
515 21 1 1 0
516 28 1 0 1
517 1 29 0 -1
518 9 12 1 0
519 24 0 0 1
520 48 33 0 1
521 77 30 -1 0
522 0 3 0 -1
523 36 37 0 -1
524 24 6 0 1
525 28 6 1 0
526 7 3 -1 0
527 50 4 -1 0
528 12 26 -1 0
529 26 39 -1 0
530 44 14 -1 0
531 13 27 0 -1
532 29 2 1 0
533 62 9 0 -1
534 6 19 0 -1
535 21 27 -1 0
536 27 36 -1 0
537 19 27 0 -1
538 43 20 0 -1
539 94 25 0 -1
540 8 22 0 -1
541 27 1 1 0
542 30 8 0 1
543 10 37 1 0
544 98 15 0 -1
545 80 29 1 0
546 68 37 -1 0
547 18 30 0 -1
548 26 10 0 1
549 6 34 0 1
550 38 21 0 1
551 85 1 0 -1
552 86 30 1 0
553 39 30 0 -1
554 68 0 1 0
555 28 24 0 -1
556 23 36 0 1
557 35 30 0 1
558 64 21 0 1
559 41 8 -1 0
560 48 27 0 1
561 29 4 0 -1
562 40 33 0 -1
563 83 29 0 1
564 21 25 0 1
565 97 31 1 0
566 99 16 1 0
567 27 27 0 -1
568 47 6 0 -1
569 53 5 1 0
570 43 9 0 1
571 64 19 1 0
572 98 28 1 0
573 39 34 0 1
574 70 14 0 1
575 40 20 0 -1
576 92 27 1 0
577 22 20 -1 0
578 43 33 0 1
579 42 9 0 1
580 89 32 -1 0
581 30 2 -1 0
582 31 27 0 1
583 95 18 -1 0
584 23 27 -1 0
585 37 37 0 -1
586 42 0 -1 0
587 51 12 0 1
588 29 28 1 0
589 91 22 0 -1
590 29 26 0 -1
591 39 18 -1 0
592 11 28 -1 0
593 97 22 -1 0
594 4 16 1 0
595 41 38 1 0
596 45 39 -1 0
597 2 0 1 0
598 25 2 1 0
599 25 7 1 0
600 42 7 0 1
601 26 15 0 1
602 30 4 -1 0
603 96 16 1 0
604 94 3 0 1
605 22 22 0 -1
606 35 34 0 1
607 42 12 -1 0
608 67 28 0 -1
609 48 19 1 0
610 5 14 -1 0
611 18 5 0 -1
612 94 30 0 -1
613 26 23 -1 0
614 38 38 -1 0
615 15 8 -1 0
616 20 1 1 0
617 5 26 -1 0
618 37 36 -1 0
619 67 25 -1 0
620 24 6 0 -1
621 14 6 -1 0
622 13 30 1 0
623 98 36 -1 0
624 43 8 1 0
625 87 38 -1 0
626 38 8 -1 0
627 31 39 1 0
628 26 19 0 1
629 15 12 -1 0
630 79 8 0 1
631 84 7 0 -1
632 26 24 0 -1
633 90 1 -1 0
634 63 4 0 1
635 47 4 0 1
636 84 28 -1 0
637 70 21 0 -1
638 26 6 -1 0
639 26 25 0 -1
640 39 24 0 1
641 99 24 0 -1
642 86 3 -1 0
643 63 28 1 0
644 13 5 0 -1
645 92 38 -1 0
646 25 5 -1 0
647 23 25 1 0
648 76 20 1 0
649 15 22 0 -1
650 15 24 0 -1
651 53 15 -1 0
652 65 21 0 1
653 17 14 0 1
654 25 24 -1 0
655 91 27 -1 0
656 44 26 1 0
657 90 16 0 1
658 47 9 0 -1
659 11 10 0 -1
660 9 39 1 0
661 45 4 0 -1
662 40 33 -1 0
663 87 33 0 -1
664 35 21 1 0
665 52 15 1 0
666 36 3 0 -1
667 91 33 0 -1
668 38 39 0 -1
669 27 6 -1 0
670 18 7 0 1
671 84 36 1 0
672 37 18 0 -1
673 43 5 0 -1
674 4 5 0 -1
675 48 13 -1 0
676 48 24 0 -1
677 16 7 1 0
678 27 2 0 -1
679 56 32 0 1
680 37 37 1 0
681 7 21 0 1
682 29 16 -1 0
683 1 9 0 -1
684 22 21 0 1
685 95 15 1 0
686 9 23 0 -1
687 37 15 0 -1
688 36 11 0 1
689 14 38 0 1
690 42 39 0 1
691 14 2 1 0
692 25 9 0 1
693 81 28 0 -1
694 88 28 0 -1
695 89 37 0 -1
696 22 12 0 -1
697 28 30 0 1
698 38 14 -1 0
699 25 26 0 1
700 10 7 0 -1
701 70 25 0 1
702 26 6 0 -1
703 4 6 1 0
704 30 27 -1 0
705 38 20 0 1
706 9 24 1 0
707 37 32 0 -1
708 53 11 0 1
709 20 15 -1 0
710 37 1 0 -1
711 26 36 0 1
712 38 34 0 -1
713 36 14 0 -1
714 29 27 -1 0
715 10 19 0 1
716 28 9 0 -1
717 84 28 -1 0
718 27 36 -1 0
719 82 27 0 1
720 47 27 1 0
721 18 7 0 -1
722 28 1 0 1
723 14 29 1 0
724 9 38 1 0
725 35 18 1 0
726 20 28 0 1
727 40 3 -1 0
728 20 39 -1 0
729 46 34 0 1
730 42 21 0 1
731 41 11 1 0
732 63 4 -1 0
733 19 37 -1 0
734 29 31 1 0
735 19 23 -1 0
736 1 28 1 0
737 43 39 0 -1
738 6 12 0 -1
739 24 29 0 1
740 22 23 0 -1
741 38 35 -1 0
742 23 3 1 0
743 8 30 -1 0
744 41 7 0 -1
745 29 3 0 -1
746 75 11 0 -1
747 28 38 0 -1
748 81 19 1 0
749 21 13 1 0
750 69 20 -1 0
751 41 9 -1 0
752 36 34 0 -1
753 38 2 -1 0
754 98 12 0 -1
755 23 13 -1 0
756 3 31 1 0
757 84 23 1 0
758 38 20 -1 0
759 21 31 0 -1
760 42 34 -1 0
761 43 36 0 -1
762 47 28 -1 0
763 30 6 1 0
764 11 2 0 1
765 24 36 1 0
766 99 33 0 -1
767 43 23 0 1
768 18 8 -1 0
769 30 36 0 -1
770 45 38 0 1
771 55 37 -1 0
772 9 32 -1 0
773 27 21 -1 0
774 35 11 0 -1
775 2 18 0 1
776 99 29 1 0
777 88 25 -1 0
778 27 30 -1 0
779 80 11 0 -1
780 26 9 1 0
781 39 16 -1 0
782 20 9 1 0
783 82 39 1 0
784 14 19 1 0
785 78 23 0 -1
786 62 25 -1 0
787 80 37 -1 0
788 14 22 0 1
789 93 32 0 -1
790 17 17 0 -1
791 24 9 0 -1
792 67 20 1 0
793 98 28 0 1
794 7 15 0 -1
795 50 34 0 -1
796 11 39 -1 0
797 17 5 -1 0
798 31 30 1 0
799 71 6 -1 0
800 96 17 0 1
801 85 5 0 1
802 36 15 0 1
803 28 23 0 1
804 12 28 1 0
805 60 12 0 1
806 83 8 0 -1
807 40 11 -1 0
808 28 4 0 1
809 28 32 1 0
810 97 38 0 1
811 40 39 -1 0
812 50 26 0 1
813 43 21 0 1
814 99 38 0 1
815 38 22 0 -1
816 47 37 0 1
817 79 14 0 1
818 17 25 0 1
819 6 24 -1 0
820 25 24 -1 0
821 38 39 0 -1
822 37 34 -1 0
823 26 19 0 1
824 93 36 0 -1
825 96 23 0 1
826 42 38 0 1
827 51 0 -1 0
828 63 9 0 1
829 35 32 -1 0
830 35 24 0 -1
831 51 15 -1 0
832 39 19 0 1
833 64 22 0 1
834 75 4 1 0
835 39 22 0 -1
836 23 27 1 0
837 10 0 1 0
838 78 29 0 -1
839 1 30 1 0
840 17 22 -1 0
841 76 14 0 1
842 60 24 1 0
843 27 7 1 0
844 43 15 1 0
845 54 23 0 1
846 46 35 0 -1
847 97 2 -1 0
848 46 33 0 1
849 43 11 -1 0
850 79 16 0 -1
851 18 14 0 1
852 58 12 0 -1
853 21 30 0 -1
854 21 26 0 1
855 92 5 -1 0
856 93 23 0 1
857 93 39 0 1
858 85 29 0 -1
859 53 30 0 -1
860 61 11 0 1
861 38 27 -1 0
862 7 8 -1 0
863 94 13 -1 0
864 41 26 0 -1
865 18 14 0 1
866 26 0 -1 0
867 56 30 0 1
868 21 0 -1 0
869 25 27 1 0
870 72 31 0 -1
871 91 16 -1 0
872 97 31 1 0
873 36 13 0 1
874 11 19 0 -1
875 94 33 -1 0
876 53 3 0 -1
877 41 21 0 1
878 15 6 0 1
879 9 15 0 1
880 9 19 1 0
881 25 0 1 0
882 46 18 -1 0
883 57 16 0 -1
884 41 5 -1 0
885 78 38 0 -1
886 47 13 0 -1
887 98 14 1 0
888 15 21 1 0
889 58 16 -1 0
890 97 24 0 1
891 44 34 0 -1
892 38 37 1 0
893 28 22 0 1
894 19 25 0 -1
895 34 0 0 -1
896 58 33 -1 0
897 94 12 1 0
898 31 17 -1 0
899 31 28 0 1
900 37 11 0 1
901 27 19 0 -1
902 11 0 -1 0
903 25 36 0 1
904 8 6 -1 0
905 93 36 0 1
906 52 27 -1 0
907 86 24 -1 0
908 29 5 0 1
909 41 33 -1 0
910 6 28 0 -1
911 94 30 1 0
912 7 27 -1 0
913 43 33 -1 0
914 86 15 0 1
915 49 32 1 0
916 41 33 0 -1
917 97 18 1 0
918 44 29 0 -1
919 44 27 0 -1
920 99 13 0 1
921 25 0 1 0
922 1 23 0 1
923 41 21 0 -1
924 39 33 0 1
925 14 35 0 -1
926 60 26 0 -1
927 9 9 0 -1
928 91 7 -1 0
929 37 36 0 1
930 82 39 0 -1
931 22 9 0 1
932 18 11 1 0
933 82 5 0 1
934 45 20 1 0
935 24 21 -1 0
936 37 3 -1 0
937 96 36 1 0
938 80 27 1 0
939 39 17 0 1
940 78 16 1 0
941 21 36 1 0
942 82 38 1 0
943 26 21 0 -1
944 51 31 -1 0
945 95 8 0 1
946 43 8 0 1
947 36 1 0 -1
948 2 7 -1 0
949 45 19 0 -1
950 98 4 -1 0
951 0 1 0 -1
952 30 20 0 1
953 21 25 0 -1
954 63 9 -1 0
955 76 39 -1 0
956 23 16 0 -1
957 69 36 0 1
958 23 0 0 1
959 36 35 0 1
960 22 3 0 1
961 23 1 -1 0
962 29 6 -1 0
963 2 5 -1 0
964 46 15 1 0
965 95 37 -1 0
966 39 31 0 1
967 67 1 0 -1
968 95 3 -1 0
969 37 31 1 0
970 25 11 -1 0
971 36 13 0 -1
972 22 17 0 -1
973 35 29 -1 0
974 52 3 1 0
975 99 19 -1 0
976 38 35 -1 0
977 37 31 0 1
978 50 15 0 -1
979 15 26 0 -1
980 92 31 -1 0
981 32 21 0 -1
982 29 24 1 0
983 14 6 -1 0
984 85 37 0 -1
985 83 34 -1 0
986 36 19 -1 0
987 4 12 0 -1
988 81 19 1 0
989 6 21 0 -1
990 26 9 -1 0
991 24 0 0 1
992 26 37 -1 0
993 38 35 0 1
994 42 19 -1 0
995 76 24 -1 0
996 68 13 0 1
997 37 29 0 1
998 50 24 0 -1
999 0 11 -1 0
1000 53 10 1 0
1001 51 4 0 1
1002 44 0 0 1
1003 19 4 1 0
1004 7 26 1 0
1005 27 21 0 1
1006 23 24 0 -1
1007 25 21 1 0
1008 64 4 -1 0
1009 36 37 0 -1
1010 49 14 0 -1
1011 89 7 0 -1
1012 52 0 -1 0
1013 22 17 1 0
1014 39 25 -1 0
1015 80 9 -1 0
1016 23 26 0 1
1017 41 8 0 1
1018 70 5 0 -1
1019 37 11 -1 0
1020 27 37 -1 0
1021 22 24 -1 0
1022 77 22 0 -1
1023 86 35 1 0
1024 17 1 1 0
1025 77 28 1 0
1026 7 10 0 -1
1027 98 35 0 -1
1028 31 17 -1 0
1029 54 20 -1 0
1030 84 7 -1 0
1031 17 6 1 0
1032 29 25 -1 0
1033 16 37 -1 0
1034 73 38 0 -1
1035 21 20 -1 0
1036 30 37 0 -1
1037 37 38 0 -1
1038 95 31 0 -1
1039 92 23 0 -1
1040 90 21 1 0
1041 87 5 -1 0
1042 93 22 0 -1
1043 95 12 0 -1
1044 8 39 0 1
1045 41 18 -1 0
1046 13 15 -1 0
1047 57 23 0 1
1048 77 0 1 0
1049 67 11 -1 0
1050 4 3 -1 0
1051 67 4 0 -1
1052 40 21 0 -1
1053 27 35 1 0
1054 94 15 1 0
1055 37 35 1 0
1056 43 0 -1 0
1057 44 23 -1 0
1058 46 24 0 1
1059 25 32 0 1
1060 86 15 0 1
1061 92 17 0 -1
1062 99 0 0 1
1063 53 3 0 -1
1064 49 8 0 1
1065 24 14 1 0
1066 21 14 -1 0
1067 21 23 -1 0
1068 98 4 -1 0
1069 62 19 1 0
1070 8 29 0 1
1071 82 32 -1 0
1072 7 19 0 -1
1073 56 9 0 1
1074 0 31 -1 0
1075 30 30 0 -1
1076 38 38 1 0
1077 70 0 0 -1
1078 85 31 0 1
1079 57 38 0 1
1080 21 26 0 -1
1081 57 0 0 1
1082 23 31 1 0
1083 87 12 1 0
1084 11 38 0 1
1085 56 37 -1 0
1086 98 34 -1 0
1087 74 16 0 1
1088 24 32 0 -1
1089 25 23 -1 0
1090 43 28 1 0
1091 71 1 1 0
1092 59 29 0 -1
1093 29 19 -1 0
1094 74 39 0 -1
1095 19 17 -1 0
1096 43 35 1 0
1097 43 15 1 0
1098 29 34 0 1
1099 42 15 0 -1
1100 88 24 0 -1
1101 26 20 1 0
1102 6 17 0 1
1103 39 38 1 0
1104 96 30 1 0
1105 45 29 0 -1
1106 98 38 1 0
1107 24 34 -1 0
1108 17 22 -1 0
1109 15 22 -1 0
1110 27 12 0 1
1111 89 38 0 1
1112 5 8 0 -1
1113 28 21 -1 0
1114 67 38 0 1
1115 30 28 1 0
1116 49 11 -1 0
1117 38 29 -1 0
1118 4 11 0 1
1119 85 2 1 0
1120 38 22 0 -1
1121 40 35 -1 0
1122 49 2 -1 0
1123 38 4 0 1
1124 60 3 0 1
1125 98 16 -1 0
1126 26 24 -1 0
1127 39 35 1 0
1128 45 7 0 1
1129 40 25 -1 0
1130 55 12 0 1
1131 53 14 0 -1
1132 76 6 0 -1
1133 54 28 0 -1
1134 59 3 0 1
1135 79 12 1 0
1136 94 39 0 1
1137 37 35 -1 0
1138 8 21 0 1
1139 39 6 0 -1
1140 9 34 0 1
1141 45 33 0 -1
1142 42 10 0 -1
1143 37 27 1 0
1144 12 31 0 -1
1145 95 26 0 -1
1146 27 17 0 -1
1147 46 2 1 0
1148 11 32 0 -1
1149 11 6 1 0
1150 22 2 -1 0
1151 93 2 0 -1
1152 73 21 -1 0
1153 59 27 0 -1
1154 24 15 0 1
1155 89 0 -1 0
1156 8 17 1 0
1157 30 22 0 -1
1158 47 15 1 0
1159 50 11 -1 0
1160 8 38 0 -1
1161 5 25 0 -1
1162 39 37 1 0
1163 6 13 0 -1
1164 44 32 1 0
1165 24 11 0 -1
1166 42 30 -1 0
1167 36 2 -1 0
1168 37 2 0 1
1169 19 3 -1 0
1170 80 38 0 1
1171 96 30 0 1
1172 81 39 1 0
1173 88 39 -1 0
1174 10 3 1 0
1175 35 24 -1 0
1176 16 16 1 0
1177 0 1 1 0
1178 36 37 1 0
1179 30 34 1 0
1180 26 2 0 1
1181 8 31 0 -1
1182 89 3 0 -1
1183 69 17 0 -1
1184 8 5 -1 0
1185 17 7 0 -1
1186 46 15 1 0
1187 76 24 0 1
1188 21 18 -1 0
1189 24 7 1 0
1190 55 18 0 -1
1191 92 32 1 0
1192 24 26 -1 0
1193 86 38 0 1
1194 73 35 0 1
1195 24 35 0 -1
1196 71 31 1 0
1197 98 17 1 0
1198 69 7 1 0
1199 74 17 0 1
1200 43 16 0 -1
1201 17 20 0 -1
1202 32 19 0 1
1203 10 26 -1 0
1204 38 26 0 1
1205 24 0 0 1
1206 16 34 0 1
1207 55 0 0 1
1208 4 26 0 1
1209 93 37 1 0
1210 38 34 0 1
1211 22 27 -1 0
1212 16 15 1 0
1213 24 20 0 1
1214 37 26 0 -1
1215 52 24 0 -1
1216 31 9 1 0
1217 83 18 0 1
1218 35 23 0 1
1219 0 25 1 0
1220 67 30 -1 0
1221 26 30 0 1
1222 66 20 0 -1
1223 23 28 0 1
1224 18 37 0 1
1225 81 24 0 -1
1226 49 8 0 -1
1227 90 26 1 0
1228 42 33 -1 0
1229 43 33 0 -1
1230 29 21 1 0
1231 27 9 1 0
1232 8 27 1 0
1233 28 3 -1 0
1234 82 36 1 0
1235 48 1 1 0
1236 40 7 1 0
1237 23 15 0 -1
1238 79 27 -1 0
1239 38 21 0 -1
1240 66 29 0 1
1241 25 21 1 0
1242 25 11 1 0
1243 38 23 0 1
1244 17 29 -1 0
1245 68 1 0 -1
1246 42 8 0 1
1247 21 22 0 1
1248 23 10 0 -1
1249 17 5 0 -1
1250 31 20 0 1
1251 41 10 0 -1
1252 22 27 1 0
1253 11 3 0 1
1254 52 29 0 -1
1255 22 18 0 -1
1256 3 38 1 0
1257 31 9 0 1
1258 81 7 0 1
1259 36 36 1 0
1260 91 14 0 -1
1261 35 2 -1 0
1262 86 8 1 0
1263 86 29 0 -1
1264 26 19 -1 0
1265 84 26 0 -1
1266 89 5 1 0
1267 20 4 0 -1
1268 26 12 0 1
1269 77 14 0 1
1270 27 2 0 1
1271 20 3 0 -1
1272 30 17 0 1
1273 94 37 0 -1
1274 2 6 -1 0
1275 2 7 -1 0
1276 77 28 0 1
1277 53 26 0 1
1278 88 9 0 1
1279 97 32 1 0
1280 61 20 -1 0
1281 43 16 -1 0
1282 29 1 0 1
1283 2 5 -1 0
1284 28 29 0 1
1285 2 15 0 1
1286 53 24 -1 0
1287 78 37 -1 0
1288 26 29 0 -1
1289 38 32 -1 0
1290 51 19 -1 0
1291 94 16 0 -1
1292 46 22 0 -1
1293 25 3 -1 0
1294 13 13 0 -1
1295 3 14 0 1
1296 12 22 0 1
1297 13 14 -1 0
1298 66 8 0 -1
1299 56 4 0 -1
1300 48 28 1 0
1301 13 8 -1 0
1302 80 29 0 1
1303 6 39 0 1
1304 27 1 0 1
1305 26 35 0 1
1306 27 6 0 1
1307 44 2 0 -1
1308 56 9 1 0
1309 28 22 0 1
1310 77 20 0 -1
1311 5 9 1 0
1312 40 18 0 1
1313 18 14 -1 0
1314 98 31 1 0
1315 5 1 1 0
1316 10 23 0 1
1317 25 16 0 -1
1318 49 33 0 -1
1319 44 31 0 1
1320 0 19 0 -1
1321 25 14 -1 0
1322 35 5 0 -1
1323 2 23 1 0
1324 61 27 0 -1
1325 72 37 0 1
1326 11 13 -1 0
1327 39 18 0 1
1328 22 37 1 0
1329 39 35 -1 0
1330 37 20 0 1
1331 49 3 -1 0
1332 65 4 1 0
1333 54 6 0 1
1334 28 1 0 1
1335 18 9 -1 0
1336 6 16 -1 0
1337 22 22 1 0
1338 98 32 0 -1
1339 50 24 1 0
1340 28 14 1 0
1341 22 6 1 0
1342 27 7 -1 0
1343 36 16 1 0
1344 27 3 0 -1
1345 32 2 0 1
1346 40 36 -1 0
1347 23 5 -1 0
1348 36 9 1 0
1349 44 21 -1 0
1350 5 34 0 -1
1351 38 24 -1 0
1352 77 5 1 0
1353 25 27 1 0
1354 18 15 0 1
1355 11 35 0 1
1356 71 19 0 -1
1357 42 16 1 0
1358 30 5 1 0
1359 84 7 1 0
1360 20 5 -1 0
1361 26 4 0 -1
1362 11 35 0 -1
1363 28 2 0 -1
1364 98 30 0 -1
1365 39 0 0 -1
1366 41 19 -1 0
1367 18 16 0 -1
1368 90 27 0 1
1369 84 18 1 0
1370 48 10 0 -1
1371 55 14 0 1
1372 98 2 -1 0
1373 13 36 0 -1
1374 18 19 0 1
1375 42 22 -1 0
1376 43 11 0 -1
1377 46 29 1 0
1378 40 19 1 0
1379 43 13 0 1
1380 38 39 -1 0
1381 21 24 0 1
1382 39 9 -1 0
1383 92 10 0 -1
1384 30 11 1 0
1385 28 30 0 -1
1386 6 6 0 1
1387 95 13 0 1
1388 62 10 0 1
1389 3 26 1 0
1390 51 17 -1 0
1391 96 9 0 -1
1392 93 9 1 0
1393 43 11 0 1
1394 26 22 0 -1
1395 38 21 1 0
1396 30 19 -1 0
1397 19 36 1 0
1398 24 2 1 0
1399 31 36 0 1
1400 97 26 0 -1
1401 18 20 0 -1
1402 28 5 1 0
1403 44 34 1 0
1404 29 3 1 0
1405 98 20 -1 0
1406 47 0 1 0
1407 41 9 1 0
1408 67 17 1 0
1409 97 38 1 0
1410 25 36 1 0
1411 40 32 0 1
1412 30 27 0 1
1413 11 18 0 1
1414 96 16 0 1
1415 22 23 0 -1
1416 78 15 -1 0
1417 21 7 1 0
1418 4 3 0 -1
1419 65 39 1 0
1420 30 30 1 0
1421 99 21 1 0
1422 49 26 0 -1
1423 27 28 0 -1
1424 8 36 -1 0
1425 74 12 1 0
1426 3 18 0 1
1427 63 14 0 1
1428 41 10 0 -1
1429 11 9 0 1
1430 18 7 1 0
1431 23 7 0 -1
1432 2 10 0 -1
1433 28 19 0 -1
1434 11 24 -1 0
1435 39 21 0 1
1436 51 14 0 -1
1437 92 25 0 -1
1438 43 10 1 0
1439 60 32 1 0
1440 16 3 1 0
1441 19 9 1 0
1442 26 20 -1 0
1443 10 21 -1 0
1444 97 39 -1 0
1445 10 23 0 -1
1446 31 31 1 0
1447 38 15 -1 0
1448 52 34 -1 0
1449 88 11 0 1
1450 13 26 -1 0
1451 17 33 -1 0
1452 17 6 1 0
1453 17 16 0 1
1454 37 5 1 0
1455 95 20 0 -1
1456 13 16 -1 0
1457 25 32 -1 0
1458 35 29 0 -1
1459 40 9 1 0
1460 49 22 1 0
1461 87 28 1 0
1462 28 17 0 1
1463 52 11 -1 0
1464 67 26 -1 0
1465 52 27 1 0
1466 45 28 -1 0
1467 26 30 0 1
1468 70 37 0 -1
1469 22 34 0 1
1470 18 21 0 1
1471 44 26 0 1
1472 37 34 0 1
1473 82 9 -1 0
1474 40 32 1 0
1475 81 12 0 1
1476 92 22 0 1
1477 18 26 0 -1
1478 29 20 1 0
1479 41 35 1 0
1480 25 37 0 1
1481 60 30 0 1
1482 42 7 0 1
1483 21 31 1 0
1484 97 31 -1 0
1485 15 1 -1 0
1486 98 27 0 -1
1487 10 39 0 1
1488 40 8 0 1
1489 22 37 0 1
1490 42 20 0 1
1491 17 14 1 0
1492 91 8 0 -1
1493 16 16 1 0
1494 42 28 0 1
1495 29 5 1 0
1496 26 25 0 -1
1497 79 9 0 1
1498 5 25 1 0
1499 47 29 -1 0
1500 12 14 0 1
1501 37 31 0 -1
1502 70 5 0 1
1503 0 19 0 1
1504 96 32 1 0
1505 38 36 1 0
1506 29 2 0 -1
1507 39 37 1 0
1508 4 21 0 -1
1509 43 1 0 -1
1510 86 29 1 0
1511 39 16 1 0
1512 11 9 0 -1
1513 23 1 -1 0
1514 54 37 -1 0
1515 57 30 0 1
1516 88 16 -1 0
1517 42 1 1 0
1518 55 2 0 -1
1519 28 11 0 1
1520 10 2 0 1
1521 51 26 -1 0
1522 89 1 0 -1
1523 19 6 0 1
1524 36 5 1 0
1525 59 3 0 1
1526 99 25 0 -1
1527 3 36 -1 0
1528 57 8 -1 0
1529 35 7 -1 0
1530 0 14 0 1
1531 41 30 -1 0
1532 45 30 1 0
1533 98 33 1 0
1534 39 16 0 -1
1535 40 32 0 1
1536 49 37 1 0
1537 23 23 0 -1
1538 93 17 1 0
1539 39 3 -1 0
1540 0 22 -1 0
1541 9 34 0 1
1542 54 8 0 1
1543 66 31 -1 0
1544 69 17 0 -1
1545 7 17 -1 0
1546 43 14 -1 0
1547 22 37 -1 0
1548 3 10 0 1
1549 13 7 1 0
1550 34 13 -1 0
1551 46 10 0 1
1552 21 8 0 1
1553 96 26 -1 0
1554 38 33 1 0
1555 5 14 0 -1
1556 89 38 -1 0
1557 19 10 1 0
1558 83 29 0 1
1559 40 18 0 1
1560 80 20 0 -1
1561 38 12 0 1
1562 16 24 1 0
1563 95 1 -1 0
1564 27 21 -1 0
1565 77 38 1 0
1566 86 31 0 1
1567 38 38 0 -1
1568 28 3 0 1
1569 59 29 0 1
1570 42 21 1 0
1571 44 3 0 1
1572 95 16 0 -1
1573 89 27 1 0
1574 82 38 1 0
1575 16 9 0 -1
1576 41 13 1 0
1577 90 4 -1 0
1578 8 7 -1 0
1579 86 24 0 -1
1580 55 0 0 1
1581 36 10 1 0
1582 43 22 0 -1
1583 29 2 1 0
1584 19 14 -1 0
1585 39 27 -1 0
1586 49 6 0 -1
1587 58 11 1 0
1588 17 28 0 1
1589 22 23 0 -1
1590 42 33 0 -1
1591 81 9 0 1
1592 48 23 0 -1
1593 40 33 1 0
1594 29 16 0 -1
1595 13 22 -1 0
1596 46 12 1 0
1597 45 24 -1 0
1598 65 37 1 0
1599 21 13 -1 0
1600 45 28 0 1
1601 31 10 1 0
1602 75 5 0 1
1603 36 39 1 0
1604 89 35 0 1
1605 23 23 1 0
1606 65 33 0 -1
1607 81 9 0 -1
1608 17 0 0 -1
1609 39 29 -1 0
1610 79 28 1 0
1611 21 12 0 1
1612 87 25 1 0
1613 2 33 0 1
1614 98 16 -1 0
1615 24 8 -1 0
1616 18 25 0 -1
1617 19 34 1 0
1618 29 14 1 0
1619 20 13 1 0
1620 14 15 0 1
1621 69 19 0 1
1622 78 39 0 1
1623 96 36 0 1
1624 27 11 0 1
1625 52 20 0 1
1626 5 5 -1 0
1627 52 38 0 1
1628 19 14 1 0
1629 43 30 0 1
1630 49 3 -1 0
1631 37 33 0 1
1632 45 19 1 0
1633 93 37 0 1
1634 25 31 -1 0
1635 18 15 -1 0
1636 40 19 1 0
1637 67 7 0 -1
1638 31 24 -1 0
1639 65 21 0 -1
1640 82 33 0 1
1641 91 15 1 0
1642 67 32 -1 0
1643 2 36 0 -1
1644 74 11 1 0
1645 84 25 0 -1
1646 29 12 1 0
1647 74 34 -1 0
1648 83 7 0 1
1649 50 34 -1 0
1650 67 20 0 1
1651 73 23 0 -1
1652 17 35 -1 0
1653 29 36 1 0
1654 80 23 0 -1
1655 28 7 0 -1
1656 35 16 0 -1
1657 21 25 1 0
1658 20 32 1 0
1659 36 36 0 1
1660 77 9 0 -1
1661 76 5 -1 0
1662 31 10 0 -1
1663 14 36 -1 0
1664 82 26 1 0
1665 20 23 0 -1
1666 39 20 0 -1
1667 31 16 1 0
1668 15 5 0 1
1669 27 28 1 0
1670 46 1 0 1
1671 67 28 0 -1
1672 42 30 1 0
1673 28 6 0 1
1674 0 29 0 1
1675 38 32 0 -1
1676 28 25 0 -1
1677 39 38 -1 0
1678 9 24 1 0
1679 76 10 1 0
1680 28 3 0 1
1681 22 26 0 1
1682 79 5 -1 0
1683 24 15 1 0
1684 11 2 0 1
1685 2 14 0 1
1686 45 31 1 0
1687 25 0 0 1
1688 50 21 0 -1
1689 82 3 0 -1
1690 26 34 0 1
1691 90 2 0 -1
1692 41 33 1 0
1693 24 32 1 0
1694 93 3 -1 0
1695 28 23 1 0
1696 54 16 0 -1
1697 54 35 0 -1
1698 43 21 0 1
1699 43 31 -1 0
1700 4 38 1 0
1701 54 29 0 1
1702 93 34 0 -1
1703 96 38 0 1
1704 26 10 -1 0
1705 37 36 -1 0
1706 26 25 0 -1
1707 94 2 0 1
1708 8 15 -1 0
1709 89 33 1 0
1710 2 27 0 -1
1711 26 31 0 1
1712 18 5 0 1
1713 1 20 -1 0
1714 23 27 0 1
1715 38 17 1 0
1716 3 23 0 -1
1717 81 21 0 -1
1718 44 16 0 1
1719 38 19 -1 0
1720 3 38 -1 0
1721 29 4 1 0
1722 50 38 0 -1
1723 28 7 0 -1
1724 22 11 -1 0
1725 91 5 0 1
1726 12 1 0 -1
1727 52 27 1 0
1728 91 18 0 1
1729 49 2 -1 0
1730 36 17 -1 0
1731 44 1 1 0
1732 37 37 1 0
1733 96 26 0 1
1734 63 1 0 1
1735 89 19 0 -1
1736 42 16 0 1
1737 48 14 -1 0
1738 31 28 0 -1
1739 2 0 1 0
1740 42 29 0 1
1741 40 26 -1 0
1742 55 19 -1 0
1743 50 1 -1 0
1744 89 17 0 1
1745 12 37 0 1
1746 51 9 1 0
1747 24 29 0 1
1748 86 35 0 -1
1749 17 15 1 0
1750 96 29 0 -1
1751 76 38 1 0
1752 22 29 1 0
1753 21 13 -1 0
1754 26 5 0 -1
1755 92 27 0 1
1756 40 39 -1 0
1757 53 18 1 0
1758 62 16 0 -1
1759 19 22 0 1
1760 60 12 0 -1
1761 3 37 0 1
1762 85 16 0 -1
1763 87 15 1 0
1764 51 23 0 1
1765 98 9 1 0
1766 31 15 0 -1
1767 28 24 0 -1
1768 59 17 0 1
1769 38 0 -1 0
1770 26 17 -1 0
1771 28 31 0 -1
1772 63 15 0 1
1773 88 32 0 -1
1774 19 18 0 1
1775 43 18 0 -1
1776 18 17 -1 0
1777 28 6 -1 0
1778 53 6 0 -1
1779 30 0 0 1
1780 49 5 1 0
1781 25 20 1 0
1782 41 11 0 -1
1783 74 20 -1 0
1784 72 7 -1 0
1785 94 28 -1 0
1786 35 28 0 -1
1787 67 8 1 0
1788 57 0 0 1
1789 82 15 -1 0
1790 38 2 0 1
1791 29 28 0 -1
1792 41 1 0 1
1793 42 36 0 1
1794 14 15 0 -1
1795 38 4 0 1
1796 3 19 1 0
1797 30 18 0 -1
1798 40 36 1 0
1799 68 14 1 0
1800 30 21 1 0
1801 71 36 0 -1
1802 32 31 0 -1
1803 39 17 0 -1
1804 65 36 0 1
1805 72 8 1 0
1806 27 27 0 -1
1807 39 38 1 0
1808 77 12 0 1
1809 19 32 0 1
1810 45 6 0 -1
1811 32 21 0 1
1812 10 21 0 -1
1813 11 7 0 -1
1814 17 9 1 0
1815 46 4 0 -1
1816 68 25 1 0
1817 98 0 -1 0
1818 37 24 0 -1
1819 84 25 0 -1
1820 7 7 -1 0
1821 64 22 0 -1
1822 7 32 0 1
1823 83 13 0 1
1824 25 1 0 -1
1825 53 23 -1 0
1826 6 13 1 0
1827 83 23 1 0
1828 60 1 -1 0
1829 24 8 0 -1
1830 60 15 -1 0
1831 4 35 1 0
1832 3 28 0 1
1833 77 31 -1 0
1834 57 19 0 -1
1835 36 39 0 -1
1836 2 38 0 -1
1837 0 36 -1 0
1838 84 31 -1 0
1839 57 10 1 0
1840 12 38 0 1
1841 85 19 1 0
1842 13 21 -1 0
1843 1 28 1 0
1844 65 2 0 1
1845 93 1 -1 0
1846 0 5 0 -1
1847 7 5 0 -1
1848 36 15 1 0
1849 41 10 0 1
1850 60 22 0 1
1851 28 36 -1 0
1852 49 24 0 -1
1853 47 39 0 1
1854 13 10 1 0
1855 13 7 -1 0
1856 47 6 1 0
1857 96 6 0 -1
1858 57 38 0 1
1859 73 25 0 -1
1860 40 34 0 1
1861 21 28 1 0
1862 39 20 1 0
1863 68 19 0 1
1864 3 16 0 -1
1865 24 32 0 -1
1866 73 25 -1 0
1867 27 3 1 0
1868 2 0 -1 0
1869 73 2 0 1
1870 21 21 -1 0
1871 54 19 0 -1
1872 11 6 0 -1
1873 36 17 0 1
1874 17 15 -1 0
1875 41 35 0 -1
1876 91 29 1 0
1877 48 19 0 -1
1878 16 16 1 0
1879 25 6 0 -1
1880 28 14 0 1
1881 35 22 0 1
1882 44 23 0 1
1883 44 36 0 -1
1884 17 0 -1 0
1885 85 32 -1 0
1886 35 9 1 0
1887 28 30 -1 0
1888 88 18 -1 0
1889 12 4 0 -1
1890 47 0 1 0
1891 30 23 0 -1
1892 28 24 0 -1
1893 29 25 0 1
1894 38 15 0 -1
1895 95 22 0 -1
1896 86 21 -1 0
1897 71 36 0 1
1898 42 37 0 1
1899 61 0 0 -1
1900 10 5 1 0
1901 96 27 -1 0
1902 76 6 -1 0
1903 27 24 1 0
1904 29 6 1 0
1905 78 0 -1 0
1906 94 32 0 1
1907 45 28 -1 0
1908 80 14 -1 0
1909 30 4 1 0
1910 7 1 0 1
1911 20 35 -1 0
1912 51 6 0 1
1913 10 25 -1 0
1914 49 19 -1 0
1915 84 29 0 1
1916 44 9 0 1
1917 72 3 1 0
1918 93 9 -1 0
1919 17 32 0 1
1920 30 15 0 1
1921 43 23 0 -1
1922 41 32 0 1
1923 37 8 -1 0
1924 14 38 1 0
1925 24 35 -1 0
1926 26 16 1 0
1927 70 7 0 -1
1928 41 35 1 0
1929 86 25 -1 0
1930 94 0 -1 0
1931 38 37 0 1
1932 12 5 -1 0
1933 37 21 0 1
1934 20 7 0 -1
1935 42 0 -1 0
1936 58 8 1 0
1937 83 17 0 1
1938 7 24 -1 0
1939 42 11 -1 0
1940 39 34 0 1
1941 27 32 1 0
1942 21 23 -1 0
1943 6 1 1 0
1944 45 27 -1 0
1945 39 34 0 1
1946 25 1 1 0
1947 86 6 0 -1
1948 40 9 0 -1
1949 43 14 1 0
1950 42 10 -1 0
1951 39 35 -1 0
1952 93 33 -1 0
1953 99 3 1 0
1954 19 22 1 0
1955 50 7 1 0
1956 44 9 0 1
1957 28 2 0 1
1958 17 37 0 1
1959 39 37 -1 0
1960 15 22 -1 0
1961 12 6 0 -1
1962 23 24 -1 0
1963 96 0 0 1
1964 45 11 -1 0
1965 69 27 0 -1
1966 86 11 -1 0
1967 99 19 1 0
1968 36 12 0 -1
1969 39 9 0 1
1970 47 11 1 0
1971 21 16 0 -1
1972 74 28 0 1
1973 10 28 0 1
1974 87 22 1 0
1975 39 19 0 1
1976 43 17 0 1
1977 40 19 -1 0
1978 21 36 -1 0
1979 2 2 0 -1
1980 2 11 1 0
1981 38 18 0 1
1982 79 22 0 -1
1983 24 39 -1 0
1984 43 14 0 -1
1985 20 25 1 0
1986 87 10 1 0
1987 17 39 1 0
1988 27 11 1 0
1989 44 9 0 1
1990 54 32 1 0
1991 39 13 0 1
1992 94 4 1 0
1993 91 39 0 1
1994 4 18 -1 0
1995 37 19 1 0
1996 24 21 0 1
1997 39 27 0 -1
1998 26 39 0 1
1999 20 29 1 0
2000 23 21 0 1
2001 77 15 0 1
2002 77 39 0 -1
2003 9 31 0 1
2004 27 6 0 1
2005 56 13 -1 0
2006 30 24 0 -1
2007 40 18 0 1
2008 43 35 0 -1
2009 43 18 1 0
2010 80 4 -1 0
2011 23 22 -1 0
2012 41 8 -1 0
2013 80 3 0 -1
2014 87 9 1 0
2015 85 8 -1 0
2016 47 27 0 1
2017 10 6 1 0
2018 67 10 0 1
2019 99 21 -1 0
2020 40 9 0 -1
2021 45 9 0 -1
2022 11 20 0 1
2023 15 27 -1 0
2024 18 6 0 -1
2025 86 37 0 -1
2026 19 23 0 -1
2027 24 6 -1 0
2028 30 21 1 0
2029 21 27 1 0
2030 94 37 -1 0
2031 60 4 0 -1
2032 47 1 0 -1
2033 36 36 -1 0
2034 86 0 -1 0
2035 35 23 -1 0
2036 20 24 0 -1
2037 38 20 0 1
2038 89 21 0 -1
2039 27 32 0 1
2040 13 13 -1 0
2041 55 29 1 0
2042 84 30 1 0
2043 21 8 1 0
2044 49 17 0 1
2045 47 25 -1 0
2046 30 31 1 0
2047 21 8 0 -1
2048 82 4 -1 0
2049 53 32 -1 0
2050 38 27 0 -1
2051 38 5 0 -1
2052 40 20 -1 0
2053 42 0 0 -1
2054 17 29 1 0
2055 39 32 0 1
2056 6 6 1 0
2057 8 28 0 -1
2058 20 3 0 -1
2059 83 27 0 -1
2060 79 39 0 -1
2061 20 33 1 0
2062 13 18 -1 0
2063 72 8 1 0
2064 99 4 0 -1
2065 28 35 -1 0
2066 8 36 -1 0
2067 43 25 -1 0
2068 15 0 -1 0
2069 90 24 1 0
2070 50 14 0 -1
2071 43 15 1 0
2072 90 29 1 0
2073 38 12 1 0
2074 38 26 -1 0
2075 21 26 0 -1
2076 7 16 1 0
2077 21 20 0 -1
2078 30 37 0 1
2079 53 17 1 0
2080 38 32 -1 0
2081 14 12 -1 0
2082 98 22 0 1
2083 46 1 1 0
2084 7 6 0 -1
2085 55 18 0 -1
2086 87 3 0 -1
2087 52 19 0 -1
2088 25 4 0 -1
2089 88 10 0 1
2090 73 9 1 0
2091 5 8 1 0
2092 21 27 0 -1
2093 22 15 0 1
2094 41 32 0 1
2095 79 15 0 -1
2096 37 35 -1 0
2097 23 3 0 1
2098 80 17 1 0
2099 41 7 0 1
2100 39 19 1 0
2101 24 38 -1 0
2102 5 16 0 -1
2103 27 26 -1 0
2104 1 30 -1 0
2105 23 20 1 0
2106 76 11 -1 0
2107 8 23 0 1
2108 40 10 -1 0
2109 21 4 0 1
2110 39 15 0 1
2111 36 3 -1 0
2112 17 12 -1 0
2113 41 21 0 1
2114 40 20 0 1
2115 24 13 0 -1
2116 24 34 0 1
2117 99 9 -1 0
2118 75 4 0 1
2119 39 6 1 0
2120 38 25 1 0
2121 37 33 0 1
2122 37 1 1 0
2123 98 25 0 -1
2124 63 1 -1 0
2125 41 28 0 1
2126 94 39 0 1
2127 67 28 0 1
2128 86 36 0 -1
2129 3 3 0 -1
2130 5 28 0 1
2131 84 21 0 -1
2132 62 37 0 1
2133 57 2 0 -1
2134 16 2 1 0
2135 0 7 0 -1
2136 36 39 0 1
2137 97 21 1 0
2138 23 6 -1 0
2139 5 4 0 -1
2140 17 15 0 -1
2141 23 29 1 0
2142 15 24 0 1
2143 81 26 1 0
2144 20 0 1 0
2145 21 7 0 1
2146 25 26 1 0
2147 58 18 0 1
2148 15 23 0 -1
2149 20 28 -1 0
2150 47 15 -1 0
2151 40 8 0 1
2152 9 25 1 0
2153 22 25 0 -1
2154 91 4 0 -1
2155 26 27 -1 0
2156 16 22 -1 0
2157 43 1 -1 0
2158 91 37 -1 0
2159 67 4 0 -1
2160 26 21 0 -1
2161 97 34 -1 0
2162 42 6 -1 0
2163 80 5 0 1
2164 17 31 -1 0
2165 60 31 0 -1
2166 97 30 0 1
2167 21 15 -1 0
2168 15 24 0 -1
2169 5 37 1 0
2170 36 15 1 0
2171 13 20 1 0
2172 24 21 0 -1
2173 35 18 0 1
2174 24 29 1 0
2175 44 6 0 -1
2176 43 5 0 1
2177 5 38 1 0
2178 43 3 0 1
2179 47 3 0 -1
2180 14 36 0 -1
2181 98 25 -1 0
2182 77 31 -1 0
2183 39 25 -1 0
2184 21 0 0 1
2185 16 1 1 0
2186 62 4 0 1
2187 23 22 0 -1
2188 29 13 1 0
2189 9 28 -1 0
2190 38 25 0 1
2191 91 37 1 0
2192 78 38 1 0
2193 78 16 0 -1
2194 90 30 1 0
2195 99 32 1 0
2196 90 15 -1 0
2197 58 10 0 1
2198 25 12 0 1
2199 74 19 1 0
2200 43 31 0 -1
2201 26 20 0 1
2202 90 4 0 -1
2203 22 19 -1 0
2204 98 1 0 -1
2205 37 16 1 0
2206 36 0 0 -1
2207 46 24 0 1
2208 62 14 1 0
2209 64 0 0 1
2210 38 19 0 1
2211 87 37 0 1
2212 94 34 0 1
2213 29 28 1 0
2214 40 8 1 0
2215 35 25 1 0
2216 20 23 -1 0
2217 41 17 1 0
2218 23 23 0 -1
2219 39 2 -1 0
2220 29 1 1 0
2221 43 9 1 0
2222 37 14 0 1
2223 40 23 1 0
2224 18 28 1 0
2225 37 33 0 -1
2226 77 15 0 -1
2227 27 0 0 1
2228 37 19 1 0
2229 29 29 1 0
2230 5 13 0 1
2231 41 15 0 1
2232 37 24 -1 0
2233 38 26 -1 0
2234 88 24 -1 0
2235 85 12 -1 0
2236 14 14 -1 0
2237 38 23 1 0
2238 16 9 1 0
2239 28 9 -1 0
2240 94 12 0 -1
2241 79 38 -1 0
2242 83 35 1 0
2243 34 32 -1 0
2244 18 24 0 -1
2245 12 1 1 0
2246 12 15 -1 0
2247 43 37 -1 0
2248 85 1 1 0
2249 46 16 1 0
2250 22 21 -1 0
2251 20 4 -1 0
2252 67 11 -1 0
2253 24 27 -1 0
2254 27 15 1 0
2255 59 38 0 -1
2256 73 13 -1 0
2257 25 37 1 0
2258 16 22 0 1
2259 43 2 -1 0
2260 41 11 0 -1
2261 55 36 -1 0
2262 23 6 0 -1
2263 13 27 1 0
2264 39 20 0 -1
2265 3 36 0 1
2266 92 11 -1 0
2267 40 28 1 0
2268 42 39 1 0
2269 86 36 0 1
2270 45 10 0 -1
2271 28 5 -1 0
2272 46 9 0 -1
2273 42 28 1 0
2274 23 10 0 -1
2275 36 38 0 -1
2276 38 16 -1 0
2277 27 34 0 -1
2278 18 13 0 1
2279 35 9 -1 0
2280 3 3 -1 0
2281 94 19 1 0
2282 41 39 0 -1
2283 94 31 0 1
2284 49 29 0 -1
2285 43 31 1 0
2286 28 32 0 -1
2287 86 33 0 -1
2288 8 37 -1 0
2289 27 35 0 1
2290 17 5 1 0
2291 47 15 0 -1
2292 23 6 0 1
2293 7 8 0 -1
2294 73 32 1 0
2295 60 17 1 0
2296 20 37 0 -1
2297 29 22 1 0
2298 18 19 0 -1
2299 87 38 -1 0
2300 42 13 -1 0
2301 24 28 0 1
2302 93 20 1 0
2303 68 15 1 0
2304 38 1 0 -1
2305 96 29 0 -1
2306 27 39 -1 0
2307 91 16 1 0
2308 25 34 -1 0
2309 38 18 -1 0
2310 29 6 0 -1
2311 49 7 -1 0
2312 12 16 1 0
2313 43 36 0 -1
2314 94 1 -1 0
2315 96 38 1 0
2316 46 14 1 0
2317 69 9 0 -1
2318 27 27 0 1
2319 81 6 0 1
2320 25 2 0 -1
2321 94 15 0 -1
2322 30 22 0 -1
2323 37 18 -1 0
2324 84 26 0 1
2325 15 17 0 -1
2326 7 30 0 1
2327 92 39 1 0
2328 13 8 1 0
2329 26 2 1 0
2330 22 30 1 0
2331 1 20 -1 0
2332 49 10 1 0
2333 17 12 0 -1
2334 42 26 -1 0
2335 20 7 1 0
2336 39 22 0 -1
2337 75 19 0 -1
2338 87 33 0 1
2339 36 1 0 1
2340 7 25 1 0
2341 93 35 -1 0
2342 83 29 0 1
2343 43 35 0 1
2344 1 22 1 0
2345 25 33 1 0
2346 39 9 -1 0
2347 67 20 1 0
2348 72 34 1 0
2349 29 14 0 1
2350 43 12 0 1
2351 39 18 0 1
2352 56 9 -1 0
2353 27 29 -1 0
2354 18 5 -1 0
2355 26 1 0 -1
2356 29 7 1 0
2357 59 16 0 1
2358 36 13 -1 0
2359 48 38 0 1
2360 84 37 -1 0
2361 26 2 1 0
2362 18 4 0 1
2363 26 22 -1 0
2364 91 26 1 0
2365 66 8 0 1
2366 14 26 1 0
2367 51 13 0 -1
2368 29 24 0 1
2369 37 10 0 -1
2370 92 2 1 0
2371 63 20 0 -1
2372 0 30 0 1
2373 46 1 0 -1
2374 24 9 0 -1
2375 88 27 -1 0
2376 5 0 0 1
2377 28 35 -1 0
2378 57 17 0 1
2379 35 19 0 1
2380 79 4 0 1
2381 46 29 0 1
2382 48 22 0 -1
2383 27 7 0 -1
2384 89 35 0 1
2385 11 34 0 1
2386 35 10 0 -1
2387 36 27 0 1
2388 29 29 0 1
2389 98 14 -1 0
2390 1 29 1 0
2391 96 25 1 0
2392 25 8 0 1
2393 10 20 -1 0
2394 75 17 -1 0
2395 17 24 -1 0
2396 41 31 1 0
2397 21 38 0 -1
2398 48 31 -1 0
2399 74 38 0 -1
