0 28 30 0 1
1 7 7 0 -1
2 26 16 0 1
3 49 18 1 0
4 97 32 1 0
5 29 32 -1 0
6 35 38 0 -1
7 22 0 -1 0
8 85 33 1 0
9 21 8 -1 0
10 87 35 1 0
11 85 6 0 -1
12 33 19 -1 0
13 47 21 0 -1
14 4 13 1 0
15 15 4 0 -1
16 27 16 0 -1
17 41 31 0 -1
18 74 6 1 0
19 64 7 0 -1
20 0 36 0 -1
21 94 18 0 -1
22 19 32 1 0
23 16 24 -1 0
24 37 18 -1 0
25 75 30 0 1
26 78 12 0 1
27 29 34 0 1
28 31 31 -1 0
29 17 25 1 0
30 25 23 1 0
31 90 38 0 -1
32 38 28 0 -1
33 98 15 0 -1
34 31 9 0 -1
35 36 35 1 0
36 51 25 0 1
37 87 26 -1 0
38 37 16 -1 0
39 47 21 1 0
40 45 38 0 1
41 46 29 1 0
42 87 12 1 0
43 10 12 0 1
44 28 10 0 -1
45 41 10 -1 0
46 71 5 0 -1
47 53 32 -1 0
48 47 39 1 0
49 14 19 -1 0
50 39 37 1 0
51 99 19 -1 0
52 60 4 0 -1
53 22 33 1 0
54 36 25 0 -1
55 86 20 0 -1
56 44 12 0 -1
57 16 37 0 1
58 40 6 0 -1
59 49 9 0 1
60 23 1 1 0
61 65 17 0 1
62 7 21 -1 0
63 31 30 0 1
64 28 9 1 0
65 30 37 0 -1
66 63 1 0 -1
67 52 0 0 1
68 17 26 -1 0
69 28 6 -1 0
70 11 4 0 1
71 80 7 0 -1
72 40 4 -1 0
73 46 21 0 1
74 87 1 -1 0
75 49 12 1 0
76 23 20 0 -1
77 49 30 1 0
78 53 34 0 1
79 25 38 1 0
80 34 31 0 -1
81 67 27 1 0
82 90 6 0 1
83 21 16 0 -1
84 16 13 0 -1
85 31 31 0 -1
86 46 28 0 1
87 41 37 0 1
88 23 31 1 0
89 35 33 0 -1
90 54 19 0 1
91 58 18 0 -1
92 93 25 1 0
93 89 25 1 0
94 99 39 0 -1
95 25 5 1 0
96 2 34 -1 0
97 43 13 1 0
98 19 37 0 -1
99 50 17 0 -1
100 67 23 0 -1
101 4 32 -1 0
102 95 21 -1 0
103 27 13 0 -1
104 7 31 1 0
105 8 13 1 0
106 20 6 -1 0
107 13 8 0 -1
108 23 1 1 0
109 93 34 -1 0
110 92 6 0 1
111 43 33 -1 0
112 69 32 -1 0
113 61 0 1 0
114 51 14 1 0
115 47 39 1 0
116 20 27 -1 0
117 84 32 -1 0
118 60 19 0 1
119 45 28 0 1
120 32 14 0 -1
121 1 3 -1 0
122 24 7 1 0
123 40 24 0 1
124 83 28 -1 0
125 18 21 0 -1
126 17 6 -1 0
127 27 13 0 -1
128 86 39 -1 0
129 95 35 0 1
130 37 23 0 -1
131 8 2 1 0
132 44 31 0 -1
133 22 22 1 0
134 66 2 0 1
135 72 38 1 0
136 83 28 0 1
137 46 28 0 1
138 23 8 0 1
139 83 21 0 -1
140 2 20 0 1
141 44 33 -1 0
142 25 38 0 1
143 24 23 -1 0
144 73 11 0 -1
145 44 6 0 -1
146 5 29 0 -1
147 86 38 -1 0
148 0 26 -1 0
149 23 28 -1 0
150 24 22 0 1
151 74 4 0 -1
152 55 5 0 1
153 18 38 1 0
154 39 12 -1 0
155 53 34 -1 0
156 78 9 0 1
157 49 24 -1 0
158 26 13 -1 0
159 19 32 1 0
160 46 0 1 0
161 85 15 0 1
162 35 20 1 0
163 45 0 0 -1
164 27 30 0 1
165 26 2 0 1
166 28 26 1 0
167 13 7 0 -1
168 21 34 0 1
169 37 18 0 -1
170 45 14 0 -1
171 96 8 1 0
172 80 29 1 0
173 10 16 1 0
174 2 19 0 -1
175 40 31 0 -1
176 36 27 0 -1
177 16 37 -1 0
178 37 7 -1 0
179 87 9 0 -1
180 92 12 0 1
181 96 25 0 -1
182 4 10 1 0
183 33 33 -1 0
184 35 20 0 -1
185 14 33 1 0
186 90 12 0 1
187 12 25 1 0
188 27 27 0 1
189 73 7 0 1
190 8 16 0 1
191 90 17 0 1
192 58 1 0 -1
193 96 16 1 0
194 51 37 0 -1
195 3 5 1 0
196 0 15 0 -1
197 19 33 1 0
198 64 8 1 0
199 21 33 1 0
200 58 9 0 -1
201 20 9 0 1
202 30 32 -1 0
203 0 15 0 1
204 54 1 0 1
205 61 10 0 -1
206 39 35 0 1
207 43 3 1 0
208 99 28 0 -1
209 74 12 0 -1
210 14 8 -1 0
211 40 33 -1 0
212 78 27 1 0
213 76 16 -1 0
214 11 11 0 1
215 48 29 0 1
216 52 17 0 -1
217 54 28 0 1
218 92 4 0 1
219 56 38 -1 0
220 38 18 -1 0
221 85 23 0 1
222 83 32 1 0
223 1 13 0 -1
224 85 31 -1 0
225 44 12 1 0
226 52 12 -1 0
227 21 38 0 -1
228 1 0 1 0
229 48 9 -1 0
230 63 23 -1 0
231 27 28 1 0
232 24 15 0 1
233 92 24 0 1
234 0 13 0 1
235 46 1 0 1
236 81 3 0 -1
237 30 27 0 -1
238 46 19 1 0
239 62 18 0 1
240 94 30 -1 0
241 72 14 0 1
242 7 36 0 -1
243 8 36 0 1
244 81 21 1 0
245 31 28 1 0
246 34 5 1 0
247 62 26 -1 0
248 9 30 0 1
249 90 29 0 1
250 63 1 -1 0
251 41 9 0 1
252 83 38 1 0
253 29 17 0 -1
254 39 5 -1 0
255 56 7 0 -1
256 61 15 0 -1
257 45 10 -1 0
258 83 36 0 -1
259 48 32 -1 0
260 7 27 -1 0
261 7 6 0 -1
262 20 33 0 -1
263 39 18 0 1
264 32 3 1 0
265 30 6 1 0
266 27 24 0 -1
267 78 31 0 1
268 5 11 1 0
269 25 23 0 -1
270 25 27 0 1
271 19 11 1 0
272 8 33 0 1
273 42 18 0 1
274 89 12 1 0
275 40 15 -1 0
276 58 36 0 1
277 68 11 -1 0
278 97 3 -1 0
279 72 26 -1 0
280 44 31 1 0
281 41 24 1 0
282 39 10 0 1
283 88 32 1 0
284 55 16 0 -1
285 1 29 1 0
286 83 30 1 0
287 81 12 0 -1
288 21 12 -1 0
289 13 30 0 -1
290 27 1 0 -1
291 90 17 1 0
292 21 5 1 0
293 76 17 0 1
294 31 4 0 -1
295 37 23 1 0
296 93 13 -1 0
297 94 11 -1 0
298 6 6 0 -1
299 21 20 -1 0
300 49 5 0 -1
301 57 25 0 -1
302 46 9 -1 0
303 27 5 0 -1
304 97 21 0 -1
305 23 33 -1 0
306 98 38 0 1
307 13 15 1 0
308 34 20 1 0
309 42 29 1 0
310 20 21 0 1
311 6 15 -1 0
312 14 6 1 0
313 10 36 -1 0
314 9 29 0 1
315 46 23 0 1
316 48 16 0 1
317 47 0 -1 0
318 73 34 -1 0
319 40 34 0 -1
320 22 3 -1 0
321 60 21 0 -1
322 41 18 -1 0
323 94 7 0 1
324 11 3 0 -1
325 93 23 -1 0
326 97 2 0 1
327 39 15 -1 0
328 39 13 1 0
329 14 1 0 1
330 26 23 0 1
331 24 21 0 -1
332 42 21 -1 0
333 55 17 1 0
334 13 27 0 1
335 64 9 -1 0
336 71 14 1 0
337 49 22 1 0
338 90 18 0 1
339 55 34 0 1
340 89 4 -1 0
341 0 12 -1 0
342 52 35 1 0
343 98 7 -1 0
344 10 30 0 -1
345 95 23 0 1
346 25 7 0 -1
347 70 31 0 -1
348 44 2 1 0
349 96 29 -1 0
350 75 21 0 1
351 41 3 0 -1
352 21 37 1 0
353 78 15 0 -1
354 64 5 1 0
355 29 28 1 0
356 23 23 0 -1
357 28 25 0 1
358 13 5 -1 0
359 20 25 0 1
360 55 10 -1 0
361 27 12 0 1
362 75 15 0 -1
363 12 8 0 1
364 90 1 1 0
365 28 18 0 1
366 60 14 1 0
367 39 8 0 -1
368 55 25 1 0
369 37 26 -1 0
370 25 34 1 0
371 94 17 0 -1
372 60 3 0 1
373 1 7 1 0
374 3 5 -1 0
375 5 24 0 -1
376 37 32 -1 0
377 21 28 0 -1
378 46 39 0 1
379 43 28 1 0
380 94 19 1 0
381 40 9 0 1
382 10 14 0 -1
383 10 24 1 0
384 49 0 0 1
385 74 9 -1 0
386 50 35 -1 0
387 63 35 -1 0
388 46 14 0 1
389 1 24 0 1
390 30 37 0 1
391 15 4 0 1
392 97 19 0 -1
393 38 15 1 0
394 82 7 0 -1
395 23 19 0 1
396 24 13 0 1
397 86 36 0 -1
398 48 6 1 0
399 75 25 0 -1
400 68 27 1 0
401 93 31 0 -1
402 50 30 0 1
403 0 21 0 1
404 19 13 0 -1
405 90 24 0 -1
406 3 24 0 -1
407 68 0 -1 0
408 64 4 0 -1
409 26 39 -1 0
410 67 2 1 0
411 6 2 0 1
412 25 31 1 0
413 45 29 1 0
414 70 20 0 1
415 12 35 1 0
416 26 3 0 1
417 36 24 0 -1
418 2 14 0 1
419 40 21 0 1
420 39 21 -1 0
421 47 20 -1 0
422 63 9 -1 0
423 69 24 0 -1
424 85 3 0 -1
425 36 37 0 -1
426 15 5 -1 0
427 41 30 -1 0
428 43 7 0 -1
429 65 6 1 0
430 76 30 0 -1
431 18 13 0 1
432 79 25 1 0
433 51 34 1 0
434 29 24 0 1
435 22 16 0 1
436 24 33 1 0
437 90 18 -1 0
438 60 25 -1 0
439 59 26 -1 0
440 89 28 0 1
441 35 36 0 1
442 40 7 -1 0
443 0 31 1 0
444 97 11 1 0
445 95 1 -1 0
446 44 13 0 -1
447 58 32 1 0
448 97 34 0 1
449 51 15 0 -1
450 19 34 0 -1
451 74 13 -1 0
452 42 23 0 -1
453 39 5 1 0
454 60 4 0 1
455 41 27 0 -1
456 26 28 0 -1
457 73 13 0 -1
458 29 19 1 0
459 11 38 0 1
460 85 37 0 1
461 35 31 0 -1
462 22 32 0 1
463 40 25 0 1
464 28 3 0 1
465 73 36 0 1
466 19 16 0 1
467 45 17 0 -1
468 46 9 1 0
469 83 2 -1 0
470 41 24 -1 0
471 99 34 -1 0
472 41 22 0 -1
473 50 1 1 0
474 70 25 0 1
475 65 9 0 1
476 59 35 1 0
477 27 0 -1 0
478 26 10 0 1
479 52 33 0 1
480 76 25 -1 0
481 19 31 0 1
482 76 30 0 -1
483 24 34 1 0
484 6 19 0 -1
485 41 29 1 0
486 90 28 -1 0
487 41 3 -1 0
488 82 7 0 1
489 64 16 0 -1
490 46 4 1 0
491 0 4 -1 0
492 1 39 0 -1
493 55 29 1 0
494 26 22 0 1
495 15 8 -1 0
496 43 28 0 1
497 19 22 0 1
498 30 0 1 0
499 97 33 -1 0
500 37 38 1 0
501 79 28 1 0
502 44 22 1 0
503 21 7 0 1
504 22 39 -1 0
505 52 32 -1 0
506 18 36 -1 0
507 24 30 0 1
508 37 28 0 1
509 11 29 1 0
510 92 37 0 -1
511 28 3 0 1
512 96 1 1 0
513 11 12 0 -1
514 9 19 0 1
515 47 28 1 0
516 60 1 0 -1
517 54 4 1 0
518 16 31 -1 0
519 40 22 -1 0
520 89 17 0 1
521 97 2 -1 0
522 99 32 -1 0
523 89 0 1 0
524 12 14 0 1
525 32 8 0 -1
526 60 36 0 -1
527 79 33 -1 0
528 92 17 0 1
529 41 16 0 -1
530 97 28 0 1
531 25 23 1 0
532 45 21 -1 0
533 39 12 0 1
534 93 35 -1 0
535 93 35 1 0
536 26 37 0 1
537 13 32 1 0
538 40 17 0 -1
539 44 5 0 -1
540 92 33 1 0
541 31 25 0 1
542 0 18 0 1
543 78 35 0 1
544 82 4 1 0
545 1 14 -1 0
546 12 25 1 0
547 18 35 0 -1
548 81 37 -1 0
549 11 29 0 1
550 24 23 0 -1
551 44 33 0 1
552 58 15 0 1
553 45 30 0 -1
554 41 8 0 1
555 67 28 0 -1
556 59 14 1 0
557 1 9 1 0
558 53 3 0 1
559 39 36 -1 0
560 37 39 0 1
561 27 39 0 1
562 77 7 0 1
563 29 26 0 1
564 10 10 0 1
565 51 37 0 -1
566 14 38 0 -1
567 25 28 1 0
568 51 33 1 0
569 11 38 -1 0
570 20 30 0 -1
571 49 35 0 -1
572 77 8 0 -1
573 61 34 0 -1
574 41 11 1 0
575 73 20 1 0
576 64 31 1 0
577 80 36 0 1
578 24 14 -1 0
579 48 11 0 -1
580 2 24 1 0
581 94 3 0 1
582 28 21 0 -1
583 37 25 -1 0
584 24 29 0 1
585 36 20 0 -1
586 98 6 0 1
587 52 14 -1 0
588 52 31 -1 0
589 67 26 1 0
590 41 26 0 -1
591 92 6 0 1
592 14 33 0 -1
593 19 14 -1 0
594 1 4 0 -1
595 0 34 1 0
596 49 21 0 1
597 39 17 -1 0
598 95 0 1 0
599 94 22 -1 0
600 93 8 0 -1
601 75 19 0 -1
602 27 8 -1 0
603 6 14 -1 0
604 82 19 0 1
605 31 29 -1 0
606 99 20 0 -1
607 84 11 -1 0
608 26 24 1 0
609 38 6 -1 0
610 86 11 0 1
611 50 0 1 0
612 41 2 0 1
613 13 29 1 0
614 46 22 0 -1
615 88 9 0 -1
616 76 2 0 -1
617 77 11 1 0
618 53 4 0 1
619 54 18 -1 0
620 3 18 0 1
621 39 31 0 1
622 53 31 -1 0
623 36 34 -1 0
624 8 22 0 -1
625 10 17 0 1
626 67 36 -1 0
627 56 11 0 -1
628 40 23 -1 0
629 45 36 -1 0
630 45 17 0 1
631 15 16 0 -1
632 2 21 1 0
633 11 24 1 0
634 26 38 1 0
635 14 37 1 0
636 0 13 0 -1
637 26 14 1 0
638 31 35 1 0
639 29 24 -1 0
640 66 2 1 0
641 1 14 -1 0
642 85 8 0 -1
643 16 39 1 0
644 96 30 -1 0
645 66 2 1 0
646 27 3 -1 0
647 15 5 0 -1
648 81 12 1 0
649 68 9 0 1
650 45 16 0 1
651 42 39 0 1
652 3 31 0 -1
653 48 38 -1 0
654 41 6 0 -1
655 5 31 0 1
656 34 15 -1 0
657 47 26 1 0
658 98 3 0 -1
659 59 26 0 1
660 14 39 -1 0
661 41 33 -1 0
662 75 7 1 0
663 17 28 -1 0
664 42 30 -1 0
665 94 1 -1 0
666 38 7 -1 0
667 48 11 1 0
668 40 37 -1 0
669 99 18 1 0
670 38 11 0 1
671 39 25 0 1
672 9 7 0 -1
673 42 11 1 0
674 68 19 1 0
675 10 2 0 -1
676 48 3 -1 0
677 36 20 -1 0
678 33 23 -1 0
679 22 34 0 -1
680 46 16 -1 0
681 59 36 1 0
682 21 22 1 0
683 22 19 0 1
684 23 37 1 0
685 16 22 1 0
686 35 27 0 -1
687 33 23 0 1
688 47 30 0 1
689 12 29 1 0
690 0 9 0 -1
691 37 31 0 -1
692 55 10 0 1
693 33 17 0 -1
694 30 26 0 1
695 98 32 1 0
696 21 25 0 -1
697 99 19 0 -1
698 56 9 1 0
699 96 12 1 0
700 88 29 0 1
701 29 24 -1 0
702 56 37 0 -1
703 43 39 0 -1
704 35 0 0 -1
705 42 31 -1 0
706 16 5 -1 0
707 1 29 0 1
708 38 16 0 1
709 25 16 1 0
710 44 23 0 1
711 10 2 1 0
712 45 32 1 0
713 38 37 -1 0
714 63 3 1 0
715 49 19 0 -1
716 45 13 0 1
717 23 11 0 1
718 32 34 1 0
719 60 19 0 1
720 5 29 0 -1
721 65 12 0 1
722 28 34 0 1
723 41 10 0 1
724 83 14 -1 0
725 45 0 1 0
726 87 17 -1 0
727 51 37 1 0
728 15 29 0 -1
729 44 22 0 1
730 42 7 -1 0
731 94 35 0 1
732 37 16 -1 0
733 23 22 -1 0
734 3 16 1 0
735 49 33 -1 0
736 19 25 0 1
737 2 21 0 1
738 60 9 0 1
739 58 39 1 0
740 24 19 0 -1
741 21 36 -1 0
742 23 38 0 -1
743 80 28 0 1
744 36 12 0 -1
745 22 6 0 -1
746 7 22 0 -1
747 21 10 1 0
748 70 0 -1 0
749 28 35 1 0
750 43 21 0 -1
751 97 39 1 0
752 83 33 1 0
753 43 14 1 0
754 40 25 1 0
755 59 33 1 0
756 19 3 0 -1
757 72 12 -1 0
758 39 10 0 1
759 21 1 0 -1
760 58 31 1 0
761 26 0 1 0
762 35 27 0 1
763 79 14 -1 0
764 24 20 -1 0
765 20 0 -1 0
766 22 31 1 0
767 34 14 -1 0
768 85 14 0 1
769 15 22 0 -1
770 56 39 0 -1
771 22 34 0 -1
772 25 22 1 0
773 46 29 -1 0
774 69 25 1 0
775 44 1 1 0
776 1 33 -1 0
777 10 1 0 -1
778 22 27 0 1
779 96 6 1 0
780 53 25 0 1
781 45 21 -1 0
782 22 13 -1 0
783 88 5 1 0
784 12 1 0 1
785 76 1 0 -1
786 3 12 1 0
787 43 7 0 -1
788 47 21 1 0
789 10 28 1 0
790 29 16 0 -1
791 96 8 0 1
792 53 4 -1 0
793 73 13 0 -1
794 12 16 0 -1
795 36 23 1 0
796 94 10 -1 0
797 22 11 0 1
798 47 1 0 1
799 49 19 0 1
800 42 1 0 1
801 99 15 0 -1
802 2 9 -1 0
803 40 11 0 1
804 28 33 1 0
805 98 33 -1 0
806 17 7 0 -1
807 13 27 0 -1
808 15 2 0 -1
809 25 30 1 0
810 25 10 0 -1
811 43 15 -1 0
812 34 39 0 1
813 39 33 0 1
814 23 33 0 -1
815 37 7 -1 0
816 46 17 0 1
817 43 6 0 1
818 18 39 0 -1
819 26 36 0 1
820 82 34 0 1
821 12 38 0 1
822 41 8 0 1
823 42 28 -1 0
824 35 25 1 0
825 97 18 1 0
826 86 27 0 1
827 76 39 1 0
828 9 13 0 1
829 72 13 1 0
830 39 25 -1 0
831 41 36 0 -1
832 39 21 1 0
833 38 34 0 1
834 84 4 0 -1
835 59 4 -1 0
836 38 3 -1 0
837 60 14 0 1
838 51 3 0 -1
839 51 3 -1 0
840 11 38 0 1
841 37 8 -1 0
842 57 22 0 1
843 51 14 0 -1
844 69 19 -1 0
845 69 17 1 0
846 42 0 0 1
847 43 27 0 1
848 51 5 0 1
849 51 5 1 0
850 40 33 -1 0
851 5 35 -1 0
852 28 5 0 -1
853 61 20 0 1
854 38 38 0 -1
855 59 16 1 0
856 27 39 0 1
857 60 31 0 1
858 51 13 0 1
859 23 34 -1 0
860 19 32 0 -1
861 37 4 1 0
862 93 35 -1 0
863 37 15 -1 0
864 26 9 0 1
865 25 17 1 0
866 37 23 -1 0
867 8 34 1 0
868 13 2 -1 0
869 28 14 -1 0
870 26 3 -1 0
871 92 26 0 1
872 51 34 -1 0
873 98 24 1 0
874 87 0 -1 0
875 31 20 1 0
876 52 1 0 1
877 15 16 1 0
878 27 1 0 1
879 12 19 -1 0
880 61 8 0 1
881 16 11 0 -1
882 74 37 0 1
883 56 4 1 0
884 79 7 0 -1
885 65 9 0 1
886 41 1 0 1
887 45 39 -1 0
888 4 31 -1 0
889 42 37 0 -1
890 38 27 -1 0
891 40 21 0 1
892 49 2 1 0
893 1 25 0 1
894 7 24 -1 0
895 34 3 0 -1
896 85 29 0 1
897 28 16 1 0
898 87 25 -1 0
899 38 1 -1 0
900 6 20 0 -1
901 73 4 -1 0
902 42 10 0 1
903 30 21 1 0
904 9 22 -1 0
905 29 20 1 0
906 60 8 0 -1
907 8 26 0 -1
908 80 3 1 0
909 44 9 0 1
910 22 17 0 1
911 89 36 0 1
912 89 29 0 -1
913 54 14 -1 0
914 34 17 0 1
915 59 15 0 1
916 37 36 1 0
917 20 12 0 -1
918 47 8 0 -1
919 42 26 0 -1
920 18 15 0 -1
921 97 5 0 -1
922 92 39 1 0
923 81 38 0 -1
924 38 22 0 1
925 41 11 -1 0
926 85 12 -1 0
927 57 11 0 -1
928 51 1 0 -1
929 4 1 0 -1
930 50 12 0 -1
931 40 6 0 1
932 57 8 -1 0
933 22 0 -1 0
934 29 5 1 0
935 27 30 1 0
936 80 37 0 1
937 77 26 1 0
938 86 27 0 -1
939 33 26 0 -1
940 45 4 1 0
941 86 0 -1 0
942 26 2 0 1
943 37 15 -1 0
944 5 10 0 -1
945 97 10 0 1
946 16 6 -1 0
947 9 17 -1 0
948 49 26 0 1
949 82 39 0 1
950 59 22 0 1
951 24 32 -1 0
952 40 22 -1 0
953 10 0 1 0
954 59 5 -1 0
955 68 29 -1 0
956 79 1 1 0
957 95 8 1 0
958 46 4 -1 0
959 35 32 -1 0
960 62 11 0 1
961 19 13 1 0
962 49 14 1 0
963 21 38 0 -1
964 23 7 0 1
965 63 26 0 1
966 12 5 -1 0
967 47 34 0 -1
968 25 34 -1 0
969 36 12 0 -1
970 32 6 -1 0
971 42 12 -1 0
972 31 34 1 0
973 54 0 -1 0
974 99 31 -1 0
975 24 12 1 0
976 68 11 0 -1
977 6 17 0 -1
978 28 21 1 0
979 8 29 -1 0
980 60 7 0 1
981 27 11 0 -1
982 28 3 0 1
983 89 14 1 0
984 39 13 -1 0
985 6 10 0 -1
986 15 4 0 -1
987 40 28 -1 0
988 4 29 1 0
989 37 8 0 1
990 18 23 0 1
991 47 11 1 0
992 45 1 -1 0
993 41 25 -1 0
994 45 29 1 0
995 87 24 0 1
996 17 9 0 -1
997 21 17 -1 0
998 40 12 -1 0
999 28 2 0 1
1000 69 19 0 1
1001 23 32 -1 0
1002 49 2 -1 0
1003 21 18 0 1
1004 4 11 0 -1
1005 90 14 -1 0
1006 75 17 -1 0
1007 66 38 0 -1
1008 46 6 0 1
1009 21 17 0 -1
1010 47 15 0 1
1011 12 38 -1 0
1012 62 12 -1 0
1013 25 6 -1 0
1014 25 35 0 1
1015 96 34 0 -1
1016 68 8 0 1
1017 44 5 0 1
1018 65 4 -1 0
1019 64 5 -1 0
1020 85 35 0 -1
1021 31 19 0 -1
1022 18 12 1 0
1023 0 14 0 1
1024 53 15 0 1
1025 26 24 1 0
1026 17 16 -1 0
1027 22 5 -1 0
1028 76 0 -1 0
1029 9 30 -1 0
1030 64 17 1 0
1031 0 16 -1 0
1032 10 15 0 -1
1033 29 38 0 -1
1034 24 13 0 1
1035 80 12 0 -1
1036 23 12 -1 0
1037 64 6 0 -1
1038 73 16 0 -1
1039 41 39 -1 0
1040 36 21 -1 0
1041 50 33 1 0
1042 43 9 -1 0
1043 31 7 1 0
1044 1 15 1 0
1045 54 14 1 0
1046 9 32 -1 0
1047 86 35 0 1
1048 54 2 1 0
1049 12 36 0 -1
1050 16 24 0 -1
1051 50 23 -1 0
1052 41 21 1 0
1053 39 34 0 -1
1054 90 30 0 1
1055 90 14 -1 0
1056 55 15 0 -1
1057 23 11 0 -1
1058 78 14 0 1
1059 23 10 0 -1
1060 38 13 1 0
1061 43 25 1 0
1062 76 38 -1 0
1063 97 5 1 0
1064 97 3 1 0
1065 29 18 1 0
1066 63 20 -1 0
1067 22 21 -1 0
1068 78 6 0 1
1069 37 1 0 -1
1070 12 33 0 -1
1071 79 17 1 0
1072 84 32 0 1
1073 29 1 0 1
1074 18 0 -1 0
1075 49 5 -1 0
1076 98 36 0 -1
1077 43 31 0 1
1078 39 17 1 0
1079 70 8 0 -1
1080 25 20 1 0
1081 70 13 0 -1
1082 27 14 -1 0
1083 6 12 0 1
1084 19 10 1 0
1085 26 18 0 1
1086 23 27 -1 0
1087 66 29 0 1
1088 47 14 0 1
1089 83 20 -1 0
1090 82 22 1 0
1091 22 32 0 1
1092 15 22 1 0
1093 33 21 -1 0
1094 16 17 1 0
1095 98 15 -1 0
1096 43 16 0 -1
1097 22 37 1 0
1098 41 22 0 -1
1099 61 19 0 -1
1100 94 16 -1 0
1101 16 13 1 0
1102 7 31 0 -1
1103 80 31 1 0
1104 19 24 0 -1
1105 23 29 -1 0
1106 11 6 0 -1
1107 21 1 1 0
1108 26 25 0 -1
1109 3 18 0 1
1110 37 0 -1 0
1111 35 25 0 1
1112 38 19 -1 0
1113 23 31 0 1
1114 37 22 0 1
1115 31 28 0 -1
1116 7 23 0 -1
1117 27 32 0 -1
1118 81 7 0 1
1119 96 38 0 1
1120 42 18 -1 0
1121 26 33 0 1
1122 43 30 1 0
1123 43 37 -1 0
1124 43 29 -1 0
1125 45 18 -1 0
1126 25 7 0 1
1127 15 28 -1 0
1128 55 8 -1 0
1129 54 36 -1 0
1130 57 23 0 -1
1131 40 27 0 -1
1132 27 25 0 1
1133 47 18 1 0
1134 77 7 1 0
1135 7 33 -1 0
1136 40 29 0 -1
1137 24 4 0 1
1138 18 19 0 1
1139 89 14 0 1
1140 8 23 -1 0
1141 36 7 1 0
1142 64 22 -1 0
1143 81 21 -1 0
1144 99 15 1 0
1145 84 6 -1 0
1146 89 9 -1 0
1147 99 15 -1 0
1148 96 11 0 1
1149 40 38 0 1
1150 38 6 -1 0
1151 29 25 0 -1
1152 58 0 1 0
1153 46 20 1 0
1154 88 11 1 0
1155 12 24 0 1
1156 41 4 0 -1
1157 64 34 0 1
1158 11 22 0 1
1159 56 18 -1 0
1160 42 1 -1 0
1161 13 30 0 -1
1162 2 34 1 0
1163 25 9 0 -1
1164 78 32 0 -1
1165 32 8 0 -1
1166 39 30 0 -1
1167 72 11 0 1
1168 44 36 0 1
1169 42 31 -1 0
1170 88 19 -1 0
1171 0 9 0 -1
1172 78 5 0 -1
1173 59 29 1 0
1174 21 27 0 -1
1175 35 23 0 -1
1176 68 29 -1 0
1177 51 25 0 1
1178 42 11 -1 0
1179 24 22 0 1
1180 17 36 0 1
1181 40 10 1 0
1182 41 14 0 1
1183 59 32 0 1
1184 36 35 -1 0
1185 50 5 -1 0
1186 37 16 1 0
1187 90 8 0 -1
1188 4 19 0 1
1189 41 9 -1 0
1190 12 14 -1 0
1191 99 21 1 0
1192 45 14 0 -1
1193 48 26 0 1
1194 30 28 0 1
1195 40 22 0 -1
1196 92 2 1 0
1197 39 37 0 -1
1198 5 9 -1 0
1199 64 39 -1 0
1200 88 16 0 -1
1201 22 1 1 0
1202 26 37 -1 0
1203 84 31 -1 0
1204 43 32 1 0
1205 8 37 1 0
1206 65 20 -1 0
1207 30 31 -1 0
1208 30 30 0 1
1209 76 36 0 1
1210 90 24 0 -1
1211 25 10 0 -1
1212 50 24 0 -1
1213 24 1 0 -1
1214 74 37 -1 0
1215 64 11 0 -1
1216 97 31 -1 0
1217 70 33 0 -1
1218 42 13 0 -1
1219 50 16 1 0
1220 22 39 0 1
1221 19 39 0 -1
1222 4 17 0 -1
1223 30 33 0 -1
1224 44 23 0 -1
1225 40 15 1 0
1226 69 5 1 0
1227 99 7 0 1
1228 52 23 0 1
1229 23 32 1 0
1230 22 6 1 0
1231 12 15 1 0
1232 63 2 1 0
1233 91 17 -1 0
1234 1 7 0 -1
1235 37 1 1 0
1236 6 20 0 1
1237 25 16 1 0
1238 23 9 0 1
1239 76 6 1 0
1240 76 5 0 1
1241 40 18 1 0
1242 5 17 0 -1
1243 16 30 1 0
1244 50 14 1 0
1245 85 14 1 0
1246 20 38 0 1
1247 39 11 0 1
1248 19 8 0 -1
1249 48 13 -1 0
1250 22 29 -1 0
1251 40 14 -1 0
1252 5 12 0 1
1253 22 18 0 -1
1254 21 4 0 1
1255 39 24 1 0
1256 39 13 0 -1
1257 8 13 -1 0
1258 44 16 1 0
1259 40 18 1 0
1260 95 19 0 1
1261 41 35 0 1
1262 14 14 0 -1
1263 18 11 -1 0
1264 25 26 0 1
1265 15 6 1 0
1266 38 25 0 -1
1267 43 30 0 1
1268 31 39 -1 0
1269 45 20 -1 0
1270 92 22 0 1
1271 71 30 1 0
1272 29 21 0 -1
1273 87 25 0 1
1274 0 26 -1 0
1275 14 24 -1 0
1276 43 36 -1 0
1277 41 17 0 -1
1278 4 36 0 1
1279 28 38 0 -1
1280 65 17 1 0
1281 97 22 0 1
1282 23 15 1 0
1283 5 25 1 0
1284 23 25 0 -1
1285 40 8 -1 0
1286 42 5 0 -1
1287 23 12 0 1
1288 33 8 0 -1
1289 90 22 1 0
1290 99 1 0 -1
1291 42 1 -1 0
1292 17 19 0 1
1293 24 32 0 1
1294 24 27 1 0
1295 16 31 0 -1
1296 78 38 0 -1
1297 63 15 0 -1
1298 22 24 1 0
1299 84 4 0 -1
1300 97 0 1 0
1301 98 12 1 0
1302 39 32 1 0
1303 87 25 1 0
1304 92 1 0 1
1305 22 39 -1 0
1306 88 24 0 -1
1307 48 14 -1 0
1308 59 26 1 0
1309 11 32 0 -1
1310 43 6 0 1
1311 9 1 1 0
1312 41 17 1 0
1313 0 35 0 1
1314 27 23 0 1
1315 38 14 -1 0
1316 42 30 0 1
1317 87 10 0 -1
1318 3 22 0 1
1319 39 39 -1 0
1320 24 8 0 -1
1321 9 19 0 -1
1322 95 0 1 0
1323 1 4 0 1
1324 26 3 1 0
1325 17 10 -1 0
1326 47 4 0 -1
1327 20 30 1 0
1328 18 12 -1 0
1329 36 21 0 -1
1330 21 33 0 1
1331 38 24 -1 0
1332 23 26 1 0
1333 8 21 1 0
1334 38 25 -1 0
1335 46 27 1 0
1336 97 30 0 1
1337 43 33 0 -1
1338 21 16 -1 0
1339 40 32 0 1
1340 81 39 1 0
1341 3 10 0 -1
1342 26 16 0 1
1343 36 11 1 0
1344 59 15 0 -1
1345 33 10 0 1
1346 40 29 1 0
1347 30 22 1 0
1348 46 28 -1 0
1349 26 19 1 0
1350 39 24 1 0
1351 57 33 0 1
1352 39 12 1 0
1353 1 38 -1 0
1354 89 26 0 -1
1355 24 29 -1 0
1356 72 16 0 -1
1357 15 39 1 0
1358 30 17 -1 0
1359 87 29 0 1
1360 96 18 0 1
1361 61 35 -1 0
1362 60 3 0 -1
1363 64 11 0 1
1364 69 27 0 1
1365 95 37 1 0
1366 35 36 -1 0
1367 28 25 0 -1
1368 50 36 0 -1
1369 38 32 1 0
1370 23 28 1 0
1371 98 24 -1 0
1372 22 12 0 1
1373 38 34 -1 0
1374 3 26 -1 0
1375 42 2 0 -1
1376 60 13 0 -1
1377 92 21 0 1
1378 3 35 0 1
1379 26 35 0 -1
1380 94 38 0 1
1381 12 23 1 0
1382 37 2 -1 0
1383 43 37 0 -1
1384 0 31 0 1
1385 19 2 1 0
1386 39 20 0 -1
1387 61 32 0 1
1388 86 17 1 0
1389 38 23 0 -1
1390 27 7 -1 0
1391 37 27 1 0
1392 40 11 0 -1
1393 71 26 0 1
1394 6 27 1 0
1395 18 26 1 0
1396 28 26 -1 0
1397 66 10 0 -1
1398 19 17 0 -1
1399 96 13 1 0
1400 18 18 0 1
1401 44 9 -1 0
1402 78 27 0 1
1403 52 22 1 0
1404 63 22 -1 0
1405 40 23 0 -1
1406 21 12 -1 0
1407 0 22 0 -1
1408 42 6 0 1
1409 39 26 0 1
1410 28 22 -1 0
1411 54 6 1 0
1412 19 21 -1 0
1413 12 27 -1 0
1414 50 16 0 -1
1415 20 39 1 0
1416 25 0 -1 0
1417 61 32 -1 0
1418 12 18 -1 0
1419 22 28 0 -1
1420 78 8 -1 0
1421 67 16 0 1
1422 16 18 1 0
1423 85 0 1 0
1424 11 13 0 1
1425 10 9 0 -1
1426 38 17 -1 0
1427 39 34 1 0
1428 52 34 0 1
1429 39 11 0 1
1430 92 22 0 -1
1431 6 35 0 -1
1432 88 15 1 0
1433 38 23 0 -1
1434 17 3 1 0
1435 85 35 0 -1
1436 48 14 1 0
1437 45 35 1 0
1438 38 27 1 0
1439 30 19 1 0
1440 23 16 1 0
1441 24 9 -1 0
1442 89 2 -1 0
1443 23 16 0 -1
1444 58 10 0 -1
1445 10 4 0 1
1446 49 7 -1 0
1447 64 29 0 -1
1448 22 24 0 -1
1449 24 27 1 0
1450 42 17 -1 0
1451 10 29 -1 0
1452 23 22 0 1
1453 59 35 1 0
1454 36 39 1 0
1455 26 17 0 -1
1456 25 32 0 -1
1457 0 19 -1 0
1458 37 30 0 1
1459 78 34 0 -1
1460 46 20 0 -1
1461 49 12 0 1
1462 57 13 0 -1
1463 42 36 0 -1
1464 90 32 0 -1
1465 14 13 0 1
1466 47 31 0 1
1467 64 5 1 0
1468 55 15 1 0
1469 29 36 0 -1
1470 89 22 0 1
1471 22 31 0 -1
1472 48 7 0 1
1473 23 7 -1 0
1474 26 22 0 -1
1475 99 34 0 1
1476 45 6 1 0
1477 67 12 0 -1
1478 29 20 1 0
1479 35 18 -1 0
1480 61 5 0 -1
1481 14 14 0 1
1482 25 35 -1 0
1483 74 14 0 -1
1484 27 36 -1 0
1485 30 18 0 1
1486 95 7 1 0
1487 40 33 -1 0
1488 99 19 1 0
1489 38 22 1 0
1490 91 5 0 -1
1491 83 1 0 1
1492 85 21 0 -1
1493 5 0 0 1
1494 51 29 0 1
1495 32 10 1 0
1496 64 28 -1 0
1497 41 22 1 0
1498 81 29 -1 0
1499 22 17 -1 0
1500 10 6 1 0
1501 80 17 -1 0
1502 41 17 0 1
1503 55 30 1 0
1504 48 29 -1 0
1505 39 1 0 1
1506 25 24 1 0
1507 94 5 1 0
1508 35 37 1 0
1509 47 35 0 -1
1510 35 12 0 -1
1511 42 32 0 1
1512 22 38 1 0
1513 68 31 1 0
1514 24 38 0 1
1515 56 30 0 -1
1516 5 34 0 1
1517 42 3 1 0
1518 19 29 -1 0
1519 22 15 0 1
1520 21 25 0 -1
1521 4 15 1 0
1522 96 33 0 1
1523 9 13 1 0
1524 23 25 0 1
1525 78 9 0 -1
1526 14 23 1 0
1527 14 24 0 1
1528 26 12 -1 0
1529 65 3 1 0
1530 36 5 -1 0
1531 99 24 1 0
1532 80 13 0 -1
1533 29 20 1 0
1534 42 21 -1 0
1535 89 19 1 0
1536 18 4 1 0
1537 22 21 -1 0
1538 28 24 1 0
1539 4 20 -1 0
1540 1 38 1 0
1541 1 2 0 -1
1542 80 32 0 -1
1543 17 34 1 0
1544 86 32 -1 0
1545 4 2 0 -1
1546 25 22 1 0
1547 32 30 0 1
1548 53 16 0 1
1549 48 25 1 0
1550 38 4 0 -1
1551 41 9 -1 0
1552 25 32 0 -1
1553 91 3 0 1
1554 96 17 0 1
1555 63 34 -1 0
1556 39 6 0 1
1557 57 34 1 0
1558 90 13 0 1
1559 73 36 0 -1
1560 5 30 1 0
1561 39 11 0 1
1562 31 6 -1 0
1563 7 20 0 -1
1564 53 33 1 0
1565 95 22 0 1
1566 65 27 0 1
1567 95 39 0 1
1568 18 13 0 1
1569 49 28 -1 0
1570 7 37 0 -1
1571 76 36 0 -1
1572 27 24 0 1
1573 15 2 0 -1
1574 39 33 -1 0
1575 48 37 -1 0
1576 22 12 -1 0
1577 29 1 -1 0
1578 64 31 -1 0
1579 23 19 0 -1
1580 88 24 0 1
1581 21 35 0 -1
1582 12 20 0 -1
1583 83 33 -1 0
1584 46 7 0 -1
1585 85 4 0 1
1586 81 23 0 1
1587 2 34 1 0
1588 24 27 0 -1
1589 39 25 0 -1
1590 48 39 0 1
1591 44 29 0 -1
1592 37 28 -1 0
1593 15 8 0 1
1594 26 33 1 0
1595 41 31 0 1
1596 29 8 1 0
1597 97 12 -1 0
1598 66 31 0 -1
1599 92 22 0 -1
1600 44 22 0 -1
1601 24 14 1 0
1602 69 1 1 0
1603 48 0 0 -1
1604 44 30 0 -1
1605 94 31 0 -1
1606 86 21 0 -1
1607 19 21 1 0
1608 11 32 1 0
1609 76 14 -1 0
1610 48 27 0 1
1611 4 31 -1 0
1612 87 21 -1 0
1613 41 31 1 0
1614 39 38 -1 0
1615 41 12 0 -1
1616 44 21 0 -1
1617 14 21 1 0
1618 38 37 1 0
1619 19 27 1 0
1620 30 38 0 -1
1621 17 0 0 1
1622 40 6 1 0
1623 27 1 1 0
1624 36 0 -1 0
1625 46 35 -1 0
1626 66 29 0 -1
1627 47 33 -1 0
1628 47 24 0 1
1629 89 8 0 1
1630 91 32 1 0
1631 9 35 -1 0
1632 58 33 1 0
1633 33 35 -1 0
1634 11 27 1 0
1635 55 11 1 0
1636 52 38 -1 0
1637 44 36 0 -1
1638 33 6 -1 0
1639 47 27 1 0
1640 13 31 -1 0
1641 89 6 0 1
1642 41 11 0 -1
1643 77 18 0 1
1644 69 36 1 0
1645 21 17 0 1
1646 7 10 0 1
1647 23 33 1 0
1648 83 5 -1 0
1649 2 11 0 -1
1650 28 39 0 1
1651 52 20 0 -1
1652 99 30 1 0
1653 72 38 1 0
1654 50 19 -1 0
1655 28 33 0 -1
1656 5 5 -1 0
1657 81 15 0 -1
1658 28 9 -1 0
1659 40 2 -1 0
1660 15 0 -1 0
1661 28 6 0 1
1662 41 38 0 1
1663 93 0 -1 0
1664 18 39 -1 0
1665 43 6 0 -1
1666 87 12 -1 0
1667 54 25 1 0
1668 96 29 1 0
1669 28 25 -1 0
1670 9 38 0 -1
1671 18 21 0 1
1672 82 27 -1 0
1673 37 6 0 1
1674 65 36 1 0
1675 74 34 -1 0
1676 98 3 1 0
1677 71 7 -1 0
1678 39 18 0 -1
1679 53 26 0 1
1680 83 18 1 0
1681 36 5 0 1
1682 2 17 0 -1
1683 14 17 -1 0
1684 3 18 1 0
1685 70 12 0 1
1686 92 18 0 1
1687 29 13 0 -1
1688 36 27 0 -1
1689 59 22 -1 0
1690 87 4 0 -1
1691 2 12 -1 0
1692 32 32 0 -1
1693 40 32 -1 0
1694 41 5 -1 0
1695 19 3 0 -1
1696 87 10 0 1
1697 63 7 0 -1
1698 38 0 0 -1
1699 44 32 0 1
1700 85 37 1 0
1701 40 34 1 0
1702 51 9 0 -1
1703 49 24 1 0
1704 36 5 0 1
1705 37 0 0 -1
1706 29 6 0 -1
1707 37 11 0 1
1708 1 3 1 0
1709 85 18 1 0
1710 56 8 0 1
1711 10 23 -1 0
1712 76 30 0 1
1713 29 4 -1 0
1714 27 8 -1 0
1715 9 2 0 1
1716 84 14 0 -1
1717 55 0 -1 0
1718 35 4 0 1
1719 80 31 1 0
1720 19 3 1 0
1721 46 21 1 0
1722 17 36 0 1
1723 10 24 1 0
1724 83 21 -1 0
1725 39 2 1 0
1726 16 12 -1 0
1727 85 16 0 1
1728 44 0 0 -1
1729 58 4 0 1
1730 42 36 0 -1
1731 37 11 1 0
1732 37 37 0 -1
1733 7 15 0 -1
1734 98 15 0 -1
1735 0 31 0 1
1736 79 31 1 0
1737 75 29 1 0
1738 27 7 1 0
1739 38 22 0 -1
1740 2 7 0 1
1741 27 36 0 1
1742 83 32 1 0
1743 6 17 0 1
1744 26 18 1 0
1745 47 13 -1 0
1746 64 20 0 1
1747 41 29 0 -1
1748 45 39 1 0
1749 44 35 1 0
1750 1 32 -1 0
1751 46 27 0 1
1752 17 30 -1 0
1753 52 20 -1 0
1754 47 17 -1 0
1755 46 24 0 1
1756 86 20 -1 0
1757 20 16 0 1
1758 92 12 -1 0
1759 93 23 -1 0
1760 55 27 0 -1
1761 94 4 0 -1
1762 4 25 -1 0
1763 47 7 -1 0
1764 47 23 -1 0
1765 85 39 -1 0
1766 27 39 0 -1
1767 21 19 -1 0
1768 0 19 1 0
1769 85 33 0 -1
1770 24 20 -1 0
1771 1 16 0 -1
1772 96 13 1 0
1773 11 4 1 0
1774 26 38 0 -1
1775 26 13 0 -1
1776 40 11 -1 0
1777 31 20 0 1
1778 23 26 1 0
1779 20 38 0 1
1780 79 11 0 -1
1781 69 24 0 1
1782 34 1 0 1
1783 41 21 0 -1
1784 49 39 0 -1
1785 31 25 1 0
1786 56 34 -1 0
1787 0 10 -1 0
1788 45 24 0 -1
1789 83 37 -1 0
1790 36 37 1 0
1791 52 36 0 -1
1792 1 39 -1 0
1793 38 39 1 0
1794 50 11 1 0
1795 42 16 0 1
1796 24 6 0 1
1797 54 16 0 1
1798 42 8 0 1
1799 91 12 1 0
1800 40 26 -1 0
1801 43 27 -1 0
1802 24 17 0 1
1803 42 6 0 -1
1804 40 25 0 -1
1805 38 26 -1 0
1806 26 36 0 1
1807 43 8 0 1
1808 26 7 -1 0
1809 47 4 0 -1
1810 46 10 0 -1
1811 23 0 0 -1
1812 2 20 -1 0
1813 27 17 -1 0
1814 18 5 1 0
1815 36 27 0 -1
1816 28 13 1 0
1817 80 25 1 0
1818 4 5 1 0
1819 80 12 0 -1
1820 3 20 0 -1
1821 27 33 0 -1
1822 44 0 0 -1
1823 26 24 1 0
1824 13 38 1 0
1825 98 3 1 0
1826 45 5 -1 0
1827 42 22 0 -1
1828 39 36 -1 0
1829 33 29 0 1
1830 29 29 1 0
1831 39 5 0 1
1832 37 25 0 -1
1833 75 15 0 1
1834 42 19 0 -1
1835 81 1 0 1
1836 18 3 1 0
1837 47 1 0 1
1838 44 7 -1 0
1839 77 21 0 1
1840 48 4 0 1
1841 40 5 0 -1
1842 25 30 -1 0
1843 20 37 1 0
1844 22 31 0 -1
1845 49 7 0 1
1846 36 8 1 0
1847 68 18 0 1
1848 41 26 -1 0
1849 7 32 0 1
1850 22 34 0 -1
1851 16 32 -1 0
1852 84 16 0 -1
1853 85 32 0 1
1854 38 31 0 1
1855 54 3 -1 0
1856 37 9 -1 0
1857 43 4 1 0
1858 24 36 0 -1
1859 13 10 -1 0
1860 4 26 1 0
1861 96 12 0 1
1862 25 10 1 0
1863 42 36 1 0
1864 9 20 -1 0
1865 32 29 0 -1
1866 83 25 1 0
1867 20 30 0 1
1868 95 28 0 -1
1869 44 1 -1 0
1870 13 36 0 1
1871 34 35 -1 0
1872 66 36 0 1
1873 13 34 0 1
1874 18 7 -1 0
1875 85 22 0 -1
1876 35 20 0 1
1877 68 35 0 -1
1878 87 24 0 -1
1879 97 38 0 1
1880 27 2 0 -1
1881 40 26 0 -1
1882 74 13 1 0
1883 83 26 1 0
1884 2 12 0 1
1885 43 37 -1 0
1886 90 16 1 0
1887 42 20 1 0
1888 25 27 0 -1
1889 40 23 0 -1
1890 71 27 1 0
1891 44 28 -1 0
1892 28 21 0 1
1893 0 14 0 -1
1894 43 36 -1 0
1895 39 10 0 1
1896 46 21 0 -1
1897 36 24 0 1
1898 67 2 0 -1
1899 72 2 0 1
1900 0 17 -1 0
1901 18 11 -1 0
1902 24 35 0 -1
1903 7 14 1 0
1904 51 3 0 1
1905 77 4 1 0
1906 47 24 1 0
1907 44 37 0 -1
1908 77 36 0 1
1909 63 33 0 1
1910 7 5 0 1
1911 7 12 0 1
1912 86 15 1 0
1913 96 13 0 -1
1914 0 17 -1 0
1915 24 29 0 -1
1916 86 10 0 -1
1917 80 3 0 -1
1918 45 8 0 1
1919 76 22 -1 0
1920 80 28 0 1
1921 63 26 0 1
1922 43 32 -1 0
1923 40 7 0 -1
1924 39 32 0 -1
1925 2 16 0 -1
1926 19 16 -1 0
1927 50 24 -1 0
1928 79 31 0 1
1929 72 29 0 1
1930 27 25 0 -1
1931 77 36 0 -1
1932 4 26 -1 0
1933 20 16 0 1
1934 98 6 1 0
1935 38 26 -1 0
1936 19 31 -1 0
1937 95 38 -1 0
1938 32 0 -1 0
1939 18 37 0 -1
1940 30 31 0 -1
1941 8 35 0 1
1942 25 6 -1 0
1943 95 35 0 1
1944 99 1 1 0
1945 48 5 1 0
1946 41 3 1 0
1947 23 5 1 0
1948 40 4 0 1
1949 7 32 -1 0
1950 74 32 0 -1
1951 43 10 0 -1
1952 1 36 0 1
1953 82 32 0 -1
1954 16 10 1 0
1955 39 35 0 -1
1956 55 19 0 1
1957 31 30 1 0
1958 84 20 0 1
1959 23 11 0 -1
1960 78 6 1 0
1961 68 6 1 0
1962 55 17 1 0
1963 96 10 0 -1
1964 77 20 0 1
1965 23 23 -1 0
1966 50 24 0 1
1967 42 22 0 -1
1968 54 35 0 -1
1969 45 25 0 -1
1970 42 39 1 0
1971 12 5 1 0
1972 57 23 0 -1
1973 18 23 0 1
1974 91 29 -1 0
1975 40 24 1 0
1976 83 24 0 1
1977 93 25 0 1
1978 55 11 0 -1
1979 54 0 0 -1
1980 51 30 0 1
1981 74 9 -1 0
1982 94 19 1 0
1983 28 22 1 0
1984 23 31 0 1
1985 24 17 0 1
1986 78 39 1 0
1987 36 23 0 1
1988 1 4 1 0
1989 41 10 0 1
1990 89 34 0 1
1991 64 29 0 1
1992 37 39 0 1
1993 75 7 1 0
1994 98 27 1 0
1995 40 21 -1 0
1996 39 20 0 1
1997 27 37 -1 0
1998 14 3 -1 0
1999 3 16 0 -1
2000 77 33 -1 0
2001 57 5 0 -1
2002 96 34 0 1
2003 24 35 0 -1
2004 18 20 1 0
2005 70 12 0 1
2006 30 25 -1 0
2007 42 14 0 1
2008 55 1 1 0
2009 51 36 -1 0
2010 47 20 0 1
2011 56 15 -1 0
2012 16 35 1 0
2013 10 33 0 1
2014 49 28 1 0
2015 99 6 -1 0
2016 94 30 0 -1
2017 24 5 -1 0
2018 24 13 0 1
2019 26 21 1 0
2020 17 5 0 1
2021 40 35 -1 0
2022 41 23 -1 0
2023 26 38 -1 0
2024 89 37 0 1
2025 32 8 0 -1
2026 96 16 -1 0
2027 28 19 1 0
2028 77 21 1 0
2029 97 12 -1 0
2030 21 18 1 0
2031 25 6 0 -1
2032 78 11 1 0
2033 57 32 -1 0
2034 26 27 1 0
2035 4 8 0 1
2036 84 7 0 1
2037 40 24 0 -1
2038 60 12 -1 0
2039 12 3 0 1
2040 26 18 -1 0
2041 83 11 0 -1
2042 35 38 1 0
2043 81 2 1 0
2044 92 20 -1 0
2045 7 18 0 1
2046 16 38 0 -1
2047 22 26 0 -1
2048 1 9 0 -1
2049 51 38 0 -1
2050 38 8 -1 0
2051 38 25 0 1
2052 45 22 0 1
2053 76 8 0 -1
2054 30 31 -1 0
2055 81 5 1 0
2056 38 24 0 -1
2057 20 24 1 0
2058 28 36 0 1
2059 51 10 0 1
2060 21 21 1 0
2061 68 37 -1 0
2062 97 20 0 -1
2063 88 33 0 1
2064 4 23 0 1
2065 16 38 -1 0
2066 96 33 0 -1
2067 51 17 0 1
2068 19 29 1 0
2069 46 0 0 1
2070 15 31 1 0
2071 64 3 1 0
2072 14 10 1 0
2073 34 10 0 -1
2074 38 23 0 -1
2075 27 38 0 1
2076 14 34 0 1
2077 61 7 0 1
2078 24 34 0 1
2079 40 14 -1 0
2080 37 31 1 0
2081 15 24 0 1
2082 20 0 0 -1
2083 79 21 -1 0
2084 22 32 0 -1
2085 40 27 -1 0
2086 2 16 0 -1
2087 11 22 -1 0
2088 28 10 0 1
2089 20 27 1 0
2090 92 37 0 -1
2091 93 10 0 -1
2092 89 17 1 0
2093 41 34 1 0
2094 38 36 0 1
2095 89 7 0 -1
2096 41 19 0 1
2097 44 12 -1 0
2098 3 26 0 1
2099 15 18 0 1
2100 5 9 1 0
2101 6 38 -1 0
2102 47 0 1 0
2103 82 32 0 1
2104 3 20 -1 0
2105 47 1 -1 0
2106 3 34 0 -1
2107 32 26 1 0
2108 41 25 -1 0
2109 10 9 0 -1
2110 9 35 -1 0
2111 1 39 -1 0
2112 41 23 0 -1
2113 48 24 0 -1
2114 41 13 1 0
2115 54 27 -1 0
2116 2 15 -1 0
2117 34 39 0 -1
2118 34 12 -1 0
2119 58 27 0 -1
2120 57 23 -1 0
2121 27 10 0 -1
2122 83 38 1 0
2123 26 16 -1 0
2124 36 34 0 -1
2125 46 36 0 -1
2126 40 3 0 -1
2127 88 38 1 0
2128 48 26 1 0
2129 1 32 1 0
2130 45 26 -1 0
2131 85 26 1 0
2132 17 33 0 -1
2133 42 34 -1 0
2134 41 13 0 1
2135 90 36 -1 0
2136 36 7 0 -1
2137 87 3 0 -1
2138 58 25 0 -1
2139 49 12 -1 0
2140 47 0 -1 0
2141 91 28 0 -1
2142 28 11 0 -1
2143 67 2 -1 0
2144 29 3 0 -1
2145 32 0 0 -1
2146 25 38 0 1
2147 76 3 0 -1
2148 58 20 1 0
2149 76 24 0 1
2150 53 13 1 0
2151 89 27 0 -1
2152 29 14 0 -1
2153 86 27 -1 0
2154 37 30 1 0
2155 41 32 -1 0
2156 28 12 0 -1
2157 85 7 1 0
2158 93 5 -1 0
2159 22 21 1 0
2160 91 29 1 0
2161 71 6 0 1
2162 20 7 1 0
2163 59 8 0 1
2164 45 39 0 -1
2165 74 34 0 -1
2166 71 11 0 1
2167 59 23 0 1
2168 3 14 1 0
2169 69 27 0 1
2170 2 25 1 0
2171 60 16 1 0
2172 88 24 -1 0
2173 72 16 0 1
2174 24 35 0 1
2175 22 33 -1 0
2176 79 34 0 -1
2177 30 25 0 1
2178 31 4 1 0
2179 97 27 -1 0
2180 23 32 1 0
2181 26 37 0 1
2182 87 16 0 -1
2183 36 35 0 1
2184 44 37 1 0
2185 40 16 0 1
2186 4 26 0 1
2187 11 26 1 0
2188 70 18 -1 0
2189 92 4 -1 0
2190 62 21 0 1
2191 49 23 1 0
2192 99 6 -1 0
2193 73 14 -1 0
2194 42 7 -1 0
2195 15 20 0 1
2196 66 5 1 0
2197 20 34 0 -1
2198 49 3 1 0
2199 83 15 1 0
2200 38 26 0 -1
2201 97 36 0 1
2202 39 21 -1 0
2203 14 16 0 1
2204 48 10 -1 0
2205 37 28 0 -1
2206 49 24 0 1
2207 27 6 1 0
2208 9 9 0 -1
2209 38 28 -1 0
2210 6 1 0 1
2211 3 30 0 1
2212 51 20 -1 0
2213 33 28 0 -1
2214 41 13 0 1
2215 34 36 0 -1
2216 57 24 1 0
2217 25 0 1 0
2218 95 27 0 -1
2219 51 25 0 1
2220 29 21 0 -1
2221 12 38 -1 0
2222 37 5 -1 0
2223 11 35 1 0
2224 31 24 0 1
2225 54 12 0 -1
2226 87 9 -1 0
2227 13 8 -1 0
2228 25 25 -1 0
2229 29 35 -1 0
2230 11 5 0 -1
2231 68 7 0 1
2232 70 2 -1 0
2233 92 19 0 1
2234 39 26 -1 0
2235 82 28 0 -1
2236 48 26 0 -1
2237 69 26 0 1
2238 21 19 -1 0
2239 93 13 0 -1
2240 41 25 0 -1
2241 96 31 0 -1
2242 71 1 -1 0
2243 34 36 1 0
2244 23 34 -1 0
2245 56 7 0 1
2246 28 37 1 0
2247 99 17 0 1
2248 48 11 1 0
2249 96 16 0 -1
2250 42 18 -1 0
2251 25 9 0 1
2252 34 22 0 1
2253 15 13 0 1
2254 38 18 0 1
2255 10 18 1 0
2256 72 8 1 0
2257 98 34 1 0
2258 80 39 0 1
2259 27 0 1 0
2260 7 33 0 1
2261 6 9 0 -1
2262 58 31 1 0
2263 93 10 1 0
2264 85 21 1 0
2265 20 0 0 1
2266 30 28 1 0
2267 1 25 0 1
2268 48 21 -1 0
2269 10 11 0 -1
2270 47 2 -1 0
2271 44 11 0 -1
2272 19 14 0 -1
2273 87 17 0 -1
2274 17 28 1 0
2275 52 3 1 0
2276 44 3 0 -1
2277 76 38 0 -1
2278 78 35 -1 0
2279 59 12 0 -1
2280 55 36 0 1
2281 36 28 0 -1
2282 38 27 0 -1
2283 89 2 1 0
2284 40 14 0 1
2285 47 30 -1 0
2286 24 12 0 1
2287 65 22 0 1
2288 42 33 0 -1
2289 14 33 -1 0
2290 47 35 0 -1
2291 25 21 1 0
2292 75 22 0 1
2293 81 34 0 1
2294 17 31 0 -1
2295 48 9 0 -1
2296 45 16 0 1
2297 31 0 1 0
2298 62 25 -1 0
2299 94 13 -1 0
2300 86 13 -1 0
2301 5 38 -1 0
2302 1 17 0 1
2303 91 16 1 0
2304 34 26 -1 0
2305 30 10 -1 0
2306 50 30 -1 0
2307 98 13 0 1
2308 26 35 0 1
2309 43 19 0 -1
2310 77 19 0 1
2311 86 9 1 0
2312 36 30 0 -1
2313 78 28 1 0
2314 97 16 0 1
2315 81 29 -1 0
2316 58 2 0 -1
2317 4 36 -1 0
2318 6 22 0 -1
2319 7 7 0 1
2320 70 11 -1 0
2321 37 0 1 0
2322 9 6 0 1
2323 36 14 -1 0
2324 13 25 1 0
2325 20 6 0 -1
2326 30 4 0 -1
2327 96 0 0 -1
2328 49 5 1 0
2329 27 15 1 0
2330 43 26 0 1
2331 26 36 0 1
2332 45 29 -1 0
2333 64 4 0 1
2334 74 1 0 1
2335 52 13 0 -1
2336 44 37 0 -1
2337 72 6 0 -1
2338 25 37 -1 0
2339 42 8 0 -1
2340 90 13 1 0
2341 37 8 -1 0
2342 28 31 -1 0
2343 83 23 -1 0
2344 19 25 0 1
2345 89 24 0 1
2346 18 10 0 -1
2347 24 7 0 1
2348 1 7 0 1
2349 8 10 0 1
2350 92 7 0 -1
2351 18 3 0 1
2352 2 22 0 -1
2353 27 22 0 1
2354 75 13 1 0
2355 37 1 1 0
2356 20 21 0 1
2357 38 36 0 -1
2358 77 13 -1 0
2359 50 34 -1 0
2360 79 27 0 -1
2361 85 9 -1 0
2362 42 21 1 0
2363 48 22 0 1
2364 36 16 0 1
2365 17 19 0 1
2366 39 23 1 0
2367 18 31 0 -1
2368 7 20 1 0
2369 37 27 0 1
2370 27 34 -1 0
2371 10 21 1 0
2372 24 1 -1 0
2373 19 33 0 1
2374 53 24 -1 0
2375 0 17 1 0
2376 68 30 0 -1
2377 16 25 1 0
2378 41 24 0 1
2379 36 8 0 -1
2380 72 3 1 0
2381 28 37 0 1
2382 19 20 1 0
2383 90 10 -1 0
2384 50 29 1 0
2385 96 1 -1 0
2386 36 31 1 0
2387 41 2 1 0
2388 30 34 0 1
2389 44 5 0 -1
2390 28 13 0 -1
2391 78 6 1 0
2392 70 34 -1 0
2393 54 36 -1 0
2394 36 21 -1 0
2395 18 10 0 1
2396 38 38 0 1
2397 22 27 -1 0
2398 23 39 0 1
2399 30 36 0 -1
