0 23 11 1 0
1 92 24 0 -1
2 6 35 -1 0
3 78 38 0 -1
4 39 19 1 0
5 49 16 -1 0
6 43 3 1 0
7 60 23 1 0
8 96 5 0 1
9 44 36 -1 0
10 62 7 1 0
11 95 31 1 0
12 16 20 -1 0
13 77 35 0 1
14 25 37 1 0
15 13 24 0 -1
16 40 12 1 0
17 21 0 0 -1
18 42 0 0 1
19 95 21 0 -1
20 74 28 0 -1
21 9 35 0 1
22 89 12 -1 0
23 25 22 0 -1
24 76 15 0 1
25 90 36 1 0
26 99 33 -1 0
27 30 35 0 -1
28 30 0 1 0
29 12 39 1 0
30 21 2 1 0
31 88 8 0 1
32 51 29 0 -1
33 18 2 -1 0
34 32 26 0 -1
35 42 33 -1 0
36 29 9 1 0
37 88 21 0 1
38 41 24 0 -1
39 48 35 1 0
40 40 35 1 0
41 35 31 0 1
42 7 3 0 1
43 32 4 0 -1
44 12 24 0 1
45 94 8 1 0
46 0 7 1 0
47 60 31 1 0
48 75 37 1 0
49 11 8 1 0
50 54 5 0 -1
51 89 27 0 -1
52 22 34 0 -1
53 4 10 -1 0
54 38 38 -1 0
55 44 24 0 1
56 78 33 0 -1
57 39 31 0 -1
58 6 11 -1 0
59 69 3 1 0
60 2 14 -1 0
61 82 16 0 1
62 11 38 1 0
63 6 9 0 1
64 8 7 0 1
65 23 30 1 0
66 82 35 1 0
67 98 24 0 -1
68 57 13 0 1
69 44 20 1 0
70 20 22 0 -1
71 87 19 0 1
72 3 11 -1 0
73 14 7 0 1
74 58 31 -1 0
75 38 19 1 0
76 94 21 0 1
77 39 6 0 1
78 66 21 0 -1
79 30 6 -1 0
80 38 33 -1 0
81 15 31 0 -1
82 0 31 1 0
83 90 13 0 -1
84 41 36 0 -1
85 29 32 0 1
86 64 0 0 1
87 40 2 1 0
88 2 2 0 -1
89 83 17 -1 0
90 44 25 -1 0
91 55 16 -1 0
92 6 30 0 1
93 53 5 0 1
94 10 36 0 1
95 12 0 -1 0
96 80 11 -1 0
97 76 24 1 0
98 7 11 1 0
99 96 7 0 -1
100 59 5 1 0
101 41 11 1 0
102 79 39 1 0
103 88 33 -1 0
104 29 28 0 -1
105 51 23 -1 0
106 22 22 0 -1
107 3 19 1 0
108 12 0 1 0
109 24 11 0 1
110 85 20 0 -1
111 41 20 0 1
112 91 27 -1 0
113 44 36 -1 0
114 49 36 0 1
115 19 4 0 1
116 31 3 -1 0
117 21 12 0 -1
118 13 4 -1 0
119 84 1 0 1
120 31 6 -1 0
121 85 9 1 0
122 23 9 -1 0
123 14 38 1 0
124 23 35 0 -1
125 15 25 1 0
126 88 16 1 0
127 27 25 0 -1
128 18 18 0 -1
129 20 22 -1 0
130 57 37 -1 0
131 56 4 0 -1
132 41 26 0 -1
133 65 18 0 1
134 46 17 -1 0
135 94 15 1 0
136 24 18 0 1
137 54 6 0 -1
138 6 26 0 1
139 43 0 -1 0
140 23 8 0 1
141 82 1 0 1
142 89 0 0 -1
143 23 10 0 1
144 76 14 1 0
145 40 33 -1 0
146 96 5 0 1
147 74 17 -1 0
148 2 20 0 -1
149 22 27 1 0
150 46 1 -1 0
151 6 25 0 1
152 96 16 1 0
153 43 19 -1 0
154 84 16 0 1
155 27 3 -1 0
156 15 6 0 1
157 20 17 1 0
158 28 27 0 -1
159 76 17 0 -1
160 57 17 -1 0
161 74 15 -1 0
162 61 14 -1 0
163 39 6 -1 0
164 84 37 1 0
165 97 14 -1 0
166 56 32 0 1
167 93 3 -1 0
168 22 39 0 -1
169 10 1 -1 0
170 26 21 0 -1
171 16 36 0 -1
172 46 9 -1 0
173 37 16 0 1
174 66 5 1 0
175 20 39 0 1
176 28 32 0 -1
177 41 21 -1 0
178 91 32 0 -1
179 43 20 -1 0
180 21 21 0 -1
181 9 1 1 0
182 10 22 1 0
183 33 18 0 1
184 45 32 1 0
185 97 10 1 0
186 91 36 0 -1
187 77 36 1 0
188 5 2 1 0
189 46 4 0 -1
190 21 18 1 0
191 78 29 0 1
192 11 4 -1 0
193 23 32 0 -1
194 58 9 0 -1
195 29 4 0 1
196 95 20 -1 0
197 44 8 0 1
198 52 10 0 -1
199 0 27 0 -1
200 47 23 1 0
201 46 39 0 -1
202 2 19 1 0
203 98 37 -1 0
204 69 0 1 0
205 43 9 0 1
206 36 6 0 -1
207 53 9 -1 0
208 12 2 0 1
209 60 18 -1 0
210 27 27 1 0
211 82 34 0 1
212 43 10 1 0
213 14 16 1 0
214 23 7 1 0
215 37 9 0 1
216 61 30 -1 0
217 66 23 1 0
218 70 2 -1 0
219 20 19 -1 0
220 95 2 0 1
221 96 35 -1 0
222 25 5 -1 0
223 58 36 0 1
224 72 8 0 1
225 42 38 0 1
226 36 2 0 -1
227 19 11 0 -1
228 96 29 0 1
229 48 16 -1 0
230 43 9 0 -1
231 5 30 -1 0
232 28 16 0 1
233 83 19 0 -1
234 20 6 0 -1
235 47 26 0 1
236 91 29 0 1
237 32 19 0 1
238 48 37 0 1
239 66 17 0 -1
240 69 1 0 1
241 42 20 0 -1
242 3 12 -1 0
243 46 14 -1 0
244 18 37 -1 0
245 26 39 0 -1
246 31 20 0 1
247 94 13 1 0
248 2 36 -1 0
249 97 33 -1 0
250 61 8 1 0
251 28 12 1 0
252 37 28 0 -1
253 9 11 1 0
254 41 8 0 1
255 66 0 1 0
256 4 21 -1 0
257 55 4 1 0
258 87 23 0 -1
259 77 12 0 -1
260 41 33 1 0
261 1 17 1 0
262 6 0 0 1
263 91 16 0 1
264 32 30 0 -1
265 96 24 0 -1
266 64 38 0 -1
267 99 0 0 -1
268 76 37 0 1
269 47 23 -1 0
270 84 27 1 0
271 21 23 1 0
272 82 37 -1 0
273 14 11 0 1
274 2 34 0 1
275 56 10 1 0
276 84 39 0 -1
277 48 26 0 -1
278 19 2 0 -1
279 88 19 0 -1
280 21 12 -1 0
281 41 0 0 -1
282 99 31 1 0
283 61 22 -1 0
284 0 26 -1 0
285 93 12 0 -1
286 17 38 1 0
287 35 8 -1 0
288 13 36 0 -1
289 75 27 -1 0
290 42 3 0 -1
291 16 4 1 0
292 5 22 0 -1
293 41 12 0 -1
294 31 37 0 -1
295 51 32 0 1
296 68 16 -1 0
297 55 36 -1 0
298 97 11 0 -1
299 54 36 -1 0
300 85 13 -1 0
301 74 38 -1 0
302 0 20 -1 0
303 8 28 -1 0
304 24 32 0 -1
305 0 4 0 -1
306 20 2 1 0
307 17 2 0 1
308 47 30 -1 0
309 37 15 0 -1
310 89 31 1 0
311 47 9 0 -1
312 26 3 1 0
313 4 31 0 -1
314 87 39 0 1
315 27 15 1 0
316 56 38 1 0
317 41 10 0 1
318 71 34 1 0
319 83 36 -1 0
320 41 15 0 1
321 60 32 0 -1
322 82 12 0 1
323 37 29 -1 0
324 47 26 -1 0
325 92 12 0 1
326 96 26 0 1
327 49 32 0 1
328 70 18 0 -1
329 75 31 1 0
330 51 12 0 1
331 2 8 0 -1
332 41 14 -1 0
333 0 22 -1 0
334 51 8 0 -1
335 20 5 0 1
336 43 4 0 1
337 21 14 0 -1
338 25 26 0 -1
339 41 5 0 1
340 83 21 0 1
341 61 31 0 -1
342 78 17 -1 0
343 92 26 0 -1
344 52 24 -1 0
345 8 1 0 1
346 13 12 0 1
347 12 7 0 -1
348 41 35 -1 0
349 10 27 0 1
350 56 15 -1 0
351 44 38 1 0
352 48 9 -1 0
353 16 20 1 0
354 45 30 0 1
355 30 28 1 0
356 14 24 -1 0
357 31 13 0 1
358 58 27 0 1
359 4 22 0 -1
360 95 4 0 1
361 5 36 1 0
362 83 34 0 1
363 98 5 -1 0
364 19 14 0 1
365 21 19 -1 0
366 16 0 0 1
367 66 15 0 1
368 11 1 1 0
369 52 6 0 -1
370 5 33 0 1
371 6 8 0 -1
372 97 14 0 -1
373 2 31 0 1
374 46 1 -1 0
375 99 34 -1 0
376 82 32 -1 0
377 24 27 0 -1
378 25 13 0 -1
379 56 7 0 -1
380 56 23 1 0
381 42 17 0 -1
382 69 34 1 0
383 81 32 0 1
384 92 35 0 1
385 0 14 1 0
386 43 11 0 1
387 38 12 1 0
388 88 3 0 1
389 88 13 1 0
390 12 17 0 1
391 26 17 0 1
392 23 18 -1 0
393 44 27 0 -1
394 11 21 0 1
395 11 28 0 -1
396 74 23 0 1
397 89 9 1 0
398 61 15 1 0
399 17 5 0 -1
400 15 27 1 0
401 65 32 1 0
402 83 19 -1 0
403 98 1 0 -1
404 86 33 -1 0
405 73 12 0 -1
406 42 4 0 1
407 26 25 -1 0
408 43 35 1 0
409 63 34 1 0
410 99 19 1 0
411 88 10 1 0
412 38 2 -1 0
413 82 33 1 0
414 16 6 0 1
415 45 4 0 1
416 52 2 1 0
417 43 16 -1 0
418 84 1 0 1
419 7 1 0 1
420 94 5 0 -1
421 53 12 1 0
422 84 31 0 1
423 87 32 1 0
424 86 13 -1 0
425 46 5 -1 0
426 16 7 0 -1
427 37 11 0 1
428 47 8 1 0
429 29 14 -1 0
430 24 2 -1 0
431 17 31 0 -1
432 23 5 0 -1
433 10 7 0 1
434 2 39 -1 0
435 96 17 0 -1
436 46 10 0 -1
437 24 23 -1 0
438 60 18 0 -1
439 43 35 0 1
440 93 3 0 1
441 40 25 1 0
442 87 15 -1 0
443 69 34 0 1
444 8 36 0 -1
445 6 31 0 1
446 57 33 0 -1
447 1 38 -1 0
448 10 15 1 0
449 97 25 0 -1
450 14 37 0 1
451 94 15 1 0
452 83 24 1 0
453 24 13 1 0
454 40 7 -1 0
455 50 13 1 0
456 97 5 0 1
457 51 11 0 -1
458 15 23 1 0
459 4 23 0 1
460 94 6 -1 0
461 34 23 0 1
462 34 36 -1 0
463 95 9 -1 0
464 94 29 -1 0
465 89 18 -1 0
466 74 9 0 -1
467 45 35 0 -1
468 70 36 -1 0
469 39 9 0 -1
470 4 25 -1 0
471 87 28 1 0
472 49 0 1 0
473 80 21 0 1
474 51 31 0 1
475 15 11 0 1
476 90 19 0 -1
477 18 16 0 1
478 87 3 -1 0
479 79 21 0 -1
480 64 13 -1 0
481 24 25 -1 0
482 59 15 -1 0
483 5 31 -1 0
484 7 36 1 0
485 93 7 0 -1
486 72 34 1 0
487 77 17 1 0
488 75 8 1 0
489 84 1 -1 0
490 25 24 0 1
491 25 13 0 -1
492 64 29 0 1
493 50 33 0 1
494 23 11 -1 0
495 93 16 0 1
496 40 1 1 0
497 37 33 0 -1
498 26 9 0 -1
499 17 24 -1 0
500 56 9 -1 0
501 51 18 -1 0
502 72 14 1 0
503 67 17 0 1
504 17 38 0 -1
505 42 18 1 0
506 8 36 1 0
507 56 2 -1 0
508 49 21 0 1
509 43 10 -1 0
510 16 7 -1 0
511 51 1 -1 0
512 75 10 0 -1
513 82 11 -1 0
514 44 11 1 0
515 51 19 1 0
516 94 4 1 0
517 12 24 -1 0
518 24 22 -1 0
519 6 1 0 1
520 13 28 0 -1
521 61 4 0 -1
522 89 8 1 0
523 47 18 -1 0
524 30 15 -1 0
525 33 5 1 0
526 11 7 0 -1
527 57 34 -1 0
528 98 3 0 1
529 14 31 1 0
530 40 18 1 0
531 43 37 -1 0
532 85 33 0 1
533 21 8 1 0
534 84 0 -1 0
535 96 10 0 -1
536 92 24 0 1
537 94 25 -1 0
538 43 12 1 0
539 76 31 1 0
540 41 17 0 -1
541 18 24 0 1
542 38 16 1 0
543 68 13 1 0
544 45 18 0 -1
545 7 13 -1 0
546 4 33 -1 0
547 48 1 1 0
548 6 14 -1 0
549 83 4 -1 0
550 27 9 0 -1
551 39 1 0 1
552 77 5 0 1
553 77 37 0 1
554 57 37 0 1
555 77 29 0 -1
556 91 15 0 -1
557 64 35 0 -1
558 39 10 0 -1
559 17 28 0 -1
560 41 35 -1 0
561 24 19 0 -1
562 67 28 1 0
563 7 16 0 1
564 46 5 0 1
565 80 3 0 1
566 85 10 -1 0
567 98 31 -1 0
568 97 20 1 0
569 79 19 -1 0
570 14 30 -1 0
571 49 18 1 0
572 92 37 0 1
573 27 16 0 -1
574 26 30 1 0
575 80 25 1 0
576 14 7 1 0
577 10 25 0 1
578 22 24 0 1
579 79 35 -1 0
580 21 9 0 1
581 35 9 -1 0
582 18 21 0 1
583 98 34 0 1
584 57 25 -1 0
585 43 34 1 0
586 58 32 0 1
587 63 23 0 1
588 83 34 1 0
589 41 32 0 1
590 98 18 0 -1
591 94 22 0 1
592 27 2 1 0
593 30 23 -1 0
594 27 4 0 1
595 12 34 0 -1
596 38 22 0 1
597 38 13 0 1
598 93 28 0 1
599 60 5 -1 0
600 17 14 -1 0
601 4 1 0 -1
602 88 15 1 0
603 8 5 -1 0
604 21 0 1 0
605 28 3 0 1
606 47 31 0 -1
607 46 33 1 0
608 13 2 0 -1
609 68 5 1 0
610 51 1 -1 0
611 9 36 0 1
612 50 7 0 -1
613 81 8 0 1
614 95 21 0 -1
615 79 37 1 0
616 20 23 1 0
617 2 0 0 1
618 38 23 -1 0
619 55 6 1 0
620 11 2 1 0
621 99 10 0 1
622 58 33 1 0
623 55 32 1 0
624 28 0 0 -1
625 79 8 -1 0
626 61 26 -1 0
627 44 35 0 -1
628 35 39 0 1
629 13 3 0 -1
630 79 0 0 1
631 1 35 0 -1
632 26 22 -1 0
633 54 5 1 0
634 18 21 0 1
635 5 12 0 1
636 24 22 0 -1
637 19 36 0 -1
638 28 34 1 0
639 14 4 0 -1
640 14 30 0 1
641 12 10 -1 0
642 72 31 0 -1
643 94 39 0 1
644 36 31 1 0
645 90 7 0 -1
646 86 5 1 0
647 44 24 0 -1
648 41 10 -1 0
649 69 13 -1 0
650 75 3 0 1
651 13 8 -1 0
652 46 8 0 -1
653 26 30 1 0
654 42 21 0 1
655 99 13 0 -1
656 33 10 0 -1
657 44 3 1 0
658 38 14 -1 0
659 81 29 0 -1
660 61 26 1 0
661 88 28 1 0
662 91 23 -1 0
663 27 0 -1 0
664 90 33 0 1
665 70 37 1 0
666 38 39 1 0
667 61 10 0 1
668 98 16 -1 0
669 8 31 1 0
670 89 36 0 -1
671 64 35 1 0
672 25 35 1 0
673 54 25 0 1
674 10 4 -1 0
675 16 22 -1 0
676 37 19 1 0
677 44 38 0 -1
678 35 22 -1 0
679 14 24 0 1
680 21 37 0 1
681 89 0 1 0
682 0 32 0 -1
683 43 8 0 1
684 53 13 -1 0
685 44 20 0 1
686 34 7 1 0
687 34 22 0 1
688 6 22 0 1
689 0 3 -1 0
690 18 2 -1 0
691 3 18 -1 0
692 37 8 -1 0
693 29 28 1 0
694 28 19 0 1
695 44 2 1 0
696 53 30 -1 0
697 18 22 -1 0
698 70 6 0 -1
699 13 26 -1 0
700 83 8 1 0
701 13 35 0 1
702 76 29 0 1
703 41 33 0 -1
704 46 23 1 0
705 97 15 0 -1
706 23 27 0 1
707 29 21 1 0
708 49 36 0 1
709 72 7 0 1
710 48 9 -1 0
711 17 32 1 0
712 80 11 -1 0
713 50 19 -1 0
714 57 12 0 1
715 49 28 1 0
716 1 23 -1 0
717 23 36 0 -1
718 29 11 0 1
719 41 18 1 0
720 4 38 0 1
721 44 29 -1 0
722 1 8 1 0
723 73 31 0 -1
724 15 34 0 -1
725 96 4 -1 0
726 46 18 1 0
727 62 34 0 -1
728 3 26 -1 0
729 2 28 1 0
730 25 24 -1 0
731 36 24 0 1
732 90 0 -1 0
733 92 1 0 -1
734 19 7 1 0
735 85 18 1 0
736 18 8 0 -1
737 20 38 1 0
738 50 24 1 0
739 91 10 0 1
740 29 35 -1 0
741 48 7 0 -1
742 42 19 1 0
743 53 2 -1 0
744 21 35 0 1
745 0 16 -1 0
746 8 33 1 0
747 9 13 -1 0
748 2 36 1 0
749 83 22 -1 0
750 83 20 0 -1
751 27 37 1 0
752 38 31 1 0
753 18 24 -1 0
754 40 13 -1 0
755 76 17 0 -1
756 48 36 1 0
757 2 3 0 1
758 62 11 0 1
759 26 25 -1 0
760 43 33 0 1
761 11 33 0 1
762 32 8 0 1
763 9 28 1 0
764 28 13 1 0
765 68 35 0 1
766 28 13 1 0
767 34 15 0 1
768 72 25 0 1
769 1 12 0 1
770 51 22 0 1
771 90 8 -1 0
772 39 3 -1 0
773 59 0 -1 0
774 4 21 -1 0
775 76 17 0 -1
776 2 30 0 -1
777 41 4 0 1
778 75 6 1 0
779 7 5 -1 0
780 86 19 -1 0
781 9 37 0 -1
782 26 20 -1 0
783 23 26 -1 0
784 27 26 0 1
785 46 31 -1 0
786 27 13 0 -1
787 1 25 1 0
788 64 34 0 1
789 10 27 1 0
790 75 2 0 1
791 26 7 1 0
792 45 22 -1 0
793 88 17 0 1
794 82 23 0 -1
795 97 36 0 -1
796 20 36 -1 0
797 39 8 0 1
798 2 16 0 -1
799 97 21 0 -1
800 47 3 1 0
801 88 18 0 -1
802 42 29 0 1
803 54 31 0 1
804 15 9 0 -1
805 87 7 0 1
806 10 9 0 -1
807 49 20 1 0
808 92 18 0 1
809 67 20 0 1
810 29 30 0 1
811 11 37 0 1
812 35 12 -1 0
813 2 17 1 0
814 44 9 0 -1
815 93 39 -1 0
816 81 18 -1 0
817 37 8 -1 0
818 18 36 -1 0
819 76 10 -1 0
820 56 7 0 -1
821 15 38 1 0
822 39 33 -1 0
823 84 10 0 1
824 32 37 1 0
825 38 14 1 0
826 19 19 0 1
827 74 1 1 0
828 27 21 0 -1
829 40 31 -1 0
830 37 28 -1 0
831 81 36 1 0
832 30 4 -1 0
833 63 33 0 1
834 2 1 -1 0
835 36 27 0 1
836 35 3 0 -1
837 42 36 -1 0
838 8 39 -1 0
839 18 34 1 0
840 23 37 0 1
841 88 23 -1 0
842 1 36 -1 0
843 85 39 -1 0
844 51 1 -1 0
845 21 5 1 0
846 42 25 0 -1
847 74 15 -1 0
848 1 25 -1 0
849 43 28 -1 0
850 45 33 0 -1
851 84 4 0 1
852 96 38 0 -1
853 98 29 0 -1
854 96 30 0 -1
855 36 0 0 1
856 58 20 -1 0
857 13 8 -1 0
858 69 30 -1 0
859 46 3 0 -1
860 67 24 0 -1
861 68 5 0 -1
862 8 9 1 0
863 42 15 1 0
864 95 18 1 0
865 95 30 0 1
866 43 3 1 0
867 56 21 1 0
868 29 29 0 1
869 24 20 -1 0
870 13 4 1 0
871 88 21 0 1
872 30 27 0 1
873 24 36 0 1
874 86 18 -1 0
875 12 16 0 1
876 4 36 0 -1
877 12 18 -1 0
878 26 4 0 1
879 28 28 -1 0
880 39 35 0 -1
881 63 22 -1 0
882 65 4 0 -1
883 92 31 0 1
884 22 39 -1 0
885 29 22 0 1
886 78 6 -1 0
887 89 38 0 -1
888 62 39 0 1
889 39 11 0 -1
890 50 18 0 -1
891 96 27 1 0
892 4 1 0 1
893 37 24 -1 0
894 14 14 0 -1
895 32 27 0 1
896 5 23 1 0
897 60 5 0 1
898 20 19 -1 0
899 94 18 0 -1
900 28 37 1 0
901 50 2 1 0
902 91 1 1 0
903 19 36 0 -1
904 1 33 -1 0
905 92 7 -1 0
906 22 26 0 -1
907 5 17 0 1
908 98 16 0 1
909 84 38 1 0
910 74 25 1 0
911 90 13 0 -1
912 26 14 0 1
913 54 21 -1 0
914 36 17 0 1
915 46 20 0 -1
916 69 32 0 1
917 8 15 0 1
918 61 1 0 1
919 42 10 0 -1
920 95 22 0 -1
921 42 21 0 -1
922 72 5 0 -1
923 59 4 0 -1
924 95 4 0 1
925 2 9 0 1
926 40 39 1 0
927 54 16 0 1
928 23 6 0 1
929 52 7 0 1
930 8 23 1 0
931 39 31 0 1
932 44 1 1 0
933 98 27 0 -1
934 26 36 0 -1
935 93 10 1 0
936 44 37 0 1
937 90 6 -1 0
938 97 33 -1 0
939 33 32 1 0
940 98 36 0 1
941 10 23 0 1
942 51 17 0 1
943 58 3 0 -1
944 47 28 0 -1
945 96 30 0 -1
946 49 17 0 -1
947 50 5 0 -1
948 56 19 1 0
949 69 4 0 -1
950 96 31 0 -1
951 55 10 -1 0
952 42 20 0 -1
953 96 32 0 1
954 27 33 1 0
955 40 11 -1 0
956 40 20 0 1
957 21 29 0 1
958 43 32 0 -1
959 49 21 0 1
960 67 30 0 -1
961 39 28 0 -1
962 52 25 0 -1
963 73 11 0 1
964 25 25 1 0
965 55 21 1 0
966 93 0 1 0
967 18 26 1 0
968 24 33 1 0
969 98 36 0 -1
970 31 16 0 1
971 79 26 0 1
972 22 21 0 1
973 44 25 -1 0
974 90 27 1 0
975 25 32 1 0
976 89 19 0 1
977 9 4 0 1
978 25 12 0 -1
979 12 4 0 -1
980 90 8 1 0
981 44 35 0 -1
982 37 6 0 1
983 91 23 1 0
984 38 16 1 0
985 71 15 0 1
986 47 7 1 0
987 8 4 1 0
988 94 4 0 1
989 42 19 0 1
990 79 1 0 -1
991 52 18 -1 0
992 92 19 1 0
993 87 32 0 1
994 50 6 -1 0
995 66 33 -1 0
996 50 28 -1 0
997 97 0 -1 0
998 50 19 -1 0
999 88 39 -1 0
1000 93 31 0 1
1001 64 4 -1 0
1002 43 14 -1 0
1003 74 3 0 1
1004 29 8 1 0
1005 92 30 0 1
1006 79 8 1 0
1007 85 17 -1 0
1008 42 13 -1 0
1009 43 28 0 -1
1010 9 28 0 -1
1011 23 18 0 -1
1012 14 27 -1 0
1013 53 4 0 1
1014 18 19 0 1
1015 46 29 -1 0
1016 9 25 -1 0
1017 40 6 -1 0
1018 4 25 0 1
1019 5 4 -1 0
1020 45 1 0 -1
1021 42 37 0 -1
1022 11 1 1 0
1023 68 23 -1 0
1024 89 11 1 0
1025 19 37 0 1
1026 60 22 0 -1
1027 20 14 1 0
1028 61 23 1 0
1029 8 18 -1 0
1030 88 23 0 -1
1031 89 38 0 -1
1032 25 10 0 -1
1033 43 14 0 -1
1034 40 5 0 1
1035 41 21 0 1
1036 90 32 -1 0
1037 43 30 -1 0
1038 27 0 0 1
1039 14 31 0 -1
1040 36 16 0 1
1041 24 24 0 -1
1042 90 19 0 -1
1043 29 12 0 1
1044 67 36 0 1
1045 88 29 1 0
1046 18 26 1 0
1047 15 33 1 0
1048 62 11 0 -1
1049 45 16 0 -1
1050 29 26 0 -1
1051 8 9 -1 0
1052 15 37 0 -1
1053 44 16 0 1
1054 22 20 1 0
1055 6 20 1 0
1056 68 26 1 0
1057 56 21 1 0
1058 16 1 -1 0
1059 42 32 1 0
1060 43 23 1 0
1061 72 25 0 1
1062 92 20 1 0
1063 49 35 0 1
1064 59 25 -1 0
1065 55 30 0 1
1066 23 37 -1 0
1067 9 4 0 -1
1068 37 32 0 -1
1069 52 35 0 1
1070 65 14 0 1
1071 14 32 0 1
1072 87 32 -1 0
1073 2 39 1 0
1074 58 36 0 1
1075 39 22 -1 0
1076 97 16 0 1
1077 85 37 1 0
1078 25 25 0 -1
1079 15 3 0 -1
1080 24 22 1 0
1081 25 20 0 -1
1082 56 10 0 -1
1083 54 22 -1 0
1084 30 32 -1 0
1085 85 3 0 1
1086 93 0 1 0
1087 83 36 0 -1
1088 86 34 0 -1
1089 24 16 1 0
1090 11 2 1 0
1091 90 16 0 -1
1092 24 33 1 0
1093 33 6 0 -1
1094 59 9 0 1
1095 42 19 -1 0
1096 62 5 -1 0
1097 1 25 0 1
1098 60 11 -1 0
1099 41 26 0 1
1100 7 27 0 1
1101 85 6 0 -1
1102 1 21 0 1
1103 39 27 1 0
1104 18 1 0 -1
1105 82 39 0 -1
1106 47 22 0 1
1107 89 8 0 1
1108 83 24 0 1
1109 53 18 1 0
1110 89 36 -1 0
1111 43 6 0 -1
1112 38 29 0 -1
1113 26 29 0 -1
1114 78 1 1 0
1115 22 22 1 0
1116 19 12 -1 0
1117 91 9 1 0
1118 77 1 0 -1
1119 22 17 0 -1
1120 94 36 0 -1
1121 84 29 0 1
1122 89 32 1 0
1123 73 9 1 0
1124 9 14 0 -1
1125 1 29 0 -1
1126 50 6 0 1
1127 29 20 0 1
1128 93 15 0 -1
1129 11 39 0 1
1130 86 3 1 0
1131 19 30 1 0
1132 95 18 0 1
1133 85 37 0 -1
1134 48 2 0 1
1135 35 2 1 0
1136 45 1 1 0
1137 99 9 -1 0
1138 1 34 1 0
1139 29 6 -1 0
1140 89 16 1 0
1141 45 13 0 1
1142 71 10 -1 0
1143 21 17 0 -1
1144 54 24 0 1
1145 95 25 0 -1
1146 13 28 1 0
1147 94 32 1 0
1148 56 32 -1 0
1149 44 24 -1 0
1150 44 31 -1 0
1151 30 27 1 0
1152 96 8 1 0
1153 20 28 -1 0
1154 87 4 0 1
1155 1 22 -1 0
1156 74 7 1 0
1157 22 5 0 1
1158 23 35 0 1
1159 14 12 -1 0
1160 80 39 1 0
1161 91 37 -1 0
1162 29 5 0 -1
1163 10 3 0 -1
1164 11 12 0 1
1165 26 25 -1 0
1166 47 11 0 -1
1167 18 37 0 1
1168 82 34 1 0
1169 45 9 0 1
1170 26 17 0 1
1171 9 26 1 0
1172 78 11 0 1
1173 75 27 1 0
1174 9 39 -1 0
1175 35 3 1 0
1176 9 4 1 0
1177 14 26 0 1
1178 48 20 0 1
1179 25 4 0 -1
1180 0 15 0 1
1181 38 37 1 0
1182 40 29 -1 0
1183 63 5 0 -1
1184 21 17 1 0
1185 38 28 -1 0
1186 94 19 -1 0
1187 70 20 0 1
1188 11 26 0 1
1189 47 24 0 -1
1190 88 16 -1 0
1191 70 28 0 -1
1192 15 27 0 1
1193 86 1 0 1
1194 27 24 0 -1
1195 50 11 0 1
1196 47 4 -1 0
1197 59 13 0 1
1198 24 39 0 -1
1199 41 24 0 1
1200 16 10 1 0
1201 0 37 -1 0
1202 27 12 0 1
1203 23 37 1 0
1204 98 4 0 1
1205 18 18 0 1
1206 90 11 0 1
1207 1 29 0 -1
1208 65 2 1 0
1209 43 18 -1 0
1210 28 26 1 0
1211 13 27 0 -1
1212 88 37 0 1
1213 6 27 0 -1
1214 75 33 0 1
1215 54 37 -1 0
1216 4 32 1 0
1217 39 20 -1 0
1218 41 24 0 -1
1219 66 23 -1 0
1220 9 36 1 0
1221 63 17 -1 0
1222 25 3 -1 0
1223 72 7 -1 0
1224 88 6 0 1
1225 81 22 0 -1
1226 78 35 0 -1
1227 8 39 0 1
1228 58 25 -1 0
1229 44 14 -1 0
1230 30 34 0 1
1231 43 29 1 0
1232 75 4 0 1
1233 81 4 0 -1
1234 19 16 -1 0
1235 38 34 0 -1
1236 27 12 0 -1
1237 92 33 -1 0
1238 15 3 -1 0
1239 85 8 1 0
1240 79 21 -1 0
1241 59 11 1 0
1242 55 23 1 0
1243 93 1 1 0
1244 77 39 0 -1
1245 88 13 0 -1
1246 46 4 0 1
1247 22 17 0 -1
1248 22 6 0 1
1249 91 21 0 -1
1250 21 15 1 0
1251 45 33 1 0
1252 3 21 -1 0
1253 84 9 1 0
1254 79 5 0 -1
1255 50 2 -1 0
1256 70 16 -1 0
1257 56 10 -1 0
1258 7 23 0 -1
1259 40 34 0 1
1260 49 19 0 1
1261 43 18 -1 0
1262 26 21 0 1
1263 21 10 -1 0
1264 3 33 1 0
1265 4 38 0 1
1266 73 7 -1 0
1267 24 37 -1 0
1268 20 8 0 -1
1269 86 0 0 -1
1270 90 17 1 0
1271 26 37 0 1
1272 88 18 0 1
1273 95 12 0 1
1274 89 16 0 -1
1275 19 25 1 0
1276 46 36 1 0
1277 45 27 1 0
1278 38 15 0 -1
1279 15 14 -1 0
1280 70 21 0 -1
1281 19 10 1 0
1282 14 9 0 1
1283 98 33 0 -1
1284 89 8 0 -1
1285 48 3 0 1
1286 48 21 -1 0
1287 26 23 0 1
1288 37 10 0 1
1289 74 13 0 1
1290 50 20 0 -1
1291 60 11 1 0
1292 1 0 0 1
1293 16 17 0 -1
1294 49 13 -1 0
1295 22 7 0 1
1296 20 4 0 -1
1297 83 9 1 0
1298 83 13 -1 0
1299 6 27 0 -1
1300 18 17 0 1
1301 42 5 -1 0
1302 84 8 0 -1
1303 4 10 0 1
1304 25 35 1 0
1305 14 12 1 0
1306 58 36 -1 0
1307 42 37 1 0
1308 51 5 1 0
1309 69 16 0 -1
1310 37 5 0 1
1311 14 22 1 0
1312 99 39 -1 0
1313 60 19 0 -1
1314 25 15 1 0
1315 91 15 0 1
1316 40 20 -1 0
1317 48 35 0 1
1318 72 2 -1 0
1319 82 33 0 1
1320 91 18 0 1
1321 17 2 1 0
1322 45 34 1 0
1323 47 30 0 1
1324 17 4 0 -1
1325 11 33 0 -1
1326 39 37 -1 0
1327 66 32 0 1
1328 0 17 0 -1
1329 40 33 0 -1
1330 27 28 0 -1
1331 20 32 -1 0
1332 99 16 1 0
1333 88 38 0 1
1334 41 11 1 0
1335 50 24 0 -1
1336 72 32 0 1
1337 54 31 0 -1
1338 21 9 0 -1
1339 97 11 0 -1
1340 98 0 0 1
1341 60 12 0 -1
1342 73 11 0 1
1343 60 24 1 0
1344 41 32 1 0
1345 33 6 -1 0
1346 63 14 1 0
1347 24 36 0 1
1348 58 23 0 -1
1349 24 24 1 0
1350 46 20 0 1
1351 7 27 -1 0
1352 92 22 1 0
1353 66 9 1 0
1354 77 36 -1 0
1355 12 17 1 0
1356 2 20 -1 0
1357 15 22 -1 0
1358 9 5 -1 0
1359 14 22 0 1
1360 50 18 -1 0
1361 22 3 0 1
1362 59 33 -1 0
1363 18 31 0 1
1364 12 29 -1 0
1365 53 33 1 0
1366 36 38 0 1
1367 24 32 0 1
1368 10 31 0 1
1369 39 16 0 1
1370 29 5 0 -1
1371 95 33 0 -1
1372 0 6 -1 0
1373 80 31 0 -1
1374 27 28 -1 0
1375 87 36 0 -1
1376 36 33 0 1
1377 56 21 1 0
1378 99 23 -1 0
1379 53 4 0 1
1380 43 38 1 0
1381 7 8 0 1
1382 41 38 1 0
1383 71 20 0 1
1384 93 6 0 1
1385 18 5 0 -1
1386 56 9 1 0
1387 83 3 0 -1
1388 1 33 0 1
1389 94 38 0 -1
1390 19 10 1 0
1391 44 15 0 1
1392 85 27 0 1
1393 38 12 0 1
1394 50 26 0 -1
1395 47 9 -1 0
1396 18 6 0 -1
1397 42 29 -1 0
1398 80 9 1 0
1399 66 8 1 0
1400 54 24 -1 0
1401 78 5 0 1
1402 9 2 0 -1
1403 39 33 0 -1
1404 13 6 0 -1
1405 61 37 -1 0
1406 23 11 -1 0
1407 67 11 0 1
1408 14 14 1 0
1409 85 27 -1 0
1410 22 9 0 -1
1411 73 8 1 0
1412 46 11 0 1
1413 48 27 0 -1
1414 14 36 0 -1
1415 90 7 0 1
1416 53 20 1 0
1417 37 0 1 0
1418 81 33 0 -1
1419 9 35 0 1
1420 58 14 0 1
1421 22 16 -1 0
1422 1 26 0 -1
1423 13 33 -1 0
1424 40 26 0 1
1425 21 17 0 -1
1426 86 21 1 0
1427 95 35 0 1
1428 57 5 0 1
1429 67 39 1 0
1430 75 32 -1 0
1431 94 34 1 0
1432 67 31 0 1
1433 38 25 0 1
1434 3 17 0 -1
1435 96 29 0 -1
1436 47 12 -1 0
1437 53 33 0 -1
1438 46 10 0 -1
1439 25 10 0 -1
1440 73 7 -1 0
1441 55 20 -1 0
1442 82 32 1 0
1443 90 14 -1 0
1444 71 33 1 0
1445 22 3 1 0
1446 77 3 0 -1
1447 78 8 -1 0
1448 16 9 -1 0
1449 45 12 -1 0
1450 38 15 1 0
1451 94 10 -1 0
1452 27 35 1 0
1453 88 9 -1 0
1454 54 30 1 0
1455 40 18 0 -1
1456 41 31 0 1
1457 63 35 0 -1
1458 41 38 1 0
1459 65 14 1 0
1460 44 28 0 -1
1461 77 28 0 1
1462 52 13 1 0
1463 70 25 1 0
1464 27 18 0 1
1465 35 20 0 1
1466 42 10 -1 0
1467 5 15 1 0
1468 71 12 0 -1
1469 11 5 0 -1
1470 71 20 -1 0
1471 17 27 0 1
1472 90 3 -1 0
1473 3 1 -1 0
1474 66 10 -1 0
1475 94 35 0 -1
1476 73 24 -1 0
1477 3 38 -1 0
1478 83 13 0 1
1479 36 38 1 0
1480 53 13 0 -1
1481 78 3 1 0
1482 2 37 -1 0
1483 39 30 1 0
1484 22 21 1 0
1485 19 21 1 0
1486 41 15 1 0
1487 43 1 -1 0
1488 29 2 0 1
1489 52 8 0 -1
1490 42 14 0 -1
1491 58 37 1 0
1492 24 28 0 -1
1493 19 10 1 0
1494 53 30 0 -1
1495 33 15 0 -1
1496 25 38 -1 0
1497 39 21 0 -1
1498 53 30 0 1
1499 42 23 0 1
1500 40 27 1 0
1501 22 13 0 1
1502 42 32 0 1
1503 39 18 1 0
1504 43 17 0 1
1505 36 28 0 -1
1506 20 8 1 0
1507 3 25 -1 0
1508 35 30 0 1
1509 67 10 1 0
1510 39 7 0 1
1511 7 0 0 -1
1512 31 24 -1 0
1513 95 37 0 -1
1514 9 3 0 1
1515 61 35 1 0
1516 23 26 0 1
1517 93 39 1 0
1518 19 28 -1 0
1519 78 21 0 1
1520 73 35 -1 0
1521 48 14 0 -1
1522 6 36 0 1
1523 91 36 0 -1
1524 76 22 -1 0
1525 20 32 0 1
1526 94 31 -1 0
1527 47 21 1 0
1528 57 10 -1 0
1529 78 12 0 1
1530 83 28 0 1
1531 27 13 -1 0
1532 23 13 -1 0
1533 29 33 0 -1
1534 29 3 0 1
1535 10 20 0 -1
1536 19 16 -1 0
1537 17 6 1 0
1538 25 0 0 -1
1539 48 28 0 1
1540 55 24 -1 0
1541 17 39 1 0
1542 26 9 1 0
1543 88 21 1 0
1544 61 39 0 1
1545 18 0 1 0
1546 28 1 1 0
1547 93 5 1 0
1548 24 1 0 1
1549 94 32 1 0
1550 61 35 0 1
1551 13 13 0 1
1552 75 20 1 0
1553 28 14 0 -1
1554 61 22 0 -1
1555 1 20 -1 0
1556 45 36 0 1
1557 79 3 1 0
1558 56 6 0 1
1559 61 25 1 0
1560 15 11 -1 0
1561 55 20 1 0
1562 76 7 0 -1
1563 48 4 1 0
1564 85 18 0 1
1565 38 1 0 1
1566 70 16 1 0
1567 39 14 0 1
1568 25 5 0 1
1569 13 3 1 0
1570 94 20 0 1
1571 73 17 0 -1
1572 32 24 1 0
1573 13 15 1 0
1574 43 13 -1 0
1575 88 12 -1 0
1576 12 26 0 1
1577 29 39 1 0
1578 84 22 0 1
1579 7 30 -1 0
1580 39 26 0 -1
1581 1 35 0 1
1582 73 9 0 1
1583 21 29 1 0
1584 5 24 0 1
1585 5 24 1 0
1586 90 11 -1 0
1587 57 32 1 0
1588 78 5 1 0
1589 51 36 -1 0
1590 91 22 1 0
1591 64 17 -1 0
1592 48 17 1 0
1593 11 22 0 -1
1594 7 22 0 1
1595 46 7 -1 0
1596 7 35 -1 0
1597 0 24 1 0
1598 16 3 0 1
1599 10 10 -1 0
1600 93 2 0 1
1601 27 20 0 1
1602 86 39 -1 0
1603 62 7 -1 0
1604 9 29 -1 0
1605 54 24 0 -1
1606 59 39 0 -1
1607 16 24 -1 0
1608 93 10 0 -1
1609 69 16 -1 0
1610 45 1 0 1
1611 43 29 -1 0
1612 16 25 -1 0
1613 44 9 0 -1
1614 76 36 1 0
1615 99 4 -1 0
1616 74 36 0 -1
1617 83 15 -1 0
1618 47 31 1 0
1619 97 18 -1 0
1620 18 9 -1 0
1621 16 22 -1 0
1622 88 11 0 -1
1623 94 23 0 1
1624 91 35 1 0
1625 40 28 -1 0
1626 87 14 0 -1
1627 65 37 0 -1
1628 89 35 0 1
1629 56 30 0 -1
1630 63 12 -1 0
1631 27 33 0 1
1632 44 9 0 1
1633 34 19 0 1
1634 30 0 0 1
1635 41 33 0 1
1636 38 20 0 1
1637 49 36 1 0
1638 33 17 0 -1
1639 7 12 -1 0
1640 22 13 1 0
1641 80 34 0 1
1642 50 26 -1 0
1643 98 11 -1 0
1644 54 32 0 1
1645 75 37 -1 0
1646 45 31 0 1
1647 21 7 0 1
1648 54 28 0 1
1649 58 28 0 -1
1650 93 13 0 1
1651 26 37 0 -1
1652 65 14 0 -1
1653 95 38 0 1
1654 9 15 0 1
1655 7 30 0 1
1656 92 37 1 0
1657 40 17 0 1
1658 3 15 0 1
1659 68 12 0 -1
1660 27 18 -1 0
1661 45 25 -1 0
1662 89 28 -1 0
1663 96 16 0 -1
1664 17 14 1 0
1665 5 18 1 0
1666 95 27 1 0
1667 56 0 0 -1
1668 45 27 -1 0
1669 42 33 1 0
1670 44 5 0 1
1671 28 34 -1 0
1672 23 23 1 0
1673 34 23 -1 0
1674 0 35 0 -1
1675 35 20 0 -1
1676 47 36 1 0
1677 8 4 0 -1
1678 17 0 1 0
1679 85 8 0 1
1680 0 32 -1 0
1681 36 9 0 1
1682 41 19 -1 0
1683 87 1 0 1
1684 42 22 -1 0
1685 6 2 1 0
1686 1 38 0 1
1687 92 32 0 -1
1688 75 24 -1 0
1689 47 35 1 0
1690 8 3 -1 0
1691 38 1 0 -1
1692 22 26 1 0
1693 48 19 -1 0
1694 71 19 1 0
1695 1 9 0 -1
1696 57 19 1 0
1697 39 18 0 1
1698 39 3 0 1
1699 8 22 0 1
1700 95 0 -1 0
1701 21 1 0 -1
1702 61 25 1 0
1703 51 30 1 0
1704 79 38 1 0
1705 45 36 0 1
1706 12 29 1 0
1707 51 0 -1 0
1708 72 21 0 1
1709 4 6 0 -1
1710 75 4 0 -1
1711 63 12 0 -1
1712 5 15 0 1
1713 21 5 0 1
1714 24 15 0 -1
1715 48 9 1 0
1716 7 13 0 1
1717 55 4 -1 0
1718 40 13 1 0
1719 77 4 0 -1
1720 25 32 -1 0
1721 86 4 0 -1
1722 2 21 -1 0
1723 90 1 -1 0
1724 52 22 0 -1
1725 35 13 0 1
1726 82 6 1 0
1727 25 26 0 1
1728 9 11 0 1
1729 51 3 1 0
1730 89 4 0 -1
1731 69 17 1 0
1732 94 15 0 -1
1733 49 9 -1 0
1734 15 4 0 -1
1735 56 17 -1 0
1736 94 36 0 1
1737 55 32 0 -1
1738 85 10 0 -1
1739 44 0 -1 0
1740 59 33 1 0
1741 2 0 1 0
1742 16 16 1 0
1743 93 35 0 1
1744 23 21 0 1
1745 41 35 0 1
1746 37 5 -1 0
1747 39 22 0 -1
1748 9 37 -1 0
1749 25 39 0 1
1750 17 35 -1 0
1751 14 23 1 0
1752 87 27 -1 0
1753 13 33 1 0
1754 52 9 0 1
1755 10 2 1 0
1756 49 21 0 1
1757 19 14 -1 0
1758 25 37 0 1
1759 97 31 0 -1
1760 6 15 0 1
1761 11 31 1 0
1762 14 17 1 0
1763 63 10 1 0
1764 42 8 1 0
1765 44 0 0 1
1766 8 35 0 1
1767 15 38 0 -1
1768 22 9 -1 0
1769 68 6 -1 0
1770 26 24 0 1
1771 64 0 0 1
1772 4 18 1 0
1773 42 26 0 1
1774 44 10 0 -1
1775 22 35 0 -1
1776 85 17 0 1
1777 25 6 0 -1
1778 68 0 1 0
1779 2 10 0 1
1780 27 8 0 -1
1781 88 1 0 -1
1782 34 9 -1 0
1783 8 37 -1 0
1784 76 9 0 1
1785 25 25 0 1
1786 12 31 1 0
1787 68 26 0 1
1788 67 6 0 -1
1789 79 5 -1 0
1790 53 2 1 0
1791 68 27 0 1
1792 78 11 -1 0
1793 54 27 0 1
1794 66 20 1 0
1795 57 14 1 0
1796 43 8 -1 0
1797 38 2 0 1
1798 17 30 0 -1
1799 4 5 0 1
1800 80 14 -1 0
1801 36 28 -1 0
1802 18 11 0 1
1803 15 33 -1 0
1804 56 4 1 0
1805 70 28 0 1
1806 17 18 0 1
1807 92 16 0 1
1808 38 19 -1 0
1809 76 3 -1 0
1810 86 35 -1 0
1811 72 30 0 -1
1812 20 7 1 0
1813 23 3 0 1
1814 3 29 0 1
1815 62 31 0 -1
1816 28 2 0 1
1817 43 15 -1 0
1818 30 2 0 1
1819 85 28 0 1
1820 64 23 -1 0
1821 27 3 -1 0
1822 43 13 -1 0
1823 19 28 0 1
1824 88 2 1 0
1825 63 6 0 -1
1826 89 3 -1 0
1827 56 29 0 1
1828 36 0 -1 0
1829 30 18 0 -1
1830 24 21 -1 0
1831 89 27 0 1
1832 38 22 -1 0
1833 92 6 -1 0
1834 51 38 0 1
1835 27 13 0 -1
1836 46 0 1 0
1837 94 3 0 -1
1838 85 10 -1 0
1839 36 38 0 1
1840 43 34 1 0
1841 6 14 -1 0
1842 14 27 -1 0
1843 56 9 0 -1
1844 30 31 1 0
1845 21 10 0 -1
1846 53 21 0 -1
1847 37 26 0 -1
1848 94 2 1 0
1849 6 34 0 1
1850 93 9 -1 0
1851 16 9 -1 0
1852 88 31 0 -1
1853 55 32 0 -1
1854 39 23 0 1
1855 57 19 0 1
1856 49 17 0 1
1857 11 0 1 0
1858 39 3 0 -1
1859 99 5 1 0
1860 27 6 0 -1
1861 7 11 0 1
1862 15 32 0 1
1863 1 32 1 0
1864 47 28 -1 0
1865 34 24 0 -1
1866 67 22 1 0
1867 91 17 0 -1
1868 94 9 0 -1
1869 41 31 0 -1
1870 99 39 0 -1
1871 32 3 1 0
1872 54 21 0 1
1873 29 5 -1 0
1874 5 5 0 -1
1875 45 2 0 1
1876 33 7 0 1
1877 2 32 0 -1
1878 46 28 0 1
1879 22 37 0 -1
1880 24 37 -1 0
1881 64 39 0 -1
1882 42 32 0 1
1883 85 14 0 1
1884 69 35 0 1
1885 10 6 -1 0
1886 80 26 1 0
1887 17 37 -1 0
1888 23 6 -1 0
1889 91 0 -1 0
1890 54 27 1 0
1891 45 21 -1 0
1892 84 38 0 -1
1893 43 28 0 -1
1894 40 30 1 0
1895 37 23 1 0
1896 41 31 0 -1
1897 15 34 0 -1
1898 45 3 -1 0
1899 47 9 0 1
1900 15 10 0 -1
1901 49 6 0 1
1902 1 29 0 -1
1903 86 2 1 0
1904 60 11 0 -1
1905 5 35 0 -1
1906 43 31 -1 0
1907 15 11 0 1
1908 41 4 0 -1
1909 22 0 0 -1
1910 41 30 0 1
1911 41 14 1 0
1912 7 1 1 0
1913 40 37 0 -1
1914 27 22 0 -1
1915 3 24 0 1
1916 79 23 -1 0
1917 38 36 0 1
1918 46 36 1 0
1919 72 4 1 0
1920 44 26 0 -1
1921 15 27 -1 0
1922 5 23 -1 0
1923 97 22 1 0
1924 72 18 0 -1
1925 96 8 -1 0
1926 46 12 1 0
1927 70 37 -1 0
1928 52 37 0 1
1929 12 27 -1 0
1930 9 11 -1 0
1931 74 27 0 -1
1932 43 4 1 0
1933 51 31 -1 0
1934 82 8 -1 0
1935 43 10 0 -1
1936 6 17 1 0
1937 39 23 -1 0
1938 33 22 1 0
1939 2 13 1 0
1940 7 2 0 1
1941 15 4 1 0
1942 28 7 1 0
1943 4 12 0 -1
1944 94 31 0 -1
1945 23 17 0 1
1946 45 15 0 1
1947 82 30 -1 0
1948 37 2 0 1
1949 98 4 0 1
1950 60 20 -1 0
1951 43 24 1 0
1952 11 4 1 0
1953 0 7 -1 0
1954 13 38 -1 0
1955 15 24 -1 0
1956 41 19 1 0
1957 25 12 0 1
1958 48 26 0 1
1959 51 21 -1 0
1960 9 3 0 -1
1961 49 30 1 0
1962 17 39 1 0
1963 85 39 1 0
1964 95 27 0 1
1965 19 13 1 0
1966 44 8 0 1
1967 51 38 0 -1
1968 40 19 1 0
1969 41 25 0 -1
1970 5 36 0 1
1971 38 38 -1 0
1972 57 15 1 0
1973 66 27 0 1
1974 18 13 1 0
1975 64 36 -1 0
1976 88 9 -1 0
1977 97 25 0 -1
1978 76 26 1 0
1979 92 12 0 1
1980 36 20 -1 0
1981 88 2 0 -1
1982 84 9 1 0
1983 24 14 0 -1
1984 74 29 1 0
1985 11 23 1 0
1986 87 4 1 0
1987 9 8 -1 0
1988 10 30 0 1
1989 18 18 -1 0
1990 26 11 -1 0
1991 83 7 1 0
1992 41 16 -1 0
1993 5 1 -1 0
1994 58 6 0 -1
1995 90 15 0 -1
1996 89 31 -1 0
1997 96 0 0 -1
1998 10 17 0 1
1999 70 36 0 1
2000 21 21 1 0
2001 90 4 1 0
2002 10 38 0 1
2003 41 10 0 1
2004 99 22 0 -1
2005 51 21 1 0
2006 31 23 0 1
2007 53 39 0 -1
2008 1 1 0 1
2009 92 23 0 1
2010 81 4 1 0
2011 37 18 -1 0
2012 57 28 0 1
2013 66 19 0 1
2014 13 35 0 -1
2015 80 32 0 -1
2016 88 33 1 0
2017 13 2 -1 0
2018 94 18 0 1
2019 67 38 0 1
2020 7 25 0 -1
2021 19 8 -1 0
2022 63 34 0 1
2023 26 5 -1 0
2024 29 12 -1 0
2025 32 18 0 -1
2026 39 16 0 -1
2027 8 11 0 -1
2028 45 32 -1 0
2029 4 15 -1 0
2030 25 32 0 1
2031 89 20 0 -1
2032 50 27 0 -1
2033 22 9 0 1
2034 41 18 0 -1
2035 6 32 0 1
2036 61 20 0 1
2037 89 38 0 -1
2038 70 30 1 0
2039 90 33 1 0
2040 29 25 0 1
2041 45 35 0 1
2042 45 25 -1 0
2043 96 31 1 0
2044 7 3 0 1
2045 75 2 0 -1
2046 5 10 0 1
2047 55 23 0 -1
2048 32 4 1 0
2049 24 1 1 0
2050 37 32 1 0
2051 39 22 -1 0
2052 52 21 0 1
2053 61 11 0 1
2054 4 6 0 -1
2055 45 9 0 -1
2056 46 16 0 1
2057 11 17 0 1
2058 85 30 0 -1
2059 53 7 0 1
2060 72 26 0 -1
2061 0 29 0 1
2062 22 29 1 0
2063 29 23 1 0
2064 49 33 0 1
2065 30 0 -1 0
2066 44 19 0 -1
2067 23 10 0 1
2068 0 15 0 -1
2069 70 13 0 -1
2070 26 17 -1 0
2071 64 37 0 -1
2072 58 28 0 1
2073 42 28 0 -1
2074 78 8 0 1
2075 84 36 0 1
2076 86 23 1 0
2077 22 36 0 -1
2078 28 13 0 -1
2079 24 20 0 -1
2080 50 9 1 0
2081 28 24 0 -1
2082 40 9 -1 0
2083 87 33 0 -1
2084 43 4 0 1
2085 38 37 0 -1
2086 92 0 -1 0
2087 52 6 0 1
2088 93 6 0 1
2089 63 13 1 0
2090 50 16 1 0
2091 43 24 0 1
2092 97 35 0 -1
2093 37 38 0 1
2094 94 14 0 1
2095 69 14 0 1
2096 86 9 0 1
2097 71 6 -1 0
2098 98 9 0 1
2099 43 12 0 1
2100 81 16 0 -1
2101 18 29 1 0
2102 88 12 0 1
2103 8 8 1 0
2104 29 3 -1 0
2105 47 8 -1 0
2106 15 14 1 0
2107 28 21 0 -1
2108 28 10 0 1
2109 80 12 0 -1
2110 25 12 -1 0
2111 91 37 1 0
2112 2 19 -1 0
2113 8 3 1 0
2114 68 39 0 1
2115 24 20 -1 0
2116 54 6 0 -1
2117 36 3 0 1
2118 34 11 0 -1
2119 75 11 0 1
2120 48 35 1 0
2121 6 19 0 -1
2122 4 27 0 1
2123 43 35 -1 0
2124 38 2 -1 0
2125 63 18 -1 0
2126 43 22 -1 0
2127 54 6 0 1
2128 92 5 0 -1
2129 10 34 0 1
2130 39 21 0 1
2131 53 2 0 1
2132 6 24 -1 0
2133 25 36 1 0
2134 48 2 0 -1
2135 8 11 -1 0
2136 97 0 1 0
2137 29 4 1 0
2138 91 39 0 1
2139 6 32 -1 0
2140 53 6 -1 0
2141 44 39 0 -1
2142 11 26 -1 0
2143 46 33 0 1
2144 32 14 0 1
2145 33 26 0 1
2146 99 3 0 -1
2147 12 6 0 -1
2148 22 28 1 0
2149 7 38 0 1
2150 61 11 0 1
2151 23 18 1 0
2152 27 4 0 1
2153 1 23 -1 0
2154 42 3 -1 0
2155 44 22 0 1
2156 23 5 1 0
2157 70 14 0 1
2158 92 1 1 0
2159 66 33 0 1
2160 95 23 1 0
2161 52 21 0 -1
2162 10 33 0 -1
2163 67 30 -1 0
2164 73 7 -1 0
2165 76 24 -1 0
2166 4 36 0 1
2167 70 24 0 1
2168 15 32 0 -1
2169 22 19 1 0
2170 82 39 0 -1
2171 91 6 0 1
2172 39 31 0 1
2173 97 19 1 0
2174 4 33 1 0
2175 39 26 0 -1
2176 22 38 0 -1
2177 30 12 -1 0
2178 27 31 0 -1
2179 86 5 0 -1
2180 96 13 -1 0
2181 5 14 0 -1
2182 92 33 0 1
2183 70 37 0 1
2184 38 19 1 0
2185 28 19 0 1
2186 35 31 0 1
2187 58 30 -1 0
2188 63 1 -1 0
2189 16 23 0 -1
2190 46 21 0 -1
2191 8 11 1 0
2192 14 21 0 1
2193 5 23 0 -1
2194 41 38 0 1
2195 20 28 1 0
2196 99 1 1 0
2197 6 15 -1 0
2198 3 2 1 0
2199 92 29 0 -1
2200 99 22 0 1
2201 50 1 0 1
2202 11 3 0 1
2203 73 37 1 0
2204 46 8 -1 0
2205 41 3 -1 0
2206 25 38 1 0
2207 65 39 1 0
2208 99 36 0 -1
2209 88 13 -1 0
2210 58 22 0 -1
2211 19 7 0 -1
2212 94 39 -1 0
2213 25 30 0 1
2214 42 10 1 0
2215 38 15 1 0
2216 46 17 1 0
2217 41 6 1 0
2218 8 19 0 -1
2219 75 29 1 0
2220 14 22 -1 0
2221 89 20 -1 0
2222 50 26 -1 0
2223 41 16 0 1
2224 17 22 -1 0
2225 5 36 1 0
2226 80 35 1 0
2227 21 4 1 0
2228 45 30 0 -1
2229 18 24 0 1
2230 7 0 0 -1
2231 31 1 -1 0
2232 63 33 0 1
2233 13 18 1 0
2234 22 31 -1 0
2235 82 26 -1 0
2236 41 7 1 0
2237 59 17 0 -1
2238 28 19 0 -1
2239 95 10 -1 0
2240 74 9 -1 0
2241 46 19 0 -1
2242 25 19 0 1
2243 36 31 0 1
2244 21 16 0 1
2245 94 32 1 0
2246 10 1 0 1
2247 47 32 0 -1
2248 85 38 0 -1
2249 24 18 0 -1
2250 51 17 0 -1
2251 81 39 0 1
2252 43 13 1 0
2253 87 10 0 -1
2254 64 23 -1 0
2255 13 6 1 0
2256 95 0 -1 0
2257 48 29 0 -1
2258 7 25 0 -1
2259 13 26 0 -1
2260 49 11 -1 0
2261 24 0 1 0
2262 91 12 1 0
2263 14 19 -1 0
2264 43 9 1 0
2265 99 10 -1 0
2266 28 20 0 -1
2267 91 32 -1 0
2268 54 37 1 0
2269 30 27 1 0
2270 47 38 0 -1
2271 55 3 1 0
2272 66 5 0 1
2273 4 27 1 0
2274 21 36 0 -1
2275 39 0 1 0
2276 3 12 -1 0
2277 95 37 0 -1
2278 90 10 0 -1
2279 85 18 1 0
2280 67 15 -1 0
2281 95 31 0 -1
2282 60 22 0 1
2283 93 35 0 1
2284 94 16 1 0
2285 53 6 0 -1
2286 84 14 1 0
2287 95 25 0 -1
2288 19 0 1 0
2289 80 12 0 -1
2290 54 2 -1 0
2291 98 8 0 -1
2292 90 14 0 1
2293 28 18 1 0
2294 12 18 0 -1
2295 95 2 -1 0
2296 40 26 0 1
2297 25 5 1 0
2298 11 36 0 1
2299 31 20 -1 0
2300 70 38 -1 0
2301 70 3 0 -1
2302 65 27 0 1
2303 86 11 0 -1
2304 35 26 -1 0
2305 27 17 0 1
2306 54 23 0 1
2307 3 36 0 -1
2308 43 6 0 -1
2309 61 5 -1 0
2310 25 35 0 1
2311 93 22 -1 0
2312 34 22 0 -1
2313 18 19 0 1
2314 38 24 0 -1
2315 52 25 1 0
2316 94 3 -1 0
2317 72 5 0 -1
2318 78 3 -1 0
2319 78 36 1 0
2320 27 27 1 0
2321 37 24 0 1
2322 60 2 0 1
2323 84 14 0 -1
2324 0 20 0 -1
2325 89 39 -1 0
2326 55 7 1 0
2327 40 31 0 -1
2328 43 6 0 -1
2329 4 8 -1 0
2330 9 19 0 -1
2331 3 27 -1 0
2332 48 12 -1 0
2333 39 28 0 1
2334 86 21 0 -1
2335 64 16 0 1
2336 24 29 0 1
2337 21 27 1 0
2338 9 6 1 0
2339 23 17 1 0
2340 14 24 -1 0
2341 63 7 0 -1
2342 26 16 0 1
2343 45 32 0 1
2344 89 1 0 1
2345 65 3 -1 0
2346 98 39 -1 0
2347 25 8 0 1
2348 55 5 1 0
2349 81 18 1 0
2350 49 32 1 0
2351 22 33 1 0
2352 0 34 1 0
2353 84 33 0 1
2354 56 31 0 1
2355 0 6 1 0
2356 70 4 1 0
2357 64 17 0 1
2358 39 9 1 0
2359 23 23 1 0
2360 13 27 0 -1
2361 85 35 0 -1
2362 96 13 0 1
2363 14 5 0 -1
2364 22 37 0 1
2365 4 20 1 0
2366 53 4 1 0
2367 47 36 0 -1
2368 16 3 0 -1
2369 97 5 0 1
2370 9 18 0 -1
2371 21 36 -1 0
2372 90 16 0 -1
2373 18 2 0 1
2374 11 38 -1 0
2375 68 28 0 1
2376 59 0 -1 0
2377 77 15 0 1
2378 62 32 1 0
2379 36 23 0 -1
2380 92 21 1 0
2381 40 19 0 -1
2382 24 9 -1 0
2383 28 27 0 1
2384 40 3 1 0
2385 98 7 1 0
2386 78 12 0 1
2387 81 33 0 1
2388 13 20 1 0
2389 81 3 0 1
2390 16 13 1 0
2391 54 8 1 0
2392 90 32 0 -1
2393 40 8 1 0
2394 37 16 1 0
2395 96 26 -1 0
2396 97 36 1 0
2397 2 25 0 1
2398 30 10 0 1
2399 91 9 0 1
2400 20 26 -1 0
2401 8 31 -1 0
2402 86 27 0 1
2403 47 32 0 1
2404 30 16 0 -1
2405 27 0 -1 0
2406 82 3 0 -1
2407 76 0 0 1
2408 3 32 -1 0
2409 16 34 0 1
2410 73 15 0 -1
2411 69 29 0 1
2412 60 33 1 0
2413 64 6 0 1
2414 39 6 0 -1
2415 84 21 -1 0
2416 98 37 -1 0
2417 4 31 0 -1
2418 43 18 0 -1
2419 49 20 0 1
2420 15 8 0 1
2421 40 18 -1 0
2422 83 27 -1 0
2423 18 25 0 1
2424 40 31 -1 0
2425 29 26 1 0
2426 52 3 0 -1
2427 17 35 0 -1
2428 40 38 0 -1
2429 93 36 0 -1
2430 41 1 0 1
2431 46 16 1 0
2432 6 20 0 1
2433 81 7 1 0
2434 50 13 1 0
2435 48 32 1 0
2436 95 28 1 0
2437 4 13 1 0
2438 1 16 1 0
2439 25 6 1 0
2440 80 33 0 1
2441 1 27 0 1
2442 89 39 -1 0
2443 90 10 -1 0
2444 60 19 -1 0
2445 78 4 -1 0
2446 66 23 0 1
2447 38 38 -1 0
2448 44 21 1 0
2449 4 12 -1 0
2450 29 4 0 -1
2451 0 22 1 0
2452 22 23 0 1
2453 9 21 0 1
2454 15 5 -1 0
2455 43 14 -1 0
2456 91 12 -1 0
2457 84 4 1 0
2458 22 5 -1 0
2459 99 37 0 1
2460 49 9 0 -1
2461 16 39 0 1
2462 37 14 1 0
2463 30 28 1 0
2464 9 23 -1 0
2465 51 18 1 0
2466 44 12 0 1
2467 87 14 0 -1
2468 79 13 0 -1
2469 14 38 1 0
2470 3 17 -1 0
2471 95 6 1 0
2472 99 33 0 -1
2473 88 3 1 0
2474 1 8 -1 0
2475 20 32 0 1
2476 79 15 0 1
2477 64 1 0 1
2478 65 32 0 1
2479 51 30 -1 0
2480 54 32 0 -1
2481 32 28 1 0
2482 37 24 -1 0
2483 75 24 1 0
2484 59 11 1 0
2485 85 37 -1 0
2486 63 14 0 1
2487 45 6 0 -1
2488 5 9 1 0
2489 22 25 1 0
2490 79 26 -1 0
2491 24 35 1 0
2492 14 8 0 -1
2493 30 12 0 1
2494 44 34 1 0
2495 7 33 0 -1
2496 90 9 0 -1
2497 14 13 1 0
2498 49 35 0 -1
2499 40 39 -1 0
2500 97 28 0 -1
2501 2 17 0 -1
2502 41 27 0 -1
2503 97 31 0 1
2504 9 14 0 -1
2505 78 35 -1 0
2506 84 8 1 0
2507 23 13 0 -1
2508 46 38 0 -1
2509 39 36 0 -1
2510 47 35 0 1
2511 40 14 1 0
2512 78 22 0 -1
2513 41 39 0 -1
2514 13 19 0 -1
2515 37 21 0 1
2516 39 33 0 1
2517 44 32 1 0
2518 72 4 -1 0
2519 82 34 1 0
2520 38 14 0 1
2521 67 9 1 0
2522 11 9 -1 0
2523 86 19 0 -1
2524 5 3 0 1
2525 72 8 0 1
2526 41 37 0 1
2527 59 26 0 -1
2528 30 16 0 -1
2529 47 33 0 -1
2530 59 19 1 0
2531 41 12 0 1
2532 91 18 1 0
2533 16 1 0 -1
2534 23 31 1 0
2535 45 18 1 0
2536 64 30 0 -1
2537 45 17 1 0
2538 8 3 -1 0
2539 38 29 -1 0
2540 9 36 -1 0
2541 1 1 0 1
2542 39 24 0 1
2543 73 38 0 -1
2544 88 7 -1 0
2545 55 2 1 0
2546 9 20 0 1
2547 31 26 0 -1
2548 10 16 1 0
2549 81 35 1 0
2550 33 29 0 -1
2551 7 36 0 1
2552 50 34 1 0
2553 83 4 0 -1
2554 56 3 0 1
2555 77 1 0 1
2556 64 32 -1 0
2557 21 26 0 -1
2558 14 11 0 -1
2559 27 12 0 1
2560 16 35 0 -1
2561 86 33 1 0
2562 1 20 0 -1
2563 55 0 1 0
2564 83 33 0 -1
2565 26 7 0 -1
2566 92 19 -1 0
2567 60 34 -1 0
2568 68 36 0 -1
2569 34 3 0 1
2570 88 33 1 0
2571 71 7 1 0
2572 51 32 0 -1
2573 66 1 0 -1
2574 15 8 0 -1
2575 46 8 1 0
2576 6 5 0 1
2577 40 39 0 -1
2578 75 2 0 1
2579 87 34 0 1
2580 78 20 1 0
2581 44 3 0 1
2582 41 29 -1 0
2583 12 1 0 -1
2584 38 13 -1 0
2585 46 23 -1 0
2586 57 17 1 0
2587 7 19 1 0
2588 47 39 -1 0
2589 95 25 0 -1
2590 95 23 0 1
2591 42 3 0 -1
2592 98 1 0 1
2593 43 16 1 0
2594 70 5 -1 0
2595 15 25 1 0
2596 43 1 1 0
2597 48 21 0 -1
2598 87 12 0 1
2599 53 32 0 1
2600 58 38 1 0
2601 94 10 -1 0
2602 73 6 0 -1
2603 92 5 -1 0
2604 65 23 0 1
2605 41 9 1 0
2606 41 3 1 0
2607 99 22 -1 0
2608 4 14 1 0
2609 90 36 -1 0
2610 92 3 0 1
2611 83 16 0 1
2612 57 3 -1 0
2613 76 39 0 1
2614 79 32 1 0
2615 3 18 1 0
2616 99 5 -1 0
2617 95 23 0 -1
2618 82 12 0 1
2619 37 2 -1 0
2620 80 4 -1 0
2621 74 7 0 -1
2622 90 18 -1 0
2623 68 33 1 0
2624 81 13 0 -1
2625 22 34 0 -1
2626 74 28 1 0
2627 74 26 0 1
2628 14 16 0 1
2629 20 18 1 0
2630 19 31 0 -1
2631 49 32 0 -1
2632 5 18 0 -1
2633 30 23 0 -1
2634 38 35 0 -1
2635 30 30 0 1
2636 81 36 1 0
2637 74 33 1 0
2638 31 12 1 0
2639 62 20 0 -1
2640 54 29 -1 0
2641 40 24 -1 0
2642 4 19 1 0
2643 21 35 1 0
2644 75 24 0 -1
2645 89 21 -1 0
2646 36 9 1 0
2647 25 30 0 1
2648 6 26 0 1
2649 29 21 0 1
2650 50 4 -1 0
2651 89 35 0 1
2652 40 37 1 0
2653 81 5 0 1
2654 35 37 -1 0
2655 58 16 -1 0
2656 36 27 0 -1
2657 69 14 1 0
2658 44 2 -1 0
2659 0 37 -1 0
2660 11 33 1 0
2661 73 20 0 1
2662 60 39 1 0
2663 16 23 0 1
2664 20 18 0 -1
2665 8 39 -1 0
2666 78 36 -1 0
2667 81 24 0 1
2668 96 9 1 0
2669 92 21 -1 0
2670 5 32 0 1
2671 17 37 0 1
2672 52 8 0 1
2673 91 23 1 0
2674 87 27 -1 0
2675 25 11 -1 0
2676 39 26 -1 0
2677 54 18 1 0
2678 19 5 0 1
2679 96 26 0 1
2680 19 3 1 0
2681 13 30 -1 0
2682 12 32 -1 0
2683 42 6 0 1
2684 64 24 1 0
2685 26 6 -1 0
2686 3 28 1 0
2687 79 38 0 -1
2688 76 30 0 -1
2689 24 25 0 -1
2690 29 12 0 1
2691 93 4 1 0
2692 73 2 1 0
2693 44 35 1 0
2694 78 19 0 1
2695 82 9 -1 0
2696 47 6 0 -1
2697 69 28 1 0
2698 73 17 0 1
2699 40 37 1 0
2700 62 9 0 -1
2701 43 17 0 1
2702 67 9 1 0
2703 26 8 0 1
2704 50 33 1 0
2705 36 15 0 -1
2706 52 24 -1 0
2707 42 5 1 0
2708 50 28 0 1
2709 40 3 0 -1
2710 78 18 1 0
2711 42 34 0 1
2712 23 23 0 1
2713 2 0 1 0
2714 87 1 0 1
2715 26 13 0 1
2716 46 24 -1 0
2717 37 36 1 0
2718 77 31 0 -1
2719 80 8 1 0
2720 9 8 0 1
2721 53 7 -1 0
2722 21 10 0 1
2723 72 19 1 0
2724 2 5 1 0
2725 63 36 -1 0
2726 58 5 0 1
2727 62 35 -1 0
2728 94 18 1 0
2729 90 29 -1 0
2730 11 12 -1 0
2731 27 38 1 0
2732 17 0 0 -1
2733 99 33 -1 0
2734 9 23 0 -1
2735 23 2 0 1
2736 77 7 0 1
2737 50 25 0 1
2738 26 23 1 0
2739 21 24 -1 0
2740 25 33 1 0
2741 8 24 0 1
2742 88 28 1 0
2743 12 6 1 0
2744 81 12 0 1
2745 7 10 0 -1
2746 6 33 1 0
2747 19 21 1 0
2748 12 26 1 0
2749 94 12 0 -1
2750 22 1 0 -1
2751 76 26 1 0
2752 38 28 0 1
2753 48 20 0 1
2754 64 2 0 1
2755 89 20 0 1
2756 40 15 1 0
2757 12 27 1 0
2758 99 34 0 1
2759 11 18 0 1
2760 18 33 1 0
2761 62 9 -1 0
2762 63 18 0 -1
2763 74 19 0 1
2764 7 1 0 1
2765 25 39 0 -1
2766 8 25 0 1
2767 92 14 1 0
2768 29 18 1 0
2769 60 23 1 0
2770 74 5 0 1
2771 72 8 0 -1
2772 39 11 0 -1
2773 9 6 0 -1
2774 84 14 0 -1
2775 11 29 0 -1
2776 43 2 -1 0
2777 51 10 1 0
2778 44 2 0 -1
2779 58 21 1 0
2780 16 27 0 -1
2781 5 3 0 1
2782 1 6 1 0
2783 76 5 0 1
2784 16 38 0 1
2785 6 29 0 1
2786 65 20 0 1
2787 50 22 1 0
2788 36 13 1 0
2789 29 3 1 0
2790 16 4 0 1
2791 41 17 -1 0
2792 23 38 -1 0
2793 28 29 -1 0
2794 11 12 1 0
2795 44 14 0 1
2796 97 9 0 -1
2797 50 15 0 1
2798 44 8 0 1
2799 47 6 0 1
