0 50 37 1 0
1 21 21 0 -1
2 28 11 1 0
3 10 35 0 -1
4 40 9 0 1
5 20 23 0 1
6 48 33 0 1
7 75 20 1 0
8 86 39 -1 0
9 19 26 0 1
10 26 15 -1 0
11 40 30 -1 0
12 39 4 0 -1
13 40 3 1 0
14 5 28 -1 0
15 45 15 1 0
16 29 14 0 1
17 38 3 1 0
18 81 1 1 0
19 7 35 0 -1
20 18 5 0 1
21 56 25 1 0
22 12 28 0 1
23 42 18 1 0
24 85 6 0 -1
25 21 15 1 0
26 87 18 0 1
27 98 27 0 -1
28 1 7 0 -1
29 5 9 0 1
30 46 21 0 1
31 41 11 0 -1
32 48 28 -1 0
33 0 25 -1 0
34 31 32 0 -1
35 40 9 -1 0
36 44 32 0 -1
37 74 8 0 -1
38 12 16 -1 0
39 17 18 0 1
40 87 5 0 -1
41 53 33 0 1
42 80 3 0 1
43 62 16 0 -1
44 43 34 0 -1
45 57 20 -1 0
46 89 38 0 -1
47 49 20 0 -1
48 43 37 1 0
49 26 22 0 1
50 79 26 1 0
51 6 3 -1 0
52 1 21 -1 0
53 15 10 0 -1
54 61 21 1 0
55 54 34 -1 0
56 53 8 0 -1
57 8 11 0 -1
58 94 39 -1 0
59 90 4 -1 0
60 49 34 0 1
61 83 17 0 -1
62 93 20 -1 0
63 6 33 0 -1
64 7 34 1 0
65 28 10 0 -1
66 15 33 0 1
67 18 36 1 0
68 51 19 1 0
69 21 24 0 1
70 3 32 1 0
71 11 7 0 -1
72 26 31 -1 0
73 13 28 -1 0
74 47 20 0 -1
75 10 3 1 0
76 66 18 0 1
77 96 3 0 -1
78 26 23 -1 0
79 48 18 0 -1
80 6 28 -1 0
81 20 14 -1 0
82 62 1 0 1
83 3 1 -1 0
84 49 9 1 0
85 41 6 -1 0
86 55 34 1 0
87 57 14 -1 0
88 24 13 1 0
89 24 30 1 0
90 16 26 0 1
91 54 33 1 0
92 74 18 -1 0
93 3 29 0 -1
94 97 21 0 -1
95 66 5 -1 0
96 86 36 0 -1
97 57 20 -1 0
98 92 26 1 0
99 1 24 -1 0
100 24 28 0 -1
101 85 0 -1 0
102 26 5 1 0
103 36 14 1 0
104 1 16 1 0
105 75 36 -1 0
106 97 11 0 -1
107 77 24 1 0
108 11 13 0 -1
109 14 14 1 0
110 67 4 -1 0
111 44 37 0 -1
112 2 29 0 1
113 23 19 0 -1
114 88 28 0 1
115 97 11 0 1
116 81 38 0 -1
117 43 7 0 1
118 12 36 -1 0
119 22 28 -1 0
120 82 2 -1 0
121 90 9 -1 0
122 6 15 0 -1
123 0 6 -1 0
124 21 11 0 -1
125 73 5 0 1
126 79 9 1 0
127 14 34 1 0
128 27 2 0 1
129 53 31 0 -1
130 42 3 -1 0
131 89 27 0 1
132 23 4 0 1
133 91 3 -1 0
134 7 10 -1 0
135 45 2 1 0
136 50 35 1 0
137 48 3 -1 0
138 82 4 1 0
139 97 35 -1 0
140 87 39 0 1
141 12 13 0 -1
142 22 7 0 1
143 10 35 1 0
144 41 39 -1 0
145 63 0 0 1
146 72 10 0 -1
147 96 4 1 0
148 75 8 -1 0
149 78 4 1 0
150 24 9 0 1
151 7 29 1 0
152 99 34 0 -1
153 95 10 -1 0
154 89 17 -1 0
155 5 29 0 1
156 98 11 0 -1
157 19 24 1 0
158 43 20 -1 0
159 86 36 -1 0
160 7 8 1 0
161 15 22 -1 0
162 96 35 1 0
163 0 25 -1 0
164 23 24 0 1
165 6 1 0 1
166 61 11 0 -1
167 39 14 -1 0
168 20 17 0 1
169 63 9 -1 0
170 73 5 -1 0
171 24 8 0 1
172 39 12 0 -1
173 21 28 0 -1
174 0 6 0 -1
175 76 25 1 0
176 30 26 0 -1
177 3 23 0 1
178 26 17 0 -1
179 24 19 1 0
180 87 6 -1 0
181 25 3 0 1
182 38 19 0 -1
183 12 11 0 1
184 60 6 0 1
185 22 23 1 0
186 72 0 1 0
187 95 29 -1 0
188 27 24 -1 0
189 27 14 0 1
190 55 4 0 -1
191 75 2 0 -1
192 99 31 0 -1
193 84 26 0 1
194 6 16 0 1
195 27 20 -1 0
196 71 8 -1 0
197 51 31 -1 0
198 14 35 1 0
199 12 15 0 1
200 95 26 0 -1
201 43 38 0 -1
202 56 16 1 0
203 4 25 0 1
204 41 14 0 -1
205 49 33 1 0
206 10 28 0 -1
207 25 29 0 -1
208 76 7 0 -1
209 77 16 0 -1
210 41 30 0 1
211 9 29 0 1
212 19 5 0 1
213 98 18 0 -1
214 57 35 0 1
215 69 39 0 -1
216 42 6 0 -1
217 43 33 0 1
218 82 0 0 1
219 66 7 0 1
220 73 6 -1 0
221 93 33 1 0
222 1 21 0 1
223 11 7 0 -1
224 7 8 0 1
225 69 37 -1 0
226 64 8 -1 0
227 85 12 0 1
228 25 15 0 1
229 86 10 0 -1
230 98 3 -1 0
231 63 14 0 -1
232 18 35 0 -1
233 74 17 0 -1
234 75 27 0 -1
235 49 36 0 1
236 19 33 0 -1
237 15 33 -1 0
238 90 24 -1 0
239 48 9 0 1
240 93 17 0 1
241 61 26 1 0
242 27 35 0 -1
243 21 27 0 1
244 28 24 -1 0
245 84 7 1 0
246 44 17 0 1
247 86 27 0 -1
248 26 30 0 -1
249 46 22 1 0
250 19 25 0 1
251 30 17 1 0
252 61 31 0 1
253 45 38 1 0
254 1 8 0 -1
255 78 4 0 1
256 78 0 1 0
257 86 21 1 0
258 62 7 -1 0
259 50 15 0 1
260 76 15 0 1
261 66 19 1 0
262 85 16 0 -1
263 80 2 -1 0
264 56 37 0 1
265 84 21 -1 0
266 76 29 0 1
267 95 4 1 0
268 40 28 0 -1
269 38 8 -1 0
270 90 0 0 1
271 3 9 0 1
272 87 30 0 -1
273 92 8 0 -1
274 77 22 -1 0
275 29 7 0 1
276 43 25 0 1
277 20 12 -1 0
278 54 0 -1 0
279 16 25 1 0
280 73 1 -1 0
281 14 22 0 -1
282 6 10 1 0
283 18 38 0 -1
284 24 34 -1 0
285 37 30 -1 0
286 94 28 -1 0
287 91 17 0 1
288 51 1 -1 0
289 77 35 0 1
290 8 34 0 -1
291 20 10 -1 0
292 21 12 0 -1
293 56 37 0 1
294 51 6 0 -1
295 48 0 -1 0
296 56 35 1 0
297 92 23 0 1
298 58 21 -1 0
299 90 32 -1 0
300 5 23 -1 0
301 52 18 -1 0
302 72 34 -1 0
303 39 32 -1 0
304 3 20 0 1
305 7 34 0 -1
306 67 35 0 1
307 36 16 0 1
308 18 25 1 0
309 53 33 0 1
310 46 12 0 -1
311 79 39 -1 0
312 96 26 -1 0
313 69 17 1 0
314 44 21 0 1
315 55 33 0 1
316 2 29 1 0
317 12 12 -1 0
318 27 38 -1 0
319 82 8 0 1
320 79 24 0 -1
321 89 25 -1 0
322 25 11 1 0
323 1 33 0 1
324 52 24 -1 0
325 14 20 0 -1
326 57 10 0 1
327 81 39 1 0
328 40 27 0 1
329 75 20 0 1
330 76 29 0 1
331 14 39 0 -1
332 91 5 0 1
333 25 6 0 1
334 93 39 1 0
335 50 28 -1 0
336 29 38 1 0
337 22 27 -1 0
338 74 33 0 1
339 26 11 -1 0
340 46 35 1 0
341 55 39 1 0
342 39 37 0 1
343 37 35 0 1
344 10 32 -1 0
345 92 6 1 0
346 10 13 -1 0
347 62 39 -1 0
348 16 14 -1 0
349 68 10 0 1
350 17 21 0 -1
351 87 5 0 -1
352 3 24 -1 0
353 16 33 0 -1
354 54 7 0 -1
355 76 24 -1 0
356 47 35 0 -1
357 21 19 0 1
358 90 10 1 0
359 75 18 -1 0
360 23 21 0 1
361 13 2 1 0
362 96 5 0 -1
363 20 1 0 -1
364 1 32 -1 0
365 20 22 0 -1
366 9 25 0 -1
367 48 36 0 -1
368 81 6 -1 0
369 27 2 -1 0
370 99 34 -1 0
371 21 37 0 1
372 48 33 1 0
373 29 30 0 -1
374 68 5 0 1
375 43 36 0 1
376 93 21 0 -1
377 1 16 1 0
378 87 28 0 -1
379 96 7 -1 0
380 89 0 0 -1
381 17 32 0 -1
382 55 10 0 1
383 72 8 0 1
384 26 20 0 1
385 13 34 0 1
386 12 22 -1 0
387 42 13 -1 0
388 40 25 0 1
389 88 2 0 1
390 42 15 0 1
391 99 13 1 0
392 26 19 -1 0
393 72 11 -1 0
394 21 25 0 1
395 14 19 1 0
396 24 13 -1 0
397 95 34 -1 0
398 93 19 1 0
399 81 34 1 0
400 23 25 1 0
401 8 31 0 -1
402 97 0 0 1
403 74 39 1 0
404 99 34 0 1
405 9 5 0 -1
406 37 12 0 1
407 64 27 1 0
408 64 3 -1 0
409 43 13 0 -1
410 22 18 1 0
411 99 10 1 0
412 0 2 1 0
413 70 17 0 -1
414 86 23 1 0
415 28 27 0 1
416 43 32 0 -1
417 7 5 0 -1
418 89 1 0 -1
419 74 28 -1 0
420 10 34 0 1
421 14 32 0 -1
422 21 10 -1 0
423 90 22 0 -1
424 61 32 0 -1
425 7 27 -1 0
426 99 37 -1 0
427 37 34 -1 0
428 8 25 -1 0
429 58 26 -1 0
430 14 8 0 1
431 22 7 1 0
432 79 38 -1 0
433 48 14 0 -1
434 92 17 0 -1
435 90 28 0 -1
436 44 39 0 -1
437 13 29 0 -1
438 53 2 0 1
439 49 19 0 1
440 85 4 -1 0
441 69 30 1 0
442 65 12 1 0
443 87 9 -1 0
444 78 8 1 0
445 49 22 0 1
446 25 35 0 -1
447 8 26 0 -1
448 6 27 0 -1
449 20 37 0 -1
450 27 27 -1 0
451 20 26 0 1
452 79 31 1 0
453 55 36 0 -1
454 43 24 -1 0
455 50 33 1 0
456 20 21 -1 0
457 29 8 0 1
458 17 11 -1 0
459 42 20 -1 0
460 77 11 1 0
461 68 9 0 -1
462 41 4 -1 0
463 16 27 -1 0
464 73 5 0 -1
465 6 21 -1 0
466 92 7 0 1
467 95 4 1 0
468 41 22 0 1
469 98 31 0 -1
470 41 13 0 -1
471 41 2 0 1
472 6 19 1 0
473 98 38 1 0
474 40 21 -1 0
475 20 18 -1 0
476 64 17 0 1
477 44 14 0 1
478 16 13 0 1
479 97 26 1 0
480 22 5 -1 0
481 21 23 1 0
482 82 2 0 -1
483 44 1 1 0
484 5 5 0 -1
485 49 27 1 0
486 49 16 0 1
487 24 35 -1 0
488 99 17 -1 0
489 1 35 -1 0
490 96 31 1 0
491 42 11 -1 0
492 39 8 0 1
493 27 32 0 1
494 21 4 1 0
495 45 20 -1 0
496 73 25 -1 0
497 93 12 -1 0
498 89 10 0 1
499 79 19 0 -1
500 47 23 -1 0
501 6 39 1 0
502 12 8 0 1
503 12 6 0 1
504 0 16 0 1
505 46 8 0 -1
506 37 0 0 -1
507 79 39 -1 0
508 93 2 0 -1
509 93 25 1 0
510 99 29 1 0
511 73 7 0 1
512 90 36 0 1
513 85 33 1 0
514 87 37 -1 0
515 23 6 0 -1
516 26 10 -1 0
517 24 28 0 1
518 96 39 0 -1
519 59 37 1 0
520 7 16 1 0
521 23 28 0 -1
522 42 35 0 1
523 28 12 1 0
524 73 39 0 -1
525 38 30 1 0
526 12 1 0 1
527 80 19 -1 0
528 1 26 -1 0
529 26 4 0 1
530 66 8 1 0
531 90 22 0 1
532 55 26 -1 0
533 36 23 0 1
534 45 20 1 0
535 40 36 -1 0
536 44 28 1 0
537 76 3 0 1
538 77 25 1 0
539 28 25 0 -1
540 53 16 0 -1
541 3 24 0 -1
542 39 12 -1 0
543 40 23 1 0
544 62 22 0 1
545 92 34 -1 0
546 90 38 1 0
547 3 7 0 1
548 16 9 0 1
549 88 33 -1 0
550 41 2 1 0
551 63 32 0 -1
552 63 2 -1 0
553 22 4 0 1
554 5 10 -1 0
555 46 5 1 0
556 94 37 1 0
557 2 21 1 0
558 10 18 1 0
559 46 21 1 0
560 29 15 -1 0
561 86 3 1 0
562 56 3 0 1
563 18 23 0 1
564 93 34 1 0
565 44 33 0 -1
566 19 20 -1 0
567 52 9 0 1
568 45 39 1 0
569 79 1 0 1
570 49 5 1 0
571 46 21 -1 0
572 36 36 0 -1
573 15 36 0 1
574 20 6 1 0
575 55 5 1 0
576 39 21 -1 0
577 84 3 -1 0
578 69 31 -1 0
579 3 13 0 -1
580 31 15 -1 0
581 55 35 0 1
582 25 22 0 1
583 12 21 0 1
584 47 8 1 0
585 3 35 1 0
586 89 11 0 1
587 9 5 0 -1
588 92 35 0 -1
589 78 27 0 -1
590 69 0 0 1
591 80 19 0 1
592 18 24 0 -1
593 82 34 1 0
594 1 5 1 0
595 73 18 -1 0
596 67 19 0 1
597 8 27 0 -1
598 63 19 0 1
599 40 11 1 0
600 7 10 -1 0
601 88 3 0 1
602 1 12 0 -1
603 47 18 0 -1
604 10 23 -1 0
605 55 21 1 0
606 95 7 0 -1
607 7 7 0 -1
608 43 10 0 -1
609 22 34 -1 0
610 91 30 -1 0
611 19 3 0 1
612 52 3 1 0
613 19 11 1 0
614 18 24 1 0
615 18 22 0 -1
616 80 17 0 1
617 10 6 0 -1
618 88 2 -1 0
619 4 9 0 -1
620 87 26 1 0
621 7 32 0 -1
622 64 12 0 -1
623 92 10 1 0
624 60 7 1 0
625 29 13 0 -1
626 46 27 1 0
627 25 21 1 0
628 11 10 -1 0
629 59 24 -1 0
630 26 27 0 -1
631 9 32 -1 0
632 10 39 0 1
633 12 13 -1 0
634 65 28 0 -1
635 87 25 1 0
636 35 36 -1 0
637 81 1 -1 0
638 11 32 -1 0
639 64 26 0 -1
640 74 5 -1 0
641 48 12 0 -1
642 39 29 0 -1
643 30 33 1 0
644 75 23 -1 0
645 94 2 0 -1
646 15 12 0 1
647 5 34 1 0
648 99 30 0 1
649 9 23 0 -1
650 57 17 1 0
651 67 28 0 1
652 17 0 0 1
653 97 37 -1 0
654 75 6 -1 0
655 78 36 0 1
656 15 16 1 0
657 87 18 0 1
658 1 2 0 -1
659 47 9 1 0
660 85 24 0 -1
661 91 1 0 -1
662 58 25 0 1
663 21 8 1 0
664 67 14 0 -1
665 2 8 -1 0
666 19 4 1 0
667 75 14 -1 0
668 18 33 -1 0
669 28 4 1 0
670 17 17 0 -1
671 62 1 -1 0
672 22 12 0 -1
673 38 30 0 -1
674 45 6 0 1
675 60 34 1 0
676 70 9 -1 0
677 38 25 -1 0
678 15 22 1 0
679 0 34 0 -1
680 48 11 0 1
681 91 28 1 0
682 1 4 -1 0
683 0 4 0 -1
684 50 23 1 0
685 85 34 1 0
686 0 27 0 1
687 51 30 0 -1
688 19 18 1 0
689 9 38 -1 0
690 69 35 0 1
691 78 33 1 0
692 72 1 0 1
693 17 34 1 0
694 85 25 0 1
695 7 25 0 -1
696 50 3 0 1
697 40 20 0 1
698 91 26 -1 0
699 40 9 0 -1
700 48 5 0 1
701 41 38 -1 0
702 80 2 -1 0
703 55 16 0 1
704 63 16 0 1
705 80 10 1 0
706 22 19 0 -1
707 76 8 1 0
708 79 31 -1 0
709 4 2 -1 0
710 98 11 0 1
711 23 0 1 0
712 88 32 1 0
713 55 36 0 1
714 51 37 1 0
715 45 37 0 1
716 27 34 1 0
717 56 1 0 -1
718 23 27 0 1
719 58 37 -1 0
720 47 27 1 0
721 35 34 0 1
722 6 13 0 1
723 7 37 0 -1
724 25 2 -1 0
725 6 5 -1 0
726 46 26 -1 0
727 83 31 0 -1
728 21 12 0 1
729 41 29 -1 0
730 13 37 -1 0
731 43 37 1 0
732 1 22 0 -1
733 86 8 1 0
734 48 38 0 -1
735 91 31 -1 0
736 9 35 1 0
737 17 26 0 1
738 41 0 -1 0
739 22 7 0 -1
740 13 23 -1 0
741 38 8 -1 0
742 36 12 -1 0
743 64 34 -1 0
744 14 6 0 -1
745 27 38 0 -1
746 19 34 1 0
747 66 21 0 1
748 73 24 0 1
749 40 12 0 -1
750 8 31 0 -1
751 38 33 0 1
752 2 2 -1 0
753 74 5 -1 0
754 19 4 0 -1
755 11 16 1 0
756 27 18 0 -1
757 25 5 0 1
758 12 22 1 0
759 57 16 0 1
760 74 31 0 -1
761 19 11 -1 0
762 97 8 -1 0
763 49 19 0 1
764 15 28 0 -1
765 97 1 -1 0
766 83 6 1 0
767 88 6 0 -1
768 77 35 -1 0
769 95 25 -1 0
770 2 32 1 0
771 74 31 -1 0
772 19 24 0 -1
773 16 31 -1 0
774 25 27 0 1
775 23 8 0 1
776 43 35 1 0
777 4 2 0 -1
778 4 21 -1 0
779 72 12 -1 0
780 13 36 1 0
781 56 35 1 0
782 89 26 0 -1
783 31 22 1 0
784 86 12 1 0
785 91 24 -1 0
786 23 30 0 1
787 11 36 -1 0
788 12 24 -1 0
789 37 21 0 -1
790 24 29 0 1
791 45 22 -1 0
792 75 36 -1 0
793 89 35 0 1
794 49 26 -1 0
795 17 20 1 0
796 39 34 1 0
797 65 4 0 -1
798 84 31 1 0
799 37 14 0 1
800 39 12 1 0
801 84 12 1 0
802 49 17 0 -1
803 9 22 0 1
804 72 0 1 0
805 85 9 1 0
806 42 12 0 -1
807 89 18 -1 0
808 47 4 0 1
809 46 19 0 1
810 42 6 -1 0
811 71 27 0 1
812 39 20 -1 0
813 42 3 0 -1
814 55 21 0 1
815 68 23 -1 0
816 18 3 0 1
817 20 39 1 0
818 88 28 0 -1
819 0 11 0 -1
820 72 23 0 1
821 50 35 0 1
822 92 24 0 1
823 91 13 1 0
824 82 29 0 1
825 82 18 0 1
826 22 26 -1 0
827 45 17 -1 0
828 49 34 0 1
829 18 21 -1 0
830 57 16 1 0
831 60 7 1 0
832 39 22 0 1
833 44 24 0 1
834 9 22 0 1
835 10 26 0 1
836 49 15 1 0
837 96 28 1 0
838 61 24 -1 0
839 44 5 -1 0
840 43 28 1 0
841 38 19 0 -1
842 84 33 1 0
843 24 2 1 0
844 43 9 0 1
845 24 23 -1 0
846 26 29 0 -1
847 20 33 0 -1
848 64 4 -1 0
849 27 27 0 -1
850 49 35 1 0
851 82 30 1 0
852 21 34 0 1
853 3 21 0 -1
854 97 6 -1 0
855 29 28 0 1
856 46 17 0 -1
857 41 21 0 1
858 21 21 0 -1
859 20 38 -1 0
860 40 7 0 1
861 70 30 -1 0
862 36 2 0 -1
863 6 34 1 0
864 41 12 0 -1
865 22 21 -1 0
866 48 34 1 0
867 44 31 0 -1
868 5 17 -1 0
869 78 23 1 0
870 61 12 -1 0
871 25 25 -1 0
872 20 23 0 1
873 23 1 0 1
874 3 14 1 0
875 97 25 0 1
876 2 37 1 0
877 3 27 1 0
878 22 17 0 1
879 27 26 1 0
880 0 25 -1 0
881 22 12 0 1
882 31 19 0 -1
883 6 19 -1 0
884 98 10 -1 0
885 14 34 -1 0
886 59 8 1 0
887 2 2 0 1
888 80 4 -1 0
889 43 22 0 -1
890 17 24 0 -1
891 54 4 -1 0
892 11 12 -1 0
893 4 4 0 1
894 26 2 1 0
895 94 4 1 0
896 48 38 0 -1
897 72 13 0 1
898 50 30 0 -1
899 90 23 1 0
900 58 24 0 1
901 29 37 0 -1
902 18 26 1 0
903 0 3 1 0
904 20 39 0 1
905 92 20 0 1
906 85 19 0 -1
907 77 9 1 0
908 21 29 0 1
909 37 20 1 0
910 49 35 0 -1
911 93 38 -1 0
912 43 0 0 -1
913 15 10 -1 0
914 28 36 0 -1
915 26 18 1 0
916 84 6 0 -1
917 6 31 1 0
918 13 27 0 1
919 52 3 1 0
920 51 3 1 0
921 3 30 0 -1
922 90 35 1 0
923 53 33 0 1
924 54 25 -1 0
925 19 23 0 1
926 9 36 0 1
927 63 6 0 -1
928 6 25 0 -1
929 15 22 1 0
930 21 18 0 1
931 17 9 -1 0
932 97 24 -1 0
933 39 39 -1 0
934 5 9 0 1
935 66 8 -1 0
936 86 11 0 -1
937 2 11 1 0
938 66 18 -1 0
939 94 32 1 0
940 10 11 0 1
941 6 20 0 -1
942 39 35 0 -1
943 93 36 -1 0
944 48 8 1 0
945 8 9 0 1
946 23 35 0 1
947 99 15 1 0
948 30 16 1 0
949 27 8 1 0
950 27 35 0 -1
951 16 32 0 -1
952 53 27 1 0
953 11 32 0 -1
954 34 35 -1 0
955 37 15 -1 0
956 24 8 -1 0
957 26 10 1 0
958 62 5 0 -1
959 62 28 1 0
960 57 18 0 -1
961 50 10 0 1
962 4 16 0 -1
963 17 26 0 -1
964 90 34 0 1
965 12 8 1 0
966 26 37 0 -1
967 18 23 1 0
968 70 21 0 -1
969 98 35 0 -1
970 30 8 -1 0
971 48 23 1 0
972 5 13 0 1
973 47 29 0 1
974 42 20 0 -1
975 99 5 1 0
976 12 25 -1 0
977 23 9 0 -1
978 42 5 -1 0
979 42 14 0 1
980 48 26 0 -1
981 22 9 1 0
982 30 6 1 0
983 10 5 0 1
984 16 19 1 0
985 8 10 0 -1
986 36 10 -1 0
987 27 21 -1 0
988 43 19 0 1
989 14 14 0 -1
990 15 21 0 1
991 76 9 0 -1
992 90 20 0 -1
993 1 32 -1 0
994 55 35 1 0
995 23 31 0 1
996 68 2 1 0
997 8 36 0 1
998 42 15 -1 0
999 47 19 0 1
1000 73 0 0 -1
1001 11 8 0 1
1002 24 27 0 1
1003 92 33 0 -1
1004 51 32 0 -1
1005 26 26 -1 0
1006 52 25 -1 0
1007 30 4 1 0
1008 16 27 1 0
1009 47 12 -1 0
1010 47 15 0 1
1011 41 39 0 -1
1012 68 22 0 -1
1013 25 23 1 0
1014 40 12 0 -1
1015 18 26 0 -1
1016 16 28 -1 0
1017 45 38 0 -1
1018 2 36 0 -1
1019 21 0 1 0
1020 96 20 -1 0
1021 52 1 1 0
1022 16 35 1 0
1023 2 31 0 -1
1024 67 9 -1 0
1025 25 37 0 -1
1026 94 10 0 1
1027 56 25 1 0
1028 64 22 0 1
1029 56 19 1 0
1030 23 20 -1 0
1031 61 3 0 -1
1032 99 16 -1 0
1033 25 19 -1 0
1034 17 11 1 0
1035 32 22 0 -1
1036 52 33 -1 0
1037 59 20 -1 0
1038 85 39 -1 0
1039 6 28 1 0
1040 79 32 -1 0
1041 18 36 1 0
1042 50 0 0 1
1043 14 9 0 1
1044 88 26 1 0
1045 18 27 -1 0
1046 1 1 0 1
1047 87 4 -1 0
1048 29 7 0 -1
1049 80 28 -1 0
1050 17 30 -1 0
1051 38 10 0 1
1052 79 16 -1 0
1053 65 24 1 0
1054 4 33 0 -1
1055 55 22 1 0
1056 86 33 -1 0
1057 82 34 1 0
1058 92 38 0 1
1059 84 30 1 0
1060 96 4 0 1
1061 54 15 0 1
1062 29 17 0 1
1063 65 0 -1 0
1064 77 37 0 1
1065 24 11 1 0
1066 45 4 -1 0
1067 13 29 0 -1
1068 46 19 0 1
1069 27 36 0 -1
1070 49 4 0 1
1071 25 9 1 0
1072 83 14 0 1
1073 15 2 0 -1
1074 28 19 -1 0
1075 90 3 1 0
1076 70 16 0 1
1077 44 22 -1 0
1078 13 2 -1 0
1079 68 30 0 1
1080 84 26 0 1
1081 0 7 1 0
1082 52 1 -1 0
1083 93 10 0 -1
1084 27 35 1 0
1085 20 20 0 1
1086 41 29 -1 0
1087 54 20 0 -1
1088 75 17 0 -1
1089 40 24 -1 0
1090 22 38 0 -1
1091 21 22 -1 0
1092 36 28 1 0
1093 74 22 0 -1
1094 3 16 1 0
1095 10 7 0 1
1096 76 10 1 0
1097 24 6 1 0
1098 11 1 0 -1
1099 26 12 -1 0
1100 15 11 1 0
1101 84 35 1 0
1102 46 15 1 0
1103 94 1 0 -1
1104 75 6 0 -1
1105 56 19 -1 0
1106 92 3 0 1
1107 32 9 0 -1
1108 9 9 0 1
1109 92 11 1 0
1110 2 31 0 -1
1111 45 15 1 0
1112 63 38 -1 0
1113 29 11 1 0
1114 28 35 -1 0
1115 98 6 0 1
1116 23 25 1 0
1117 15 38 0 1
1118 41 22 0 1
1119 8 18 0 -1
1120 1 27 0 -1
1121 47 18 -1 0
1122 26 16 0 -1
1123 26 17 0 1
1124 40 17 1 0
1125 12 29 -1 0
1126 4 39 0 -1
1127 42 5 0 1
1128 23 25 0 1
1129 95 33 1 0
1130 21 34 1 0
1131 9 17 1 0
1132 80 38 -1 0
1133 57 4 0 1
1134 39 28 1 0
1135 55 23 -1 0
1136 9 10 0 -1
1137 8 5 1 0
1138 86 22 0 -1
1139 76 29 1 0
1140 64 8 0 1
1141 23 2 1 0
1142 75 31 1 0
1143 83 30 1 0
1144 75 14 0 1
1145 26 32 0 -1
1146 44 8 -1 0
1147 23 33 1 0
1148 52 25 0 -1
1149 26 34 -1 0
1150 63 2 0 1
1151 10 7 -1 0
1152 20 13 -1 0
1153 78 13 0 -1
1154 76 1 0 -1
1155 57 29 0 1
1156 19 31 0 1
1157 67 34 0 1
1158 74 21 0 1
1159 68 7 -1 0
1160 41 34 -1 0
1161 14 38 0 1
1162 40 28 1 0
1163 7 27 1 0
1164 12 31 -1 0
1165 44 14 0 1
1166 62 13 0 1
1167 27 24 -1 0
1168 91 6 1 0
1169 4 23 0 -1
1170 92 10 -1 0
1171 6 38 -1 0
1172 10 30 0 -1
1173 13 15 0 -1
1174 20 15 1 0
1175 17 12 0 1
1176 19 5 -1 0
1177 14 21 0 -1
1178 95 22 1 0
1179 27 9 0 -1
1180 1 20 0 -1
1181 83 4 0 1
1182 49 26 1 0
1183 25 36 0 1
1184 19 23 0 1
1185 50 22 -1 0
1186 2 6 1 0
1187 14 9 0 1
1188 20 18 1 0
1189 8 8 1 0
1190 20 8 0 1
1191 94 38 0 1
1192 43 4 1 0
1193 40 20 0 1
1194 16 28 1 0
1195 95 19 0 -1
1196 99 38 0 1
1197 2 39 0 -1
1198 59 35 0 -1
1199 47 26 0 1
1200 24 22 -1 0
1201 69 10 -1 0
1202 36 28 -1 0
1203 20 9 1 0
1204 99 18 1 0
1205 66 11 1 0
1206 64 33 1 0
1207 42 33 0 -1
1208 23 12 1 0
1209 56 19 0 1
1210 44 21 1 0
1211 80 24 1 0
1212 22 33 0 1
1213 44 34 0 -1
1214 52 17 1 0
1215 88 37 0 -1
1216 26 29 0 1
1217 76 20 -1 0
1218 38 31 0 1
1219 26 6 0 1
1220 49 10 0 -1
1221 96 28 -1 0
1222 65 5 -1 0
1223 3 16 -1 0
1224 22 14 1 0
1225 83 39 1 0
1226 0 36 -1 0
1227 38 20 1 0
1228 77 28 -1 0
1229 36 8 -1 0
1230 10 26 0 -1
1231 84 34 1 0
1232 22 22 0 1
1233 21 25 -1 0
1234 29 19 -1 0
1235 61 15 0 1
1236 27 36 -1 0
1237 27 38 0 1
1238 95 34 0 1
1239 41 23 0 1
1240 78 39 1 0
1241 98 9 0 1
1242 89 2 0 -1
1243 22 13 1 0
1244 11 21 0 -1
1245 59 29 1 0
1246 54 37 1 0
1247 90 12 0 1
1248 18 33 -1 0
1249 17 14 0 1
1250 42 18 1 0
1251 13 24 0 -1
1252 4 31 -1 0
1253 53 32 0 1
1254 21 12 0 1
1255 48 2 1 0
1256 65 19 -1 0
1257 83 14 -1 0
1258 47 28 1 0
1259 61 24 -1 0
1260 97 29 0 -1
1261 6 24 1 0
1262 0 10 -1 0
1263 23 39 -1 0
1264 49 28 1 0
1265 49 0 1 0
1266 11 18 1 0
1267 72 34 0 1
1268 9 15 0 -1
1269 37 8 0 -1
1270 23 36 0 -1
1271 50 23 1 0
1272 1 33 0 -1
1273 9 27 1 0
1274 80 14 0 -1
1275 29 38 0 -1
1276 29 35 0 1
1277 20 25 1 0
1278 36 33 -1 0
1279 47 0 0 1
1280 35 36 -1 0
1281 92 11 0 -1
1282 12 21 -1 0
1283 32 9 1 0
1284 3 29 -1 0
1285 71 24 0 -1
1286 41 13 0 -1
1287 88 14 1 0
1288 95 28 1 0
1289 40 32 0 -1
1290 68 10 -1 0
1291 15 15 -1 0
1292 24 9 0 -1
1293 14 13 -1 0
1294 8 0 1 0
1295 63 25 -1 0
1296 25 11 0 -1
1297 87 20 0 -1
1298 57 7 0 1
1299 46 28 0 -1
1300 48 12 0 1
1301 15 23 1 0
1302 24 29 0 -1
1303 89 17 -1 0
1304 44 31 1 0
1305 48 19 -1 0
1306 27 33 -1 0
1307 29 20 1 0
1308 24 2 1 0
1309 13 13 1 0
1310 27 32 0 1
1311 26 7 -1 0
1312 75 9 1 0
1313 51 17 1 0
1314 79 3 0 -1
1315 74 25 0 1
1316 0 30 -1 0
1317 99 32 -1 0
1318 47 15 1 0
1319 18 32 -1 0
1320 8 4 1 0
1321 98 0 0 -1
1322 64 21 0 -1
1323 65 29 -1 0
1324 61 5 0 -1
1325 72 11 -1 0
1326 25 16 0 1
1327 28 10 -1 0
1328 22 16 0 1
1329 6 15 -1 0
1330 22 0 0 -1
1331 8 29 0 1
1332 80 28 0 -1
1333 98 5 0 1
1334 19 15 1 0
1335 85 20 0 1
1336 96 27 0 -1
1337 39 3 0 1
1338 53 38 0 -1
1339 95 13 -1 0
1340 21 29 0 -1
1341 99 32 0 -1
1342 50 13 0 1
1343 40 28 -1 0
1344 92 37 0 -1
1345 42 0 1 0
1346 53 8 0 1
1347 41 2 0 -1
1348 6 6 0 1
1349 98 20 1 0
1350 35 36 0 1
1351 62 17 -1 0
1352 19 7 0 1
1353 0 20 -1 0
1354 92 8 1 0
1355 94 7 0 -1
1356 48 13 0 1
1357 27 16 0 -1
1358 22 35 1 0
1359 11 35 -1 0
1360 38 13 -1 0
1361 39 11 0 1
1362 99 16 1 0
1363 65 29 0 -1
1364 99 36 -1 0
1365 30 31 1 0
1366 77 33 1 0
1367 14 27 1 0
1368 16 6 -1 0
1369 52 18 0 -1
1370 95 1 0 -1
1371 40 3 -1 0
1372 83 27 0 -1
1373 63 25 -1 0
1374 14 34 0 1
1375 52 30 1 0
1376 61 33 0 -1
1377 45 35 0 1
1378 81 17 0 -1
1379 53 23 0 1
1380 43 29 -1 0
1381 75 30 0 -1
1382 4 20 1 0
1383 16 39 0 -1
1384 17 34 0 -1
1385 99 6 1 0
1386 47 26 0 -1
1387 10 17 0 -1
1388 30 15 1 0
1389 82 19 -1 0
1390 79 4 -1 0
1391 14 19 -1 0
1392 47 1 -1 0
1393 81 28 -1 0
1394 11 13 0 -1
1395 38 6 -1 0
1396 25 39 0 1
1397 18 18 -1 0
1398 80 2 0 1
1399 88 3 -1 0
1400 11 25 0 1
1401 18 2 0 1
1402 47 33 1 0
1403 24 8 0 1
1404 43 12 -1 0
1405 61 13 1 0
1406 24 37 1 0
1407 57 36 -1 0
1408 14 3 -1 0
1409 50 23 -1 0
1410 1 18 0 -1
1411 82 13 1 0
1412 43 4 0 1
1413 39 31 0 1
1414 38 1 -1 0
1415 56 6 -1 0
1416 68 34 0 -1
1417 59 0 0 1
1418 27 25 0 -1
1419 97 34 0 1
1420 98 20 0 1
1421 29 24 0 -1
1422 11 36 0 -1
1423 85 14 -1 0
1424 95 0 -1 0
1425 37 24 0 -1
1426 16 2 0 1
1427 13 19 1 0
1428 5 3 -1 0
1429 58 27 0 1
1430 60 4 1 0
1431 27 5 1 0
1432 8 9 1 0
1433 9 0 -1 0
1434 41 15 -1 0
1435 24 27 0 1
1436 19 3 1 0
1437 39 20 0 -1
1438 13 27 1 0
1439 75 21 1 0
1440 97 32 0 1
1441 69 21 -1 0
1442 94 27 -1 0
1443 41 8 0 1
1444 59 17 0 1
1445 41 10 0 -1
1446 17 25 -1 0
1447 11 28 1 0
1448 91 10 -1 0
1449 5 5 -1 0
1450 85 20 -1 0
1451 50 16 0 -1
1452 78 8 1 0
1453 88 30 1 0
1454 3 4 -1 0
1455 55 3 0 1
1456 1 31 0 1
1457 40 36 0 1
1458 77 38 -1 0
1459 93 33 0 1
1460 57 30 0 -1
1461 99 22 1 0
1462 5 22 0 1
1463 43 29 -1 0
1464 41 23 1 0
1465 45 20 -1 0
1466 60 15 0 1
1467 7 33 1 0
1468 9 32 0 1
1469 47 0 -1 0
1470 84 12 0 -1
1471 20 32 0 -1
1472 48 32 0 1
1473 55 28 -1 0
1474 14 30 0 -1
1475 2 20 0 -1
1476 59 34 0 -1
1477 46 8 0 -1
1478 30 10 0 1
1479 53 19 0 1
1480 93 16 0 -1
1481 21 11 0 -1
1482 57 15 -1 0
1483 58 14 1 0
1484 61 8 1 0
1485 90 23 -1 0
1486 12 5 -1 0
1487 81 11 0 -1
1488 13 34 -1 0
1489 22 8 0 -1
1490 87 35 1 0
1491 73 22 -1 0
1492 79 2 0 -1
1493 53 10 0 1
1494 46 1 1 0
1495 45 13 0 1
1496 7 0 0 -1
1497 82 3 0 1
1498 46 24 0 -1
1499 59 17 0 1
1500 10 24 0 -1
1501 5 1 0 1
1502 51 22 1 0
1503 49 38 0 1
1504 40 35 0 1
1505 88 33 -1 0
1506 73 10 0 1
1507 6 23 1 0
1508 85 23 -1 0
1509 4 16 0 -1
1510 17 39 0 -1
1511 21 7 0 1
1512 25 21 1 0
1513 8 36 -1 0
1514 25 26 0 1
1515 8 16 1 0
1516 37 12 -1 0
1517 95 18 0 -1
1518 55 15 1 0
1519 80 32 0 -1
1520 20 36 1 0
1521 25 8 0 -1
1522 20 12 1 0
1523 38 25 -1 0
1524 48 17 0 1
1525 64 12 -1 0
1526 39 15 -1 0
1527 53 16 0 -1
1528 10 15 -1 0
1529 12 17 0 1
1530 0 29 -1 0
1531 37 36 0 1
1532 86 30 1 0
1533 87 35 1 0
1534 6 0 0 -1
1535 14 30 1 0
1536 98 22 0 1
1537 18 16 0 1
1538 26 7 0 1
1539 54 12 0 1
1540 47 28 0 1
1541 1 5 0 1
1542 66 10 -1 0
1543 26 23 -1 0
1544 74 0 1 0
1545 55 15 0 1
1546 84 38 1 0
1547 43 18 0 1
1548 43 10 0 1
1549 17 18 0 1
1550 15 1 0 1
1551 88 8 0 1
1552 67 5 1 0
1553 26 31 0 1
1554 86 13 0 1
1555 45 34 1 0
1556 90 32 0 1
1557 97 0 0 1
1558 28 6 -1 0
1559 39 25 1 0
1560 47 21 0 1
1561 9 16 -1 0
1562 48 9 1 0
1563 30 0 -1 0
1564 27 14 0 -1
1565 40 13 0 -1
1566 39 22 0 -1
1567 45 15 -1 0
1568 1 25 -1 0
1569 39 11 0 -1
1570 1 37 0 1
1571 83 27 0 1
1572 41 23 1 0
1573 63 25 0 -1
1574 10 0 -1 0
1575 85 30 0 -1
1576 50 34 0 -1
1577 60 16 0 -1
1578 9 4 0 -1
1579 13 24 0 -1
1580 95 30 1 0
1581 43 24 -1 0
1582 86 29 0 1
1583 57 3 1 0
1584 16 3 0 1
1585 99 27 0 1
1586 48 34 -1 0
1587 40 17 -1 0
1588 25 29 0 1
1589 84 24 1 0
1590 5 16 0 1
1591 96 30 -1 0
1592 65 8 1 0
1593 19 23 -1 0
1594 26 14 0 -1
1595 14 27 0 -1
1596 73 25 0 -1
1597 83 3 0 1
1598 83 22 0 -1
1599 42 32 0 1
1600 40 29 0 -1
1601 80 26 0 1
1602 92 10 0 -1
1603 45 23 0 1
1604 41 11 -1 0
1605 22 18 0 1
1606 6 31 0 1
1607 55 15 0 1
1608 78 12 1 0
1609 63 36 1 0
1610 69 22 0 -1
1611 52 13 0 -1
1612 28 29 -1 0
1613 18 23 -1 0
1614 74 15 1 0
1615 89 24 -1 0
1616 46 5 0 -1
1617 38 37 -1 0
1618 28 39 -1 0
1619 10 6 -1 0
1620 94 25 0 1
1621 98 19 1 0
1622 7 26 -1 0
1623 41 0 -1 0
1624 90 23 -1 0
1625 16 25 0 -1
1626 83 11 0 -1
1627 46 23 1 0
1628 40 4 1 0
1629 26 38 0 -1
1630 39 16 1 0
1631 50 26 0 1
1632 14 28 0 -1
1633 8 22 1 0
1634 3 4 0 1
1635 52 26 0 -1
1636 94 3 -1 0
1637 19 25 0 -1
1638 42 29 0 -1
1639 9 12 -1 0
1640 84 23 -1 0
1641 98 3 1 0
1642 56 1 1 0
1643 50 19 0 -1
1644 53 17 1 0
1645 14 5 0 -1
1646 16 22 0 1
1647 16 5 0 -1
1648 48 35 -1 0
1649 93 37 1 0
1650 21 15 1 0
1651 38 33 0 -1
1652 91 22 0 -1
1653 26 1 0 -1
1654 7 32 0 -1
1655 91 14 0 1
1656 20 7 1 0
1657 99 35 0 1
1658 83 17 0 1
1659 6 30 -1 0
1660 41 16 1 0
1661 62 37 1 0
1662 38 17 0 -1
1663 77 4 0 1
1664 24 13 1 0
1665 55 1 0 -1
1666 70 0 1 0
1667 23 18 -1 0
1668 22 0 0 -1
1669 42 4 1 0
1670 74 16 1 0
1671 60 18 1 0
1672 52 34 0 -1
1673 40 14 0 1
1674 54 9 0 -1
1675 0 32 0 1
1676 74 23 0 -1
1677 70 2 1 0
1678 66 15 1 0
1679 84 34 1 0
1680 55 18 -1 0
1681 6 1 0 1
1682 87 1 -1 0
1683 50 7 0 1
1684 40 24 -1 0
1685 22 23 1 0
1686 38 30 -1 0
1687 86 0 0 -1
1688 54 9 0 1
1689 18 2 -1 0
1690 44 3 0 1
1691 65 19 0 1
1692 60 10 0 -1
1693 64 23 1 0
1694 10 1 -1 0
1695 15 23 1 0
1696 52 35 0 -1
1697 83 39 -1 0
1698 75 29 0 -1
1699 14 6 0 1
1700 51 24 0 1
1701 97 12 0 1
1702 40 29 0 -1
1703 64 10 0 -1
1704 17 20 -1 0
1705 59 26 1 0
1706 46 8 -1 0
1707 54 7 -1 0
1708 20 32 1 0
1709 44 24 1 0
1710 52 21 0 -1
1711 25 18 0 1
1712 19 35 1 0
1713 92 27 1 0
1714 45 4 0 1
1715 39 18 0 1
1716 28 12 0 1
1717 21 19 -1 0
1718 19 21 0 -1
1719 23 14 0 -1
1720 94 25 -1 0
1721 51 33 0 -1
1722 1 1 0 -1
1723 14 7 0 -1
1724 63 26 0 -1
1725 9 16 0 -1
1726 91 26 -1 0
1727 29 28 0 1
1728 93 19 0 1
1729 25 20 -1 0
1730 95 32 1 0
1731 1 35 -1 0
1732 28 16 0 1
1733 9 9 0 -1
1734 63 13 0 1
1735 22 3 0 1
1736 42 7 -1 0
1737 78 21 -1 0
1738 37 5 0 1
1739 13 30 0 1
1740 27 28 -1 0
1741 6 0 0 1
1742 0 13 0 -1
1743 85 35 0 1
1744 27 17 -1 0
1745 73 24 1 0
1746 46 28 -1 0
1747 47 29 0 -1
1748 1 9 1 0
1749 99 20 0 -1
1750 46 32 -1 0
1751 66 35 -1 0
1752 99 27 0 -1
1753 5 20 0 1
1754 70 20 0 -1
1755 90 0 0 1
1756 81 36 1 0
1757 95 21 0 -1
1758 38 24 -1 0
1759 56 0 -1 0
1760 18 6 1 0
1761 48 17 1 0
1762 64 19 0 1
1763 21 10 0 1
1764 2 22 1 0
1765 99 24 -1 0
1766 78 38 -1 0
1767 11 39 0 -1
1768 2 35 1 0
1769 9 3 0 1
1770 68 20 0 1
1771 0 17 -1 0
1772 27 20 1 0
1773 60 7 0 1
1774 26 15 0 1
1775 40 21 -1 0
1776 47 37 -1 0
1777 94 10 0 1
1778 5 10 0 -1
1779 9 37 0 1
1780 43 33 0 -1
1781 18 5 0 -1
1782 19 33 1 0
1783 11 24 1 0
1784 84 37 0 -1
1785 71 1 1 0
1786 2 39 0 -1
1787 92 0 0 1
1788 97 26 0 -1
1789 5 21 -1 0
1790 23 38 0 -1
1791 18 27 0 -1
1792 8 30 0 1
1793 46 4 0 -1
1794 98 14 0 -1
1795 64 3 -1 0
1796 66 25 -1 0
1797 16 8 1 0
1798 96 9 0 1
1799 44 7 -1 0
1800 65 19 -1 0
1801 63 33 -1 0
1802 59 4 -1 0
1803 41 28 -1 0
1804 0 26 0 -1
1805 16 20 0 -1
1806 19 36 1 0
1807 68 16 1 0
1808 79 1 0 -1
1809 3 1 1 0
1810 13 22 1 0
1811 12 24 0 1
1812 85 20 -1 0
1813 39 18 -1 0
1814 20 19 0 1
1815 60 19 0 1
1816 46 10 0 -1
1817 69 15 0 1
1818 47 5 0 -1
1819 29 26 1 0
1820 71 30 1 0
1821 95 9 0 -1
1822 83 14 0 -1
1823 87 21 0 1
1824 82 12 -1 0
1825 88 9 0 1
1826 45 5 0 1
1827 38 38 -1 0
1828 20 32 -1 0
1829 23 8 1 0
1830 15 29 -1 0
1831 66 21 0 1
1832 6 4 0 1
1833 63 16 -1 0
1834 49 2 1 0
1835 58 27 0 -1
1836 11 18 1 0
1837 83 35 0 -1
1838 74 4 1 0
1839 49 12 0 -1
1840 7 27 1 0
1841 7 24 0 1
1842 46 25 -1 0
1843 19 24 0 -1
1844 39 7 0 1
1845 95 20 0 -1
1846 5 23 -1 0
1847 46 27 1 0
1848 98 18 0 1
1849 17 14 0 1
1850 9 11 1 0
1851 32 2 1 0
1852 6 35 1 0
1853 85 14 -1 0
1854 70 7 -1 0
1855 22 29 -1 0
1856 63 19 0 1
1857 96 35 0 1
1858 73 19 1 0
1859 41 19 0 1
1860 21 14 1 0
1861 99 15 1 0
1862 28 15 0 1
1863 20 4 0 1
1864 13 16 1 0
1865 98 14 -1 0
1866 12 27 0 -1
1867 20 29 0 1
1868 5 24 1 0
1869 55 32 0 1
1870 55 0 -1 0
1871 72 7 -1 0
1872 0 13 0 -1
1873 25 1 -1 0
1874 25 34 1 0
1875 13 22 0 1
1876 86 18 -1 0
1877 94 20 1 0
1878 87 32 -1 0
1879 4 27 0 1
1880 69 4 1 0
1881 43 3 0 -1
1882 24 12 1 0
1883 3 26 0 -1
1884 39 27 0 1
1885 43 13 0 -1
1886 0 24 1 0
1887 74 4 1 0
1888 21 33 1 0
1889 23 26 0 -1
1890 69 10 -1 0
1891 70 38 0 -1
1892 44 35 -1 0
1893 14 8 -1 0
1894 24 37 1 0
1895 46 33 0 1
1896 17 9 0 -1
1897 67 35 1 0
1898 15 8 0 -1
1899 18 28 1 0
1900 28 15 1 0
1901 40 38 1 0
1902 15 28 1 0
1903 54 5 0 1
1904 18 28 0 1
1905 4 23 0 1
1906 65 30 0 1
1907 64 6 0 1
1908 92 14 0 1
1909 74 35 0 -1
1910 57 24 0 -1
1911 24 17 0 1
1912 39 4 0 1
1913 90 10 -1 0
1914 45 29 1 0
1915 50 13 0 -1
1916 12 7 -1 0
1917 52 34 -1 0
1918 99 6 -1 0
1919 62 36 1 0
1920 5 0 0 1
1921 3 24 0 1
1922 88 2 0 1
1923 23 32 1 0
1924 9 2 0 -1
1925 90 18 0 -1
1926 73 35 -1 0
1927 53 39 1 0
1928 60 17 0 -1
1929 89 15 0 1
1930 51 9 1 0
1931 97 25 1 0
1932 76 37 0 1
1933 44 8 1 0
1934 21 35 0 1
1935 5 28 0 1
1936 15 8 -1 0
1937 61 11 0 -1
1938 92 4 0 1
1939 38 7 1 0
1940 5 0 1 0
1941 42 6 1 0
1942 38 29 -1 0
1943 16 17 -1 0
1944 9 32 0 1
1945 14 1 0 1
1946 43 5 1 0
1947 49 9 -1 0
1948 98 25 -1 0
1949 22 26 -1 0
1950 84 37 0 1
1951 40 30 -1 0
1952 56 22 1 0
1953 1 25 0 1
1954 43 9 0 1
1955 3 26 0 -1
1956 92 31 -1 0
1957 96 5 -1 0
1958 48 4 1 0
1959 64 20 1 0
1960 7 12 1 0
1961 22 10 0 1
1962 4 27 0 -1
1963 67 8 1 0
1964 12 31 1 0
1965 6 3 -1 0
1966 12 29 0 1
1967 61 29 0 -1
1968 91 6 -1 0
1969 0 38 -1 0
1970 51 2 1 0
1971 47 27 0 -1
1972 26 15 0 -1
1973 9 35 -1 0
1974 99 10 -1 0
1975 19 1 0 1
1976 47 38 0 1
1977 78 8 -1 0
1978 38 25 0 1
1979 23 6 0 -1
1980 9 18 0 1
1981 45 25 0 1
1982 47 1 0 -1
1983 85 34 0 -1
1984 95 9 0 1
1985 55 25 0 1
1986 79 0 1 0
1987 1 3 0 -1
1988 42 32 0 -1
1989 94 37 0 1
1990 28 19 1 0
1991 75 37 0 -1
1992 92 27 -1 0
1993 19 28 0 -1
1994 90 31 0 -1
1995 73 13 0 -1
1996 72 1 -1 0
1997 44 4 0 1
1998 7 5 0 1
1999 50 18 0 -1
2000 76 27 1 0
2001 38 13 0 1
2002 88 16 0 -1
2003 75 24 0 -1
2004 59 4 0 -1
2005 90 5 -1 0
2006 12 14 0 -1
2007 5 3 1 0
2008 13 27 0 1
2009 80 20 0 1
2010 6 15 0 1
2011 54 15 0 -1
2012 13 22 -1 0
2013 90 34 0 -1
2014 47 34 0 -1
2015 28 35 0 1
2016 27 1 0 1
2017 38 3 0 -1
2018 46 6 0 -1
2019 24 14 -1 0
2020 9 25 1 0
2021 20 8 0 1
2022 50 11 0 -1
2023 3 10 -1 0
2024 81 22 -1 0
2025 12 6 1 0
2026 2 6 -1 0
2027 10 30 -1 0
2028 53 17 1 0
2029 62 7 1 0
2030 12 24 0 -1
2031 92 5 1 0
2032 97 10 0 1
2033 98 11 1 0
2034 3 12 0 -1
2035 95 8 -1 0
2036 21 24 -1 0
2037 67 28 0 1
2038 45 17 1 0
2039 8 8 1 0
2040 12 23 1 0
2041 63 30 1 0
2042 22 26 0 -1
2043 37 23 -1 0
2044 70 28 1 0
2045 41 22 -1 0
2046 30 12 0 -1
2047 46 23 0 1
2048 11 12 -1 0
2049 69 34 -1 0
2050 95 33 -1 0
2051 23 37 0 -1
2052 46 7 1 0
2053 42 26 -1 0
2054 99 1 1 0
2055 72 5 0 -1
2056 94 35 0 -1
2057 55 24 1 0
2058 39 0 0 1
2059 87 4 0 1
2060 60 31 -1 0
2061 90 27 -1 0
2062 20 25 0 1
2063 31 18 0 1
2064 72 13 1 0
2065 49 24 1 0
2066 81 28 -1 0
2067 40 10 -1 0
2068 41 17 1 0
2069 10 10 0 1
2070 11 25 1 0
2071 94 26 0 -1
2072 21 27 0 1
2073 1 31 1 0
2074 2 16 -1 0
2075 25 0 1 0
2076 20 12 0 1
2077 19 12 0 1
2078 92 37 -1 0
2079 91 24 1 0
2080 36 26 -1 0
2081 27 37 -1 0
2082 14 2 -1 0
2083 68 3 -1 0
2084 8 16 -1 0
2085 36 17 1 0
2086 82 33 1 0
2087 44 9 0 -1
2088 46 7 0 1
2089 90 30 0 1
2090 82 16 -1 0
2091 15 11 0 1
2092 15 4 -1 0
2093 53 19 0 1
2094 92 14 -1 0
2095 41 32 0 1
2096 3 27 -1 0
2097 78 25 -1 0
2098 20 25 0 -1
2099 46 34 0 -1
2100 99 22 1 0
2101 10 14 -1 0
2102 84 35 1 0
2103 68 19 -1 0
2104 2 13 -1 0
2105 10 19 0 -1
2106 10 38 0 -1
2107 31 32 0 -1
2108 2 30 1 0
2109 30 22 1 0
2110 87 8 0 -1
2111 37 7 0 1
2112 44 22 -1 0
2113 3 35 -1 0
2114 94 1 -1 0
2115 47 1 1 0
2116 41 8 0 -1
2117 64 8 -1 0
2118 11 10 0 1
2119 72 33 1 0
2120 22 14 0 -1
2121 7 24 -1 0
2122 3 8 -1 0
2123 0 36 1 0
2124 46 0 1 0
2125 36 14 1 0
2126 25 20 0 1
2127 82 13 0 -1
2128 0 10 1 0
2129 12 7 -1 0
2130 54 17 -1 0
2131 91 30 -1 0
2132 22 18 0 1
2133 23 9 1 0
2134 96 20 0 1
2135 55 27 0 -1
2136 44 26 0 1
2137 15 12 1 0
2138 57 37 0 1
2139 20 21 0 -1
2140 64 35 1 0
2141 6 6 0 1
2142 62 31 0 -1
2143 82 27 0 -1
2144 90 31 -1 0
2145 0 2 0 1
2146 9 17 0 1
2147 46 17 0 -1
2148 83 30 1 0
2149 15 35 0 -1
2150 54 22 1 0
2151 45 22 -1 0
2152 21 0 1 0
2153 9 3 -1 0
2154 25 39 0 1
2155 3 5 1 0
2156 27 25 0 1
2157 70 30 1 0
2158 49 8 -1 0
2159 18 17 0 -1
2160 86 39 0 -1
2161 23 24 1 0
2162 1 25 1 0
2163 67 1 -1 0
2164 20 10 0 1
2165 28 35 1 0
2166 16 21 0 1
2167 22 37 -1 0
2168 26 4 0 -1
2169 62 5 -1 0
2170 27 7 0 1
2171 54 19 -1 0
2172 96 14 1 0
2173 27 20 0 1
2174 11 33 -1 0
2175 70 13 -1 0
2176 49 11 1 0
2177 92 26 1 0
2178 10 32 -1 0
2179 77 18 1 0
2180 12 30 1 0
2181 67 35 0 -1
2182 98 37 -1 0
2183 10 28 0 1
2184 67 14 1 0
2185 2 3 0 -1
2186 19 26 1 0
2187 84 5 -1 0
2188 25 24 0 1
2189 36 32 0 -1
2190 14 11 1 0
2191 23 13 -1 0
2192 24 14 0 -1
2193 3 37 0 -1
2194 84 26 -1 0
2195 18 17 0 -1
2196 99 33 -1 0
2197 68 36 1 0
2198 71 31 1 0
2199 12 28 0 -1
2200 88 28 0 -1
2201 58 33 0 -1
2202 20 1 1 0
2203 34 5 1 0
2204 98 32 -1 0
2205 80 24 0 1
2206 74 7 0 -1
2207 74 28 0 -1
2208 50 24 0 -1
2209 9 0 -1 0
2210 96 29 0 -1
2211 17 10 1 0
2212 2 23 -1 0
2213 25 24 1 0
2214 18 10 0 1
2215 37 13 0 1
2216 57 13 -1 0
2217 62 1 0 -1
2218 60 28 0 -1
2219 44 36 1 0
2220 7 21 -1 0
2221 25 11 -1 0
2222 51 14 0 -1
2223 6 24 -1 0
2224 74 7 1 0
2225 1 20 0 1
2226 4 7 0 1
2227 25 35 -1 0
2228 85 32 0 1
2229 73 27 1 0
2230 21 21 0 -1
2231 79 2 -1 0
2232 10 1 -1 0
2233 25 16 1 0
2234 12 6 0 1
2235 21 17 0 1
2236 22 21 1 0
2237 37 4 0 1
2238 14 33 0 1
2239 46 24 -1 0
2240 43 11 -1 0
2241 89 13 1 0
2242 11 20 -1 0
2243 13 28 0 -1
2244 43 5 0 -1
2245 76 11 1 0
2246 41 31 1 0
2247 25 5 1 0
2248 53 17 -1 0
2249 53 31 1 0
2250 61 20 0 1
2251 45 38 0 1
2252 84 2 0 -1
2253 20 6 1 0
2254 96 13 0 -1
2255 17 4 0 -1
2256 91 14 1 0
2257 62 18 0 -1
2258 37 18 1 0
2259 48 22 0 1
2260 93 25 -1 0
2261 66 2 1 0
2262 88 6 -1 0
2263 81 24 0 -1
2264 9 39 0 -1
2265 86 7 -1 0
2266 36 35 1 0
2267 14 13 0 1
2268 86 8 1 0
2269 24 7 0 -1
2270 89 6 -1 0
2271 27 15 -1 0
2272 46 30 0 -1
2273 26 29 -1 0
2274 48 2 -1 0
2275 84 20 0 -1
2276 78 10 -1 0
2277 57 5 0 -1
2278 6 22 -1 0
2279 7 16 0 -1
2280 87 3 0 -1
2281 54 2 0 1
2282 47 32 -1 0
2283 47 0 0 1
2284 98 26 1 0
2285 9 19 0 -1
2286 65 0 0 -1
2287 68 15 0 1
2288 54 38 0 1
2289 13 3 0 1
2290 60 9 0 -1
2291 39 16 0 -1
2292 39 8 -1 0
2293 9 27 0 1
2294 89 21 0 1
2295 44 4 0 1
2296 29 16 0 1
2297 75 24 0 -1
2298 88 19 1 0
2299 23 36 0 -1
2300 83 29 0 1
2301 72 13 -1 0
2302 96 20 1 0
2303 44 0 0 1
2304 19 20 0 -1
2305 6 2 -1 0
2306 48 0 0 -1
2307 15 24 -1 0
2308 68 17 -1 0
2309 39 20 0 -1
2310 42 34 0 1
2311 75 23 -1 0
2312 43 33 -1 0
2313 77 38 0 1
2314 14 29 0 -1
2315 59 22 1 0
2316 23 6 0 1
2317 14 17 0 1
2318 38 15 -1 0
2319 22 17 -1 0
2320 40 27 0 1
2321 64 36 0 1
2322 23 27 0 -1
2323 25 19 -1 0
2324 62 12 -1 0
2325 18 33 0 1
2326 21 32 1 0
2327 40 23 1 0
2328 13 5 0 -1
2329 95 9 0 -1
2330 74 38 0 1
2331 0 15 -1 0
2332 15 4 -1 0
2333 75 29 -1 0
2334 3 30 -1 0
2335 73 1 1 0
2336 11 13 1 0
2337 31 13 1 0
2338 49 26 -1 0
2339 11 29 0 1
2340 54 31 0 1
2341 70 19 0 1
2342 98 35 1 0
2343 62 22 -1 0
2344 44 2 0 1
2345 84 11 0 -1
2346 77 18 0 1
2347 57 26 0 -1
2348 77 27 -1 0
2349 27 4 0 1
2350 47 35 0 1
2351 10 6 1 0
2352 24 4 1 0
2353 48 20 1 0
2354 0 20 1 0
2355 14 2 -1 0
2356 75 33 -1 0
2357 42 16 1 0
2358 14 29 1 0
2359 16 37 0 1
2360 76 23 0 1
2361 4 17 0 -1
2362 66 0 1 0
2363 94 13 -1 0
2364 18 34 0 -1
2365 90 27 -1 0
2366 11 16 0 -1
2367 63 23 1 0
2368 65 33 0 1
2369 29 9 0 1
2370 70 9 0 -1
2371 83 18 1 0
2372 65 28 0 -1
2373 24 39 -1 0
2374 52 5 0 -1
2375 67 11 -1 0
2376 8 33 1 0
2377 80 3 1 0
2378 8 1 0 -1
2379 37 16 0 1
2380 48 37 -1 0
2381 87 34 0 1
2382 29 1 0 -1
2383 37 6 1 0
2384 38 3 0 -1
2385 25 12 1 0
2386 25 28 -1 0
2387 27 15 1 0
2388 67 34 0 -1
2389 78 34 1 0
2390 44 29 0 -1
2391 72 21 1 0
2392 24 6 0 1
2393 44 4 0 -1
2394 24 38 0 1
2395 77 8 0 -1
2396 73 24 1 0
2397 82 37 0 1
2398 30 35 0 1
2399 9 8 0 -1
2400 26 32 0 1
2401 16 23 -1 0
2402 13 39 1 0
2403 23 37 1 0
2404 26 6 0 -1
2405 86 11 0 1
2406 89 18 0 1
2407 65 11 1 0
2408 93 17 -1 0
2409 18 11 0 1
2410 26 38 0 -1
2411 4 30 -1 0
2412 89 39 0 1
2413 89 15 0 1
2414 97 21 0 -1
2415 85 29 -1 0
2416 77 18 0 1
2417 54 4 0 -1
2418 3 21 0 -1
2419 1 4 0 -1
2420 21 25 0 1
2421 27 4 -1 0
2422 60 13 -1 0
2423 14 15 -1 0
2424 25 38 1 0
2425 27 15 0 1
2426 98 36 0 -1
2427 21 28 0 1
2428 71 0 1 0
2429 14 4 0 -1
2430 39 4 1 0
2431 2 38 0 1
2432 92 15 -1 0
2433 63 16 1 0
2434 43 18 0 -1
2435 87 28 1 0
2436 28 33 0 1
2437 44 33 1 0
2438 18 37 0 -1
2439 51 13 1 0
2440 77 35 -1 0
2441 93 15 -1 0
2442 85 24 0 1
2443 27 25 -1 0
2444 45 30 0 -1
2445 85 11 0 1
2446 17 3 -1 0
2447 44 26 0 -1
2448 24 21 0 -1
2449 45 28 1 0
2450 77 2 0 -1
2451 91 3 0 -1
2452 6 28 1 0
2453 3 7 1 0
2454 18 39 -1 0
2455 80 12 1 0
2456 90 30 0 1
2457 42 3 -1 0
2458 43 25 0 -1
2459 71 28 -1 0
2460 11 7 1 0
2461 54 4 1 0
2462 26 11 1 0
2463 20 13 1 0
2464 4 19 -1 0
2465 22 14 -1 0
2466 23 14 0 -1
2467 24 6 0 1
2468 60 17 0 1
2469 8 15 1 0
2470 63 11 1 0
2471 81 10 1 0
2472 19 4 -1 0
2473 16 21 0 1
2474 13 33 0 -1
2475 46 4 0 1
2476 39 9 1 0
2477 50 12 -1 0
2478 46 12 0 1
2479 93 35 0 -1
2480 71 8 1 0
2481 58 26 1 0
2482 44 0 0 1
2483 30 20 0 1
2484 18 11 0 1
2485 55 2 0 1
2486 51 0 0 -1
2487 56 22 0 1
2488 46 0 0 -1
2489 42 29 0 1
2490 90 19 0 -1
2491 24 33 1 0
2492 75 22 0 1
2493 10 0 0 1
2494 27 19 1 0
2495 53 2 -1 0
2496 15 23 1 0
2497 26 2 0 1
2498 14 38 -1 0
2499 39 3 0 1
2500 17 9 1 0
2501 15 26 -1 0
2502 55 6 0 -1
2503 7 6 1 0
2504 5 3 0 1
2505 39 15 0 -1
2506 24 28 1 0
2507 99 2 0 1
2508 6 2 -1 0
2509 54 36 1 0
2510 15 26 -1 0
2511 46 33 1 0
2512 47 34 -1 0
2513 11 32 -1 0
2514 58 0 0 -1
2515 96 17 0 -1
2516 92 24 0 -1
2517 51 0 1 0
2518 37 8 1 0
2519 27 17 0 1
2520 20 21 1 0
2521 14 31 1 0
2522 25 15 1 0
2523 28 11 1 0
2524 65 7 0 1
2525 26 10 0 -1
2526 63 9 0 -1
2527 45 28 -1 0
2528 21 7 0 -1
2529 9 23 0 -1
2530 90 15 0 -1
2531 11 29 0 1
2532 26 8 0 1
2533 6 19 0 -1
2534 24 29 1 0
2535 14 16 1 0
2536 40 2 0 1
2537 16 36 0 -1
2538 89 30 -1 0
2539 25 5 -1 0
2540 84 13 0 -1
2541 7 5 0 1
2542 6 6 1 0
2543 47 20 -1 0
2544 50 6 -1 0
2545 71 12 0 1
2546 8 1 0 1
2547 89 35 0 1
2548 17 14 0 1
2549 9 7 1 0
2550 92 0 1 0
2551 76 33 1 0
2552 39 26 0 1
2553 37 4 1 0
2554 96 16 0 1
2555 94 27 -1 0
2556 88 14 -1 0
2557 14 9 1 0
2558 11 9 -1 0
2559 5 27 -1 0
2560 22 19 0 1
2561 43 15 0 1
2562 53 23 1 0
2563 44 15 0 1
2564 60 3 0 1
2565 67 18 0 -1
2566 43 31 0 1
2567 2 7 1 0
2568 23 15 1 0
2569 42 7 0 -1
2570 20 3 0 1
2571 2 7 1 0
2572 59 25 0 -1
2573 26 7 0 -1
2574 53 6 -1 0
2575 21 19 -1 0
2576 78 10 0 1
2577 6 29 0 1
2578 87 31 1 0
2579 76 26 1 0
2580 85 16 0 -1
2581 83 25 1 0
2582 12 28 1 0
2583 26 16 -1 0
2584 61 17 0 1
2585 15 21 0 1
2586 41 31 0 1
2587 66 9 1 0
2588 47 21 0 -1
2589 97 22 0 -1
2590 56 27 1 0
2591 49 4 0 -1
2592 51 32 0 -1
2593 40 30 0 1
2594 21 22 0 -1
2595 28 26 0 1
2596 82 21 -1 0
2597 52 30 -1 0
2598 0 14 0 1
2599 12 8 0 1
2600 51 22 -1 0
2601 43 23 0 1
2602 42 11 0 1
2603 46 20 0 -1
2604 11 20 0 1
2605 7 8 0 1
2606 94 34 1 0
2607 97 23 -1 0
2608 6 1 -1 0
2609 12 36 0 1
2610 2 7 0 1
2611 88 37 1 0
2612 9 28 -1 0
2613 10 29 -1 0
2614 59 7 1 0
2615 12 30 0 1
2616 14 8 0 1
2617 38 4 0 -1
2618 27 1 -1 0
2619 47 27 1 0
2620 5 5 1 0
2621 37 6 -1 0
2622 99 18 0 1
2623 12 10 1 0
2624 50 31 1 0
2625 76 17 0 -1
2626 48 12 0 1
2627 91 28 0 1
2628 18 3 0 1
2629 32 19 0 1
2630 75 12 0 -1
2631 41 32 -1 0
2632 71 23 1 0
2633 11 29 1 0
2634 64 36 -1 0
2635 77 13 1 0
2636 98 12 0 -1
2637 45 3 1 0
2638 77 22 0 -1
2639 57 39 -1 0
2640 68 30 0 1
2641 71 21 0 1
2642 15 14 -1 0
2643 78 29 0 1
2644 45 19 0 -1
2645 11 35 -1 0
2646 99 35 -1 0
2647 24 14 0 -1
2648 44 21 0 1
2649 99 5 1 0
2650 46 14 0 -1
2651 67 5 0 1
2652 14 14 1 0
2653 78 38 0 -1
2654 82 3 0 1
2655 53 13 0 -1
2656 85 29 0 -1
2657 97 36 1 0
2658 97 19 -1 0
2659 15 17 0 -1
2660 64 19 0 1
2661 90 25 1 0
2662 13 30 1 0
2663 73 12 0 -1
2664 95 3 1 0
2665 38 18 0 -1
2666 50 18 0 1
2667 86 32 1 0
2668 90 21 0 1
2669 48 5 0 1
2670 23 5 0 1
2671 21 33 -1 0
2672 88 16 -1 0
2673 21 29 0 -1
2674 75 0 -1 0
2675 12 9 -1 0
2676 45 22 0 1
2677 59 32 0 1
2678 24 11 1 0
2679 64 37 1 0
2680 9 0 0 -1
2681 86 6 -1 0
2682 69 24 -1 0
2683 47 37 1 0
2684 91 16 0 1
2685 46 29 0 -1
2686 28 11 0 1
2687 77 34 0 -1
2688 53 27 -1 0
2689 41 7 -1 0
2690 21 27 -1 0
2691 78 18 -1 0
2692 90 22 -1 0
2693 49 6 -1 0
2694 56 7 -1 0
2695 13 7 0 1
2696 27 1 0 1
2697 20 14 0 -1
2698 58 2 0 -1
2699 27 33 1 0
2700 22 22 0 -1
2701 7 25 1 0
2702 11 16 0 -1
2703 74 28 -1 0
2704 86 28 0 -1
2705 85 28 0 -1
2706 67 31 -1 0
2707 25 23 1 0
2708 67 8 0 -1
2709 6 21 -1 0
2710 83 31 0 -1
2711 3 23 1 0
2712 26 27 0 -1
2713 56 14 0 -1
2714 77 17 0 1
2715 21 3 1 0
2716 31 26 -1 0
2717 90 37 0 1
2718 89 11 0 1
2719 62 6 -1 0
2720 25 2 1 0
2721 44 8 1 0
2722 65 3 0 1
2723 65 39 0 -1
2724 5 34 0 1
2725 82 30 -1 0
2726 70 6 1 0
2727 93 17 -1 0
2728 16 26 1 0
2729 45 3 -1 0
2730 54 26 0 -1
2731 36 14 0 1
2732 67 10 0 1
2733 62 29 -1 0
2734 95 11 0 -1
2735 45 37 -1 0
2736 0 35 -1 0
2737 61 8 0 1
2738 43 22 -1 0
2739 46 17 0 1
2740 88 37 0 -1
2741 5 29 0 -1
2742 13 24 1 0
2743 72 16 1 0
2744 73 37 0 1
2745 30 23 0 1
2746 58 2 0 1
2747 16 2 0 1
2748 44 22 1 0
2749 97 12 0 -1
2750 70 25 1 0
2751 51 29 1 0
2752 15 31 1 0
2753 46 20 1 0
2754 2 1 -1 0
2755 42 23 0 1
2756 11 37 0 1
2757 71 24 -1 0
2758 46 31 0 1
2759 55 25 0 1
2760 14 28 0 -1
2761 28 2 0 -1
2762 35 4 0 -1
2763 46 37 1 0
2764 21 26 0 1
2765 47 26 1 0
2766 60 37 -1 0
2767 44 3 0 1
2768 62 18 1 0
2769 42 14 0 -1
2770 53 7 1 0
2771 96 23 -1 0
2772 55 22 -1 0
2773 48 4 0 1
2774 21 16 -1 0
2775 38 23 -1 0
2776 53 9 0 1
2777 14 20 -1 0
2778 11 5 0 -1
2779 16 24 -1 0
2780 97 2 0 1
2781 22 27 1 0
2782 0 6 0 -1
2783 2 8 0 -1
2784 82 11 1 0
2785 26 35 0 -1
2786 24 36 1 0
2787 5 1 1 0
2788 44 3 -1 0
2789 45 17 0 1
2790 39 28 0 1
2791 59 4 -1 0
2792 6 8 0 1
2793 22 19 0 -1
2794 93 10 0 -1
2795 44 35 0 1
2796 49 21 1 0
2797 28 20 0 -1
2798 1 1 0 -1
2799 41 26 -1 0
