0 22 18 0 1
1 10 20 0 -1
2 22 26 0 -1
3 55 1 0 1
4 55 35 0 1
5 45 26 -1 0
6 49 25 -1 0
7 44 19 1 0
8 78 27 -1 0
9 13 35 -1 0
10 47 28 0 -1
11 12 6 -1 0
12 28 2 0 -1
13 49 11 -1 0
14 27 10 0 1
15 26 19 0 -1
16 64 9 0 -1
17 99 38 1 0
18 73 31 -1 0
19 90 1 0 -1
20 66 13 0 1
21 7 24 1 0
22 84 13 1 0
23 25 16 0 -1
24 66 19 -1 0
25 70 24 0 1
26 84 39 0 1
27 27 6 -1 0
28 27 37 0 1
29 87 26 0 1
30 27 2 1 0
31 93 8 1 0
32 64 12 0 1
33 91 12 0 -1
34 32 27 1 0
35 44 36 0 1
36 8 28 1 0
37 86 27 -1 0
38 43 8 0 1
39 43 9 0 1
40 42 38 -1 0
41 40 19 -1 0
42 12 10 1 0
43 30 0 -1 0
44 17 7 1 0
45 50 15 -1 0
46 67 28 -1 0
47 75 17 -1 0
48 80 20 -1 0
49 10 38 1 0
50 39 27 -1 0
51 4 26 0 1
52 13 37 0 -1
53 0 37 -1 0
54 36 12 0 -1
55 87 3 -1 0
56 57 34 0 -1
57 43 31 -1 0
58 25 17 0 1
59 38 21 -1 0
60 12 12 -1 0
61 13 28 -1 0
62 10 36 1 0
63 30 26 -1 0
64 92 34 0 -1
65 30 0 0 1
66 76 1 -1 0
67 69 1 1 0
68 49 23 0 -1
69 45 29 -1 0
70 20 36 0 1
71 67 12 0 1
72 15 37 1 0
73 69 27 0 -1
74 94 3 0 -1
75 68 35 0 1
76 63 31 0 1
77 46 34 0 1
78 45 18 0 1
79 27 2 1 0
80 37 22 0 1
81 96 5 0 -1
82 70 6 1 0
83 80 30 0 -1
84 58 23 -1 0
85 27 32 0 1
86 90 13 1 0
87 36 30 0 1
88 70 6 0 -1
89 48 4 -1 0
90 43 15 -1 0
91 45 31 0 -1
92 17 39 0 1
93 45 24 -1 0
94 90 26 0 1
95 25 33 1 0
96 12 31 0 1
97 56 36 0 -1
98 14 20 0 1
99 52 34 -1 0
100 87 2 0 1
101 78 39 0 -1
102 87 36 1 0
103 89 6 -1 0
104 24 6 0 -1
105 72 12 1 0
106 21 6 1 0
107 82 28 -1 0
108 21 38 1 0
109 19 18 1 0
110 95 2 -1 0
111 40 10 0 1
112 49 8 1 0
113 44 7 1 0
114 43 38 -1 0
115 12 25 0 1
116 29 11 1 0
117 97 7 -1 0
118 19 3 0 -1
119 26 28 1 0
120 31 31 0 -1
121 63 4 0 -1
122 26 16 0 -1
123 83 30 -1 0
124 5 28 0 1
125 87 21 1 0
126 72 4 -1 0
127 16 15 -1 0
128 10 13 0 -1
129 21 34 0 -1
130 76 14 1 0
131 40 9 0 1
132 51 23 1 0
133 98 15 -1 0
134 97 6 0 -1
135 8 17 -1 0
136 12 28 0 1
137 60 37 1 0
138 92 32 0 -1
139 46 5 0 1
140 26 21 1 0
141 1 32 -1 0
142 2 19 0 -1
143 28 15 1 0
144 52 11 1 0
145 40 12 -1 0
146 81 0 0 1
147 69 39 -1 0
148 22 33 -1 0
149 57 22 0 -1
150 92 0 0 -1
151 82 28 0 -1
152 4 31 1 0
153 39 13 -1 0
154 4 19 1 0
155 22 0 1 0
156 12 13 -1 0
157 25 32 -1 0
158 22 13 0 1
159 17 3 1 0
160 62 30 0 -1
161 99 33 0 1
162 93 24 -1 0
163 44 22 1 0
164 57 19 0 1
165 1 17 -1 0
166 84 6 -1 0
167 12 11 1 0
168 21 14 0 -1
169 54 8 0 1
170 22 0 -1 0
171 56 31 0 1
172 78 16 1 0
173 36 35 1 0
174 75 8 -1 0
175 67 37 1 0
176 93 36 1 0
177 45 1 1 0
178 77 22 0 -1
179 44 26 -1 0
180 49 8 0 1
181 7 22 0 -1
182 72 25 0 1
183 33 19 -1 0
184 44 10 -1 0
185 60 27 1 0
186 23 33 -1 0
187 2 12 -1 0
188 29 11 1 0
189 66 30 -1 0
190 98 36 0 -1
191 19 16 0 -1
192 21 14 0 1
193 20 6 0 -1
194 41 8 1 0
195 28 25 1 0
196 58 9 0 -1
197 85 34 1 0
198 42 9 -1 0
199 10 35 -1 0
200 43 3 0 1
201 69 0 -1 0
202 95 35 1 0
203 94 21 0 -1
204 13 14 0 -1
205 74 16 0 1
206 89 5 0 -1
207 58 36 0 -1
208 6 32 1 0
209 43 35 0 -1
210 23 37 0 1
211 89 24 0 -1
212 63 34 0 -1
213 92 8 1 0
214 95 3 0 1
215 73 11 -1 0
216 44 6 0 1
217 69 30 0 1
218 2 8 1 0
219 69 8 0 -1
220 42 22 0 1
221 91 16 -1 0
222 13 31 0 -1
223 88 1 0 1
224 60 35 0 1
225 46 11 0 1
226 37 20 1 0
227 20 33 1 0
228 19 7 0 -1
229 39 20 0 1
230 44 19 -1 0
231 17 31 -1 0
232 28 31 -1 0
233 28 34 0 1
234 6 22 -1 0
235 46 10 1 0
236 68 34 1 0
237 32 3 0 -1
238 77 9 0 1
239 89 36 1 0
240 17 7 0 -1
241 53 32 1 0
242 13 13 0 1
243 93 39 1 0
244 14 33 -1 0
245 32 3 1 0
246 32 7 -1 0
247 62 27 0 1
248 83 6 1 0
249 98 2 1 0
250 81 39 -1 0
251 22 28 0 1
252 43 10 -1 0
253 12 15 0 1
254 57 28 0 1
255 60 23 0 1
256 19 29 1 0
257 93 37 0 1
258 73 12 1 0
259 61 5 0 -1
260 46 8 -1 0
261 10 6 0 -1
262 19 39 -1 0
263 42 8 1 0
264 33 20 -1 0
265 19 10 0 -1
266 10 36 -1 0
267 69 22 0 -1
268 87 34 0 1
269 62 12 0 -1
270 92 33 0 1
271 1 31 1 0
272 61 10 0 1
273 84 25 0 1
274 91 17 0 1
275 79 28 -1 0
276 89 39 1 0
277 57 23 1 0
278 11 10 0 1
279 65 6 1 0
280 16 18 -1 0
281 48 0 -1 0
282 5 24 -1 0
283 93 27 1 0
284 99 18 -1 0
285 50 3 0 -1
286 89 36 -1 0
287 41 32 0 -1
288 11 12 0 -1
289 47 25 0 1
290 94 6 1 0
291 21 36 0 -1
292 88 11 -1 0
293 47 15 1 0
294 32 39 0 -1
295 42 17 0 -1
296 73 27 0 -1
297 87 22 1 0
298 86 3 0 1
299 87 16 -1 0
300 53 34 0 1
301 2 5 -1 0
302 4 24 0 -1
303 11 37 0 1
304 96 9 1 0
305 6 25 0 -1
306 18 31 0 -1
307 21 14 0 -1
308 72 31 1 0
309 63 27 -1 0
310 74 19 0 1
311 75 10 0 -1
312 24 25 1 0
313 23 7 0 1
314 83 27 0 -1
315 10 25 -1 0
316 43 27 -1 0
317 39 30 -1 0
318 41 39 0 -1
319 78 31 -1 0
320 86 28 -1 0
321 48 30 0 -1
322 48 4 0 -1
323 42 14 0 -1
324 9 33 -1 0
325 98 1 0 -1
326 85 39 -1 0
327 38 3 -1 0
328 47 21 1 0
329 5 25 0 1
330 88 28 -1 0
331 26 13 -1 0
332 39 39 1 0
333 95 3 1 0
334 50 10 -1 0
335 4 18 1 0
336 49 35 0 1
337 7 30 -1 0
338 4 9 1 0
339 88 5 -1 0
340 88 39 0 -1
341 95 31 1 0
342 75 20 -1 0
343 74 25 0 -1
344 3 35 0 1
345 12 35 0 1
346 99 25 1 0
347 93 0 0 1
348 47 23 -1 0
349 18 10 1 0
350 93 3 0 1
351 44 27 0 1
352 83 38 0 1
353 95 8 0 1
354 45 39 -1 0
355 27 26 -1 0
356 16 12 1 0
357 29 11 0 1
358 59 26 0 1
359 82 20 0 1
360 45 11 -1 0
361 25 32 -1 0
362 0 32 -1 0
363 21 33 1 0
364 12 26 0 -1
365 23 28 -1 0
366 6 16 0 1
367 52 27 0 -1
368 20 39 0 -1
369 46 8 -1 0
370 16 24 1 0
371 97 19 -1 0
372 99 8 -1 0
373 93 30 1 0
374 48 18 1 0
375 16 18 1 0
376 93 27 1 0
377 20 34 0 1
378 14 4 0 -1
379 44 33 -1 0
380 67 35 -1 0
381 39 7 -1 0
382 93 1 0 -1
383 44 25 1 0
384 84 1 1 0
385 5 10 0 -1
386 62 31 -1 0
387 45 17 -1 0
388 97 3 1 0
389 81 0 0 1
390 16 5 -1 0
391 25 21 -1 0
392 14 10 1 0
393 65 17 0 -1
394 14 24 0 1
395 11 34 1 0
396 1 14 0 -1
397 13 28 1 0
398 56 22 0 -1
399 52 33 0 -1
400 83 16 0 -1
401 89 18 0 1
402 1 25 0 -1
403 78 0 0 1
404 76 39 1 0
405 0 32 0 1
406 38 6 0 1
407 7 24 0 -1
408 38 25 1 0
409 65 5 0 -1
410 47 30 1 0
411 5 18 0 1
412 84 16 -1 0
413 94 36 0 -1
414 2 30 -1 0
415 91 11 -1 0
416 88 37 0 1
417 37 3 -1 0
418 80 31 0 -1
419 0 2 1 0
420 67 8 0 -1
421 17 27 0 -1
422 49 39 0 1
423 54 20 1 0
424 59 38 0 -1
425 36 32 0 -1
426 23 21 -1 0
427 39 35 0 -1
428 74 17 1 0
429 22 27 0 1
430 24 4 0 -1
431 25 2 1 0
432 24 0 0 -1
433 84 3 0 -1
434 20 0 -1 0
435 82 27 0 -1
436 12 21 -1 0
437 12 11 1 0
438 83 32 0 1
439 37 29 1 0
440 8 38 1 0
441 35 34 -1 0
442 10 10 -1 0
443 88 38 0 -1
444 18 32 1 0
445 87 19 -1 0
446 61 31 0 -1
447 73 21 1 0
448 95 5 1 0
449 1 17 1 0
450 17 9 0 -1
451 46 20 1 0
452 39 32 -1 0
453 24 5 0 -1
454 57 29 0 1
455 50 0 1 0
456 2 21 1 0
457 40 22 0 -1
458 28 11 0 -1
459 52 25 1 0
460 93 31 -1 0
461 34 16 0 -1
462 77 16 0 1
463 8 38 -1 0
464 72 30 -1 0
465 3 8 0 -1
466 74 22 0 -1
467 39 9 1 0
468 50 28 0 -1
469 55 12 -1 0
470 91 18 0 -1
471 6 0 1 0
472 52 31 0 1
473 67 37 -1 0
474 69 2 0 1
475 10 26 -1 0
476 59 26 1 0
477 22 26 0 1
478 16 37 -1 0
479 45 32 -1 0
480 79 17 0 1
481 28 8 -1 0
482 96 33 1 0
483 96 0 1 0
484 85 2 1 0
485 79 37 1 0
486 96 21 -1 0
487 53 3 -1 0
488 77 19 0 1
489 66 27 0 -1
490 93 11 1 0
491 27 34 0 1
492 49 7 -1 0
493 68 32 0 -1
494 11 32 -1 0
495 93 18 1 0
496 64 6 0 -1
497 39 18 0 1
498 28 29 0 -1
499 21 4 0 1
500 64 28 0 1
501 51 29 0 -1
502 42 32 0 1
503 78 29 0 1
504 24 16 -1 0
505 37 36 -1 0
506 25 20 0 1
507 87 19 0 -1
508 39 34 0 1
509 79 36 1 0
510 10 22 1 0
511 48 16 1 0
512 77 37 -1 0
513 77 26 0 -1
514 47 1 0 1
515 43 24 0 -1
516 69 38 -1 0
517 2 5 -1 0
518 21 19 0 -1
519 43 13 -1 0
520 24 34 1 0
521 74 27 0 1
522 43 7 0 1
523 47 7 -1 0
524 4 6 0 -1
525 33 7 0 1
526 9 25 -1 0
527 49 7 1 0
528 7 18 0 1
529 9 13 0 -1
530 50 28 0 -1
531 92 1 0 -1
532 49 13 -1 0
533 93 39 1 0
534 63 2 1 0
535 13 35 0 -1
536 7 14 -1 0
537 84 2 0 1
538 69 31 0 -1
539 54 9 -1 0
540 44 11 1 0
541 22 39 0 1
542 38 31 1 0
543 55 39 -1 0
544 39 24 1 0
545 98 17 1 0
546 99 20 1 0
547 78 35 0 -1
548 15 13 1 0
549 98 27 1 0
550 5 28 0 1
551 36 21 0 1
552 60 11 0 -1
553 77 27 1 0
554 41 17 1 0
555 97 7 1 0
556 70 32 0 1
557 59 34 1 0
558 48 3 0 -1
559 4 4 0 1
560 39 2 -1 0
561 26 16 0 1
562 77 24 1 0
563 26 9 1 0
564 80 10 -1 0
565 54 31 1 0
566 22 22 0 -1
567 96 27 -1 0
568 94 6 0 -1
569 1 14 0 1
570 12 14 0 1
571 42 26 0 -1
572 97 7 0 1
573 18 30 -1 0
574 5 22 1 0
575 43 33 -1 0
576 15 28 0 1
577 7 35 0 1
578 27 6 0 -1
579 74 23 -1 0
580 96 11 1 0
581 39 11 0 1
582 95 28 0 1
583 11 6 0 1
584 92 10 -1 0
585 39 3 0 1
586 87 33 1 0
587 37 13 0 -1
588 1 29 0 1
589 46 2 0 -1
590 94 5 1 0
591 56 4 1 0
592 30 22 0 -1
593 30 23 1 0
594 30 19 0 1
595 8 20 1 0
596 45 8 0 -1
597 39 21 -1 0
598 80 26 0 -1
599 6 23 1 0
600 94 23 0 -1
601 92 20 -1 0
602 58 29 -1 0
603 17 29 1 0
604 99 30 -1 0
605 29 37 1 0
606 52 33 1 0
607 41 9 0 1
608 26 5 -1 0
609 40 20 0 1
610 53 33 0 -1
611 92 2 0 1
612 17 26 0 -1
613 93 9 1 0
614 18 2 0 1
615 87 29 0 1
616 6 28 0 -1
617 67 10 -1 0
618 42 7 -1 0
619 46 22 0 -1
620 81 8 -1 0
621 15 1 1 0
622 41 17 -1 0
623 38 36 1 0
624 26 18 0 1
625 93 34 1 0
626 71 11 0 1
627 37 8 -1 0
628 35 31 0 1
629 17 9 0 1
630 54 7 0 -1
631 19 12 0 1
632 16 38 0 1
633 44 22 0 -1
634 1 23 1 0
635 10 8 0 -1
636 29 26 -1 0
637 21 6 1 0
638 31 33 1 0
639 26 21 0 -1
640 21 24 0 -1
641 68 5 0 1
642 45 18 1 0
643 96 24 0 1
644 45 37 1 0
645 86 8 -1 0
646 4 3 1 0
647 57 36 0 -1
648 81 23 1 0
649 3 19 1 0
650 83 0 0 1
651 94 18 0 -1
652 56 37 1 0
653 3 27 0 1
654 58 20 0 -1
655 19 4 1 0
656 33 33 0 1
657 44 37 -1 0
658 47 27 0 -1
659 69 33 -1 0
660 59 14 0 1
661 78 39 -1 0
662 79 11 0 -1
663 23 33 1 0
664 84 17 -1 0
665 51 29 1 0
666 34 1 0 1
667 51 33 -1 0
668 64 19 1 0
669 89 35 1 0
670 75 7 0 1
671 42 31 0 -1
672 29 35 1 0
673 41 22 0 -1
674 63 36 -1 0
675 19 11 0 -1
676 59 19 0 1
677 40 23 0 -1
678 33 5 0 -1
679 99 26 1 0
680 4 4 1 0
681 0 23 0 -1
682 10 12 1 0
683 82 30 -1 0
684 76 34 0 1
685 60 6 0 1
686 34 4 0 -1
687 34 22 0 1
688 17 29 0 1
689 11 4 -1 0
690 28 31 1 0
691 88 14 0 1
692 37 35 0 -1
693 32 39 -1 0
694 26 22 -1 0
695 52 16 1 0
696 64 4 -1 0
697 3 13 1 0
698 48 7 -1 0
699 12 39 -1 0
700 60 24 0 1
701 21 33 0 1
702 50 10 0 -1
703 48 31 0 -1
704 38 7 0 1
705 96 3 0 1
706 11 16 0 1
707 31 17 -1 0
708 57 21 0 1
709 53 33 0 -1
710 41 0 1 0
711 18 29 1 0
712 39 17 -1 0
713 87 38 1 0
714 73 19 -1 0
715 71 2 -1 0
716 19 31 0 1
717 6 11 0 -1
718 30 1 0 1
719 36 22 0 1
720 11 36 1 0
721 88 34 -1 0
722 86 33 0 1
723 18 36 1 0
724 12 8 -1 0
725 51 28 -1 0
726 39 17 0 -1
727 91 0 0 1
728 67 20 1 0
729 98 14 0 -1
730 10 11 1 0
731 48 14 -1 0
732 41 24 0 -1
733 97 35 1 0
734 30 36 1 0
735 82 9 0 1
736 19 32 -1 0
737 3 27 -1 0
738 59 35 1 0
739 7 39 0 1
740 30 21 0 1
741 55 30 0 1
742 50 10 1 0
743 43 9 0 1
744 68 26 1 0
745 24 17 0 -1
746 11 12 -1 0
747 95 29 1 0
748 90 16 1 0
749 91 15 1 0
750 82 1 0 -1
751 27 10 0 -1
752 37 21 1 0
753 21 31 0 1
754 80 37 0 1
755 6 36 1 0
756 74 4 0 -1
757 16 15 0 -1
758 11 24 0 1
759 28 8 1 0
760 38 35 0 1
761 16 27 0 -1
762 32 13 1 0
763 50 14 -1 0
764 29 35 1 0
765 67 13 0 1
766 20 15 0 -1
767 34 34 1 0
768 2 31 1 0
769 16 32 1 0
770 47 19 -1 0
771 20 18 -1 0
772 38 11 0 -1
773 59 37 0 1
774 63 24 1 0
775 24 1 -1 0
776 59 8 1 0
777 59 11 -1 0
778 91 20 1 0
779 86 32 0 1
780 45 18 0 -1
781 20 37 0 1
782 30 2 1 0
783 14 16 0 1
784 27 5 0 1
785 16 1 0 1
786 24 28 -1 0
787 16 27 1 0
788 49 14 0 -1
789 28 31 -1 0
790 59 15 -1 0
791 14 26 0 -1
792 73 7 0 -1
793 1 19 0 1
794 72 25 -1 0
795 54 25 0 -1
796 26 18 1 0
797 45 13 -1 0
798 86 18 0 -1
799 65 29 1 0
800 58 15 0 -1
801 78 10 0 -1
802 50 2 -1 0
803 60 8 1 0
804 25 11 0 -1
805 60 11 1 0
806 5 23 1 0
807 46 34 -1 0
808 11 25 1 0
809 81 15 1 0
810 32 28 1 0
811 13 22 0 -1
812 35 1 0 -1
813 94 10 0 1
814 65 19 1 0
815 48 31 1 0
816 51 26 0 -1
817 45 22 0 1
818 87 12 -1 0
819 94 16 0 -1
820 4 6 0 -1
821 18 1 1 0
822 40 29 0 -1
823 86 6 1 0
824 33 11 0 -1
825 65 11 0 -1
826 10 0 -1 0
827 22 10 -1 0
828 25 16 0 1
829 38 18 0 -1
830 39 38 0 1
831 69 38 0 -1
832 6 10 0 -1
833 47 32 -1 0
834 8 17 1 0
835 39 13 0 -1
836 34 19 -1 0
837 69 4 0 -1
838 54 27 0 -1
839 11 22 -1 0
840 27 21 0 1
841 17 6 0 1
842 68 5 -1 0
843 66 23 -1 0
844 9 8 0 1
845 7 2 0 1
846 12 25 0 1
847 88 33 0 1
848 7 2 0 1
849 73 32 1 0
850 53 18 0 1
851 14 37 1 0
852 15 2 0 1
853 62 26 0 -1
854 43 0 -1 0
855 43 10 0 1
856 76 2 1 0
857 21 39 0 1
858 60 21 1 0
859 61 30 0 1
860 59 23 0 -1
861 74 5 0 -1
862 24 24 0 -1
863 73 16 0 1
864 99 0 1 0
865 16 14 1 0
866 76 12 1 0
867 73 12 0 -1
868 19 22 1 0
869 24 4 -1 0
870 9 7 0 1
871 67 21 0 -1
872 25 33 1 0
873 61 0 0 1
874 48 22 -1 0
875 18 8 -1 0
876 81 8 0 -1
877 16 28 0 1
878 28 28 0 -1
879 86 10 -1 0
880 51 14 0 -1
881 69 20 -1 0
882 67 27 0 -1
883 86 13 0 1
884 24 2 1 0
885 27 16 1 0
886 86 2 0 -1
887 63 12 -1 0
888 90 28 0 1
889 37 17 0 1
890 56 12 -1 0
891 59 18 0 -1
892 62 14 -1 0
893 39 9 -1 0
894 86 34 0 -1
895 33 12 0 -1
896 16 26 0 1
897 0 36 -1 0
898 18 9 1 0
899 75 37 1 0
900 29 29 0 -1
901 93 19 0 1
902 85 4 0 -1
903 23 0 1 0
904 90 6 0 -1
905 20 34 0 1
906 13 13 1 0
907 21 12 -1 0
908 73 36 1 0
909 56 34 0 -1
910 83 30 1 0
911 91 15 -1 0
912 14 5 1 0
913 83 11 -1 0
914 35 8 -1 0
915 44 27 0 -1
916 45 3 0 -1
917 98 0 1 0
918 73 25 0 1
919 62 4 -1 0
920 90 17 1 0
921 47 22 -1 0
922 84 18 0 -1
923 51 18 -1 0
924 86 7 0 -1
925 67 16 0 1
926 99 33 1 0
927 69 7 0 -1
928 20 18 1 0
929 63 22 0 -1
930 21 32 0 -1
931 37 28 0 -1
932 77 19 1 0
933 63 3 -1 0
934 30 1 -1 0
935 17 31 0 -1
936 80 23 0 1
937 12 22 0 -1
938 72 8 0 -1
939 33 18 -1 0
940 90 18 0 1
941 19 26 0 1
942 17 39 -1 0
943 42 11 0 1
944 48 24 1 0
945 24 2 1 0
946 88 10 0 1
947 99 33 -1 0
948 45 13 0 1
949 79 9 1 0
950 79 39 -1 0
951 7 36 0 1
952 45 16 0 -1
953 91 12 0 -1
954 3 16 0 -1
955 5 28 -1 0
956 47 22 -1 0
957 68 33 1 0
958 43 29 1 0
959 38 36 -1 0
960 68 23 0 1
961 38 38 -1 0
962 4 15 1 0
963 16 31 0 -1
964 67 1 1 0
965 8 6 1 0
966 17 21 1 0
967 46 25 0 -1
968 21 22 0 1
969 46 34 -1 0
970 33 39 0 -1
971 63 16 0 -1
972 27 38 0 1
973 2 21 -1 0
974 98 16 0 -1
975 21 35 1 0
976 96 33 -1 0
977 19 3 0 -1
978 8 35 0 1
979 21 36 0 1
980 96 20 -1 0
981 88 6 0 1
982 48 24 -1 0
983 82 4 1 0
984 36 38 0 1
985 82 23 -1 0
986 53 4 -1 0
987 23 35 -1 0
988 69 6 0 1
989 37 18 -1 0
990 62 35 0 -1
991 87 24 0 1
992 85 11 -1 0
993 76 7 1 0
994 40 23 0 -1
995 45 35 0 -1
996 83 5 1 0
997 15 34 0 1
998 87 28 1 0
999 92 13 -1 0
1000 8 15 -1 0
1001 93 15 -1 0
1002 60 33 0 1
1003 53 25 0 1
1004 27 27 1 0
1005 95 3 1 0
1006 5 0 1 0
1007 20 37 1 0
1008 42 23 1 0
1009 92 28 1 0
1010 3 7 0 1
1011 10 22 -1 0
1012 88 33 1 0
1013 69 28 0 -1
1014 12 21 0 1
1015 69 7 0 -1
1016 93 34 -1 0
1017 35 28 0 1
1018 15 22 -1 0
1019 21 34 1 0
1020 37 4 0 1
1021 71 15 0 -1
1022 44 6 1 0
1023 97 6 0 1
1024 4 9 0 -1
1025 29 6 0 -1
1026 89 23 -1 0
1027 22 23 1 0
1028 96 24 -1 0
1029 87 23 -1 0
1030 85 13 1 0
1031 92 35 0 1
1032 5 13 -1 0
1033 90 15 -1 0
1034 46 13 1 0
1035 57 21 1 0
1036 77 30 1 0
1037 40 16 0 -1
1038 8 23 1 0
1039 4 5 -1 0
1040 36 38 -1 0
1041 60 28 -1 0
1042 52 12 0 1
1043 29 28 0 1
1044 95 4 0 1
1045 5 3 0 -1
1046 9 32 -1 0
1047 25 12 0 1
1048 42 29 0 1
1049 48 22 0 -1
1050 15 39 -1 0
1051 94 32 -1 0
1052 6 23 1 0
1053 44 28 0 1
1054 20 5 -1 0
1055 98 22 1 0
1056 7 12 1 0
1057 92 27 -1 0
1058 17 25 1 0
1059 40 10 0 1
1060 47 6 0 1
1061 46 19 -1 0
1062 57 33 0 -1
1063 40 34 1 0
1064 70 15 -1 0
1065 63 22 0 -1
1066 46 31 -1 0
1067 88 9 0 -1
1068 44 37 1 0
1069 43 19 0 -1
1070 61 4 -1 0
1071 55 23 0 1
1072 1 23 1 0
1073 6 31 0 1
1074 87 14 -1 0
1075 61 3 -1 0
1076 15 21 0 1
1077 54 5 0 -1
1078 97 35 -1 0
1079 97 36 0 -1
1080 17 11 1 0
1081 1 28 1 0
1082 54 9 0 -1
1083 56 31 0 -1
1084 24 25 1 0
1085 23 25 1 0
1086 15 3 -1 0
1087 42 8 0 1
1088 96 18 0 -1
1089 25 6 0 -1
1090 76 5 1 0
1091 11 21 0 1
1092 10 17 0 -1
1093 33 27 0 1
1094 59 5 1 0
1095 77 24 -1 0
1096 45 2 0 -1
1097 92 27 -1 0
1098 42 33 1 0
1099 41 12 0 -1
1100 4 24 -1 0
1101 58 3 0 1
1102 57 25 -1 0
1103 35 22 1 0
1104 43 33 -1 0
1105 90 3 0 -1
1106 78 32 -1 0
1107 17 24 0 1
1108 99 0 -1 0
1109 40 28 0 1
1110 61 25 0 1
1111 38 32 0 -1
1112 40 12 -1 0
1113 95 25 0 -1
1114 81 26 -1 0
1115 24 18 1 0
1116 26 1 1 0
1117 17 11 0 1
1118 12 21 1 0
1119 13 16 0 -1
1120 77 13 0 1
1121 70 34 0 -1
1122 50 36 0 1
1123 47 6 -1 0
1124 9 39 0 1
1125 93 5 0 1
1126 95 8 -1 0
1127 24 12 0 1
1128 0 0 1 0
1129 59 5 0 -1
1130 92 12 0 -1
1131 12 4 1 0
1132 90 35 -1 0
1133 95 20 -1 0
1134 64 35 1 0
1135 37 39 1 0
1136 57 7 0 -1
1137 21 1 0 1
1138 8 16 0 1
1139 28 34 0 1
1140 4 6 0 -1
1141 44 39 1 0
1142 93 14 -1 0
1143 85 10 1 0
1144 90 38 0 1
1145 11 1 0 -1
1146 84 11 0 1
1147 48 4 1 0
1148 66 36 0 1
1149 56 1 0 -1
1150 56 3 0 1
1151 30 32 -1 0
1152 7 38 1 0
1153 10 39 -1 0
1154 19 32 1 0
1155 6 25 0 1
1156 58 26 0 1
1157 25 22 0 1
1158 19 39 1 0
1159 48 18 0 1
1160 53 30 0 -1
1161 91 31 -1 0
1162 27 31 1 0
1163 84 7 0 1
1164 12 30 0 -1
1165 26 11 1 0
1166 84 4 1 0
1167 14 37 0 1
1168 61 16 0 1
1169 83 27 1 0
1170 14 6 0 -1
1171 45 3 0 1
1172 88 33 1 0
1173 44 38 0 1
1174 17 22 -1 0
1175 35 1 1 0
1176 96 1 0 1
1177 77 22 0 1
1178 68 25 1 0
1179 25 1 -1 0
1180 96 34 1 0
1181 41 29 1 0
1182 54 11 0 1
1183 63 13 1 0
1184 92 34 0 -1
1185 40 4 0 1
1186 45 2 1 0
1187 87 11 1 0
1188 74 8 0 -1
1189 51 3 1 0
1190 55 30 0 -1
1191 39 39 -1 0
1192 4 15 1 0
1193 17 31 0 -1
1194 22 13 -1 0
1195 42 30 -1 0
1196 79 30 1 0
1197 66 17 1 0
1198 26 15 0 -1
1199 73 28 0 -1
1200 99 28 -1 0
1201 99 39 0 1
1202 32 14 -1 0
1203 1 7 0 -1
1204 94 19 1 0
1205 89 37 1 0
1206 59 36 0 1
1207 15 9 1 0
1208 16 18 0 -1
1209 47 16 -1 0
1210 28 16 0 1
1211 14 37 0 1
1212 90 14 1 0
1213 84 11 0 -1
1214 79 10 0 -1
1215 49 28 -1 0
1216 88 37 0 1
1217 41 22 -1 0
1218 42 37 -1 0
1219 44 19 0 -1
1220 9 6 1 0
1221 49 6 1 0
1222 11 39 1 0
1223 18 22 0 -1
1224 59 39 -1 0
1225 52 28 1 0
1226 47 15 0 1
1227 14 10 1 0
1228 79 10 -1 0
1229 52 14 1 0
1230 32 22 1 0
1231 68 7 0 -1
1232 46 14 0 1
1233 83 6 0 -1
1234 93 17 1 0
1235 45 1 0 1
1236 28 16 0 -1
1237 10 18 0 -1
1238 10 33 0 1
1239 61 26 0 -1
1240 11 28 -1 0
1241 85 0 -1 0
1242 88 38 -1 0
1243 47 14 1 0
1244 79 4 0 1
1245 84 12 0 -1
1246 46 11 -1 0
1247 10 28 0 1
1248 12 19 1 0
1249 80 16 1 0
1250 17 29 -1 0
1251 41 23 -1 0
1252 24 5 1 0
1253 86 25 0 1
1254 18 10 1 0
1255 55 5 0 1
1256 72 34 1 0
1257 81 1 0 1
1258 91 21 1 0
1259 53 22 1 0
1260 52 5 0 1
1261 38 24 1 0
1262 26 33 -1 0
1263 15 36 1 0
1264 10 27 -1 0
1265 25 27 -1 0
1266 68 33 -1 0
1267 96 38 -1 0
1268 25 33 0 -1
1269 52 36 -1 0
1270 62 31 0 1
1271 15 36 0 1
1272 69 1 0 -1
1273 28 6 -1 0
1274 13 30 -1 0
1275 3 37 -1 0
1276 36 39 1 0
1277 76 38 1 0
1278 40 31 0 1
1279 28 34 1 0
1280 81 1 0 -1
1281 16 34 -1 0
1282 89 32 0 -1
1283 3 1 -1 0
1284 69 20 -1 0
1285 71 25 1 0
1286 72 39 0 1
1287 1 4 0 -1
1288 35 30 1 0
1289 57 22 -1 0
1290 95 17 -1 0
1291 95 31 0 -1
1292 7 39 1 0
1293 24 32 0 -1
1294 68 15 -1 0
1295 14 14 -1 0
1296 10 4 0 -1
1297 87 15 0 1
1298 7 1 -1 0
1299 50 25 0 1
1300 50 33 0 1
1301 80 33 0 -1
1302 55 2 1 0
1303 82 39 0 1
1304 6 0 -1 0
1305 5 5 0 1
1306 54 38 0 -1
1307 39 27 0 -1
1308 47 2 0 1
1309 98 37 0 -1
1310 37 27 0 -1
1311 17 7 -1 0
1312 59 24 -1 0
1313 98 20 -1 0
1314 25 13 -1 0
1315 54 8 1 0
1316 38 9 -1 0
1317 99 2 1 0
1318 11 16 -1 0
1319 80 27 1 0
1320 87 21 0 1
1321 79 5 0 -1
1322 82 24 -1 0
1323 39 8 -1 0
1324 15 2 0 1
1325 11 20 1 0
1326 53 20 0 1
1327 73 36 0 1
1328 85 1 1 0
1329 38 2 0 1
1330 23 5 -1 0
1331 0 22 -1 0
1332 0 6 -1 0
1333 97 6 -1 0
1334 38 19 0 -1
1335 59 17 1 0
1336 70 10 1 0
1337 47 25 0 -1
1338 82 19 0 1
1339 59 36 1 0
1340 75 18 0 -1
1341 7 36 0 -1
1342 20 10 1 0
1343 43 32 1 0
1344 52 36 1 0
1345 33 11 0 -1
1346 53 39 -1 0
1347 22 12 -1 0
1348 48 2 1 0
1349 29 2 -1 0
1350 41 31 1 0
1351 47 35 -1 0
1352 75 20 0 1
1353 73 27 -1 0
1354 60 36 0 -1
1355 6 39 -1 0
1356 24 22 0 -1
1357 23 1 -1 0
1358 14 39 0 -1
1359 91 24 1 0
1360 62 3 -1 0
1361 28 3 0 1
1362 54 13 0 -1
1363 8 2 1 0
1364 99 2 1 0
1365 48 24 -1 0
1366 36 6 1 0
1367 22 17 -1 0
1368 69 35 0 -1
1369 90 33 0 -1
1370 24 24 0 1
1371 9 32 0 -1
1372 98 34 0 -1
1373 87 37 1 0
1374 92 18 1 0
1375 74 8 1 0
1376 40 24 0 1
1377 51 26 -1 0
1378 4 17 0 -1
1379 1 30 1 0
1380 40 18 0 1
1381 20 2 1 0
1382 39 6 1 0
1383 83 16 -1 0
1384 11 37 -1 0
1385 18 9 0 1
1386 43 18 -1 0
1387 42 21 0 -1
1388 98 38 -1 0
1389 46 24 -1 0
1390 25 32 0 1
1391 45 31 1 0
1392 99 10 0 -1
1393 63 31 0 -1
1394 57 34 -1 0
1395 71 18 0 -1
1396 28 5 0 1
1397 86 6 0 -1
1398 19 19 0 1
1399 84 30 0 1
1400 89 31 0 -1
1401 88 38 1 0
1402 58 38 1 0
1403 37 16 0 1
1404 5 0 0 -1
1405 66 20 0 -1
1406 5 23 0 1
1407 70 33 0 1
1408 89 19 1 0
1409 69 37 -1 0
1410 28 10 -1 0
1411 2 34 -1 0
1412 98 24 1 0
1413 78 1 1 0
1414 8 37 1 0
1415 95 13 -1 0
1416 3 21 -1 0
1417 37 19 0 -1
1418 96 7 0 -1
1419 17 4 0 -1
1420 56 15 -1 0
1421 17 28 0 1
1422 9 10 1 0
1423 79 24 0 1
1424 71 37 1 0
1425 27 14 -1 0
1426 69 39 -1 0
1427 78 21 0 -1
1428 45 19 0 -1
1429 59 23 -1 0
1430 87 28 -1 0
1431 3 10 1 0
1432 89 8 0 -1
1433 34 29 0 -1
1434 0 4 -1 0
1435 9 39 1 0
1436 38 37 0 -1
1437 39 5 -1 0
1438 39 35 -1 0
1439 23 16 0 1
1440 55 36 1 0
1441 40 19 -1 0
1442 53 13 0 1
1443 84 4 -1 0
1444 88 9 0 -1
1445 20 17 0 -1
1446 89 1 0 1
1447 71 5 -1 0
1448 13 30 1 0
1449 69 16 1 0
1450 40 15 0 1
1451 78 7 0 1
1452 32 19 1 0
1453 81 26 0 1
1454 69 4 -1 0
1455 75 24 -1 0
1456 74 15 1 0
1457 63 4 0 -1
1458 43 7 -1 0
1459 75 36 -1 0
1460 41 9 0 -1
1461 7 5 -1 0
1462 3 24 0 1
1463 42 1 -1 0
1464 27 0 -1 0
1465 58 28 0 -1
1466 1 36 1 0
1467 47 24 -1 0
1468 85 35 1 0
1469 9 36 1 0
1470 9 9 0 -1
1471 93 13 -1 0
1472 48 11 1 0
1473 13 3 -1 0
1474 47 14 1 0
1475 77 24 1 0
1476 0 7 0 -1
1477 3 29 0 -1
1478 84 16 1 0
1479 40 22 0 -1
1480 48 18 0 -1
1481 95 37 -1 0
1482 27 36 1 0
1483 39 7 0 1
1484 7 33 0 1
1485 29 10 0 -1
1486 72 24 0 1
1487 41 10 -1 0
1488 30 9 1 0
1489 50 0 0 1
1490 56 11 1 0
1491 92 31 0 -1
1492 20 17 -1 0
1493 6 9 1 0
1494 48 36 1 0
1495 33 15 0 -1
1496 2 30 0 -1
1497 38 34 0 1
1498 57 24 0 1
1499 53 36 0 1
1500 41 37 0 -1
1501 2 31 -1 0
1502 83 37 0 1
1503 39 4 -1 0
1504 58 25 0 1
1505 38 21 -1 0
1506 79 10 1 0
1507 61 4 0 1
1508 34 9 0 1
1509 42 29 0 -1
1510 36 22 0 -1
1511 10 15 1 0
1512 30 10 -1 0
1513 91 36 0 -1
1514 17 16 1 0
1515 49 20 0 1
1516 4 18 -1 0
1517 52 26 1 0
1518 27 8 0 -1
1519 96 28 0 1
1520 40 15 -1 0
1521 55 21 0 -1
1522 19 11 0 1
1523 70 6 -1 0
1524 19 14 0 -1
1525 12 28 0 1
1526 86 35 0 1
1527 87 30 -1 0
1528 94 35 0 -1
1529 43 28 1 0
1530 1 27 1 0
1531 84 12 1 0
1532 9 19 0 1
1533 26 11 0 1
1534 26 0 1 0
1535 97 3 0 1
1536 2 22 -1 0
1537 89 30 1 0
1538 25 5 1 0
1539 47 32 1 0
1540 40 25 -1 0
1541 10 18 0 1
1542 18 38 1 0
1543 10 21 -1 0
1544 65 35 0 -1
1545 0 3 1 0
1546 30 13 1 0
1547 29 10 -1 0
1548 1 13 1 0
1549 93 17 1 0
1550 41 13 1 0
1551 15 16 0 1
1552 72 11 1 0
1553 3 6 0 -1
1554 89 6 1 0
1555 92 3 1 0
1556 37 27 -1 0
1557 60 31 0 -1
1558 53 31 0 -1
1559 82 14 0 1
1560 10 35 0 1
1561 38 0 0 1
1562 20 25 0 1
1563 44 31 1 0
1564 68 20 0 1
1565 42 23 0 -1
1566 8 37 1 0
1567 55 38 0 1
1568 21 38 1 0
1569 49 39 0 1
1570 47 25 -1 0
1571 94 10 1 0
1572 32 39 0 -1
1573 27 20 0 -1
1574 73 29 0 -1
1575 86 23 1 0
1576 12 35 1 0
1577 27 24 0 1
1578 41 6 0 1
1579 14 12 -1 0
1580 37 26 1 0
1581 75 25 0 1
1582 93 35 -1 0
1583 17 3 1 0
1584 19 18 1 0
1585 17 24 0 1
1586 64 28 0 -1
1587 55 11 -1 0
1588 78 24 -1 0
1589 46 23 1 0
1590 56 12 -1 0
1591 84 30 -1 0
1592 39 34 -1 0
1593 89 18 0 1
1594 11 27 -1 0
1595 41 31 0 -1
1596 97 25 0 1
1597 2 20 -1 0
1598 9 30 1 0
1599 4 10 -1 0
1600 46 12 0 1
1601 25 1 -1 0
1602 76 13 0 1
1603 60 17 0 1
1604 17 37 0 1
1605 86 2 0 -1
1606 87 9 0 -1
1607 23 16 0 -1
1608 72 0 -1 0
1609 50 9 0 -1
1610 72 22 -1 0
1611 75 0 0 -1
1612 73 12 -1 0
1613 68 16 1 0
1614 89 20 -1 0
1615 11 26 1 0
1616 85 15 1 0
1617 68 2 -1 0
1618 71 11 -1 0
1619 95 13 0 1
1620 9 4 -1 0
1621 23 13 0 -1
1622 13 13 -1 0
1623 83 28 0 1
1624 81 21 0 -1
1625 41 9 -1 0
1626 1 26 0 1
1627 89 36 0 -1
1628 16 38 -1 0
1629 89 0 0 1
1630 44 5 -1 0
1631 31 24 0 1
1632 40 25 -1 0
1633 34 30 -1 0
1634 27 19 0 -1
1635 53 34 -1 0
1636 50 37 0 -1
1637 55 38 1 0
1638 33 5 0 -1
1639 95 19 0 -1
1640 13 26 0 1
1641 89 4 0 1
1642 99 26 0 1
1643 77 4 1 0
1644 4 13 0 -1
1645 21 3 0 -1
1646 63 26 -1 0
1647 19 28 0 -1
1648 46 23 1 0
1649 81 6 -1 0
1650 22 37 -1 0
1651 27 5 0 1
1652 56 13 0 -1
1653 99 27 0 -1
1654 55 4 0 -1
1655 3 21 -1 0
1656 84 28 0 1
1657 49 17 0 1
1658 2 24 0 1
1659 52 17 0 -1
1660 26 17 0 -1
1661 46 16 0 -1
1662 51 38 1 0
1663 16 38 0 -1
1664 26 25 -1 0
1665 70 4 1 0
1666 47 38 1 0
1667 48 20 1 0
1668 59 10 0 1
1669 79 4 0 1
1670 90 9 -1 0
1671 22 29 1 0
1672 10 37 -1 0
1673 34 35 1 0
1674 98 23 1 0
1675 35 22 0 1
1676 54 11 -1 0
1677 14 25 0 1
1678 20 21 0 -1
1679 54 4 0 1
1680 13 17 1 0
1681 35 34 0 1
1682 48 27 0 -1
1683 92 24 -1 0
1684 52 29 -1 0
1685 49 13 0 -1
1686 22 13 0 1
1687 15 6 0 1
1688 57 10 0 1
1689 46 10 -1 0
1690 7 17 1 0
1691 64 21 0 -1
1692 27 35 -1 0
1693 50 30 1 0
1694 44 15 -1 0
1695 99 5 1 0
1696 38 32 0 -1
1697 54 30 1 0
1698 37 6 1 0
1699 63 2 0 1
1700 8 15 0 1
1701 1 36 0 -1
1702 42 9 0 -1
1703 39 35 -1 0
1704 63 34 0 -1
1705 91 32 1 0
1706 85 12 -1 0
1707 55 20 1 0
1708 43 16 0 -1
1709 90 32 -1 0
1710 77 36 0 -1
1711 50 5 0 1
1712 19 17 0 -1
1713 29 27 0 -1
1714 27 3 1 0
1715 56 9 1 0
1716 98 22 0 -1
1717 60 38 0 1
1718 36 20 0 1
1719 61 3 -1 0
1720 28 4 1 0
1721 95 7 0 -1
1722 88 16 -1 0
1723 91 33 0 -1
1724 47 22 0 1
1725 38 34 -1 0
1726 17 21 -1 0
1727 15 36 0 1
1728 9 13 0 -1
1729 42 36 1 0
1730 37 2 0 1
1731 74 26 -1 0
1732 92 17 1 0
1733 49 20 1 0
1734 6 34 0 -1
1735 88 20 0 1
1736 98 28 1 0
1737 58 9 -1 0
1738 68 17 0 1
1739 38 2 -1 0
1740 2 6 0 1
1741 88 25 0 1
1742 95 32 0 -1
1743 98 13 1 0
1744 22 17 0 -1
1745 48 0 0 -1
1746 45 32 -1 0
1747 44 31 1 0
1748 92 10 0 1
1749 96 5 1 0
1750 10 8 0 1
1751 9 21 1 0
1752 94 18 -1 0
1753 16 33 -1 0
1754 42 22 0 -1
1755 2 11 -1 0
1756 55 18 -1 0
1757 25 1 -1 0
1758 3 27 -1 0
1759 17 20 1 0
1760 54 20 1 0
1761 15 11 -1 0
1762 26 8 0 1
1763 84 1 -1 0
1764 61 3 -1 0
1765 93 22 0 1
1766 24 12 1 0
1767 83 26 1 0
1768 23 5 1 0
1769 53 9 1 0
1770 12 2 0 -1
1771 81 39 -1 0
1772 28 35 0 -1
1773 56 35 0 1
1774 77 3 -1 0
1775 1 3 1 0
1776 15 10 -1 0
1777 27 9 0 -1
1778 80 35 -1 0
1779 21 12 0 1
1780 3 0 0 -1
1781 78 20 1 0
1782 34 25 -1 0
1783 65 7 1 0
1784 76 14 0 1
1785 25 34 0 -1
1786 0 35 0 -1
1787 90 10 -1 0
1788 82 18 1 0
1789 8 17 -1 0
1790 38 19 0 1
1791 84 24 1 0
1792 52 38 -1 0
1793 59 14 1 0
1794 68 39 0 -1
1795 51 9 0 1
1796 51 25 -1 0
1797 42 38 1 0
1798 71 14 -1 0
1799 11 14 0 1
1800 90 32 0 1
1801 68 24 0 -1
1802 24 7 0 -1
1803 90 36 -1 0
1804 41 24 1 0
1805 41 24 -1 0
1806 16 24 1 0
1807 72 21 1 0
1808 41 8 -1 0
1809 1 30 0 -1
1810 3 32 -1 0
1811 9 27 0 -1
1812 10 25 1 0
1813 20 26 0 1
1814 11 17 -1 0
1815 38 17 0 1
1816 20 15 -1 0
1817 36 13 0 -1
1818 10 13 -1 0
1819 81 1 -1 0
1820 69 2 1 0
1821 17 35 0 -1
1822 46 32 0 -1
1823 15 15 1 0
1824 97 17 0 -1
1825 43 14 1 0
1826 85 24 -1 0
1827 82 3 0 1
1828 35 25 1 0
1829 30 5 0 -1
1830 29 2 0 1
1831 40 28 -1 0
1832 41 26 1 0
1833 67 8 0 1
1834 71 4 0 -1
1835 8 3 0 1
1836 76 18 0 1
1837 53 19 0 1
1838 88 10 0 -1
1839 40 11 0 1
1840 53 23 0 1
1841 75 20 0 1
1842 20 21 1 0
1843 17 1 0 1
1844 29 30 0 -1
1845 95 16 0 -1
1846 61 7 1 0
1847 40 15 -1 0
1848 99 32 0 1
1849 22 24 0 -1
1850 88 21 1 0
1851 20 27 1 0
1852 44 10 1 0
1853 42 33 -1 0
1854 40 4 -1 0
1855 43 24 1 0
1856 45 20 0 -1
1857 1 34 1 0
1858 70 25 1 0
1859 58 24 0 1
1860 28 6 1 0
1861 3 20 -1 0
1862 22 22 1 0
1863 78 25 -1 0
1864 91 17 0 1
1865 33 25 1 0
1866 72 37 0 1
1867 10 0 1 0
1868 45 16 0 -1
1869 57 26 0 -1
1870 45 23 1 0
1871 32 22 0 1
1872 94 22 1 0
1873 27 17 -1 0
1874 15 33 0 1
1875 42 22 1 0
1876 33 25 -1 0
1877 6 20 0 -1
1878 82 30 1 0
1879 14 35 -1 0
1880 26 19 0 -1
1881 79 29 -1 0
1882 39 23 0 1
1883 64 17 0 1
1884 81 17 0 1
1885 94 39 -1 0
1886 50 30 -1 0
1887 9 39 0 1
1888 12 6 0 1
1889 88 5 -1 0
1890 43 10 0 1
1891 1 37 -1 0
1892 19 2 0 1
1893 38 29 1 0
1894 41 25 0 1
1895 35 3 -1 0
1896 37 13 0 1
1897 80 2 0 1
1898 44 16 1 0
1899 60 21 0 -1
1900 26 33 -1 0
1901 47 16 -1 0
1902 7 34 0 -1
1903 93 9 1 0
1904 67 2 1 0
1905 2 11 0 -1
1906 37 39 0 -1
1907 98 13 -1 0
1908 36 12 0 -1
1909 8 26 1 0
1910 43 24 1 0
1911 96 37 -1 0
1912 15 18 -1 0
1913 45 9 0 -1
1914 10 36 0 -1
1915 23 9 -1 0
1916 64 21 -1 0
1917 39 19 0 -1
1918 85 23 -1 0
1919 72 1 0 -1
1920 41 23 -1 0
1921 6 25 0 -1
1922 83 6 0 -1
1923 6 13 0 1
1924 57 29 -1 0
1925 11 28 1 0
1926 78 17 -1 0
1927 73 1 0 1
1928 46 12 0 -1
1929 81 32 0 1
1930 3 5 1 0
1931 81 16 0 1
1932 10 5 -1 0
1933 52 14 0 -1
1934 87 10 0 1
1935 51 29 1 0
1936 16 0 1 0
1937 91 10 1 0
1938 33 25 0 -1
1939 62 32 0 1
1940 26 17 1 0
1941 22 39 1 0
1942 31 31 -1 0
1943 61 21 0 1
1944 9 1 -1 0
1945 9 18 -1 0
1946 44 1 0 1
1947 23 0 0 1
1948 60 22 1 0
1949 0 2 1 0
1950 46 23 0 1
1951 67 30 0 -1
1952 18 8 1 0
1953 73 11 1 0
1954 31 7 0 1
1955 22 27 1 0
1956 0 7 0 1
1957 29 0 1 0
1958 58 28 0 1
1959 57 26 0 -1
1960 64 29 0 1
1961 41 31 0 1
1962 14 17 1 0
1963 53 24 0 -1
1964 55 31 -1 0
1965 43 17 0 1
1966 41 6 0 1
1967 46 20 0 -1
1968 3 14 0 1
1969 43 19 0 1
1970 50 12 -1 0
1971 43 19 1 0
1972 66 14 1 0
1973 54 39 0 -1
1974 7 34 1 0
1975 44 5 0 1
1976 10 21 0 -1
1977 20 35 -1 0
1978 75 8 0 -1
1979 90 31 0 1
1980 39 8 0 -1
1981 70 27 -1 0
1982 94 7 0 -1
1983 29 26 0 1
1984 11 8 0 -1
1985 7 23 -1 0
1986 65 10 0 -1
1987 17 13 -1 0
1988 21 27 1 0
1989 24 21 1 0
1990 99 39 1 0
1991 13 38 0 -1
1992 72 4 -1 0
1993 19 12 1 0
1994 94 25 0 -1
1995 6 5 0 -1
1996 88 0 1 0
1997 2 22 -1 0
1998 21 38 -1 0
1999 8 37 0 1
2000 97 5 0 -1
2001 85 9 0 -1
2002 20 30 0 1
2003 39 31 0 1
2004 48 9 0 1
2005 74 17 0 -1
2006 28 8 0 -1
2007 73 31 1 0
2008 6 5 0 1
2009 80 27 0 1
2010 52 19 -1 0
2011 42 37 1 0
2012 13 27 -1 0
2013 47 11 1 0
2014 12 3 1 0
2015 95 29 -1 0
2016 23 13 0 -1
2017 14 29 1 0
2018 70 16 1 0
2019 6 28 0 1
2020 19 31 -1 0
2021 98 2 1 0
2022 80 16 -1 0
2023 19 2 -1 0
2024 30 17 0 1
2025 32 35 0 -1
2026 41 38 1 0
2027 64 5 0 -1
2028 91 38 0 1
2029 19 5 -1 0
2030 25 2 0 -1
2031 6 12 1 0
2032 35 35 -1 0
2033 25 16 -1 0
2034 38 13 0 -1
2035 18 37 0 -1
2036 70 27 0 1
2037 57 7 0 1
2038 68 14 -1 0
2039 11 2 0 -1
2040 32 38 -1 0
2041 87 30 1 0
2042 78 12 -1 0
2043 98 2 1 0
2044 21 12 0 1
2045 36 9 0 1
2046 18 34 1 0
2047 48 16 -1 0
2048 28 2 1 0
2049 80 12 0 1
2050 38 7 1 0
2051 36 21 0 1
2052 39 30 -1 0
2053 54 10 0 -1
2054 6 7 1 0
2055 81 33 -1 0
2056 47 29 0 1
2057 15 7 -1 0
2058 15 15 0 1
2059 43 8 0 -1
2060 72 7 0 1
2061 79 31 -1 0
2062 96 5 -1 0
2063 25 7 1 0
2064 41 22 0 -1
2065 31 13 1 0
2066 39 4 0 -1
2067 18 13 0 -1
2068 8 18 0 -1
2069 52 11 0 1
2070 11 26 0 1
2071 62 22 1 0
2072 82 10 0 1
2073 34 12 -1 0
2074 75 9 1 0
2075 8 6 0 -1
2076 12 5 1 0
2077 26 25 0 -1
2078 26 12 1 0
2079 23 34 1 0
2080 83 5 0 1
2081 31 31 1 0
2082 75 18 0 1
2083 97 33 0 1
2084 52 13 0 -1
2085 43 33 -1 0
2086 4 25 1 0
2087 68 16 0 1
2088 83 19 1 0
2089 56 10 0 -1
2090 87 33 0 1
2091 48 12 -1 0
2092 93 37 0 1
2093 36 4 -1 0
2094 50 39 1 0
2095 79 0 0 1
2096 47 20 1 0
2097 2 21 -1 0
2098 22 11 0 1
2099 85 4 1 0
2100 15 38 1 0
2101 15 8 -1 0
2102 93 10 0 1
2103 19 34 0 1
2104 26 25 0 -1
2105 74 21 0 -1
2106 82 14 0 1
2107 21 13 0 1
2108 14 28 -1 0
2109 62 14 0 1
2110 6 31 -1 0
2111 73 35 0 1
2112 85 8 0 -1
2113 41 29 0 -1
2114 53 25 -1 0
2115 25 39 1 0
2116 85 13 0 1
2117 36 29 -1 0
2118 34 26 0 1
2119 41 21 0 1
2120 51 10 -1 0
2121 1 32 0 1
2122 86 19 -1 0
2123 49 15 1 0
2124 78 28 1 0
2125 59 33 1 0
2126 51 32 0 -1
2127 66 20 -1 0
2128 73 35 -1 0
2129 92 2 1 0
2130 47 23 -1 0
2131 44 9 -1 0
2132 98 27 -1 0
2133 16 26 1 0
2134 94 39 -1 0
2135 14 28 0 1
2136 97 0 1 0
2137 25 17 0 1
2138 18 29 0 1
2139 76 0 1 0
2140 51 30 0 -1
2141 79 2 0 -1
2142 31 26 -1 0
2143 67 29 -1 0
2144 32 17 1 0
2145 33 34 0 -1
2146 76 35 0 -1
2147 95 16 0 1
2148 19 30 0 -1
2149 89 5 -1 0
2150 85 3 1 0
2151 31 3 0 1
2152 29 6 1 0
2153 62 26 0 -1
2154 38 25 0 -1
2155 48 6 0 1
2156 20 23 -1 0
2157 46 5 1 0
2158 53 28 -1 0
2159 76 13 -1 0
2160 90 38 0 -1
2161 60 0 0 -1
2162 18 5 1 0
2163 99 20 0 -1
2164 66 35 1 0
2165 76 25 0 1
2166 86 0 1 0
2167 79 19 -1 0
2168 20 1 0 1
2169 17 30 1 0
2170 98 16 -1 0
2171 65 7 1 0
2172 78 15 1 0
2173 53 16 0 1
2174 91 18 1 0
2175 54 18 1 0
2176 24 24 -1 0
2177 26 1 1 0
2178 32 24 1 0
2179 4 14 -1 0
2180 82 7 0 1
2181 53 13 -1 0
2182 89 7 1 0
2183 49 1 0 1
2184 42 11 0 1
2185 21 28 0 -1
2186 39 12 0 -1
2187 85 14 0 -1
2188 48 30 0 1
2189 1 36 -1 0
2190 41 21 1 0
2191 84 11 0 1
2192 77 38 1 0
2193 19 23 -1 0
2194 46 30 -1 0
2195 23 31 1 0
2196 99 1 -1 0
2197 23 28 -1 0
2198 50 28 1 0
2199 84 22 0 -1
2200 82 9 0 -1
2201 46 22 1 0
2202 73 19 0 -1
2203 77 14 0 1
2204 38 18 0 -1
2205 37 13 -1 0
2206 21 10 0 1
2207 71 11 -1 0
2208 58 16 1 0
2209 69 24 0 1
2210 47 3 0 1
2211 4 2 -1 0
2212 79 11 -1 0
2213 26 1 0 1
2214 35 37 -1 0
2215 35 9 0 -1
2216 71 8 0 1
2217 70 24 -1 0
2218 11 30 -1 0
2219 43 11 -1 0
2220 28 29 1 0
2221 43 38 0 1
2222 96 23 0 1
2223 40 38 1 0
2224 24 2 1 0
2225 58 15 0 -1
2226 18 31 0 1
2227 23 22 0 -1
2228 81 27 0 -1
2229 28 32 -1 0
2230 11 24 -1 0
2231 28 36 0 1
2232 93 30 0 -1
2233 87 2 0 1
2234 6 5 0 1
2235 12 3 0 1
2236 45 16 0 1
2237 55 29 -1 0
2238 21 0 0 -1
2239 63 38 1 0
2240 56 39 -1 0
2241 93 28 0 -1
2242 3 22 0 -1
2243 34 7 -1 0
2244 20 8 0 1
2245 52 17 0 1
2246 4 39 0 -1
2247 92 35 0 1
2248 96 22 -1 0
2249 13 25 0 -1
2250 73 6 0 -1
2251 94 23 0 -1
2252 36 21 0 -1
2253 91 22 -1 0
2254 93 38 0 1
2255 22 34 0 1
2256 17 30 1 0
2257 91 37 1 0
2258 14 32 0 1
2259 24 4 0 1
2260 46 5 0 -1
2261 26 3 1 0
2262 71 17 0 -1
2263 99 0 0 -1
2264 74 12 0 -1
2265 55 5 1 0
2266 32 38 0 1
2267 78 25 0 -1
2268 44 35 0 -1
2269 30 9 0 1
2270 45 9 0 1
2271 59 6 0 -1
2272 96 36 0 -1
2273 88 8 0 1
2274 8 1 1 0
2275 70 33 0 1
2276 66 18 1 0
2277 5 11 -1 0
2278 82 25 0 1
2279 60 14 -1 0
2280 75 16 -1 0
2281 37 27 -1 0
2282 45 27 0 -1
2283 93 29 0 -1
2284 41 10 -1 0
2285 5 17 0 -1
2286 21 2 0 1
2287 60 8 0 -1
2288 16 34 -1 0
2289 22 12 -1 0
2290 61 22 -1 0
2291 21 6 0 1
2292 79 7 -1 0
2293 23 16 1 0
2294 26 33 0 -1
2295 80 7 -1 0
2296 40 2 -1 0
2297 30 31 0 -1
2298 3 5 0 -1
2299 15 5 1 0
2300 87 32 1 0
2301 79 7 0 1
2302 67 8 1 0
2303 46 9 -1 0
2304 35 12 0 1
2305 26 5 -1 0
2306 87 39 0 1
2307 98 33 0 1
2308 39 34 1 0
2309 38 38 1 0
2310 79 17 0 -1
2311 96 32 0 1
2312 36 7 1 0
2313 28 13 0 1
2314 57 32 1 0
2315 40 19 -1 0
2316 52 0 1 0
2317 87 9 -1 0
2318 0 17 0 -1
2319 44 13 -1 0
2320 95 19 -1 0
2321 34 2 0 -1
2322 83 21 -1 0
2323 46 10 1 0
2324 24 37 0 1
2325 26 34 0 -1
2326 92 13 1 0
2327 98 15 0 -1
2328 85 3 0 1
2329 19 12 1 0
2330 51 18 1 0
2331 11 23 1 0
2332 60 18 1 0
2333 36 18 0 1
2334 2 2 1 0
2335 55 39 0 -1
2336 18 35 -1 0
2337 92 5 0 -1
2338 98 8 0 -1
2339 14 24 -1 0
2340 9 32 1 0
2341 72 30 1 0
2342 23 34 1 0
2343 78 8 1 0
2344 89 11 -1 0
2345 9 9 1 0
2346 76 20 -1 0
2347 27 28 1 0
2348 78 9 0 1
2349 2 39 0 -1
2350 54 17 0 -1
2351 98 38 1 0
2352 96 2 1 0
2353 87 29 0 1
2354 73 2 0 -1
2355 60 8 -1 0
2356 57 11 0 -1
2357 40 31 -1 0
2358 44 16 0 1
2359 17 32 0 1
2360 88 24 0 -1
2361 55 28 -1 0
2362 3 39 -1 0
2363 17 11 0 1
2364 21 18 0 1
2365 2 8 1 0
2366 86 9 0 1
2367 64 30 -1 0
2368 57 9 0 1
2369 90 37 0 1
2370 7 38 0 1
2371 99 2 0 -1
2372 87 14 0 -1
2373 18 7 0 1
2374 90 17 0 1
2375 43 32 -1 0
2376 87 12 0 1
2377 12 15 -1 0
2378 50 23 0 -1
2379 34 36 0 1
2380 57 13 -1 0
2381 52 20 0 -1
2382 29 15 1 0
2383 28 30 0 1
2384 46 31 0 1
2385 11 14 0 1
2386 44 14 1 0
2387 18 16 0 -1
2388 99 27 0 1
2389 57 15 0 1
2390 28 16 1 0
2391 9 11 -1 0
2392 54 25 1 0
2393 46 33 0 -1
2394 35 20 1 0
2395 83 34 0 -1
2396 44 16 1 0
2397 25 37 -1 0
2398 24 18 0 -1
2399 9 0 -1 0
2400 14 26 -1 0
2401 22 5 0 1
2402 53 3 -1 0
2403 87 13 -1 0
2404 31 19 0 -1
2405 20 38 1 0
2406 14 23 0 -1
2407 64 20 -1 0
2408 9 27 0 -1
2409 6 19 0 1
2410 49 17 -1 0
2411 48 23 0 -1
2412 43 21 0 1
2413 6 31 -1 0
2414 51 18 -1 0
2415 64 28 0 -1
2416 26 6 0 -1
2417 85 13 1 0
2418 55 9 0 -1
2419 42 16 0 -1
2420 77 30 1 0
2421 37 5 0 -1
2422 99 35 -1 0
2423 1 29 1 0
2424 57 20 0 1
2425 21 27 0 1
2426 98 0 1 0
2427 19 19 0 1
2428 78 2 0 -1
2429 55 22 0 -1
2430 45 1 -1 0
2431 70 24 0 -1
2432 4 12 0 1
2433 67 35 0 -1
2434 55 11 0 1
2435 38 21 0 -1
2436 3 19 0 1
2437 17 19 -1 0
2438 57 32 1 0
2439 21 36 0 1
2440 6 7 -1 0
2441 75 4 0 -1
2442 62 38 0 -1
2443 77 7 0 1
2444 84 21 -1 0
2445 54 14 1 0
2446 45 15 -1 0
2447 34 15 1 0
2448 63 0 -1 0
2449 3 13 0 -1
2450 24 20 1 0
2451 94 38 1 0
2452 30 36 1 0
2453 4 13 0 -1
2454 13 25 1 0
2455 96 15 -1 0
2456 98 31 1 0
2457 57 9 0 -1
2458 16 2 1 0
2459 26 5 -1 0
2460 91 6 0 1
2461 84 36 -1 0
2462 49 4 0 -1
2463 31 11 0 -1
2464 74 22 0 -1
2465 39 32 1 0
2466 66 2 0 -1
2467 82 7 0 1
2468 11 21 0 1
2469 79 23 0 -1
2470 86 21 0 1
2471 86 29 0 1
2472 93 11 -1 0
2473 4 2 0 1
2474 91 32 0 1
2475 22 32 0 -1
2476 56 10 1 0
2477 83 1 1 0
2478 84 29 0 -1
2479 88 30 1 0
2480 60 35 1 0
2481 32 22 1 0
2482 35 4 1 0
2483 1 28 1 0
2484 94 18 -1 0
2485 91 23 0 -1
2486 18 3 -1 0
2487 42 18 1 0
2488 53 24 -1 0
2489 19 34 0 1
2490 48 5 0 1
2491 27 32 0 1
2492 91 5 -1 0
2493 32 18 -1 0
2494 95 34 0 -1
2495 77 6 1 0
2496 76 34 1 0
2497 27 29 0 1
2498 69 1 0 -1
2499 61 8 -1 0
2500 51 4 0 -1
2501 3 23 -1 0
2502 43 29 1 0
2503 16 5 0 -1
2504 16 16 -1 0
2505 88 36 1 0
2506 51 20 0 -1
2507 0 31 -1 0
2508 62 16 0 1
2509 57 5 1 0
2510 62 38 0 -1
2511 62 3 -1 0
2512 59 3 0 1
2513 42 36 -1 0
2514 28 36 0 1
2515 36 14 0 -1
2516 57 14 1 0
2517 52 14 1 0
2518 93 12 1 0
2519 43 15 1 0
2520 48 37 1 0
2521 46 3 -1 0
2522 11 33 0 1
2523 98 35 1 0
2524 7 7 1 0
2525 46 27 0 1
2526 65 0 0 -1
2527 90 24 0 -1
2528 32 38 0 1
2529 54 9 0 1
2530 63 6 0 1
2531 52 6 -1 0
2532 89 38 -1 0
2533 4 31 0 1
2534 11 22 0 -1
2535 40 27 -1 0
2536 47 3 0 -1
2537 43 22 -1 0
2538 18 4 0 -1
2539 39 5 -1 0
2540 12 13 -1 0
2541 68 37 0 -1
2542 39 11 1 0
2543 47 4 0 1
2544 58 33 1 0
2545 92 9 0 1
2546 8 26 0 -1
2547 30 9 0 1
2548 92 21 1 0
2549 72 13 1 0
2550 33 31 0 1
2551 93 12 1 0
2552 41 11 0 1
2553 98 37 1 0
2554 80 7 0 1
2555 52 38 0 1
2556 6 36 0 -1
2557 27 26 0 -1
2558 25 23 0 1
2559 20 27 -1 0
2560 97 23 1 0
2561 96 39 -1 0
2562 97 12 0 1
2563 44 12 0 -1
2564 15 6 1 0
2565 30 8 0 -1
2566 44 4 1 0
2567 96 18 1 0
2568 66 16 0 1
2569 34 6 0 1
2570 44 5 0 -1
2571 49 23 -1 0
2572 75 35 -1 0
2573 68 34 0 -1
2574 22 0 0 1
2575 42 4 0 1
2576 14 34 -1 0
2577 43 11 -1 0
2578 1 30 1 0
2579 89 16 -1 0
2580 76 8 -1 0
2581 70 31 1 0
2582 42 12 -1 0
2583 8 13 0 -1
2584 94 24 0 -1
2585 53 36 0 -1
2586 50 4 1 0
2587 95 38 1 0
2588 68 21 1 0
2589 80 17 1 0
2590 98 5 -1 0
2591 79 11 -1 0
2592 80 39 0 -1
2593 48 19 0 -1
2594 83 22 1 0
2595 21 22 0 -1
2596 62 10 1 0
2597 86 25 -1 0
2598 54 6 0 -1
2599 94 17 1 0
2600 2 25 -1 0
2601 82 33 1 0
2602 62 20 1 0
2603 23 21 0 1
2604 88 24 1 0
2605 49 30 0 -1
2606 35 2 -1 0
2607 9 10 -1 0
2608 89 0 1 0
2609 86 8 0 -1
2610 61 28 1 0
2611 13 16 0 1
2612 52 0 0 -1
2613 16 39 0 -1
2614 54 12 0 -1
2615 48 14 0 -1
2616 13 24 0 -1
2617 93 20 1 0
2618 9 27 1 0
2619 35 20 1 0
2620 92 22 -1 0
2621 64 37 -1 0
2622 1 7 0 1
2623 83 8 0 1
2624 82 20 -1 0
2625 29 3 1 0
2626 99 15 0 1
2627 37 11 -1 0
2628 18 34 0 1
2629 2 27 0 1
2630 20 6 -1 0
2631 67 2 0 -1
2632 28 27 0 -1
2633 16 10 1 0
2634 40 6 0 1
2635 32 11 0 -1
2636 26 10 1 0
2637 70 3 0 1
2638 29 15 -1 0
2639 97 14 0 -1
2640 39 24 1 0
2641 37 18 0 -1
2642 98 19 0 1
2643 84 18 1 0
2644 45 6 -1 0
2645 77 11 -1 0
2646 37 32 1 0
2647 26 12 1 0
2648 0 9 0 1
2649 13 21 0 1
2650 81 5 1 0
2651 19 11 0 1
2652 78 27 0 1
2653 96 19 -1 0
2654 39 15 1 0
2655 59 20 1 0
2656 38 1 -1 0
2657 74 26 0 -1
2658 36 22 -1 0
2659 21 19 1 0
2660 44 3 1 0
2661 98 34 -1 0
2662 0 0 1 0
2663 83 5 -1 0
2664 12 10 -1 0
2665 0 23 0 -1
2666 52 0 1 0
2667 93 16 1 0
2668 70 19 -1 0
2669 95 24 0 -1
2670 10 31 0 -1
2671 21 39 0 -1
2672 92 16 1 0
2673 10 12 -1 0
2674 76 22 0 1
2675 10 16 -1 0
2676 56 10 0 -1
2677 52 1 0 -1
2678 5 23 0 -1
2679 75 7 -1 0
2680 28 35 0 -1
2681 72 18 -1 0
2682 16 7 0 -1
2683 99 12 0 1
2684 18 24 -1 0
2685 30 4 1 0
2686 88 19 1 0
2687 78 29 1 0
2688 91 38 1 0
2689 28 20 1 0
2690 31 0 0 -1
2691 58 5 -1 0
2692 80 24 -1 0
2693 35 17 1 0
2694 50 33 0 -1
2695 6 37 0 1
2696 82 36 0 -1
2697 75 29 -1 0
2698 66 8 1 0
2699 49 14 0 -1
2700 57 26 1 0
2701 45 33 1 0
2702 80 18 1 0
2703 26 36 1 0
2704 97 3 -1 0
2705 41 21 -1 0
2706 77 39 0 1
2707 55 21 0 -1
2708 42 16 0 -1
2709 41 28 -1 0
2710 63 20 0 1
2711 54 28 1 0
2712 28 38 1 0
2713 44 20 -1 0
2714 53 2 0 -1
2715 27 27 0 1
2716 53 38 -1 0
2717 36 6 1 0
2718 53 28 1 0
2719 17 14 -1 0
2720 3 14 1 0
2721 73 18 1 0
2722 27 7 -1 0
2723 92 28 1 0
2724 63 25 0 1
2725 85 27 -1 0
2726 82 14 0 1
2727 55 15 -1 0
2728 80 6 0 -1
2729 4 13 0 1
2730 56 23 -1 0
2731 14 10 -1 0
2732 27 11 1 0
2733 21 29 0 1
2734 5 34 -1 0
2735 27 26 -1 0
2736 85 37 0 -1
2737 47 19 1 0
2738 15 25 1 0
2739 24 9 0 -1
2740 30 7 1 0
2741 17 9 1 0
2742 91 32 0 1
2743 22 35 0 -1
2744 85 11 1 0
2745 15 29 0 1
2746 21 27 -1 0
2747 21 10 -1 0
2748 79 21 -1 0
2749 16 39 1 0
2750 18 21 1 0
2751 70 9 1 0
2752 39 19 0 -1
2753 84 21 0 1
2754 51 4 0 -1
2755 2 0 -1 0
2756 44 3 0 -1
2757 9 4 0 -1
2758 1 4 0 -1
2759 97 26 0 1
2760 15 31 0 1
2761 91 14 0 -1
2762 63 38 -1 0
2763 53 11 1 0
2764 24 26 0 1
2765 24 20 1 0
2766 3 1 -1 0
2767 13 22 0 1
2768 21 30 -1 0
2769 87 20 -1 0
2770 85 18 0 -1
2771 88 3 -1 0
2772 40 25 0 1
2773 15 30 -1 0
2774 10 35 1 0
2775 19 27 -1 0
2776 79 19 1 0
2777 40 17 0 1
2778 58 36 1 0
2779 43 20 -1 0
2780 17 24 0 1
2781 11 12 -1 0
2782 18 24 -1 0
2783 11 21 1 0
2784 60 2 1 0
2785 15 37 -1 0
2786 10 37 0 -1
2787 40 32 0 1
2788 41 16 -1 0
2789 23 7 0 1
2790 6 26 1 0
2791 45 8 0 -1
2792 1 23 -1 0
2793 13 38 1 0
2794 13 19 -1 0
2795 98 28 1 0
2796 25 25 1 0
2797 46 22 1 0
2798 63 36 0 -1
2799 97 32 1 0
