0 22 32 0 1
1 0 10 0 1
2 13 18 0 1
3 70 15 0 1
4 41 6 1 0
5 70 24 -1 0
6 56 5 0 -1
7 54 4 -1 0
8 70 16 -1 0
9 55 7 1 0
10 40 38 -1 0
11 60 6 0 -1
12 51 17 -1 0
13 59 30 0 -1
14 52 32 0 1
15 2 4 -1 0
16 73 2 0 -1
17 22 29 0 1
18 45 33 1 0
19 66 18 -1 0
20 93 10 0 -1
21 89 2 0 1
22 37 37 1 0
23 23 28 0 1
24 67 4 -1 0
25 48 25 -1 0
26 15 26 0 1
27 29 33 0 -1
28 5 18 0 1
29 4 31 1 0
30 0 29 1 0
31 79 24 0 -1
32 20 39 0 1
33 25 17 -1 0
34 31 1 0 -1
35 57 0 1 0
36 24 26 -1 0
37 8 39 -1 0
38 92 24 1 0
39 97 17 0 -1
40 38 11 -1 0
41 47 22 0 1
42 5 12 0 1
43 99 35 -1 0
44 25 17 0 -1
45 3 36 1 0
46 4 4 1 0
47 84 6 0 1
48 99 21 1 0
49 43 6 0 -1
50 37 32 0 -1
51 86 16 0 1
52 0 4 0 -1
53 84 36 1 0
54 88 24 0 1
55 14 26 0 1
56 59 10 1 0
57 96 20 -1 0
58 24 7 0 -1
59 48 23 -1 0
60 14 7 -1 0
61 24 28 1 0
62 91 17 1 0
63 17 1 0 1
64 58 26 0 1
65 8 1 1 0
66 39 24 1 0
67 59 5 -1 0
68 19 30 0 1
69 0 9 0 1
70 95 26 0 1
71 69 27 -1 0
72 4 9 1 0
73 20 31 -1 0
74 95 13 1 0
75 85 14 -1 0
76 70 14 0 -1
77 39 29 0 1
78 74 18 1 0
79 29 14 -1 0
80 93 21 -1 0
81 76 16 0 -1
82 20 6 1 0
83 67 12 0 -1
84 42 39 0 -1
85 93 17 1 0
86 94 2 0 1
87 55 22 0 -1
88 24 3 0 1
89 3 19 -1 0
90 73 24 1 0
91 93 14 0 1
92 44 6 0 1
93 13 25 0 1
94 61 39 1 0
95 54 21 0 1
96 71 26 -1 0
97 92 1 1 0
98 0 25 -1 0
99 9 10 0 -1
100 3 15 0 1
101 38 27 -1 0
102 77 9 -1 0
103 24 11 0 -1
104 0 31 -1 0
105 83 39 1 0
106 11 23 -1 0
107 95 0 0 1
108 14 11 -1 0
109 31 38 1 0
110 78 20 0 -1
111 54 9 -1 0
112 43 17 0 -1
113 70 11 -1 0
114 43 37 -1 0
115 9 7 0 1
116 20 2 0 -1
117 19 20 0 1
118 72 31 1 0
119 6 9 0 -1
120 24 5 0 1
121 53 16 0 1
122 7 4 -1 0
123 95 36 1 0
124 71 34 -1 0
125 12 32 0 1
126 81 25 -1 0
127 22 27 0 1
128 53 25 0 -1
129 4 7 0 1
130 71 0 1 0
131 41 8 -1 0
132 54 33 0 1
133 23 29 1 0
134 64 16 0 1
135 5 9 1 0
136 18 16 0 -1
137 43 12 0 1
138 12 23 -1 0
139 8 38 1 0
140 98 20 1 0
141 21 8 0 -1
142 51 8 1 0
143 19 28 0 1
144 85 3 0 -1
145 38 28 1 0
146 21 16 0 1
147 20 25 -1 0
148 66 14 -1 0
149 21 4 -1 0
150 40 28 1 0
151 48 28 0 -1
152 44 0 0 1
153 40 4 1 0
154 92 12 0 -1
155 99 23 1 0
156 97 35 1 0
157 25 17 0 1
158 12 28 0 1
159 99 26 0 1
160 61 10 0 1
161 71 1 -1 0
162 45 32 0 -1
163 38 12 0 -1
164 68 18 0 1
165 53 32 0 1
166 41 16 1 0
167 74 37 1 0
168 20 5 0 1
169 19 37 0 -1
170 10 10 1 0
171 12 27 -1 0
172 60 23 -1 0
173 89 2 1 0
174 19 27 -1 0
175 94 3 0 1
176 26 21 1 0
177 39 14 1 0
178 24 16 0 1
179 44 24 0 1
180 28 32 -1 0
181 3 10 0 -1
182 3 18 0 1
183 21 27 0 -1
184 76 13 1 0
185 39 23 1 0
186 95 14 0 -1
187 7 38 0 -1
188 7 30 0 1
189 82 9 0 1
190 12 1 0 -1
191 56 10 -1 0
192 27 37 0 -1
193 28 29 1 0
194 81 36 1 0
195 92 8 -1 0
196 39 35 -1 0
197 52 0 0 -1
198 44 39 0 -1
199 15 6 -1 0
200 43 21 0 -1
201 99 28 1 0
202 26 17 -1 0
203 12 21 0 -1
204 52 22 -1 0
205 80 26 0 1
206 78 37 1 0
207 48 27 0 -1
208 24 31 1 0
209 2 27 -1 0
210 31 2 0 -1
211 83 8 1 0
212 14 6 1 0
213 5 8 0 -1
214 1 25 0 -1
215 61 20 1 0
216 37 2 0 -1
217 94 0 0 -1
218 43 10 1 0
219 23 39 0 1
220 1 35 1 0
221 82 6 1 0
222 1 9 -1 0
223 47 21 1 0
224 18 15 1 0
225 2 6 -1 0
226 40 12 -1 0
227 12 25 1 0
228 21 37 1 0
229 91 33 -1 0
230 44 19 -1 0
231 87 8 0 -1
232 27 6 0 1
233 49 19 -1 0
234 11 27 0 -1
235 38 2 0 -1
236 83 3 -1 0
237 32 30 0 -1
238 75 21 0 -1
239 69 0 -1 0
240 92 30 0 1
241 40 36 0 1
242 3 10 0 -1
243 99 18 0 1
244 8 11 1 0
245 8 29 -1 0
246 30 11 0 -1
247 60 11 -1 0
248 91 16 1 0
249 22 11 0 -1
250 48 34 -1 0
251 12 10 0 -1
252 39 4 1 0
253 24 29 0 -1
254 56 8 -1 0
255 77 20 1 0
256 7 23 0 -1
257 1 23 -1 0
258 23 33 -1 0
259 55 11 0 1
260 36 2 0 -1
261 3 22 0 1
262 2 3 0 -1
263 2 6 0 1
264 27 7 0 1
265 84 30 0 1
266 58 26 1 0
267 8 28 1 0
268 12 20 0 1
269 42 35 0 1
270 5 23 1 0
271 16 34 1 0
272 27 11 1 0
273 88 15 -1 0
274 4 21 0 -1
275 11 15 -1 0
276 42 2 1 0
277 46 29 -1 0
278 3 16 -1 0
279 14 20 0 -1
280 41 17 0 -1
281 40 19 -1 0
282 10 2 1 0
283 77 23 -1 0
284 27 18 0 1
285 90 25 1 0
286 55 7 -1 0
287 39 0 0 1
288 20 16 -1 0
289 12 3 0 1
290 41 21 1 0
291 51 8 0 -1
292 11 31 1 0
293 55 1 0 -1
294 24 12 -1 0
295 64 4 0 1
296 72 12 1 0
297 12 17 1 0
298 8 34 1 0
299 60 15 0 1
300 50 27 0 -1
301 38 6 1 0
302 1 25 1 0
303 3 13 1 0
304 1 1 0 1
305 77 33 0 -1
306 90 23 1 0
307 9 9 -1 0
308 43 15 1 0
309 6 5 0 -1
310 1 32 1 0
311 42 8 -1 0
312 98 5 0 1
313 94 30 0 1
314 87 34 1 0
315 28 31 0 1
316 70 6 -1 0
317 93 38 1 0
318 60 27 -1 0
319 64 36 -1 0
320 98 20 0 -1
321 77 18 0 -1
322 8 39 1 0
323 40 32 1 0
324 36 29 1 0
325 45 5 -1 0
326 17 30 1 0
327 90 14 -1 0
328 54 31 0 -1
329 15 38 1 0
330 99 29 1 0
331 42 19 1 0
332 48 15 1 0
333 72 10 -1 0
334 10 0 -1 0
335 85 16 0 1
336 47 23 1 0
337 28 21 -1 0
338 25 31 1 0
339 39 18 1 0
340 57 1 0 1
341 92 14 1 0
342 69 10 0 1
343 84 1 0 1
344 56 17 1 0
345 13 26 1 0
346 26 24 1 0
347 49 29 -1 0
348 27 1 0 1
349 51 10 1 0
350 38 36 1 0
351 83 37 0 1
352 83 35 1 0
353 17 38 1 0
354 46 39 1 0
355 18 14 1 0
356 82 10 1 0
357 25 39 -1 0
358 1 4 -1 0
359 19 27 1 0
360 67 10 0 1
361 99 5 0 -1
362 94 21 0 -1
363 46 32 1 0
364 28 24 -1 0
365 19 27 0 1
366 25 28 1 0
367 99 6 1 0
368 24 8 1 0
369 44 10 1 0
370 24 7 -1 0
371 27 26 1 0
372 74 17 -1 0
373 94 31 0 -1
374 71 20 0 1
375 15 23 0 -1
376 16 37 -1 0
377 23 5 1 0
378 55 25 0 -1
379 39 24 0 1
380 19 35 0 -1
381 95 15 1 0
382 40 22 0 -1
383 37 12 1 0
384 77 34 0 -1
385 7 6 1 0
386 49 6 0 1
387 39 18 0 1
388 99 22 -1 0
389 51 20 0 1
390 14 13 0 1
391 68 27 0 1
392 22 4 0 1
393 65 9 0 -1
394 12 12 -1 0
395 76 3 1 0
396 56 37 -1 0
397 55 31 -1 0
398 66 30 1 0
399 10 24 -1 0
400 55 1 -1 0
401 11 30 1 0
402 87 34 1 0
403 2 38 1 0
404 52 5 -1 0
405 98 6 -1 0
406 48 13 1 0
407 0 12 1 0
408 17 16 1 0
409 90 21 0 1
410 70 16 0 1
411 3 24 -1 0
412 40 21 1 0
413 76 28 0 -1
414 23 25 -1 0
415 26 17 0 1
416 75 21 -1 0
417 45 26 0 1
418 13 25 1 0
419 61 26 -1 0
420 2 29 0 -1
421 14 7 1 0
422 60 36 -1 0
423 12 2 -1 0
424 48 20 0 -1
425 46 20 -1 0
426 47 13 0 -1
427 54 20 1 0
428 57 12 -1 0
429 22 12 -1 0
430 29 29 -1 0
431 27 26 0 -1
432 75 25 -1 0
433 69 18 1 0
434 47 16 0 1
435 22 34 -1 0
436 45 23 1 0
437 7 4 1 0
438 88 2 1 0
439 1 36 0 -1
440 30 6 0 1
441 74 26 -1 0
442 54 33 0 -1
443 5 21 0 -1
444 92 3 -1 0
445 29 8 0 1
446 15 8 -1 0
447 93 5 1 0
448 21 33 -1 0
449 23 17 0 -1
450 97 0 0 1
451 75 4 0 1
452 58 6 0 -1
453 78 25 0 -1
454 44 31 1 0
455 80 25 -1 0
456 10 32 0 1
457 65 36 0 -1
458 90 6 -1 0
459 59 5 0 -1
460 23 37 1 0
461 30 16 -1 0
462 36 12 0 1
463 21 9 1 0
464 15 12 -1 0
465 22 26 0 1
466 83 4 0 -1
467 61 5 -1 0
468 42 16 0 1
469 36 20 0 -1
470 40 7 0 1
471 97 3 -1 0
472 57 6 1 0
473 42 23 0 1
474 45 25 0 1
475 17 29 1 0
476 95 35 0 -1
477 11 1 -1 0
478 3 38 0 1
479 86 19 0 -1
480 46 33 0 -1
481 58 14 1 0
482 55 35 0 -1
483 43 16 0 -1
484 47 26 0 1
485 86 4 0 1
486 41 1 0 -1
487 19 35 1 0
488 40 27 0 1
489 66 30 -1 0
490 13 33 1 0
491 30 16 0 1
492 54 34 1 0
493 43 4 0 1
494 25 12 0 1
495 12 31 0 1
496 12 38 0 -1
497 37 27 0 1
498 24 16 0 1
499 27 36 0 1
500 45 15 0 -1
501 86 21 0 1
502 46 17 1 0
503 37 4 -1 0
504 69 13 1 0
505 56 24 1 0
506 0 20 0 -1
507 68 11 0 1
508 56 7 0 1
509 41 37 0 -1
510 95 8 0 1
511 44 22 0 -1
512 57 28 1 0
513 73 28 0 -1
514 47 20 -1 0
515 97 23 0 -1
516 18 13 1 0
517 89 14 0 1
518 26 39 1 0
519 19 18 -1 0
520 97 29 1 0
521 48 27 1 0
522 51 5 0 1
523 15 3 1 0
524 30 37 1 0
525 95 34 0 -1
526 54 34 0 1
527 65 21 0 -1
528 44 12 0 1
529 93 15 0 1
530 71 15 1 0
531 67 11 -1 0
532 28 23 0 -1
533 70 9 -1 0
534 78 33 1 0
535 63 22 0 1
536 3 38 0 -1
537 9 31 1 0
538 98 30 0 -1
539 61 15 0 -1
540 36 15 0 1
541 2 8 1 0
542 35 19 -1 0
543 84 21 0 1
544 82 35 0 1
545 50 26 -1 0
546 2 33 -1 0
547 46 11 -1 0
548 98 12 1 0
549 0 7 0 -1
550 83 29 0 -1
551 70 28 1 0
552 0 4 0 1
553 79 28 0 1
554 58 16 0 1
555 18 34 0 -1
556 56 34 1 0
557 50 21 1 0
558 51 23 1 0
559 17 2 1 0
560 54 20 1 0
561 11 29 0 -1
562 45 38 -1 0
563 0 0 1 0
564 52 7 0 1
565 57 38 1 0
566 64 17 0 1
567 17 31 1 0
568 64 33 0 1
569 5 35 -1 0
570 21 28 -1 0
571 47 24 1 0
572 44 18 -1 0
573 95 24 -1 0
574 16 27 1 0
575 21 20 0 1
576 94 18 1 0
577 22 30 0 1
578 15 26 -1 0
579 59 32 0 -1
580 22 5 0 -1
581 42 5 -1 0
582 27 19 0 -1
583 20 17 1 0
584 73 37 0 -1
585 39 13 -1 0
586 7 26 1 0
587 62 3 0 1
588 42 1 0 1
589 51 11 -1 0
590 50 30 0 1
591 94 38 0 -1
592 83 10 0 1
593 24 29 1 0
594 63 4 0 -1
595 12 14 0 -1
596 71 29 0 -1
597 38 31 1 0
598 39 36 0 1
599 20 15 1 0
600 12 36 0 1
601 78 38 0 -1
602 98 20 0 1
603 52 21 -1 0
604 63 20 0 1
605 11 7 1 0
606 36 7 0 1
607 11 3 0 1
608 94 18 -1 0
609 86 9 0 -1
610 1 13 0 1
611 6 24 -1 0
612 46 4 0 -1
613 70 31 -1 0
614 93 36 0 -1
615 19 22 1 0
616 23 39 0 -1
617 4 22 -1 0
618 44 31 -1 0
619 93 8 1 0
620 30 0 1 0
621 8 37 0 1
622 41 34 0 -1
623 84 31 1 0
624 96 8 1 0
625 80 34 1 0
626 65 25 1 0
627 82 29 0 1
628 35 29 0 1
629 15 6 1 0
630 61 5 0 1
631 44 16 -1 0
632 28 10 0 -1
633 91 20 0 -1
634 84 35 -1 0
635 74 36 -1 0
636 97 2 1 0
637 81 2 0 1
638 5 14 0 -1
639 27 36 -1 0
640 25 29 0 -1
641 28 21 1 0
642 5 12 0 -1
643 97 11 -1 0
644 58 3 0 1
645 25 14 0 1
646 13 22 -1 0
647 43 18 1 0
648 91 13 1 0
649 5 15 0 -1
650 75 34 0 1
651 3 26 0 1
652 55 27 -1 0
653 29 39 0 -1
654 3 29 0 1
655 97 5 1 0
656 32 5 0 1
657 15 22 -1 0
658 41 23 0 -1
659 93 9 1 0
660 53 4 0 -1
661 13 6 -1 0
662 75 16 0 1
663 31 34 0 1
664 3 5 0 1
665 97 37 0 1
666 67 23 0 1
667 50 20 0 -1
668 24 10 1 0
669 21 13 0 1
670 78 11 0 -1
671 54 27 0 -1
672 24 34 1 0
673 52 16 -1 0
674 8 17 0 1
675 49 35 0 1
676 41 21 0 1
677 42 6 1 0
678 62 19 1 0
679 22 3 0 -1
680 24 19 1 0
681 0 7 0 1
682 70 10 0 -1
683 2 19 -1 0
684 9 24 -1 0
685 64 15 0 1
686 33 35 0 1
687 44 3 1 0
688 11 24 1 0
689 85 10 -1 0
690 27 6 1 0
691 30 10 1 0
692 43 9 0 1
693 21 23 1 0
694 21 15 1 0
695 95 36 0 -1
696 69 17 1 0
697 22 10 0 -1
698 9 16 1 0
699 68 29 -1 0
700 12 7 1 0
701 28 9 0 -1
702 81 0 0 1
703 48 10 1 0
704 73 35 0 -1
705 43 13 -1 0
706 29 27 0 -1
707 20 14 0 1
708 86 8 -1 0
709 97 5 1 0
710 76 30 1 0
711 24 37 0 -1
712 20 11 0 1
713 49 6 0 1
714 39 1 1 0
715 79 24 1 0
716 56 19 0 -1
717 28 39 -1 0
718 9 9 1 0
719 88 33 0 -1
720 55 25 1 0
721 3 11 0 -1
722 93 35 0 -1
723 51 12 -1 0
724 89 24 -1 0
725 70 2 -1 0
726 75 35 0 -1
727 47 36 -1 0
728 53 9 1 0
729 13 38 0 -1
730 19 37 0 1
731 43 14 1 0
732 79 15 1 0
733 21 13 -1 0
734 91 1 0 1
735 13 7 0 -1
736 21 16 1 0
737 12 8 0 1
738 17 22 1 0
739 41 18 0 1
740 4 18 1 0
741 43 29 0 1
742 57 8 0 -1
743 90 3 1 0
744 29 35 0 1
745 93 25 0 1
746 99 12 0 1
747 19 4 1 0
748 91 4 1 0
749 71 2 -1 0
750 13 24 0 -1
751 10 10 0 1
752 41 12 1 0
753 25 24 0 1
754 48 28 0 -1
755 45 4 1 0
756 41 3 1 0
757 6 39 0 -1
758 47 38 0 -1
759 5 33 -1 0
760 44 21 -1 0
761 2 24 -1 0
762 26 0 0 -1
763 97 28 0 -1
764 27 3 1 0
765 83 32 0 1
766 26 20 0 -1
767 36 18 0 1
768 85 12 -1 0
769 95 30 1 0
770 41 20 0 -1
771 20 33 -1 0
772 41 3 -1 0
773 19 21 -1 0
774 51 23 0 1
775 41 22 1 0
776 46 30 -1 0
777 4 3 1 0
778 61 14 1 0
779 12 7 0 -1
780 69 13 -1 0
781 25 18 0 -1
782 21 29 0 -1
783 18 21 1 0
784 19 15 1 0
785 65 4 1 0
786 28 16 1 0
787 44 33 0 -1
788 90 16 1 0
789 90 35 0 -1
790 9 16 0 1
791 15 28 0 1
792 42 10 1 0
793 60 35 0 -1
794 15 22 -1 0
795 22 11 0 -1
796 70 23 0 -1
797 56 25 -1 0
798 11 12 1 0
799 22 37 1 0
800 57 17 0 1
801 11 25 0 1
802 39 36 -1 0
803 59 37 -1 0
804 26 24 0 -1
805 40 20 0 -1
806 25 16 -1 0
807 40 19 0 -1
808 43 24 0 1
809 77 0 0 -1
810 18 27 1 0
811 26 21 -1 0
812 63 39 0 -1
813 23 13 -1 0
814 45 4 1 0
815 46 20 0 1
816 65 23 0 -1
817 40 31 -1 0
818 7 34 1 0
819 61 0 0 1
820 19 39 0 -1
821 73 34 1 0
822 42 12 0 1
823 11 37 1 0
824 33 16 0 1
825 68 38 1 0
826 6 13 -1 0
827 16 39 0 -1
828 19 18 0 1
829 56 21 0 -1
830 37 23 0 1
831 9 9 0 -1
832 18 29 1 0
833 59 1 0 -1
834 0 27 0 1
835 44 35 0 -1
836 44 18 1 0
837 46 11 0 1
838 52 28 -1 0
839 10 15 -1 0
840 49 31 0 -1
841 43 12 0 -1
842 42 20 0 1
843 56 14 0 1
844 94 37 -1 0
845 87 28 0 -1
846 45 34 0 1
847 86 15 0 -1
848 41 0 0 -1
849 64 9 0 -1
850 70 6 0 -1
851 76 28 -1 0
852 92 29 0 -1
853 13 8 1 0
854 19 14 1 0
855 36 25 -1 0
856 48 13 0 1
857 51 14 1 0
858 47 33 -1 0
859 39 37 0 -1
860 84 10 1 0
861 91 27 0 1
862 66 31 1 0
863 89 16 0 -1
864 92 17 0 1
865 24 26 0 1
866 81 38 0 1
867 41 13 0 1
868 22 33 1 0
869 80 0 0 1
870 28 10 0 -1
871 87 4 0 -1
872 7 17 1 0
873 21 4 -1 0
874 56 34 -1 0
875 81 9 0 1
876 93 24 -1 0
877 89 29 0 1
878 93 31 1 0
879 98 2 0 1
880 61 29 -1 0
881 51 38 0 -1
882 17 34 1 0
883 47 29 0 1
884 96 0 -1 0
885 17 0 0 -1
886 1 19 0 1
887 45 34 1 0
888 49 32 0 1
889 43 31 1 0
890 96 32 -1 0
891 52 6 -1 0
892 84 25 -1 0
893 45 6 1 0
894 87 6 1 0
895 93 7 0 1
896 26 12 0 -1
897 52 14 -1 0
898 22 23 0 1
899 23 27 0 1
900 17 33 0 -1
901 99 30 0 -1
902 92 16 -1 0
903 22 11 1 0
904 11 26 0 1
905 91 15 1 0
906 17 4 0 1
907 85 6 0 -1
908 68 5 -1 0
909 98 12 0 -1
910 38 16 -1 0
911 94 34 0 1
912 19 39 0 1
913 93 21 0 -1
914 40 8 1 0
915 57 18 0 -1
916 45 22 -1 0
917 72 33 -1 0
918 52 1 0 1
919 47 34 -1 0
920 0 14 1 0
921 50 0 0 -1
922 58 36 0 -1
923 64 33 0 1
924 22 23 0 1
925 9 31 0 1
926 54 22 0 1
927 49 34 1 0
928 23 36 1 0
929 2 8 1 0
930 17 12 0 1
931 38 28 0 -1
932 39 35 0 1
933 3 3 0 1
934 88 7 1 0
935 62 36 -1 0
936 77 35 0 1
937 63 38 -1 0
938 20 4 1 0
939 27 24 0 -1
940 91 22 0 -1
941 54 29 0 -1
942 4 32 -1 0
943 1 32 -1 0
944 22 37 1 0
945 14 14 -1 0
946 50 5 0 -1
947 37 32 -1 0
948 17 0 1 0
949 3 8 -1 0
950 15 20 0 1
951 91 18 0 1
952 85 31 0 -1
953 7 30 1 0
954 6 39 0 1
955 92 7 -1 0
956 98 39 1 0
957 11 32 1 0
958 60 15 -1 0
959 39 31 -1 0
960 91 1 0 -1
961 57 33 0 -1
962 99 37 1 0
963 3 31 1 0
964 17 27 -1 0
965 42 1 0 1
966 54 9 -1 0
967 70 4 0 -1
968 16 18 -1 0
969 7 38 -1 0
970 22 18 -1 0
971 45 30 -1 0
972 18 26 -1 0
973 50 39 0 -1
974 12 25 1 0
975 29 17 0 -1
976 46 26 -1 0
977 12 11 -1 0
978 23 34 0 -1
979 85 31 0 -1
980 19 16 1 0
981 65 38 1 0
982 92 30 1 0
983 57 21 0 1
984 46 22 -1 0
985 7 31 1 0
986 39 5 -1 0
987 26 35 1 0
988 60 17 1 0
989 78 18 0 -1
990 12 20 -1 0
991 40 7 0 1
992 87 25 0 -1
993 41 7 0 1
994 82 38 0 -1
995 89 29 1 0
996 64 30 0 -1
997 11 6 0 -1
998 5 33 1 0
999 79 9 1 0
1000 74 2 0 1
1001 22 12 -1 0
1002 67 26 0 1
1003 67 26 1 0
1004 48 39 0 -1
1005 50 1 0 -1
1006 81 15 0 -1
1007 43 7 1 0
1008 42 1 0 1
1009 48 24 1 0
1010 46 21 0 -1
1011 19 31 0 1
1012 10 15 0 -1
1013 9 39 0 -1
1014 6 15 1 0
1015 41 30 0 -1
1016 90 18 0 1
1017 82 16 -1 0
1018 2 21 -1 0
1019 88 15 0 1
1020 61 19 -1 0
1021 41 26 0 -1
1022 57 11 1 0
1023 56 3 -1 0
1024 45 6 1 0
1025 28 32 0 1
1026 84 24 0 1
1027 85 26 0 -1
1028 64 0 0 -1
1029 77 36 0 1
1030 62 16 0 1
1031 26 21 -1 0
1032 23 34 1 0
1033 66 39 -1 0
1034 36 34 -1 0
1035 45 34 0 1
1036 52 24 -1 0
1037 73 0 -1 0
1038 19 39 0 -1
1039 30 23 0 1
1040 68 21 0 -1
1041 9 11 1 0
1042 7 24 0 -1
1043 31 30 1 0
1044 52 20 -1 0
1045 50 33 1 0
1046 67 35 1 0
1047 1 23 1 0
1048 78 18 1 0
1049 52 33 1 0
1050 24 10 1 0
1051 91 23 1 0
1052 96 18 1 0
1053 97 6 1 0
1054 26 3 0 -1
1055 16 31 0 -1
1056 26 25 0 -1
1057 21 36 0 1
1058 22 32 0 -1
1059 38 29 0 -1
1060 43 6 0 -1
1061 38 30 1 0
1062 55 16 0 -1
1063 60 2 -1 0
1064 43 9 -1 0
1065 70 21 0 1
1066 46 1 -1 0
1067 92 11 -1 0
1068 38 9 -1 0
1069 39 20 0 1
1070 48 18 0 -1
1071 89 36 1 0
1072 57 18 1 0
1073 98 24 1 0
1074 82 5 1 0
1075 57 19 -1 0
1076 5 1 0 1
1077 78 2 0 1
1078 6 37 -1 0
1079 63 2 0 1
1080 76 15 1 0
1081 48 34 1 0
1082 51 14 0 -1
1083 96 23 0 1
1084 15 25 1 0
1085 45 20 0 1
1086 24 6 0 1
1087 40 32 0 1
1088 4 33 0 1
1089 24 21 -1 0
1090 43 3 0 -1
1091 7 14 0 1
1092 6 2 -1 0
1093 32 17 1 0
1094 36 19 0 -1
1095 8 12 0 -1
1096 73 17 -1 0
1097 2 34 -1 0
1098 24 38 1 0
1099 41 36 0 1
1100 88 23 -1 0
1101 15 4 0 1
1102 98 19 0 1
1103 36 21 0 -1
1104 24 22 0 1
1105 52 21 0 1
1106 39 27 0 -1
1107 24 8 -1 0
1108 22 19 1 0
1109 67 31 0 1
1110 51 29 0 1
1111 44 38 0 1
1112 4 28 1 0
1113 94 20 -1 0
1114 13 2 0 1
1115 69 37 -1 0
1116 87 34 0 -1
1117 66 34 -1 0
1118 11 28 0 1
1119 3 5 0 -1
1120 4 7 0 1
1121 14 35 0 -1
1122 62 33 0 -1
1123 45 16 -1 0
1124 98 1 -1 0
1125 10 21 1 0
1126 88 13 1 0
1127 21 33 1 0
1128 43 14 1 0
1129 70 23 1 0
1130 23 37 0 1
1131 95 1 0 1
1132 48 16 1 0
1133 77 10 0 -1
1134 77 18 0 1
1135 38 39 0 -1
1136 45 30 0 1
1137 45 28 0 -1
1138 10 14 0 1
1139 10 27 1 0
1140 44 1 0 1
1141 41 4 1 0
1142 41 12 1 0
1143 4 0 0 1
1144 41 1 1 0
1145 92 14 -1 0
1146 21 5 0 1
1147 90 12 0 1
1148 50 17 -1 0
1149 47 20 1 0
1150 48 0 0 -1
1151 27 11 0 -1
1152 17 29 0 -1
1153 12 10 1 0
1154 67 3 0 -1
1155 15 19 0 1
1156 91 11 -1 0
1157 9 18 -1 0
1158 16 39 0 1
1159 9 20 1 0
1160 8 29 0 1
1161 24 23 1 0
1162 22 31 0 1
1163 64 29 1 0
1164 39 28 0 1
1165 20 32 0 1
1166 87 10 1 0
1167 62 39 0 -1
1168 68 25 0 -1
1169 60 3 -1 0
1170 93 29 0 -1
1171 17 22 0 1
1172 52 26 0 -1
1173 49 10 1 0
1174 18 16 0 -1
1175 59 27 0 -1
1176 22 6 0 -1
1177 89 8 0 -1
1178 58 24 1 0
1179 20 35 -1 0
1180 99 26 1 0
1181 39 28 0 1
1182 11 24 0 1
1183 49 34 -1 0
1184 72 32 0 1
1185 37 36 1 0
1186 6 37 -1 0
1187 84 39 -1 0
1188 93 16 0 1
1189 3 26 0 1
1190 55 37 -1 0
1191 97 29 -1 0
1192 17 15 0 1
1193 51 30 0 1
1194 92 22 0 -1
1195 56 38 -1 0
1196 22 0 0 1
1197 75 38 0 1
1198 26 27 0 -1
1199 57 8 0 1
1200 26 22 0 -1
1201 41 15 0 1
1202 20 14 0 -1
1203 14 36 0 -1
1204 17 3 1 0
1205 86 5 0 1
1206 76 35 1 0
1207 2 11 0 1
1208 41 34 0 1
1209 42 13 -1 0
1210 29 32 0 -1
1211 49 11 0 1
1212 59 22 -1 0
1213 25 27 1 0
1214 62 14 -1 0
1215 52 13 -1 0
1216 98 30 0 -1
1217 50 38 0 1
1218 40 17 0 -1
1219 56 12 -1 0
1220 11 15 0 1
1221 63 8 0 -1
1222 64 1 1 0
1223 49 28 1 0
1224 24 10 0 -1
1225 87 22 0 -1
1226 48 14 0 -1
1227 85 1 1 0
1228 12 32 0 -1
1229 83 16 -1 0
1230 24 30 0 1
1231 47 25 0 -1
1232 11 8 -1 0
1233 4 38 -1 0
1234 26 24 -1 0
1235 36 0 0 1
1236 31 37 0 -1
1237 5 34 -1 0
1238 53 21 0 -1
1239 78 9 0 1
1240 10 19 -1 0
1241 50 1 0 1
1242 44 22 1 0
1243 75 24 1 0
1244 55 21 -1 0
1245 94 12 -1 0
1246 40 35 1 0
1247 15 17 0 -1
1248 65 15 0 -1
1249 85 17 1 0
1250 5 29 -1 0
1251 60 30 0 1
1252 65 1 -1 0
1253 81 9 -1 0
1254 18 13 1 0
1255 61 34 0 -1
1256 67 22 1 0
1257 15 5 1 0
1258 21 17 -1 0
1259 2 29 1 0
1260 20 31 0 1
1261 92 14 -1 0
1262 30 30 -1 0
1263 27 3 0 -1
1264 95 4 0 -1
1265 85 15 0 -1
1266 38 37 0 -1
1267 15 35 1 0
1268 65 2 -1 0
1269 4 19 1 0
1270 92 39 0 -1
1271 44 39 0 1
1272 48 20 -1 0
1273 23 16 0 1
1274 38 4 -1 0
1275 4 21 0 1
1276 75 18 0 1
1277 40 37 0 1
1278 14 9 0 1
1279 74 1 0 -1
1280 95 39 -1 0
1281 15 32 0 1
1282 17 6 1 0
1283 19 24 -1 0
1284 30 4 0 1
1285 52 3 -1 0
1286 71 28 -1 0
1287 70 39 0 -1
1288 45 22 0 -1
1289 38 31 1 0
1290 83 4 -1 0
1291 97 38 1 0
1292 26 26 0 1
1293 21 10 1 0
1294 21 17 0 1
1295 30 21 0 -1
1296 28 1 0 1
1297 44 32 0 1
1298 58 32 0 -1
1299 22 33 0 1
1300 96 31 0 -1
1301 96 25 1 0
1302 64 24 0 1
1303 7 21 -1 0
1304 83 10 0 -1
1305 15 23 0 -1
1306 59 14 0 1
1307 59 0 1 0
1308 44 13 0 -1
1309 17 15 0 -1
1310 92 8 0 1
1311 24 21 1 0
1312 18 17 0 -1
1313 64 25 -1 0
1314 45 21 0 1
1315 8 2 -1 0
1316 43 5 0 1
1317 0 17 0 -1
1318 88 35 0 1
1319 22 5 0 -1
1320 54 15 -1 0
1321 22 2 1 0
1322 3 31 -1 0
1323 40 39 0 1
1324 84 2 0 1
1325 21 1 0 1
1326 40 27 -1 0
1327 96 17 1 0
1328 70 6 0 -1
1329 53 36 1 0
1330 3 2 -1 0
1331 50 39 1 0
1332 86 6 0 -1
1333 84 4 -1 0
1334 51 0 1 0
1335 97 22 0 1
1336 42 37 0 -1
1337 38 27 -1 0
1338 7 12 1 0
1339 50 5 -1 0
1340 47 32 1 0
1341 41 29 -1 0
1342 24 30 0 -1
1343 38 36 0 1
1344 10 27 0 -1
1345 31 26 1 0
1346 8 35 1 0
1347 18 8 0 1
1348 40 33 0 -1
1349 4 30 0 1
1350 96 17 -1 0
1351 42 8 0 1
1352 99 20 0 -1
1353 7 9 0 1
1354 88 24 -1 0
1355 16 28 0 1
1356 43 18 1 0
1357 77 5 1 0
1358 92 33 -1 0
1359 17 30 0 1
1360 75 37 0 1
1361 27 33 0 -1
1362 23 38 0 1
1363 99 13 0 -1
1364 2 4 -1 0
1365 71 11 0 -1
1366 36 20 0 1
1367 29 1 0 1
1368 14 1 -1 0
1369 41 35 0 1
1370 23 17 -1 0
1371 38 21 0 -1
1372 85 16 0 -1
1373 27 16 -1 0
1374 12 19 -1 0
1375 14 28 -1 0
1376 46 0 0 1
1377 95 8 0 1
1378 80 20 1 0
1379 13 10 0 1
1380 73 16 0 -1
1381 20 13 0 1
1382 80 33 -1 0
1383 74 20 1 0
1384 16 4 1 0
1385 90 9 -1 0
1386 99 27 0 -1
1387 65 19 0 -1
1388 44 23 0 1
1389 98 30 -1 0
1390 26 26 0 1
1391 41 4 1 0
1392 25 15 1 0
1393 47 16 -1 0
1394 77 14 1 0
1395 43 39 0 -1
1396 24 14 0 -1
1397 88 30 0 1
1398 53 20 0 1
1399 89 11 -1 0
1400 53 13 0 -1
1401 51 29 -1 0
1402 7 29 0 -1
1403 40 38 -1 0
1404 99 10 1 0
1405 46 33 1 0
1406 1 15 0 -1
1407 73 22 0 1
1408 25 24 0 -1
1409 26 23 -1 0
1410 22 27 0 -1
1411 16 23 -1 0
1412 96 9 1 0
1413 71 5 0 1
1414 15 8 0 -1
1415 99 12 0 -1
1416 44 28 1 0
1417 95 37 -1 0
1418 93 10 0 1
1419 3 6 0 -1
1420 11 23 0 1
1421 21 28 -1 0
1422 18 7 0 1
1423 10 4 -1 0
1424 40 18 1 0
1425 2 6 1 0
1426 52 14 0 -1
1427 0 11 1 0
1428 80 15 -1 0
1429 56 26 1 0
1430 21 16 0 1
1431 27 10 1 0
1432 4 23 0 -1
1433 92 37 0 -1
1434 53 16 -1 0
1435 82 20 0 1
1436 42 2 -1 0
1437 42 29 1 0
1438 42 38 0 1
1439 70 1 0 -1
1440 79 7 1 0
1441 40 0 1 0
1442 51 7 1 0
1443 94 25 -1 0
1444 8 0 0 1
1445 21 23 0 -1
1446 68 22 0 -1
1447 89 33 0 -1
1448 14 34 1 0
1449 91 9 0 1
1450 44 32 0 -1
1451 96 12 0 1
1452 17 8 1 0
1453 43 15 0 -1
1454 95 30 -1 0
1455 37 36 0 1
1456 39 31 1 0
1457 5 35 -1 0
1458 83 1 0 1
1459 48 1 -1 0
1460 77 27 -1 0
1461 66 6 -1 0
1462 13 15 0 -1
1463 12 36 1 0
1464 0 7 0 1
1465 38 11 1 0
1466 72 6 0 1
1467 9 8 -1 0
1468 88 21 1 0
1469 26 34 -1 0
1470 99 30 0 -1
1471 8 11 0 -1
1472 58 17 0 -1
1473 71 26 1 0
1474 91 13 0 -1
1475 48 33 -1 0
1476 85 23 0 -1
1477 0 20 1 0
1478 39 4 0 1
1479 39 1 0 -1
1480 74 6 0 -1
1481 48 6 0 -1
1482 95 8 0 -1
1483 39 19 0 1
1484 20 8 0 -1
1485 19 20 1 0
1486 6 34 0 -1
1487 73 6 1 0
1488 24 17 0 -1
1489 43 17 1 0
1490 51 18 1 0
1491 49 35 -1 0
1492 24 34 1 0
1493 27 26 1 0
1494 80 5 0 -1
1495 38 1 1 0
1496 22 10 0 -1
1497 43 34 -1 0
1498 16 11 -1 0
1499 47 27 1 0
1500 71 32 0 -1
1501 1 11 1 0
1502 64 23 -1 0
1503 24 1 1 0
1504 50 20 0 -1
1505 44 3 -1 0
1506 27 14 0 1
1507 89 3 0 1
1508 37 17 -1 0
1509 93 10 -1 0
1510 41 0 0 1
1511 60 27 0 1
1512 31 15 0 1
1513 20 5 -1 0
1514 22 2 0 1
1515 64 7 0 1
1516 97 14 0 -1
1517 40 2 -1 0
1518 20 28 -1 0
1519 40 29 0 -1
1520 60 29 -1 0
1521 47 3 0 -1
1522 68 24 0 1
1523 51 1 1 0
1524 86 19 -1 0
1525 8 7 -1 0
1526 19 18 1 0
1527 90 11 -1 0
1528 89 0 1 0
1529 28 28 1 0
1530 36 20 0 -1
1531 28 38 0 -1
1532 15 1 -1 0
1533 29 11 1 0
1534 23 14 1 0
1535 21 13 0 1
1536 23 16 0 -1
1537 99 24 -1 0
1538 25 1 1 0
1539 73 16 0 -1
1540 18 7 0 -1
1541 93 17 0 -1
1542 98 16 1 0
1543 38 0 -1 0
1544 58 19 1 0
1545 51 19 1 0
1546 91 28 0 -1
1547 5 3 1 0
1548 19 28 0 -1
1549 77 14 -1 0
1550 86 30 0 -1
1551 80 29 0 1
1552 46 33 0 -1
1553 29 19 0 -1
1554 83 14 0 1
1555 21 0 0 -1
1556 41 24 -1 0
1557 15 25 -1 0
1558 53 27 0 -1
1559 15 18 -1 0
1560 22 7 0 -1
1561 50 17 -1 0
1562 54 6 -1 0
1563 99 30 -1 0
1564 87 28 0 1
1565 38 27 1 0
1566 88 27 1 0
1567 40 20 0 -1
1568 16 13 0 1
1569 81 20 -1 0
1570 43 22 0 -1
1571 39 19 1 0
1572 31 7 1 0
1573 9 16 -1 0
1574 22 31 0 1
1575 10 3 1 0
1576 57 22 1 0
1577 17 2 1 0
1578 49 11 -1 0
1579 93 1 1 0
1580 61 18 1 0
1581 52 11 -1 0
1582 17 3 0 1
1583 95 17 1 0
1584 23 37 0 1
1585 15 12 -1 0
1586 16 35 1 0
1587 72 10 0 -1
1588 64 1 0 -1
1589 97 23 -1 0
1590 0 21 0 -1
1591 25 2 0 -1
1592 71 15 0 1
1593 18 37 1 0
1594 15 9 1 0
1595 98 3 0 -1
1596 3 3 0 -1
1597 19 11 0 1
1598 24 21 0 -1
1599 86 26 0 1
1600 94 39 0 1
1601 15 18 1 0
1602 46 2 0 -1
1603 87 3 0 -1
1604 20 29 1 0
1605 40 0 -1 0
1606 39 29 0 -1
1607 70 16 0 -1
1608 42 20 -1 0
1609 93 33 0 1
1610 17 32 0 1
1611 41 9 0 1
1612 37 24 -1 0
1613 81 39 1 0
1614 6 6 0 1
1615 18 22 -1 0
1616 26 5 0 -1
1617 23 7 0 1
1618 53 21 1 0
1619 11 22 1 0
1620 73 20 0 1
1621 20 32 -1 0
1622 17 20 0 1
1623 42 36 0 1
1624 48 22 0 1
1625 91 1 1 0
1626 20 11 0 -1
1627 49 33 0 -1
1628 70 37 -1 0
1629 76 37 -1 0
1630 79 5 -1 0
1631 16 36 -1 0
1632 82 0 -1 0
1633 39 20 0 -1
1634 65 39 0 -1
1635 40 4 1 0
1636 19 6 -1 0
1637 50 15 1 0
1638 33 32 0 -1
1639 54 18 -1 0
1640 20 23 1 0
1641 13 9 1 0
1642 59 33 1 0
1643 65 6 0 1
1644 85 7 -1 0
1645 14 37 1 0
1646 44 14 0 -1
1647 10 29 0 -1
1648 16 31 -1 0
1649 4 30 0 1
1650 5 2 -1 0
1651 30 23 0 1
1652 54 32 -1 0
1653 0 19 0 1
1654 90 24 1 0
1655 68 1 -1 0
1656 9 1 0 -1
1657 80 3 -1 0
1658 92 18 0 -1
1659 3 22 1 0
1660 21 14 1 0
1661 43 0 0 1
1662 44 1 1 0
1663 92 10 0 1
1664 11 32 0 1
1665 24 20 0 1
1666 54 37 0 -1
1667 86 20 -1 0
1668 89 33 -1 0
1669 73 6 0 1
1670 60 34 0 1
1671 30 30 -1 0
1672 81 32 0 -1
1673 35 22 0 -1
1674 69 21 0 -1
1675 38 30 0 -1
1676 41 3 1 0
1677 13 4 -1 0
1678 7 5 -1 0
1679 44 0 1 0
1680 67 17 0 1
1681 39 36 -1 0
1682 74 29 0 -1
1683 22 17 1 0
1684 73 0 0 -1
1685 20 1 -1 0
1686 91 5 0 -1
1687 94 15 0 -1
1688 46 37 1 0
1689 46 9 0 1
1690 84 7 1 0
1691 43 34 0 1
1692 11 39 1 0
1693 90 15 0 -1
1694 11 21 1 0
1695 71 32 -1 0
1696 42 18 0 1
1697 10 11 1 0
1698 57 12 -1 0
1699 19 13 0 1
1700 87 20 1 0
1701 27 12 -1 0
1702 93 30 1 0
1703 57 27 0 1
1704 4 25 0 1
1705 7 28 0 1
1706 84 28 0 -1
1707 39 37 -1 0
1708 44 24 1 0
1709 1 14 0 -1
1710 78 30 1 0
1711 92 10 0 -1
1712 47 30 0 1
1713 26 38 1 0
1714 31 18 0 -1
1715 57 35 0 -1
1716 86 20 1 0
1717 52 34 0 1
1718 60 7 1 0
1719 71 27 1 0
1720 8 31 0 1
1721 2 28 0 -1
1722 14 13 -1 0
1723 43 11 1 0
1724 59 26 1 0
1725 41 11 0 -1
1726 17 29 0 1
1727 8 6 0 1
1728 24 39 0 -1
1729 87 17 0 1
1730 9 26 -1 0
1731 96 32 1 0
1732 59 12 -1 0
1733 50 19 0 1
1734 7 2 0 -1
1735 52 11 0 -1
1736 98 12 1 0
1737 43 31 0 1
1738 68 29 0 1
1739 52 36 0 1
1740 43 36 1 0
1741 29 31 0 -1
1742 82 23 0 -1
1743 22 14 1 0
1744 88 17 -1 0
1745 66 2 0 1
1746 35 33 0 1
1747 84 9 0 -1
1748 24 33 0 -1
1749 7 21 -1 0
1750 9 8 1 0
1751 9 12 1 0
1752 39 13 -1 0
1753 16 34 0 -1
1754 45 33 0 1
1755 17 7 -1 0
1756 90 27 0 1
1757 21 32 -1 0
1758 19 22 1 0
1759 24 7 1 0
1760 26 36 0 -1
1761 13 30 1 0
1762 23 38 0 1
1763 84 8 1 0
1764 53 34 1 0
1765 80 3 1 0
1766 46 38 -1 0
1767 75 24 -1 0
1768 85 37 0 -1
1769 46 5 -1 0
1770 99 25 0 1
1771 58 1 1 0
1772 8 8 0 1
1773 92 12 -1 0
1774 56 13 0 -1
1775 24 20 0 -1
1776 56 13 0 1
1777 28 22 -1 0
1778 66 11 0 1
1779 93 4 -1 0
1780 84 36 0 -1
1781 5 22 0 1
1782 34 12 -1 0
1783 17 11 0 1
1784 77 2 -1 0
1785 3 28 1 0
1786 21 20 -1 0
1787 51 33 -1 0
1788 94 27 1 0
1789 14 9 0 1
1790 51 36 0 1
1791 37 7 1 0
1792 63 12 -1 0
1793 48 14 1 0
1794 89 7 0 -1
1795 55 27 1 0
1796 79 16 -1 0
1797 40 28 -1 0
1798 12 29 -1 0
1799 22 9 0 1
1800 71 13 0 -1
1801 46 35 1 0
1802 20 18 0 1
1803 72 33 0 1
1804 16 21 1 0
1805 61 15 -1 0
1806 45 7 -1 0
1807 47 27 0 -1
1808 35 20 0 1
1809 46 0 0 1
1810 11 39 0 -1
1811 5 10 0 -1
1812 25 13 -1 0
1813 12 18 0 -1
1814 15 25 1 0
1815 49 8 0 1
1816 98 38 0 1
1817 71 6 -1 0
1818 30 20 -1 0
1819 17 26 1 0
1820 16 27 -1 0
1821 16 14 1 0
1822 3 31 0 1
1823 88 38 1 0
1824 14 5 -1 0
1825 71 38 0 -1
1826 8 20 1 0
1827 79 23 -1 0
1828 46 36 -1 0
1829 27 39 0 1
1830 50 39 0 -1
1831 49 4 0 -1
1832 16 28 1 0
1833 46 14 -1 0
1834 91 31 0 -1
1835 8 31 0 -1
1836 20 24 1 0
1837 84 35 -1 0
1838 58 4 -1 0
1839 90 20 0 1
1840 84 18 1 0
1841 32 33 1 0
1842 26 3 0 -1
1843 92 37 0 -1
1844 15 11 -1 0
1845 86 35 -1 0
1846 74 12 1 0
1847 69 18 0 1
1848 49 0 0 -1
1849 8 14 -1 0
1850 78 21 0 -1
1851 84 38 -1 0
1852 59 7 -1 0
1853 6 24 1 0
1854 74 22 1 0
1855 78 1 1 0
1856 94 2 0 -1
1857 1 22 -1 0
1858 57 17 0 -1
1859 53 22 0 1
1860 26 3 0 1
1861 95 32 -1 0
1862 8 28 -1 0
1863 15 20 0 1
1864 76 3 0 -1
1865 38 12 -1 0
1866 60 17 0 -1
1867 51 11 1 0
1868 80 23 -1 0
1869 41 2 0 1
1870 22 39 0 1
1871 29 6 0 -1
1872 15 15 0 1
1873 21 15 -1 0
1874 85 30 0 1
1875 94 6 0 1
1876 33 6 1 0
1877 80 0 1 0
1878 91 29 0 1
1879 93 38 0 -1
1880 95 14 0 1
1881 64 7 1 0
1882 73 16 -1 0
1883 46 12 1 0
1884 26 26 1 0
1885 50 17 0 -1
1886 44 7 -1 0
1887 89 8 -1 0
1888 23 13 1 0
1889 61 5 0 1
1890 54 39 -1 0
1891 57 9 0 1
1892 96 27 -1 0
1893 74 13 0 -1
1894 1 24 1 0
1895 34 7 1 0
1896 59 10 1 0
1897 52 10 0 -1
1898 41 22 0 -1
1899 88 10 0 1
1900 95 21 0 -1
1901 69 34 -1 0
1902 15 21 -1 0
1903 57 30 1 0
1904 3 9 -1 0
1905 98 32 0 1
1906 49 38 -1 0
1907 18 30 0 1
1908 1 8 0 -1
1909 10 11 -1 0
1910 40 13 0 1
1911 37 18 -1 0
1912 95 14 0 -1
1913 61 27 -1 0
1914 23 10 -1 0
1915 81 9 -1 0
1916 36 15 0 1
1917 43 19 1 0
1918 60 37 0 -1
1919 49 25 1 0
1920 73 31 1 0
1921 59 18 1 0
1922 17 10 1 0
1923 88 20 0 1
1924 97 26 0 -1
1925 60 38 0 1
1926 78 23 0 1
1927 90 17 -1 0
1928 83 27 1 0
1929 90 18 -1 0
1930 10 3 1 0
1931 71 8 -1 0
1932 59 18 0 1
1933 45 35 0 -1
1934 7 29 0 1
1935 70 26 0 -1
1936 86 0 0 1
1937 56 12 0 1
1938 32 6 1 0
1939 86 25 0 1
1940 27 9 0 -1
1941 80 18 0 -1
1942 19 32 0 1
1943 4 4 0 -1
1944 61 28 -1 0
1945 23 31 -1 0
1946 43 19 0 1
1947 1 2 0 -1
1948 66 10 0 1
1949 67 36 -1 0
1950 45 0 1 0
1951 96 26 -1 0
1952 21 3 -1 0
1953 8 13 -1 0
1954 57 26 0 -1
1955 47 28 0 1
1956 37 11 0 -1
1957 7 34 1 0
1958 36 19 0 1
1959 75 2 0 -1
1960 0 22 0 1
1961 48 20 0 1
1962 11 34 0 1
1963 66 30 -1 0
1964 10 37 0 -1
1965 45 20 -1 0
1966 37 14 0 1
1967 68 23 -1 0
1968 53 11 0 -1
1969 99 12 -1 0
1970 94 39 0 1
1971 44 14 1 0
1972 0 21 1 0
1973 43 37 0 1
1974 10 20 0 1
1975 55 2 -1 0
1976 51 31 -1 0
1977 18 35 0 -1
1978 38 34 0 -1
1979 49 23 1 0
1980 41 12 -1 0
1981 26 29 1 0
1982 81 22 0 -1
1983 27 31 0 -1
1984 38 24 -1 0
1985 86 38 0 1
1986 87 32 0 -1
1987 55 6 0 -1
1988 7 21 0 -1
1989 85 17 0 1
1990 97 11 -1 0
1991 11 19 0 -1
1992 10 20 0 -1
1993 86 15 0 -1
1994 91 28 1 0
1995 56 7 1 0
1996 72 14 1 0
1997 84 29 1 0
1998 17 32 -1 0
1999 73 22 0 1
2000 17 16 0 1
2001 50 22 -1 0
2002 72 16 0 -1
2003 80 18 0 1
2004 52 34 0 1
2005 44 35 0 1
2006 28 33 0 1
2007 35 2 0 1
2008 43 38 1 0
2009 16 10 0 1
2010 6 22 0 -1
2011 43 31 0 -1
2012 43 4 0 -1
2013 23 31 -1 0
2014 25 25 0 1
2015 41 11 0 1
2016 63 18 0 1
2017 29 10 1 0
2018 88 22 -1 0
2019 56 5 0 1
2020 21 24 0 -1
2021 17 4 0 -1
2022 81 24 -1 0
2023 0 19 1 0
2024 17 22 0 -1
2025 27 35 1 0
2026 3 29 0 -1
2027 55 18 0 1
2028 59 15 -1 0
2029 97 26 1 0
2030 90 34 1 0
2031 93 38 -1 0
2032 91 34 0 -1
2033 14 9 0 1
2034 2 12 1 0
2035 20 19 -1 0
2036 46 23 0 -1
2037 49 37 -1 0
2038 47 28 -1 0
2039 38 4 1 0
2040 2 11 -1 0
2041 38 2 1 0
2042 47 22 1 0
2043 94 37 1 0
2044 44 28 0 -1
2045 86 15 -1 0
2046 10 39 -1 0
2047 44 30 0 1
2048 27 25 0 -1
2049 24 37 -1 0
2050 87 10 -1 0
2051 7 7 0 -1
2052 10 33 0 1
2053 85 8 0 1
2054 98 15 1 0
2055 39 32 0 -1
2056 79 10 -1 0
2057 8 4 0 -1
2058 80 2 0 -1
2059 40 0 1 0
2060 41 36 0 1
2061 65 23 1 0
2062 17 13 0 1
2063 24 36 0 1
2064 46 11 1 0
2065 29 35 0 1
2066 51 26 0 -1
2067 18 1 1 0
2068 79 12 -1 0
2069 43 28 1 0
2070 23 21 0 1
2071 41 19 0 1
2072 58 18 0 1
2073 42 6 0 1
2074 56 6 0 -1
2075 74 23 0 1
2076 72 29 -1 0
2077 24 14 -1 0
2078 28 1 0 1
2079 11 11 0 1
2080 40 16 1 0
2081 30 35 -1 0
2082 69 15 1 0
2083 43 32 0 -1
2084 61 13 -1 0
2085 36 13 -1 0
2086 0 33 1 0
2087 99 29 0 -1
2088 41 37 -1 0
2089 18 8 0 1
2090 87 8 0 1
2091 88 18 0 -1
2092 92 23 0 -1
2093 55 27 1 0
2094 1 6 -1 0
2095 68 30 -1 0
2096 10 1 0 1
2097 44 27 0 1
2098 23 8 0 -1
2099 79 38 1 0
2100 9 8 1 0
2101 29 32 0 1
2102 99 17 0 1
2103 52 8 0 1
2104 26 8 0 1
2105 65 20 -1 0
2106 2 12 0 -1
2107 13 30 0 1
2108 5 12 0 1
2109 47 21 0 1
2110 28 10 -1 0
2111 53 25 0 1
2112 76 25 0 1
2113 27 9 1 0
2114 28 35 0 -1
2115 96 3 0 1
2116 27 21 0 -1
2117 45 23 0 1
2118 40 27 0 1
2119 21 39 0 1
2120 46 4 1 0
2121 54 2 0 1
2122 12 10 1 0
2123 40 20 0 1
2124 80 1 0 1
2125 49 38 1 0
2126 54 30 1 0
2127 58 2 0 -1
2128 71 34 0 1
2129 90 16 0 1
2130 48 16 -1 0
2131 51 34 0 1
2132 89 17 0 -1
2133 20 20 -1 0
2134 93 7 1 0
2135 3 5 0 -1
2136 60 24 0 1
2137 7 34 0 1
2138 18 15 1 0
2139 12 20 0 1
2140 37 23 0 -1
2141 19 37 1 0
2142 21 34 0 1
2143 50 29 0 1
2144 30 7 1 0
2145 38 38 0 -1
2146 31 34 0 -1
2147 61 29 0 1
2148 5 15 -1 0
2149 4 19 0 -1
2150 48 4 1 0
2151 4 9 -1 0
2152 22 1 0 1
2153 81 24 -1 0
2154 38 8 0 1
2155 40 9 0 -1
2156 69 24 1 0
2157 43 17 0 -1
2158 41 25 0 -1
2159 17 26 1 0
2160 19 4 -1 0
2161 46 7 0 1
2162 26 30 0 -1
2163 41 28 1 0
2164 69 26 -1 0
2165 92 38 1 0
2166 2 4 1 0
2167 70 9 -1 0
2168 15 14 -1 0
2169 26 27 1 0
2170 2 27 -1 0
2171 12 29 0 -1
2172 77 20 0 -1
2173 11 16 0 1
2174 97 25 -1 0
2175 38 8 1 0
2176 22 20 1 0
2177 19 3 -1 0
2178 19 13 0 -1
2179 41 20 1 0
2180 84 23 1 0
2181 49 14 -1 0
2182 83 39 -1 0
2183 98 18 0 1
2184 41 30 0 -1
2185 23 0 0 1
2186 50 35 1 0
2187 59 17 0 1
2188 66 3 0 -1
2189 12 21 -1 0
2190 54 7 1 0
2191 27 36 1 0
2192 16 30 -1 0
2193 95 32 -1 0
2194 44 8 0 -1
2195 1 35 0 1
2196 29 34 0 1
2197 90 9 0 -1
2198 61 18 -1 0
2199 55 35 -1 0
2200 23 9 0 1
2201 86 36 1 0
2202 82 21 0 -1
2203 8 37 -1 0
2204 87 17 -1 0
2205 54 24 -1 0
2206 12 29 -1 0
2207 41 4 0 -1
2208 68 35 -1 0
2209 78 4 1 0
2210 39 5 0 -1
2211 26 38 1 0
2212 63 14 1 0
2213 77 30 1 0
2214 54 30 0 1
2215 76 19 1 0
2216 46 19 0 1
2217 78 9 -1 0
2218 68 7 1 0
2219 43 13 0 1
2220 10 30 0 1
2221 98 18 -1 0
2222 80 0 1 0
2223 86 32 -1 0
2224 19 10 0 1
2225 91 30 0 1
2226 90 18 -1 0
2227 27 22 -1 0
2228 40 34 -1 0
2229 16 29 1 0
2230 40 24 0 1
2231 30 29 0 1
2232 85 25 0 1
2233 4 37 0 -1
2234 15 20 0 1
2235 4 1 1 0
2236 60 12 -1 0
2237 10 21 1 0
2238 25 7 0 1
2239 59 8 0 1
2240 84 39 1 0
2241 60 27 0 -1
2242 27 20 1 0
2243 44 26 0 -1
2244 27 31 1 0
2245 9 14 0 -1
2246 53 32 -1 0
2247 91 11 0 -1
2248 54 30 -1 0
2249 4 4 0 -1
2250 43 2 -1 0
2251 57 34 -1 0
2252 47 35 0 -1
2253 23 22 0 1
2254 43 8 -1 0
2255 9 5 -1 0
2256 10 31 0 -1
2257 42 39 0 1
2258 25 31 -1 0
2259 2 26 1 0
2260 50 32 -1 0
2261 3 33 0 1
2262 81 11 0 1
2263 0 11 1 0
2264 11 17 -1 0
2265 6 1 1 0
2266 30 23 0 1
2267 23 27 0 1
2268 61 7 1 0
2269 26 39 1 0
2270 51 15 0 1
2271 37 6 0 -1
2272 93 23 -1 0
2273 15 14 0 1
2274 24 3 1 0
2275 63 25 0 -1
2276 68 34 0 1
2277 87 31 -1 0
2278 41 38 0 -1
2279 26 7 0 -1
2280 7 39 -1 0
2281 89 39 1 0
2282 44 22 1 0
2283 57 25 0 1
2284 44 31 -1 0
2285 2 7 0 1
2286 89 27 0 -1
2287 45 19 0 -1
2288 24 18 -1 0
2289 17 38 -1 0
2290 9 20 1 0
2291 97 0 0 1
2292 91 26 -1 0
2293 99 18 -1 0
2294 20 1 0 -1
2295 30 7 -1 0
2296 86 9 -1 0
2297 10 10 -1 0
2298 10 18 0 -1
2299 30 25 1 0
2300 73 24 0 1
2301 39 23 1 0
2302 14 18 -1 0
2303 79 19 1 0
2304 94 31 1 0
2305 98 7 0 1
2306 45 29 0 1
2307 73 34 1 0
2308 43 14 0 1
2309 25 37 0 -1
2310 50 14 -1 0
2311 67 0 0 -1
2312 40 38 0 1
2313 52 17 0 1
2314 48 13 0 1
2315 39 0 0 -1
2316 86 20 0 1
2317 43 16 0 -1
2318 42 28 -1 0
2319 8 31 0 1
2320 25 33 0 1
2321 56 13 -1 0
2322 2 17 1 0
2323 43 10 -1 0
2324 52 27 0 -1
2325 41 37 0 -1
2326 68 22 -1 0
2327 49 11 0 -1
2328 78 3 0 1
2329 2 36 1 0
2330 96 25 0 1
2331 97 14 1 0
2332 41 28 1 0
2333 2 13 0 1
2334 54 29 0 -1
2335 78 24 -1 0
2336 83 12 1 0
2337 60 0 0 -1
2338 26 23 1 0
2339 12 14 0 1
2340 0 37 0 1
2341 99 13 1 0
2342 42 16 1 0
2343 18 7 0 1
2344 43 29 -1 0
2345 96 4 0 1
2346 66 39 -1 0
2347 95 17 0 -1
2348 62 1 0 1
2349 88 37 1 0
2350 74 39 1 0
2351 25 19 0 -1
2352 9 10 1 0
2353 97 22 0 -1
2354 44 23 0 -1
2355 11 16 0 -1
2356 94 5 0 -1
2357 80 10 1 0
2358 44 7 0 1
2359 22 13 -1 0
2360 13 25 -1 0
2361 25 3 0 -1
2362 70 13 1 0
2363 29 10 0 -1
2364 28 16 0 -1
2365 2 29 0 -1
2366 14 17 1 0
2367 65 5 -1 0
2368 78 12 1 0
2369 72 20 0 -1
2370 95 27 0 -1
2371 11 31 0 1
2372 23 27 1 0
2373 76 37 -1 0
2374 13 26 0 -1
2375 78 24 0 -1
2376 40 4 1 0
2377 3 35 0 1
2378 44 15 1 0
2379 38 37 1 0
2380 97 17 -1 0
2381 79 12 0 -1
2382 28 28 1 0
2383 98 8 0 -1
2384 13 32 0 -1
2385 67 24 1 0
2386 94 13 1 0
2387 54 16 -1 0
2388 25 20 -1 0
2389 3 0 0 1
2390 3 16 -1 0
2391 38 16 1 0
2392 45 16 -1 0
2393 85 0 0 1
2394 37 34 1 0
2395 39 1 0 -1
2396 40 10 0 1
2397 6 33 0 1
2398 23 2 -1 0
2399 54 17 1 0
2400 81 1 1 0
2401 0 4 0 1
2402 47 15 1 0
2403 20 25 1 0
2404 17 31 1 0
2405 23 26 0 1
2406 86 22 0 1
2407 40 35 0 1
2408 96 22 0 -1
2409 66 9 0 1
2410 91 7 1 0
2411 37 39 -1 0
2412 3 12 0 -1
2413 97 29 0 1
2414 49 23 -1 0
2415 64 17 0 1
2416 93 17 0 -1
2417 12 35 0 1
2418 64 22 0 -1
2419 74 35 1 0
2420 28 34 0 1
2421 41 30 -1 0
2422 38 28 0 -1
2423 94 30 0 -1
2424 81 24 0 -1
2425 26 37 0 1
2426 38 1 -1 0
2427 15 21 1 0
2428 62 3 1 0
2429 98 31 0 -1
2430 38 18 -1 0
2431 15 22 0 -1
2432 7 22 0 -1
2433 20 12 1 0
2434 40 34 0 -1
2435 36 0 0 1
2436 15 3 0 1
2437 20 18 1 0
2438 14 18 -1 0
2439 24 19 0 1
2440 80 19 0 -1
2441 28 36 0 1
2442 40 12 -1 0
2443 13 23 -1 0
2444 13 37 0 -1
2445 57 23 -1 0
2446 41 11 -1 0
2447 92 25 0 1
2448 45 11 0 -1
2449 43 34 1 0
2450 50 8 -1 0
2451 20 3 1 0
2452 32 16 0 -1
2453 22 9 0 1
2454 52 14 -1 0
2455 41 26 0 -1
2456 61 1 -1 0
2457 86 13 -1 0
2458 90 33 0 -1
2459 3 37 0 -1
2460 73 7 0 1
2461 0 13 -1 0
2462 45 26 0 -1
2463 24 26 -1 0
2464 46 13 -1 0
2465 96 7 1 0
2466 43 28 1 0
2467 94 37 -1 0
2468 64 8 0 1
2469 28 23 0 1
2470 18 34 1 0
2471 10 20 1 0
2472 22 31 -1 0
2473 6 11 0 -1
2474 10 37 -1 0
2475 45 7 0 1
2476 46 34 -1 0
2477 78 26 -1 0
2478 54 4 0 -1
2479 82 18 0 -1
2480 65 37 1 0
2481 88 25 -1 0
2482 89 31 1 0
2483 92 20 0 -1
2484 56 28 0 1
2485 46 27 0 1
2486 48 21 1 0
2487 47 35 1 0
2488 3 17 0 1
2489 10 16 1 0
2490 20 36 1 0
2491 85 30 0 -1
2492 8 26 0 1
2493 27 6 -1 0
2494 0 5 0 1
2495 64 11 0 1
2496 73 18 0 1
2497 17 20 -1 0
2498 69 32 -1 0
2499 17 2 0 1
2500 39 17 -1 0
2501 16 37 -1 0
2502 40 29 -1 0
2503 95 15 1 0
2504 25 25 -1 0
2505 49 14 0 1
2506 1 25 0 1
2507 24 22 -1 0
2508 14 33 1 0
2509 44 7 0 -1
2510 79 34 -1 0
2511 38 15 1 0
2512 88 14 0 -1
2513 1 12 0 -1
2514 25 12 0 -1
2515 36 1 1 0
2516 45 33 -1 0
2517 91 16 0 1
2518 95 31 1 0
2519 5 4 0 -1
2520 39 13 0 1
2521 39 16 1 0
2522 24 36 -1 0
2523 61 27 -1 0
2524 12 25 0 1
2525 6 37 -1 0
2526 46 5 0 1
2527 88 12 1 0
2528 32 29 0 1
2529 71 38 -1 0
2530 97 4 1 0
2531 38 1 1 0
2532 96 8 -1 0
2533 22 30 0 1
2534 6 21 0 1
2535 75 39 -1 0
2536 44 34 0 -1
2537 40 1 0 1
2538 0 30 -1 0
2539 66 33 1 0
2540 84 11 0 1
2541 17 38 0 -1
2542 71 12 -1 0
2543 23 1 1 0
2544 4 28 0 -1
2545 99 33 1 0
2546 6 28 0 1
2547 26 33 0 1
2548 69 36 1 0
2549 15 14 -1 0
2550 33 15 -1 0
2551 82 17 0 1
2552 39 38 -1 0
2553 70 8 0 -1
2554 62 23 1 0
2555 15 30 -1 0
2556 52 25 -1 0
2557 15 33 0 -1
2558 4 37 0 1
2559 98 33 0 1
2560 68 27 0 -1
2561 87 38 1 0
2562 46 23 0 -1
2563 60 6 0 1
2564 18 3 0 1
2565 20 15 0 1
2566 46 29 0 1
2567 37 5 0 1
2568 21 23 -1 0
2569 39 25 -1 0
2570 19 13 -1 0
2571 50 19 1 0
2572 58 34 0 -1
2573 44 2 0 1
2574 1 0 0 1
2575 98 33 1 0
2576 21 9 0 1
2577 41 16 1 0
2578 39 3 0 1
2579 7 3 0 -1
2580 89 25 0 -1
2581 73 18 0 1
2582 45 36 -1 0
2583 74 9 -1 0
2584 42 29 1 0
2585 44 36 0 -1
2586 48 23 0 1
2587 55 0 0 -1
2588 77 36 0 1
2589 98 1 1 0
2590 22 18 1 0
2591 56 32 1 0
2592 59 39 0 -1
2593 37 12 0 1
2594 18 33 0 -1
2595 25 19 0 1
2596 98 25 1 0
2597 93 24 0 1
2598 77 29 0 1
2599 51 18 1 0
2600 97 11 1 0
2601 58 19 -1 0
2602 1 28 -1 0
2603 44 3 0 -1
2604 48 7 0 -1
2605 62 2 1 0
2606 37 4 1 0
2607 27 23 1 0
2608 26 0 0 1
2609 87 39 0 -1
2610 48 4 1 0
2611 2 32 0 1
2612 63 38 0 -1
2613 75 28 0 1
2614 52 21 0 -1
2615 11 33 0 1
2616 11 11 0 -1
2617 74 37 0 1
2618 22 30 -1 0
2619 45 16 0 -1
2620 19 12 0 1
2621 54 24 -1 0
2622 18 28 0 1
2623 63 20 -1 0
2624 36 10 -1 0
2625 21 10 0 1
2626 56 12 0 1
2627 6 8 0 -1
2628 15 11 0 1
2629 49 7 0 -1
2630 62 1 0 -1
2631 68 26 1 0
2632 5 4 0 1
2633 1 34 0 1
2634 38 36 0 1
2635 25 26 0 -1
2636 58 37 0 1
2637 37 22 -1 0
2638 29 21 1 0
2639 73 2 -1 0
2640 39 25 -1 0
2641 11 9 0 1
2642 29 22 -1 0
2643 22 10 -1 0
2644 89 0 0 1
2645 93 35 0 1
2646 43 38 -1 0
2647 24 11 0 -1
2648 24 6 0 -1
2649 70 0 0 -1
2650 13 11 0 1
2651 99 2 0 1
2652 41 38 0 -1
2653 54 6 -1 0
2654 38 11 1 0
2655 96 2 0 -1
2656 42 15 -1 0
2657 20 24 -1 0
2658 50 24 -1 0
2659 42 30 0 -1
2660 10 24 -1 0
2661 30 31 0 1
2662 64 0 0 1
2663 86 1 -1 0
2664 23 39 0 1
2665 29 8 -1 0
2666 72 2 1 0
2667 68 33 1 0
2668 80 22 -1 0
2669 24 9 0 1
2670 15 24 0 1
2671 88 0 0 1
2672 48 30 -1 0
2673 47 22 0 1
2674 12 37 0 -1
2675 29 22 -1 0
2676 38 37 -1 0
2677 77 11 -1 0
2678 94 13 -1 0
2679 96 1 0 1
2680 19 14 0 1
2681 50 7 0 -1
2682 54 3 1 0
2683 58 5 -1 0
2684 50 15 -1 0
2685 21 17 -1 0
2686 75 3 -1 0
2687 42 12 0 1
2688 8 27 -1 0
2689 23 20 0 1
2690 26 12 -1 0
2691 6 31 -1 0
2692 60 25 -1 0
2693 11 29 -1 0
2694 74 23 0 -1
2695 69 2 1 0
2696 89 38 0 1
2697 98 37 0 1
2698 49 1 0 1
2699 8 34 0 -1
2700 95 17 -1 0
2701 47 21 0 -1
2702 10 37 -1 0
2703 98 8 0 1
2704 87 17 0 -1
2705 46 3 -1 0
2706 45 13 1 0
2707 52 38 -1 0
2708 86 0 0 -1
2709 61 20 0 1
2710 91 18 -1 0
2711 42 22 1 0
2712 5 22 1 0
2713 10 29 1 0
2714 52 32 0 -1
2715 28 39 -1 0
2716 73 13 0 1
2717 36 29 1 0
2718 6 39 1 0
2719 23 7 0 1
2720 98 29 1 0
2721 58 19 0 -1
2722 23 10 0 1
2723 95 10 1 0
2724 66 33 0 -1
2725 70 8 -1 0
2726 63 5 0 -1
2727 74 1 -1 0
2728 18 24 1 0
2729 93 33 0 1
2730 93 34 0 1
2731 32 4 0 -1
2732 20 13 1 0
2733 90 4 0 -1
2734 19 28 -1 0
2735 92 27 1 0
2736 70 22 0 -1
2737 44 35 0 1
2738 14 17 0 1
2739 24 9 1 0
2740 92 24 0 -1
2741 20 35 0 1
2742 45 22 -1 0
2743 52 23 -1 0
2744 26 8 1 0
2745 99 27 0 -1
2746 65 4 0 -1
2747 1 17 1 0
2748 0 17 1 0
2749 45 25 -1 0
2750 92 16 0 -1
2751 44 34 0 1
2752 99 16 0 1
2753 39 24 -1 0
2754 60 0 1 0
2755 15 27 1 0
2756 67 27 0 -1
2757 24 20 0 1
2758 23 33 0 1
2759 15 7 -1 0
2760 81 38 0 1
2761 71 30 0 1
2762 80 26 -1 0
2763 58 16 -1 0
2764 0 16 1 0
2765 29 32 1 0
2766 5 5 0 1
2767 44 8 1 0
2768 22 9 -1 0
2769 4 34 0 1
2770 45 12 0 -1
2771 97 8 0 1
2772 37 33 1 0
2773 25 26 0 1
2774 12 22 0 -1
2775 1 23 0 1
2776 62 35 0 1
2777 6 16 1 0
2778 45 14 0 1
2779 56 21 -1 0
2780 77 31 1 0
2781 24 22 1 0
2782 93 32 1 0
2783 98 36 -1 0
2784 45 10 -1 0
2785 28 5 0 -1
2786 17 19 -1 0
2787 52 2 -1 0
2788 86 11 1 0
2789 21 12 1 0
2790 5 31 1 0
2791 42 34 -1 0
2792 25 28 -1 0
2793 20 28 1 0
2794 92 18 0 -1
2795 17 17 0 1
2796 71 32 -1 0
2797 45 19 0 1
2798 12 6 -1 0
2799 2 7 0 -1
