0 53 34 -1 0
1 88 26 1 0
2 23 20 -1 0
3 39 11 -1 0
4 89 37 1 0
5 88 2 -1 0
6 72 14 0 -1
7 38 20 0 -1
8 45 12 -1 0
9 44 26 0 -1
10 22 29 0 1
11 43 16 1 0
12 39 11 1 0
13 56 38 0 -1
14 20 7 1 0
15 35 5 0 -1
16 24 23 0 1
17 14 15 0 1
18 47 18 1 0
19 8 33 -1 0
20 2 30 0 1
21 18 13 0 -1
22 76 13 0 -1
23 40 33 1 0
24 7 10 1 0
25 95 28 0 1
26 93 4 0 1
27 23 19 -1 0
28 42 22 -1 0
29 4 38 0 -1
30 0 17 0 1
31 30 27 0 -1
32 46 28 -1 0
33 2 29 0 -1
34 18 2 0 -1
35 12 12 0 -1
36 12 5 1 0
37 39 1 1 0
38 11 12 1 0
39 13 18 1 0
40 49 15 1 0
41 56 31 0 -1
42 4 18 0 1
43 45 30 -1 0
44 40 11 0 -1
45 73 21 -1 0
46 14 17 -1 0
47 48 17 0 -1
48 97 0 0 -1
49 9 32 1 0
50 69 6 -1 0
51 13 12 0 1
52 65 36 -1 0
53 31 32 1 0
54 11 3 -1 0
55 21 16 -1 0
56 39 13 1 0
57 81 30 0 -1
58 95 21 1 0
59 44 20 1 0
60 91 22 1 0
61 45 17 0 -1
62 74 1 0 -1
63 8 35 0 -1
64 2 14 -1 0
65 88 5 0 -1
66 50 26 0 -1
67 29 35 1 0
68 38 1 0 1
69 46 23 -1 0
70 81 30 -1 0
71 92 27 1 0
72 32 13 0 1
73 52 24 -1 0
74 97 14 0 -1
75 40 36 -1 0
76 98 25 1 0
77 10 28 1 0
78 25 38 -1 0
79 55 3 0 1
80 43 3 -1 0
81 22 17 0 1
82 13 16 1 0
83 25 10 0 -1
84 89 16 0 -1
85 48 3 0 -1
86 2 32 -1 0
87 98 32 -1 0
88 16 24 0 1
89 91 34 0 -1
90 27 36 -1 0
91 1 11 0 1
92 88 23 0 1
93 11 19 1 0
94 49 37 -1 0
95 86 28 0 1
96 77 15 0 1
97 48 27 1 0
98 89 18 0 1
99 10 38 1 0
100 65 9 0 -1
101 21 6 0 -1
102 60 33 0 1
103 82 24 0 1
104 0 3 0 1
105 25 32 1 0
106 66 8 1 0
107 5 7 0 1
108 42 10 -1 0
109 47 19 0 1
110 4 22 1 0
111 47 21 -1 0
112 44 19 -1 0
113 95 25 0 1
114 82 33 0 1
115 87 20 -1 0
116 13 30 0 1
117 1 30 1 0
118 58 4 1 0
119 95 27 -1 0
120 21 2 0 1
121 26 30 0 1
122 43 27 0 -1
123 24 6 0 1
124 7 22 0 -1
125 91 29 0 1
126 85 31 0 -1
127 21 22 -1 0
128 71 25 1 0
129 94 3 0 1
130 88 36 1 0
131 21 3 0 -1
132 23 30 -1 0
133 52 5 1 0
134 93 36 1 0
135 78 31 0 1
136 96 24 1 0
137 48 38 -1 0
138 40 37 -1 0
139 85 26 0 1
140 41 27 0 1
141 10 24 1 0
142 27 0 0 1
143 80 38 -1 0
144 46 25 0 -1
145 70 25 0 1
146 75 11 0 1
147 29 36 0 1
148 85 29 1 0
149 93 35 1 0
150 21 37 0 -1
151 3 32 0 -1
152 30 30 1 0
153 71 3 0 -1
154 81 37 -1 0
155 83 4 0 1
156 23 1 1 0
157 9 21 1 0
158 17 31 -1 0
159 93 17 0 -1
160 79 11 0 1
161 85 12 1 0
162 51 16 0 -1
163 9 2 1 0
164 52 8 0 -1
165 97 29 -1 0
166 16 30 0 -1
167 38 4 -1 0
168 25 34 -1 0
169 9 35 1 0
170 82 37 0 1
171 0 35 1 0
172 43 9 1 0
173 48 2 -1 0
174 60 32 -1 0
175 11 26 0 -1
176 4 20 -1 0
177 18 36 1 0
178 0 5 0 1
179 27 29 0 -1
180 70 30 0 -1
181 83 30 -1 0
182 58 6 1 0
183 6 30 0 -1
184 41 4 0 1
185 66 39 -1 0
186 79 21 0 1
187 13 32 0 -1
188 5 18 0 1
189 27 28 -1 0
190 44 15 0 1
191 54 23 0 -1
192 27 28 -1 0
193 17 18 -1 0
194 68 12 1 0
195 14 0 0 1
196 22 19 1 0
197 50 35 0 1
198 83 18 0 -1
199 96 28 1 0
200 16 18 0 1
201 41 0 0 -1
202 53 19 0 -1
203 59 4 0 -1
204 95 17 0 -1
205 9 21 1 0
206 9 30 -1 0
207 93 25 1 0
208 21 30 0 -1
209 82 15 0 -1
210 39 28 0 -1
211 73 27 0 1
212 91 7 -1 0
213 67 5 -1 0
214 81 35 0 -1
215 60 35 0 1
216 92 31 0 1
217 86 16 -1 0
218 94 20 0 1
219 81 32 0 1
220 41 5 -1 0
221 93 16 0 -1
222 41 27 1 0
223 5 19 0 -1
224 0 34 0 1
225 96 11 1 0
226 8 11 0 1
227 61 30 -1 0
228 97 13 0 -1
229 30 3 0 1
230 90 1 -1 0
231 37 5 0 1
232 47 10 -1 0
233 7 28 0 -1
234 95 29 0 -1
235 46 32 -1 0
236 1 13 -1 0
237 8 27 0 -1
238 86 36 0 1
239 11 21 0 -1
240 96 6 -1 0
241 46 15 0 -1
242 45 30 0 -1
243 1 32 1 0
244 26 4 1 0
245 24 34 0 1
246 67 19 0 1
247 2 14 1 0
248 99 36 1 0
249 6 38 0 1
250 22 6 0 1
251 15 23 0 1
252 3 19 -1 0
253 85 34 0 -1
254 3 19 0 -1
255 42 33 0 1
256 43 16 1 0
257 25 20 1 0
258 37 31 0 1
259 1 12 0 -1
260 19 15 -1 0
261 21 32 -1 0
262 8 22 -1 0
263 49 12 0 1
264 2 1 -1 0
265 53 10 0 -1
266 36 7 1 0
267 23 7 0 -1
268 85 15 0 1
269 43 22 -1 0
270 11 21 0 1
271 54 24 0 1
272 45 30 0 -1
273 45 33 -1 0
274 39 16 1 0
275 13 36 0 1
276 27 10 -1 0
277 19 11 -1 0
278 13 13 1 0
279 87 28 -1 0
280 11 15 0 -1
281 99 33 0 1
282 30 12 0 -1
283 97 18 -1 0
284 2 15 -1 0
285 50 28 0 -1
286 68 21 0 -1
287 7 11 0 -1
288 10 13 1 0
289 51 18 1 0
290 28 7 0 1
291 3 4 0 1
292 6 28 0 -1
293 44 35 -1 0
294 48 27 0 1
295 37 4 1 0
296 81 5 -1 0
297 74 29 0 -1
298 46 17 1 0
299 17 32 0 -1
300 49 32 0 -1
301 39 36 -1 0
302 70 7 0 -1
303 66 1 -1 0
304 13 35 0 1
305 89 2 -1 0
306 90 16 -1 0
307 90 8 0 1
308 88 6 1 0
309 41 26 1 0
310 0 16 0 1
311 79 2 1 0
312 2 26 0 -1
313 46 29 -1 0
314 82 11 0 1
315 68 2 0 -1
316 6 10 -1 0
317 0 0 0 -1
318 48 0 0 1
319 0 22 0 -1
320 98 6 -1 0
321 80 23 1 0
322 6 21 0 -1
323 41 25 0 1
324 24 0 0 -1
325 78 24 0 -1
326 91 16 -1 0
327 41 28 -1 0
328 91 21 0 -1
329 51 33 0 1
330 77 37 0 -1
331 85 15 -1 0
332 18 0 -1 0
333 88 6 -1 0
334 25 28 0 1
335 60 19 1 0
336 25 11 -1 0
337 98 2 0 1
338 71 23 0 -1
339 39 36 -1 0
340 97 28 -1 0
341 46 13 0 -1
342 95 30 1 0
343 47 26 0 -1
344 89 19 0 1
345 45 1 0 -1
346 49 11 0 -1
347 91 11 0 1
348 16 38 0 1
349 21 13 1 0
350 68 8 0 1
351 51 17 0 -1
352 57 24 0 1
353 19 22 1 0
354 23 2 -1 0
355 44 23 1 0
356 16 39 0 1
357 54 29 1 0
358 23 35 0 -1
359 21 20 0 1
360 5 25 0 -1
361 28 8 1 0
362 19 3 -1 0
363 25 10 -1 0
364 53 21 0 -1
365 97 17 0 -1
366 1 17 0 1
367 96 12 -1 0
368 90 16 0 1
369 22 13 0 1
370 48 21 -1 0
371 16 23 0 1
372 38 38 1 0
373 13 26 0 1
374 20 19 0 1
375 77 17 1 0
376 9 33 0 1
377 22 18 -1 0
378 15 5 1 0
379 47 3 -1 0
380 25 5 -1 0
381 28 0 0 1
382 37 27 0 -1
383 52 12 1 0
384 25 25 0 1
385 77 37 0 -1
386 39 13 -1 0
387 37 6 0 -1
388 51 18 0 -1
389 56 6 1 0
390 93 36 0 -1
391 74 26 -1 0
392 21 4 1 0
393 25 0 -1 0
394 20 28 0 -1
395 99 6 0 1
396 15 25 1 0
397 5 5 1 0
398 44 12 1 0
399 28 17 -1 0
400 13 18 0 -1
401 48 5 0 1
402 5 36 0 1
403 90 0 1 0
404 1 25 1 0
405 88 8 1 0
406 47 28 1 0
407 16 2 0 1
408 18 37 0 1
409 53 5 -1 0
410 51 19 -1 0
411 84 5 1 0
412 39 4 0 1
413 99 24 0 1
414 22 20 1 0
415 65 28 1 0
416 95 26 1 0
417 63 28 0 1
418 23 22 -1 0
419 14 4 0 1
420 30 23 0 -1
421 31 5 1 0
422 30 15 -1 0
423 72 19 1 0
424 37 35 -1 0
425 2 30 -1 0
426 43 10 0 -1
427 56 37 0 -1
428 69 23 1 0
429 26 19 0 1
430 32 10 0 1
431 44 23 -1 0
432 51 15 -1 0
433 37 24 0 -1
434 26 22 0 1
435 38 14 -1 0
436 82 37 0 1
437 76 21 0 1
438 29 5 1 0
439 42 10 0 -1
440 45 24 -1 0
441 86 20 0 1
442 56 5 0 -1
443 63 3 -1 0
444 93 32 0 1
445 46 3 0 -1
446 68 24 0 1
447 97 4 -1 0
448 10 15 0 -1
449 36 38 -1 0
450 16 5 0 1
451 6 34 0 1
452 29 25 -1 0
453 15 24 0 -1
454 76 6 0 1
455 82 8 0 -1
456 78 39 0 -1
457 49 29 0 1
458 68 33 1 0
459 76 26 0 -1
460 88 23 0 -1
461 14 15 0 1
462 18 5 1 0
463 17 0 0 -1
464 2 31 1 0
465 40 23 0 -1
466 45 24 1 0
467 66 13 0 1
468 84 18 -1 0
469 38 39 0 -1
470 41 30 0 1
471 44 38 1 0
472 66 34 -1 0
473 65 9 0 -1
474 10 24 0 1
475 76 8 -1 0
476 60 30 0 1
477 15 25 0 1
478 13 25 0 -1
479 24 21 0 1
480 10 36 0 -1
481 28 39 1 0
482 55 13 0 -1
483 62 11 0 -1
484 40 38 0 -1
485 15 36 0 1
486 66 30 -1 0
487 46 13 -1 0
488 49 34 1 0
489 9 17 1 0
490 28 27 -1 0
491 54 8 -1 0
492 46 0 0 -1
493 2 23 1 0
494 18 11 0 -1
495 41 5 0 -1
496 6 5 1 0
497 7 18 1 0
498 10 21 -1 0
499 25 17 0 -1
500 77 17 0 -1
501 75 13 0 1
502 19 11 -1 0
503 23 30 1 0
504 94 13 0 -1
505 74 15 0 1
506 45 13 1 0
507 62 16 -1 0
508 38 39 0 1
509 14 12 0 -1
510 48 2 1 0
511 40 27 0 1
512 90 21 -1 0
513 80 1 0 1
514 17 28 1 0
515 11 30 1 0
516 20 10 1 0
517 29 4 1 0
518 90 0 -1 0
519 6 26 0 1
520 98 28 1 0
521 19 24 0 1
522 47 11 1 0
523 20 28 1 0
524 38 31 0 -1
525 58 13 0 -1
526 52 29 1 0
527 24 22 0 1
528 99 0 0 -1
529 21 39 -1 0
530 95 1 1 0
531 21 22 0 1
532 11 10 0 1
533 66 7 -1 0
534 41 35 -1 0
535 41 39 -1 0
536 8 6 -1 0
537 26 29 0 -1
538 58 27 -1 0
539 23 3 0 -1
540 40 24 0 -1
541 9 26 0 1
542 9 35 0 -1
543 95 7 -1 0
544 27 14 0 1
545 23 28 0 1
546 98 4 0 -1
547 90 25 0 -1
548 16 35 1 0
549 21 35 1 0
550 24 26 0 -1
551 59 15 0 1
552 3 31 1 0
553 86 28 0 1
554 12 19 -1 0
555 97 25 1 0
556 20 24 1 0
557 16 26 1 0
558 40 18 -1 0
559 55 16 0 -1
560 53 34 0 -1
561 24 33 1 0
562 74 26 -1 0
563 66 28 -1 0
564 24 39 0 -1
565 45 22 1 0
566 24 28 0 -1
567 29 11 0 -1
568 4 21 0 1
569 49 24 1 0
570 86 26 0 -1
571 92 28 -1 0
572 70 20 1 0
573 56 2 1 0
574 49 20 0 1
575 98 19 -1 0
576 87 39 -1 0
577 16 29 0 -1
578 77 19 1 0
579 9 28 0 1
580 21 17 1 0
581 44 6 0 1
582 28 2 -1 0
583 90 7 1 0
584 24 11 0 -1
585 43 26 1 0
586 61 15 0 -1
587 95 24 1 0
588 59 22 0 1
589 24 4 0 1
590 55 19 0 -1
591 69 4 0 1
592 15 34 0 1
593 12 19 1 0
594 75 22 1 0
595 61 9 0 1
596 60 22 0 1
597 21 17 0 -1
598 75 18 0 1
599 71 22 0 1
600 41 15 -1 0
601 21 27 0 1
602 43 29 -1 0
603 83 3 0 -1
604 0 34 -1 0
605 23 34 1 0
606 37 6 0 1
607 18 37 1 0
608 39 9 1 0
609 14 38 1 0
610 84 30 0 -1
611 51 10 0 1
612 77 23 0 1
613 29 18 -1 0
614 17 22 0 -1
615 41 7 0 1
616 51 23 1 0
617 77 7 0 1
618 56 17 0 -1
619 31 30 1 0
620 95 6 -1 0
621 71 4 0 -1
622 81 35 -1 0
623 20 17 0 -1
624 48 35 1 0
625 0 11 1 0
626 54 9 0 1
627 6 35 0 1
628 22 29 0 1
629 78 19 0 1
630 41 1 0 -1
631 73 11 1 0
632 2 6 1 0
633 98 13 -1 0
634 38 11 -1 0
635 97 7 -1 0
636 86 16 0 1
637 2 15 1 0
638 81 16 -1 0
639 92 22 -1 0
640 93 23 1 0
641 44 30 1 0
642 18 35 1 0
643 44 29 0 1
644 89 5 1 0
645 30 8 1 0
646 74 14 0 1
647 19 0 0 1
648 5 26 0 -1
649 23 28 0 1
650 41 26 1 0
651 96 38 1 0
652 53 21 1 0
653 20 9 0 1
654 20 20 1 0
655 45 10 0 -1
656 95 39 0 -1
657 10 9 1 0
658 95 15 -1 0
659 20 9 0 -1
660 81 30 1 0
661 83 7 0 1
662 39 14 0 -1
663 4 2 -1 0
664 12 8 1 0
665 94 17 -1 0
666 44 31 1 0
667 28 11 0 1
668 95 34 0 1
669 10 13 0 1
670 20 10 0 1
671 85 16 0 1
672 96 33 -1 0
673 42 5 1 0
674 17 7 0 1
675 11 12 0 -1
676 55 2 0 -1
677 48 9 0 1
678 25 22 -1 0
679 22 6 -1 0
680 64 24 0 -1
681 80 19 1 0
682 18 3 1 0
683 42 38 0 -1
684 63 20 1 0
685 48 37 0 1
686 66 16 1 0
687 75 35 1 0
688 9 6 0 1
689 45 39 0 1
690 16 10 1 0
691 60 24 0 -1
692 88 15 -1 0
693 42 35 0 -1
694 74 37 -1 0
695 68 24 -1 0
696 57 25 -1 0
697 12 5 0 1
698 91 8 0 1
699 40 33 -1 0
700 43 35 0 1
701 98 22 0 1
702 6 14 -1 0
703 9 21 -1 0
704 97 33 -1 0
705 70 34 -1 0
706 78 35 1 0
707 42 28 0 -1
708 51 27 0 1
709 17 3 -1 0
710 28 37 0 1
711 24 30 0 1
712 16 27 0 -1
713 45 39 1 0
714 70 36 0 1
715 43 32 0 -1
716 5 11 0 -1
717 21 12 -1 0
718 9 16 0 1
719 19 29 -1 0
720 43 21 0 1
721 92 37 0 -1
722 5 24 -1 0
723 59 20 0 1
724 29 36 -1 0
725 36 8 -1 0
726 72 6 0 -1
727 88 38 -1 0
728 70 36 -1 0
729 48 5 1 0
730 89 29 0 -1
731 23 39 0 1
732 17 9 -1 0
733 68 28 1 0
734 71 22 0 1
735 27 31 0 1
736 11 9 0 -1
737 18 23 -1 0
738 46 11 1 0
739 26 15 1 0
740 17 27 0 -1
741 50 9 1 0
742 22 4 -1 0
743 10 34 -1 0
744 26 8 1 0
745 82 39 1 0
746 24 35 0 -1
747 90 22 0 -1
748 48 13 0 1
749 12 16 1 0
750 10 6 0 -1
751 13 12 0 -1
752 79 38 -1 0
753 24 31 0 1
754 23 30 0 -1
755 84 25 0 -1
756 74 36 0 1
757 41 22 1 0
758 96 15 0 -1
759 1 8 0 1
760 53 33 1 0
761 25 33 0 -1
762 80 26 -1 0
763 56 30 0 -1
764 94 38 -1 0
765 15 23 0 1
766 27 35 1 0
767 23 3 1 0
768 84 11 0 -1
769 95 34 1 0
770 74 22 0 -1
771 46 18 1 0
772 95 9 1 0
773 28 2 0 1
774 81 13 0 1
775 9 5 1 0
776 46 31 0 1
777 16 2 1 0
778 0 15 0 1
779 17 11 1 0
780 18 3 1 0
781 56 10 0 -1
782 17 17 0 1
783 61 23 0 1
784 52 27 0 1
785 1 36 -1 0
786 9 6 0 -1
787 14 6 0 -1
788 79 30 -1 0
789 14 39 -1 0
790 37 37 0 -1
791 19 39 1 0
792 23 23 -1 0
793 14 18 0 1
794 57 19 -1 0
795 47 2 -1 0
796 97 17 0 1
797 15 10 -1 0
798 26 7 0 1
799 50 21 1 0
800 39 37 1 0
801 62 31 0 1
802 45 29 1 0
803 90 6 0 -1
804 78 0 0 1
805 18 0 0 1
806 85 37 -1 0
807 42 1 0 1
808 50 17 0 1
809 45 17 1 0
810 5 13 0 -1
811 48 17 0 -1
812 85 14 -1 0
813 93 26 1 0
814 41 20 0 1
815 38 17 1 0
816 52 12 0 -1
817 89 34 1 0
818 91 39 -1 0
819 41 38 0 -1
820 38 36 0 -1
821 78 38 0 1
822 80 31 0 -1
823 11 16 -1 0
824 52 25 0 -1
825 19 34 1 0
826 83 29 1 0
827 96 18 0 1
828 27 19 -1 0
829 0 37 0 -1
830 30 33 0 -1
831 66 36 0 -1
832 55 9 0 -1
833 18 16 -1 0
834 78 36 0 1
835 27 0 1 0
836 42 36 -1 0
837 54 32 0 -1
838 57 34 1 0
839 52 25 1 0
840 24 11 -1 0
841 86 8 0 -1
842 67 33 0 -1
843 51 28 0 1
844 92 0 0 1
845 87 25 -1 0
846 79 26 -1 0
847 67 38 0 1
848 60 22 0 1
849 22 32 0 -1
850 41 28 1 0
851 56 31 -1 0
852 1 0 1 0
853 20 26 0 1
854 44 9 1 0
855 94 7 1 0
856 89 2 0 1
857 83 9 0 -1
858 24 35 0 -1
859 44 33 1 0
860 58 24 -1 0
861 48 27 0 1
862 73 36 0 1
863 28 11 1 0
864 78 33 0 1
865 91 36 1 0
866 15 22 0 1
867 88 23 0 -1
868 21 18 -1 0
869 90 31 0 1
870 18 24 -1 0
871 46 14 -1 0
872 67 10 0 -1
873 1 12 0 -1
874 13 21 0 1
875 45 26 0 1
876 25 17 1 0
877 16 10 1 0
878 71 1 0 -1
879 89 0 0 1
880 81 39 0 1
881 21 8 0 -1
882 17 21 1 0
883 60 13 1 0
884 94 24 0 1
885 80 16 1 0
886 0 6 0 1
887 15 12 1 0
888 14 4 0 1
889 39 1 0 -1
890 47 35 0 -1
891 39 39 1 0
892 20 27 0 -1
893 16 7 0 -1
894 92 37 0 1
895 99 5 0 -1
896 91 37 0 -1
897 41 31 -1 0
898 48 39 0 1
899 9 33 0 -1
900 1 6 -1 0
901 48 16 1 0
902 56 2 0 -1
903 17 21 0 1
904 8 3 -1 0
905 95 21 0 1
906 28 28 0 -1
907 84 34 1 0
908 11 24 0 1
909 9 16 0 -1
910 45 39 0 -1
911 22 0 0 1
912 46 20 -1 0
913 16 24 0 -1
914 23 1 0 1
915 97 7 -1 0
916 11 24 0 1
917 13 24 0 -1
918 92 32 0 -1
919 38 30 1 0
920 56 11 0 -1
921 44 1 0 -1
922 70 16 1 0
923 6 21 0 1
924 80 26 1 0
925 57 30 0 -1
926 22 1 0 1
927 1 13 0 -1
928 49 34 -1 0
929 81 12 0 -1
930 19 30 0 -1
931 10 13 0 1
932 53 35 0 -1
933 98 33 0 -1
934 87 20 0 1
935 25 22 -1 0
936 17 28 1 0
937 8 16 0 1
938 92 33 0 -1
939 48 37 1 0
940 66 8 0 1
941 83 39 -1 0
942 41 15 0 -1
943 44 36 0 -1
944 18 38 1 0
945 26 15 1 0
946 93 29 -1 0
947 26 31 0 1
948 26 38 -1 0
949 98 15 1 0
950 62 9 0 -1
951 83 22 0 -1
952 28 22 0 -1
953 42 18 1 0
954 8 0 0 -1
955 96 7 1 0
956 79 16 1 0
957 23 25 -1 0
958 71 32 1 0
959 85 8 -1 0
960 95 31 0 -1
961 2 39 1 0
962 15 26 -1 0
963 19 25 1 0
964 18 27 0 -1
965 20 34 -1 0
966 11 9 0 -1
967 91 14 0 1
968 18 24 0 -1
969 75 3 1 0
970 9 1 0 1
971 64 16 0 -1
972 93 17 0 1
973 91 2 0 -1
974 15 11 0 -1
975 40 38 0 -1
976 4 29 0 1
977 10 22 -1 0
978 41 9 0 -1
979 27 12 0 1
980 92 20 1 0
981 97 5 0 -1
982 27 4 0 -1
983 4 29 0 1
984 13 15 0 -1
985 62 23 0 1
986 12 19 0 1
987 53 15 0 -1
988 35 9 1 0
989 74 26 0 -1
990 10 9 0 -1
991 38 25 0 1
992 38 29 1 0
993 5 38 1 0
994 36 33 -1 0
995 23 32 1 0
996 18 38 -1 0
997 98 12 1 0
998 23 32 0 -1
999 4 29 0 -1
1000 92 5 1 0
1001 19 3 1 0
1002 24 39 -1 0
1003 62 13 0 1
1004 25 14 1 0
1005 95 23 0 1
1006 64 38 0 1
1007 2 18 0 1
1008 62 3 0 -1
1009 60 29 0 -1
1010 5 8 1 0
1011 94 11 -1 0
1012 23 15 1 0
1013 2 8 1 0
1014 26 39 -1 0
1015 22 22 1 0
1016 14 28 -1 0
1017 48 15 -1 0
1018 5 35 1 0
1019 76 24 -1 0
1020 18 33 -1 0
1021 46 32 -1 0
1022 2 17 1 0
1023 56 33 1 0
1024 57 4 0 1
1025 86 2 1 0
1026 66 22 0 1
1027 16 28 0 1
1028 92 12 -1 0
1029 20 20 1 0
1030 28 3 0 1
1031 92 29 0 1
1032 45 25 0 -1
1033 26 0 0 1
1034 25 25 1 0
1035 27 26 -1 0
1036 10 9 1 0
1037 65 19 0 -1
1038 91 24 0 -1
1039 14 7 1 0
1040 50 8 -1 0
1041 18 18 -1 0
1042 10 15 -1 0
1043 86 33 0 -1
1044 87 31 -1 0
1045 5 35 1 0
1046 18 1 0 1
1047 6 21 0 -1
1048 52 39 1 0
1049 20 32 0 1
1050 20 29 0 1
1051 18 31 -1 0
1052 96 28 0 1
1053 26 34 -1 0
1054 46 18 1 0
1055 23 39 0 -1
1056 22 6 -1 0
1057 51 2 0 1
1058 26 30 0 -1
1059 29 8 0 -1
1060 1 26 0 1
1061 70 28 0 -1
1062 27 36 0 -1
1063 3 12 0 1
1064 46 8 -1 0
1065 26 35 0 -1
1066 77 29 0 1
1067 26 27 -1 0
1068 41 10 -1 0
1069 15 30 0 -1
1070 49 16 -1 0
1071 0 7 1 0
1072 16 21 1 0
1073 13 26 0 -1
1074 50 3 -1 0
1075 83 5 0 1
1076 51 2 0 1
1077 80 28 0 1
1078 17 11 0 -1
1079 65 10 0 1
1080 36 26 1 0
1081 52 6 -1 0
1082 13 3 0 -1
1083 4 19 1 0
1084 1 36 0 1
1085 48 16 0 1
1086 48 25 -1 0
1087 42 20 1 0
1088 91 0 0 1
1089 76 10 1 0
1090 12 16 -1 0
1091 68 26 1 0
1092 46 6 0 -1
1093 51 36 -1 0
1094 42 6 -1 0
1095 11 28 -1 0
1096 42 34 -1 0
1097 43 17 -1 0
1098 99 23 1 0
1099 94 29 0 -1
1100 64 29 0 -1
1101 67 8 -1 0
1102 1 0 -1 0
1103 24 25 0 -1
1104 88 18 1 0
1105 24 34 0 1
1106 20 32 -1 0
1107 23 6 0 1
1108 29 32 0 1
1109 24 21 0 1
1110 21 34 0 -1
1111 58 33 -1 0
1112 58 25 -1 0
1113 21 31 -1 0
1114 11 29 0 -1
1115 92 26 -1 0
1116 25 7 -1 0
1117 9 32 0 -1
1118 89 9 0 -1
1119 24 27 1 0
1120 88 5 1 0
1121 91 37 1 0
1122 30 32 1 0
1123 12 18 1 0
1124 44 39 0 -1
1125 98 32 0 1
1126 1 12 1 0
1127 11 2 -1 0
1128 1 11 0 1
1129 28 35 0 1
1130 48 6 0 1
1131 21 5 -1 0
1132 43 13 1 0
1133 50 0 0 -1
1134 13 16 0 1
1135 6 30 0 1
1136 41 20 1 0
1137 82 36 1 0
1138 39 35 0 1
1139 39 29 1 0
1140 65 24 0 -1
1141 30 32 -1 0
1142 47 21 -1 0
1143 99 22 0 -1
1144 16 11 -1 0
1145 83 12 1 0
1146 51 13 0 1
1147 36 25 0 -1
1148 84 18 1 0
1149 2 37 0 -1
1150 4 37 -1 0
1151 14 19 0 1
1152 22 20 0 1
1153 81 22 1 0
1154 44 6 0 1
1155 11 16 1 0
1156 25 11 0 -1
1157 7 23 1 0
1158 43 11 0 1
1159 16 29 1 0
1160 59 20 -1 0
1161 69 16 0 -1
1162 74 33 0 1
1163 99 18 0 1
1164 69 4 0 -1
1165 96 9 0 1
1166 49 32 -1 0
1167 50 15 1 0
1168 41 19 0 1
1169 13 0 -1 0
1170 2 5 -1 0
1171 1 14 1 0
1172 7 27 1 0
1173 87 34 -1 0
1174 14 11 0 1
1175 83 29 0 1
1176 42 38 0 -1
1177 2 30 -1 0
1178 22 35 0 1
1179 40 6 -1 0
1180 94 21 0 -1
1181 2 22 0 -1
1182 71 35 1 0
1183 41 35 0 1
1184 9 36 0 1
1185 25 19 -1 0
1186 16 24 0 -1
1187 78 23 0 1
1188 78 6 0 -1
1189 27 24 -1 0
1190 16 32 -1 0
1191 72 26 -1 0
1192 69 19 0 1
1193 6 25 1 0
1194 96 4 0 1
1195 3 35 -1 0
1196 72 21 1 0
1197 25 26 0 1
1198 74 8 -1 0
1199 64 2 1 0
1200 39 15 0 1
1201 16 3 -1 0
1202 74 38 1 0
1203 97 7 -1 0
1204 23 10 0 1
1205 86 10 1 0
1206 47 17 0 1
1207 45 14 0 -1
1208 17 34 -1 0
1209 49 15 0 -1
1210 5 28 -1 0
1211 99 11 1 0
1212 99 4 0 1
1213 51 10 -1 0
1214 15 3 0 1
1215 29 30 0 1
1216 86 21 1 0
1217 5 5 1 0
1218 44 19 1 0
1219 87 5 0 -1
1220 5 37 -1 0
1221 19 3 0 1
1222 68 17 0 1
1223 2 27 0 1
1224 97 38 -1 0
1225 91 0 0 1
1226 10 38 -1 0
1227 37 37 -1 0
1228 43 18 -1 0
1229 86 32 0 1
1230 20 16 -1 0
1231 76 5 1 0
1232 1 20 0 -1
1233 75 28 1 0
1234 23 27 0 1
1235 7 23 0 -1
1236 10 10 0 1
1237 1 16 0 1
1238 95 19 -1 0
1239 41 22 1 0
1240 40 30 0 -1
1241 23 16 0 1
1242 69 24 0 1
1243 17 29 -1 0
1244 21 21 -1 0
1245 40 11 -1 0
1246 9 19 -1 0
1247 3 25 0 1
1248 3 20 0 -1
1249 29 30 1 0
1250 87 12 0 1
1251 91 27 -1 0
1252 18 0 0 1
1253 97 19 0 -1
1254 6 25 -1 0
1255 24 6 -1 0
1256 6 29 1 0
1257 87 33 1 0
1258 3 10 1 0
1259 97 23 1 0
1260 42 9 0 -1
1261 7 34 0 1
1262 14 35 0 -1
1263 53 35 -1 0
1264 8 18 -1 0
1265 57 37 0 1
1266 10 29 0 1
1267 27 31 0 -1
1268 85 36 1 0
1269 23 15 0 1
1270 21 37 0 -1
1271 35 24 0 -1
1272 86 14 -1 0
1273 54 23 1 0
1274 48 15 0 1
1275 22 14 -1 0
1276 80 1 -1 0
1277 15 25 -1 0
1278 40 1 0 1
1279 61 11 0 -1
1280 41 16 0 -1
1281 77 23 0 -1
1282 16 30 1 0
1283 30 32 1 0
1284 40 11 -1 0
1285 20 8 0 -1
1286 96 34 0 -1
1287 99 15 -1 0
1288 97 17 0 1
1289 22 22 0 -1
1290 6 23 0 -1
1291 9 33 -1 0
1292 82 24 -1 0
1293 4 22 -1 0
1294 8 25 0 -1
1295 41 13 -1 0
1296 92 36 0 1
1297 56 36 1 0
1298 44 16 -1 0
1299 29 31 1 0
1300 16 37 -1 0
1301 26 28 0 -1
1302 93 2 0 1
1303 2 17 0 -1
1304 87 16 0 -1
1305 0 15 0 -1
1306 6 17 1 0
1307 24 31 1 0
1308 27 21 1 0
1309 4 17 0 1
1310 99 15 0 1
1311 25 30 1 0
1312 73 1 -1 0
1313 81 32 0 1
1314 56 9 1 0
1315 99 29 1 0
1316 80 35 -1 0
1317 15 0 -1 0
1318 56 16 -1 0
1319 18 36 0 -1
1320 13 22 -1 0
1321 65 3 -1 0
1322 40 37 1 0
1323 27 22 0 1
1324 83 32 0 -1
1325 24 36 -1 0
1326 16 16 -1 0
1327 32 10 0 1
1328 13 24 -1 0
1329 92 38 -1 0
1330 70 33 1 0
1331 97 37 0 -1
1332 21 16 0 -1
1333 22 23 1 0
1334 21 11 1 0
1335 6 35 0 1
1336 27 7 1 0
1337 92 22 -1 0
1338 43 5 0 1
1339 48 20 0 1
1340 11 3 1 0
1341 54 14 0 1
1342 63 11 0 1
1343 17 2 0 1
1344 31 27 0 -1
1345 82 1 1 0
1346 12 30 1 0
1347 10 36 1 0
1348 31 19 -1 0
1349 8 22 1 0
1350 95 20 0 -1
1351 48 25 1 0
1352 92 12 0 1
1353 2 39 0 1
1354 23 6 0 1
1355 91 31 -1 0
1356 21 39 1 0
1357 18 23 0 1
1358 19 18 0 -1
1359 82 10 1 0
1360 35 14 0 -1
1361 22 4 0 1
1362 14 3 0 1
1363 95 24 0 1
1364 50 14 -1 0
1365 93 31 0 1
1366 26 21 0 1
1367 14 33 0 1
1368 14 19 0 1
1369 23 11 1 0
1370 22 24 -1 0
1371 34 10 1 0
1372 23 20 0 -1
1373 89 3 0 -1
1374 66 29 -1 0
1375 52 15 0 1
1376 1 37 0 -1
1377 39 12 0 -1
1378 12 13 -1 0
1379 30 20 1 0
1380 47 16 1 0
1381 75 6 1 0
1382 24 35 0 1
1383 60 14 0 -1
1384 43 32 -1 0
1385 37 7 0 1
1386 55 6 1 0
1387 16 11 0 -1
1388 93 18 -1 0
1389 61 5 -1 0
1390 13 0 0 -1
1391 43 19 0 1
1392 28 2 0 1
1393 79 11 1 0
1394 86 33 0 1
1395 43 21 1 0
1396 76 8 -1 0
1397 40 2 0 -1
1398 99 2 1 0
1399 27 0 1 0
1400 47 37 -1 0
1401 12 35 0 1
1402 28 19 0 -1
1403 76 33 -1 0
1404 35 13 1 0
1405 96 34 0 1
1406 26 1 1 0
1407 37 18 -1 0
1408 38 1 -1 0
1409 58 17 0 -1
1410 3 22 -1 0
1411 77 1 -1 0
1412 53 23 1 0
1413 48 26 0 1
1414 75 4 0 -1
1415 96 13 0 1
1416 58 27 0 1
1417 89 24 1 0
1418 3 35 1 0
1419 4 20 -1 0
1420 26 10 -1 0
1421 29 25 1 0
1422 92 39 1 0
1423 93 30 0 -1
1424 31 8 1 0
1425 69 38 1 0
1426 49 0 0 1
1427 50 17 0 -1
1428 9 14 -1 0
1429 45 5 0 -1
1430 39 38 1 0
1431 27 24 0 -1
1432 17 16 1 0
1433 56 22 1 0
1434 17 10 1 0
1435 52 15 0 1
1436 78 1 0 1
1437 76 1 0 -1
1438 40 36 1 0
1439 84 29 1 0
1440 12 21 -1 0
1441 66 20 1 0
1442 80 27 0 1
1443 43 7 -1 0
1444 55 24 0 -1
1445 67 7 -1 0
1446 36 27 -1 0
1447 93 36 1 0
1448 75 23 1 0
1449 42 6 0 -1
1450 42 0 0 -1
1451 46 13 0 -1
1452 42 36 0 1
1453 40 19 -1 0
1454 67 1 1 0
1455 72 26 1 0
1456 20 7 -1 0
1457 24 32 -1 0
1458 52 22 1 0
1459 46 20 0 -1
1460 84 0 0 -1
1461 18 33 0 1
1462 51 34 -1 0
1463 39 38 0 1
1464 42 27 0 1
1465 76 26 1 0
1466 20 29 0 -1
1467 37 36 -1 0
1468 32 5 1 0
1469 47 17 1 0
1470 6 36 0 1
1471 72 32 0 1
1472 96 18 1 0
1473 50 8 0 1
1474 26 29 1 0
1475 73 5 0 -1
1476 5 12 0 1
1477 89 7 -1 0
1478 29 17 0 -1
1479 96 38 -1 0
1480 48 9 0 1
1481 9 38 -1 0
1482 86 22 -1 0
1483 19 24 1 0
1484 6 19 0 -1
1485 44 12 0 -1
1486 19 35 0 1
1487 42 29 0 1
1488 98 23 -1 0
1489 24 16 0 1
1490 93 5 -1 0
1491 50 16 0 1
1492 46 17 -1 0
1493 43 22 0 1
1494 89 3 0 -1
1495 78 26 -1 0
1496 37 12 1 0
1497 24 7 1 0
1498 80 9 0 1
1499 29 36 0 -1
1500 12 30 0 1
1501 99 20 0 1
1502 4 5 1 0
1503 4 9 -1 0
1504 36 13 -1 0
1505 81 3 1 0
1506 23 5 1 0
1507 23 11 1 0
1508 13 37 1 0
1509 47 35 -1 0
1510 4 31 0 -1
1511 20 22 0 1
1512 79 32 0 -1
1513 94 13 0 1
1514 27 39 1 0
1515 79 24 -1 0
1516 16 20 0 1
1517 51 28 1 0
1518 51 27 1 0
1519 9 25 0 -1
1520 21 22 -1 0
1521 6 36 1 0
1522 18 16 0 1
1523 42 0 1 0
1524 64 20 -1 0
1525 13 27 0 1
1526 72 33 -1 0
1527 13 3 0 -1
1528 69 7 -1 0
1529 53 1 -1 0
1530 52 5 0 1
1531 44 2 1 0
1532 54 0 0 -1
1533 17 33 1 0
1534 96 6 0 1
1535 4 25 0 1
1536 96 33 -1 0
1537 21 14 -1 0
1538 5 0 0 -1
1539 2 39 0 -1
1540 38 3 0 -1
1541 23 0 0 1
1542 42 25 1 0
1543 73 13 -1 0
1544 40 21 0 -1
1545 71 14 0 1
1546 45 4 -1 0
1547 56 21 0 1
1548 35 15 -1 0
1549 97 21 0 -1
1550 0 25 1 0
1551 47 8 -1 0
1552 99 38 0 1
1553 3 33 0 -1
1554 99 7 0 -1
1555 21 18 0 1
1556 20 24 -1 0
1557 90 3 0 1
1558 92 35 0 1
1559 42 35 -1 0
1560 61 19 -1 0
1561 86 11 0 1
1562 43 25 1 0
1563 11 31 -1 0
1564 15 2 -1 0
1565 99 13 -1 0
1566 62 13 1 0
1567 29 17 0 -1
1568 19 19 -1 0
1569 78 14 -1 0
1570 24 26 -1 0
1571 47 16 0 1
1572 69 12 -1 0
1573 30 39 1 0
1574 8 22 -1 0
1575 14 22 0 1
1576 9 37 1 0
1577 16 18 0 -1
1578 9 13 0 -1
1579 1 18 0 -1
1580 86 31 -1 0
1581 45 13 0 1
1582 82 25 1 0
1583 94 12 0 -1
1584 30 6 -1 0
1585 54 35 -1 0
1586 51 34 0 1
1587 49 19 0 1
1588 50 19 0 1
1589 15 26 1 0
1590 71 3 -1 0
1591 98 25 -1 0
1592 66 13 -1 0
1593 26 28 1 0
1594 14 5 -1 0
1595 90 24 0 1
1596 82 33 0 1
1597 12 23 0 1
1598 43 15 0 -1
1599 96 14 0 -1
1600 55 24 1 0
1601 55 24 1 0
1602 17 22 1 0
1603 9 16 -1 0
1604 45 38 -1 0
1605 9 35 1 0
1606 23 8 -1 0
1607 88 7 0 -1
1608 53 16 0 -1
1609 25 34 -1 0
1610 45 9 0 1
1611 88 27 -1 0
1612 43 9 0 -1
1613 18 39 -1 0
1614 47 12 1 0
1615 9 20 -1 0
1616 38 16 1 0
1617 37 2 -1 0
1618 24 21 -1 0
1619 4 14 -1 0
1620 47 10 0 1
1621 15 22 -1 0
1622 11 27 1 0
1623 86 27 -1 0
1624 46 35 1 0
1625 25 0 -1 0
1626 99 3 1 0
1627 37 30 0 -1
1628 77 22 1 0
1629 74 30 -1 0
1630 86 28 0 -1
1631 99 31 1 0
1632 0 11 1 0
1633 50 22 0 1
1634 71 31 1 0
1635 48 29 0 -1
1636 49 30 0 1
1637 99 32 0 1
1638 12 37 0 -1
1639 11 23 0 1
1640 56 0 0 -1
1641 8 16 -1 0
1642 37 34 -1 0
1643 45 14 0 -1
1644 65 16 0 1
1645 79 5 -1 0
1646 63 2 0 -1
1647 39 12 -1 0
1648 3 1 -1 0
1649 99 16 0 1
1650 41 9 -1 0
1651 99 31 1 0
1652 43 34 -1 0
1653 27 7 0 -1
1654 49 30 -1 0
1655 48 10 0 -1
1656 37 15 -1 0
1657 52 10 -1 0
1658 85 0 0 -1
1659 59 15 -1 0
1660 24 39 0 -1
1661 19 18 0 -1
1662 1 5 0 -1
1663 88 13 0 -1
1664 30 38 -1 0
1665 48 9 1 0
1666 6 24 1 0
1667 86 27 1 0
1668 42 35 0 1
1669 50 1 -1 0
1670 13 38 -1 0
1671 18 31 0 1
1672 48 13 0 -1
1673 52 28 1 0
1674 44 15 -1 0
1675 88 32 0 -1
1676 20 21 0 1
1677 20 30 0 1
1678 40 8 -1 0
1679 12 5 0 -1
1680 15 33 0 1
1681 38 38 1 0
1682 29 24 1 0
1683 55 18 1 0
1684 25 37 0 1
1685 26 23 -1 0
1686 41 23 -1 0
1687 73 11 -1 0
1688 69 9 -1 0
1689 10 28 1 0
1690 58 8 0 -1
1691 54 26 1 0
1692 74 1 0 1
1693 41 27 -1 0
1694 71 10 -1 0
1695 38 11 0 -1
1696 55 39 0 1
1697 18 25 -1 0
1698 36 18 -1 0
1699 85 1 0 1
1700 3 0 1 0
1701 25 21 0 1
1702 64 18 0 1
1703 95 19 0 -1
1704 52 4 0 -1
1705 42 8 0 -1
1706 81 27 1 0
1707 44 33 0 -1
1708 43 36 0 1
1709 41 31 -1 0
1710 59 9 0 -1
1711 4 14 1 0
1712 67 3 0 -1
1713 4 0 0 -1
1714 56 8 0 -1
1715 20 14 1 0
1716 19 31 1 0
1717 10 23 0 -1
1718 6 6 -1 0
1719 41 16 1 0
1720 19 15 1 0
1721 90 8 0 1
1722 69 26 -1 0
1723 81 21 0 1
1724 20 17 0 -1
1725 63 14 1 0
1726 87 13 1 0
1727 99 17 0 -1
1728 52 25 1 0
1729 11 6 0 -1
1730 49 18 -1 0
1731 29 37 0 1
1732 45 28 0 1
1733 75 12 0 1
1734 41 26 0 1
1735 89 31 1 0
1736 92 34 1 0
1737 86 4 -1 0
1738 25 15 0 -1
1739 22 8 0 -1
1740 99 36 -1 0
1741 81 26 0 -1
1742 23 2 1 0
1743 55 17 0 -1
1744 32 39 0 -1
1745 14 19 -1 0
1746 37 0 -1 0
1747 69 27 0 1
1748 6 6 0 1
1749 6 2 1 0
1750 45 3 0 -1
1751 26 28 1 0
1752 82 33 -1 0
1753 19 0 1 0
1754 45 3 0 1
1755 46 8 0 1
1756 0 39 0 1
1757 92 12 -1 0
1758 72 35 0 1
1759 21 32 0 -1
1760 10 0 -1 0
1761 61 14 1 0
1762 22 10 0 1
1763 46 36 0 1
1764 78 24 0 1
1765 92 33 1 0
1766 19 22 -1 0
1767 41 11 1 0
1768 73 24 0 -1
1769 6 2 -1 0
1770 59 8 1 0
1771 90 6 0 1
1772 76 3 0 1
1773 81 21 0 1
1774 80 37 0 -1
1775 16 1 0 1
1776 43 26 0 1
1777 5 6 1 0
1778 90 12 -1 0
1779 48 35 0 1
1780 63 3 -1 0
1781 79 22 -1 0
1782 85 4 1 0
1783 10 20 -1 0
1784 18 15 -1 0
1785 95 27 1 0
1786 78 8 1 0
1787 92 9 1 0
1788 14 38 1 0
1789 2 28 0 -1
1790 0 30 0 -1
1791 43 5 -1 0
1792 82 16 0 1
1793 7 14 0 1
1794 17 12 0 1
1795 84 7 0 -1
1796 29 2 1 0
1797 68 5 0 -1
1798 28 26 1 0
1799 44 32 0 -1
1800 6 37 1 0
1801 45 15 0 1
1802 28 7 -1 0
1803 81 11 0 -1
1804 56 19 -1 0
1805 3 23 0 -1
1806 14 14 0 1
1807 95 39 1 0
1808 84 9 -1 0
1809 14 18 0 1
1810 20 22 -1 0
1811 91 1 -1 0
1812 17 8 -1 0
1813 38 5 0 -1
1814 96 39 0 1
1815 53 6 -1 0
1816 49 8 1 0
1817 67 25 0 1
1818 63 28 1 0
1819 32 1 1 0
1820 3 20 0 -1
1821 82 37 0 -1
1822 13 39 -1 0
1823 84 8 1 0
1824 54 5 -1 0
1825 77 28 -1 0
1826 86 7 0 1
1827 63 18 1 0
1828 44 25 0 -1
1829 71 4 0 1
1830 28 19 0 1
1831 12 28 0 -1
1832 93 37 0 -1
1833 58 4 0 1
1834 98 0 -1 0
1835 64 26 0 -1
1836 31 13 0 -1
1837 59 24 1 0
1838 71 26 0 1
1839 49 14 0 -1
1840 46 15 0 -1
1841 66 12 -1 0
1842 66 20 1 0
1843 65 33 1 0
1844 80 25 0 1
1845 10 20 0 1
1846 15 12 0 1
1847 39 6 0 1
1848 41 12 0 -1
1849 40 23 -1 0
1850 5 29 0 -1
1851 40 36 0 -1
1852 37 38 0 1
1853 17 16 -1 0
1854 46 23 0 -1
1855 13 1 1 0
1856 90 36 -1 0
1857 59 30 0 1
1858 23 1 1 0
1859 8 34 1 0
1860 27 32 1 0
1861 95 14 1 0
1862 23 32 1 0
1863 94 9 1 0
1864 82 4 -1 0
1865 74 5 1 0
1866 27 29 0 1
1867 49 13 -1 0
1868 45 4 0 -1
1869 15 7 0 1
1870 24 2 -1 0
1871 37 6 -1 0
1872 21 37 1 0
1873 87 22 0 -1
1874 6 28 1 0
1875 44 9 0 1
1876 3 27 1 0
1877 38 12 0 -1
1878 0 13 0 -1
1879 12 32 -1 0
1880 76 7 0 1
1881 45 38 0 -1
1882 45 35 -1 0
1883 20 17 0 -1
1884 10 35 1 0
1885 99 5 1 0
1886 12 39 1 0
1887 65 20 1 0
1888 26 32 0 -1
1889 12 12 -1 0
1890 94 17 1 0
1891 37 39 0 1
1892 23 35 0 -1
1893 46 11 -1 0
1894 25 14 0 1
1895 67 34 0 -1
1896 3 39 -1 0
1897 2 21 0 -1
1898 97 0 0 1
1899 40 20 1 0
1900 95 6 0 -1
1901 91 7 -1 0
1902 48 3 0 -1
1903 22 7 1 0
1904 65 6 1 0
1905 72 30 -1 0
1906 15 19 1 0
1907 27 6 0 -1
1908 40 28 -1 0
1909 41 11 1 0
1910 39 19 -1 0
1911 9 5 0 -1
1912 68 11 0 -1
1913 12 25 0 -1
1914 25 26 -1 0
1915 5 36 1 0
1916 98 39 0 1
1917 15 39 0 -1
1918 38 12 -1 0
1919 89 2 0 -1
1920 11 16 0 -1
1921 27 19 0 -1
1922 24 7 1 0
1923 17 24 -1 0
1924 3 1 -1 0
1925 9 3 1 0
1926 26 1 0 1
1927 97 16 0 1
1928 65 10 0 1
1929 12 10 1 0
1930 89 24 0 1
1931 88 30 -1 0
1932 55 33 -1 0
1933 96 16 0 1
1934 19 29 -1 0
1935 15 18 0 1
1936 68 5 0 -1
1937 53 35 -1 0
1938 40 17 -1 0
1939 18 27 0 1
1940 99 27 1 0
1941 94 14 0 1
1942 44 5 -1 0
1943 10 3 0 -1
1944 15 29 -1 0
1945 18 37 0 1
1946 61 18 -1 0
1947 83 23 0 1
1948 30 4 1 0
1949 90 39 0 1
1950 66 4 -1 0
1951 51 35 -1 0
1952 54 7 -1 0
1953 21 24 -1 0
1954 77 31 0 1
1955 10 39 1 0
1956 18 26 0 -1
1957 85 19 1 0
1958 89 34 1 0
1959 55 36 1 0
1960 8 2 1 0
1961 38 9 -1 0
1962 57 3 0 -1
1963 38 18 0 -1
1964 70 19 -1 0
1965 54 25 0 -1
1966 54 13 0 1
1967 42 30 0 1
1968 48 11 0 -1
1969 78 3 0 -1
1970 23 29 0 1
1971 93 34 0 -1
1972 0 24 0 -1
1973 59 35 0 1
1974 27 1 1 0
1975 89 19 0 -1
1976 42 9 0 1
1977 80 22 -1 0
1978 42 19 0 -1
1979 19 19 0 1
1980 45 12 1 0
1981 39 27 0 1
1982 19 5 1 0
1983 41 17 0 -1
1984 95 26 0 -1
1985 41 16 0 1
1986 7 27 0 1
1987 23 16 1 0
1988 39 37 0 -1
1989 40 27 -1 0
1990 14 37 -1 0
1991 66 6 1 0
1992 9 10 0 1
1993 41 10 0 -1
1994 15 19 -1 0
1995 10 38 1 0
1996 71 21 0 1
1997 63 17 1 0
1998 88 10 -1 0
1999 98 12 1 0
2000 67 13 1 0
2001 37 27 0 -1
2002 61 9 0 1
2003 94 24 0 -1
2004 53 30 -1 0
2005 96 35 0 -1
2006 98 13 -1 0
2007 42 38 1 0
2008 70 13 -1 0
2009 19 28 1 0
2010 16 12 -1 0
2011 42 37 1 0
2012 20 27 1 0
2013 52 19 0 1
2014 61 34 -1 0
2015 14 14 1 0
2016 30 31 -1 0
2017 42 19 0 -1
2018 85 34 0 -1
2019 25 25 -1 0
2020 78 6 -1 0
2021 5 3 1 0
2022 52 10 0 -1
2023 26 27 0 1
2024 5 12 -1 0
2025 31 20 1 0
2026 52 22 1 0
2027 21 20 -1 0
2028 78 35 1 0
2029 18 32 0 1
2030 30 8 0 -1
2031 81 31 -1 0
2032 94 31 0 1
2033 39 16 -1 0
2034 40 17 0 -1
2035 68 11 0 -1
2036 73 4 -1 0
2037 58 23 -1 0
2038 83 10 1 0
2039 14 8 -1 0
2040 45 29 1 0
2041 66 23 -1 0
2042 29 16 1 0
2043 63 14 -1 0
2044 40 15 0 -1
2045 43 16 0 1
2046 4 37 0 1
2047 51 17 0 -1
2048 12 8 1 0
2049 21 29 0 1
2050 45 12 1 0
2051 5 19 1 0
2052 19 9 -1 0
2053 53 10 0 1
2054 39 19 0 -1
2055 27 38 0 1
2056 67 3 0 -1
2057 97 18 0 -1
2058 22 16 0 1
2059 21 15 1 0
2060 25 0 1 0
2061 22 22 0 -1
2062 24 24 -1 0
2063 91 18 0 -1
2064 44 38 0 1
2065 35 20 -1 0
2066 16 12 1 0
2067 42 33 -1 0
2068 62 0 1 0
2069 74 18 0 1
2070 13 28 1 0
2071 17 12 -1 0
2072 4 12 0 -1
2073 7 2 -1 0
2074 42 22 0 -1
2075 32 39 1 0
2076 48 22 0 -1
2077 78 21 0 -1
2078 76 4 0 -1
2079 94 10 1 0
2080 4 2 0 1
2081 13 38 -1 0
2082 22 20 0 1
2083 83 17 0 1
2084 91 20 1 0
2085 30 13 -1 0
2086 54 16 -1 0
2087 96 25 0 -1
2088 42 16 -1 0
2089 92 24 0 -1
2090 11 13 -1 0
2091 45 6 -1 0
2092 1 0 0 1
2093 1 25 -1 0
2094 59 13 0 1
2095 62 24 1 0
2096 73 4 0 1
2097 59 8 1 0
2098 5 22 -1 0
2099 89 39 0 1
2100 49 32 -1 0
2101 46 17 0 -1
2102 82 13 0 -1
2103 58 18 0 -1
2104 21 31 0 1
2105 24 12 0 -1
2106 44 5 1 0
2107 26 12 -1 0
2108 95 28 0 1
2109 22 2 0 1
2110 99 20 -1 0
2111 37 27 -1 0
2112 15 1 -1 0
2113 23 21 1 0
2114 21 15 0 -1
2115 22 23 -1 0
2116 14 4 1 0
2117 50 24 0 -1
2118 48 16 0 -1
2119 47 31 1 0
2120 91 20 0 -1
2121 59 31 0 1
2122 5 16 -1 0
2123 42 14 -1 0
2124 93 30 0 1
2125 89 5 0 1
2126 75 29 0 -1
2127 45 4 1 0
2128 80 15 1 0
2129 52 3 -1 0
2130 78 18 0 1
2131 85 30 0 1
2132 65 30 -1 0
2133 31 22 0 1
2134 47 28 0 -1
2135 40 2 1 0
2136 26 3 0 -1
2137 0 14 -1 0
2138 38 25 0 1
2139 44 31 1 0
2140 88 25 0 -1
2141 7 6 0 -1
2142 83 29 1 0
2143 4 21 0 1
2144 88 35 -1 0
2145 17 25 0 -1
2146 9 2 0 1
2147 74 16 0 1
2148 26 7 1 0
2149 96 10 0 1
2150 89 9 -1 0
2151 78 22 0 1
2152 25 15 1 0
2153 26 38 0 1
2154 3 1 1 0
2155 77 24 -1 0
2156 23 11 -1 0
2157 49 14 -1 0
2158 99 26 -1 0
2159 47 20 1 0
2160 49 31 -1 0
2161 16 35 0 1
2162 44 7 1 0
2163 26 19 1 0
2164 56 17 0 -1
2165 20 33 0 -1
2166 21 10 1 0
2167 21 14 -1 0
2168 11 31 -1 0
2169 15 38 -1 0
2170 14 15 -1 0
2171 24 11 0 -1
2172 19 31 0 1
2173 28 35 1 0
2174 57 27 -1 0
2175 45 7 1 0
2176 88 39 0 1
2177 46 30 -1 0
2178 88 8 1 0
2179 66 2 -1 0
2180 22 8 0 -1
2181 42 11 0 -1
2182 95 16 1 0
2183 48 5 0 1
2184 23 31 0 -1
2185 46 27 0 -1
2186 63 20 0 -1
2187 20 32 -1 0
2188 27 5 0 1
2189 26 26 1 0
2190 83 36 -1 0
2191 94 6 1 0
2192 99 32 1 0
2193 63 26 0 1
2194 36 4 0 1
2195 47 8 0 1
2196 14 27 -1 0
2197 44 32 -1 0
2198 28 0 1 0
2199 27 8 1 0
2200 57 29 0 1
2201 85 35 0 -1
2202 65 25 1 0
2203 41 21 0 -1
2204 66 12 -1 0
2205 25 34 1 0
2206 64 39 0 1
2207 11 8 1 0
2208 23 20 0 -1
2209 80 36 0 -1
2210 45 24 0 1
2211 96 36 0 1
2212 60 19 -1 0
2213 79 4 1 0
2214 17 6 0 1
2215 90 32 0 -1
2216 37 19 1 0
2217 23 21 -1 0
2218 46 12 0 1
2219 82 30 -1 0
2220 66 30 -1 0
2221 60 23 -1 0
2222 37 20 -1 0
2223 16 7 -1 0
2224 16 5 0 -1
2225 58 18 1 0
2226 70 6 1 0
2227 19 20 1 0
2228 21 33 -1 0
2229 16 6 1 0
2230 81 6 -1 0
2231 21 3 -1 0
2232 92 24 -1 0
2233 48 10 -1 0
2234 18 22 0 -1
2235 16 27 -1 0
2236 86 23 0 1
2237 11 20 0 -1
2238 49 3 1 0
2239 89 13 0 1
2240 41 25 0 1
2241 25 22 0 1
2242 1 31 -1 0
2243 83 24 0 1
2244 21 8 -1 0
2245 83 32 -1 0
2246 43 27 0 -1
2247 27 9 -1 0
2248 2 7 -1 0
2249 92 14 0 -1
2250 4 36 0 -1
2251 50 16 -1 0
2252 68 24 0 -1
2253 99 23 -1 0
2254 90 13 -1 0
2255 31 30 0 1
2256 43 23 0 1
2257 25 39 0 -1
2258 38 35 0 -1
2259 98 4 1 0
2260 10 19 -1 0
2261 98 12 -1 0
2262 9 4 1 0
2263 49 37 1 0
2264 45 15 0 1
2265 63 34 0 1
2266 74 22 0 1
2267 42 36 0 -1
2268 87 31 1 0
2269 99 25 1 0
2270 74 28 0 1
2271 93 37 -1 0
2272 18 2 1 0
2273 6 0 -1 0
2274 94 39 -1 0
2275 88 4 -1 0
2276 42 17 0 -1
2277 35 37 1 0
2278 11 26 -1 0
2279 22 19 0 1
2280 16 29 -1 0
2281 49 15 0 1
2282 64 4 -1 0
2283 80 31 -1 0
2284 31 6 1 0
2285 22 5 0 1
2286 64 11 0 1
2287 98 17 0 -1
2288 46 12 -1 0
2289 12 12 -1 0
2290 59 25 0 -1
2291 13 3 0 1
2292 83 13 -1 0
2293 3 6 0 1
2294 80 5 0 -1
2295 9 25 0 1
2296 14 39 0 -1
2297 13 7 1 0
2298 17 8 1 0
2299 71 20 -1 0
2300 51 27 -1 0
2301 50 39 -1 0
2302 96 37 0 1
2303 12 30 1 0
2304 5 8 1 0
2305 87 23 0 1
2306 44 30 -1 0
2307 26 0 1 0
2308 95 32 0 1
2309 46 22 0 1
2310 29 1 0 1
2311 16 30 1 0
2312 83 19 0 1
2313 91 2 -1 0
2314 26 9 -1 0
2315 14 6 0 -1
2316 68 9 -1 0
2317 62 39 1 0
2318 74 13 1 0
2319 74 37 -1 0
2320 40 12 0 -1
2321 19 10 0 -1
2322 92 21 0 1
2323 94 28 0 1
2324 79 22 -1 0
2325 96 29 0 1
2326 78 11 1 0
2327 24 34 -1 0
2328 5 14 0 1
2329 69 17 0 1
2330 54 0 1 0
2331 68 25 -1 0
2332 16 7 0 -1
2333 90 38 0 1
2334 17 28 0 -1
2335 28 26 0 -1
2336 23 5 -1 0
2337 80 22 1 0
2338 7 6 1 0
2339 39 15 1 0
2340 23 34 0 1
2341 23 36 1 0
2342 86 21 1 0
2343 11 12 0 -1
2344 40 29 1 0
2345 71 39 0 -1
2346 23 10 0 -1
2347 23 13 0 1
2348 17 26 0 1
2349 5 33 0 -1
2350 82 22 0 1
2351 3 13 0 1
2352 22 33 -1 0
2353 91 20 1 0
2354 20 9 -1 0
2355 89 1 1 0
2356 18 9 1 0
2357 22 24 0 1
2358 77 8 0 -1
2359 85 27 1 0
2360 41 28 -1 0
2361 78 25 0 1
2362 48 0 0 -1
2363 70 6 0 -1
2364 27 24 1 0
2365 44 32 1 0
2366 49 21 1 0
2367 73 19 0 1
2368 36 20 0 -1
2369 26 11 1 0
2370 87 30 -1 0
2371 87 13 1 0
2372 65 17 0 1
2373 87 32 -1 0
2374 13 14 0 -1
2375 6 20 0 1
2376 53 11 0 -1
2377 6 0 -1 0
2378 43 31 0 1
2379 26 25 -1 0
2380 45 3 0 1
2381 22 2 -1 0
2382 22 15 -1 0
2383 34 11 1 0
2384 8 25 1 0
2385 27 34 0 -1
2386 11 34 0 -1
2387 48 8 0 -1
2388 1 11 0 1
2389 63 37 0 1
2390 82 32 -1 0
2391 24 30 1 0
2392 20 30 1 0
2393 73 25 1 0
2394 1 6 0 -1
2395 90 15 0 -1
2396 47 38 0 1
2397 98 6 -1 0
2398 20 12 -1 0
2399 40 22 0 -1
2400 38 11 0 -1
2401 31 32 1 0
2402 28 30 0 1
2403 69 27 0 -1
2404 17 21 1 0
2405 4 19 0 -1
2406 58 24 1 0
2407 43 39 -1 0
2408 89 32 -1 0
2409 11 25 0 1
2410 92 5 0 -1
2411 86 33 -1 0
2412 29 13 0 -1
2413 7 11 1 0
2414 76 35 -1 0
2415 61 27 0 1
2416 70 1 -1 0
2417 27 3 0 -1
2418 18 24 0 -1
2419 20 35 -1 0
2420 28 18 -1 0
2421 15 19 -1 0
2422 61 26 -1 0
2423 16 12 1 0
2424 16 4 0 -1
2425 4 36 -1 0
2426 23 3 1 0
2427 11 19 1 0
2428 0 2 0 -1
2429 22 25 1 0
2430 40 26 1 0
2431 21 4 -1 0
2432 51 28 0 1
2433 28 35 0 1
2434 5 37 0 -1
2435 54 4 -1 0
2436 25 10 0 1
2437 45 23 -1 0
2438 20 16 0 -1
2439 22 38 -1 0
2440 78 12 -1 0
2441 42 12 0 -1
2442 74 23 0 1
2443 8 6 0 1
2444 81 36 0 -1
2445 69 5 -1 0
2446 78 36 1 0
2447 97 27 1 0
2448 15 14 0 -1
2449 5 36 0 -1
2450 28 38 -1 0
2451 9 8 -1 0
2452 48 37 -1 0
2453 13 20 0 1
2454 43 32 -1 0
2455 19 36 0 1
2456 16 39 1 0
2457 42 13 0 1
2458 37 5 0 1
2459 4 34 0 1
2460 30 16 -1 0
2461 95 0 -1 0
2462 25 20 0 -1
2463 98 19 0 -1
2464 91 21 0 -1
2465 89 8 0 -1
2466 22 27 -1 0
2467 53 8 1 0
2468 35 16 -1 0
2469 7 19 0 1
2470 26 27 1 0
2471 31 30 1 0
2472 8 5 0 -1
2473 81 22 0 1
2474 25 36 1 0
2475 83 36 0 -1
2476 55 6 -1 0
2477 49 7 -1 0
2478 39 16 -1 0
2479 37 13 -1 0
2480 96 32 1 0
2481 54 14 -1 0
2482 58 20 0 -1
2483 17 8 0 1
2484 20 19 0 -1
2485 92 34 -1 0
2486 81 16 1 0
2487 97 33 1 0
2488 94 25 0 1
2489 54 6 0 -1
2490 71 14 -1 0
2491 75 32 1 0
2492 54 6 -1 0
2493 42 27 1 0
2494 91 12 0 1
2495 36 19 1 0
2496 26 5 0 1
2497 24 33 0 -1
2498 80 9 0 -1
2499 81 37 0 1
2500 22 2 -1 0
2501 56 19 0 1
2502 79 37 0 1
2503 15 3 -1 0
2504 6 13 0 1
2505 95 36 0 1
2506 17 9 -1 0
2507 27 16 1 0
2508 89 6 -1 0
2509 30 19 -1 0
2510 37 25 -1 0
2511 15 17 0 1
2512 28 29 0 -1
2513 97 36 1 0
2514 29 13 -1 0
2515 15 39 1 0
2516 55 6 0 -1
2517 57 3 0 -1
2518 42 9 1 0
2519 13 30 -1 0
2520 14 30 0 -1
2521 79 16 -1 0
2522 27 38 0 1
2523 92 16 -1 0
2524 22 37 0 -1
2525 10 11 0 1
2526 50 13 0 -1
2527 19 6 -1 0
2528 12 3 0 1
2529 13 23 0 -1
2530 18 29 0 -1
2531 91 16 -1 0
2532 13 34 1 0
2533 83 38 0 1
2534 94 8 1 0
2535 11 39 1 0
2536 72 15 0 -1
2537 5 31 1 0
2538 13 24 1 0
2539 61 34 0 -1
2540 13 32 0 1
2541 20 8 -1 0
2542 95 0 0 -1
2543 3 8 0 1
2544 93 39 1 0
2545 24 8 0 -1
2546 10 22 0 -1
2547 49 17 -1 0
2548 5 22 1 0
2549 8 11 -1 0
2550 74 1 0 -1
2551 42 12 0 1
2552 6 11 0 1
2553 47 34 1 0
2554 49 25 -1 0
2555 84 24 0 1
2556 9 32 1 0
2557 42 11 -1 0
2558 39 32 1 0
2559 13 38 0 1
2560 3 19 0 1
2561 15 16 1 0
2562 38 10 0 1
2563 55 20 0 1
2564 76 29 0 1
2565 63 35 1 0
2566 54 10 0 -1
2567 87 31 0 1
2568 96 34 -1 0
2569 40 8 -1 0
2570 23 37 0 -1
2571 27 20 1 0
2572 13 30 0 -1
2573 85 12 -1 0
2574 5 28 1 0
2575 27 22 1 0
2576 25 9 0 1
2577 7 21 0 -1
2578 84 8 -1 0
2579 28 1 -1 0
2580 26 36 0 1
2581 90 14 0 1
2582 17 27 0 1
2583 53 16 0 -1
2584 4 18 0 1
2585 38 36 0 -1
2586 6 37 0 -1
2587 40 34 0 1
2588 42 21 -1 0
2589 42 20 0 1
2590 17 25 1 0
2591 18 16 1 0
2592 53 4 -1 0
2593 9 3 1 0
2594 8 14 1 0
2595 89 4 1 0
2596 6 35 0 -1
2597 9 9 -1 0
2598 21 26 0 1
2599 46 16 1 0
2600 52 8 1 0
2601 58 5 -1 0
2602 55 2 1 0
2603 10 11 -1 0
2604 22 26 0 1
2605 56 23 1 0
2606 44 4 0 -1
2607 66 19 0 1
2608 10 14 0 -1
2609 86 27 -1 0
2610 53 15 0 -1
2611 76 19 0 1
2612 80 19 1 0
2613 60 6 0 -1
2614 95 13 0 1
2615 76 10 0 -1
2616 78 37 0 1
2617 85 37 0 1
2618 27 38 1 0
2619 88 6 0 -1
2620 9 14 0 1
2621 16 10 0 1
2622 52 18 0 -1
2623 4 33 0 1
2624 79 35 0 -1
2625 64 7 -1 0
2626 98 21 0 -1
2627 14 32 0 -1
2628 60 23 0 -1
2629 20 12 -1 0
2630 46 34 0 -1
2631 16 23 -1 0
2632 22 19 0 1
2633 67 36 -1 0
2634 83 26 0 -1
2635 42 34 0 -1
2636 25 9 1 0
2637 87 35 0 -1
2638 16 32 0 -1
2639 10 4 -1 0
2640 95 5 0 1
2641 47 9 1 0
2642 90 31 1 0
2643 1 6 -1 0
2644 56 11 0 1
2645 23 6 0 1
2646 9 22 0 1
2647 27 1 0 -1
2648 0 23 -1 0
2649 80 26 0 1
2650 23 34 1 0
2651 67 8 0 1
2652 95 7 1 0
2653 9 30 1 0
2654 3 21 0 1
2655 94 19 1 0
2656 97 4 -1 0
2657 27 25 1 0
2658 6 10 -1 0
2659 16 25 1 0
2660 39 15 -1 0
2661 86 22 0 -1
2662 71 1 0 -1
2663 37 8 1 0
2664 6 19 0 1
2665 84 8 0 1
2666 39 4 0 1
2667 96 39 1 0
2668 26 12 -1 0
2669 42 3 1 0
2670 44 14 0 -1
2671 23 14 0 -1
2672 62 39 0 1
2673 30 35 -1 0
2674 20 4 0 1
2675 38 34 -1 0
2676 23 15 -1 0
2677 7 1 -1 0
2678 71 4 0 1
2679 93 31 -1 0
2680 11 39 1 0
2681 83 18 0 1
2682 21 11 0 -1
2683 14 38 -1 0
2684 68 3 0 1
2685 70 29 0 -1
2686 15 36 0 -1
2687 81 32 0 1
2688 62 7 1 0
2689 35 11 1 0
2690 83 24 1 0
2691 2 1 0 -1
2692 59 24 -1 0
2693 52 26 1 0
2694 97 35 0 1
2695 29 37 1 0
2696 18 30 -1 0
2697 45 23 -1 0
2698 2 16 -1 0
2699 37 15 0 -1
2700 15 26 1 0
2701 94 30 0 -1
2702 41 19 -1 0
2703 57 8 0 1
2704 40 19 0 -1
2705 38 34 0 -1
2706 14 37 -1 0
2707 84 28 1 0
2708 1 38 -1 0
2709 57 36 -1 0
2710 7 1 -1 0
2711 12 24 -1 0
2712 21 19 0 1
2713 73 25 -1 0
2714 51 1 1 0
2715 62 39 -1 0
2716 31 11 1 0
2717 91 28 1 0
2718 27 1 -1 0
2719 88 22 1 0
2720 25 3 0 1
2721 84 34 0 -1
2722 41 29 1 0
2723 63 13 0 1
2724 94 9 0 -1
2725 27 8 -1 0
2726 49 16 0 -1
2727 40 21 1 0
2728 68 7 -1 0
2729 87 30 -1 0
2730 46 18 -1 0
2731 38 21 0 -1
2732 42 28 1 0
2733 5 21 0 -1
2734 13 19 1 0
2735 43 21 -1 0
2736 13 7 1 0
2737 40 10 1 0
2738 83 21 -1 0
2739 2 12 0 -1
2740 44 24 0 1
2741 98 11 -1 0
2742 3 34 1 0
2743 77 39 0 1
2744 19 18 -1 0
2745 96 36 0 -1
2746 82 2 0 -1
2747 56 23 1 0
2748 11 6 -1 0
2749 50 11 0 -1
2750 46 12 0 1
2751 26 6 0 -1
2752 19 14 0 1
2753 42 16 0 -1
2754 21 9 -1 0
2755 63 11 1 0
2756 26 32 1 0
2757 44 13 -1 0
2758 79 37 0 1
2759 40 2 -1 0
2760 23 14 1 0
2761 87 8 -1 0
2762 55 35 0 -1
2763 3 9 0 1
2764 0 29 0 -1
2765 97 9 -1 0
2766 91 23 0 1
2767 82 22 1 0
2768 11 10 0 -1
2769 70 36 0 -1
2770 94 29 0 1
2771 21 14 -1 0
2772 42 11 0 1
2773 24 29 0 1
2774 43 13 1 0
2775 57 3 0 -1
2776 47 23 -1 0
2777 68 19 -1 0
2778 29 37 -1 0
2779 73 34 0 1
2780 12 23 -1 0
2781 9 34 0 1
2782 41 38 -1 0
2783 50 20 0 -1
2784 17 36 0 -1
2785 64 8 0 1
2786 9 11 0 1
2787 52 30 -1 0
2788 97 32 0 1
2789 42 27 0 1
2790 55 19 1 0
2791 96 4 0 -1
2792 15 39 0 -1
2793 15 34 1 0
2794 18 28 0 1
2795 24 1 0 -1
2796 41 13 0 -1
2797 90 23 -1 0
2798 2 17 -1 0
2799 66 30 -1 0
