0 42 4 0 1
1 19 38 0 1
2 28 12 0 -1
3 38 37 -1 0
4 46 12 0 1
5 23 12 0 -1
6 15 10 0 -1
7 95 13 1 0
8 81 5 0 -1
9 97 37 -1 0
10 28 2 0 1
11 54 4 0 -1
12 54 29 0 -1
13 56 1 0 1
14 23 25 0 1
15 37 11 -1 0
16 9 39 -1 0
17 98 4 -1 0
18 4 39 -1 0
19 19 33 1 0
20 20 12 0 -1
21 46 15 0 1
22 58 31 1 0
23 38 13 -1 0
24 21 25 -1 0
25 3 25 0 1
26 4 33 -1 0
27 22 4 -1 0
28 24 6 0 -1
29 88 6 0 1
30 40 30 -1 0
31 25 16 1 0
32 50 10 0 1
33 24 17 -1 0
34 21 0 1 0
35 16 12 0 1
36 89 29 0 -1
37 59 29 0 -1
38 82 3 0 -1
39 71 28 1 0
40 60 32 1 0
41 40 6 -1 0
42 96 21 -1 0
43 37 0 -1 0
44 37 30 -1 0
45 6 20 1 0
46 10 5 1 0
47 92 4 0 -1
48 7 11 0 1
49 27 36 0 -1
50 54 25 0 -1
51 20 4 0 -1
52 71 2 0 -1
53 29 35 1 0
54 1 2 0 1
55 9 7 0 1
56 49 9 0 -1
57 28 0 0 1
58 24 11 1 0
59 19 9 0 -1
60 39 26 -1 0
61 55 15 1 0
62 87 20 -1 0
63 81 24 0 -1
64 49 35 -1 0
65 16 26 0 1
66 15 23 0 -1
67 99 36 0 1
68 54 5 0 -1
69 3 36 -1 0
70 73 37 0 1
71 70 3 1 0
72 32 27 0 1
73 7 28 0 1
74 56 2 -1 0
75 61 8 -1 0
76 52 11 0 -1
77 0 1 -1 0
78 94 21 0 1
79 47 1 -1 0
80 76 30 -1 0
81 9 33 -1 0
82 41 32 0 1
83 18 12 0 1
84 71 13 -1 0
85 96 16 0 -1
86 54 27 0 -1
87 6 36 0 -1
88 8 21 1 0
89 76 7 0 1
90 29 32 0 1
91 67 17 0 1
92 86 8 0 -1
93 99 30 -1 0
94 94 12 0 1
95 49 12 0 1
96 83 5 1 0
97 39 20 0 -1
98 40 25 -1 0
99 6 23 0 -1
100 6 39 0 -1
101 12 32 0 1
102 12 31 0 1
103 55 6 -1 0
104 70 3 0 -1
105 92 14 0 -1
106 52 34 0 -1
107 14 25 0 1
108 48 27 0 1
109 85 27 0 -1
110 26 13 -1 0
111 93 13 0 1
112 84 21 0 -1
113 11 32 -1 0
114 5 28 0 -1
115 94 22 0 1
116 93 9 0 1
117 41 11 -1 0
118 8 8 -1 0
119 24 25 0 1
120 28 19 -1 0
121 13 26 1 0
122 94 10 -1 0
123 27 5 0 1
124 5 9 0 -1
125 93 31 0 1
126 24 8 -1 0
127 26 39 -1 0
128 49 2 -1 0
129 87 20 -1 0
130 69 20 0 -1
131 86 17 1 0
132 9 19 -1 0
133 44 22 0 1
134 41 17 0 -1
135 40 33 1 0
136 12 30 0 1
137 49 36 1 0
138 40 14 -1 0
139 80 0 0 1
140 36 34 0 -1
141 17 39 -1 0
142 25 5 0 -1
143 20 21 0 -1
144 42 37 0 -1
145 37 35 1 0
146 43 11 0 1
147 50 20 0 -1
148 60 9 0 1
149 48 17 0 1
150 20 1 0 -1
151 46 14 1 0
152 18 33 -1 0
153 71 38 0 -1
154 15 27 -1 0
155 12 21 0 1
156 9 39 1 0
157 84 29 0 -1
158 1 18 -1 0
159 41 9 1 0
160 87 29 0 -1
161 2 16 -1 0
162 86 10 0 -1
163 27 36 0 1
164 24 26 0 1
165 5 32 1 0
166 14 25 -1 0
167 40 1 -1 0
168 23 8 -1 0
169 71 39 0 1
170 2 28 -1 0
171 22 27 -1 0
172 1 6 0 1
173 1 34 0 1
174 20 28 -1 0
175 25 18 0 1
176 93 12 0 1
177 23 2 -1 0
178 0 17 0 -1
179 26 16 -1 0
180 48 6 -1 0
181 0 28 1 0
182 83 36 -1 0
183 10 23 0 -1
184 40 19 1 0
185 49 1 0 -1
186 49 13 0 1
187 27 13 0 -1
188 19 34 -1 0
189 22 19 1 0
190 39 29 0 -1
191 48 15 0 1
192 20 3 1 0
193 24 24 0 -1
194 20 33 -1 0
195 26 7 -1 0
196 11 28 0 -1
197 78 26 0 1
198 13 0 0 -1
199 96 18 0 -1
200 39 16 0 1
201 65 25 1 0
202 65 37 0 1
203 65 15 0 1
204 71 15 1 0
205 55 23 0 -1
206 57 1 -1 0
207 26 5 -1 0
208 21 23 1 0
209 66 20 1 0
210 62 5 1 0
211 6 17 1 0
212 24 11 -1 0
213 43 12 0 1
214 53 14 0 -1
215 8 10 0 1
216 75 31 1 0
217 90 37 -1 0
218 23 25 0 -1
219 64 23 0 -1
220 41 19 -1 0
221 91 8 1 0
222 81 5 -1 0
223 46 21 0 1
224 58 28 1 0
225 16 31 -1 0
226 0 1 0 -1
227 42 6 -1 0
228 2 17 0 -1
229 12 7 1 0
230 93 23 -1 0
231 96 11 0 1
232 90 31 1 0
233 25 24 0 1
234 38 11 1 0
235 62 10 -1 0
236 72 14 0 -1
237 23 27 0 1
238 42 35 0 1
239 75 23 1 0
240 20 32 1 0
241 56 6 0 1
242 94 2 1 0
243 88 3 -1 0
244 23 37 1 0
245 30 20 -1 0
246 43 20 0 -1
247 12 1 0 1
248 12 5 0 -1
249 8 4 0 1
250 15 23 1 0
251 17 14 -1 0
252 83 23 0 1
253 40 4 1 0
254 50 1 0 1
255 74 1 -1 0
256 39 25 1 0
257 23 22 1 0
258 38 27 0 -1
259 46 33 0 1
260 20 6 0 1
261 92 2 0 1
262 61 2 1 0
263 38 18 0 -1
264 12 15 0 1
265 50 36 1 0
266 92 11 1 0
267 29 27 0 1
268 94 2 0 -1
269 70 22 -1 0
270 62 22 0 -1
271 11 31 1 0
272 52 37 0 -1
273 66 25 0 -1
274 86 5 1 0
275 24 12 1 0
276 21 36 0 -1
277 23 4 0 1
278 40 5 -1 0
279 93 9 0 1
280 61 31 0 -1
281 38 39 1 0
282 3 6 0 1
283 8 7 0 1
284 21 2 0 1
285 40 14 1 0
286 83 25 1 0
287 1 6 0 -1
288 36 31 1 0
289 5 32 -1 0
290 88 5 0 -1
291 75 38 -1 0
292 16 32 1 0
293 83 20 1 0
294 44 21 0 -1
295 43 36 0 1
296 27 19 -1 0
297 6 9 -1 0
298 50 33 1 0
299 22 9 0 1
300 20 0 0 -1
301 42 39 0 1
302 82 21 0 1
303 75 2 0 -1
304 92 2 -1 0
305 90 24 -1 0
306 99 25 1 0
307 10 27 0 1
308 45 30 -1 0
309 45 31 0 -1
310 67 5 0 -1
311 17 21 1 0
312 25 8 1 0
313 90 38 0 -1
314 90 19 0 -1
315 36 28 0 1
316 21 4 -1 0
317 31 31 1 0
318 66 8 -1 0
319 83 1 0 1
320 82 4 0 1
321 91 24 0 1
322 28 10 0 1
323 42 29 0 1
324 6 34 1 0
325 0 30 -1 0
326 0 16 0 1
327 41 37 1 0
328 40 22 1 0
329 6 8 0 -1
330 43 13 0 1
331 10 13 1 0
332 2 12 0 1
333 26 25 -1 0
334 6 19 0 1
335 37 7 1 0
336 8 17 0 -1
337 18 8 -1 0
338 8 15 1 0
339 95 2 0 1
340 1 4 -1 0
341 39 30 1 0
342 72 15 1 0
343 51 35 0 1
344 12 24 0 1
345 58 12 -1 0
346 24 25 1 0
347 45 16 0 1
348 84 33 1 0
349 27 0 -1 0
350 73 4 0 1
351 51 9 -1 0
352 76 26 0 -1
353 23 9 1 0
354 98 31 1 0
355 75 26 1 0
356 90 16 -1 0
357 61 15 1 0
358 92 32 0 -1
359 17 31 1 0
360 61 13 -1 0
361 13 6 0 -1
362 9 15 -1 0
363 10 22 -1 0
364 80 35 -1 0
365 94 35 -1 0
366 10 30 0 -1
367 50 6 1 0
368 76 13 1 0
369 17 18 0 -1
370 36 24 1 0
371 26 3 1 0
372 73 10 0 1
373 82 20 1 0
374 6 30 -1 0
375 79 39 1 0
376 46 23 -1 0
377 9 3 1 0
378 14 39 0 -1
379 48 29 -1 0
380 18 0 1 0
381 30 6 1 0
382 39 32 0 -1
383 47 31 1 0
384 2 34 0 -1
385 91 20 -1 0
386 60 26 0 1
387 83 5 0 -1
388 47 37 1 0
389 38 23 1 0
390 61 17 -1 0
391 80 34 0 1
392 27 36 0 1
393 17 35 -1 0
394 31 0 0 -1
395 17 18 1 0
396 94 35 0 1
397 23 29 1 0
398 39 13 0 -1
399 28 30 -1 0
400 99 1 0 1
401 24 1 1 0
402 40 9 0 -1
403 38 31 -1 0
404 90 38 -1 0
405 91 7 -1 0
406 38 30 1 0
407 60 29 1 0
408 56 28 0 -1
409 39 33 1 0
410 49 23 0 -1
411 24 4 -1 0
412 57 7 0 -1
413 41 23 -1 0
414 81 30 0 -1
415 81 18 0 1
416 2 32 1 0
417 43 12 0 1
418 17 29 0 1
419 90 27 0 1
420 29 35 1 0
421 32 23 1 0
422 21 6 -1 0
423 48 37 -1 0
424 70 31 -1 0
425 29 1 0 1
426 71 31 0 -1
427 45 24 0 1
428 62 29 1 0
429 14 18 0 1
430 31 16 -1 0
431 6 16 0 -1
432 41 3 1 0
433 35 2 -1 0
434 17 12 0 -1
435 88 31 1 0
436 78 27 1 0
437 62 32 -1 0
438 1 22 1 0
439 45 15 0 1
440 36 10 -1 0
441 97 7 0 1
442 39 22 0 1
443 63 3 0 -1
444 22 27 1 0
445 76 16 0 -1
446 13 11 0 1
447 93 28 0 -1
448 22 38 -1 0
449 84 1 -1 0
450 31 18 0 1
451 15 11 0 1
452 26 4 0 -1
453 3 3 0 1
454 79 23 0 1
455 53 1 0 1
456 99 23 0 1
457 98 38 0 1
458 44 17 0 1
459 53 4 -1 0
460 93 15 1 0
461 83 39 1 0
462 1 12 0 -1
463 25 12 0 1
464 19 23 -1 0
465 83 15 1 0
466 52 15 0 1
467 84 27 -1 0
468 88 16 0 -1
469 71 31 1 0
470 38 2 0 -1
471 52 17 -1 0
472 11 11 -1 0
473 58 21 0 -1
474 89 23 0 1
475 24 39 1 0
476 40 10 1 0
477 81 8 0 -1
478 27 6 1 0
479 4 24 1 0
480 25 27 -1 0
481 90 4 -1 0
482 50 33 1 0
483 51 32 0 -1
484 85 31 1 0
485 23 34 1 0
486 79 8 1 0
487 50 18 0 1
488 74 7 0 1
489 23 34 0 -1
490 23 12 -1 0
491 53 21 -1 0
492 38 28 0 1
493 17 22 1 0
494 1 10 0 -1
495 80 21 1 0
496 65 28 1 0
497 17 27 0 1
498 50 3 -1 0
499 93 1 0 1
500 42 16 0 1
501 19 3 1 0
502 22 24 0 -1
503 92 16 1 0
504 22 7 -1 0
505 43 22 -1 0
506 46 24 0 -1
507 54 32 -1 0
508 47 32 0 1
509 69 26 0 1
510 68 18 0 1
511 65 6 0 1
512 2 39 0 -1
513 81 2 0 1
514 95 2 1 0
515 49 22 0 -1
516 7 8 1 0
517 12 27 1 0
518 99 21 0 1
519 90 28 0 1
520 98 37 0 -1
521 19 31 -1 0
522 41 15 1 0
523 29 32 0 1
524 65 37 -1 0
525 48 10 1 0
526 0 9 0 -1
527 20 0 0 1
528 9 24 1 0
529 22 12 1 0
530 69 13 -1 0
531 95 17 1 0
532 6 5 0 -1
533 47 25 0 1
534 41 24 0 1
535 35 24 0 -1
536 46 31 1 0
537 20 22 0 1
538 70 27 0 1
539 24 8 0 -1
540 40 7 0 1
541 16 33 0 1
542 20 16 0 -1
543 73 6 0 1
544 99 3 1 0
545 30 0 0 1
546 98 7 0 1
547 21 33 -1 0
548 68 19 -1 0
549 22 25 0 -1
550 12 11 0 1
551 87 38 0 1
552 9 35 -1 0
553 51 14 0 1
554 19 11 0 -1
555 43 28 1 0
556 20 26 -1 0
557 29 34 0 1
558 59 24 0 -1
559 92 27 0 -1
560 31 34 1 0
561 18 4 -1 0
562 80 9 1 0
563 23 6 1 0
564 23 32 0 -1
565 35 11 0 1
566 11 13 -1 0
567 89 33 1 0
568 65 29 -1 0
569 73 27 0 1
570 49 14 1 0
571 79 35 -1 0
572 72 7 -1 0
573 16 33 0 1
574 36 14 -1 0
575 87 0 0 -1
576 18 21 0 -1
577 67 13 0 1
578 52 2 1 0
579 27 30 1 0
580 1 2 0 1
581 5 27 0 -1
582 23 18 1 0
583 2 24 0 -1
584 83 5 0 -1
585 96 36 1 0
586 71 21 1 0
587 88 31 0 1
588 47 17 -1 0
589 14 11 -1 0
590 66 32 0 1
591 7 5 0 1
592 24 36 1 0
593 64 37 0 -1
594 55 11 0 1
595 66 1 -1 0
596 89 17 -1 0
597 97 29 1 0
598 43 1 0 -1
599 48 17 0 1
600 82 34 0 1
601 31 2 -1 0
602 5 16 1 0
603 67 27 0 1
604 3 22 1 0
605 26 23 0 -1
606 40 34 0 -1
607 4 36 1 0
608 70 22 0 -1
609 16 32 -1 0
610 85 0 0 -1
611 76 22 0 1
612 49 15 -1 0
613 86 2 0 1
614 83 2 0 -1
615 83 23 0 1
616 58 10 0 -1
617 37 34 0 1
618 68 6 -1 0
619 23 33 1 0
620 14 24 0 -1
621 15 32 0 1
622 64 12 1 0
623 23 9 0 1
624 68 13 1 0
625 90 36 -1 0
626 1 32 0 -1
627 27 20 1 0
628 29 22 0 1
629 5 18 1 0
630 14 3 0 -1
631 18 8 1 0
632 15 26 1 0
633 99 39 0 1
634 53 3 0 -1
635 20 35 1 0
636 84 2 0 -1
637 72 17 0 1
638 58 21 1 0
639 51 26 0 1
640 96 37 0 1
641 56 5 0 1
642 99 3 -1 0
643 97 10 -1 0
644 38 34 1 0
645 18 29 1 0
646 91 24 -1 0
647 87 4 1 0
648 1 3 -1 0
649 25 36 0 1
650 82 0 0 -1
651 37 19 0 1
652 24 9 0 -1
653 6 26 -1 0
654 24 13 0 1
655 5 5 0 1
656 12 11 1 0
657 41 12 1 0
658 78 18 0 -1
659 11 0 0 1
660 89 16 0 -1
661 2 18 1 0
662 50 8 -1 0
663 84 33 1 0
664 98 6 0 -1
665 43 24 0 -1
666 90 15 1 0
667 97 0 0 -1
668 24 18 0 -1
669 8 0 0 1
670 21 36 1 0
671 46 39 -1 0
672 91 39 1 0
673 48 27 0 -1
674 19 4 0 -1
675 85 7 1 0
676 45 36 -1 0
677 40 10 0 -1
678 25 29 0 -1
679 22 39 1 0
680 17 24 0 -1
681 72 23 1 0
682 11 12 0 -1
683 55 38 0 -1
684 66 23 -1 0
685 38 30 0 1
686 11 13 1 0
687 83 2 1 0
688 97 32 1 0
689 40 28 1 0
690 16 30 0 1
691 12 35 0 -1
692 29 5 1 0
693 17 0 1 0
694 53 3 0 1
695 91 21 0 -1
696 77 12 1 0
697 51 4 -1 0
698 82 11 -1 0
699 50 14 1 0
700 45 39 0 1
701 57 15 1 0
702 95 0 -1 0
703 0 7 0 1
704 85 25 0 1
705 44 2 1 0
706 99 8 1 0
707 46 20 1 0
708 51 21 0 -1
709 12 5 0 -1
710 24 36 0 -1
711 96 0 1 0
712 82 29 0 -1
713 1 24 0 1
714 72 24 0 -1
715 76 20 -1 0
716 25 26 1 0
717 88 17 0 1
718 26 27 0 -1
719 14 15 0 -1
720 40 18 0 -1
721 45 11 0 1
722 97 7 -1 0
723 92 36 1 0
724 18 21 0 1
725 39 3 0 1
726 98 32 1 0
727 94 18 1 0
728 12 12 1 0
729 67 3 -1 0
730 27 2 0 -1
731 78 17 0 -1
732 2 34 -1 0
733 45 31 -1 0
734 4 13 1 0
735 3 15 1 0
736 14 4 0 -1
737 29 0 0 1
738 43 3 1 0
739 26 22 0 -1
740 26 18 0 -1
741 48 14 -1 0
742 4 38 0 1
743 50 25 0 -1
744 24 32 0 -1
745 60 34 0 -1
746 1 9 0 1
747 54 7 0 -1
748 44 37 0 -1
749 5 7 1 0
750 22 23 1 0
751 69 28 1 0
752 55 6 0 1
753 99 4 1 0
754 14 8 1 0
755 72 11 1 0
756 98 1 1 0
757 21 39 0 -1
758 24 16 0 -1
759 71 21 1 0
760 44 7 -1 0
761 30 36 0 1
762 54 26 -1 0
763 42 4 -1 0
764 59 30 0 -1
765 92 31 0 -1
766 20 27 1 0
767 9 5 0 1
768 45 29 0 1
769 10 13 0 -1
770 16 38 1 0
771 66 10 1 0
772 25 20 1 0
773 95 28 0 1
774 18 2 0 1
775 7 32 1 0
776 41 33 1 0
777 20 37 1 0
778 20 14 0 1
779 18 29 -1 0
780 22 10 -1 0
781 69 21 -1 0
782 28 26 -1 0
783 96 5 0 1
784 8 3 -1 0
785 15 29 0 -1
786 90 35 -1 0
787 29 10 0 -1
788 25 13 0 -1
789 48 6 0 1
790 4 0 0 1
791 17 32 -1 0
792 24 0 0 -1
793 67 15 1 0
794 41 13 0 1
795 19 18 -1 0
796 83 38 1 0
797 17 26 1 0
798 14 1 0 -1
799 54 18 0 1
800 55 34 0 -1
801 23 30 -1 0
802 88 8 -1 0
803 42 35 0 -1
804 82 27 -1 0
805 28 19 0 1
806 58 2 -1 0
807 50 13 0 1
808 45 39 0 -1
809 42 33 0 -1
810 94 19 1 0
811 52 14 0 1
812 74 18 1 0
813 9 37 1 0
814 45 37 -1 0
815 41 17 -1 0
816 24 26 1 0
817 99 6 -1 0
818 52 8 -1 0
819 51 10 -1 0
820 44 0 1 0
821 80 26 0 -1
822 18 21 1 0
823 70 39 -1 0
824 76 19 0 -1
825 26 4 -1 0
826 18 36 0 1
827 39 34 0 1
828 5 4 -1 0
829 15 17 0 1
830 94 25 -1 0
831 41 21 -1 0
832 60 39 0 -1
833 22 13 -1 0
834 98 26 1 0
835 18 34 1 0
836 78 38 -1 0
837 52 36 0 1
838 54 35 0 1
839 36 23 0 -1
840 13 39 0 -1
841 84 29 -1 0
842 69 24 1 0
843 42 26 1 0
844 46 4 -1 0
845 55 21 1 0
846 54 39 -1 0
847 11 5 0 1
848 57 21 1 0
849 22 39 0 1
850 45 26 1 0
851 75 38 0 -1
852 96 14 0 -1
853 21 21 0 1
854 53 25 -1 0
855 27 8 0 -1
856 77 22 -1 0
857 76 39 0 -1
858 26 28 1 0
859 39 5 0 1
860 42 21 -1 0
861 54 15 -1 0
862 95 36 0 1
863 90 15 1 0
864 10 37 0 1
865 13 33 0 1
866 9 31 1 0
867 8 23 0 1
868 42 3 0 1
869 23 33 0 1
870 48 23 -1 0
871 80 18 1 0
872 45 30 -1 0
873 89 10 0 -1
874 17 3 0 1
875 79 26 1 0
876 21 27 1 0
877 6 33 0 1
878 48 37 0 -1
879 12 12 0 -1
880 15 34 1 0
881 21 21 1 0
882 26 8 1 0
883 3 8 -1 0
884 62 19 -1 0
885 13 4 1 0
886 8 39 0 -1
887 31 32 0 1
888 17 4 0 1
889 48 14 1 0
890 0 28 1 0
891 44 33 0 -1
892 29 37 -1 0
893 28 26 0 -1
894 24 17 0 1
895 91 23 -1 0
896 94 9 -1 0
897 70 3 0 1
898 42 37 0 1
899 98 1 -1 0
900 20 37 0 1
901 22 24 -1 0
902 65 22 -1 0
903 8 28 1 0
904 92 38 0 -1
905 53 0 -1 0
906 98 24 1 0
907 3 10 0 -1
908 18 6 0 1
909 9 38 0 -1
910 39 32 -1 0
911 19 17 -1 0
912 44 38 0 1
913 31 22 0 1
914 21 39 -1 0
915 27 37 1 0
916 50 16 0 1
917 57 22 0 1
918 17 11 0 1
919 62 29 -1 0
920 60 34 0 -1
921 17 25 1 0
922 3 6 1 0
923 80 20 0 1
924 40 27 1 0
925 24 0 1 0
926 12 34 0 1
927 98 29 0 1
928 53 33 1 0
929 64 9 1 0
930 3 1 -1 0
931 2 15 0 -1
932 88 21 0 -1
933 74 15 0 1
934 74 38 0 -1
935 3 24 0 1
936 92 11 0 -1
937 84 3 1 0
938 17 32 0 -1
939 92 39 -1 0
940 7 2 0 1
941 8 38 1 0
942 55 27 -1 0
943 42 25 -1 0
944 64 19 0 -1
945 83 19 1 0
946 10 5 -1 0
947 55 23 0 1
948 28 0 1 0
949 19 33 -1 0
950 17 1 0 -1
951 19 19 0 1
952 23 2 0 -1
953 75 10 0 1
954 54 6 1 0
955 38 21 0 1
956 98 29 1 0
957 23 26 1 0
958 74 0 -1 0
959 44 34 0 -1
960 20 14 0 -1
961 56 31 0 1
962 5 5 0 -1
963 17 31 1 0
964 95 25 1 0
965 7 24 -1 0
966 12 18 0 1
967 12 21 1 0
968 17 14 -1 0
969 9 4 0 1
970 0 31 0 -1
971 43 25 -1 0
972 55 28 0 1
973 56 9 0 1
974 85 39 0 1
975 41 29 0 1
976 75 20 0 1
977 28 13 1 0
978 41 12 0 -1
979 0 0 0 1
980 41 39 0 -1
981 29 3 -1 0
982 31 3 -1 0
983 71 33 1 0
984 22 9 -1 0
985 29 33 1 0
986 4 29 -1 0
987 28 18 -1 0
988 73 24 0 1
989 75 27 -1 0
990 88 13 -1 0
991 58 15 -1 0
992 47 22 -1 0
993 72 7 0 -1
994 39 20 -1 0
995 28 34 0 1
996 14 24 0 -1
997 68 6 0 1
998 27 12 1 0
999 61 35 0 -1
1000 92 21 0 -1
1001 24 14 0 1
1002 75 29 1 0
1003 99 25 0 1
1004 17 37 0 1
1005 82 27 -1 0
1006 92 7 0 1
1007 12 30 -1 0
1008 61 19 -1 0
1009 53 23 -1 0
1010 49 30 -1 0
1011 87 13 0 1
1012 27 0 1 0
1013 97 32 0 1
1014 4 13 0 -1
1015 17 34 1 0
1016 97 6 -1 0
1017 38 6 0 1
1018 59 30 0 -1
1019 90 5 1 0
1020 4 28 1 0
1021 74 31 0 -1
1022 13 11 0 1
1023 38 24 1 0
1024 52 33 -1 0
1025 99 36 -1 0
1026 24 3 -1 0
1027 7 24 -1 0
1028 6 5 0 -1
1029 65 5 1 0
1030 23 11 -1 0
1031 92 14 -1 0
1032 94 6 0 1
1033 23 14 0 1
1034 11 35 0 -1
1035 29 34 -1 0
1036 50 3 -1 0
1037 43 9 -1 0
1038 18 7 0 -1
1039 3 9 0 1
1040 8 27 0 1
1041 32 36 -1 0
1042 86 30 0 1
1043 2 35 0 -1
1044 4 21 1 0
1045 29 34 1 0
1046 49 17 0 1
1047 95 29 -1 0
1048 50 11 0 -1
1049 26 28 0 -1
1050 23 36 0 1
1051 99 20 0 -1
1052 10 30 1 0
1053 6 25 -1 0
1054 71 30 0 1
1055 15 35 0 -1
1056 80 3 -1 0
1057 89 29 0 1
1058 28 31 0 -1
1059 27 23 0 1
1060 14 18 -1 0
1061 54 28 0 -1
1062 26 1 1 0
1063 16 4 1 0
1064 38 38 -1 0
1065 21 20 1 0
1066 40 13 1 0
1067 10 30 0 -1
1068 38 19 1 0
1069 16 34 -1 0
1070 10 2 0 -1
1071 90 36 -1 0
1072 99 14 1 0
1073 21 21 1 0
1074 18 36 0 -1
1075 45 23 0 -1
1076 47 38 1 0
1077 4 26 0 -1
1078 26 36 0 -1
1079 94 38 -1 0
1080 47 23 -1 0
1081 74 18 0 -1
1082 45 36 0 1
1083 83 37 1 0
1084 18 5 0 -1
1085 83 11 0 1
1086 82 8 0 1
1087 57 9 0 -1
1088 75 33 1 0
1089 75 0 -1 0
1090 23 11 -1 0
1091 70 4 0 1
1092 90 33 0 -1
1093 46 13 0 -1
1094 5 30 0 1
1095 10 18 0 -1
1096 87 4 1 0
1097 25 25 0 1
1098 20 0 -1 0
1099 53 14 0 -1
1100 84 13 0 -1
1101 59 2 0 1
1102 52 26 -1 0
1103 87 36 0 1
1104 84 9 1 0
1105 72 4 0 1
1106 4 19 0 -1
1107 30 30 1 0
1108 20 10 1 0
1109 18 24 0 1
1110 28 10 1 0
1111 1 16 0 -1
1112 1 31 -1 0
1113 15 32 -1 0
1114 23 29 1 0
1115 54 15 -1 0
1116 1 11 1 0
1117 29 18 0 -1
1118 87 18 -1 0
1119 2 28 0 1
1120 75 15 1 0
1121 70 16 0 1
1122 19 29 0 -1
1123 23 4 1 0
1124 41 18 0 -1
1125 8 13 -1 0
1126 25 36 -1 0
1127 92 0 -1 0
1128 20 8 0 -1
1129 9 15 0 1
1130 94 16 1 0
1131 94 17 0 -1
1132 41 36 0 -1
1133 64 20 -1 0
1134 98 38 0 -1
1135 39 26 -1 0
1136 50 17 0 1
1137 97 39 -1 0
1138 87 29 0 -1
1139 83 25 -1 0
1140 68 20 0 1
1141 26 2 0 -1
1142 45 22 0 -1
1143 25 3 1 0
1144 99 5 0 -1
1145 90 32 0 -1
1146 50 5 0 1
1147 92 3 0 -1
1148 54 4 0 -1
1149 15 10 1 0
1150 71 39 -1 0
1151 59 6 -1 0
1152 27 18 -1 0
1153 42 34 -1 0
1154 52 33 -1 0
1155 85 16 -1 0
1156 5 4 0 -1
1157 69 13 -1 0
1158 63 5 0 1
1159 82 25 1 0
1160 87 28 0 1
1161 87 16 1 0
1162 50 33 1 0
1163 99 31 -1 0
1164 72 0 0 -1
1165 97 10 1 0
1166 39 21 0 -1
1167 88 18 0 -1
1168 44 3 0 -1
1169 9 20 1 0
1170 23 4 0 1
1171 74 32 1 0
1172 11 14 1 0
1173 10 19 -1 0
1174 41 14 0 1
1175 77 18 1 0
1176 97 4 0 -1
1177 26 37 1 0
1178 17 37 0 1
1179 26 21 0 -1
1180 42 3 0 1
1181 39 27 0 1
1182 61 12 1 0
1183 94 19 -1 0
1184 30 14 -1 0
1185 4 1 -1 0
1186 0 16 0 -1
1187 65 12 0 1
1188 45 11 0 1
1189 15 25 1 0
1190 5 29 -1 0
1191 53 30 -1 0
1192 67 7 0 -1
1193 68 35 -1 0
1194 67 14 -1 0
1195 16 33 1 0
1196 7 3 0 -1
1197 47 20 0 1
1198 42 11 0 1
1199 45 1 -1 0
1200 37 1 0 1
1201 23 0 0 1
1202 81 24 -1 0
1203 30 19 -1 0
1204 22 31 -1 0
1205 43 16 1 0
1206 80 0 1 0
1207 75 3 1 0
1208 15 26 0 -1
1209 40 17 0 -1
1210 84 39 1 0
1211 42 16 -1 0
1212 99 7 1 0
1213 0 9 1 0
1214 6 1 1 0
1215 23 8 0 1
1216 89 10 0 1
1217 27 3 1 0
1218 82 19 1 0
1219 5 9 -1 0
1220 26 30 -1 0
1221 82 26 -1 0
1222 81 28 -1 0
1223 84 11 1 0
1224 18 39 1 0
1225 25 5 0 -1
1226 87 22 0 -1
1227 84 22 0 -1
1228 59 13 -1 0
1229 52 33 0 -1
1230 27 35 0 -1
1231 9 23 0 -1
1232 71 36 1 0
1233 92 2 -1 0
1234 32 6 0 -1
1235 10 8 0 -1
1236 2 18 1 0
1237 4 28 -1 0
1238 55 9 -1 0
1239 65 21 1 0
1240 88 10 -1 0
1241 24 2 0 1
1242 5 19 0 -1
1243 19 0 0 1
1244 4 34 0 -1
1245 72 11 0 -1
1246 22 20 1 0
1247 93 28 0 1
1248 14 35 1 0
1249 15 18 0 -1
1250 1 33 -1 0
1251 7 3 -1 0
1252 77 37 1 0
1253 0 2 0 1
1254 54 29 0 1
1255 29 8 1 0
1256 38 29 1 0
1257 65 33 1 0
1258 89 14 0 -1
1259 58 7 0 1
1260 42 14 0 -1
1261 24 39 -1 0
1262 0 27 -1 0
1263 50 9 -1 0
1264 46 24 0 1
1265 93 30 0 -1
1266 16 39 0 1
1267 72 36 0 -1
1268 94 29 -1 0
1269 89 3 -1 0
1270 30 14 -1 0
1271 39 37 -1 0
1272 10 24 0 -1
1273 46 8 1 0
1274 47 4 -1 0
1275 23 28 1 0
1276 8 15 0 -1
1277 12 5 0 1
1278 36 10 0 1
1279 77 25 1 0
1280 61 34 0 -1
1281 38 0 -1 0
1282 98 8 0 -1
1283 29 35 -1 0
1284 44 25 -1 0
1285 19 8 0 1
1286 73 38 -1 0
1287 11 14 -1 0
1288 92 0 1 0
1289 85 34 0 -1
1290 77 14 0 1
1291 87 16 1 0
1292 1 7 0 1
1293 24 4 0 -1
1294 78 25 1 0
1295 81 8 -1 0
1296 52 32 -1 0
1297 60 21 0 1
1298 66 11 0 -1
1299 96 21 0 1
1300 16 16 -1 0
1301 19 14 0 1
1302 3 16 1 0
1303 38 16 0 1
1304 49 18 0 1
1305 9 21 0 -1
1306 22 23 0 -1
1307 8 34 0 -1
1308 27 16 1 0
1309 82 39 0 -1
1310 18 4 0 1
1311 22 15 0 1
1312 43 35 0 1
1313 71 20 0 -1
1314 55 27 0 1
1315 96 22 1 0
1316 39 4 1 0
1317 18 20 0 1
1318 24 6 0 -1
1319 16 2 -1 0
1320 14 16 -1 0
1321 82 24 -1 0
1322 41 27 0 -1
1323 87 26 1 0
1324 47 20 0 -1
1325 81 30 0 1
1326 15 21 -1 0
1327 28 34 0 1
1328 98 36 1 0
1329 68 34 1 0
1330 53 2 1 0
1331 10 11 -1 0
1332 15 21 1 0
1333 26 35 -1 0
1334 27 24 1 0
1335 23 30 1 0
1336 5 25 0 -1
1337 75 5 0 1
1338 42 31 1 0
1339 9 31 -1 0
1340 19 34 -1 0
1341 85 33 0 1
1342 74 5 0 -1
1343 50 18 0 -1
1344 31 9 1 0
1345 79 10 0 1
1346 75 13 1 0
1347 65 21 1 0
1348 26 35 0 1
1349 1 36 0 1
1350 58 22 0 -1
1351 83 14 0 1
1352 74 11 1 0
1353 45 13 0 -1
1354 41 28 -1 0
1355 25 26 1 0
1356 25 4 -1 0
1357 8 15 1 0
1358 12 33 0 -1
1359 10 19 0 -1
1360 35 33 0 -1
1361 9 0 1 0
1362 1 24 0 -1
1363 82 0 1 0
1364 43 0 0 -1
1365 23 34 -1 0
1366 73 20 -1 0
1367 30 37 -1 0
1368 12 29 -1 0
1369 17 11 1 0
1370 84 30 -1 0
1371 53 5 0 1
1372 85 28 1 0
1373 24 39 0 1
1374 47 4 0 -1
1375 0 16 1 0
1376 27 3 1 0
1377 40 37 1 0
1378 26 14 0 -1
1379 85 37 0 -1
1380 95 11 1 0
1381 17 17 0 -1
1382 6 22 0 1
1383 79 27 -1 0
1384 3 0 0 -1
1385 46 14 0 1
1386 77 20 1 0
1387 97 13 1 0
1388 3 26 -1 0
1389 76 36 1 0
1390 89 10 1 0
1391 69 34 0 1
1392 98 11 -1 0
1393 57 17 0 -1
1394 13 29 -1 0
1395 47 21 1 0
1396 19 9 1 0
1397 55 1 0 -1
1398 12 36 -1 0
1399 28 8 -1 0
1400 19 1 0 -1
1401 7 11 1 0
1402 19 9 1 0
1403 14 39 1 0
1404 35 26 0 1
1405 80 35 0 1
1406 24 27 0 -1
1407 89 18 -1 0
1408 11 33 0 1
1409 49 9 0 1
1410 13 32 1 0
1411 68 11 0 -1
1412 10 20 1 0
1413 38 7 0 1
1414 86 26 0 -1
1415 99 38 1 0
1416 41 32 0 1
1417 13 38 0 -1
1418 91 38 -1 0
1419 6 17 1 0
1420 9 24 0 1
1421 22 29 0 1
1422 77 28 1 0
1423 89 23 -1 0
1424 31 33 0 1
1425 93 9 0 1
1426 85 35 -1 0
1427 21 22 0 1
1428 28 1 1 0
1429 81 4 0 -1
1430 40 36 -1 0
1431 22 39 -1 0
1432 89 28 1 0
1433 6 3 0 1
1434 22 22 1 0
1435 79 38 -1 0
1436 38 34 0 -1
1437 47 1 -1 0
1438 0 24 -1 0
1439 50 21 1 0
1440 98 13 0 1
1441 90 0 0 1
1442 21 8 1 0
1443 37 11 0 -1
1444 54 3 1 0
1445 37 6 1 0
1446 85 27 0 -1
1447 81 39 0 1
1448 80 11 0 -1
1449 90 29 -1 0
1450 30 29 1 0
1451 94 23 1 0
1452 4 3 0 -1
1453 55 23 0 -1
1454 54 8 0 1
1455 86 31 1 0
1456 19 8 0 1
1457 86 15 -1 0
1458 43 26 0 -1
1459 47 0 0 1
1460 57 16 1 0
1461 22 35 1 0
1462 39 1 -1 0
1463 44 1 -1 0
1464 38 38 0 -1
1465 74 23 0 -1
1466 84 8 -1 0
1467 74 35 0 -1
1468 29 1 0 -1
1469 46 37 0 1
1470 18 20 0 1
1471 52 12 0 1
1472 63 29 0 1
1473 73 16 1 0
1474 16 2 1 0
1475 81 14 1 0
1476 9 29 1 0
1477 61 22 1 0
1478 25 15 1 0
1479 50 11 0 -1
1480 61 16 1 0
1481 8 26 1 0
1482 39 1 -1 0
1483 9 0 0 1
1484 21 24 1 0
1485 69 0 0 1
1486 18 12 0 -1
1487 79 18 0 -1
1488 81 25 1 0
1489 3 7 0 1
1490 52 19 0 1
1491 63 7 0 1
1492 78 27 0 1
1493 4 39 -1 0
1494 18 14 0 -1
1495 36 0 0 1
1496 53 34 0 1
1497 19 0 0 1
1498 86 11 -1 0
1499 96 2 0 1
1500 14 10 1 0
1501 13 15 1 0
1502 77 38 0 1
1503 5 2 0 -1
1504 96 31 1 0
1505 46 11 0 1
1506 1 1 -1 0
1507 14 0 0 -1
1508 91 1 -1 0
1509 65 37 1 0
1510 96 22 -1 0
1511 27 9 0 -1
1512 18 3 0 1
1513 91 2 0 1
1514 22 4 1 0
1515 50 17 -1 0
1516 6 8 1 0
1517 2 4 -1 0
1518 2 34 0 -1
1519 95 25 1 0
1520 26 30 -1 0
1521 17 36 -1 0
1522 8 28 -1 0
1523 84 6 -1 0
1524 45 22 0 -1
1525 14 16 0 1
1526 43 29 0 -1
1527 16 5 -1 0
1528 27 37 0 -1
1529 72 39 0 -1
1530 36 0 1 0
1531 40 38 0 -1
1532 46 17 1 0
1533 96 30 -1 0
1534 41 19 0 1
1535 3 4 0 1
1536 94 16 0 -1
1537 28 18 0 1
1538 88 7 1 0
1539 10 32 1 0
1540 84 0 0 1
1541 27 15 0 -1
1542 45 17 0 1
1543 13 10 0 -1
1544 45 1 0 -1
1545 52 21 0 1
1546 62 4 -1 0
1547 97 19 -1 0
1548 35 28 -1 0
1549 71 19 1 0
1550 86 28 1 0
1551 89 36 0 1
1552 83 13 0 1
1553 8 6 0 1
1554 4 39 0 -1
1555 54 28 1 0
1556 16 1 1 0
1557 16 26 0 1
1558 7 6 -1 0
1559 13 16 0 1
1560 87 19 -1 0
1561 77 29 -1 0
1562 1 8 0 1
1563 24 38 -1 0
1564 99 20 1 0
1565 67 29 -1 0
1566 74 23 0 1
1567 98 37 0 -1
1568 0 38 0 1
1569 62 23 0 1
1570 11 32 1 0
1571 48 33 -1 0
1572 37 6 1 0
1573 0 21 0 -1
1574 8 0 0 1
1575 18 24 0 -1
1576 80 25 0 -1
1577 7 19 1 0
1578 93 36 0 1
1579 23 21 -1 0
1580 52 32 0 1
1581 46 26 1 0
1582 25 15 -1 0
1583 73 12 0 -1
1584 24 33 0 -1
1585 57 23 0 -1
1586 41 0 0 1
1587 4 31 0 -1
1588 91 18 -1 0
1589 25 4 0 -1
1590 17 2 -1 0
1591 96 19 -1 0
1592 69 5 -1 0
1593 23 26 1 0
1594 92 28 0 1
1595 23 1 0 -1
1596 97 3 -1 0
1597 10 5 1 0
1598 41 21 1 0
1599 43 31 0 1
1600 56 17 0 1
1601 82 13 0 -1
1602 25 6 0 -1
1603 69 0 0 -1
1604 0 8 -1 0
1605 23 22 1 0
1606 91 34 1 0
1607 92 1 -1 0
1608 88 17 1 0
1609 14 15 1 0
1610 52 4 1 0
1611 79 2 1 0
1612 82 19 0 -1
1613 21 4 0 -1
1614 43 26 0 -1
1615 76 15 0 1
1616 41 15 0 -1
1617 45 5 0 1
1618 1 26 1 0
1619 43 23 0 -1
1620 41 16 0 -1
1621 26 36 0 1
1622 47 36 0 -1
1623 87 12 1 0
1624 83 33 0 1
1625 28 7 1 0
1626 75 22 1 0
1627 57 29 0 1
1628 73 18 -1 0
1629 9 14 1 0
1630 60 14 -1 0
1631 86 30 0 1
1632 18 12 -1 0
1633 26 11 1 0
1634 57 37 1 0
1635 40 34 0 -1
1636 47 7 -1 0
1637 9 21 -1 0
1638 4 15 0 1
1639 1 33 0 1
1640 46 2 0 -1
1641 19 37 1 0
1642 60 14 1 0
1643 36 0 -1 0
1644 57 11 0 -1
1645 2 33 0 1
1646 22 10 0 1
1647 45 34 1 0
1648 86 26 0 1
1649 57 25 1 0
1650 74 0 1 0
1651 88 22 0 1
1652 44 0 0 -1
1653 30 8 -1 0
1654 56 0 0 1
1655 39 37 0 -1
1656 44 8 0 -1
1657 57 25 0 -1
1658 55 6 -1 0
1659 75 21 0 -1
1660 77 7 0 -1
1661 41 8 1 0
1662 57 35 -1 0
1663 15 4 0 1
1664 24 37 -1 0
1665 66 39 1 0
1666 88 2 0 1
1667 9 32 -1 0
1668 76 16 1 0
1669 19 0 1 0
1670 72 32 0 1
1671 62 39 0 -1
1672 67 16 0 1
1673 40 22 0 1
1674 84 31 0 -1
1675 91 2 1 0
1676 40 0 1 0
1677 96 6 1 0
1678 49 38 0 1
1679 90 6 0 1
1680 76 15 -1 0
1681 70 6 -1 0
1682 74 32 0 -1
1683 39 21 0 -1
1684 3 15 0 1
1685 21 31 0 1
1686 44 33 1 0
1687 49 13 0 -1
1688 70 24 -1 0
1689 26 31 1 0
1690 1 1 0 1
1691 42 27 0 -1
1692 83 2 -1 0
1693 8 12 0 1
1694 87 21 1 0
1695 40 32 0 1
1696 90 10 0 -1
1697 21 1 1 0
1698 38 17 0 -1
1699 87 17 0 -1
1700 89 32 0 -1
1701 96 6 0 1
1702 83 16 -1 0
1703 92 0 0 -1
1704 83 23 -1 0
1705 39 17 0 1
1706 69 19 1 0
1707 66 27 0 1
1708 49 9 0 1
1709 43 17 1 0
1710 43 39 0 1
1711 22 16 1 0
1712 95 26 -1 0
1713 19 1 0 -1
1714 98 33 1 0
1715 89 14 0 1
1716 23 10 -1 0
1717 21 31 0 1
1718 22 36 -1 0
1719 84 21 -1 0
1720 23 1 0 -1
1721 36 10 1 0
1722 80 21 0 1
1723 9 29 1 0
1724 43 3 -1 0
1725 88 37 0 1
1726 39 5 -1 0
1727 3 5 0 1
1728 91 23 -1 0
1729 17 28 0 1
1730 1 9 0 1
1731 22 2 -1 0
1732 2 1 0 1
1733 18 14 0 1
1734 89 24 -1 0
1735 90 1 1 0
1736 45 16 -1 0
1737 78 2 -1 0
1738 40 27 1 0
1739 14 14 0 1
1740 92 20 1 0
1741 91 13 0 -1
1742 52 39 0 1
1743 83 15 -1 0
1744 29 26 -1 0
1745 74 24 1 0
1746 42 36 0 1
1747 42 21 0 -1
1748 4 15 -1 0
1749 53 8 0 -1
1750 40 32 -1 0
1751 90 26 1 0
1752 71 0 -1 0
1753 28 12 1 0
1754 53 4 0 1
1755 95 19 -1 0
1756 14 29 0 -1
1757 11 16 0 1
1758 88 34 1 0
1759 16 16 0 1
1760 4 35 -1 0
1761 52 4 1 0
1762 11 28 -1 0
1763 47 11 -1 0
1764 56 29 0 -1
1765 89 31 1 0
1766 25 18 -1 0
1767 79 0 0 -1
1768 70 0 1 0
1769 26 3 -1 0
1770 92 7 1 0
1771 21 3 0 1
1772 95 18 0 1
1773 58 28 1 0
1774 78 20 0 1
1775 82 37 0 1
1776 75 14 -1 0
1777 13 14 1 0
1778 9 6 1 0
1779 78 31 1 0
1780 72 24 0 1
1781 24 3 1 0
1782 90 5 0 1
1783 39 17 1 0
1784 99 22 1 0
1785 15 0 1 0
1786 24 24 0 1
1787 39 16 -1 0
1788 82 23 0 -1
1789 98 22 0 -1
1790 91 15 1 0
1791 39 15 -1 0
1792 88 10 -1 0
1793 10 3 0 -1
1794 67 39 0 1
1795 47 3 1 0
1796 22 26 1 0
1797 53 9 -1 0
1798 23 0 -1 0
1799 43 10 0 1
1800 16 31 0 1
1801 99 11 1 0
1802 10 7 1 0
1803 22 0 0 -1
1804 39 31 0 1
1805 6 22 0 -1
1806 92 32 1 0
1807 84 30 0 1
1808 29 27 -1 0
1809 15 38 0 -1
1810 27 18 1 0
1811 7 11 1 0
1812 16 0 1 0
1813 34 0 -1 0
1814 92 24 0 1
1815 39 31 0 1
1816 38 17 0 -1
1817 49 18 -1 0
1818 46 28 0 -1
1819 31 19 0 1
1820 38 2 1 0
1821 1 21 -1 0
1822 12 30 0 1
1823 80 35 1 0
1824 13 17 1 0
1825 84 7 0 1
1826 22 8 0 -1
1827 42 15 -1 0
1828 82 35 0 1
1829 50 15 0 -1
1830 22 33 0 1
1831 82 2 1 0
1832 69 32 -1 0
1833 44 36 0 1
1834 74 29 0 1
1835 53 16 0 1
1836 19 26 0 1
1837 59 12 1 0
1838 79 9 -1 0
1839 58 29 0 1
1840 17 36 -1 0
1841 56 3 0 1
1842 3 36 0 -1
1843 81 38 0 1
1844 72 19 -1 0
1845 53 0 1 0
1846 1 27 1 0
1847 50 13 0 1
1848 75 32 -1 0
1849 79 11 1 0
1850 98 6 0 -1
1851 7 13 0 -1
1852 1 12 0 1
1853 25 6 0 1
1854 38 31 -1 0
1855 15 7 -1 0
1856 78 2 0 1
1857 64 18 0 1
1858 17 4 1 0
1859 44 16 0 1
1860 96 32 -1 0
1861 68 30 0 1
1862 28 37 0 -1
1863 87 24 -1 0
1864 55 37 0 -1
1865 43 29 0 1
1866 62 31 0 1
1867 87 28 0 1
1868 43 39 -1 0
1869 85 9 1 0
1870 98 2 0 1
1871 41 36 0 -1
1872 23 15 -1 0
1873 68 22 0 1
1874 54 26 -1 0
1875 52 38 0 1
1876 89 5 0 -1
1877 94 22 -1 0
1878 79 9 0 1
1879 28 27 0 -1
1880 58 9 0 1
1881 47 34 -1 0
1882 2 25 0 1
1883 14 28 -1 0
1884 90 17 0 -1
1885 96 10 0 1
1886 17 19 -1 0
1887 62 34 0 -1
1888 94 11 0 1
1889 29 31 0 -1
1890 96 25 0 1
1891 48 11 1 0
1892 87 26 0 -1
1893 81 16 0 -1
1894 31 30 1 0
1895 22 31 -1 0
1896 67 23 0 1
1897 51 1 0 -1
1898 88 1 0 1
1899 47 12 -1 0
1900 6 10 -1 0
1901 45 32 1 0
1902 40 34 -1 0
1903 28 2 1 0
1904 65 6 0 1
1905 96 11 -1 0
1906 21 36 0 -1
1907 63 28 0 1
1908 76 32 0 -1
1909 37 16 0 1
1910 42 10 0 1
1911 83 15 0 -1
1912 19 8 0 -1
1913 5 25 1 0
1914 78 21 1 0
1915 93 1 0 -1
1916 80 12 -1 0
1917 39 21 0 1
1918 46 27 0 1
1919 49 0 0 -1
1920 17 19 -1 0
1921 28 13 1 0
1922 25 18 0 -1
1923 15 31 0 -1
1924 51 22 0 1
1925 0 31 0 -1
1926 11 14 1 0
1927 16 4 0 -1
1928 81 16 0 -1
1929 19 16 0 -1
1930 97 37 0 -1
1931 83 39 -1 0
1932 46 19 0 1
1933 38 4 0 1
1934 88 36 1 0
1935 24 34 -1 0
1936 94 8 0 -1
1937 80 6 0 1
1938 41 31 0 -1
1939 42 30 -1 0
1940 24 9 -1 0
1941 74 13 1 0
1942 36 3 1 0
1943 10 12 0 -1
1944 15 5 1 0
1945 25 9 1 0
1946 52 29 0 1
1947 89 1 -1 0
1948 5 16 0 1
1949 9 32 1 0
1950 67 0 0 -1
1951 39 8 1 0
1952 61 6 0 1
1953 11 24 1 0
1954 69 24 1 0
1955 81 27 -1 0
1956 94 10 1 0
1957 20 11 0 1
1958 16 6 -1 0
1959 7 16 0 -1
1960 81 38 0 -1
1961 23 11 1 0
1962 60 35 -1 0
1963 62 25 0 1
1964 79 8 0 -1
1965 91 36 -1 0
1966 67 6 0 1
1967 49 31 1 0
1968 40 18 1 0
1969 76 13 0 1
1970 58 33 1 0
1971 87 13 -1 0
1972 23 32 -1 0
1973 44 12 0 -1
1974 96 33 1 0
1975 82 22 -1 0
1976 49 28 0 1
1977 18 5 -1 0
1978 47 15 0 -1
1979 14 29 -1 0
1980 52 17 0 -1
1981 64 17 0 -1
1982 98 9 0 1
1983 41 10 -1 0
1984 11 1 0 -1
1985 71 4 -1 0
1986 92 30 1 0
1987 98 12 -1 0
1988 49 36 0 -1
1989 37 13 -1 0
1990 19 31 1 0
1991 76 14 0 1
1992 75 27 -1 0
1993 40 0 0 -1
1994 17 0 0 1
1995 87 26 -1 0
1996 93 27 -1 0
1997 71 1 -1 0
1998 98 37 0 1
1999 93 30 0 -1
2000 47 27 0 1
2001 36 30 0 1
2002 55 37 -1 0
2003 14 26 0 1
2004 50 14 0 -1
2005 79 33 1 0
2006 55 28 -1 0
2007 40 9 -1 0
2008 74 27 1 0
2009 86 15 -1 0
2010 8 29 0 -1
2011 66 6 0 1
2012 55 30 1 0
2013 86 14 -1 0
2014 40 27 0 1
2015 90 2 0 -1
2016 24 20 -1 0
2017 38 12 0 1
2018 47 1 1 0
2019 16 34 0 -1
2020 42 22 0 1
2021 98 21 -1 0
2022 57 26 -1 0
2023 90 32 0 1
2024 45 5 0 -1
2025 32 14 1 0
2026 86 13 0 -1
2027 21 23 -1 0
2028 50 34 1 0
2029 28 23 -1 0
2030 26 21 0 1
2031 7 21 -1 0
2032 18 38 0 1
2033 75 22 0 -1
2034 50 37 -1 0
2035 61 10 0 -1
2036 48 7 0 -1
2037 89 19 -1 0
2038 21 33 0 1
2039 23 27 -1 0
2040 42 31 0 -1
2041 92 8 0 1
2042 25 28 1 0
2043 41 22 0 -1
2044 51 1 0 -1
2045 39 24 0 -1
2046 12 32 1 0
2047 77 14 -1 0
2048 43 15 0 -1
2049 38 1 0 -1
2050 77 14 0 -1
2051 23 28 1 0
2052 90 38 0 1
2053 80 7 0 -1
2054 64 12 0 -1
2055 30 2 0 1
2056 88 25 -1 0
2057 46 39 0 -1
2058 95 25 0 -1
2059 19 32 1 0
2060 26 16 1 0
2061 67 39 -1 0
2062 20 28 1 0
2063 23 10 0 1
2064 67 38 1 0
2065 37 27 0 1
2066 71 10 1 0
2067 88 13 0 1
2068 81 24 0 1
2069 6 22 0 1
2070 8 8 1 0
2071 13 32 -1 0
2072 23 25 1 0
2073 40 33 0 1
2074 15 5 0 1
2075 30 14 1 0
2076 50 21 0 1
2077 16 10 0 -1
2078 7 29 1 0
2079 45 17 0 1
2080 58 27 0 1
2081 25 14 0 1
2082 0 19 1 0
2083 6 2 1 0
2084 2 9 1 0
2085 44 34 1 0
2086 73 12 1 0
2087 98 18 -1 0
2088 77 35 0 -1
2089 18 27 -1 0
2090 74 37 0 1
2091 46 13 0 -1
2092 44 16 -1 0
2093 15 18 0 1
2094 14 16 1 0
2095 94 1 1 0
2096 47 23 -1 0
2097 18 19 0 1
2098 14 30 1 0
2099 15 28 0 1
2100 39 4 -1 0
2101 80 23 1 0
2102 75 20 0 1
2103 37 35 0 1
2104 65 22 0 -1
2105 96 38 0 -1
2106 47 32 0 -1
2107 30 2 1 0
2108 56 0 -1 0
2109 31 37 1 0
2110 43 0 1 0
2111 60 16 1 0
2112 63 1 0 -1
2113 28 2 0 -1
2114 13 26 0 1
2115 65 36 0 1
2116 46 18 1 0
2117 58 36 0 -1
2118 68 34 1 0
2119 5 9 -1 0
2120 23 31 1 0
2121 40 6 0 1
2122 45 27 -1 0
2123 61 11 0 -1
2124 65 38 -1 0
2125 51 37 0 1
2126 82 31 1 0
2127 56 23 -1 0
2128 69 35 0 1
2129 81 21 0 1
2130 54 5 0 1
2131 93 5 -1 0
2132 91 31 1 0
2133 27 7 1 0
2134 81 14 -1 0
2135 41 39 -1 0
2136 73 11 0 1
2137 27 11 0 -1
2138 35 36 -1 0
2139 41 0 0 1
2140 87 6 0 -1
2141 91 29 1 0
2142 98 27 0 1
2143 38 32 0 1
2144 62 36 0 1
2145 2 1 0 1
2146 5 15 1 0
2147 52 14 1 0
2148 13 25 1 0
2149 27 39 -1 0
2150 61 15 0 -1
2151 35 1 0 1
2152 25 3 -1 0
2153 22 30 1 0
2154 92 10 0 -1
2155 78 3 0 -1
2156 28 13 1 0
2157 88 15 -1 0
2158 57 23 0 1
2159 24 13 1 0
2160 41 21 -1 0
2161 24 2 0 -1
2162 60 33 -1 0
2163 25 0 1 0
2164 98 5 0 1
2165 26 27 0 1
2166 19 20 0 1
2167 3 12 1 0
2168 8 5 -1 0
2169 6 35 0 -1
2170 18 23 1 0
2171 94 8 1 0
2172 24 8 0 -1
2173 26 22 0 1
2174 47 36 1 0
2175 44 34 -1 0
2176 46 12 -1 0
2177 19 32 0 1
2178 76 15 1 0
2179 51 14 1 0
2180 24 20 0 1
2181 44 8 0 -1
2182 97 28 0 -1
2183 4 19 0 1
2184 24 26 0 -1
2185 27 27 0 -1
2186 85 22 1 0
2187 79 39 0 -1
2188 94 9 0 1
2189 6 33 0 -1
2190 10 31 -1 0
2191 0 8 0 1
2192 91 35 0 1
2193 92 14 0 1
2194 38 8 0 -1
2195 41 7 0 -1
2196 56 9 0 -1
2197 68 13 -1 0
2198 99 36 1 0
2199 6 23 1 0
2200 11 39 1 0
2201 95 38 0 1
2202 37 32 -1 0
2203 36 24 -1 0
2204 91 6 0 -1
2205 89 14 0 -1
2206 91 5 0 1
2207 64 0 0 1
2208 7 2 0 1
2209 16 12 1 0
2210 53 8 -1 0
2211 97 16 0 -1
2212 27 39 1 0
2213 30 37 -1 0
2214 25 0 0 -1
2215 41 32 1 0
2216 4 38 0 1
2217 42 15 1 0
2218 81 26 -1 0
2219 40 1 1 0
2220 51 17 -1 0
2221 18 0 1 0
2222 39 19 0 1
2223 15 39 0 1
2224 15 1 1 0
2225 70 1 -1 0
2226 94 13 0 -1
2227 26 1 1 0
2228 72 33 -1 0
2229 24 34 0 -1
2230 98 33 1 0
2231 25 23 -1 0
2232 95 5 0 1
2233 42 10 0 -1
2234 90 30 1 0
2235 24 16 1 0
2236 54 18 0 -1
2237 7 27 0 -1
2238 1 37 -1 0
2239 46 9 0 1
2240 6 34 0 1
2241 20 1 -1 0
2242 25 1 0 1
2243 88 10 -1 0
2244 11 9 -1 0
2245 90 31 0 1
2246 78 15 1 0
2247 18 0 1 0
2248 88 25 1 0
2249 52 35 0 -1
2250 99 8 0 -1
2251 47 2 -1 0
2252 74 23 1 0
2253 15 29 0 -1
2254 88 4 1 0
2255 25 25 -1 0
2256 37 26 0 1
2257 52 3 -1 0
2258 36 29 0 1
2259 95 30 -1 0
2260 9 35 -1 0
2261 63 25 1 0
2262 16 17 0 1
2263 51 22 -1 0
2264 39 20 -1 0
2265 84 9 0 1
2266 40 3 0 -1
2267 3 1 -1 0
2268 82 8 0 -1
2269 1 16 -1 0
2270 41 14 0 1
2271 25 12 1 0
2272 55 17 1 0
2273 23 28 0 -1
2274 81 35 -1 0
2275 53 20 -1 0
2276 41 3 0 -1
2277 41 8 0 1
2278 37 0 -1 0
2279 15 0 -1 0
2280 18 22 0 -1
2281 64 31 0 1
2282 87 1 -1 0
2283 52 22 0 -1
2284 21 11 1 0
2285 97 4 1 0
2286 64 33 0 -1
2287 96 35 1 0
2288 69 0 1 0
2289 28 33 -1 0
2290 69 13 0 -1
2291 10 17 0 1
2292 41 16 0 -1
2293 13 24 -1 0
2294 72 37 -1 0
2295 15 28 0 1
2296 18 34 1 0
2297 9 5 0 1
2298 85 35 1 0
2299 8 26 0 -1
2300 86 12 0 1
2301 2 8 0 1
2302 90 24 1 0
2303 51 29 -1 0
2304 96 21 -1 0
2305 50 6 0 -1
2306 80 3 0 1
2307 51 14 0 1
2308 0 10 0 1
2309 46 17 -1 0
2310 15 3 -1 0
2311 81 16 0 1
2312 37 10 1 0
2313 8 11 1 0
2314 98 5 -1 0
2315 83 11 1 0
2316 61 19 0 1
2317 78 1 -1 0
2318 80 21 1 0
2319 15 13 -1 0
2320 53 20 -1 0
2321 9 5 0 -1
2322 14 36 0 1
2323 21 23 -1 0
2324 69 27 1 0
2325 77 18 0 1
2326 56 31 1 0
2327 15 5 1 0
2328 61 5 0 1
2329 25 0 -1 0
2330 43 13 -1 0
2331 96 16 -1 0
2332 14 30 1 0
2333 16 1 0 -1
2334 30 6 1 0
2335 3 9 0 -1
2336 19 16 0 -1
2337 96 4 0 -1
2338 48 17 1 0
2339 95 38 -1 0
2340 78 18 1 0
2341 16 8 -1 0
2342 81 7 1 0
2343 5 22 1 0
2344 48 36 1 0
2345 85 36 0 -1
2346 94 12 1 0
2347 57 0 -1 0
2348 65 10 -1 0
2349 48 30 -1 0
2350 87 19 -1 0
2351 9 29 0 -1
2352 3 28 0 1
2353 46 14 -1 0
2354 16 36 1 0
2355 85 38 1 0
2356 67 16 1 0
2357 14 6 -1 0
2358 20 11 1 0
2359 79 31 0 1
2360 9 15 -1 0
2361 99 30 -1 0
2362 37 30 0 1
2363 81 36 1 0
2364 5 33 1 0
2365 96 22 1 0
2366 85 9 1 0
2367 40 35 1 0
2368 39 5 1 0
2369 27 33 0 -1
2370 11 5 1 0
2371 17 30 0 -1
2372 19 30 1 0
2373 96 39 0 1
2374 16 14 1 0
2375 7 23 -1 0
2376 4 27 0 -1
2377 56 14 0 1
2378 80 18 -1 0
2379 81 35 0 -1
2380 37 24 0 -1
2381 54 27 0 -1
2382 29 32 0 -1
2383 34 24 1 0
2384 44 14 -1 0
2385 27 10 1 0
2386 26 11 0 -1
2387 78 32 0 1
2388 3 29 1 0
2389 42 23 0 1
2390 87 39 -1 0
2391 73 26 -1 0
2392 28 27 0 -1
2393 85 31 1 0
2394 83 37 0 1
2395 3 25 1 0
2396 38 25 0 -1
2397 59 11 1 0
2398 20 28 0 1
2399 44 29 1 0
2400 40 38 -1 0
2401 27 13 1 0
2402 29 36 -1 0
2403 86 22 0 1
2404 24 25 0 1
2405 90 0 -1 0
2406 0 1 1 0
2407 41 23 0 -1
2408 47 8 1 0
2409 19 18 -1 0
2410 19 20 1 0
2411 97 19 -1 0
2412 29 12 1 0
2413 40 5 0 -1
2414 83 12 1 0
2415 61 13 0 1
2416 86 33 0 -1
2417 40 14 0 1
2418 25 3 0 -1
2419 23 3 0 -1
2420 1 2 0 -1
2421 8 14 -1 0
2422 42 28 0 -1
2423 17 28 -1 0
2424 28 12 -1 0
2425 28 7 0 1
2426 20 39 0 1
2427 46 2 1 0
2428 57 33 0 1
2429 16 26 0 1
2430 44 4 0 -1
2431 11 12 1 0
2432 50 19 -1 0
2433 93 22 1 0
2434 74 12 -1 0
2435 91 4 -1 0
2436 92 4 0 1
2437 0 13 0 -1
2438 27 18 0 1
2439 78 0 1 0
2440 91 28 0 1
2441 41 7 0 1
2442 49 32 0 -1
2443 88 27 1 0
2444 59 29 0 1
2445 50 17 1 0
2446 19 19 -1 0
2447 59 38 1 0
2448 26 11 -1 0
2449 85 14 1 0
2450 28 7 1 0
2451 54 30 0 -1
2452 96 5 -1 0
2453 23 30 -1 0
2454 72 36 1 0
2455 96 36 1 0
2456 15 26 1 0
2457 38 38 -1 0
2458 43 13 -1 0
2459 15 30 -1 0
2460 28 38 1 0
2461 39 18 0 -1
2462 12 34 1 0
2463 11 27 0 -1
2464 7 28 0 1
2465 43 10 0 1
2466 8 5 1 0
2467 14 22 0 1
2468 44 11 0 1
2469 2 7 0 -1
2470 22 38 0 1
2471 6 9 0 1
2472 20 12 -1 0
2473 26 8 -1 0
2474 22 10 1 0
2475 37 2 1 0
2476 93 17 1 0
2477 41 10 0 -1
2478 41 5 -1 0
2479 37 15 1 0
2480 89 19 0 1
2481 83 26 0 1
2482 65 39 0 1
2483 84 29 1 0
2484 20 26 0 1
2485 15 0 1 0
2486 40 16 0 1
2487 51 34 1 0
2488 90 32 0 1
2489 44 24 0 1
2490 84 25 -1 0
2491 74 27 1 0
2492 69 27 0 -1
2493 45 38 1 0
2494 67 24 -1 0
2495 43 39 0 1
2496 8 35 -1 0
2497 27 7 1 0
2498 4 13 0 1
2499 3 27 -1 0
2500 97 25 -1 0
2501 59 32 -1 0
2502 85 13 1 0
2503 15 39 1 0
2504 89 26 -1 0
2505 43 1 0 -1
2506 9 22 0 1
2507 16 21 1 0
2508 54 30 1 0
2509 19 6 -1 0
2510 53 7 1 0
2511 41 38 0 -1
2512 50 19 1 0
2513 26 30 0 -1
2514 86 32 0 -1
2515 20 10 1 0
2516 92 9 0 1
2517 93 39 1 0
2518 47 35 0 1
2519 1 30 0 1
2520 31 4 0 1
2521 2 35 -1 0
2522 30 31 0 -1
2523 22 35 1 0
2524 3 35 0 -1
2525 23 20 0 -1
2526 91 15 0 1
2527 12 2 0 1
2528 29 6 1 0
2529 2 18 -1 0
2530 85 11 0 -1
2531 20 3 1 0
2532 6 9 0 -1
2533 41 2 0 1
2534 22 30 0 -1
2535 11 29 0 -1
2536 23 16 0 -1
2537 68 32 0 1
2538 74 35 0 1
2539 21 24 0 1
2540 56 31 1 0
2541 29 5 -1 0
2542 25 2 -1 0
2543 77 37 0 1
2544 41 39 0 1
2545 28 17 0 1
2546 1 9 0 -1
2547 97 38 0 -1
2548 26 38 1 0
2549 17 12 -1 0
2550 39 10 0 -1
2551 56 26 0 1
2552 21 26 1 0
2553 6 31 1 0
2554 13 21 0 -1
2555 11 30 1 0
2556 28 1 -1 0
2557 12 11 1 0
2558 73 28 -1 0
2559 53 31 -1 0
2560 25 24 0 1
2561 97 33 -1 0
2562 52 6 -1 0
2563 50 29 -1 0
2564 92 19 0 -1
2565 52 9 0 -1
2566 73 3 0 1
2567 40 35 0 -1
2568 87 34 1 0
2569 92 19 -1 0
2570 42 2 1 0
2571 24 11 0 -1
2572 1 19 1 0
2573 19 12 1 0
2574 74 39 1 0
2575 17 12 1 0
2576 71 30 0 -1
2577 66 21 1 0
2578 18 2 -1 0
2579 6 1 1 0
2580 3 8 1 0
2581 41 13 1 0
2582 80 25 1 0
2583 13 26 0 -1
2584 75 25 1 0
2585 67 34 0 -1
2586 89 28 1 0
2587 81 31 0 -1
2588 42 16 -1 0
2589 37 4 1 0
2590 51 36 1 0
2591 15 33 1 0
2592 71 10 0 -1
2593 8 23 0 -1
2594 20 17 0 1
2595 20 8 -1 0
2596 19 23 -1 0
2597 92 26 0 1
2598 51 19 0 -1
2599 74 34 0 1
2600 83 25 1 0
2601 94 36 1 0
2602 53 25 0 1
2603 73 35 -1 0
2604 24 32 1 0
2605 89 30 -1 0
2606 10 25 0 1
2607 51 36 0 -1
2608 23 33 -1 0
2609 1 15 0 -1
2610 64 37 1 0
2611 72 19 0 -1
2612 4 35 0 -1
2613 76 2 0 1
2614 77 37 0 -1
2615 10 17 0 -1
2616 42 32 -1 0
2617 60 18 -1 0
2618 25 30 1 0
2619 16 0 0 1
2620 49 3 1 0
2621 9 22 -1 0
2622 51 7 0 1
2623 18 36 -1 0
2624 44 7 0 1
2625 11 15 1 0
2626 71 13 -1 0
2627 76 27 0 1
2628 67 27 1 0
2629 10 19 0 1
2630 52 9 0 -1
2631 24 18 0 -1
2632 28 1 0 1
2633 3 17 0 1
2634 56 6 0 1
2635 65 10 -1 0
2636 15 30 0 -1
2637 63 30 -1 0
2638 3 6 -1 0
2639 72 6 0 1
2640 89 29 0 -1
2641 93 0 0 1
2642 53 27 -1 0
2643 96 4 0 1
2644 64 39 -1 0
2645 24 4 0 -1
2646 19 13 1 0
2647 7 10 1 0
2648 92 1 1 0
2649 63 38 0 -1
2650 14 33 0 -1
2651 37 34 -1 0
2652 23 38 1 0
2653 19 6 -1 0
2654 18 33 1 0
2655 3 9 0 -1
2656 15 29 1 0
2657 21 20 0 1
2658 85 30 0 -1
2659 22 25 -1 0
2660 40 33 0 -1
2661 22 8 1 0
2662 9 36 0 -1
2663 80 39 0 -1
2664 81 6 1 0
2665 39 32 1 0
2666 85 13 1 0
2667 85 19 1 0
2668 18 17 1 0
2669 40 20 1 0
2670 97 5 1 0
2671 25 23 -1 0
2672 52 10 -1 0
2673 18 7 -1 0
2674 87 9 -1 0
2675 68 3 0 1
2676 78 31 0 -1
2677 95 8 -1 0
2678 90 20 -1 0
2679 82 39 0 -1
2680 12 21 0 -1
2681 72 20 -1 0
2682 53 13 0 1
2683 85 26 1 0
2684 41 29 0 -1
2685 64 6 -1 0
2686 13 16 0 1
2687 42 29 -1 0
2688 99 24 -1 0
2689 40 15 -1 0
2690 45 7 -1 0
2691 89 36 -1 0
2692 46 18 0 -1
2693 89 15 0 1
2694 47 0 0 1
2695 13 9 0 1
2696 3 11 0 -1
2697 25 25 0 1
2698 24 14 -1 0
2699 86 14 1 0
2700 93 34 0 -1
2701 95 24 -1 0
2702 74 6 -1 0
2703 42 12 -1 0
2704 40 32 0 -1
2705 65 33 -1 0
2706 54 10 1 0
2707 83 33 -1 0
2708 42 12 0 1
2709 85 14 1 0
2710 19 15 1 0
2711 22 4 1 0
2712 25 11 -1 0
2713 48 34 0 -1
2714 94 32 -1 0
2715 18 37 0 -1
2716 32 13 1 0
2717 45 34 0 1
2718 25 26 -1 0
2719 20 33 1 0
2720 22 24 0 1
2721 45 5 0 1
2722 50 31 0 1
2723 87 30 0 -1
2724 83 0 -1 0
2725 18 33 0 -1
2726 4 10 1 0
2727 44 37 1 0
2728 30 6 1 0
2729 38 24 0 -1
2730 1 17 -1 0
2731 37 10 0 1
2732 56 36 0 1
2733 50 35 1 0
2734 3 32 0 -1
2735 74 34 0 -1
2736 16 4 -1 0
2737 62 26 -1 0
2738 53 32 0 -1
2739 50 14 0 1
2740 67 33 0 1
2741 24 6 0 -1
2742 51 39 1 0
2743 52 29 -1 0
2744 88 35 0 1
2745 4 5 0 1
2746 6 16 -1 0
2747 90 1 1 0
2748 45 21 1 0
2749 74 9 1 0
2750 22 20 -1 0
2751 10 17 0 1
2752 15 34 0 -1
2753 60 36 1 0
2754 65 10 0 1
2755 58 16 0 -1
2756 21 26 -1 0
2757 12 3 1 0
2758 42 34 -1 0
2759 9 13 -1 0
2760 23 10 0 1
2761 92 36 -1 0
2762 49 17 0 1
2763 62 23 0 -1
2764 11 18 -1 0
2765 53 5 -1 0
2766 8 39 0 1
2767 40 13 0 1
2768 90 37 0 1
2769 54 25 -1 0
2770 1 18 0 -1
2771 27 3 1 0
2772 63 34 -1 0
2773 95 30 0 1
2774 55 31 1 0
2775 48 24 1 0
2776 58 22 0 -1
2777 51 38 0 -1
2778 90 18 1 0
2779 66 14 -1 0
2780 27 34 1 0
2781 19 1 0 -1
2782 23 3 0 -1
2783 63 6 1 0
2784 8 11 1 0
2785 0 3 1 0
2786 85 27 0 -1
2787 41 31 0 -1
2788 8 39 0 1
2789 59 39 0 -1
2790 41 14 1 0
2791 1 33 0 1
2792 11 31 0 1
2793 98 33 0 1
2794 65 33 0 -1
2795 52 6 1 0
2796 61 4 0 -1
2797 65 38 -1 0
2798 0 22 0 -1
2799 21 9 -1 0
