0 28 5 0 -1
1 37 13 0 1
2 43 4 0 1
3 49 11 0 1
4 35 8 0 1
5 25 8 0 1
6 36 37 1 0
7 19 33 1 0
8 48 21 -1 0
9 22 1 -1 0
10 46 0 0 1
11 13 30 0 -1
12 43 3 -1 0
13 29 36 0 1
14 34 8 0 -1
15 82 39 -1 0
16 22 15 0 1
17 40 22 0 1
18 21 20 0 -1
19 56 19 1 0
20 40 23 -1 0
21 22 5 1 0
22 35 37 0 1
23 40 14 0 1
24 4 31 0 -1
25 41 31 0 -1
26 26 14 1 0
27 25 39 1 0
28 24 6 0 -1
29 27 8 0 -1
30 21 13 -1 0
31 84 31 0 -1
32 30 9 0 1
33 38 32 0 1
34 39 27 0 -1
35 18 39 0 1
36 41 28 1 0
37 43 2 -1 0
38 36 24 0 -1
39 47 5 0 -1
40 49 24 0 1
41 29 34 -1 0
42 37 12 0 1
43 91 15 0 -1
44 37 25 0 -1
45 22 4 0 -1
46 32 21 0 1
47 50 21 1 0
48 30 3 0 1
49 26 5 0 -1
50 21 15 0 -1
51 24 39 1 0
52 0 8 -1 0
53 29 33 0 1
54 35 21 0 -1
55 38 39 0 -1
56 40 14 0 1
57 27 34 0 -1
58 27 32 0 1
59 36 34 0 1
60 28 16 0 -1
61 20 11 0 1
62 48 4 -1 0
63 30 18 0 -1
64 45 25 0 -1
65 26 36 1 0
66 61 27 0 -1
67 21 4 0 1
68 27 2 -1 0
69 37 4 0 -1
70 39 29 -1 0
71 26 1 0 1
72 40 37 -1 0
73 43 1 -1 0
74 24 15 0 1
75 26 9 -1 0
76 37 36 -1 0
77 26 0 -1 0
78 45 21 0 1
79 25 37 1 0
80 36 22 1 0
81 26 39 -1 0
82 24 37 0 1
83 28 19 1 0
84 23 37 1 0
85 46 39 1 0
86 27 23 0 -1
87 38 19 -1 0
88 26 2 0 -1
89 35 38 0 -1
90 28 21 0 -1
91 44 7 -1 0
92 38 37 -1 0
93 25 2 1 0
94 35 14 0 1
95 22 39 0 -1
96 23 0 -1 0
97 92 7 0 -1
98 24 17 0 1
99 45 22 -1 0
100 22 4 0 1
101 46 5 0 1
102 39 25 -1 0
103 36 2 0 -1
104 46 36 -1 0
105 39 10 -1 0
106 39 21 0 1
107 42 5 1 0
108 38 34 0 -1
109 23 15 -1 0
110 22 7 0 1
111 37 38 -1 0
112 47 8 0 -1
113 17 8 0 -1
114 40 34 0 -1
115 28 0 1 0
116 25 22 1 0
117 45 37 -1 0
118 26 34 1 0
119 41 22 0 1
120 34 16 0 -1
121 23 12 1 0
122 26 36 0 -1
123 17 6 0 1
124 31 35 -1 0
125 98 14 0 1
126 19 14 1 0
127 28 14 0 1
128 22 25 0 -1
129 40 3 1 0
130 42 28 -1 0
131 31 36 -1 0
132 27 8 0 1
133 24 38 1 0
134 42 1 1 0
135 49 4 -1 0
136 41 20 -1 0
137 42 27 0 -1
138 34 22 1 0
139 18 5 -1 0
140 35 23 0 -1
141 38 36 -1 0
142 28 20 0 -1
143 30 36 0 -1
144 40 24 -1 0
145 48 6 -1 0
146 46 35 -1 0
147 24 1 0 1
148 28 19 0 -1
149 27 37 0 -1
150 39 12 0 1
151 27 36 1 0
152 5 31 0 -1
153 42 15 -1 0
154 25 19 1 0
155 37 10 0 -1
156 35 27 -1 0
157 36 29 -1 0
158 98 20 0 1
159 36 35 0 -1
160 45 2 -1 0
161 31 3 0 1
162 38 15 0 1
163 49 33 0 -1
164 20 8 0 1
165 43 5 0 -1
166 29 37 0 -1
167 22 16 0 -1
168 28 28 1 0
169 36 17 -1 0
170 45 26 0 -1
171 42 0 -1 0
172 37 14 0 1
173 56 35 -1 0
174 18 10 0 -1
175 48 30 0 -1
176 61 21 0 -1
177 22 12 0 1
178 44 39 -1 0
179 41 19 0 1
180 43 35 0 -1
181 25 36 -1 0
182 28 39 0 1
183 31 25 0 1
184 42 19 0 1
185 48 28 0 -1
186 32 8 0 -1
187 20 1 -1 0
188 23 8 0 1
189 32 35 1 0
190 23 4 1 0
191 44 38 1 0
192 22 19 0 -1
193 28 39 0 1
194 24 4 0 -1
195 24 13 1 0
196 28 5 0 -1
197 46 3 -1 0
198 44 6 -1 0
199 28 26 0 -1
200 46 39 0 1
201 40 26 0 -1
202 41 29 0 -1
203 47 5 0 -1
204 30 13 0 1
205 29 39 -1 0
206 39 14 0 1
207 42 35 0 -1
208 28 20 0 -1
209 68 2 0 -1
210 42 21 0 1
211 36 13 -1 0
212 44 3 0 1
213 28 9 0 1
214 27 36 0 1
215 23 20 0 1
216 46 23 0 -1
217 42 26 0 1
218 14 19 0 -1
219 21 39 0 -1
220 41 32 -1 0
221 72 9 1 0
222 44 19 0 1
223 28 24 -1 0
224 48 30 0 -1
225 28 25 -1 0
226 23 17 0 1
227 36 2 0 -1
228 35 10 1 0
229 65 20 -1 0
230 26 2 1 0
231 31 0 0 -1
232 24 33 1 0
233 42 19 -1 0
234 30 25 0 1
235 28 35 1 0
236 18 1 0 -1
237 32 38 0 -1
238 31 26 0 -1
239 30 21 0 -1
240 39 35 0 -1
241 22 11 0 1
242 30 22 1 0
243 39 31 1 0
244 47 6 -1 0
245 30 8 0 -1
246 35 39 0 1
247 13 29 0 -1
248 40 26 0 -1
249 25 35 1 0
250 37 24 1 0
251 40 13 0 1
252 39 15 1 0
253 17 0 1 0
254 23 39 1 0
255 39 26 0 -1
256 38 2 0 1
257 92 37 -1 0
258 38 26 0 -1
259 30 16 0 1
260 95 6 0 -1
261 36 14 -1 0
262 42 36 0 1
263 35 24 0 -1
264 9 36 -1 0
265 29 2 0 -1
266 26 16 -1 0
267 16 11 0 -1
268 41 30 -1 0
269 40 13 0 -1
270 36 9 1 0
271 38 9 0 1
272 26 20 0 -1
273 39 13 1 0
274 37 32 1 0
275 17 4 0 1
276 36 22 0 1
277 23 7 -1 0
278 29 16 0 1
279 53 35 0 -1
280 54 10 -1 0
281 26 19 -1 0
282 31 38 1 0
283 41 20 1 0
284 18 12 0 -1
285 22 9 1 0
286 98 27 0 -1
287 18 7 1 0
288 83 14 0 -1
289 37 9 1 0
290 31 22 1 0
291 28 10 -1 0
292 37 26 1 0
293 41 17 0 1
294 28 17 0 -1
295 43 21 1 0
296 19 38 0 1
297 16 10 1 0
298 21 13 0 1
299 30 36 1 0
300 93 29 1 0
301 16 35 0 -1
302 38 9 0 -1
303 30 9 1 0
304 33 16 1 0
305 55 10 1 0
306 29 19 0 -1
307 27 34 0 1
308 25 30 1 0
309 25 31 0 1
310 28 3 0 -1
311 32 15 0 -1
312 22 18 0 -1
313 40 16 1 0
314 5 39 1 0
315 23 6 -1 0
316 35 12 -1 0
317 21 1 -1 0
318 44 23 0 -1
319 92 33 0 1
320 29 38 1 0
321 71 30 0 1
322 28 22 0 1
323 42 23 0 -1
324 22 8 -1 0
325 39 26 0 -1
326 20 1 -1 0
327 37 2 0 -1
328 40 21 0 1
329 26 12 1 0
330 65 36 0 1
331 39 4 0 -1
332 97 31 1 0
333 25 38 0 1
334 29 6 -1 0
335 29 10 1 0
336 27 5 -1 0
337 34 6 0 1
338 30 14 1 0
339 27 17 1 0
340 26 38 1 0
341 28 1 -1 0
342 29 0 -1 0
343 60 20 1 0
344 21 19 1 0
345 36 0 1 0
346 27 12 1 0
347 27 1 -1 0
348 43 29 0 -1
349 41 4 -1 0
350 43 27 0 -1
351 35 14 0 1
352 29 3 -1 0
353 26 10 0 1
354 94 0 1 0
355 40 4 0 -1
356 20 10 -1 0
357 29 18 0 1
358 47 8 0 1
359 32 21 1 0
360 40 19 0 1
361 26 16 -1 0
362 42 33 -1 0
363 29 13 1 0
364 48 9 0 -1
365 29 4 1 0
366 35 9 0 -1
367 22 13 0 1
368 43 34 -1 0
369 21 14 0 -1
370 31 37 1 0
371 37 19 1 0
372 32 1 1 0
373 67 12 -1 0
374 42 22 0 1
375 58 21 1 0
376 39 1 0 1
377 20 0 0 1
378 28 20 0 -1
379 24 0 0 -1
380 44 21 1 0
381 36 3 1 0
382 29 38 0 -1
383 44 29 0 -1
384 39 25 1 0
385 23 39 0 1
386 47 16 -1 0
387 45 4 0 1
388 41 24 0 -1
389 32 2 0 1
390 30 12 -1 0
391 29 12 -1 0
392 32 36 -1 0
393 8 18 0 1
394 22 37 0 1
395 43 22 -1 0
396 41 33 0 1
397 27 2 0 -1
398 21 36 0 1
399 27 19 -1 0
400 48 10 0 1
401 56 32 0 1
402 20 4 1 0
403 22 38 -1 0
404 27 11 0 1
405 24 3 0 -1
406 28 2 0 1
407 26 17 0 -1
408 30 37 1 0
409 25 10 0 -1
410 43 6 0 -1
411 6 17 0 -1
412 43 20 -1 0
413 39 13 0 1
414 36 4 -1 0
415 24 3 -1 0
416 42 35 0 -1
417 38 14 0 1
418 44 24 0 1
419 37 37 1 0
420 39 22 0 -1
421 40 39 0 1
422 44 0 1 0
423 37 10 -1 0
424 18 9 -1 0
425 19 14 1 0
426 45 34 0 1
427 71 39 -1 0
428 40 30 0 1
429 40 32 0 1
430 53 24 0 1
431 22 14 1 0
432 32 37 0 -1
433 26 7 -1 0
434 30 0 -1 0
435 29 24 -1 0
436 44 6 0 -1
437 21 16 1 0
438 29 17 0 -1
439 20 17 0 -1
440 20 12 1 0
441 34 20 0 1
442 66 38 0 -1
443 32 33 1 0
444 26 5 0 -1
445 25 7 0 -1
446 35 18 -1 0
447 28 12 0 -1
448 73 21 1 0
449 44 25 0 -1
450 32 7 -1 0
451 35 7 0 1
452 39 28 0 1
453 23 1 1 0
454 37 32 1 0
455 41 39 0 -1
456 25 17 -1 0
457 49 19 0 1
458 52 32 0 -1
459 38 33 0 -1
460 25 34 0 1
461 36 25 -1 0
462 36 10 0 -1
463 8 20 0 -1
464 24 7 -1 0
465 52 13 0 -1
466 45 19 0 1
467 24 0 0 -1
468 20 6 0 1
469 39 6 0 -1
470 20 5 1 0
471 20 12 -1 0
472 36 25 -1 0
473 41 27 0 1
474 40 24 1 0
475 37 4 0 -1
476 41 22 0 1
477 27 14 -1 0
478 29 38 0 -1
479 32 33 1 0
480 36 36 1 0
481 28 38 0 1
482 49 19 0 1
483 4 36 0 -1
484 20 14 1 0
485 22 11 0 -1
486 35 0 0 -1
487 41 26 0 -1
488 37 39 0 -1
489 41 21 0 -1
490 37 23 0 -1
491 23 22 0 -1
492 41 1 0 1
493 12 2 0 -1
494 27 24 1 0
495 44 37 -1 0
496 39 31 0 1
497 24 18 0 1
498 30 22 0 -1
499 56 6 1 0
500 33 20 1 0
501 20 37 1 0
502 25 15 0 1
503 16 11 1 0
504 45 6 0 -1
505 36 21 0 1
506 25 9 1 0
507 19 1 -1 0
508 35 20 0 -1
509 35 11 0 -1
510 27 10 -1 0
511 27 25 0 -1
512 27 13 0 -1
513 27 10 1 0
514 22 12 0 -1
515 45 13 -1 0
516 19 10 0 1
517 21 1 -1 0
518 94 26 0 -1
519 45 23 0 -1
520 32 30 0 1
521 25 7 1 0
522 35 28 0 -1
523 37 30 -1 0
524 25 18 -1 0
525 33 19 -1 0
526 38 29 -1 0
527 44 22 0 1
528 30 30 0 1
529 18 27 1 0
530 42 38 0 1
531 46 3 0 -1
532 43 38 1 0
533 39 19 1 0
534 50 5 -1 0
535 24 2 1 0
536 20 15 0 -1
537 36 2 -1 0
538 19 15 1 0
539 40 34 1 0
540 23 13 0 1
541 30 4 0 -1
542 39 16 -1 0
543 49 3 -1 0
544 45 14 1 0
545 27 15 0 1
546 22 5 0 1
547 62 4 0 1
548 26 13 0 -1
549 71 2 1 0
550 44 1 -1 0
551 42 37 -1 0
552 38 1 0 1
553 44 33 -1 0
554 20 16 1 0
555 35 31 -1 0
556 29 27 1 0
557 19 11 1 0
558 40 17 0 1
559 15 31 0 -1
560 24 9 -1 0
561 43 19 -1 0
562 38 37 1 0
563 29 16 0 -1
564 23 1 1 0
565 40 31 1 0
566 27 18 -1 0
567 25 4 0 1
568 5 31 0 -1
569 28 17 0 -1
570 27 30 1 0
571 39 20 1 0
572 36 26 0 1
573 27 19 1 0
574 42 39 1 0
575 26 19 1 0
576 39 39 -1 0
577 30 19 0 -1
578 31 11 0 1
579 32 9 0 1
580 25 5 1 0
581 26 4 1 0
582 13 13 0 -1
583 24 22 0 -1
584 27 33 0 1
585 35 17 -1 0
586 26 23 1 0
587 38 10 0 -1
588 46 0 0 -1
589 17 6 0 1
590 49 23 0 1
591 25 21 0 1
592 29 0 1 0
593 30 14 0 1
594 26 8 0 1
595 25 36 0 -1
596 35 33 0 1
597 40 27 0 1
598 34 24 0 -1
599 42 22 0 1
600 38 25 0 1
601 45 0 1 0
602 49 5 -1 0
603 41 2 -1 0
604 76 32 0 -1
605 47 6 1 0
606 20 9 0 1
607 78 22 -1 0
608 43 33 -1 0
609 35 20 1 0
610 36 36 1 0
611 68 37 0 -1
612 27 24 1 0
613 36 3 0 -1
614 29 25 1 0
615 44 28 -1 0
616 92 17 0 1
617 53 8 0 -1
618 29 10 0 1
619 43 25 0 -1
620 46 20 0 1
621 37 22 1 0
622 30 11 1 0
623 34 18 -1 0
624 49 25 0 -1
625 23 9 0 1
626 38 22 -1 0
627 56 34 1 0
628 33 17 0 1
629 31 32 0 1
630 27 35 1 0
631 29 6 1 0
632 29 4 0 -1
633 36 6 -1 0
634 42 20 -1 0
635 61 18 1 0
636 32 30 0 1
637 26 22 1 0
638 31 16 0 1
639 32 3 1 0
640 35 16 0 1
641 50 26 0 -1
642 18 9 -1 0
643 24 35 1 0
644 65 35 -1 0
645 47 5 0 -1
646 19 0 0 -1
647 41 33 1 0
648 30 32 0 1
649 37 28 0 -1
650 88 38 -1 0
651 25 4 0 1
652 23 21 1 0
653 20 1 0 -1
654 37 20 0 -1
655 23 38 0 1
656 34 2 1 0
657 64 19 0 -1
658 38 31 0 1
659 73 14 1 0
660 24 21 -1 0
661 37 20 0 -1
662 35 32 -1 0
663 32 10 -1 0
664 36 1 -1 0
665 23 9 -1 0
666 80 16 0 1
667 37 9 0 1
668 21 0 0 -1
669 42 1 0 -1
670 34 32 -1 0
671 39 3 1 0
672 27 12 -1 0
673 53 1 -1 0
674 33 18 0 1
675 24 35 1 0
676 29 36 1 0
677 40 34 0 -1
678 33 17 -1 0
679 29 32 1 0
680 23 26 -1 0
681 99 17 0 -1
682 18 0 0 1
683 39 18 0 -1
684 42 20 -1 0
685 28 6 0 1
686 32 16 1 0
687 35 9 -1 0
688 39 38 -1 0
689 39 0 1 0
690 19 38 1 0
691 19 9 0 1
692 41 39 0 1
693 31 6 1 0
694 21 17 1 0
695 45 6 1 0
696 25 10 -1 0
697 65 1 1 0
698 42 23 0 1
699 30 5 -1 0
700 27 39 1 0
701 32 20 0 1
702 32 32 1 0
703 41 32 0 1
704 36 12 0 -1
705 30 31 0 1
706 45 7 0 -1
707 90 39 1 0
708 38 11 -1 0
709 38 36 -1 0
710 25 17 0 -1
711 20 11 0 -1
712 37 27 -1 0
713 21 11 0 -1
714 27 21 0 -1
715 37 38 -1 0
716 29 13 0 -1
717 17 18 -1 0
718 29 21 1 0
719 35 25 1 0
720 31 2 0 1
721 29 14 1 0
722 27 25 0 -1
723 28 37 0 -1
724 37 3 0 1
725 41 0 -1 0
726 24 4 0 1
727 27 34 1 0
728 33 39 -1 0
729 26 10 -1 0
730 34 14 0 -1
731 23 13 0 1
732 40 25 0 1
733 32 22 0 -1
734 24 10 0 1
735 19 10 0 -1
736 31 1 -1 0
737 34 21 -1 0
738 32 1 0 1
739 84 23 1 0
740 31 1 1 0
741 37 15 1 0
742 28 23 0 1
743 37 14 0 1
744 35 37 1 0
745 28 0 -1 0
746 41 25 -1 0
747 24 9 0 -1
748 54 1 1 0
749 15 39 -1 0
750 38 1 -1 0
751 30 11 0 1
752 19 7 1 0
753 51 17 1 0
754 94 37 -1 0
755 36 9 1 0
756 48 36 1 0
757 37 11 1 0
758 32 14 0 1
759 39 26 0 -1
760 41 33 -1 0
761 24 29 0 -1
762 34 5 1 0
763 19 37 0 1
764 27 14 -1 0
765 86 4 -1 0
766 49 30 0 1
767 35 39 0 -1
768 38 15 -1 0
769 32 1 0 1
770 37 26 0 1
771 41 17 -1 0
772 26 37 1 0
773 44 3 1 0
774 71 18 1 0
775 31 32 1 0
776 29 18 0 -1
777 41 34 1 0
778 31 39 0 1
779 14 24 1 0
780 20 14 0 -1
781 30 24 0 1
782 95 27 0 -1
783 27 16 0 -1
784 23 38 -1 0
785 43 0 -1 0
786 36 39 0 -1
787 98 35 1 0
788 44 39 0 1
789 37 28 0 -1
790 39 32 -1 0
791 5 10 -1 0
792 34 11 0 -1
793 24 33 1 0
794 44 20 1 0
795 11 29 1 0
796 26 11 -1 0
797 41 3 0 -1
798 30 4 0 1
799 39 5 0 -1
800 42 16 -1 0
801 40 2 -1 0
802 26 14 -1 0
803 20 2 0 -1
804 30 37 0 1
805 38 28 1 0
806 16 12 0 -1
807 40 31 -1 0
808 34 5 1 0
809 25 22 0 -1
810 32 21 0 1
811 34 0 0 1
812 35 27 -1 0
813 52 20 0 1
814 25 14 -1 0
815 42 23 -1 0
816 39 39 0 1
817 42 33 0 1
818 31 2 0 -1
819 68 34 0 -1
820 22 3 1 0
821 18 8 0 1
822 22 17 0 1
823 40 1 -1 0
824 34 19 0 1
825 39 24 0 -1
826 67 15 0 1
827 31 38 1 0
828 23 21 1 0
829 38 23 0 1
830 37 18 -1 0
831 22 12 0 -1
832 32 2 0 1
833 39 23 1 0
834 32 14 0 1
835 45 39 0 -1
836 39 1 1 0
837 10 13 -1 0
838 40 4 0 -1
839 87 38 1 0
840 89 33 0 -1
841 31 31 1 0
842 17 12 0 -1
843 36 10 0 1
844 25 34 1 0
845 19 39 0 -1
846 66 21 1 0
847 36 23 0 1
848 23 19 0 -1
849 38 24 1 0
850 40 38 -1 0
851 43 34 -1 0
852 30 21 0 -1
853 32 37 -1 0
854 40 38 0 -1
855 56 6 0 1
856 40 17 0 1
857 42 14 0 1
858 27 4 0 1
859 21 19 1 0
860 37 3 1 0
861 46 4 -1 0
862 18 12 -1 0
863 40 31 0 1
864 35 0 1 0
865 31 5 1 0
866 48 5 0 -1
867 25 18 0 -1
868 28 26 0 -1
869 37 29 1 0
870 27 18 0 1
871 26 35 0 -1
872 28 39 0 1
873 99 4 -1 0
874 36 5 -1 0
875 29 18 0 -1
876 32 6 1 0
877 40 33 1 0
878 23 21 1 0
879 9 31 0 1
880 47 37 -1 0
881 88 2 -1 0
882 24 19 -1 0
883 38 34 -1 0
884 24 33 0 1
885 19 9 0 1
886 16 11 0 -1
887 51 14 1 0
888 21 7 0 -1
889 38 25 0 -1
890 22 37 0 1
891 23 2 0 1
892 45 24 -1 0
893 23 14 0 1
894 39 37 0 1
895 37 37 1 0
896 44 29 0 -1
897 28 18 0 1
898 25 11 0 1
899 36 19 -1 0
900 30 7 0 -1
901 29 32 1 0
902 37 23 -1 0
903 28 10 0 -1
904 42 19 0 1
905 32 11 -1 0
906 29 15 0 -1
907 26 11 0 1
908 27 38 1 0
909 36 11 0 -1
910 22 2 1 0
911 39 35 0 -1
912 38 34 0 1
913 91 35 -1 0
914 35 33 1 0
915 22 17 0 1
916 36 39 1 0
917 38 33 1 0
918 28 2 -1 0
919 37 2 0 1
920 6 24 0 -1
921 31 13 0 1
922 19 9 0 1
923 37 17 0 1
924 1 0 0 1
925 45 36 0 1
926 17 13 1 0
927 18 38 0 1
928 21 14 0 1
929 35 26 -1 0
930 24 38 0 1
931 38 21 0 -1
932 45 5 -1 0
933 46 21 0 -1
934 31 10 1 0
935 27 22 -1 0
936 15 31 0 -1
937 35 26 1 0
938 34 8 0 1
939 30 17 0 1
940 22 24 -1 0
941 25 38 0 1
942 27 11 0 -1
943 38 36 -1 0
944 39 17 0 1
945 38 33 1 0
946 15 17 0 1
947 43 18 -1 0
948 43 22 -1 0
949 97 23 1 0
950 23 11 0 1
951 48 10 -1 0
952 41 23 1 0
953 21 5 0 1
954 30 24 0 1
955 35 1 0 -1
956 21 13 1 0
957 42 28 0 -1
958 36 16 1 0
959 35 13 1 0
960 37 18 -1 0
961 40 21 0 -1
962 44 34 -1 0
963 36 24 0 -1
964 40 23 0 1
965 44 2 1 0
966 41 23 0 1
967 34 3 -1 0
968 32 9 0 1
969 41 28 1 0
970 36 35 0 -1
971 36 24 -1 0
972 25 17 -1 0
973 30 12 0 -1
974 31 18 0 -1
975 23 14 0 1
976 37 2 -1 0
977 27 21 0 1
978 43 37 -1 0
979 25 1 -1 0
980 43 2 0 1
981 20 0 0 -1
982 50 18 0 -1
983 24 11 0 1
984 32 4 0 1
985 31 24 1 0
986 23 18 1 0
987 17 10 -1 0
988 46 2 0 1
989 35 18 1 0
990 41 18 0 -1
991 35 12 0 -1
992 39 21 0 -1
993 25 12 -1 0
994 43 21 1 0
995 37 14 0 1
996 26 15 1 0
997 22 36 -1 0
998 41 15 0 1
999 34 10 1 0
1000 36 9 0 1
1001 44 24 0 -1
1002 31 37 1 0
1003 20 6 0 1
1004 25 6 0 1
1005 28 25 0 -1
1006 17 8 1 0
1007 30 29 0 1
1008 31 34 0 1
1009 30 35 0 1
1010 43 28 -1 0
1011 31 13 -1 0
1012 42 33 1 0
1013 37 3 0 -1
1014 44 26 -1 0
1015 48 5 0 -1
1016 29 25 0 -1
1017 19 21 1 0
1018 17 10 0 1
1019 43 20 0 1
1020 40 27 1 0
1021 32 32 1 0
1022 35 23 -1 0
1023 37 16 -1 0
1024 43 18 -1 0
1025 31 12 0 1
1026 6 10 -1 0
1027 24 2 1 0
1028 39 4 0 -1
1029 12 22 1 0
1030 26 9 -1 0
1031 5 35 -1 0
1032 28 8 -1 0
1033 31 13 -1 0
1034 24 7 -1 0
1035 90 37 -1 0
1036 26 25 1 0
1037 44 27 0 1
1038 27 0 -1 0
1039 22 2 1 0
1040 30 36 0 1
1041 44 23 -1 0
1042 54 26 1 0
1043 31 25 0 1
1044 26 6 0 -1
1045 36 33 0 1
1046 29 11 -1 0
1047 22 32 -1 0
1048 37 26 0 1
1049 30 2 -1 0
1050 40 5 0 -1
1051 45 25 0 -1
1052 33 18 0 1
1053 36 39 0 1
1054 27 7 1 0
1055 31 6 0 -1
1056 38 5 0 -1
1057 24 13 -1 0
1058 28 21 0 -1
1059 35 9 0 1
1060 26 36 0 -1
1061 41 29 0 1
1062 42 18 0 1
1063 46 22 -1 0
1064 18 10 0 -1
1065 28 12 0 -1
1066 20 13 0 -1
1067 34 16 0 1
1068 22 6 0 1
1069 35 22 -1 0
1070 38 35 0 1
1071 45 25 -1 0
1072 38 27 0 -1
1073 17 0 1 0
1074 42 38 0 -1
1075 36 16 0 1
1076 31 7 0 1
1077 35 34 0 1
1078 19 1 0 -1
1079 23 15 -1 0
1080 5 6 -1 0
1081 46 17 -1 0
1082 21 6 1 0
1083 38 25 0 -1
1084 47 12 0 -1
1085 27 4 0 1
1086 31 25 -1 0
1087 24 23 0 -1
1088 28 4 0 -1
1089 26 39 0 1
1090 20 18 1 0
1091 26 2 0 -1
1092 30 1 1 0
1093 29 39 1 0
1094 30 0 0 1
1095 28 0 -1 0
1096 27 10 -1 0
1097 29 26 -1 0
1098 46 36 -1 0
1099 29 10 0 1
1100 38 9 0 -1
1101 23 6 1 0
1102 27 28 1 0
1103 38 26 0 -1
1104 45 20 0 1
1105 26 25 1 0
1106 41 18 0 -1
1107 38 11 0 -1
1108 31 19 0 -1
1109 24 20 -1 0
1110 37 19 0 1
1111 36 37 0 1
1112 34 7 0 -1
1113 3 35 1 0
1114 29 22 -1 0
1115 29 1 0 -1
1116 40 36 0 1
1117 25 12 -1 0
1118 26 12 -1 0
1119 36 15 1 0
1120 40 15 0 -1
1121 32 0 0 1
1122 33 20 1 0
1123 27 32 0 1
1124 37 8 0 1
1125 32 15 -1 0
1126 26 7 -1 0
1127 41 35 1 0
1128 23 34 1 0
1129 24 14 1 0
1130 41 4 -1 0
1131 49 9 1 0
1132 32 9 -1 0
1133 42 2 -1 0
1134 24 16 1 0
1135 28 36 1 0
1136 41 1 -1 0
1137 51 29 0 -1
1138 33 16 0 1
1139 42 16 0 -1
1140 21 17 0 -1
1141 35 30 0 1
1142 23 20 1 0
1143 30 32 1 0
1144 27 1 0 1
1145 44 28 0 -1
1146 41 24 1 0
1147 24 20 0 -1
1148 27 1 1 0
1149 29 37 1 0
1150 31 34 0 1
1151 34 15 0 1
1152 41 15 1 0
1153 39 28 0 1
1154 41 21 0 1
1155 43 24 -1 0
1156 55 18 1 0
1157 26 23 0 -1
1158 31 34 0 -1
1159 42 14 0 1
1160 38 4 1 0
1161 41 38 0 -1
1162 31 0 1 0
1163 68 10 1 0
1164 18 2 0 -1
1165 88 38 1 0
1166 30 6 1 0
1167 20 8 -1 0
1168 22 21 1 0
1169 39 0 1 0
1170 25 11 0 1
1171 40 35 0 1
1172 43 25 0 -1
1173 24 39 0 -1
1174 38 24 1 0
1175 37 4 0 -1
1176 18 11 0 -1
1177 26 35 0 -1
1178 36 12 0 1
1179 26 0 0 1
1180 17 10 0 -1
1181 34 22 0 -1
1182 60 26 -1 0
1183 80 32 -1 0
1184 41 39 1 0
1185 38 3 -1 0
1186 40 30 0 1
1187 43 33 -1 0
1188 21 14 0 1
1189 31 22 -1 0
1190 19 11 1 0
1191 16 9 0 1
1192 16 9 1 0
1193 71 21 1 0
1194 18 11 1 0
1195 51 29 0 1
1196 44 36 0 1
1197 21 16 1 0
1198 27 6 0 -1
1199 21 15 0 1
1200 94 35 -1 0
1201 28 22 0 1
1202 32 3 0 1
1203 29 17 -1 0
1204 41 38 0 -1
1205 29 23 0 1
1206 21 37 1 0
1207 31 15 0 1
1208 18 7 0 1
1209 37 28 0 1
1210 36 7 -1 0
1211 75 39 0 1
1212 43 7 0 -1
1213 39 20 0 1
1214 24 12 0 -1
1215 29 21 0 -1
1216 29 7 -1 0
1217 24 15 0 1
1218 38 35 0 1
1219 46 37 -1 0
1220 22 16 0 1
1221 43 36 1 0
1222 38 30 0 -1
1223 28 11 0 -1
1224 42 3 0 -1
1225 21 37 0 1
1226 43 39 -1 0
1227 42 27 1 0
1228 39 17 0 1
1229 30 37 0 -1
1230 19 14 0 -1
1231 31 4 0 -1
1232 36 11 0 -1
1233 29 11 -1 0
1234 43 7 0 -1
1235 24 20 -1 0
1236 30 20 0 -1
1237 21 3 0 1
1238 42 11 -1 0
1239 38 19 0 -1
1240 20 7 0 -1
1241 40 26 0 -1
1242 77 34 0 -1
1243 23 17 0 1
1244 15 14 1 0
1245 88 31 0 -1
1246 6 23 1 0
1247 35 35 0 -1
1248 49 5 -1 0
1249 28 36 1 0
1250 25 12 -1 0
1251 38 23 1 0
1252 31 39 1 0
1253 39 24 -1 0
1254 26 5 -1 0
1255 26 37 -1 0
1256 22 19 0 -1
1257 45 20 -1 0
1258 36 16 0 -1
1259 34 12 0 1
1260 43 1 0 1
1261 36 31 -1 0
1262 21 16 -1 0
1263 77 22 0 1
1264 42 14 0 1
1265 38 16 -1 0
1266 28 23 -1 0
1267 44 34 -1 0
1268 33 9 1 0
1269 21 11 -1 0
1270 45 37 0 1
1271 31 8 -1 0
1272 43 23 1 0
1273 17 11 1 0
1274 22 8 1 0
1275 11 20 0 1
1276 35 35 0 -1
1277 39 4 1 0
1278 23 16 -1 0
1279 28 4 -1 0
1280 1 32 0 1
1281 43 24 -1 0
1282 34 17 0 -1
1283 30 18 -1 0
1284 24 39 -1 0
1285 36 13 0 1
1286 26 1 1 0
1287 31 33 0 -1
1288 37 19 -1 0
1289 24 21 0 -1
1290 76 0 -1 0
1291 35 39 1 0
1292 35 1 1 0
1293 44 27 0 -1
1294 40 12 -1 0
1295 24 1 1 0
1296 27 23 1 0
1297 42 37 1 0
1298 26 34 0 1
1299 48 20 -1 0
1300 29 20 1 0
1301 21 7 -1 0
1302 42 25 -1 0
1303 17 21 1 0
1304 83 22 0 1
1305 46 6 1 0
1306 41 19 0 1
1307 90 36 1 0
1308 23 5 -1 0
1309 24 12 0 1
1310 30 21 -1 0
1311 20 17 0 -1
1312 40 16 -1 0
1313 17 9 1 0
1314 40 12 -1 0
1315 31 28 1 0
1316 21 11 1 0
1317 30 25 1 0
1318 46 7 0 -1
1319 49 26 -1 0
1320 26 8 0 1
1321 70 5 -1 0
1322 27 17 1 0
1323 38 39 0 -1
1324 38 32 0 1
1325 27 33 1 0
1326 29 5 -1 0
1327 22 13 -1 0
1328 32 5 0 -1
1329 47 9 0 -1
1330 36 14 0 1
1331 28 24 0 1
1332 29 15 0 1
1333 40 29 -1 0
1334 37 0 -1 0
1335 25 36 0 -1
1336 45 24 0 1
1337 32 36 -1 0
1338 40 29 1 0
1339 22 16 -1 0
1340 16 31 0 -1
1341 40 20 1 0
1342 27 16 -1 0
1343 46 1 0 1
1344 38 2 0 1
1345 35 15 1 0
1346 38 4 -1 0
1347 32 13 -1 0
1348 34 8 -1 0
1349 30 19 0 1
1350 24 5 0 1
1351 42 24 1 0
1352 84 36 1 0
1353 52 20 0 1
1354 48 3 0 1
1355 29 5 0 -1
1356 24 10 0 1
1357 32 31 1 0
1358 25 20 0 1
1359 38 38 -1 0
1360 36 34 1 0
1361 32 16 -1 0
1362 39 22 0 -1
1363 22 39 -1 0
1364 46 5 0 1
1365 26 18 1 0
1366 40 33 -1 0
1367 25 34 1 0
1368 23 34 1 0
1369 24 19 -1 0
1370 23 19 0 -1
1371 36 33 0 1
1372 31 19 -1 0
1373 25 20 0 1
1374 26 4 1 0
1375 36 23 1 0
1376 34 17 0 1
1377 6 32 -1 0
1378 34 11 0 -1
1379 36 33 -1 0
1380 34 15 0 -1
1381 32 30 -1 0
1382 42 20 0 -1
1383 71 36 -1 0
1384 62 15 0 1
1385 32 20 -1 0
1386 39 38 -1 0
1387 39 0 0 1
1388 44 3 0 -1
1389 17 11 1 0
1390 4 30 1 0
1391 17 38 1 0
1392 39 33 1 0
1393 30 15 0 -1
1394 47 39 -1 0
1395 40 28 0 -1
1396 21 5 0 1
1397 36 36 0 1
1398 30 13 0 -1
1399 37 11 0 -1
1400 3 32 0 1
1401 26 0 0 1
1402 37 27 0 -1
1403 35 11 -1 0
1404 46 4 1 0
1405 34 5 0 1
1406 25 37 0 1
1407 44 5 0 -1
1408 37 10 0 -1
1409 21 39 0 -1
1410 30 15 -1 0
1411 21 7 0 -1
1412 68 16 0 1
1413 44 21 1 0
1414 44 2 0 1
1415 31 28 1 0
1416 41 36 -1 0
1417 24 36 1 0
1418 40 28 0 1
1419 22 13 0 -1
1420 28 22 1 0
1421 33 19 0 -1
1422 27 13 0 1
1423 39 6 0 -1
1424 24 10 0 1
1425 29 16 0 1
1426 20 13 0 -1
1427 16 37 0 -1
1428 21 38 0 -1
1429 23 8 1 0
1430 21 6 1 0
1431 28 27 0 -1
1432 40 28 -1 0
1433 34 24 -1 0
1434 32 7 1 0
1435 81 36 0 1
1436 29 31 0 1
1437 19 8 0 1
1438 40 36 0 1
1439 24 6 -1 0
1440 96 33 -1 0
1441 41 2 0 1
1442 23 22 1 0
1443 62 21 1 0
1444 19 16 1 0
1445 25 13 0 1
1446 42 15 -1 0
1447 36 37 -1 0
1448 40 21 0 -1
1449 46 6 1 0
1450 39 2 0 -1
1451 17 7 0 1
1452 32 24 1 0
1453 40 37 1 0
1454 45 27 0 -1
1455 97 14 0 1
1456 46 1 0 -1
1457 45 39 1 0
1458 46 21 -1 0
1459 42 18 -1 0
1460 36 3 -1 0
1461 19 4 0 -1
1462 19 0 1 0
1463 23 22 0 -1
1464 40 18 0 1
1465 38 8 0 1
1466 34 13 0 -1
1467 39 36 1 0
1468 23 0 -1 0
1469 25 20 -1 0
1470 41 5 -1 0
1471 35 34 0 -1
1472 32 32 0 1
1473 46 19 1 0
1474 69 9 0 1
1475 39 36 0 -1
1476 39 6 0 -1
1477 36 27 1 0
1478 43 29 0 -1
1479 28 32 1 0
1480 42 7 -1 0
1481 25 23 -1 0
1482 31 12 1 0
1483 44 6 1 0
1484 16 32 0 -1
1485 20 38 -1 0
1486 39 17 0 -1
1487 20 2 0 -1
1488 26 33 0 1
1489 25 21 -1 0
1490 25 10 -1 0
1491 6 23 0 1
1492 38 17 0 -1
1493 28 38 0 1
1494 32 36 1 0
1495 34 21 1 0
1496 31 18 0 -1
1497 32 34 -1 0
1498 43 7 0 -1
1499 21 0 0 -1
1500 46 2 0 1
1501 41 19 0 -1
1502 23 20 1 0
1503 40 2 1 0
1504 22 23 -1 0
1505 36 27 0 -1
1506 38 18 1 0
1507 34 19 -1 0
1508 42 17 0 1
1509 18 13 1 0
1510 34 17 0 -1
1511 17 39 1 0
1512 21 9 0 -1
1513 24 18 0 1
1514 26 6 0 -1
1515 35 15 0 1
1516 42 24 0 -1
1517 26 34 -1 0
1518 41 27 1 0
1519 25 11 0 1
1520 30 34 0 1
1521 47 3 -1 0
1522 38 17 0 -1
1523 27 37 0 -1
1524 23 1 0 1
1525 40 2 0 1
1526 42 29 -1 0
1527 17 3 1 0
1528 33 18 0 -1
1529 40 0 0 1
1530 34 4 0 1
1531 58 9 0 1
1532 44 18 -1 0
1533 45 22 0 -1
1534 21 17 1 0
1535 42 37 -1 0
1536 22 38 -1 0
1537 48 6 0 -1
1538 20 37 0 1
1539 32 8 -1 0
1540 18 11 0 -1
1541 39 24 -1 0
1542 44 21 1 0
1543 29 31 1 0
1544 20 11 0 -1
1545 28 13 0 1
1546 40 39 0 1
1547 30 19 0 -1
1548 35 1 1 0
1549 41 28 1 0
1550 43 35 0 -1
1551 46 7 -1 0
1552 35 26 0 1
1553 72 23 1 0
1554 20 2 0 -1
1555 35 2 0 -1
1556 19 39 0 -1
1557 18 8 1 0
1558 39 19 0 1
1559 4 9 -1 0
1560 39 31 0 1
1561 25 14 0 -1
1562 23 10 1 0
1563 31 26 -1 0
1564 25 6 1 0
1565 40 5 0 -1
1566 75 7 0 1
1567 43 21 -1 0
1568 24 35 1 0
1569 6 8 0 -1
1570 29 24 -1 0
1571 37 35 0 -1
1572 45 4 0 -1
1573 29 8 1 0
1574 29 19 0 -1
1575 69 36 1 0
1576 45 24 -1 0
1577 31 3 0 -1
1578 45 1 -1 0
1579 31 35 0 -1
1580 41 2 1 0
1581 39 29 0 -1
1582 41 25 1 0
1583 46 14 0 -1
1584 28 1 -1 0
1585 48 3 0 1
1586 43 19 0 1
1587 41 0 0 1
1588 17 7 0 1
1589 36 11 0 -1
1590 1 6 1 0
1591 29 34 0 1
1592 35 19 1 0
1593 26 4 0 -1
1594 18 13 0 -1
1595 91 38 0 1
1596 86 37 1 0
1597 36 35 0 -1
1598 35 4 -1 0
1599 41 34 0 1
1600 51 2 1 0
1601 31 10 0 -1
1602 48 5 -1 0
1603 37 23 0 -1
1604 37 8 1 0
1605 41 26 -1 0
1606 27 37 1 0
1607 41 5 0 -1
1608 21 15 0 -1
1609 25 15 1 0
1610 38 10 0 -1
1611 40 22 0 -1
1612 35 17 -1 0
1613 32 37 0 -1
1614 37 36 0 -1
1615 40 27 0 1
1616 47 22 -1 0
1617 35 5 1 0
1618 36 38 1 0
1619 39 16 0 -1
1620 28 35 1 0
1621 31 36 -1 0
1622 21 2 -1 0
1623 29 33 1 0
1624 35 22 1 0
1625 27 5 0 1
1626 19 11 0 1
1627 23 12 1 0
1628 31 2 1 0
1629 42 21 0 -1
1630 47 4 1 0
1631 31 12 -1 0
1632 71 4 0 -1
1633 34 6 0 1
1634 27 2 0 1
1635 44 22 0 -1
1636 45 5 0 -1
1637 30 35 -1 0
1638 32 11 1 0
1639 30 38 0 -1
1640 27 33 0 1
1641 30 26 1 0
1642 38 19 -1 0
1643 42 3 0 -1
1644 39 34 -1 0
1645 44 32 1 0
1646 31 21 0 -1
1647 43 29 1 0
1648 20 15 0 -1
1649 27 25 1 0
1650 42 15 0 1
1651 43 37 1 0
1652 29 15 1 0
1653 36 4 1 0
1654 42 34 1 0
1655 22 6 1 0
1656 21 8 0 1
1657 18 0 0 -1
1658 39 8 -1 0
1659 28 15 -1 0
1660 26 16 -1 0
1661 47 2 0 1
1662 30 7 -1 0
1663 42 39 -1 0
1664 32 10 1 0
1665 30 4 0 -1
1666 31 23 0 -1
1667 34 22 0 1
1668 23 19 0 -1
1669 29 20 1 0
1670 38 18 -1 0
1671 45 26 0 -1
1672 25 7 -1 0
1673 35 34 -1 0
1674 31 3 0 -1
1675 44 20 -1 0
1676 19 13 0 -1
1677 27 20 0 -1
1678 43 22 1 0
1679 19 38 1 0
1680 65 17 1 0
1681 35 17 -1 0
1682 19 12 1 0
1683 40 13 0 1
1684 39 16 1 0
1685 45 35 0 1
1686 41 31 -1 0
1687 26 21 -1 0
1688 34 19 1 0
1689 27 15 0 -1
1690 37 18 0 -1
1691 19 10 0 -1
1692 25 16 1 0
1693 46 38 0 1
1694 44 23 -1 0
1695 30 12 -1 0
1696 39 30 0 -1
1697 16 10 1 0
1698 11 39 0 1
1699 42 17 0 1
1700 20 13 0 -1
1701 21 9 0 -1
1702 38 21 0 1
1703 37 22 1 0
1704 42 0 0 -1
1705 49 3 -1 0
1706 31 18 1 0
1707 77 36 0 -1
1708 30 7 -1 0
1709 20 7 1 0
1710 84 16 1 0
1711 30 30 0 1
1712 32 18 0 -1
1713 30 20 0 -1
1714 32 2 0 1
1715 23 4 0 1
1716 25 28 0 1
1717 26 38 0 1
1718 33 19 0 1
1719 31 31 0 1
1720 27 5 0 -1
1721 28 19 0 -1
1722 28 14 -1 0
1723 19 2 1 0
1724 36 5 1 0
1725 33 20 1 0
1726 17 12 1 0
1727 27 17 1 0
1728 27 38 -1 0
1729 36 0 0 -1
1730 68 31 0 1
1731 21 12 0 1
1732 24 9 -1 0
1733 37 16 0 1
1734 37 1 1 0
1735 40 16 0 1
1736 18 13 0 -1
1737 38 30 0 1
1738 39 37 1 0
1739 35 25 -1 0
1740 40 35 1 0
1741 27 22 0 1
1742 26 26 1 0
1743 76 11 0 -1
1744 26 3 0 1
1745 34 9 1 0
1746 34 7 0 -1
1747 44 37 0 -1
1748 24 37 0 1
1749 30 39 -1 0
1750 20 3 0 -1
1751 39 2 1 0
1752 28 17 0 1
1753 41 37 0 -1
1754 57 34 1 0
1755 27 39 0 -1
1756 17 9 0 1
1757 17 11 1 0
1758 26 7 0 1
1759 47 7 0 -1
1760 41 32 -1 0
1761 92 36 -1 0
1762 50 31 0 -1
1763 25 9 0 1
1764 47 18 0 -1
1765 46 5 0 -1
1766 20 36 0 1
1767 32 14 1 0
1768 34 1 1 0
1769 89 26 0 1
1770 61 1 0 1
1771 28 7 -1 0
1772 30 14 0 1
1773 18 25 0 -1
1774 24 17 0 1
1775 29 3 0 -1
1776 25 19 0 1
1777 31 17 -1 0
1778 35 13 1 0
1779 27 6 1 0
1780 30 10 0 -1
1781 31 32 0 1
1782 34 18 0 -1
1783 43 26 -1 0
1784 35 38 0 -1
1785 32 5 1 0
1786 81 27 0 1
1787 28 31 1 0
1788 24 6 1 0
1789 36 17 -1 0
1790 17 9 0 -1
1791 30 31 0 1
1792 20 10 0 1
1793 23 13 0 -1
1794 41 14 -1 0
1795 41 20 1 0
1796 19 12 0 -1
1797 43 34 0 -1
1798 80 22 0 -1
1799 29 21 1 0
1800 40 1 0 -1
1801 42 35 0 -1
1802 18 14 0 -1
1803 23 9 0 -1
1804 27 35 -1 0
1805 7 15 0 -1
1806 29 9 1 0
1807 31 0 -1 0
1808 8 0 0 -1
1809 87 14 0 1
1810 42 2 1 0
1811 32 17 0 -1
1812 22 2 -1 0
1813 19 2 0 -1
1814 47 10 0 -1
1815 34 20 -1 0
1816 39 37 0 1
1817 19 13 0 -1
1818 45 5 -1 0
1819 18 36 1 0
1820 41 23 0 -1
1821 32 11 1 0
1822 36 21 -1 0
1823 31 4 0 -1
1824 40 29 0 -1
1825 37 39 0 1
1826 22 0 0 -1
1827 26 21 -1 0
1828 38 29 0 1
1829 33 21 0 -1
1830 27 35 1 0
1831 25 23 1 0
1832 40 24 1 0
1833 41 34 -1 0
1834 20 0 0 -1
1835 22 0 -1 0
1836 38 2 1 0
1837 40 19 1 0
1838 24 0 1 0
1839 30 22 0 -1
1840 25 37 0 1
1841 41 5 -1 0
1842 28 36 0 -1
1843 32 39 1 0
1844 45 31 -1 0
1845 23 35 1 0
1846 26 19 0 1
1847 28 23 1 0
1848 17 12 1 0
1849 36 15 0 -1
1850 36 32 -1 0
1851 23 4 -1 0
1852 48 4 0 1
1853 83 25 1 0
1854 44 0 0 -1
1855 35 3 1 0
1856 24 18 0 -1
1857 23 11 -1 0
1858 40 0 -1 0
1859 20 38 -1 0
1860 31 5 0 1
1861 29 22 -1 0
1862 30 9 1 0
1863 38 13 -1 0
1864 38 20 -1 0
1865 34 12 -1 0
1866 5 14 1 0
1867 15 29 0 1
1868 22 24 0 -1
1869 46 35 -1 0
1870 38 35 0 -1
1871 31 14 0 1
1872 22 10 0 -1
1873 24 11 0 1
1874 29 30 1 0
1875 43 36 1 0
1876 32 4 0 -1
1877 43 37 0 -1
1878 43 33 0 1
1879 37 39 -1 0
1880 21 18 0 1
1881 47 37 0 -1
1882 44 35 0 1
1883 35 10 1 0
1884 48 12 0 -1
1885 28 37 0 1
1886 41 24 0 -1
1887 41 30 0 -1
1888 60 13 0 -1
1889 37 34 -1 0
1890 28 33 0 1
1891 30 3 -1 0
1892 28 11 1 0
1893 46 3 0 -1
1894 40 0 -1 0
1895 39 19 1 0
1896 25 35 0 1
1897 36 19 1 0
1898 96 21 0 1
1899 14 28 -1 0
1900 24 16 1 0
1901 24 5 0 1
1902 35 10 0 -1
1903 19 28 1 0
1904 37 34 1 0
1905 24 36 0 1
1906 16 8 0 1
1907 30 6 -1 0
1908 37 27 0 -1
1909 46 21 -1 0
1910 20 3 0 -1
1911 21 38 0 -1
1912 83 9 -1 0
1913 46 39 -1 0
1914 28 18 1 0
1915 8 27 -1 0
1916 39 1 0 -1
1917 36 20 0 -1
1918 43 4 1 0
1919 11 3 1 0
1920 46 22 -1 0
1921 38 8 -1 0
1922 44 26 0 -1
1923 38 11 -1 0
1924 28 37 -1 0
1925 37 0 0 1
1926 35 31 -1 0
1927 28 15 1 0
1928 26 18 -1 0
1929 71 12 1 0
1930 30 1 -1 0
1931 44 4 -1 0
1932 29 35 -1 0
1933 42 21 0 1
1934 22 5 0 -1
1935 21 5 1 0
1936 23 5 1 0
1937 38 30 -1 0
1938 30 8 0 1
1939 41 21 0 -1
1940 29 8 0 -1
1941 27 27 0 -1
1942 39 8 -1 0
1943 20 6 0 1
1944 19 12 1 0
1945 18 38 1 0
1946 22 7 -1 0
1947 34 10 1 0
1948 34 18 0 1
1949 38 7 0 1
1950 28 7 0 1
1951 43 38 1 0
1952 35 31 -1 0
1953 31 1 0 -1
1954 31 6 -1 0
1955 38 5 0 -1
1956 44 26 0 1
1957 32 33 -1 0
1958 22 17 0 1
1959 41 17 0 1
1960 29 35 0 1
1961 45 0 0 -1
1962 27 4 1 0
1963 36 14 -1 0
1964 16 9 0 1
1965 45 2 -1 0
1966 36 28 1 0
1967 39 29 0 -1
1968 37 29 0 -1
1969 27 15 1 0
1970 22 19 0 -1
1971 48 2 0 1
1972 16 18 1 0
1973 79 15 1 0
1974 45 21 0 1
1975 8 2 -1 0
1976 28 27 1 0
1977 45 36 -1 0
1978 28 34 1 0
1979 37 25 1 0
1980 25 22 0 1
1981 29 32 0 1
1982 39 5 0 -1
1983 30 33 0 -1
1984 47 22 -1 0
1985 43 3 0 1
1986 38 20 0 -1
1987 28 16 0 -1
1988 32 17 1 0
1989 20 39 0 -1
1990 28 18 0 1
1991 44 29 -1 0
1992 22 15 1 0
1993 22 8 0 -1
1994 43 35 0 -1
1995 27 6 0 -1
1996 21 36 0 1
1997 47 7 0 -1
1998 19 13 0 -1
1999 32 0 0 1
2000 32 22 1 0
2001 42 3 0 -1
2002 31 9 0 -1
2003 46 20 -1 0
2004 38 3 0 -1
2005 44 39 0 -1
2006 32 17 1 0
2007 40 20 0 1
2008 47 6 0 -1
2009 23 10 1 0
2010 27 3 1 0
2011 22 7 0 1
2012 46 6 0 -1
2013 63 22 0 -1
2014 19 3 0 -1
2015 58 27 1 0
2016 24 11 -1 0
2017 38 31 -1 0
2018 45 15 -1 0
2019 25 8 0 1
2020 25 19 0 1
2021 91 14 1 0
2022 19 37 -1 0
2023 18 12 0 1
2024 25 1 1 0
2025 29 9 -1 0
2026 35 19 0 1
2027 21 18 1 0
2028 23 3 -1 0
2029 46 15 0 -1
2030 29 24 0 -1
2031 32 6 0 1
2032 23 10 0 1
2033 29 34 1 0
2034 37 7 1 0
2035 84 6 1 0
2036 30 2 -1 0
2037 44 27 -1 0
2038 32 23 1 0
2039 37 24 -1 0
2040 25 9 1 0
2041 44 36 -1 0
2042 42 27 1 0
2043 20 17 0 1
2044 37 16 0 -1
2045 36 1 -1 0
2046 41 22 0 1
2047 26 3 1 0
2048 24 14 1 0
2049 24 14 -1 0
2050 43 1 0 1
2051 35 20 0 -1
2052 47 16 0 -1
2053 39 28 1 0
2054 32 19 1 0
2055 97 33 0 -1
2056 20 5 1 0
2057 28 16 0 -1
2058 30 3 -1 0
2059 28 35 0 1
2060 30 38 0 -1
2061 40 3 0 1
2062 29 0 -1 0
2063 42 18 0 1
2064 39 13 0 1
2065 29 19 1 0
2066 28 6 -1 0
2067 26 11 -1 0
2068 21 4 0 1
2069 16 39 0 -1
2070 43 26 -1 0
2071 24 34 0 1
2072 31 37 0 1
2073 34 24 0 -1
2074 41 9 -1 0
2075 23 18 1 0
2076 30 11 1 0
2077 43 17 -1 0
2078 40 5 -1 0
2079 26 9 0 1
2080 28 1 0 1
2081 30 25 -1 0
2082 21 18 1 0
2083 39 18 -1 0
2084 18 10 0 -1
2085 38 27 1 0
2086 25 6 -1 0
2087 38 38 0 1
2088 29 7 1 0
2089 27 0 -1 0
2090 20 39 0 -1
2091 39 34 0 -1
2092 42 17 -1 0
2093 37 22 1 0
2094 39 5 0 -1
2095 45 35 1 0
2096 38 39 0 1
2097 47 4 0 1
2098 38 3 1 0
2099 28 3 -1 0
2100 47 19 -1 0
2101 31 26 -1 0
2102 30 39 0 -1
2103 45 38 0 1
2104 23 36 0 1
2105 40 22 -1 0
2106 36 0 0 -1
2107 30 20 0 -1
2108 25 39 1 0
2109 34 23 1 0
2110 44 25 0 -1
2111 39 14 1 0
2112 40 14 0 1
2113 34 15 -1 0
2114 41 37 0 -1
2115 15 31 0 1
2116 29 3 0 -1
2117 31 22 1 0
2118 37 20 0 -1
2119 36 10 0 1
2120 29 12 0 -1
2121 38 28 1 0
2122 26 20 -1 0
2123 4 7 -1 0
2124 20 38 0 1
2125 30 26 1 0
2126 24 13 -1 0
2127 35 14 0 1
2128 21 10 1 0
2129 37 1 0 1
2130 29 4 -1 0
2131 80 4 0 -1
2132 45 21 0 -1
2133 27 20 1 0
2134 38 17 1 0
2135 25 39 -1 0
2136 46 0 0 -1
2137 39 15 1 0
2138 98 33 1 0
2139 43 2 0 -1
2140 40 23 0 1
2141 27 39 0 -1
2142 39 12 -1 0
2143 27 21 1 0
2144 32 18 -1 0
2145 31 16 -1 0
2146 43 20 -1 0
2147 20 12 0 -1
2148 33 23 0 -1
2149 25 14 -1 0
2150 24 34 1 0
2151 20 7 1 0
2152 23 16 0 1
2153 32 35 0 1
2154 45 3 0 1
2155 38 16 0 1
2156 24 37 1 0
2157 37 13 1 0
2158 30 23 0 -1
2159 22 14 0 1
2160 35 18 -1 0
2161 34 14 1 0
2162 30 6 1 0
2163 27 12 0 -1
2164 42 28 1 0
2165 16 8 1 0
2166 45 23 -1 0
2167 47 16 0 -1
2168 32 31 -1 0
2169 18 9 0 1
2170 26 1 -1 0
2171 45 2 1 0
2172 31 21 0 1
2173 24 19 -1 0
2174 45 22 0 -1
2175 49 3 -1 0
2176 46 32 1 0
2177 43 36 0 -1
2178 32 19 -1 0
2179 25 0 -1 0
2180 41 30 -1 0
2181 26 18 -1 0
2182 27 8 0 -1
2183 45 0 -1 0
2184 46 37 -1 0
2185 54 15 -1 0
2186 37 17 0 -1
2187 39 30 0 -1
2188 98 26 1 0
2189 31 21 0 1
2190 27 11 -1 0
2191 40 3 0 -1
2192 95 31 0 -1
2193 32 5 -1 0
2194 38 4 1 0
2195 44 4 1 0
2196 45 23 -1 0
2197 27 22 -1 0
2198 28 26 0 -1
2199 30 10 0 -1
2200 35 8 0 -1
2201 39 34 0 1
2202 44 20 0 1
2203 31 23 1 0
2204 35 0 0 -1
2205 42 7 1 0
2206 30 38 1 0
2207 24 1 0 1
2208 23 12 0 -1
2209 23 38 0 1
2210 38 29 -1 0
2211 41 31 -1 0
2212 38 1 0 -1
2213 28 8 1 0
2214 23 18 1 0
2215 33 4 -1 0
2216 39 35 0 -1
2217 19 8 -1 0
2218 43 5 0 1
2219 40 17 0 1
2220 31 15 -1 0
2221 18 38 0 1
2222 35 6 -1 0
2223 20 10 -1 0
2224 28 15 0 1
2225 20 14 1 0
2226 32 20 0 1
2227 27 20 0 -1
2228 30 13 0 -1
2229 26 13 0 -1
2230 23 11 0 -1
2231 28 2 1 0
2232 47 27 0 -1
2233 43 5 0 1
2234 39 9 -1 0
2235 26 15 1 0
2236 98 19 1 0
2237 30 35 0 -1
2238 43 27 0 -1
2239 44 4 -1 0
2240 45 36 -1 0
2241 30 18 0 -1
2242 42 16 0 1
2243 43 23 -1 0
2244 44 5 0 1
2245 46 8 0 -1
2246 43 27 0 -1
2247 27 26 1 0
2248 44 28 0 -1
2249 28 24 0 -1
2250 23 3 0 1
2251 25 35 1 0
2252 35 33 0 1
2253 22 39 0 1
2254 22 9 1 0
2255 18 0 1 0
2256 36 18 0 1
2257 29 14 0 1
2258 49 20 0 1
2259 21 9 0 -1
2260 37 12 -1 0
2261 28 12 0 -1
2262 40 19 -1 0
2263 36 1 0 1
2264 46 38 0 -1
2265 46 7 0 -1
2266 24 5 1 0
2267 39 33 -1 0
2268 27 24 0 -1
2269 29 8 1 0
2270 37 32 1 0
2271 34 11 -1 0
2272 15 15 0 -1
2273 80 20 -1 0
2274 41 29 0 -1
2275 25 3 0 1
2276 49 5 0 1
2277 40 4 0 -1
2278 25 3 -1 0
2279 23 8 0 -1
2280 21 10 0 -1
2281 36 23 0 1
2282 37 21 -1 0
2283 44 22 -1 0
2284 36 22 0 -1
2285 22 6 0 -1
2286 17 7 0 1
2287 30 33 0 1
2288 25 5 0 1
2289 30 5 1 0
2290 25 13 0 1
2291 31 20 0 1
2292 41 16 0 -1
2293 24 34 1 0
2294 27 16 0 -1
2295 38 24 0 1
2296 36 21 0 -1
2297 30 33 -1 0
2298 39 25 0 -1
2299 25 16 -1 0
2300 43 32 0 1
2301 29 33 -1 0
2302 37 8 1 0
2303 19 24 1 0
2304 33 17 -1 0
2305 31 20 0 -1
2306 26 14 -1 0
2307 18 1 1 0
2308 24 22 -1 0
2309 86 1 0 -1
2310 22 4 1 0
2311 41 3 -1 0
2312 38 26 0 -1
2313 23 37 -1 0
2314 35 36 0 1
2315 21 8 0 1
2316 39 27 1 0
2317 36 20 0 -1
2318 24 2 0 1
2319 26 39 0 -1
2320 20 39 -1 0
2321 34 20 0 -1
2322 41 0 -1 0
2323 37 30 0 -1
2324 29 17 0 1
2325 31 8 0 -1
2326 17 0 1 0
2327 41 27 0 -1
2328 42 39 0 1
2329 29 35 0 1
2330 35 8 0 1
2331 13 25 -1 0
2332 41 3 1 0
2333 40 36 0 1
2334 28 9 0 -1
2335 25 2 0 -1
2336 70 24 0 1
2337 40 37 1 0
2338 42 0 0 1
2339 23 3 0 1
2340 21 19 1 0
2341 25 2 0 -1
2342 29 5 0 -1
2343 26 21 0 1
2344 25 13 0 -1
2345 31 36 0 -1
2346 20 20 -1 0
2347 22 9 0 -1
2348 37 17 1 0
2349 26 13 0 -1
2350 23 0 0 1
2351 40 32 0 1
2352 32 38 -1 0
2353 34 13 0 -1
2354 28 8 0 1
2355 23 16 -1 0
2356 41 36 0 -1
2357 34 36 -1 0
2358 45 3 -1 0
2359 22 18 0 -1
2360 23 14 0 1
2361 39 33 1 0
2362 38 18 -1 0
2363 21 3 -1 0
2364 40 15 -1 0
2365 58 27 0 -1
2366 45 26 -1 0
2367 25 1 0 1
2368 35 19 0 -1
2369 35 27 -1 0
2370 97 18 0 -1
2371 2 9 -1 0
2372 31 33 -1 0
2373 32 4 0 -1
2374 43 23 0 -1
2375 45 4 0 1
2376 14 7 0 1
2377 37 35 0 1
2378 55 12 0 1
2379 34 7 -1 0
2380 25 0 -1 0
2381 59 22 -1 0
2382 29 2 1 0
2383 18 14 0 -1
2384 25 16 -1 0
2385 25 8 1 0
2386 37 35 0 -1
2387 34 23 1 0
2388 33 21 1 0
2389 16 10 0 -1
2390 31 7 -1 0
2391 25 4 0 1
2392 39 23 0 -1
2393 42 22 1 0
2394 18 14 1 0
2395 30 15 1 0
2396 36 25 -1 0
2397 30 16 1 0
2398 30 16 1 0
2399 26 22 1 0
2400 44 1 0 1
2401 41 16 -1 0
2402 24 36 0 1
2403 20 37 1 0
2404 26 3 0 -1
2405 41 15 0 1
2406 37 13 0 1
2407 35 15 0 1
2408 19 1 0 -1
2409 43 24 0 -1
2410 21 8 0 -1
2411 30 2 0 1
2412 24 8 -1 0
2413 23 36 1 0
2414 39 15 0 -1
2415 45 27 -1 0
2416 26 10 -1 0
2417 32 34 1 0
2418 28 7 0 -1
2419 38 22 -1 0
2420 36 13 0 1
2421 36 26 -1 0
2422 42 25 1 0
2423 42 2 1 0
2424 38 16 0 1
2425 39 39 1 0
2426 39 32 -1 0
2427 61 17 1 0
2428 38 8 0 1
2429 38 0 0 -1
2430 39 3 -1 0
2431 38 32 0 1
2432 38 0 1 0
2433 15 28 -1 0
2434 41 16 0 1
2435 36 20 0 1
2436 29 31 0 1
2437 27 3 0 -1
2438 40 15 0 1
2439 45 19 -1 0
2440 41 26 -1 0
2441 28 34 0 1
2442 21 36 0 1
2443 26 17 -1 0
2444 36 26 1 0
2445 30 32 0 1
2446 43 39 1 0
2447 34 21 1 0
2448 39 12 0 1
2449 73 4 0 1
2450 30 26 1 0
2451 38 37 -1 0
2452 32 3 0 -1
2453 20 16 0 -1
2454 25 33 1 0
2455 31 35 0 -1
2456 20 16 0 -1
2457 42 25 0 1
2458 41 35 0 -1
2459 28 38 0 -1
2460 45 38 0 1
2461 44 2 0 1
2462 98 20 1 0
2463 32 8 0 -1
2464 46 2 0 1
2465 38 20 1 0
2466 31 20 1 0
2467 36 34 1 0
2468 44 37 1 0
2469 44 36 1 0
2470 21 39 -1 0
2471 29 11 0 -1
2472 48 6 0 -1
2473 32 10 0 1
2474 45 20 -1 0
2475 3 1 1 0
2476 30 34 0 1
2477 21 12 1 0
2478 39 18 -1 0
2479 22 10 0 1
2480 5 23 -1 0
2481 31 8 1 0
2482 39 23 -1 0
2483 24 21 1 0
2484 42 26 0 -1
2485 28 21 1 0
2486 29 14 1 0
2487 34 23 0 1
2488 24 22 -1 0
2489 30 17 0 1
2490 23 39 1 0
2491 28 6 0 -1
2492 40 25 0 -1
2493 26 22 0 -1
2494 23 2 1 0
2495 26 35 0 -1
2496 35 22 0 -1
2497 27 7 0 1
2498 35 35 -1 0
2499 27 26 1 0
2500 36 31 -1 0
2501 29 37 0 1
2502 46 35 -1 0
2503 44 25 0 -1
2504 31 11 1 0
2505 28 33 -1 0
2506 38 15 -1 0
2507 25 0 -1 0
2508 22 37 0 -1
2509 44 35 -1 0
2510 19 5 1 0
2511 40 39 0 1
2512 31 5 0 -1
2513 31 31 1 0
2514 48 26 -1 0
2515 35 21 1 0
2516 37 24 -1 0
2517 47 27 0 1
2518 40 18 0 -1
2519 42 34 0 -1
2520 44 5 1 0
2521 44 35 0 1
2522 26 8 0 1
2523 18 8 0 1
2524 42 26 1 0
2525 18 1 0 -1
2526 30 34 0 1
2527 37 0 0 -1
2528 17 39 1 0
2529 36 18 0 -1
2530 37 15 0 1
2531 41 35 0 -1
2532 21 4 0 1
2533 21 1 -1 0
2534 31 33 1 0
2535 22 11 -1 0
2536 43 6 0 -1
2537 43 19 -1 0
2538 36 38 1 0
2539 26 30 -1 0
2540 39 38 0 1
2541 41 36 -1 0
2542 2 30 0 1
2543 24 15 1 0
2544 47 3 -1 0
2545 41 18 -1 0
2546 31 14 0 -1
2547 43 4 1 0
2548 43 26 0 -1
2549 40 32 0 1
2550 32 39 -1 0
2551 36 28 1 0
2552 37 9 0 1
2553 23 15 1 0
2554 22 14 0 -1
2555 36 18 1 0
2556 29 1 0 -1
2557 31 4 1 0
2558 32 29 0 1
2559 31 9 1 0
2560 61 9 -1 0
2561 34 9 0 -1
2562 23 5 -1 0
2563 40 1 0 -1
2564 35 37 0 1
2565 31 16 1 0
2566 41 38 -1 0
2567 29 36 -1 0
2568 42 32 0 1
2569 34 16 0 -1
2570 34 6 -1 0
2571 70 19 -1 0
2572 28 10 -1 0
2573 42 34 0 1
2574 27 9 -1 0
2575 37 33 -1 0
2576 28 11 1 0
2577 45 35 0 1
2578 32 7 -1 0
2579 20 9 -1 0
2580 19 8 -1 0
2581 39 32 1 0
2582 7 27 -1 0
2583 21 23 -1 0
2584 26 12 0 -1
2585 22 10 1 0
2586 21 37 0 1
2587 20 27 1 0
2588 44 38 0 1
2589 32 22 0 -1
2590 23 37 1 0
2591 24 8 0 -1
2592 37 37 0 1
2593 35 16 0 1
2594 38 10 -1 0
2595 40 38 1 0
2596 24 38 0 1
2597 23 6 -1 0
2598 94 33 0 -1
2599 21 10 0 -1
2600 23 7 -1 0
2601 38 21 1 0
2602 26 38 0 1
2603 24 12 1 0
2604 28 25 1 0
2605 27 23 0 1
2606 35 16 0 -1
2607 78 7 1 0
2608 36 27 0 -1
2609 25 21 0 -1
2610 40 33 -1 0
2611 22 3 1 0
2612 19 6 1 0
2613 45 38 -1 0
2614 46 4 1 0
2615 25 38 -1 0
2616 32 39 0 1
2617 36 17 0 -1
2618 22 29 0 1
2619 38 22 -1 0
2620 24 17 0 -1
2621 34 28 0 -1
2622 43 6 0 -1
2623 39 22 0 1
2624 19 39 0 -1
2625 31 7 -1 0
2626 48 4 0 -1
2627 38 23 -1 0
2628 29 2 -1 0
2629 52 19 1 0
2630 31 17 0 1
2631 38 38 1 0
2632 45 37 -1 0
2633 40 12 1 0
2634 37 34 -1 0
2635 32 16 0 -1
2636 94 18 0 1
2637 30 17 0 -1
2638 29 1 1 0
2639 28 3 0 -1
2640 44 34 -1 0
2641 37 11 0 -1
2642 93 37 0 -1
2643 29 7 -1 0
2644 37 15 1 0
2645 22 0 1 0
2646 41 25 0 -1
2647 26 20 1 0
2648 39 21 0 1
2649 30 31 0 1
2650 32 31 1 0
2651 46 36 -1 0
2652 48 3 0 1
2653 21 38 0 1
2654 39 14 0 1
2655 27 3 0 -1
2656 35 21 0 -1
2657 24 4 1 0
2658 34 13 -1 0
2659 24 3 0 1
2660 52 20 1 0
2661 41 37 0 1
2662 42 29 0 -1
2663 18 39 0 1
2664 39 3 0 -1
2665 27 9 0 1
2666 31 39 1 0
2667 42 29 1 0
2668 35 7 0 1
2669 42 24 0 -1
2670 25 5 0 -1
2671 88 36 0 1
2672 24 16 0 1
2673 30 30 -1 0
2674 37 21 0 1
2675 43 39 -1 0
2676 34 14 0 -1
2677 24 7 -1 0
2678 43 28 1 0
2679 35 23 0 -1
2680 45 39 0 1
2681 35 32 1 0
2682 51 24 1 0
2683 28 34 0 1
2684 29 12 1 0
2685 22 18 0 -1
2686 34 12 0 -1
2687 41 1 -1 0
2688 46 37 -1 0
2689 27 9 -1 0
2690 22 22 0 -1
2691 29 25 -1 0
2692 29 30 0 1
2693 42 36 -1 0
2694 35 7 -1 0
2695 45 3 -1 0
2696 14 29 0 -1
2697 27 36 1 0
2698 41 4 0 -1
2699 45 8 1 0
2700 28 4 1 0
2701 37 7 0 1
2702 45 7 0 -1
2703 29 22 0 1
2704 23 17 -1 0
2705 43 3 1 0
2706 18 39 0 1
2707 31 15 0 1
2708 54 19 1 0
2709 20 18 0 -1
2710 11 6 -1 0
2711 32 38 1 0
2712 29 23 0 1
2713 27 27 -1 0
2714 37 29 1 0
2715 35 12 0 1
2716 44 0 -1 0
2717 21 6 0 1
2718 47 4 0 -1
2719 37 1 1 0
2720 26 15 0 -1
2721 39 20 0 1
2722 96 17 1 0
2723 46 1 -1 0
2724 34 10 1 0
2725 41 13 -1 0
2726 36 19 0 1
2727 46 24 -1 0
2728 29 20 0 -1
2729 34 9 0 -1
2730 29 23 0 1
2731 7 6 0 -1
2732 32 35 0 1
2733 43 25 -1 0
2734 46 22 0 -1
2735 22 24 -1 0
2736 35 13 0 1
2737 27 14 -1 0
2738 30 10 0 -1
2739 30 5 1 0
2740 32 15 -1 0
2741 27 0 0 -1
2742 29 39 0 1
2743 42 1 0 1
2744 27 38 0 1
2745 28 5 0 1
2746 31 19 0 -1
2747 17 8 0 -1
2748 27 19 -1 0
2749 31 14 1 0
2750 40 20 0 -1
2751 35 11 -1 0
2752 27 26 0 -1
2753 22 15 0 -1
2754 91 4 1 0
2755 23 7 0 -1
2756 39 2 1 0
2757 40 30 0 -1
2758 32 34 1 0
2759 45 34 0 1
2760 70 9 1 0
2761 30 0 0 1
2762 40 25 -1 0
2763 35 38 1 0
2764 24 8 1 0
2765 38 0 1 0
2766 54 26 1 0
2767 30 1 0 1
2768 30 8 -1 0
2769 37 36 0 -1
2770 45 6 -1 0
2771 36 12 -1 0
2772 20 15 1 0
2773 42 5 1 0
2774 20 9 1 0
2775 27 7 0 1
2776 43 0 -1 0
2777 16 21 0 -1
2778 36 15 0 -1
2779 44 38 1 0
2780 32 29 0 1
2781 38 14 0 1
2782 19 0 0 -1
2783 36 38 -1 0
2784 21 0 1 0
2785 29 9 1 0
2786 38 31 0 1
2787 20 36 1 0
2788 35 25 -1 0
2789 31 38 0 -1
2790 40 18 0 1
2791 43 28 1 0
2792 48 38 -1 0
2793 31 9 1 0
2794 47 3 -1 0
2795 91 7 -1 0
2796 31 17 0 -1
2797 44 24 -1 0
2798 37 38 0 -1
2799 28 9 0 1
