0 57 29 0 -1
1 92 35 1 0
2 27 7 1 0
3 46 34 -1 0
4 31 39 0 -1
5 30 4 -1 0
6 38 21 0 1
7 34 35 0 1
8 40 16 -1 0
9 16 13 1 0
10 25 17 0 1
11 4 10 -1 0
12 35 18 0 1
13 22 18 0 1
14 16 10 1 0
15 30 14 -1 0
16 42 12 0 1
17 8 21 0 -1
18 73 15 1 0
19 51 3 0 1
20 91 13 0 -1
21 27 19 -1 0
22 16 36 0 -1
23 28 14 0 1
24 41 22 0 -1
25 76 5 0 -1
26 25 1 0 -1
27 31 23 0 1
28 60 39 -1 0
29 52 36 0 1
30 29 18 0 -1
31 40 24 -1 0
32 4 15 1 0
33 13 11 1 0
34 91 0 0 1
35 38 9 1 0
36 43 15 1 0
37 58 26 -1 0
38 36 34 -1 0
39 21 31 -1 0
40 42 2 -1 0
41 44 15 0 1
42 31 14 1 0
43 10 35 1 0
44 15 29 0 1
45 40 23 1 0
46 74 27 0 1
47 26 3 1 0
48 43 33 0 -1
49 0 6 0 -1
50 36 30 0 -1
51 40 17 0 1
52 83 19 -1 0
53 25 18 0 1
54 35 27 1 0
55 27 16 0 1
56 28 37 -1 0
57 70 13 1 0
58 82 24 0 1
59 18 17 1 0
60 35 15 -1 0
61 71 8 0 1
62 16 35 -1 0
63 29 13 1 0
64 35 29 0 -1
65 19 20 -1 0
66 30 8 -1 0
67 20 17 0 1
68 41 23 -1 0
69 37 30 0 1
70 62 23 -1 0
71 26 33 1 0
72 8 18 1 0
73 39 17 0 1
74 37 5 0 -1
75 85 12 -1 0
76 90 13 -1 0
77 46 18 0 -1
78 40 2 -1 0
79 32 25 0 -1
80 23 31 -1 0
81 29 39 -1 0
82 72 12 0 -1
83 39 29 1 0
84 2 35 1 0
85 23 30 0 -1
86 43 30 1 0
87 68 35 0 1
88 36 30 1 0
89 31 28 1 0
90 43 20 0 -1
91 27 12 0 1
92 26 31 0 -1
93 42 12 0 -1
94 66 5 1 0
95 39 5 0 1
96 16 8 0 1
97 77 11 0 -1
98 26 22 1 0
99 40 22 0 -1
100 38 33 0 1
101 44 34 0 -1
102 78 15 1 0
103 97 27 -1 0
104 20 34 0 -1
105 25 9 -1 0
106 39 20 0 -1
107 30 2 -1 0
108 88 28 0 1
109 20 10 0 1
110 27 35 1 0
111 31 10 0 1
112 24 12 0 -1
113 64 6 -1 0
114 83 1 0 1
115 96 9 0 -1
116 24 11 1 0
117 38 23 1 0
118 19 37 0 -1
119 80 19 0 -1
120 88 11 -1 0
121 27 33 1 0
122 23 1 0 -1
123 13 1 1 0
124 39 13 0 1
125 30 11 0 -1
126 59 18 -1 0
127 27 35 1 0
128 31 29 0 1
129 57 34 1 0
130 39 33 1 0
131 32 26 -1 0
132 20 37 0 1
133 15 32 0 -1
134 30 4 -1 0
135 39 26 0 1
136 45 13 0 -1
137 37 23 -1 0
138 36 16 0 1
139 37 35 0 -1
140 29 28 0 1
141 10 33 1 0
142 41 36 -1 0
143 27 11 -1 0
144 77 34 0 1
145 20 39 1 0
146 37 25 0 -1
147 87 37 0 -1
148 16 21 -1 0
149 25 16 -1 0
150 20 38 0 1
151 29 32 0 -1
152 31 17 0 1
153 39 39 1 0
154 8 37 0 -1
155 23 7 1 0
156 30 19 0 -1
157 25 1 -1 0
158 18 13 -1 0
159 31 15 0 -1
160 13 36 0 -1
161 43 11 0 1
162 39 15 1 0
163 25 1 0 -1
164 55 4 0 1
165 35 10 0 1
166 40 15 1 0
167 81 33 0 -1
168 11 31 1 0
169 92 26 0 1
170 10 35 1 0
171 24 0 -1 0
172 44 14 -1 0
173 28 31 1 0
174 12 13 0 -1
175 2 1 1 0
176 4 34 -1 0
177 41 20 0 1
178 20 34 0 -1
179 28 30 -1 0
180 10 9 1 0
181 51 33 0 -1
182 36 12 -1 0
183 31 28 0 1
184 41 19 0 1
185 31 5 0 1
186 40 19 0 1
187 45 36 -1 0
188 29 4 1 0
189 82 24 0 1
190 28 4 -1 0
191 20 3 0 -1
192 23 36 1 0
193 26 27 1 0
194 1 6 -1 0
195 72 17 1 0
196 29 8 0 -1
197 25 14 1 0
198 20 20 1 0
199 8 29 0 -1
200 24 6 0 -1
201 63 13 1 0
202 97 32 0 -1
203 29 6 0 1
204 41 11 0 1
205 49 8 -1 0
206 55 18 0 1
207 43 18 -1 0
208 35 30 0 -1
209 74 19 -1 0
210 89 4 -1 0
211 27 23 1 0
212 37 18 0 -1
213 44 11 1 0
214 30 2 0 1
215 39 39 0 -1
216 28 38 0 -1
217 98 27 0 1
218 28 11 0 1
219 30 15 1 0
220 7 34 0 -1
221 23 16 0 1
222 51 10 0 -1
223 30 10 0 -1
224 88 8 1 0
225 36 26 1 0
226 56 16 0 -1
227 26 28 1 0
228 18 10 1 0
229 20 32 0 -1
230 6 24 1 0
231 39 22 1 0
232 83 13 -1 0
233 99 29 0 -1
234 41 29 0 1
235 77 13 -1 0
236 37 12 1 0
237 31 12 1 0
238 13 21 -1 0
239 35 27 0 -1
240 40 39 1 0
241 94 34 1 0
242 29 2 0 -1
243 41 22 0 -1
244 17 38 0 1
245 15 18 -1 0
246 30 39 0 -1
247 31 15 0 -1
248 46 11 0 1
249 19 20 1 0
250 40 7 -1 0
251 27 6 1 0
252 39 21 0 1
253 45 18 0 1
254 37 20 1 0
255 77 8 1 0
256 43 3 0 -1
257 37 24 -1 0
258 29 13 0 -1
259 12 27 1 0
260 26 3 0 1
261 28 23 0 1
262 40 26 1 0
263 31 4 -1 0
264 33 25 1 0
265 9 8 0 1
266 27 21 0 -1
267 45 10 0 -1
268 40 21 0 -1
269 21 29 0 -1
270 91 27 0 -1
271 8 6 1 0
272 11 36 0 -1
273 21 14 0 -1
274 40 19 0 -1
275 18 7 0 1
276 43 21 0 1
277 24 13 0 -1
278 93 7 0 1
279 19 1 0 -1
280 40 12 1 0
281 38 15 0 1
282 45 19 1 0
283 16 1 1 0
284 38 33 -1 0
285 97 26 -1 0
286 5 17 0 -1
287 51 29 1 0
288 31 21 0 1
289 25 0 0 1
290 28 16 0 -1
291 37 38 -1 0
292 39 13 0 1
293 39 7 0 -1
294 36 0 0 -1
295 25 12 1 0
296 52 19 -1 0
297 39 34 1 0
298 35 23 0 1
299 36 24 -1 0
300 25 15 1 0
301 38 27 -1 0
302 75 3 0 1
303 40 23 -1 0
304 49 14 0 -1
305 25 19 1 0
306 35 12 0 -1
307 76 25 1 0
308 96 39 0 1
309 38 17 1 0
310 42 23 0 -1
311 17 14 -1 0
312 43 20 0 -1
313 42 19 1 0
314 81 10 1 0
315 28 17 -1 0
316 72 6 0 -1
317 14 14 0 1
318 65 23 0 -1
319 37 18 0 -1
320 38 9 -1 0
321 83 24 0 -1
322 31 9 0 -1
323 6 39 1 0
324 79 29 1 0
325 30 27 0 1
326 28 16 1 0
327 39 27 0 -1
328 40 21 0 -1
329 23 22 -1 0
330 6 37 1 0
331 26 28 0 1
332 77 33 0 -1
333 40 27 -1 0
334 18 36 -1 0
335 26 2 -1 0
336 26 14 1 0
337 48 37 0 1
338 10 8 1 0
339 18 30 0 1
340 14 34 1 0
341 47 22 1 0
342 27 39 1 0
343 30 10 1 0
344 37 16 0 1
345 20 35 0 -1
346 20 14 -1 0
347 27 10 1 0
348 42 28 1 0
349 1 34 1 0
350 77 28 0 1
351 29 19 0 -1
352 76 10 -1 0
353 25 36 0 1
354 16 32 0 -1
355 49 21 0 1
356 28 9 0 -1
357 69 3 0 -1
358 23 2 -1 0
359 39 26 -1 0
360 81 16 0 1
361 40 15 -1 0
362 28 36 -1 0
363 97 38 0 -1
364 93 19 0 1
365 30 15 1 0
366 29 32 0 -1
367 23 34 0 -1
368 90 30 -1 0
369 77 20 0 1
370 45 14 -1 0
371 39 30 0 -1
372 38 22 0 1
373 37 21 -1 0
374 74 36 0 1
375 30 5 -1 0
376 42 17 1 0
377 54 26 -1 0
378 23 20 -1 0
379 40 17 -1 0
380 29 31 0 -1
381 89 17 -1 0
382 20 37 0 -1
383 21 39 -1 0
384 23 8 0 -1
385 16 24 0 1
386 30 7 0 1
387 87 25 -1 0
388 28 32 1 0
389 36 27 1 0
390 39 23 -1 0
391 38 33 0 1
392 35 14 -1 0
393 39 29 0 -1
394 31 12 0 1
395 25 14 0 -1
396 39 31 0 1
397 27 3 0 -1
398 84 27 -1 0
399 88 3 -1 0
400 19 6 0 1
401 91 36 0 1
402 22 2 0 1
403 14 32 0 1
404 47 12 1 0
405 9 13 0 1
406 5 34 0 -1
407 96 39 0 1
408 9 21 0 1
409 42 20 1 0
410 23 35 1 0
411 22 6 1 0
412 28 26 0 -1
413 37 28 0 -1
414 26 4 0 -1
415 45 14 1 0
416 38 24 0 -1
417 30 9 0 1
418 36 8 0 -1
419 19 21 0 1
420 34 35 1 0
421 47 0 -1 0
422 46 10 0 -1
423 41 18 0 1
424 52 33 -1 0
425 2 1 -1 0
426 24 1 0 -1
427 60 19 1 0
428 30 24 1 0
429 31 20 1 0
430 84 33 0 1
431 90 31 1 0
432 52 28 0 -1
433 29 8 0 -1
434 83 15 0 -1
435 63 26 0 1
436 23 32 0 -1
437 41 5 -1 0
438 27 9 -1 0
439 29 30 1 0
440 35 13 -1 0
441 35 27 0 -1
442 27 4 0 -1
443 9 3 0 -1
444 29 10 -1 0
445 21 38 -1 0
446 0 15 1 0
447 39 14 0 1
448 86 14 0 1
449 28 7 -1 0
450 30 6 0 -1
451 6 2 0 1
452 18 3 0 1
453 67 33 0 -1
454 30 13 -1 0
455 37 13 1 0
456 47 17 0 1
457 29 31 0 -1
458 39 21 0 1
459 57 7 -1 0
460 25 19 1 0
461 84 6 -1 0
462 24 38 0 1
463 28 6 1 0
464 27 30 1 0
465 27 24 1 0
466 27 34 0 1
467 15 24 -1 0
468 54 29 0 -1
469 30 25 1 0
470 22 34 0 -1
471 17 24 1 0
472 53 36 1 0
473 53 5 -1 0
474 87 34 1 0
475 27 30 1 0
476 40 8 0 1
477 87 21 -1 0
478 28 9 0 -1
479 49 15 0 1
480 60 13 0 1
481 21 28 0 1
482 27 4 0 -1
483 30 17 0 -1
484 29 16 1 0
485 51 22 -1 0
486 25 11 0 -1
487 67 33 0 1
488 31 16 0 -1
489 30 7 0 -1
490 30 1 -1 0
491 44 13 -1 0
492 86 14 1 0
493 16 26 1 0
494 36 21 0 -1
495 19 31 -1 0
496 89 23 0 -1
497 43 22 -1 0
498 31 0 0 1
499 88 18 1 0
500 27 37 -1 0
501 36 29 1 0
502 35 24 0 1
503 48 32 -1 0
504 25 15 -1 0
505 5 30 -1 0
506 8 1 -1 0
507 26 29 0 1
508 21 17 1 0
509 20 33 1 0
510 36 31 0 -1
511 14 31 0 1
512 48 8 -1 0
513 5 21 0 -1
514 31 4 0 -1
515 37 14 -1 0
516 42 16 -1 0
517 41 36 0 1
518 78 5 -1 0
519 24 12 -1 0
520 43 21 -1 0
521 49 31 -1 0
522 39 6 -1 0
523 93 13 1 0
524 28 32 0 -1
525 32 15 0 -1
526 24 14 1 0
527 42 11 1 0
528 16 1 0 1
529 28 2 0 -1
530 82 0 -1 0
531 32 24 1 0
532 51 31 0 -1
533 90 38 0 1
534 21 3 0 1
535 38 8 1 0
536 37 27 0 -1
537 40 24 0 -1
538 43 30 0 -1
539 36 16 0 1
540 25 29 1 0
541 43 0 0 -1
542 29 16 0 -1
543 30 20 0 -1
544 37 16 0 -1
545 97 27 1 0
546 96 19 0 1
547 32 22 -1 0
548 8 6 0 1
549 99 25 0 -1
550 25 5 0 1
551 78 27 -1 0
552 47 17 0 1
553 58 9 -1 0
554 0 11 1 0
555 38 14 -1 0
556 26 3 0 1
557 38 27 0 -1
558 42 21 -1 0
559 16 12 0 -1
560 26 17 1 0
561 30 37 0 1
562 38 17 1 0
563 29 10 0 1
564 38 34 0 1
565 62 5 1 0
566 85 35 -1 0
567 28 28 0 1
568 47 23 0 1
569 95 2 1 0
570 94 34 -1 0
571 40 19 0 -1
572 81 23 0 1
573 40 14 0 1
574 59 32 1 0
575 12 37 0 1
576 50 24 0 1
577 28 8 0 -1
578 28 21 0 -1
579 14 12 0 1
580 82 7 -1 0
581 27 11 -1 0
582 57 22 -1 0
583 36 17 0 -1
584 31 20 1 0
585 47 7 1 0
586 59 33 1 0
587 55 9 0 1
588 22 28 0 -1
589 4 0 -1 0
590 24 24 0 -1
591 77 6 0 -1
592 25 26 1 0
593 28 30 0 -1
594 35 25 1 0
595 9 35 0 1
596 28 27 1 0
597 39 16 0 -1
598 33 30 -1 0
599 41 20 0 1
600 30 18 1 0
601 30 19 1 0
602 20 13 -1 0
603 38 28 0 -1
604 27 3 0 1
605 64 28 0 -1
606 35 7 0 1
607 12 32 0 1
608 88 6 0 -1
609 63 11 0 1
610 38 18 0 1
611 35 3 -1 0
612 55 9 0 -1
613 49 22 1 0
614 41 21 -1 0
615 0 31 0 1
616 30 26 1 0
617 30 16 0 -1
618 77 25 0 -1
619 70 30 0 -1
620 38 21 1 0
621 13 17 -1 0
622 80 11 -1 0
623 86 39 1 0
624 28 29 -1 0
625 24 38 1 0
626 23 5 1 0
627 95 29 0 1
628 30 4 1 0
629 5 3 0 1
630 26 34 0 -1
631 69 15 1 0
632 25 17 1 0
633 91 2 1 0
634 17 8 0 -1
635 43 16 0 1
636 36 10 -1 0
637 66 29 -1 0
638 96 32 -1 0
639 29 1 1 0
640 97 33 1 0
641 42 4 -1 0
642 40 15 -1 0
643 29 25 1 0
644 59 2 0 1
645 3 27 -1 0
646 26 14 -1 0
647 39 27 0 -1
648 20 38 -1 0
649 28 11 0 -1
650 39 20 0 1
651 25 4 1 0
652 66 12 1 0
653 28 11 0 1
654 29 29 1 0
655 36 20 0 -1
656 32 22 0 -1
657 41 1 -1 0
658 17 2 0 1
659 26 12 1 0
660 26 15 0 -1
661 15 23 0 1
662 18 11 0 -1
663 27 7 0 1
664 42 20 -1 0
665 72 8 0 1
666 34 16 1 0
667 23 28 -1 0
668 37 29 0 1
669 41 31 0 -1
670 36 1 0 1
671 38 7 0 1
672 27 1 -1 0
673 46 26 0 -1
674 23 34 -1 0
675 26 6 1 0
676 37 23 1 0
677 38 2 0 -1
678 28 36 0 -1
679 30 35 1 0
680 35 14 0 1
681 44 4 -1 0
682 38 20 0 -1
683 53 28 -1 0
684 41 16 0 1
685 12 27 0 1
686 50 23 1 0
687 36 30 0 1
688 36 31 0 -1
689 12 24 0 -1
690 39 15 -1 0
691 34 4 0 1
692 2 20 0 -1
693 25 16 0 1
694 28 29 0 1
695 26 16 -1 0
696 36 24 1 0
697 55 26 1 0
698 22 15 0 -1
699 11 3 0 -1
700 53 30 0 -1
701 32 22 1 0
702 90 23 0 -1
703 39 28 0 -1
704 39 17 1 0
705 39 23 0 -1
706 81 37 0 -1
707 89 23 0 1
708 26 16 1 0
709 20 23 0 1
710 41 17 0 -1
711 30 39 1 0
712 21 6 1 0
713 31 13 0 1
714 5 0 0 1
715 30 8 0 -1
716 20 12 -1 0
717 80 20 -1 0
718 37 39 -1 0
719 35 28 0 -1
720 42 32 1 0
721 44 13 0 1
722 31 0 0 1
723 37 31 0 -1
724 42 23 0 -1
725 2 33 1 0
726 55 11 0 1
727 24 14 0 -1
728 9 28 0 -1
729 28 35 -1 0
730 28 4 0 1
731 63 21 -1 0
732 81 31 -1 0
733 44 13 -1 0
734 28 34 0 1
735 24 26 1 0
736 20 27 0 1
737 24 15 1 0
738 37 30 -1 0
739 24 5 -1 0
740 79 11 1 0
741 20 33 1 0
742 69 38 -1 0
743 34 37 0 -1
744 16 13 -1 0
745 43 16 0 -1
746 46 29 -1 0
747 29 30 -1 0
748 45 14 1 0
749 20 32 -1 0
750 42 26 -1 0
751 72 5 -1 0
752 8 19 0 1
753 79 28 0 1
754 12 8 -1 0
755 68 21 0 -1
756 50 33 0 1
757 24 2 0 -1
758 61 12 0 -1
759 57 12 0 -1
760 96 20 0 1
761 36 25 0 1
762 28 6 0 1
763 49 34 0 -1
764 93 26 0 -1
765 19 37 1 0
766 30 1 1 0
767 34 20 0 1
768 41 38 1 0
769 21 11 -1 0
770 44 9 -1 0
771 26 12 0 1
772 46 17 1 0
773 26 21 0 1
774 39 16 -1 0
775 52 5 0 1
776 36 11 1 0
777 51 32 0 1
778 50 2 1 0
779 25 27 1 0
780 41 3 0 -1
781 50 17 1 0
782 60 2 0 -1
783 28 2 0 -1
784 31 10 0 1
785 39 28 0 -1
786 42 26 0 -1
787 97 12 0 -1
788 27 17 -1 0
789 26 12 0 1
790 86 14 -1 0
791 25 32 -1 0
792 41 4 -1 0
793 37 16 -1 0
794 27 26 -1 0
795 41 31 0 1
796 99 2 1 0
797 23 27 0 -1
798 98 10 -1 0
799 36 1 -1 0
800 83 17 0 -1
801 82 19 0 -1
802 21 11 1 0
803 37 2 -1 0
804 85 9 0 -1
805 38 4 0 1
806 80 12 1 0
807 37 31 0 -1
808 41 15 -1 0
809 28 13 0 1
810 85 7 0 -1
811 31 34 -1 0
812 1 1 0 1
813 42 33 0 -1
814 42 39 -1 0
815 41 23 0 -1
816 35 26 0 1
817 40 22 -1 0
818 37 35 -1 0
819 22 9 1 0
820 84 7 0 -1
821 36 31 0 -1
822 29 11 0 1
823 29 19 0 -1
824 38 4 0 1
825 60 37 -1 0
826 84 34 -1 0
827 51 39 0 1
828 37 35 0 -1
829 25 0 -1 0
830 21 11 1 0
831 27 5 -1 0
832 39 22 0 1
833 38 16 -1 0
834 48 19 -1 0
835 36 24 1 0
836 35 17 1 0
837 37 33 0 -1
838 22 29 0 -1
839 31 38 1 0
840 46 14 1 0
841 46 31 -1 0
842 26 15 1 0
843 36 16 0 1
844 5 30 -1 0
845 24 3 1 0
846 43 20 1 0
847 15 3 1 0
848 83 25 -1 0
849 45 17 1 0
850 9 21 1 0
851 23 15 0 1
852 58 29 0 1
853 20 33 0 1
854 30 31 -1 0
855 25 7 1 0
856 31 20 0 -1
857 90 23 0 -1
858 82 21 0 -1
859 40 28 0 -1
860 21 32 0 1
861 40 5 1 0
862 42 18 -1 0
863 81 18 1 0
864 30 12 0 1
865 1 34 -1 0
866 40 16 0 -1
867 37 25 0 -1
868 90 2 0 1
869 92 11 -1 0
870 40 6 0 -1
871 67 7 0 -1
872 91 18 0 -1
873 41 4 1 0
874 48 19 1 0
875 20 22 0 -1
876 7 16 -1 0
877 90 22 0 -1
878 91 21 0 -1
879 37 26 0 -1
880 59 15 -1 0
881 38 20 0 -1
882 96 3 1 0
883 24 3 0 -1
884 15 25 1 0
885 9 0 0 1
886 42 35 0 1
887 86 19 -1 0
888 40 22 0 -1
889 27 10 0 -1
890 35 16 0 -1
891 27 13 -1 0
892 38 24 0 -1
893 30 6 1 0
894 38 23 0 -1
895 27 34 0 1
896 99 3 0 -1
897 40 20 0 1
898 29 14 1 0
899 29 15 0 -1
900 36 5 1 0
901 63 13 0 -1
902 22 32 -1 0
903 40 1 0 1
904 19 5 0 -1
905 27 32 1 0
906 39 1 0 1
907 39 12 0 1
908 93 39 1 0
909 21 14 1 0
910 25 32 -1 0
911 47 0 0 -1
912 78 31 0 -1
913 85 0 -1 0
914 35 11 1 0
915 95 38 -1 0
916 41 7 0 -1
917 21 13 0 1
918 41 17 -1 0
919 39 33 0 -1
920 44 39 0 1
921 35 16 1 0
922 24 11 0 -1
923 15 37 0 1
924 16 12 1 0
925 28 12 0 1
926 62 26 1 0
927 35 25 1 0
928 37 19 -1 0
929 39 24 0 -1
930 18 38 1 0
931 40 26 -1 0
932 67 12 -1 0
933 28 13 0 1
934 25 8 -1 0
935 10 26 0 1
936 79 35 -1 0
937 93 2 0 -1
938 39 15 0 1
939 38 19 0 1
940 29 31 0 -1
941 26 19 -1 0
942 24 7 0 1
943 21 38 0 1
944 19 8 0 -1
945 28 15 1 0
946 31 7 1 0
947 41 11 -1 0
948 37 0 -1 0
949 35 11 0 -1
950 36 28 1 0
951 98 2 1 0
952 26 17 0 -1
953 28 7 1 0
954 28 9 1 0
955 61 28 -1 0
956 97 12 1 0
957 41 13 1 0
958 50 25 -1 0
959 38 17 0 -1
960 95 18 -1 0
961 51 12 0 -1
962 38 9 0 1
963 28 23 1 0
964 25 34 1 0
965 99 6 0 -1
966 77 15 0 -1
967 28 33 1 0
968 38 2 -1 0
969 41 6 -1 0
970 70 17 0 1
971 44 32 1 0
972 31 9 0 1
973 24 3 -1 0
974 22 22 0 -1
975 24 18 -1 0
976 29 11 1 0
977 61 7 0 -1
978 27 3 0 1
979 21 14 -1 0
980 39 18 0 1
981 35 29 1 0
982 28 37 0 -1
983 77 10 0 1
984 40 34 -1 0
985 92 20 1 0
986 23 34 1 0
987 17 26 0 1
988 29 12 1 0
989 38 8 1 0
990 40 18 1 0
991 24 31 -1 0
992 32 23 0 1
993 8 16 0 1
994 28 19 1 0
995 15 16 -1 0
996 38 25 0 1
997 32 23 0 1
998 35 35 1 0
999 85 5 1 0
1000 26 13 0 1
1001 41 22 1 0
1002 18 27 0 1
1003 26 0 -1 0
1004 30 14 -1 0
1005 39 18 -1 0
1006 20 2 0 1
1007 85 26 0 -1
1008 12 11 -1 0
1009 23 26 0 1
1010 39 24 0 -1
1011 52 14 -1 0
1012 91 28 1 0
1013 31 13 0 -1
1014 23 13 1 0
1015 18 16 -1 0
1016 22 27 0 -1
1017 29 14 0 -1
1018 80 32 0 -1
1019 41 21 0 -1
1020 37 32 0 -1
1021 25 11 1 0
1022 37 7 0 1
1023 28 6 1 0
1024 14 28 0 -1
1025 18 10 -1 0
1026 44 39 0 1
1027 2 18 0 -1
1028 43 28 -1 0
1029 43 32 0 -1
1030 84 36 0 1
1031 30 15 -1 0
1032 74 32 0 -1
1033 23 0 -1 0
1034 84 36 -1 0
1035 46 20 0 -1
1036 95 12 1 0
1037 27 18 1 0
1038 77 11 1 0
1039 24 19 -1 0
1040 39 39 0 1
1041 39 19 -1 0
1042 42 25 -1 0
1043 19 31 0 -1
1044 14 33 1 0
1045 35 15 -1 0
1046 17 34 -1 0
1047 18 27 1 0
1048 37 17 0 1
1049 97 5 0 -1
1050 11 24 0 1
1051 26 4 1 0
1052 83 16 0 1
1053 17 28 0 1
1054 37 14 1 0
1055 31 5 1 0
1056 36 39 1 0
1057 96 34 0 1
1058 89 2 0 1
1059 63 9 0 -1
1060 17 15 0 1
1061 69 38 0 1
1062 18 37 1 0
1063 26 13 1 0
1064 6 8 0 -1
1065 14 3 0 -1
1066 37 27 1 0
1067 18 8 0 1
1068 20 16 1 0
1069 26 4 0 -1
1070 21 9 -1 0
1071 14 23 1 0
1072 25 39 -1 0
1073 32 30 -1 0
1074 31 8 -1 0
1075 32 21 0 1
1076 64 24 0 1
1077 38 13 0 1
1078 39 36 -1 0
1079 32 26 0 1
1080 32 12 1 0
1081 44 27 -1 0
1082 31 38 0 1
1083 36 28 0 1
1084 99 30 0 1
1085 51 15 0 1
1086 42 15 -1 0
1087 2 16 0 1
1088 32 24 -1 0
1089 15 32 0 1
1090 38 27 -1 0
1091 38 22 1 0
1092 25 23 0 1
1093 30 10 0 -1
1094 57 22 1 0
1095 21 19 -1 0
1096 4 0 -1 0
1097 17 30 1 0
1098 7 35 1 0
1099 36 13 0 1
1100 29 13 0 -1
1101 74 4 -1 0
1102 67 3 0 1
1103 38 38 -1 0
1104 37 19 1 0
1105 22 16 0 1
1106 50 24 0 -1
1107 93 39 -1 0
1108 39 21 0 1
1109 71 8 0 1
1110 46 15 0 1
1111 36 26 0 -1
1112 43 0 0 1
1113 10 11 0 1
1114 88 11 0 -1
1115 41 16 -1 0
1116 36 39 0 1
1117 78 20 0 -1
1118 38 16 1 0
1119 62 22 0 1
1120 86 12 1 0
1121 20 35 -1 0
1122 3 24 0 1
1123 42 21 0 1
1124 30 21 -1 0
1125 46 19 0 1
1126 18 29 -1 0
1127 36 39 1 0
1128 41 14 -1 0
1129 52 31 0 -1
1130 17 10 -1 0
1131 4 28 0 -1
1132 13 9 -1 0
1133 9 20 -1 0
1134 71 20 -1 0
1135 1 32 0 -1
1136 98 14 1 0
1137 28 34 0 1
1138 25 14 1 0
1139 68 19 0 1
1140 38 36 -1 0
1141 39 32 -1 0
1142 42 9 0 -1
1143 39 14 -1 0
1144 28 27 1 0
1145 93 31 0 1
1146 26 30 1 0
1147 78 12 0 -1
1148 36 6 0 -1
1149 70 37 0 1
1150 61 21 0 1
1151 28 25 1 0
1152 22 18 0 -1
1153 81 10 -1 0
1154 47 13 1 0
1155 29 6 0 1
1156 28 10 1 0
1157 51 3 -1 0
1158 13 22 0 -1
1159 95 30 0 -1
1160 44 22 -1 0
1161 11 39 0 -1
1162 30 11 -1 0
1163 28 31 0 -1
1164 43 23 0 -1
1165 39 17 0 1
1166 37 24 1 0
1167 91 14 1 0
1168 43 2 -1 0
1169 14 24 0 1
1170 38 0 -1 0
1171 5 8 1 0
1172 29 11 0 1
1173 36 17 0 -1
1174 31 6 1 0
1175 83 21 0 -1
1176 23 32 0 -1
1177 6 37 0 1
1178 29 2 -1 0
1179 28 8 -1 0
1180 15 26 0 1
1181 94 20 0 1
1182 43 26 0 -1
1183 29 32 0 -1
1184 41 15 0 1
1185 28 31 -1 0
1186 90 7 -1 0
1187 36 23 0 1
1188 30 13 1 0
1189 48 36 -1 0
1190 29 17 0 -1
1191 93 38 -1 0
1192 41 19 0 1
1193 27 29 0 1
1194 46 31 0 1
1195 21 15 0 -1
1196 37 33 1 0
1197 18 16 0 1
1198 92 25 0 -1
1199 43 22 0 -1
1200 83 16 -1 0
1201 24 5 0 -1
1202 38 7 -1 0
1203 13 22 -1 0
1204 29 19 -1 0
1205 75 15 0 -1
1206 36 18 0 1
1207 36 22 -1 0
1208 82 18 0 1
1209 37 20 0 -1
1210 41 18 1 0
1211 6 35 1 0
1212 26 36 1 0
1213 35 3 -1 0
1214 55 23 -1 0
1215 25 6 0 -1
1216 40 20 -1 0
1217 39 16 -1 0
1218 21 33 0 1
1219 23 36 0 1
1220 32 21 -1 0
1221 38 7 0 1
1222 29 30 0 1
1223 99 6 0 1
1224 57 6 0 1
1225 22 8 0 1
1226 13 5 0 -1
1227 17 25 -1 0
1228 16 20 1 0
1229 27 15 0 -1
1230 39 27 0 1
1231 43 34 1 0
1232 83 4 1 0
1233 5 26 0 -1
1234 30 33 0 1
1235 7 18 -1 0
1236 37 0 -1 0
1237 93 15 -1 0
1238 74 13 0 1
1239 15 27 0 -1
1240 53 7 0 -1
1241 5 38 1 0
1242 48 39 -1 0
1243 59 24 -1 0
1244 96 35 -1 0
1245 42 15 -1 0
1246 63 29 -1 0
1247 28 35 0 1
1248 51 32 1 0
1249 20 32 -1 0
1250 21 2 0 -1
1251 81 33 0 1
1252 41 23 1 0
1253 65 1 -1 0
1254 27 12 -1 0
1255 38 22 -1 0
1256 47 4 0 1
1257 89 23 0 -1
1258 27 14 -1 0
1259 29 5 0 1
1260 7 30 1 0
1261 61 39 0 -1
1262 43 22 0 1
1263 37 0 1 0
1264 25 31 -1 0
1265 39 35 0 -1
1266 81 34 -1 0
1267 42 22 1 0
1268 93 10 -1 0
1269 41 15 0 -1
1270 29 17 -1 0
1271 30 16 0 -1
1272 43 39 0 1
1273 24 6 0 1
1274 70 4 0 -1
1275 32 23 0 1
1276 89 19 -1 0
1277 24 14 0 1
1278 37 19 0 -1
1279 94 30 1 0
1280 8 33 1 0
1281 24 39 0 1
1282 30 19 0 1
1283 28 7 0 1
1284 28 0 1 0
1285 29 1 0 1
1286 27 13 0 -1
1287 36 38 0 1
1288 23 30 -1 0
1289 72 33 -1 0
1290 43 31 0 -1
1291 30 14 1 0
1292 20 0 0 1
1293 86 34 1 0
1294 13 20 -1 0
1295 28 14 -1 0
1296 95 1 0 -1
1297 8 3 -1 0
1298 21 26 0 1
1299 83 29 0 -1
1300 31 11 0 -1
1301 30 17 0 1
1302 69 27 0 1
1303 72 2 0 1
1304 38 25 -1 0
1305 27 19 1 0
1306 30 20 1 0
1307 15 2 1 0
1308 38 12 0 -1
1309 92 28 -1 0
1310 12 32 -1 0
1311 32 14 1 0
1312 31 37 0 1
1313 37 31 -1 0
1314 54 9 0 -1
1315 54 37 0 -1
1316 3 17 0 -1
1317 91 8 1 0
1318 43 24 0 -1
1319 43 4 0 -1
1320 31 12 1 0
1321 42 37 1 0
1322 35 16 -1 0
1323 44 12 -1 0
1324 28 25 1 0
1325 38 26 0 1
1326 92 16 -1 0
1327 88 4 -1 0
1328 60 19 -1 0
1329 59 39 0 -1
1330 27 32 0 1
1331 28 28 0 1
1332 36 0 0 -1
1333 27 17 1 0
1334 28 18 -1 0
1335 54 27 1 0
1336 36 13 0 -1
1337 40 14 0 1
1338 32 25 0 1
1339 41 27 0 1
1340 31 5 0 1
1341 35 13 -1 0
1342 28 0 1 0
1343 44 23 0 1
1344 26 5 1 0
1345 65 10 0 -1
1346 31 11 0 -1
1347 26 26 1 0
1348 40 13 0 1
1349 89 20 -1 0
1350 85 18 0 -1
1351 37 30 0 1
1352 29 1 0 1
1353 17 1 0 1
1354 96 35 0 1
1355 29 34 1 0
1356 59 24 -1 0
1357 55 29 0 -1
1358 17 14 0 1
1359 29 4 -1 0
1360 82 23 -1 0
1361 30 20 1 0
1362 52 4 0 1
1363 72 1 1 0
1364 41 14 0 1
1365 40 9 -1 0
1366 68 13 -1 0
1367 30 8 0 -1
1368 35 25 -1 0
1369 86 24 0 -1
1370 25 24 1 0
1371 38 26 -1 0
1372 23 15 0 1
1373 38 19 1 0
1374 37 5 -1 0
1375 26 32 -1 0
1376 38 20 0 -1
1377 66 6 1 0
1378 21 12 -1 0
1379 25 12 0 -1
1380 36 19 0 1
1381 36 19 0 1
1382 28 21 0 1
1383 4 26 -1 0
1384 27 18 -1 0
1385 31 6 0 1
1386 45 15 0 -1
1387 6 37 -1 0
1388 39 22 0 -1
1389 16 38 0 1
1390 38 24 1 0
1391 68 12 0 -1
1392 32 37 1 0
1393 27 31 0 -1
1394 26 14 -1 0
1395 38 15 -1 0
1396 9 7 0 -1
1397 48 5 -1 0
1398 26 22 0 -1
1399 26 31 -1 0
1400 27 15 0 1
1401 31 4 1 0
1402 36 23 0 1
1403 90 1 0 1
1404 24 17 -1 0
1405 28 35 -1 0
1406 35 24 1 0
1407 38 15 0 -1
1408 99 36 1 0
1409 18 15 0 -1
1410 27 30 1 0
1411 45 3 -1 0
1412 25 30 0 -1
1413 31 28 1 0
1414 39 25 0 1
1415 39 18 0 -1
1416 83 36 0 -1
1417 36 20 1 0
1418 40 17 0 1
1419 19 21 -1 0
1420 99 4 0 -1
1421 17 37 0 -1
1422 16 23 0 1
1423 42 6 0 -1
1424 8 36 -1 0
1425 38 4 -1 0
1426 26 9 1 0
1427 69 37 0 -1
1428 26 1 1 0
1429 31 38 1 0
1430 38 26 0 1
1431 31 19 -1 0
1432 39 14 1 0
1433 24 4 0 -1
1434 60 10 0 -1
1435 99 13 -1 0
1436 1 32 -1 0
1437 36 36 1 0
1438 26 28 1 0
1439 16 33 0 1
1440 86 30 1 0
1441 0 17 1 0
1442 40 6 0 1
1443 18 22 0 -1
1444 98 13 1 0
1445 37 4 0 1
1446 35 3 1 0
1447 44 2 0 1
1448 40 20 -1 0
1449 66 4 1 0
1450 27 36 0 1
1451 59 39 0 -1
1452 17 20 -1 0
1453 42 6 1 0
1454 36 23 -1 0
1455 4 32 0 1
1456 31 10 0 -1
1457 25 0 0 1
1458 26 35 1 0
1459 18 11 1 0
1460 51 35 -1 0
1461 0 39 0 1
1462 54 24 1 0
1463 12 38 0 1
1464 87 7 1 0
1465 59 21 0 1
1466 96 5 1 0
1467 43 14 1 0
1468 13 0 -1 0
1469 42 22 0 -1
1470 0 18 -1 0
1471 3 28 0 -1
1472 45 12 -1 0
1473 36 32 0 -1
1474 50 9 -1 0
1475 47 28 0 -1
1476 52 21 1 0
1477 36 26 1 0
1478 61 14 0 -1
1479 99 25 0 -1
1480 46 3 0 -1
1481 24 15 -1 0
1482 2 12 -1 0
1483 37 18 0 1
1484 37 17 0 -1
1485 54 9 0 -1
1486 92 12 0 1
1487 47 30 0 1
1488 20 2 -1 0
1489 93 14 1 0
1490 25 20 1 0
1491 61 7 0 1
1492 43 36 -1 0
1493 81 22 0 1
1494 49 12 1 0
1495 32 24 0 -1
1496 57 21 0 1
1497 92 36 -1 0
1498 43 14 1 0
1499 44 23 1 0
1500 20 37 -1 0
1501 38 28 1 0
1502 35 26 -1 0
1503 19 3 0 1
1504 26 6 0 1
1505 14 6 0 1
1506 29 28 0 1
1507 46 3 0 -1
1508 27 39 1 0
1509 96 20 0 1
1510 60 23 0 -1
1511 31 7 0 1
1512 3 28 -1 0
1513 2 25 -1 0
1514 16 0 1 0
1515 38 14 -1 0
1516 38 2 1 0
1517 31 15 -1 0
1518 3 32 0 1
1519 3 37 0 1
1520 37 15 0 1
1521 10 27 1 0
1522 25 21 -1 0
1523 36 29 -1 0
1524 82 3 -1 0
1525 43 33 -1 0
1526 30 5 0 -1
1527 45 31 0 1
1528 41 30 1 0
1529 40 36 -1 0
1530 39 33 1 0
1531 21 39 0 1
1532 28 2 1 0
1533 37 29 0 1
1534 40 27 -1 0
1535 17 13 1 0
1536 37 13 0 -1
1537 37 29 1 0
1538 28 23 0 -1
1539 19 11 -1 0
1540 64 12 -1 0
1541 82 30 0 -1
1542 46 5 0 1
1543 44 19 0 1
1544 52 27 1 0
1545 19 19 1 0
1546 31 19 1 0
1547 96 18 0 -1
1548 99 24 0 1
1549 62 37 0 -1
1550 30 33 1 0
1551 32 14 0 -1
1552 43 25 -1 0
1553 30 16 0 -1
1554 25 34 0 -1
1555 28 38 0 -1
1556 68 18 -1 0
1557 2 39 0 1
1558 44 25 0 1
1559 2 9 0 1
1560 46 5 1 0
1561 7 11 0 1
1562 36 36 0 -1
1563 29 33 0 1
1564 24 21 -1 0
1565 34 29 1 0
1566 27 13 -1 0
1567 25 16 1 0
1568 21 32 0 1
1569 29 18 -1 0
1570 31 17 1 0
1571 40 16 0 -1
1572 41 25 -1 0
1573 38 11 0 1
1574 37 22 -1 0
1575 40 25 1 0
1576 99 25 -1 0
1577 17 5 -1 0
1578 39 19 -1 0
1579 37 25 0 -1
1580 27 8 0 1
1581 19 34 -1 0
1582 0 14 0 1
1583 29 15 -1 0
1584 29 12 0 1
1585 39 29 1 0
1586 43 4 1 0
1587 40 23 0 1
1588 42 21 0 1
1589 40 14 0 1
1590 50 28 1 0
1591 27 14 1 0
1592 31 13 1 0
1593 19 2 1 0
1594 79 6 0 -1
1595 25 27 -1 0
1596 65 13 0 1
1597 19 16 0 -1
1598 63 14 -1 0
1599 97 17 0 1
1600 32 35 0 1
1601 17 31 1 0
1602 46 29 0 -1
1603 53 10 0 1
1604 36 19 1 0
1605 29 10 0 1
1606 89 2 0 1
1607 0 32 0 1
1608 29 29 0 1
1609 35 22 0 1
1610 39 19 1 0
1611 21 10 0 1
1612 16 6 1 0
1613 36 32 0 -1
1614 71 6 -1 0
1615 27 12 0 1
1616 27 16 -1 0
1617 39 28 -1 0
1618 29 16 -1 0
1619 91 27 -1 0
1620 35 28 0 -1
1621 81 32 0 1
1622 87 22 0 -1
1623 67 5 -1 0
1624 91 29 0 -1
1625 20 6 1 0
1626 49 8 0 1
1627 27 36 -1 0
1628 24 16 -1 0
1629 4 30 0 -1
1630 50 9 0 -1
1631 46 27 -1 0
1632 20 12 0 1
1633 4 38 -1 0
1634 38 10 0 -1
1635 76 31 1 0
1636 25 2 0 -1
1637 9 3 -1 0
1638 27 2 1 0
1639 7 17 1 0
1640 91 38 -1 0
1641 19 9 0 1
1642 40 18 0 -1
1643 77 39 0 -1
1644 29 20 1 0
1645 17 19 0 1
1646 36 25 0 -1
1647 43 34 1 0
1648 27 29 1 0
1649 58 14 1 0
1650 17 35 0 -1
1651 20 15 0 1
1652 53 29 0 -1
1653 27 28 0 1
1654 28 26 0 1
1655 12 27 1 0
1656 44 21 0 -1
1657 26 11 1 0
1658 22 17 1 0
1659 2 9 0 1
1660 16 30 0 -1
1661 29 7 -1 0
1662 26 13 0 1
1663 31 0 1 0
1664 95 38 0 -1
1665 11 26 0 1
1666 12 15 0 -1
1667 23 16 0 -1
1668 36 29 -1 0
1669 12 22 0 1
1670 32 21 1 0
1671 17 7 0 1
1672 30 29 1 0
1673 24 17 1 0
1674 67 7 1 0
1675 28 20 -1 0
1676 3 17 0 1
1677 20 34 0 1
1678 30 7 1 0
1679 26 30 1 0
1680 16 12 0 -1
1681 81 30 0 -1
1682 24 15 1 0
1683 27 26 0 -1
1684 29 17 0 -1
1685 11 22 0 1
1686 85 34 1 0
1687 27 2 0 1
1688 45 16 1 0
1689 91 20 0 1
1690 37 32 0 -1
1691 38 32 1 0
1692 56 18 -1 0
1693 39 12 1 0
1694 36 6 -1 0
1695 88 4 1 0
1696 12 20 1 0
1697 36 15 1 0
1698 16 27 0 -1
1699 37 26 1 0
1700 40 37 0 1
1701 28 29 0 1
1702 19 17 0 -1
1703 9 19 0 -1
1704 34 3 -1 0
1705 28 37 0 -1
1706 52 1 1 0
1707 24 37 0 1
1708 35 30 0 -1
1709 42 29 0 -1
1710 19 1 0 -1
1711 27 4 -1 0
1712 29 15 0 1
1713 31 9 1 0
1714 32 35 1 0
1715 29 7 0 1
1716 42 19 0 1
1717 78 10 -1 0
1718 34 8 -1 0
1719 26 37 0 -1
1720 95 3 -1 0
1721 16 10 1 0
1722 93 24 0 1
1723 26 0 0 1
1724 36 15 -1 0
1725 36 25 -1 0
1726 36 28 0 1
1727 24 29 0 -1
1728 25 3 1 0
1729 90 14 1 0
1730 39 8 -1 0
1731 35 29 0 -1
1732 98 10 0 -1
1733 76 21 1 0
1734 27 14 -1 0
1735 39 25 0 1
1736 81 3 1 0
1737 2 3 -1 0
1738 23 0 1 0
1739 21 39 1 0
1740 39 23 0 -1
1741 14 14 1 0
1742 37 14 0 1
1743 27 26 0 -1
1744 88 0 -1 0
1745 23 16 0 1
1746 97 18 0 -1
1747 35 15 0 1
1748 27 39 -1 0
1749 87 10 1 0
1750 27 28 1 0
1751 1 7 -1 0
1752 31 14 0 -1
1753 8 0 1 0
1754 61 17 0 1
1755 38 37 -1 0
1756 60 34 0 -1
1757 1 13 -1 0
1758 39 24 -1 0
1759 84 14 -1 0
1760 55 32 0 1
1761 26 23 1 0
1762 54 33 0 1
1763 29 18 0 1
1764 0 8 0 -1
1765 21 27 0 1
1766 75 12 1 0
1767 26 1 1 0
1768 83 27 -1 0
1769 38 3 -1 0
1770 51 28 -1 0
1771 19 14 1 0
1772 66 25 -1 0
1773 14 20 0 1
1774 96 18 0 -1
1775 79 34 -1 0
1776 43 32 0 -1
1777 82 6 0 -1
1778 30 17 -1 0
1779 9 25 0 -1
1780 25 25 1 0
1781 53 18 1 0
1782 76 14 -1 0
1783 23 18 0 1
1784 29 8 1 0
1785 31 8 -1 0
1786 30 13 0 1
1787 45 7 0 -1
1788 95 23 0 -1
1789 21 28 0 -1
1790 31 8 -1 0
1791 29 6 0 1
1792 40 0 -1 0
1793 7 28 -1 0
1794 28 36 1 0
1795 40 34 1 0
1796 29 29 0 1
1797 38 19 0 1
1798 29 12 -1 0
1799 29 4 1 0
1800 30 18 -1 0
1801 21 5 -1 0
1802 31 6 0 1
1803 38 16 0 -1
1804 27 22 1 0
1805 14 35 -1 0
1806 35 23 0 -1
1807 45 2 1 0
1808 99 14 -1 0
1809 43 19 0 1
1810 63 36 -1 0
1811 25 19 0 1
1812 89 37 0 -1
1813 54 18 -1 0
1814 26 31 0 -1
1815 86 21 0 1
1816 20 12 0 -1
1817 42 20 0 1
1818 39 25 0 -1
1819 42 22 0 1
1820 51 35 0 -1
1821 65 29 0 1
1822 50 34 0 -1
1823 42 19 -1 0
1824 79 38 1 0
1825 40 38 0 -1
1826 56 13 1 0
1827 95 39 -1 0
1828 39 8 -1 0
1829 29 5 -1 0
1830 47 3 -1 0
1831 37 15 1 0
1832 47 9 0 1
1833 98 24 1 0
1834 52 33 -1 0
1835 42 9 0 -1
1836 46 24 0 -1
1837 85 32 0 1
1838 5 33 0 1
1839 72 21 0 1
1840 37 32 0 -1
1841 73 30 0 1
1842 6 16 0 -1
1843 93 15 0 -1
1844 13 31 -1 0
1845 31 7 0 1
1846 59 30 0 1
1847 72 23 1 0
1848 91 12 1 0
1849 69 21 -1 0
1850 87 17 0 -1
1851 41 33 -1 0
1852 42 12 0 1
1853 31 39 1 0
1854 22 19 -1 0
1855 86 31 -1 0
1856 47 34 1 0
1857 15 32 -1 0
1858 44 3 0 1
1859 62 18 0 1
1860 89 4 0 1
1861 47 12 1 0
1862 28 8 -1 0
1863 45 13 -1 0
1864 29 2 -1 0
1865 34 34 0 1
1866 9 14 0 1
1867 91 6 1 0
1868 23 9 1 0
1869 43 18 1 0
1870 59 20 1 0
1871 20 21 1 0
1872 32 25 0 -1
1873 48 20 -1 0
1874 41 20 -1 0
1875 97 33 1 0
1876 47 5 1 0
1877 11 15 0 1
1878 42 27 1 0
1879 52 16 0 1
1880 44 32 0 1
1881 27 1 0 1
1882 82 38 -1 0
1883 23 17 1 0
1884 42 11 0 1
1885 31 2 -1 0
1886 28 15 -1 0
1887 37 23 -1 0
1888 35 28 0 -1
1889 30 27 0 -1
1890 27 1 0 1
1891 97 21 0 1
1892 41 27 0 -1
1893 29 14 -1 0
1894 23 28 0 1
1895 4 29 0 1
1896 35 11 -1 0
1897 26 1 0 -1
1898 94 34 -1 0
1899 22 4 0 1
1900 41 18 0 1
1901 37 27 0 -1
1902 48 7 0 -1
1903 77 2 0 -1
1904 73 14 0 1
1905 3 27 0 -1
1906 39 10 1 0
1907 89 24 0 -1
1908 30 5 0 -1
1909 85 8 -1 0
1910 16 29 -1 0
1911 53 36 -1 0
1912 40 25 1 0
1913 43 25 1 0
1914 55 7 1 0
1915 43 27 0 -1
1916 37 26 0 1
1917 88 8 0 -1
1918 45 18 1 0
1919 36 32 1 0
1920 67 29 0 -1
1921 96 27 0 1
1922 36 17 0 1
1923 45 5 0 -1
1924 44 30 -1 0
1925 38 34 0 -1
1926 81 7 -1 0
1927 44 5 0 -1
1928 99 8 0 -1
1929 23 7 0 -1
1930 95 21 0 1
1931 15 16 1 0
1932 26 2 0 -1
1933 41 26 1 0
1934 39 26 1 0
1935 59 3 1 0
1936 21 24 0 1
1937 37 33 -1 0
1938 31 14 1 0
1939 43 15 0 -1
1940 35 26 0 1
1941 46 2 0 1
1942 55 26 1 0
1943 41 16 0 -1
1944 24 20 0 1
1945 88 25 -1 0
1946 4 20 1 0
1947 28 15 -1 0
1948 18 35 0 -1
1949 41 19 1 0
1950 78 3 0 1
1951 36 18 1 0
1952 27 17 0 -1
1953 21 9 0 1
1954 27 36 1 0
1955 22 11 0 -1
1956 27 2 0 1
1957 97 0 0 1
1958 56 38 0 -1
1959 92 28 0 -1
1960 29 5 0 1
1961 40 1 0 -1
1962 31 1 1 0
1963 37 1 -1 0
1964 40 27 -1 0
1965 27 16 1 0
1966 2 7 0 1
1967 23 17 -1 0
1968 67 3 0 1
1969 39 13 0 1
1970 70 2 0 -1
1971 36 0 -1 0
1972 38 8 0 -1
1973 29 7 -1 0
1974 40 21 -1 0
1975 56 17 0 -1
1976 1 32 -1 0
1977 41 21 -1 0
1978 36 20 -1 0
1979 88 19 0 -1
1980 38 23 -1 0
1981 35 35 0 -1
1982 20 39 0 -1
1983 28 30 1 0
1984 40 28 0 -1
1985 50 39 -1 0
1986 26 38 -1 0
1987 36 18 0 1
1988 37 24 1 0
1989 31 11 1 0
1990 76 26 -1 0
1991 40 24 0 -1
1992 41 3 0 1
1993 25 28 1 0
1994 94 28 1 0
1995 41 33 0 -1
1996 95 25 -1 0
1997 28 13 0 1
1998 32 26 -1 0
1999 30 0 -1 0
