0 40 25 -1 0
1 2 19 0 1
2 64 6 0 -1
3 21 13 -1 0
4 25 1 1 0
5 25 1 0 -1
6 41 21 0 -1
7 23 29 0 -1
8 24 30 0 1
9 76 3 0 -1
10 23 27 0 -1
11 49 18 0 1
12 28 35 0 -1
13 83 31 0 1
14 29 37 0 1
15 19 18 0 1
16 27 30 -1 0
17 55 8 0 1
18 25 4 0 -1
19 93 1 -1 0
20 70 12 -1 0
21 56 1 -1 0
22 8 21 0 -1
23 0 29 0 -1
24 40 36 0 -1
25 23 34 0 1
26 26 24 1 0
27 52 21 0 -1
28 26 26 0 1
29 41 37 -1 0
30 96 4 1 0
31 42 17 0 1
32 57 18 -1 0
33 45 5 0 -1
34 23 31 -1 0
35 8 2 1 0
36 6 13 -1 0
37 45 7 1 0
38 41 19 1 0
39 38 18 0 1
40 39 39 -1 0
41 39 38 0 1
42 8 34 -1 0
43 14 29 -1 0
44 90 39 0 -1
45 6 35 1 0
46 40 18 0 -1
47 11 16 1 0
48 90 27 0 1
49 76 5 -1 0
50 93 35 0 -1
51 26 39 0 1
52 1 11 0 1
53 17 18 1 0
54 28 7 1 0
55 22 36 0 -1
56 35 33 -1 0
57 10 35 1 0
58 37 19 1 0
59 15 25 0 -1
60 20 31 1 0
61 74 30 1 0
62 39 34 0 -1
63 0 33 1 0
64 3 31 0 -1
65 32 0 1 0
66 23 37 -1 0
67 56 33 0 1
68 29 6 -1 0
69 20 29 -1 0
70 91 34 1 0
71 2 37 1 0
72 17 13 1 0
73 45 9 0 -1
74 52 37 0 -1
75 84 21 0 1
76 99 7 0 1
77 0 21 -1 0
78 84 23 1 0
79 41 34 -1 0
80 82 39 0 1
81 29 15 0 1
82 50 20 0 1
83 25 0 0 1
84 30 10 0 -1
85 57 28 1 0
86 17 20 -1 0
87 10 20 -1 0
88 1 14 1 0
89 27 0 0 1
90 64 11 1 0
91 2 4 1 0
92 29 14 0 1
93 92 28 1 0
94 1 1 1 0
95 38 4 0 -1
96 62 7 0 -1
97 49 27 -1 0
98 26 8 -1 0
99 38 28 -1 0
100 14 31 -1 0
101 23 22 0 1
102 43 36 0 -1
103 29 11 0 -1
104 92 17 1 0
105 22 8 0 -1
106 15 1 0 1
107 2 9 0 -1
108 72 25 0 -1
109 41 36 0 1
110 7 4 -1 0
111 51 30 0 -1
112 29 33 -1 0
113 9 19 0 1
114 80 36 0 -1
115 53 35 1 0
116 85 19 -1 0
117 38 14 1 0
118 23 35 1 0
119 28 14 0 -1
120 21 17 -1 0
121 1 14 -1 0
122 48 31 -1 0
123 38 5 0 -1
124 13 8 0 1
125 70 30 0 -1
126 88 11 -1 0
127 81 23 1 0
128 43 11 0 -1
129 30 31 0 -1
130 67 14 1 0
131 85 4 0 -1
132 59 13 0 -1
133 17 28 0 1
134 16 30 1 0
135 40 30 0 -1
136 62 10 0 1
137 45 7 0 -1
138 39 2 0 1
139 45 10 -1 0
140 41 31 1 0
141 2 11 -1 0
142 7 19 0 -1
143 15 28 -1 0
144 42 30 -1 0
145 1 16 0 1
146 12 15 0 -1
147 20 10 -1 0
148 50 8 0 1
149 24 13 0 -1
150 30 14 -1 0
151 45 23 0 1
152 29 39 0 -1
153 41 6 0 -1
154 40 10 -1 0
155 40 10 0 1
156 54 22 -1 0
157 52 20 1 0
158 22 14 0 -1
159 2 0 1 0
160 42 26 0 1
161 29 36 0 1
162 39 23 1 0
163 51 7 1 0
164 98 11 -1 0
165 44 14 -1 0
166 7 14 0 -1
167 38 0 0 1
168 25 26 0 1
169 76 7 0 1
170 25 15 0 -1
171 23 12 1 0
172 37 39 0 1
173 9 32 1 0
174 46 18 0 -1
175 17 20 0 -1
176 9 17 0 -1
177 24 12 0 -1
178 30 18 0 1
179 22 37 1 0
180 76 22 0 1
181 40 21 -1 0
182 11 32 0 1
183 37 27 0 -1
184 44 36 0 1
185 27 28 1 0
186 27 21 1 0
187 0 6 1 0
188 65 10 1 0
189 40 23 0 -1
190 84 30 1 0
191 68 32 -1 0
192 65 21 -1 0
193 83 35 1 0
194 47 0 0 1
195 53 18 -1 0
196 13 23 0 1
197 27 4 1 0
198 26 23 0 1
199 78 16 1 0
200 90 24 0 1
201 23 39 0 -1
202 98 2 -1 0
203 22 39 1 0
204 28 30 1 0
205 42 4 0 -1
206 13 34 0 -1
207 22 16 0 -1
208 86 17 1 0
209 28 27 1 0
210 22 27 0 1
211 82 39 -1 0
212 19 23 0 1
213 6 31 1 0
214 42 3 0 1
215 65 12 0 -1
216 38 18 1 0
217 44 32 1 0
218 64 6 0 1
219 88 39 1 0
220 47 5 1 0
221 83 32 0 1
222 17 25 0 1
223 0 30 1 0
224 38 21 0 -1
225 45 14 0 -1
226 29 30 -1 0
227 9 38 -1 0
228 42 18 0 1
229 42 8 0 1
230 21 4 -1 0
231 81 3 0 1
232 31 28 0 1
233 67 8 1 0
234 29 37 0 1
235 68 23 1 0
236 90 7 0 1
237 45 30 1 0
238 32 21 0 1
239 58 37 1 0
240 30 35 0 1
241 96 16 -1 0
242 37 18 -1 0
243 46 6 -1 0
244 45 2 1 0
245 29 34 -1 0
246 26 28 0 -1
247 52 30 0 1
248 29 14 0 1
249 60 33 0 1
250 28 11 1 0
251 30 2 0 -1
252 57 32 0 1
253 52 17 0 -1
254 91 16 0 1
255 12 11 -1 0
256 94 33 1 0
257 20 25 1 0
258 73 34 0 -1
259 19 20 0 1
260 37 11 0 -1
261 9 25 1 0
262 3 21 1 0
263 59 3 -1 0
264 80 32 -1 0
265 82 2 0 1
266 37 35 1 0
267 69 17 0 -1
268 21 14 1 0
269 74 24 0 1
270 76 14 -1 0
271 56 39 1 0
272 4 13 0 -1
273 20 6 -1 0
274 28 11 -1 0
275 30 33 -1 0
276 71 37 0 -1
277 91 18 0 1
278 87 39 0 -1
279 95 3 0 -1
280 35 30 0 -1
281 55 8 0 1
282 24 23 -1 0
283 86 14 0 1
284 3 9 1 0
285 20 15 1 0
286 41 15 1 0
287 19 24 -1 0
288 8 23 1 0
289 56 10 0 1
290 21 35 0 -1
291 10 26 0 1
292 12 27 -1 0
293 45 31 1 0
294 93 13 0 1
295 41 3 1 0
296 72 38 0 1
297 31 15 0 -1
298 55 19 0 -1
299 38 2 1 0
300 48 3 0 -1
301 27 12 0 1
302 2 8 0 -1
303 0 10 0 1
304 44 15 0 1
305 3 30 0 -1
306 29 35 0 1
307 1 14 0 -1
308 25 28 0 -1
309 45 19 0 1
310 40 0 0 -1
311 25 33 1 0
312 6 18 1 0
313 81 34 0 -1
314 30 14 0 -1
315 90 10 -1 0
316 46 19 0 1
317 22 18 -1 0
318 96 20 0 -1
319 1 1 1 0
320 36 36 0 1
321 8 27 -1 0
322 23 4 0 -1
323 1 6 -1 0
324 30 38 0 1
325 19 5 0 1
326 63 16 1 0
327 16 28 -1 0
328 5 11 0 -1
329 24 33 0 1
330 40 19 1 0
331 41 29 0 -1
332 13 19 1 0
333 80 33 0 -1
334 74 4 -1 0
335 38 20 1 0
336 29 34 0 -1
337 69 8 0 1
338 38 35 -1 0
339 17 10 0 -1
340 9 2 1 0
341 11 31 -1 0
342 27 37 -1 0
343 39 22 1 0
344 93 4 -1 0
345 24 35 0 -1
346 38 38 0 1
347 49 37 1 0
348 86 18 1 0
349 3 24 1 0
350 50 39 -1 0
351 57 13 -1 0
352 59 2 1 0
353 48 7 0 1
354 49 21 1 0
355 56 4 -1 0
356 75 19 1 0
357 1 8 -1 0
358 40 12 0 1
359 21 29 -1 0
360 41 31 1 0
361 51 9 -1 0
362 52 9 1 0
363 41 7 -1 0
364 13 16 0 -1
365 83 30 1 0
366 59 19 0 1
367 29 16 1 0
368 72 38 0 1
369 92 10 1 0
370 87 7 0 -1
371 22 16 0 -1
372 16 18 -1 0
373 84 15 0 1
374 81 8 -1 0
375 48 21 -1 0
376 20 15 0 1
377 26 30 1 0
378 37 33 -1 0
379 35 21 0 -1
380 91 9 1 0
381 39 7 -1 0
382 75 34 0 -1
383 48 26 0 -1
384 83 17 -1 0
385 23 23 1 0
386 60 1 1 0
387 68 18 0 1
388 39 19 0 1
389 21 8 -1 0
390 83 0 1 0
391 34 31 0 -1
392 52 21 1 0
393 49 16 -1 0
394 65 2 -1 0
395 27 10 -1 0
396 37 32 1 0
397 43 19 -1 0
398 76 21 0 1
399 52 16 0 1
400 37 35 1 0
401 26 0 0 -1
402 92 9 1 0
403 73 0 -1 0
404 55 31 0 1
405 23 22 0 1
406 99 25 -1 0
407 57 39 1 0
408 24 35 0 -1
409 51 27 0 1
410 68 21 -1 0
411 85 21 0 1
412 75 29 1 0
413 40 32 -1 0
414 7 35 -1 0
415 18 29 1 0
416 23 13 1 0
417 66 0 0 1
418 39 24 0 -1
419 45 9 0 1
420 6 32 0 -1
421 40 21 1 0
422 45 22 1 0
423 9 2 0 -1
424 28 8 0 1
425 91 32 -1 0
426 48 25 -1 0
427 15 18 -1 0
428 40 28 1 0
429 24 1 1 0
430 37 3 0 -1
431 93 39 0 -1
432 24 3 0 -1
433 73 33 0 -1
434 19 6 0 1
435 79 13 1 0
436 7 9 0 -1
437 62 18 -1 0
438 92 6 0 1
439 14 21 1 0
440 42 9 1 0
441 36 16 0 1
442 44 18 0 1
443 41 7 0 -1
444 42 22 1 0
445 24 18 0 -1
446 27 20 1 0
447 23 29 1 0
448 4 37 -1 0
449 44 11 -1 0
450 30 34 0 -1
451 62 12 1 0
452 80 30 0 1
453 44 37 0 1
454 86 2 -1 0
455 40 32 0 -1
456 31 5 -1 0
457 93 36 -1 0
458 9 28 0 -1
459 69 25 0 1
460 42 17 0 -1
461 26 23 1 0
462 10 23 0 -1
463 31 14 0 1
464 23 36 1 0
465 80 34 -1 0
466 19 16 -1 0
467 38 25 -1 0
468 45 1 0 1
469 21 24 -1 0
470 73 27 0 -1
471 24 28 0 1
472 26 36 0 1
473 44 10 -1 0
474 53 9 1 0
475 67 32 0 1
476 38 29 0 -1
477 52 9 0 -1
478 11 23 -1 0
479 78 13 1 0
480 87 14 1 0
481 30 37 1 0
482 95 32 1 0
483 27 1 -1 0
484 88 32 0 1
485 35 12 -1 0
486 31 29 0 -1
487 57 14 0 1
488 63 37 0 -1
489 82 3 0 1
490 78 38 0 1
491 10 9 1 0
492 9 35 1 0
493 23 29 0 1
494 22 20 0 1
495 5 24 1 0
496 56 14 0 -1
497 27 32 1 0
498 63 23 0 1
499 17 14 0 1
500 94 7 -1 0
501 36 19 -1 0
502 0 23 1 0
503 9 3 1 0
504 53 24 0 -1
505 43 29 1 0
506 84 19 0 1
507 36 21 0 -1
508 4 7 0 1
509 23 31 0 -1
510 12 9 -1 0
511 60 6 0 -1
512 89 13 0 1
513 39 32 0 -1
514 25 28 0 1
515 31 7 -1 0
516 66 12 1 0
517 85 20 0 -1
518 92 38 0 1
519 83 22 1 0
520 36 26 0 1
521 28 22 0 -1
522 26 0 -1 0
523 17 12 -1 0
524 24 36 0 1
525 23 31 0 -1
526 46 9 1 0
527 39 10 0 1
528 0 18 1 0
529 14 6 1 0
530 71 35 -1 0
531 36 31 0 1
532 40 28 -1 0
533 51 32 1 0
534 47 37 -1 0
535 28 19 -1 0
536 76 25 -1 0
537 30 37 0 1
538 72 28 1 0
539 24 14 0 1
540 80 20 0 -1
541 56 31 0 -1
542 56 2 1 0
543 22 16 1 0
544 73 26 0 1
545 9 23 0 1
546 21 4 0 -1
547 87 1 0 -1
548 64 6 1 0
549 54 28 -1 0
550 95 14 -1 0
551 72 33 -1 0
552 60 7 0 -1
553 8 34 0 1
554 2 29 -1 0
555 71 30 -1 0
556 56 3 0 1
557 79 21 0 -1
558 54 31 0 -1
559 89 34 -1 0
560 30 38 -1 0
561 78 23 0 -1
562 28 28 0 -1
563 39 17 0 1
564 17 23 0 1
565 41 8 -1 0
566 46 1 0 -1
567 37 3 1 0
568 39 8 0 -1
569 2 24 0 -1
570 46 33 0 1
571 20 12 -1 0
572 27 10 0 1
573 0 39 -1 0
574 50 11 0 1
575 45 29 0 -1
576 37 11 1 0
577 25 23 -1 0
578 79 11 -1 0
579 0 17 0 1
580 30 11 -1 0
581 84 37 1 0
582 42 28 1 0
583 99 35 0 1
584 27 15 0 -1
585 46 16 1 0
586 23 24 0 1
587 23 19 1 0
588 47 12 1 0
589 11 39 1 0
590 1 37 0 1
591 21 10 -1 0
592 56 25 0 -1
593 28 13 0 -1
594 22 31 0 -1
595 90 35 0 1
596 99 21 0 1
597 36 33 -1 0
598 31 18 0 -1
599 20 19 1 0
600 11 34 1 0
601 22 4 0 1
602 50 35 -1 0
603 83 35 0 -1
604 39 4 -1 0
605 22 2 0 1
606 95 28 1 0
607 85 25 1 0
608 17 8 1 0
609 19 17 0 -1
610 37 27 0 1
611 96 12 0 1
612 99 1 0 -1
613 27 9 -1 0
614 60 18 -1 0
615 31 26 1 0
616 91 4 -1 0
617 18 0 -1 0
618 80 39 -1 0
619 43 9 0 1
620 94 7 0 -1
621 42 21 0 1
622 28 32 0 1
623 80 33 1 0
624 24 24 0 -1
625 2 6 -1 0
626 68 39 1 0
627 97 9 0 -1
628 15 8 -1 0
629 35 0 0 1
630 24 31 -1 0
631 24 5 1 0
632 63 12 -1 0
633 61 28 0 -1
634 41 2 -1 0
635 28 11 -1 0
636 73 27 0 -1
637 92 22 -1 0
638 26 13 -1 0
639 45 11 -1 0
640 27 35 0 1
641 41 5 0 1
642 31 3 0 -1
643 78 26 0 -1
644 18 8 1 0
645 4 30 1 0
646 76 21 0 -1
647 38 12 0 -1
648 25 2 0 -1
649 28 20 -1 0
650 32 38 0 -1
651 40 33 0 -1
652 74 9 -1 0
653 26 13 1 0
654 40 7 0 1
655 43 6 0 -1
656 95 33 1 0
657 27 24 1 0
658 52 5 0 1
659 60 36 1 0
660 44 28 -1 0
661 51 30 0 1
662 13 32 0 1
663 90 22 0 1
664 30 25 0 -1
665 59 23 0 1
666 10 0 0 1
667 9 16 -1 0
668 23 33 0 -1
669 15 14 0 1
670 60 7 -1 0
671 22 12 1 0
672 40 9 -1 0
673 75 29 1 0
674 27 9 0 1
675 84 18 1 0
676 67 12 -1 0
677 3 4 0 1
678 84 0 0 -1
679 30 17 0 1
680 7 28 0 -1
681 49 5 0 1
682 36 13 0 -1
683 99 20 0 -1
684 41 33 0 -1
685 23 19 -1 0
686 95 12 0 1
687 53 13 1 0
688 18 6 1 0
689 3 5 0 -1
690 27 36 1 0
691 45 2 -1 0
692 23 39 0 1
693 23 1 1 0
694 87 9 1 0
695 1 27 1 0
696 10 35 1 0
697 16 3 -1 0
698 27 10 0 -1
699 40 28 0 1
700 77 39 0 -1
701 20 14 0 1
702 3 32 1 0
703 44 21 0 1
704 46 15 0 -1
705 48 27 0 -1
706 97 7 1 0
707 13 2 0 -1
708 16 8 0 1
709 11 29 0 -1
710 70 20 1 0
711 29 1 -1 0
712 39 32 1 0
713 20 33 -1 0
714 53 21 0 1
715 37 1 -1 0
716 36 11 1 0
717 28 6 -1 0
718 40 25 0 -1
719 21 16 0 -1
720 93 19 1 0
721 86 16 0 1
722 25 34 1 0
723 2 36 -1 0
724 54 24 0 -1
725 24 25 1 0
726 37 21 0 1
727 27 33 0 1
728 82 10 1 0
729 19 37 0 -1
730 23 8 1 0
731 38 6 -1 0
732 97 39 0 -1
733 41 3 0 -1
734 45 14 -1 0
735 54 5 0 1
736 23 30 0 1
737 24 23 1 0
738 97 31 0 -1
739 36 10 0 1
740 24 5 0 -1
741 91 7 0 -1
742 38 33 -1 0
743 94 10 0 1
744 29 22 0 -1
745 48 18 1 0
746 66 38 -1 0
747 21 30 1 0
748 24 7 1 0
749 26 16 0 1
750 76 39 0 -1
751 13 8 0 -1
752 35 36 0 -1
753 4 16 0 1
754 38 26 0 -1
755 31 28 0 1
756 97 31 0 1
757 52 11 -1 0
758 42 32 -1 0
759 5 25 -1 0
760 18 18 0 1
761 42 4 -1 0
762 63 39 -1 0
763 28 33 1 0
764 11 27 -1 0
765 75 25 0 -1
766 50 11 0 -1
767 9 15 0 1
768 76 31 0 -1
769 30 36 0 1
770 14 9 0 -1
771 26 38 0 -1
772 21 29 -1 0
773 51 10 0 -1
774 4 5 1 0
775 42 28 0 -1
776 41 6 1 0
777 74 14 0 1
778 64 11 1 0
779 38 20 0 1
780 30 15 0 1
781 36 8 -1 0
782 38 19 1 0
783 44 5 0 1
784 30 35 0 1
785 17 32 0 -1
786 40 27 0 1
787 26 9 0 -1
788 37 19 1 0
789 53 37 0 -1
790 30 37 0 1
791 28 39 0 -1
792 21 30 -1 0
793 0 15 -1 0
794 89 18 0 -1
795 64 9 0 1
796 83 31 0 -1
797 75 1 0 1
798 42 25 0 -1
799 12 12 0 1
800 91 11 0 1
801 20 11 0 -1
802 28 32 -1 0
803 41 25 0 1
804 12 10 0 -1
805 19 0 -1 0
806 88 26 1 0
807 40 34 0 -1
808 67 16 -1 0
809 38 39 0 -1
810 24 11 0 -1
811 22 6 1 0
812 44 3 0 1
813 28 36 0 1
814 37 31 -1 0
815 22 38 1 0
816 38 25 1 0
817 26 0 -1 0
818 18 4 -1 0
819 28 31 1 0
820 30 22 0 1
821 39 8 1 0
822 38 21 1 0
823 80 34 1 0
824 49 16 -1 0
825 31 8 0 -1
826 30 27 0 -1
827 50 27 -1 0
828 38 29 1 0
829 61 36 -1 0
830 95 18 0 1
831 36 32 1 0
832 41 10 1 0
833 24 36 -1 0
834 60 28 0 1
835 42 8 1 0
836 23 27 0 -1
837 29 9 -1 0
838 23 23 1 0
839 48 26 1 0
840 82 22 0 -1
841 43 10 0 -1
842 45 32 0 1
843 81 31 0 -1
844 26 34 0 1
845 59 9 -1 0
846 26 36 -1 0
847 39 0 0 1
848 70 17 0 1
849 41 11 1 0
850 21 15 0 -1
851 98 13 -1 0
852 81 9 -1 0
853 43 30 0 1
854 25 25 0 1
855 23 12 -1 0
856 20 33 1 0
857 37 30 0 -1
858 64 21 -1 0
859 19 27 0 1
860 97 31 1 0
861 39 28 0 1
862 27 2 1 0
863 29 9 0 1
864 21 24 -1 0
865 86 17 0 1
866 20 20 0 -1
867 2 38 -1 0
868 97 29 0 1
869 40 20 1 0
870 18 3 0 -1
871 28 36 -1 0
872 10 33 -1 0
873 28 9 -1 0
874 12 39 -1 0
875 14 9 0 -1
876 40 29 -1 0
877 18 29 1 0
878 91 38 0 1
879 21 10 -1 0
880 78 36 0 -1
881 24 39 -1 0
882 87 17 1 0
883 22 39 -1 0
884 38 9 0 -1
885 99 32 0 -1
886 40 35 -1 0
887 90 18 0 -1
888 50 20 -1 0
889 74 20 0 1
890 36 23 0 1
891 25 12 1 0
892 98 13 0 -1
893 22 7 1 0
894 39 14 -1 0
895 98 6 0 -1
896 49 1 0 -1
897 19 17 0 -1
898 78 7 -1 0
899 29 18 1 0
900 45 5 0 -1
901 78 1 0 -1
902 57 18 0 -1
903 19 28 0 1
904 37 7 -1 0
905 27 31 0 1
906 84 32 1 0
907 44 16 -1 0
908 47 15 0 -1
909 52 20 0 1
910 35 13 0 -1
911 32 35 0 1
912 6 39 0 -1
913 97 6 -1 0
914 19 33 -1 0
915 80 16 0 1
916 79 3 -1 0
917 92 22 0 -1
918 26 37 0 -1
919 24 4 0 -1
920 29 18 0 -1
921 12 25 0 1
922 88 3 0 1
923 62 5 0 1
924 23 34 1 0
925 61 24 0 -1
926 93 7 -1 0
927 31 34 -1 0
928 45 21 -1 0
929 21 7 0 -1
930 7 21 0 1
931 54 3 0 1
932 52 15 0 1
933 20 23 1 0
934 24 22 0 1
935 2 4 -1 0
936 43 23 1 0
937 59 13 1 0
938 46 18 1 0
939 99 5 0 -1
940 18 4 0 1
941 22 26 1 0
942 28 32 1 0
943 28 27 0 1
944 8 11 -1 0
945 4 33 1 0
946 44 39 -1 0
947 27 35 1 0
948 23 16 -1 0
949 61 18 0 -1
950 36 4 -1 0
951 36 13 0 -1
952 40 24 -1 0
953 51 20 1 0
954 92 39 0 1
955 64 27 0 -1
956 80 4 -1 0
957 47 4 0 1
958 85 19 1 0
959 3 3 -1 0
960 76 38 -1 0
961 11 36 0 1
962 38 36 0 1
963 13 38 -1 0
964 41 5 0 -1
965 19 21 0 -1
966 42 10 0 -1
967 50 0 0 -1
968 21 16 0 1
969 8 22 -1 0
970 38 20 -1 0
971 99 29 0 1
972 73 31 0 1
973 36 20 1 0
974 36 28 0 -1
975 22 10 1 0
976 42 18 0 1
977 23 35 0 1
978 56 2 1 0
979 24 37 0 -1
980 8 26 0 -1
981 43 39 0 -1
982 26 14 0 1
983 81 20 1 0
984 61 17 0 1
985 60 38 0 1
986 40 7 0 -1
987 84 4 1 0
988 22 0 -1 0
989 46 23 -1 0
990 12 23 0 1
991 45 25 -1 0
992 53 9 0 1
993 41 38 1 0
994 19 0 0 -1
995 55 9 1 0
996 24 34 0 1
997 43 17 -1 0
998 39 21 0 -1
999 39 1 1 0
1000 70 31 1 0
1001 23 18 -1 0
1002 51 15 -1 0
1003 82 4 0 1
1004 13 20 1 0
1005 98 1 0 1
1006 24 0 1 0
1007 59 37 0 1
1008 95 17 0 -1
1009 40 19 1 0
1010 92 2 1 0
1011 78 9 0 1
1012 90 14 0 -1
1013 48 31 0 1
1014 37 17 1 0
1015 27 0 0 1
1016 20 21 0 -1
1017 16 4 0 1
1018 61 37 0 1
1019 13 0 0 -1
1020 57 38 0 1
1021 85 30 0 1
1022 9 35 -1 0
1023 42 11 -1 0
1024 27 11 1 0
1025 42 4 0 -1
1026 28 2 0 1
1027 44 12 1 0
1028 43 31 0 -1
1029 42 22 0 -1
1030 65 18 0 1
1031 65 17 0 -1
1032 77 28 0 -1
1033 97 30 0 1
1034 86 0 0 1
1035 38 4 1 0
1036 91 24 -1 0
1037 21 26 1 0
1038 19 5 1 0
1039 2 39 0 1
1040 36 1 0 1
1041 76 15 0 1
1042 49 26 0 -1
1043 38 17 0 1
1044 97 24 0 -1
1045 71 30 0 1
1046 46 14 1 0
1047 57 1 0 -1
1048 8 8 -1 0
1049 65 36 0 1
1050 24 38 0 1
1051 25 21 -1 0
1052 20 10 1 0
1053 19 27 -1 0
1054 24 30 0 -1
1055 42 26 0 -1
1056 46 30 0 -1
1057 20 30 -1 0
1058 20 31 1 0
1059 8 32 0 1
1060 46 27 -1 0
1061 72 38 -1 0
1062 13 18 -1 0
1063 25 18 -1 0
1064 69 29 0 -1
1065 12 1 -1 0
1066 47 26 0 1
1067 42 19 1 0
1068 27 18 0 1
1069 23 21 1 0
1070 35 12 0 1
1071 38 19 -1 0
1072 36 12 -1 0
1073 41 24 -1 0
1074 64 34 -1 0
1075 36 17 -1 0
1076 28 37 1 0
1077 65 3 0 1
1078 26 39 -1 0
1079 27 15 -1 0
1080 87 34 -1 0
1081 70 22 0 -1
1082 32 34 0 1
1083 25 39 0 1
1084 9 37 0 1
1085 12 32 1 0
1086 25 1 0 -1
1087 42 11 -1 0
1088 85 1 0 1
1089 16 11 1 0
1090 39 16 0 1
1091 1 2 1 0
1092 51 35 0 1
1093 42 19 0 1
1094 92 31 0 1
1095 28 19 -1 0
1096 52 3 -1 0
1097 44 33 -1 0
1098 9 1 0 1
1099 78 19 1 0
1100 8 4 -1 0
1101 64 7 1 0
1102 53 10 -1 0
1103 22 20 1 0
1104 92 20 -1 0
1105 35 4 1 0
1106 91 8 0 1
1107 3 7 0 1
1108 22 3 -1 0
1109 31 21 1 0
1110 31 39 0 1
1111 46 17 1 0
1112 0 28 -1 0
1113 41 20 1 0
1114 68 26 1 0
1115 20 3 1 0
1116 44 1 0 1
1117 61 18 1 0
1118 41 34 0 1
1119 35 32 1 0
1120 37 36 0 -1
1121 22 9 1 0
1122 21 28 1 0
1123 48 23 1 0
1124 65 13 0 -1
1125 55 23 0 1
1126 19 6 0 -1
1127 82 2 0 -1
1128 52 29 0 -1
1129 15 30 -1 0
1130 16 2 1 0
1131 62 18 -1 0
1132 24 26 0 -1
1133 30 15 0 -1
1134 37 33 0 -1
1135 79 5 -1 0
1136 45 15 0 -1
1137 94 10 0 -1
1138 92 2 0 -1
1139 91 25 0 1
1140 3 34 1 0
1141 39 30 -1 0
1142 18 26 -1 0
1143 18 21 0 1
1144 13 26 1 0
1145 22 32 1 0
1146 86 21 0 -1
1147 30 11 -1 0
1148 20 34 1 0
1149 61 38 -1 0
1150 21 18 1 0
1151 22 19 0 -1
1152 18 27 1 0
1153 29 28 0 1
1154 95 17 0 -1
1155 81 22 1 0
1156 89 15 1 0
1157 25 38 1 0
1158 55 11 -1 0
1159 83 21 0 -1
1160 37 16 0 1
1161 48 30 0 -1
1162 22 22 0 1
1163 79 18 -1 0
1164 21 13 0 -1
1165 40 13 0 -1
1166 25 11 1 0
1167 19 15 -1 0
1168 40 14 0 -1
1169 16 18 0 -1
1170 42 11 1 0
1171 28 16 1 0
1172 99 17 0 1
1173 46 29 1 0
1174 5 23 1 0
1175 45 26 -1 0
1176 14 12 0 1
1177 92 17 -1 0
1178 26 26 0 1
1179 15 38 1 0
1180 0 35 -1 0
1181 35 39 -1 0
1182 54 19 0 1
1183 28 12 0 -1
1184 80 4 0 -1
1185 27 34 0 1
1186 37 30 -1 0
1187 42 10 0 1
1188 44 38 -1 0
1189 12 35 1 0
1190 98 5 1 0
1191 40 34 0 -1
1192 81 18 -1 0
1193 80 33 0 1
1194 26 33 0 -1
1195 93 4 -1 0
1196 56 13 0 1
1197 42 8 0 -1
1198 60 7 0 1
1199 96 4 0 -1
1200 0 36 0 1
1201 47 37 0 1
1202 19 24 -1 0
1203 40 27 0 1
1204 22 31 1 0
1205 84 26 0 1
1206 25 21 1 0
1207 35 18 1 0
1208 20 22 0 1
1209 72 14 0 1
1210 38 19 0 1
1211 39 20 -1 0
1212 90 28 1 0
1213 29 17 -1 0
1214 63 11 1 0
1215 45 4 0 1
1216 52 4 0 -1
1217 0 14 0 -1
1218 90 33 -1 0
1219 41 27 0 1
1220 65 31 0 1
1221 29 3 0 -1
1222 58 31 0 -1
1223 39 1 0 1
1224 89 28 -1 0
1225 21 32 1 0
1226 11 37 1 0
1227 35 13 0 -1
1228 45 38 -1 0
1229 92 22 0 1
1230 11 2 0 1
1231 44 20 0 1
1232 29 7 1 0
1233 84 30 0 1
1234 27 32 0 1
1235 37 32 -1 0
1236 40 12 -1 0
1237 85 5 1 0
1238 28 17 0 -1
1239 97 9 1 0
1240 25 7 0 1
1241 38 3 1 0
1242 42 9 0 1
1243 15 6 0 -1
1244 38 31 1 0
1245 26 31 1 0
1246 20 24 0 -1
1247 73 10 -1 0
1248 39 13 0 1
1249 37 28 1 0
1250 2 1 -1 0
1251 41 14 0 -1
1252 22 15 1 0
1253 28 18 0 -1
1254 27 16 -1 0
1255 29 34 0 -1
1256 2 38 1 0
1257 23 14 0 1
1258 75 7 0 1
1259 44 20 0 1
1260 16 31 -1 0
1261 0 29 -1 0
1262 30 13 1 0
1263 3 20 0 -1
1264 29 1 1 0
1265 8 24 0 -1
1266 14 28 0 -1
1267 23 13 1 0
1268 1 1 0 -1
1269 27 6 0 -1
1270 84 24 0 -1
1271 39 1 0 -1
1272 19 24 1 0
1273 95 0 -1 0
1274 25 29 0 -1
1275 46 29 -1 0
1276 43 25 0 1
1277 60 34 0 1
1278 95 35 0 1
1279 62 12 0 1
1280 47 11 1 0
1281 27 8 0 1
1282 82 26 -1 0
1283 96 2 0 1
1284 97 21 -1 0
1285 97 15 -1 0
1286 36 18 -1 0
1287 8 23 -1 0
1288 43 16 0 1
1289 44 28 -1 0
1290 97 11 -1 0
1291 24 28 -1 0
1292 10 18 0 -1
1293 88 35 1 0
1294 0 19 0 1
1295 13 32 -1 0
1296 26 35 -1 0
1297 0 30 1 0
1298 98 19 -1 0
1299 1 18 -1 0
1300 94 39 -1 0
1301 39 18 0 1
1302 57 36 0 -1
1303 16 30 1 0
1304 43 31 -1 0
1305 68 12 -1 0
1306 28 29 1 0
1307 69 1 -1 0
1308 5 12 -1 0
1309 2 14 0 1
1310 85 37 0 1
1311 5 10 0 -1
1312 94 25 0 -1
1313 39 23 1 0
1314 54 27 0 -1
1315 57 14 -1 0
1316 55 23 -1 0
1317 14 11 1 0
1318 95 15 1 0
1319 58 27 0 1
1320 28 24 0 1
1321 76 0 -1 0
1322 13 6 0 -1
1323 93 6 -1 0
1324 28 35 0 1
1325 5 16 -1 0
1326 87 8 0 1
1327 1 30 0 1
1328 6 15 1 0
1329 46 28 0 -1
1330 44 30 0 -1
1331 21 27 1 0
1332 25 26 1 0
1333 28 8 -1 0
1334 31 17 1 0
1335 25 0 0 -1
1336 46 36 1 0
1337 29 9 0 1
1338 26 34 1 0
1339 41 19 -1 0
1340 18 39 0 -1
1341 2 14 -1 0
1342 47 36 -1 0
1343 87 8 1 0
1344 38 17 -1 0
1345 6 23 0 1
1346 98 12 0 -1
1347 41 13 0 1
1348 26 8 -1 0
1349 99 1 1 0
1350 44 1 1 0
1351 53 6 0 1
1352 39 4 1 0
1353 36 32 0 1
1354 24 34 0 1
1355 27 1 1 0
1356 98 0 0 -1
1357 2 12 0 1
1358 51 37 0 -1
1359 47 30 -1 0
1360 1 17 0 1
1361 23 4 0 1
1362 2 30 1 0
1363 2 17 1 0
1364 64 28 0 -1
1365 58 35 0 -1
1366 17 25 0 -1
1367 13 25 -1 0
1368 41 0 -1 0
1369 4 24 0 -1
1370 52 0 1 0
1371 75 8 0 1
1372 13 17 -1 0
1373 27 39 1 0
1374 14 1 1 0
1375 60 29 0 1
1376 40 32 0 -1
1377 13 37 -1 0
1378 4 17 1 0
1379 25 39 1 0
1380 18 5 0 1
1381 81 33 0 -1
1382 42 18 0 -1
1383 80 17 0 -1
1384 55 16 0 -1
1385 21 30 1 0
1386 18 20 0 1
1387 50 23 0 1
1388 42 12 -1 0
1389 67 8 1 0
1390 29 17 -1 0
1391 49 2 1 0
1392 97 28 0 -1
1393 13 26 -1 0
1394 39 10 -1 0
1395 31 14 1 0
1396 24 39 1 0
1397 29 25 0 1
1398 3 35 1 0
1399 85 7 0 1
1400 21 21 1 0
1401 23 5 0 1
1402 46 34 0 1
1403 9 18 -1 0
1404 21 32 0 -1
1405 78 11 1 0
1406 60 13 1 0
1407 43 8 0 1
1408 2 28 0 1
1409 8 4 1 0
1410 48 2 0 -1
1411 41 12 0 -1
1412 23 28 0 1
1413 55 18 0 1
1414 92 6 0 -1
1415 29 15 0 -1
1416 32 5 0 1
1417 23 37 1 0
1418 25 9 0 -1
1419 30 18 1 0
1420 53 38 0 1
1421 88 4 0 1
1422 11 4 0 -1
1423 82 15 -1 0
1424 41 12 0 -1
1425 95 23 0 -1
1426 5 7 0 -1
1427 85 39 0 -1
1428 68 12 1 0
1429 85 6 1 0
1430 39 20 -1 0
1431 4 24 -1 0
1432 37 13 0 -1
1433 86 27 0 1
1434 55 27 0 1
1435 22 30 -1 0
1436 7 17 0 1
1437 88 19 -1 0
1438 57 17 -1 0
1439 45 23 0 1
1440 0 31 0 -1
1441 31 2 -1 0
1442 26 33 -1 0
1443 70 12 -1 0
1444 87 20 0 -1
1445 67 8 0 -1
1446 1 34 -1 0
1447 37 26 1 0
1448 71 37 0 1
1449 66 36 0 -1
1450 39 5 0 -1
1451 31 15 1 0
1452 99 21 0 -1
1453 9 8 1 0
1454 44 26 -1 0
1455 48 22 0 1
1456 22 35 0 1
1457 3 0 -1 0
1458 75 9 0 1
1459 24 39 1 0
1460 45 9 0 1
1461 80 12 -1 0
1462 7 8 1 0
1463 76 22 0 -1
1464 22 30 0 1
1465 25 7 1 0
1466 94 20 0 -1
1467 21 39 1 0
1468 52 35 0 1
1469 96 37 0 -1
1470 21 27 0 1
1471 69 20 0 -1
1472 25 9 0 -1
1473 41 18 0 1
1474 84 0 -1 0
1475 80 16 1 0
1476 90 6 0 1
1477 39 34 -1 0
1478 19 18 0 -1
1479 44 15 0 1
1480 25 39 1 0
1481 37 34 -1 0
1482 89 32 0 -1
1483 36 12 0 -1
1484 5 26 0 1
1485 90 6 -1 0
1486 48 0 1 0
1487 38 0 1 0
1488 29 33 0 1
1489 2 25 -1 0
1490 42 0 0 1
1491 52 17 1 0
1492 86 19 0 -1
1493 55 27 -1 0
1494 15 8 -1 0
1495 82 0 0 -1
1496 19 27 0 -1
1497 94 16 0 1
1498 28 35 0 -1
1499 92 20 -1 0
1500 62 29 -1 0
1501 68 8 -1 0
1502 20 30 0 1
1503 2 13 0 1
1504 52 26 1 0
1505 52 9 1 0
1506 34 36 0 -1
1507 56 1 -1 0
1508 1 35 -1 0
1509 62 37 -1 0
1510 91 20 0 -1
1511 69 24 1 0
1512 37 18 -1 0
1513 31 36 1 0
1514 46 35 1 0
1515 56 27 0 -1
1516 39 28 -1 0
1517 34 28 -1 0
1518 49 22 1 0
1519 26 34 0 -1
1520 42 7 0 1
1521 49 2 0 1
1522 39 5 1 0
1523 52 16 -1 0
1524 44 3 -1 0
1525 38 3 1 0
1526 40 33 0 1
1527 45 13 -1 0
1528 41 28 1 0
1529 2 31 -1 0
1530 21 34 0 -1
1531 26 11 0 1
1532 76 12 -1 0
1533 81 7 -1 0
1534 4 20 1 0
1535 42 2 0 1
1536 77 34 0 -1
1537 60 35 0 1
1538 88 24 -1 0
1539 40 14 0 -1
1540 73 22 0 -1
1541 69 22 1 0
1542 91 7 1 0
1543 55 16 -1 0
1544 18 31 1 0
1545 54 13 0 1
1546 25 34 1 0
1547 25 5 -1 0
1548 76 34 0 -1
1549 17 1 0 -1
1550 4 24 -1 0
1551 5 25 1 0
1552 19 19 0 1
1553 6 2 1 0
1554 21 35 0 1
1555 18 7 0 -1
1556 97 0 0 -1
1557 47 22 0 1
1558 18 17 0 -1
1559 7 31 -1 0
1560 39 29 0 1
1561 27 34 1 0
1562 14 1 0 -1
1563 59 15 -1 0
1564 29 11 1 0
1565 27 36 1 0
1566 89 23 0 1
1567 57 30 1 0
1568 88 21 1 0
1569 42 9 0 1
1570 56 27 1 0
1571 20 13 -1 0
1572 70 31 0 1
1573 93 28 0 1
1574 26 25 0 1
1575 17 6 1 0
1576 26 17 -1 0
1577 93 14 0 -1
1578 25 35 1 0
1579 71 25 0 1
1580 19 21 0 1
1581 81 37 -1 0
1582 44 10 -1 0
1583 43 34 0 -1
1584 89 39 0 -1
1585 29 21 1 0
1586 89 15 0 1
1587 18 5 0 1
1588 21 5 1 0
1589 81 26 0 1
1590 79 30 1 0
1591 58 25 -1 0
1592 90 1 -1 0
1593 59 28 -1 0
1594 23 3 -1 0
1595 80 6 1 0
1596 3 32 1 0
1597 94 33 0 1
1598 5 14 0 1
1599 31 15 1 0
1600 73 27 0 1
1601 19 29 1 0
1602 39 11 1 0
1603 2 9 0 1
1604 47 6 -1 0
1605 74 5 0 1
1606 26 23 0 -1
1607 99 0 0 -1
1608 27 38 1 0
1609 24 8 0 1
1610 67 11 1 0
1611 78 15 -1 0
1612 75 7 -1 0
1613 35 26 0 1
1614 9 33 -1 0
1615 24 37 -1 0
1616 24 20 -1 0
1617 19 29 0 -1
1618 7 39 0 1
1619 41 21 -1 0
1620 87 18 -1 0
1621 56 22 0 -1
1622 37 36 -1 0
1623 20 32 0 -1
1624 18 34 1 0
1625 41 10 0 -1
1626 23 30 0 1
1627 54 22 0 1
1628 25 4 -1 0
1629 14 6 -1 0
1630 90 28 0 -1
1631 21 32 -1 0
1632 38 3 -1 0
1633 6 3 0 1
1634 28 21 -1 0
1635 37 17 -1 0
1636 30 12 -1 0
1637 3 8 -1 0
1638 45 11 0 1
1639 3 8 0 1
1640 20 29 1 0
1641 27 18 1 0
1642 62 6 0 1
1643 47 18 0 -1
1644 47 32 -1 0
1645 87 18 0 -1
1646 73 10 1 0
1647 43 10 1 0
1648 64 5 -1 0
1649 57 1 -1 0
1650 44 39 1 0
1651 22 18 0 1
1652 64 33 0 -1
1653 25 35 0 1
1654 12 25 0 1
1655 65 2 -1 0
1656 28 3 0 1
1657 24 35 0 -1
1658 39 3 0 -1
1659 36 33 0 -1
1660 97 18 0 -1
1661 28 34 0 -1
1662 22 38 0 -1
1663 29 16 1 0
1664 40 8 1 0
1665 16 23 0 -1
1666 7 36 -1 0
1667 72 11 1 0
1668 22 35 0 -1
1669 24 0 -1 0
1670 35 33 -1 0
1671 42 32 0 -1
1672 23 10 1 0
1673 20 19 -1 0
1674 39 24 1 0
1675 89 8 0 -1
1676 20 2 0 1
1677 53 1 1 0
1678 75 31 -1 0
1679 96 17 1 0
1680 53 38 -1 0
1681 39 29 0 -1
1682 80 38 -1 0
1683 35 9 1 0
1684 25 31 1 0
1685 19 2 0 -1
1686 8 0 1 0
1687 76 16 0 1
1688 23 6 1 0
1689 28 7 0 1
1690 96 6 1 0
1691 93 30 1 0
1692 11 25 0 1
1693 39 30 1 0
1694 43 9 0 1
1695 23 8 0 -1
1696 49 8 0 1
1697 21 6 1 0
1698 42 16 0 1
1699 93 37 1 0
1700 25 29 1 0
1701 16 12 0 -1
1702 13 37 1 0
1703 28 12 0 -1
1704 43 15 -1 0
1705 39 0 0 1
1706 41 17 0 -1
1707 6 18 0 1
1708 60 31 0 1
1709 89 5 0 1
1710 41 29 0 1
1711 12 18 1 0
1712 29 22 1 0
1713 23 25 1 0
1714 8 24 1 0
1715 26 35 -1 0
1716 40 4 -1 0
1717 37 7 0 1
1718 51 23 0 -1
1719 40 27 0 1
1720 94 2 0 -1
1721 49 6 1 0
1722 40 29 -1 0
1723 52 22 1 0
1724 99 8 1 0
1725 58 23 0 -1
1726 27 13 0 1
1727 29 38 1 0
1728 32 17 0 1
1729 29 38 1 0
1730 41 6 0 1
1731 4 18 1 0
1732 99 17 0 -1
1733 7 28 0 -1
1734 39 16 0 1
1735 98 37 0 -1
1736 27 25 0 -1
1737 85 32 0 -1
1738 21 31 -1 0
1739 24 22 0 1
1740 13 22 -1 0
1741 39 7 -1 0
1742 15 12 0 1
1743 14 15 -1 0
1744 81 27 1 0
1745 2 12 0 -1
1746 41 22 1 0
1747 61 30 -1 0
1748 19 39 0 -1
1749 26 30 1 0
1750 36 3 0 -1
1751 35 12 0 -1
1752 59 34 0 -1
1753 43 35 -1 0
1754 42 17 0 1
1755 61 26 1 0
1756 16 11 0 -1
1757 95 6 0 1
1758 90 39 0 1
1759 92 32 0 1
1760 30 9 0 -1
1761 29 36 0 1
1762 21 17 -1 0
1763 9 9 -1 0
1764 23 30 0 -1
1765 21 0 0 -1
1766 30 27 -1 0
1767 0 11 -1 0
1768 42 22 -1 0
1769 29 5 -1 0
1770 40 9 0 -1
1771 4 29 0 1
1772 32 5 1 0
1773 10 15 1 0
1774 24 38 -1 0
1775 28 9 1 0
1776 8 19 0 -1
1777 38 8 -1 0
1778 12 16 -1 0
1779 17 29 0 -1
1780 35 37 0 1
1781 96 11 0 -1
1782 18 30 0 -1
1783 22 7 0 -1
1784 26 3 1 0
1785 70 20 0 1
1786 89 22 0 -1
1787 95 10 0 1
1788 22 25 1 0
1789 19 4 0 1
1790 43 4 1 0
1791 79 31 1 0
1792 5 31 1 0
1793 84 30 0 -1
1794 63 21 -1 0
1795 18 28 -1 0
1796 23 27 0 -1
1797 24 37 0 1
1798 17 21 -1 0
1799 19 19 0 1
1800 12 26 1 0
1801 41 33 -1 0
1802 52 28 -1 0
1803 13 8 1 0
1804 87 13 0 -1
1805 36 29 0 1
1806 8 13 -1 0
1807 9 23 0 1
1808 31 38 -1 0
1809 18 17 0 1
1810 25 22 0 -1
1811 23 8 -1 0
1812 25 8 -1 0
1813 9 5 0 -1
1814 36 19 0 -1
1815 28 10 1 0
1816 19 30 0 -1
1817 5 29 0 -1
1818 42 34 -1 0
1819 79 5 -1 0
1820 48 20 0 1
1821 35 8 -1 0
1822 43 3 1 0
1823 44 14 1 0
1824 6 7 -1 0
1825 84 36 -1 0
1826 21 29 0 -1
1827 91 39 0 1
1828 44 9 1 0
1829 1 5 -1 0
1830 11 26 0 1
1831 39 4 0 1
1832 25 38 0 1
1833 43 34 -1 0
1834 18 6 1 0
1835 54 3 1 0
1836 52 15 0 -1
1837 45 37 1 0
1838 96 4 0 1
1839 25 24 -1 0
1840 95 4 1 0
1841 14 27 0 1
1842 38 27 0 1
1843 13 27 -1 0
1844 39 21 0 1
1845 47 29 0 -1
1846 82 25 0 1
1847 72 2 -1 0
1848 15 0 0 -1
1849 30 32 1 0
1850 35 18 1 0
1851 41 0 0 -1
1852 51 23 -1 0
1853 25 13 -1 0
1854 30 2 1 0
1855 45 1 1 0
1856 82 8 1 0
1857 9 3 0 -1
1858 6 21 0 1
1859 93 4 -1 0
1860 26 10 1 0
1861 40 6 0 1
1862 38 14 1 0
1863 41 9 1 0
1864 30 7 -1 0
1865 46 3 0 1
1866 82 0 -1 0
1867 26 33 0 1
1868 96 30 0 1
1869 22 6 0 1
1870 12 28 -1 0
1871 20 10 0 1
1872 70 30 0 -1
1873 2 1 0 -1
1874 23 24 1 0
1875 77 22 -1 0
1876 55 28 1 0
1877 40 3 -1 0
1878 66 5 1 0
1879 83 32 1 0
1880 81 17 1 0
1881 0 31 -1 0
1882 37 6 -1 0
1883 39 6 0 1
1884 16 21 1 0
1885 25 9 0 -1
1886 32 31 1 0
1887 30 23 -1 0
1888 5 37 0 1
1889 3 32 1 0
1890 97 4 -1 0
1891 57 38 -1 0
1892 93 23 0 1
1893 26 35 0 -1
1894 99 14 0 -1
1895 18 25 1 0
1896 97 8 1 0
1897 39 18 0 -1
1898 3 26 1 0
1899 26 12 0 1
1900 7 35 0 1
1901 43 17 0 -1
1902 84 20 0 1
1903 92 19 1 0
1904 6 0 1 0
1905 23 14 0 -1
1906 23 5 0 -1
1907 84 5 0 -1
1908 85 0 0 1
1909 8 24 1 0
1910 26 28 -1 0
1911 28 19 0 1
1912 30 30 0 1
1913 95 26 1 0
1914 38 21 1 0
1915 71 19 1 0
1916 79 39 -1 0
1917 35 27 0 -1
1918 41 38 0 -1
1919 6 4 0 -1
1920 39 19 0 -1
1921 86 38 0 1
1922 41 7 0 1
1923 16 7 0 -1
1924 28 12 1 0
1925 2 20 -1 0
1926 31 38 0 -1
1927 17 23 -1 0
1928 29 12 0 1
1929 20 29 -1 0
1930 22 31 1 0
1931 38 25 -1 0
1932 43 10 -1 0
1933 73 26 -1 0
1934 39 2 0 -1
1935 29 16 0 -1
1936 50 15 0 1
1937 21 28 1 0
1938 84 28 1 0
1939 13 25 1 0
1940 76 3 0 1
1941 74 22 -1 0
1942 53 13 -1 0
1943 89 36 1 0
1944 25 25 0 1
1945 23 17 1 0
1946 22 29 -1 0
1947 50 29 0 -1
1948 9 13 1 0
1949 41 21 0 1
1950 45 38 -1 0
1951 3 8 -1 0
1952 7 24 1 0
1953 38 6 -1 0
1954 39 39 0 -1
1955 44 35 1 0
1956 79 19 0 1
1957 64 5 0 1
1958 98 8 1 0
1959 67 28 1 0
1960 5 0 0 1
1961 96 8 1 0
1962 64 20 0 -1
1963 30 15 0 -1
1964 56 38 1 0
1965 39 19 1 0
1966 31 39 0 1
1967 89 33 1 0
1968 48 37 1 0
1969 69 17 -1 0
1970 40 13 -1 0
1971 95 20 -1 0
1972 1 18 -1 0
1973 18 28 0 -1
1974 43 38 -1 0
1975 52 10 0 1
1976 49 3 1 0
1977 81 19 1 0
1978 24 32 0 -1
1979 8 13 -1 0
1980 60 30 0 -1
1981 37 35 -1 0
1982 26 37 0 1
1983 77 17 0 1
1984 81 4 -1 0
1985 28 34 -1 0
1986 64 28 1 0
1987 39 17 -1 0
1988 43 18 0 -1
1989 23 18 1 0
1990 15 28 -1 0
1991 29 23 -1 0
1992 22 39 0 1
1993 7 25 1 0
1994 97 37 1 0
1995 23 39 1 0
1996 94 34 -1 0
1997 81 11 0 -1
1998 0 14 0 -1
1999 95 0 -1 0
2000 72 13 0 1
2001 11 23 0 1
2002 19 6 1 0
2003 24 38 1 0
2004 31 11 0 1
2005 13 29 0 -1
2006 93 8 0 -1
2007 90 17 -1 0
2008 28 20 -1 0
2009 47 38 0 -1
2010 16 5 1 0
2011 27 17 -1 0
2012 24 29 0 1
2013 21 7 -1 0
2014 38 38 0 -1
2015 43 28 0 1
2016 40 0 -1 0
2017 46 25 1 0
2018 20 35 0 -1
2019 39 26 0 1
2020 76 38 0 -1
2021 45 16 -1 0
2022 10 12 1 0
2023 37 33 1 0
2024 24 36 -1 0
2025 8 30 -1 0
2026 15 17 0 -1
2027 3 6 -1 0
2028 13 17 1 0
2029 40 37 -1 0
2030 26 2 0 -1
2031 21 38 -1 0
2032 22 20 0 1
2033 91 23 1 0
2034 24 30 1 0
2035 16 26 -1 0
2036 45 2 -1 0
2037 30 14 0 1
2038 1 4 0 1
2039 6 1 0 -1
2040 94 17 -1 0
2041 71 21 1 0
2042 6 29 0 -1
2043 2 27 0 -1
2044 36 2 -1 0
2045 40 7 0 1
2046 42 10 0 1
2047 79 36 -1 0
2048 77 5 0 -1
2049 25 20 1 0
2050 30 13 0 1
2051 86 28 -1 0
2052 28 0 0 1
2053 94 8 -1 0
2054 19 16 0 1
2055 6 36 -1 0
2056 94 26 -1 0
2057 43 23 0 -1
2058 6 24 1 0
2059 43 11 0 -1
2060 14 28 0 1
2061 16 20 0 -1
2062 40 6 1 0
2063 37 16 0 1
2064 90 15 1 0
2065 42 35 1 0
2066 5 30 0 -1
2067 71 25 0 -1
2068 84 0 1 0
2069 27 1 0 -1
2070 40 3 0 -1
2071 19 32 1 0
2072 52 3 -1 0
2073 7 6 1 0
2074 16 35 0 1
2075 16 14 1 0
2076 25 13 0 1
2077 28 1 -1 0
2078 16 13 0 1
2079 47 37 1 0
2080 29 0 0 -1
2081 18 30 0 -1
2082 30 20 0 1
2083 25 8 -1 0
2084 71 29 0 -1
2085 12 8 0 1
2086 48 24 -1 0
2087 40 34 1 0
2088 48 8 0 -1
2089 6 4 1 0
2090 95 8 -1 0
2091 19 29 1 0
2092 60 8 0 1
2093 1 26 0 -1
2094 83 16 -1 0
2095 28 39 0 -1
2096 26 12 0 -1
2097 86 11 1 0
2098 27 0 0 -1
2099 1 37 -1 0
2100 25 28 -1 0
2101 38 26 1 0
2102 52 7 1 0
2103 87 5 0 1
2104 3 7 -1 0
2105 18 20 1 0
2106 16 1 -1 0
2107 27 22 0 -1
2108 52 31 0 1
2109 71 36 1 0
2110 92 17 0 1
2111 24 12 -1 0
2112 27 20 0 1
2113 39 23 1 0
2114 65 39 -1 0
2115 76 35 1 0
2116 22 37 -1 0
2117 46 38 1 0
2118 38 28 1 0
2119 35 4 0 -1
2120 26 38 0 -1
2121 80 17 1 0
2122 25 27 1 0
2123 19 25 1 0
2124 21 3 0 1
2125 29 12 0 1
2126 23 13 0 -1
2127 46 24 0 -1
2128 29 18 0 -1
2129 48 31 0 -1
2130 26 1 0 1
2131 20 13 1 0
2132 78 7 1 0
2133 40 35 0 -1
2134 86 37 1 0
2135 95 6 1 0
2136 52 32 0 1
2137 25 27 0 1
2138 36 11 1 0
2139 5 26 1 0
2140 30 20 -1 0
2141 99 0 -1 0
2142 26 24 0 -1
2143 27 24 0 1
2144 37 4 -1 0
2145 52 1 -1 0
2146 30 26 -1 0
2147 90 2 1 0
2148 40 8 1 0
2149 12 22 0 -1
2150 6 14 1 0
2151 40 23 -1 0
2152 40 13 0 -1
2153 19 8 -1 0
2154 41 28 1 0
2155 68 8 0 1
2156 20 37 -1 0
2157 74 24 1 0
2158 13 37 1 0
2159 77 16 -1 0
2160 1 18 0 1
2161 29 10 -1 0
2162 6 14 -1 0
2163 65 32 1 0
2164 12 23 1 0
2165 97 14 -1 0
2166 8 11 0 -1
2167 41 13 -1 0
2168 28 38 -1 0
2169 21 24 0 -1
2170 37 7 0 -1
2171 36 31 -1 0
2172 7 22 1 0
2173 20 14 -1 0
2174 43 13 0 1
2175 43 25 0 -1
2176 14 18 0 -1
2177 46 33 -1 0
2178 95 24 -1 0
2179 17 29 0 1
2180 37 17 1 0
2181 17 6 1 0
2182 27 19 1 0
2183 31 12 1 0
2184 13 15 -1 0
2185 25 5 1 0
2186 27 34 1 0
2187 65 38 1 0
2188 16 28 0 -1
2189 19 28 0 1
2190 14 26 0 1
2191 7 22 0 -1
2192 46 16 0 1
2193 98 39 0 -1
2194 97 25 0 1
2195 30 39 1 0
2196 2 27 1 0
2197 40 8 1 0
2198 22 28 0 1
2199 66 9 0 1
2200 40 0 0 -1
2201 12 20 -1 0
2202 36 0 0 1
2203 6 11 -1 0
2204 63 18 1 0
2205 10 16 0 -1
2206 25 29 0 -1
2207 28 0 0 1
2208 79 32 -1 0
2209 50 15 0 1
2210 9 37 1 0
2211 83 31 1 0
2212 78 14 1 0
2213 86 18 0 1
2214 78 4 0 -1
2215 77 21 0 -1
2216 25 10 0 -1
2217 51 24 1 0
2218 90 37 -1 0
2219 55 34 0 1
2220 46 32 0 -1
2221 75 19 0 1
2222 23 38 0 -1
2223 41 29 0 1
2224 25 30 0 -1
2225 75 2 0 -1
2226 41 26 -1 0
2227 43 2 0 1
2228 17 25 0 1
2229 45 5 0 1
2230 4 17 1 0
2231 41 5 0 -1
2232 7 34 0 -1
2233 44 18 0 1
2234 36 34 0 -1
2235 60 20 0 1
2236 46 30 -1 0
2237 40 20 -1 0
2238 80 1 1 0
2239 77 35 0 1
2240 19 4 0 1
2241 95 15 0 -1
2242 47 3 0 1
2243 27 26 0 -1
2244 86 19 1 0
2245 47 15 0 1
2246 29 21 1 0
2247 20 28 0 1
2248 24 12 0 -1
2249 1 38 -1 0
2250 93 18 -1 0
2251 27 6 1 0
2252 18 33 1 0
2253 40 31 0 1
2254 41 18 0 1
2255 59 8 1 0
2256 37 11 0 1
2257 30 16 1 0
2258 5 23 0 -1
2259 25 0 1 0
2260 29 17 0 -1
2261 96 0 0 -1
2262 35 22 0 -1
2263 24 22 0 1
2264 28 8 -1 0
2265 24 20 -1 0
2266 9 0 1 0
2267 7 14 -1 0
2268 22 28 1 0
2269 19 7 0 1
2270 89 33 1 0
2271 19 30 0 -1
2272 96 13 1 0
2273 98 35 -1 0
2274 49 24 1 0
2275 55 19 -1 0
2276 51 25 0 -1
2277 37 18 1 0
2278 86 17 1 0
2279 23 12 -1 0
2280 5 31 -1 0
2281 14 5 0 1
2282 14 9 -1 0
2283 14 19 1 0
2284 35 11 0 1
2285 27 22 1 0
2286 47 32 -1 0
2287 46 32 -1 0
2288 30 33 -1 0
2289 27 35 0 -1
2290 54 19 1 0
2291 62 8 0 -1
2292 44 25 -1 0
2293 17 6 1 0
2294 56 15 1 0
2295 50 25 1 0
2296 24 9 1 0
2297 22 28 -1 0
2298 41 20 0 -1
2299 61 24 1 0
2300 35 34 0 1
2301 83 0 1 0
2302 24 21 0 1
2303 86 19 -1 0
2304 46 13 0 1
2305 54 22 0 1
2306 76 2 -1 0
2307 26 9 0 -1
2308 37 32 0 1
2309 94 20 1 0
2310 47 25 0 -1
2311 39 33 0 -1
2312 74 38 1 0
2313 41 22 1 0
2314 48 37 0 1
2315 26 8 1 0
2316 89 28 -1 0
2317 46 0 0 1
2318 97 25 0 1
2319 58 36 0 1
2320 6 26 0 1
2321 28 15 0 1
2322 41 22 0 -1
2323 25 23 0 1
2324 48 12 1 0
2325 51 6 -1 0
2326 32 35 1 0
2327 46 11 0 -1
2328 94 0 1 0
2329 16 1 1 0
2330 84 26 0 -1
2331 23 5 1 0
2332 69 20 0 1
2333 47 26 0 1
2334 39 26 0 -1
2335 82 24 0 1
2336 60 0 -1 0
2337 20 21 0 -1
2338 77 31 -1 0
2339 31 26 1 0
2340 19 30 0 -1
2341 28 30 1 0
2342 31 7 1 0
2343 38 22 1 0
2344 18 28 0 1
2345 48 1 0 -1
2346 66 31 1 0
2347 39 22 0 -1
2348 23 6 1 0
2349 7 6 -1 0
2350 41 24 0 1
2351 0 10 0 1
2352 39 3 -1 0
2353 20 17 0 1
2354 45 29 0 -1
2355 62 35 0 1
2356 3 28 0 -1
2357 76 28 0 -1
2358 11 34 1 0
2359 29 2 1 0
2360 57 16 -1 0
2361 17 23 1 0
2362 42 27 0 -1
2363 4 17 -1 0
2364 21 28 1 0
2365 39 31 1 0
2366 20 26 1 0
2367 23 26 -1 0
2368 59 23 1 0
2369 23 7 1 0
2370 56 33 -1 0
2371 91 35 -1 0
2372 40 23 0 -1
2373 11 34 0 -1
2374 1 8 0 1
2375 36 0 0 -1
2376 29 15 0 1
2377 96 9 -1 0
2378 24 17 1 0
2379 52 27 -1 0
2380 78 15 0 1
2381 24 34 1 0
2382 40 9 0 -1
2383 6 36 0 -1
2384 44 18 1 0
2385 67 33 -1 0
2386 29 26 1 0
2387 16 33 1 0
2388 69 7 -1 0
2389 93 32 1 0
2390 37 34 1 0
2391 28 22 -1 0
2392 40 17 1 0
2393 23 16 -1 0
2394 28 23 0 -1
2395 1 3 1 0
2396 15 16 0 1
2397 85 39 1 0
2398 30 20 1 0
2399 43 18 -1 0
2400 30 38 -1 0
2401 27 21 -1 0
2402 3 25 -1 0
2403 46 38 0 1
2404 28 37 1 0
2405 28 15 0 1
2406 51 35 1 0
2407 9 4 0 -1
2408 45 23 -1 0
2409 47 22 0 1
2410 90 6 0 -1
2411 95 34 0 -1
2412 22 24 -1 0
2413 35 30 0 -1
2414 11 1 0 1
2415 14 29 0 1
2416 6 28 -1 0
2417 87 7 1 0
2418 37 8 0 -1
2419 24 10 -1 0
2420 36 33 0 1
2421 16 38 0 1
2422 5 5 0 -1
2423 2 24 -1 0
2424 39 6 -1 0
2425 22 37 0 -1
2426 12 0 0 1
2427 21 21 -1 0
2428 79 9 0 1
2429 80 28 0 -1
2430 36 35 1 0
2431 85 22 0 -1
2432 41 18 0 1
2433 44 5 0 -1
2434 21 27 -1 0
2435 29 37 0 1
2436 7 12 -1 0
2437 15 23 1 0
2438 19 36 0 -1
2439 18 31 -1 0
2440 80 24 1 0
2441 24 16 0 1
2442 42 0 1 0
2443 36 6 -1 0
2444 2 27 1 0
2445 4 12 -1 0
2446 25 13 1 0
2447 24 1 1 0
2448 11 4 0 -1
2449 22 36 0 1
2450 45 4 0 1
2451 9 35 1 0
2452 7 34 0 1
2453 8 3 1 0
2454 24 23 0 1
2455 18 32 0 -1
2456 6 38 1 0
2457 1 29 0 1
2458 22 33 0 1
2459 27 20 0 -1
2460 77 27 1 0
2461 31 5 0 1
2462 46 2 0 1
2463 8 1 -1 0
2464 25 36 0 -1
2465 29 38 1 0
2466 37 31 -1 0
2467 83 18 0 -1
2468 40 22 0 -1
2469 7 25 1 0
2470 55 34 -1 0
2471 18 21 1 0
2472 4 9 0 1
2473 91 14 0 -1
2474 1 34 -1 0
2475 71 24 0 1
2476 5 25 0 -1
2477 18 6 -1 0
2478 42 29 0 -1
2479 38 27 0 -1
2480 81 9 -1 0
2481 57 11 0 -1
2482 82 0 0 -1
2483 20 32 1 0
2484 20 25 -1 0
2485 43 7 1 0
2486 6 19 0 1
2487 21 35 1 0
2488 31 6 0 -1
2489 54 27 -1 0
2490 46 20 1 0
2491 63 13 0 1
2492 54 16 0 1
2493 30 39 0 -1
2494 54 1 -1 0
2495 62 11 0 -1
2496 23 37 0 1
2497 28 5 0 -1
2498 45 26 0 -1
2499 7 3 -1 0
2500 61 38 0 1
2501 51 25 0 1
2502 49 36 0 -1
2503 79 8 -1 0
2504 10 36 -1 0
2505 26 38 -1 0
2506 49 21 1 0
2507 25 26 0 1
2508 96 3 0 1
2509 31 11 1 0
2510 21 37 1 0
2511 41 28 0 1
2512 15 2 -1 0
2513 1 37 0 -1
2514 65 36 0 1
2515 70 27 0 -1
2516 5 19 1 0
2517 45 12 0 1
2518 66 20 0 1
2519 2 36 -1 0
2520 21 11 -1 0
2521 94 30 1 0
2522 53 33 1 0
2523 1 25 1 0
2524 85 12 1 0
2525 42 29 0 -1
2526 13 0 1 0
2527 21 33 0 -1
2528 45 17 0 1
2529 50 15 0 1
2530 45 34 0 -1
2531 15 24 -1 0
2532 85 4 -1 0
2533 26 1 1 0
2534 39 3 0 -1
2535 69 8 1 0
2536 47 27 -1 0
2537 3 4 -1 0
2538 36 34 0 -1
2539 35 23 -1 0
2540 71 23 1 0
2541 36 31 0 1
2542 66 35 -1 0
2543 65 2 0 1
2544 56 6 0 -1
2545 99 3 -1 0
2546 71 9 0 -1
2547 56 26 -1 0
2548 41 19 -1 0
2549 53 28 0 -1
2550 36 9 0 1
2551 41 20 -1 0
2552 26 5 1 0
2553 20 12 1 0
2554 7 17 -1 0
2555 15 35 1 0
2556 26 6 0 1
2557 42 16 -1 0
2558 38 4 -1 0
2559 25 35 0 1
2560 27 33 1 0
2561 36 30 1 0
2562 36 15 -1 0
2563 85 31 -1 0
2564 24 6 1 0
2565 23 35 0 1
2566 41 26 0 1
2567 5 2 0 -1
2568 59 30 0 -1
2569 24 1 0 -1
2570 29 36 -1 0
2571 24 24 -1 0
2572 80 20 0 -1
2573 97 21 0 -1
2574 36 32 -1 0
2575 14 6 0 1
2576 37 28 0 1
2577 62 31 -1 0
2578 2 6 1 0
2579 40 33 -1 0
2580 36 22 -1 0
2581 25 37 1 0
2582 68 13 -1 0
2583 12 36 0 1
2584 25 36 1 0
2585 88 34 1 0
2586 96 18 0 -1
2587 86 10 0 -1
2588 62 7 0 -1
2589 4 5 1 0
2590 31 39 -1 0
2591 14 14 0 1
2592 53 30 1 0
2593 7 33 0 1
2594 93 8 1 0
2595 98 36 1 0
2596 40 10 1 0
2597 55 2 1 0
2598 14 35 1 0
2599 70 23 0 1
2600 2 17 0 -1
2601 25 36 0 -1
2602 59 3 1 0
2603 12 11 0 1
2604 61 13 -1 0
2605 43 38 -1 0
2606 42 38 1 0
2607 4 25 0 1
2608 39 29 -1 0
2609 46 7 -1 0
2610 96 31 1 0
2611 76 5 0 -1
2612 39 9 -1 0
2613 18 29 1 0
2614 4 15 1 0
2615 79 37 -1 0
2616 28 15 0 1
2617 43 9 1 0
2618 77 9 0 1
2619 38 22 1 0
2620 39 2 0 -1
2621 55 20 1 0
2622 14 11 1 0
2623 68 25 -1 0
2624 32 5 1 0
2625 39 21 0 1
2626 23 10 -1 0
2627 7 35 -1 0
2628 48 1 -1 0
2629 36 25 0 1
2630 1 8 0 -1
2631 64 4 0 -1
2632 36 0 -1 0
2633 39 0 0 1
2634 26 11 0 -1
2635 25 25 0 -1
2636 80 27 0 1
2637 44 15 1 0
2638 75 20 0 -1
2639 37 31 -1 0
2640 25 8 0 -1
2641 14 21 0 -1
2642 25 34 1 0
2643 41 30 0 -1
2644 38 15 -1 0
2645 88 23 0 -1
2646 41 37 0 1
2647 20 25 -1 0
2648 39 10 0 -1
2649 32 24 0 1
2650 26 22 0 1
2651 62 30 0 1
2652 27 19 1 0
2653 25 7 0 1
2654 52 37 0 1
2655 51 10 0 1
2656 26 37 0 1
2657 20 28 0 1
2658 71 28 1 0
2659 11 31 0 -1
2660 12 0 1 0
2661 36 21 0 -1
2662 39 16 -1 0
2663 40 16 1 0
2664 18 9 -1 0
2665 93 15 1 0
2666 48 4 -1 0
2667 0 31 0 -1
2668 36 30 0 1
2669 30 12 0 -1
2670 42 14 -1 0
2671 37 34 1 0
2672 29 33 -1 0
2673 45 4 0 1
2674 82 30 0 -1
2675 38 29 0 1
2676 40 12 0 1
2677 92 20 0 1
2678 24 7 0 1
2679 26 1 1 0
2680 86 32 -1 0
2681 14 25 -1 0
2682 55 16 1 0
2683 22 36 0 -1
2684 6 4 0 1
2685 28 29 0 1
2686 54 18 0 -1
2687 0 32 -1 0
2688 39 37 0 -1
2689 13 5 -1 0
2690 23 38 0 1
2691 21 14 -1 0
2692 92 28 0 1
2693 71 12 -1 0
2694 24 25 0 1
2695 45 21 0 -1
2696 28 27 0 -1
2697 20 26 1 0
2698 30 0 0 -1
2699 40 22 1 0
2700 5 39 1 0
2701 57 39 -1 0
2702 14 37 1 0
2703 93 34 -1 0
2704 93 0 0 -1
2705 24 5 -1 0
2706 52 20 1 0
2707 30 18 0 -1
2708 50 26 0 -1
2709 39 18 0 1
2710 71 31 -1 0
2711 6 28 1 0
2712 88 30 1 0
2713 8 26 1 0
2714 37 16 0 -1
2715 73 8 0 -1
2716 60 26 1 0
2717 25 27 0 -1
2718 90 31 0 1
2719 37 6 -1 0
2720 98 2 0 1
2721 20 12 0 -1
2722 95 24 -1 0
2723 96 7 0 1
2724 24 33 -1 0
2725 6 11 0 -1
2726 9 20 -1 0
2727 64 38 1 0
2728 52 34 -1 0
2729 28 20 0 -1
2730 37 19 1 0
2731 18 34 0 1
2732 86 7 -1 0
2733 99 2 0 -1
2734 75 8 -1 0
2735 45 31 0 -1
2736 97 34 0 1
2737 41 11 -1 0
2738 28 37 0 -1
2739 13 39 -1 0
2740 39 32 0 1
2741 55 11 0 -1
2742 96 34 0 -1
2743 86 6 0 -1
2744 89 8 -1 0
2745 10 31 0 -1
2746 31 18 0 -1
2747 27 19 1 0
2748 14 15 1 0
2749 30 36 0 1
2750 20 35 0 1
2751 16 27 0 1
2752 11 16 0 -1
2753 27 38 -1 0
2754 14 14 1 0
2755 17 11 -1 0
2756 49 4 -1 0
2757 14 35 0 1
2758 56 2 -1 0
2759 14 12 1 0
2760 91 30 -1 0
2761 58 25 1 0
2762 88 2 0 1
2763 12 34 0 1
2764 30 36 0 1
2765 72 37 0 1
2766 40 5 1 0
2767 22 27 0 1
2768 99 3 0 -1
2769 27 9 1 0
2770 19 18 0 1
2771 86 21 0 1
2772 28 30 1 0
2773 52 37 1 0
2774 25 10 0 -1
2775 96 5 0 -1
2776 51 28 0 -1
2777 79 8 1 0
2778 25 30 0 -1
2779 6 21 1 0
2780 37 6 1 0
2781 30 39 0 -1
2782 21 31 1 0
2783 6 38 0 1
2784 43 18 0 1
2785 40 19 0 -1
2786 30 28 -1 0
2787 79 2 0 -1
2788 79 37 -1 0
2789 13 1 1 0
2790 1 3 0 1
2791 19 12 1 0
2792 39 22 0 1
2793 27 22 0 1
2794 21 31 0 1
2795 25 38 0 1
2796 61 17 0 -1
2797 10 22 -1 0
2798 22 14 -1 0
2799 10 38 0 1
