0 48 12 0 -1
1 22 18 -1 0
2 89 2 0 1
3 76 0 0 1
4 23 33 -1 0
5 85 18 -1 0
6 22 32 -1 0
7 21 36 0 1
8 18 8 -1 0
9 46 24 1 0
10 6 18 1 0
11 75 23 0 -1
12 22 34 0 1
13 39 2 -1 0
14 46 29 0 1
15 47 28 -1 0
16 21 36 0 1
17 24 5 1 0
18 91 11 0 1
19 30 16 1 0
20 4 33 0 1
21 52 15 0 -1
22 50 30 -1 0
23 31 22 0 -1
24 80 24 -1 0
25 40 6 -1 0
26 55 17 0 1
27 1 38 0 1
28 73 32 1 0
29 23 7 -1 0
30 1 35 0 1
31 20 26 0 -1
32 30 22 1 0
33 93 8 0 1
34 22 5 0 -1
35 23 34 -1 0
36 90 10 1 0
37 28 19 0 -1
38 13 36 0 -1
39 94 36 -1 0
40 66 32 0 -1
41 12 0 0 -1
42 45 22 0 -1
43 69 18 -1 0
44 48 22 0 1
45 26 37 1 0
46 21 3 1 0
47 40 37 0 -1
48 94 25 0 1
49 15 21 -1 0
50 44 23 -1 0
51 43 14 0 1
52 37 16 1 0
53 15 15 0 -1
54 80 23 0 1
55 49 22 0 -1
56 62 13 0 1
57 41 23 1 0
58 3 17 0 1
59 45 4 -1 0
60 40 20 0 1
61 46 9 1 0
62 99 39 1 0
63 54 1 0 1
64 95 27 0 1
65 13 11 -1 0
66 62 39 1 0
67 37 12 0 1
68 20 20 0 -1
69 84 34 -1 0
70 86 24 0 1
71 44 3 0 1
72 28 2 1 0
73 43 19 1 0
74 46 37 1 0
75 44 33 0 1
76 95 18 0 1
77 45 31 0 1
78 64 33 0 -1
79 60 32 0 1
80 43 1 -1 0
81 46 25 0 -1
82 30 8 -1 0
83 30 9 0 -1
84 82 18 -1 0
85 68 39 0 1
86 25 24 1 0
87 24 23 1 0
88 31 4 0 -1
89 62 5 -1 0
90 28 16 1 0
91 26 22 1 0
92 9 35 0 -1
93 48 31 1 0
94 96 21 0 -1
95 86 27 -1 0
96 92 28 1 0
97 49 1 0 1
98 39 3 -1 0
99 30 11 0 -1
100 84 39 -1 0
101 23 13 1 0
102 30 20 0 1
103 29 18 1 0
104 60 36 0 -1
105 90 18 1 0
106 27 20 1 0
107 31 28 0 -1
108 84 31 -1 0
109 90 34 -1 0
110 16 30 -1 0
111 38 14 0 -1
112 25 8 1 0
113 4 29 1 0
114 95 33 -1 0
115 46 36 0 1
116 98 12 1 0
117 58 22 0 1
118 51 19 0 -1
119 18 0 1 0
120 42 31 -1 0
121 73 18 1 0
122 36 6 1 0
123 38 34 1 0
124 42 25 -1 0
125 45 11 0 -1
126 93 36 0 -1
127 45 30 1 0
128 81 11 0 1
129 62 3 0 1
130 36 15 -1 0
131 92 0 0 -1
132 14 34 0 -1
133 20 31 0 -1
134 12 14 -1 0
135 15 22 0 1
136 28 18 0 -1
137 43 34 1 0
138 96 25 1 0
139 16 34 -1 0
140 21 35 -1 0
141 98 28 -1 0
142 9 24 0 -1
143 82 5 0 1
144 22 30 0 1
145 13 1 -1 0
146 16 23 1 0
147 99 2 0 1
148 21 38 0 -1
149 92 4 0 1
150 25 31 -1 0
151 80 5 -1 0
152 23 27 -1 0
153 43 10 1 0
154 25 4 0 1
155 28 27 -1 0
156 55 38 1 0
157 36 1 0 -1
158 83 34 -1 0
159 89 23 0 -1
160 76 2 -1 0
161 59 0 0 -1
162 28 17 1 0
163 38 35 1 0
164 77 2 -1 0
165 27 25 0 -1
166 13 9 1 0
167 22 31 0 1
168 98 35 1 0
169 47 11 0 1
170 19 33 1 0
171 56 35 -1 0
172 58 16 1 0
173 10 21 0 1
174 31 13 0 1
175 97 28 0 1
176 38 14 -1 0
177 38 15 -1 0
178 19 18 0 1
179 13 13 1 0
180 43 34 -1 0
181 21 9 0 1
182 57 27 1 0
183 86 35 -1 0
184 99 11 0 1
185 49 25 -1 0
186 26 17 0 -1
187 29 2 -1 0
188 21 27 1 0
189 38 14 -1 0
190 15 29 0 1
191 27 36 -1 0
192 8 4 1 0
193 52 27 0 1
194 30 33 0 1
195 20 31 1 0
196 42 10 1 0
197 19 37 -1 0
198 9 14 -1 0
199 50 26 0 -1
200 38 27 0 -1
201 97 27 1 0
202 40 0 -1 0
203 29 34 -1 0
204 18 6 1 0
205 54 35 0 -1
206 14 0 -1 0
207 98 15 1 0
208 27 12 -1 0
209 29 2 1 0
210 41 24 -1 0
211 42 32 -1 0
212 96 15 0 1
213 91 10 0 -1
214 43 14 -1 0
215 78 15 -1 0
216 20 16 0 -1
217 84 15 -1 0
218 28 14 0 -1
219 87 36 0 -1
220 38 13 -1 0
221 28 30 1 0
222 27 17 -1 0
223 66 11 0 -1
224 28 13 1 0
225 14 24 0 1
226 43 7 0 1
227 28 39 0 1
228 41 36 1 0
229 42 21 1 0
230 27 39 0 1
231 31 8 1 0
232 36 33 1 0
233 50 36 -1 0
234 44 1 -1 0
235 50 6 0 -1
236 55 35 -1 0
237 61 36 -1 0
238 29 22 0 -1
239 50 7 -1 0
240 38 32 -1 0
241 28 1 0 1
242 90 24 1 0
243 3 38 -1 0
244 25 14 0 -1
245 71 14 1 0
246 0 7 0 1
247 12 20 0 1
248 6 22 -1 0
249 42 38 -1 0
250 57 0 0 -1
251 1 19 1 0
252 92 14 1 0
253 28 6 -1 0
254 23 26 -1 0
255 44 4 0 -1
256 99 26 0 -1
257 21 22 -1 0
258 94 20 0 -1
259 49 33 1 0
260 2 11 0 1
261 93 33 -1 0
262 50 10 0 1
263 55 11 1 0
264 44 30 0 -1
265 90 12 1 0
266 3 11 1 0
267 93 39 1 0
268 54 28 0 -1
269 19 3 1 0
270 41 2 0 1
271 29 39 0 -1
272 78 2 1 0
273 93 31 0 1
274 15 25 0 1
275 39 3 0 -1
276 23 34 1 0
277 27 28 0 1
278 89 16 -1 0
279 54 34 0 -1
280 7 28 -1 0
281 26 35 1 0
282 0 25 0 -1
283 28 11 -1 0
284 70 30 0 1
285 22 17 1 0
286 25 26 1 0
287 30 20 0 -1
288 89 31 -1 0
289 18 31 0 1
290 22 2 0 -1
291 30 15 0 1
292 29 18 1 0
293 8 3 0 1
294 89 33 -1 0
295 61 29 0 1
296 98 21 1 0
297 31 6 1 0
298 98 12 1 0
299 40 36 -1 0
300 67 37 -1 0
301 47 30 0 1
302 77 24 -1 0
303 30 33 0 1
304 42 3 0 1
305 27 19 1 0
306 11 13 -1 0
307 40 32 -1 0
308 86 26 0 -1
309 40 8 0 -1
310 22 32 -1 0
311 12 18 -1 0
312 6 16 0 1
313 37 27 0 -1
314 44 27 1 0
315 73 4 1 0
316 27 9 -1 0
317 21 11 0 -1
318 29 14 0 1
319 58 32 0 -1
320 29 9 -1 0
321 39 16 0 1
322 42 3 0 1
323 38 13 -1 0
324 65 2 0 1
325 63 15 0 -1
326 20 22 0 -1
327 14 34 0 -1
328 49 29 0 -1
329 39 32 -1 0
330 17 30 -1 0
331 22 26 0 1
332 2 39 -1 0
333 0 3 0 -1
334 59 39 0 1
335 95 38 -1 0
336 5 26 0 -1
337 42 0 -1 0
338 28 20 -1 0
339 45 3 0 1
340 28 9 1 0
341 20 7 0 1
342 26 8 1 0
343 43 5 -1 0
344 93 16 0 1
345 74 21 0 1
346 30 27 0 1
347 30 39 1 0
348 42 18 0 -1
349 6 37 1 0
350 26 25 1 0
351 60 7 0 -1
352 17 32 0 -1
353 79 17 0 1
354 8 24 1 0
355 61 9 -1 0
356 42 11 0 -1
357 25 2 1 0
358 4 21 0 -1
359 88 3 1 0
360 24 27 0 -1
361 25 11 1 0
362 38 11 -1 0
363 41 19 1 0
364 35 4 0 -1
365 28 0 -1 0
366 1 14 1 0
367 77 29 -1 0
368 5 28 0 -1
369 86 37 1 0
370 20 21 0 1
371 81 19 1 0
372 40 30 0 1
373 90 3 1 0
374 9 35 0 -1
375 55 16 0 -1
376 90 6 0 -1
377 41 39 0 1
378 16 17 -1 0
379 51 33 1 0
380 59 37 -1 0
381 94 33 -1 0
382 19 35 -1 0
383 30 25 0 1
384 41 11 1 0
385 49 4 0 -1
386 25 2 1 0
387 38 31 0 1
388 5 35 0 1
389 32 5 1 0
390 68 19 -1 0
391 19 22 -1 0
392 21 24 1 0
393 47 12 0 -1
394 25 27 -1 0
395 61 27 -1 0
396 23 21 -1 0
397 35 13 1 0
398 2 24 0 1
399 4 21 0 1
400 6 30 0 -1
401 38 35 -1 0
402 88 2 0 -1
403 18 32 0 1
404 25 33 0 -1
405 9 2 -1 0
406 39 23 1 0
407 71 23 -1 0
408 72 11 0 -1
409 30 20 0 -1
410 47 9 0 -1
411 29 10 0 -1
412 14 31 -1 0
413 57 26 0 -1
414 36 6 -1 0
415 38 22 0 -1
416 23 28 0 1
417 38 32 0 1
418 32 25 1 0
419 86 13 0 -1
420 31 20 0 1
421 73 13 -1 0
422 75 23 0 1
423 95 32 0 -1
424 87 12 -1 0
425 19 19 1 0
426 28 20 0 -1
427 55 31 -1 0
428 46 5 -1 0
429 53 21 -1 0
430 24 0 -1 0
431 2 14 0 1
432 27 33 0 -1
433 95 17 1 0
434 42 23 0 -1
435 97 0 1 0
436 43 21 1 0
437 27 5 -1 0
438 16 19 0 -1
439 87 26 0 -1
440 28 39 0 1
441 43 16 -1 0
442 39 9 -1 0
443 23 33 -1 0
444 87 18 1 0
445 38 35 0 -1
446 37 25 1 0
447 99 5 0 1
448 92 33 -1 0
449 97 18 0 -1
450 28 31 0 1
451 9 39 0 1
452 94 12 1 0
453 5 28 0 1
454 50 29 0 -1
455 41 5 0 -1
456 68 18 0 1
457 29 35 1 0
458 10 4 -1 0
459 31 30 1 0
460 36 26 -1 0
461 41 38 0 1
462 81 12 0 -1
463 6 37 0 1
464 10 26 -1 0
465 95 39 -1 0
466 15 13 0 -1
467 52 38 -1 0
468 2 14 0 1
469 50 6 0 1
470 65 20 1 0
471 40 39 -1 0
472 53 7 0 -1
473 4 27 -1 0
474 27 23 0 1
475 62 14 1 0
476 28 34 0 1
477 46 20 0 -1
478 94 14 0 -1
479 38 1 1 0
480 26 26 0 1
481 3 36 1 0
482 41 15 0 1
483 42 1 1 0
484 14 38 0 -1
485 58 31 0 -1
486 48 23 1 0
487 43 16 1 0
488 17 32 -1 0
489 64 15 0 1
490 74 20 -1 0
491 96 0 -1 0
492 31 19 0 1
493 20 8 0 -1
494 90 32 1 0
495 25 11 1 0
496 42 39 -1 0
497 23 18 0 1
498 3 29 1 0
499 40 38 0 1
500 24 9 0 -1
501 47 32 -1 0
502 28 20 0 1
503 16 35 0 -1
504 29 16 -1 0
505 25 28 0 -1
506 30 36 0 1
507 61 29 0 -1
508 17 34 0 -1
509 76 16 0 -1
510 44 18 0 1
511 26 34 0 1
512 6 17 0 1
513 66 17 0 -1
514 94 38 -1 0
515 22 19 0 1
516 31 21 1 0
517 2 5 1 0
518 27 27 -1 0
519 26 27 1 0
520 25 14 1 0
521 85 11 0 -1
522 60 6 0 1
523 67 5 1 0
524 27 12 1 0
525 27 36 -1 0
526 5 31 1 0
527 93 17 -1 0
528 20 12 -1 0
529 27 31 0 -1
530 28 21 1 0
531 87 29 1 0
532 88 14 0 1
533 53 27 1 0
534 97 21 0 1
535 23 13 0 1
536 28 36 -1 0
537 39 10 1 0
538 39 4 0 -1
539 26 24 -1 0
540 91 24 -1 0
541 1 27 -1 0
542 22 35 0 -1
543 29 17 -1 0
544 25 23 0 -1
545 42 14 -1 0
546 40 20 0 1
547 15 3 1 0
548 22 23 0 1
549 15 8 0 -1
550 14 6 1 0
551 41 4 0 1
552 23 2 0 1
553 41 16 -1 0
554 28 6 1 0
555 60 24 -1 0
556 11 4 0 1
557 65 7 1 0
558 82 10 1 0
559 41 30 1 0
560 22 1 0 1
561 5 27 0 -1
562 79 16 0 -1
563 47 15 0 -1
564 29 19 0 -1
565 0 16 1 0
566 68 18 1 0
567 46 5 0 1
568 61 13 1 0
569 24 36 0 1
570 52 14 0 1
571 46 2 0 -1
572 25 19 -1 0
573 38 4 -1 0
574 49 35 0 1
575 44 19 -1 0
576 26 9 0 1
577 10 15 0 -1
578 8 13 -1 0
579 86 4 1 0
580 91 30 0 -1
581 24 15 -1 0
582 30 35 0 -1
583 51 13 1 0
584 51 8 -1 0
585 35 25 0 1
586 44 13 0 -1
587 64 22 -1 0
588 32 13 0 -1
589 38 27 -1 0
590 16 1 1 0
591 47 11 0 1
592 17 37 0 1
593 15 19 -1 0
594 27 18 0 -1
595 0 5 -1 0
596 22 10 1 0
597 47 38 0 -1
598 29 7 0 1
599 51 8 -1 0
600 41 38 -1 0
601 65 13 0 -1
602 88 35 0 1
603 44 25 0 -1
604 17 22 0 -1
605 31 5 0 1
606 36 35 0 -1
607 90 33 0 1
608 44 35 0 1
609 13 38 -1 0
610 87 35 0 1
611 38 10 0 1
612 86 31 -1 0
613 49 28 1 0
614 81 22 0 1
615 28 8 -1 0
616 50 38 1 0
617 30 37 -1 0
618 82 23 0 1
619 62 12 0 1
620 29 29 0 1
621 60 38 1 0
622 45 39 0 1
623 61 25 -1 0
624 49 13 -1 0
625 3 6 1 0
626 53 18 1 0
627 32 18 0 -1
628 28 35 -1 0
629 17 14 1 0
630 41 23 0 -1
631 28 12 1 0
632 31 33 -1 0
633 22 27 0 1
634 40 10 -1 0
635 53 26 -1 0
636 27 28 0 1
637 12 6 1 0
638 50 26 -1 0
639 10 31 0 1
640 46 22 1 0
641 29 19 0 -1
642 17 18 1 0
643 94 33 0 1
644 98 5 -1 0
645 39 33 -1 0
646 46 20 1 0
647 26 21 1 0
648 92 8 1 0
649 93 31 1 0
650 23 38 0 -1
651 86 22 1 0
652 79 18 0 1
653 90 27 0 -1
654 8 27 1 0
655 27 17 0 -1
656 22 0 1 0
657 85 16 1 0
658 49 13 0 1
659 39 39 0 1
660 2 8 1 0
661 91 11 0 1
662 0 35 -1 0
663 50 34 -1 0
664 37 15 0 1
665 65 6 1 0
666 37 26 1 0
667 10 0 1 0
668 99 24 0 1
669 11 21 -1 0
670 25 37 0 1
671 79 35 0 -1
672 42 15 -1 0
673 70 29 0 1
674 22 17 -1 0
675 79 34 0 -1
676 14 27 1 0
677 65 5 0 -1
678 41 16 -1 0
679 98 19 0 1
680 64 2 -1 0
681 10 18 -1 0
682 9 8 0 -1
683 24 30 1 0
684 28 27 0 1
685 89 29 0 -1
686 21 31 0 1
687 84 12 -1 0
688 36 32 1 0
689 57 27 -1 0
690 12 9 1 0
691 6 6 1 0
692 62 18 0 -1
693 44 33 0 1
694 37 37 1 0
695 16 21 -1 0
696 75 4 0 1
697 45 36 0 -1
698 35 23 1 0
699 21 13 0 -1
700 5 0 -1 0
701 71 20 1 0
702 42 21 0 -1
703 43 4 0 1
704 18 9 1 0
705 9 12 0 -1
706 20 32 0 -1
707 43 11 0 -1
708 41 9 0 1
709 29 8 -1 0
710 41 6 0 -1
711 38 6 -1 0
712 39 2 0 1
713 66 25 -1 0
714 25 36 -1 0
715 12 2 0 -1
716 29 31 0 1
717 44 20 -1 0
718 29 0 0 1
719 80 25 0 -1
720 24 19 1 0
721 18 0 -1 0
722 29 27 -1 0
723 29 21 -1 0
724 95 39 0 -1
725 37 2 0 1
726 23 21 1 0
727 38 33 -1 0
728 87 34 1 0
729 11 0 0 1
730 36 5 0 1
731 44 3 -1 0
732 47 1 0 -1
733 28 7 1 0
734 27 35 1 0
735 79 19 1 0
736 8 9 0 1
737 62 21 0 1
738 11 6 -1 0
739 72 33 0 -1
740 13 18 1 0
741 95 23 0 1
742 18 14 1 0
743 79 5 0 1
744 38 10 -1 0
745 24 33 -1 0
746 1 37 0 1
747 18 14 -1 0
748 40 38 0 1
749 64 35 0 -1
750 95 28 0 1
751 43 21 1 0
752 51 14 1 0
753 37 33 0 1
754 29 16 1 0
755 1 10 1 0
756 22 0 1 0
757 0 1 1 0
758 56 27 0 -1
759 12 23 -1 0
760 39 15 1 0
761 92 37 -1 0
762 38 8 1 0
763 78 22 0 1
764 31 27 0 1
765 51 18 0 1
766 47 13 0 -1
767 47 15 -1 0
768 45 9 0 -1
769 62 1 0 1
770 5 22 1 0
771 22 19 0 -1
772 3 38 -1 0
773 28 17 1 0
774 39 22 0 -1
775 55 15 -1 0
776 41 19 1 0
777 0 12 0 1
778 81 4 0 -1
779 22 11 1 0
780 6 22 0 1
781 36 7 0 1
782 30 16 -1 0
783 13 35 0 -1
784 20 21 -1 0
785 0 38 0 -1
786 20 18 1 0
787 47 28 1 0
788 43 33 0 -1
789 22 33 0 -1
790 23 33 1 0
791 30 33 1 0
792 79 18 -1 0
793 12 37 -1 0
794 1 18 0 1
795 29 15 0 1
796 64 30 0 1
797 99 23 0 -1
798 30 35 0 -1
799 52 29 1 0
800 38 31 0 1
801 23 8 1 0
802 52 18 1 0
803 29 26 0 1
804 42 25 1 0
805 37 11 -1 0
806 38 34 1 0
807 47 32 0 -1
808 92 0 1 0
809 28 28 0 -1
810 66 37 0 1
811 82 28 -1 0
812 97 4 1 0
813 88 23 0 1
814 21 27 0 -1
815 36 21 -1 0
816 72 26 0 -1
817 46 11 0 -1
818 27 12 1 0
819 7 6 1 0
820 84 15 0 -1
821 40 2 0 -1
822 78 36 1 0
823 30 23 1 0
824 29 26 0 1
825 56 32 -1 0
826 39 9 -1 0
827 52 27 1 0
828 84 14 -1 0
829 36 3 -1 0
830 34 14 0 1
831 25 19 1 0
832 39 39 -1 0
833 98 30 0 1
834 65 39 1 0
835 43 9 0 1
836 89 24 0 1
837 28 19 1 0
838 25 35 0 1
839 91 18 0 1
840 30 21 0 1
841 24 7 1 0
842 31 29 0 -1
843 18 5 -1 0
844 94 4 0 -1
845 48 29 0 1
846 38 2 -1 0
847 12 6 0 -1
848 62 17 -1 0
849 85 7 0 -1
850 86 22 0 1
851 99 1 0 -1
852 41 20 0 1
853 63 33 0 1
854 12 8 -1 0
855 95 10 -1 0
856 29 12 1 0
857 94 25 -1 0
858 21 9 -1 0
859 13 15 0 -1
860 75 34 0 1
861 41 0 0 -1
862 97 21 0 1
863 39 24 1 0
864 94 11 0 1
865 37 12 0 -1
866 92 29 0 1
867 10 18 0 1
868 20 8 0 1
869 20 17 1 0
870 56 2 0 -1
871 73 6 0 1
872 24 8 0 -1
873 37 32 0 1
874 88 10 0 -1
875 0 3 0 -1
876 80 8 1 0
877 6 6 0 1
878 24 8 1 0
879 18 29 0 -1
880 24 39 1 0
881 18 15 0 -1
882 9 19 1 0
883 45 15 -1 0
884 41 35 0 1
885 59 7 -1 0
886 99 0 0 -1
887 30 37 1 0
888 22 5 1 0
889 37 27 0 -1
890 14 6 1 0
891 86 9 -1 0
892 28 12 0 -1
893 14 23 -1 0
894 94 27 -1 0
895 36 14 0 -1
896 94 38 0 1
897 59 17 -1 0
898 30 29 1 0
899 1 32 -1 0
900 26 32 0 1
901 27 34 1 0
902 13 29 0 1
903 14 2 1 0
904 96 25 0 -1
905 5 6 0 -1
906 3 5 0 1
907 39 0 -1 0
908 29 34 0 1
909 27 8 -1 0
910 25 27 -1 0
911 22 13 -1 0
912 82 12 0 1
913 47 10 0 1
914 51 18 0 -1
915 43 16 1 0
916 37 27 0 -1
917 45 19 0 1
918 86 38 0 -1
919 20 33 0 1
920 92 33 1 0
921 26 20 0 1
922 25 0 -1 0
923 87 38 -1 0
924 92 33 -1 0
925 95 24 1 0
926 40 39 0 -1
927 22 31 0 1
928 57 19 0 1
929 37 18 0 -1
930 71 11 0 1
931 29 18 0 1
932 17 37 -1 0
933 88 16 1 0
934 77 1 1 0
935 30 15 -1 0
936 45 27 1 0
937 24 39 -1 0
938 41 26 0 -1
939 44 7 -1 0
940 17 26 0 1
941 74 1 1 0
942 19 26 1 0
943 0 32 -1 0
944 25 10 1 0
945 66 21 1 0
946 38 32 -1 0
947 38 16 -1 0
948 97 5 0 -1
949 2 10 0 -1
950 26 27 0 -1
951 30 34 0 -1
952 54 21 0 -1
953 20 21 0 1
954 47 39 0 -1
955 95 30 1 0
956 45 14 -1 0
957 4 27 0 1
958 76 13 0 1
959 37 10 1 0
960 96 15 0 -1
961 20 7 0 -1
962 94 7 0 -1
963 41 19 1 0
964 39 30 0 -1
965 36 19 1 0
966 41 15 1 0
967 45 18 0 1
968 45 33 0 1
969 3 30 -1 0
970 95 17 -1 0
971 38 34 1 0
972 95 12 0 1
973 45 6 -1 0
974 68 31 0 1
975 30 38 0 -1
976 76 10 0 1
977 38 25 -1 0
978 42 19 -1 0
979 91 13 0 -1
980 27 1 1 0
981 32 25 1 0
982 24 29 0 -1
983 73 9 1 0
984 85 15 0 -1
985 15 25 0 -1
986 36 39 0 -1
987 25 18 1 0
988 3 2 0 1
989 42 34 -1 0
990 53 7 1 0
991 89 20 -1 0
992 31 10 0 -1
993 39 12 1 0
994 65 28 -1 0
995 10 13 1 0
996 40 2 1 0
997 46 16 0 1
998 47 31 0 -1
999 39 1 0 1
1000 92 38 1 0
1001 13 11 0 -1
1002 36 32 -1 0
1003 27 29 0 -1
1004 93 15 0 1
1005 23 9 0 -1
1006 38 13 0 1
1007 43 20 1 0
1008 11 2 0 1
1009 40 2 -1 0
1010 42 8 -1 0
1011 23 17 -1 0
1012 95 24 0 1
1013 58 3 -1 0
1014 76 3 0 -1
1015 37 14 0 -1
1016 96 21 -1 0
1017 83 1 0 -1
1018 0 11 -1 0
1019 38 29 -1 0
1020 13 14 0 -1
1021 96 15 -1 0
1022 31 21 0 -1
1023 54 31 0 1
1024 20 1 -1 0
1025 48 8 0 -1
1026 96 6 0 -1
1027 30 34 -1 0
1028 27 19 1 0
1029 53 2 1 0
1030 12 25 -1 0
1031 42 11 0 1
1032 27 25 0 -1
1033 50 38 0 1
1034 22 25 0 -1
1035 27 27 0 1
1036 27 9 1 0
1037 99 28 -1 0
1038 14 34 -1 0
1039 98 14 -1 0
1040 55 36 0 1
1041 27 37 1 0
1042 21 13 0 1
1043 25 28 0 -1
1044 41 24 1 0
1045 93 9 1 0
1046 26 22 0 -1
1047 43 31 1 0
1048 41 22 0 1
1049 0 7 0 1
1050 0 11 0 1
1051 27 5 0 -1
1052 57 22 0 -1
1053 43 5 0 -1
1054 93 13 0 1
1055 18 9 -1 0
1056 21 4 0 1
1057 44 29 -1 0
1058 17 9 0 1
1059 99 28 -1 0
1060 31 32 1 0
1061 98 3 0 -1
1062 40 11 -1 0
1063 51 28 -1 0
1064 73 23 0 1
1065 2 8 -1 0
1066 31 19 -1 0
1067 8 5 -1 0
1068 83 37 0 1
1069 66 12 -1 0
1070 57 18 0 1
1071 21 20 1 0
1072 91 1 1 0
1073 68 24 0 1
1074 82 27 0 1
1075 24 22 1 0
1076 61 22 -1 0
1077 97 24 0 -1
1078 69 24 0 -1
1079 37 13 1 0
1080 21 24 1 0
1081 91 18 0 -1
1082 22 3 0 1
1083 79 30 1 0
1084 22 7 0 -1
1085 44 29 -1 0
1086 74 6 0 -1
1087 2 38 0 -1
1088 23 32 0 1
1089 2 8 0 1
1090 39 8 0 1
1091 37 16 1 0
1092 39 12 1 0
1093 30 25 0 -1
1094 84 0 0 -1
1095 11 7 1 0
1096 43 26 0 1
1097 46 24 0 -1
1098 21 10 -1 0
1099 83 25 1 0
1100 7 8 0 -1
1101 68 23 0 1
1102 83 9 1 0
1103 21 24 1 0
1104 65 4 -1 0
1105 50 10 0 1
1106 86 1 0 -1
1107 24 0 1 0
1108 78 21 0 1
1109 10 18 0 1
1110 21 19 -1 0
1111 90 14 -1 0
1112 16 16 1 0
1113 28 21 0 -1
1114 77 28 1 0
1115 30 7 0 -1
1116 40 1 -1 0
1117 50 7 0 1
1118 25 1 0 1
1119 27 0 1 0
1120 79 35 0 1
1121 38 36 0 -1
1122 86 33 0 1
1123 88 5 0 -1
1124 44 38 -1 0
1125 86 6 1 0
1126 74 2 -1 0
1127 37 30 0 1
1128 65 31 1 0
1129 49 5 0 -1
1130 6 1 -1 0
1131 89 6 1 0
1132 45 2 0 -1
1133 46 6 -1 0
1134 25 19 0 -1
1135 40 8 0 1
1136 35 9 -1 0
1137 39 37 -1 0
1138 54 5 -1 0
1139 37 31 1 0
1140 90 30 0 -1
1141 42 18 0 1
1142 50 1 -1 0
1143 37 15 0 1
1144 29 10 0 -1
1145 12 37 0 1
1146 4 2 0 -1
1147 21 32 0 -1
1148 22 38 -1 0
1149 5 11 0 1
1150 65 3 1 0
1151 24 25 0 1
1152 48 11 0 1
1153 6 33 -1 0
1154 28 18 -1 0
1155 43 11 0 -1
1156 67 36 0 -1
1157 27 0 0 1
1158 44 36 -1 0
1159 93 39 -1 0
1160 3 19 -1 0
1161 6 36 -1 0
1162 79 23 0 -1
1163 21 8 0 -1
1164 41 25 -1 0
1165 41 35 1 0
1166 5 16 -1 0
1167 57 24 1 0
1168 36 24 0 -1
1169 9 36 -1 0
1170 13 28 -1 0
1171 10 39 0 -1
1172 16 20 1 0
1173 44 22 1 0
1174 24 0 0 -1
1175 65 6 0 1
1176 23 5 1 0
1177 98 28 1 0
1178 47 18 1 0
1179 24 22 1 0
1180 28 36 0 1
1181 79 11 1 0
1182 0 33 -1 0
1183 46 26 -1 0
1184 23 21 -1 0
1185 18 30 0 -1
1186 90 7 0 -1
1187 60 17 -1 0
1188 62 2 0 1
1189 29 20 0 -1
1190 60 0 -1 0
1191 38 31 -1 0
1192 22 29 0 1
1193 30 37 -1 0
1194 59 17 -1 0
1195 52 16 -1 0
1196 91 25 1 0
1197 38 12 0 1
1198 97 24 0 -1
1199 75 31 -1 0
1200 48 39 0 1
1201 80 2 -1 0
1202 39 29 -1 0
1203 47 26 -1 0
1204 86 9 0 -1
1205 42 14 0 1
1206 77 32 1 0
1207 36 11 -1 0
1208 22 3 1 0
1209 49 17 0 -1
1210 38 36 0 -1
1211 64 20 0 -1
1212 24 32 0 -1
1213 52 38 0 1
1214 80 21 1 0
1215 62 29 1 0
1216 98 16 0 1
1217 42 12 0 -1
1218 35 11 0 1
1219 64 39 -1 0
1220 6 20 1 0
1221 77 12 0 1
1222 64 18 1 0
1223 29 34 1 0
1224 27 6 0 -1
1225 37 13 0 1
1226 21 30 1 0
1227 63 12 -1 0
1228 81 31 1 0
1229 91 15 1 0
1230 95 4 -1 0
1231 87 18 0 1
1232 1 9 -1 0
1233 28 0 -1 0
1234 75 30 -1 0
1235 67 10 -1 0
1236 75 27 0 1
1237 23 3 0 1
1238 88 31 0 1
1239 78 3 0 1
1240 75 6 0 1
1241 30 4 -1 0
1242 23 7 0 1
1243 2 6 1 0
1244 20 33 -1 0
1245 74 20 0 1
1246 27 1 1 0
1247 72 20 1 0
1248 26 32 0 1
1249 14 7 0 -1
1250 22 25 1 0
1251 37 12 -1 0
1252 77 25 0 1
1253 94 28 -1 0
1254 87 3 0 1
1255 53 11 1 0
1256 25 4 -1 0
1257 95 26 1 0
1258 68 7 1 0
1259 38 33 0 1
1260 51 30 -1 0
1261 39 2 1 0
1262 24 39 1 0
1263 57 1 1 0
1264 17 22 -1 0
1265 72 31 0 1
1266 30 10 0 1
1267 35 28 -1 0
1268 39 0 0 -1
1269 1 7 -1 0
1270 31 18 0 1
1271 41 13 1 0
1272 13 11 1 0
1273 73 5 0 1
1274 26 15 1 0
1275 2 17 0 -1
1276 3 37 0 1
1277 59 34 0 1
1278 95 23 -1 0
1279 22 31 0 1
1280 23 0 0 1
1281 57 38 -1 0
1282 74 20 0 -1
1283 44 25 -1 0
1284 19 25 0 -1
1285 19 31 0 -1
1286 40 29 0 1
1287 97 36 1 0
1288 22 30 0 1
1289 36 29 1 0
1290 19 31 -1 0
1291 27 9 0 1
1292 85 0 0 -1
1293 49 11 1 0
1294 26 13 -1 0
1295 55 30 0 -1
1296 26 12 1 0
1297 48 30 0 1
1298 12 18 0 -1
1299 14 32 0 -1
1300 68 30 0 -1
1301 46 17 -1 0
1302 15 39 0 -1
1303 0 27 1 0
1304 96 35 -1 0
1305 3 11 1 0
1306 4 13 0 -1
1307 87 2 0 1
1308 63 22 -1 0
1309 32 21 0 -1
1310 11 33 -1 0
1311 91 26 1 0
1312 35 20 1 0
1313 30 36 1 0
1314 49 38 1 0
1315 37 10 0 1
1316 63 37 0 -1
1317 28 13 0 -1
1318 14 32 1 0
1319 78 15 1 0
1320 46 22 0 -1
1321 96 21 1 0
1322 76 14 -1 0
1323 1 28 -1 0
1324 90 1 0 -1
1325 57 38 0 1
1326 92 16 1 0
1327 88 2 0 -1
1328 21 7 1 0
1329 38 10 1 0
1330 12 13 1 0
1331 88 11 0 1
1332 41 20 0 1
1333 53 14 1 0
1334 40 24 1 0
1335 24 14 1 0
1336 48 2 0 1
1337 69 5 0 -1
1338 77 9 1 0
1339 99 17 0 1
1340 31 32 0 -1
1341 83 32 -1 0
1342 21 30 0 1
1343 68 4 1 0
1344 17 16 0 -1
1345 11 20 1 0
1346 50 0 1 0
1347 21 2 0 -1
1348 39 30 0 1
1349 88 34 0 -1
1350 55 8 0 1
1351 16 35 0 1
1352 11 15 0 -1
1353 71 22 0 -1
1354 20 22 -1 0
1355 69 39 0 1
1356 45 39 0 1
1357 41 39 0 -1
1358 21 32 0 -1
1359 48 12 -1 0
1360 18 9 0 1
1361 59 30 0 1
1362 21 22 1 0
1363 22 34 0 1
1364 79 15 -1 0
1365 65 24 0 1
1366 97 16 1 0
1367 46 2 0 1
1368 61 21 0 -1
1369 10 12 0 -1
1370 8 24 0 1
1371 40 8 0 -1
1372 5 24 0 -1
1373 13 38 -1 0
1374 41 8 1 0
1375 37 35 0 -1
1376 27 17 0 1
1377 40 26 0 1
1378 45 32 0 1
1379 31 20 0 1
1380 42 12 0 -1
1381 81 28 0 -1
1382 18 27 1 0
1383 8 11 -1 0
1384 48 32 0 -1
1385 98 18 0 1
1386 28 26 0 -1
1387 88 14 0 1
1388 75 2 0 1
1389 91 37 0 1
1390 59 29 0 -1
1391 40 14 -1 0
1392 1 23 -1 0
1393 89 19 0 -1
1394 26 31 1 0
1395 40 1 0 1
1396 28 31 1 0
1397 18 15 1 0
1398 94 10 0 1
1399 23 39 1 0
1400 7 29 0 -1
1401 29 29 1 0
1402 24 26 0 -1
1403 16 14 -1 0
1404 19 38 -1 0
1405 6 19 -1 0
1406 66 12 1 0
1407 97 2 0 1
1408 5 2 -1 0
1409 19 16 1 0
1410 14 9 0 -1
1411 41 1 1 0
1412 7 27 0 -1
1413 76 1 -1 0
1414 94 5 0 1
1415 87 0 -1 0
1416 38 1 1 0
1417 83 5 1 0
1418 98 20 0 1
1419 73 4 -1 0
1420 23 24 1 0
1421 25 31 -1 0
1422 22 5 1 0
1423 28 19 0 -1
1424 98 14 1 0
1425 24 15 0 -1
1426 84 13 0 1
1427 92 34 0 -1
1428 44 2 1 0
1429 94 13 0 -1
1430 3 31 0 1
1431 93 15 0 1
1432 40 21 0 -1
1433 36 27 0 1
1434 49 10 -1 0
1435 86 10 0 -1
1436 5 37 1 0
1437 56 21 0 -1
1438 99 4 1 0
1439 83 31 1 0
1440 46 1 0 -1
1441 24 26 -1 0
1442 26 1 0 -1
1443 30 24 -1 0
1444 98 2 0 1
1445 61 12 -1 0
1446 28 24 1 0
1447 44 24 1 0
1448 17 33 0 -1
1449 52 35 -1 0
1450 24 28 0 -1
1451 91 18 0 1
1452 25 20 1 0
1453 23 10 0 -1
1454 0 39 0 1
1455 15 33 0 1
1456 19 11 0 -1
1457 19 22 1 0
1458 54 10 1 0
1459 51 4 0 -1
1460 43 9 -1 0
1461 55 17 0 -1
1462 23 39 1 0
1463 61 30 -1 0
1464 19 9 -1 0
1465 28 35 1 0
1466 81 27 -1 0
1467 26 17 0 -1
1468 42 13 0 -1
1469 23 27 1 0
1470 26 4 -1 0
1471 13 6 0 -1
1472 40 0 0 -1
1473 3 10 0 1
1474 51 24 1 0
1475 45 27 0 1
1476 28 28 0 -1
1477 42 20 0 1
1478 59 30 1 0
1479 45 16 -1 0
1480 27 0 1 0
1481 11 18 -1 0
1482 39 10 0 1
1483 96 35 0 -1
1484 28 33 1 0
1485 29 35 0 -1
1486 15 11 -1 0
1487 41 29 -1 0
1488 61 21 0 1
1489 9 23 -1 0
1490 41 38 -1 0
1491 97 31 0 -1
1492 83 27 0 -1
1493 44 35 0 1
1494 39 4 0 -1
1495 23 16 1 0
1496 50 22 -1 0
1497 40 18 0 -1
1498 25 4 0 -1
1499 43 9 0 1
1500 24 20 1 0
1501 44 34 -1 0
1502 28 21 0 -1
1503 23 14 1 0
1504 41 1 0 -1
1505 49 5 0 -1
1506 28 4 -1 0
1507 6 31 1 0
1508 10 19 -1 0
1509 67 30 1 0
1510 1 5 1 0
1511 38 9 -1 0
1512 13 22 0 1
1513 59 3 1 0
1514 39 0 1 0
1515 39 38 0 1
1516 18 21 -1 0
1517 82 36 1 0
1518 4 38 1 0
1519 98 30 1 0
1520 16 35 1 0
1521 49 39 0 -1
1522 79 26 0 1
1523 90 14 -1 0
1524 51 30 0 -1
1525 25 14 -1 0
1526 17 1 0 -1
1527 98 37 0 1
1528 79 24 0 -1
1529 41 27 1 0
1530 10 29 -1 0
1531 84 5 0 -1
1532 48 9 1 0
1533 76 1 0 -1
1534 35 34 -1 0
1535 47 19 0 1
1536 4 14 1 0
1537 28 36 1 0
1538 27 22 -1 0
1539 63 4 -1 0
1540 59 36 1 0
1541 79 38 0 1
1542 40 15 0 1
1543 50 21 1 0
1544 40 7 0 1
1545 44 26 1 0
1546 99 16 -1 0
1547 30 10 0 -1
1548 3 25 1 0
1549 18 11 -1 0
1550 36 35 0 -1
1551 36 34 0 -1
1552 29 25 -1 0
1553 73 13 0 1
1554 67 9 1 0
1555 8 32 -1 0
1556 29 5 1 0
1557 9 2 0 1
1558 55 27 0 1
1559 43 5 -1 0
1560 55 9 0 1
1561 37 26 0 -1
1562 30 17 0 -1
1563 35 0 0 1
1564 74 37 0 1
1565 23 22 0 1
1566 6 29 0 -1
1567 38 8 0 1
1568 57 18 -1 0
1569 24 24 0 1
1570 37 25 0 1
1571 89 35 -1 0
1572 6 12 0 1
1573 39 5 -1 0
1574 69 4 -1 0
1575 56 13 0 1
1576 38 15 0 -1
1577 12 8 -1 0
1578 17 22 -1 0
1579 17 29 0 -1
1580 75 34 1 0
1581 82 22 0 -1
1582 69 26 0 1
1583 31 29 1 0
1584 44 21 0 -1
1585 97 29 1 0
1586 37 34 0 -1
1587 14 35 1 0
1588 23 25 0 -1
1589 1 38 0 1
1590 30 17 0 -1
1591 44 11 0 1
1592 53 32 1 0
1593 0 38 -1 0
1594 31 38 1 0
1595 39 23 0 -1
1596 18 25 1 0
1597 92 20 -1 0
1598 26 13 -1 0
1599 28 15 -1 0
1600 15 32 0 1
1601 29 27 -1 0
1602 78 10 -1 0
1603 42 0 0 -1
1604 78 5 0 -1
1605 26 18 -1 0
1606 54 4 0 -1
1607 96 2 0 1
1608 14 0 1 0
1609 53 5 0 -1
1610 30 31 0 -1
1611 97 14 -1 0
1612 68 8 0 -1
1613 11 36 0 -1
1614 79 23 0 -1
1615 53 8 0 1
1616 7 1 1 0
1617 26 25 1 0
1618 22 32 0 -1
1619 24 8 1 0
1620 26 28 1 0
1621 16 12 1 0
1622 20 16 0 1
1623 24 37 1 0
1624 47 30 0 1
1625 16 28 -1 0
1626 12 24 -1 0
1627 29 24 1 0
1628 49 24 -1 0
1629 44 32 0 1
1630 86 28 -1 0
1631 39 16 0 -1
1632 45 17 0 1
1633 40 24 -1 0
1634 31 7 1 0
1635 31 31 0 1
1636 38 33 -1 0
1637 28 7 0 1
1638 13 18 -1 0
1639 43 13 -1 0
1640 13 36 1 0
1641 62 3 0 1
1642 23 8 0 -1
1643 26 13 0 -1
1644 38 39 1 0
1645 73 14 -1 0
1646 28 0 1 0
1647 42 12 0 1
1648 8 5 1 0
1649 69 30 0 1
1650 40 37 0 1
1651 47 17 0 1
1652 3 37 0 1
1653 28 5 -1 0
1654 26 20 0 1
1655 72 39 1 0
1656 22 16 -1 0
1657 27 20 0 -1
1658 95 17 0 1
1659 40 4 1 0
1660 39 35 0 1
1661 11 35 1 0
1662 30 19 0 -1
1663 28 18 0 1
1664 79 28 1 0
1665 97 31 -1 0
1666 17 34 1 0
1667 88 25 0 -1
1668 28 29 1 0
1669 24 22 0 1
1670 36 4 0 -1
1671 95 10 0 1
1672 22 7 1 0
1673 1 28 0 -1
1674 70 11 0 -1
1675 76 13 0 -1
1676 2 22 0 1
1677 23 7 0 -1
1678 39 37 1 0
1679 17 38 -1 0
1680 28 22 -1 0
1681 56 35 0 -1
1682 24 19 -1 0
1683 19 25 0 1
1684 37 22 1 0
1685 24 23 1 0
1686 40 15 -1 0
1687 10 17 1 0
1688 60 10 1 0
1689 58 14 0 -1
1690 27 36 -1 0
1691 3 11 1 0
1692 41 23 -1 0
1693 28 9 0 1
1694 4 37 1 0
1695 24 11 0 -1
1696 60 4 -1 0
1697 24 28 -1 0
1698 42 7 -1 0
1699 56 34 0 -1
1700 44 13 0 1
1701 90 20 0 1
1702 76 18 1 0
1703 43 3 0 -1
1704 28 34 0 -1
1705 34 6 -1 0
1706 95 36 0 -1
1707 75 23 1 0
1708 92 39 0 1
1709 79 11 0 -1
1710 29 35 0 -1
1711 9 29 0 -1
1712 28 17 -1 0
1713 52 20 0 -1
1714 0 35 1 0
1715 51 38 1 0
1716 92 25 0 -1
1717 8 9 -1 0
1718 44 35 0 1
1719 65 25 1 0
1720 0 35 0 -1
1721 19 39 -1 0
1722 74 36 0 -1
1723 25 30 1 0
1724 43 10 1 0
1725 39 22 0 -1
1726 15 2 0 -1
1727 56 3 0 -1
1728 15 23 1 0
1729 69 17 -1 0
1730 87 6 1 0
1731 12 18 -1 0
1732 42 39 0 -1
1733 49 25 0 -1
1734 30 4 0 1
1735 13 16 0 -1
1736 21 38 0 -1
1737 54 31 0 1
1738 21 23 -1 0
1739 39 22 0 1
1740 38 19 0 1
1741 7 9 1 0
1742 43 18 0 -1
1743 63 9 0 1
1744 23 1 0 -1
1745 51 22 0 -1
1746 35 27 -1 0
1747 60 19 -1 0
1748 71 34 -1 0
1749 9 39 0 1
1750 42 27 0 -1
1751 73 6 1 0
1752 90 18 1 0
1753 81 36 -1 0
1754 26 11 1 0
1755 50 9 -1 0
1756 88 13 0 -1
1757 15 21 -1 0
1758 7 28 0 1
1759 43 6 0 1
1760 60 27 -1 0
1761 24 10 0 -1
1762 47 35 0 -1
1763 21 25 1 0
1764 99 37 -1 0
1765 14 3 0 1
1766 25 7 0 1
1767 24 19 0 -1
1768 19 12 0 -1
1769 37 11 0 1
1770 63 12 0 1
1771 2 27 0 1
1772 88 3 0 1
1773 86 36 1 0
1774 93 1 0 -1
1775 85 9 0 -1
1776 30 30 1 0
1777 28 39 0 1
1778 88 18 0 -1
1779 26 35 1 0
1780 48 18 1 0
1781 41 1 0 1
1782 69 19 0 -1
1783 47 13 1 0
1784 58 10 -1 0
1785 57 28 -1 0
1786 39 18 0 1
1787 55 14 -1 0
1788 37 13 1 0
1789 53 33 -1 0
1790 31 19 1 0
1791 67 30 1 0
1792 79 30 0 -1
1793 5 20 -1 0
1794 43 14 0 -1
1795 20 32 1 0
1796 21 23 0 1
1797 32 8 0 1
1798 37 10 -1 0
1799 9 37 1 0
1800 27 3 0 -1
1801 4 0 0 1
1802 8 20 1 0
1803 65 32 0 1
1804 46 15 0 1
1805 60 30 0 1
1806 8 2 -1 0
1807 42 31 1 0
1808 16 22 0 -1
1809 27 34 0 1
1810 82 29 0 1
1811 29 37 0 -1
1812 19 26 -1 0
1813 84 1 1 0
1814 31 39 0 -1
1815 62 0 0 1
1816 42 15 0 -1
1817 17 6 0 -1
1818 66 0 -1 0
1819 19 22 0 1
1820 29 21 1 0
1821 69 18 -1 0
1822 8 34 0 1
1823 3 20 1 0
1824 19 27 1 0
1825 89 13 -1 0
1826 84 8 1 0
1827 18 26 0 1
1828 19 11 0 -1
1829 25 9 0 -1
1830 19 31 1 0
1831 27 3 0 1
1832 41 12 0 -1
1833 71 36 1 0
1834 43 28 1 0
1835 29 17 -1 0
1836 53 28 0 1
1837 54 26 -1 0
1838 86 1 0 1
1839 23 20 0 1
1840 20 2 0 -1
1841 56 31 0 -1
1842 39 4 -1 0
1843 39 37 0 1
1844 97 17 -1 0
1845 95 1 -1 0
1846 13 34 1 0
1847 39 5 1 0
1848 38 11 -1 0
1849 39 10 0 -1
1850 9 25 1 0
1851 29 17 0 -1
1852 28 29 0 -1
1853 79 0 -1 0
1854 47 23 -1 0
1855 27 29 0 -1
1856 37 25 0 1
1857 63 1 -1 0
1858 21 31 -1 0
1859 40 13 0 1
1860 40 4 0 -1
1861 82 36 0 -1
1862 99 23 1 0
1863 38 19 0 -1
1864 38 20 -1 0
1865 9 27 0 1
1866 24 30 0 1
1867 18 22 -1 0
1868 49 23 0 -1
1869 37 23 0 1
1870 51 19 1 0
1871 36 3 1 0
1872 84 7 0 1
1873 50 12 -1 0
1874 19 16 1 0
1875 26 1 0 -1
1876 28 1 -1 0
1877 37 24 0 1
1878 22 20 1 0
1879 62 8 -1 0
1880 28 11 0 -1
1881 34 9 0 1
1882 13 23 0 1
1883 94 39 0 -1
1884 5 13 0 -1
1885 38 1 1 0
1886 63 18 0 -1
1887 24 9 0 1
1888 23 36 1 0
1889 12 14 -1 0
1890 15 27 0 -1
1891 54 6 1 0
1892 17 28 0 1
1893 23 0 -1 0
1894 36 10 0 1
1895 43 10 -1 0
1896 13 8 0 1
1897 27 23 1 0
1898 37 24 -1 0
1899 21 23 0 -1
1900 24 25 0 1
1901 29 0 1 0
1902 43 34 0 -1
1903 49 31 -1 0
1904 29 1 0 -1
1905 99 0 0 -1
1906 37 26 0 -1
1907 40 38 0 -1
1908 1 16 0 1
1909 32 23 0 1
1910 9 5 1 0
1911 92 15 0 1
1912 91 39 0 1
1913 6 10 0 1
1914 37 31 -1 0
1915 18 11 0 1
1916 22 26 1 0
1917 91 26 0 -1
1918 80 24 0 1
1919 45 29 -1 0
1920 10 1 0 1
1921 38 39 1 0
1922 42 39 -1 0
1923 35 28 0 1
1924 50 25 1 0
1925 26 3 1 0
1926 82 17 0 -1
1927 19 0 -1 0
1928 11 8 1 0
1929 63 31 0 1
1930 75 31 0 1
1931 73 13 -1 0
1932 75 36 1 0
1933 25 13 1 0
1934 18 1 -1 0
1935 27 6 1 0
1936 39 6 0 -1
1937 3 8 0 1
1938 51 39 0 -1
1939 41 30 0 -1
1940 17 19 0 1
1941 29 28 0 1
1942 25 27 1 0
1943 84 31 1 0
1944 5 17 1 0
1945 2 7 -1 0
1946 79 19 0 -1
1947 90 31 0 -1
1948 78 35 0 -1
1949 30 16 -1 0
1950 45 26 0 1
1951 37 20 0 -1
1952 91 2 0 1
1953 43 11 -1 0
1954 7 34 -1 0
1955 93 16 -1 0
1956 72 10 -1 0
1957 29 16 1 0
1958 28 25 -1 0
1959 72 22 1 0
1960 16 4 0 1
1961 29 25 1 0
1962 23 18 0 1
1963 10 32 -1 0
1964 37 32 -1 0
1965 67 13 1 0
1966 43 28 -1 0
1967 44 22 -1 0
1968 95 26 -1 0
1969 51 20 1 0
1970 63 35 0 -1
1971 42 13 0 -1
1972 31 20 0 -1
1973 50 5 0 -1
1974 43 33 -1 0
1975 27 18 0 -1
1976 55 38 0 -1
1977 2 27 0 1
1978 41 39 -1 0
1979 75 20 0 -1
1980 19 6 -1 0
1981 40 3 -1 0
1982 40 26 0 -1
1983 97 34 0 1
1984 8 35 -1 0
1985 3 23 0 1
1986 52 12 1 0
1987 21 31 0 1
1988 77 37 0 1
1989 39 3 1 0
1990 59 36 0 -1
1991 47 27 1 0
1992 94 27 0 1
1993 87 18 1 0
1994 93 26 0 -1
1995 89 10 1 0
1996 93 33 1 0
1997 37 32 -1 0
1998 27 31 0 -1
1999 93 35 -1 0
2000 28 26 -1 0
2001 55 35 0 1
2002 87 31 0 1
2003 74 33 -1 0
2004 11 14 0 1
2005 17 11 0 1
2006 1 33 0 1
2007 92 27 0 -1
2008 47 24 0 1
2009 5 38 1 0
2010 13 21 -1 0
2011 13 28 -1 0
2012 46 6 0 1
2013 29 37 0 -1
2014 13 20 -1 0
2015 21 9 0 -1
2016 75 31 0 1
2017 43 24 0 1
2018 1 38 0 -1
2019 87 33 0 1
2020 39 14 0 -1
2021 77 19 0 -1
2022 83 28 0 1
2023 43 26 -1 0
2024 86 16 1 0
2025 13 3 1 0
2026 30 17 -1 0
2027 25 17 0 1
2028 8 13 0 -1
2029 88 22 -1 0
2030 27 6 1 0
2031 90 21 1 0
2032 27 28 -1 0
2033 91 23 -1 0
2034 40 23 0 1
2035 34 38 0 1
2036 57 22 -1 0
2037 40 0 0 1
2038 29 19 0 -1
2039 31 15 0 1
2040 98 36 1 0
2041 55 18 0 -1
2042 78 9 0 1
2043 25 29 1 0
2044 39 18 -1 0
2045 37 15 0 1
2046 14 37 -1 0
2047 76 13 -1 0
2048 48 35 0 -1
2049 42 15 0 1
2050 38 4 0 1
2051 64 34 0 -1
2052 43 24 1 0
2053 62 26 0 1
2054 89 25 1 0
2055 39 38 1 0
2056 15 36 1 0
2057 61 9 0 -1
2058 66 10 -1 0
2059 81 33 1 0
2060 81 24 -1 0
2061 28 2 1 0
2062 68 4 0 1
2063 88 4 -1 0
2064 22 36 1 0
2065 3 36 -1 0
2066 11 23 0 -1
2067 37 1 1 0
2068 87 37 0 1
2069 30 35 1 0
2070 58 22 0 1
2071 73 32 0 -1
2072 43 35 -1 0
2073 40 3 -1 0
2074 94 14 -1 0
2075 13 31 -1 0
2076 29 37 0 1
2077 46 5 0 1
2078 86 32 0 -1
2079 84 14 -1 0
2080 44 20 0 1
2081 28 14 -1 0
2082 21 30 1 0
2083 37 39 0 -1
2084 86 22 0 1
2085 50 26 1 0
2086 41 16 1 0
2087 43 23 0 1
2088 75 37 0 -1
2089 98 8 1 0
2090 67 17 0 -1
2091 11 18 1 0
2092 23 34 1 0
2093 25 15 1 0
2094 45 11 -1 0
2095 10 14 1 0
2096 41 17 0 -1
2097 96 39 0 1
2098 10 36 -1 0
2099 82 2 0 -1
2100 95 13 -1 0
2101 6 36 0 -1
2102 27 34 0 -1
2103 11 30 1 0
2104 4 28 1 0
2105 99 8 1 0
2106 47 20 -1 0
2107 40 31 0 1
2108 48 25 -1 0
2109 71 10 1 0
2110 16 9 -1 0
2111 48 6 0 -1
2112 26 1 1 0
2113 89 31 0 -1
2114 40 13 0 -1
2115 30 24 1 0
2116 78 9 0 1
2117 37 20 -1 0
2118 1 3 0 1
2119 37 14 0 1
2120 38 11 0 -1
2121 65 27 0 -1
2122 27 26 0 1
2123 36 38 -1 0
2124 35 1 0 1
2125 3 37 0 -1
2126 3 0 0 1
2127 94 3 -1 0
2128 14 33 0 1
2129 0 28 1 0
2130 71 6 -1 0
2131 37 17 0 -1
2132 7 25 1 0
2133 9 20 0 1
2134 21 5 0 1
2135 9 15 1 0
2136 75 12 0 -1
2137 10 4 1 0
2138 47 37 1 0
2139 92 39 0 -1
2140 65 32 0 -1
2141 30 34 0 -1
2142 27 32 0 1
2143 77 3 -1 0
2144 23 11 0 -1
2145 45 8 -1 0
2146 23 24 1 0
2147 47 22 1 0
2148 52 17 0 1
2149 35 15 -1 0
2150 13 5 -1 0
2151 84 36 -1 0
2152 86 24 0 1
2153 94 27 1 0
2154 3 15 0 -1
2155 90 8 -1 0
2156 25 11 0 1
2157 85 9 1 0
2158 22 38 0 -1
2159 40 7 1 0
2160 98 4 0 1
2161 46 31 0 -1
2162 16 3 -1 0
2163 39 5 -1 0
2164 14 10 0 -1
2165 40 3 0 1
2166 40 1 0 -1
2167 64 9 0 -1
2168 30 22 0 -1
2169 84 30 1 0
2170 5 14 1 0
2171 98 15 0 1
2172 26 26 0 1
2173 43 19 1 0
2174 31 2 -1 0
2175 96 33 0 1
2176 48 20 -1 0
2177 94 23 0 1
2178 46 25 0 -1
2179 76 25 1 0
2180 95 18 1 0
2181 6 11 -1 0
2182 46 37 0 -1
2183 52 8 0 1
2184 65 3 0 1
2185 30 5 0 1
2186 83 31 0 -1
2187 21 3 0 -1
2188 20 33 0 -1
2189 7 36 -1 0
2190 39 1 0 -1
2191 8 26 0 -1
2192 76 38 -1 0
2193 28 8 0 -1
2194 87 37 0 1
2195 19 26 -1 0
2196 96 18 -1 0
2197 36 22 0 -1
2198 20 0 -1 0
2199 38 27 0 -1
2200 95 39 0 1
2201 1 7 1 0
2202 90 39 1 0
2203 49 5 -1 0
2204 14 30 0 -1
2205 99 22 -1 0
2206 40 28 0 -1
2207 52 1 0 -1
2208 2 21 1 0
2209 44 12 0 -1
2210 26 26 0 1
2211 30 38 -1 0
2212 11 30 1 0
2213 14 9 -1 0
2214 56 7 0 -1
2215 42 9 0 -1
2216 93 29 1 0
2217 30 26 1 0
2218 15 35 1 0
2219 41 3 0 -1
2220 18 37 0 1
2221 39 34 1 0
2222 45 14 0 1
2223 42 2 0 1
2224 16 39 0 1
2225 69 15 0 -1
2226 95 38 -1 0
2227 97 20 0 -1
2228 98 31 0 -1
2229 6 33 0 1
2230 39 35 1 0
2231 8 19 -1 0
2232 37 16 -1 0
2233 13 32 -1 0
2234 24 38 0 1
2235 63 18 -1 0
2236 21 25 0 -1
2237 89 34 1 0
2238 23 23 -1 0
2239 59 1 0 -1
2240 27 29 1 0
2241 10 7 -1 0
2242 42 7 0 -1
2243 36 12 0 1
2244 49 27 0 -1
2245 8 13 1 0
2246 35 18 1 0
2247 36 37 1 0
2248 97 14 -1 0
2249 77 30 0 1
2250 23 10 0 1
2251 26 6 0 -1
2252 27 39 -1 0
2253 21 7 -1 0
2254 24 23 1 0
2255 80 30 1 0
2256 48 29 0 -1
2257 51 17 1 0
2258 23 27 0 -1
2259 36 30 -1 0
2260 76 30 0 1
2261 89 36 0 1
2262 21 36 1 0
2263 0 10 0 -1
2264 95 21 1 0
2265 63 14 0 1
2266 40 4 1 0
2267 67 27 0 -1
2268 71 27 1 0
2269 38 25 0 -1
2270 99 16 0 1
2271 9 7 0 -1
2272 25 17 0 -1
2273 46 39 0 -1
2274 2 39 0 1
2275 41 36 1 0
2276 62 32 -1 0
2277 26 21 1 0
2278 18 18 0 -1
2279 44 34 -1 0
2280 26 0 0 1
2281 71 12 -1 0
2282 87 20 0 1
2283 42 4 1 0
2284 0 38 1 0
2285 51 38 -1 0
2286 21 5 0 -1
2287 38 7 0 1
2288 44 16 -1 0
2289 24 27 1 0
2290 19 11 1 0
2291 76 24 0 -1
2292 40 35 1 0
2293 31 21 0 1
2294 98 20 0 1
2295 97 28 0 1
2296 76 20 0 -1
2297 31 39 -1 0
2298 14 33 0 1
2299 16 7 -1 0
2300 48 38 0 1
2301 50 4 -1 0
2302 20 6 0 -1
2303 22 30 1 0
2304 63 19 -1 0
2305 37 0 -1 0
2306 44 14 0 -1
2307 13 21 1 0
2308 31 39 0 1
2309 48 21 1 0
2310 70 23 0 1
2311 27 22 0 1
2312 30 11 -1 0
2313 37 11 0 1
2314 97 8 -1 0
2315 37 20 0 -1
2316 38 9 0 1
2317 3 33 -1 0
2318 42 3 0 -1
2319 50 32 0 -1
2320 3 21 -1 0
2321 30 15 1 0
2322 31 9 1 0
2323 43 38 1 0
2324 1 21 0 1
2325 40 16 0 1
2326 95 35 1 0
2327 95 28 -1 0
2328 30 1 0 1
2329 42 14 1 0
2330 10 20 0 -1
2331 58 18 0 -1
2332 57 24 1 0
2333 12 7 1 0
2334 36 30 0 1
2335 83 3 1 0
2336 7 39 1 0
2337 61 19 -1 0
2338 42 4 -1 0
2339 17 16 0 1
2340 17 38 -1 0
2341 92 3 1 0
2342 55 30 0 -1
2343 23 28 1 0
2344 21 32 1 0
2345 98 27 0 -1
2346 76 6 0 -1
2347 23 8 0 -1
2348 36 24 0 1
2349 27 11 1 0
2350 20 20 -1 0
2351 82 39 1 0
2352 41 8 -1 0
2353 26 27 -1 0
2354 64 14 0 -1
2355 12 19 -1 0
2356 28 1 0 -1
2357 56 23 0 1
2358 92 38 -1 0
2359 7 28 0 -1
2360 36 36 0 -1
2361 25 25 -1 0
2362 25 30 0 1
2363 43 20 1 0
2364 11 13 -1 0
2365 40 39 0 1
2366 20 39 0 -1
2367 37 1 1 0
2368 31 38 -1 0
2369 38 4 0 1
2370 25 6 1 0
2371 37 14 -1 0
2372 13 20 0 -1
2373 6 14 0 1
2374 36 26 -1 0
2375 36 21 0 1
2376 29 1 0 1
2377 32 35 0 -1
2378 69 17 0 -1
2379 92 18 0 -1
2380 44 33 1 0
2381 44 14 1 0
2382 16 2 1 0
2383 20 32 0 1
2384 53 29 1 0
2385 41 4 -1 0
2386 35 15 1 0
2387 35 37 1 0
2388 48 1 -1 0
2389 93 9 -1 0
2390 3 27 0 -1
2391 39 39 1 0
2392 26 39 0 -1
2393 47 6 0 1
2394 46 14 0 1
2395 43 33 0 1
2396 39 12 -1 0
2397 21 39 0 1
2398 72 7 1 0
2399 24 30 0 1
