0 92 26 1 0
1 25 12 0 -1
2 21 4 0 1
3 99 13 0 1
4 43 19 -1 0
5 26 23 -1 0
6 82 24 1 0
7 69 13 0 1
8 96 23 1 0
9 85 11 1 0
10 59 1 0 1
11 20 12 -1 0
12 14 0 0 1
13 74 32 1 0
14 19 38 0 -1
15 2 11 0 1
16 52 19 1 0
17 3 13 0 -1
18 90 28 -1 0
19 14 6 1 0
20 26 31 1 0
21 37 0 1 0
22 41 29 -1 0
23 22 38 1 0
24 78 14 1 0
25 40 8 1 0
26 57 28 0 -1
27 6 16 1 0
28 32 13 0 -1
29 71 27 1 0
30 96 9 -1 0
31 23 12 1 0
32 8 16 -1 0
33 25 34 0 -1
34 19 0 -1 0
35 90 20 1 0
36 46 1 0 -1
37 95 38 1 0
38 6 33 0 1
39 37 19 -1 0
40 16 1 1 0
41 36 23 1 0
42 41 36 0 -1
43 43 19 0 1
44 57 14 0 1
45 40 3 -1 0
46 57 8 0 1
47 43 25 0 -1
48 41 18 -1 0
49 28 11 0 1
50 69 25 0 1
51 51 24 0 -1
52 70 7 1 0
53 31 26 1 0
54 28 5 0 1
55 86 26 0 1
56 41 39 -1 0
57 79 24 -1 0
58 59 30 0 1
59 70 38 1 0
60 94 8 1 0
61 81 0 -1 0
62 10 36 0 -1
63 27 2 -1 0
64 28 14 1 0
65 5 18 0 -1
66 37 11 -1 0
67 43 38 -1 0
68 30 3 -1 0
69 46 6 -1 0
70 35 0 1 0
71 67 25 0 1
72 25 3 0 -1
73 25 7 -1 0
74 0 4 1 0
75 52 5 0 -1
76 69 34 -1 0
77 28 16 1 0
78 3 22 1 0
79 76 5 0 -1
80 42 27 0 -1
81 98 13 0 -1
82 32 23 0 -1
83 86 3 -1 0
84 99 8 0 -1
85 1 5 0 1
86 25 6 1 0
87 53 6 0 1
88 8 7 -1 0
89 75 29 0 -1
90 95 12 1 0
91 38 23 -1 0
92 36 27 -1 0
93 58 26 1 0
94 19 13 0 -1
95 47 3 -1 0
96 62 12 -1 0
97 36 18 0 -1
98 39 13 1 0
99 41 0 0 -1
100 18 23 1 0
101 13 39 0 1
102 73 27 0 -1
103 46 25 0 1
104 85 15 -1 0
105 29 19 1 0
106 86 24 0 -1
107 75 0 0 -1
108 41 23 -1 0
109 13 19 0 -1
110 58 21 1 0
111 38 33 1 0
112 20 27 0 1
113 43 7 1 0
114 61 38 -1 0
115 70 26 0 -1
116 40 29 0 1
117 42 27 -1 0
118 40 1 0 1
119 25 39 1 0
120 29 7 1 0
121 37 15 0 1
122 87 4 0 1
123 39 26 1 0
124 24 15 0 1
125 0 3 1 0
126 23 18 0 -1
127 26 5 0 1
128 4 32 0 1
129 26 13 0 1
130 92 34 -1 0
131 88 29 0 1
132 73 29 -1 0
133 20 32 0 -1
134 83 7 0 -1
135 16 32 -1 0
136 29 3 1 0
137 39 10 -1 0
138 41 3 0 -1
139 22 0 0 -1
140 37 9 0 -1
141 42 21 0 1
142 10 11 -1 0
143 7 35 1 0
144 96 24 0 1
145 30 35 0 1
146 54 15 1 0
147 76 22 0 1
148 47 11 -1 0
149 85 29 1 0
150 83 5 1 0
151 15 18 0 -1
152 15 38 0 -1
153 90 25 0 -1
154 4 5 0 1
155 49 13 1 0
156 39 21 -1 0
157 35 36 0 1
158 31 6 0 1
159 30 19 0 1
160 80 13 -1 0
161 72 8 1 0
162 70 6 0 -1
163 90 5 -1 0
164 90 24 0 -1
165 17 16 0 -1
166 23 38 1 0
167 94 33 -1 0
168 87 5 1 0
169 46 3 0 1
170 40 5 -1 0
171 74 9 0 -1
172 89 20 1 0
173 73 20 0 -1
174 80 6 -1 0
175 28 3 1 0
176 35 22 1 0
177 46 8 0 -1
178 98 0 1 0
179 88 5 0 -1
180 0 36 0 -1
181 3 34 -1 0
182 35 22 0 1
183 72 36 -1 0
184 81 35 0 1
185 25 0 0 -1
186 27 9 1 0
187 14 8 0 1
188 24 1 0 -1
189 25 38 0 1
190 5 31 0 1
191 12 20 -1 0
192 7 33 0 1
193 18 15 -1 0
194 45 3 -1 0
195 38 21 0 -1
196 62 25 1 0
197 81 7 1 0
198 40 16 -1 0
199 29 10 0 1
200 60 23 0 -1
201 79 23 0 -1
202 73 19 -1 0
203 4 1 0 1
204 91 7 -1 0
205 23 18 -1 0
206 14 28 -1 0
207 43 11 -1 0
208 13 11 1 0
209 19 6 0 -1
210 12 29 0 1
211 84 31 -1 0
212 25 34 0 -1
213 32 17 1 0
214 92 10 1 0
215 16 11 0 -1
216 57 33 -1 0
217 39 35 -1 0
218 26 14 -1 0
219 93 29 -1 0
220 29 32 0 -1
221 38 39 -1 0
222 5 5 -1 0
223 30 21 1 0
224 53 38 -1 0
225 38 22 0 1
226 11 34 1 0
227 62 10 0 -1
228 82 5 0 1
229 45 31 1 0
230 92 28 1 0
231 70 12 0 -1
232 25 33 0 1
233 44 38 1 0
234 25 35 0 -1
235 42 24 -1 0
236 40 17 0 -1
237 27 33 -1 0
238 13 12 0 1
239 32 7 0 1
240 45 27 0 1
241 24 38 1 0
242 2 18 -1 0
243 1 24 1 0
244 21 26 1 0
245 18 15 -1 0
246 86 24 0 1
247 90 17 -1 0
248 67 7 0 -1
249 68 3 -1 0
250 60 30 0 -1
251 8 25 1 0
252 44 19 -1 0
253 44 13 -1 0
254 92 38 1 0
255 80 5 -1 0
256 50 31 -1 0
257 75 13 1 0
258 14 37 0 -1
259 37 39 0 1
260 83 27 0 -1
261 93 16 1 0
262 70 38 0 1
263 3 17 0 1
264 21 0 0 1
265 45 37 0 -1
266 17 37 0 1
267 91 5 -1 0
268 11 15 -1 0
269 16 1 0 1
270 47 19 -1 0
271 4 17 -1 0
272 99 14 0 1
273 22 0 0 1
274 30 12 0 1
275 77 0 0 1
276 50 7 0 1
277 4 20 1 0
278 65 1 0 1
279 41 24 1 0
280 59 38 0 -1
281 85 1 0 -1
282 45 31 -1 0
283 27 22 0 -1
284 4 27 0 -1
285 26 8 0 1
286 29 2 0 1
287 2 26 -1 0
288 10 1 -1 0
289 97 16 0 -1
290 37 20 0 -1
291 39 32 0 1
292 54 39 -1 0
293 67 32 0 -1
294 60 19 1 0
295 22 39 0 1
296 25 0 0 1
297 40 27 -1 0
298 22 1 0 -1
299 83 25 -1 0
300 9 4 1 0
301 41 34 0 -1
302 99 30 1 0
303 28 29 -1 0
304 4 10 0 1
305 20 11 1 0
306 29 29 0 -1
307 37 20 -1 0
308 72 24 -1 0
309 26 39 0 -1
310 44 18 1 0
311 88 37 -1 0
312 32 23 0 -1
313 40 19 0 1
314 71 15 -1 0
315 57 15 1 0
316 88 17 -1 0
317 49 32 0 1
318 30 38 0 1
319 19 23 0 -1
320 46 19 0 -1
321 14 12 0 1
322 19 35 1 0
323 25 3 0 -1
324 58 8 1 0
325 82 14 0 1
326 49 7 0 1
327 38 28 0 -1
328 40 1 0 -1
329 41 1 -1 0
330 64 39 0 -1
331 52 25 -1 0
332 25 37 -1 0
333 25 9 -1 0
334 8 10 -1 0
335 48 13 1 0
336 20 21 0 -1
337 80 33 -1 0
338 50 13 -1 0
339 26 5 0 -1
340 15 13 0 -1
341 25 26 1 0
342 98 27 0 -1
343 38 18 0 1
344 18 14 -1 0
345 32 12 1 0
346 81 24 -1 0
347 29 15 1 0
348 38 21 0 -1
349 40 1 0 -1
350 65 8 -1 0
351 39 12 0 -1
352 8 3 0 -1
353 59 5 1 0
354 19 29 0 1
355 10 27 0 1
356 28 6 0 -1
357 99 7 0 1
358 92 1 0 1
359 50 32 0 1
360 62 4 0 -1
361 51 27 0 -1
362 87 22 0 -1
363 35 5 -1 0
364 32 0 0 -1
365 73 7 -1 0
366 42 16 0 -1
367 23 11 0 -1
368 70 35 -1 0
369 96 19 0 -1
370 51 1 -1 0
371 52 24 1 0
372 20 34 1 0
373 22 24 0 1
374 32 8 1 0
375 96 9 -1 0
376 29 8 0 1
377 57 30 -1 0
378 14 21 0 -1
379 39 11 0 1
380 55 4 -1 0
381 70 14 0 -1
382 39 34 1 0
383 41 20 1 0
384 26 4 1 0
385 68 32 0 1
386 73 31 0 -1
387 45 36 1 0
388 53 37 0 1
389 47 0 0 1
390 26 10 0 1
391 20 20 0 -1
392 44 5 0 1
393 2 34 1 0
394 12 0 -1 0
395 13 37 -1 0
396 18 13 1 0
397 35 8 0 -1
398 61 4 0 -1
399 40 11 -1 0
400 57 25 -1 0
401 55 32 0 -1
402 91 7 -1 0
403 29 1 -1 0
404 3 19 0 1
405 10 8 -1 0
406 25 36 -1 0
407 29 11 0 1
408 3 6 0 -1
409 52 3 0 -1
410 11 27 0 -1
411 22 3 0 -1
412 55 11 1 0
413 18 16 -1 0
414 19 4 -1 0
415 42 25 0 -1
416 97 7 -1 0
417 6 4 1 0
418 0 29 0 1
419 90 7 0 1
420 37 4 -1 0
421 49 26 0 -1
422 40 18 1 0
423 96 27 0 1
424 13 31 1 0
425 41 6 1 0
426 40 36 -1 0
427 19 3 -1 0
428 49 12 0 -1
429 54 20 -1 0
430 54 1 -1 0
431 34 34 0 -1
432 92 4 1 0
433 67 17 -1 0
434 71 32 -1 0
435 62 2 -1 0
436 23 21 0 -1
437 35 32 1 0
438 30 14 0 1
439 56 10 0 1
440 29 15 -1 0
441 2 29 -1 0
442 37 16 0 1
443 7 37 0 1
444 39 21 1 0
445 26 23 0 -1
446 53 38 -1 0
447 38 34 0 -1
448 95 19 1 0
449 95 7 1 0
450 83 24 0 -1
451 9 17 1 0
452 24 11 -1 0
453 23 15 1 0
454 12 37 0 1
455 36 25 1 0
456 37 27 1 0
457 87 4 -1 0
458 30 15 0 -1
459 62 26 0 1
460 30 36 1 0
461 63 7 -1 0
462 13 22 0 1
463 83 7 1 0
464 43 17 -1 0
465 23 30 -1 0
466 31 27 -1 0
467 85 32 0 -1
468 8 9 0 1
469 64 17 1 0
470 87 23 0 -1
471 43 22 1 0
472 38 17 0 1
473 24 23 -1 0
474 91 23 0 1
475 53 2 1 0
476 39 18 -1 0
477 49 28 1 0
478 60 34 0 1
479 4 16 0 -1
480 12 16 1 0
481 37 36 0 1
482 90 12 0 1
483 44 35 -1 0
484 72 24 -1 0
485 99 24 0 -1
486 6 38 0 1
487 89 3 1 0
488 36 22 0 -1
489 10 29 -1 0
490 0 5 -1 0
491 37 9 -1 0
492 31 28 0 -1
493 4 0 1 0
494 29 10 1 0
495 6 9 -1 0
496 36 15 1 0
497 22 1 0 1
498 3 33 0 1
499 70 0 0 -1
500 92 27 0 1
501 52 34 -1 0
502 19 35 1 0
503 41 8 -1 0
504 8 5 -1 0
505 78 13 1 0
506 28 25 0 -1
507 49 4 -1 0
508 53 14 0 1
509 41 32 0 1
510 24 17 -1 0
511 90 17 -1 0
512 54 28 -1 0
513 81 3 1 0
514 23 4 1 0
515 35 38 0 1
516 97 29 -1 0
517 57 16 0 1
518 30 20 1 0
519 35 20 0 -1
520 52 7 1 0
521 26 33 1 0
522 17 10 -1 0
523 16 10 0 1
524 98 27 1 0
525 30 13 -1 0
526 39 13 1 0
527 54 28 0 1
528 10 26 0 -1
529 40 13 -1 0
530 37 37 0 -1
531 43 33 1 0
532 41 16 0 1
533 39 10 0 -1
534 6 34 0 1
535 17 8 0 1
536 15 2 0 -1
537 27 0 0 1
538 43 31 0 -1
539 85 17 0 1
540 23 31 0 -1
541 17 3 -1 0
542 58 12 1 0
543 4 2 0 -1
544 88 32 1 0
545 40 36 0 -1
546 31 39 -1 0
547 53 12 0 -1
548 24 2 0 1
549 37 3 1 0
550 7 17 1 0
551 53 31 -1 0
552 39 15 1 0
553 82 8 -1 0
554 7 6 0 1
555 6 14 0 -1
556 13 28 -1 0
557 27 33 1 0
558 0 14 0 -1
559 63 7 0 -1
560 20 28 -1 0
561 30 26 1 0
562 98 17 0 -1
563 29 14 1 0
564 62 23 1 0
565 41 23 1 0
566 58 17 0 1
567 38 27 0 -1
568 25 11 1 0
569 47 12 0 -1
570 96 1 0 1
571 95 27 1 0
572 17 1 0 -1
573 23 10 0 1
574 86 2 0 1
575 27 23 0 -1
576 91 11 -1 0
577 54 12 0 -1
578 91 30 1 0
579 0 14 0 1
580 14 0 0 -1
581 54 13 0 -1
582 36 0 -1 0
583 89 2 0 1
584 26 20 0 1
585 50 38 0 -1
586 38 26 0 1
587 85 3 0 1
588 29 28 0 1
589 31 3 0 -1
590 11 7 0 1
591 15 7 -1 0
592 7 13 0 1
593 18 14 0 -1
594 24 24 0 1
595 43 28 0 -1
596 91 36 1 0
597 93 39 0 1
598 9 36 -1 0
599 25 28 0 -1
600 3 9 1 0
601 28 3 0 1
602 61 29 0 -1
603 20 27 1 0
604 4 0 1 0
605 86 17 -1 0
606 46 28 0 1
607 42 6 -1 0
608 45 22 1 0
609 42 34 1 0
610 38 27 0 1
611 82 17 1 0
612 2 14 0 -1
613 38 19 0 1
614 25 38 0 -1
615 91 37 0 1
616 43 23 -1 0
617 10 37 0 1
618 36 4 0 -1
619 10 34 0 -1
620 50 36 0 1
621 7 8 0 1
622 39 19 1 0
623 41 8 1 0
624 24 14 0 1
625 45 13 1 0
626 58 13 -1 0
627 70 38 -1 0
628 90 32 0 1
629 35 24 0 -1
630 80 3 0 1
631 41 5 0 1
632 63 25 0 -1
633 1 33 1 0
634 50 27 -1 0
635 51 16 0 -1
636 87 0 0 -1
637 40 18 1 0
638 86 12 -1 0
639 27 17 0 -1
640 41 26 0 -1
641 64 19 0 -1
642 11 21 0 1
643 22 2 0 -1
644 74 0 1 0
645 82 39 1 0
646 40 5 1 0
647 45 27 0 -1
648 17 10 1 0
649 23 32 0 -1
650 21 29 -1 0
651 25 3 1 0
652 66 39 0 -1
653 68 39 0 1
654 17 6 0 -1
655 59 21 1 0
656 23 11 1 0
657 46 18 0 -1
658 86 19 0 -1
659 42 1 1 0
660 92 22 0 1
661 35 37 0 1
662 40 22 -1 0
663 99 8 1 0
664 24 21 -1 0
665 38 16 0 1
666 50 21 -1 0
667 88 34 0 1
668 14 38 -1 0
669 64 0 0 -1
670 78 31 0 1
671 40 12 0 -1
672 57 1 0 -1
673 64 22 0 1
674 16 6 1 0
675 12 24 0 1
676 42 23 0 -1
677 90 0 0 1
678 42 7 1 0
679 30 27 0 -1
680 43 16 0 1
681 93 11 0 1
682 21 10 0 1
683 48 9 -1 0
684 9 3 -1 0
685 87 17 0 -1
686 44 21 0 -1
687 19 25 1 0
688 19 36 0 1
689 95 30 1 0
690 21 21 0 -1
691 88 9 -1 0
692 42 26 0 1
693 31 24 0 -1
694 8 35 1 0
695 37 39 0 -1
696 13 16 0 1
697 3 14 1 0
698 22 24 1 0
699 24 5 -1 0
700 94 5 -1 0
701 25 22 0 -1
702 41 25 0 -1
703 36 17 1 0
704 36 10 1 0
705 43 27 0 1
706 29 20 0 1
707 24 7 -1 0
708 66 2 -1 0
709 24 9 -1 0
710 58 15 1 0
711 15 39 0 -1
712 55 28 -1 0
713 94 37 -1 0
714 26 39 1 0
715 27 30 -1 0
716 55 28 1 0
717 30 8 0 -1
718 88 7 1 0
719 88 32 1 0
720 25 11 1 0
721 18 28 0 1
722 17 20 1 0
723 43 18 0 -1
724 17 39 1 0
725 99 14 1 0
726 64 22 1 0
727 23 9 0 1
728 26 6 0 -1
729 27 21 0 -1
730 52 34 1 0
731 29 11 -1 0
732 42 23 0 -1
733 97 24 0 1
734 37 20 0 -1
735 62 39 0 -1
736 48 15 0 1
737 95 11 1 0
738 15 0 1 0
739 60 11 1 0
740 62 12 0 -1
741 95 6 1 0
742 64 21 0 -1
743 25 31 0 1
744 19 9 0 -1
745 57 21 0 -1
746 41 9 -1 0
747 6 2 -1 0
748 59 4 -1 0
749 55 24 0 1
750 85 18 0 -1
751 28 2 -1 0
752 83 1 0 1
753 84 22 0 1
754 35 7 0 1
755 25 39 0 1
756 39 33 -1 0
757 74 9 0 1
758 7 4 1 0
759 2 23 0 1
760 1 36 1 0
761 98 38 1 0
762 23 36 0 1
763 23 21 0 1
764 37 35 1 0
765 1 15 1 0
766 89 7 1 0
767 11 7 -1 0
768 72 13 1 0
769 57 36 -1 0
770 98 13 0 -1
771 23 37 0 -1
772 22 14 1 0
773 61 36 -1 0
774 90 10 1 0
775 43 15 -1 0
776 38 30 -1 0
777 12 13 0 -1
778 78 10 0 -1
779 68 3 0 -1
780 48 30 0 -1
781 44 29 -1 0
782 46 39 0 1
783 37 12 1 0
784 77 10 1 0
785 22 18 -1 0
786 38 22 1 0
787 40 17 -1 0
788 62 9 0 -1
789 70 9 0 1
790 92 4 -1 0
791 18 35 1 0
792 21 4 0 -1
793 28 2 0 -1
794 79 7 0 -1
795 37 8 1 0
796 24 38 1 0
797 23 35 0 -1
798 84 10 1 0
799 66 33 0 -1
800 80 35 1 0
801 40 21 0 -1
802 25 37 0 1
803 20 22 1 0
804 43 4 -1 0
805 37 22 1 0
806 95 5 0 -1
807 61 12 -1 0
808 23 14 0 1
809 32 14 0 -1
810 39 36 0 -1
811 26 22 -1 0
812 38 9 0 -1
813 18 28 -1 0
814 2 36 0 -1
815 99 19 1 0
816 13 32 0 -1
817 70 36 -1 0
818 93 20 0 1
819 89 36 0 -1
820 70 3 -1 0
821 73 0 0 1
822 8 20 1 0
823 37 1 -1 0
824 47 0 0 1
825 43 7 -1 0
826 57 23 0 -1
827 40 8 0 -1
828 40 15 -1 0
829 49 8 0 -1
830 5 17 -1 0
831 38 11 0 -1
832 29 5 -1 0
833 15 25 0 1
834 30 32 -1 0
835 35 6 1 0
836 83 5 1 0
837 46 15 -1 0
838 36 31 -1 0
839 23 3 -1 0
840 21 26 0 1
841 59 9 1 0
842 25 10 -1 0
843 59 7 1 0
844 27 8 1 0
845 42 35 0 1
846 97 29 1 0
847 85 9 0 1
848 19 29 0 -1
849 7 11 1 0
850 4 8 0 -1
851 68 26 0 1
852 26 34 1 0
853 94 24 1 0
854 42 32 1 0
855 40 21 0 -1
856 37 0 0 1
857 2 35 0 -1
858 59 0 0 -1
859 91 27 -1 0
860 28 36 1 0
861 84 34 0 1
862 60 27 -1 0
863 36 39 -1 0
864 41 38 1 0
865 90 12 -1 0
866 8 30 1 0
867 30 36 -1 0
868 23 39 1 0
869 44 10 -1 0
870 21 10 1 0
871 7 19 1 0
872 7 28 -1 0
873 41 33 0 -1
874 36 34 1 0
875 73 9 0 1
876 85 33 0 1
877 45 31 1 0
878 36 3 0 -1
879 47 8 0 1
880 74 7 0 1
881 86 13 0 -1
882 99 2 0 1
883 10 29 0 1
884 44 30 0 -1
885 22 21 1 0
886 80 4 1 0
887 48 37 1 0
888 14 7 0 -1
889 19 33 -1 0
890 40 22 -1 0
891 50 12 0 1
892 39 7 0 1
893 24 6 1 0
894 59 24 1 0
895 48 9 1 0
896 89 8 -1 0
897 5 10 1 0
898 6 33 0 -1
899 7 28 0 -1
900 88 36 0 1
901 82 16 0 -1
902 42 10 0 1
903 36 39 -1 0
904 17 5 0 1
905 28 29 1 0
906 25 2 0 -1
907 31 33 0 -1
908 26 33 -1 0
909 7 36 1 0
910 77 29 0 1
911 45 11 1 0
912 41 39 -1 0
913 51 18 0 -1
914 52 34 0 -1
915 41 4 0 1
916 26 2 0 1
917 46 3 1 0
918 53 25 0 1
919 71 19 1 0
920 23 3 -1 0
921 2 12 0 1
922 37 16 -1 0
923 45 7 0 -1
924 80 11 1 0
925 36 21 1 0
926 10 37 0 1
927 26 1 1 0
928 17 2 1 0
929 37 37 0 1
930 26 29 -1 0
931 46 11 0 1
932 41 15 0 1
933 22 10 1 0
934 29 0 0 1
935 19 5 0 1
936 82 35 -1 0
937 43 22 0 -1
938 39 27 -1 0
939 25 1 0 -1
940 98 34 0 -1
941 12 34 -1 0
942 27 39 -1 0
943 86 16 0 1
944 20 25 -1 0
945 28 18 1 0
946 48 3 -1 0
947 94 6 0 -1
948 14 10 0 1
949 41 23 0 1
950 77 13 0 -1
951 55 29 0 -1
952 57 17 -1 0
953 27 0 1 0
954 90 14 0 1
955 77 12 1 0
956 40 39 0 1
957 27 9 -1 0
958 62 15 0 1
959 56 25 1 0
960 40 32 1 0
961 37 15 0 1
962 95 30 0 -1
963 47 7 0 1
964 39 33 0 1
965 70 20 -1 0
966 81 31 -1 0
967 17 1 0 -1
968 30 26 0 -1
969 23 16 0 1
970 25 39 1 0
971 16 38 0 1
972 15 26 1 0
973 94 8 0 -1
974 42 12 0 -1
975 14 3 -1 0
976 41 27 0 -1
977 57 18 1 0
978 29 39 -1 0
979 38 2 -1 0
980 90 28 0 -1
981 21 8 0 1
982 55 33 0 -1
983 24 34 1 0
984 41 27 1 0
985 56 19 0 1
986 95 11 0 1
987 39 23 -1 0
988 76 35 1 0
989 12 36 1 0
990 7 34 1 0
991 38 10 0 -1
992 75 2 -1 0
993 36 17 0 -1
994 41 0 -1 0
995 81 25 0 1
996 42 25 0 -1
997 93 28 -1 0
998 78 3 1 0
999 88 20 0 -1
1000 28 31 1 0
1001 54 14 1 0
1002 74 36 1 0
1003 98 5 1 0
1004 39 2 -1 0
1005 27 38 -1 0
1006 39 8 -1 0
1007 14 34 1 0
1008 57 35 1 0
1009 4 2 1 0
1010 21 14 -1 0
1011 98 8 1 0
1012 92 17 0 -1
1013 40 3 -1 0
1014 75 10 -1 0
1015 21 20 1 0
1016 38 27 1 0
1017 93 17 0 1
1018 2 38 -1 0
1019 24 23 -1 0
1020 39 37 0 -1
1021 27 2 1 0
1022 12 27 1 0
1023 38 28 0 -1
1024 47 22 0 1
1025 82 18 1 0
1026 22 38 0 -1
1027 17 30 1 0
1028 39 37 0 1
1029 27 8 0 1
1030 27 15 -1 0
1031 3 4 1 0
1032 37 5 1 0
1033 20 22 0 1
1034 12 9 0 -1
1035 38 30 0 -1
1036 80 2 -1 0
1037 83 22 0 1
1038 24 8 -1 0
1039 39 2 0 1
1040 80 10 0 -1
1041 26 34 0 -1
1042 59 22 -1 0
1043 92 0 0 -1
1044 38 1 0 -1
1045 62 29 0 1
1046 4 5 1 0
1047 26 9 0 -1
1048 35 9 -1 0
1049 39 12 1 0
1050 23 15 -1 0
1051 47 17 1 0
1052 42 28 0 -1
1053 44 29 0 1
1054 42 17 1 0
1055 36 27 -1 0
1056 23 4 0 -1
1057 87 31 1 0
1058 2 30 0 1
1059 52 37 0 1
1060 60 5 0 1
1061 38 8 0 1
1062 22 9 0 -1
1063 31 20 1 0
1064 80 26 1 0
1065 86 18 1 0
1066 43 8 0 1
1067 1 15 0 1
1068 39 32 0 1
1069 42 36 1 0
1070 55 5 0 -1
1071 2 34 0 -1
1072 41 24 1 0
1073 51 37 0 1
1074 28 25 1 0
1075 65 20 1 0
1076 13 14 0 -1
1077 27 30 1 0
1078 30 13 0 1
1079 31 18 0 -1
1080 91 18 1 0
1081 12 27 0 -1
1082 77 9 -1 0
1083 24 7 1 0
1084 25 38 -1 0
1085 30 4 0 -1
1086 98 2 0 1
1087 44 17 0 -1
1088 29 4 -1 0
1089 43 31 1 0
1090 38 29 0 -1
1091 29 20 0 -1
1092 0 31 0 1
1093 17 20 -1 0
1094 48 9 0 -1
1095 49 3 1 0
1096 19 5 0 -1
1097 21 27 -1 0
1098 32 30 1 0
1099 85 39 0 -1
1100 16 21 0 -1
1101 98 5 0 1
1102 35 39 0 -1
1103 59 35 1 0
1104 12 21 0 1
1105 16 20 0 -1
1106 42 15 -1 0
1107 27 11 -1 0
1108 29 34 1 0
1109 97 0 0 -1
1110 94 37 0 1
1111 42 19 0 -1
1112 94 27 -1 0
1113 99 26 -1 0
1114 2 1 0 1
1115 30 34 -1 0
1116 88 23 0 -1
1117 71 10 0 1
1118 11 30 0 -1
1119 37 27 0 -1
1120 36 13 1 0
1121 50 27 0 1
1122 51 35 1 0
1123 55 19 1 0
1124 97 30 -1 0
1125 80 7 0 1
1126 67 0 -1 0
1127 91 30 0 -1
1128 24 22 0 -1
1129 17 17 -1 0
1130 72 17 0 1
1131 74 38 -1 0
1132 9 11 0 -1
1133 25 33 0 -1
1134 41 25 -1 0
1135 12 2 -1 0
1136 48 32 1 0
1137 26 4 1 0
1138 83 38 1 0
1139 17 9 0 1
1140 42 25 0 -1
1141 42 10 1 0
1142 13 5 0 -1
1143 39 13 0 -1
1144 8 11 1 0
1145 24 8 0 -1
1146 39 32 0 1
1147 46 27 0 1
1148 56 11 0 1
1149 17 39 0 1
1150 22 2 0 -1
1151 29 23 -1 0
1152 23 29 1 0
1153 20 7 1 0
1154 7 2 1 0
1155 42 27 0 -1
1156 13 36 0 -1
1157 49 2 -1 0
1158 90 20 1 0
1159 37 17 0 1
1160 38 29 1 0
1161 42 37 -1 0
1162 7 12 1 0
1163 43 38 -1 0
1164 80 0 0 1
1165 14 9 0 -1
1166 41 37 -1 0
1167 66 35 1 0
1168 71 18 0 -1
1169 24 24 0 -1
1170 50 20 0 -1
1171 14 33 -1 0
1172 43 29 1 0
1173 24 22 1 0
1174 52 31 0 1
1175 95 15 -1 0
1176 36 6 0 -1
1177 53 24 0 1
1178 9 26 -1 0
1179 4 36 1 0
1180 15 8 1 0
1181 48 10 0 -1
1182 88 22 1 0
1183 37 0 -1 0
1184 43 22 -1 0
1185 29 2 0 1
1186 17 8 0 -1
1187 95 19 0 -1
1188 22 10 1 0
1189 53 28 0 1
1190 5 26 1 0
1191 35 12 -1 0
1192 11 2 1 0
1193 47 21 -1 0
1194 29 22 0 -1
1195 28 27 1 0
1196 28 28 0 -1
1197 6 3 0 -1
1198 10 21 1 0
1199 3 6 0 1
1200 49 10 0 1
1201 24 12 1 0
1202 88 1 1 0
1203 24 1 1 0
1204 39 15 -1 0
1205 41 6 1 0
1206 43 33 0 -1
1207 43 19 0 1
1208 16 24 1 0
1209 23 17 0 -1
1210 39 8 0 1
1211 67 39 1 0
1212 54 13 0 1
1213 5 11 0 1
1214 49 9 0 -1
1215 39 26 1 0
1216 22 6 0 1
1217 36 19 1 0
1218 13 36 0 1
1219 40 35 -1 0
1220 98 8 1 0
1221 99 23 -1 0
1222 41 19 0 1
1223 40 12 -1 0
1224 1 31 -1 0
1225 21 4 0 -1
1226 3 0 0 -1
1227 67 1 0 1
1228 36 38 1 0
1229 69 27 -1 0
1230 54 1 0 -1
1231 92 1 0 1
1232 87 14 0 1
1233 43 9 0 -1
1234 21 29 1 0
1235 39 31 0 1
1236 43 21 0 1
1237 4 28 1 0
1238 22 17 1 0
1239 36 5 1 0
1240 5 29 0 -1
1241 19 13 0 -1
1242 9 7 -1 0
1243 27 38 0 1
1244 69 20 0 -1
1245 32 32 1 0
1246 30 18 -1 0
1247 3 3 -1 0
1248 57 33 0 1
1249 25 8 -1 0
1250 76 30 0 -1
1251 79 12 1 0
1252 13 32 0 1
1253 19 24 0 1
1254 50 33 -1 0
1255 29 39 1 0
1256 61 28 0 -1
1257 23 15 -1 0
1258 67 9 -1 0
1259 26 13 1 0
1260 61 36 0 1
1261 0 32 -1 0
1262 90 2 0 -1
1263 78 0 0 -1
1264 5 30 0 -1
1265 79 20 0 1
1266 19 21 -1 0
1267 39 22 0 -1
1268 26 5 0 -1
1269 43 13 0 1
1270 39 5 0 1
1271 30 37 0 -1
1272 13 34 0 1
1273 41 10 0 1
1274 67 15 0 1
1275 22 6 1 0
1276 44 18 -1 0
1277 99 20 -1 0
1278 38 17 0 1
1279 13 4 0 1
1280 26 30 0 -1
1281 92 32 0 -1
1282 67 39 0 1
1283 23 8 -1 0
1284 64 12 0 1
1285 4 37 0 1
1286 20 1 0 -1
1287 67 30 0 1
1288 3 4 0 1
1289 75 26 1 0
1290 81 11 0 1
1291 47 31 0 1
1292 29 28 1 0
1293 19 22 0 -1
1294 47 6 -1 0
1295 1 5 1 0
1296 9 5 1 0
1297 41 20 0 -1
1298 1 9 -1 0
1299 18 24 0 -1
1300 82 38 0 1
1301 26 38 -1 0
1302 70 6 0 -1
1303 22 39 0 -1
1304 15 32 0 -1
1305 41 16 1 0
1306 38 2 0 -1
1307 67 38 1 0
1308 22 30 1 0
1309 48 35 -1 0
1310 13 28 0 -1
1311 92 18 0 -1
1312 57 7 1 0
1313 81 1 1 0
1314 89 10 0 -1
1315 25 6 0 -1
1316 10 25 0 1
1317 52 14 0 -1
1318 36 18 1 0
1319 47 29 1 0
1320 30 5 -1 0
1321 30 21 0 -1
1322 13 34 0 1
1323 41 34 0 1
1324 52 10 1 0
1325 14 7 -1 0
1326 97 20 0 1
1327 90 8 -1 0
1328 28 39 0 -1
1329 0 34 0 -1
1330 6 32 0 1
1331 63 31 0 -1
1332 71 0 0 -1
1333 64 30 1 0
1334 20 21 1 0
1335 13 26 -1 0
1336 37 21 -1 0
1337 92 14 1 0
1338 29 29 0 -1
1339 27 31 -1 0
1340 72 17 0 1
1341 44 1 0 1
1342 29 21 0 1
1343 4 33 1 0
1344 89 29 0 -1
1345 36 21 0 1
1346 61 17 0 -1
1347 23 37 0 -1
1348 29 16 0 -1
1349 40 19 0 -1
1350 71 29 1 0
1351 11 21 0 1
1352 48 33 -1 0
1353 87 39 0 1
1354 24 16 0 1
1355 50 35 0 1
1356 99 19 0 -1
1357 28 27 1 0
1358 50 37 -1 0
1359 36 17 1 0
1360 52 3 1 0
1361 21 8 0 -1
1362 94 3 0 -1
1363 41 30 0 1
1364 68 13 0 -1
1365 19 39 0 -1
1366 21 20 1 0
1367 30 20 -1 0
1368 20 12 -1 0
1369 85 11 -1 0
1370 30 31 1 0
1371 92 22 0 1
1372 31 26 0 -1
1373 26 19 0 -1
1374 18 8 1 0
1375 46 13 0 1
1376 43 17 -1 0
1377 41 18 -1 0
1378 26 15 0 -1
1379 76 9 -1 0
1380 19 39 0 -1
1381 20 2 0 -1
1382 18 37 0 1
1383 53 5 1 0
1384 15 4 1 0
1385 54 18 -1 0
1386 42 20 -1 0
1387 46 29 0 -1
1388 0 14 -1 0
1389 35 17 1 0
1390 28 4 -1 0
1391 53 38 -1 0
1392 17 37 1 0
1393 46 3 1 0
1394 14 15 0 -1
1395 50 35 -1 0
1396 40 11 0 1
1397 49 1 1 0
1398 16 0 1 0
1399 37 26 1 0
1400 49 11 0 -1
1401 95 29 0 1
1402 4 0 -1 0
1403 85 3 -1 0
1404 83 7 -1 0
1405 39 16 1 0
1406 72 18 0 1
1407 49 8 0 1
1408 76 21 0 1
1409 44 27 0 -1
1410 81 10 0 1
1411 41 24 1 0
1412 29 18 1 0
1413 40 20 0 1
1414 3 5 0 1
1415 26 12 1 0
1416 84 8 1 0
1417 1 9 0 -1
1418 54 11 -1 0
1419 6 18 0 1
1420 46 28 0 1
1421 40 19 0 -1
1422 26 22 0 1
1423 22 5 -1 0
1424 85 4 0 1
1425 50 20 -1 0
1426 23 3 1 0
1427 40 13 0 1
1428 29 27 0 -1
1429 50 33 1 0
1430 50 4 0 1
1431 29 20 0 1
1432 18 26 0 -1
1433 93 2 -1 0
1434 46 17 0 1
1435 73 2 1 0
1436 99 8 0 1
1437 28 5 1 0
1438 46 13 -1 0
1439 39 15 0 1
1440 52 9 0 -1
1441 61 18 0 -1
1442 29 11 -1 0
1443 29 0 1 0
1444 6 6 0 1
1445 58 38 1 0
1446 42 28 1 0
1447 89 14 1 0
1448 6 25 0 -1
1449 35 25 0 -1
1450 17 6 -1 0
1451 82 2 1 0
1452 47 8 0 1
1453 9 21 0 1
1454 42 15 1 0
1455 48 22 1 0
1456 24 13 0 1
1457 45 3 0 -1
1458 8 34 0 -1
1459 7 3 1 0
1460 30 22 0 1
1461 78 12 0 -1
1462 99 20 0 -1
1463 57 23 -1 0
1464 29 9 0 -1
1465 12 37 0 1
1466 51 30 0 -1
1467 43 39 0 1
1468 16 38 0 1
1469 38 4 -1 0
1470 27 25 -1 0
1471 87 14 -1 0
1472 0 4 1 0
1473 26 24 -1 0
1474 37 18 -1 0
1475 81 19 1 0
1476 30 25 1 0
1477 41 29 0 -1
1478 38 36 -1 0
1479 54 7 0 -1
1480 39 16 0 1
1481 22 18 0 1
1482 0 6 -1 0
1483 10 2 -1 0
1484 42 16 0 -1
1485 88 14 -1 0
1486 39 11 0 1
1487 36 9 0 1
1488 18 6 0 1
1489 50 22 1 0
1490 98 28 1 0
1491 62 39 0 1
1492 36 16 -1 0
1493 27 1 0 -1
1494 17 9 -1 0
1495 80 18 0 -1
1496 41 35 0 -1
1497 27 17 0 1
1498 10 5 0 -1
1499 18 31 0 1
1500 91 11 1 0
1501 21 38 1 0
1502 55 14 0 1
1503 58 14 1 0
1504 37 16 0 1
1505 78 4 -1 0
1506 59 27 1 0
1507 21 31 0 1
1508 58 23 -1 0
1509 0 13 -1 0
1510 15 39 1 0
1511 87 23 0 1
1512 49 26 0 1
1513 86 31 -1 0
1514 25 25 0 1
1515 30 13 -1 0
1516 37 7 1 0
1517 45 19 1 0
1518 36 14 0 1
1519 25 25 0 -1
1520 98 15 1 0
1521 54 24 0 1
1522 40 4 0 -1
1523 96 1 0 -1
1524 11 24 0 1
1525 39 35 1 0
1526 26 12 0 -1
1527 45 5 0 -1
1528 99 1 0 1
1529 15 1 -1 0
1530 19 16 1 0
1531 24 0 1 0
1532 49 24 0 1
1533 42 16 -1 0
1534 24 23 -1 0
1535 42 35 -1 0
1536 24 33 1 0
1537 21 16 0 1
1538 57 37 1 0
1539 79 33 0 -1
1540 25 36 0 1
1541 37 19 0 1
1542 69 38 1 0
1543 2 32 -1 0
1544 44 19 0 1
1545 38 9 1 0
1546 72 30 1 0
1547 32 17 0 -1
1548 28 19 1 0
1549 97 34 0 -1
1550 46 36 -1 0
1551 64 1 0 1
1552 6 15 0 1
1553 27 30 0 -1
1554 23 0 1 0
1555 26 13 0 -1
1556 82 20 0 1
1557 71 16 0 -1
1558 25 12 0 -1
1559 77 0 0 1
1560 6 10 0 -1
1561 42 36 1 0
1562 16 8 0 -1
1563 23 10 0 -1
1564 29 14 1 0
1565 41 18 -1 0
1566 10 25 0 -1
1567 99 9 -1 0
1568 27 3 -1 0
1569 89 15 1 0
1570 2 8 -1 0
1571 28 6 1 0
1572 57 0 -1 0
1573 17 14 0 1
1574 21 29 0 -1
1575 16 13 0 1
1576 17 7 0 1
1577 67 25 -1 0
1578 45 36 0 -1
1579 42 24 0 -1
1580 42 17 0 -1
1581 61 28 1 0
1582 21 2 0 -1
1583 38 17 0 1
1584 84 27 0 -1
1585 29 16 1 0
1586 38 18 1 0
1587 52 9 0 1
1588 23 36 0 1
1589 93 28 1 0
1590 97 38 -1 0
1591 21 28 -1 0
1592 62 20 0 -1
1593 15 16 1 0
1594 98 3 1 0
1595 40 14 -1 0
1596 25 10 1 0
1597 42 30 0 -1
1598 48 38 -1 0
1599 28 28 0 -1
1600 41 5 -1 0
1601 7 24 0 -1
1602 45 32 0 -1
1603 35 14 0 -1
1604 39 1 -1 0
1605 41 22 0 1
1606 41 35 -1 0
1607 88 37 0 1
1608 15 34 1 0
1609 13 16 0 -1
1610 38 12 1 0
1611 15 15 0 -1
1612 41 32 1 0
1613 28 20 0 1
1614 27 39 -1 0
1615 22 13 1 0
1616 29 19 0 1
1617 17 35 1 0
1618 73 31 0 -1
1619 48 30 0 -1
1620 69 21 -1 0
1621 26 24 0 1
1622 28 21 -1 0
1623 62 5 -1 0
1624 35 24 -1 0
1625 98 31 0 1
1626 63 30 -1 0
1627 42 31 1 0
1628 27 1 0 1
1629 42 14 -1 0
1630 49 27 0 1
1631 22 20 0 -1
1632 39 31 0 1
1633 25 32 0 1
1634 54 31 -1 0
1635 17 16 -1 0
1636 16 15 1 0
1637 36 9 0 -1
1638 52 18 0 1
1639 29 4 0 -1
1640 97 26 0 -1
1641 41 19 0 1
1642 63 34 -1 0
1643 64 17 -1 0
1644 53 6 -1 0
1645 25 14 0 -1
1646 13 27 -1 0
1647 28 29 1 0
1648 43 24 0 -1
1649 19 24 1 0
1650 9 23 1 0
1651 36 16 -1 0
1652 40 20 -1 0
1653 30 14 1 0
1654 7 31 1 0
1655 29 2 -1 0
1656 85 36 -1 0
1657 39 20 0 1
1658 37 8 -1 0
1659 37 37 1 0
1660 67 33 0 1
1661 45 10 0 1
1662 76 11 -1 0
1663 11 31 0 1
1664 81 26 0 -1
1665 22 20 0 1
1666 42 26 -1 0
1667 85 13 1 0
1668 53 4 0 1
1669 38 20 -1 0
1670 66 39 1 0
1671 13 18 -1 0
1672 86 35 0 -1
1673 51 13 1 0
1674 89 24 1 0
1675 38 35 -1 0
1676 31 24 1 0
1677 25 37 1 0
1678 5 13 -1 0
1679 21 26 0 1
1680 47 7 1 0
1681 7 15 1 0
1682 86 16 -1 0
1683 75 1 1 0
1684 21 32 -1 0
1685 3 36 0 1
1686 39 30 -1 0
1687 41 25 -1 0
1688 79 11 0 1
1689 18 19 0 -1
1690 10 18 0 -1
1691 20 2 1 0
1692 27 39 -1 0
1693 21 32 0 -1
1694 95 30 -1 0
1695 30 30 0 1
1696 85 39 0 1
1697 26 6 0 1
1698 88 39 0 1
1699 37 35 -1 0
1700 80 29 1 0
1701 17 12 -1 0
1702 79 38 1 0
1703 72 7 0 -1
1704 55 30 0 1
1705 32 10 0 1
1706 41 28 0 -1
1707 17 27 0 -1
1708 71 2 0 1
1709 43 20 0 -1
1710 8 39 -1 0
1711 97 22 0 -1
1712 28 1 -1 0
1713 30 0 1 0
1714 27 15 1 0
1715 27 27 -1 0
1716 7 27 1 0
1717 36 21 0 1
1718 41 36 -1 0
1719 42 23 -1 0
1720 50 6 1 0
1721 93 6 1 0
1722 80 20 -1 0
1723 87 19 0 1
1724 39 3 -1 0
1725 69 13 0 -1
1726 59 23 0 1
1727 82 4 -1 0
1728 45 35 0 1
1729 8 17 0 1
1730 62 19 1 0
1731 69 23 0 1
1732 48 6 0 1
1733 25 5 0 -1
1734 80 30 0 1
1735 47 26 0 -1
1736 10 32 0 1
1737 67 8 -1 0
1738 79 15 0 1
1739 47 23 -1 0
1740 52 1 0 -1
1741 16 3 1 0
1742 98 35 1 0
1743 47 21 -1 0
1744 52 27 -1 0
1745 23 1 0 -1
1746 84 20 -1 0
1747 96 32 1 0
1748 68 19 0 1
1749 38 39 1 0
1750 19 14 0 1
1751 54 37 1 0
1752 13 1 0 -1
1753 44 20 1 0
1754 82 20 0 1
1755 14 3 0 -1
1756 51 10 0 1
1757 59 0 1 0
1758 93 36 0 1
1759 32 26 1 0
1760 10 25 1 0
1761 27 3 0 -1
1762 50 34 0 -1
1763 52 33 0 1
1764 85 7 1 0
1765 14 25 0 1
1766 50 14 1 0
1767 94 23 -1 0
1768 26 19 0 -1
1769 26 14 0 -1
1770 67 8 0 -1
1771 87 32 1 0
1772 97 14 1 0
1773 2 5 0 1
1774 26 28 -1 0
1775 25 21 -1 0
1776 22 34 1 0
1777 76 17 0 -1
1778 79 17 1 0
1779 81 0 0 1
1780 53 25 1 0
1781 26 1 1 0
1782 44 34 1 0
1783 21 24 0 -1
1784 47 25 0 -1
1785 51 15 0 1
1786 37 11 0 -1
1787 18 37 0 -1
1788 42 9 -1 0
1789 12 31 -1 0
1790 35 15 -1 0
1791 41 33 0 -1
1792 49 0 0 -1
1793 42 7 0 1
1794 67 28 0 -1
1795 13 15 1 0
1796 39 30 0 1
1797 44 28 -1 0
1798 45 0 0 1
1799 94 29 -1 0
1800 90 6 0 1
1801 82 4 0 -1
1802 30 1 -1 0
1803 73 1 0 1
1804 47 36 0 -1
1805 58 10 0 1
1806 77 20 -1 0
1807 21 6 0 -1
1808 41 16 1 0
1809 25 0 1 0
1810 32 37 0 1
1811 44 5 0 -1
1812 30 36 -1 0
1813 27 9 1 0
1814 29 33 1 0
1815 36 4 1 0
1816 40 28 0 -1
1817 30 37 0 -1
1818 79 34 -1 0
1819 96 9 -1 0
1820 95 12 -1 0
1821 11 15 1 0
1822 39 31 0 1
1823 97 16 0 1
1824 38 36 0 -1
1825 92 37 1 0
1826 63 19 0 1
1827 30 37 0 -1
1828 13 16 1 0
1829 22 13 1 0
1830 39 17 0 1
1831 52 37 1 0
1832 5 39 0 -1
1833 13 27 0 1
1834 24 20 0 -1
1835 3 34 1 0
1836 68 31 0 -1
1837 42 22 -1 0
1838 6 0 0 1
1839 59 21 -1 0
1840 36 23 1 0
1841 59 38 0 1
1842 91 38 0 1
1843 28 38 -1 0
1844 12 0 1 0
1845 40 32 1 0
1846 94 24 -1 0
1847 97 8 0 -1
1848 12 19 0 -1
1849 44 21 0 1
1850 40 24 -1 0
1851 49 21 0 1
1852 1 37 -1 0
1853 55 5 0 1
1854 41 5 -1 0
1855 86 2 0 -1
1856 77 2 0 -1
1857 22 2 0 -1
1858 44 8 1 0
1859 26 37 -1 0
1860 27 7 0 1
1861 20 28 0 1
1862 26 27 1 0
1863 14 13 0 1
1864 31 11 0 1
1865 28 23 0 1
1866 0 7 1 0
1867 22 36 0 1
1868 93 10 1 0
1869 43 25 0 1
1870 49 4 0 1
1871 82 1 0 -1
1872 0 15 0 -1
1873 40 10 1 0
1874 10 11 -1 0
1875 43 18 0 1
1876 53 11 0 1
1877 18 37 0 1
1878 3 39 0 1
1879 84 38 0 -1
1880 12 27 -1 0
1881 25 21 0 1
1882 14 37 0 -1
1883 40 34 1 0
1884 29 12 1 0
1885 45 36 0 -1
1886 85 4 0 -1
1887 28 30 0 1
1888 92 35 0 1
1889 85 20 0 1
1890 7 0 1 0
1891 95 17 -1 0
1892 61 22 0 -1
1893 26 2 1 0
1894 53 16 0 1
1895 44 32 1 0
1896 38 20 1 0
1897 40 20 1 0
1898 87 14 0 -1
1899 0 13 1 0
1900 31 24 0 -1
1901 17 0 1 0
1902 58 0 1 0
1903 1 18 1 0
1904 18 35 1 0
1905 66 3 0 1
1906 69 37 0 1
1907 39 20 -1 0
1908 46 34 0 1
1909 29 16 0 -1
1910 72 25 0 1
1911 22 1 1 0
1912 23 14 -1 0
1913 27 6 1 0
1914 40 30 -1 0
1915 18 31 0 1
1916 67 17 -1 0
1917 26 33 0 1
1918 41 19 0 -1
1919 7 24 0 -1
1920 35 23 0 -1
1921 26 30 1 0
1922 15 38 1 0
1923 24 39 0 -1
1924 39 34 0 1
1925 38 15 1 0
1926 78 8 0 -1
1927 86 15 0 -1
1928 67 7 0 1
1929 30 25 -1 0
1930 16 24 0 -1
1931 94 26 0 -1
1932 38 28 0 -1
1933 9 10 -1 0
1934 10 38 0 1
1935 45 14 0 1
1936 31 18 1 0
1937 3 10 0 -1
1938 23 18 1 0
1939 15 9 1 0
1940 87 22 0 1
1941 10 14 -1 0
1942 11 8 0 -1
1943 24 39 0 -1
1944 52 4 1 0
1945 93 29 0 1
1946 90 25 -1 0
1947 18 35 1 0
1948 25 5 0 -1
1949 39 16 0 -1
1950 92 10 -1 0
1951 25 21 1 0
1952 4 8 0 -1
1953 46 11 1 0
1954 43 3 0 1
1955 35 13 1 0
1956 55 5 0 1
1957 7 32 0 1
1958 58 3 1 0
1959 3 15 0 -1
1960 36 26 0 -1
1961 4 26 1 0
1962 11 23 0 1
1963 48 0 1 0
1964 82 2 0 1
1965 39 33 0 -1
1966 31 23 0 1
1967 99 31 0 -1
1968 59 38 0 -1
1969 25 28 0 1
1970 39 34 1 0
1971 41 36 0 1
1972 46 0 1 0
1973 71 3 -1 0
1974 1 19 0 1
1975 29 23 1 0
1976 47 3 0 1
1977 38 32 0 -1
1978 40 33 -1 0
1979 41 32 1 0
1980 37 1 -1 0
1981 21 15 -1 0
1982 97 12 0 -1
1983 17 23 -1 0
1984 69 11 -1 0
1985 7 29 0 -1
1986 45 30 -1 0
1987 16 5 -1 0
1988 75 29 0 -1
1989 39 10 0 -1
1990 27 5 -1 0
1991 29 23 0 -1
1992 29 29 1 0
1993 64 7 -1 0
1994 77 21 0 -1
1995 36 22 0 1
1996 1 26 1 0
1997 47 24 -1 0
1998 26 1 0 1
1999 60 21 0 -1
2000 28 24 1 0
2001 29 0 1 0
2002 12 6 -1 0
2003 49 16 0 1
2004 40 34 0 1
2005 43 30 -1 0
2006 30 32 0 -1
2007 11 24 0 -1
2008 85 3 0 1
2009 13 17 1 0
2010 83 9 1 0
2011 17 14 0 -1
2012 38 0 -1 0
2013 21 36 0 1
2014 22 29 0 -1
2015 31 9 0 1
2016 2 19 0 1
2017 44 23 1 0
2018 39 36 0 -1
2019 88 19 0 1
2020 46 6 1 0
2021 22 39 1 0
2022 23 14 1 0
2023 83 8 1 0
2024 30 25 -1 0
2025 27 29 0 1
2026 46 10 1 0
2027 37 17 0 1
2028 43 29 0 1
2029 43 21 0 1
2030 30 26 -1 0
2031 5 21 0 1
2032 30 20 0 1
2033 91 16 -1 0
2034 42 37 0 -1
2035 41 14 -1 0
2036 10 23 0 1
2037 25 4 1 0
2038 6 13 -1 0
2039 52 26 0 1
2040 26 4 0 1
2041 27 37 1 0
2042 41 22 0 1
2043 50 7 0 1
2044 38 18 -1 0
2045 77 36 1 0
2046 43 7 0 1
2047 17 11 1 0
2048 44 26 -1 0
2049 6 39 0 1
2050 40 16 0 1
2051 37 32 0 1
2052 19 25 -1 0
2053 47 35 0 1
2054 73 31 0 1
2055 86 20 0 1
2056 8 13 1 0
2057 4 26 -1 0
2058 44 7 -1 0
2059 22 27 0 1
2060 39 29 1 0
2061 28 32 -1 0
2062 73 6 -1 0
2063 41 17 -1 0
2064 21 3 1 0
2065 0 21 0 1
2066 39 35 0 -1
2067 12 22 0 -1
2068 21 2 0 1
2069 24 0 1 0
2070 24 19 1 0
2071 40 35 0 -1
2072 27 22 0 -1
2073 38 12 0 1
2074 32 37 0 -1
2075 10 13 0 -1
2076 12 21 -1 0
2077 12 9 -1 0
2078 39 20 1 0
2079 40 35 -1 0
2080 10 2 0 -1
2081 27 20 -1 0
2082 30 10 1 0
2083 82 24 -1 0
2084 42 19 -1 0
2085 9 32 1 0
2086 16 35 0 1
2087 97 21 0 -1
2088 40 16 0 -1
2089 41 6 1 0
2090 77 0 -1 0
2091 66 3 1 0
2092 28 27 0 1
2093 45 37 0 -1
2094 41 14 -1 0
2095 30 14 0 -1
2096 46 39 0 1
2097 98 12 -1 0
2098 3 31 0 -1
2099 27 16 -1 0
2100 24 21 1 0
2101 2 20 -1 0
2102 23 22 1 0
2103 12 38 1 0
2104 96 15 0 -1
2105 11 15 -1 0
2106 25 26 1 0
2107 28 39 0 1
2108 13 6 0 -1
2109 59 23 1 0
2110 23 5 0 -1
2111 27 16 1 0
2112 36 26 0 1
2113 31 14 0 1
2114 90 8 0 1
2115 42 33 0 1
2116 77 31 1 0
2117 35 33 1 0
2118 51 3 0 -1
2119 42 22 0 -1
2120 1 14 -1 0
2121 26 37 0 -1
2122 27 7 0 1
2123 5 32 -1 0
2124 43 21 -1 0
2125 30 15 1 0
2126 21 38 1 0
2127 37 18 1 0
2128 39 7 0 1
2129 44 19 -1 0
2130 17 3 -1 0
2131 51 9 -1 0
2132 69 31 -1 0
2133 55 35 -1 0
2134 57 7 1 0
2135 54 27 1 0
2136 38 33 -1 0
2137 18 15 0 -1
2138 70 8 0 1
2139 39 27 0 1
2140 90 30 0 1
2141 52 10 1 0
2142 29 3 1 0
2143 38 26 0 1
2144 3 31 0 1
2145 55 0 0 1
2146 26 17 -1 0
2147 3 37 0 -1
2148 42 34 0 1
2149 24 9 0 -1
2150 61 11 0 1
2151 35 4 0 -1
2152 49 39 -1 0
2153 59 23 -1 0
2154 41 20 0 1
2155 40 10 -1 0
2156 24 7 0 -1
2157 98 35 1 0
2158 20 0 1 0
2159 44 35 0 -1
2160 36 15 0 1
2161 40 33 -1 0
2162 23 4 0 -1
2163 39 21 1 0
2164 4 2 0 1
2165 62 12 0 -1
2166 90 21 0 -1
2167 28 1 0 1
2168 55 32 -1 0
2169 48 34 -1 0
2170 24 32 0 -1
2171 67 29 1 0
2172 15 0 1 0
2173 25 34 1 0
2174 50 38 0 1
2175 28 1 0 1
2176 93 7 -1 0
2177 77 14 1 0
2178 32 26 0 -1
2179 2 21 1 0
2180 41 15 0 -1
2181 50 25 0 1
2182 99 5 0 -1
2183 23 37 0 1
2184 55 27 0 -1
2185 27 1 -1 0
2186 24 19 -1 0
2187 18 6 -1 0
2188 92 19 0 -1
2189 78 35 0 -1
2190 22 30 0 -1
2191 29 22 1 0
2192 36 14 0 1
2193 16 30 1 0
2194 8 0 0 -1
2195 23 5 1 0
2196 64 1 0 1
2197 66 14 0 -1
2198 31 36 -1 0
2199 43 30 1 0
2200 71 0 -1 0
2201 42 15 1 0
2202 22 28 0 1
2203 12 34 1 0
2204 25 35 0 -1
2205 40 37 0 -1
2206 47 16 0 -1
2207 6 20 0 1
2208 50 36 -1 0
2209 40 9 0 1
2210 78 19 1 0
2211 43 25 0 -1
2212 16 31 1 0
2213 31 23 1 0
2214 40 27 -1 0
2215 53 36 -1 0
2216 3 22 0 1
2217 3 1 -1 0
2218 8 21 -1 0
2219 43 10 0 -1
2220 31 6 1 0
2221 81 38 -1 0
2222 45 24 0 -1
2223 21 3 0 -1
2224 52 38 0 -1
2225 80 5 -1 0
2226 24 36 0 -1
2227 54 39 0 1
2228 24 32 0 1
2229 75 0 -1 0
2230 28 38 0 1
2231 29 18 -1 0
2232 98 12 0 1
2233 60 1 -1 0
2234 5 7 1 0
2235 43 30 0 1
2236 24 27 0 -1
2237 44 36 1 0
2238 87 25 0 1
2239 46 20 -1 0
2240 21 13 0 -1
2241 12 6 1 0
2242 58 19 0 1
2243 37 35 0 -1
2244 26 27 0 1
2245 45 11 1 0
2246 29 26 1 0
2247 93 23 0 1
2248 23 24 -1 0
2249 31 36 0 1
2250 43 11 0 1
2251 90 0 -1 0
2252 30 1 -1 0
2253 41 21 0 1
2254 77 35 0 -1
2255 54 17 0 -1
2256 11 30 -1 0
2257 12 38 0 -1
2258 11 22 -1 0
2259 23 13 -1 0
2260 88 19 1 0
2261 84 7 0 1
2262 43 0 0 -1
2263 29 15 0 1
2264 94 16 0 1
2265 49 30 -1 0
2266 26 32 1 0
2267 22 6 -1 0
2268 73 22 0 1
2269 25 29 0 -1
2270 46 35 -1 0
2271 1 24 0 1
2272 13 11 0 1
2273 36 36 -1 0
2274 41 10 0 1
2275 44 20 0 -1
2276 22 3 1 0
2277 49 4 0 -1
2278 16 13 1 0
2279 8 14 0 -1
2280 18 22 1 0
2281 40 9 -1 0
2282 13 21 0 1
2283 26 2 -1 0
2284 42 22 -1 0
2285 17 16 0 -1
2286 50 28 1 0
2287 26 32 1 0
2288 12 25 1 0
2289 32 34 0 -1
2290 40 10 0 1
2291 46 26 -1 0
2292 1 30 1 0
2293 43 6 0 1
2294 20 30 -1 0
2295 30 23 1 0
2296 26 39 -1 0
2297 29 1 0 1
2298 22 30 0 1
2299 96 23 1 0
2300 21 9 -1 0
2301 76 9 0 1
2302 20 6 0 -1
2303 41 17 0 1
2304 40 2 0 1
2305 29 6 0 -1
2306 28 34 1 0
2307 26 28 0 1
2308 99 1 1 0
2309 36 16 0 1
2310 0 25 -1 0
2311 88 39 0 1
2312 38 37 -1 0
2313 40 15 0 1
2314 29 5 1 0
2315 30 12 1 0
2316 98 17 -1 0
2317 37 18 0 -1
2318 28 0 0 1
2319 46 34 -1 0
2320 88 36 0 1
2321 44 11 0 -1
2322 30 28 1 0
2323 23 9 -1 0
2324 79 0 1 0
2325 44 29 0 1
2326 57 38 1 0
2327 26 31 -1 0
2328 25 32 0 1
2329 3 33 0 1
2330 40 15 0 -1
2331 42 0 0 -1
2332 94 13 1 0
2333 57 4 0 -1
2334 19 34 -1 0
2335 1 1 0 -1
2336 46 28 0 1
2337 42 34 -1 0
2338 36 10 -1 0
2339 27 37 -1 0
2340 29 30 0 -1
2341 0 3 -1 0
2342 51 21 -1 0
2343 20 35 1 0
2344 28 12 1 0
2345 94 0 1 0
2346 19 24 -1 0
2347 44 2 -1 0
2348 24 6 0 1
2349 12 14 -1 0
2350 90 6 -1 0
2351 27 38 1 0
2352 98 30 -1 0
2353 86 35 0 1
2354 91 1 0 1
2355 57 35 0 -1
2356 48 0 -1 0
2357 4 39 -1 0
2358 73 26 0 -1
2359 45 13 -1 0
2360 18 39 1 0
2361 21 5 -1 0
2362 13 36 0 1
2363 87 24 0 1
2364 31 26 1 0
2365 74 3 0 1
2366 18 8 1 0
2367 76 32 -1 0
2368 25 19 1 0
2369 24 28 0 -1
2370 13 34 1 0
2371 6 35 1 0
2372 80 35 0 -1
2373 20 19 0 1
2374 28 30 1 0
2375 41 17 0 -1
2376 40 25 0 -1
2377 79 23 -1 0
2378 54 22 0 1
2379 37 15 0 1
2380 19 23 1 0
2381 73 9 -1 0
2382 1 22 0 1
2383 74 1 0 1
2384 59 35 0 -1
2385 19 0 0 -1
2386 11 10 1 0
2387 19 38 -1 0
2388 29 5 0 -1
2389 65 25 1 0
2390 40 5 1 0
2391 12 33 -1 0
2392 11 13 0 -1
2393 18 38 0 -1
2394 14 5 0 -1
2395 17 7 0 1
2396 40 24 1 0
2397 42 13 -1 0
2398 31 9 0 1
2399 24 19 0 1
2400 12 21 1 0
2401 51 6 0 -1
2402 17 39 0 -1
2403 31 11 1 0
2404 9 33 -1 0
2405 98 16 0 -1
2406 42 8 0 -1
2407 22 25 -1 0
2408 89 21 1 0
2409 44 8 0 1
2410 19 14 0 -1
2411 84 5 1 0
2412 80 24 0 -1
2413 30 4 1 0
2414 54 21 -1 0
2415 46 29 -1 0
2416 18 33 1 0
2417 57 26 -1 0
2418 22 25 1 0
2419 19 30 1 0
2420 39 1 0 1
2421 13 4 -1 0
2422 27 24 0 1
2423 28 39 0 1
2424 58 26 0 1
2425 26 19 -1 0
2426 61 39 -1 0
2427 80 34 0 -1
2428 37 8 -1 0
2429 9 21 0 1
2430 60 4 1 0
2431 52 1 0 1
2432 89 17 0 1
2433 23 21 -1 0
2434 14 18 1 0
2435 25 22 1 0
2436 17 0 0 -1
2437 12 13 1 0
2438 21 23 0 -1
2439 56 0 1 0
2440 91 31 1 0
2441 97 11 0 -1
2442 49 28 0 -1
2443 94 9 -1 0
2444 43 9 -1 0
2445 40 9 0 -1
2446 8 24 0 -1
2447 94 36 0 1
2448 88 38 1 0
2449 49 39 -1 0
2450 95 11 1 0
2451 82 35 1 0
2452 24 20 -1 0
2453 60 1 0 1
2454 54 8 -1 0
2455 25 18 0 1
2456 97 7 -1 0
2457 12 39 1 0
2458 83 30 -1 0
2459 28 4 0 -1
2460 40 36 0 -1
2461 78 10 -1 0
2462 23 10 1 0
2463 44 24 1 0
2464 63 7 0 -1
2465 10 30 0 -1
2466 28 24 1 0
2467 44 11 0 1
2468 65 13 1 0
2469 52 27 -1 0
2470 37 17 0 -1
2471 44 7 0 1
2472 24 21 -1 0
2473 42 3 -1 0
2474 62 3 0 1
2475 73 10 1 0
2476 88 12 0 1
2477 39 19 1 0
2478 13 29 0 1
2479 64 11 1 0
2480 26 34 -1 0
2481 16 0 1 0
2482 16 4 0 1
2483 43 24 0 -1
2484 87 29 1 0
2485 62 28 0 -1
2486 23 28 1 0
2487 24 38 0 -1
2488 84 24 1 0
2489 96 21 0 -1
2490 22 28 1 0
2491 18 24 -1 0
2492 66 14 0 1
2493 22 26 -1 0
2494 29 3 0 1
2495 26 3 1 0
2496 51 16 1 0
2497 12 2 0 1
2498 49 31 -1 0
2499 55 18 -1 0
2500 48 13 -1 0
2501 27 33 0 1
2502 27 26 0 1
2503 24 33 0 -1
2504 29 21 0 -1
2505 59 37 0 1
2506 23 19 0 -1
2507 30 19 1 0
2508 26 36 0 1
2509 26 28 -1 0
2510 37 30 -1 0
2511 21 23 1 0
2512 43 4 0 1
2513 18 38 1 0
2514 93 38 0 -1
2515 25 14 1 0
2516 88 32 1 0
2517 56 27 0 1
2518 24 29 0 -1
2519 93 25 -1 0
2520 71 29 -1 0
2521 15 11 0 -1
2522 66 24 0 1
2523 72 38 0 -1
2524 41 37 0 -1
2525 6 5 0 -1
2526 39 2 1 0
2527 39 0 1 0
2528 91 8 0 1
2529 31 19 1 0
2530 40 13 0 -1
2531 28 3 1 0
2532 40 21 0 -1
2533 24 32 1 0
2534 38 15 0 1
2535 16 33 -1 0
2536 13 2 0 -1
2537 44 16 0 -1
2538 13 23 0 -1
2539 95 2 -1 0
2540 48 16 0 1
2541 43 20 0 -1
2542 49 30 0 -1
2543 50 22 0 -1
2544 28 23 0 1
2545 42 19 0 1
2546 88 5 0 1
2547 38 19 0 1
2548 0 24 -1 0
2549 22 38 0 1
2550 48 10 0 1
2551 26 22 0 1
2552 48 38 -1 0
2553 43 29 1 0
2554 88 11 0 -1
2555 29 21 0 -1
2556 38 20 1 0
2557 11 7 1 0
2558 60 15 0 -1
2559 18 36 1 0
2560 25 15 1 0
2561 44 9 -1 0
2562 38 32 -1 0
2563 42 7 1 0
2564 50 26 1 0
2565 65 12 0 1
2566 16 12 0 -1
2567 42 33 0 1
2568 75 19 0 1
2569 30 32 -1 0
2570 96 28 1 0
2571 46 29 0 -1
2572 21 3 0 1
2573 40 24 1 0
2574 49 17 0 1
2575 44 31 0 1
2576 22 36 -1 0
2577 18 34 1 0
2578 93 14 1 0
2579 26 8 0 -1
2580 25 22 1 0
2581 22 31 0 -1
2582 20 25 0 -1
2583 40 33 -1 0
2584 31 27 1 0
2585 96 36 0 -1
2586 90 21 0 1
2587 47 3 0 -1
2588 75 3 0 -1
2589 88 7 -1 0
2590 3 25 1 0
2591 26 11 0 1
2592 65 1 -1 0
2593 39 0 0 -1
2594 38 32 0 -1
2595 21 22 1 0
2596 19 31 0 -1
2597 14 14 -1 0
2598 67 4 0 -1
2599 25 31 0 1
2600 0 32 0 -1
2601 23 7 0 -1
2602 29 4 0 -1
2603 44 27 -1 0
2604 44 21 -1 0
2605 3 2 0 1
2606 99 10 0 1
2607 25 33 0 1
2608 81 13 1 0
2609 51 3 0 -1
2610 41 37 0 -1
2611 87 30 -1 0
2612 49 22 0 1
2613 29 1 0 1
2614 51 7 0 1
2615 42 17 1 0
2616 36 14 0 -1
2617 35 33 0 -1
2618 56 17 0 1
2619 43 16 0 1
2620 45 2 0 -1
2621 47 27 0 -1
2622 12 17 -1 0
2623 12 12 0 -1
2624 9 5 1 0
2625 98 15 1 0
2626 43 26 0 -1
2627 28 2 0 1
2628 41 10 1 0
2629 48 0 0 -1
2630 48 27 0 -1
2631 95 28 0 -1
2632 29 7 1 0
2633 38 10 0 1
2634 30 31 1 0
2635 39 22 0 -1
2636 36 15 1 0
2637 83 35 -1 0
2638 27 2 1 0
2639 5 11 -1 0
2640 99 37 0 1
2641 89 24 -1 0
2642 87 20 0 -1
2643 38 35 0 -1
2644 22 31 0 -1
2645 58 12 0 1
2646 26 0 1 0
2647 25 28 1 0
2648 42 29 -1 0
2649 91 18 1 0
2650 13 8 1 0
2651 46 0 0 -1
2652 77 14 0 1
2653 18 16 0 -1
2654 42 2 0 -1
2655 97 12 0 -1
2656 14 38 1 0
2657 20 38 0 -1
2658 99 14 1 0
2659 45 2 0 -1
2660 7 8 0 -1
2661 79 29 0 -1
2662 40 18 0 1
2663 36 22 -1 0
2664 38 16 0 1
2665 27 0 0 -1
2666 42 18 0 -1
2667 59 14 -1 0
2668 46 12 1 0
2669 19 5 -1 0
2670 24 34 1 0
2671 3 19 0 1
2672 9 29 1 0
2673 38 16 1 0
2674 30 31 1 0
2675 19 38 1 0
2676 2 13 0 1
2677 88 15 0 1
2678 29 19 -1 0
2679 30 21 0 -1
2680 22 28 0 1
2681 40 3 -1 0
2682 12 34 0 1
2683 44 7 0 -1
2684 27 8 -1 0
2685 70 26 0 1
2686 59 16 0 1
2687 25 23 1 0
2688 17 23 0 1
2689 36 29 0 1
2690 42 21 0 1
2691 21 15 0 1
2692 40 2 -1 0
2693 77 27 0 1
2694 57 20 1 0
2695 16 10 0 -1
2696 13 4 -1 0
2697 28 37 1 0
2698 75 17 -1 0
2699 50 34 0 1
2700 58 34 1 0
2701 81 22 0 -1
2702 35 6 -1 0
2703 27 18 -1 0
2704 50 23 -1 0
2705 27 14 0 1
2706 44 15 1 0
2707 13 37 0 -1
2708 24 22 0 1
2709 41 38 -1 0
2710 28 4 0 1
2711 26 38 -1 0
2712 14 19 -1 0
2713 99 4 1 0
2714 41 4 1 0
2715 69 32 1 0
2716 37 3 0 1
2717 29 6 0 -1
2718 88 36 1 0
2719 0 30 -1 0
2720 12 17 1 0
2721 84 15 -1 0
2722 7 5 0 1
2723 53 9 1 0
2724 98 9 0 -1
2725 51 14 0 1
2726 88 25 0 1
2727 40 11 1 0
2728 8 21 -1 0
2729 4 8 -1 0
2730 37 2 1 0
2731 73 6 0 1
2732 60 30 0 1
2733 31 23 0 1
2734 17 35 -1 0
2735 90 33 -1 0
2736 36 34 -1 0
2737 8 29 0 1
2738 25 32 -1 0
2739 8 24 -1 0
2740 32 32 1 0
2741 18 39 0 1
2742 40 12 1 0
2743 43 3 0 -1
2744 3 10 1 0
2745 28 16 1 0
2746 21 14 -1 0
2747 19 1 -1 0
2748 19 7 0 -1
2749 44 36 0 -1
2750 13 38 0 1
2751 50 4 0 -1
2752 64 32 0 1
2753 86 36 1 0
2754 39 8 0 -1
2755 42 33 -1 0
2756 50 10 -1 0
2757 1 36 0 1
2758 86 11 0 1
2759 91 19 0 1
2760 30 30 0 1
2761 32 0 0 -1
2762 42 12 0 -1
2763 42 24 -1 0
2764 78 37 0 1
2765 11 3 1 0
2766 38 37 0 -1
2767 13 38 1 0
2768 70 17 -1 0
2769 16 1 1 0
2770 57 32 1 0
2771 10 26 0 1
2772 22 33 1 0
2773 84 31 0 -1
2774 65 5 0 -1
2775 26 8 0 -1
2776 77 19 1 0
2777 36 35 0 -1
2778 65 10 1 0
2779 12 23 0 1
2780 36 1 -1 0
2781 27 15 1 0
2782 7 11 -1 0
2783 30 4 -1 0
2784 13 32 0 1
2785 47 28 -1 0
2786 52 17 0 1
2787 26 12 1 0
2788 49 19 1 0
2789 84 15 0 1
2790 89 32 1 0
2791 5 34 1 0
2792 42 4 0 1
2793 65 31 1 0
2794 58 29 0 -1
2795 5 29 0 1
2796 37 19 0 -1
2797 95 2 0 -1
2798 51 19 1 0
2799 31 28 1 0
