0 41 2 1 0
1 43 0 1 0
2 42 38 1 0
3 29 19 1 0
4 42 8 0 -1
5 23 4 0 -1
6 35 29 0 1
7 30 7 0 1
8 44 37 0 -1
9 30 14 0 -1
10 29 32 0 -1
11 23 12 0 -1
12 23 8 -1 0
13 31 37 -1 0
14 20 15 1 0
15 28 21 -1 0
16 23 1 0 -1
17 42 39 0 -1
18 67 22 0 1
19 46 0 1 0
20 22 1 0 1
21 21 12 0 1
22 24 5 1 0
23 29 7 1 0
24 38 26 -1 0
25 20 29 1 0
26 24 8 -1 0
27 26 12 0 1
28 30 8 0 1
29 25 6 0 1
30 26 29 1 0
31 40 8 0 1
32 37 4 0 1
33 26 13 1 0
34 38 34 0 1
35 41 36 0 -1
36 27 29 0 -1
37 24 39 -1 0
38 48 31 1 0
39 36 34 1 0
40 42 5 0 -1
41 30 17 -1 0
42 0 27 1 0
43 44 38 0 1
44 40 36 1 0
45 41 11 0 -1
46 35 27 0 1
47 21 6 0 1
48 88 31 0 1
49 19 16 0 -1
50 29 36 1 0
51 13 5 1 0
52 38 4 -1 0
53 49 34 -1 0
54 37 1 0 -1
55 34 17 -1 0
56 30 37 0 1
57 18 8 0 1
58 17 10 1 0
59 41 3 0 -1
60 38 27 0 1
61 29 8 1 0
62 31 11 -1 0
63 36 8 0 -1
64 33 33 0 1
65 30 11 0 -1
66 95 13 1 0
67 35 22 -1 0
68 32 32 0 1
69 49 36 -1 0
70 21 13 -1 0
71 38 6 -1 0
72 43 36 1 0
73 27 33 0 -1
74 32 32 0 1
75 18 11 0 -1
76 23 5 1 0
77 36 37 0 -1
78 26 12 0 1
79 26 15 0 1
80 35 36 -1 0
81 47 0 -1 0
82 43 32 1 0
83 83 28 0 -1
84 23 8 -1 0
85 28 25 0 1
86 45 34 0 1
87 44 1 0 1
88 24 19 0 -1
89 34 27 1 0
90 27 37 1 0
91 35 11 0 1
92 30 35 0 -1
93 36 14 -1 0
94 16 11 1 0
95 19 9 0 1
96 19 11 0 1
97 42 36 0 1
98 40 9 0 -1
99 52 37 -1 0
100 30 19 -1 0
101 31 32 1 0
102 42 31 -1 0
103 41 6 0 1
104 26 1 0 -1
105 27 2 0 1
106 22 29 1 0
107 84 31 0 -1
108 75 16 -1 0
109 28 29 -1 0
110 89 17 1 0
111 20 16 0 -1
112 27 31 0 1
113 38 16 -1 0
114 40 19 0 1
115 36 20 -1 0
116 30 20 1 0
117 42 3 -1 0
118 21 27 -1 0
119 35 32 0 -1
120 31 13 -1 0
121 77 13 -1 0
122 26 5 1 0
123 28 32 1 0
124 37 6 1 0
125 69 29 0 1
126 29 8 1 0
127 8 33 0 -1
128 41 35 0 1
129 24 36 -1 0
130 41 17 -1 0
131 37 0 1 0
132 9 8 -1 0
133 11 7 0 -1
134 21 5 1 0
135 39 5 1 0
136 26 7 0 1
137 27 30 0 1
138 36 5 -1 0
139 37 5 1 0
140 22 2 -1 0
141 38 5 0 1
142 30 34 0 -1
143 25 7 0 1
144 39 0 -1 0
145 38 20 0 1
146 18 16 0 -1
147 39 17 -1 0
148 30 12 0 1
149 23 1 1 0
150 40 10 0 -1
151 17 14 1 0
152 29 29 0 1
153 12 36 0 -1
154 37 17 1 0
155 35 16 0 1
156 40 37 -1 0
157 29 19 1 0
158 50 37 -1 0
159 37 7 0 1
160 16 34 0 -1
161 30 30 0 1
162 34 29 -1 0
163 29 10 0 1
164 47 34 -1 0
165 28 17 -1 0
166 36 30 0 -1
167 16 38 0 1
168 42 39 0 -1
169 32 5 -1 0
170 14 15 1 0
171 19 34 0 -1
172 18 14 1 0
173 30 4 0 -1
174 29 34 -1 0
175 46 36 0 1
176 27 3 0 1
177 22 5 1 0
178 31 28 0 1
179 31 20 0 -1
180 34 38 -1 0
181 38 37 0 1
182 37 24 1 0
183 34 26 0 1
184 71 27 0 1
185 27 18 0 -1
186 25 12 0 -1
187 46 1 1 0
188 27 6 1 0
189 18 12 1 0
190 32 28 0 -1
191 28 6 0 1
192 45 23 -1 0
193 36 16 0 1
194 45 34 0 -1
195 35 12 0 -1
196 29 30 0 1
197 83 27 0 -1
198 35 17 -1 0
199 32 12 -1 0
200 43 6 0 1
201 29 0 0 1
202 28 13 0 1
203 58 10 0 1
204 78 9 0 1
205 4 20 0 -1
206 22 39 0 1
207 37 39 0 1
208 44 36 1 0
209 39 8 0 -1
210 18 16 0 -1
211 28 11 0 1
212 20 9 0 -1
213 31 12 -1 0
214 41 34 0 -1
215 40 17 0 1
216 26 8 0 1
217 32 11 -1 0
218 39 35 1 0
219 38 27 1 0
220 98 27 1 0
221 29 32 1 0
222 39 1 -1 0
223 39 22 0 -1
224 31 34 0 -1
225 45 23 1 0
226 36 10 0 -1
227 49 37 0 1
228 38 0 0 -1
229 31 38 1 0
230 19 7 1 0
231 25 12 0 -1
232 29 33 -1 0
233 45 0 1 0
234 43 38 0 -1
235 25 1 0 -1
236 36 6 0 1
237 30 10 1 0
238 37 29 0 -1
239 49 36 0 -1
240 30 27 -1 0
241 38 18 -1 0
242 31 33 -1 0
243 92 33 -1 0
244 44 36 0 1
245 31 15 1 0
246 32 19 -1 0
247 38 1 0 1
248 42 35 -1 0
249 27 9 -1 0
250 26 14 1 0
251 41 30 0 1
252 35 38 0 1
253 31 30 0 1
254 37 20 -1 0
255 44 29 -1 0
256 29 24 1 0
257 30 11 -1 0
258 27 1 0 1
259 38 23 1 0
260 41 34 0 -1
261 29 31 0 -1
262 30 14 0 -1
263 34 33 1 0
264 32 31 1 0
265 28 33 0 1
266 31 10 0 1
267 98 11 -1 0
268 30 31 0 1
269 26 27 1 0
270 5 16 -1 0
271 46 33 0 1
272 27 17 -1 0
273 39 4 0 -1
274 47 39 -1 0
275 39 29 0 1
276 37 38 0 1
277 47 31 0 1
278 25 14 -1 0
279 17 27 1 0
280 15 2 -1 0
281 25 32 1 0
282 36 26 0 1
283 36 4 -1 0
284 27 5 -1 0
285 17 13 0 -1
286 29 29 0 -1
287 22 9 0 -1
288 46 36 1 0
289 39 9 0 -1
290 26 9 0 1
291 29 10 0 1
292 27 9 0 -1
293 30 33 0 -1
294 31 14 0 1
295 23 7 0 -1
296 26 9 0 -1
297 36 11 0 -1
298 27 1 1 0
299 42 34 0 1
300 37 30 -1 0
301 36 7 0 1
302 28 2 1 0
303 28 28 -1 0
304 26 8 0 -1
305 23 0 0 1
306 39 28 -1 0
307 92 37 -1 0
308 21 1 1 0
309 42 6 0 -1
310 64 28 -1 0
311 27 12 0 -1
312 29 9 0 1
313 41 8 0 1
314 41 2 1 0
315 42 1 0 1
316 42 33 0 1
317 18 16 0 -1
318 40 33 1 0
319 40 18 0 1
320 27 4 -1 0
321 39 18 0 1
322 42 9 -1 0
323 25 18 0 1
324 29 20 1 0
325 48 39 -1 0
326 44 38 -1 0
327 40 1 1 0
328 25 25 -1 0
329 37 8 0 -1
330 30 18 1 0
331 39 9 0 -1
332 29 26 -1 0
333 19 10 1 0
334 46 0 1 0
335 18 14 1 0
336 36 39 0 -1
337 34 20 0 1
338 25 14 0 -1
339 31 35 1 0
340 41 25 -1 0
341 19 6 1 0
342 23 5 0 1
343 40 34 1 0
344 36 23 -1 0
345 24 15 0 -1
346 13 27 -1 0
347 39 20 0 -1
348 50 37 -1 0
349 24 5 1 0
350 35 1 -1 0
351 42 38 0 -1
352 43 7 0 -1
353 3 34 1 0
354 38 8 1 0
355 16 19 0 -1
356 35 19 1 0
357 32 25 0 1
358 27 17 0 -1
359 21 9 -1 0
360 32 30 1 0
361 37 34 1 0
362 25 16 1 0
363 39 19 0 -1
364 29 9 0 1
365 25 19 0 -1
366 35 28 1 0
367 26 23 1 0
368 97 6 -1 0
369 30 33 1 0
370 26 3 -1 0
371 28 12 0 -1
372 98 16 0 -1
373 30 21 0 -1
374 26 2 -1 0
375 43 1 1 0
376 38 37 -1 0
377 38 17 0 1
378 37 18 0 -1
379 32 16 -1 0
380 41 9 0 -1
381 43 4 -1 0
382 24 14 -1 0
383 27 31 0 1
384 38 7 0 -1
385 30 33 -1 0
386 37 33 1 0
387 31 5 1 0
388 7 17 0 -1
389 19 12 1 0
390 38 39 1 0
391 25 5 1 0
392 49 35 0 -1
393 22 14 0 -1
394 49 37 -1 0
395 25 1 -1 0
396 31 13 -1 0
397 44 4 0 -1
398 16 2 1 0
399 22 4 0 -1
400 18 21 1 0
401 47 35 1 0
402 37 2 1 0
403 19 6 1 0
404 93 5 0 -1
405 30 34 0 -1
406 31 27 -1 0
407 26 10 0 1
408 30 39 1 0
409 30 6 1 0
410 35 20 0 -1
411 29 14 1 0
412 41 31 0 1
413 32 28 -1 0
414 4 17 0 -1
415 30 27 0 1
416 30 10 0 1
417 37 17 0 1
418 39 4 0 -1
419 93 25 0 1
420 39 6 0 1
421 28 14 0 1
422 18 10 0 -1
423 26 14 0 1
424 42 38 0 1
425 85 5 0 1
426 18 10 0 -1
427 36 6 0 1
428 24 1 -1 0
429 40 39 0 -1
430 23 37 -1 0
431 42 19 -1 0
432 37 27 1 0
433 37 35 1 0
434 23 14 0 1
435 24 25 1 0
436 26 3 0 1
437 42 2 -1 0
438 19 8 0 -1
439 45 39 -1 0
440 21 3 0 -1
441 34 24 0 1
442 15 13 1 0
443 92 7 0 -1
444 19 9 1 0
445 25 16 0 -1
446 21 2 0 -1
447 23 6 1 0
448 26 16 0 -1
449 44 36 1 0
450 19 15 1 0
451 36 0 -1 0
452 34 1 -1 0
453 28 15 1 0
454 25 3 0 1
455 25 20 0 -1
456 32 7 -1 0
457 30 29 0 1
458 75 21 0 1
459 38 34 0 -1
460 18 10 0 1
461 35 19 0 -1
462 48 34 -1 0
463 27 14 1 0
464 46 34 -1 0
465 39 36 -1 0
466 45 39 0 1
467 35 9 0 1
468 47 33 -1 0
469 27 0 0 1
470 40 3 0 1
471 29 14 0 1
472 36 39 0 -1
473 37 18 0 -1
474 27 35 1 0
475 22 9 -1 0
476 28 15 1 0
477 25 16 -1 0
478 39 26 0 1
479 24 12 0 1
480 35 9 0 1
481 32 33 -1 0
482 43 3 -1 0
483 45 3 -1 0
484 44 31 0 1
485 26 14 1 0
486 41 4 0 1
487 34 22 0 -1
488 31 7 0 1
489 27 6 0 -1
490 40 15 -1 0
491 30 9 1 0
492 28 35 1 0
493 25 15 0 -1
494 62 27 1 0
495 90 38 0 1
496 22 2 0 -1
497 46 4 -1 0
498 16 8 1 0
499 21 12 0 1
500 27 35 1 0
501 42 22 1 0
502 40 20 0 -1
503 43 34 0 1
504 39 1 -1 0
505 37 19 0 -1
506 36 18 0 1
507 23 10 -1 0
508 34 29 0 -1
509 46 37 0 -1
510 37 6 0 -1
511 30 17 -1 0
512 28 9 0 1
513 21 14 0 -1
514 93 35 0 -1
515 23 16 0 -1
516 37 12 -1 0
517 27 13 0 -1
518 19 16 1 0
519 36 1 1 0
520 44 35 0 -1
521 21 38 -1 0
522 35 39 1 0
523 39 30 0 1
524 15 32 0 -1
525 30 15 1 0
526 43 4 -1 0
527 31 24 1 0
528 98 31 0 -1
529 43 33 1 0
530 38 39 0 -1
531 37 22 1 0
532 26 3 0 -1
533 25 38 0 1
534 31 29 0 1
535 31 24 0 1
536 16 10 0 -1
537 45 38 -1 0
538 20 11 -1 0
539 41 29 0 1
540 55 5 -1 0
541 48 38 -1 0
542 26 39 -1 0
543 42 37 -1 0
544 19 14 0 1
545 43 36 0 1
546 48 37 0 1
547 24 4 -1 0
548 19 15 -1 0
549 37 32 1 0
550 30 8 1 0
551 39 0 0 1
552 41 39 0 1
553 41 10 0 -1
554 37 20 0 -1
555 42 32 0 1
556 41 10 0 -1
557 36 13 0 -1
558 27 39 -1 0
559 37 35 1 0
560 40 31 1 0
561 35 8 0 1
562 31 7 0 1
563 51 25 -1 0
564 31 25 0 1
565 39 33 0 1
566 29 5 0 -1
567 91 27 0 -1
568 27 31 0 1
569 47 1 -1 0
570 29 25 0 1
571 46 36 0 -1
572 88 10 0 1
573 49 35 -1 0
574 29 36 1 0
575 28 6 0 -1
576 44 32 1 0
577 42 37 0 -1
578 28 4 0 1
579 23 32 0 -1
580 49 38 0 -1
581 21 15 1 0
582 30 11 1 0
583 36 33 -1 0
584 41 37 1 0
585 35 31 0 -1
586 29 26 0 1
587 28 38 1 0
588 46 32 0 1
589 28 30 0 -1
590 25 2 -1 0
591 38 38 0 1
592 40 21 1 0
593 24 8 0 1
594 32 27 0 1
595 21 7 0 -1
596 37 15 0 1
597 39 21 -1 0
598 40 5 0 1
599 27 14 -1 0
600 47 1 0 -1
601 24 10 -1 0
602 22 3 -1 0
603 17 7 0 1
604 48 36 -1 0
605 22 1 0 1
606 25 17 1 0
607 29 7 0 1
608 28 31 -1 0
609 40 35 1 0
610 7 8 1 0
611 18 11 -1 0
612 36 19 -1 0
613 23 3 1 0
614 39 15 -1 0
615 37 23 0 -1
616 4 18 1 0
617 41 0 1 0
618 27 4 0 1
619 98 14 -1 0
620 20 13 -1 0
621 23 2 1 0
622 34 19 0 1
623 34 11 -1 0
624 27 15 0 -1
625 43 5 -1 0
626 89 26 1 0
627 21 13 0 1
628 37 5 0 -1
629 30 8 0 1
630 42 33 0 1
631 45 2 -1 0
632 37 34 0 1
633 44 34 -1 0
634 41 6 1 0
635 24 16 0 -1
636 28 8 0 1
637 92 34 1 0
638 25 19 0 -1
639 32 31 -1 0
640 18 11 0 -1
641 42 0 0 -1
642 35 19 1 0
643 29 31 0 1
644 19 8 0 -1
645 31 20 1 0
646 41 0 0 1
647 21 10 -1 0
648 41 38 0 -1
649 36 3 -1 0
650 35 27 -1 0
651 73 34 -1 0
652 32 9 0 1
653 19 10 -1 0
654 21 7 0 1
655 28 25 0 1
656 37 18 -1 0
657 27 0 0 1
658 36 25 1 0
659 32 39 0 -1
660 27 16 0 1
661 21 16 1 0
662 50 38 -1 0
663 30 32 0 1
664 24 18 1 0
665 26 29 1 0
666 36 24 0 -1
667 27 33 1 0
668 35 0 1 0
669 41 30 -1 0
670 34 21 1 0
671 30 30 0 -1
672 25 3 1 0
673 26 39 -1 0
674 27 32 1 0
675 31 25 0 1
676 23 9 -1 0
677 43 36 1 0
678 26 18 -1 0
679 40 0 0 1
680 38 0 1 0
681 3 11 1 0
682 35 14 1 0
683 31 9 0 -1
684 29 17 0 1
685 22 9 0 1
686 33 21 0 -1
687 33 21 -1 0
688 37 37 1 0
689 42 36 1 0
690 35 32 -1 0
691 30 12 0 -1
692 42 5 -1 0
693 32 15 0 -1
694 27 1 -1 0
695 30 25 -1 0
696 38 29 -1 0
697 20 2 0 1
698 20 15 1 0
699 40 8 0 -1
700 20 11 0 -1
701 28 34 0 -1
702 37 11 1 0
703 20 9 -1 0
704 36 20 1 0
705 41 8 -1 0
706 37 19 0 -1
707 77 27 0 -1
708 34 24 1 0
709 42 34 -1 0
710 40 32 0 -1
711 24 12 -1 0
712 24 9 1 0
713 26 16 -1 0
714 19 12 -1 0
715 24 13 0 1
716 31 30 -1 0
717 63 20 -1 0
718 32 15 1 0
719 35 12 1 0
720 21 3 1 0
721 47 17 1 0
722 36 17 0 1
723 78 16 0 -1
724 14 6 1 0
725 55 5 -1 0
726 35 17 1 0
727 20 12 -1 0
728 49 34 -1 0
729 30 20 0 -1
730 43 35 1 0
731 39 8 0 1
732 35 11 1 0
733 35 23 -1 0
734 48 0 -1 0
735 83 38 -1 0
736 36 25 0 1
737 20 8 -1 0
738 99 37 1 0
739 32 35 -1 0
740 38 10 -1 0
741 42 3 1 0
742 40 21 0 -1
743 38 32 0 -1
744 30 26 1 0
745 82 14 1 0
746 46 39 0 1
747 6 22 1 0
748 29 12 0 -1
749 31 4 0 1
750 22 4 0 -1
751 33 22 -1 0
752 71 16 0 -1
753 47 34 0 -1
754 46 34 -1 0
755 38 1 1 0
756 40 30 -1 0
757 28 10 0 1
758 20 12 0 1
759 21 5 0 1
760 36 38 0 -1
761 42 37 -1 0
762 30 7 -1 0
763 31 33 0 -1
764 46 1 0 -1
765 28 11 -1 0
766 26 39 0 1
767 34 23 0 -1
768 30 26 1 0
769 40 33 1 0
770 45 1 0 -1
771 29 13 1 0
772 40 39 0 -1
773 31 1 1 0
774 29 39 0 1
775 45 33 0 1
776 34 30 -1 0
777 40 3 0 -1
778 39 28 -1 0
779 45 38 -1 0
780 71 2 0 1
781 50 35 -1 0
782 19 14 1 0
783 26 31 1 0
784 38 35 -1 0
785 37 31 0 -1
786 14 27 1 0
787 41 32 -1 0
788 41 7 1 0
789 22 7 0 1
790 44 0 0 -1
791 9 27 -1 0
792 96 34 -1 0
793 36 28 0 -1
794 26 6 1 0
795 40 35 -1 0
796 30 38 0 -1
797 41 5 0 -1
798 32 17 1 0
799 34 34 1 0
800 37 26 0 1
801 25 9 0 -1
802 38 21 0 -1
803 47 35 0 -1
804 44 6 -1 0
805 24 38 1 0
806 37 28 -1 0
807 17 8 0 -1
808 26 4 -1 0
809 11 7 -1 0
810 33 20 0 1
811 32 18 1 0
812 35 22 0 1
813 22 0 0 1
814 86 16 -1 0
815 42 39 0 -1
816 39 6 -1 0
817 23 13 -1 0
818 42 34 -1 0
819 77 16 1 0
820 34 32 0 -1
821 26 31 0 -1
822 22 0 1 0
823 35 26 0 1
824 16 3 -1 0
825 29 1 0 1
826 27 9 0 1
827 28 36 -1 0
828 32 28 1 0
829 24 7 -1 0
830 44 34 0 1
831 28 2 1 0
832 27 12 1 0
833 46 3 0 1
834 36 7 1 0
835 42 35 0 1
836 34 27 0 1
837 21 15 0 1
838 23 1 1 0
839 21 35 0 -1
840 23 17 0 -1
841 29 12 -1 0
842 35 15 -1 0
843 31 14 1 0
844 61 12 -1 0
845 7 27 1 0
846 31 30 0 -1
847 46 2 0 -1
848 28 25 0 1
849 26 6 1 0
850 4 38 1 0
851 26 33 1 0
852 31 5 0 -1
853 86 28 -1 0
854 38 32 -1 0
855 98 1 0 1
856 23 37 1 0
857 97 8 -1 0
858 29 2 -1 0
859 29 29 0 -1
860 6 1 0 -1
861 39 11 -1 0
862 31 36 1 0
863 28 14 0 -1
864 40 34 1 0
865 29 11 0 -1
866 38 31 0 1
867 20 10 1 0
868 78 12 0 1
869 37 27 0 -1
870 31 4 -1 0
871 82 21 0 1
872 29 14 1 0
873 30 5 1 0
874 25 7 0 -1
875 32 38 0 -1
876 33 5 -1 0
877 25 9 1 0
878 28 9 0 1
879 47 36 1 0
880 43 33 1 0
881 4 23 1 0
882 24 13 0 -1
883 35 39 0 -1
884 38 8 -1 0
885 26 19 0 -1
886 35 30 -1 0
887 37 25 0 1
888 26 15 -1 0
889 36 37 1 0
890 11 3 1 0
891 47 36 0 1
892 17 8 0 1
893 38 23 -1 0
894 90 32 0 1
895 32 26 -1 0
896 38 35 -1 0
897 38 36 0 1
898 79 19 0 1
899 37 1 1 0
900 29 28 0 -1
901 40 20 0 -1
902 35 18 1 0
903 43 8 -1 0
904 16 31 1 0
905 33 20 -1 0
906 22 10 0 1
907 14 10 0 -1
908 26 1 0 1
909 39 10 -1 0
910 18 9 1 0
911 25 18 -1 0
912 82 36 1 0
913 38 1 1 0
914 34 21 0 1
915 41 6 1 0
916 40 7 0 -1
917 98 21 0 -1
918 43 0 0 -1
919 40 2 1 0
920 43 32 0 1
921 39 32 0 -1
922 18 30 -1 0
923 36 19 0 -1
924 36 15 0 -1
925 37 16 0 1
926 31 16 0 -1
927 41 4 0 -1
928 38 31 1 0
929 35 35 1 0
930 40 7 0 1
931 38 20 0 -1
932 17 2 1 0
933 41 2 0 -1
934 31 15 -1 0
935 19 7 1 0
936 36 12 -1 0
937 64 24 -1 0
938 21 10 -1 0
939 33 26 1 0
940 8 25 -1 0
941 3 19 1 0
942 46 1 0 1
943 76 28 0 -1
944 43 38 0 -1
945 28 3 0 1
946 40 31 0 1
947 8 1 0 1
948 22 17 0 -1
949 22 14 0 -1
950 40 6 -1 0
951 23 3 -1 0
952 46 35 -1 0
953 31 31 -1 0
954 32 26 0 1
955 22 13 1 0
956 39 19 -1 0
957 22 15 1 0
958 29 11 0 -1
959 34 28 0 1
960 36 27 -1 0
961 20 11 0 -1
962 23 39 0 1
963 31 27 0 -1
964 52 6 -1 0
965 26 22 0 1
966 24 17 -1 0
967 71 5 0 1
968 46 38 -1 0
969 28 10 0 -1
970 34 28 -1 0
971 33 17 0 1
972 24 17 0 -1
973 29 15 1 0
974 40 31 1 0
975 88 24 0 1
976 82 14 1 0
977 22 6 1 0
978 17 12 0 1
979 28 0 -1 0
980 74 38 0 1
981 63 21 0 -1
982 42 31 1 0
983 45 34 0 1
984 35 28 1 0
985 38 16 0 1
986 93 7 -1 0
987 22 6 1 0
988 38 37 0 1
989 37 12 -1 0
990 35 27 0 1
991 31 3 0 1
992 35 16 -1 0
993 38 21 0 -1
994 40 33 0 1
995 40 20 0 -1
996 5 11 1 0
997 48 35 0 1
998 47 39 -1 0
999 9 22 0 1
1000 23 10 0 -1
1001 21 1 1 0
1002 36 14 -1 0
1003 19 13 1 0
1004 37 24 -1 0
1005 23 15 0 -1
1006 27 11 -1 0
1007 23 15 1 0
1008 37 37 -1 0
1009 37 8 1 0
1010 36 35 0 1
1011 24 4 -1 0
1012 17 15 0 -1
1013 23 7 0 1
1014 23 8 0 1
1015 37 38 1 0
1016 30 13 -1 0
1017 22 5 1 0
1018 26 1 -1 0
1019 29 0 0 1
1020 41 33 0 -1
1021 28 30 1 0
1022 6 8 1 0
1023 32 37 0 1
1024 24 19 1 0
1025 41 31 0 1
1026 24 3 -1 0
1027 38 30 0 1
1028 39 27 -1 0
1029 26 17 -1 0
1030 24 18 0 -1
1031 23 17 0 -1
1032 37 35 1 0
1033 27 17 1 0
1034 14 21 0 1
1035 32 13 -1 0
1036 2 17 0 1
1037 25 25 1 0
1038 42 9 0 -1
1039 23 6 0 1
1040 38 10 -1 0
1041 25 23 1 0
1042 44 12 -1 0
1043 29 10 0 1
1044 25 31 1 0
1045 58 27 -1 0
1046 42 0 0 -1
1047 30 4 0 -1
1048 41 32 0 -1
1049 43 39 0 -1
1050 24 16 0 -1
1051 40 4 0 -1
1052 26 12 0 -1
1053 15 34 -1 0
1054 15 14 0 -1
1055 29 28 0 1
1056 38 24 0 1
1057 17 11 1 0
1058 32 27 -1 0
1059 44 4 -1 0
1060 35 13 0 -1
1061 45 37 0 -1
1062 68 27 -1 0
1063 70 11 -1 0
1064 28 20 1 0
1065 43 34 0 1
1066 45 24 -1 0
1067 42 2 1 0
1068 40 9 0 -1
1069 23 9 0 -1
1070 20 16 0 -1
1071 39 3 0 1
1072 27 28 1 0
1073 43 5 -1 0
1074 22 7 -1 0
1075 44 39 0 1
1076 29 4 -1 0
1077 37 22 0 -1
1078 28 4 1 0
1079 31 20 1 0
1080 24 0 0 1
1081 36 33 -1 0
1082 23 12 1 0
1083 25 13 0 1
1084 42 36 0 -1
1085 31 31 1 0
1086 25 3 0 -1
1087 38 6 0 -1
1088 45 33 0 1
1089 43 1 -1 0
1090 27 14 1 0
1091 23 16 0 1
1092 85 38 0 -1
1093 33 34 -1 0
1094 73 19 -1 0
1095 46 6 0 1
1096 23 35 -1 0
1097 47 35 -1 0
1098 22 5 1 0
1099 25 4 1 0
1100 27 11 0 -1
1101 24 21 0 -1
1102 21 13 1 0
1103 32 29 0 1
1104 35 14 0 1
1105 24 3 1 0
1106 43 32 0 1
1107 26 11 0 -1
1108 31 16 -1 0
1109 40 6 -1 0
1110 17 9 1 0
1111 37 21 -1 0
1112 43 7 0 -1
1113 36 38 0 -1
1114 42 6 0 -1
1115 30 21 1 0
1116 96 17 1 0
1117 28 30 0 -1
1118 1 23 0 -1
1119 28 18 1 0
1120 73 18 0 -1
1121 32 37 0 1
1122 42 1 0 1
1123 27 18 -1 0
1124 28 2 0 1
1125 42 32 -1 0
1126 37 39 -1 0
1127 24 39 1 0
1128 61 5 -1 0
1129 38 17 0 1
1130 36 39 1 0
1131 41 33 -1 0
1132 19 17 1 0
1133 24 9 1 0
1134 40 6 -1 0
1135 43 31 -1 0
1136 22 14 1 0
1137 39 1 1 0
1138 28 27 0 1
1139 47 37 0 1
1140 47 38 0 -1
1141 34 30 -1 0
1142 88 19 1 0
1143 31 26 0 1
1144 46 35 -1 0
1145 29 6 1 0
1146 37 26 0 1
1147 36 18 0 -1
1148 20 10 0 -1
1149 38 2 0 1
1150 38 5 0 -1
1151 32 16 0 -1
1152 44 4 0 -1
1153 81 9 -1 0
1154 32 33 1 0
1155 24 5 0 1
1156 28 8 -1 0
1157 23 21 -1 0
1158 22 15 0 1
1159 47 32 0 1
1160 27 4 -1 0
1161 29 19 1 0
1162 16 17 1 0
1163 32 36 1 0
1164 21 29 1 0
1165 31 19 0 1
1166 25 0 1 0
1167 27 32 0 -1
1168 16 13 1 0
1169 34 25 0 -1
1170 46 37 0 -1
1171 14 22 0 1
1172 39 0 -1 0
1173 45 37 0 -1
1174 29 6 1 0
1175 37 36 1 0
1176 27 8 -1 0
1177 30 2 1 0
1178 32 3 1 0
1179 22 12 -1 0
1180 49 38 0 -1
1181 17 9 1 0
1182 30 31 0 1
1183 26 7 0 1
1184 29 13 -1 0
1185 38 7 0 1
1186 38 20 1 0
1187 37 4 -1 0
1188 25 13 0 1
1189 32 9 0 1
1190 39 30 0 1
1191 28 24 0 1
1192 41 5 0 -1
1193 8 32 1 0
1194 46 4 0 1
1195 37 12 -1 0
1196 41 1 0 1
1197 36 22 -1 0
1198 38 27 0 -1
1199 9 24 -1 0
1200 68 23 0 1
1201 60 5 -1 0
1202 37 31 1 0
1203 41 7 0 1
1204 46 33 0 1
1205 28 29 -1 0
1206 21 8 0 1
1207 26 8 0 -1
1208 0 23 1 0
1209 37 3 -1 0
1210 47 36 -1 0
1211 43 37 1 0
1212 22 12 1 0
1213 37 32 0 -1
1214 36 33 0 1
1215 95 26 0 1
1216 87 18 0 1
1217 44 33 0 1
1218 26 10 0 -1
1219 30 21 0 -1
1220 47 2 0 -1
1221 25 0 0 1
1222 35 15 0 1
1223 30 10 1 0
1224 20 26 1 0
1225 30 14 -1 0
1226 41 20 -1 0
1227 22 8 1 0
1228 37 16 0 1
1229 36 8 0 -1
1230 98 7 -1 0
1231 46 39 1 0
1232 49 34 -1 0
1233 24 9 0 -1
1234 15 15 0 -1
1235 9 31 -1 0
1236 25 39 -1 0
1237 38 9 0 1
1238 38 28 0 -1
1239 37 23 0 -1
1240 18 13 0 1
1241 39 7 0 -1
1242 42 4 0 -1
1243 37 3 0 -1
1244 30 18 1 0
1245 29 27 0 -1
1246 36 38 -1 0
1247 38 24 0 1
1248 7 1 0 -1
1249 45 31 0 1
1250 49 33 0 1
1251 40 7 -1 0
1252 31 6 0 1
1253 38 19 1 0
1254 24 6 0 -1
1255 26 4 -1 0
1256 32 38 1 0
1257 27 20 1 0
1258 36 14 -1 0
1259 48 36 0 1
1260 30 28 0 1
1261 22 16 0 -1
1262 36 12 -1 0
1263 36 1 0 -1
1264 37 8 -1 0
1265 25 9 1 0
1266 0 35 0 -1
1267 88 39 0 -1
1268 33 8 -1 0
1269 24 10 -1 0
1270 39 31 1 0
1271 19 7 0 -1
1272 47 32 0 1
1273 18 15 0 -1
1274 40 13 1 0
1275 34 4 0 1
1276 36 31 -1 0
1277 38 2 1 0
1278 20 7 -1 0
1279 67 25 -1 0
1280 40 35 -1 0
1281 37 4 0 1
1282 22 1 1 0
1283 32 11 0 -1
1284 40 17 0 1
1285 29 12 0 1
1286 24 7 1 0
1287 38 25 -1 0
1288 37 33 0 -1
1289 20 7 0 1
1290 25 39 0 1
1291 20 10 1 0
1292 21 5 0 1
1293 22 4 1 0
1294 24 12 -1 0
1295 30 28 0 1
1296 14 5 1 0
1297 45 35 0 -1
1298 44 2 0 -1
1299 19 13 -1 0
1300 30 5 0 1
1301 36 22 1 0
1302 44 37 0 -1
1303 39 4 -1 0
1304 24 0 0 1
1305 25 17 -1 0
1306 37 2 0 -1
1307 5 28 -1 0
1308 47 33 0 1
1309 31 8 0 1
1310 44 0 -1 0
1311 36 0 0 1
1312 17 5 0 1
1313 24 16 1 0
1314 55 24 1 0
1315 23 12 -1 0
1316 34 4 -1 0
1317 14 13 1 0
1318 22 3 0 1
1319 30 16 0 -1
1320 35 34 0 1
1321 20 13 1 0
1322 30 7 -1 0
1323 37 30 0 -1
1324 31 10 0 -1
1325 37 10 -1 0
1326 36 9 0 1
1327 39 17 0 1
1328 26 28 0 1
1329 5 2 1 0
1330 36 27 0 1
1331 24 4 0 -1
1332 29 28 1 0
1333 41 4 -1 0
1334 34 25 0 -1
1335 41 18 0 1
1336 36 16 0 1
1337 12 12 -1 0
1338 23 3 -1 0
1339 37 32 -1 0
1340 35 10 0 1
1341 31 32 -1 0
1342 32 39 0 -1
1343 35 39 0 -1
1344 21 4 0 1
1345 34 19 0 1
1346 21 16 1 0
1347 36 36 1 0
1348 29 13 0 1
1349 69 8 1 0
1350 48 0 -1 0
1351 13 33 1 0
1352 28 28 0 -1
1353 38 3 0 -1
1354 46 39 -1 0
1355 32 27 1 0
1356 26 15 -1 0
1357 25 2 1 0
1358 43 37 0 1
1359 30 30 -1 0
1360 25 8 0 -1
1361 23 4 0 1
1362 41 37 0 -1
1363 39 21 0 -1
1364 35 37 -1 0
1365 40 0 -1 0
1366 13 30 0 1
1367 24 21 1 0
1368 44 32 0 1
1369 97 22 1 0
1370 45 39 0 -1
1371 35 29 1 0
1372 30 19 0 1
1373 38 5 1 0
1374 22 15 0 -1
1375 37 26 0 -1
1376 36 6 -1 0
1377 14 12 -1 0
1378 29 18 1 0
1379 27 10 1 0
1380 40 36 -1 0
1381 39 30 0 1
1382 36 16 -1 0
1383 40 5 0 1
1384 29 5 0 -1
1385 44 37 0 1
1386 22 3 1 0
1387 41 8 1 0
1388 35 23 0 -1
1389 48 38 -1 0
1390 29 11 0 1
1391 4 21 0 -1
1392 25 7 0 1
1393 16 13 1 0
1394 58 39 1 0
1395 25 29 1 0
1396 27 7 0 -1
1397 55 22 1 0
1398 87 35 -1 0
1399 30 28 -1 0
1400 19 15 0 1
1401 25 19 0 -1
1402 10 1 0 1
1403 36 26 1 0
1404 20 8 -1 0
1405 45 19 0 1
1406 24 15 0 1
1407 23 0 1 0
1408 29 3 0 -1
1409 25 6 -1 0
1410 25 15 0 -1
1411 25 11 0 -1
1412 18 14 0 -1
1413 28 17 0 -1
1414 39 9 -1 0
1415 29 30 -1 0
1416 40 8 0 1
1417 37 6 1 0
1418 26 2 1 0
1419 37 31 0 1
1420 82 32 0 1
1421 32 19 1 0
1422 22 10 1 0
1423 35 34 0 -1
1424 39 26 0 1
1425 29 1 1 0
1426 36 35 1 0
1427 29 2 0 1
1428 38 24 -1 0
1429 67 38 0 1
1430 37 36 0 -1
1431 24 2 1 0
1432 44 2 1 0
1433 35 25 -1 0
1434 41 31 -1 0
1435 43 30 0 -1
1436 28 5 1 0
1437 30 24 -1 0
1438 34 28 -1 0
1439 40 0 0 1
1440 36 11 -1 0
1441 25 8 -1 0
1442 28 27 1 0
1443 41 30 0 1
1444 79 1 -1 0
1445 84 0 0 1
1446 24 11 1 0
1447 37 25 0 1
1448 34 34 1 0
1449 43 6 -1 0
1450 29 27 0 1
1451 10 27 1 0
1452 76 20 0 1
1453 28 28 0 1
1454 37 16 0 1
1455 36 36 1 0
1456 41 35 0 -1
1457 66 28 0 1
1458 87 11 -1 0
1459 36 28 -1 0
1460 43 7 1 0
1461 39 20 -1 0
1462 39 35 -1 0
1463 22 38 -1 0
1464 95 10 0 1
1465 36 24 0 -1
1466 26 4 0 1
1467 24 0 -1 0
1468 41 10 0 -1
1469 20 13 0 -1
1470 36 36 1 0
1471 25 13 0 -1
1472 30 9 0 -1
1473 18 12 1 0
1474 28 7 1 0
1475 35 3 -1 0
1476 23 2 -1 0
1477 41 39 1 0
1478 30 36 1 0
1479 37 7 1 0
1480 35 13 0 1
1481 39 28 -1 0
1482 31 16 1 0
1483 37 2 0 -1
1484 47 33 0 1
1485 28 5 0 1
1486 23 13 1 0
1487 29 34 0 -1
1488 27 30 -1 0
1489 71 5 0 1
1490 32 17 -1 0
1491 37 5 0 1
1492 31 33 -1 0
1493 31 26 1 0
1494 36 18 -1 0
1495 34 23 1 0
1496 40 38 -1 0
1497 43 3 0 -1
1498 45 16 0 1
1499 28 8 1 0
1500 40 30 0 -1
1501 37 15 0 1
1502 25 14 1 0
1503 41 33 0 -1
1504 26 28 0 1
1505 47 37 0 -1
1506 34 24 1 0
1507 39 39 1 0
1508 23 14 1 0
1509 65 19 0 1
1510 38 26 0 -1
1511 36 17 0 1
1512 32 12 0 1
1513 21 14 0 1
1514 37 28 0 -1
1515 28 29 1 0
1516 38 22 -1 0
1517 41 3 -1 0
1518 44 33 0 -1
1519 41 19 -1 0
1520 25 39 0 1
1521 27 28 0 1
1522 20 6 1 0
1523 45 32 0 1
1524 42 30 -1 0
1525 26 38 0 1
1526 35 7 0 1
1527 36 5 1 0
1528 22 11 -1 0
1529 38 11 -1 0
1530 36 23 0 -1
1531 42 30 -1 0
1532 99 11 1 0
1533 28 32 0 1
1534 96 36 0 1
1535 38 0 1 0
1536 27 2 -1 0
1537 29 18 0 1
1538 44 32 0 1
1539 19 29 -1 0
1540 19 6 1 0
1541 23 16 -1 0
1542 44 34 0 1
1543 40 37 1 0
1544 38 15 -1 0
1545 39 5 1 0
1546 26 18 -1 0
1547 17 12 1 0
1548 19 8 0 -1
1549 17 13 1 0
1550 40 34 -1 0
1551 28 13 -1 0
1552 25 18 0 -1
1553 44 17 -1 0
1554 36 34 1 0
1555 29 3 0 -1
1556 36 2 1 0
1557 40 10 0 -1
1558 35 38 1 0
1559 36 2 0 -1
1560 32 38 0 -1
1561 44 35 -1 0
1562 28 5 1 0
1563 39 36 0 -1
1564 14 23 -1 0
1565 35 0 0 -1
1566 66 17 -1 0
1567 36 8 0 1
1568 36 11 0 -1
1569 9 5 1 0
1570 43 37 0 1
1571 61 0 0 1
1572 47 38 -1 0
1573 27 15 -1 0
1574 35 34 -1 0
1575 31 37 1 0
1576 44 33 1 0
1577 49 38 -1 0
1578 43 6 -1 0
1579 29 17 0 1
1580 32 1 1 0
1581 38 31 1 0
1582 13 14 0 1
1583 28 10 1 0
1584 41 17 -1 0
1585 84 24 0 1
1586 17 11 0 1
1587 39 2 0 1
1588 64 14 0 1
1589 41 34 -1 0
1590 39 22 -1 0
1591 38 34 -1 0
1592 20 12 1 0
1593 36 7 0 1
1594 32 29 0 1
1595 27 8 -1 0
1596 20 14 0 1
1597 23 7 0 -1
1598 34 22 0 -1
1599 38 18 0 -1
1600 28 31 0 1
1601 26 31 0 -1
1602 35 29 1 0
1603 20 15 0 1
1604 38 15 -1 0
1605 37 30 -1 0
1606 51 35 -1 0
1607 24 6 0 1
1608 18 17 0 -1
1609 41 38 0 -1
1610 25 38 0 1
1611 9 7 0 1
1612 28 13 0 1
1613 27 23 0 -1
1614 31 29 0 1
1615 44 3 -1 0
1616 34 20 0 -1
1617 44 2 -1 0
1618 26 32 1 0
1619 28 16 -1 0
1620 42 4 0 -1
1621 32 6 0 -1
1622 22 11 1 0
1623 37 29 1 0
1624 37 25 1 0
1625 59 33 1 0
1626 19 12 0 1
1627 22 13 -1 0
1628 29 2 -1 0
1629 21 16 1 0
1630 26 11 1 0
1631 32 12 1 0
1632 52 18 0 1
1633 29 35 1 0
1634 86 18 0 -1
1635 28 33 -1 0
1636 28 6 0 1
1637 39 38 1 0
1638 32 35 1 0
1639 42 33 -1 0
1640 38 22 0 -1
1641 25 5 1 0
1642 42 17 1 0
1643 34 22 0 1
1644 20 8 0 1
1645 30 25 1 0
1646 25 15 0 1
1647 21 11 0 1
1648 18 13 0 1
1649 23 14 1 0
1650 22 0 0 1
1651 37 10 -1 0
1652 30 38 0 -1
1653 37 15 0 1
1654 43 0 0 1
1655 32 36 1 0
1656 27 20 0 -1
1657 43 2 -1 0
1658 32 35 -1 0
1659 30 34 1 0
1660 27 33 0 -1
1661 38 19 0 1
1662 29 6 0 -1
1663 4 5 0 1
1664 36 19 0 1
1665 15 14 0 -1
1666 82 9 -1 0
1667 27 15 0 1
1668 32 30 0 -1
1669 31 15 -1 0
1670 26 7 1 0
1671 61 25 0 -1
1672 25 4 0 -1
1673 34 31 1 0
1674 36 37 0 -1
1675 32 25 0 1
1676 24 10 0 1
1677 27 18 0 -1
1678 23 0 0 1
1679 42 35 0 -1
1680 37 28 0 -1
1681 29 20 1 0
1682 49 35 1 0
1683 27 32 0 -1
1684 29 35 -1 0
1685 31 5 0 1
1686 42 8 -1 0
1687 17 4 1 0
1688 45 36 0 1
1689 26 13 -1 0
1690 4 12 1 0
1691 24 18 0 -1
1692 38 10 -1 0
1693 37 22 -1 0
1694 46 37 -1 0
1695 17 9 1 0
1696 16 13 -1 0
1697 48 34 0 1
1698 25 12 1 0
1699 37 9 0 1
1700 31 35 1 0
1701 18 12 0 -1
1702 37 33 -1 0
1703 89 6 0 -1
1704 27 3 0 1
1705 38 17 -1 0
1706 30 2 0 1
1707 30 29 -1 0
1708 30 35 1 0
1709 42 0 0 1
1710 37 38 0 1
1711 23 38 0 1
1712 31 25 0 1
1713 31 32 0 -1
1714 39 7 0 1
1715 29 30 0 1
1716 30 4 1 0
1717 41 7 0 -1
1718 37 19 0 -1
1719 31 4 0 1
1720 30 29 -1 0
1721 24 8 0 1
1722 17 8 0 1
1723 35 31 0 -1
1724 36 12 -1 0
1725 39 2 -1 0
1726 44 1 -1 0
1727 29 5 0 -1
1728 37 0 0 -1
1729 36 35 -1 0
1730 38 33 0 1
1731 31 35 0 -1
1732 30 32 0 1
1733 33 20 0 1
1734 21 2 1 0
1735 32 26 0 1
1736 38 39 -1 0
1737 28 7 0 1
1738 43 33 -1 0
1739 35 35 1 0
1740 41 11 0 -1
1741 21 8 0 -1
1742 42 6 -1 0
1743 24 2 0 -1
1744 31 34 0 -1
1745 29 4 0 -1
1746 39 6 1 0
1747 27 6 1 0
1748 62 3 0 -1
1749 48 37 1 0
1750 31 19 -1 0
1751 21 6 0 1
1752 26 6 0 -1
1753 36 9 0 1
1754 39 32 0 1
1755 32 30 -1 0
1756 40 2 1 0
1757 31 6 0 1
1758 21 3 0 -1
1759 43 8 -1 0
1760 41 18 -1 0
1761 45 4 -1 0
1762 31 6 0 1
1763 41 36 0 1
1764 26 5 1 0
1765 35 22 0 1
1766 44 35 1 0
1767 38 8 -1 0
1768 25 4 0 -1
1769 28 34 0 -1
1770 43 38 -1 0
1771 23 6 0 1
1772 27 5 1 0
1773 82 29 0 1
1774 48 33 -1 0
1775 38 19 1 0
1776 24 1 0 1
1777 27 13 0 -1
1778 43 3 0 1
1779 31 7 -1 0
1780 37 11 -1 0
1781 21 10 0 1
1782 34 23 -1 0
1783 95 26 1 0
1784 42 3 0 1
1785 32 16 0 -1
1786 42 9 0 -1
1787 31 19 -1 0
1788 40 4 0 -1
1789 47 34 -1 0
1790 35 33 0 1
1791 30 37 1 0
1792 12 15 0 -1
1793 24 17 1 0
1794 32 14 0 -1
1795 32 25 0 1
1796 24 14 1 0
1797 35 21 -1 0
1798 94 38 0 -1
1799 27 25 1 0
1800 47 1 -1 0
1801 26 17 0 -1
1802 37 37 0 1
1803 48 34 -1 0
1804 41 0 -1 0
1805 87 28 0 -1
1806 32 33 -1 0
1807 38 38 0 1
1808 28 7 1 0
1809 39 27 0 1
1810 38 16 0 1
1811 18 7 1 0
1812 22 10 -1 0
1813 46 28 1 0
1814 41 19 0 -1
1815 35 20 -1 0
1816 30 6 0 -1
1817 23 15 0 -1
1818 71 19 0 -1
1819 39 3 1 0
1820 33 19 0 1
1821 45 36 -1 0
1822 21 26 1 0
1823 24 14 1 0
1824 20 7 -1 0
1825 19 10 1 0
1826 25 26 -1 0
1827 24 11 0 -1
1828 46 2 -1 0
1829 32 14 1 0
1830 27 28 1 0
1831 35 10 0 1
1832 61 9 0 1
1833 41 29 1 0
1834 21 1 1 0
1835 29 20 0 -1
1836 44 3 -1 0
1837 28 34 0 -1
1838 35 38 0 1
1839 84 8 0 -1
1840 36 24 -1 0
1841 39 2 1 0
1842 38 26 0 -1
1843 22 16 0 -1
1844 32 31 1 0
1845 37 29 0 -1
1846 45 36 -1 0
1847 40 32 -1 0
1848 19 16 1 0
1849 43 1 1 0
1850 47 22 -1 0
1851 15 13 1 0
1852 31 3 0 1
1853 31 37 0 -1
1854 36 15 0 -1
1855 27 16 -1 0
1856 38 7 0 -1
1857 29 3 -1 0
1858 29 16 0 -1
1859 41 9 -1 0
1860 99 17 0 1
1861 32 8 1 0
1862 38 33 -1 0
1863 40 3 1 0
1864 32 15 0 -1
1865 34 35 0 -1
1866 25 17 1 0
1867 43 35 0 -1
1868 97 12 0 -1
1869 44 7 -1 0
1870 30 2 -1 0
1871 34 27 0 1
1872 40 36 0 -1
1873 39 20 -1 0
1874 36 5 0 1
1875 34 26 -1 0
1876 32 29 1 0
1877 38 28 -1 0
1878 34 21 0 1
1879 30 31 1 0
1880 30 3 -1 0
1881 24 13 0 1
1882 20 6 0 1
1883 36 1 1 0
1884 30 24 1 0
1885 28 9 0 1
1886 36 31 0 -1
1887 38 4 0 1
1888 25 6 1 0
1889 21 9 0 1
1890 30 19 1 0
1891 36 29 0 -1
1892 29 4 1 0
1893 41 1 -1 0
1894 33 22 0 -1
1895 34 33 1 0
1896 19 31 0 -1
1897 38 3 0 1
1898 34 31 -1 0
1899 50 37 -1 0
1900 26 30 1 0
1901 76 5 0 1
1902 3 18 -1 0
1903 25 10 0 -1
1904 20 16 0 -1
1905 39 7 1 0
1906 26 38 0 1
1907 4 13 0 1
1908 38 25 0 1
1909 41 16 -1 0
1910 43 2 0 1
1911 32 24 0 1
1912 25 25 1 0
1913 48 37 0 1
1914 40 1 1 0
1915 24 6 0 -1
1916 88 8 0 -1
1917 92 0 0 1
1918 23 17 0 -1
1919 45 35 0 1
1920 40 1 1 0
1921 29 33 1 0
1922 32 34 0 1
1923 33 13 -1 0
1924 48 39 0 -1
1925 46 38 -1 0
1926 31 17 -1 0
1927 32 0 0 -1
1928 70 14 -1 0
1929 36 21 1 0
1930 30 9 -1 0
1931 34 30 0 1
1932 18 9 0 1
1933 12 1 0 1
1934 40 38 1 0
1935 37 17 0 -1
1936 43 34 1 0
1937 26 0 0 1
1938 33 22 -1 0
1939 45 32 0 1
1940 25 20 1 0
1941 39 8 -1 0
1942 32 37 1 0
1943 70 10 1 0
1944 42 7 1 0
1945 44 0 0 -1
1946 35 28 0 -1
1947 21 7 0 1
1948 40 28 0 1
1949 22 12 0 1
1950 35 12 -1 0
1951 23 11 0 -1
1952 42 8 0 -1
1953 31 18 0 1
1954 32 10 -1 0
1955 38 9 0 -1
1956 37 0 -1 0
1957 31 31 -1 0
1958 27 29 1 0
1959 36 9 0 1
1960 42 4 -1 0
1961 45 37 0 1
1962 35 14 1 0
1963 24 15 0 -1
1964 39 35 -1 0
1965 99 29 -1 0
1966 22 13 0 -1
1967 35 11 0 1
1968 27 39 1 0
1969 34 32 -1 0
1970 44 39 -1 0
1971 34 25 0 -1
1972 42 7 0 1
1973 27 5 -1 0
1974 24 38 0 1
1975 45 35 0 1
1976 36 29 1 0
1977 22 39 0 1
1978 31 11 -1 0
1979 27 0 0 1
1980 41 37 1 0
1981 35 10 0 -1
1982 47 37 0 1
1983 30 18 0 1
1984 36 28 0 1
1985 26 33 1 0
1986 38 38 0 1
1987 36 17 0 1
1988 50 35 -1 0
1989 55 33 0 1
1990 38 6 0 -1
1991 36 34 0 -1
1992 19 17 0 -1
1993 15 13 1 0
1994 35 35 0 -1
1995 29 0 0 1
1996 30 36 1 0
1997 28 14 -1 0
1998 28 38 1 0
1999 45 38 0 1
2000 17 11 1 0
2001 36 21 0 -1
2002 38 21 1 0
2003 47 0 -1 0
2004 28 31 0 -1
2005 45 1 -1 0
2006 32 8 -1 0
2007 38 36 -1 0
2008 35 32 0 -1
2009 48 14 -1 0
2010 43 4 0 -1
2011 29 33 -1 0
2012 31 36 -1 0
2013 50 35 -1 0
2014 26 18 0 -1
2015 29 26 0 1
2016 21 9 0 1
2017 31 11 0 -1
2018 37 34 0 1
2019 21 14 -1 0
2020 39 16 0 1
2021 30 13 0 1
2022 54 24 -1 0
2023 12 34 0 1
2024 25 38 1 0
2025 32 34 0 1
2026 35 16 0 -1
2027 27 29 1 0
2028 39 34 1 0
2029 35 21 0 1
2030 31 28 0 1
2031 31 36 1 0
2032 15 14 0 -1
2033 30 27 0 1
2034 35 18 0 1
2035 37 21 -1 0
2036 27 7 0 -1
2037 27 26 1 0
2038 27 12 -1 0
2039 29 15 -1 0
2040 31 12 0 -1
2041 40 19 -1 0
2042 37 10 -1 0
2043 16 9 1 0
2044 23 11 0 -1
2045 42 31 -1 0
2046 29 15 0 -1
2047 35 30 0 1
2048 29 1 1 0
2049 45 3 -1 0
2050 36 31 -1 0
2051 39 33 0 -1
2052 39 19 -1 0
2053 23 9 1 0
2054 32 13 0 1
2055 26 9 0 1
2056 48 0 -1 0
2057 27 2 0 1
2058 28 4 1 0
2059 17 13 -1 0
2060 36 0 0 -1
2061 75 37 1 0
2062 33 9 1 0
2063 22 11 1 0
2064 24 11 0 -1
2065 25 5 -1 0
2066 32 21 1 0
2067 19 9 0 1
2068 21 2 0 -1
2069 21 12 0 1
2070 29 8 0 1
2071 45 3 0 -1
2072 41 19 -1 0
2073 35 21 0 1
2074 36 29 -1 0
2075 38 36 -1 0
2076 20 6 0 1
2077 81 5 0 -1
2078 45 32 0 1
2079 38 28 -1 0
2080 28 15 0 1
2081 74 17 0 1
2082 26 2 -1 0
2083 26 10 0 -1
2084 30 15 -1 0
2085 46 38 1 0
2086 45 0 0 -1
2087 35 37 0 1
2088 30 13 1 0
2089 39 3 0 1
2090 29 32 1 0
2091 25 10 -1 0
2092 18 8 0 1
2093 40 30 0 1
2094 17 10 1 0
2095 36 3 -1 0
2096 41 32 0 1
2097 45 33 1 0
2098 37 27 0 1
2099 25 1 -1 0
2100 41 35 1 0
2101 77 4 0 1
2102 94 12 -1 0
2103 40 19 0 1
2104 22 2 0 -1
2105 27 16 0 -1
2106 38 4 1 0
2107 94 6 -1 0
2108 29 31 1 0
2109 46 32 -1 0
2110 41 38 0 -1
2111 22 8 0 -1
2112 29 34 0 1
2113 39 18 1 0
2114 40 38 0 -1
2115 21 6 1 0
2116 39 32 -1 0
2117 35 23 -1 0
2118 36 30 0 -1
2119 19 37 0 -1
2120 45 0 0 1
2121 38 3 0 1
2122 44 1 -1 0
2123 57 29 0 1
2124 30 15 0 -1
2125 45 2 0 -1
2126 31 8 -1 0
2127 44 39 -1 0
2128 28 26 0 1
2129 31 24 0 1
2130 18 8 -1 0
2131 25 29 1 0
2132 31 14 1 0
2133 24 7 0 1
2134 43 39 0 1
2135 38 25 -1 0
2136 18 15 1 0
2137 51 35 -1 0
2138 30 36 1 0
2139 34 32 -1 0
2140 36 20 0 -1
2141 22 16 0 -1
2142 20 14 -1 0
2143 16 12 0 1
2144 31 10 0 -1
2145 90 37 -1 0
2146 23 13 0 1
2147 38 30 0 1
2148 26 0 -1 0
2149 38 32 1 0
2150 22 23 1 0
2151 48 33 0 1
2152 20 32 1 0
2153 23 5 -1 0
2154 35 26 0 -1
2155 35 15 0 1
2156 36 30 -1 0
2157 29 18 1 0
2158 30 3 -1 0
2159 21 36 -1 0
2160 32 20 1 0
2161 21 11 0 -1
2162 25 10 -1 0
2163 23 18 0 -1
2164 25 11 -1 0
2165 31 28 -1 0
2166 36 10 0 -1
2167 41 26 0 -1
2168 22 8 -1 0
2169 80 35 -1 0
2170 43 35 -1 0
2171 28 12 1 0
2172 48 35 1 0
2173 46 21 1 0
2174 35 33 0 -1
2175 15 29 -1 0
2176 23 39 1 0
2177 30 3 -1 0
2178 35 37 0 1
2179 32 13 0 -1
2180 39 5 -1 0
2181 48 36 0 1
2182 19 11 1 0
2183 23 4 0 -1
2184 23 39 0 1
2185 27 11 0 1
2186 38 35 0 -1
2187 49 37 0 1
2188 45 2 -1 0
2189 31 23 0 1
2190 40 18 -1 0
2191 72 25 1 0
2192 10 15 1 0
2193 30 32 1 0
2194 36 27 0 -1
2195 30 12 0 -1
2196 39 39 -1 0
2197 31 9 0 1
2198 32 9 0 1
2199 32 34 1 0
2200 39 31 0 -1
2201 10 14 0 1
2202 37 21 0 1
2203 40 32 -1 0
2204 35 25 -1 0
2205 30 5 0 -1
2206 28 3 0 1
2207 31 9 -1 0
2208 30 20 0 -1
2209 38 2 0 -1
2210 42 7 0 -1
2211 32 32 0 -1
2212 38 9 0 -1
2213 32 11 0 1
2214 35 31 0 1
2215 35 25 0 -1
2216 92 9 0 1
2217 26 30 1 0
2218 47 39 0 1
2219 21 18 0 1
2220 29 27 0 1
2221 30 6 -1 0
2222 37 39 1 0
2223 38 22 -1 0
2224 28 33 0 1
2225 23 11 1 0
2226 46 35 0 1
2227 31 13 0 1
2228 18 15 1 0
2229 60 22 0 -1
2230 27 7 0 1
2231 39 24 -1 0
2232 36 22 0 -1
2233 43 39 1 0
2234 9 26 1 0
2235 35 24 0 1
2236 88 35 0 1
2237 26 17 1 0
2238 25 2 0 1
2239 39 33 -1 0
2240 71 32 1 0
2241 27 30 0 1
2242 46 31 1 0
2243 36 10 -1 0
2244 29 17 1 0
2245 31 27 0 -1
2246 46 7 0 1
2247 4 23 0 1
2248 28 19 0 1
2249 32 17 0 -1
2250 85 34 1 0
2251 26 13 1 0
2252 49 32 1 0
2253 41 5 0 1
2254 32 10 -1 0
2255 26 30 0 -1
2256 47 38 1 0
2257 24 2 0 -1
2258 22 7 1 0
2259 36 2 0 -1
2260 26 29 1 0
2261 42 5 0 -1
2262 28 3 1 0
2263 39 18 0 1
2264 27 10 0 -1
2265 35 9 1 0
2266 28 17 1 0
2267 37 36 0 -1
2268 28 11 0 -1
2269 43 8 0 -1
2270 39 39 0 1
2271 34 31 0 -1
2272 40 9 0 -1
2273 3 30 0 -1
2274 40 2 0 -1
2275 28 12 -1 0
2276 40 18 0 1
2277 24 39 0 1
2278 25 8 -1 0
2279 39 34 -1 0
2280 34 34 0 -1
2281 35 8 -1 0
2282 31 8 -1 0
2283 44 3 0 -1
2284 25 11 -1 0
2285 30 38 0 1
2286 25 20 0 -1
2287 19 13 0 -1
2288 13 28 0 -1
2289 26 11 -1 0
2290 32 18 0 -1
2291 18 13 -1 0
2292 99 24 -1 0
2293 28 32 1 0
2294 32 39 -1 0
2295 20 14 0 -1
2296 27 19 0 -1
2297 7 30 -1 0
2298 45 15 0 -1
2299 40 5 1 0
2300 39 36 0 -1
2301 27 10 0 -1
2302 21 15 -1 0
2303 46 33 0 1
2304 35 26 0 -1
2305 26 0 0 -1
2306 31 29 -1 0
2307 22 6 1 0
2308 48 38 0 -1
2309 54 24 -1 0
2310 24 3 1 0
2311 25 0 -1 0
2312 35 17 1 0
2313 38 18 -1 0
2314 39 37 1 0
2315 43 2 -1 0
2316 42 2 0 1
2317 48 35 0 1
2318 35 33 0 -1
2319 78 3 0 1
2320 31 26 -1 0
2321 36 26 0 -1
2322 32 10 0 1
2323 39 25 1 0
2324 67 30 1 0
2325 19 14 1 0
2326 47 0 -1 0
2327 36 25 0 -1
2328 40 4 -1 0
2329 27 13 0 -1
2330 28 16 1 0
2331 23 2 0 -1
2332 60 30 -1 0
2333 36 21 -1 0
2334 28 26 1 0
2335 29 7 0 1
2336 39 17 0 1
2337 27 3 1 0
2338 76 27 0 1
2339 32 36 1 0
2340 21 8 -1 0
2341 45 1 0 -1
2342 39 34 -1 0
2343 73 21 0 -1
2344 28 16 0 -1
2345 96 18 -1 0
2346 35 24 0 1
2347 34 20 0 1
2348 41 9 0 1
2349 28 26 0 1
2350 30 1 0 1
2351 31 12 0 -1
2352 87 27 0 1
2353 39 31 0 1
2354 18 6 1 0
2355 20 9 0 -1
2356 37 24 0 1
2357 35 24 0 -1
2358 41 29 0 1
2359 23 10 0 1
2360 41 18 -1 0
2361 35 0 0 -1
2362 18 3 1 0
2363 35 30 -1 0
2364 36 23 -1 0
2365 46 34 0 1
2366 34 33 0 1
2367 39 27 -1 0
2368 37 1 0 -1
2369 40 17 0 1
2370 46 18 0 1
2371 36 15 0 -1
2372 41 1 0 -1
2373 5 35 1 0
2374 26 5 0 1
2375 42 1 1 0
2376 47 32 0 1
2377 24 1 -1 0
2378 39 37 1 0
2379 34 29 -1 0
2380 33 21 -1 0
2381 34 19 -1 0
2382 31 34 0 -1
2383 27 8 -1 0
2384 28 27 1 0
2385 32 14 -1 0
2386 38 33 0 -1
2387 19 11 0 -1
2388 16 33 1 0
2389 55 10 1 0
2390 18 9 1 0
2391 26 16 0 1
2392 14 11 0 -1
2393 44 38 0 -1
2394 35 6 1 0
2395 41 3 1 0
2396 35 18 0 1
2397 41 36 0 -1
2398 29 9 -1 0
2399 21 11 -1 0
