0 24 35 0 -1
1 40 8 0 -1
2 31 13 0 1
3 39 27 1 0
4 36 22 0 -1
5 53 5 -1 0
6 10 20 -1 0
7 28 22 0 -1
8 20 21 0 -1
9 49 4 0 -1
10 82 7 -1 0
11 31 6 0 -1
12 33 19 0 -1
13 11 21 0 1
14 7 26 -1 0
15 25 3 0 1
16 23 1 1 0
17 42 23 1 0
18 45 13 0 1
19 66 9 0 1
20 96 36 0 1
21 45 32 0 -1
22 30 3 -1 0
23 2 23 1 0
24 93 39 1 0
25 20 17 1 0
26 22 15 -1 0
27 23 36 -1 0
28 30 32 0 1
29 93 13 -1 0
30 38 29 0 -1
31 36 36 1 0
32 39 33 0 -1
33 41 29 0 -1
34 31 24 0 1
35 88 11 1 0
36 7 20 0 -1
37 35 0 -1 0
38 24 37 0 -1
39 93 39 1 0
40 37 4 -1 0
41 22 5 0 -1
42 94 35 0 1
43 20 15 1 0
44 44 29 -1 0
45 48 18 1 0
46 40 4 0 -1
47 3 21 1 0
48 44 25 -1 0
49 27 36 0 -1
50 36 39 1 0
51 23 2 1 0
52 40 2 -1 0
53 5 21 0 1
54 33 19 0 1
55 41 7 1 0
56 39 14 0 -1
57 37 18 0 1
58 21 6 -1 0
59 35 20 1 0
60 20 5 -1 0
61 20 18 1 0
62 4 19 1 0
63 12 24 -1 0
64 31 30 0 1
65 31 26 0 1
66 46 20 0 -1
67 45 32 0 -1
68 33 17 1 0
69 31 15 0 -1
70 31 12 0 1
71 38 27 0 1
72 43 21 1 0
73 15 29 0 -1
74 0 37 -1 0
75 98 35 -1 0
76 19 5 0 1
77 93 33 1 0
78 38 9 1 0
79 28 3 0 1
80 38 28 0 -1
81 6 35 0 -1
82 24 4 1 0
83 25 7 0 1
84 36 20 0 -1
85 18 16 0 1
86 38 6 1 0
87 37 21 -1 0
88 20 8 1 0
89 35 30 0 -1
90 44 31 -1 0
91 90 12 1 0
92 31 0 1 0
93 37 22 0 1
94 47 38 0 -1
95 29 22 1 0
96 39 5 0 1
97 17 27 -1 0
98 6 18 0 1
99 31 5 -1 0
100 20 11 1 0
101 18 19 0 -1
102 36 16 -1 0
103 12 29 0 -1
104 32 5 1 0
105 31 5 1 0
106 48 19 -1 0
107 25 5 0 -1
108 26 5 0 1
109 29 4 -1 0
110 38 13 1 0
111 40 25 -1 0
112 58 23 0 1
113 9 26 1 0
114 37 9 -1 0
115 22 15 0 1
116 28 3 1 0
117 51 39 0 1
118 23 18 -1 0
119 94 36 0 -1
120 30 4 0 -1
121 39 9 0 1
122 22 33 1 0
123 25 38 1 0
124 37 31 1 0
125 97 33 -1 0
126 1 36 -1 0
127 15 30 0 -1
128 89 9 0 1
129 31 32 1 0
130 51 2 0 -1
131 50 19 1 0
132 18 18 1 0
133 30 17 0 -1
134 44 15 -1 0
135 43 0 -1 0
136 24 3 -1 0
137 51 17 1 0
138 39 19 1 0
139 23 6 0 1
140 37 6 0 -1
141 37 3 0 1
142 31 8 1 0
143 31 27 -1 0
144 22 9 1 0
145 40 32 0 -1
146 67 8 -1 0
147 42 12 -1 0
148 93 36 0 1
149 20 34 0 -1
150 38 32 -1 0
151 18 32 0 -1
152 0 3 0 1
153 36 20 0 1
154 94 1 0 -1
155 44 12 0 1
156 44 22 0 -1
157 99 38 -1 0
158 54 3 0 -1
159 42 13 0 -1
160 18 32 0 1
161 24 0 1 0
162 43 19 0 -1
163 42 32 0 -1
164 41 2 0 1
165 29 5 0 1
166 27 34 0 1
167 42 9 1 0
168 10 31 0 -1
169 40 25 1 0
170 97 35 0 1
171 47 13 -1 0
172 17 26 -1 0
173 14 24 0 1
174 20 13 0 1
175 39 19 -1 0
176 28 7 0 -1
177 11 23 0 1
178 47 9 -1 0
179 47 2 0 -1
180 35 23 0 -1
181 2 35 -1 0
182 38 28 0 -1
183 34 16 0 -1
184 40 12 -1 0
185 31 14 0 -1
186 40 13 0 1
187 96 35 0 -1
188 94 37 0 -1
189 23 18 -1 0
190 45 25 0 -1
191 30 1 0 1
192 29 27 1 0
193 46 17 0 1
194 54 15 -1 0
195 40 9 -1 0
196 28 8 1 0
197 43 38 0 1
198 90 13 0 -1
199 46 14 0 -1
200 40 7 0 -1
201 25 32 1 0
202 93 38 0 -1
203 39 4 0 1
204 21 20 0 -1
205 38 31 0 -1
206 38 4 -1 0
207 43 26 0 1
208 42 11 0 1
209 23 10 0 -1
210 60 11 1 0
211 40 13 0 -1
212 45 9 1 0
213 44 0 1 0
214 20 6 1 0
215 99 17 -1 0
216 44 8 0 1
217 35 21 0 1
218 25 1 0 1
219 43 13 -1 0
220 92 33 1 0
221 50 2 -1 0
222 41 15 0 1
223 30 26 0 -1
224 40 10 0 -1
225 42 15 0 -1
226 34 16 -1 0
227 22 12 0 -1
228 29 2 0 1
229 29 21 1 0
230 15 26 -1 0
231 26 0 0 -1
232 98 35 1 0
233 21 9 1 0
234 99 34 0 1
235 19 20 0 -1
236 31 6 1 0
237 34 24 0 -1
238 92 8 0 1
239 49 13 0 1
240 37 21 1 0
241 37 20 0 -1
242 33 24 1 0
243 52 2 -1 0
244 47 9 -1 0
245 27 37 0 -1
246 33 18 -1 0
247 50 18 0 -1
248 5 22 -1 0
249 91 12 -1 0
250 90 0 1 0
251 21 15 -1 0
252 37 22 1 0
253 18 17 1 0
254 48 15 0 -1
255 47 18 0 1
256 26 2 0 -1
257 13 29 0 -1
258 22 7 -1 0
259 77 23 1 0
260 92 12 -1 0
261 52 2 0 -1
262 30 24 0 1
263 36 31 0 -1
264 32 16 1 0
265 24 29 1 0
266 54 15 -1 0
267 13 26 1 0
268 28 22 0 -1
269 38 3 0 1
270 25 22 1 0
271 20 17 1 0
272 28 31 -1 0
273 44 38 0 1
274 32 25 -1 0
275 25 22 1 0
276 29 7 0 -1
277 36 24 -1 0
278 45 0 1 0
279 26 31 1 0
280 46 25 -1 0
281 41 2 -1 0
282 35 36 0 -1
283 46 24 -1 0
284 36 29 -1 0
285 29 4 -1 0
286 40 4 0 1
287 50 14 -1 0
288 21 19 0 -1
289 35 35 -1 0
290 22 14 -1 0
291 3 20 0 1
292 28 0 1 0
293 45 27 0 -1
294 53 15 -1 0
295 37 2 0 1
296 18 7 1 0
297 43 16 1 0
298 21 32 -1 0
299 27 0 0 1
300 30 14 0 1
301 39 35 -1 0
302 40 26 1 0
303 36 30 0 -1
304 10 19 -1 0
305 22 35 1 0
306 48 0 0 -1
307 49 20 -1 0
308 10 22 1 0
309 37 34 1 0
310 18 6 1 0
311 26 39 0 1
312 31 35 1 0
313 9 22 0 -1
314 5 20 1 0
315 48 14 0 1
316 37 16 -1 0
317 11 19 0 1
318 37 17 0 1
319 34 10 0 1
320 29 28 0 -1
321 46 11 -1 0
322 16 24 -1 0
323 35 9 0 1
324 46 23 0 -1
325 36 27 0 1
326 44 21 1 0
327 34 30 1 0
328 46 19 0 -1
329 5 25 -1 0
330 8 24 -1 0
331 42 25 -1 0
332 36 14 -1 0
333 39 2 1 0
334 39 22 -1 0
335 31 18 1 0
336 24 2 0 1
337 37 27 -1 0
338 71 6 1 0
339 13 26 1 0
340 44 13 0 -1
341 47 4 1 0
342 43 6 -1 0
343 47 14 1 0
344 48 17 0 1
345 8 22 1 0
346 91 14 0 -1
347 94 33 1 0
348 44 14 -1 0
349 88 4 -1 0
350 20 13 0 1
351 43 0 -1 0
352 23 32 0 1
353 45 16 1 0
354 18 34 -1 0
355 18 17 0 1
356 6 21 0 1
357 30 38 0 1
358 30 25 0 -1
359 29 7 1 0
360 8 24 0 -1
361 33 20 -1 0
362 53 12 0 1
363 29 33 0 1
364 53 16 0 -1
365 20 7 0 -1
366 43 32 0 -1
367 26 36 1 0
368 36 0 0 -1
369 42 30 0 1
370 8 20 1 0
371 49 0 1 0
372 40 34 1 0
373 41 6 0 -1
374 32 28 1 0
375 47 19 -1 0
376 35 3 -1 0
377 10 20 0 1
378 1 8 0 -1
379 48 15 0 1
380 48 37 -1 0
381 42 22 1 0
382 44 29 0 1
383 90 10 1 0
384 18 34 0 -1
385 25 3 0 1
386 34 31 0 -1
387 51 18 -1 0
388 28 2 1 0
389 45 0 1 0
390 28 6 -1 0
391 19 21 1 0
392 23 1 1 0
393 37 13 0 -1
394 48 39 0 -1
395 42 0 1 0
396 24 33 -1 0
397 60 4 -1 0
398 92 13 0 -1
399 8 19 0 -1
400 53 14 0 1
401 71 15 0 1
402 45 37 1 0
403 3 20 0 1
404 30 1 1 0
405 12 21 -1 0
406 49 18 0 1
407 99 33 0 1
408 23 8 -1 0
409 20 32 -1 0
410 14 29 0 1
411 9 22 1 0
412 21 8 1 0
413 52 13 1 0
414 48 22 -1 0
415 55 35 0 1
416 93 39 1 0
417 36 23 -1 0
418 43 36 0 1
419 43 10 -1 0
420 36 11 -1 0
421 36 38 -1 0
422 68 3 0 1
423 51 19 0 1
424 42 28 0 1
425 39 26 1 0
426 17 36 1 0
427 38 26 -1 0
428 12 29 0 -1
429 32 21 0 1
430 34 17 1 0
431 96 36 0 -1
432 29 21 0 1
433 16 30 1 0
434 23 12 -1 0
435 23 17 0 -1
436 38 9 0 1
437 28 19 0 1
438 43 5 -1 0
439 31 22 0 -1
440 48 21 0 -1
441 35 19 0 -1
442 19 9 0 -1
443 36 0 0 -1
444 97 30 -1 0
445 26 32 0 -1
446 35 29 1 0
447 14 27 0 -1
448 15 31 0 1
449 54 14 -1 0
450 45 31 0 -1
451 43 12 -1 0
452 37 28 -1 0
453 19 16 1 0
454 36 31 -1 0
455 37 32 0 1
456 46 38 1 0
457 23 7 0 -1
458 42 9 0 -1
459 77 34 0 1
460 30 23 0 1
461 37 30 -1 0
462 17 25 -1 0
463 54 39 1 0
464 52 12 0 1
465 23 29 1 0
466 25 4 -1 0
467 8 21 -1 0
468 27 23 0 -1
469 47 0 0 -1
470 26 4 0 1
471 28 3 1 0
472 54 14 -1 0
473 8 21 -1 0
474 25 16 0 -1
475 32 14 1 0
476 37 2 1 0
477 30 0 0 -1
478 53 12 0 -1
479 22 33 0 1
480 37 33 1 0
481 24 10 0 -1
482 43 37 0 1
483 42 8 1 0
484 44 29 0 1
485 38 34 0 -1
486 45 19 -1 0
487 20 16 0 -1
488 93 33 1 0
489 14 30 0 -1
490 12 30 1 0
491 39 2 0 1
492 47 23 0 -1
493 26 23 0 -1
494 37 27 -1 0
495 30 38 -1 0
496 38 17 0 1
497 41 9 -1 0
498 0 38 0 -1
499 89 11 0 -1
500 43 26 -1 0
501 36 8 0 1
502 98 35 0 1
503 21 12 -1 0
504 30 7 0 -1
505 40 16 0 -1
506 30 23 0 -1
507 17 31 -1 0
508 35 13 -1 0
509 43 8 -1 0
510 51 16 -1 0
511 4 23 -1 0
512 31 4 0 -1
513 7 22 0 1
514 24 17 -1 0
515 54 12 -1 0
516 18 34 0 -1
517 31 30 1 0
518 35 2 0 1
519 38 12 -1 0
520 32 35 1 0
521 29 6 -1 0
522 45 20 0 -1
523 39 16 1 0
524 43 30 0 1
525 18 23 -1 0
526 30 17 0 1
527 95 38 1 0
528 2 33 0 1
529 15 26 0 -1
530 47 14 1 0
531 37 35 0 -1
532 97 36 0 1
533 39 2 0 1
534 38 20 -1 0
535 30 6 0 -1
536 24 34 1 0
537 10 4 0 1
538 33 25 1 0
539 36 0 0 -1
540 42 5 -1 0
541 29 39 1 0
542 22 12 0 -1
543 39 28 -1 0
544 25 1 -1 0
545 37 17 0 1
546 4 22 0 1
547 24 33 0 1
548 20 18 -1 0
549 35 8 0 1
550 29 15 0 1
551 50 0 1 0
552 42 15 0 1
553 3 25 0 -1
554 35 24 -1 0
555 43 11 1 0
556 21 8 -1 0
557 35 16 0 1
558 39 7 1 0
559 35 5 1 0
560 5 16 1 0
561 55 29 0 1
562 48 5 0 -1
563 32 23 0 1
564 44 18 0 1
565 38 8 -1 0
566 27 5 -1 0
567 12 20 -1 0
568 37 36 -1 0
569 24 11 0 -1
570 25 34 -1 0
571 38 21 0 1
572 39 8 0 -1
573 90 11 -1 0
574 11 27 1 0
575 97 0 0 -1
576 42 2 -1 0
577 26 38 -1 0
578 21 18 0 -1
579 50 0 -1 0
580 22 16 0 -1
581 22 17 -1 0
582 46 8 0 1
583 5 18 1 0
584 29 33 0 1
585 37 28 0 1
586 32 33 0 1
587 34 37 -1 0
588 49 37 -1 0
589 40 7 -1 0
590 37 39 -1 0
591 89 10 1 0
592 30 27 0 -1
593 31 2 1 0
594 29 14 1 0
595 41 5 0 1
596 47 16 -1 0
597 34 26 0 1
598 38 37 0 -1
599 35 1 0 1
600 37 34 0 1
601 31 23 0 1
602 4 22 0 -1
603 38 30 0 -1
604 90 11 -1 0
605 32 0 0 -1
606 42 14 1 0
607 50 3 0 -1
608 26 22 1 0
609 35 27 -1 0
610 50 18 0 1
611 2 22 1 0
612 37 28 0 -1
613 21 9 1 0
614 49 9 0 1
615 16 26 1 0
616 38 5 -1 0
617 49 2 0 -1
618 44 23 0 1
619 52 13 1 0
620 37 21 0 -1
621 25 32 -1 0
622 36 11 0 1
623 34 7 -1 0
624 20 21 1 0
625 94 35 0 -1
626 46 18 0 -1
627 36 19 1 0
628 45 15 0 -1
629 97 33 0 1
630 89 12 0 -1
631 41 32 0 -1
632 20 20 1 0
633 51 13 1 0
634 47 17 1 0
635 33 20 0 -1
636 52 11 0 1
637 91 8 0 1
638 94 26 0 1
639 33 16 0 1
640 34 5 -1 0
641 19 13 1 0
642 28 33 0 1
643 23 34 -1 0
644 29 22 0 -1
645 19 32 0 -1
646 28 0 1 0
647 53 12 -1 0
648 85 11 0 1
649 20 36 1 0
650 98 34 0 1
651 19 15 -1 0
652 27 37 1 0
653 11 25 0 1
654 34 31 0 -1
655 52 15 1 0
656 33 22 0 1
657 45 13 1 0
658 39 12 -1 0
659 4 24 -1 0
660 30 16 0 1
661 92 36 1 0
662 36 25 0 -1
663 28 33 0 1
664 49 33 1 0
665 45 38 -1 0
666 40 27 1 0
667 5 18 0 1
668 37 4 0 -1
669 38 36 0 -1
670 36 12 1 0
671 15 33 0 -1
672 30 11 -1 0
673 43 2 0 -1
674 46 8 0 -1
675 44 22 0 -1
676 50 4 0 -1
677 14 39 0 1
678 32 34 -1 0
679 13 30 0 -1
680 28 32 0 1
681 44 39 1 0
682 49 5 0 -1
683 90 9 -1 0
684 26 3 0 -1
685 48 17 -1 0
686 34 31 0 -1
687 39 25 -1 0
688 38 21 0 1
689 29 32 -1 0
690 44 27 0 -1
691 42 2 0 -1
692 46 0 -1 0
693 19 32 0 1
694 27 0 0 1
695 23 14 0 1
696 30 3 1 0
697 0 34 0 1
698 37 34 -1 0
699 20 32 -1 0
700 28 23 0 -1
701 30 34 -1 0
702 30 33 0 1
703 92 8 0 1
704 43 17 -1 0
705 4 18 0 1
706 47 21 0 -1
707 6 23 1 0
708 41 27 1 0
709 43 5 -1 0
710 46 13 -1 0
711 48 39 1 0
712 42 17 0 -1
713 41 1 1 0
714 91 37 1 0
715 48 21 0 -1
716 28 24 0 1
717 45 20 0 -1
718 20 33 -1 0
719 34 20 0 1
720 27 22 1 0
721 91 9 -1 0
722 21 10 1 0
723 98 39 1 0
724 91 12 0 1
725 67 22 0 -1
726 36 16 -1 0
727 52 17 -1 0
728 7 19 0 1
729 23 20 1 0
730 41 5 1 0
731 29 3 0 -1
732 43 28 0 -1
733 35 16 0 1
734 21 11 0 1
735 24 29 1 0
736 33 18 0 1
737 16 33 1 0
738 44 10 1 0
739 47 18 1 0
740 28 6 -1 0
741 18 30 0 -1
742 86 22 1 0
743 28 26 1 0
744 16 33 1 0
745 42 6 -1 0
746 24 4 0 -1
747 48 4 0 -1
748 33 29 -1 0
749 50 2 0 -1
750 38 30 1 0
751 27 35 0 -1
752 9 18 0 1
753 25 0 0 -1
754 44 10 1 0
755 54 16 -1 0
756 46 38 0 1
757 31 35 1 0
758 28 1 1 0
759 91 9 1 0
760 35 12 1 0
761 32 33 1 0
762 32 3 0 -1
763 46 9 -1 0
764 25 36 0 1
765 90 13 0 -1
766 26 20 1 0
767 35 22 0 1
768 93 0 1 0
769 46 19 0 -1
770 42 33 0 -1
771 33 26 1 0
772 16 16 -1 0
773 13 22 1 0
774 53 11 -1 0
775 52 12 0 -1
776 26 28 0 1
777 42 0 1 0
778 34 9 1 0
779 44 32 0 -1
780 45 1 0 -1
781 42 10 0 -1
782 13 25 1 0
783 39 1 0 1
784 51 14 -1 0
785 54 11 -1 0
786 21 13 -1 0
787 3 23 1 0
788 44 8 0 1
789 47 8 -1 0
790 9 18 0 1
791 44 26 0 -1
792 41 38 1 0
793 19 37 1 0
794 30 24 1 0
795 36 30 -1 0
796 30 24 0 -1
797 18 30 -1 0
798 14 24 1 0
799 43 25 -1 0
800 25 2 0 -1
801 22 18 0 -1
802 22 3 0 1
803 38 29 1 0
804 9 20 -1 0
805 26 12 0 -1
806 45 1 -1 0
807 41 10 1 0
808 19 5 1 0
809 21 7 -1 0
810 32 28 0 1
811 19 12 1 0
812 41 24 0 1
813 32 17 0 -1
814 19 19 1 0
815 43 28 1 0
816 35 25 0 -1
817 35 11 0 1
818 18 30 0 1
819 23 2 1 0
820 23 36 0 -1
821 37 38 -1 0
822 38 32 0 1
823 38 34 -1 0
824 35 13 1 0
825 27 14 -1 0
826 91 11 1 0
827 24 36 -1 0
828 23 32 0 1
829 28 21 -1 0
830 38 23 0 -1
831 33 22 0 1
832 91 14 1 0
833 43 23 1 0
834 19 34 1 0
835 5 32 0 1
836 90 11 -1 0
837 4 21 0 1
838 87 9 1 0
839 34 32 0 -1
840 28 32 0 1
841 91 11 -1 0
842 23 5 -1 0
843 21 12 0 1
844 28 22 -1 0
845 17 27 0 1
846 39 3 1 0
847 38 3 -1 0
848 97 8 -1 0
849 13 33 1 0
850 94 38 1 0
851 55 31 0 1
852 32 16 -1 0
853 15 27 0 -1
854 35 1 -1 0
855 42 10 -1 0
856 25 38 0 1
857 52 12 1 0
858 21 9 1 0
859 12 5 0 1
860 95 15 1 0
861 39 32 0 1
862 27 1 -1 0
863 19 19 0 -1
864 28 37 0 1
865 21 17 1 0
866 47 4 1 0
867 20 16 0 -1
868 23 9 0 1
869 36 28 -1 0
870 28 34 -1 0
871 36 5 0 1
872 4 3 0 1
873 15 26 0 -1
874 89 9 0 1
875 31 5 0 -1
876 38 33 0 -1
877 32 35 0 -1
878 41 13 0 1
879 40 29 0 1
880 61 8 0 -1
881 99 35 0 1
882 21 7 1 0
883 35 11 -1 0
884 44 21 0 -1
885 16 30 -1 0
886 43 27 0 1
887 30 36 0 1
888 29 17 0 -1
889 35 9 -1 0
890 46 37 0 1
891 18 16 1 0
892 88 12 0 -1
893 41 31 0 1
894 27 4 0 1
895 37 13 0 -1
896 18 8 1 0
897 32 14 0 -1
898 28 5 -1 0
899 35 11 -1 0
900 31 3 1 0
901 45 10 0 1
902 42 27 -1 0
903 25 31 0 -1
904 46 17 -1 0
905 31 21 0 -1
906 44 39 0 1
907 29 1 -1 0
908 16 32 0 -1
909 30 32 1 0
910 42 5 -1 0
911 92 33 1 0
912 36 35 0 -1
913 43 39 -1 0
914 34 22 0 -1
915 26 7 0 1
916 38 5 0 -1
917 44 37 0 1
918 94 38 1 0
919 40 5 0 1
920 91 8 0 1
921 31 11 1 0
922 19 14 1 0
923 35 34 1 0
924 49 16 1 0
925 17 32 1 0
926 42 7 1 0
927 44 32 1 0
928 40 6 -1 0
929 40 3 1 0
930 50 14 0 1
931 35 22 0 1
932 44 7 -1 0
933 48 5 0 -1
934 46 2 1 0
935 43 7 -1 0
936 41 10 0 1
937 21 13 1 0
938 55 38 0 -1
939 51 0 -1 0
940 40 28 1 0
941 28 4 0 1
942 3 22 1 0
943 43 8 1 0
944 38 26 0 1
945 24 31 0 1
946 5 13 0 1
947 92 39 1 0
948 19 7 1 0
949 32 10 -1 0
950 15 31 0 -1
951 30 28 -1 0
952 36 26 0 -1
953 25 37 0 1
954 30 11 1 0
955 43 32 1 0
956 13 30 0 -1
957 38 24 -1 0
958 47 20 1 0
959 14 32 1 0
960 38 2 1 0
961 92 14 -1 0
962 36 32 0 -1
963 17 18 1 0
964 2 33 0 1
965 7 4 1 0
966 18 18 0 -1
967 37 19 -1 0
968 30 37 -1 0
969 41 26 -1 0
970 33 17 -1 0
971 35 17 -1 0
972 45 30 -1 0
973 31 34 0 1
974 41 31 1 0
975 49 17 0 -1
976 55 21 0 -1
977 32 39 1 0
978 46 21 -1 0
979 31 1 -1 0
980 52 16 1 0
981 40 31 0 -1
982 25 6 0 1
983 15 29 0 -1
984 34 8 -1 0
985 50 14 -1 0
986 46 23 -1 0
987 92 12 0 1
988 42 33 0 -1
989 34 23 1 0
990 39 21 0 1
991 23 0 0 1
992 37 18 0 1
993 1 35 1 0
994 22 19 0 -1
995 15 28 1 0
996 15 24 0 1
997 44 0 1 0
998 92 37 1 0
999 93 35 1 0
1000 24 32 1 0
1001 37 24 0 -1
1002 38 24 1 0
1003 10 27 1 0
1004 28 37 1 0
1005 16 27 -1 0
1006 3 35 -1 0
1007 41 30 0 1
1008 49 16 1 0
1009 9 20 1 0
1010 37 6 1 0
1011 17 29 0 1
1012 96 39 0 -1
1013 31 12 1 0
1014 29 24 0 1
1015 89 10 1 0
1016 23 4 0 1
1017 92 37 1 0
1018 15 32 1 0
1019 23 3 0 1
1020 44 7 0 1
1021 48 37 0 1
1022 39 23 0 1
1023 41 9 1 0
1024 42 10 -1 0
1025 32 22 0 -1
1026 88 11 -1 0
1027 22 34 1 0
1028 32 6 1 0
1029 34 28 0 -1
1030 8 19 0 1
1031 36 6 0 -1
1032 97 34 0 1
1033 16 34 1 0
1034 78 5 1 0
1035 8 19 0 1
1036 31 39 1 0
1037 44 0 0 1
1038 3 22 0 1
1039 39 7 1 0
1040 35 23 1 0
1041 58 35 -1 0
1042 52 10 0 1
1043 29 38 0 1
1044 23 15 0 1
1045 48 4 0 -1
1046 40 2 -1 0
1047 16 26 1 0
1048 36 13 -1 0
1049 13 25 1 0
1050 18 14 1 0
1051 29 17 0 1
1052 42 24 0 1
1053 93 38 0 1
1054 28 18 0 1
1055 44 27 -1 0
1056 31 10 1 0
1057 46 8 -1 0
1058 1 34 0 1
1059 53 11 0 1
1060 46 10 0 -1
1061 41 15 0 -1
1062 93 36 1 0
1063 17 24 0 1
1064 48 16 0 -1
1065 11 22 0 1
1066 44 13 1 0
1067 29 34 0 1
1068 51 14 -1 0
1069 37 30 -1 0
1070 43 5 -1 0
1071 39 23 0 1
1072 37 3 1 0
1073 35 2 0 1
1074 37 3 0 1
1075 97 39 0 -1
1076 47 10 -1 0
1077 94 39 0 -1
1078 37 5 0 1
1079 41 32 1 0
1080 23 10 0 -1
1081 43 21 0 1
1082 22 11 0 1
1083 44 1 0 -1
1084 16 27 -1 0
1085 31 26 0 -1
1086 96 33 -1 0
1087 36 34 0 -1
1088 22 16 -1 0
1089 10 22 0 -1
1090 28 34 0 -1
1091 23 0 1 0
1092 13 13 1 0
1093 96 37 0 1
1094 37 37 -1 0
1095 37 36 0 -1
1096 4 21 -1 0
1097 30 13 1 0
1098 41 18 1 0
1099 19 17 1 0
1100 27 5 0 -1
1101 24 35 0 1
1102 39 6 0 -1
1103 43 18 1 0
1104 35 22 1 0
1105 21 6 -1 0
1106 47 0 -1 0
1107 24 37 0 -1
1108 92 12 0 1
1109 54 13 0 1
1110 9 19 1 0
1111 44 1 -1 0
1112 17 31 1 0
1113 95 36 0 1
1114 24 11 0 -1
1115 27 3 0 1
1116 45 12 1 0
1117 41 32 0 -1
1118 51 2 -1 0
1119 94 32 0 1
1120 53 14 1 0
1121 87 11 1 0
1122 39 10 -1 0
1123 25 8 0 -1
1124 11 19 -1 0
1125 42 32 -1 0
1126 93 37 1 0
1127 40 25 0 1
1128 98 36 1 0
1129 36 1 0 1
1130 20 33 -1 0
1131 37 5 0 1
1132 13 27 -1 0
1133 40 4 -1 0
1134 48 21 0 1
1135 36 26 -1 0
1136 8 18 1 0
1137 89 12 0 -1
1138 26 9 0 -1
1139 31 18 0 1
1140 27 29 -1 0
1141 33 21 0 -1
1142 44 26 -1 0
1143 26 5 -1 0
1144 38 33 0 1
1145 2 34 -1 0
1146 43 23 1 0
1147 38 10 0 1
1148 43 8 0 -1
1149 24 3 0 1
1150 5 29 0 1
1151 31 28 -1 0
1152 40 36 -1 0
1153 50 38 -1 0
1154 36 8 0 -1
1155 20 14 0 1
1156 45 14 1 0
1157 51 4 -1 0
1158 28 9 0 -1
1159 3 24 0 -1
1160 55 14 -1 0
1161 28 7 1 0
1162 49 15 0 1
1163 97 36 0 -1
1164 29 18 0 1
1165 19 20 0 -1
1166 31 12 0 1
1167 31 32 0 -1
1168 17 27 0 1
1169 10 23 0 -1
1170 28 5 0 1
1171 47 38 -1 0
1172 23 34 1 0
1173 46 7 0 1
1174 32 4 1 0
1175 32 9 1 0
1176 49 17 -1 0
1177 22 34 -1 0
1178 46 2 1 0
1179 87 11 1 0
1180 45 28 -1 0
1181 29 3 1 0
1182 49 15 0 1
1183 35 7 1 0
1184 35 24 0 -1
1185 36 31 1 0
1186 37 29 0 -1
1187 18 31 0 -1
1188 34 10 0 1
1189 41 25 -1 0
1190 21 4 1 0
1191 38 7 0 1
1192 84 9 0 1
1193 42 8 1 0
1194 90 25 -1 0
1195 44 24 0 -1
1196 49 0 0 1
1197 35 26 0 1
1198 31 31 0 1
1199 93 37 1 0
1200 13 6 0 -1
1201 6 23 -1 0
1202 29 0 0 -1
1203 18 29 0 1
1204 44 2 0 -1
1205 30 5 1 0
1206 24 37 1 0
1207 27 32 0 -1
1208 56 22 0 -1
1209 92 10 0 1
1210 30 22 -1 0
1211 17 29 -1 0
1212 93 12 -1 0
1213 30 25 0 -1
1214 18 5 1 0
1215 39 31 1 0
1216 22 8 -1 0
1217 34 11 0 1
1218 13 28 0 -1
1219 36 6 0 -1
1220 99 36 1 0
1221 51 4 0 -1
1222 40 7 0 1
1223 32 24 -1 0
1224 22 19 0 -1
1225 31 7 0 -1
1226 34 14 0 1
1227 41 8 0 1
1228 39 26 1 0
1229 19 33 -1 0
1230 22 33 0 1
1231 52 14 1 0
1232 42 24 0 1
1233 27 4 -1 0
1234 66 22 0 1
1235 31 23 0 1
1236 24 1 1 0
1237 17 11 1 0
1238 19 5 0 1
1239 36 10 1 0
1240 19 7 0 -1
1241 37 37 -1 0
1242 25 24 -1 0
1243 45 18 0 -1
1244 46 37 0 1
1245 41 18 1 0
1246 0 38 -1 0
1247 7 25 -1 0
1248 32 5 1 0
1249 47 9 -1 0
1250 0 34 -1 0
1251 38 25 0 -1
1252 32 6 0 -1
1253 14 31 0 -1
1254 27 2 0 1
1255 41 30 0 1
1256 41 26 0 1
1257 45 9 0 -1
1258 29 1 0 1
1259 41 12 1 0
1260 26 10 0 -1
1261 41 31 0 -1
1262 27 35 0 1
1263 28 31 1 0
1264 45 31 0 1
1265 32 7 0 -1
1266 31 16 0 1
1267 95 17 0 -1
1268 29 36 0 1
1269 9 22 0 -1
1270 12 29 1 0
1271 34 29 0 -1
1272 32 37 1 0
1273 32 3 -1 0
1274 31 25 0 1
1275 22 17 0 1
1276 37 29 -1 0
1277 0 36 0 -1
1278 36 32 1 0
1279 26 35 0 -1
1280 29 26 0 1
1281 42 11 0 -1
1282 36 17 0 1
1283 22 5 0 -1
1284 17 25 -1 0
1285 4 19 1 0
1286 46 22 -1 0
1287 52 17 0 -1
1288 37 8 0 -1
1289 23 16 1 0
1290 48 14 0 -1
1291 42 26 0 1
1292 24 16 -1 0
1293 20 5 0 1
1294 50 19 0 -1
1295 32 38 -1 0
1296 27 35 0 -1
1297 19 33 0 -1
1298 96 37 0 -1
1299 92 38 0 -1
1300 32 0 0 1
1301 13 26 0 1
1302 41 34 0 -1
1303 10 24 1 0
1304 41 1 0 1
1305 5 24 -1 0
1306 43 1 -1 0
1307 19 6 0 1
1308 20 15 -1 0
1309 22 9 1 0
1310 44 20 0 1
1311 50 39 -1 0
1312 36 4 0 1
1313 27 8 0 -1
1314 99 39 0 -1
1315 43 17 -1 0
1316 32 19 -1 0
1317 28 7 1 0
1318 34 12 0 -1
1319 18 5 1 0
1320 52 16 0 1
1321 43 18 -1 0
1322 14 28 0 -1
1323 35 3 0 1
1324 29 19 0 -1
1325 26 11 -1 0
1326 23 7 0 -1
1327 99 35 1 0
1328 21 16 0 1
1329 35 8 1 0
1330 7 23 -1 0
1331 16 31 1 0
1332 32 32 0 -1
1333 40 30 0 -1
1334 28 27 1 0
1335 49 13 0 1
1336 42 27 0 1
1337 34 29 1 0
1338 43 11 0 -1
1339 26 7 1 0
1340 20 16 1 0
1341 29 19 -1 0
1342 26 10 0 -1
1343 44 16 0 -1
1344 49 2 -1 0
1345 33 25 -1 0
1346 44 19 0 1
1347 32 19 -1 0
1348 38 39 -1 0
1349 30 39 0 1
1350 16 30 0 1
1351 88 35 1 0
1352 26 30 0 1
1353 40 5 1 0
1354 47 37 0 1
1355 21 20 0 -1
1356 28 20 1 0
1357 28 13 1 0
1358 24 0 1 0
1359 0 37 0 1
1360 45 26 0 -1
1361 32 17 -1 0
1362 41 12 0 1
1363 14 23 0 1
1364 94 0 0 -1
1365 64 3 -1 0
1366 37 11 0 -1
1367 31 30 1 0
1368 45 10 -1 0
1369 29 26 -1 0
1370 32 8 1 0
1371 46 1 0 -1
1372 30 20 1 0
1373 10 23 0 -1
1374 4 20 1 0
1375 36 22 1 0
1376 43 14 0 -1
1377 46 30 -1 0
1378 42 25 1 0
1379 13 24 1 0
1380 34 15 0 1
1381 17 32 -1 0
1382 36 8 0 1
1383 38 33 0 -1
1384 22 13 0 -1
1385 28 36 0 1
1386 40 26 1 0
1387 5 20 1 0
1388 40 23 -1 0
1389 34 6 1 0
1390 98 37 1 0
1391 42 23 1 0
1392 15 31 1 0
1393 95 35 0 1
1394 38 7 1 0
1395 40 26 0 1
1396 29 28 0 -1
1397 27 22 0 -1
1398 31 23 0 1
1399 43 14 -1 0
1400 43 32 -1 0
1401 0 36 0 1
1402 36 10 0 1
1403 37 20 0 -1
1404 31 24 1 0
1405 41 3 -1 0
1406 44 9 0 1
1407 45 26 -1 0
1408 35 0 -1 0
1409 19 29 0 1
1410 15 25 -1 0
1411 43 15 -1 0
1412 25 9 0 -1
1413 11 22 0 -1
1414 28 25 1 0
1415 23 16 0 1
1416 25 29 1 0
1417 5 23 0 1
1418 88 10 1 0
1419 10 28 0 -1
1420 19 7 1 0
1421 53 17 0 -1
1422 26 9 -1 0
1423 8 23 -1 0
1424 31 37 0 1
1425 18 16 0 1
1426 45 15 0 -1
1427 42 39 0 1
1428 38 5 -1 0
1429 13 31 0 -1
1430 48 20 1 0
1431 48 2 0 1
1432 41 11 -1 0
1433 42 18 1 0
1434 43 1 -1 0
1435 5 25 -1 0
1436 40 18 0 -1
1437 43 34 -1 0
1438 37 35 -1 0
1439 32 30 1 0
1440 48 18 0 1
1441 27 0 1 0
1442 93 23 0 1
1443 97 37 0 1
1444 10 13 0 -1
1445 19 16 0 1
1446 12 21 -1 0
1447 35 13 1 0
1448 37 27 -1 0
1449 96 32 0 1
1450 28 36 0 -1
1451 35 35 0 -1
1452 11 24 1 0
1453 13 29 1 0
1454 34 13 1 0
1455 32 38 -1 0
1456 36 39 1 0
1457 10 26 1 0
1458 11 24 0 -1
1459 39 11 0 1
1460 39 23 0 1
1461 34 17 1 0
1462 29 27 0 -1
1463 12 22 1 0
1464 28 8 0 -1
1465 4 25 -1 0
1466 30 19 -1 0
1467 29 17 0 1
1468 44 14 0 -1
1469 23 9 1 0
1470 0 34 -1 0
1471 40 12 1 0
1472 23 36 1 0
1473 32 29 0 -1
1474 45 14 1 0
1475 25 8 -1 0
1476 19 18 0 1
1477 42 13 1 0
1478 1 35 -1 0
1479 40 17 1 0
1480 39 14 1 0
1481 23 3 1 0
1482 30 39 1 0
1483 37 12 -1 0
1484 30 22 -1 0
1485 24 30 1 0
1486 37 5 0 1
1487 6 24 0 -1
1488 99 38 1 0
1489 30 19 -1 0
1490 15 28 0 -1
1491 35 29 1 0
1492 26 0 0 -1
1493 12 21 -1 0
1494 35 33 -1 0
1495 33 23 -1 0
1496 40 6 0 1
1497 88 10 1 0
1498 44 20 1 0
1499 5 17 0 1
1500 48 5 0 -1
1501 11 24 0 -1
1502 93 21 0 1
1503 21 3 1 0
1504 40 8 0 -1
1505 45 38 -1 0
1506 90 14 0 -1
1507 39 14 1 0
1508 32 24 1 0
1509 11 27 1 0
1510 37 25 -1 0
1511 39 20 1 0
1512 52 18 0 -1
1513 19 8 1 0
1514 30 37 1 0
1515 17 30 1 0
1516 92 14 -1 0
1517 20 12 0 1
1518 23 15 0 1
1519 31 19 -1 0
1520 51 12 1 0
1521 35 36 0 1
1522 90 10 0 1
1523 31 32 0 -1
1524 19 14 1 0
1525 29 36 0 -1
1526 21 16 1 0
1527 6 20 -1 0
1528 92 13 0 -1
1529 93 11 -1 0
1530 40 18 0 -1
1531 49 1 0 -1
1532 0 20 1 0
1533 86 28 0 -1
1534 99 35 0 -1
1535 38 27 1 0
1536 26 33 0 1
1537 25 0 0 1
1538 21 10 1 0
1539 88 12 1 0
1540 36 33 0 1
1541 49 39 0 1
1542 30 15 0 1
1543 28 35 1 0
1544 49 21 0 -1
1545 21 18 0 1
1546 45 15 1 0
1547 31 33 0 -1
1548 26 35 0 -1
1549 17 30 -1 0
1550 27 20 1 0
1551 32 25 0 -1
1552 30 30 1 0
1553 41 28 0 -1
1554 48 17 0 -1
1555 40 24 0 1
1556 40 15 0 -1
1557 30 15 0 1
1558 44 9 0 1
1559 36 9 1 0
1560 29 0 0 1
1561 44 19 0 -1
1562 49 18 0 1
1563 37 8 0 -1
1564 29 33 0 1
1565 34 29 0 -1
1566 41 24 -1 0
1567 42 29 0 1
1568 47 22 -1 0
1569 44 23 1 0
1570 2 32 -1 0
1571 42 4 0 1
1572 30 27 0 -1
1573 28 0 0 -1
1574 29 24 1 0
1575 21 19 0 -1
1576 32 21 1 0
1577 29 5 1 0
1578 12 24 -1 0
1579 95 36 -1 0
1580 37 14 1 0
1581 35 28 0 1
1582 91 9 1 0
1583 41 11 1 0
1584 25 29 1 0
1585 39 34 -1 0
1586 20 12 1 0
1587 26 37 -1 0
1588 49 17 -1 0
1589 34 10 1 0
1590 37 24 0 -1
1591 30 17 0 -1
1592 40 8 1 0
1593 53 15 -1 0
1594 46 37 0 1
1595 1 37 0 -1
1596 33 19 1 0
1597 22 31 0 1
1598 34 13 0 -1
1599 2 36 0 -1
1600 18 17 1 0
1601 32 18 0 -1
1602 30 6 0 1
1603 6 24 1 0
1604 32 39 0 1
1605 53 13 0 -1
1606 13 28 -1 0
1607 66 17 -1 0
1608 32 11 0 1
1609 45 16 0 1
1610 43 19 0 -1
1611 43 24 0 1
1612 4 20 0 1
1613 46 24 0 -1
1614 51 3 0 -1
1615 32 12 0 1
1616 7 23 0 1
1617 39 32 0 -1
1618 36 39 0 1
1619 15 28 0 1
1620 34 33 -1 0
1621 30 20 0 1
1622 3 28 1 0
1623 43 10 1 0
1624 38 11 1 0
1625 33 23 1 0
1626 17 17 1 0
1627 32 19 0 -1
1628 31 19 0 -1
1629 99 37 1 0
1630 40 16 1 0
1631 75 9 0 -1
1632 29 7 1 0
1633 33 20 0 -1
1634 19 18 1 0
1635 31 3 0 -1
1636 43 7 0 1
1637 43 0 0 1
1638 31 14 1 0
1639 46 21 1 0
1640 17 28 -1 0
1641 25 5 1 0
1642 36 12 0 1
1643 4 21 -1 0
1644 38 0 -1 0
1645 31 39 -1 0
1646 37 0 -1 0
1647 40 30 0 1
1648 41 29 0 1
1649 24 31 -1 0
1650 18 33 -1 0
1651 40 11 0 -1
1652 31 28 1 0
1653 45 11 -1 0
1654 45 30 -1 0
1655 25 34 -1 0
1656 22 36 1 0
1657 38 8 1 0
1658 6 25 0 -1
1659 30 4 -1 0
1660 24 6 0 1
1661 31 9 1 0
1662 27 31 -1 0
1663 12 22 -1 0
1664 30 21 -1 0
1665 21 34 0 1
1666 3 25 1 0
1667 45 22 1 0
1668 28 28 1 0
1669 43 2 0 -1
1670 21 4 1 0
1671 12 26 0 1
1672 23 31 0 1
1673 38 20 -1 0
1674 28 36 0 1
1675 23 35 1 0
1676 40 15 1 0
1677 24 2 0 1
1678 43 27 0 -1
1679 40 6 -1 0
1680 93 22 1 0
1681 38 11 1 0
1682 24 4 0 -1
1683 27 9 -1 0
1684 53 10 -1 0
1685 36 21 0 -1
1686 1 32 -1 0
1687 29 37 1 0
1688 3 23 1 0
1689 46 29 1 0
1690 36 25 1 0
1691 20 8 1 0
1692 29 21 1 0
1693 36 2 -1 0
1694 38 23 0 -1
1695 26 8 -1 0
1696 40 32 -1 0
1697 97 31 -1 0
1698 21 11 1 0
1699 37 35 -1 0
1700 19 30 -1 0
1701 51 1 0 -1
1702 35 17 0 -1
1703 35 29 0 -1
1704 37 29 -1 0
1705 39 4 0 -1
1706 5 17 0 1
1707 45 25 0 1
1708 95 35 0 1
1709 91 37 1 0
1710 24 10 1 0
1711 39 20 -1 0
1712 96 38 1 0
1713 33 4 1 0
1714 32 24 1 0
1715 93 0 0 -1
1716 44 12 0 -1
1717 0 37 0 1
1718 35 33 0 1
1719 51 13 1 0
1720 89 12 0 -1
1721 43 23 0 1
1722 45 12 0 1
1723 9 17 0 1
1724 46 1 1 0
1725 30 37 0 -1
1726 20 7 1 0
1727 24 30 1 0
1728 95 32 0 1
1729 37 26 1 0
1730 39 35 0 1
1731 46 16 -1 0
1732 25 31 0 -1
1733 34 28 1 0
1734 0 35 -1 0
1735 29 36 1 0
1736 31 19 0 -1
1737 38 9 1 0
1738 45 10 0 1
1739 34 26 -1 0
1740 47 15 -1 0
1741 32 0 0 -1
1742 42 33 0 -1
1743 50 1 1 0
1744 43 38 0 1
1745 37 25 -1 0
1746 47 3 1 0
1747 45 11 1 0
1748 28 27 1 0
1749 36 6 0 1
1750 25 35 -1 0
1751 56 7 0 -1
1752 25 5 0 1
1753 45 8 0 1
1754 39 8 -1 0
1755 26 33 -1 0
1756 26 4 -1 0
1757 26 3 1 0
1758 94 39 0 -1
1759 51 1 0 1
1760 51 16 0 1
1761 25 22 1 0
1762 31 31 1 0
1763 45 39 1 0
1764 19 16 1 0
1765 45 7 1 0
1766 92 14 -1 0
1767 20 35 1 0
1768 22 6 0 -1
1769 2 24 1 0
1770 43 29 1 0
1771 24 36 0 -1
1772 30 25 0 1
1773 32 33 1 0
1774 24 7 -1 0
1775 25 10 0 -1
1776 16 29 1 0
1777 26 8 0 -1
1778 64 6 -1 0
1779 31 25 1 0
1780 28 21 0 1
1781 37 32 0 1
1782 34 24 0 -1
1783 25 39 1 0
1784 46 32 -1 0
1785 33 18 -1 0
1786 93 5 0 -1
1787 8 22 0 -1
1788 36 19 -1 0
1789 34 30 0 -1
1790 41 17 0 -1
1791 98 20 1 0
1792 48 39 1 0
1793 18 19 0 -1
1794 28 38 0 1
1795 42 22 1 0
1796 40 19 0 -1
1797 37 26 1 0
1798 22 9 1 0
1799 7 21 1 0
1800 36 34 0 -1
1801 94 34 0 1
1802 38 8 1 0
1803 22 36 1 0
1804 90 9 0 1
1805 39 25 0 1
1806 49 38 -1 0
1807 96 33 -1 0
1808 46 10 0 -1
1809 20 7 1 0
1810 44 37 0 1
1811 23 9 0 -1
1812 99 36 1 0
1813 28 21 0 1
1814 50 16 1 0
1815 37 18 0 1
1816 30 18 1 0
1817 27 7 -1 0
1818 27 6 -1 0
1819 95 34 0 -1
1820 21 35 1 0
1821 31 0 0 1
1822 36 14 -1 0
1823 35 37 0 -1
1824 38 22 1 0
1825 25 11 -1 0
1826 37 33 0 1
1827 36 19 1 0
1828 37 9 -1 0
1829 32 22 0 -1
1830 29 16 0 1
1831 38 31 0 -1
1832 34 4 -1 0
1833 4 22 0 1
1834 30 0 -1 0
1835 48 22 -1 0
1836 29 28 0 -1
1837 10 27 1 0
1838 41 25 0 1
1839 17 8 1 0
1840 42 7 -1 0
1841 3 21 0 1
1842 14 39 0 1
1843 44 32 0 -1
1844 31 38 -1 0
1845 41 14 -1 0
1846 10 21 0 -1
1847 39 8 0 -1
1848 2 23 1 0
1849 38 19 0 -1
1850 19 15 0 1
1851 46 21 -1 0
1852 51 0 0 1
1853 26 32 1 0
1854 4 24 0 1
1855 27 23 0 -1
1856 35 10 0 1
1857 8 18 1 0
1858 21 16 0 1
1859 49 20 -1 0
1860 26 10 0 -1
1861 50 17 -1 0
1862 25 9 -1 0
1863 22 18 -1 0
1864 47 1 0 1
1865 34 27 1 0
1866 11 22 0 1
1867 26 31 0 1
1868 38 30 0 -1
1869 44 22 0 -1
1870 92 13 0 1
1871 21 33 1 0
1872 45 1 0 -1
1873 46 12 -1 0
1874 27 18 0 1
1875 27 34 0 -1
1876 32 27 -1 0
1877 41 14 0 -1
1878 9 18 -1 0
1879 26 7 -1 0
1880 27 3 -1 0
1881 24 8 0 -1
1882 92 34 1 0
1883 25 34 1 0
1884 50 20 -1 0
1885 53 13 0 -1
1886 27 8 1 0
1887 31 38 0 -1
1888 48 3 0 -1
1889 36 28 0 -1
1890 33 23 1 0
1891 45 14 1 0
1892 88 12 1 0
1893 87 37 0 1
1894 11 29 1 0
1895 35 8 0 -1
1896 35 35 0 -1
1897 42 1 -1 0
1898 92 32 0 1
1899 32 14 -1 0
1900 89 9 0 1
1901 32 17 1 0
1902 3 19 1 0
1903 41 27 1 0
1904 24 33 0 -1
1905 99 36 0 -1
1906 27 23 0 -1
1907 46 1 0 1
1908 40 30 0 1
1909 4 25 0 -1
1910 34 9 1 0
1911 24 1 1 0
1912 45 17 0 1
1913 41 28 0 -1
1914 32 20 1 0
1915 24 10 0 -1
1916 48 1 -1 0
1917 37 31 1 0
1918 13 28 -1 0
1919 32 39 0 1
1920 40 34 0 -1
1921 45 13 -1 0
1922 99 34 0 1
1923 47 22 1 0
1924 50 17 0 -1
1925 45 24 0 -1
1926 29 20 1 0
1927 28 19 0 1
1928 36 32 0 -1
1929 43 22 0 1
1930 32 31 0 -1
1931 27 38 -1 0
1932 24 30 1 0
1933 95 18 1 0
1934 46 13 0 1
1935 9 23 0 -1
1936 99 39 0 -1
1937 13 29 -1 0
1938 17 26 -1 0
1939 4 25 0 -1
1940 31 24 0 1
1941 48 0 0 1
1942 22 11 0 -1
1943 19 21 1 0
1944 39 10 0 1
1945 45 39 0 1
1946 46 38 0 1
1947 23 35 0 -1
1948 90 10 0 1
1949 44 18 1 0
1950 27 20 0 -1
1951 38 2 0 1
1952 39 24 0 1
1953 19 9 1 0
1954 10 19 -1 0
1955 27 30 -1 0
1956 15 25 -1 0
1957 31 17 0 -1
1958 95 38 0 -1
1959 44 11 0 -1
1960 93 34 1 0
1961 95 33 -1 0
1962 39 4 0 -1
1963 42 18 1 0
1964 34 26 1 0
1965 4 26 0 -1
1966 44 8 -1 0
1967 27 27 0 1
1968 44 14 0 -1
1969 55 27 1 0
1970 46 34 1 0
1971 19 6 1 0
1972 42 1 1 0
1973 20 6 1 0
1974 29 25 0 1
1975 42 38 1 0
1976 25 8 -1 0
1977 32 32 1 0
1978 47 14 0 1
1979 41 13 0 1
1980 6 19 -1 0
1981 37 10 0 1
1982 39 32 0 -1
1983 32 2 0 -1
1984 23 0 1 0
1985 6 19 0 1
1986 36 26 0 1
1987 3 24 0 -1
1988 31 7 -1 0
1989 92 11 -1 0
1990 95 37 1 0
1991 46 11 0 -1
1992 35 14 1 0
1993 18 7 1 0
1994 14 25 0 1
1995 32 27 0 1
1996 22 16 0 1
1997 28 23 0 -1
1998 19 30 0 1
1999 5 25 -1 0
2000 32 31 0 -1
2001 39 24 0 1
2002 42 6 0 1
2003 41 11 1 0
2004 6 22 1 0
2005 46 39 0 -1
2006 31 39 1 0
2007 36 3 -1 0
2008 25 30 0 -1
2009 24 8 0 1
2010 14 29 1 0
2011 48 37 -1 0
2012 30 5 -1 0
2013 11 21 0 -1
2014 38 18 -1 0
2015 15 27 -1 0
2016 16 28 0 1
2017 5 24 0 -1
2018 42 11 0 1
2019 37 32 0 -1
2020 29 2 1 0
2021 21 19 0 -1
2022 38 37 -1 0
2023 32 2 0 1
2024 22 5 1 0
2025 21 35 1 0
2026 40 17 1 0
2027 39 22 0 1
2028 27 39 1 0
2029 45 38 0 1
2030 32 32 0 1
2031 48 22 -1 0
2032 36 34 0 -1
2033 50 39 -1 0
2034 48 3 1 0
2035 24 35 0 -1
2036 27 9 0 -1
2037 47 12 0 1
2038 28 25 0 1
2039 24 39 1 0
2040 7 19 -1 0
2041 39 13 0 -1
2042 37 19 1 0
2043 39 6 0 -1
2044 21 11 0 1
2045 39 29 0 -1
2046 17 33 0 1
2047 16 28 0 -1
2048 0 5 0 -1
2049 97 38 1 0
2050 44 19 0 1
2051 35 30 1 0
2052 36 7 1 0
2053 2 34 0 1
2054 31 4 0 1
2055 50 4 0 -1
2056 44 17 0 1
2057 27 6 0 1
2058 31 17 1 0
2059 90 13 1 0
2060 35 19 -1 0
2061 39 31 0 -1
2062 8 23 -1 0
2063 28 23 -1 0
2064 29 35 -1 0
2065 28 34 -1 0
2066 24 7 0 1
2067 26 29 -1 0
2068 46 7 0 1
2069 48 2 0 -1
2070 40 11 -1 0
2071 43 36 0 1
2072 25 39 1 0
2073 36 28 0 -1
2074 50 39 -1 0
2075 95 34 1 0
2076 93 3 0 -1
2077 7 20 0 -1
2078 42 5 -1 0
2079 38 21 0 1
2080 18 32 -1 0
2081 32 15 0 -1
2082 24 1 0 1
2083 9 23 -1 0
2084 12 19 -1 0
2085 19 17 1 0
2086 26 5 -1 0
2087 92 36 1 0
2088 50 2 1 0
2089 43 13 -1 0
2090 96 39 -1 0
2091 10 22 1 0
2092 91 14 0 -1
2093 45 21 0 1
2094 42 14 0 -1
2095 99 38 -1 0
2096 37 20 0 1
2097 91 12 0 -1
2098 29 6 0 1
2099 26 32 0 1
2100 27 33 -1 0
2101 24 34 1 0
2102 26 34 0 -1
2103 45 31 0 -1
2104 22 10 0 1
2105 38 11 -1 0
2106 96 37 -1 0
2107 30 2 0 -1
2108 48 14 0 1
2109 12 25 0 1
2110 49 4 1 0
2111 42 26 -1 0
2112 21 5 -1 0
2113 35 31 0 -1
2114 43 18 -1 0
2115 23 13 -1 0
2116 49 3 0 -1
2117 45 18 0 -1
2118 35 34 1 0
2119 31 13 0 1
2120 25 12 1 0
2121 43 24 -1 0
2122 35 38 -1 0
2123 94 34 1 0
2124 40 14 0 1
2125 46 39 0 -1
2126 22 36 -1 0
2127 23 18 0 -1
2128 19 15 0 1
2129 57 10 1 0
2130 43 26 -1 0
2131 10 20 -1 0
2132 22 12 0 1
2133 41 10 -1 0
2134 92 8 0 1
2135 42 6 -1 0
2136 10 28 0 -1
2137 8 22 -1 0
2138 1 36 -1 0
2139 30 3 -1 0
2140 50 1 0 -1
2141 48 2 0 1
2142 19 6 0 1
2143 11 26 1 0
2144 22 35 1 0
2145 30 26 0 1
2146 22 14 -1 0
2147 43 39 0 -1
2148 40 29 1 0
2149 45 2 1 0
2150 81 13 0 1
2151 28 25 1 0
2152 95 39 0 -1
2153 28 1 1 0
2154 35 34 0 1
2155 36 13 1 0
2156 8 23 0 1
2157 54 12 -1 0
2158 26 39 0 1
2159 18 15 1 0
2160 39 13 0 -1
2161 44 15 0 1
2162 54 13 0 1
2163 92 10 0 -1
2164 39 3 -1 0
2165 36 33 -1 0
2166 40 31 -1 0
2167 23 17 0 -1
2168 9 19 0 -1
2169 26 6 0 -1
2170 38 18 -1 0
2171 46 2 1 0
2172 44 9 -1 0
2173 35 3 0 1
2174 37 24 1 0
2175 38 34 -1 0
2176 97 39 0 -1
2177 7 24 0 -1
2178 32 13 1 0
2179 29 16 0 1
2180 39 30 -1 0
2181 48 32 -1 0
2182 96 34 0 1
2183 38 6 0 1
2184 35 10 0 1
2185 51 15 0 1
2186 45 39 -1 0
2187 99 37 0 -1
2188 17 31 -1 0
2189 27 21 0 -1
2190 46 12 -1 0
2191 42 19 0 -1
2192 20 9 1 0
2193 32 8 1 0
2194 35 0 1 0
2195 10 24 1 0
2196 44 30 0 -1
2197 22 22 -1 0
2198 22 18 -1 0
2199 18 29 -1 0
2200 20 18 -1 0
2201 37 39 -1 0
2202 40 32 -1 0
2203 22 3 1 0
2204 36 27 0 -1
2205 40 29 0 -1
2206 7 24 0 -1
2207 50 3 0 -1
2208 42 16 0 -1
2209 49 14 0 1
2210 40 9 -1 0
2211 98 39 0 -1
2212 47 15 0 -1
2213 31 20 1 0
2214 42 28 0 -1
2215 21 36 0 -1
2216 44 1 0 -1
2217 28 28 1 0
2218 51 18 0 -1
2219 40 24 0 1
2220 27 1 0 1
2221 51 0 0 1
2222 1 34 -1 0
2223 43 27 0 1
2224 40 27 -1 0
2225 45 37 0 1
2226 30 8 0 -1
2227 27 31 0 1
2228 37 25 0 1
2229 3 20 0 1
2230 47 8 -1 0
2231 29 8 -1 0
2232 39 11 0 -1
2233 44 37 1 0
2234 19 19 1 0
2235 46 36 0 1
2236 21 8 1 0
2237 39 25 1 0
2238 31 38 0 1
2239 49 1 1 0
2240 15 24 -1 0
2241 92 10 0 1
2242 21 35 0 1
2243 34 25 0 1
2244 27 25 1 0
2245 48 0 0 1
2246 49 4 0 -1
2247 26 37 0 1
2248 28 38 0 1
2249 31 29 -1 0
2250 21 32 -1 0
2251 45 2 0 -1
2252 98 34 1 0
2253 43 30 -1 0
2254 28 4 -1 0
2255 6 18 -1 0
2256 45 17 0 -1
2257 47 7 -1 0
2258 28 26 1 0
2259 20 36 1 0
2260 43 7 0 1
2261 20 31 -1 0
2262 26 2 -1 0
2263 6 25 0 -1
2264 32 10 1 0
2265 36 2 -1 0
2266 32 25 -1 0
2267 43 1 1 0
2268 12 27 0 -1
2269 32 18 1 0
2270 54 13 0 -1
2271 35 24 1 0
2272 26 22 1 0
2273 38 19 0 -1
2274 20 12 1 0
2275 51 15 1 0
2276 49 1 0 1
2277 29 19 1 0
2278 48 20 0 -1
2279 32 34 1 0
2280 14 27 1 0
2281 26 29 -1 0
2282 32 26 -1 0
2283 41 17 0 -1
2284 97 34 1 0
2285 26 8 -1 0
2286 15 24 -1 0
2287 40 3 0 1
2288 34 15 -1 0
2289 25 11 -1 0
2290 27 18 0 1
2291 30 20 -1 0
2292 23 5 0 -1
2293 22 15 0 -1
2294 41 14 0 1
2295 27 19 1 0
2296 91 10 0 1
2297 32 20 -1 0
2298 37 36 0 -1
2299 50 15 0 1
2300 49 3 0 1
2301 34 28 0 -1
2302 43 29 0 1
2303 97 37 -1 0
2304 35 16 -1 0
2305 32 12 1 0
2306 93 37 1 0
2307 12 28 1 0
2308 17 17 1 0
2309 45 7 0 1
2310 24 16 -1 0
2311 45 30 -1 0
2312 34 21 1 0
2313 15 30 1 0
2314 34 14 0 1
2315 44 25 -1 0
2316 25 33 0 -1
2317 38 14 -1 0
2318 35 32 1 0
2319 75 36 -1 0
2320 24 6 0 -1
2321 34 11 0 1
2322 46 11 0 -1
2323 48 16 -1 0
2324 21 37 0 -1
2325 24 5 -1 0
2326 29 16 0 1
2327 37 11 1 0
2328 42 31 0 1
2329 6 16 1 0
2330 46 20 -1 0
2331 31 20 0 -1
2332 57 13 0 1
2333 41 17 1 0
2334 23 32 0 1
2335 25 23 0 -1
2336 42 25 0 1
2337 27 5 -1 0
2338 11 25 0 -1
2339 51 3 0 -1
2340 42 34 -1 0
2341 33 38 1 0
2342 95 34 0 -1
2343 18 6 1 0
2344 32 16 0 1
2345 22 17 0 -1
2346 3 22 0 -1
2347 30 34 0 1
2348 36 10 -1 0
2349 10 24 1 0
2350 52 15 0 1
2351 23 14 0 1
2352 30 21 -1 0
2353 41 38 1 0
2354 44 11 -1 0
2355 7 18 1 0
2356 50 0 0 1
2357 44 7 -1 0
2358 35 12 -1 0
2359 29 0 1 0
2360 44 12 -1 0
2361 41 23 0 1
2362 96 34 0 1
2363 41 3 -1 0
2364 52 11 1 0
2365 14 31 0 -1
2366 35 4 0 -1
2367 46 24 0 -1
2368 42 28 0 1
2369 92 11 -1 0
2370 28 1 0 -1
2371 36 17 -1 0
2372 26 1 -1 0
2373 24 28 0 1
2374 22 37 1 0
2375 42 39 0 1
2376 26 33 0 1
2377 32 15 0 1
2378 42 17 1 0
2379 34 21 -1 0
2380 35 10 0 -1
2381 42 12 0 1
2382 29 38 0 1
2383 23 6 0 -1
2384 49 3 0 -1
2385 49 38 0 -1
2386 40 27 0 -1
2387 31 18 0 -1
2388 0 16 0 -1
2389 10 27 1 0
2390 17 28 -1 0
2391 4 23 0 1
2392 33 36 -1 0
2393 64 3 0 -1
2394 32 8 -1 0
2395 31 35 0 -1
2396 41 18 1 0
2397 26 11 0 -1
2398 25 7 0 -1
2399 87 12 1 0
2400 20 4 0 1
2401 43 20 1 0
2402 26 39 -1 0
2403 45 18 1 0
2404 2 34 -1 0
2405 29 35 0 1
2406 53 14 -1 0
2407 21 15 0 1
2408 22 4 0 1
2409 38 18 -1 0
2410 44 31 -1 0
2411 37 38 1 0
2412 16 24 -1 0
2413 43 11 -1 0
2414 45 0 -1 0
2415 32 7 0 -1
2416 50 16 0 -1
2417 1 36 0 -1
2418 45 37 -1 0
2419 38 3 -1 0
2420 45 21 -1 0
2421 49 19 0 1
2422 40 31 -1 0
2423 26 1 1 0
2424 38 13 0 -1
2425 29 35 0 1
2426 35 39 1 0
2427 20 20 1 0
2428 13 6 -1 0
2429 94 0 0 -1
2430 7 21 1 0
2431 91 13 1 0
2432 47 37 -1 0
2433 82 0 0 1
2434 6 20 0 1
2435 35 28 -1 0
2436 3 25 0 -1
2437 97 33 -1 0
2438 30 5 1 0
2439 42 29 -1 0
2440 20 19 1 0
2441 5 23 0 -1
2442 39 6 1 0
2443 48 19 1 0
2444 27 20 1 0
2445 8 21 0 -1
2446 36 12 0 1
2447 34 23 0 -1
2448 43 36 0 1
2449 32 13 0 1
2450 51 2 0 -1
2451 21 34 0 -1
2452 21 21 0 -1
2453 98 38 -1 0
2454 53 16 0 -1
2455 36 7 1 0
2456 25 32 1 0
2457 11 21 1 0
2458 7 21 1 0
2459 31 0 -1 0
2460 21 5 0 1
2461 40 16 1 0
2462 27 7 -1 0
2463 14 32 1 0
2464 96 33 0 1
2465 41 12 0 -1
2466 10 19 1 0
2467 22 4 0 1
2468 29 37 -1 0
2469 30 31 1 0
2470 15 29 0 -1
2471 29 25 1 0
2472 19 8 1 0
2473 28 39 0 1
2474 20 13 0 1
2475 16 25 0 1
2476 29 34 1 0
2477 43 12 0 1
2478 16 31 1 0
2479 47 7 0 1
2480 44 21 1 0
2481 31 27 0 -1
2482 87 39 0 1
2483 84 23 0 -1
2484 54 14 0 -1
2485 35 26 0 1
2486 33 4 0 -1
2487 35 36 0 -1
2488 46 7 0 1
2489 11 29 1 0
2490 19 32 1 0
2491 23 4 1 0
2492 38 19 0 -1
2493 32 36 0 -1
2494 5 20 0 1
2495 37 10 -1 0
2496 39 26 0 -1
2497 7 23 0 -1
2498 37 37 -1 0
2499 53 27 -1 0
2500 46 16 1 0
2501 43 29 -1 0
2502 98 38 1 0
2503 19 8 1 0
2504 30 34 1 0
2505 38 13 0 -1
2506 0 35 1 0
2507 41 1 0 1
2508 86 22 0 1
2509 39 5 0 1
2510 41 7 1 0
2511 0 12 1 0
2512 42 30 0 -1
2513 21 17 1 0
2514 32 15 -1 0
2515 35 30 0 -1
2516 9 23 0 -1
2517 43 15 0 -1
2518 42 0 0 -1
2519 33 21 -1 0
2520 35 6 0 -1
2521 18 10 1 0
2522 5 18 0 1
2523 9 21 -1 0
2524 23 8 0 -1
2525 96 38 0 -1
2526 36 17 -1 0
2527 35 6 0 -1
2528 31 15 0 -1
2529 9 20 0 1
2530 46 18 0 -1
2531 36 18 1 0
2532 26 30 0 -1
2533 10 21 0 1
2534 14 33 1 0
2535 18 33 -1 0
2536 43 25 0 -1
2537 95 33 1 0
2538 95 36 0 -1
2539 22 6 0 -1
2540 38 0 -1 0
2541 44 18 -1 0
2542 99 33 -1 0
2543 54 12 -1 0
2544 46 18 0 -1
2545 99 1 1 0
2546 26 31 0 1
2547 39 1 0 1
2548 35 18 0 -1
2549 46 9 0 1
2550 29 37 0 1
2551 44 16 -1 0
2552 38 10 -1 0
2553 37 9 1 0
2554 38 32 0 1
2555 36 24 0 -1
2556 36 29 -1 0
2557 22 13 0 -1
2558 31 21 0 -1
2559 32 30 1 0
2560 45 25 0 -1
2561 25 31 1 0
2562 29 34 1 0
2563 24 32 0 1
2564 26 38 -1 0
2565 30 2 1 0
2566 40 18 0 -1
2567 28 8 0 -1
2568 35 4 1 0
2569 34 20 1 0
2570 40 14 1 0
2571 36 18 -1 0
2572 88 9 1 0
2573 12 26 0 1
2574 19 21 0 -1
2575 40 11 1 0
2576 41 6 0 1
2577 41 33 0 1
2578 14 26 0 1
2579 93 33 -1 0
2580 25 39 0 1
2581 39 19 -1 0
2582 46 15 1 0
2583 47 39 -1 0
2584 49 37 0 1
2585 98 39 -1 0
2586 9 17 0 1
2587 16 32 1 0
2588 7 20 1 0
2589 16 27 0 -1
2590 25 10 -1 0
2591 25 33 -1 0
2592 35 2 1 0
2593 36 29 0 -1
2594 91 11 0 -1
2595 23 3 0 1
2596 49 14 -1 0
2597 92 11 0 -1
2598 36 9 0 1
2599 24 34 -1 0
2600 26 2 1 0
2601 18 31 0 1
2602 46 31 -1 0
2603 30 16 -1 0
2604 47 15 0 -1
2605 38 6 -1 0
2606 39 28 0 1
2607 71 12 1 0
2608 45 23 0 -1
2609 91 10 1 0
2610 5 22 0 -1
2611 50 15 0 1
2612 22 3 1 0
2613 38 7 0 -1
2614 97 26 1 0
2615 91 15 0 -1
2616 52 0 0 1
2617 23 5 0 1
2618 27 27 1 0
2619 42 16 0 1
2620 24 15 0 1
2621 47 38 -1 0
2622 28 24 1 0
2623 50 16 0 -1
2624 95 9 1 0
2625 45 20 0 1
2626 71 14 0 1
2627 34 22 1 0
2628 48 13 -1 0
2629 36 14 -1 0
2630 53 10 0 1
2631 38 25 0 1
2632 94 37 -1 0
2633 32 29 0 -1
2634 21 36 1 0
2635 31 37 0 1
2636 94 36 0 -1
2637 30 36 0 -1
2638 23 35 -1 0
2639 36 23 0 -1
2640 24 5 -1 0
2641 22 10 0 1
2642 45 8 -1 0
2643 19 30 0 1
2644 90 9 -1 0
2645 99 34 -1 0
2646 31 15 0 -1
2647 31 2 1 0
2648 41 16 1 0
2649 31 37 -1 0
2650 22 11 -1 0
2651 20 36 1 0
2652 40 10 0 -1
2653 11 25 0 1
2654 51 19 -1 0
2655 18 8 1 0
2656 34 21 -1 0
2657 24 8 1 0
2658 34 18 0 -1
2659 23 34 1 0
2660 25 37 -1 0
2661 42 7 0 1
2662 57 13 0 -1
2663 97 38 1 0
2664 47 16 -1 0
2665 23 15 0 1
2666 20 5 0 1
2667 39 22 0 1
2668 6 20 0 1
2669 44 38 -1 0
2670 30 18 1 0
2671 23 16 0 1
2672 46 13 0 1
2673 95 39 0 -1
2674 21 5 1 0
2675 32 13 1 0
2676 17 18 1 0
2677 26 21 0 1
2678 22 34 -1 0
2679 30 36 0 -1
2680 8 18 1 0
2681 33 6 0 -1
2682 47 2 1 0
2683 49 21 -1 0
2684 31 16 1 0
2685 29 24 0 1
2686 35 25 1 0
2687 39 39 -1 0
2688 4 19 1 0
2689 45 12 0 1
2690 32 1 0 1
2691 20 15 0 -1
2692 39 17 1 0
2693 35 20 -1 0
2694 32 5 1 0
2695 39 36 -1 0
2696 50 15 0 1
2697 44 38 1 0
2698 43 13 -1 0
2699 29 38 0 -1
2700 47 13 -1 0
2701 38 35 0 -1
2702 22 19 0 -1
2703 54 15 -1 0
2704 44 26 0 -1
2705 39 9 0 1
2706 43 37 1 0
2707 27 37 0 -1
2708 30 18 0 1
2709 20 4 0 1
2710 4 23 0 -1
2711 43 21 1 0
2712 15 33 1 0
2713 1 34 -1 0
2714 28 35 1 0
2715 19 4 0 1
2716 96 34 -1 0
2717 37 39 -1 0
2718 46 32 -1 0
2719 31 26 1 0
2720 21 7 0 -1
2721 41 28 0 1
2722 91 17 0 1
2723 37 19 -1 0
2724 16 34 -1 0
2725 47 18 -1 0
2726 2 36 0 -1
2727 24 39 1 0
2728 16 25 -1 0
2729 32 28 1 0
2730 48 4 0 -1
2731 22 8 1 0
2732 46 22 1 0
2733 32 4 0 1
2734 46 10 -1 0
2735 17 28 0 1
2736 38 27 -1 0
2737 35 32 0 -1
2738 27 34 0 1
2739 24 2 0 -1
2740 19 31 -1 0
2741 25 38 0 -1
2742 27 36 0 -1
2743 47 1 1 0
2744 29 1 1 0
2745 0 8 0 -1
2746 26 28 0 1
2747 94 33 0 1
2748 51 17 0 1
2749 29 5 1 0
2750 42 17 0 1
2751 28 39 0 -1
2752 43 14 0 -1
2753 14 25 1 0
2754 55 15 -1 0
2755 49 21 -1 0
2756 28 20 0 1
2757 94 39 -1 0
2758 27 31 -1 0
2759 51 3 0 -1
2760 12 28 1 0
2761 91 15 0 -1
2762 40 3 0 -1
2763 35 20 0 1
2764 30 7 -1 0
2765 24 9 0 -1
2766 23 17 -1 0
2767 28 39 0 -1
2768 30 39 1 0
2769 48 38 0 1
2770 50 5 0 -1
2771 36 35 -1 0
2772 40 33 -1 0
2773 8 20 0 1
2774 43 9 1 0
2775 31 29 0 -1
2776 22 32 1 0
2777 97 34 1 0
2778 31 29 1 0
2779 27 7 0 -1
2780 31 21 0 -1
2781 4 20 0 1
2782 30 2 1 0
2783 14 32 1 0
2784 30 28 0 -1
2785 23 8 1 0
2786 27 19 0 1
2787 23 33 0 1
2788 38 31 0 -1
2789 30 8 0 -1
2790 37 23 1 0
2791 52 13 0 1
2792 51 15 0 1
2793 32 21 0 -1
2794 3 23 1 0
2795 92 0 1 0
2796 20 31 -1 0
2797 43 25 0 -1
2798 39 29 0 -1
2799 29 2 0 -1
2800 36 22 1 0
2801 38 29 -1 0
2802 0 39 0 -1
2803 22 37 -1 0
2804 40 10 -1 0
2805 5 22 -1 0
2806 40 33 0 -1
2807 43 30 0 -1
2808 46 20 -1 0
2809 93 36 1 0
2810 36 20 0 -1
2811 19 34 1 0
2812 42 9 0 -1
2813 45 23 -1 0
2814 16 28 1 0
2815 9 10 1 0
2816 98 37 1 0
2817 38 12 0 -1
2818 94 33 0 1
2819 43 17 0 -1
2820 44 11 -1 0
2821 53 11 0 1
2822 48 1 0 1
2823 50 17 1 0
2824 28 4 0 1
2825 22 32 0 1
2826 83 36 1 0
2827 28 35 1 0
2828 36 1 -1 0
2829 42 27 -1 0
2830 29 23 -1 0
2831 17 17 1 0
2832 45 24 -1 0
2833 15 32 1 0
2834 5 21 0 -1
2835 31 13 0 1
2836 46 16 1 0
2837 30 31 0 1
2838 44 2 1 0
2839 95 0 -1 0
2840 38 24 1 0
2841 27 33 0 -1
2842 44 15 0 -1
2843 17 26 0 1
2844 34 8 0 1
2845 38 28 0 1
2846 98 36 -1 0
2847 22 7 0 -1
2848 24 15 -1 0
2849 47 17 -1 0
2850 89 11 1 0
2851 11 26 0 1
2852 96 38 0 -1
2853 32 18 0 -1
2854 90 14 0 -1
2855 46 31 -1 0
2856 45 9 0 1
2857 0 5 0 -1
2858 52 14 0 1
2859 34 12 0 -1
2860 27 29 0 1
2861 22 8 0 -1
2862 39 13 0 1
2863 45 17 1 0
2864 52 1 -1 0
2865 31 25 1 0
2866 19 17 -1 0
2867 41 8 0 1
2868 17 33 1 0
2869 36 2 0 1
2870 6 23 0 1
2871 37 12 0 1
2872 97 38 1 0
2873 32 38 0 1
2874 47 1 0 1
2875 26 11 -1 0
2876 9 21 0 -1
2877 10 26 1 0
2878 22 10 0 1
2879 2 21 1 0
2880 27 21 0 -1
2881 79 4 0 1
2882 36 37 0 1
2883 14 29 1 0
2884 25 9 1 0
2885 35 37 -1 0
2886 20 14 0 -1
2887 29 18 1 0
2888 48 19 0 -1
2889 44 28 -1 0
2890 31 6 1 0
2891 16 34 1 0
2892 21 13 0 -1
2893 30 35 0 1
2894 42 14 1 0
2895 36 27 1 0
2896 20 8 1 0
2897 43 31 1 0
2898 41 26 -1 0
2899 18 15 0 1
2900 18 28 -1 0
2901 47 13 0 1
2902 35 27 0 1
2903 9 19 0 1
2904 53 15 1 0
2905 31 14 -1 0
2906 36 38 0 1
2907 44 30 0 1
2908 32 7 1 0
2909 41 6 0 1
2910 26 9 -1 0
2911 91 13 1 0
2912 26 37 -1 0
2913 41 3 -1 0
2914 48 38 -1 0
2915 32 31 0 -1
2916 45 11 -1 0
2917 75 32 -1 0
2918 29 6 1 0
2919 40 2 -1 0
2920 11 20 0 1
2921 86 4 -1 0
2922 26 0 0 -1
2923 43 16 1 0
2924 12 14 1 0
2925 18 18 1 0
2926 25 1 -1 0
2927 47 19 0 -1
2928 74 16 0 1
2929 6 22 0 1
2930 95 0 -1 0
2931 99 39 0 -1
2932 5 24 0 -1
2933 96 36 0 -1
2934 25 10 -1 0
2935 31 22 0 -1
2936 20 17 0 1
2937 0 35 0 1
2938 36 7 0 1
2939 32 34 0 -1
2940 26 4 0 -1
2941 36 23 1 0
2942 24 38 1 0
2943 44 39 0 1
2944 89 11 -1 0
2945 42 29 0 -1
2946 35 19 1 0
2947 39 28 0 -1
2948 98 38 0 1
2949 32 4 0 -1
2950 20 34 1 0
2951 42 16 -1 0
2952 31 28 1 0
2953 13 25 1 0
2954 51 16 0 -1
2955 33 24 0 -1
2956 35 21 0 -1
2957 32 37 0 1
2958 29 23 1 0
2959 31 4 0 1
2960 35 9 -1 0
2961 39 36 -1 0
2962 30 32 0 1
2963 26 35 1 0
2964 19 33 -1 0
2965 21 17 0 1
2966 34 15 -1 0
2967 30 35 0 -1
2968 3 21 0 1
2969 41 34 0 -1
2970 24 15 0 1
2971 47 39 0 1
2972 13 8 0 -1
2973 21 10 1 0
2974 39 9 0 -1
2975 47 21 0 -1
2976 31 31 1 0
2977 39 12 -1 0
2978 53 16 0 -1
2979 37 13 -1 0
2980 4 18 1 0
2981 37 7 0 1
2982 96 39 0 -1
2983 35 31 0 -1
2984 30 33 0 1
2985 14 27 -1 0
2986 46 14 1 0
2987 93 14 -1 0
2988 35 5 1 0
2989 40 14 0 -1
2990 43 39 -1 0
2991 95 37 -1 0
2992 7 22 0 1
2993 35 23 1 0
2994 26 22 1 0
2995 22 0 1 0
2996 11 20 -1 0
2997 39 29 0 1
2998 99 12 1 0
2999 28 13 1 0
3000 35 27 0 1
3001 89 10 0 1
3002 41 33 0 -1
3003 40 33 0 -1
3004 35 38 -1 0
3005 27 33 1 0
3006 19 31 -1 0
3007 20 6 0 -1
3008 47 10 -1 0
3009 42 23 1 0
3010 22 4 0 1
3011 52 1 -1 0
3012 38 23 1 0
3013 47 0 -1 0
3014 42 38 1 0
3015 96 35 1 0
3016 32 29 0 -1
3017 23 31 0 1
3018 23 4 0 -1
3019 7 19 0 1
3020 90 12 -1 0
3021 36 21 0 1
3022 40 28 0 -1
3023 32 3 1 0
3024 23 1 1 0
3025 22 14 0 1
3026 35 25 1 0
3027 32 22 1 0
3028 48 18 0 -1
3029 46 0 -1 0
3030 44 28 -1 0
3031 25 29 0 1
3032 47 12 -1 0
3033 37 23 1 0
3034 49 18 1 0
3035 50 28 0 1
3036 36 11 -1 0
3037 1 35 0 1
3038 28 18 0 1
3039 13 31 0 -1
3040 43 28 1 0
3041 98 36 1 0
3042 36 35 0 -1
3043 49 39 0 1
3044 52 19 0 -1
3045 28 27 0 -1
3046 36 3 -1 0
3047 46 39 0 1
3048 19 29 0 1
3049 35 28 -1 0
3050 5 23 0 -1
3051 76 3 -1 0
3052 43 19 0 -1
3053 31 34 0 1
3054 92 9 0 1
3055 34 11 1 0
3056 39 27 -1 0
3057 15 27 0 1
3058 37 30 1 0
3059 41 9 0 -1
3060 52 16 0 -1
3061 14 28 -1 0
3062 12 25 1 0
3063 21 27 1 0
3064 26 6 0 1
3065 44 24 -1 0
3066 23 33 0 -1
3067 47 2 0 -1
3068 20 21 0 -1
3069 92 9 -1 0
3070 76 8 0 -1
3071 35 14 0 -1
3072 24 32 0 1
3073 45 16 0 1
3074 24 9 0 1
3075 25 4 0 -1
3076 40 15 1 0
3077 46 17 0 -1
3078 46 0 0 -1
3079 86 15 1 0
3080 11 27 -1 0
3081 5 19 1 0
3082 42 31 -1 0
3083 34 23 0 -1
3084 16 24 -1 0
3085 31 3 1 0
3086 21 33 0 1
3087 41 16 1 0
3088 26 3 0 -1
3089 20 34 1 0
3090 20 14 0 1
3091 48 16 0 1
3092 42 13 0 -1
3093 44 2 0 -1
3094 53 7 0 -1
3095 40 34 0 -1
3096 49 38 0 1
3097 79 18 0 1
3098 1 2 0 1
3099 27 39 0 1
3100 17 34 0 -1
3101 35 14 0 -1
3102 25 11 -1 0
3103 36 24 1 0
3104 18 31 1 0
3105 11 23 -1 0
3106 36 18 -1 0
3107 91 13 1 0
3108 27 30 0 1
3109 40 28 1 0
3110 17 32 1 0
3111 19 20 1 0
3112 44 20 0 1
3113 37 31 0 -1
3114 25 37 1 0
3115 29 4 -1 0
3116 88 10 1 0
3117 44 17 -1 0
3118 23 12 -1 0
3119 11 23 0 1
3120 32 1 1 0
3121 25 6 0 -1
3122 37 23 1 0
3123 35 1 -1 0
3124 71 36 0 1
3125 46 12 -1 0
3126 43 2 0 -1
3127 30 19 0 1
3128 84 17 -1 0
3129 35 18 1 0
3130 46 15 1 0
3131 41 27 0 1
3132 41 2 0 1
3133 15 33 1 0
3134 44 23 0 1
3135 48 20 0 -1
3136 21 20 0 -1
3137 30 22 1 0
3138 34 30 0 -1
3139 33 17 -1 0
3140 14 28 1 0
3141 21 15 0 -1
3142 97 37 0 -1
3143 46 23 -1 0
3144 92 9 -1 0
3145 37 7 -1 0
3146 29 25 0 1
3147 36 4 0 1
3148 14 26 -1 0
3149 37 7 0 1
3150 37 0 -1 0
3151 48 13 -1 0
3152 21 21 0 -1
3153 24 29 1 0
3154 31 20 0 -1
3155 29 3 -1 0
3156 35 7 1 0
3157 95 38 1 0
3158 28 5 0 1
3159 27 2 -1 0
3160 22 7 0 -1
3161 39 15 1 0
3162 32 30 1 0
3163 47 17 -1 0
3164 34 12 1 0
3165 44 24 0 1
3166 7 22 -1 0
3167 35 18 -1 0
3168 52 18 0 -1
3169 16 29 0 -1
3170 14 24 1 0
3171 98 34 1 0
3172 15 25 0 1
3173 42 31 -1 0
3174 15 32 0 -1
3175 6 21 1 0
3176 21 33 -1 0
3177 37 33 0 -1
3178 21 14 1 0
3179 27 30 0 1
3180 30 33 0 1
3181 38 35 0 -1
3182 45 32 -1 0
3183 16 32 -1 0
3184 23 7 0 1
3185 21 12 1 0
3186 44 13 0 -1
3187 20 20 0 -1
3188 41 7 1 0
3189 44 10 -1 0
3190 42 18 0 -1
3191 27 3 -1 0
3192 48 15 0 1
3193 38 4 0 1
3194 41 15 -1 0
3195 45 23 0 1
3196 42 15 0 -1
3197 28 26 1 0
3198 38 26 0 1
3199 21 21 0 -1
3200 44 25 -1 0
3201 47 3 0 -1
3202 59 36 0 -1
3203 39 15 0 -1
3204 25 30 0 1
3205 38 36 -1 0
3206 45 19 0 1
3207 37 4 0 1
3208 6 21 -1 0
3209 36 5 -1 0
3210 29 18 1 0
3211 39 12 1 0
3212 25 33 0 1
3213 32 2 1 0
3214 49 20 -1 0
3215 98 37 0 1
3216 28 20 0 -1
3217 29 26 0 1
3218 46 25 0 -1
3219 35 5 0 -1
3220 51 13 1 0
3221 2 22 1 0
3222 30 4 0 -1
3223 31 10 1 0
3224 27 36 0 -1
3225 41 34 0 -1
3226 82 27 -1 0
3227 42 39 0 1
3228 45 22 -1 0
3229 45 19 0 1
3230 45 24 -1 0
3231 44 30 -1 0
3232 12 24 -1 0
3233 35 37 0 -1
3234 21 6 0 -1
3235 47 12 -1 0
3236 43 31 0 -1
3237 93 20 0 1
3238 29 27 1 0
3239 97 36 0 1
3240 24 3 0 1
3241 24 12 0 -1
3242 46 15 0 1
3243 14 26 1 0
3244 46 19 0 -1
3245 32 12 0 1
3246 34 25 1 0
3247 30 14 0 1
3248 41 24 -1 0
3249 49 14 -1 0
3250 50 38 0 1
3251 32 23 1 0
3252 24 11 0 -1
3253 30 16 1 0
3254 43 16 0 -1
3255 94 35 1 0
3256 53 13 -1 0
3257 97 0 0 -1
3258 31 33 -1 0
3259 0 36 -1 0
3260 38 22 0 1
3261 25 7 1 0
3262 36 25 -1 0
3263 49 15 1 0
3264 50 3 0 1
3265 6 24 1 0
3266 30 28 0 -1
3267 37 11 1 0
3268 18 33 1 0
3269 22 13 0 -1
3270 40 1 0 1
3271 25 6 1 0
3272 16 26 -1 0
3273 9 21 -1 0
3274 35 6 0 -1
3275 20 32 0 1
3276 29 20 0 -1
3277 27 22 -1 0
3278 38 10 0 1
3279 26 29 0 1
3280 24 16 -1 0
3281 14 25 1 0
3282 29 20 1 0
3283 27 8 0 -1
3284 43 9 -1 0
3285 44 16 -1 0
3286 43 31 1 0
3287 94 36 0 -1
3288 26 30 1 0
3289 39 11 0 1
3290 94 37 0 1
3291 45 8 -1 0
3292 18 29 0 1
3293 31 1 0 -1
3294 43 10 -1 0
3295 51 1 0 -1
3296 43 9 -1 0
3297 37 12 0 1
3298 51 17 -1 0
3299 47 39 -1 0
3300 11 34 0 -1
3301 30 1 1 0
3302 42 36 1 0
3303 84 5 0 -1
3304 17 33 1 0
3305 36 4 0 1
3306 12 28 0 -1
3307 31 1 0 -1
3308 5 21 0 -1
3309 38 4 0 1
3310 39 30 0 -1
3311 35 4 1 0
3312 7 18 1 0
3313 25 35 1 0
3314 96 21 0 1
3315 88 11 1 0
3316 27 4 0 1
3317 92 37 1 0
3318 36 3 1 0
3319 16 25 1 0
3320 95 33 1 0
3321 39 33 -1 0
3322 96 35 -1 0
3323 32 20 0 -1
3324 48 1 1 0
3325 46 14 0 -1
3326 38 17 0 1
3327 37 1 -1 0
3328 28 19 0 -1
3329 27 39 -1 0
3330 15 30 1 0
3331 17 34 0 -1
3332 51 19 -1 0
3333 42 12 0 -1
3334 32 1 0 -1
3335 48 38 -1 0
3336 48 3 -1 0
3337 26 1 0 -1
3338 47 19 -1 0
3339 14 30 -1 0
3340 30 27 -1 0
3341 97 35 -1 0
3342 24 31 -1 0
3343 11 19 0 1
3344 30 14 1 0
3345 39 27 -1 0
3346 16 18 1 0
3347 25 4 1 0
3348 56 29 -1 0
3349 21 34 0 1
3350 95 35 1 0
3351 13 30 1 0
3352 46 31 -1 0
3353 17 18 0 -1
3354 18 27 0 1
3355 41 16 0 1
3356 24 6 -1 0
3357 17 29 0 -1
3358 42 24 1 0
3359 14 30 -1 0
3360 19 18 1 0
3361 45 33 0 -1
3362 37 6 0 -1
3363 34 22 1 0
3364 47 20 0 -1
3365 6 22 0 -1
3366 32 35 -1 0
3367 35 21 1 0
3368 47 21 0 1
3369 29 39 0 1
3370 37 0 0 -1
3371 52 11 0 1
3372 33 24 -1 0
3373 43 22 0 1
3374 41 13 0 -1
3375 11 32 -1 0
3376 5 19 0 1
3377 92 15 0 -1
3378 95 0 -1 0
3379 16 33 1 0
3380 38 22 0 1
3381 38 14 -1 0
3382 52 17 0 -1
3383 18 35 1 0
3384 11 20 0 1
3385 38 35 -1 0
3386 50 4 -1 0
3387 40 5 0 1
3388 25 2 0 1
3389 13 24 1 0
3390 92 33 1 0
3391 77 16 -1 0
3392 42 38 0 1
3393 49 16 1 0
3394 37 10 0 -1
3395 5 19 1 0
3396 30 21 0 -1
3397 97 35 -1 0
3398 38 36 -1 0
3399 47 16 0 -1
3400 42 8 -1 0
3401 30 6 -1 0
3402 44 31 0 1
3403 33 11 1 0
3404 39 30 0 1
3405 23 6 1 0
3406 19 31 0 -1
3407 36 13 1 0
3408 42 30 -1 0
3409 11 28 1 0
3410 97 39 0 -1
3411 41 8 0 -1
3412 91 33 1 0
3413 28 32 0 1
3414 91 10 -1 0
3415 41 25 0 1
3416 12 27 1 0
3417 30 0 0 -1
3418 94 38 1 0
3419 23 37 0 -1
3420 25 3 0 1
3421 29 22 0 -1
3422 94 0 0 -1
3423 99 37 0 1
3424 36 37 0 1
3425 35 32 1 0
3426 26 34 1 0
3427 86 32 0 -1
3428 3 24 0 -1
3429 51 18 -1 0
3430 30 23 0 1
3431 24 36 0 -1
3432 23 37 1 0
3433 46 32 -1 0
3434 24 0 -1 0
3435 27 6 -1 0
3436 22 6 0 -1
3437 42 1 1 0
3438 52 1 -1 0
3439 43 37 0 1
3440 37 17 0 1
3441 49 0 0 1
3442 28 6 -1 0
3443 30 38 1 0
3444 6 18 0 1
3445 19 14 1 0
3446 24 9 0 -1
3447 17 30 0 1
3448 20 33 -1 0
3449 52 15 1 0
3450 35 17 -1 0
3451 28 33 -1 0
3452 41 30 1 0
3453 25 2 0 1
3454 95 39 0 -1
3455 21 14 0 -1
3456 35 12 0 1
3457 34 14 0 1
3458 31 16 -1 0
3459 20 19 0 -1
3460 39 31 0 -1
3461 25 0 1 0
3462 49 2 0 -1
3463 2 35 0 -1
3464 39 10 0 1
3465 29 39 1 0
3466 6 19 0 1
3467 40 24 1 0
3468 47 37 -1 0
3469 26 6 -1 0
3470 39 24 0 -1
3471 27 32 0 -1
3472 24 7 1 0
3473 26 38 0 -1
3474 19 29 0 1
3475 27 1 0 1
3476 43 12 1 0
3477 20 4 0 1
3478 30 7 0 -1
3479 43 20 1 0
3480 49 39 -1 0
3481 16 31 0 1
3482 27 21 0 -1
3483 25 15 -1 0
3484 47 8 -1 0
3485 46 22 -1 0
3486 29 23 0 1
3487 21 18 -1 0
3488 45 26 -1 0
3489 30 15 0 1
3490 40 12 0 -1
3491 39 3 0 1
3492 21 14 0 -1
3493 36 5 -1 0
3494 42 26 1 0
3495 39 36 -1 0
3496 45 21 -1 0
3497 13 27 -1 0
3498 47 20 -1 0
3499 42 32 0 1
3500 30 35 0 -1
3501 53 1 -1 0
3502 38 12 0 -1
3503 36 30 0 -1
3504 35 31 -1 0
3505 22 35 0 1
3506 45 22 0 -1
3507 50 18 1 0
3508 11 26 1 0
3509 33 21 0 -1
3510 46 30 -1 0
3511 36 21 1 0
3512 88 27 0 -1
3513 49 19 0 1
3514 24 5 -1 0
3515 20 19 0 -1
3516 37 26 0 1
3517 25 30 0 1
3518 45 29 -1 0
3519 41 23 0 1
3520 39 5 1 0
3521 21 36 1 0
3522 34 9 0 1
3523 12 26 1 0
3524 27 2 -1 0
3525 93 0 0 -1
3526 52 18 0 -1
3527 30 26 1 0
3528 22 32 0 1
3529 17 25 -1 0
3530 28 38 0 -1
3531 4 24 0 -1
3532 49 19 -1 0
3533 22 23 1 0
3534 41 5 -1 0
3535 44 27 -1 0
3536 24 39 1 0
3537 39 17 1 0
3538 52 14 1 0
3539 41 33 1 0
3540 36 33 0 1
3541 23 33 -1 0
3542 38 37 -1 0
3543 48 12 0 1
3544 17 34 0 -1
3545 31 34 -1 0
3546 93 35 1 0
3547 37 8 1 0
3548 12 27 1 0
3549 87 20 0 -1
3550 39 7 1 0
3551 43 24 -1 0
3552 50 19 0 -1
3553 28 37 0 -1
3554 31 27 -1 0
3555 40 13 1 0
3556 37 22 0 1
3557 36 38 -1 0
3558 32 6 0 1
3559 34 16 -1 0
3560 38 14 1 0
3561 95 37 0 1
3562 40 17 0 -1
3563 46 9 0 -1
3564 27 18 0 1
3565 27 32 0 1
3566 35 26 0 1
3567 36 9 0 -1
3568 43 15 -1 0
3569 48 13 -1 0
3570 43 38 0 1
3571 31 17 -1 0
3572 27 9 -1 0
3573 27 19 1 0
3574 47 22 -1 0
3575 40 9 0 -1
3576 34 27 0 1
3577 16 29 1 0
3578 41 29 0 1
3579 43 22 0 1
3580 44 28 0 1
3581 53 17 -1 0
3582 50 1 1 0
3583 21 4 1 0
3584 28 18 0 1
3585 0 38 -1 0
3586 23 2 1 0
3587 90 12 0 -1
3588 2 35 -1 0
3589 13 27 1 0
3590 34 27 -1 0
3591 31 2 0 1
3592 23 31 0 1
3593 94 34 0 1
3594 7 24 -1 0
3595 26 34 0 -1
3596 23 10 -1 0
3597 10 26 1 0
3598 47 3 1 0
3599 8 20 0 1
