0 43 9 -1 0
1 21 26 1 0
2 90 16 0 -1
3 56 16 -1 0
4 50 7 -1 0
5 13 9 1 0
6 43 34 0 -1
7 67 16 -1 0
8 59 19 1 0
9 83 5 -1 0
10 20 1 0 -1
11 21 36 0 -1
12 32 19 -1 0
13 48 32 1 0
14 22 23 0 1
15 65 8 0 1
16 77 35 1 0
17 38 24 -1 0
18 42 26 0 1
19 3 3 1 0
20 44 16 0 1
21 83 14 0 1
22 43 8 0 -1
23 21 19 0 1
24 47 11 1 0
25 47 29 -1 0
26 40 18 -1 0
27 91 15 1 0
28 28 10 0 -1
29 25 15 1 0
30 27 13 0 -1
31 64 3 0 -1
32 90 8 1 0
33 98 25 0 1
34 30 32 0 -1
35 61 0 1 0
36 91 38 -1 0
37 79 18 0 1
38 43 5 -1 0
39 74 7 -1 0
40 89 7 1 0
41 1 11 0 1
42 0 15 -1 0
43 22 31 0 -1
44 84 36 0 -1
45 51 5 1 0
46 39 26 -1 0
47 61 18 0 1
48 18 38 1 0
49 4 37 0 -1
50 40 3 0 1
51 25 14 -1 0
52 52 12 -1 0
53 12 26 1 0
54 39 5 0 1
55 38 22 -1 0
56 82 31 0 1
57 8 24 1 0
58 42 10 -1 0
59 66 1 0 -1
60 23 32 1 0
61 41 23 0 -1
62 16 29 0 -1
63 29 0 1 0
64 16 18 1 0
65 26 8 1 0
66 29 3 0 -1
67 36 32 -1 0
68 11 0 1 0
69 26 18 0 1
70 17 21 -1 0
71 36 28 1 0
72 38 2 0 1
73 11 14 0 1
74 97 6 1 0
75 9 11 -1 0
76 7 0 0 1
77 20 38 0 -1
78 0 3 0 1
79 17 16 1 0
80 34 15 0 1
81 40 23 0 -1
82 80 39 1 0
83 91 39 0 1
84 86 22 -1 0
85 31 6 0 -1
86 41 27 1 0
87 45 13 0 1
88 56 30 0 -1
89 37 13 -1 0
90 70 37 -1 0
91 84 3 0 1
92 13 0 -1 0
93 43 35 0 -1
94 38 3 -1 0
95 90 11 -1 0
96 46 20 1 0
97 76 14 -1 0
98 18 16 -1 0
99 60 10 -1 0
100 79 10 1 0
101 78 33 0 -1
102 46 10 0 -1
103 9 10 0 1
104 5 19 0 -1
105 90 22 1 0
106 24 13 0 -1
107 42 9 0 -1
108 97 23 0 1
109 27 2 1 0
110 44 4 -1 0
111 44 30 0 -1
112 42 10 0 -1
113 79 37 1 0
114 44 12 1 0
115 56 22 0 -1
116 27 38 0 -1
117 62 39 1 0
118 36 4 0 1
119 22 24 0 -1
120 15 21 0 1
121 6 0 0 1
122 23 0 1 0
123 96 21 1 0
124 43 18 1 0
125 1 31 -1 0
126 18 36 0 -1
127 8 11 -1 0
128 11 39 1 0
129 31 32 1 0
130 18 6 0 1
131 12 5 0 1
132 82 12 0 1
133 80 20 1 0
134 92 29 1 0
135 27 39 0 -1
136 28 37 0 -1
137 20 15 -1 0
138 56 22 0 1
139 18 11 -1 0
140 17 20 0 -1
141 2 23 0 1
142 18 13 -1 0
143 3 23 0 -1
144 40 35 1 0
145 60 16 0 1
146 14 35 -1 0
147 63 37 0 -1
148 24 15 0 1
149 92 32 0 -1
150 22 21 0 -1
151 67 6 1 0
152 81 33 0 -1
153 50 10 1 0
154 93 34 1 0
155 5 3 0 1
156 92 37 0 -1
157 26 3 1 0
158 26 3 -1 0
159 26 15 1 0
160 4 37 1 0
161 80 13 -1 0
162 2 36 -1 0
163 78 11 0 1
164 66 31 -1 0
165 86 11 0 1
166 90 8 -1 0
167 28 27 0 1
168 94 25 0 -1
169 49 3 1 0
170 4 33 1 0
171 7 24 1 0
172 88 37 0 -1
173 75 8 1 0
174 22 38 1 0
175 42 38 0 1
176 42 4 0 -1
177 45 20 -1 0
178 56 33 0 1
179 19 3 0 -1
180 51 0 0 1
181 5 9 -1 0
182 51 29 -1 0
183 33 1 0 1
184 35 34 -1 0
185 6 12 0 -1
186 27 35 -1 0
187 20 37 0 -1
188 27 6 0 1
189 90 38 0 -1
190 90 38 -1 0
191 29 15 0 1
192 89 29 1 0
193 92 35 -1 0
194 40 24 -1 0
195 81 6 -1 0
196 79 17 0 -1
197 21 31 0 1
198 75 10 1 0
199 7 11 -1 0
200 41 12 1 0
201 29 26 1 0
202 18 29 -1 0
203 85 14 -1 0
204 24 31 0 1
205 81 18 0 1
206 91 39 -1 0
207 46 24 -1 0
208 16 21 -1 0
209 61 25 0 -1
210 14 0 -1 0
211 65 30 0 1
212 21 39 -1 0
213 87 36 0 1
214 73 11 0 -1
215 46 0 -1 0
216 94 5 1 0
217 52 4 0 1
218 23 7 1 0
219 53 30 1 0
220 11 22 1 0
221 88 33 0 -1
222 93 25 0 1
223 25 9 0 1
224 18 5 -1 0
225 74 21 -1 0
226 42 18 0 1
227 53 22 1 0
228 30 24 1 0
229 53 14 -1 0
230 23 35 0 1
231 19 4 1 0
232 70 26 -1 0
233 30 31 1 0
234 25 33 0 -1
235 49 31 1 0
236 96 13 1 0
237 33 30 -1 0
238 36 35 0 1
239 46 0 -1 0
240 95 23 -1 0
241 3 35 1 0
242 24 26 0 -1
243 39 19 0 -1
244 91 4 1 0
245 31 24 0 1
246 32 16 0 1
247 9 23 0 -1
248 19 0 1 0
249 29 18 1 0
250 90 11 0 1
251 80 4 0 1
252 71 25 0 1
253 3 24 1 0
254 35 27 0 -1
255 8 3 0 1
256 5 12 -1 0
257 84 25 0 -1
258 75 21 -1 0
259 46 22 0 1
260 98 33 -1 0
261 13 30 0 1
262 21 3 0 -1
263 36 17 0 -1
264 33 5 0 1
265 10 31 0 -1
266 95 14 1 0
267 98 23 0 1
268 42 9 0 1
269 80 6 0 -1
270 1 29 1 0
271 44 31 0 1
272 6 31 -1 0
273 44 38 0 -1
274 26 16 1 0
275 5 25 0 -1
276 75 10 1 0
277 72 32 1 0
278 45 3 -1 0
279 79 11 1 0
280 12 18 0 1
281 24 35 0 -1
282 67 25 0 -1
283 43 29 -1 0
284 9 9 0 1
285 80 26 1 0
286 44 19 0 -1
287 39 34 0 1
288 20 15 0 1
289 91 28 1 0
290 82 18 0 -1
291 91 34 0 -1
292 26 31 1 0
293 68 29 1 0
294 30 34 0 -1
295 42 32 0 1
296 45 19 -1 0
297 97 20 1 0
298 18 0 1 0
299 2 17 1 0
300 76 36 0 -1
301 95 17 1 0
302 71 30 0 1
303 18 4 -1 0
304 12 31 -1 0
305 53 22 0 -1
306 25 32 0 -1
307 18 14 -1 0
308 59 17 0 -1
309 41 20 0 -1
310 13 30 -1 0
311 4 22 -1 0
312 18 10 -1 0
313 78 13 -1 0
314 95 4 -1 0
315 51 33 0 -1
316 41 30 -1 0
317 38 14 -1 0
318 39 8 0 -1
319 49 17 -1 0
320 8 6 0 -1
321 86 26 -1 0
322 10 33 0 -1
323 9 2 0 -1
324 23 32 1 0
325 78 11 0 1
326 64 31 1 0
327 39 36 0 1
328 48 34 1 0
329 16 7 0 -1
330 36 22 0 -1
331 3 5 1 0
332 22 14 -1 0
333 73 28 1 0
334 51 38 -1 0
335 25 7 0 1
336 52 33 0 1
337 37 35 0 -1
338 14 9 0 1
339 27 30 -1 0
340 22 0 -1 0
341 37 8 1 0
342 17 34 1 0
343 94 32 -1 0
344 46 1 -1 0
345 90 39 1 0
346 11 35 0 1
347 67 31 1 0
348 98 36 1 0
349 0 32 -1 0
350 5 4 0 1
351 54 8 -1 0
352 16 20 -1 0
353 23 31 0 1
354 50 16 0 -1
355 26 2 0 1
356 17 18 -1 0
357 28 39 1 0
358 40 26 0 -1
359 2 11 -1 0
360 42 39 0 -1
361 25 27 0 -1
362 50 32 -1 0
363 14 17 0 1
364 73 23 0 -1
365 10 35 0 -1
366 42 31 0 1
367 19 11 0 -1
368 67 6 0 1
369 28 17 0 1
370 94 29 0 1
371 52 1 0 -1
372 92 36 0 1
373 66 32 0 -1
374 47 24 1 0
375 93 26 -1 0
376 4 39 1 0
377 96 20 1 0
378 87 1 1 0
379 72 31 1 0
380 24 27 0 1
381 39 24 1 0
382 99 0 1 0
383 41 35 -1 0
384 9 27 -1 0
385 85 30 0 -1
386 85 4 -1 0
387 96 0 1 0
388 76 4 0 -1
389 87 35 1 0
390 48 28 0 1
391 27 12 1 0
392 50 4 -1 0
393 71 33 0 -1
394 24 15 0 -1
395 18 24 1 0
396 75 21 0 -1
397 24 7 0 1
398 23 7 0 -1
399 25 8 1 0
400 28 36 1 0
401 4 0 0 -1
402 21 25 0 -1
403 92 11 1 0
404 25 23 0 -1
405 27 32 1 0
406 37 25 0 -1
407 25 4 -1 0
408 51 1 -1 0
409 71 30 0 -1
410 4 32 1 0
411 84 28 0 1
412 22 5 -1 0
413 83 30 -1 0
414 56 26 -1 0
415 10 36 0 1
416 50 6 -1 0
417 37 8 1 0
418 25 35 0 1
419 92 12 0 1
420 41 3 -1 0
421 52 31 0 1
422 83 0 1 0
423 41 16 1 0
424 94 23 -1 0
425 37 1 0 1
426 12 24 0 1
427 40 34 1 0
428 2 19 0 1
429 75 2 -1 0
430 48 38 1 0
431 98 16 -1 0
432 27 28 0 -1
433 84 21 1 0
434 15 7 1 0
435 10 6 -1 0
436 13 5 1 0
437 39 8 1 0
438 64 21 0 -1
439 64 15 0 -1
440 42 32 0 1
441 34 23 1 0
442 97 4 1 0
443 60 32 0 -1
444 63 8 1 0
445 7 28 1 0
446 81 18 -1 0
447 79 9 1 0
448 45 9 1 0
449 41 24 0 1
450 26 8 -1 0
451 49 34 -1 0
452 35 5 -1 0
453 89 2 -1 0
454 84 25 0 1
455 40 7 -1 0
456 99 32 0 -1
457 73 1 1 0
458 18 38 0 -1
459 55 30 0 1
460 72 32 0 1
461 40 39 1 0
462 51 4 0 1
463 2 34 0 1
464 11 7 1 0
465 22 1 1 0
466 20 18 0 -1
467 61 29 0 -1
468 67 31 -1 0
469 43 0 0 -1
470 46 6 0 1
471 45 23 -1 0
472 38 20 0 -1
473 45 15 -1 0
474 40 4 0 -1
475 46 38 -1 0
476 46 2 1 0
477 40 5 -1 0
478 15 35 0 1
479 15 19 0 1
480 9 33 1 0
481 26 29 0 1
482 62 14 0 1
483 69 36 0 1
484 20 7 1 0
485 12 11 0 1
486 64 25 -1 0
487 70 5 0 -1
488 87 39 0 -1
489 22 17 0 -1
490 90 18 1 0
491 15 13 1 0
492 93 39 1 0
493 85 32 -1 0
494 51 33 1 0
495 92 35 -1 0
496 72 36 0 -1
497 25 13 0 1
498 30 28 1 0
499 89 4 -1 0
500 48 28 -1 0
501 54 31 1 0
502 84 33 0 1
503 56 5 0 -1
504 76 18 -1 0
505 38 17 1 0
506 60 22 1 0
507 75 27 0 -1
508 37 24 -1 0
509 66 23 -1 0
510 51 8 0 -1
511 9 10 0 -1
512 89 15 0 -1
513 64 20 -1 0
514 90 21 0 -1
515 41 25 0 -1
516 26 12 1 0
517 2 9 1 0
518 1 34 1 0
519 37 10 0 1
520 6 35 0 1
521 7 21 0 -1
522 51 35 -1 0
523 41 22 0 1
524 83 31 0 -1
525 32 19 0 -1
526 47 34 0 1
527 8 16 -1 0
528 17 18 0 1
529 53 6 -1 0
530 1 28 -1 0
531 39 12 -1 0
532 20 5 0 -1
533 66 21 0 1
534 23 25 0 1
535 62 26 0 -1
536 24 37 0 1
537 48 29 1 0
538 58 8 0 1
539 52 25 1 0
540 50 20 -1 0
541 32 27 1 0
542 40 16 0 -1
543 49 25 1 0
544 44 1 -1 0
545 88 4 0 1
546 88 33 0 1
547 18 2 0 -1
548 17 31 1 0
549 28 26 1 0
550 25 15 -1 0
551 51 26 1 0
552 37 30 0 1
553 10 20 1 0
554 39 11 0 -1
555 98 32 0 -1
556 9 11 0 -1
557 40 23 1 0
558 86 14 0 1
559 39 11 1 0
560 26 19 -1 0
561 19 7 0 1
562 11 6 0 1
563 12 36 -1 0
564 26 27 1 0
565 79 34 0 -1
566 55 30 -1 0
567 97 9 0 -1
568 49 35 -1 0
569 94 17 0 1
570 27 37 1 0
571 55 10 0 -1
572 75 25 1 0
573 18 32 0 1
574 24 12 1 0
575 72 23 1 0
576 9 36 0 1
577 5 29 -1 0
578 29 35 0 1
579 2 19 -1 0
580 91 0 -1 0
581 95 8 1 0
582 94 21 1 0
583 2 33 0 -1
584 79 39 1 0
585 37 20 0 -1
586 3 36 1 0
587 23 38 -1 0
588 26 37 0 -1
589 84 37 0 -1
590 47 6 0 1
591 41 25 -1 0
592 31 32 0 1
593 24 34 0 -1
594 21 12 0 -1
595 42 32 0 -1
596 44 39 1 0
597 36 2 -1 0
598 38 16 0 1
599 40 18 0 1
600 83 2 1 0
601 63 7 0 -1
602 24 32 0 1
603 91 18 0 -1
604 87 28 0 1
605 27 22 -1 0
606 50 9 0 -1
607 86 31 1 0
608 23 24 0 -1
609 37 14 0 -1
610 19 35 0 -1
611 41 0 -1 0
612 46 5 0 1
613 14 10 1 0
614 54 1 -1 0
615 99 14 1 0
616 3 31 0 1
617 99 36 1 0
618 76 25 0 -1
619 38 0 1 0
620 56 14 0 -1
621 68 18 0 -1
622 46 33 -1 0
623 37 32 0 -1
624 17 13 1 0
625 5 0 1 0
626 47 34 -1 0
627 2 39 0 -1
628 37 34 0 1
629 22 33 0 -1
630 87 7 0 1
631 46 31 0 1
632 9 33 0 -1
633 46 39 -1 0
634 21 8 -1 0
635 17 33 0 -1
636 32 29 0 -1
637 27 10 0 1
638 5 28 -1 0
639 27 6 -1 0
640 12 25 1 0
641 99 25 0 -1
642 55 15 1 0
643 44 13 -1 0
644 85 32 -1 0
645 43 13 1 0
646 58 13 1 0
647 48 11 0 -1
648 18 38 0 -1
649 70 29 1 0
650 25 4 0 -1
651 48 30 0 -1
652 40 8 -1 0
653 12 32 -1 0
654 93 18 -1 0
655 15 10 0 1
656 33 32 1 0
657 86 35 1 0
658 22 15 0 1
659 58 34 0 -1
660 3 29 1 0
661 40 31 -1 0
662 41 22 0 1
663 0 13 1 0
664 16 39 0 -1
665 89 21 0 1
666 34 21 1 0
667 76 28 1 0
668 65 11 0 -1
669 2 16 0 1
670 40 34 0 -1
671 49 8 -1 0
672 31 12 1 0
673 43 23 0 1
674 97 23 0 -1
675 22 2 -1 0
676 43 19 0 -1
677 40 11 -1 0
678 33 2 0 -1
679 80 38 0 1
680 19 5 -1 0
681 45 29 1 0
682 44 34 0 -1
683 25 17 -1 0
684 44 23 0 -1
685 50 9 0 1
686 34 1 1 0
687 34 25 0 1
688 48 18 0 1
689 41 17 0 1
690 94 30 0 -1
691 61 39 -1 0
692 54 34 0 -1
693 33 21 1 0
694 22 34 -1 0
695 89 10 1 0
696 38 23 0 1
697 26 28 0 1
698 97 7 0 -1
699 89 34 1 0
700 7 6 0 -1
701 24 36 0 1
702 42 24 0 1
703 19 20 1 0
704 35 22 -1 0
705 43 33 1 0
706 97 29 0 1
707 86 11 0 1
708 38 9 -1 0
709 56 33 1 0
710 49 12 0 -1
711 72 23 1 0
712 92 34 -1 0
713 23 11 0 -1
714 57 16 0 1
715 40 36 -1 0
716 22 30 0 1
717 76 6 0 1
718 31 16 0 -1
719 41 23 -1 0
720 26 4 1 0
721 63 16 1 0
722 49 3 -1 0
723 90 14 -1 0
724 92 26 0 -1
725 41 38 -1 0
726 12 37 1 0
727 51 39 0 -1
728 43 38 0 -1
729 86 9 0 1
730 54 36 -1 0
731 19 24 0 1
732 98 34 1 0
733 93 11 0 1
734 18 13 -1 0
735 2 6 0 1
736 13 1 0 1
737 25 33 0 -1
738 8 39 0 1
739 75 6 -1 0
740 26 1 -1 0
741 93 21 -1 0
742 26 20 0 -1
743 62 3 -1 0
744 43 11 1 0
745 24 19 0 1
746 7 31 0 1
747 25 27 1 0
748 42 34 -1 0
749 95 25 0 -1
750 41 2 0 -1
751 26 20 0 -1
752 72 28 0 -1
753 90 22 0 -1
754 59 19 0 -1
755 19 30 0 1
756 3 19 1 0
757 46 5 1 0
758 4 4 -1 0
759 20 23 0 -1
760 36 34 1 0
761 13 30 0 1
762 33 17 0 1
763 79 35 1 0
764 31 21 1 0
765 60 39 0 -1
766 95 3 1 0
767 36 4 1 0
768 8 4 1 0
769 26 22 0 1
770 90 9 0 1
771 84 8 1 0
772 43 39 0 1
773 84 26 1 0
774 73 1 0 -1
775 47 6 -1 0
776 37 35 1 0
777 97 37 0 1
778 95 19 0 1
779 69 28 0 -1
780 23 34 0 1
781 24 3 1 0
782 28 1 -1 0
783 31 22 0 -1
784 46 32 0 -1
785 21 22 1 0
786 14 15 0 -1
787 22 11 -1 0
788 97 38 -1 0
789 4 16 0 1
790 81 18 0 1
791 96 9 1 0
792 42 18 0 1
793 59 9 1 0
794 99 19 0 -1
795 35 5 1 0
796 91 34 -1 0
797 39 21 -1 0
798 96 29 0 1
799 92 36 -1 0
800 5 27 0 1
801 9 34 1 0
802 41 1 1 0
803 43 19 0 -1
804 65 36 1 0
805 69 22 0 1
806 53 4 0 1
807 24 38 0 1
808 12 19 -1 0
809 18 37 -1 0
810 32 2 1 0
811 80 23 1 0
812 34 5 1 0
813 27 10 1 0
814 11 21 0 -1
815 41 13 -1 0
816 48 16 1 0
817 62 7 0 -1
818 73 1 1 0
819 83 39 0 -1
820 24 26 -1 0
821 15 2 0 -1
822 95 13 1 0
823 40 20 0 1
824 34 17 0 -1
825 77 21 1 0
826 71 4 -1 0
827 3 16 0 -1
828 2 24 0 -1
829 51 0 0 1
830 39 17 1 0
831 49 17 0 1
832 19 2 -1 0
833 42 12 1 0
834 95 36 -1 0
835 92 19 0 1
836 34 21 -1 0
837 18 8 0 1
838 84 36 1 0
839 58 4 -1 0
840 45 8 0 1
841 55 6 0 -1
842 65 5 0 1
843 58 32 0 -1
844 23 6 0 1
845 54 39 0 1
846 36 3 -1 0
847 67 7 0 1
848 21 1 -1 0
849 83 25 0 -1
850 77 35 1 0
851 26 29 1 0
852 26 8 1 0
853 43 20 0 1
854 62 32 0 1
855 40 14 0 -1
856 47 2 0 -1
857 16 9 0 -1
858 2 22 -1 0
859 92 29 1 0
860 40 14 -1 0
861 89 28 0 -1
862 28 29 1 0
863 38 23 0 1
864 4 17 0 1
865 26 27 -1 0
866 45 34 0 -1
867 93 26 0 1
868 73 7 1 0
869 59 25 0 -1
870 8 19 1 0
871 8 24 -1 0
872 16 36 1 0
873 81 3 1 0
874 86 25 0 -1
875 30 19 1 0
876 89 5 1 0
877 89 28 0 1
878 49 20 0 -1
879 78 15 0 -1
880 40 37 -1 0
881 42 27 1 0
882 16 5 1 0
883 38 28 0 -1
884 25 14 1 0
885 83 7 0 -1
886 48 20 0 1
887 41 0 0 1
888 8 22 0 1
889 36 24 1 0
890 82 34 0 1
891 80 21 -1 0
892 26 30 0 1
893 46 14 1 0
894 61 38 0 -1
895 33 20 0 -1
896 74 8 1 0
897 14 16 0 -1
898 23 4 0 1
899 36 14 1 0
900 28 32 1 0
901 80 12 0 1
902 46 25 0 -1
903 9 10 0 1
904 89 32 0 -1
905 27 10 0 1
906 5 30 -1 0
907 56 24 1 0
908 23 9 0 1
909 83 26 0 1
910 70 38 0 -1
911 55 5 0 -1
912 45 2 1 0
913 24 23 -1 0
914 35 0 1 0
915 75 28 1 0
916 37 35 1 0
917 80 20 0 1
918 54 9 0 1
919 0 33 0 -1
920 27 21 0 -1
921 96 21 -1 0
922 36 32 0 1
923 39 28 -1 0
924 2 33 1 0
925 44 17 0 -1
926 50 16 0 1
927 39 10 0 1
928 83 2 1 0
929 42 2 1 0
930 41 12 -1 0
931 35 26 0 -1
932 77 33 1 0
933 52 24 1 0
934 31 9 1 0
935 16 30 1 0
936 45 31 1 0
937 95 3 0 -1
938 52 6 0 -1
939 33 30 0 1
940 43 5 0 1
941 23 17 1 0
942 29 37 0 1
943 35 16 0 1
944 29 7 1 0
945 88 37 -1 0
946 72 32 1 0
947 43 31 0 1
948 83 27 0 -1
949 96 3 1 0
950 19 5 1 0
951 20 15 0 1
952 20 10 1 0
953 15 15 0 -1
954 24 20 0 -1
955 17 37 0 1
956 83 16 1 0
957 43 14 -1 0
958 67 22 0 -1
959 35 12 0 1
960 85 0 0 1
961 88 6 0 -1
962 16 34 -1 0
963 25 24 0 1
964 58 3 0 -1
965 62 38 0 -1
966 47 3 -1 0
967 86 26 1 0
968 31 33 0 1
969 42 34 -1 0
970 33 0 0 1
971 38 25 0 -1
972 7 25 -1 0
973 13 36 1 0
974 3 24 1 0
975 40 37 0 -1
976 99 2 -1 0
977 10 3 0 1
978 14 21 0 1
979 42 27 -1 0
980 17 9 1 0
981 10 7 0 -1
982 1 33 0 -1
983 3 17 1 0
984 35 4 1 0
985 20 33 -1 0
986 22 29 0 1
987 20 16 1 0
988 79 1 1 0
989 36 9 -1 0
990 42 12 -1 0
991 25 20 0 -1
992 57 0 1 0
993 83 26 -1 0
994 99 16 -1 0
995 63 33 1 0
996 40 22 -1 0
997 18 12 -1 0
998 20 11 -1 0
999 29 4 0 -1
1000 82 30 0 -1
1001 42 23 -1 0
1002 40 37 -1 0
1003 27 12 0 1
1004 12 24 -1 0
1005 28 26 1 0
1006 84 24 1 0
1007 39 23 -1 0
1008 38 25 0 1
1009 25 16 -1 0
1010 4 8 1 0
1011 26 2 1 0
1012 57 24 1 0
1013 44 10 0 1
1014 2 1 0 -1
1015 87 39 0 1
1016 68 1 0 1
1017 76 11 0 1
1018 96 0 1 0
1019 44 26 1 0
1020 36 37 0 1
1021 78 31 0 -1
1022 38 38 0 -1
1023 92 7 0 1
1024 88 37 -1 0
1025 30 30 1 0
1026 19 0 1 0
1027 6 23 -1 0
1028 27 35 1 0
1029 20 20 1 0
1030 3 7 0 -1
1031 69 29 0 1
1032 90 13 0 1
1033 23 38 0 1
1034 68 25 -1 0
1035 15 4 1 0
1036 53 7 0 -1
1037 61 33 0 -1
1038 71 19 -1 0
1039 44 25 0 1
1040 35 3 -1 0
1041 62 32 1 0
1042 8 6 0 1
1043 31 16 0 -1
1044 19 38 1 0
1045 82 15 0 1
1046 12 5 1 0
1047 10 39 0 -1
1048 36 5 -1 0
1049 55 24 0 -1
1050 40 38 -1 0
1051 19 1 1 0
1052 10 25 0 -1
1053 46 1 0 1
1054 48 8 0 1
1055 50 9 1 0
1056 47 15 -1 0
1057 22 1 -1 0
1058 5 27 1 0
1059 60 32 1 0
1060 81 15 1 0
1061 40 20 -1 0
1062 43 2 -1 0
1063 6 7 1 0
1064 86 33 0 -1
1065 4 17 -1 0
1066 42 13 0 1
1067 11 29 1 0
1068 73 39 0 -1
1069 69 8 0 1
1070 48 6 0 1
1071 88 34 1 0
1072 39 4 0 1
1073 26 37 0 1
1074 39 37 0 -1
1075 36 35 1 0
1076 82 32 0 1
1077 38 36 0 1
1078 40 33 1 0
1079 17 11 -1 0
1080 68 25 0 1
1081 83 20 0 1
1082 37 7 0 -1
1083 19 17 1 0
1084 23 5 0 -1
1085 25 35 0 1
1086 83 25 0 1
1087 81 5 -1 0
1088 55 17 1 0
1089 45 1 0 -1
1090 85 34 1 0
1091 26 9 -1 0
1092 95 34 -1 0
1093 32 10 0 1
1094 57 36 -1 0
1095 42 3 -1 0
1096 43 22 0 1
1097 11 17 0 1
1098 75 2 0 1
1099 36 30 -1 0
1100 18 27 1 0
1101 89 38 0 -1
1102 93 27 -1 0
1103 39 8 1 0
1104 36 15 -1 0
1105 11 17 0 1
1106 39 10 -1 0
1107 52 20 0 -1
1108 28 13 1 0
1109 52 39 -1 0
1110 1 25 1 0
1111 40 30 -1 0
1112 72 24 0 -1
1113 59 26 0 -1
1114 40 22 0 -1
1115 30 31 0 -1
1116 25 23 -1 0
1117 4 2 0 -1
1118 0 11 0 1
1119 91 2 -1 0
1120 91 3 1 0
1121 11 10 1 0
1122 68 38 -1 0
1123 37 21 0 1
1124 42 18 0 1
1125 56 38 -1 0
1126 21 2 0 -1
1127 3 4 0 -1
1128 23 38 0 1
1129 41 30 0 -1
1130 4 1 0 1
1131 28 15 0 -1
1132 92 2 0 1
1133 10 37 0 1
1134 87 22 -1 0
1135 21 16 -1 0
1136 90 6 1 0
1137 8 8 -1 0
1138 21 19 0 1
1139 23 20 0 1
1140 52 30 0 -1
1141 53 28 0 1
1142 6 31 0 -1
1143 99 34 1 0
1144 91 6 -1 0
1145 21 4 0 1
1146 44 37 -1 0
1147 10 16 1 0
1148 88 21 0 1
1149 61 0 1 0
1150 47 28 -1 0
1151 30 15 -1 0
1152 40 10 -1 0
1153 74 8 0 1
1154 27 38 0 -1
1155 25 10 1 0
1156 66 30 0 -1
1157 39 4 0 1
1158 27 24 0 -1
1159 98 38 0 -1
1160 97 5 0 1
1161 98 36 0 1
1162 25 37 -1 0
1163 97 27 -1 0
1164 53 27 1 0
1165 33 7 1 0
1166 26 4 0 -1
1167 20 19 1 0
1168 61 13 1 0
1169 62 18 -1 0
1170 98 35 -1 0
1171 48 3 0 1
1172 85 31 0 1
1173 6 1 0 1
1174 29 12 0 -1
1175 44 20 0 -1
1176 12 11 -1 0
1177 51 33 0 1
1178 49 12 0 -1
1179 24 9 0 -1
1180 2 21 0 1
1181 47 16 -1 0
1182 40 22 1 0
1183 86 36 1 0
1184 91 7 1 0
1185 43 13 -1 0
1186 48 39 0 1
1187 65 23 1 0
1188 42 6 -1 0
1189 94 25 1 0
1190 45 35 0 -1
1191 89 9 0 -1
1192 90 12 0 1
1193 56 9 1 0
1194 99 26 -1 0
1195 49 33 1 0
1196 83 12 0 -1
1197 38 15 0 -1
1198 93 29 0 1
1199 22 39 0 -1
1200 3 15 1 0
1201 89 3 1 0
1202 27 28 1 0
1203 23 25 0 -1
1204 14 14 0 -1
1205 73 20 1 0
1206 41 9 0 1
1207 31 7 1 0
1208 25 7 0 1
1209 45 37 0 1
1210 9 12 0 -1
1211 83 25 0 -1
1212 57 23 0 1
1213 6 39 0 1
1214 52 30 0 -1
1215 91 36 0 1
1216 16 27 1 0
1217 74 19 -1 0
1218 21 15 -1 0
1219 41 1 1 0
1220 19 34 -1 0
1221 73 29 -1 0
1222 44 33 0 1
1223 21 20 0 1
1224 20 21 0 1
1225 71 0 1 0
1226 13 6 0 -1
1227 48 2 1 0
1228 22 24 -1 0
1229 84 15 0 -1
1230 23 35 0 1
1231 91 8 0 -1
1232 80 21 0 -1
1233 57 29 1 0
1234 73 31 1 0
1235 25 29 0 -1
1236 95 4 0 -1
1237 22 14 1 0
1238 23 26 0 -1
1239 88 2 -1 0
1240 28 22 1 0
1241 71 32 0 -1
1242 47 30 0 1
1243 66 2 -1 0
1244 69 10 0 1
1245 52 3 -1 0
1246 7 30 -1 0
1247 5 32 0 -1
1248 16 39 -1 0
1249 99 13 1 0
1250 21 3 -1 0
1251 62 23 1 0
1252 23 34 0 1
1253 55 31 0 1
1254 30 23 0 1
1255 39 29 -1 0
1256 43 34 0 1
1257 93 2 1 0
1258 59 28 -1 0
1259 89 6 0 -1
1260 44 12 0 1
1261 45 28 0 1
1262 42 5 0 -1
1263 21 1 -1 0
1264 12 30 0 1
1265 29 34 -1 0
1266 68 26 0 1
1267 53 34 1 0
1268 20 22 0 1
1269 14 33 0 -1
1270 90 6 1 0
1271 70 15 0 -1
1272 44 31 -1 0
1273 9 37 0 -1
1274 20 12 0 1
1275 10 26 1 0
1276 36 1 0 1
1277 92 36 0 -1
1278 38 29 -1 0
1279 21 6 1 0
1280 79 37 0 -1
1281 26 31 0 1
1282 47 3 1 0
1283 28 24 0 -1
1284 66 38 1 0
1285 23 18 1 0
1286 39 7 0 1
1287 84 12 1 0
1288 34 23 0 1
1289 64 18 1 0
1290 24 2 1 0
1291 69 5 0 1
1292 62 23 0 -1
1293 10 4 1 0
1294 80 18 -1 0
1295 28 33 1 0
1296 8 32 1 0
1297 60 29 0 -1
1298 28 26 0 -1
1299 81 36 0 1
1300 41 27 -1 0
1301 82 9 -1 0
1302 43 2 0 1
1303 14 5 1 0
1304 58 8 1 0
1305 94 3 0 1
1306 80 4 -1 0
1307 43 30 -1 0
1308 15 36 0 -1
1309 76 13 -1 0
1310 40 7 -1 0
1311 20 6 1 0
1312 70 22 1 0
1313 50 4 0 -1
1314 17 8 1 0
1315 35 31 -1 0
1316 39 7 0 1
1317 2 3 1 0
1318 45 23 0 -1
1319 1 8 1 0
1320 54 24 1 0
1321 2 6 0 1
1322 52 21 0 1
1323 37 34 0 1
1324 27 27 0 1
1325 9 11 -1 0
1326 12 30 -1 0
1327 36 23 0 -1
1328 50 21 0 1
1329 34 20 0 -1
1330 9 38 0 -1
1331 16 0 -1 0
1332 60 37 1 0
1333 47 36 0 -1
1334 85 20 -1 0
1335 16 15 0 1
1336 40 4 0 1
1337 35 9 1 0
1338 21 1 1 0
1339 92 17 0 -1
1340 69 26 1 0
1341 23 36 1 0
1342 23 22 0 -1
1343 97 15 1 0
1344 66 26 -1 0
1345 33 29 0 -1
1346 10 9 1 0
1347 27 11 0 1
1348 44 29 0 -1
1349 99 37 0 1
1350 47 35 -1 0
1351 74 35 1 0
1352 65 37 0 1
1353 36 39 -1 0
1354 79 19 0 1
1355 19 35 -1 0
1356 29 14 0 1
1357 28 34 0 -1
1358 31 1 -1 0
1359 6 20 0 -1
1360 22 0 0 1
1361 24 16 -1 0
1362 85 2 0 1
1363 95 19 0 -1
1364 3 9 0 1
1365 0 6 1 0
1366 37 2 -1 0
1367 32 29 1 0
1368 56 8 0 1
1369 38 7 -1 0
1370 47 33 0 -1
1371 43 24 0 1
1372 21 24 1 0
1373 42 10 0 -1
1374 6 19 1 0
1375 38 21 1 0
1376 37 14 0 -1
1377 76 27 1 0
1378 38 4 1 0
1379 48 16 1 0
1380 39 3 -1 0
1381 92 24 1 0
1382 36 33 1 0
1383 39 6 0 1
1384 80 9 1 0
1385 13 1 -1 0
1386 35 22 -1 0
1387 46 16 -1 0
1388 15 11 0 1
1389 47 12 -1 0
1390 13 16 1 0
1391 37 2 -1 0
1392 97 21 -1 0
1393 10 29 1 0
1394 41 1 0 -1
1395 84 1 0 1
1396 24 30 -1 0
1397 40 36 -1 0
1398 18 18 0 1
1399 71 27 0 1
1400 22 24 0 1
1401 20 6 0 -1
1402 70 32 0 -1
1403 39 15 1 0
1404 72 17 1 0
1405 43 6 0 1
1406 10 6 -1 0
1407 5 12 0 -1
1408 0 18 -1 0
1409 46 28 -1 0
1410 32 11 0 -1
1411 8 17 1 0
1412 92 28 0 1
1413 93 33 0 -1
1414 10 26 1 0
1415 16 14 0 1
1416 19 3 0 1
1417 14 32 0 -1
1418 20 35 1 0
1419 31 30 -1 0
1420 81 27 0 1
1421 26 32 0 1
1422 95 1 0 -1
1423 53 4 0 1
1424 96 11 0 -1
1425 30 23 0 -1
1426 38 6 0 -1
1427 35 18 0 -1
1428 39 5 -1 0
1429 22 6 1 0
1430 61 28 1 0
1431 95 33 0 -1
1432 93 24 0 -1
1433 34 36 0 -1
1434 47 23 0 -1
1435 87 29 -1 0
1436 40 27 0 -1
1437 19 27 0 -1
1438 83 22 0 1
1439 14 28 0 1
1440 21 31 -1 0
1441 37 33 0 -1
1442 12 28 0 1
1443 58 18 0 1
1444 43 13 -1 0
1445 82 18 -1 0
1446 45 39 1 0
1447 90 32 0 1
1448 93 22 0 1
1449 50 26 1 0
1450 38 2 0 1
1451 8 10 0 1
1452 32 28 0 -1
1453 87 3 0 1
1454 37 34 1 0
1455 52 6 -1 0
1456 26 9 -1 0
1457 57 24 0 1
1458 48 4 1 0
1459 47 15 1 0
1460 41 10 -1 0
1461 0 34 -1 0
1462 23 17 0 -1
1463 43 1 -1 0
1464 69 7 1 0
1465 41 18 1 0
1466 41 2 0 -1
1467 37 3 0 -1
1468 39 16 0 1
1469 21 33 -1 0
1470 77 5 0 1
1471 2 5 0 -1
1472 17 16 1 0
1473 30 29 0 -1
1474 49 23 -1 0
1475 19 6 1 0
1476 40 3 1 0
1477 37 2 1 0
1478 94 5 1 0
1479 42 30 1 0
1480 42 3 -1 0
1481 10 10 -1 0
1482 23 26 0 -1
1483 64 20 0 -1
1484 17 14 0 -1
1485 28 2 1 0
1486 53 5 0 1
1487 14 32 0 -1
1488 27 12 -1 0
1489 59 6 0 -1
1490 88 15 0 1
1491 46 28 0 -1
1492 46 38 -1 0
1493 27 31 0 1
1494 44 35 -1 0
1495 34 19 1 0
1496 60 17 -1 0
1497 3 13 0 -1
1498 40 27 -1 0
1499 39 4 -1 0
1500 79 31 0 -1
1501 91 32 1 0
1502 76 36 0 1
1503 38 34 -1 0
1504 39 2 -1 0
1505 38 12 1 0
1506 41 2 0 1
1507 47 9 1 0
1508 35 20 1 0
1509 8 17 0 -1
1510 38 15 1 0
1511 16 0 0 -1
1512 30 37 1 0
1513 88 18 0 1
1514 30 33 -1 0
1515 42 0 0 -1
1516 52 5 1 0
1517 22 7 0 -1
1518 56 29 0 -1
1519 54 39 0 -1
1520 57 21 0 1
1521 66 25 0 1
1522 73 38 0 -1
1523 2 30 0 1
1524 97 36 -1 0
1525 72 17 -1 0
1526 86 8 0 1
1527 70 2 -1 0
1528 23 10 0 -1
1529 50 25 0 1
1530 85 37 1 0
1531 96 14 1 0
1532 24 12 0 -1
1533 13 28 0 1
1534 6 13 0 1
1535 39 18 0 1
1536 13 1 -1 0
1537 21 6 0 1
1538 7 23 -1 0
1539 39 31 0 1
1540 44 35 0 1
1541 93 35 0 -1
1542 13 29 -1 0
1543 39 7 0 -1
1544 13 39 0 1
1545 11 13 -1 0
1546 27 29 -1 0
1547 30 25 0 1
1548 22 23 1 0
1549 94 15 -1 0
1550 69 16 -1 0
1551 2 33 -1 0
1552 97 36 1 0
1553 46 30 1 0
1554 66 2 1 0
1555 97 3 -1 0
1556 43 28 0 1
1557 80 7 -1 0
1558 78 33 -1 0
1559 81 25 0 -1
1560 77 31 0 -1
1561 79 30 0 -1
1562 2 6 0 -1
1563 45 1 1 0
1564 56 34 0 1
1565 89 16 0 -1
1566 23 6 -1 0
1567 56 3 1 0
1568 20 10 0 -1
1569 40 2 0 1
1570 46 6 -1 0
1571 18 24 0 1
1572 30 34 0 1
1573 19 29 0 1
1574 40 3 -1 0
1575 42 16 0 -1
1576 30 8 0 1
1577 9 13 -1 0
1578 42 34 -1 0
1579 27 16 -1 0
1580 84 10 1 0
1581 83 19 0 -1
1582 27 33 0 1
1583 16 1 1 0
1584 27 27 1 0
1585 25 24 -1 0
1586 1 14 0 -1
1587 55 26 1 0
1588 42 31 1 0
1589 39 14 0 -1
1590 53 23 1 0
1591 56 19 0 -1
1592 87 31 1 0
1593 55 37 1 0
1594 2 18 0 -1
1595 39 29 0 -1
1596 14 28 1 0
1597 40 31 0 -1
1598 45 37 -1 0
1599 65 7 0 -1
1600 49 20 -1 0
1601 31 27 0 -1
1602 69 1 1 0
1603 39 28 1 0
1604 40 4 0 1
1605 39 24 0 -1
1606 92 12 -1 0
1607 25 39 1 0
1608 3 12 1 0
1609 45 5 -1 0
1610 67 37 0 1
1611 53 1 -1 0
1612 39 37 -1 0
1613 90 36 0 -1
1614 17 37 -1 0
1615 93 29 -1 0
1616 58 29 1 0
1617 85 38 1 0
1618 37 1 -1 0
1619 6 30 -1 0
1620 3 35 0 1
1621 19 14 -1 0
1622 76 17 0 -1
1623 25 27 1 0
1624 38 18 1 0
1625 82 13 -1 0
1626 16 39 0 1
1627 50 18 0 1
1628 98 17 0 -1
1629 22 31 1 0
1630 49 8 -1 0
1631 29 30 0 1
1632 9 35 0 1
1633 33 17 0 1
1634 8 32 0 1
1635 2 19 1 0
1636 38 1 0 1
1637 13 11 1 0
1638 32 25 0 1
1639 11 33 -1 0
1640 25 5 1 0
1641 1 12 0 1
1642 52 10 1 0
1643 3 16 1 0
1644 19 26 -1 0
1645 73 10 0 1
1646 26 14 0 1
1647 20 32 0 1
1648 53 8 -1 0
1649 31 5 0 1
1650 29 25 1 0
1651 96 9 -1 0
1652 4 19 0 -1
1653 42 0 -1 0
1654 57 18 -1 0
1655 96 7 0 1
1656 1 2 -1 0
1657 94 2 -1 0
1658 4 27 -1 0
1659 95 23 1 0
1660 27 39 -1 0
1661 60 8 0 1
1662 12 28 1 0
1663 14 27 0 -1
1664 21 24 0 -1
1665 19 39 -1 0
1666 4 38 -1 0
1667 41 24 -1 0
1668 8 34 1 0
1669 29 2 0 1
1670 93 37 -1 0
1671 97 3 1 0
1672 28 13 -1 0
1673 34 37 0 1
1674 90 2 -1 0
1675 2 24 1 0
1676 92 29 -1 0
1677 16 11 0 1
1678 50 36 -1 0
1679 76 9 -1 0
1680 82 7 0 1
1681 36 17 1 0
1682 45 27 0 1
1683 14 35 1 0
1684 87 26 -1 0
1685 47 26 -1 0
1686 46 22 -1 0
1687 8 22 -1 0
1688 38 6 -1 0
1689 41 24 0 -1
1690 91 22 0 -1
1691 80 36 0 -1
1692 21 36 1 0
1693 47 18 0 1
1694 2 4 0 1
1695 29 35 1 0
1696 13 15 0 -1
1697 43 37 1 0
1698 21 24 1 0
1699 97 5 0 1
1700 12 33 0 -1
1701 18 22 0 -1
1702 60 1 1 0
1703 40 17 1 0
1704 54 17 0 1
1705 40 28 -1 0
1706 55 8 -1 0
1707 3 25 1 0
1708 40 24 0 -1
1709 53 36 0 1
1710 89 36 0 1
1711 83 11 0 -1
1712 22 17 0 -1
1713 29 31 1 0
1714 31 28 0 -1
1715 42 37 -1 0
1716 58 17 0 -1
1717 44 5 0 1
1718 35 32 -1 0
1719 76 20 0 1
1720 53 12 0 1
1721 5 9 0 1
1722 83 12 0 -1
1723 11 32 1 0
1724 84 27 1 0
1725 38 8 1 0
1726 78 29 0 -1
1727 27 8 0 1
1728 48 14 0 -1
1729 13 16 -1 0
1730 43 16 -1 0
1731 6 10 0 -1
1732 14 18 -1 0
1733 76 19 1 0
1734 37 11 1 0
1735 8 15 -1 0
1736 96 8 -1 0
1737 37 19 -1 0
1738 77 10 0 -1
1739 44 32 0 1
1740 76 0 0 -1
1741 17 9 -1 0
1742 2 7 0 -1
1743 13 11 0 1
1744 13 35 0 -1
1745 77 31 0 1
1746 43 2 0 -1
1747 92 12 1 0
1748 13 35 0 -1
1749 41 25 0 -1
1750 30 10 -1 0
1751 16 3 1 0
1752 81 12 1 0
1753 70 35 0 1
1754 42 11 -1 0
1755 19 23 1 0
1756 71 25 0 1
1757 77 31 0 -1
1758 51 26 0 1
1759 42 24 0 1
1760 42 30 -1 0
1761 29 11 0 1
1762 82 30 -1 0
1763 94 25 -1 0
1764 25 39 1 0
1765 15 3 1 0
1766 25 20 1 0
1767 20 2 0 -1
1768 89 15 0 -1
1769 16 27 1 0
1770 25 11 1 0
1771 1 29 1 0
1772 17 17 0 1
1773 79 37 0 1
1774 19 29 0 1
1775 88 28 1 0
1776 38 16 0 -1
1777 23 4 1 0
1778 26 15 -1 0
1779 15 6 1 0
1780 31 21 0 -1
1781 62 19 0 1
1782 34 32 -1 0
1783 66 21 -1 0
1784 90 4 0 1
1785 31 24 0 1
1786 40 24 0 -1
1787 41 4 -1 0
1788 95 7 0 -1
1789 15 24 1 0
1790 74 28 0 1
1791 37 29 0 -1
1792 6 15 1 0
1793 77 16 1 0
1794 73 36 0 1
1795 46 8 0 -1
1796 18 30 -1 0
1797 41 10 0 1
1798 88 24 0 1
1799 49 16 -1 0
1800 48 19 0 1
1801 3 0 0 -1
1802 8 26 1 0
1803 22 26 1 0
1804 83 1 -1 0
1805 71 38 0 -1
1806 27 20 0 1
1807 6 29 0 1
1808 65 25 0 -1
1809 20 21 0 -1
1810 21 29 0 1
1811 18 11 0 -1
1812 21 37 1 0
1813 15 30 -1 0
1814 50 7 0 1
1815 38 26 0 1
1816 2 31 1 0
1817 40 19 -1 0
1818 4 19 -1 0
1819 21 38 1 0
1820 61 14 -1 0
1821 22 8 -1 0
1822 37 9 0 -1
1823 4 31 -1 0
1824 89 8 0 1
1825 77 3 0 1
1826 69 8 0 1
1827 48 22 -1 0
1828 39 39 0 -1
1829 33 5 0 -1
1830 21 7 0 -1
1831 85 38 1 0
1832 47 9 0 1
1833 43 14 -1 0
1834 89 30 0 -1
1835 46 35 -1 0
1836 9 16 0 -1
1837 37 1 0 1
1838 38 1 0 -1
1839 42 6 -1 0
1840 40 17 1 0
1841 22 29 -1 0
1842 6 17 0 1
1843 40 0 1 0
1844 31 0 0 1
1845 70 12 0 -1
1846 40 21 0 1
1847 94 10 0 -1
1848 39 23 0 1
1849 15 29 -1 0
1850 48 15 0 1
1851 29 4 0 1
1852 41 7 -1 0
1853 47 24 0 1
1854 98 3 0 -1
1855 73 10 0 -1
1856 38 23 -1 0
1857 24 30 1 0
1858 16 1 0 -1
1859 26 15 1 0
1860 25 4 0 1
1861 22 33 -1 0
1862 6 38 -1 0
1863 85 18 -1 0
1864 25 10 1 0
1865 33 10 1 0
1866 7 36 1 0
1867 7 35 0 1
1868 88 7 0 1
1869 50 13 0 -1
1870 37 33 0 1
1871 33 6 1 0
1872 15 1 0 1
1873 5 38 0 1
1874 23 24 -1 0
1875 94 26 0 -1
1876 33 32 0 1
1877 37 29 -1 0
1878 40 21 0 1
1879 97 1 -1 0
1880 28 29 0 -1
1881 47 28 -1 0
1882 57 3 1 0
1883 6 11 1 0
1884 22 28 0 1
1885 63 23 0 1
1886 38 34 0 -1
1887 46 31 1 0
1888 41 10 0 -1
1889 44 27 0 1
1890 95 33 1 0
1891 82 17 0 -1
1892 20 1 0 1
1893 40 21 -1 0
1894 52 27 -1 0
1895 95 39 0 1
1896 37 12 0 1
1897 41 22 0 1
1898 54 21 0 -1
1899 3 9 -1 0
1900 91 11 0 1
1901 65 34 -1 0
1902 15 2 1 0
1903 12 34 0 1
1904 88 36 0 1
1905 25 8 0 -1
1906 82 20 1 0
1907 62 6 0 1
1908 41 30 0 -1
1909 20 21 0 -1
1910 21 11 1 0
1911 17 2 -1 0
1912 9 28 0 -1
1913 39 16 -1 0
1914 51 36 0 -1
1915 17 31 0 1
1916 85 27 0 1
1917 46 24 0 1
1918 45 9 1 0
1919 74 29 1 0
1920 89 4 1 0
1921 96 31 1 0
1922 40 16 0 1
1923 82 29 0 1
1924 75 12 1 0
1925 41 17 -1 0
1926 97 7 -1 0
1927 91 16 1 0
1928 58 28 1 0
1929 45 5 1 0
1930 31 30 -1 0
1931 48 37 0 1
1932 28 20 0 -1
1933 68 10 0 1
1934 10 15 -1 0
1935 25 0 1 0
1936 19 2 1 0
1937 42 1 0 -1
1938 33 6 1 0
1939 15 8 1 0
1940 29 6 0 -1
1941 45 11 -1 0
1942 29 32 0 -1
1943 63 0 1 0
1944 16 20 1 0
1945 12 29 0 1
1946 67 17 -1 0
1947 59 2 1 0
1948 6 22 0 -1
1949 39 38 0 -1
1950 2 13 0 1
1951 43 31 1 0
1952 11 26 1 0
1953 88 30 0 1
1954 22 38 0 -1
1955 66 39 0 1
1956 97 21 -1 0
1957 28 37 0 -1
1958 65 33 -1 0
1959 25 16 0 1
1960 21 11 1 0
1961 53 27 1 0
1962 11 32 -1 0
1963 26 25 -1 0
1964 43 8 1 0
1965 1 13 -1 0
1966 41 23 1 0
1967 84 34 0 1
1968 0 24 0 1
1969 19 0 0 1
1970 79 18 1 0
1971 44 12 0 1
1972 73 33 -1 0
1973 46 21 -1 0
1974 99 22 -1 0
1975 99 14 1 0
1976 19 34 -1 0
1977 21 27 -1 0
1978 20 5 -1 0
1979 84 29 1 0
1980 39 21 -1 0
1981 48 36 1 0
1982 13 37 0 -1
1983 28 21 0 1
1984 13 8 0 1
1985 13 33 0 -1
1986 1 20 0 -1
1987 47 23 1 0
1988 18 7 1 0
1989 75 10 -1 0
1990 27 31 -1 0
1991 1 6 0 1
1992 57 31 -1 0
1993 55 19 1 0
1994 4 0 0 -1
1995 28 6 1 0
1996 39 28 -1 0
1997 16 30 0 -1
1998 83 26 0 -1
1999 14 36 0 1
