0 18 13 0 1
1 72 12 0 -1
2 24 14 0 -1
3 26 19 1 0
4 38 16 1 0
5 41 2 0 -1
6 20 34 1 0
7 99 38 0 -1
8 96 9 -1 0
9 88 13 0 1
10 12 8 0 -1
11 75 3 -1 0
12 28 28 0 1
13 54 20 -1 0
14 40 28 -1 0
15 44 16 0 1
16 31 33 0 1
17 3 5 0 -1
18 88 20 0 1
19 49 23 0 -1
20 1 3 -1 0
21 38 3 -1 0
22 26 8 1 0
23 56 5 -1 0
24 25 11 1 0
25 32 7 -1 0
26 38 8 -1 0
27 53 13 -1 0
28 77 9 0 1
29 25 34 0 1
30 23 0 1 0
31 30 16 1 0
32 47 21 1 0
33 68 38 1 0
34 11 32 1 0
35 50 0 0 1
36 46 30 0 -1
37 71 28 -1 0
38 64 0 0 1
39 58 10 -1 0
40 42 28 0 -1
41 62 19 -1 0
42 23 19 -1 0
43 20 25 1 0
44 44 20 0 -1
45 23 19 0 1
46 25 5 0 1
47 74 36 1 0
48 88 36 -1 0
49 50 15 1 0
50 43 25 0 1
51 82 1 1 0
52 14 25 0 -1
53 9 32 0 1
54 9 10 1 0
55 39 20 0 -1
56 58 30 0 1
57 37 34 0 -1
58 38 17 0 -1
59 56 23 0 1
60 36 22 0 -1
61 40 24 0 1
62 99 10 0 1
63 6 19 0 -1
64 15 7 0 1
65 51 16 0 1
66 46 15 0 1
67 49 11 -1 0
68 19 19 -1 0
69 48 39 1 0
70 76 18 1 0
71 41 26 0 -1
72 82 10 1 0
73 25 6 0 1
74 45 11 0 1
75 26 33 1 0
76 59 0 0 -1
77 36 10 0 1
78 70 2 0 1
79 75 9 0 1
80 74 5 1 0
81 28 16 1 0
82 28 0 1 0
83 10 4 0 1
84 46 39 -1 0
85 20 2 -1 0
86 21 28 0 -1
87 66 24 -1 0
88 52 22 0 1
89 94 11 -1 0
90 32 9 0 -1
91 27 26 0 -1
92 1 33 1 0
93 82 5 -1 0
94 59 14 -1 0
95 45 39 0 1
96 47 21 0 1
97 87 9 0 -1
98 36 28 0 1
99 53 36 0 1
100 9 38 0 -1
101 29 13 0 1
102 28 31 0 -1
103 32 27 1 0
104 54 29 -1 0
105 0 11 -1 0
106 28 7 1 0
107 21 20 0 1
108 15 16 0 1
109 98 11 0 1
110 67 38 0 1
111 2 25 0 -1
112 22 12 0 -1
113 22 22 0 -1
114 4 7 1 0
115 51 4 0 -1
116 86 38 0 1
117 98 35 -1 0
118 85 36 0 1
119 46 32 0 -1
120 41 28 0 -1
121 26 10 1 0
122 44 9 1 0
123 41 14 0 1
124 65 7 0 1
125 30 28 1 0
126 12 28 -1 0
127 83 14 0 -1
128 91 15 0 1
129 8 15 0 -1
130 35 4 0 -1
131 39 4 0 -1
132 54 27 0 -1
133 93 18 0 1
134 76 39 1 0
135 12 25 0 -1
136 83 14 1 0
137 42 38 0 1
138 17 27 0 1
139 99 20 -1 0
140 43 34 0 1
141 35 18 0 1
142 20 15 0 -1
143 39 13 0 1
144 58 25 0 -1
145 28 37 -1 0
146 1 3 -1 0
147 52 1 -1 0
148 85 37 0 1
149 94 8 0 -1
150 21 27 0 1
151 11 9 -1 0
152 18 22 -1 0
153 91 29 1 0
154 23 1 -1 0
155 18 30 0 1
156 93 15 0 -1
157 76 13 -1 0
158 42 21 0 -1
159 93 4 0 1
160 45 2 0 -1
161 48 33 0 -1
162 9 21 0 -1
163 84 20 1 0
164 28 9 0 1
165 16 30 0 -1
166 85 30 1 0
167 92 9 -1 0
168 46 8 -1 0
169 40 22 0 -1
170 36 1 1 0
171 87 39 0 -1
172 27 13 -1 0
173 20 31 1 0
174 30 21 0 -1
175 43 5 1 0
176 42 6 0 -1
177 44 10 -1 0
178 23 26 1 0
179 10 13 -1 0
180 60 4 0 -1
181 95 30 0 -1
182 62 15 0 1
183 37 26 0 -1
184 9 36 0 1
185 59 33 0 -1
186 27 9 0 1
187 14 39 -1 0
188 40 4 1 0
189 78 35 -1 0
190 4 32 1 0
191 27 23 -1 0
192 5 7 0 1
193 41 27 0 1
194 28 24 -1 0
195 43 14 0 -1
196 73 12 1 0
197 91 12 0 1
198 87 19 1 0
199 12 25 0 1
200 36 4 0 -1
201 29 15 1 0
202 39 23 0 1
203 24 9 0 1
204 25 18 0 1
205 74 6 0 1
206 25 10 -1 0
207 4 19 0 1
208 1 21 1 0
209 8 17 0 1
210 19 29 0 1
211 79 15 0 -1
212 51 14 0 -1
213 72 17 1 0
214 8 32 -1 0
215 42 37 0 -1
216 89 29 0 -1
217 54 18 0 -1
218 12 12 0 -1
219 56 30 0 -1
220 49 22 1 0
221 29 20 0 -1
222 28 11 0 -1
223 41 20 1 0
224 61 4 0 -1
225 98 37 0 1
226 93 36 0 -1
227 14 16 -1 0
228 90 9 1 0
229 55 28 0 1
230 23 5 -1 0
231 17 8 0 1
232 41 27 0 -1
233 39 4 0 -1
234 10 4 1 0
235 15 1 0 1
236 24 30 0 -1
237 60 36 0 -1
238 83 3 -1 0
239 98 29 1 0
240 45 32 0 1
241 42 32 -1 0
242 43 2 0 -1
243 26 27 0 1
244 8 11 1 0
245 72 1 -1 0
246 71 30 0 -1
247 49 22 0 1
248 21 21 0 -1
249 53 23 0 -1
250 26 31 1 0
251 39 22 -1 0
252 87 38 0 1
253 39 29 0 -1
254 94 27 1 0
255 43 21 1 0
256 70 38 -1 0
257 28 23 -1 0
258 5 32 0 1
259 9 24 0 1
260 50 9 1 0
261 39 25 -1 0
262 92 2 0 -1
263 45 39 -1 0
264 1 22 0 -1
265 16 24 1 0
266 99 22 -1 0
267 78 29 0 1
268 56 0 -1 0
269 25 27 -1 0
270 47 17 1 0
271 32 6 -1 0
272 42 13 1 0
273 3 38 0 -1
274 14 29 -1 0
275 19 1 0 1
276 28 33 0 -1
277 30 7 0 1
278 56 19 -1 0
279 59 23 0 -1
280 25 38 0 1
281 20 2 0 1
282 15 11 1 0
283 29 21 -1 0
284 51 29 -1 0
285 16 37 0 1
286 20 22 0 -1
287 23 13 1 0
288 5 36 -1 0
289 29 33 -1 0
290 50 37 -1 0
291 27 7 0 1
292 29 2 -1 0
293 39 11 -1 0
294 59 22 1 0
295 74 23 -1 0
296 3 5 -1 0
297 53 17 -1 0
298 72 17 -1 0
299 23 21 0 1
300 17 37 0 1
301 41 32 0 1
302 7 3 -1 0
303 26 13 1 0
304 42 20 -1 0
305 13 33 0 1
306 73 25 -1 0
307 60 39 -1 0
308 88 27 0 -1
309 37 1 0 -1
310 51 38 0 -1
311 23 18 -1 0
312 19 18 0 1
313 51 37 1 0
314 69 28 1 0
315 96 31 1 0
316 46 14 1 0
317 25 5 1 0
318 29 10 1 0
319 82 9 0 1
320 27 10 -1 0
321 22 37 1 0
322 22 30 1 0
323 12 33 0 1
324 89 14 1 0
325 0 31 0 -1
326 83 28 0 1
327 16 21 0 -1
328 4 26 0 -1
329 41 16 0 1
330 59 24 0 -1
331 73 38 0 1
332 91 2 1 0
333 25 32 0 -1
334 42 6 1 0
335 24 22 0 -1
336 40 30 0 -1
337 85 31 -1 0
338 26 19 0 1
339 76 12 1 0
340 21 29 1 0
341 79 27 1 0
342 27 12 -1 0
343 11 9 0 1
344 22 20 -1 0
345 30 34 1 0
346 31 18 1 0
347 18 10 0 1
348 58 21 -1 0
349 38 5 1 0
350 27 12 0 -1
351 84 34 1 0
352 29 0 1 0
353 53 32 0 -1
354 45 18 1 0
355 82 37 1 0
356 46 4 0 -1
357 31 32 0 -1
358 27 9 -1 0
359 22 36 1 0
360 96 23 -1 0
361 52 4 -1 0
362 37 2 1 0
363 37 17 1 0
364 43 17 0 -1
365 92 33 0 1
366 51 10 0 1
367 17 19 0 1
368 69 38 0 1
369 83 23 0 -1
370 17 31 0 -1
371 19 30 1 0
372 3 0 0 -1
373 77 3 -1 0
374 19 7 0 -1
375 85 11 0 -1
376 73 37 0 1
377 41 34 0 -1
378 16 4 0 -1
379 68 38 0 1
380 20 18 1 0
381 2 20 1 0
382 4 20 -1 0
383 26 3 1 0
384 5 23 0 -1
385 76 19 0 1
386 28 5 -1 0
387 2 19 1 0
388 58 17 0 -1
389 32 12 1 0
390 3 15 -1 0
391 91 1 0 -1
392 29 33 1 0
393 96 5 1 0
394 9 39 0 -1
395 40 26 0 -1
396 27 1 -1 0
397 42 34 0 -1
398 28 13 1 0
399 24 10 -1 0
400 19 27 -1 0
401 70 0 -1 0
402 43 36 0 -1
403 95 8 0 -1
404 13 23 -1 0
405 81 4 -1 0
406 41 36 -1 0
407 9 28 0 -1
408 13 21 0 1
409 25 39 -1 0
410 36 38 0 1
411 31 24 1 0
412 19 0 1 0
413 37 35 -1 0
414 36 27 0 -1
415 39 7 -1 0
416 25 18 0 -1
417 41 10 -1 0
418 26 35 -1 0
419 36 6 0 -1
420 21 37 0 1
421 14 35 0 -1
422 17 26 -1 0
423 63 2 1 0
424 38 22 1 0
425 84 29 -1 0
426 30 32 -1 0
427 4 5 0 -1
428 17 16 1 0
429 39 34 -1 0
430 99 32 1 0
431 19 8 0 -1
432 99 9 1 0
433 84 17 -1 0
434 36 3 0 1
435 27 23 -1 0
436 38 20 0 -1
437 29 10 -1 0
438 49 37 1 0
439 74 38 -1 0
440 22 36 0 1
441 17 12 0 1
442 51 16 -1 0
443 25 31 -1 0
444 78 30 0 1
445 95 12 0 1
446 37 23 -1 0
447 30 27 0 1
448 57 17 -1 0
449 66 6 0 -1
450 10 17 0 -1
451 54 6 0 -1
452 71 25 0 -1
453 38 39 -1 0
454 25 13 1 0
455 52 37 -1 0
456 41 12 0 -1
457 16 11 1 0
458 26 3 0 -1
459 26 6 -1 0
460 52 34 1 0
461 38 15 -1 0
462 45 22 0 -1
463 78 5 0 -1
464 24 32 1 0
465 39 34 -1 0
466 45 9 0 1
467 54 7 1 0
468 92 16 0 1
469 98 0 0 1
470 78 39 0 1
471 14 3 0 -1
472 12 32 0 -1
473 22 36 -1 0
474 44 6 0 1
475 41 26 0 1
476 88 5 -1 0
477 26 12 0 -1
478 49 18 -1 0
479 96 7 0 -1
480 3 13 1 0
481 44 8 -1 0
482 79 36 0 1
483 20 22 -1 0
484 28 7 0 -1
485 53 27 -1 0
486 39 24 0 1
487 72 19 0 1
488 42 23 0 1
489 1 29 1 0
490 52 9 0 1
491 42 33 -1 0
492 30 1 0 1
493 41 3 0 -1
494 75 28 -1 0
495 43 37 -1 0
496 7 12 0 1
497 85 34 0 -1
498 25 8 -1 0
499 42 35 1 0
500 78 16 0 -1
501 50 20 0 -1
502 29 24 0 -1
503 73 23 0 1
504 11 21 -1 0
505 15 3 0 -1
506 9 13 1 0
507 50 3 0 -1
508 9 22 0 1
509 41 22 1 0
510 60 29 0 -1
511 27 30 0 -1
512 4 7 1 0
513 37 11 0 1
514 80 20 -1 0
515 10 12 0 1
516 19 1 1 0
517 20 1 1 0
518 53 7 0 1
519 26 10 1 0
520 24 5 0 1
521 78 39 0 1
522 50 11 1 0
523 27 27 0 -1
524 13 2 0 1
525 26 0 0 -1
526 39 12 1 0
527 12 30 0 1
528 30 4 -1 0
529 24 18 -1 0
530 26 37 0 -1
531 57 14 -1 0
532 38 7 1 0
533 40 35 0 -1
534 44 18 1 0
535 75 1 0 -1
536 13 8 1 0
537 94 28 1 0
538 61 28 -1 0
539 29 9 1 0
540 79 25 0 -1
541 70 24 0 -1
542 40 13 1 0
543 85 35 -1 0
544 45 27 -1 0
545 97 20 0 1
546 10 29 -1 0
547 86 9 1 0
548 23 13 0 -1
549 5 12 0 1
550 15 36 0 -1
551 40 6 -1 0
552 53 18 0 1
553 80 7 1 0
554 42 17 0 1
555 18 39 1 0
556 4 18 -1 0
557 72 27 1 0
558 41 34 0 1
559 71 31 -1 0
560 61 19 0 -1
561 26 9 -1 0
562 28 11 0 -1
563 70 11 0 -1
564 29 21 0 -1
565 53 16 1 0
566 42 28 0 -1
567 16 24 1 0
568 99 9 1 0
569 92 13 0 1
570 99 0 -1 0
571 38 2 -1 0
572 14 2 0 -1
573 42 25 -1 0
574 54 19 1 0
575 39 26 0 1
576 28 12 1 0
577 25 27 0 -1
578 25 2 0 1
579 62 29 1 0
580 46 16 -1 0
581 27 11 0 -1
582 29 35 0 -1
583 20 23 0 -1
584 17 11 0 1
585 78 24 0 1
586 56 9 0 -1
587 12 30 0 -1
588 31 26 0 1
589 46 2 0 1
590 2 13 -1 0
591 38 9 -1 0
592 16 34 0 -1
593 12 30 0 1
594 43 37 0 -1
595 44 3 1 0
596 31 37 1 0
597 38 25 -1 0
598 95 24 0 1
599 85 23 1 0
600 41 30 1 0
601 47 37 -1 0
602 30 3 0 1
603 93 17 0 1
604 28 12 0 1
605 3 22 -1 0
606 37 30 1 0
607 26 34 0 -1
608 81 21 -1 0
609 80 26 -1 0
610 0 25 0 -1
611 80 28 0 1
612 29 32 0 1
613 2 33 1 0
614 69 20 -1 0
615 8 37 0 1
616 90 9 -1 0
617 24 31 0 1
618 25 9 0 -1
619 19 19 0 1
620 86 11 1 0
621 61 16 1 0
622 13 21 1 0
623 82 34 0 -1
624 11 16 -1 0
625 44 2 1 0
626 82 18 -1 0
627 97 4 0 -1
628 80 4 0 -1
629 14 4 0 -1
630 43 33 0 1
631 27 0 1 0
632 26 8 -1 0
633 23 22 -1 0
634 39 39 -1 0
635 24 8 -1 0
636 45 6 0 1
637 41 4 1 0
638 37 6 0 -1
639 3 28 0 1
640 9 26 0 1
641 31 35 0 1
642 25 15 -1 0
643 26 1 1 0
644 72 5 -1 0
645 56 8 1 0
646 60 5 0 1
647 28 10 1 0
648 92 8 0 -1
649 49 14 0 -1
650 61 24 0 1
651 27 3 1 0
652 39 21 -1 0
653 62 3 1 0
654 52 16 -1 0
655 7 29 1 0
656 94 39 0 -1
657 81 23 0 1
658 65 0 -1 0
659 40 24 1 0
660 67 2 1 0
661 92 19 1 0
662 5 26 -1 0
663 55 17 1 0
664 5 1 1 0
665 78 10 1 0
666 52 19 0 -1
667 35 21 0 -1
668 13 7 -1 0
669 27 12 1 0
670 32 23 0 -1
671 5 1 0 -1
672 35 22 0 1
673 12 9 -1 0
674 95 21 -1 0
675 55 15 0 -1
676 20 11 1 0
677 90 19 0 1
678 48 36 0 -1
679 16 9 0 -1
680 40 11 -1 0
681 38 11 1 0
682 71 29 1 0
683 87 10 1 0
684 28 29 0 1
685 49 18 1 0
686 73 13 0 -1
687 35 37 0 -1
688 37 23 -1 0
689 41 9 -1 0
690 17 35 -1 0
691 29 11 1 0
692 85 22 0 1
693 38 26 1 0
694 49 28 0 1
695 28 30 0 -1
696 10 9 1 0
697 46 2 0 -1
698 87 38 0 1
699 12 12 -1 0
700 77 34 0 1
701 36 37 -1 0
702 71 10 0 1
703 60 16 1 0
704 28 28 1 0
705 14 22 0 -1
706 27 37 -1 0
707 42 32 -1 0
708 77 11 0 -1
709 29 33 1 0
710 61 24 1 0
711 41 0 0 -1
712 17 12 0 -1
713 94 9 1 0
714 24 23 -1 0
715 52 22 1 0
716 19 15 1 0
717 52 12 1 0
718 25 17 0 -1
719 86 16 -1 0
720 18 33 0 -1
721 0 6 -1 0
722 32 27 -1 0
723 46 28 0 1
724 75 0 0 1
725 71 3 1 0
726 27 22 -1 0
727 35 16 1 0
728 93 14 0 -1
729 16 15 -1 0
730 37 25 1 0
731 42 26 0 1
732 35 14 0 -1
733 30 31 1 0
734 24 16 0 1
735 40 3 0 -1
736 6 21 -1 0
737 1 1 1 0
738 17 38 0 1
739 38 26 1 0
740 4 8 0 1
741 81 7 -1 0
742 26 26 -1 0
743 20 32 0 -1
744 66 37 -1 0
745 15 32 1 0
746 39 0 0 -1
747 23 39 0 1
748 46 31 1 0
749 37 18 -1 0
750 82 27 1 0
751 59 31 -1 0
752 97 37 0 1
753 41 12 -1 0
754 31 14 0 1
755 60 11 -1 0
756 43 13 0 1
757 39 25 0 1
758 57 15 0 1
759 29 1 0 -1
760 14 28 0 1
761 72 25 0 -1
762 71 3 0 -1
763 57 28 -1 0
764 93 10 0 1
765 23 6 0 -1
766 88 29 0 1
767 78 25 0 1
768 10 6 0 -1
769 29 34 0 -1
770 2 0 1 0
771 18 4 0 -1
772 42 17 1 0
773 24 21 1 0
774 44 0 0 -1
775 25 9 0 1
776 41 8 0 -1
777 67 4 -1 0
778 63 1 0 -1
779 60 15 -1 0
780 46 2 0 -1
781 4 30 1 0
782 29 0 0 1
783 93 20 0 1
784 1 9 0 -1
785 15 7 0 1
786 26 39 0 -1
787 43 0 1 0
788 43 4 -1 0
789 83 1 0 1
790 15 12 1 0
791 18 33 1 0
792 43 34 1 0
793 49 32 0 -1
794 22 1 1 0
795 68 37 1 0
796 37 5 1 0
797 41 17 1 0
798 17 10 1 0
799 13 18 0 -1
800 59 19 0 1
801 93 28 0 1
802 3 3 -1 0
803 72 39 1 0
804 39 33 0 1
805 37 32 1 0
806 53 23 0 -1
807 96 9 0 -1
808 61 1 0 1
809 29 2 0 -1
810 2 21 1 0
811 57 25 -1 0
812 5 9 0 -1
813 18 32 -1 0
814 25 25 1 0
815 39 13 0 -1
816 15 8 0 -1
817 52 33 0 -1
818 5 11 -1 0
819 11 2 0 1
820 83 22 -1 0
821 59 15 0 1
822 59 3 0 -1
823 30 1 1 0
824 26 18 1 0
825 13 11 1 0
826 54 10 0 1
827 4 17 1 0
828 37 32 1 0
829 39 6 1 0
830 34 37 -1 0
831 24 20 0 1
832 50 39 0 1
833 20 1 1 0
834 51 15 1 0
835 76 18 0 -1
836 20 14 0 1
837 19 33 -1 0
838 15 33 0 1
839 27 36 1 0
840 98 17 0 -1
841 60 10 -1 0
842 16 9 0 1
843 85 17 -1 0
844 75 11 -1 0
845 42 28 -1 0
846 40 13 0 -1
847 64 5 0 -1
848 38 18 0 1
849 95 8 0 1
850 42 13 0 1
851 81 0 -1 0
852 49 15 0 1
853 86 20 0 1
854 0 28 -1 0
855 43 9 0 -1
856 28 24 -1 0
857 30 27 0 1
858 40 25 0 1
859 92 16 -1 0
860 90 38 1 0
861 91 4 0 1
862 94 20 0 1
863 36 4 0 -1
864 24 24 1 0
865 43 22 -1 0
866 96 32 0 -1
867 40 6 1 0
868 20 35 1 0
869 8 9 0 -1
870 3 31 0 -1
871 97 20 0 -1
872 24 31 0 -1
873 55 4 0 -1
874 24 21 -1 0
875 9 7 -1 0
876 40 26 0 -1
877 46 39 0 1
878 87 18 1 0
879 52 29 1 0
880 1 36 1 0
881 20 5 -1 0
882 26 37 0 1
883 38 34 0 1
884 40 7 1 0
885 18 17 1 0
886 37 1 0 -1
887 29 31 1 0
888 11 1 0 1
889 39 11 -1 0
890 5 28 1 0
891 8 3 1 0
892 80 13 0 -1
893 37 28 0 1
894 62 21 -1 0
895 37 14 -1 0
896 92 20 0 1
897 60 5 0 1
898 20 18 0 1
899 16 29 0 -1
900 94 4 0 1
901 9 23 0 -1
902 45 3 -1 0
903 25 17 1 0
904 19 35 1 0
905 52 2 0 -1
906 27 22 0 1
907 81 29 1 0
908 89 29 0 1
909 30 20 0 1
910 24 13 0 -1
911 47 39 0 -1
912 24 12 1 0
913 69 2 1 0
914 6 26 1 0
915 44 4 1 0
916 24 39 0 1
917 4 31 0 1
918 28 6 1 0
919 8 13 1 0
920 4 16 1 0
921 18 20 -1 0
922 27 2 -1 0
923 74 0 0 -1
924 39 22 -1 0
925 31 38 0 -1
926 95 13 -1 0
927 62 15 -1 0
928 99 9 -1 0
929 38 33 -1 0
930 27 24 0 -1
931 8 16 0 -1
932 26 23 0 1
933 38 23 -1 0
934 98 0 -1 0
935 29 23 0 1
936 43 19 0 -1
937 11 32 0 1
938 68 0 0 1
939 40 29 1 0
940 8 25 -1 0
941 26 13 0 -1
942 42 24 0 1
943 53 27 0 -1
944 9 14 0 1
945 41 33 0 -1
946 42 9 1 0
947 11 1 0 -1
948 11 30 -1 0
949 95 38 0 -1
950 67 2 0 1
951 18 6 -1 0
952 37 3 -1 0
953 87 14 0 1
954 37 13 0 -1
955 41 13 1 0
956 43 33 0 -1
957 26 11 0 -1
958 37 21 1 0
959 35 17 -1 0
960 28 0 -1 0
961 14 21 -1 0
962 79 14 0 -1
963 41 22 -1 0
964 37 26 0 1
965 41 11 0 -1
966 88 34 -1 0
967 39 14 0 1
968 43 4 -1 0
969 19 3 0 1
970 82 2 1 0
971 36 5 0 -1
972 25 1 1 0
973 50 14 -1 0
974 40 7 0 -1
975 26 24 1 0
976 49 26 1 0
977 90 38 0 1
978 59 7 0 1
979 23 13 -1 0
980 56 20 -1 0
981 28 38 0 -1
982 45 0 -1 0
983 44 36 0 1
984 42 36 0 1
985 15 17 0 -1
986 37 35 -1 0
987 23 5 0 1
988 24 8 1 0
989 82 24 0 -1
990 43 7 0 1
991 25 33 -1 0
992 29 8 0 1
993 50 20 0 1
994 36 34 -1 0
995 23 4 0 1
996 51 32 0 -1
997 43 32 0 -1
998 23 0 -1 0
999 64 31 0 1
1000 48 37 0 -1
1001 95 35 0 1
1002 36 28 0 -1
1003 27 5 1 0
1004 11 38 0 -1
1005 30 29 0 1
1006 84 1 -1 0
1007 38 11 0 1
1008 27 11 -1 0
1009 38 37 0 1
1010 90 12 0 -1
1011 29 36 0 1
1012 47 4 0 -1
1013 3 20 1 0
1014 56 37 0 1
1015 73 0 0 1
1016 78 25 0 1
1017 23 8 0 -1
1018 42 27 0 1
1019 98 29 0 -1
1020 42 10 1 0
1021 9 1 0 1
1022 21 35 -1 0
1023 84 10 -1 0
1024 24 23 0 -1
1025 20 20 0 -1
1026 26 20 0 -1
1027 26 36 -1 0
1028 61 33 -1 0
1029 19 18 1 0
1030 87 34 0 1
1031 44 21 0 -1
1032 15 6 -1 0
1033 58 23 1 0
1034 58 24 0 1
1035 28 19 1 0
1036 22 20 -1 0
1037 39 25 1 0
1038 16 12 1 0
1039 42 32 0 1
1040 27 5 -1 0
1041 8 4 0 1
1042 37 7 -1 0
1043 19 3 -1 0
1044 47 22 -1 0
1045 72 31 1 0
1046 22 27 0 -1
1047 86 29 1 0
1048 15 14 0 -1
1049 26 38 0 1
1050 40 25 -1 0
1051 40 22 1 0
1052 4 35 0 -1
1053 56 12 -1 0
1054 47 21 0 1
1055 97 36 -1 0
1056 99 33 0 1
1057 38 18 1 0
1058 53 10 0 1
1059 41 5 -1 0
1060 6 29 0 1
1061 78 19 1 0
1062 71 39 0 -1
1063 86 37 1 0
1064 23 8 1 0
1065 63 30 -1 0
1066 28 31 0 -1
1067 86 19 -1 0
1068 19 26 0 1
1069 51 26 -1 0
1070 99 5 0 1
1071 15 24 1 0
1072 79 23 0 -1
1073 45 5 0 -1
1074 18 39 1 0
1075 42 12 0 -1
1076 56 21 0 -1
1077 78 22 1 0
1078 53 9 -1 0
1079 36 3 0 -1
1080 31 36 -1 0
1081 19 10 0 1
1082 28 39 1 0
1083 52 9 0 1
1084 30 22 0 -1
1085 42 15 1 0
1086 44 23 0 -1
1087 14 39 0 1
1088 11 33 0 -1
1089 31 35 -1 0
1090 7 15 0 1
1091 61 15 -1 0
1092 38 21 0 1
1093 29 16 -1 0
1094 25 36 -1 0
1095 85 23 0 1
1096 47 22 0 -1
1097 17 11 1 0
1098 92 24 0 1
1099 26 25 -1 0
1100 2 34 1 0
1101 22 5 1 0
1102 54 38 -1 0
1103 60 20 -1 0
1104 49 38 0 -1
1105 43 2 0 -1
1106 88 0 0 1
1107 31 10 -1 0
1108 39 6 1 0
1109 66 18 0 -1
1110 28 36 1 0
1111 67 14 0 1
1112 82 20 1 0
1113 29 14 -1 0
1114 50 33 -1 0
1115 45 17 -1 0
1116 76 3 0 -1
1117 39 35 0 1
1118 26 34 1 0
1119 18 29 1 0
1120 4 2 0 1
1121 39 1 0 1
1122 25 11 -1 0
1123 42 16 1 0
1124 20 24 0 -1
1125 46 19 -1 0
1126 50 5 1 0
1127 66 29 1 0
1128 1 16 1 0
1129 95 24 0 -1
1130 67 17 -1 0
1131 2 19 1 0
1132 57 39 -1 0
1133 42 29 -1 0
1134 30 28 0 1
1135 35 14 0 1
1136 43 35 0 1
1137 82 9 0 -1
1138 38 16 0 1
1139 45 7 0 -1
1140 65 9 -1 0
1141 36 29 -1 0
1142 62 37 0 -1
1143 38 9 -1 0
1144 22 28 -1 0
1145 12 20 1 0
1146 22 25 0 -1
1147 5 18 0 1
1148 10 36 1 0
1149 46 18 -1 0
1150 27 38 0 -1
1151 45 18 -1 0
1152 36 20 -1 0
1153 40 10 0 1
1154 27 38 1 0
1155 80 32 -1 0
1156 40 24 0 -1
1157 17 4 0 -1
1158 36 2 0 1
1159 51 37 -1 0
1160 4 37 1 0
1161 26 29 1 0
1162 13 11 -1 0
1163 99 35 1 0
1164 69 31 1 0
1165 5 15 1 0
1166 83 27 0 -1
1167 21 20 1 0
1168 38 23 0 -1
1169 43 18 -1 0
1170 7 6 -1 0
1171 11 25 -1 0
1172 65 7 -1 0
1173 20 11 -1 0
1174 21 2 0 -1
1175 22 22 -1 0
1176 27 33 -1 0
1177 24 34 -1 0
1178 65 4 1 0
1179 23 5 0 -1
1180 29 34 0 -1
1181 79 10 0 -1
1182 99 32 1 0
1183 59 5 -1 0
1184 24 0 -1 0
1185 26 12 0 -1
1186 90 3 0 -1
1187 23 24 0 -1
1188 73 11 0 1
1189 25 10 0 1
1190 78 0 0 -1
1191 36 10 0 1
1192 22 9 0 1
1193 41 21 0 -1
1194 47 8 0 1
1195 25 38 1 0
1196 13 6 0 1
1197 37 22 0 1
1198 0 34 -1 0
1199 74 18 1 0
1200 54 9 1 0
1201 18 1 0 1
1202 76 31 1 0
1203 72 34 0 1
1204 45 8 0 -1
1205 39 27 1 0
1206 36 25 -1 0
1207 37 37 -1 0
1208 96 15 0 1
1209 41 21 0 1
1210 43 8 0 -1
1211 82 11 0 1
1212 29 14 -1 0
1213 74 32 0 1
1214 55 24 0 -1
1215 87 6 0 -1
1216 20 10 1 0
1217 39 10 0 -1
1218 41 8 0 1
1219 96 36 0 1
1220 24 34 0 -1
1221 16 23 1 0
1222 93 39 0 1
1223 65 14 1 0
1224 96 28 0 -1
1225 36 30 -1 0
1226 31 15 1 0
1227 39 15 1 0
1228 27 17 1 0
1229 25 12 0 1
1230 58 28 0 1
1231 26 39 0 -1
1232 39 0 0 1
1233 23 26 1 0
1234 40 29 0 1
1235 26 9 0 1
1236 10 34 -1 0
1237 82 25 -1 0
1238 26 36 1 0
1239 40 10 0 -1
1240 99 22 0 1
1241 30 19 0 -1
1242 41 33 1 0
1243 72 28 1 0
1244 21 33 0 -1
1245 37 11 0 -1
1246 28 34 0 1
1247 42 27 0 1
1248 93 25 -1 0
1249 15 29 0 1
1250 99 31 0 -1
1251 41 30 0 -1
1252 39 14 -1 0
1253 27 27 0 1
1254 28 10 0 -1
1255 1 33 0 -1
1256 31 20 -1 0
1257 40 30 -1 0
1258 25 3 1 0
1259 38 30 1 0
1260 18 32 0 -1
1261 66 2 0 -1
1262 26 32 0 1
1263 20 21 0 1
1264 40 31 1 0
1265 94 1 1 0
1266 5 30 0 -1
1267 35 5 -1 0
1268 42 25 -1 0
1269 35 2 -1 0
1270 28 2 1 0
1271 1 9 0 1
1272 38 38 0 -1
1273 24 12 0 1
1274 27 6 0 -1
1275 28 17 0 -1
1276 6 6 0 -1
1277 7 14 0 1
1278 10 27 1 0
1279 30 8 0 -1
1280 14 30 -1 0
1281 36 1 -1 0
1282 97 26 1 0
1283 38 16 0 1
1284 13 5 0 1
1285 23 37 1 0
1286 69 23 1 0
1287 28 9 -1 0
1288 25 32 -1 0
1289 90 8 1 0
1290 61 20 1 0
1291 32 29 1 0
1292 55 15 0 1
1293 24 14 1 0
1294 40 11 0 1
1295 26 10 0 -1
1296 18 13 0 1
1297 80 18 -1 0
1298 19 18 1 0
1299 88 30 0 -1
1300 50 14 0 1
1301 58 17 0 1
1302 43 3 1 0
1303 74 12 0 1
1304 24 4 -1 0
1305 53 6 -1 0
1306 16 13 1 0
1307 36 18 0 -1
1308 47 0 1 0
1309 62 34 0 1
1310 46 29 0 1
1311 60 18 0 -1
1312 40 4 0 1
1313 18 16 0 1
1314 44 14 1 0
1315 36 2 1 0
1316 27 29 0 -1
1317 18 4 0 -1
1318 24 7 0 1
1319 96 13 -1 0
1320 9 14 1 0
1321 26 20 -1 0
1322 36 16 -1 0
1323 2 7 0 -1
1324 37 14 -1 0
1325 74 6 0 1
1326 17 4 0 -1
1327 97 6 0 1
1328 31 26 0 -1
1329 45 10 -1 0
1330 24 9 0 -1
1331 0 36 0 1
1332 1 28 1 0
1333 98 39 0 1
1334 37 39 0 -1
1335 26 35 0 1
1336 99 7 0 1
1337 44 22 0 -1
1338 29 9 1 0
1339 68 32 0 -1
1340 82 12 1 0
1341 13 1 0 1
1342 27 4 0 1
1343 25 4 0 1
1344 99 7 1 0
1345 0 12 0 1
1346 47 1 1 0
1347 51 34 -1 0
1348 40 25 -1 0
1349 2 32 0 -1
1350 26 22 1 0
1351 31 13 1 0
1352 92 0 1 0
1353 39 0 0 1
1354 29 26 0 -1
1355 37 12 -1 0
1356 2 18 1 0
1357 1 12 0 1
1358 74 28 -1 0
1359 54 7 -1 0
1360 90 31 0 1
1361 39 24 0 1
1362 49 29 0 -1
1363 90 28 -1 0
1364 5 22 -1 0
1365 62 10 0 -1
1366 77 28 0 -1
1367 63 24 -1 0
1368 84 9 0 -1
1369 10 12 -1 0
1370 39 8 0 1
1371 73 3 1 0
1372 26 38 1 0
1373 2 14 1 0
1374 57 4 0 1
1375 91 26 0 -1
1376 45 25 0 1
1377 28 34 1 0
1378 69 29 -1 0
1379 30 28 0 -1
1380 37 15 0 1
1381 26 33 -1 0
1382 21 4 0 -1
1383 30 35 0 -1
1384 41 29 0 -1
1385 36 27 -1 0
1386 3 1 -1 0
1387 62 35 1 0
1388 62 25 0 -1
1389 43 5 1 0
1390 6 27 1 0
1391 8 27 0 1
1392 28 6 0 1
1393 15 33 0 -1
1394 28 13 0 1
1395 16 25 0 1
1396 28 17 0 -1
1397 29 11 0 -1
1398 84 21 0 -1
1399 42 21 1 0
1400 43 35 -1 0
1401 62 5 -1 0
1402 19 6 0 -1
1403 47 1 1 0
1404 26 19 1 0
1405 81 3 0 -1
1406 84 27 0 -1
1407 20 8 1 0
1408 51 33 0 -1
1409 51 37 1 0
1410 24 33 0 1
1411 44 2 0 1
1412 86 35 0 1
1413 7 1 0 1
1414 24 27 0 -1
1415 53 14 -1 0
1416 36 15 1 0
1417 21 22 0 -1
1418 18 21 0 -1
1419 43 33 -1 0
1420 21 19 -1 0
1421 12 6 -1 0
1422 92 11 1 0
1423 31 15 -1 0
1424 50 3 0 -1
1425 99 12 1 0
1426 87 6 1 0
1427 88 8 -1 0
1428 87 9 1 0
1429 98 27 0 -1
1430 23 21 1 0
1431 87 17 -1 0
1432 38 0 1 0
1433 49 15 0 1
1434 24 1 0 -1
1435 27 30 1 0
1436 23 32 -1 0
1437 95 0 0 -1
1438 81 23 0 1
1439 25 36 1 0
1440 41 14 0 -1
1441 98 26 0 1
1442 15 6 0 -1
1443 59 36 -1 0
1444 88 9 1 0
1445 39 11 0 1
1446 21 32 -1 0
1447 39 26 1 0
1448 5 34 -1 0
1449 38 22 -1 0
1450 38 15 0 1
1451 20 8 0 -1
1452 6 38 0 -1
1453 71 28 -1 0
1454 50 35 -1 0
1455 21 28 -1 0
1456 6 25 0 -1
1457 20 16 0 1
1458 1 35 0 -1
1459 93 34 0 1
1460 28 30 0 -1
1461 44 25 1 0
1462 29 8 0 1
1463 41 28 0 -1
1464 27 2 1 0
1465 29 32 1 0
1466 97 20 1 0
1467 57 5 -1 0
1468 49 30 -1 0
1469 39 5 1 0
1470 27 13 0 -1
1471 79 11 -1 0
1472 40 4 0 -1
1473 28 38 1 0
1474 37 0 0 1
1475 57 35 0 -1
1476 31 2 -1 0
1477 41 15 0 -1
1478 84 26 0 1
1479 21 6 0 1
1480 28 10 -1 0
1481 56 21 -1 0
1482 73 12 0 1
1483 24 5 -1 0
1484 27 32 0 -1
1485 30 11 0 -1
1486 29 13 -1 0
1487 50 16 1 0
1488 36 35 1 0
1489 18 27 0 -1
1490 40 5 1 0
1491 78 0 0 1
1492 37 6 1 0
1493 99 27 -1 0
1494 95 11 -1 0
1495 27 10 0 -1
1496 46 24 0 -1
1497 52 6 0 1
1498 24 25 0 -1
1499 60 28 -1 0
1500 83 35 0 1
1501 37 16 -1 0
1502 22 34 -1 0
1503 94 2 1 0
1504 40 15 1 0
1505 79 17 0 1
1506 95 3 0 -1
1507 20 4 0 1
1508 26 25 1 0
1509 16 22 1 0
1510 91 23 0 1
1511 48 10 1 0
1512 20 25 0 -1
1513 68 10 0 1
1514 40 14 1 0
1515 88 8 0 -1
1516 47 18 0 -1
1517 18 29 1 0
1518 91 11 0 -1
1519 19 14 0 1
1520 17 25 0 -1
1521 42 15 0 -1
1522 38 34 1 0
1523 28 29 0 1
1524 13 14 0 1
1525 23 18 1 0
1526 46 25 0 -1
1527 1 10 0 1
1528 64 20 0 -1
1529 99 5 0 -1
1530 19 33 0 1
1531 16 26 0 1
1532 21 13 0 1
1533 24 31 0 1
1534 35 35 0 1
1535 11 1 0 1
1536 18 23 -1 0
1537 95 13 1 0
1538 58 15 1 0
1539 28 31 0 -1
1540 69 22 -1 0
1541 11 14 -1 0
1542 73 37 0 -1
1543 62 6 1 0
1544 46 16 0 1
1545 56 19 -1 0
1546 6 29 -1 0
1547 29 35 0 -1
1548 47 39 0 -1
1549 0 39 0 -1
1550 72 1 1 0
1551 52 8 -1 0
1552 24 9 0 1
1553 29 19 -1 0
1554 5 12 1 0
1555 57 8 0 1
1556 27 39 -1 0
1557 39 24 1 0
1558 46 37 -1 0
1559 57 1 -1 0
1560 18 3 0 1
1561 10 0 0 1
1562 32 18 0 -1
1563 45 25 0 -1
1564 76 28 0 -1
1565 4 14 0 1
1566 26 36 1 0
1567 56 19 0 1
1568 59 16 0 -1
1569 28 37 0 1
1570 39 28 1 0
1571 49 9 1 0
1572 98 26 -1 0
1573 89 36 0 -1
1574 5 8 0 1
1575 35 2 -1 0
1576 52 27 1 0
1577 69 33 1 0
1578 1 14 -1 0
1579 43 23 0 -1
1580 60 39 -1 0
1581 86 19 -1 0
1582 37 37 1 0
1583 21 30 1 0
1584 9 26 0 1
1585 50 5 0 1
1586 37 23 -1 0
1587 19 31 0 1
1588 23 35 0 1
1589 31 21 0 -1
1590 1 21 0 1
1591 38 6 1 0
1592 84 5 0 1
1593 4 19 1 0
1594 27 16 1 0
1595 37 7 0 1
1596 41 22 1 0
1597 6 14 0 1
1598 26 31 0 1
1599 12 31 0 -1
1600 15 8 0 1
1601 23 15 0 -1
1602 38 29 0 -1
1603 29 31 -1 0
1604 62 2 1 0
1605 18 4 0 1
1606 24 33 0 -1
1607 88 21 0 -1
1608 99 15 0 1
1609 40 15 -1 0
1610 75 3 1 0
1611 30 1 -1 0
1612 6 2 1 0
1613 81 16 1 0
1614 45 6 1 0
1615 28 6 1 0
1616 25 24 1 0
1617 84 2 0 -1
1618 64 1 -1 0
1619 24 11 0 1
1620 69 3 -1 0
1621 25 16 1 0
1622 27 16 0 1
1623 85 9 0 -1
1624 14 38 0 -1
1625 67 34 0 -1
1626 76 0 0 -1
1627 27 10 0 1
1628 58 1 1 0
1629 95 15 -1 0
1630 88 33 1 0
1631 41 28 -1 0
1632 48 13 1 0
1633 39 10 1 0
1634 96 5 1 0
1635 31 18 0 1
1636 8 30 -1 0
1637 32 27 0 1
1638 30 3 -1 0
1639 54 6 0 -1
1640 67 27 0 1
1641 6 6 -1 0
1642 29 15 0 -1
1643 28 9 0 1
1644 63 10 0 -1
1645 86 35 0 1
1646 28 30 0 -1
1647 96 13 0 1
1648 0 2 1 0
1649 91 0 0 1
1650 38 1 -1 0
1651 35 34 -1 0
1652 47 12 0 -1
1653 19 33 1 0
1654 92 3 1 0
1655 53 20 1 0
1656 81 16 -1 0
1657 29 0 0 -1
1658 26 20 -1 0
1659 41 26 0 -1
1660 19 9 0 1
1661 8 13 0 1
1662 8 18 1 0
1663 31 16 -1 0
1664 71 36 1 0
1665 87 16 0 -1
1666 30 36 1 0
1667 3 31 0 1
1668 32 1 -1 0
1669 86 13 0 -1
1670 79 35 1 0
1671 14 29 -1 0
1672 31 17 0 -1
1673 40 5 -1 0
1674 2 38 0 -1
1675 45 7 -1 0
1676 29 10 -1 0
1677 40 12 0 -1
1678 24 6 1 0
1679 83 15 0 1
1680 70 19 0 -1
1681 99 3 -1 0
1682 15 2 1 0
1683 99 25 1 0
1684 74 5 1 0
1685 49 8 0 -1
1686 76 22 -1 0
1687 24 19 0 -1
1688 81 14 0 1
1689 85 17 0 1
1690 7 22 -1 0
1691 27 22 0 -1
1692 8 20 1 0
1693 20 21 0 -1
1694 28 24 0 1
1695 14 15 -1 0
1696 43 27 0 -1
1697 91 7 -1 0
1698 77 38 -1 0
1699 45 12 0 -1
1700 44 38 0 1
1701 44 19 0 1
1702 84 35 -1 0
1703 20 24 0 1
1704 98 28 0 1
1705 34 38 0 -1
1706 48 10 0 1
1707 16 9 -1 0
1708 16 6 0 -1
1709 25 14 -1 0
1710 29 12 1 0
1711 66 23 0 -1
1712 50 35 0 -1
1713 37 5 0 1
1714 68 3 1 0
1715 40 13 0 1
1716 21 5 1 0
1717 22 23 0 -1
1718 98 18 0 -1
1719 66 18 -1 0
1720 74 16 -1 0
1721 28 36 -1 0
1722 53 25 0 1
1723 83 39 -1 0
1724 5 25 -1 0
1725 48 27 0 -1
1726 18 22 0 1
1727 44 25 0 1
1728 42 10 -1 0
1729 16 11 -1 0
1730 18 5 -1 0
1731 23 2 0 -1
1732 40 26 0 -1
1733 98 37 0 1
1734 24 29 -1 0
1735 25 31 -1 0
1736 12 23 -1 0
1737 44 21 0 1
1738 50 16 -1 0
1739 59 26 1 0
1740 41 29 0 -1
1741 43 8 0 -1
1742 51 38 1 0
1743 39 2 -1 0
1744 31 33 0 1
1745 44 13 -1 0
1746 41 30 -1 0
1747 97 34 1 0
1748 43 14 0 -1
1749 88 0 0 -1
1750 49 4 1 0
1751 26 24 0 -1
1752 62 25 0 -1
1753 36 9 1 0
1754 26 13 -1 0
1755 49 36 -1 0
1756 21 23 0 1
1757 43 26 0 -1
1758 12 31 -1 0
1759 56 32 1 0
1760 38 13 1 0
1761 2 30 1 0
1762 26 12 0 -1
1763 17 8 -1 0
1764 4 30 0 1
1765 11 33 1 0
1766 25 17 -1 0
1767 22 3 0 1
1768 52 22 -1 0
1769 72 18 -1 0
1770 17 11 1 0
1771 37 31 -1 0
1772 62 36 0 1
1773 43 8 -1 0
1774 40 15 -1 0
1775 3 14 1 0
1776 27 28 -1 0
1777 13 29 0 -1
1778 79 34 0 1
1779 26 34 0 1
1780 41 15 0 1
1781 26 11 0 -1
1782 40 0 0 -1
1783 96 7 -1 0
1784 81 16 -1 0
1785 10 36 -1 0
1786 19 29 1 0
1787 83 24 0 -1
1788 38 37 -1 0
1789 44 32 0 -1
1790 93 19 0 1
1791 49 37 0 1
1792 30 26 0 1
1793 50 30 0 -1
1794 2 34 1 0
1795 5 13 -1 0
1796 40 34 0 -1
1797 25 11 1 0
1798 35 0 0 -1
1799 38 31 1 0
1800 23 17 -1 0
1801 25 28 0 -1
1802 2 33 0 1
1803 5 25 0 1
1804 16 16 0 1
1805 97 30 1 0
1806 5 9 0 1
1807 52 5 -1 0
1808 51 13 0 1
1809 19 22 0 -1
1810 72 9 1 0
1811 30 2 0 -1
1812 3 8 1 0
1813 23 22 1 0
1814 30 35 0 1
1815 39 15 -1 0
1816 85 16 -1 0
1817 29 17 1 0
1818 4 35 1 0
1819 44 0 0 -1
1820 57 30 0 1
1821 11 29 0 1
1822 15 13 0 1
1823 12 37 -1 0
1824 89 38 1 0
1825 43 37 -1 0
1826 12 6 0 1
1827 14 34 0 -1
1828 36 26 0 1
1829 77 17 0 1
1830 90 17 -1 0
1831 32 34 0 -1
1832 35 36 0 -1
1833 27 17 0 -1
1834 36 4 -1 0
1835 24 3 -1 0
1836 92 14 1 0
1837 96 12 0 -1
1838 38 22 0 1
1839 15 36 1 0
1840 0 1 -1 0
1841 40 10 1 0
1842 37 19 -1 0
1843 82 15 0 -1
1844 17 24 1 0
1845 64 11 1 0
1846 28 1 0 -1
1847 7 22 1 0
1848 40 37 0 1
1849 53 22 -1 0
1850 29 4 1 0
1851 25 8 0 -1
1852 99 29 0 -1
1853 53 2 -1 0
1854 10 3 0 -1
1855 20 30 1 0
1856 79 2 0 -1
1857 45 24 -1 0
1858 29 16 0 1
1859 20 29 -1 0
1860 52 34 0 -1
1861 37 9 0 -1
1862 81 36 0 -1
1863 41 5 0 -1
1864 45 30 -1 0
1865 30 29 -1 0
1866 30 38 1 0
1867 99 3 -1 0
1868 14 9 1 0
1869 41 33 0 1
1870 48 21 1 0
1871 91 4 0 -1
1872 81 36 -1 0
1873 40 11 0 -1
1874 12 23 0 -1
1875 87 29 0 -1
1876 27 11 0 -1
1877 92 2 1 0
1878 28 7 1 0
1879 8 25 1 0
1880 99 37 -1 0
1881 36 7 0 1
1882 24 12 1 0
1883 80 30 1 0
1884 22 39 -1 0
1885 41 31 1 0
1886 38 29 -1 0
1887 97 31 -1 0
1888 82 30 -1 0
1889 5 26 -1 0
1890 12 13 0 1
1891 37 37 0 1
1892 90 19 -1 0
1893 23 36 0 1
1894 35 15 1 0
1895 37 2 0 1
1896 1 29 -1 0
1897 9 13 -1 0
1898 38 30 -1 0
1899 15 1 1 0
1900 21 15 1 0
1901 24 33 -1 0
1902 22 10 0 1
1903 85 23 0 1
1904 29 34 -1 0
1905 28 16 0 1
1906 36 30 -1 0
1907 16 32 0 1
1908 65 20 0 1
1909 30 4 -1 0
1910 23 8 0 1
1911 43 12 0 1
1912 1 33 0 1
1913 83 17 1 0
1914 81 33 1 0
1915 84 6 -1 0
1916 46 1 0 1
1917 23 1 0 1
1918 47 39 1 0
1919 84 23 0 1
1920 92 35 1 0
1921 69 18 0 1
1922 3 5 1 0
1923 38 36 0 1
1924 40 18 0 -1
1925 18 34 1 0
1926 38 13 1 0
1927 25 36 0 -1
1928 44 24 0 1
1929 82 3 -1 0
1930 55 9 -1 0
1931 23 25 -1 0
1932 42 26 0 1
1933 81 24 1 0
1934 71 22 1 0
1935 37 38 0 -1
1936 35 23 1 0
1937 26 38 0 1
1938 56 33 1 0
1939 46 3 0 -1
1940 86 19 0 1
1941 27 29 0 -1
1942 27 31 0 1
1943 43 35 0 -1
1944 29 20 1 0
1945 21 33 0 1
1946 15 31 0 1
1947 6 4 1 0
1948 76 29 1 0
1949 28 29 0 1
1950 98 30 1 0
1951 40 37 0 -1
1952 35 20 0 -1
1953 6 9 1 0
1954 39 10 -1 0
1955 49 6 1 0
1956 91 22 0 1
1957 24 11 0 1
1958 4 30 -1 0
1959 40 1 -1 0
1960 10 32 -1 0
1961 5 36 -1 0
1962 30 18 -1 0
1963 10 13 1 0
1964 37 15 0 -1
1965 37 13 0 -1
1966 86 9 1 0
1967 40 1 0 -1
1968 45 23 0 1
1969 37 28 -1 0
1970 6 32 1 0
1971 87 31 1 0
1972 25 2 -1 0
1973 39 27 0 -1
1974 43 19 1 0
1975 22 38 0 -1
1976 78 21 -1 0
1977 85 5 1 0
1978 39 28 0 -1
1979 44 9 -1 0
1980 49 7 0 -1
1981 39 26 0 1
1982 15 3 1 0
1983 82 9 0 -1
1984 50 16 0 1
1985 42 33 -1 0
1986 16 32 -1 0
1987 25 24 -1 0
1988 29 1 -1 0
1989 66 9 -1 0
1990 23 20 0 1
1991 56 29 -1 0
1992 23 14 1 0
1993 44 31 1 0
1994 97 14 -1 0
1995 93 17 -1 0
1996 46 17 0 -1
1997 39 27 1 0
1998 19 38 1 0
1999 11 20 1 0
2000 53 37 0 -1
2001 52 36 0 1
2002 36 6 0 -1
2003 76 7 0 -1
2004 41 18 0 -1
2005 12 13 0 -1
2006 22 34 0 -1
2007 1 8 0 1
2008 87 0 0 -1
2009 52 20 1 0
2010 9 34 0 1
2011 87 39 0 1
2012 43 36 0 -1
2013 17 25 0 1
2014 13 18 -1 0
2015 30 9 0 1
2016 3 15 0 1
2017 43 2 1 0
2018 13 23 -1 0
2019 92 38 -1 0
2020 88 26 0 1
2021 26 24 0 -1
2022 83 35 0 1
2023 24 27 1 0
2024 74 3 0 1
2025 61 30 0 1
2026 30 21 -1 0
2027 7 38 1 0
2028 6 18 1 0
2029 76 23 -1 0
2030 14 11 0 -1
2031 91 28 0 1
2032 28 38 -1 0
2033 46 22 1 0
2034 36 38 0 1
2035 34 10 0 -1
2036 23 20 0 -1
2037 37 13 0 1
2038 20 38 1 0
2039 31 28 0 1
2040 22 15 -1 0
2041 24 25 1 0
2042 26 3 0 1
2043 43 26 -1 0
2044 89 39 0 1
2045 48 24 -1 0
2046 31 34 0 1
2047 98 37 0 1
2048 93 5 1 0
2049 27 37 0 1
2050 43 16 0 1
2051 45 35 -1 0
2052 42 30 -1 0
2053 40 32 0 1
2054 90 11 0 -1
2055 50 30 1 0
2056 26 0 0 -1
2057 7 29 1 0
2058 95 6 1 0
2059 30 30 1 0
2060 38 30 0 1
2061 22 14 1 0
2062 90 34 0 -1
2063 31 8 -1 0
2064 74 34 0 -1
2065 26 37 0 1
2066 40 0 -1 0
2067 48 27 0 1
2068 47 7 1 0
2069 20 21 1 0
2070 10 4 0 1
2071 66 30 0 -1
2072 99 16 0 1
2073 66 23 0 -1
2074 0 26 -1 0
2075 52 17 1 0
2076 20 25 -1 0
2077 37 26 -1 0
2078 47 7 -1 0
2079 9 39 1 0
2080 47 34 0 -1
2081 32 25 0 -1
2082 28 0 0 -1
2083 86 39 0 1
2084 25 23 0 1
2085 90 20 -1 0
2086 40 33 0 1
2087 94 14 -1 0
2088 46 27 1 0
2089 74 16 0 1
2090 50 18 0 -1
2091 93 36 -1 0
2092 79 26 1 0
2093 30 18 0 1
2094 38 3 -1 0
2095 41 27 -1 0
2096 77 13 1 0
2097 45 7 -1 0
2098 10 27 0 1
2099 21 21 -1 0
2100 74 29 0 1
2101 83 11 0 -1
2102 96 26 -1 0
2103 77 16 -1 0
2104 8 20 -1 0
2105 6 3 0 -1
2106 2 12 1 0
2107 91 27 0 1
2108 39 23 -1 0
2109 65 18 -1 0
2110 13 20 -1 0
2111 27 21 0 1
2112 87 1 0 1
2113 14 6 0 1
2114 42 34 -1 0
2115 12 14 0 -1
2116 47 2 -1 0
2117 65 20 1 0
2118 16 29 0 -1
2119 38 21 0 1
2120 36 14 -1 0
2121 25 12 0 1
2122 67 8 0 1
2123 36 20 -1 0
2124 4 6 0 1
2125 6 6 -1 0
2126 45 15 0 1
2127 11 33 -1 0
2128 29 15 0 -1
2129 12 34 0 -1
2130 38 2 0 -1
2131 8 21 0 1
2132 26 35 0 1
2133 14 4 0 1
2134 20 19 0 1
2135 63 38 -1 0
2136 97 21 1 0
2137 30 9 0 -1
2138 47 22 1 0
2139 83 10 0 1
2140 68 6 -1 0
2141 30 16 0 1
2142 32 11 1 0
2143 39 12 0 -1
2144 43 13 1 0
2145 0 3 0 -1
2146 8 36 -1 0
2147 6 3 0 -1
2148 40 2 0 1
2149 39 6 0 -1
2150 14 36 -1 0
2151 65 37 0 -1
2152 40 23 -1 0
2153 52 7 -1 0
2154 30 10 1 0
2155 83 37 0 -1
2156 12 37 0 1
2157 48 30 1 0
2158 39 28 0 -1
2159 39 21 1 0
2160 52 39 0 -1
2161 41 38 0 -1
2162 53 26 0 -1
2163 40 3 0 1
2164 41 25 1 0
2165 0 5 0 -1
2166 75 3 0 -1
2167 39 29 0 1
2168 26 23 0 1
2169 47 4 0 -1
2170 12 7 1 0
2171 46 11 -1 0
2172 1 35 0 -1
2173 67 17 0 1
2174 29 26 0 1
2175 64 12 0 -1
2176 40 7 0 1
2177 12 31 1 0
2178 2 6 -1 0
2179 7 22 0 -1
2180 12 12 0 1
2181 25 1 0 1
2182 43 12 1 0
2183 10 9 -1 0
2184 13 34 1 0
2185 94 36 -1 0
2186 27 13 0 -1
2187 10 3 -1 0
2188 35 7 0 -1
2189 98 38 0 -1
2190 68 38 1 0
2191 24 29 -1 0
2192 18 17 0 -1
2193 65 35 0 1
2194 28 15 0 -1
2195 52 13 -1 0
2196 89 34 0 -1
2197 44 21 1 0
2198 84 27 0 -1
2199 36 37 0 -1
2200 0 17 1 0
2201 18 26 -1 0
2202 1 24 0 1
2203 43 22 -1 0
2204 38 23 0 -1
2205 97 15 -1 0
2206 59 34 1 0
2207 42 10 0 -1
2208 25 18 1 0
2209 52 25 0 1
2210 25 32 0 -1
2211 27 17 1 0
2212 60 20 0 -1
2213 50 12 0 -1
2214 8 27 0 -1
2215 97 19 -1 0
2216 97 17 0 1
2217 88 31 -1 0
2218 41 9 1 0
2219 89 0 0 1
2220 21 32 0 -1
2221 59 32 1 0
2222 7 14 1 0
2223 14 24 -1 0
2224 53 33 0 -1
2225 28 22 0 -1
2226 65 36 1 0
2227 5 16 -1 0
2228 98 0 0 1
2229 42 7 1 0
2230 36 19 -1 0
2231 13 30 0 1
2232 75 32 1 0
2233 27 38 0 -1
2234 94 18 1 0
2235 42 27 -1 0
2236 25 34 -1 0
2237 25 9 0 1
2238 26 30 1 0
2239 52 23 -1 0
2240 22 10 0 1
2241 91 37 0 -1
2242 38 7 -1 0
2243 86 32 1 0
2244 42 16 -1 0
2245 83 24 1 0
2246 64 13 0 -1
2247 41 2 1 0
2248 26 11 -1 0
2249 39 36 0 -1
2250 4 14 0 -1
2251 85 14 1 0
2252 94 29 -1 0
2253 11 10 1 0
2254 5 30 0 -1
2255 24 2 1 0
2256 23 3 0 -1
2257 51 4 -1 0
2258 75 18 0 -1
2259 36 21 1 0
2260 43 23 1 0
2261 78 10 -1 0
2262 25 30 -1 0
2263 28 8 0 1
2264 23 34 0 -1
2265 47 36 1 0
2266 60 0 0 1
2267 35 38 0 1
2268 29 9 0 1
2269 82 16 0 -1
2270 22 24 0 1
2271 45 38 -1 0
2272 22 22 -1 0
2273 47 23 -1 0
2274 80 37 -1 0
2275 43 14 1 0
2276 85 21 0 1
2277 30 34 -1 0
2278 78 5 0 1
2279 64 37 -1 0
2280 10 28 1 0
2281 12 38 0 -1
2282 84 8 0 -1
2283 15 37 0 -1
2284 52 36 -1 0
2285 35 16 0 1
2286 61 34 -1 0
2287 54 4 0 -1
2288 64 25 -1 0
2289 29 1 0 1
2290 98 5 0 -1
2291 46 12 -1 0
2292 47 37 1 0
2293 27 35 -1 0
2294 95 37 1 0
2295 3 25 1 0
2296 38 0 0 -1
2297 31 15 0 1
2298 10 14 1 0
2299 52 25 1 0
2300 20 2 -1 0
2301 2 26 1 0
2302 72 8 0 -1
2303 20 28 0 1
2304 25 12 1 0
2305 40 6 -1 0
2306 89 33 0 1
2307 22 11 -1 0
2308 27 8 0 -1
2309 83 16 1 0
2310 66 21 0 1
2311 94 4 -1 0
2312 18 28 -1 0
2313 42 31 0 1
2314 30 13 1 0
2315 82 15 1 0
2316 45 23 -1 0
2317 75 39 -1 0
2318 38 32 1 0
2319 56 17 1 0
2320 23 32 1 0
2321 26 39 0 -1
2322 27 23 -1 0
2323 77 0 -1 0
2324 14 2 -1 0
2325 46 5 -1 0
2326 97 6 1 0
2327 15 9 0 1
2328 23 35 0 1
2329 54 20 0 -1
2330 93 24 1 0
2331 39 30 1 0
2332 3 0 -1 0
2333 40 31 0 -1
2334 34 19 -1 0
2335 96 5 -1 0
2336 53 27 0 -1
2337 89 36 0 -1
2338 39 13 0 1
2339 56 4 -1 0
2340 13 14 -1 0
2341 49 22 1 0
2342 41 24 -1 0
2343 24 32 1 0
2344 46 17 0 1
2345 41 10 0 -1
2346 87 4 0 1
2347 73 0 0 -1
2348 38 37 1 0
2349 18 36 1 0
2350 54 12 -1 0
2351 37 25 -1 0
2352 95 5 1 0
2353 49 38 0 1
2354 42 33 1 0
2355 80 33 1 0
2356 20 37 0 1
2357 50 10 0 1
2358 24 35 -1 0
2359 22 9 1 0
2360 84 12 0 1
2361 69 7 0 -1
2362 78 33 0 -1
2363 17 3 1 0
2364 84 6 0 1
2365 39 30 -1 0
2366 27 37 -1 0
2367 43 36 1 0
2368 31 19 -1 0
2369 37 9 -1 0
2370 92 25 1 0
2371 39 31 -1 0
2372 72 11 -1 0
2373 25 24 0 1
2374 43 23 0 -1
2375 98 9 1 0
2376 55 3 0 -1
2377 28 1 0 -1
2378 70 27 -1 0
2379 47 4 -1 0
2380 65 10 -1 0
2381 79 2 -1 0
2382 40 23 0 1
2383 44 35 1 0
2384 43 6 0 1
2385 86 10 1 0
2386 39 1 0 -1
2387 40 14 0 1
2388 87 29 0 -1
2389 9 23 0 -1
2390 44 30 -1 0
2391 43 26 1 0
2392 18 38 -1 0
2393 36 3 0 1
2394 72 32 0 -1
2395 20 16 0 -1
2396 17 6 1 0
2397 17 30 -1 0
2398 92 12 0 -1
2399 29 14 1 0
