0 51 27 0 -1
1 15 9 0 1
2 29 23 0 1
3 96 4 1 0
4 23 4 0 -1
5 86 3 1 0
6 12 23 0 1
7 27 35 1 0
8 63 33 -1 0
9 79 7 0 1
10 23 16 0 1
11 3 24 -1 0
12 20 32 0 1
13 39 34 1 0
14 46 31 1 0
15 74 31 0 1
16 13 27 -1 0
17 97 23 0 -1
18 18 32 0 1
19 41 24 -1 0
20 6 12 0 1
21 43 19 1 0
22 3 16 -1 0
23 56 39 1 0
24 31 5 -1 0
25 31 16 -1 0
26 50 27 0 1
27 36 20 0 1
28 41 15 -1 0
29 27 12 -1 0
30 27 24 1 0
31 29 29 1 0
32 96 23 0 -1
33 15 1 0 1
34 22 24 0 -1
35 39 26 0 -1
36 21 29 1 0
37 79 21 1 0
38 97 38 -1 0
39 21 0 1 0
40 44 38 0 -1
41 36 10 0 -1
42 16 36 0 1
43 22 14 1 0
44 91 15 0 1
45 93 32 1 0
46 31 30 0 1
47 75 37 0 1
48 28 33 0 -1
49 77 23 1 0
50 40 22 0 1
51 77 2 -1 0
52 25 1 0 -1
53 18 10 0 1
54 48 20 -1 0
55 83 4 -1 0
56 15 12 1 0
57 51 10 1 0
58 46 22 1 0
59 39 25 0 1
60 42 2 0 1
61 45 12 -1 0
62 44 23 0 1
63 1 8 0 1
64 18 21 1 0
65 86 33 -1 0
66 35 27 1 0
67 38 25 0 1
68 25 24 1 0
69 70 34 0 -1
70 13 4 0 -1
71 36 3 0 1
72 90 17 -1 0
73 31 26 0 -1
74 18 36 1 0
75 71 7 1 0
76 20 10 1 0
77 43 6 -1 0
78 35 13 -1 0
79 47 32 -1 0
80 28 4 1 0
81 28 20 -1 0
82 93 30 1 0
83 24 37 0 1
84 40 13 0 1
85 16 7 1 0
86 66 7 0 1
87 82 13 0 -1
88 19 33 0 1
89 38 38 0 1
90 29 9 1 0
91 63 5 0 -1
92 90 25 1 0
93 38 29 0 1
94 40 1 0 1
95 46 31 -1 0
96 56 27 -1 0
97 41 28 -1 0
98 35 36 0 -1
99 42 12 -1 0
100 50 34 1 0
101 24 26 0 1
102 49 29 -1 0
103 32 17 0 1
104 5 28 1 0
105 82 22 -1 0
106 68 18 1 0
107 25 12 1 0
108 91 32 1 0
109 20 6 -1 0
110 64 19 0 1
111 22 24 -1 0
112 29 28 1 0
113 51 29 0 -1
114 23 24 1 0
115 44 22 1 0
116 29 1 1 0
117 97 15 0 1
118 23 31 0 -1
119 41 27 0 -1
120 43 29 1 0
121 45 5 1 0
122 41 10 0 1
123 67 23 -1 0
124 40 39 1 0
125 23 19 0 -1
126 43 12 0 1
127 17 3 0 -1
128 24 6 1 0
129 30 18 -1 0
130 88 38 1 0
131 57 7 0 -1
132 40 33 1 0
133 45 28 -1 0
134 44 31 -1 0
135 5 27 0 -1
136 92 14 0 1
137 57 27 1 0
138 9 2 1 0
139 22 11 1 0
140 40 23 0 -1
141 36 38 0 -1
142 21 18 0 -1
143 91 11 -1 0
144 86 21 0 -1
145 95 8 1 0
146 36 14 0 -1
147 30 20 0 -1
148 29 33 0 -1
149 28 8 -1 0
150 27 27 1 0
151 19 18 0 -1
152 88 26 -1 0
153 22 12 1 0
154 95 8 0 -1
155 71 35 0 -1
156 98 21 0 -1
157 0 39 0 1
158 47 11 -1 0
159 92 37 1 0
160 38 36 -1 0
161 61 0 0 -1
162 42 7 -1 0
163 5 34 0 -1
164 52 24 0 -1
165 57 0 0 -1
166 40 38 1 0
167 20 26 -1 0
168 88 33 0 1
169 10 25 -1 0
170 43 34 0 -1
171 41 2 0 -1
172 12 0 -1 0
173 21 25 -1 0
174 25 12 1 0
175 40 24 -1 0
176 60 38 0 -1
177 42 34 1 0
178 24 23 -1 0
179 15 7 1 0
180 21 27 0 -1
181 95 27 -1 0
182 40 27 -1 0
183 10 25 1 0
184 86 8 0 1
185 39 38 -1 0
186 89 36 1 0
187 20 9 1 0
188 41 5 0 -1
189 55 19 -1 0
190 55 1 0 -1
191 30 37 1 0
192 45 22 0 -1
193 87 8 -1 0
194 18 15 0 -1
195 22 16 0 -1
196 22 7 0 1
197 18 35 1 0
198 62 2 -1 0
199 31 37 1 0
200 58 38 0 -1
201 26 1 0 -1
202 88 19 0 1
203 24 39 0 1
204 95 31 -1 0
205 39 37 1 0
206 28 5 1 0
207 13 4 0 1
208 42 18 -1 0
209 91 24 -1 0
210 82 34 0 -1
211 2 20 -1 0
212 36 4 -1 0
213 52 30 -1 0
214 19 34 -1 0
215 36 37 0 1
216 93 37 -1 0
217 45 20 0 1
218 41 11 -1 0
219 39 17 0 -1
220 12 0 0 -1
221 30 28 0 1
222 18 10 -1 0
223 35 27 0 -1
224 87 39 -1 0
225 16 10 1 0
226 38 26 -1 0
227 26 33 0 -1
228 64 28 1 0
229 66 38 0 1
230 98 31 -1 0
231 5 19 1 0
232 46 16 0 -1
233 76 11 0 1
234 26 31 0 1
235 99 22 0 -1
236 83 22 0 1
237 99 0 -1 0
238 20 24 0 1
239 40 37 -1 0
240 55 32 0 -1
241 48 39 1 0
242 88 39 0 -1
243 23 0 -1 0
244 65 37 0 -1
245 15 31 0 1
246 13 28 0 -1
247 60 24 -1 0
248 30 17 0 -1
249 59 22 -1 0
250 25 39 0 1
251 94 4 0 1
252 15 31 -1 0
253 39 7 1 0
254 89 0 -1 0
255 96 32 -1 0
256 72 10 0 1
257 19 5 -1 0
258 73 32 1 0
259 22 3 0 1
260 23 2 -1 0
261 2 15 0 -1
262 29 13 1 0
263 83 21 1 0
264 76 30 0 -1
265 47 5 1 0
266 72 14 1 0
267 29 23 0 1
268 65 9 -1 0
269 63 35 0 1
270 64 12 0 1
271 29 31 0 -1
272 65 27 1 0
273 5 32 0 1
274 0 13 1 0
275 92 31 0 1
276 27 39 0 1
277 8 37 0 1
278 38 14 0 -1
279 58 38 -1 0
280 90 10 0 1
281 2 14 -1 0
282 77 39 -1 0
283 73 23 1 0
284 11 13 0 -1
285 53 32 0 1
286 62 4 -1 0
287 25 2 1 0
288 76 7 -1 0
289 1 11 1 0
290 62 19 1 0
291 26 0 1 0
292 15 19 0 1
293 40 29 -1 0
294 63 16 -1 0
295 80 13 1 0
296 1 21 0 -1
297 11 14 0 1
298 13 39 0 1
299 28 28 1 0
300 28 37 1 0
301 59 6 -1 0
302 27 6 1 0
303 28 36 0 1
304 39 30 -1 0
305 43 4 0 -1
306 56 8 0 -1
307 39 25 1 0
308 54 14 -1 0
309 36 8 0 1
310 38 12 1 0
311 13 6 -1 0
312 90 10 0 -1
313 29 20 1 0
314 61 3 -1 0
315 93 15 0 -1
316 78 20 1 0
317 1 5 0 1
318 30 36 1 0
319 86 20 0 1
320 4 16 0 1
321 17 30 -1 0
322 39 23 0 -1
323 42 30 -1 0
324 74 13 1 0
325 27 1 -1 0
326 55 34 0 -1
327 28 15 1 0
328 3 16 1 0
329 37 10 1 0
330 37 29 0 -1
331 41 25 0 1
332 4 36 0 -1
333 17 27 0 1
334 60 36 0 1
335 0 11 1 0
336 37 22 -1 0
337 41 30 0 -1
338 25 15 -1 0
339 12 15 -1 0
340 23 4 -1 0
341 41 16 -1 0
342 31 28 0 -1
343 22 38 1 0
344 11 1 0 -1
345 29 28 0 -1
346 31 7 0 -1
347 28 32 1 0
348 54 3 1 0
349 44 27 0 -1
350 20 34 1 0
351 38 22 0 1
352 32 4 1 0
353 25 0 -1 0
354 63 34 0 1
355 66 35 -1 0
356 39 6 1 0
357 12 8 1 0
358 25 12 0 1
359 0 31 -1 0
360 89 24 -1 0
361 60 23 -1 0
362 36 26 -1 0
363 38 38 -1 0
364 2 15 1 0
365 5 0 0 -1
366 16 12 1 0
367 2 32 0 1
368 74 32 0 1
369 26 28 1 0
370 9 6 -1 0
371 14 3 0 1
372 77 9 1 0
373 79 20 -1 0
374 11 25 0 1
375 55 8 0 -1
376 90 6 1 0
377 95 4 1 0
378 26 38 0 1
379 24 35 0 1
380 27 37 0 1
381 66 21 -1 0
382 85 28 0 -1
383 99 21 1 0
384 81 36 0 1
385 40 18 -1 0
386 21 39 -1 0
387 90 23 -1 0
388 79 27 0 1
389 30 32 -1 0
390 80 14 0 1
391 59 20 -1 0
392 32 21 -1 0
393 5 29 0 1
394 43 27 -1 0
395 95 38 -1 0
396 15 24 0 -1
397 76 10 1 0
398 29 30 -1 0
399 77 30 0 -1
400 90 1 0 -1
401 44 12 1 0
402 11 13 0 1
403 61 21 0 1
404 75 11 -1 0
405 66 3 0 -1
406 11 13 -1 0
407 21 39 1 0
408 82 1 1 0
409 12 30 0 -1
410 80 6 1 0
411 75 32 0 1
412 27 18 -1 0
413 41 13 0 1
414 40 33 1 0
415 38 6 -1 0
416 20 14 -1 0
417 52 15 0 -1
418 28 4 0 1
419 38 6 0 -1
420 28 26 0 1
421 27 19 0 -1
422 0 29 -1 0
423 50 1 -1 0
424 1 8 1 0
425 29 5 1 0
426 21 9 0 -1
427 41 11 1 0
428 15 2 1 0
429 13 3 -1 0
430 81 27 1 0
431 8 38 0 -1
432 17 9 -1 0
433 3 23 0 1
434 40 18 0 -1
435 97 6 0 -1
436 44 22 0 -1
437 4 29 0 1
438 99 31 -1 0
439 11 2 1 0
440 97 15 0 1
441 91 13 0 -1
442 60 10 -1 0
443 2 30 0 1
444 41 37 0 1
445 30 29 1 0
446 79 13 -1 0
447 17 32 1 0
448 85 35 1 0
449 69 18 0 -1
450 85 23 1 0
451 76 4 -1 0
452 68 2 1 0
453 73 39 0 1
454 29 17 0 1
455 36 36 -1 0
456 43 3 0 1
457 26 7 0 -1
458 92 28 -1 0
459 12 3 1 0
460 39 27 0 -1
461 43 34 -1 0
462 55 2 0 1
463 60 12 -1 0
464 6 13 1 0
465 46 5 0 1
466 42 32 -1 0
467 25 0 0 1
468 54 23 1 0
469 2 6 0 1
470 27 24 -1 0
471 40 39 0 -1
472 31 34 1 0
473 16 12 1 0
474 71 14 1 0
475 55 14 0 1
476 89 34 1 0
477 99 26 0 -1
478 37 23 1 0
479 11 28 0 1
480 46 7 -1 0
481 24 0 1 0
482 79 18 0 1
483 49 37 1 0
484 0 11 0 -1
485 23 5 0 -1
486 77 23 1 0
487 20 32 1 0
488 37 17 0 -1
489 27 33 1 0
490 38 37 0 1
491 40 26 0 -1
492 30 29 0 -1
493 4 32 1 0
494 87 0 0 -1
495 97 18 -1 0
496 82 20 0 -1
497 11 4 0 1
498 28 34 -1 0
499 46 38 -1 0
500 88 21 1 0
501 39 39 -1 0
502 26 12 0 1
503 20 16 0 -1
504 25 6 1 0
505 22 18 1 0
506 26 11 0 -1
507 79 21 0 1
508 26 31 -1 0
509 54 31 0 1
510 52 19 0 -1
511 38 29 0 -1
512 27 13 -1 0
513 43 3 0 -1
514 25 3 -1 0
515 87 31 -1 0
516 27 4 0 -1
517 64 27 0 -1
518 56 3 0 1
519 44 28 1 0
520 23 15 -1 0
521 94 16 0 1
522 37 23 0 1
523 27 13 0 1
524 95 9 1 0
525 42 30 1 0
526 42 15 1 0
527 8 29 0 -1
528 11 35 0 1
529 19 13 1 0
530 22 16 1 0
531 94 6 -1 0
532 39 39 0 -1
533 98 10 0 -1
534 7 32 -1 0
535 25 10 0 -1
536 3 5 0 1
537 23 34 0 -1
538 48 30 1 0
539 14 18 0 1
540 84 30 0 -1
541 68 4 1 0
542 43 20 0 -1
543 42 12 0 -1
544 5 36 0 1
545 74 28 -1 0
546 21 30 1 0
547 26 34 0 1
548 19 39 0 -1
549 25 17 -1 0
550 53 17 -1 0
551 40 30 0 -1
552 48 22 1 0
553 74 6 0 -1
554 44 30 -1 0
555 30 11 1 0
556 86 5 1 0
557 65 4 -1 0
558 69 20 0 1
559 26 24 1 0
560 18 23 -1 0
561 22 1 -1 0
562 44 0 0 -1
563 37 35 -1 0
564 21 3 1 0
565 38 30 1 0
566 76 35 1 0
567 92 18 1 0
568 24 8 -1 0
569 49 18 1 0
570 18 18 0 -1
571 0 34 0 -1
572 27 17 1 0
573 13 14 1 0
574 5 20 0 -1
575 62 38 0 1
576 22 12 0 -1
577 97 39 -1 0
578 16 13 0 1
579 47 5 1 0
580 45 0 1 0
581 25 3 1 0
582 10 18 0 1
583 88 35 1 0
584 51 8 -1 0
585 30 39 0 -1
586 96 1 0 1
587 93 9 -1 0
588 27 24 -1 0
589 46 11 0 -1
590 18 8 1 0
591 38 17 -1 0
592 28 13 0 -1
593 24 7 -1 0
594 22 5 0 -1
595 89 3 1 0
596 30 27 1 0
597 42 27 1 0
598 42 29 1 0
599 48 1 -1 0
600 52 27 -1 0
601 40 1 0 -1
602 30 19 1 0
603 77 25 1 0
604 25 13 0 -1
605 90 0 -1 0
606 54 26 0 -1
607 92 33 1 0
608 49 1 0 1
609 70 10 1 0
610 23 27 -1 0
611 96 26 -1 0
612 32 27 0 -1
613 82 0 0 -1
614 4 36 0 -1
615 24 20 1 0
616 51 39 0 1
617 11 37 0 1
618 21 10 0 -1
619 80 25 -1 0
620 18 12 0 1
621 30 39 0 -1
622 28 23 -1 0
623 29 22 0 1
624 19 5 1 0
625 68 8 -1 0
626 21 3 1 0
627 83 14 0 1
628 90 2 0 -1
629 60 26 0 -1
630 37 37 -1 0
631 87 17 0 -1
632 17 14 -1 0
633 17 29 0 1
634 93 30 0 1
635 30 8 -1 0
636 28 5 1 0
637 12 1 0 1
638 57 15 1 0
639 64 18 1 0
640 71 15 -1 0
641 11 11 1 0
642 43 29 1 0
643 74 18 1 0
644 87 29 0 1
645 82 34 1 0
646 47 13 0 1
647 20 4 0 -1
648 82 12 1 0
649 94 12 1 0
650 3 18 0 1
651 22 15 0 -1
652 37 30 1 0
653 39 16 0 1
654 68 21 1 0
655 25 14 -1 0
656 37 12 0 1
657 80 18 -1 0
658 25 27 0 1
659 41 0 0 -1
660 42 28 1 0
661 87 15 0 1
662 40 10 0 1
663 23 37 1 0
664 60 9 0 1
665 20 13 -1 0
666 15 10 0 -1
667 41 25 0 1
668 41 12 0 -1
669 31 1 1 0
670 30 25 -1 0
671 12 24 1 0
672 35 23 0 1
673 54 2 1 0
674 92 20 -1 0
675 85 10 0 1
676 28 33 1 0
677 12 24 -1 0
678 40 17 0 1
679 28 0 0 1
680 44 31 -1 0
681 96 38 0 -1
682 49 35 1 0
683 20 14 -1 0
684 76 25 0 1
685 37 12 0 -1
686 7 26 0 -1
687 42 7 0 -1
688 45 13 0 1
689 12 33 0 -1
690 97 6 0 1
691 29 25 -1 0
692 41 29 1 0
693 85 4 0 -1
694 98 38 0 -1
695 30 27 -1 0
696 6 29 0 -1
697 1 16 0 -1
698 97 36 0 1
699 75 27 -1 0
700 90 16 1 0
701 39 12 -1 0
702 42 6 -1 0
703 84 32 0 -1
704 21 27 0 1
705 30 36 0 1
706 21 28 0 -1
707 22 18 0 -1
708 8 15 1 0
709 72 4 1 0
710 0 36 1 0
711 61 31 0 1
712 20 26 0 -1
713 4 33 0 1
714 24 7 0 1
715 91 23 -1 0
716 23 2 1 0
717 89 32 1 0
718 30 25 0 -1
719 91 4 1 0
720 5 20 -1 0
721 24 19 1 0
722 25 1 1 0
723 43 38 0 1
724 0 6 0 -1
725 93 4 1 0
726 29 32 0 -1
727 40 22 0 1
728 41 17 1 0
729 36 18 1 0
730 36 11 0 1
731 48 32 -1 0
732 41 18 0 -1
733 27 18 0 1
734 96 1 -1 0
735 77 18 -1 0
736 18 19 -1 0
737 90 28 -1 0
738 82 11 0 1
739 39 12 0 1
740 45 5 1 0
741 56 16 0 1
742 65 23 -1 0
743 21 22 0 1
744 16 35 -1 0
745 22 10 0 1
746 97 19 0 1
747 17 20 1 0
748 79 5 0 -1
749 40 26 -1 0
750 40 5 0 1
751 1 29 1 0
752 28 7 1 0
753 35 19 1 0
754 31 35 -1 0
755 8 20 1 0
756 11 36 0 -1
757 3 35 0 1
758 44 25 1 0
759 17 26 -1 0
760 18 9 1 0
761 84 21 -1 0
762 41 0 0 -1
763 53 28 0 -1
764 44 24 -1 0
765 21 22 -1 0
766 63 33 -1 0
767 30 6 0 1
768 56 26 -1 0
769 24 34 -1 0
770 54 2 1 0
771 25 2 0 1
772 49 13 0 -1
773 27 25 1 0
774 88 18 1 0
775 25 34 0 -1
776 61 10 0 1
777 94 37 0 1
778 68 18 0 -1
779 22 11 0 1
780 39 36 0 1
781 84 38 0 1
782 91 30 0 1
783 43 15 0 -1
784 25 38 -1 0
785 1 7 0 1
786 25 5 -1 0
787 16 18 0 1
788 48 3 1 0
789 46 3 1 0
790 91 39 -1 0
791 1 13 1 0
792 23 17 0 1
793 18 28 0 -1
794 7 26 1 0
795 20 20 1 0
796 41 10 1 0
797 78 3 1 0
798 26 29 0 1
799 48 30 0 -1
800 42 28 -1 0
801 47 1 0 -1
802 45 3 0 1
803 45 0 -1 0
804 37 23 -1 0
805 5 8 1 0
806 69 9 -1 0
807 72 27 0 1
808 95 22 0 -1
809 28 6 1 0
810 83 17 0 -1
811 54 11 0 1
812 16 7 0 -1
813 1 2 -1 0
814 12 3 0 1
815 88 3 0 -1
816 29 21 1 0
817 47 17 1 0
818 49 33 -1 0
819 29 30 -1 0
820 79 19 0 1
821 15 11 0 1
822 15 17 -1 0
823 27 27 1 0
824 73 35 -1 0
825 88 11 -1 0
826 99 33 0 1
827 38 1 0 -1
828 49 7 -1 0
829 89 32 0 1
830 69 31 -1 0
831 85 39 -1 0
832 44 4 1 0
833 27 2 -1 0
834 73 18 1 0
835 39 22 0 1
836 23 37 -1 0
837 13 29 0 -1
838 88 15 -1 0
839 28 29 0 -1
840 19 22 -1 0
841 5 28 -1 0
842 41 37 -1 0
843 49 3 0 -1
844 15 35 -1 0
845 96 27 0 -1
846 74 17 1 0
847 59 1 -1 0
848 50 3 0 -1
849 21 10 -1 0
850 67 0 1 0
851 76 26 1 0
852 9 35 1 0
853 47 8 -1 0
854 68 16 0 1
855 5 6 -1 0
856 29 39 1 0
857 50 7 -1 0
858 64 31 -1 0
859 9 10 0 -1
860 78 7 -1 0
861 10 1 1 0
862 21 18 1 0
863 39 5 0 -1
864 16 26 0 -1
865 44 29 -1 0
866 37 20 1 0
867 76 37 -1 0
868 15 32 0 -1
869 40 23 -1 0
870 5 10 0 -1
871 19 18 0 1
872 24 0 -1 0
873 44 30 0 -1
874 29 38 0 -1
875 90 39 1 0
876 21 6 0 1
877 41 24 0 -1
878 20 29 -1 0
879 23 17 0 1
880 92 12 0 -1
881 11 39 0 1
882 30 13 0 -1
883 41 20 -1 0
884 76 7 0 -1
885 1 29 0 1
886 41 37 -1 0
887 61 17 -1 0
888 90 36 0 -1
889 45 35 1 0
890 98 5 1 0
891 55 11 0 -1
892 45 23 0 1
893 47 37 0 1
894 43 38 0 1
895 35 5 0 1
896 18 1 0 -1
897 59 38 0 -1
898 3 31 0 -1
899 75 18 0 1
900 3 5 0 1
901 63 9 0 -1
902 48 23 0 -1
903 16 3 0 1
904 28 27 -1 0
905 56 34 1 0
906 25 24 0 1
907 26 30 1 0
908 17 32 0 1
909 28 25 1 0
910 86 37 0 -1
911 39 17 1 0
912 27 5 1 0
913 24 38 1 0
914 28 32 0 1
915 61 39 -1 0
916 85 25 0 1
917 63 20 0 -1
918 31 21 1 0
919 38 1 -1 0
920 7 36 -1 0
921 10 39 -1 0
922 30 22 0 1
923 44 23 -1 0
924 40 25 0 -1
925 30 38 -1 0
926 48 38 0 -1
927 39 18 0 -1
928 69 3 -1 0
929 39 23 -1 0
930 29 20 1 0
931 19 23 0 -1
932 21 2 1 0
933 8 11 0 1
934 89 23 1 0
935 30 13 0 -1
936 25 38 1 0
937 60 27 1 0
938 79 26 -1 0
939 13 1 0 1
940 17 17 -1 0
941 15 29 0 -1
942 81 2 0 1
943 18 33 0 1
944 48 30 -1 0
945 37 9 0 1
946 91 12 1 0
947 53 7 -1 0
948 44 37 0 -1
949 71 2 0 1
950 80 38 1 0
951 38 16 0 -1
952 38 26 0 1
953 0 35 0 1
954 41 32 1 0
955 20 33 0 -1
956 10 39 -1 0
957 17 33 0 1
958 89 25 -1 0
959 35 0 -1 0
960 26 23 0 1
961 70 7 1 0
962 30 14 0 1
963 47 4 -1 0
964 50 16 0 -1
965 45 21 1 0
966 16 30 1 0
967 36 31 -1 0
968 40 4 1 0
969 99 34 -1 0
970 83 14 -1 0
971 48 13 0 -1
972 23 13 1 0
973 88 13 0 1
974 77 39 -1 0
975 74 19 0 -1
976 23 5 1 0
977 97 25 0 -1
978 52 22 0 1
979 28 7 1 0
980 99 7 0 1
981 30 24 -1 0
982 48 12 0 -1
983 17 35 -1 0
984 43 21 0 -1
985 27 10 -1 0
986 18 31 0 1
987 59 22 0 1
988 17 16 0 1
989 69 7 0 -1
990 46 36 0 -1
991 72 37 0 -1
992 10 19 0 1
993 67 2 0 1
994 37 11 1 0
995 49 30 0 1
996 55 10 1 0
997 22 13 0 1
998 92 19 -1 0
999 41 22 0 1
1000 13 4 1 0
1001 3 22 1 0
1002 36 8 0 1
1003 28 19 1 0
1004 50 26 0 1
1005 17 13 0 -1
1006 14 26 0 1
1007 44 31 -1 0
1008 22 14 -1 0
1009 48 37 1 0
1010 11 19 1 0
1011 23 1 1 0
1012 45 33 0 1
1013 12 6 1 0
1014 62 37 1 0
1015 50 3 0 1
1016 4 19 0 -1
1017 25 11 0 1
1018 42 36 1 0
1019 24 6 0 1
1020 64 33 0 1
1021 60 5 0 1
1022 84 28 0 -1
1023 90 23 -1 0
1024 15 26 0 1
1025 81 22 -1 0
1026 46 17 0 -1
1027 20 22 1 0
1028 11 12 -1 0
1029 39 2 1 0
1030 42 39 -1 0
1031 79 17 0 -1
1032 5 29 1 0
1033 51 13 1 0
1034 3 6 0 -1
1035 30 39 -1 0
1036 27 13 1 0
1037 46 28 -1 0
1038 26 2 -1 0
1039 95 1 1 0
1040 95 13 1 0
1041 30 23 -1 0
1042 36 13 0 1
1043 95 37 0 -1
1044 38 7 0 -1
1045 58 8 -1 0
1046 97 28 1 0
1047 73 12 0 -1
1048 29 37 0 -1
1049 93 19 0 -1
1050 4 14 -1 0
1051 81 18 0 1
1052 42 14 -1 0
1053 18 8 0 -1
1054 66 18 -1 0
1055 5 2 0 1
1056 8 32 -1 0
1057 47 2 0 -1
1058 45 10 1 0
1059 44 26 0 1
1060 6 11 0 1
1061 62 30 0 1
1062 19 28 0 -1
1063 88 9 0 -1
1064 3 38 1 0
1065 4 33 0 -1
1066 29 22 1 0
1067 74 18 0 -1
1068 82 27 0 -1
1069 71 22 0 -1
1070 27 14 0 -1
1071 16 34 0 -1
1072 13 25 -1 0
1073 40 39 0 -1
1074 98 9 1 0
1075 41 19 0 1
1076 42 8 -1 0
1077 46 9 0 -1
1078 52 27 1 0
1079 41 27 0 -1
1080 28 13 0 -1
1081 62 22 1 0
1082 26 39 0 1
1083 45 22 0 -1
1084 31 10 -1 0
1085 40 25 0 -1
1086 78 30 0 -1
1087 0 15 -1 0
1088 61 38 0 -1
1089 21 37 0 -1
1090 3 4 0 -1
1091 7 3 0 -1
1092 45 39 0 -1
1093 26 0 -1 0
1094 39 0 -1 0
1095 25 15 1 0
1096 93 21 1 0
1097 18 33 0 -1
1098 25 31 -1 0
1099 90 38 1 0
1100 28 33 0 -1
1101 25 4 -1 0
1102 39 11 -1 0
1103 9 2 -1 0
1104 95 26 1 0
1105 4 38 1 0
1106 90 5 1 0
1107 30 30 0 1
1108 58 16 -1 0
1109 45 4 0 1
1110 16 10 0 -1
1111 46 8 0 1
1112 39 3 0 -1
1113 70 13 1 0
1114 3 12 1 0
1115 87 19 1 0
1116 16 12 0 -1
1117 42 35 0 1
1118 86 3 1 0
1119 21 5 -1 0
1120 96 29 0 -1
1121 65 9 0 -1
1122 27 20 0 -1
1123 52 5 0 -1
1124 6 4 1 0
1125 38 27 0 -1
1126 3 24 1 0
1127 39 34 1 0
1128 75 15 -1 0
1129 97 20 1 0
1130 84 8 1 0
1131 27 34 0 1
1132 62 4 1 0
1133 35 20 -1 0
1134 27 0 0 1
1135 42 27 0 1
1136 40 30 0 -1
1137 44 24 -1 0
1138 50 33 -1 0
1139 41 39 0 -1
1140 40 27 0 -1
1141 43 36 -1 0
1142 48 13 -1 0
1143 47 26 0 1
1144 54 39 0 1
1145 81 17 -1 0
1146 29 25 1 0
1147 41 17 -1 0
1148 26 34 0 1
1149 59 26 -1 0
1150 28 20 -1 0
1151 37 26 1 0
1152 38 23 1 0
1153 20 8 0 1
1154 27 36 0 1
1155 81 23 -1 0
1156 15 23 0 1
1157 98 29 1 0
1158 36 37 -1 0
1159 11 6 1 0
1160 18 39 0 -1
1161 21 10 0 -1
1162 93 27 -1 0
1163 95 10 0 -1
1164 53 5 0 1
1165 76 12 0 1
1166 45 17 0 -1
1167 48 4 0 1
1168 68 39 -1 0
1169 37 2 0 -1
1170 75 12 1 0
1171 11 36 0 -1
1172 56 18 1 0
1173 32 9 0 1
1174 25 31 0 -1
1175 31 10 0 1
1176 94 31 1 0
1177 44 22 0 1
1178 3 25 1 0
1179 49 8 1 0
1180 74 28 0 -1
1181 56 4 0 1
1182 65 14 1 0
1183 9 19 0 -1
1184 69 27 0 1
1185 15 30 0 -1
1186 97 22 1 0
1187 30 8 1 0
1188 86 37 1 0
1189 25 5 0 -1
1190 88 9 1 0
1191 38 12 0 -1
1192 21 18 0 1
1193 19 20 -1 0
1194 45 14 0 1
1195 17 3 0 1
1196 46 33 -1 0
1197 41 0 -1 0
1198 23 19 0 1
1199 59 21 0 -1
1200 47 10 0 -1
1201 19 13 0 1
1202 15 14 1 0
1203 62 9 0 -1
1204 40 23 -1 0
1205 54 36 0 1
1206 37 17 -1 0
1207 38 16 1 0
1208 84 3 -1 0
1209 52 26 0 -1
1210 51 8 0 1
1211 9 39 -1 0
1212 22 15 -1 0
1213 46 6 1 0
1214 46 11 1 0
1215 23 12 1 0
1216 9 2 1 0
1217 40 24 0 1
1218 43 36 0 1
1219 91 31 -1 0
1220 22 21 1 0
1221 12 34 1 0
1222 60 26 -1 0
1223 70 0 -1 0
1224 18 7 1 0
1225 35 12 0 1
1226 30 35 -1 0
1227 37 15 1 0
1228 20 35 -1 0
1229 23 38 0 -1
1230 23 35 -1 0
1231 9 4 1 0
1232 60 13 0 -1
1233 7 20 1 0
1234 60 28 0 -1
1235 26 26 -1 0
1236 26 10 1 0
1237 41 6 -1 0
1238 27 39 -1 0
1239 52 24 1 0
1240 92 27 -1 0
1241 25 35 -1 0
1242 19 12 0 -1
1243 92 3 0 -1
1244 24 7 1 0
1245 42 20 0 -1
1246 28 28 0 1
1247 2 39 -1 0
1248 69 1 0 -1
1249 88 25 1 0
1250 30 23 0 -1
1251 70 7 0 1
1252 75 26 0 -1
1253 26 24 1 0
1254 30 35 0 1
1255 16 24 0 -1
1256 30 17 0 -1
1257 41 23 0 1
1258 19 18 -1 0
1259 39 36 1 0
1260 97 24 0 -1
1261 24 13 1 0
1262 99 24 0 1
1263 74 18 1 0
1264 21 33 1 0
1265 61 31 -1 0
1266 8 14 -1 0
1267 35 22 0 1
1268 83 12 0 -1
1269 45 38 0 1
1270 29 30 0 1
1271 72 22 1 0
1272 39 39 -1 0
1273 27 20 -1 0
1274 14 30 -1 0
1275 27 29 0 -1
1276 13 6 0 -1
1277 52 34 1 0
1278 27 0 -1 0
1279 11 10 0 1
1280 27 38 0 1
1281 49 3 0 1
1282 85 31 0 1
1283 39 24 0 -1
1284 27 14 1 0
1285 27 4 -1 0
1286 56 2 1 0
1287 4 18 -1 0
1288 90 13 0 1
1289 0 19 0 -1
1290 37 22 -1 0
1291 19 23 0 1
1292 73 14 0 -1
1293 56 34 -1 0
1294 46 36 0 1
1295 31 37 0 -1
1296 26 39 0 -1
1297 43 35 0 1
1298 26 37 0 -1
1299 27 19 -1 0
1300 44 2 0 1
1301 96 25 0 -1
1302 48 4 0 1
1303 45 31 -1 0
1304 31 7 -1 0
1305 44 29 1 0
1306 25 38 1 0
1307 34 26 -1 0
1308 38 37 -1 0
1309 10 37 1 0
1310 48 16 -1 0
1311 83 24 -1 0
1312 39 26 0 -1
1313 41 17 1 0
1314 40 38 0 -1
1315 23 1 -1 0
1316 32 0 0 -1
1317 54 26 0 -1
1318 26 4 -1 0
1319 23 17 -1 0
1320 25 10 0 -1
1321 17 13 0 -1
1322 39 17 1 0
1323 9 29 0 1
1324 36 17 0 -1
1325 42 38 0 1
1326 18 32 -1 0
1327 8 13 0 1
1328 24 23 0 -1
1329 47 20 0 -1
1330 27 4 1 0
1331 10 34 1 0
1332 12 30 1 0
1333 55 10 0 -1
1334 41 26 1 0
1335 18 8 0 1
1336 5 28 1 0
1337 39 3 -1 0
1338 27 0 0 -1
1339 1 33 0 1
1340 78 12 0 1
1341 23 21 -1 0
1342 94 7 0 1
1343 24 15 1 0
1344 9 3 -1 0
1345 20 0 0 1
1346 50 1 1 0
1347 85 21 1 0
1348 83 33 1 0
1349 8 6 0 -1
1350 17 2 -1 0
1351 32 3 1 0
1352 87 32 -1 0
1353 4 29 -1 0
1354 25 39 1 0
1355 41 31 -1 0
1356 4 37 0 -1
1357 72 10 -1 0
1358 12 12 0 1
1359 15 34 0 1
1360 90 28 0 -1
1361 97 14 0 1
1362 97 27 0 -1
1363 47 2 0 -1
1364 58 3 -1 0
1365 42 9 0 -1
1366 39 2 1 0
1367 39 36 0 1
1368 7 4 0 -1
1369 22 5 1 0
1370 89 23 1 0
1371 39 16 0 1
1372 26 35 -1 0
1373 8 31 0 -1
1374 85 32 0 1
1375 56 3 1 0
1376 59 6 1 0
1377 22 20 -1 0
1378 57 18 1 0
1379 31 18 1 0
1380 38 33 0 -1
1381 21 30 0 1
1382 12 32 -1 0
1383 85 23 1 0
1384 40 25 1 0
1385 60 7 0 -1
1386 58 34 -1 0
1387 12 19 0 -1
1388 41 25 0 1
1389 63 2 0 -1
1390 24 1 0 -1
1391 10 26 0 1
1392 92 19 -1 0
1393 10 1 -1 0
1394 29 6 0 -1
1395 0 26 1 0
1396 24 14 -1 0
1397 30 24 1 0
1398 12 5 0 -1
1399 91 34 0 -1
1400 76 36 -1 0
1401 41 38 0 -1
1402 14 33 0 1
1403 99 28 0 1
1404 16 31 0 1
1405 19 1 1 0
1406 97 23 0 1
1407 60 16 -1 0
1408 91 26 -1 0
1409 64 26 0 -1
1410 74 7 -1 0
1411 38 5 1 0
1412 12 31 0 1
1413 22 4 0 1
1414 59 30 0 -1
1415 51 15 0 1
1416 36 6 -1 0
1417 18 5 1 0
1418 24 35 0 -1
1419 87 34 1 0
1420 21 12 1 0
1421 59 38 0 -1
1422 47 39 -1 0
1423 19 30 1 0
1424 92 35 1 0
1425 1 30 1 0
1426 40 32 0 -1
1427 24 2 0 -1
1428 14 13 1 0
1429 48 2 -1 0
1430 2 4 1 0
1431 42 1 0 1
1432 77 6 1 0
1433 43 18 0 1
1434 19 6 1 0
1435 24 32 -1 0
1436 46 17 0 -1
1437 20 18 0 -1
1438 65 13 1 0
1439 4 6 -1 0
1440 73 6 0 -1
1441 61 12 0 1
1442 6 22 0 1
1443 83 9 -1 0
1444 26 38 -1 0
1445 84 27 1 0
1446 76 6 0 1
1447 47 3 -1 0
1448 27 21 0 1
1449 53 7 1 0
1450 62 15 0 1
1451 92 15 0 1
1452 20 37 -1 0
1453 80 17 0 -1
1454 74 29 0 1
1455 29 21 0 1
1456 29 32 0 -1
1457 30 22 -1 0
1458 24 33 -1 0
1459 87 5 -1 0
1460 30 6 0 1
1461 21 23 0 -1
1462 26 28 1 0
1463 39 7 -1 0
1464 13 11 -1 0
1465 24 15 -1 0
1466 14 36 0 -1
1467 81 6 -1 0
1468 45 8 0 -1
1469 35 2 0 1
1470 27 16 0 1
1471 43 5 1 0
1472 41 38 0 1
1473 21 13 1 0
1474 47 26 1 0
1475 1 35 1 0
1476 29 24 0 1
1477 67 17 0 -1
1478 69 21 0 -1
1479 98 8 -1 0
1480 1 18 -1 0
1481 47 16 -1 0
1482 9 18 0 -1
1483 27 15 0 -1
1484 25 18 -1 0
1485 16 32 -1 0
1486 65 23 0 -1
1487 9 22 0 -1
1488 38 5 0 1
1489 26 1 1 0
1490 89 3 1 0
1491 11 29 0 -1
1492 50 39 -1 0
1493 46 38 0 1
1494 1 29 0 -1
1495 90 12 0 -1
1496 20 2 -1 0
1497 42 24 0 -1
1498 27 14 1 0
1499 44 4 0 -1
1500 41 33 0 -1
1501 38 39 1 0
1502 29 24 0 1
1503 24 30 0 1
1504 38 15 0 1
1505 0 30 1 0
1506 26 30 -1 0
1507 7 0 -1 0
1508 27 12 -1 0
1509 16 39 0 -1
1510 84 7 0 -1
1511 26 18 1 0
1512 22 22 -1 0
1513 84 27 -1 0
1514 49 2 0 1
1515 8 17 1 0
1516 22 12 0 1
1517 23 34 0 1
1518 0 6 -1 0
1519 22 22 1 0
1520 61 25 -1 0
1521 64 35 -1 0
1522 91 19 1 0
1523 50 18 1 0
1524 78 31 0 -1
1525 91 33 0 -1
1526 88 35 1 0
1527 21 9 0 1
1528 47 37 1 0
1529 21 34 -1 0
1530 95 39 0 -1
1531 23 18 1 0
1532 51 15 0 1
1533 27 36 -1 0
1534 34 10 1 0
1535 99 13 0 -1
1536 28 39 0 1
1537 17 9 0 -1
1538 41 29 0 -1
1539 88 37 -1 0
1540 46 9 0 1
1541 87 4 1 0
1542 89 27 -1 0
1543 97 30 0 -1
1544 6 32 1 0
1545 56 8 0 1
1546 46 11 1 0
1547 31 5 1 0
1548 40 13 -1 0
1549 68 17 -1 0
1550 3 27 1 0
1551 52 11 0 -1
1552 75 29 1 0
1553 29 28 -1 0
1554 25 34 1 0
1555 41 13 1 0
1556 49 22 0 1
1557 2 24 -1 0
1558 94 32 1 0
1559 42 3 0 1
1560 56 5 -1 0
1561 11 8 -1 0
1562 32 3 0 1
1563 72 9 0 1
1564 53 23 0 -1
1565 40 9 0 1
1566 14 18 1 0
1567 98 35 0 -1
1568 29 21 1 0
1569 30 37 1 0
1570 36 30 0 1
1571 40 4 0 -1
1572 44 14 1 0
1573 94 34 1 0
1574 5 22 1 0
1575 40 27 1 0
1576 25 1 0 -1
1577 50 9 0 -1
1578 44 35 -1 0
1579 72 24 1 0
1580 47 18 0 1
1581 45 15 1 0
1582 37 15 1 0
1583 71 31 0 -1
1584 39 23 -1 0
1585 54 18 -1 0
1586 71 21 1 0
1587 19 22 0 -1
1588 58 34 0 -1
1589 28 32 -1 0
1590 68 14 -1 0
1591 42 30 1 0
1592 41 1 0 -1
1593 69 3 1 0
1594 10 22 0 -1
1595 38 11 1 0
1596 41 19 -1 0
1597 5 25 1 0
1598 24 38 0 1
1599 45 38 -1 0
1600 49 27 -1 0
1601 19 35 0 1
1602 37 4 1 0
1603 19 9 1 0
1604 24 9 1 0
1605 97 32 0 1
1606 28 13 0 1
1607 73 11 1 0
1608 25 33 0 1
1609 52 10 0 1
1610 16 34 0 -1
1611 31 27 1 0
1612 46 34 0 -1
1613 69 23 1 0
1614 52 20 0 -1
1615 31 1 0 1
1616 28 3 0 1
1617 98 5 0 1
1618 64 30 0 -1
1619 5 29 0 -1
1620 42 15 0 1
1621 23 37 1 0
1622 26 20 0 1
1623 94 25 0 1
1624 65 0 1 0
1625 44 29 -1 0
1626 28 17 0 1
1627 28 22 1 0
1628 45 5 -1 0
1629 42 14 0 -1
1630 19 35 -1 0
1631 80 28 0 -1
1632 46 5 0 -1
1633 37 12 1 0
1634 18 26 0 1
1635 31 8 0 1
1636 27 3 0 1
1637 13 11 0 1
1638 21 35 0 -1
1639 97 12 -1 0
1640 38 0 -1 0
1641 6 33 1 0
1642 28 38 -1 0
1643 4 26 1 0
1644 54 35 -1 0
1645 39 18 -1 0
1646 21 4 0 -1
1647 12 29 1 0
1648 66 29 1 0
1649 11 12 1 0
1650 40 29 -1 0
1651 41 3 1 0
1652 39 26 0 -1
1653 14 34 0 1
1654 7 36 1 0
1655 14 12 0 -1
1656 38 36 1 0
1657 16 10 0 -1
1658 23 26 0 1
1659 73 34 0 1
1660 22 36 -1 0
1661 12 16 0 1
1662 23 10 0 1
1663 30 9 1 0
1664 55 13 1 0
1665 11 4 0 1
1666 26 23 0 -1
1667 66 22 0 1
1668 31 16 1 0
1669 27 35 0 1
1670 14 3 0 1
1671 7 8 -1 0
1672 31 36 0 1
1673 9 30 -1 0
1674 24 35 0 1
1675 39 0 0 -1
1676 28 6 1 0
1677 39 25 0 1
1678 14 24 0 1
1679 52 34 -1 0
1680 7 29 -1 0
1681 48 0 1 0
1682 92 24 1 0
1683 89 5 -1 0
1684 53 20 -1 0
1685 45 1 0 1
1686 39 38 1 0
1687 27 30 1 0
1688 17 2 -1 0
1689 38 6 0 -1
1690 80 0 -1 0
1691 94 33 0 1
1692 76 3 0 -1
1693 84 4 0 -1
1694 18 3 -1 0
1695 26 31 1 0
1696 6 12 0 1
1697 42 0 1 0
1698 92 3 0 -1
1699 24 1 0 -1
1700 89 28 1 0
1701 41 38 0 1
1702 1 3 0 -1
1703 43 37 0 1
1704 52 15 -1 0
1705 35 7 0 1
1706 0 22 0 -1
1707 47 0 -1 0
1708 9 11 1 0
1709 7 7 -1 0
1710 27 22 -1 0
1711 51 24 -1 0
1712 49 8 -1 0
1713 37 28 0 -1
1714 20 27 -1 0
1715 42 35 -1 0
1716 1 11 -1 0
1717 23 10 -1 0
1718 29 31 0 1
1719 66 3 1 0
1720 39 37 0 1
1721 7 30 1 0
1722 38 5 -1 0
1723 56 8 0 1
1724 20 27 1 0
1725 63 35 0 -1
1726 61 37 -1 0
1727 59 24 1 0
1728 46 3 1 0
1729 86 8 0 1
1730 40 11 0 1
1731 50 6 0 1
1732 41 26 -1 0
1733 92 2 0 1
1734 96 33 0 -1
1735 70 1 0 -1
1736 96 28 0 -1
1737 45 37 -1 0
1738 98 26 1 0
1739 63 6 0 1
1740 51 37 -1 0
1741 41 6 0 1
1742 27 21 1 0
1743 42 29 -1 0
1744 32 5 1 0
1745 39 37 0 1
1746 58 19 -1 0
1747 9 11 1 0
1748 46 9 0 -1
1749 24 0 1 0
1750 25 33 1 0
1751 2 18 0 -1
1752 38 18 1 0
1753 77 15 0 1
1754 17 25 -1 0
1755 83 6 1 0
1756 58 18 0 -1
1757 70 22 0 1
1758 89 26 0 -1
1759 54 5 1 0
1760 37 3 0 1
1761 44 5 1 0
1762 19 39 0 1
1763 16 4 1 0
1764 17 22 -1 0
1765 13 13 1 0
1766 17 17 1 0
1767 13 38 0 -1
1768 19 34 1 0
1769 13 2 0 -1
1770 25 36 0 -1
1771 41 9 0 1
1772 46 4 0 -1
1773 59 1 0 1
1774 37 7 1 0
1775 73 34 0 -1
1776 28 3 0 1
1777 26 4 0 1
1778 67 37 0 1
1779 21 16 0 -1
1780 75 5 0 -1
1781 6 4 -1 0
1782 47 25 0 1
1783 14 14 0 1
1784 72 38 1 0
1785 56 16 0 -1
1786 26 12 0 -1
1787 17 30 -1 0
1788 38 34 0 1
1789 12 20 1 0
1790 60 25 1 0
1791 81 5 0 -1
1792 12 19 0 -1
1793 46 3 -1 0
1794 61 29 0 -1
1795 80 37 -1 0
1796 42 12 0 1
1797 28 25 -1 0
1798 36 33 0 1
1799 60 19 1 0
1800 98 14 0 1
1801 30 16 0 1
1802 26 12 1 0
1803 84 36 0 -1
1804 40 22 0 1
1805 79 4 0 1
1806 22 39 1 0
1807 39 11 0 -1
1808 71 38 -1 0
1809 52 33 0 1
1810 51 38 0 1
1811 30 10 0 1
1812 42 10 0 1
1813 0 8 1 0
1814 31 29 1 0
1815 46 24 0 -1
1816 82 9 0 -1
1817 28 36 1 0
1818 26 6 0 1
1819 74 36 0 1
1820 47 22 0 -1
1821 63 25 0 1
1822 22 3 -1 0
1823 19 17 0 -1
1824 87 22 0 -1
1825 49 18 -1 0
1826 78 15 0 1
1827 22 23 0 -1
1828 35 24 -1 0
1829 52 0 0 -1
1830 74 16 0 1
1831 28 19 0 1
1832 40 34 1 0
1833 24 8 1 0
1834 36 33 0 -1
1835 56 26 -1 0
1836 18 34 0 -1
1837 99 18 0 -1
1838 38 28 1 0
1839 59 7 0 1
1840 70 31 0 1
1841 38 13 1 0
1842 50 29 1 0
1843 75 7 0 -1
1844 25 32 -1 0
1845 95 38 0 -1
1846 20 0 -1 0
1847 67 12 0 -1
1848 43 3 0 -1
1849 89 6 0 -1
1850 16 18 0 -1
1851 58 5 -1 0
1852 88 2 0 1
1853 47 21 0 1
1854 28 30 0 -1
1855 95 2 1 0
1856 58 39 -1 0
1857 35 24 1 0
1858 17 28 -1 0
1859 11 29 -1 0
1860 76 4 0 -1
1861 75 4 1 0
1862 52 17 1 0
1863 92 12 -1 0
1864 39 16 0 -1
1865 97 30 1 0
1866 18 37 -1 0
1867 54 12 -1 0
1868 0 13 0 1
1869 53 30 0 1
1870 43 38 1 0
1871 56 3 -1 0
1872 41 39 0 1
1873 26 17 1 0
1874 29 22 -1 0
1875 43 39 0 -1
1876 22 10 0 1
1877 93 20 1 0
1878 24 24 -1 0
1879 21 5 0 1
1880 20 9 0 1
1881 80 38 0 1
1882 17 3 0 -1
1883 19 32 0 1
1884 94 16 -1 0
1885 67 22 -1 0
1886 37 39 1 0
1887 13 39 -1 0
1888 29 10 1 0
1889 42 10 0 -1
1890 29 19 0 -1
1891 50 12 0 1
1892 86 7 0 1
1893 8 18 0 1
1894 34 15 0 -1
1895 78 2 0 1
1896 48 9 0 1
1897 18 3 0 1
1898 49 27 1 0
1899 42 24 -1 0
1900 29 32 1 0
1901 8 8 0 -1
1902 9 27 1 0
1903 39 35 -1 0
1904 16 39 1 0
1905 28 35 0 1
1906 60 22 1 0
1907 38 28 -1 0
1908 46 24 1 0
1909 26 7 1 0
1910 2 36 1 0
1911 38 20 -1 0
1912 71 14 0 1
1913 38 25 0 1
1914 43 17 1 0
1915 37 34 0 1
1916 88 11 0 -1
1917 23 18 -1 0
1918 38 11 -1 0
1919 22 6 0 1
1920 96 14 0 -1
1921 40 33 -1 0
1922 53 19 0 1
1923 45 1 0 1
1924 36 11 0 1
1925 7 12 -1 0
1926 36 39 1 0
1927 14 31 0 -1
1928 90 38 1 0
1929 13 39 1 0
1930 79 37 0 1
1931 8 12 0 -1
1932 73 13 0 -1
1933 26 36 -1 0
1934 59 36 1 0
1935 42 25 -1 0
1936 35 20 0 1
1937 30 24 0 -1
1938 43 21 -1 0
1939 91 10 -1 0
1940 87 18 0 -1
1941 24 38 0 1
1942 50 23 -1 0
1943 41 8 0 -1
1944 86 3 0 1
1945 23 7 0 1
1946 61 0 0 1
1947 23 9 1 0
1948 81 10 0 1
1949 27 5 0 -1
1950 45 27 0 -1
1951 35 30 1 0
1952 38 12 0 1
1953 73 26 0 1
1954 10 36 0 1
1955 41 30 0 -1
1956 41 18 0 1
1957 29 13 0 -1
1958 71 30 0 -1
1959 52 8 0 1
1960 37 4 0 1
1961 95 30 -1 0
1962 31 10 1 0
1963 47 38 -1 0
1964 3 38 1 0
1965 42 39 1 0
1966 85 8 -1 0
1967 48 23 1 0
1968 72 25 0 1
1969 74 21 -1 0
1970 80 2 0 1
1971 2 26 0 1
1972 40 7 0 1
1973 36 38 1 0
1974 38 14 -1 0
1975 84 23 0 -1
1976 2 23 -1 0
1977 51 28 0 -1
1978 77 17 1 0
1979 42 27 0 -1
1980 78 28 0 1
1981 3 28 1 0
1982 88 36 0 1
1983 20 1 1 0
1984 68 28 1 0
1985 42 7 -1 0
1986 99 19 0 -1
1987 27 17 0 -1
1988 31 30 1 0
1989 95 12 1 0
1990 53 19 0 -1
1991 8 20 0 1
1992 25 21 -1 0
1993 46 1 0 1
1994 63 24 0 1
1995 11 33 0 1
1996 9 22 1 0
1997 41 39 0 -1
1998 62 1 0 -1
1999 27 9 0 1
2000 55 27 1 0
2001 96 36 1 0
2002 35 36 0 -1
2003 76 13 -1 0
2004 45 7 0 -1
2005 21 26 -1 0
2006 54 32 1 0
2007 64 26 0 -1
2008 42 23 0 -1
2009 22 18 1 0
2010 2 20 0 -1
2011 81 4 -1 0
2012 52 1 0 -1
2013 92 28 0 1
2014 29 23 0 1
2015 27 2 0 1
2016 24 37 0 1
2017 17 20 1 0
2018 25 34 1 0
2019 21 9 -1 0
2020 60 34 0 -1
2021 17 21 -1 0
2022 72 6 -1 0
2023 13 3 0 1
2024 91 21 1 0
2025 39 21 0 -1
2026 85 33 0 -1
2027 20 18 0 1
2028 94 31 1 0
2029 49 9 0 -1
2030 74 27 0 1
2031 28 3 0 1
2032 20 34 0 -1
2033 54 31 0 -1
2034 38 39 0 1
2035 37 24 0 -1
2036 45 23 1 0
2037 72 9 0 -1
2038 44 39 -1 0
2039 29 25 0 -1
2040 82 3 -1 0
2041 13 30 0 -1
2042 26 13 0 -1
2043 67 29 0 1
2044 94 25 -1 0
2045 42 0 -1 0
2046 57 18 -1 0
2047 28 4 -1 0
2048 24 16 1 0
2049 15 20 0 1
2050 35 27 -1 0
2051 2 15 0 -1
2052 37 39 1 0
2053 36 0 1 0
2054 29 33 1 0
2055 39 34 0 -1
2056 20 16 -1 0
2057 21 11 0 -1
2058 85 13 0 -1
2059 30 33 1 0
2060 91 4 0 1
2061 15 19 0 1
2062 95 35 0 -1
2063 30 36 -1 0
2064 16 1 0 1
2065 96 12 0 1
2066 84 39 -1 0
2067 89 12 0 -1
2068 78 18 -1 0
2069 17 38 -1 0
2070 25 39 0 1
2071 88 27 -1 0
2072 88 38 0 -1
2073 38 26 0 -1
2074 58 30 0 -1
2075 48 25 0 1
2076 23 29 0 -1
2077 89 36 1 0
2078 22 3 1 0
2079 25 11 0 1
2080 35 37 -1 0
2081 30 26 1 0
2082 8 10 1 0
2083 84 3 1 0
2084 25 3 -1 0
2085 16 19 0 -1
2086 43 39 -1 0
2087 41 8 -1 0
2088 1 33 -1 0
2089 37 1 1 0
2090 87 33 -1 0
2091 93 2 -1 0
2092 29 24 1 0
2093 22 36 -1 0
2094 83 34 -1 0
2095 46 4 1 0
2096 82 33 0 -1
2097 6 35 -1 0
2098 8 12 -1 0
2099 88 12 -1 0
2100 97 35 1 0
2101 9 15 0 -1
2102 86 17 1 0
2103 71 24 0 1
2104 96 21 1 0
2105 55 7 -1 0
2106 65 1 0 -1
2107 70 15 0 -1
2108 39 14 -1 0
2109 40 1 0 -1
2110 42 17 0 -1
2111 24 37 -1 0
2112 39 4 -1 0
2113 80 15 0 1
2114 83 21 0 1
2115 96 37 0 1
2116 63 9 1 0
2117 36 4 1 0
2118 18 10 0 1
2119 37 33 0 -1
2120 43 4 -1 0
2121 28 11 0 -1
2122 89 25 0 1
2123 36 37 1 0
2124 97 15 0 1
2125 84 8 0 1
2126 24 32 -1 0
2127 21 1 0 1
2128 94 35 0 1
2129 30 15 0 -1
2130 94 10 0 -1
2131 93 12 0 -1
2132 24 8 0 -1
2133 25 33 0 -1
2134 46 7 -1 0
2135 63 14 1 0
2136 76 17 1 0
2137 97 30 1 0
2138 41 16 -1 0
2139 78 11 0 -1
2140 39 38 0 -1
2141 28 31 -1 0
2142 30 34 0 1
2143 51 20 1 0
2144 60 36 0 1
2145 46 17 1 0
2146 4 11 0 1
2147 94 2 0 -1
2148 94 22 1 0
2149 55 30 -1 0
2150 15 7 0 -1
2151 83 36 1 0
2152 9 16 1 0
2153 2 35 -1 0
2154 29 15 0 1
2155 98 1 0 -1
2156 13 34 0 1
2157 39 0 1 0
2158 49 22 0 1
2159 50 35 -1 0
2160 9 24 1 0
2161 61 32 0 1
2162 99 12 0 1
2163 38 21 1 0
2164 38 13 0 -1
2165 6 32 -1 0
2166 19 35 0 1
2167 39 29 -1 0
2168 8 26 0 1
2169 60 8 0 1
2170 4 30 0 -1
2171 40 24 0 1
2172 72 8 -1 0
2173 73 33 1 0
2174 86 31 1 0
2175 28 14 1 0
2176 46 14 -1 0
2177 44 37 0 -1
2178 49 34 -1 0
2179 78 26 -1 0
2180 18 24 -1 0
2181 24 39 1 0
2182 98 20 1 0
2183 94 0 -1 0
2184 27 19 1 0
2185 36 21 -1 0
2186 28 0 0 -1
2187 57 35 -1 0
2188 35 21 0 -1
2189 61 15 -1 0
2190 40 6 0 1
2191 30 10 -1 0
2192 1 5 0 -1
2193 12 20 -1 0
2194 91 38 -1 0
2195 35 5 -1 0
2196 4 33 1 0
2197 38 27 0 1
2198 47 10 0 1
2199 37 28 -1 0
2200 44 6 0 1
2201 84 6 0 -1
2202 43 0 -1 0
2203 13 36 1 0
2204 38 25 0 1
2205 92 31 0 -1
2206 19 38 1 0
2207 47 36 0 -1
2208 30 20 -1 0
2209 56 10 0 -1
2210 29 34 0 -1
2211 0 8 0 1
2212 4 16 -1 0
2213 90 3 1 0
2214 31 38 1 0
2215 86 28 0 1
2216 63 13 -1 0
2217 43 35 -1 0
2218 81 24 0 1
2219 15 15 0 1
2220 24 30 0 -1
2221 39 5 1 0
2222 91 19 0 1
2223 92 24 1 0
2224 45 39 -1 0
2225 31 5 0 1
2226 55 22 0 1
2227 40 36 1 0
2228 92 12 1 0
2229 37 6 1 0
2230 50 22 1 0
2231 81 34 0 1
2232 76 6 0 1
2233 19 7 0 1
2234 25 13 -1 0
2235 69 26 0 -1
2236 26 35 1 0
2237 96 12 0 -1
2238 24 17 0 -1
2239 24 3 1 0
2240 5 7 1 0
2241 55 22 1 0
2242 36 38 -1 0
2243 10 36 -1 0
2244 78 34 0 1
2245 27 21 0 -1
2246 70 22 0 1
2247 37 31 1 0
2248 15 7 0 1
2249 45 37 -1 0
2250 69 14 -1 0
2251 28 12 0 1
2252 98 0 0 1
2253 56 17 -1 0
2254 61 0 0 1
2255 30 38 1 0
2256 24 19 0 -1
2257 18 16 0 1
2258 25 13 1 0
2259 91 2 -1 0
2260 7 12 0 -1
2261 87 8 -1 0
2262 80 0 0 1
2263 87 31 0 -1
2264 11 0 0 -1
2265 23 35 1 0
2266 37 7 0 -1
2267 60 0 1 0
2268 9 25 -1 0
2269 93 17 0 1
2270 42 36 0 -1
2271 38 39 0 -1
2272 31 15 0 -1
2273 42 3 -1 0
2274 39 4 -1 0
2275 42 34 0 -1
2276 16 1 -1 0
2277 4 35 -1 0
2278 90 37 0 -1
2279 10 39 1 0
2280 20 38 0 1
2281 15 20 0 1
2282 40 26 0 -1
2283 88 27 0 1
2284 97 39 0 1
2285 41 30 0 1
2286 5 13 1 0
2287 88 21 -1 0
2288 63 26 1 0
2289 25 36 1 0
2290 37 9 0 1
2291 8 30 0 -1
2292 39 13 -1 0
2293 42 31 1 0
2294 23 19 0 -1
2295 43 20 -1 0
2296 68 37 1 0
2297 99 14 1 0
2298 6 39 -1 0
2299 41 26 0 1
2300 10 19 1 0
2301 18 36 0 -1
2302 4 14 0 -1
2303 27 20 0 -1
2304 16 25 0 1
2305 10 24 1 0
2306 84 19 0 -1
2307 39 6 0 1
2308 23 1 0 1
2309 63 6 0 -1
2310 6 11 0 1
2311 88 10 -1 0
2312 19 10 -1 0
2313 88 16 0 1
2314 3 16 0 -1
2315 38 38 -1 0
2316 66 1 1 0
2317 64 12 -1 0
2318 37 7 0 1
2319 81 20 0 1
2320 30 35 0 1
2321 68 39 1 0
2322 25 21 0 1
2323 65 6 1 0
2324 21 20 1 0
2325 47 39 -1 0
2326 51 36 0 1
2327 49 32 1 0
2328 25 0 0 -1
2329 38 0 1 0
2330 11 8 -1 0
2331 23 38 1 0
2332 23 10 1 0
2333 35 6 0 -1
2334 46 36 0 1
2335 25 14 0 -1
2336 16 16 0 1
2337 42 31 0 -1
2338 86 0 1 0
2339 40 35 0 -1
2340 26 1 -1 0
2341 42 21 1 0
2342 16 8 0 1
2343 53 30 -1 0
2344 91 8 0 -1
2345 47 22 0 -1
2346 85 5 -1 0
2347 60 26 0 -1
2348 42 17 0 1
2349 23 36 0 1
2350 77 36 -1 0
2351 83 16 0 -1
2352 7 0 0 -1
2353 8 29 -1 0
2354 61 27 -1 0
2355 57 34 0 1
2356 14 39 0 -1
2357 69 14 1 0
2358 25 23 -1 0
2359 28 12 0 1
2360 47 30 1 0
2361 81 38 0 -1
2362 83 23 1 0
2363 36 3 0 -1
2364 43 39 -1 0
2365 58 18 -1 0
2366 26 18 1 0
2367 83 22 0 1
2368 16 13 -1 0
2369 41 21 0 1
2370 73 18 1 0
2371 64 11 1 0
2372 8 14 1 0
2373 30 38 1 0
2374 40 38 -1 0
2375 92 26 0 1
2376 69 38 -1 0
2377 44 26 0 1
2378 63 13 0 -1
2379 54 22 0 1
2380 37 33 1 0
2381 19 38 0 -1
2382 44 28 0 1
2383 70 2 -1 0
2384 15 4 0 -1
2385 39 1 -1 0
2386 39 22 -1 0
2387 77 32 0 -1
2388 94 19 0 -1
2389 43 16 -1 0
2390 87 26 -1 0
2391 48 21 0 -1
2392 25 36 -1 0
2393 38 35 0 -1
2394 59 10 0 -1
2395 76 32 0 -1
2396 28 0 1 0
2397 12 23 1 0
2398 27 38 0 1
2399 31 14 0 1
