0 2 36 0 1
1 86 31 -1 0
2 27 14 1 0
3 10 16 1 0
4 25 9 1 0
5 28 35 -1 0
6 56 19 0 -1
7 4 33 -1 0
8 27 33 1 0
9 93 28 0 1
10 69 37 0 -1
11 20 24 0 -1
12 32 3 0 -1
13 17 24 0 -1
14 88 25 0 1
15 60 22 -1 0
16 20 10 0 1
17 42 33 1 0
18 23 33 0 1
19 70 27 1 0
20 3 31 -1 0
21 61 23 0 -1
22 92 24 0 -1
23 99 5 -1 0
24 83 9 -1 0
25 21 6 0 1
26 89 15 -1 0
27 25 28 0 1
28 11 36 -1 0
29 30 3 0 1
30 23 14 0 1
31 63 5 0 -1
32 99 22 0 -1
33 38 31 0 -1
34 26 11 1 0
35 35 29 1 0
36 9 25 1 0
37 13 19 0 1
38 38 29 0 1
39 91 21 1 0
40 15 35 -1 0
41 37 1 0 1
42 50 24 0 -1
43 55 33 0 -1
44 17 4 0 1
45 9 6 0 1
46 7 9 1 0
47 65 22 -1 0
48 19 11 0 1
49 51 38 0 1
50 94 21 0 -1
51 26 33 0 -1
52 39 26 -1 0
53 18 35 1 0
54 42 25 1 0
55 38 8 0 -1
56 36 5 0 1
57 51 16 0 -1
58 24 14 0 -1
59 17 25 0 -1
60 0 12 1 0
61 39 38 -1 0
62 39 21 0 1
63 24 27 -1 0
64 27 7 0 1
65 66 37 -1 0
66 92 3 0 1
67 46 7 0 -1
68 79 14 0 1
69 84 4 -1 0
70 95 23 -1 0
71 56 23 -1 0
72 38 19 1 0
73 42 17 0 -1
74 11 19 1 0
75 39 14 0 -1
76 58 5 0 -1
77 17 26 0 1
78 15 1 -1 0
79 23 24 0 -1
80 37 11 0 -1
81 47 27 -1 0
82 1 35 1 0
83 17 31 -1 0
84 90 32 1 0
85 19 29 0 1
86 55 4 0 -1
87 7 22 -1 0
88 40 29 -1 0
89 40 1 0 1
90 44 2 1 0
91 17 31 1 0
92 29 16 -1 0
93 22 0 0 -1
94 15 24 0 1
95 22 4 -1 0
96 95 26 1 0
97 47 28 -1 0
98 50 17 0 1
99 50 36 0 -1
100 77 3 0 1
101 41 39 1 0
102 7 23 1 0
103 41 0 0 1
104 22 27 0 -1
105 52 16 -1 0
106 29 16 0 -1
107 8 18 -1 0
108 6 37 -1 0
109 38 2 0 -1
110 83 19 -1 0
111 64 39 -1 0
112 50 29 -1 0
113 27 8 1 0
114 39 26 0 1
115 45 1 -1 0
116 21 5 0 1
117 14 8 0 -1
118 37 29 1 0
119 84 26 0 -1
120 29 12 0 1
121 51 7 0 -1
122 1 2 -1 0
123 16 9 0 1
124 73 37 0 -1
125 90 23 0 -1
126 24 10 0 1
127 1 32 0 1
128 15 21 1 0
129 24 28 0 -1
130 35 24 1 0
131 24 7 -1 0
132 44 14 1 0
133 7 31 1 0
134 81 11 -1 0
135 46 14 0 -1
136 94 0 -1 0
137 43 11 1 0
138 8 24 1 0
139 48 12 -1 0
140 10 28 0 1
141 14 25 0 1
142 9 17 0 1
143 74 20 -1 0
144 38 17 1 0
145 41 39 0 1
146 24 19 1 0
147 1 33 -1 0
148 29 23 0 -1
149 66 34 -1 0
150 48 16 0 -1
151 22 21 0 1
152 85 27 0 -1
153 95 18 -1 0
154 39 4 0 -1
155 50 37 1 0
156 73 17 0 -1
157 43 28 -1 0
158 45 22 0 1
159 31 10 0 1
160 7 26 0 -1
161 90 29 0 1
162 40 15 0 1
163 81 20 1 0
164 29 26 1 0
165 87 15 0 -1
166 15 36 -1 0
167 22 36 1 0
168 93 37 0 1
169 73 15 1 0
170 46 13 0 1
171 23 14 0 -1
172 25 22 0 -1
173 85 17 -1 0
174 26 37 -1 0
175 83 5 0 1
176 36 33 0 1
177 73 24 0 -1
178 44 27 -1 0
179 7 5 0 -1
180 83 26 0 -1
181 29 2 0 -1
182 88 37 0 1
183 28 29 -1 0
184 86 26 -1 0
185 25 17 0 -1
186 26 21 1 0
187 23 6 0 1
188 10 26 1 0
189 90 12 -1 0
190 70 22 -1 0
191 20 21 1 0
192 44 30 0 -1
193 79 10 0 -1
194 41 35 0 1
195 89 15 0 -1
196 7 26 1 0
197 27 22 0 -1
198 69 37 0 1
199 26 27 -1 0
200 50 11 0 1
201 97 28 1 0
202 96 5 -1 0
203 57 25 -1 0
204 37 4 -1 0
205 9 27 0 -1
206 77 24 0 -1
207 59 33 0 -1
208 0 38 1 0
209 29 15 0 -1
210 11 31 0 -1
211 36 17 1 0
212 51 23 1 0
213 18 38 0 1
214 43 8 -1 0
215 48 7 0 -1
216 56 28 0 1
217 7 15 0 -1
218 55 3 0 -1
219 10 27 -1 0
220 68 5 0 -1
221 75 18 0 -1
222 19 29 0 1
223 57 6 1 0
224 2 39 -1 0
225 23 13 0 1
226 40 2 -1 0
227 99 16 1 0
228 24 32 0 -1
229 72 16 0 1
230 95 9 -1 0
231 10 21 0 -1
232 10 32 0 -1
233 36 35 0 -1
234 90 37 -1 0
235 18 9 0 1
236 90 36 1 0
237 0 35 0 1
238 81 26 0 1
239 55 31 1 0
240 84 11 -1 0
241 7 34 1 0
242 80 12 -1 0
243 4 17 0 -1
244 45 38 0 -1
245 27 11 0 -1
246 34 31 -1 0
247 4 13 0 -1
248 27 38 1 0
249 59 22 -1 0
250 42 36 0 -1
251 67 10 1 0
252 66 27 -1 0
253 30 29 1 0
254 60 20 0 -1
255 39 23 0 1
256 66 9 -1 0
257 99 32 1 0
258 14 33 -1 0
259 94 6 -1 0
260 22 26 0 -1
261 15 7 0 1
262 98 39 0 1
263 82 37 0 1
264 31 19 0 1
265 95 31 0 -1
266 69 17 0 -1
267 73 3 1 0
268 19 34 0 -1
269 30 19 0 -1
270 25 2 1 0
271 27 10 0 -1
272 60 31 0 -1
273 73 6 1 0
274 49 9 0 -1
275 39 39 0 -1
276 25 3 0 -1
277 54 34 0 -1
278 30 28 -1 0
279 41 38 1 0
280 77 0 -1 0
281 37 16 1 0
282 5 2 0 1
283 97 0 -1 0
284 51 27 0 -1
285 29 35 1 0
286 8 28 0 1
287 18 10 0 1
288 44 9 0 1
289 8 38 1 0
290 25 17 0 1
291 12 31 -1 0
292 31 9 1 0
293 36 15 0 1
294 49 32 0 -1
295 45 29 0 -1
296 31 17 0 1
297 17 4 -1 0
298 63 32 0 1
299 98 1 0 -1
300 44 16 1 0
301 34 19 0 -1
302 89 11 -1 0
303 24 35 -1 0
304 84 1 0 -1
305 41 39 0 -1
306 5 1 1 0
307 20 15 0 1
308 36 8 0 1
309 84 35 0 1
310 12 32 1 0
311 68 26 0 -1
312 27 26 1 0
313 82 10 -1 0
314 98 27 0 1
315 38 18 1 0
316 46 12 0 -1
317 41 35 -1 0
318 41 3 -1 0
319 93 12 0 1
320 98 5 0 -1
321 49 25 -1 0
322 42 8 0 -1
323 2 16 -1 0
324 70 13 0 1
325 41 21 1 0
326 23 1 1 0
327 87 35 0 -1
328 71 1 -1 0
329 84 27 0 1
330 31 18 0 -1
331 12 35 1 0
332 10 10 0 1
333 76 8 0 -1
334 44 1 0 -1
335 17 7 0 1
336 8 15 1 0
337 1 39 1 0
338 78 34 0 -1
339 42 30 0 -1
340 27 9 0 -1
341 45 10 0 1
342 28 29 0 -1
343 23 9 1 0
344 28 37 1 0
345 43 3 0 -1
346 42 16 -1 0
347 65 27 0 -1
348 41 8 0 1
349 96 38 1 0
350 18 0 0 1
351 75 17 1 0
352 25 9 1 0
353 21 25 0 1
354 52 13 1 0
355 25 24 0 -1
356 6 36 0 1
357 26 37 0 1
358 39 6 0 -1
359 31 29 0 -1
360 84 2 1 0
361 53 37 0 1
362 45 27 0 -1
363 10 8 1 0
364 40 10 -1 0
365 28 24 0 -1
366 20 30 0 -1
367 10 15 -1 0
368 86 27 0 1
369 70 8 1 0
370 17 5 1 0
371 9 31 0 1
372 51 29 -1 0
373 14 38 1 0
374 8 32 -1 0
375 20 23 -1 0
376 40 6 0 1
377 22 15 1 0
378 42 0 0 1
379 36 16 0 1
380 19 3 1 0
381 27 5 0 1
382 84 14 0 1
383 22 5 1 0
384 39 14 1 0
385 77 13 0 1
386 89 29 1 0
387 7 2 0 1
388 44 17 -1 0
389 75 15 0 1
390 83 5 0 1
391 96 28 -1 0
392 23 11 0 1
393 37 10 0 -1
394 94 1 0 -1
395 7 14 0 -1
396 26 39 -1 0
397 38 27 -1 0
398 9 10 -1 0
399 38 28 1 0
400 27 36 -1 0
401 6 7 1 0
402 43 35 0 1
403 66 17 -1 0
404 94 15 1 0
405 28 7 0 -1
406 41 2 -1 0
407 36 0 -1 0
408 36 31 1 0
409 25 24 1 0
410 18 23 -1 0
411 91 28 0 1
412 24 2 0 1
413 39 31 0 1
414 42 39 1 0
415 25 19 0 -1
416 25 7 1 0
417 68 26 1 0
418 20 21 -1 0
419 40 8 -1 0
420 99 21 1 0
421 54 6 0 1
422 51 6 -1 0
423 51 6 -1 0
424 17 19 0 -1
425 35 17 0 1
426 47 30 0 -1
427 19 23 0 -1
428 67 35 -1 0
429 37 16 0 1
430 38 20 0 1
431 57 1 -1 0
432 42 30 0 -1
433 95 20 0 -1
434 97 32 0 -1
435 4 6 -1 0
436 24 22 0 -1
437 91 25 1 0
438 40 7 0 1
439 74 10 0 -1
440 28 6 0 -1
441 38 15 1 0
442 5 36 -1 0
443 45 34 1 0
444 19 16 -1 0
445 37 19 -1 0
446 4 0 1 0
447 44 26 1 0
448 79 35 1 0
449 62 33 1 0
450 12 18 1 0
451 18 30 0 -1
452 41 26 1 0
453 44 31 1 0
454 24 18 0 -1
455 61 7 0 1
456 3 26 0 1
457 23 17 1 0
458 12 5 -1 0
459 30 36 -1 0
460 38 20 0 1
461 73 17 -1 0
462 56 35 -1 0
463 37 14 1 0
464 14 39 1 0
465 59 39 0 1
466 71 24 0 1
467 89 34 1 0
468 23 6 0 -1
469 25 0 -1 0
470 9 29 0 -1
471 8 36 0 1
472 94 25 1 0
473 36 0 1 0
474 84 11 1 0
475 36 34 -1 0
476 40 19 -1 0
477 7 0 0 1
478 17 38 0 -1
479 90 6 0 -1
480 44 29 1 0
481 27 12 1 0
482 39 21 0 1
483 72 16 1 0
484 2 21 -1 0
485 23 35 1 0
486 93 14 -1 0
487 35 14 0 -1
488 9 31 -1 0
489 44 0 -1 0
490 66 22 0 -1
491 26 39 1 0
492 90 1 0 -1
493 74 31 0 1
494 30 23 -1 0
495 1 8 0 1
496 38 13 -1 0
497 28 34 -1 0
498 17 31 0 -1
499 82 39 -1 0
500 64 18 -1 0
501 85 7 0 1
502 64 10 -1 0
503 25 10 0 -1
504 68 0 0 -1
505 43 29 1 0
506 29 24 1 0
507 8 25 1 0
508 44 14 0 1
509 58 15 0 -1
510 87 6 0 -1
511 8 15 0 1
512 21 1 0 -1
513 14 21 0 1
514 28 39 0 -1
515 28 8 0 -1
516 53 28 1 0
517 24 17 1 0
518 23 15 0 -1
519 92 10 0 1
520 85 18 1 0
521 18 1 0 -1
522 48 28 0 1
523 64 10 0 1
524 22 14 0 1
525 32 3 1 0
526 88 33 0 1
527 40 1 0 1
528 42 8 0 1
529 26 11 -1 0
530 13 26 0 1
531 29 14 1 0
532 25 28 -1 0
533 41 24 0 -1
534 24 39 0 1
535 28 39 1 0
536 25 34 1 0
537 23 16 0 -1
538 44 32 -1 0
539 43 14 0 1
540 99 28 0 1
541 31 20 1 0
542 15 31 1 0
543 50 12 0 -1
544 2 20 0 -1
545 39 0 -1 0
546 8 35 0 1
547 97 7 0 -1
548 13 35 0 1
549 55 9 0 1
550 43 22 0 1
551 58 38 0 -1
552 43 26 0 1
553 22 18 0 -1
554 38 16 0 -1
555 8 37 -1 0
556 7 26 0 -1
557 40 2 0 1
558 67 33 -1 0
559 39 12 0 -1
560 39 7 1 0
561 23 1 0 1
562 61 31 0 1
563 25 35 0 -1
564 50 2 0 -1
565 5 28 0 -1
566 17 21 -1 0
567 94 11 1 0
568 86 37 0 1
569 96 18 0 1
570 47 31 0 1
571 46 14 0 1
572 55 21 1 0
573 86 31 -1 0
574 12 14 -1 0
575 76 14 -1 0
576 26 0 -1 0
577 18 1 0 1
578 36 15 0 -1
579 77 22 0 -1
580 47 8 0 -1
581 2 23 0 -1
582 25 18 0 -1
583 43 39 -1 0
584 12 32 0 1
585 43 30 1 0
586 81 7 1 0
587 67 1 0 1
588 28 38 0 1
589 80 19 -1 0
590 27 9 -1 0
591 49 34 1 0
592 39 3 0 1
593 77 10 0 1
594 64 18 0 -1
595 50 21 1 0
596 35 9 1 0
597 64 26 0 1
598 18 19 0 1
599 93 24 -1 0
600 93 17 -1 0
601 88 13 0 1
602 91 36 0 -1
603 18 0 0 -1
604 44 10 0 -1
605 23 36 0 1
606 98 16 -1 0
607 84 7 0 1
608 16 11 0 -1
609 46 36 -1 0
610 13 26 1 0
611 26 33 -1 0
612 23 12 -1 0
613 39 9 1 0
614 51 39 0 -1
615 19 22 0 1
616 12 24 1 0
617 44 11 1 0
618 35 29 -1 0
619 54 35 -1 0
620 39 19 -1 0
621 37 13 -1 0
622 96 13 0 1
623 44 7 -1 0
624 72 35 0 -1
625 90 20 0 1
626 48 23 0 1
627 18 34 1 0
628 86 2 0 -1
629 47 16 0 -1
630 43 6 -1 0
631 85 7 0 1
632 26 29 0 -1
633 24 37 -1 0
634 56 13 1 0
635 67 10 0 -1
636 13 19 -1 0
637 24 15 0 1
638 30 31 0 -1
639 26 27 -1 0
640 47 23 -1 0
641 47 13 -1 0
642 91 15 0 1
643 90 14 0 -1
644 22 13 0 1
645 22 23 0 -1
646 6 27 1 0
647 87 18 1 0
648 40 38 -1 0
649 3 10 -1 0
650 99 7 -1 0
651 3 30 0 -1
652 5 18 -1 0
653 38 10 -1 0
654 25 5 0 -1
655 42 10 0 -1
656 34 15 -1 0
657 97 32 1 0
658 53 39 -1 0
659 76 9 1 0
660 20 1 -1 0
661 48 1 -1 0
662 48 10 -1 0
663 51 25 0 -1
664 43 5 0 1
665 24 30 1 0
666 40 14 -1 0
667 48 30 0 -1
668 49 6 -1 0
669 92 2 0 1
670 43 19 0 1
671 39 2 1 0
672 41 23 -1 0
673 49 2 1 0
674 14 28 -1 0
675 7 2 0 -1
676 42 30 0 1
677 99 39 1 0
678 31 13 -1 0
679 86 11 0 -1
680 3 14 0 1
681 65 5 0 -1
682 20 5 0 -1
683 30 1 -1 0
684 0 28 1 0
685 18 20 0 1
686 2 15 1 0
687 35 0 -1 0
688 44 33 0 -1
689 20 16 1 0
690 57 1 1 0
691 44 2 -1 0
692 8 4 -1 0
693 26 12 0 1
694 24 28 0 -1
695 26 3 1 0
696 1 4 -1 0
697 89 35 0 1
698 74 14 0 1
699 27 39 0 1
700 50 9 1 0
701 10 23 -1 0
702 92 32 1 0
703 94 35 -1 0
704 79 22 1 0
705 72 9 -1 0
706 10 23 0 -1
707 39 18 0 -1
708 44 30 1 0
709 23 0 0 1
710 36 33 0 1
711 19 22 1 0
712 47 18 1 0
713 39 36 -1 0
714 18 13 0 -1
715 22 24 0 1
716 2 6 0 1
717 22 18 0 1
718 28 29 0 1
719 20 38 1 0
720 53 12 -1 0
721 65 20 -1 0
722 31 13 0 -1
723 38 17 0 -1
724 0 9 1 0
725 36 26 0 1
726 12 15 1 0
727 65 26 1 0
728 12 35 -1 0
729 96 14 1 0
730 57 19 1 0
731 22 35 -1 0
732 51 16 0 -1
733 10 6 0 1
734 17 28 0 1
735 53 28 0 1
736 0 30 0 -1
737 61 19 0 -1
738 48 24 1 0
739 15 39 1 0
740 27 8 0 -1
741 40 26 0 -1
742 25 39 1 0
743 21 33 0 1
744 41 31 0 -1
745 29 9 1 0
746 92 27 0 -1
747 29 31 0 -1
748 51 7 0 1
749 28 17 0 -1
750 8 25 0 -1
751 73 29 0 -1
752 64 34 0 -1
753 46 9 -1 0
754 45 20 0 1
755 18 24 -1 0
756 26 36 0 1
757 44 28 0 1
758 76 6 1 0
759 19 27 -1 0
760 40 31 0 -1
761 90 35 0 1
762 53 4 0 -1
763 19 37 0 1
764 11 4 0 1
765 30 16 1 0
766 96 20 0 1
767 35 17 1 0
768 95 25 0 -1
769 4 33 1 0
770 5 2 0 -1
771 41 1 -1 0
772 6 37 -1 0
773 49 10 -1 0
774 42 21 0 -1
775 43 12 1 0
776 72 2 -1 0
777 14 28 0 -1
778 23 13 0 1
779 77 9 0 -1
780 0 9 0 -1
781 40 30 0 -1
782 30 23 1 0
783 65 22 -1 0
784 10 4 0 -1
785 18 26 0 -1
786 24 7 -1 0
787 39 31 0 -1
788 22 8 0 1
789 59 13 0 1
790 91 25 -1 0
791 57 24 0 1
792 46 29 -1 0
793 41 2 -1 0
794 41 16 0 -1
795 35 7 0 -1
796 26 2 -1 0
797 17 1 0 -1
798 77 20 1 0
799 63 1 0 1
800 98 4 0 1
801 26 25 1 0
802 40 25 0 -1
803 8 9 0 -1
804 29 17 0 -1
805 20 0 1 0
806 48 22 0 1
807 43 16 -1 0
808 28 27 0 -1
809 30 39 1 0
810 26 19 1 0
811 44 31 0 1
812 39 17 0 -1
813 57 9 1 0
814 14 27 -1 0
815 42 24 1 0
816 67 25 0 1
817 95 25 0 -1
818 10 36 0 1
819 31 16 1 0
820 15 21 0 1
821 53 13 1 0
822 41 5 1 0
823 29 0 -1 0
824 36 24 0 1
825 94 0 -1 0
826 42 0 0 -1
827 41 17 0 -1
828 66 11 0 1
829 42 28 1 0
830 36 13 -1 0
831 3 0 0 1
832 36 10 -1 0
833 40 23 1 0
834 23 7 0 1
835 1 34 1 0
836 25 29 0 1
837 88 24 -1 0
838 72 13 -1 0
839 40 10 0 1
840 85 4 -1 0
841 46 25 0 1
842 38 34 1 0
843 10 23 0 -1
844 61 19 -1 0
845 45 6 0 1
846 44 35 0 1
847 59 33 0 1
848 38 24 1 0
849 38 39 -1 0
850 59 16 0 -1
851 16 37 0 -1
852 49 6 0 -1
853 20 34 0 -1
854 51 28 1 0
855 11 7 -1 0
856 43 33 0 -1
857 47 0 -1 0
858 76 34 0 -1
859 21 8 0 -1
860 18 38 0 -1
861 38 23 0 1
862 74 21 0 1
863 39 7 1 0
864 39 11 -1 0
865 27 34 0 1
866 44 32 0 -1
867 73 30 1 0
868 15 4 -1 0
869 11 1 0 -1
870 28 37 0 1
871 1 36 0 -1
872 68 1 0 1
873 44 24 -1 0
874 28 14 -1 0
875 91 2 -1 0
876 51 5 1 0
877 44 3 0 1
878 87 1 -1 0
879 19 35 -1 0
880 3 8 1 0
881 86 30 1 0
882 39 33 1 0
883 38 24 1 0
884 75 29 0 1
885 21 26 -1 0
886 46 25 0 -1
887 60 37 -1 0
888 3 17 1 0
889 16 4 -1 0
890 80 12 0 -1
891 85 14 0 1
892 44 33 0 -1
893 29 15 -1 0
894 56 12 -1 0
895 34 2 1 0
896 82 15 0 1
897 60 34 0 -1
898 91 31 -1 0
899 14 6 0 1
900 44 25 0 1
901 57 26 0 1
902 27 18 0 1
903 21 6 0 -1
904 74 36 0 -1
905 89 19 0 -1
906 48 1 0 1
907 5 24 1 0
908 3 1 0 1
909 1 30 -1 0
910 87 9 -1 0
911 27 33 -1 0
912 92 34 0 1
913 99 27 0 -1
914 40 4 -1 0
915 4 24 1 0
916 42 15 0 1
917 46 0 -1 0
918 93 18 0 1
919 38 16 -1 0
920 63 36 0 1
921 48 22 0 -1
922 18 33 -1 0
923 41 3 1 0
924 41 21 -1 0
925 18 24 0 1
926 98 34 0 1
927 44 19 1 0
928 4 20 0 1
929 88 1 0 -1
930 39 33 0 1
931 48 7 0 -1
932 88 13 0 1
933 99 3 0 -1
934 22 15 0 -1
935 26 34 1 0
936 38 15 1 0
937 58 0 0 1
938 40 3 -1 0
939 34 38 -1 0
940 45 37 -1 0
941 87 25 0 -1
942 92 21 0 1
943 87 18 1 0
944 87 34 0 1
945 25 3 0 1
946 9 22 0 -1
947 45 35 0 1
948 41 0 1 0
949 42 39 1 0
950 83 28 1 0
951 24 21 0 1
952 31 39 0 -1
953 28 36 0 -1
954 5 10 -1 0
955 73 23 0 1
956 19 5 1 0
957 61 33 -1 0
958 75 23 0 1
959 42 18 1 0
960 15 11 0 -1
961 20 24 -1 0
962 79 28 0 -1
963 8 7 1 0
964 28 0 -1 0
965 97 18 0 -1
966 97 0 0 -1
967 78 10 0 1
968 41 16 -1 0
969 42 26 -1 0
970 28 4 0 1
971 37 23 0 -1
972 30 5 -1 0
973 39 5 0 -1
974 78 12 0 -1
975 20 33 0 1
976 40 38 0 -1
977 41 1 -1 0
978 76 15 -1 0
979 18 36 0 1
980 58 11 -1 0
981 31 25 0 -1
982 6 15 -1 0
983 11 36 1 0
984 45 19 0 -1
985 88 19 1 0
986 52 33 -1 0
987 38 12 0 1
988 11 11 1 0
989 84 21 0 -1
990 22 23 0 -1
991 59 27 0 1
992 28 33 0 1
993 82 19 0 1
994 42 38 0 1
995 61 9 0 1
996 90 23 0 -1
997 42 39 -1 0
998 56 11 0 1
999 15 5 0 1
1000 42 29 1 0
1001 26 38 0 -1
1002 69 13 -1 0
1003 27 14 -1 0
1004 24 17 -1 0
1005 92 10 1 0
1006 28 1 0 -1
1007 52 1 -1 0
1008 40 11 -1 0
1009 61 22 0 -1
1010 89 13 0 -1
1011 37 17 -1 0
1012 22 32 1 0
1013 27 11 1 0
1014 80 39 0 1
1015 6 8 -1 0
1016 15 3 0 1
1017 42 23 -1 0
1018 49 13 0 -1
1019 40 17 0 -1
1020 46 7 0 1
1021 24 34 1 0
1022 49 29 0 1
1023 81 23 0 1
1024 20 32 1 0
1025 78 11 -1 0
1026 19 1 -1 0
1027 28 15 0 -1
1028 2 7 1 0
1029 94 22 -1 0
1030 3 25 0 1
1031 19 38 0 -1
1032 30 12 0 1
1033 82 39 0 -1
1034 6 20 0 -1
1035 20 19 0 1
1036 27 32 -1 0
1037 62 32 1 0
1038 40 22 -1 0
1039 43 9 1 0
1040 35 3 -1 0
1041 55 24 0 -1
1042 55 1 1 0
1043 29 3 1 0
1044 5 9 1 0
1045 71 7 0 1
1046 30 34 0 -1
1047 19 2 0 1
1048 80 31 0 1
1049 44 36 1 0
1050 11 24 0 1
1051 78 4 -1 0
1052 37 22 0 -1
1053 1 10 1 0
1054 26 10 -1 0
1055 10 10 0 -1
1056 92 11 0 -1
1057 13 31 0 1
1058 86 13 -1 0
1059 26 22 0 1
1060 39 15 0 -1
1061 5 24 0 -1
1062 27 20 0 -1
1063 43 27 -1 0
1064 79 10 -1 0
1065 18 17 0 -1
1066 27 39 0 1
1067 41 29 0 -1
1068 0 24 -1 0
1069 37 2 -1 0
1070 19 19 0 -1
1071 41 30 -1 0
1072 94 24 0 1
1073 4 5 0 -1
1074 75 15 0 1
1075 29 14 0 1
1076 61 4 0 1
1077 0 27 0 1
1078 46 8 -1 0
1079 96 23 -1 0
1080 89 25 -1 0
1081 95 8 0 -1
1082 51 10 0 -1
1083 7 20 -1 0
1084 18 33 0 1
1085 75 16 0 -1
1086 24 34 1 0
1087 47 7 0 -1
1088 53 39 -1 0
1089 55 7 -1 0
1090 55 12 0 -1
1091 48 25 -1 0
1092 24 13 0 1
1093 33 15 0 -1
1094 12 28 0 1
1095 16 5 0 1
1096 47 26 -1 0
1097 15 0 -1 0
1098 25 8 -1 0
1099 45 24 -1 0
1100 89 10 0 -1
1101 26 8 0 1
1102 18 20 0 -1
1103 10 8 -1 0
1104 28 25 1 0
1105 15 6 0 1
1106 78 23 0 1
1107 87 32 -1 0
1108 26 13 -1 0
1109 93 34 0 1
1110 28 39 0 -1
1111 98 3 0 1
1112 37 39 1 0
1113 20 22 1 0
1114 40 22 -1 0
1115 30 32 0 -1
1116 42 27 1 0
1117 86 3 0 1
1118 64 15 0 -1
1119 53 34 0 -1
1120 38 7 -1 0
1121 38 33 1 0
1122 65 0 1 0
1123 37 29 0 -1
1124 8 32 -1 0
1125 80 4 1 0
1126 23 27 0 1
1127 64 31 0 -1
1128 5 16 1 0
1129 36 0 -1 0
1130 96 24 -1 0
1131 24 7 0 -1
1132 23 0 0 1
1133 16 0 0 -1
1134 63 15 -1 0
1135 87 26 1 0
1136 42 26 1 0
1137 38 0 0 1
1138 55 12 0 1
1139 67 7 -1 0
1140 50 8 0 1
1141 36 8 0 -1
1142 36 12 1 0
1143 43 29 -1 0
1144 13 13 -1 0
1145 98 15 0 1
1146 25 7 1 0
1147 6 27 0 -1
1148 23 11 0 -1
1149 49 28 -1 0
1150 43 39 0 -1
1151 95 37 0 1
1152 50 35 -1 0
1153 42 5 1 0
1154 27 9 1 0
1155 27 10 0 1
1156 25 29 0 -1
1157 15 5 1 0
1158 46 10 -1 0
1159 41 10 0 -1
1160 77 21 -1 0
1161 6 1 1 0
1162 66 14 -1 0
1163 26 22 1 0
1164 86 10 0 1
1165 15 2 0 1
1166 53 1 1 0
1167 68 5 -1 0
1168 78 34 0 1
1169 1 9 0 -1
1170 25 13 0 1
1171 84 0 1 0
1172 62 32 -1 0
1173 23 15 1 0
1174 20 16 -1 0
1175 35 26 -1 0
1176 4 34 0 -1
1177 37 10 0 1
1178 96 12 0 1
1179 25 19 1 0
1180 22 29 0 -1
1181 43 22 0 -1
1182 88 27 -1 0
1183 42 14 0 -1
1184 68 27 0 -1
1185 75 14 1 0
1186 85 21 -1 0
1187 44 33 -1 0
1188 26 6 0 1
1189 40 35 0 -1
1190 8 22 0 1
1191 54 30 0 1
1192 14 12 0 -1
1193 14 26 0 -1
1194 94 32 1 0
1195 13 35 0 1
1196 83 15 0 -1
1197 93 3 -1 0
1198 71 3 -1 0
1199 87 8 0 -1
1200 11 15 1 0
1201 17 38 1 0
1202 31 2 1 0
1203 96 31 0 1
1204 82 7 1 0
1205 26 26 0 1
1206 82 38 1 0
1207 22 1 0 1
1208 27 37 1 0
1209 40 16 1 0
1210 48 36 0 -1
1211 26 29 1 0
1212 45 7 -1 0
1213 0 27 -1 0
1214 40 7 1 0
1215 46 27 0 1
1216 23 39 1 0
1217 84 20 0 1
1218 37 21 0 1
1219 14 23 -1 0
1220 19 6 -1 0
1221 9 16 1 0
1222 12 36 1 0
1223 28 8 0 -1
1224 16 22 0 -1
1225 92 25 0 -1
1226 68 35 0 -1
1227 81 29 0 1
1228 35 3 0 -1
1229 7 32 0 -1
1230 19 18 1 0
1231 3 6 0 1
1232 62 23 0 1
1233 22 7 0 -1
1234 18 10 0 1
1235 46 11 1 0
1236 99 20 0 -1
1237 13 15 0 -1
1238 24 26 0 1
1239 43 31 0 1
1240 94 35 -1 0
1241 72 24 -1 0
1242 86 38 1 0
1243 65 3 -1 0
1244 15 22 0 1
1245 50 13 1 0
1246 13 31 0 -1
1247 64 17 0 1
1248 28 0 -1 0
1249 50 1 0 1
1250 99 5 1 0
1251 43 16 0 1
1252 22 14 0 1
1253 25 25 -1 0
1254 21 20 0 -1
1255 90 2 1 0
1256 48 34 0 1
1257 31 33 0 -1
1258 72 15 1 0
1259 36 35 0 -1
1260 24 5 -1 0
1261 40 16 -1 0
1262 21 13 0 1
1263 88 6 1 0
1264 24 14 -1 0
1265 43 29 1 0
1266 40 14 -1 0
1267 64 11 0 1
1268 30 27 -1 0
1269 45 5 -1 0
1270 11 29 -1 0
1271 45 9 -1 0
1272 31 4 0 -1
1273 6 26 0 -1
1274 26 6 0 1
1275 21 17 0 1
1276 45 31 0 -1
1277 53 30 -1 0
1278 7 13 -1 0
1279 29 28 0 1
1280 16 6 1 0
1281 45 23 1 0
1282 22 19 0 1
1283 41 11 0 -1
1284 29 27 1 0
1285 38 36 0 1
1286 40 29 -1 0
1287 27 36 0 -1
1288 30 2 1 0
1289 14 26 0 1
1290 94 12 0 -1
1291 44 4 0 1
1292 98 14 -1 0
1293 44 22 -1 0
1294 14 31 0 1
1295 18 19 0 1
1296 62 23 -1 0
1297 45 38 -1 0
1298 91 29 1 0
1299 86 29 1 0
1300 98 19 1 0
1301 69 12 0 -1
1302 44 20 0 -1
1303 46 28 0 -1
1304 26 29 1 0
1305 20 20 -1 0
1306 26 28 0 1
1307 37 32 1 0
1308 44 26 -1 0
1309 52 36 0 -1
1310 21 4 0 1
1311 23 28 -1 0
1312 37 27 0 -1
1313 97 36 1 0
1314 98 32 -1 0
1315 44 13 -1 0
1316 50 0 0 1
1317 66 11 1 0
1318 41 27 0 1
1319 66 14 1 0
1320 27 7 1 0
1321 5 34 0 1
1322 38 14 0 1
1323 45 10 -1 0
1324 12 11 -1 0
1325 23 15 0 1
1326 22 14 0 1
1327 39 13 -1 0
1328 74 14 0 -1
1329 37 7 0 1
1330 83 16 1 0
1331 52 16 0 1
1332 47 15 1 0
1333 20 0 0 1
1334 45 29 0 1
1335 89 33 -1 0
1336 43 27 0 1
1337 96 31 1 0
1338 25 33 1 0
1339 4 14 0 1
1340 14 5 1 0
1341 16 11 0 -1
1342 28 11 -1 0
1343 35 3 1 0
1344 31 19 0 -1
1345 33 24 0 1
1346 48 3 -1 0
1347 25 27 0 1
1348 43 31 1 0
1349 13 24 0 -1
1350 70 8 0 1
1351 46 39 1 0
1352 44 39 1 0
1353 27 4 0 -1
1354 12 10 1 0
1355 85 39 0 -1
1356 9 7 1 0
1357 42 22 -1 0
1358 32 34 0 1
1359 40 16 1 0
1360 19 24 -1 0
1361 54 38 0 -1
1362 17 16 1 0
1363 18 8 1 0
1364 99 28 0 1
1365 37 36 -1 0
1366 35 31 0 1
1367 29 12 0 1
1368 86 19 0 -1
1369 44 16 1 0
1370 57 33 0 1
1371 47 3 -1 0
1372 2 19 0 1
1373 90 8 0 -1
1374 87 38 0 -1
1375 45 28 1 0
1376 43 38 -1 0
1377 25 14 1 0
1378 9 24 0 1
1379 28 31 1 0
1380 89 24 -1 0
1381 29 17 0 -1
1382 40 11 0 1
1383 48 4 -1 0
1384 27 17 -1 0
1385 30 28 1 0
1386 90 19 1 0
1387 44 29 0 1
1388 79 7 -1 0
1389 81 35 0 -1
1390 91 16 0 1
1391 37 29 1 0
1392 41 31 -1 0
1393 15 33 0 1
1394 28 0 0 -1
1395 52 35 -1 0
1396 31 35 -1 0
1397 7 33 0 -1
1398 15 14 0 -1
1399 30 6 0 1
1400 4 2 -1 0
1401 41 20 1 0
1402 26 9 1 0
1403 39 3 0 1
1404 25 14 0 -1
1405 89 32 0 1
1406 18 3 1 0
1407 72 25 0 -1
1408 95 4 1 0
1409 76 39 -1 0
1410 29 29 -1 0
1411 51 24 1 0
1412 28 14 0 -1
1413 17 15 0 -1
1414 20 10 -1 0
1415 27 34 -1 0
1416 94 13 -1 0
1417 45 13 0 -1
1418 67 30 0 -1
1419 40 6 0 -1
1420 20 18 0 1
1421 92 31 -1 0
1422 41 7 0 1
1423 9 11 1 0
1424 82 28 -1 0
1425 9 5 -1 0
1426 36 16 1 0
1427 39 29 0 -1
1428 40 31 0 1
1429 42 15 1 0
1430 5 0 0 -1
1431 3 34 0 1
1432 38 7 0 1
1433 27 16 0 1
1434 24 11 0 1
1435 43 39 0 -1
1436 47 16 0 1
1437 91 13 0 1
1438 40 29 0 -1
1439 11 16 -1 0
1440 30 5 0 -1
1441 21 15 0 1
1442 27 7 -1 0
1443 7 39 0 -1
1444 86 10 1 0
1445 73 27 1 0
1446 12 16 -1 0
1447 34 22 0 1
1448 88 8 0 -1
1449 20 25 0 -1
1450 54 3 1 0
1451 26 39 0 -1
1452 74 36 0 1
1453 22 17 -1 0
1454 40 15 0 1
1455 12 31 1 0
1456 17 26 1 0
1457 20 14 1 0
1458 36 19 -1 0
1459 58 8 1 0
1460 92 12 0 1
1461 41 27 -1 0
1462 90 11 -1 0
1463 43 23 0 -1
1464 44 15 -1 0
1465 46 12 0 1
1466 37 4 -1 0
1467 97 30 0 1
1468 81 23 0 1
1469 2 0 -1 0
1470 65 1 1 0
1471 75 23 -1 0
1472 39 28 0 1
1473 4 27 0 -1
1474 64 32 0 -1
1475 44 24 -1 0
1476 40 8 -1 0
1477 96 14 0 -1
1478 29 22 -1 0
1479 39 6 1 0
1480 21 32 1 0
1481 37 8 -1 0
1482 37 20 0 1
1483 78 39 0 -1
1484 49 19 -1 0
1485 27 16 0 1
1486 47 1 -1 0
1487 79 18 1 0
1488 49 8 0 1
1489 45 12 -1 0
1490 38 24 0 1
1491 73 25 -1 0
1492 39 22 0 1
1493 28 34 0 -1
1494 43 34 -1 0
1495 32 38 -1 0
1496 7 20 1 0
1497 44 0 -1 0
1498 22 21 0 -1
1499 55 28 1 0
1500 19 21 0 1
1501 35 19 -1 0
1502 87 7 1 0
1503 44 10 -1 0
1504 39 25 1 0
1505 68 38 1 0
1506 25 27 0 1
1507 11 2 1 0
1508 36 37 0 1
1509 94 25 -1 0
1510 48 13 0 1
1511 45 25 0 1
1512 26 30 0 -1
1513 85 35 0 -1
1514 26 37 1 0
1515 52 8 0 -1
1516 44 1 -1 0
1517 89 39 0 1
1518 20 4 1 0
1519 93 21 1 0
1520 86 12 0 1
1521 17 26 1 0
1522 26 36 0 -1
1523 16 8 0 1
1524 85 30 0 -1
1525 28 36 0 1
1526 8 12 0 -1
1527 24 38 -1 0
1528 28 13 1 0
1529 40 34 1 0
1530 2 24 -1 0
1531 85 35 1 0
1532 40 14 -1 0
1533 10 34 0 1
1534 58 33 0 1
1535 66 23 1 0
1536 81 23 -1 0
1537 89 5 0 -1
1538 73 22 0 -1
1539 35 30 0 1
1540 23 33 1 0
1541 8 14 0 -1
1542 42 23 0 1
1543 93 0 -1 0
1544 95 33 0 -1
1545 68 27 -1 0
1546 11 26 -1 0
1547 30 26 -1 0
1548 81 11 0 1
1549 41 24 0 -1
1550 34 12 0 -1
1551 39 8 1 0
1552 95 4 1 0
1553 53 36 0 -1
1554 42 9 0 -1
1555 54 20 1 0
1556 61 2 0 1
1557 39 10 -1 0
1558 40 3 1 0
1559 36 23 1 0
1560 11 28 0 1
1561 42 5 -1 0
1562 25 35 1 0
1563 17 7 0 1
1564 22 2 0 -1
1565 7 12 -1 0
1566 37 33 -1 0
1567 6 17 -1 0
1568 5 10 0 -1
1569 79 3 0 1
1570 78 22 1 0
1571 40 11 1 0
1572 11 8 -1 0
1573 46 0 1 0
1574 41 17 0 -1
1575 78 0 0 1
1576 29 16 0 -1
1577 0 23 -1 0
1578 89 29 1 0
1579 23 18 1 0
1580 87 18 1 0
1581 52 26 1 0
1582 50 30 0 -1
1583 84 0 -1 0
1584 38 9 1 0
1585 20 5 1 0
1586 39 29 0 1
1587 37 31 -1 0
1588 43 37 0 -1
1589 3 8 0 1
1590 44 27 0 -1
1591 94 6 -1 0
1592 39 35 1 0
1593 44 28 0 1
1594 26 6 -1 0
1595 20 24 0 1
1596 66 28 -1 0
1597 70 16 -1 0
1598 92 38 0 -1
1599 16 7 1 0
1600 86 36 0 1
1601 24 16 0 -1
1602 90 32 0 1
1603 58 23 0 1
1604 25 26 0 -1
1605 20 2 1 0
1606 25 39 0 -1
1607 96 21 1 0
1608 97 14 0 1
1609 40 26 1 0
1610 93 13 0 1
1611 64 20 1 0
1612 5 2 0 1
1613 84 35 1 0
1614 2 16 1 0
1615 14 8 0 1
1616 18 13 0 1
1617 0 0 0 1
1618 12 24 0 -1
1619 6 15 0 -1
1620 30 37 0 -1
1621 2 16 -1 0
1622 47 5 1 0
1623 76 9 -1 0
1624 41 16 -1 0
1625 40 7 0 1
1626 8 12 1 0
1627 37 20 0 1
1628 23 7 0 1
1629 18 5 -1 0
1630 45 24 0 1
1631 3 28 0 -1
1632 82 16 -1 0
1633 31 0 0 1
1634 89 30 -1 0
1635 18 24 1 0
1636 44 6 -1 0
1637 43 2 1 0
1638 33 11 1 0
1639 99 37 0 -1
1640 48 15 -1 0
1641 26 8 0 -1
1642 0 12 -1 0
1643 7 29 0 -1
1644 39 30 0 1
1645 92 34 1 0
1646 25 6 1 0
1647 97 7 0 1
1648 90 6 0 1
1649 19 21 0 1
1650 65 6 0 1
1651 15 6 0 -1
1652 81 22 0 -1
1653 26 38 1 0
1654 42 11 -1 0
1655 30 23 0 -1
1656 56 0 -1 0
1657 82 0 0 -1
1658 2 38 -1 0
1659 42 1 0 -1
1660 48 38 0 1
1661 41 14 1 0
1662 15 37 -1 0
1663 46 13 1 0
1664 26 26 -1 0
1665 25 26 0 1
1666 41 30 -1 0
1667 25 23 1 0
1668 58 34 0 1
1669 20 17 0 -1
1670 26 28 -1 0
1671 13 20 -1 0
1672 14 18 0 1
1673 85 23 1 0
1674 42 18 0 -1
1675 38 4 0 -1
1676 28 19 0 -1
1677 46 38 0 -1
1678 89 5 1 0
1679 58 8 0 1
1680 26 20 1 0
1681 46 38 1 0
1682 58 7 1 0
1683 27 36 0 -1
1684 68 38 -1 0
1685 55 16 0 -1
1686 56 16 1 0
1687 21 10 0 -1
1688 46 27 0 1
1689 84 35 -1 0
1690 9 25 -1 0
1691 42 15 1 0
1692 13 16 -1 0
1693 75 21 0 1
1694 83 29 -1 0
1695 10 10 -1 0
1696 76 31 1 0
1697 50 20 -1 0
1698 39 0 1 0
1699 69 4 1 0
1700 52 17 0 -1
1701 78 20 -1 0
1702 52 26 -1 0
1703 61 38 0 -1
1704 38 11 1 0
1705 37 35 0 -1
1706 26 20 1 0
1707 77 8 -1 0
1708 26 7 1 0
1709 77 37 1 0
1710 11 29 1 0
1711 31 28 1 0
1712 2 20 0 -1
1713 28 24 1 0
1714 25 29 0 -1
1715 47 15 0 1
1716 8 36 0 1
1717 51 35 0 1
1718 47 25 0 1
1719 7 33 1 0
1720 27 28 0 -1
1721 25 11 1 0
1722 43 32 1 0
1723 19 29 0 -1
1724 53 35 -1 0
1725 83 9 0 -1
1726 43 18 -1 0
1727 44 5 0 -1
1728 2 38 -1 0
1729 92 28 0 -1
1730 90 31 1 0
1731 40 34 0 1
1732 34 32 1 0
1733 91 18 0 1
1734 23 27 -1 0
1735 79 13 0 -1
1736 51 33 -1 0
1737 85 37 -1 0
1738 30 11 0 1
1739 63 30 0 -1
1740 38 27 0 1
1741 18 13 -1 0
1742 28 7 0 -1
1743 39 32 -1 0
1744 39 21 1 0
1745 39 22 0 -1
1746 41 8 0 -1
1747 48 14 0 -1
1748 10 25 -1 0
1749 30 26 0 -1
1750 66 38 -1 0
1751 91 15 1 0
1752 21 38 -1 0
1753 75 16 0 1
1754 27 4 -1 0
1755 59 9 0 -1
1756 43 26 0 -1
1757 17 24 0 -1
1758 81 19 -1 0
1759 75 38 1 0
1760 37 32 -1 0
1761 5 18 0 1
1762 25 28 0 1
1763 61 31 0 -1
1764 45 6 0 -1
1765 26 15 1 0
1766 29 28 -1 0
1767 22 32 0 1
1768 86 0 0 -1
1769 69 16 1 0
1770 29 0 1 0
1771 95 8 0 1
1772 92 14 1 0
1773 0 27 0 -1
1774 8 22 0 1
1775 81 14 0 1
1776 55 32 0 -1
1777 30 22 0 1
1778 86 21 0 1
1779 29 37 0 1
1780 20 32 0 1
1781 54 11 0 -1
1782 36 8 -1 0
1783 66 39 0 -1
1784 69 31 0 -1
1785 20 30 1 0
1786 43 37 -1 0
1787 22 1 0 -1
1788 65 39 1 0
1789 65 0 0 -1
1790 35 10 1 0
1791 13 6 1 0
1792 43 30 0 -1
1793 41 9 -1 0
1794 19 19 -1 0
1795 45 30 -1 0
1796 94 34 0 1
1797 97 38 1 0
1798 40 1 0 1
1799 0 15 0 1
1800 10 6 1 0
1801 43 31 0 -1
1802 27 35 0 1
1803 98 33 0 1
1804 91 32 -1 0
1805 37 15 -1 0
1806 0 9 0 1
1807 40 8 0 -1
1808 26 34 1 0
1809 48 28 0 1
1810 14 21 1 0
1811 28 9 0 -1
1812 53 33 0 -1
1813 30 24 -1 0
1814 10 30 0 -1
1815 39 9 0 -1
1816 18 3 1 0
1817 66 17 0 1
1818 54 2 -1 0
1819 26 25 0 1
1820 6 38 0 -1
1821 45 2 -1 0
1822 41 8 0 1
1823 18 38 0 1
1824 28 7 0 1
1825 97 31 1 0
1826 22 12 0 -1
1827 40 33 -1 0
1828 49 35 0 1
1829 30 12 0 1
1830 11 20 -1 0
1831 97 2 0 -1
1832 45 39 0 1
1833 14 6 1 0
1834 85 3 0 1
1835 81 25 0 1
1836 98 4 0 1
1837 97 35 1 0
1838 26 35 0 1
1839 45 25 0 -1
1840 25 38 -1 0
1841 43 0 0 -1
1842 20 13 1 0
1843 29 34 1 0
1844 90 8 -1 0
1845 54 15 1 0
1846 93 6 -1 0
1847 39 34 0 -1
1848 35 5 1 0
1849 26 19 0 -1
1850 62 1 0 -1
1851 26 27 1 0
1852 96 27 0 1
1853 90 30 0 -1
1854 60 23 0 1
1855 74 13 0 1
1856 64 6 1 0
1857 80 35 0 -1
1858 98 5 -1 0
1859 92 10 0 1
1860 27 10 1 0
1861 71 6 0 -1
1862 21 15 0 -1
1863 29 18 0 -1
1864 0 10 -1 0
1865 29 34 1 0
1866 56 29 0 -1
1867 8 1 0 -1
1868 63 10 0 1
1869 38 17 0 -1
1870 75 8 0 -1
1871 39 37 1 0
1872 63 0 0 -1
1873 96 2 0 -1
1874 16 4 1 0
1875 15 21 -1 0
1876 50 13 1 0
1877 91 34 -1 0
1878 21 12 0 -1
1879 18 7 1 0
1880 26 25 0 -1
1881 36 4 0 1
1882 57 18 -1 0
1883 54 22 -1 0
1884 17 20 1 0
1885 0 11 1 0
1886 36 11 0 -1
1887 77 30 0 -1
1888 19 8 -1 0
1889 70 22 1 0
1890 84 39 1 0
1891 25 26 1 0
1892 17 22 0 -1
1893 25 8 1 0
1894 38 4 0 1
1895 37 9 0 1
1896 41 31 1 0
1897 54 31 0 1
1898 39 4 0 -1
1899 69 34 0 1
1900 8 36 -1 0
1901 22 30 -1 0
1902 16 1 0 -1
1903 29 34 -1 0
1904 30 9 1 0
1905 10 19 0 1
1906 89 16 0 -1
1907 37 21 -1 0
1908 6 24 1 0
1909 16 35 1 0
1910 21 11 0 -1
1911 28 30 1 0
1912 42 8 -1 0
1913 6 16 -1 0
1914 4 23 -1 0
1915 25 39 -1 0
1916 99 15 0 -1
1917 52 1 0 -1
1918 96 18 0 -1
1919 56 11 -1 0
1920 8 12 -1 0
1921 73 11 1 0
1922 50 22 0 -1
1923 37 14 0 -1
1924 54 26 -1 0
1925 88 15 0 -1
1926 24 35 -1 0
1927 77 14 0 1
1928 45 33 -1 0
1929 41 33 1 0
1930 30 0 0 -1
1931 40 12 0 1
1932 21 11 -1 0
1933 26 24 -1 0
1934 64 15 0 1
1935 54 19 0 1
1936 52 39 1 0
1937 0 11 -1 0
1938 18 5 -1 0
1939 4 22 -1 0
1940 1 26 0 -1
1941 29 29 -1 0
1942 26 8 0 1
1943 69 5 0 -1
1944 41 7 1 0
1945 71 37 0 -1
1946 14 17 1 0
1947 32 16 0 1
1948 38 22 -1 0
1949 86 9 0 1
1950 47 12 -1 0
1951 42 11 1 0
1952 57 17 0 -1
1953 64 34 0 -1
1954 44 29 0 -1
1955 38 33 0 1
1956 43 7 0 -1
1957 30 39 0 1
1958 73 31 0 1
1959 48 22 0 1
1960 97 22 0 -1
1961 82 18 1 0
1962 24 0 1 0
1963 47 28 -1 0
1964 36 34 1 0
1965 47 6 0 -1
1966 92 7 0 1
1967 62 29 0 -1
1968 47 5 -1 0
1969 10 8 0 -1
1970 39 6 0 -1
1971 48 13 0 1
1972 44 10 0 1
1973 86 7 -1 0
1974 64 32 1 0
1975 53 9 0 -1
1976 24 17 -1 0
1977 21 8 0 -1
1978 39 5 0 -1
1979 81 33 1 0
1980 40 35 -1 0
1981 38 34 1 0
1982 6 6 1 0
1983 27 8 -1 0
1984 47 9 0 1
1985 95 13 1 0
1986 43 28 1 0
1987 8 38 1 0
1988 66 1 -1 0
1989 44 36 -1 0
1990 90 13 0 -1
1991 61 31 -1 0
1992 58 8 0 -1
1993 3 22 1 0
1994 99 27 0 1
1995 39 4 0 1
1996 91 8 1 0
1997 64 17 0 -1
1998 24 15 0 -1
1999 10 4 1 0
2000 21 3 0 -1
2001 91 0 0 1
2002 4 22 1 0
2003 23 26 1 0
2004 92 11 0 -1
2005 41 28 0 1
2006 29 36 0 1
2007 88 35 0 1
2008 48 0 -1 0
2009 72 19 1 0
2010 98 5 0 1
2011 71 8 0 -1
2012 13 8 0 1
2013 78 28 1 0
2014 65 33 0 1
2015 43 37 1 0
2016 41 0 -1 0
2017 19 19 1 0
2018 19 22 -1 0
2019 46 27 1 0
2020 20 21 0 -1
2021 76 19 0 1
2022 9 24 0 -1
2023 8 21 0 -1
2024 27 0 0 -1
2025 29 27 1 0
2026 14 26 0 -1
2027 30 33 -1 0
2028 99 24 0 1
2029 78 13 1 0
2030 91 3 1 0
2031 79 38 -1 0
2032 43 23 0 -1
2033 37 26 -1 0
2034 40 17 0 1
2035 38 37 1 0
2036 22 17 0 1
2037 10 36 0 1
2038 41 22 0 -1
2039 23 28 1 0
2040 28 21 0 1
2041 45 21 0 -1
2042 82 32 1 0
2043 25 10 -1 0
2044 13 4 0 1
2045 41 29 1 0
2046 26 11 0 -1
2047 3 8 -1 0
2048 99 10 0 -1
2049 74 25 1 0
2050 54 35 0 1
2051 37 20 0 1
2052 39 23 0 -1
2053 85 18 -1 0
2054 67 9 -1 0
2055 14 24 0 -1
2056 5 35 1 0
2057 21 6 0 1
2058 20 15 0 -1
2059 28 38 -1 0
2060 60 32 0 -1
2061 42 29 1 0
2062 53 15 0 -1
2063 41 10 0 -1
2064 27 0 -1 0
2065 28 4 0 -1
2066 56 5 0 -1
2067 37 37 -1 0
2068 24 6 1 0
2069 99 5 -1 0
2070 98 29 0 1
2071 44 8 1 0
2072 25 22 1 0
2073 36 34 1 0
2074 47 34 -1 0
2075 26 26 0 1
2076 90 22 0 1
2077 29 14 1 0
2078 26 9 0 -1
2079 49 39 0 -1
2080 35 35 0 1
2081 24 15 1 0
2082 7 4 0 -1
2083 85 6 1 0
2084 27 37 0 -1
2085 45 22 1 0
2086 87 7 0 1
2087 46 30 1 0
2088 19 37 1 0
2089 96 34 -1 0
2090 65 39 0 -1
2091 23 37 1 0
2092 12 20 -1 0
2093 57 6 1 0
2094 79 6 0 1
2095 16 6 0 -1
2096 44 21 0 -1
2097 41 7 -1 0
2098 0 8 -1 0
2099 36 39 0 1
2100 42 26 0 1
2101 90 24 1 0
2102 13 24 0 -1
2103 77 4 0 -1
2104 27 30 1 0
2105 27 37 0 -1
2106 57 15 1 0
2107 88 26 0 1
2108 35 12 0 -1
2109 86 13 -1 0
2110 35 12 -1 0
2111 36 31 0 -1
2112 57 2 -1 0
2113 56 2 0 -1
2114 53 22 1 0
2115 53 17 0 1
2116 43 30 1 0
2117 5 17 0 -1
2118 39 32 -1 0
2119 41 36 -1 0
2120 38 28 -1 0
2121 67 22 0 -1
2122 51 32 0 1
2123 19 34 0 -1
2124 42 7 -1 0
2125 70 14 0 -1
2126 38 16 0 -1
2127 7 8 -1 0
2128 49 30 1 0
2129 93 36 0 -1
2130 1 20 -1 0
2131 9 37 -1 0
2132 18 27 -1 0
2133 83 39 0 -1
2134 42 28 -1 0
2135 56 10 0 1
2136 35 29 0 -1
2137 1 35 -1 0
2138 16 15 0 -1
2139 53 2 0 -1
2140 20 16 0 -1
2141 14 22 1 0
2142 24 22 -1 0
2143 37 3 0 1
2144 27 35 1 0
2145 24 38 1 0
2146 27 16 1 0
2147 45 12 0 -1
2148 51 14 1 0
2149 7 23 1 0
2150 56 4 -1 0
2151 41 33 1 0
2152 92 22 0 1
2153 27 39 0 -1
2154 48 10 0 1
2155 15 30 1 0
2156 21 24 -1 0
2157 90 39 0 1
2158 10 3 1 0
2159 85 35 -1 0
2160 1 39 -1 0
2161 5 8 1 0
2162 62 3 0 -1
2163 61 19 0 1
2164 90 31 1 0
2165 95 3 1 0
2166 22 32 0 1
2167 51 5 0 1
2168 1 15 0 -1
2169 49 21 -1 0
2170 20 0 1 0
2171 47 0 0 1
2172 40 2 -1 0
2173 38 26 0 1
2174 51 38 1 0
2175 2 23 0 1
2176 40 13 0 1
2177 9 15 -1 0
2178 26 7 0 1
2179 2 32 1 0
2180 58 37 0 -1
2181 48 27 -1 0
2182 27 35 -1 0
2183 91 8 1 0
2184 21 12 0 -1
2185 48 14 0 -1
2186 96 4 -1 0
2187 19 4 0 1
2188 25 22 1 0
2189 51 30 -1 0
2190 22 23 -1 0
2191 39 14 -1 0
2192 10 27 -1 0
2193 78 20 -1 0
2194 36 19 0 -1
2195 51 29 0 1
2196 22 22 0 1
2197 80 20 0 -1
2198 0 19 0 1
2199 87 13 -1 0
2200 38 30 0 1
2201 96 13 0 1
2202 39 3 1 0
2203 27 27 -1 0
2204 44 9 0 1
2205 47 27 -1 0
2206 41 34 0 1
2207 41 36 0 1
2208 67 10 0 -1
2209 88 1 0 1
2210 57 24 -1 0
2211 42 6 0 -1
2212 63 18 0 -1
2213 30 34 -1 0
2214 55 25 1 0
2215 36 18 1 0
2216 50 3 1 0
2217 83 21 0 1
2218 49 18 -1 0
2219 37 21 1 0
2220 32 14 0 -1
2221 42 7 0 1
2222 36 33 0 -1
2223 51 12 1 0
2224 30 16 1 0
2225 37 30 0 -1
2226 71 32 1 0
2227 28 35 0 -1
2228 77 4 -1 0
2229 29 37 -1 0
2230 15 29 -1 0
2231 40 9 -1 0
2232 36 24 0 -1
2233 93 35 0 1
2234 39 23 1 0
2235 43 25 0 1
2236 10 26 0 1
2237 13 38 -1 0
2238 45 28 -1 0
2239 27 26 0 1
2240 73 32 0 -1
2241 42 5 -1 0
2242 90 16 0 -1
2243 35 31 0 -1
2244 19 30 1 0
2245 7 2 0 1
2246 91 25 0 -1
2247 50 22 0 -1
2248 36 38 1 0
2249 93 13 -1 0
2250 96 7 -1 0
2251 18 31 -1 0
2252 38 29 0 1
2253 94 18 0 -1
2254 90 12 0 1
2255 80 3 0 -1
2256 41 36 -1 0
2257 14 22 -1 0
2258 17 15 1 0
2259 89 20 -1 0
2260 82 1 0 -1
2261 37 7 0 -1
2262 39 38 1 0
2263 12 27 0 -1
2264 46 15 0 -1
2265 21 23 -1 0
2266 26 3 0 -1
2267 8 29 -1 0
2268 45 22 1 0
2269 10 31 1 0
2270 38 15 -1 0
2271 17 0 -1 0
2272 39 2 0 1
2273 79 37 0 1
2274 26 9 0 -1
2275 46 24 0 -1
2276 38 20 1 0
2277 12 22 1 0
2278 90 19 1 0
2279 58 13 0 -1
2280 98 25 1 0
2281 18 34 0 -1
2282 43 5 -1 0
2283 24 4 1 0
2284 38 38 -1 0
2285 35 5 0 1
2286 73 26 -1 0
2287 50 7 1 0
2288 2 14 -1 0
2289 18 27 0 1
2290 8 3 0 1
2291 48 1 0 1
2292 93 26 1 0
2293 64 21 1 0
2294 75 16 0 -1
2295 43 33 0 -1
2296 83 29 0 -1
2297 23 1 -1 0
2298 1 5 0 -1
2299 85 20 0 1
2300 13 32 1 0
2301 99 29 1 0
2302 50 8 0 1
2303 92 11 -1 0
2304 35 12 1 0
2305 43 15 0 1
2306 14 16 -1 0
2307 11 38 0 1
2308 6 21 0 -1
2309 44 32 1 0
2310 47 8 0 -1
2311 85 18 0 1
2312 0 7 -1 0
2313 83 39 1 0
2314 40 17 0 -1
2315 86 33 1 0
2316 39 16 0 -1
2317 27 17 0 -1
2318 22 15 -1 0
2319 48 24 -1 0
2320 17 1 0 -1
2321 44 14 1 0
2322 28 37 0 -1
2323 43 26 0 1
2324 67 30 -1 0
2325 85 20 0 1
2326 95 23 -1 0
2327 45 23 1 0
2328 39 5 -1 0
2329 31 20 0 -1
2330 84 36 -1 0
2331 24 20 -1 0
2332 39 35 -1 0
2333 20 38 1 0
2334 21 13 0 -1
2335 83 9 1 0
2336 46 38 -1 0
2337 89 30 -1 0
2338 98 32 1 0
2339 37 26 -1 0
2340 39 17 1 0
2341 42 1 -1 0
2342 3 33 1 0
2343 24 22 1 0
2344 2 14 0 1
2345 88 29 -1 0
2346 96 37 0 1
2347 21 8 -1 0
2348 81 36 0 -1
2349 21 37 1 0
2350 44 2 -1 0
2351 85 38 0 1
2352 65 19 1 0
2353 19 33 0 -1
2354 25 27 0 1
2355 82 29 0 -1
2356 3 15 0 1
2357 39 28 0 1
2358 37 15 0 -1
2359 44 35 -1 0
2360 23 24 0 1
2361 43 38 -1 0
2362 38 14 0 1
2363 85 37 1 0
2364 90 25 -1 0
2365 44 1 1 0
2366 48 14 0 1
2367 8 37 0 -1
2368 31 29 -1 0
2369 41 21 0 1
2370 26 7 1 0
2371 16 23 0 1
2372 27 20 0 -1
2373 44 30 0 1
2374 29 11 -1 0
2375 89 31 -1 0
2376 12 11 0 1
2377 28 14 0 1
2378 79 32 1 0
2379 35 36 -1 0
2380 83 32 0 1
2381 19 17 -1 0
2382 40 18 0 -1
2383 98 7 -1 0
2384 0 35 0 1
2385 7 30 0 -1
2386 35 14 -1 0
2387 38 3 1 0
2388 30 30 0 1
2389 21 38 1 0
2390 28 12 0 -1
2391 29 15 0 1
2392 93 23 1 0
2393 43 4 0 -1
2394 37 10 -1 0
2395 30 21 0 -1
2396 19 12 1 0
2397 19 14 1 0
2398 5 30 0 -1
2399 23 10 0 -1
