0 37 35 -1 0
1 41 0 0 -1
2 32 22 1 0
3 36 7 0 -1
4 41 13 0 -1
5 80 5 -1 0
6 38 26 0 1
7 31 37 0 -1
8 23 8 0 -1
9 25 2 1 0
10 28 0 0 1
11 25 11 0 1
12 72 27 0 -1
13 30 37 0 -1
14 36 4 1 0
15 98 12 1 0
16 36 6 0 1
17 35 4 0 -1
18 35 18 -1 0
19 37 22 1 0
20 39 5 -1 0
21 32 29 -1 0
22 82 1 0 1
23 49 33 0 -1
24 99 19 0 -1
25 26 32 0 1
26 36 8 0 1
27 43 14 -1 0
28 32 39 0 -1
29 21 17 -1 0
30 31 22 0 1
31 38 10 -1 0
32 38 32 0 -1
33 26 9 -1 0
34 37 19 -1 0
35 35 34 -1 0
36 30 27 1 0
37 36 6 1 0
38 40 18 -1 0
39 36 34 0 -1
40 38 37 0 1
41 28 24 0 -1
42 17 34 0 -1
43 35 24 0 1
44 41 18 0 1
45 27 25 0 -1
46 35 30 0 1
47 23 3 1 0
48 29 22 0 -1
49 89 6 1 0
50 47 34 0 -1
51 22 20 0 -1
52 38 33 -1 0
53 40 18 0 1
54 36 3 0 -1
55 38 1 -1 0
56 29 2 0 -1
57 42 28 0 1
58 43 13 -1 0
59 36 4 1 0
60 37 6 -1 0
61 31 39 -1 0
62 31 7 -1 0
63 24 5 -1 0
64 33 32 0 -1
65 32 12 0 -1
66 37 21 1 0
67 38 25 0 -1
68 30 32 0 -1
69 25 16 1 0
70 39 18 0 -1
71 21 37 0 -1
72 22 3 1 0
73 31 19 -1 0
74 31 24 0 -1
75 41 23 -1 0
76 25 9 0 -1
77 34 11 -1 0
78 29 16 0 -1
79 26 27 -1 0
80 32 32 -1 0
81 29 21 1 0
82 20 8 0 -1
83 26 30 0 1
84 29 7 0 -1
85 30 24 1 0
86 96 20 -1 0
87 82 32 0 -1
88 23 18 1 0
89 34 26 0 1
90 29 24 0 -1
91 24 19 -1 0
92 31 29 1 0
93 22 8 -1 0
94 41 31 0 -1
95 29 19 1 0
96 46 34 -1 0
97 42 35 1 0
98 20 38 1 0
99 26 36 0 1
100 25 22 1 0
101 32 36 0 -1
102 42 39 0 1
103 47 33 0 -1
104 29 5 0 1
105 24 38 0 -1
106 29 18 1 0
107 42 24 0 1
108 46 27 0 1
109 25 15 1 0
110 31 20 1 0
111 44 2 -1 0
112 25 39 1 0
113 39 37 0 1
114 28 33 1 0
115 77 4 1 0
116 42 2 -1 0
117 38 13 -1 0
118 23 4 0 -1
119 35 0 -1 0
120 29 15 1 0
121 27 23 -1 0
122 30 7 0 -1
123 46 32 1 0
124 38 1 0 1
125 43 32 0 -1
126 30 6 0 1
127 26 23 1 0
128 37 0 -1 0
129 29 37 0 -1
130 38 18 -1 0
131 38 0 -1 0
132 88 30 1 0
133 29 36 1 0
134 45 30 -1 0
135 5 15 1 0
136 19 4 0 1
137 0 33 -1 0
138 38 37 0 1
139 36 2 1 0
140 26 18 0 -1
141 39 32 0 -1
142 32 32 0 1
143 24 7 1 0
144 20 5 0 -1
145 31 19 1 0
146 44 23 1 0
147 39 27 -1 0
148 30 7 -1 0
149 24 36 0 -1
150 45 35 0 1
151 28 4 -1 0
152 41 26 0 1
153 18 2 0 1
154 36 14 0 -1
155 35 9 1 0
156 38 33 -1 0
157 33 19 0 -1
158 93 27 -1 0
159 37 30 0 -1
160 23 15 0 1
161 97 28 1 0
162 38 26 -1 0
163 31 15 0 -1
164 11 5 0 -1
165 26 20 0 -1
166 39 29 -1 0
167 39 26 0 1
168 10 4 -1 0
169 26 0 0 -1
170 46 27 -1 0
171 85 10 0 1
172 22 17 -1 0
173 37 4 -1 0
174 38 20 0 1
175 23 34 1 0
176 29 1 0 -1
177 39 25 -1 0
178 30 12 0 -1
179 26 21 0 1
180 34 24 0 1
181 97 29 1 0
182 35 21 -1 0
183 34 13 0 1
184 34 31 1 0
185 22 17 0 1
186 44 33 0 -1
187 38 21 0 1
188 31 38 0 -1
189 40 17 0 1
190 32 39 -1 0
191 27 4 -1 0
192 24 33 1 0
193 45 33 1 0
194 37 10 0 -1
195 35 31 0 1
196 22 18 0 1
197 43 1 -1 0
198 40 14 0 1
199 32 16 -1 0
200 92 15 0 1
201 31 35 0 1
202 32 11 1 0
203 25 30 -1 0
204 40 37 0 1
205 19 2 1 0
206 86 20 0 1
207 24 35 0 -1
208 39 19 1 0
209 40 22 0 -1
210 29 23 -1 0
211 80 30 1 0
212 80 16 0 1
213 31 36 0 -1
214 40 32 0 -1
215 38 5 0 -1
216 27 3 0 1
217 30 8 0 -1
218 41 37 1 0
219 38 30 -1 0
220 24 29 1 0
221 29 7 1 0
222 4 6 0 1
223 31 30 0 1
224 32 22 0 1
225 8 13 0 -1
226 25 33 0 -1
227 37 27 1 0
228 40 32 0 -1
229 3 27 1 0
230 22 19 1 0
231 21 3 0 1
232 24 36 1 0
233 21 39 0 -1
234 40 2 1 0
235 25 1 -1 0
236 34 32 1 0
237 26 15 1 0
238 39 28 0 1
239 91 39 1 0
240 25 34 0 1
241 37 5 1 0
242 32 5 0 1
243 42 24 0 1
244 28 36 1 0
245 31 18 0 1
246 31 20 0 1
247 37 38 -1 0
248 38 36 -1 0
249 26 9 -1 0
250 29 14 0 -1
251 42 29 -1 0
252 40 37 1 0
253 40 26 0 1
254 15 31 -1 0
255 38 5 0 -1
256 31 18 0 1
257 30 12 0 1
258 31 38 0 1
259 40 4 -1 0
260 38 32 -1 0
261 27 34 0 1
262 30 8 1 0
263 35 17 -1 0
264 33 22 0 1
265 41 0 1 0
266 32 11 0 -1
267 23 21 0 -1
268 27 30 0 -1
269 9 38 -1 0
270 28 35 1 0
271 43 24 -1 0
272 26 17 0 1
273 19 38 1 0
274 31 7 1 0
275 25 30 0 1
276 27 22 0 -1
277 45 28 0 1
278 25 12 0 -1
279 29 39 1 0
280 36 11 0 -1
281 8 31 1 0
282 36 27 0 1
283 46 35 -1 0
284 43 27 0 1
285 47 31 -1 0
286 68 11 0 -1
287 24 7 -1 0
288 18 37 1 0
289 43 31 0 -1
290 75 13 0 1
291 27 7 -1 0
292 28 5 -1 0
293 30 36 1 0
294 29 24 -1 0
295 17 20 0 1
296 26 13 1 0
297 99 30 0 1
298 26 8 0 1
299 40 33 0 -1
300 37 34 0 -1
301 25 0 0 -1
302 29 25 1 0
303 26 31 0 -1
304 32 0 -1 0
305 26 29 -1 0
306 20 4 0 1
307 29 35 0 1
308 29 31 1 0
309 23 17 -1 0
310 27 37 0 1
311 22 15 1 0
312 26 5 -1 0
313 39 37 -1 0
314 44 30 0 1
315 37 37 1 0
316 40 31 1 0
317 19 6 1 0
318 37 32 -1 0
319 40 30 1 0
320 32 33 0 1
321 26 34 0 1
322 25 38 1 0
323 38 6 0 -1
324 45 19 -1 0
325 22 2 0 1
326 20 17 1 0
327 96 12 1 0
328 26 34 -1 0
329 36 3 0 -1
330 31 7 1 0
331 1 23 -1 0
332 47 33 0 -1
333 26 3 0 -1
334 31 27 0 -1
335 40 0 0 1
336 35 37 1 0
337 35 29 0 1
338 23 4 0 -1
339 32 35 1 0
340 44 35 1 0
341 38 3 -1 0
342 27 8 0 1
343 42 35 1 0
344 25 37 1 0
345 36 7 -1 0
346 25 18 0 1
347 23 22 -1 0
348 39 14 -1 0
349 26 6 1 0
350 21 23 1 0
351 40 37 0 1
352 25 19 1 0
353 23 3 1 0
354 41 39 0 1
355 28 39 1 0
356 35 17 1 0
357 3 25 0 -1
358 25 24 -1 0
359 36 3 1 0
360 27 38 -1 0
361 37 29 1 0
362 28 15 -1 0
363 24 20 -1 0
364 28 7 1 0
365 25 6 -1 0
366 35 28 -1 0
367 26 19 -1 0
368 47 33 0 -1
369 44 28 -1 0
370 25 7 0 1
371 31 8 1 0
372 43 37 1 0
373 22 7 0 -1
374 25 8 -1 0
375 37 8 0 -1
376 16 36 1 0
377 26 30 0 1
378 41 16 -1 0
379 32 10 0 -1
380 24 19 1 0
381 44 1 -1 0
382 25 17 0 1
383 39 15 1 0
384 80 13 0 1
385 29 27 0 -1
386 34 28 -1 0
387 32 8 0 -1
388 20 4 0 1
389 38 27 0 1
390 76 4 1 0
391 41 21 0 -1
392 42 30 0 -1
393 35 7 1 0
394 45 32 0 1
395 29 25 0 -1
396 31 9 0 -1
397 41 28 0 1
398 47 29 -1 0
399 30 22 -1 0
400 40 22 1 0
401 44 32 1 0
402 44 34 1 0
403 44 31 -1 0
404 14 27 0 -1
405 20 2 1 0
406 32 19 1 0
407 26 17 -1 0
408 25 11 0 1
409 29 3 0 -1
410 36 20 -1 0
411 27 11 0 -1
412 43 34 0 1
413 32 19 1 0
414 40 27 1 0
415 31 16 1 0
416 29 1 -1 0
417 29 34 0 -1
418 39 13 0 1
419 31 22 0 1
420 21 17 1 0
421 29 15 1 0
422 19 37 0 1
423 23 34 1 0
424 20 6 0 -1
425 16 21 1 0
426 37 20 0 -1
427 38 15 0 1
428 22 36 -1 0
429 3 14 -1 0
430 21 5 0 -1
431 39 12 0 1
432 18 20 0 1
433 37 36 0 1
434 25 2 1 0
435 29 4 1 0
436 30 5 0 1
437 67 20 0 1
438 23 22 0 -1
439 28 36 0 -1
440 36 1 0 1
441 34 24 -1 0
442 15 21 1 0
443 20 16 1 0
444 43 1 -1 0
445 40 19 0 1
446 25 16 0 1
447 80 13 0 1
448 27 16 -1 0
449 3 32 0 1
450 42 37 1 0
451 38 39 0 -1
452 38 38 -1 0
453 29 13 0 -1
454 29 12 0 1
455 26 21 0 1
456 32 14 -1 0
457 15 20 0 -1
458 43 24 0 1
459 39 38 0 1
460 35 11 0 -1
461 37 20 0 1
462 80 24 1 0
463 28 9 0 -1
464 23 34 1 0
465 41 35 1 0
466 41 30 0 -1
467 27 3 1 0
468 23 5 1 0
469 32 5 0 1
470 21 6 0 -1
471 29 16 -1 0
472 46 30 -1 0
473 23 3 -1 0
474 26 24 0 -1
475 47 32 -1 0
476 94 20 0 -1
477 21 8 0 -1
478 38 23 0 -1
479 27 17 0 -1
480 35 10 -1 0
481 29 38 0 -1
482 30 36 0 -1
483 26 35 0 1
484 24 34 1 0
485 27 6 0 -1
486 20 0 1 0
487 38 19 0 -1
488 25 5 1 0
489 43 30 1 0
490 30 30 0 1
491 35 19 0 -1
492 21 5 1 0
493 25 13 0 -1
494 94 17 0 1
495 38 22 -1 0
496 36 22 -1 0
497 39 0 1 0
498 28 12 1 0
499 38 7 0 -1
500 41 3 1 0
501 0 15 -1 0
502 85 26 -1 0
503 82 22 1 0
504 40 1 -1 0
505 24 20 0 -1
506 20 7 1 0
507 22 19 1 0
508 36 20 1 0
509 99 28 0 -1
510 40 3 0 -1
511 29 17 -1 0
512 29 10 0 -1
513 40 11 0 1
514 58 32 0 -1
515 41 8 0 1
516 30 19 0 -1
517 25 15 0 1
518 30 29 0 1
519 36 32 -1 0
520 43 38 0 -1
521 28 29 0 -1
522 36 38 0 -1
523 41 38 0 1
524 47 29 -1 0
525 30 10 1 0
526 42 31 1 0
527 24 3 -1 0
528 26 7 -1 0
529 43 32 1 0
530 39 32 -1 0
531 32 30 0 1
532 28 37 1 0
533 31 8 -1 0
534 31 24 0 -1
535 25 28 0 1
536 40 29 0 -1
537 40 21 -1 0
538 46 33 0 -1
539 43 33 0 1
540 22 5 0 1
541 20 25 0 -1
542 16 34 1 0
543 39 16 1 0
544 21 16 1 0
545 37 35 0 1
546 27 1 -1 0
547 43 3 0 -1
548 46 4 0 1
549 37 32 -1 0
550 27 35 -1 0
551 90 5 1 0
552 37 23 -1 0
553 11 14 -1 0
554 44 1 -1 0
555 21 3 1 0
556 2 34 -1 0
557 26 12 1 0
558 19 7 0 -1
559 39 33 -1 0
560 39 31 1 0
561 34 15 -1 0
562 28 4 0 1
563 22 15 0 1
564 23 37 0 1
565 36 0 -1 0
566 27 39 0 -1
567 27 29 0 1
568 95 8 1 0
569 43 31 0 -1
570 29 19 0 1
571 95 1 1 0
572 49 4 0 1
573 18 38 1 0
574 22 1 0 1
575 27 7 0 1
576 24 39 1 0
577 43 36 1 0
578 21 37 1 0
579 26 13 0 -1
580 32 25 0 -1
581 22 0 -1 0
582 31 10 -1 0
583 38 39 -1 0
584 57 38 1 0
585 38 37 1 0
586 67 39 0 1
587 7 33 0 1
588 40 1 0 -1
589 39 10 -1 0
590 31 36 0 -1
591 37 38 1 0
592 31 33 0 1
593 44 35 0 -1
594 41 2 0 -1
595 22 36 0 1
596 24 8 0 -1
597 39 30 1 0
598 22 38 -1 0
599 28 13 1 0
600 58 9 -1 0
601 23 6 -1 0
602 26 1 1 0
603 36 7 -1 0
604 36 24 1 0
605 43 25 -1 0
606 25 19 1 0
607 31 17 1 0
608 21 7 -1 0
609 43 34 0 -1
610 42 21 0 1
611 27 17 0 -1
612 21 6 0 -1
613 26 5 0 1
614 15 12 1 0
615 20 3 0 1
616 24 35 0 1
617 36 19 -1 0
618 89 15 0 1
619 23 36 0 1
620 29 33 0 1
621 94 2 0 -1
622 34 16 -1 0
623 34 31 0 -1
624 25 8 0 1
625 97 34 0 -1
626 45 34 0 1
627 29 38 0 1
628 41 16 -1 0
629 31 6 0 1
630 40 38 0 1
631 27 35 -1 0
632 36 31 0 1
633 23 20 0 -1
634 27 18 -1 0
635 22 20 0 -1
636 26 12 0 -1
637 40 13 0 1
638 28 23 0 1
639 30 32 0 -1
640 26 31 1 0
641 25 1 1 0
642 35 16 0 -1
643 21 38 0 1
644 26 2 1 0
645 53 25 0 1
646 41 38 0 1
647 41 39 -1 0
648 71 38 1 0
649 83 28 -1 0
650 36 28 -1 0
651 27 2 1 0
652 32 8 0 1
653 37 15 -1 0
654 24 38 1 0
655 29 11 1 0
656 37 11 -1 0
657 30 0 0 -1
658 38 27 -1 0
659 33 7 0 -1
660 32 30 1 0
661 23 9 1 0
662 38 28 1 0
663 31 33 1 0
664 36 10 -1 0
665 32 29 0 1
666 35 19 1 0
667 46 31 0 -1
668 34 13 -1 0
669 41 29 -1 0
670 25 32 0 1
671 23 9 0 -1
672 26 35 -1 0
673 21 3 0 1
674 23 38 0 -1
675 23 21 1 0
676 31 5 1 0
677 25 35 1 0
678 34 13 0 1
679 39 0 0 -1
680 29 31 1 0
681 24 38 0 1
682 38 3 1 0
683 31 35 0 -1
684 31 14 0 -1
685 35 4 1 0
686 36 13 1 0
687 23 21 0 -1
688 38 2 1 0
689 44 35 0 -1
690 37 0 0 -1
691 31 14 0 -1
692 27 25 0 -1
693 30 14 0 -1
694 53 38 0 -1
695 30 20 0 1
696 37 29 0 -1
697 40 20 -1 0
698 38 24 0 1
699 25 16 -1 0
700 18 10 -1 0
701 29 39 1 0
702 38 17 1 0
703 86 17 0 -1
704 39 18 -1 0
705 19 8 1 0
706 7 2 0 -1
707 24 39 1 0
708 34 25 0 1
709 42 37 1 0
710 44 32 0 -1
711 44 32 0 1
712 26 23 0 -1
713 26 10 1 0
714 43 25 0 1
715 29 13 0 -1
716 30 30 0 1
717 3 0 0 -1
718 33 38 0 1
719 23 35 0 -1
720 26 10 1 0
721 28 35 1 0
722 43 29 -1 0
723 30 31 0 1
724 48 32 -1 0
725 44 34 1 0
726 36 21 -1 0
727 22 5 0 1
728 32 20 0 -1
729 30 23 0 -1
730 43 34 1 0
731 45 27 -1 0
732 37 29 1 0
733 36 25 0 -1
734 20 37 -1 0
735 32 31 0 1
736 37 28 1 0
737 45 29 0 1
738 27 27 1 0
739 33 31 -1 0
740 27 31 0 -1
741 38 20 0 1
742 45 34 -1 0
743 39 38 0 1
744 29 22 0 -1
745 40 4 -1 0
746 25 35 -1 0
747 43 2 0 1
748 28 16 0 1
749 43 9 1 0
750 27 24 0 1
751 30 0 -1 0
752 36 21 1 0
753 26 19 1 0
754 26 8 0 1
755 37 36 0 1
756 40 29 1 0
757 36 8 1 0
758 30 3 0 1
759 48 33 -1 0
760 38 0 0 1
761 42 31 0 -1
762 28 11 -1 0
763 32 33 -1 0
764 26 18 0 -1
765 28 26 0 -1
766 30 11 -1 0
767 34 25 0 1
768 7 5 0 -1
769 39 27 1 0
770 22 16 0 1
771 16 1 1 0
772 38 35 -1 0
773 29 6 0 -1
774 29 0 -1 0
775 63 4 1 0
776 35 24 0 1
777 23 7 0 -1
778 21 19 1 0
779 36 16 1 0
780 24 17 0 -1
781 29 26 0 1
782 26 22 0 -1
783 37 16 0 1
784 34 34 -1 0
785 37 33 0 -1
786 23 19 1 0
787 40 16 0 -1
788 40 15 -1 0
789 97 24 -1 0
790 38 31 1 0
791 25 32 1 0
792 25 9 1 0
793 36 30 1 0
794 27 2 1 0
795 39 39 1 0
796 87 20 -1 0
797 34 12 1 0
798 32 17 0 1
799 37 3 0 -1
800 36 29 0 1
801 30 10 -1 0
802 40 14 -1 0
803 42 1 1 0
804 38 19 -1 0
805 42 21 -1 0
806 40 26 0 1
807 10 10 0 -1
808 26 11 0 -1
809 44 2 -1 0
810 32 34 0 1
811 32 31 1 0
812 37 22 1 0
813 28 38 -1 0
814 39 1 0 -1
815 36 1 0 -1
816 23 37 -1 0
817 42 3 1 0
818 39 37 0 1
819 28 39 0 1
820 35 5 1 0
821 39 1 -1 0
822 24 32 0 1
823 36 36 1 0
824 43 36 1 0
825 33 23 -1 0
826 48 33 -1 0
827 32 37 0 -1
828 29 28 -1 0
829 22 6 -1 0
830 25 12 0 -1
831 37 9 0 -1
832 23 14 1 0
833 36 29 1 0
834 34 17 0 -1
835 43 35 1 0
836 51 32 0 -1
837 41 22 -1 0
838 35 6 1 0
839 99 37 0 -1
840 98 13 0 1
841 31 11 -1 0
842 22 39 -1 0
843 31 16 0 1
844 5 5 1 0
845 28 21 -1 0
846 31 31 0 1
847 30 20 1 0
848 38 8 1 0
849 25 38 0 1
850 19 39 0 -1
851 30 34 -1 0
852 31 5 0 1
853 59 31 0 -1
854 38 35 -1 0
855 39 17 0 1
856 26 38 0 1
857 40 7 1 0
858 25 3 0 1
859 23 17 0 -1
860 35 33 -1 0
861 87 18 0 -1
862 30 39 0 1
863 30 14 1 0
864 37 30 -1 0
865 27 14 0 1
866 39 39 -1 0
867 21 38 1 0
868 27 20 0 -1
869 37 34 1 0
870 29 6 0 -1
871 22 37 -1 0
872 31 4 0 1
873 32 34 0 1
874 30 5 0 1
875 30 33 0 -1
876 32 19 1 0
877 27 16 0 1
878 29 9 0 -1
879 37 14 -1 0
880 44 31 0 1
881 29 18 -1 0
882 21 4 0 1
883 35 39 1 0
884 35 10 -1 0
885 36 13 -1 0
886 35 26 0 -1
887 37 19 0 -1
888 23 8 1 0
889 40 2 -1 0
890 25 35 1 0
891 25 29 -1 0
892 29 15 0 1
893 36 18 -1 0
894 40 39 0 1
895 29 33 1 0
896 34 19 1 0
897 42 36 1 0
898 25 28 1 0
899 40 0 0 1
900 31 30 0 1
901 35 32 1 0
902 23 12 1 0
903 98 38 1 0
904 39 20 0 1
905 35 27 0 -1
906 22 4 1 0
907 41 23 0 1
908 23 37 1 0
909 39 4 -1 0
910 24 30 1 0
911 25 13 0 -1
912 57 23 1 0
913 36 1 1 0
914 36 9 0 -1
915 37 6 0 -1
916 41 27 0 1
917 40 24 -1 0
918 44 30 -1 0
919 19 11 0 -1
920 43 30 -1 0
921 40 12 0 1
922 41 1 0 -1
923 23 20 1 0
924 37 9 0 -1
925 36 12 0 -1
926 28 18 0 1
927 26 5 -1 0
928 34 30 0 -1
929 34 26 0 1
930 41 15 -1 0
931 24 13 0 1
932 64 21 1 0
933 37 2 -1 0
934 33 14 1 0
935 42 0 -1 0
936 37 38 1 0
937 37 27 0 1
938 27 36 -1 0
939 33 18 0 1
940 45 37 -1 0
941 31 21 1 0
942 8 10 0 1
943 46 29 0 1
944 29 21 0 1
945 24 15 0 -1
946 42 31 0 -1
947 40 13 0 1
948 24 19 -1 0
949 7 39 -1 0
950 27 35 0 1
951 48 31 0 1
952 47 28 -1 0
953 80 5 1 0
954 95 12 0 1
955 38 30 0 1
956 24 31 1 0
957 38 21 0 1
958 48 20 0 1
959 36 17 0 1
960 39 23 -1 0
961 36 2 1 0
962 45 36 0 -1
963 29 32 0 1
964 93 8 0 -1
965 31 14 0 -1
966 28 22 1 0
967 32 24 1 0
968 41 38 0 -1
969 28 36 -1 0
970 35 11 0 -1
971 23 33 0 1
972 31 25 0 -1
973 28 9 0 -1
974 77 29 0 -1
975 37 17 0 1
976 37 10 0 -1
977 52 18 1 0
978 41 4 -1 0
979 30 25 0 -1
980 25 32 0 1
981 41 29 0 -1
982 26 1 0 1
983 27 37 1 0
984 35 26 -1 0
985 46 36 0 -1
986 27 30 -1 0
987 22 18 0 1
988 35 37 -1 0
989 35 4 0 -1
990 35 27 0 1
991 31 39 -1 0
992 30 23 1 0
993 30 24 1 0
994 38 29 0 1
995 29 1 0 1
996 41 25 0 1
997 28 0 0 1
998 45 34 -1 0
999 26 11 -1 0
1000 24 9 0 -1
1001 35 8 0 1
1002 37 5 -1 0
1003 46 31 0 1
1004 39 22 1 0
1005 24 17 -1 0
1006 87 8 0 -1
1007 36 18 0 1
1008 30 22 0 1
1009 22 16 1 0
1010 37 37 -1 0
1011 43 0 -1 0
1012 41 26 0 1
1013 20 16 0 -1
1014 27 32 0 1
1015 38 32 0 1
1016 32 0 0 -1
1017 18 19 0 1
1018 24 21 -1 0
1019 45 29 0 -1
1020 37 30 0 -1
1021 38 10 1 0
1022 45 32 1 0
1023 32 9 1 0
1024 40 12 0 1
1025 37 33 -1 0
1026 24 6 0 1
1027 37 1 1 0
1028 16 18 -1 0
1029 25 10 0 -1
1030 40 18 -1 0
1031 28 20 0 -1
1032 42 33 1 0
1033 24 9 0 -1
1034 0 2 1 0
1035 32 13 1 0
1036 0 38 0 -1
1037 43 26 -1 0
1038 21 16 1 0
1039 24 15 0 1
1040 23 35 0 -1
1041 30 16 0 1
1042 22 31 1 0
1043 29 13 0 -1
1044 28 31 1 0
1045 30 5 -1 0
1046 6 27 0 1
1047 26 4 1 0
1048 42 38 1 0
1049 42 0 0 1
1050 25 34 -1 0
1051 2 22 -1 0
1052 25 33 -1 0
1053 43 0 -1 0
1054 31 23 0 -1
1055 41 25 1 0
1056 38 15 0 1
1057 46 32 1 0
1058 32 37 0 -1
1059 27 5 1 0
1060 42 30 1 0
1061 9 28 0 1
1062 38 27 1 0
1063 38 14 1 0
1064 29 36 1 0
1065 41 32 0 -1
1066 86 30 1 0
1067 45 27 1 0
1068 26 9 0 1
1069 97 39 0 -1
1070 21 35 1 0
1071 23 8 0 -1
1072 42 3 0 -1
1073 38 7 -1 0
1074 24 37 0 1
1075 42 12 1 0
1076 22 7 0 -1
1077 24 18 0 1
1078 46 28 0 1
1079 24 18 -1 0
1080 39 17 0 -1
1081 31 6 0 1
1082 28 17 0 1
1083 39 16 -1 0
1084 43 36 1 0
1085 38 20 0 1
1086 18 16 0 -1
1087 22 8 -1 0
1088 86 39 1 0
1089 40 21 -1 0
1090 30 15 1 0
1091 26 14 0 1
1092 26 21 1 0
1093 41 20 0 -1
1094 46 30 -1 0
1095 75 2 -1 0
1096 43 26 0 1
1097 26 31 1 0
1098 23 16 -1 0
1099 24 0 1 0
1100 26 15 0 1
1101 26 38 0 -1
1102 38 1 1 0
1103 31 33 1 0
1104 32 24 -1 0
1105 31 3 1 0
1106 40 32 0 -1
1107 29 11 -1 0
1108 30 19 0 1
1109 45 33 0 -1
1110 8 20 -1 0
1111 28 26 0 -1
1112 37 4 1 0
1113 39 34 -1 0
1114 23 20 1 0
1115 33 32 1 0
1116 22 16 1 0
1117 25 37 -1 0
1118 21 5 1 0
1119 20 8 0 -1
1120 21 0 0 -1
1121 31 12 0 1
1122 27 23 1 0
1123 24 12 1 0
1124 30 32 1 0
1125 42 32 -1 0
1126 35 34 -1 0
1127 92 34 0 1
1128 24 34 0 -1
1129 23 29 1 0
1130 36 34 -1 0
1131 41 37 1 0
1132 24 8 0 -1
1133 25 1 0 -1
1134 44 29 0 -1
1135 25 38 0 -1
1136 46 36 -1 0
1137 30 23 -1 0
1138 18 38 0 1
1139 40 2 1 0
1140 35 16 0 -1
1141 37 5 0 1
1142 26 39 0 -1
1143 32 17 0 -1
1144 23 7 -1 0
1145 34 30 -1 0
1146 68 30 -1 0
1147 30 1 0 -1
1148 37 16 0 1
1149 47 28 -1 0
1150 28 24 1 0
1151 26 11 0 1
1152 26 24 -1 0
1153 25 10 1 0
1154 32 39 1 0
1155 24 4 0 1
1156 29 14 0 -1
1157 47 32 0 1
1158 41 4 -1 0
1159 36 10 0 -1
1160 7 2 -1 0
1161 23 7 0 -1
1162 44 37 0 -1
1163 31 8 0 1
1164 42 29 1 0
1165 31 18 0 1
1166 22 0 -1 0
1167 16 18 1 0
1168 24 37 -1 0
1169 34 28 -1 0
1170 39 19 0 -1
1171 39 26 -1 0
1172 37 37 0 1
1173 90 37 0 1
1174 28 10 1 0
1175 38 31 1 0
1176 28 2 0 1
1177 28 1 1 0
1178 5 30 1 0
1179 23 39 1 0
1180 44 29 0 -1
1181 40 19 0 -1
1182 20 8 1 0
1183 28 6 -1 0
1184 32 9 0 -1
1185 41 18 0 1
1186 43 24 -1 0
1187 33 28 0 1
1188 28 14 0 1
1189 32 11 0 -1
1190 39 30 0 -1
1191 27 13 0 -1
1192 13 3 0 -1
1193 42 20 -1 0
1194 19 39 1 0
1195 84 8 0 1
1196 37 2 0 1
1197 36 23 0 1
1198 42 29 0 -1
1199 93 12 0 1
1200 47 9 -1 0
1201 20 37 0 1
1202 35 32 0 -1
1203 19 6 1 0
1204 22 20 1 0
1205 50 7 0 -1
1206 22 35 1 0
1207 27 15 -1 0
1208 12 17 -1 0
1209 36 0 0 -1
1210 40 24 0 -1
1211 40 16 0 1
1212 24 29 0 1
1213 35 25 0 1
1214 36 30 -1 0
1215 25 37 0 -1
1216 33 31 0 -1
1217 43 4 0 -1
1218 28 15 0 -1
1219 27 18 1 0
1220 28 1 0 -1
1221 2 8 0 1
1222 35 18 -1 0
1223 30 39 0 1
1224 16 2 0 1
1225 30 17 0 -1
1226 28 24 0 1
1227 18 38 1 0
1228 37 4 -1 0
1229 36 17 -1 0
1230 28 5 -1 0
1231 44 3 -1 0
1232 47 30 0 1
1233 25 7 0 1
1234 24 35 0 -1
1235 45 31 -1 0
1236 25 10 0 -1
1237 30 29 0 1
1238 27 34 -1 0
1239 45 35 0 1
1240 72 24 0 1
1241 46 29 -1 0
1242 19 36 1 0
1243 35 29 1 0
1244 33 17 0 1
1245 41 37 0 1
1246 22 21 0 -1
1247 26 20 1 0
1248 39 2 0 -1
1249 38 17 0 -1
1250 29 23 1 0
1251 24 1 1 0
1252 24 13 0 1
1253 24 3 0 1
1254 30 17 0 -1
1255 71 16 0 -1
1256 26 39 0 1
1257 42 28 0 -1
1258 28 21 0 -1
1259 21 4 1 0
1260 31 20 0 1
1261 12 7 0 -1
1262 40 15 0 -1
1263 44 27 0 1
1264 22 35 1 0
1265 28 9 0 -1
1266 23 4 -1 0
1267 27 19 1 0
1268 32 28 0 1
1269 19 37 0 -1
1270 36 33 -1 0
1271 36 10 0 -1
1272 25 36 -1 0
1273 39 3 -1 0
1274 30 34 0 -1
1275 42 26 0 1
1276 35 33 -1 0
1277 39 33 0 -1
1278 23 14 0 1
1279 28 18 1 0
1280 39 38 -1 0
1281 35 15 1 0
1282 22 34 0 1
1283 30 10 0 -1
1284 41 32 -1 0
1285 41 19 -1 0
1286 28 10 0 1
1287 28 21 1 0
1288 38 29 -1 0
1289 37 3 1 0
1290 91 19 0 -1
1291 29 34 0 -1
1292 39 3 -1 0
1293 22 15 0 1
1294 40 28 -1 0
1295 28 25 0 -1
1296 21 6 0 -1
1297 31 25 1 0
1298 41 3 0 -1
1299 25 33 0 -1
1300 28 7 1 0
1301 38 15 0 1
1302 23 32 1 0
1303 38 38 0 1
1304 46 32 1 0
1305 24 17 -1 0
1306 36 5 0 1
1307 21 36 1 0
1308 39 20 1 0
1309 31 15 0 -1
1310 93 12 1 0
1311 21 39 0 1
1312 42 1 -1 0
1313 27 15 0 1
1314 40 17 -1 0
1315 35 7 -1 0
1316 41 19 0 1
1317 89 1 1 0
1318 30 37 0 -1
1319 39 18 1 0
1320 40 31 0 1
1321 28 3 1 0
1322 31 13 1 0
1323 43 35 0 1
1324 32 7 -1 0
1325 36 19 0 -1
1326 34 12 -1 0
1327 44 31 0 1
1328 45 30 1 0
1329 8 15 0 -1
1330 35 25 0 1
1331 23 2 0 1
1332 26 22 1 0
1333 40 1 -1 0
1334 37 26 0 1
1335 42 2 0 -1
1336 24 1 1 0
1337 39 29 0 1
1338 64 31 0 1
1339 38 2 0 -1
1340 37 2 0 1
1341 31 34 -1 0
1342 29 5 0 1
1343 35 1 0 1
1344 21 8 0 -1
1345 34 18 1 0
1346 42 27 1 0
1347 36 39 1 0
1348 29 0 0 1
1349 29 19 0 -1
1350 25 28 0 1
1351 27 36 0 1
1352 96 28 1 0
1353 40 34 0 -1
1354 37 18 0 -1
1355 32 32 0 -1
1356 25 31 0 -1
1357 35 7 1 0
1358 40 39 -1 0
1359 31 31 0 1
1360 32 8 1 0
1361 27 6 0 1
1362 41 34 0 -1
1363 36 27 -1 0
1364 41 24 0 1
1365 31 32 -1 0
1366 40 27 0 1
1367 27 16 0 -1
1368 27 21 1 0
1369 43 30 1 0
1370 16 32 -1 0
1371 36 25 0 -1
1372 75 3 -1 0
1373 37 39 -1 0
1374 25 34 0 1
1375 46 39 -1 0
1376 37 6 0 1
1377 35 6 -1 0
1378 29 16 0 -1
1379 28 11 0 1
1380 42 36 1 0
1381 44 28 -1 0
1382 35 31 1 0
1383 46 28 0 1
1384 46 29 -1 0
1385 38 9 -1 0
1386 28 4 1 0
1387 38 25 0 -1
1388 35 14 1 0
1389 29 20 0 -1
1390 30 8 -1 0
1391 30 31 1 0
1392 24 9 0 -1
1393 50 38 0 -1
1394 29 11 0 1
1395 29 26 1 0
1396 29 7 0 1
1397 42 3 0 -1
1398 27 8 -1 0
1399 32 24 -1 0
1400 41 39 0 1
1401 41 3 1 0
1402 27 13 -1 0
1403 25 4 1 0
1404 3 35 1 0
1405 38 18 0 -1
1406 26 16 0 1
1407 21 37 0 -1
1408 20 5 0 -1
1409 24 6 0 -1
1410 40 20 -1 0
1411 27 10 0 1
1412 24 34 0 1
1413 28 16 -1 0
1414 27 1 -1 0
1415 29 34 0 1
1416 36 27 -1 0
1417 35 14 -1 0
1418 30 6 0 -1
1419 39 35 -1 0
1420 28 25 1 0
1421 33 31 0 -1
1422 38 23 -1 0
1423 35 1 -1 0
1424 39 22 -1 0
1425 32 0 1 0
1426 44 33 -1 0
1427 31 5 0 1
1428 39 2 0 1
1429 42 27 -1 0
1430 45 31 0 1
1431 24 20 0 -1
1432 41 18 0 1
1433 36 26 0 -1
1434 23 5 0 1
1435 38 6 -1 0
1436 41 27 0 1
1437 40 29 1 0
1438 34 14 0 1
1439 36 12 0 -1
1440 35 12 -1 0
1441 31 37 -1 0
1442 24 33 0 1
1443 22 4 0 1
1444 37 27 -1 0
1445 67 4 1 0
1446 30 11 1 0
1447 41 24 0 1
1448 35 18 0 -1
1449 43 27 0 1
1450 25 14 1 0
1451 37 24 1 0
1452 26 19 -1 0
1453 45 33 -1 0
1454 40 24 1 0
1455 34 27 0 1
1456 42 35 1 0
1457 44 36 0 -1
1458 38 14 1 0
1459 37 25 0 1
1460 41 19 0 -1
1461 39 34 -1 0
1462 43 1 0 1
1463 42 32 0 -1
1464 44 29 1 0
1465 36 23 1 0
1466 46 28 0 1
1467 25 4 1 0
1468 29 20 0 -1
1469 37 26 -1 0
1470 35 39 0 1
1471 36 11 -1 0
1472 27 7 0 1
1473 27 5 -1 0
1474 27 3 1 0
1475 26 36 1 0
1476 37 7 0 1
1477 28 20 0 -1
1478 28 8 1 0
1479 83 32 0 -1
1480 35 17 1 0
1481 36 25 0 -1
1482 31 16 0 1
1483 41 33 -1 0
1484 99 7 0 -1
1485 22 35 0 1
1486 42 13 -1 0
1487 28 31 0 -1
1488 32 21 1 0
1489 38 17 0 1
1490 31 11 0 -1
1491 36 5 -1 0
1492 30 1 0 -1
1493 31 24 -1 0
1494 36 8 0 1
1495 33 39 0 -1
1496 35 2 0 -1
1497 25 18 0 1
1498 42 21 -1 0
1499 35 19 0 -1
1500 59 2 0 -1
1501 26 15 -1 0
1502 27 6 -1 0
1503 39 39 -1 0
1504 78 4 0 -1
1505 29 33 0 1
1506 37 26 0 1
1507 40 17 -1 0
1508 29 24 1 0
1509 47 28 -1 0
1510 22 4 0 1
1511 42 4 -1 0
1512 32 35 0 1
1513 44 19 -1 0
1514 36 39 0 1
1515 49 30 1 0
1516 41 34 0 -1
1517 44 36 -1 0
1518 41 22 -1 0
1519 22 38 0 -1
1520 25 0 0 1
1521 29 5 -1 0
1522 22 37 -1 0
1523 25 17 -1 0
1524 44 34 0 1
1525 24 32 0 1
1526 35 1 0 1
1527 37 32 0 1
1528 23 17 1 0
1529 28 25 0 -1
1530 36 22 0 -1
1531 39 26 -1 0
1532 31 23 0 1
1533 47 32 0 1
1534 24 22 0 -1
1535 38 34 0 -1
1536 23 39 1 0
1537 35 9 0 -1
1538 26 4 -1 0
1539 56 32 0 1
1540 39 21 0 1
1541 20 39 0 -1
1542 41 32 1 0
1543 41 34 -1 0
1544 38 24 -1 0
1545 17 10 0 1
1546 29 30 1 0
1547 28 19 0 1
1548 41 2 0 -1
1549 66 2 0 1
1550 36 34 -1 0
1551 51 31 1 0
1552 23 18 1 0
1553 24 30 0 -1
1554 34 14 0 1
1555 28 5 0 1
1556 34 10 -1 0
1557 36 11 0 -1
1558 41 0 0 1
1559 38 34 0 -1
1560 36 32 -1 0
1561 30 21 -1 0
1562 77 16 -1 0
1563 36 36 -1 0
1564 51 21 0 1
1565 37 0 1 0
1566 19 36 0 1
1567 32 21 -1 0
1568 80 18 1 0
1569 20 16 1 0
1570 95 26 1 0
1571 22 39 1 0
1572 24 6 1 0
1573 23 15 -1 0
1574 34 11 -1 0
1575 31 6 0 1
1576 35 33 -1 0
1577 38 24 1 0
1578 37 39 0 1
1579 29 17 -1 0
1580 32 6 -1 0
1581 42 33 1 0
1582 30 35 -1 0
1583 27 8 0 -1
1584 39 25 -1 0
1585 20 36 -1 0
1586 16 35 0 1
1587 39 2 0 -1
1588 48 33 -1 0
1589 42 37 1 0
1590 21 18 0 -1
1591 38 28 0 -1
1592 44 36 1 0
1593 35 10 0 -1
1594 28 23 0 1
1595 26 4 0 1
1596 26 39 -1 0
1597 19 4 0 -1
1598 37 24 1 0
1599 42 30 0 1
1600 24 33 1 0
1601 25 36 0 -1
1602 34 12 0 1
1603 6 29 0 1
1604 36 15 1 0
1605 41 25 0 -1
1606 45 28 0 1
1607 25 18 0 -1
1608 82 20 0 -1
1609 45 27 0 1
1610 22 36 0 1
1611 51 18 0 1
1612 23 18 0 -1
1613 55 39 0 1
1614 32 20 1 0
1615 98 37 0 -1
1616 20 6 0 -1
1617 18 15 0 -1
1618 37 16 1 0
1619 24 21 -1 0
1620 34 29 -1 0
1621 27 5 1 0
1622 36 9 1 0
1623 23 16 0 -1
1624 41 27 0 1
1625 28 0 -1 0
1626 19 38 0 -1
1627 29 27 0 -1
1628 19 9 0 -1
1629 22 2 0 1
1630 28 17 0 -1
1631 31 11 1 0
1632 42 25 0 1
1633 28 38 1 0
1634 24 3 -1 0
1635 20 39 1 0
1636 29 2 1 0
1637 41 24 -1 0
1638 30 2 0 -1
1639 19 8 0 -1
1640 28 26 0 -1
1641 92 30 0 1
1642 37 18 0 1
1643 34 18 1 0
1644 40 21 -1 0
1645 43 0 0 1
1646 23 16 -1 0
1647 19 8 0 -1
1648 22 3 0 -1
1649 42 18 -1 0
1650 21 39 0 -1
1651 38 4 -1 0
1652 38 16 0 -1
1653 10 38 0 1
1654 26 35 0 1
1655 32 7 -1 0
1656 25 19 0 -1
1657 69 38 -1 0
1658 27 37 0 1
1659 32 29 0 1
1660 35 25 1 0
1661 24 4 0 -1
1662 29 8 1 0
1663 5 39 1 0
1664 35 28 -1 0
1665 26 37 -1 0
1666 39 14 -1 0
1667 43 26 0 -1
1668 8 29 -1 0
1669 27 9 0 -1
1670 32 1 1 0
1671 43 28 0 -1
1672 0 8 0 1
1673 34 15 1 0
1674 35 8 0 1
1675 31 17 0 1
1676 43 3 0 -1
1677 37 21 1 0
1678 42 22 -1 0
1679 43 37 0 -1
1680 37 25 -1 0
1681 20 34 1 0
1682 40 26 0 1
1683 25 24 1 0
1684 11 39 -1 0
1685 32 38 0 1
1686 24 18 1 0
1687 36 37 0 1
1688 23 2 -1 0
1689 30 11 -1 0
1690 38 16 0 -1
1691 40 23 0 -1
1692 19 37 1 0
1693 42 24 0 1
1694 39 28 0 -1
1695 95 3 1 0
1696 56 10 0 1
1697 20 38 0 1
1698 28 12 1 0
1699 27 21 -1 0
1700 31 35 -1 0
1701 22 3 0 1
1702 36 31 0 1
1703 70 32 0 1
1704 44 27 -1 0
1705 21 0 1 0
1706 19 4 1 0
1707 14 9 -1 0
1708 30 35 0 1
1709 21 7 0 1
1710 38 33 1 0
1711 10 39 0 1
1712 31 32 0 1
1713 31 31 0 1
1714 45 36 0 -1
1715 36 6 0 -1
1716 29 39 0 1
1717 90 23 1 0
1718 37 20 0 1
1719 30 6 0 1
1720 20 3 0 1
1721 14 34 0 -1
1722 32 23 0 1
1723 34 27 0 1
1724 25 31 0 1
1725 35 39 0 1
1726 28 22 0 -1
1727 28 8 -1 0
1728 35 32 0 1
1729 35 34 0 -1
1730 38 39 -1 0
1731 31 36 0 -1
1732 12 33 1 0
1733 34 32 0 -1
1734 12 22 0 -1
1735 32 18 0 -1
1736 39 1 1 0
1737 30 9 -1 0
1738 26 37 0 -1
1739 37 39 1 0
1740 37 23 1 0
1741 44 26 -1 0
1742 19 34 0 1
1743 44 22 0 1
1744 30 38 1 0
1745 29 10 -1 0
1746 42 4 0 -1
1747 28 3 0 1
1748 40 38 -1 0
1749 29 3 -1 0
1750 26 20 1 0
1751 41 20 0 -1
1752 27 10 1 0
1753 35 8 0 1
1754 39 32 0 1
1755 32 33 1 0
1756 24 5 0 1
1757 84 0 1 0
1758 21 0 0 -1
1759 37 17 0 1
1760 40 23 0 -1
1761 38 3 0 1
1762 32 12 -1 0
1763 42 39 0 1
1764 30 31 1 0
1765 35 23 0 1
1766 37 9 -1 0
1767 36 12 0 -1
1768 29 8 0 1
1769 37 8 1 0
1770 22 5 0 1
1771 22 38 -1 0
1772 29 12 0 1
1773 41 21 -1 0
1774 30 21 -1 0
1775 28 22 1 0
1776 39 15 -1 0
1777 27 9 0 1
1778 39 24 -1 0
1779 35 2 0 -1
1780 23 38 -1 0
1781 21 4 1 0
1782 36 26 0 -1
1783 25 9 0 1
1784 23 35 1 0
1785 90 10 0 -1
1786 27 14 0 1
1787 30 15 0 -1
1788 34 28 0 -1
1789 19 36 0 1
1790 35 15 -1 0
1791 32 36 1 0
1792 42 25 1 0
1793 28 10 -1 0
1794 27 30 -1 0
1795 72 5 0 1
1796 29 32 1 0
1797 37 19 -1 0
1798 40 19 0 1
1799 39 23 0 -1
1800 56 16 -1 0
1801 19 30 -1 0
1802 35 35 -1 0
1803 20 6 0 -1
1804 24 1 1 0
1805 30 33 1 0
1806 32 34 -1 0
1807 35 2 0 -1
1808 31 13 0 1
1809 40 27 -1 0
1810 37 17 -1 0
1811 20 39 0 -1
1812 27 24 0 -1
1813 28 23 0 1
1814 26 32 0 -1
1815 35 5 -1 0
1816 13 37 1 0
1817 68 16 -1 0
1818 41 36 1 0
1819 39 15 0 1
1820 32 17 0 -1
1821 38 6 0 -1
1822 41 22 -1 0
1823 26 24 1 0
1824 41 33 0 -1
1825 23 5 0 1
1826 41 1 -1 0
1827 24 8 0 -1
1828 39 3 0 1
1829 33 21 0 1
1830 11 22 1 0
1831 20 7 0 -1
1832 41 28 0 1
1833 36 2 0 1
1834 40 14 -1 0
1835 30 14 0 -1
1836 29 4 1 0
1837 25 39 1 0
1838 35 9 0 -1
1839 85 25 -1 0
1840 39 25 0 -1
1841 80 9 -1 0
1842 41 30 0 -1
1843 39 21 1 0
1844 32 38 1 0
1845 36 33 1 0
1846 42 28 -1 0
1847 43 33 1 0
1848 29 22 1 0
1849 39 22 0 -1
1850 30 33 -1 0
1851 28 12 -1 0
1852 26 7 0 1
1853 32 36 -1 0
1854 42 33 1 0
1855 37 7 0 -1
1856 37 21 0 1
1857 27 4 1 0
1858 30 24 0 -1
1859 30 15 0 -1
1860 27 39 -1 0
1861 29 2 0 -1
1862 36 31 0 1
1863 27 38 0 -1
1864 32 16 0 1
1865 37 24 -1 0
1866 39 13 0 1
1867 41 33 0 -1
1868 38 23 1 0
1869 43 2 0 -1
1870 42 10 0 1
1871 34 30 0 -1
1872 41 30 0 -1
1873 44 26 0 1
1874 36 33 0 -1
1875 34 16 0 -1
1876 29 37 -1 0
1877 43 29 -1 0
1878 35 27 0 1
1879 30 30 0 1
1880 33 33 1 0
1881 27 12 0 -1
1882 46 31 -1 0
1883 37 31 0 -1
1884 31 25 0 -1
1885 30 7 0 -1
1886 39 0 0 1
1887 27 20 1 0
1888 28 8 1 0
1889 24 4 1 0
1890 30 18 -1 0
1891 36 30 0 -1
1892 27 32 -1 0
1893 94 3 -1 0
1894 33 30 -1 0
1895 34 19 1 0
1896 21 13 1 0
1897 20 7 0 -1
1898 3 24 0 1
1899 43 28 0 1
1900 48 34 1 0
1901 40 15 0 -1
1902 27 20 -1 0
1903 25 3 -1 0
1904 46 27 -1 0
1905 39 16 0 -1
1906 26 16 1 0
1907 36 15 0 1
1908 36 24 0 1
1909 21 36 1 0
1910 19 7 0 1
1911 31 32 0 1
1912 26 10 1 0
1913 29 23 1 0
1914 34 29 0 -1
1915 26 22 1 0
1916 94 30 1 0
1917 26 0 0 -1
1918 24 5 -1 0
1919 45 20 0 1
1920 37 15 -1 0
1921 14 21 0 1
1922 31 21 0 1
1923 32 18 0 -1
1924 26 30 -1 0
1925 27 0 -1 0
1926 30 16 0 1
1927 32 16 1 0
1928 34 16 0 -1
1929 38 22 0 -1
1930 30 1 0 -1
1931 33 34 1 0
1932 19 5 1 0
1933 30 27 -1 0
1934 43 35 -1 0
1935 35 24 -1 0
1936 36 16 -1 0
1937 28 39 0 1
1938 32 27 -1 0
1939 24 16 -1 0
1940 48 32 -1 0
1941 37 7 -1 0
1942 31 38 1 0
1943 36 4 0 -1
1944 40 16 -1 0
1945 72 39 -1 0
1946 35 28 0 -1
1947 19 38 0 -1
1948 54 28 0 -1
1949 42 0 -1 0
1950 39 23 1 0
1951 38 4 0 1
1952 31 21 0 -1
1953 44 37 0 -1
1954 32 6 -1 0
1955 27 0 -1 0
1956 33 30 -1 0
1957 20 3 1 0
1958 52 30 1 0
1959 26 36 1 0
1960 36 36 0 1
1961 77 17 -1 0
1962 29 35 1 0
1963 25 29 0 1
1964 35 0 -1 0
1965 39 31 0 1
1966 43 3 -1 0
1967 19 5 0 1
1968 15 1 0 -1
1969 34 15 0 -1
1970 42 32 0 -1
1971 35 20 -1 0
1972 43 28 0 -1
1973 29 38 -1 0
1974 25 4 1 0
1975 39 4 -1 0
1976 38 29 0 1
1977 27 34 0 1
1978 32 7 0 -1
1979 30 9 0 1
1980 39 36 0 1
1981 35 14 -1 0
1982 45 36 -1 0
1983 31 19 1 0
1984 37 28 0 -1
1985 26 32 0 1
1986 92 0 1 0
1987 39 4 0 -1
1988 42 17 -1 0
1989 15 2 1 0
1990 38 0 0 1
1991 37 25 0 1
1992 24 16 1 0
1993 28 19 1 0
1994 36 38 0 -1
1995 29 26 -1 0
1996 30 35 0 1
1997 28 14 0 1
1998 25 2 1 0
1999 24 2 -1 0
2000 39 14 0 1
2001 32 23 -1 0
2002 29 17 0 -1
2003 29 29 1 0
2004 26 37 1 0
2005 47 31 0 1
2006 30 22 -1 0
2007 35 30 0 -1
2008 35 23 0 1
2009 30 21 0 1
2010 72 11 1 0
2011 26 2 -1 0
2012 24 37 0 1
2013 22 37 0 -1
2014 26 16 1 0
2015 30 19 0 -1
2016 25 12 1 0
2017 31 15 -1 0
2018 35 30 0 -1
2019 39 5 -1 0
2020 22 6 0 -1
2021 31 34 0 -1
2022 44 33 1 0
2023 41 14 0 1
2024 29 20 0 1
2025 27 24 0 -1
2026 46 34 -1 0
2027 38 5 -1 0
2028 40 23 1 0
2029 23 6 -1 0
2030 31 28 1 0
2031 31 10 0 -1
2032 44 28 0 -1
2033 44 30 0 1
2034 35 20 0 -1
2035 39 24 -1 0
2036 28 7 0 -1
2037 2 3 0 1
2038 26 7 0 1
2039 27 12 1 0
2040 24 14 -1 0
2041 20 36 1 0
2042 36 0 1 0
2043 28 2 0 1
2044 26 6 1 0
2045 32 30 0 1
2046 24 14 0 1
2047 36 26 0 1
2048 32 22 0 1
2049 5 25 -1 0
2050 37 33 1 0
2051 39 29 1 0
2052 40 13 0 1
2053 20 17 -1 0
2054 30 39 1 0
2055 29 10 0 1
2056 37 22 1 0
2057 28 27 0 -1
2058 97 22 1 0
2059 40 22 0 1
2060 37 34 0 -1
2061 28 1 0 -1
2062 33 13 0 -1
2063 42 26 0 1
2064 28 3 0 -1
2065 25 7 0 1
2066 31 13 0 1
2067 23 19 -1 0
2068 37 18 -1 0
2069 87 37 1 0
2070 31 9 1 0
2071 26 6 0 -1
2072 26 33 0 1
2073 27 14 1 0
2074 36 29 -1 0
2075 42 36 1 0
2076 36 5 0 1
2077 43 27 0 1
2078 23 19 0 1
2079 30 26 -1 0
2080 28 14 0 1
2081 44 23 0 1
2082 23 14 0 1
2083 26 2 1 0
2084 30 4 0 1
2085 4 0 0 -1
2086 35 0 0 -1
2087 35 29 0 -1
2088 30 16 -1 0
2089 35 3 0 1
2090 26 38 -1 0
2091 27 1 0 -1
2092 26 33 0 1
2093 40 31 1 0
2094 24 16 1 0
2095 43 33 1 0
2096 40 33 1 0
2097 38 16 0 -1
2098 38 25 0 -1
2099 26 18 1 0
2100 40 39 0 -1
2101 40 33 0 -1
2102 26 13 0 -1
2103 45 30 -1 0
2104 87 2 -1 0
2105 30 12 0 -1
2106 34 29 0 -1
2107 42 2 0 -1
2108 82 32 0 -1
2109 30 18 1 0
2110 42 27 0 -1
2111 24 39 0 -1
2112 30 37 1 0
2113 42 39 -1 0
2114 40 0 -1 0
2115 22 6 -1 0
2116 39 28 0 1
2117 35 23 -1 0
2118 40 38 1 0
2119 24 36 0 -1
2120 36 9 0 -1
2121 35 15 1 0
2122 45 35 0 -1
2123 40 28 -1 0
2124 30 17 0 -1
2125 79 8 1 0
2126 24 14 -1 0
2127 41 31 0 -1
2128 30 20 0 1
2129 38 19 -1 0
2130 27 11 0 1
2131 46 30 0 -1
2132 32 15 0 1
2133 25 6 1 0
2134 60 38 1 0
2135 43 31 -1 0
2136 39 20 0 1
2137 7 33 0 -1
2138 27 21 -1 0
2139 35 16 -1 0
2140 40 3 -1 0
2141 20 5 0 1
2142 39 21 -1 0
2143 27 23 0 -1
2144 25 0 0 -1
2145 31 10 1 0
2146 28 16 0 1
2147 38 30 -1 0
2148 30 0 -1 0
2149 40 30 0 1
2150 38 21 0 -1
2151 44 27 -1 0
2152 22 17 0 -1
2153 25 6 -1 0
2154 36 28 -1 0
2155 24 21 0 -1
2156 36 28 0 1
2157 28 19 0 -1
2158 27 4 1 0
2159 24 31 1 0
2160 23 38 1 0
2161 43 37 1 0
2162 25 11 0 1
2163 29 35 1 0
2164 48 32 0 1
2165 31 22 -1 0
2166 18 4 0 -1
2167 45 32 0 -1
2168 26 12 0 -1
2169 30 4 0 1
2170 74 5 0 -1
2171 30 9 0 -1
2172 27 36 0 -1
2173 40 28 0 1
2174 34 9 -1 0
2175 37 3 1 0
2176 29 36 -1 0
2177 28 6 1 0
2178 36 39 -1 0
2179 32 10 -1 0
2180 38 22 0 -1
2181 25 27 0 1
2182 43 29 -1 0
2183 47 0 -1 0
2184 30 36 0 -1
2185 27 17 0 -1
2186 36 37 1 0
2187 58 15 1 0
2188 26 33 0 1
2189 32 23 0 -1
2190 46 33 0 -1
2191 32 18 -1 0
2192 45 29 1 0
2193 31 34 -1 0
2194 37 28 1 0
2195 32 21 0 1
2196 34 31 1 0
2197 29 3 -1 0
2198 31 37 0 1
2199 32 38 1 0
2200 39 30 1 0
2201 21 36 1 0
2202 36 14 -1 0
2203 42 38 0 1
2204 36 20 1 0
2205 33 35 1 0
2206 27 9 -1 0
2207 30 13 0 1
2208 5 3 0 -1
2209 37 1 1 0
2210 41 26 1 0
2211 31 26 1 0
2212 24 29 0 1
2213 32 37 0 1
2214 33 28 -1 0
2215 34 25 1 0
2216 19 5 1 0
2217 36 13 1 0
2218 18 36 1 0
2219 39 7 1 0
2220 40 3 -1 0
2221 29 0 0 1
2222 38 34 -1 0
2223 27 18 -1 0
2224 20 4 1 0
2225 27 2 0 1
2226 38 4 0 1
2227 29 8 1 0
2228 19 6 1 0
2229 97 7 -1 0
2230 31 9 0 1
2231 28 32 1 0
2232 36 24 0 1
2233 25 5 0 -1
2234 21 16 1 0
2235 47 31 -1 0
2236 41 17 0 1
2237 50 30 1 0
2238 23 39 1 0
2239 38 38 -1 0
2240 38 2 0 -1
2241 31 39 0 -1
2242 27 22 -1 0
2243 43 2 0 1
2244 31 23 -1 0
2245 88 28 0 1
2246 41 20 0 -1
2247 45 28 0 1
2248 27 15 0 1
2249 29 14 1 0
2250 22 34 0 1
2251 28 13 1 0
2252 20 17 -1 0
2253 22 18 0 1
2254 31 17 -1 0
2255 40 25 1 0
2256 21 35 1 0
2257 24 7 1 0
2258 28 13 1 0
2259 36 38 1 0
2260 63 7 -1 0
2261 25 31 0 1
2262 32 10 0 1
2263 40 12 0 1
2264 27 10 -1 0
2265 25 30 0 1
2266 23 2 0 1
2267 46 33 0 -1
2268 32 6 0 1
2269 21 8 0 -1
2270 39 31 1 0
2271 32 35 -1 0
2272 30 34 -1 0
2273 20 37 1 0
2274 34 32 0 -1
2275 30 13 0 -1
2276 42 26 -1 0
2277 35 5 1 0
2278 25 5 1 0
2279 35 31 1 0
2280 35 3 0 1
2281 39 24 0 1
2282 29 9 -1 0
2283 42 1 0 1
2284 20 35 0 1
2285 28 2 -1 0
2286 41 17 0 -1
2287 81 25 -1 0
2288 41 21 0 -1
2289 41 5 -1 0
2290 32 20 0 1
2291 22 2 0 1
2292 22 7 0 -1
2293 24 30 1 0
2294 29 12 0 1
2295 18 18 0 1
2296 28 18 -1 0
2297 25 39 1 0
2298 13 18 -1 0
2299 25 17 0 1
2300 40 34 0 -1
2301 28 11 0 1
2302 36 18 0 1
2303 43 25 -1 0
2304 33 30 1 0
2305 39 17 1 0
2306 27 19 0 1
2307 26 0 0 -1
2308 37 31 -1 0
2309 27 19 0 1
2310 17 35 0 1
2311 35 11 0 -1
2312 27 11 0 -1
2313 25 36 0 -1
2314 39 33 -1 0
2315 29 25 0 -1
2316 37 31 -1 0
2317 21 38 0 1
2318 34 26 0 1
2319 14 32 1 0
2320 44 37 -1 0
2321 35 26 0 1
2322 30 3 0 1
2323 83 17 0 -1
2324 27 38 0 1
2325 36 17 1 0
2326 27 39 0 -1
2327 41 29 -1 0
2328 26 17 1 0
2329 25 15 -1 0
2330 29 9 0 1
2331 95 15 -1 0
2332 25 29 -1 0
2333 36 19 -1 0
2334 42 17 -1 0
2335 30 13 0 -1
2336 28 20 -1 0
2337 28 38 0 1
2338 20 38 1 0
2339 33 29 0 1
2340 28 33 1 0
2341 41 28 0 1
2342 36 37 -1 0
2343 37 8 -1 0
2344 28 6 0 -1
2345 29 21 1 0
2346 27 25 1 0
2347 34 14 0 1
2348 22 19 0 -1
2349 29 18 1 0
2350 25 8 0 -1
2351 32 9 -1 0
2352 32 31 0 -1
2353 84 28 0 1
2354 26 34 0 -1
2355 23 6 0 -1
2356 19 7 0 -1
2357 36 22 1 0
2358 20 36 0 1
2359 42 25 -1 0
2360 37 1 -1 0
2361 37 36 0 1
2362 26 23 1 0
2363 36 32 -1 0
2364 39 13 1 0
2365 39 27 -1 0
2366 36 21 -1 0
2367 24 10 1 0
2368 39 36 -1 0
2369 38 28 1 0
2370 24 15 0 1
2371 41 2 0 -1
2372 45 31 -1 0
2373 29 27 0 -1
2374 26 8 -1 0
2375 21 7 -1 0
2376 29 37 0 -1
2377 30 18 0 -1
2378 41 1 0 1
2379 27 12 0 -1
2380 29 4 -1 0
2381 34 27 -1 0
2382 32 5 1 0
2383 30 4 1 0
2384 67 22 0 1
2385 5 20 0 -1
2386 38 31 0 1
2387 23 36 1 0
2388 40 30 0 -1
2389 40 20 1 0
2390 41 17 -1 0
2391 28 15 0 1
2392 38 18 0 -1
2393 23 15 0 1
2394 35 3 -1 0
2395 28 17 1 0
2396 34 17 1 0
2397 41 31 -1 0
2398 29 6 1 0
2399 38 7 0 -1
