0 99 4 0 1
1 42 16 1 0
2 39 20 0 -1
3 27 34 1 0
4 23 31 0 -1
5 22 39 -1 0
6 61 0 0 1
7 28 37 1 0
8 26 2 -1 0
9 23 10 0 -1
10 63 25 0 -1
11 37 12 -1 0
12 84 35 0 -1
13 98 3 -1 0
14 16 28 0 1
15 36 39 0 1
16 32 30 1 0
17 81 11 0 1
18 45 33 1 0
19 28 7 -1 0
20 28 5 -1 0
21 26 11 0 1
22 17 15 1 0
23 26 11 0 1
24 84 21 1 0
25 44 38 0 -1
26 69 7 0 -1
27 36 25 0 -1
28 28 2 0 1
29 86 28 0 1
30 30 39 0 1
31 24 39 1 0
32 19 30 0 1
33 39 36 1 0
34 22 35 0 1
35 65 29 1 0
36 38 28 0 -1
37 27 1 -1 0
38 25 26 0 1
39 75 31 0 -1
40 17 33 0 1
41 24 15 1 0
42 98 24 0 1
43 6 5 0 -1
44 91 16 1 0
45 78 1 0 -1
46 29 16 0 1
47 40 19 1 0
48 23 26 1 0
49 25 8 1 0
50 25 1 1 0
51 29 3 1 0
52 14 1 0 -1
53 94 34 1 0
54 27 38 0 -1
55 36 19 1 0
56 76 28 -1 0
57 22 0 0 -1
58 61 30 1 0
59 35 14 1 0
60 14 17 1 0
61 52 7 0 1
62 21 2 1 0
63 0 24 0 1
64 14 30 0 1
65 54 26 1 0
66 67 34 0 1
67 24 17 1 0
68 0 5 1 0
69 27 32 0 1
70 63 11 -1 0
71 39 33 1 0
72 35 18 0 -1
73 16 28 0 -1
74 90 20 1 0
75 15 38 1 0
76 37 13 0 -1
77 23 22 0 1
78 28 38 1 0
79 13 31 -1 0
80 28 9 1 0
81 29 19 0 -1
82 99 36 0 -1
83 37 35 1 0
84 41 33 -1 0
85 23 31 0 -1
86 38 7 -1 0
87 49 33 -1 0
88 7 24 1 0
89 25 12 1 0
90 93 26 0 1
91 21 18 0 1
92 42 37 -1 0
93 45 9 -1 0
94 32 13 1 0
95 41 7 0 1
96 43 38 0 1
97 58 17 0 1
98 17 26 0 -1
99 49 26 1 0
100 29 32 -1 0
101 29 33 -1 0
102 34 6 0 1
103 99 9 0 -1
104 37 24 0 1
105 10 3 0 1
106 52 31 1 0
107 28 7 0 1
108 83 36 0 -1
109 38 25 -1 0
110 39 2 -1 0
111 9 8 1 0
112 39 21 0 -1
113 14 18 0 1
114 21 15 0 1
115 86 24 1 0
116 22 23 -1 0
117 97 39 -1 0
118 66 20 0 -1
119 23 11 1 0
120 32 5 0 1
121 9 12 0 1
122 27 14 0 1
123 37 23 1 0
124 78 22 0 -1
125 89 8 -1 0
126 44 33 1 0
127 29 2 0 1
128 38 19 0 1
129 31 2 1 0
130 47 23 1 0
131 8 34 0 -1
132 30 4 -1 0
133 94 26 1 0
134 11 6 1 0
135 40 17 0 -1
136 36 22 -1 0
137 24 29 1 0
138 36 26 -1 0
139 46 5 1 0
140 39 22 0 -1
141 37 20 0 -1
142 8 8 0 1
143 24 12 0 1
144 42 9 0 -1
145 41 30 -1 0
146 43 21 -1 0
147 43 35 -1 0
148 25 31 1 0
149 96 16 1 0
150 64 9 0 1
151 98 37 0 1
152 25 2 0 -1
153 37 19 -1 0
154 59 29 0 1
155 16 7 0 -1
156 40 22 1 0
157 29 12 1 0
158 45 21 0 1
159 38 21 0 1
160 31 10 0 -1
161 26 34 1 0
162 31 38 1 0
163 18 10 0 1
164 37 1 0 1
165 93 7 0 -1
166 37 19 -1 0
167 28 34 1 0
168 74 14 0 -1
169 5 26 0 -1
170 26 22 1 0
171 2 38 1 0
172 30 18 1 0
173 24 9 1 0
174 37 10 1 0
175 35 22 0 1
176 37 22 0 1
177 63 1 -1 0
178 32 15 0 -1
179 10 15 0 1
180 29 9 1 0
181 32 15 1 0
182 48 25 0 -1
183 25 7 0 1
184 46 3 -1 0
185 37 29 0 1
186 24 10 0 -1
187 21 7 0 -1
188 27 35 1 0
189 5 18 0 1
190 92 29 1 0
191 8 14 -1 0
192 7 25 0 1
193 76 29 0 -1
194 12 37 1 0
195 85 18 -1 0
196 8 13 0 -1
197 45 15 0 -1
198 32 28 -1 0
199 39 16 1 0
200 22 17 -1 0
201 25 37 1 0
202 29 11 -1 0
203 3 17 0 1
204 2 39 0 -1
205 40 15 0 1
206 7 25 0 -1
207 23 36 1 0
208 30 14 -1 0
209 18 28 0 1
210 43 36 0 -1
211 16 5 0 -1
212 48 28 -1 0
213 38 25 1 0
214 29 18 0 1
215 97 28 1 0
216 63 29 1 0
217 38 22 0 1
218 53 36 0 -1
219 8 20 0 -1
220 28 38 1 0
221 30 18 1 0
222 54 15 -1 0
223 12 9 0 1
224 45 36 -1 0
225 63 30 -1 0
226 94 35 0 1
227 67 28 0 -1
228 86 37 0 -1
229 7 17 0 -1
230 13 39 0 -1
231 97 7 -1 0
232 44 34 -1 0
233 32 13 1 0
234 40 22 0 -1
235 31 7 1 0
236 31 19 1 0
237 41 34 0 1
238 1 25 -1 0
239 23 30 -1 0
240 24 34 0 1
241 23 37 0 1
242 17 13 -1 0
243 26 31 0 -1
244 44 37 1 0
245 43 22 0 1
246 48 1 0 -1
247 43 28 1 0
248 28 3 1 0
249 99 2 1 0
250 18 8 -1 0
251 47 33 0 1
252 40 29 0 -1
253 37 1 1 0
254 29 5 0 -1
255 67 15 0 -1
256 41 7 0 -1
257 42 22 -1 0
258 75 38 1 0
259 34 9 1 0
260 28 15 1 0
261 38 22 0 -1
262 12 1 0 -1
263 51 15 0 1
264 9 26 -1 0
265 24 7 1 0
266 35 20 0 -1
267 72 22 0 -1
268 44 37 1 0
269 42 20 0 -1
270 17 19 0 -1
271 45 37 -1 0
272 37 2 0 -1
273 37 21 0 1
274 41 29 0 1
275 2 19 0 -1
276 39 24 0 -1
277 39 18 1 0
278 26 4 0 -1
279 6 34 -1 0
280 30 28 1 0
281 31 7 1 0
282 37 20 -1 0
283 54 23 0 -1
284 70 19 0 1
285 25 7 0 1
286 66 9 0 1
287 44 36 -1 0
288 89 29 0 -1
289 11 8 0 -1
290 31 32 1 0
291 28 10 0 1
292 26 13 0 -1
293 46 3 -1 0
294 27 36 -1 0
295 38 39 0 -1
296 29 19 0 -1
297 94 9 1 0
298 27 33 0 1
299 9 35 1 0
300 27 27 0 -1
301 29 37 -1 0
302 46 10 -1 0
303 41 34 0 1
304 40 3 0 1
305 49 25 0 -1
306 11 7 -1 0
307 36 36 1 0
308 44 22 -1 0
309 90 17 0 1
310 31 37 1 0
311 79 3 0 -1
312 31 7 0 -1
313 36 11 0 1
314 29 20 0 1
315 28 38 -1 0
316 38 12 0 1
317 21 5 1 0
318 29 31 -1 0
319 15 19 0 1
320 27 6 -1 0
321 26 7 -1 0
322 38 36 0 1
323 27 13 0 -1
324 51 22 -1 0
325 47 15 1 0
326 88 29 -1 0
327 80 35 0 -1
328 37 15 0 1
329 31 5 0 -1
330 98 38 0 -1
331 39 13 -1 0
332 19 7 0 1
333 54 32 0 -1
334 39 27 -1 0
335 46 2 1 0
336 88 37 1 0
337 94 16 -1 0
338 42 38 0 -1
339 25 9 1 0
340 6 25 1 0
341 24 34 0 1
342 43 36 1 0
343 36 14 1 0
344 30 1 1 0
345 23 2 0 1
346 37 23 0 1
347 26 16 1 0
348 60 10 0 1
349 66 37 -1 0
350 3 7 0 -1
351 79 37 1 0
352 28 12 -1 0
353 52 18 0 -1
354 17 24 0 -1
355 48 17 0 1
356 12 24 0 1
357 30 29 0 1
358 39 33 -1 0
359 36 18 0 1
360 19 27 0 1
361 28 9 -1 0
362 31 14 -1 0
363 31 10 1 0
364 18 31 0 1
365 98 16 1 0
366 25 38 1 0
367 38 17 0 1
368 42 36 0 -1
369 26 34 0 1
370 32 11 1 0
371 37 28 0 -1
372 39 3 -1 0
373 11 39 0 -1
374 26 28 -1 0
375 43 14 1 0
376 97 18 1 0
377 29 37 1 0
378 88 23 1 0
379 37 10 0 1
380 25 9 -1 0
381 24 28 1 0
382 28 35 1 0
383 31 12 -1 0
384 36 10 0 1
385 38 39 0 -1
386 34 3 0 -1
387 36 3 0 -1
388 78 30 0 1
389 41 36 0 1
390 21 34 0 1
391 41 17 0 -1
392 38 21 0 1
393 75 8 0 1
394 17 18 -1 0
395 2 34 1 0
396 55 11 1 0
397 85 24 0 -1
398 96 2 -1 0
399 68 37 1 0
400 37 21 -1 0
401 22 37 0 1
402 57 18 -1 0
403 27 19 0 -1
404 56 8 1 0
405 95 33 0 1
406 20 8 0 -1
407 26 17 1 0
408 28 31 0 1
409 38 24 1 0
410 45 30 1 0
411 40 12 0 1
412 25 1 1 0
413 74 13 0 -1
414 76 29 0 -1
415 49 34 -1 0
416 24 22 0 1
417 38 13 0 1
418 35 23 0 1
419 38 17 -1 0
420 39 15 0 -1
421 30 3 1 0
422 37 25 -1 0
423 83 16 1 0
424 27 8 0 1
425 67 11 0 1
426 19 37 0 1
427 39 21 -1 0
428 84 17 0 1
429 25 31 1 0
430 44 36 1 0
431 51 14 -1 0
432 30 12 0 1
433 22 3 0 -1
434 46 2 0 -1
435 44 39 -1 0
436 14 29 0 1
437 42 11 0 -1
438 38 17 1 0
439 9 24 0 -1
440 84 9 0 1
441 27 28 0 1
442 47 32 -1 0
443 47 13 1 0
444 38 4 0 1
445 27 3 0 -1
446 54 34 0 -1
447 37 16 0 1
448 31 11 0 1
449 68 37 -1 0
450 96 35 0 1
451 41 21 -1 0
452 74 12 0 -1
453 25 36 0 -1
454 13 34 0 1
455 27 35 1 0
456 27 20 0 1
457 41 35 0 1
458 15 33 0 -1
459 30 29 1 0
460 30 36 0 1
461 47 35 0 -1
462 64 27 0 1
463 94 1 0 1
464 24 1 1 0
465 41 36 1 0
466 30 5 0 -1
467 8 2 0 -1
468 88 32 0 1
469 2 35 -1 0
470 26 31 -1 0
471 26 36 0 1
472 44 30 0 1
473 85 30 0 -1
474 82 28 1 0
475 41 16 0 1
476 96 23 0 1
477 28 33 0 -1
478 48 13 0 -1
479 26 32 1 0
480 48 31 -1 0
481 27 1 0 -1
482 30 35 -1 0
483 18 0 -1 0
484 26 39 0 -1
485 2 12 0 -1
486 38 14 0 1
487 27 14 0 -1
488 46 34 0 1
489 28 11 -1 0
490 85 18 0 1
491 62 23 0 1
492 99 36 0 -1
493 42 4 0 -1
494 27 12 0 1
495 23 9 1 0
496 97 2 0 -1
497 96 34 0 -1
498 62 3 1 0
499 4 15 1 0
500 32 26 0 -1
501 36 22 1 0
502 36 0 0 1
503 1 4 -1 0
504 41 4 0 1
505 26 4 1 0
506 24 39 0 -1
507 25 32 0 1
508 43 13 1 0
509 68 32 0 1
510 44 7 0 1
511 80 1 -1 0
512 39 18 0 -1
513 25 34 0 1
514 55 32 -1 0
515 17 7 -1 0
516 7 0 1 0
517 17 31 1 0
518 30 27 1 0
519 11 37 0 -1
520 47 7 -1 0
521 38 14 0 1
522 35 3 0 -1
523 25 28 0 1
524 15 3 0 1
525 66 16 -1 0
526 20 34 1 0
527 82 31 1 0
528 14 9 1 0
529 59 25 0 -1
530 80 34 -1 0
531 32 25 0 -1
532 31 4 0 -1
533 67 39 -1 0
534 14 7 1 0
535 29 36 1 0
536 43 18 0 -1
537 46 5 0 1
538 35 19 -1 0
539 22 35 1 0
540 28 23 1 0
541 21 12 0 -1
542 40 33 0 -1
543 26 10 1 0
544 63 36 1 0
545 79 25 -1 0
546 39 14 -1 0
547 66 12 0 1
548 54 21 1 0
549 37 13 1 0
550 26 33 0 1
551 36 4 0 -1
552 41 10 1 0
553 41 6 -1 0
554 22 33 -1 0
555 53 38 -1 0
556 31 18 -1 0
557 6 11 1 0
558 42 4 0 1
559 14 36 1 0
560 57 6 -1 0
561 41 21 -1 0
562 38 3 1 0
563 21 15 0 1
564 48 11 0 1
565 25 25 0 -1
566 39 2 -1 0
567 36 29 1 0
568 20 39 1 0
569 37 38 -1 0
570 32 22 0 1
571 89 37 0 1
572 82 36 0 -1
573 31 9 1 0
574 26 13 0 1
575 69 17 1 0
576 74 18 0 1
577 36 17 1 0
578 14 0 0 -1
579 40 27 -1 0
580 37 16 0 -1
581 38 1 1 0
582 27 21 0 -1
583 59 25 0 -1
584 26 20 1 0
585 23 18 0 1
586 17 32 1 0
587 28 34 0 1
588 64 31 1 0
589 5 9 1 0
590 22 30 1 0
591 56 11 1 0
592 46 22 0 -1
593 12 39 0 1
594 38 20 0 -1
595 18 3 -1 0
596 40 32 1 0
597 48 32 0 1
598 30 2 1 0
599 24 34 -1 0
600 35 18 1 0
601 22 6 0 1
602 84 20 0 -1
603 26 1 -1 0
604 32 28 1 0
605 25 10 1 0
606 46 33 0 -1
607 96 12 0 -1
608 32 13 0 1
609 18 29 0 -1
610 26 34 1 0
611 10 28 0 1
612 43 39 -1 0
613 92 18 -1 0
614 38 35 1 0
615 26 31 -1 0
616 42 24 -1 0
617 29 0 0 -1
618 78 26 -1 0
619 74 19 0 -1
620 49 24 1 0
621 49 2 -1 0
622 20 23 1 0
623 2 20 1 0
624 37 26 1 0
625 79 35 1 0
626 70 34 0 -1
627 44 3 -1 0
628 37 12 -1 0
629 27 32 0 1
630 31 3 1 0
631 25 0 -1 0
632 39 33 1 0
633 91 1 1 0
634 23 5 0 1
635 67 26 -1 0
636 32 14 0 -1
637 69 7 0 1
638 41 14 0 1
639 77 26 0 -1
640 19 6 1 0
641 31 13 -1 0
642 25 30 0 -1
643 29 34 0 1
644 39 14 0 1
645 38 11 -1 0
646 41 37 1 0
647 17 3 0 1
648 42 26 -1 0
649 76 28 0 1
650 35 24 0 -1
651 26 17 1 0
652 27 11 0 1
653 32 14 1 0
654 6 15 0 -1
655 21 3 0 1
656 28 20 -1 0
657 11 4 0 1
658 23 33 0 1
659 34 28 0 1
660 41 3 1 0
661 75 2 1 0
662 0 14 0 -1
663 43 31 1 0
664 25 6 0 1
665 28 24 0 1
666 32 23 1 0
667 41 7 -1 0
668 28 21 -1 0
669 21 13 0 1
670 53 4 0 -1
671 40 13 -1 0
672 5 39 0 -1
673 46 7 -1 0
674 94 18 0 -1
675 59 19 -1 0
676 38 0 1 0
677 21 3 0 -1
678 30 10 -1 0
679 26 38 0 -1
680 0 1 -1 0
681 0 2 0 -1
682 80 19 0 -1
683 9 21 1 0
684 95 1 -1 0
685 21 35 0 1
686 49 4 0 -1
687 25 37 0 -1
688 36 1 0 1
689 35 11 -1 0
690 12 11 0 -1
691 24 9 0 1
692 77 31 -1 0
693 31 5 0 -1
694 12 3 0 1
695 25 7 0 1
696 28 5 1 0
697 31 14 -1 0
698 47 4 1 0
699 25 0 0 1
700 52 14 -1 0
701 46 38 -1 0
702 31 30 -1 0
703 25 35 0 1
704 83 24 -1 0
705 26 2 0 -1
706 23 34 0 1
707 30 7 -1 0
708 78 1 1 0
709 8 35 1 0
710 2 28 0 1
711 36 11 0 1
712 89 19 0 -1
713 88 37 1 0
714 23 10 1 0
715 44 36 0 1
716 13 23 0 1
717 39 39 1 0
718 30 34 1 0
719 52 10 0 -1
720 83 39 0 1
721 32 24 0 -1
722 10 31 -1 0
723 30 18 -1 0
724 17 33 0 1
725 59 5 -1 0
726 37 16 -1 0
727 28 7 0 1
728 39 13 0 1
729 69 39 0 -1
730 29 39 1 0
731 97 5 -1 0
732 28 12 -1 0
733 52 23 -1 0
734 14 0 -1 0
735 96 9 0 -1
736 28 0 -1 0
737 31 13 1 0
738 27 31 1 0
739 91 38 -1 0
740 38 36 1 0
741 39 22 0 -1
742 95 6 1 0
743 27 18 0 -1
744 10 19 -1 0
745 32 39 -1 0
746 85 29 0 1
747 18 34 -1 0
748 16 11 -1 0
749 39 12 1 0
750 68 20 1 0
751 44 32 0 1
752 41 23 1 0
753 30 8 1 0
754 49 39 1 0
755 18 24 -1 0
756 36 30 1 0
757 23 16 -1 0
758 84 21 1 0
759 36 1 0 -1
760 81 25 0 1
761 95 6 -1 0
762 15 19 0 -1
763 10 0 -1 0
764 40 34 1 0
765 24 16 1 0
766 38 26 -1 0
767 39 28 1 0
768 38 10 0 -1
769 29 26 1 0
770 17 27 0 1
771 28 13 -1 0
772 38 18 0 1
773 27 22 1 0
774 51 35 0 -1
775 94 36 0 -1
776 9 10 0 1
777 41 39 -1 0
778 45 32 0 1
779 28 2 -1 0
780 72 5 1 0
781 26 16 -1 0
782 53 10 0 1
783 45 13 1 0
784 30 13 -1 0
785 31 8 1 0
786 67 27 0 -1
787 35 25 1 0
788 19 16 -1 0
789 37 2 0 1
790 21 2 -1 0
791 38 5 -1 0
792 4 8 0 -1
793 97 7 -1 0
794 52 18 -1 0
795 18 25 -1 0
796 28 6 0 1
797 12 3 0 -1
798 12 29 1 0
799 36 38 0 1
800 19 32 0 1
801 0 23 0 -1
802 36 13 1 0
803 36 26 -1 0
804 97 25 0 1
805 1 38 1 0
806 10 31 0 1
807 25 8 -1 0
808 37 6 0 -1
809 40 33 1 0
810 29 21 -1 0
811 45 11 0 -1
812 32 14 1 0
813 14 23 0 -1
814 27 13 1 0
815 29 20 1 0
816 24 14 -1 0
817 37 14 -1 0
818 39 20 1 0
819 38 25 -1 0
820 60 26 -1 0
821 95 36 -1 0
822 4 19 1 0
823 18 35 0 1
824 36 11 1 0
825 39 17 1 0
826 90 23 0 -1
827 26 3 1 0
828 45 16 -1 0
829 6 22 0 1
830 36 14 1 0
831 39 14 0 -1
832 25 39 0 1
833 44 37 0 -1
834 30 1 -1 0
835 29 15 0 1
836 35 17 1 0
837 6 19 -1 0
838 31 33 0 1
839 30 7 0 1
840 32 10 -1 0
841 19 37 0 1
842 45 19 1 0
843 3 3 0 1
844 36 23 -1 0
845 36 1 -1 0
846 34 10 -1 0
847 39 36 0 -1
848 29 34 0 1
849 18 2 0 1
850 28 31 0 -1
851 92 32 0 1
852 11 39 0 -1
853 40 1 1 0
854 46 22 1 0
855 40 23 -1 0
856 26 33 1 0
857 12 6 -1 0
858 16 35 -1 0
859 37 18 1 0
860 26 9 -1 0
861 27 20 0 1
862 31 33 0 -1
863 40 36 0 -1
864 41 17 -1 0
865 99 37 0 1
866 27 22 0 1
867 51 36 1 0
868 36 19 0 1
869 30 12 0 1
870 14 8 0 1
871 7 21 0 1
872 44 31 0 1
873 94 5 -1 0
874 25 14 0 1
875 8 14 0 -1
876 1 37 1 0
877 13 32 -1 0
878 42 39 1 0
879 25 35 0 1
880 25 14 -1 0
881 11 12 -1 0
882 12 18 0 1
883 15 23 0 -1
884 29 15 0 1
885 37 21 0 1
886 83 31 -1 0
887 7 5 1 0
888 69 6 -1 0
889 23 37 1 0
890 20 1 0 -1
891 26 12 0 -1
892 55 29 0 -1
893 17 28 0 1
894 45 4 0 -1
895 70 33 1 0
896 98 30 1 0
897 21 4 0 -1
898 11 39 0 1
899 79 3 0 1
900 72 34 0 -1
901 27 39 0 -1
902 35 20 1 0
903 26 8 1 0
904 30 8 0 -1
905 71 27 1 0
906 90 3 -1 0
907 79 19 1 0
908 32 29 1 0
909 38 13 1 0
910 83 16 0 -1
911 18 39 0 1
912 51 23 0 1
913 0 11 -1 0
914 14 17 -1 0
915 26 10 -1 0
916 28 11 -1 0
917 27 27 0 1
918 31 10 0 -1
919 50 35 -1 0
920 32 24 0 -1
921 71 35 0 1
922 13 29 0 -1
923 41 14 -1 0
924 13 13 0 -1
925 34 37 1 0
926 81 26 -1 0
927 19 31 1 0
928 19 6 1 0
929 42 22 1 0
930 25 14 1 0
931 47 14 0 -1
932 41 35 1 0
933 97 12 0 -1
934 31 3 0 1
935 68 23 1 0
936 69 5 0 -1
937 33 22 0 1
938 85 29 0 1
939 38 16 1 0
940 84 6 0 1
941 19 8 1 0
942 45 20 -1 0
943 2 12 0 1
944 14 22 0 -1
945 41 15 1 0
946 40 11 -1 0
947 63 34 0 -1
948 71 38 0 1
949 38 27 1 0
950 42 3 0 -1
951 39 4 1 0
952 31 8 0 1
953 57 39 -1 0
954 1 4 1 0
955 38 36 0 1
956 14 28 0 1
957 9 16 0 -1
958 45 26 -1 0
959 26 3 1 0
960 30 12 1 0
961 60 9 1 0
962 32 23 1 0
963 43 33 -1 0
964 88 38 -1 0
965 39 38 -1 0
966 6 2 0 -1
967 73 17 -1 0
968 29 21 0 -1
969 91 2 0 -1
970 31 6 -1 0
971 28 4 -1 0
972 24 10 0 1
973 26 27 -1 0
974 5 31 1 0
975 10 25 0 1
976 3 17 1 0
977 40 17 0 -1
978 64 10 -1 0
979 11 10 0 1
980 22 26 1 0
981 17 8 1 0
982 27 4 0 1
983 38 9 -1 0
984 46 1 0 1
985 99 9 0 -1
986 23 0 0 -1
987 52 22 1 0
988 40 24 0 -1
989 40 15 0 -1
990 57 34 0 1
991 23 17 0 1
992 47 17 -1 0
993 26 38 1 0
994 48 2 1 0
995 27 9 0 -1
996 37 39 0 -1
997 95 13 -1 0
998 43 37 0 -1
999 36 13 0 1
1000 38 3 0 -1
1001 28 36 -1 0
1002 9 36 0 -1
1003 30 24 0 1
1004 39 23 1 0
1005 25 36 -1 0
1006 40 35 0 1
1007 24 23 0 1
1008 36 39 -1 0
1009 42 35 -1 0
1010 42 29 0 -1
1011 26 37 0 -1
1012 36 29 1 0
1013 40 1 0 -1
1014 5 4 0 -1
1015 26 15 0 -1
1016 8 25 1 0
1017 24 5 0 -1
1018 95 28 0 -1
1019 17 19 1 0
1020 40 1 1 0
1021 83 19 1 0
1022 40 36 1 0
1023 22 15 1 0
1024 38 10 0 1
1025 86 10 1 0
1026 44 35 0 1
1027 90 8 -1 0
1028 27 14 0 -1
1029 37 22 -1 0
1030 40 11 0 -1
1031 31 5 0 -1
1032 30 38 -1 0
1033 92 29 0 -1
1034 46 19 0 -1
1035 30 3 0 1
1036 43 18 1 0
1037 41 19 1 0
1038 0 18 -1 0
1039 77 24 0 1
1040 96 14 1 0
1041 22 26 1 0
1042 35 3 -1 0
1043 28 6 0 1
1044 81 22 0 1
1045 36 3 0 -1
1046 10 12 0 1
1047 21 29 0 -1
1048 45 3 0 1
1049 76 3 0 1
1050 29 10 0 -1
1051 39 28 0 -1
1052 13 19 0 -1
1053 23 38 1 0
1054 28 1 -1 0
1055 40 25 -1 0
1056 28 3 0 1
1057 40 19 0 -1
1058 30 7 -1 0
1059 40 21 0 1
1060 29 4 1 0
1061 30 1 1 0
1062 35 17 1 0
1063 98 22 0 -1
1064 93 15 1 0
1065 49 34 0 1
1066 25 34 1 0
1067 16 35 0 -1
1068 62 13 0 1
1069 27 30 1 0
1070 44 7 0 -1
1071 25 5 0 1
1072 93 9 -1 0
1073 28 17 0 1
1074 38 23 0 1
1075 26 14 1 0
1076 20 33 1 0
1077 10 18 0 -1
1078 29 38 0 -1
1079 9 19 0 -1
1080 27 31 -1 0
1081 24 35 -1 0
1082 70 11 -1 0
1083 39 7 -1 0
1084 90 8 1 0
1085 8 8 0 -1
1086 85 5 1 0
1087 12 2 0 1
1088 45 8 -1 0
1089 26 1 -1 0
1090 31 4 0 1
1091 49 8 0 -1
1092 37 9 -1 0
1093 33 11 -1 0
1094 43 33 0 1
1095 39 15 1 0
1096 24 8 1 0
1097 25 2 -1 0
1098 23 34 -1 0
1099 40 37 0 -1
1100 36 39 1 0
1101 7 29 0 1
1102 78 30 1 0
1103 36 17 0 -1
1104 81 31 1 0
1105 30 2 1 0
1106 73 9 1 0
1107 32 16 1 0
1108 30 35 0 1
1109 29 14 1 0
1110 87 18 0 1
1111 31 16 0 -1
1112 30 19 -1 0
1113 42 33 0 1
1114 26 33 1 0
1115 68 15 -1 0
1116 62 39 0 -1
1117 41 35 -1 0
1118 75 9 -1 0
1119 37 13 0 -1
1120 44 35 0 1
1121 10 19 0 1
1122 85 7 0 -1
1123 88 16 0 -1
1124 68 36 0 1
1125 86 13 0 1
1126 28 14 0 -1
1127 32 25 0 -1
1128 19 17 -1 0
1129 65 10 0 -1
1130 97 3 0 -1
1131 40 27 0 1
1132 82 32 0 1
1133 98 35 1 0
1134 38 26 -1 0
1135 71 2 1 0
1136 22 5 -1 0
1137 21 23 0 -1
1138 93 6 0 1
1139 24 30 -1 0
1140 87 8 0 -1
1141 97 8 1 0
1142 28 13 -1 0
1143 43 35 0 1
1144 40 17 0 -1
1145 44 10 0 1
1146 31 3 1 0
1147 92 18 -1 0
1148 26 8 1 0
1149 31 8 -1 0
1150 34 7 0 -1
1151 42 36 1 0
1152 28 32 0 1
1153 2 7 0 -1
1154 96 0 0 1
1155 90 12 0 -1
1156 1 13 0 1
1157 1 30 0 -1
1158 40 2 -1 0
1159 40 35 0 1
1160 38 18 0 1
1161 8 11 1 0
1162 1 20 1 0
1163 36 15 -1 0
1164 27 36 -1 0
1165 17 2 1 0
1166 46 34 0 1
1167 28 32 1 0
1168 36 16 1 0
1169 36 18 0 1
1170 28 37 1 0
1171 15 25 -1 0
1172 77 19 0 -1
1173 26 11 0 1
1174 35 25 0 -1
1175 40 16 1 0
1176 44 18 -1 0
1177 58 29 -1 0
1178 76 22 1 0
1179 27 8 0 1
1180 43 38 0 1
1181 29 11 -1 0
1182 30 13 0 1
1183 69 28 -1 0
1184 19 11 -1 0
1185 23 0 0 -1
1186 43 31 -1 0
1187 67 27 0 1
1188 15 0 0 1
1189 18 3 0 -1
1190 90 30 0 -1
1191 57 22 0 1
1192 83 32 1 0
1193 37 32 1 0
1194 35 33 1 0
1195 17 24 1 0
1196 21 29 1 0
1197 45 25 0 -1
1198 17 10 -1 0
1199 39 16 -1 0
1200 19 32 0 1
1201 29 13 -1 0
1202 35 26 0 -1
1203 41 9 0 1
1204 39 23 0 1
1205 46 11 0 -1
1206 70 0 0 1
1207 28 13 0 -1
1208 23 11 -1 0
1209 38 4 -1 0
1210 31 16 1 0
1211 31 20 -1 0
1212 25 25 0 1
1213 28 28 -1 0
1214 54 2 -1 0
1215 9 23 1 0
1216 35 35 -1 0
1217 87 29 0 1
1218 7 12 -1 0
1219 41 30 0 1
1220 42 25 0 1
1221 96 10 1 0
1222 29 9 -1 0
1223 38 31 1 0
1224 19 0 0 -1
1225 96 5 1 0
1226 40 30 0 1
1227 21 36 -1 0
1228 38 16 1 0
1229 27 2 1 0
1230 29 22 1 0
1231 39 29 0 -1
1232 47 34 0 -1
1233 35 18 0 1
1234 52 4 -1 0
1235 39 16 -1 0
1236 17 31 0 -1
1237 17 23 1 0
1238 37 9 -1 0
1239 95 36 0 -1
1240 2 38 -1 0
1241 95 35 1 0
1242 32 10 -1 0
1243 41 16 0 -1
1244 40 16 0 -1
1245 43 16 1 0
1246 40 34 0 1
1247 94 20 0 1
1248 43 33 0 1
1249 22 8 -1 0
1250 93 39 -1 0
1251 24 24 1 0
1252 57 11 0 1
1253 62 38 0 1
1254 61 37 0 -1
1255 38 39 0 1
1256 41 33 -1 0
1257 36 20 0 1
1258 17 39 0 -1
1259 44 23 0 -1
1260 28 36 -1 0
1261 7 12 0 1
1262 26 35 1 0
1263 64 5 0 -1
1264 41 19 -1 0
1265 87 7 0 -1
1266 96 12 -1 0
1267 22 30 0 -1
1268 70 30 -1 0
1269 69 26 0 1
1270 16 31 1 0
1271 31 4 1 0
1272 39 27 1 0
1273 52 24 -1 0
1274 43 34 -1 0
1275 28 10 -1 0
1276 88 10 1 0
1277 91 32 1 0
1278 82 24 0 -1
1279 40 21 -1 0
1280 71 5 0 1
1281 37 4 0 1
1282 25 31 0 1
1283 22 1 0 -1
1284 18 20 1 0
1285 51 5 0 1
1286 11 35 1 0
1287 26 36 1 0
1288 37 15 1 0
1289 67 34 1 0
1290 7 6 0 1
1291 42 7 -1 0
1292 25 17 0 1
1293 41 14 1 0
1294 36 20 -1 0
1295 38 5 -1 0
1296 36 8 -1 0
1297 20 35 0 1
1298 27 2 1 0
1299 29 17 1 0
1300 28 24 -1 0
1301 82 15 -1 0
1302 95 25 -1 0
1303 29 1 0 -1
1304 16 33 0 -1
1305 23 39 0 1
1306 37 17 0 1
1307 29 21 0 -1
1308 40 34 1 0
1309 68 0 0 1
1310 36 23 -1 0
1311 45 39 0 -1
1312 68 34 1 0
1313 32 22 0 1
1314 27 38 1 0
1315 35 38 0 -1
1316 91 33 1 0
1317 14 35 0 1
1318 41 8 0 -1
1319 27 8 0 1
1320 32 24 -1 0
1321 51 18 0 1
1322 40 14 -1 0
1323 45 38 -1 0
1324 45 33 1 0
1325 12 19 -1 0
1326 29 2 -1 0
1327 43 1 0 1
1328 36 24 0 -1
1329 39 15 0 -1
1330 93 21 -1 0
1331 39 35 -1 0
1332 26 38 1 0
1333 21 36 -1 0
1334 44 2 0 -1
1335 91 6 1 0
1336 24 37 0 -1
1337 35 24 0 1
1338 65 8 0 1
1339 89 19 -1 0
1340 28 25 1 0
1341 97 32 -1 0
1342 31 21 0 -1
1343 21 26 1 0
1344 23 39 1 0
1345 28 14 0 -1
1346 97 38 -1 0
1347 9 39 0 -1
1348 37 31 -1 0
1349 19 32 0 -1
1350 30 11 1 0
1351 43 8 1 0
1352 38 37 1 0
1353 89 31 0 1
1354 24 22 -1 0
1355 6 24 -1 0
1356 47 8 0 -1
1357 56 9 1 0
1358 40 24 -1 0
1359 96 32 0 -1
1360 31 17 -1 0
1361 25 37 -1 0
1362 23 35 0 -1
1363 25 0 -1 0
1364 20 22 0 1
1365 22 28 0 -1
1366 13 38 0 1
1367 87 4 -1 0
1368 36 3 0 -1
1369 36 21 1 0
1370 30 39 -1 0
1371 41 18 0 1
1372 65 6 0 1
1373 68 8 0 -1
1374 46 31 0 -1
1375 27 12 0 1
1376 53 13 1 0
1377 24 35 0 1
1378 42 34 1 0
1379 24 33 -1 0
1380 43 16 -1 0
1381 32 5 -1 0
1382 37 24 0 1
1383 30 11 -1 0
1384 8 14 -1 0
1385 77 37 -1 0
1386 36 13 0 -1
1387 40 33 0 1
1388 92 23 1 0
1389 78 30 -1 0
1390 39 12 -1 0
1391 73 24 0 -1
1392 20 4 0 -1
1393 94 22 0 -1
1394 95 21 0 -1
1395 5 27 -1 0
1396 50 38 1 0
1397 40 12 1 0
1398 40 8 0 -1
1399 54 28 0 -1
1400 25 24 -1 0
1401 42 37 0 -1
1402 24 0 -1 0
1403 20 9 1 0
1404 43 38 -1 0
1405 16 12 0 1
1406 23 13 -1 0
1407 37 7 -1 0
1408 29 35 0 1
1409 54 5 0 -1
1410 21 4 1 0
1411 1 35 0 1
1412 11 11 0 -1
1413 23 10 0 1
1414 0 15 0 -1
1415 28 12 0 1
1416 42 35 -1 0
1417 21 34 0 1
1418 65 28 0 -1
1419 24 9 1 0
1420 42 15 1 0
1421 67 26 0 1
1422 16 14 -1 0
1423 80 29 1 0
1424 4 33 -1 0
1425 15 34 1 0
1426 29 6 -1 0
1427 49 0 -1 0
1428 41 2 -1 0
1429 40 20 -1 0
1430 28 33 0 -1
1431 40 31 0 1
1432 69 34 0 -1
1433 51 2 0 1
1434 26 36 0 1
1435 13 9 -1 0
1436 36 2 1 0
1437 37 18 -1 0
1438 84 28 0 -1
1439 35 9 1 0
1440 31 20 -1 0
1441 53 21 -1 0
1442 56 0 0 1
1443 39 29 0 -1
1444 24 36 1 0
1445 40 0 1 0
1446 85 22 -1 0
1447 18 10 -1 0
1448 37 27 0 -1
1449 65 6 0 -1
1450 31 12 0 1
1451 38 1 -1 0
1452 30 15 1 0
1453 27 3 1 0
1454 97 23 -1 0
1455 16 15 0 -1
1456 82 39 1 0
1457 78 35 0 1
1458 28 39 -1 0
1459 30 9 0 -1
1460 69 24 -1 0
1461 74 38 0 -1
1462 20 13 1 0
1463 28 37 0 -1
1464 80 33 0 1
1465 17 34 1 0
1466 16 37 0 1
1467 19 18 0 1
1468 95 22 0 -1
1469 17 19 1 0
1470 26 1 0 1
1471 26 8 1 0
1472 16 5 0 1
1473 85 23 -1 0
1474 88 12 0 -1
1475 39 27 0 1
1476 28 36 0 1
1477 41 39 -1 0
1478 45 24 -1 0
1479 83 0 -1 0
1480 27 33 0 1
1481 46 13 0 -1
1482 30 4 1 0
1483 9 39 1 0
1484 50 28 0 -1
1485 18 9 1 0
1486 9 33 0 1
1487 41 11 0 1
1488 28 35 0 1
1489 29 19 0 -1
1490 29 4 -1 0
1491 5 35 1 0
1492 95 37 0 1
1493 38 15 0 1
1494 46 33 0 1
1495 6 34 -1 0
1496 37 33 0 -1
1497 45 0 1 0
1498 29 22 0 -1
1499 13 18 1 0
1500 30 34 0 1
1501 54 10 0 -1
1502 0 7 0 1
1503 38 20 0 1
1504 80 1 1 0
1505 46 32 1 0
1506 17 22 -1 0
1507 36 25 1 0
1508 36 38 -1 0
1509 36 0 0 -1
1510 42 24 -1 0
1511 44 0 1 0
1512 43 3 1 0
1513 77 9 0 -1
1514 5 24 0 -1
1515 44 10 -1 0
1516 28 11 1 0
1517 22 4 0 -1
1518 39 24 1 0
1519 34 13 0 -1
1520 35 20 -1 0
1521 18 24 0 -1
1522 29 33 0 1
1523 29 34 1 0
1524 91 31 0 -1
1525 47 6 1 0
1526 62 33 1 0
1527 37 17 0 1
1528 52 3 -1 0
1529 6 37 0 -1
1530 72 27 0 1
1531 45 10 1 0
1532 39 21 1 0
1533 24 17 0 -1
1534 71 8 -1 0
1535 53 14 -1 0
1536 27 39 0 1
1537 46 11 1 0
1538 43 32 -1 0
1539 45 12 0 -1
1540 23 30 0 -1
1541 14 37 1 0
1542 43 37 0 -1
1543 4 28 -1 0
1544 92 5 1 0
1545 13 36 0 1
1546 39 19 1 0
1547 45 37 0 1
1548 45 5 0 -1
1549 89 22 -1 0
1550 78 21 0 1
1551 48 37 0 -1
1552 40 15 1 0
1553 35 23 -1 0
1554 54 10 0 1
1555 52 32 0 -1
1556 41 15 0 -1
1557 41 36 -1 0
1558 98 1 0 -1
1559 36 35 1 0
1560 91 7 -1 0
1561 37 23 -1 0
1562 96 3 0 -1
1563 18 5 -1 0
1564 88 6 0 -1
1565 31 6 1 0
1566 29 39 -1 0
1567 90 8 1 0
1568 10 17 0 1
1569 36 0 1 0
1570 30 28 0 1
1571 38 24 -1 0
1572 19 29 -1 0
1573 39 24 -1 0
1574 26 30 -1 0
1575 45 34 -1 0
1576 15 32 1 0
1577 99 24 0 -1
1578 32 23 0 1
1579 39 19 0 -1
1580 4 16 -1 0
1581 36 12 0 1
1582 91 4 0 1
1583 17 11 0 -1
1584 55 15 0 1
1585 45 37 1 0
1586 44 13 1 0
1587 39 10 -1 0
1588 29 9 1 0
1589 57 23 0 -1
1590 21 11 -1 0
1591 25 9 1 0
1592 31 20 -1 0
1593 24 36 0 1
1594 42 32 1 0
1595 40 5 0 -1
1596 29 8 0 1
1597 38 23 0 1
1598 31 19 1 0
1599 37 25 1 0
1600 41 22 0 1
1601 44 31 -1 0
1602 26 20 0 -1
1603 47 11 -1 0
1604 26 30 0 1
1605 28 35 0 -1
1606 31 15 1 0
1607 96 30 0 1
1608 84 0 0 1
1609 1 30 0 -1
1610 14 3 -1 0
1611 18 19 0 -1
1612 91 33 0 -1
1613 91 10 0 -1
1614 25 39 -1 0
1615 93 25 1 0
1616 97 17 0 1
1617 82 1 0 1
1618 24 33 0 1
1619 42 34 0 -1
1620 27 26 1 0
1621 63 22 0 1
1622 16 26 -1 0
1623 74 29 -1 0
1624 23 15 -1 0
1625 96 27 0 1
1626 96 31 0 -1
1627 18 39 1 0
1628 35 19 -1 0
1629 99 12 0 1
1630 25 11 1 0
1631 28 33 0 1
1632 17 13 0 -1
1633 30 5 -1 0
1634 74 15 -1 0
1635 26 35 0 -1
1636 39 11 1 0
1637 24 11 0 1
1638 35 28 -1 0
1639 43 35 0 1
1640 69 18 0 -1
1641 69 19 0 1
1642 48 18 -1 0
1643 27 33 0 -1
1644 23 15 -1 0
1645 99 11 0 1
1646 23 35 0 -1
1647 21 37 -1 0
1648 56 23 0 -1
1649 31 14 1 0
1650 22 15 0 1
1651 70 38 0 -1
1652 22 26 0 -1
1653 43 10 0 -1
1654 37 3 1 0
1655 49 1 0 -1
1656 24 38 0 1
1657 26 16 1 0
1658 21 20 1 0
1659 35 19 0 1
1660 36 24 1 0
1661 91 35 1 0
1662 38 7 -1 0
1663 13 6 1 0
1664 23 28 1 0
1665 88 26 -1 0
1666 31 16 -1 0
1667 36 26 -1 0
1668 76 3 1 0
1669 30 21 -1 0
1670 38 26 -1 0
1671 87 24 1 0
1672 5 21 0 -1
1673 24 2 0 1
1674 26 37 -1 0
1675 17 12 -1 0
1676 94 9 0 1
1677 75 20 1 0
1678 42 9 0 -1
1679 31 18 0 1
1680 89 10 0 -1
1681 81 4 0 1
1682 25 8 1 0
1683 29 13 0 -1
1684 4 4 0 1
1685 40 22 0 -1
1686 41 32 -1 0
1687 8 17 0 -1
1688 24 38 0 -1
1689 43 39 0 -1
1690 39 25 0 -1
1691 40 21 0 1
1692 30 4 -1 0
1693 8 15 1 0
1694 26 2 0 -1
1695 42 22 0 1
1696 37 9 0 1
1697 21 6 0 -1
1698 8 8 1 0
1699 39 2 0 -1
1700 29 33 -1 0
1701 72 36 0 1
1702 37 4 0 1
1703 37 11 1 0
1704 30 38 -1 0
1705 28 34 0 1
1706 42 6 0 1
1707 39 35 -1 0
1708 26 19 1 0
1709 23 26 0 1
1710 89 8 1 0
1711 31 9 0 -1
1712 98 6 1 0
1713 53 15 -1 0
1714 25 13 -1 0
1715 89 38 0 1
1716 13 8 0 1
1717 43 9 -1 0
1718 46 17 0 1
1719 57 28 1 0
1720 32 33 -1 0
1721 77 31 -1 0
1722 65 17 0 -1
1723 41 19 1 0
1724 43 19 0 1
1725 16 34 0 1
1726 79 34 1 0
1727 30 16 -1 0
1728 38 12 -1 0
1729 16 29 0 -1
1730 92 24 0 1
1731 30 32 0 -1
1732 38 27 -1 0
1733 32 11 1 0
1734 30 19 1 0
1735 27 34 0 -1
1736 45 18 1 0
1737 25 36 0 1
1738 38 35 1 0
1739 36 23 1 0
1740 2 23 1 0
1741 35 26 1 0
1742 99 5 -1 0
1743 97 30 0 1
1744 89 36 -1 0
1745 54 14 -1 0
1746 30 13 0 1
1747 26 9 1 0
1748 97 14 1 0
1749 92 3 -1 0
1750 44 38 0 -1
1751 95 26 1 0
1752 55 36 1 0
1753 25 25 1 0
1754 40 16 -1 0
1755 44 21 0 -1
1756 24 30 0 -1
1757 66 36 1 0
1758 11 17 1 0
1759 38 22 0 1
1760 29 4 1 0
1761 96 20 0 1
1762 91 23 -1 0
1763 84 23 -1 0
1764 34 15 1 0
1765 18 24 0 -1
1766 38 32 0 -1
1767 45 30 0 1
1768 4 6 0 1
1769 34 24 1 0
1770 28 29 1 0
1771 13 6 1 0
1772 24 8 0 1
1773 87 29 1 0
1774 29 36 1 0
1775 48 31 0 -1
1776 38 16 1 0
1777 3 28 -1 0
1778 38 11 -1 0
1779 17 32 0 1
1780 29 36 1 0
1781 25 3 1 0
1782 36 24 0 -1
1783 27 7 0 1
1784 66 10 1 0
1785 45 11 1 0
1786 87 30 0 -1
1787 29 17 -1 0
1788 42 36 0 1
1789 26 14 1 0
1790 38 23 -1 0
1791 61 28 -1 0
1792 52 35 0 -1
1793 44 38 0 -1
1794 25 15 -1 0
1795 38 37 0 -1
1796 49 39 -1 0
1797 30 36 0 1
1798 26 0 1 0
1799 31 17 0 -1
1800 14 6 -1 0
1801 43 32 0 1
1802 41 13 0 -1
1803 26 12 1 0
1804 68 35 -1 0
1805 35 24 1 0
1806 26 37 0 1
1807 35 16 -1 0
1808 27 0 0 1
1809 47 31 0 1
1810 60 19 0 -1
1811 30 37 1 0
1812 37 26 0 1
1813 32 12 0 1
1814 46 10 0 -1
1815 83 22 0 1
1816 28 20 0 1
1817 41 33 0 1
1818 58 22 0 -1
1819 38 15 -1 0
1820 14 37 1 0
1821 27 0 0 -1
1822 42 30 -1 0
1823 3 39 1 0
1824 18 15 1 0
1825 98 10 0 1
1826 94 9 -1 0
1827 27 34 1 0
1828 7 9 0 1
1829 62 3 -1 0
1830 21 32 0 1
1831 36 30 0 1
1832 38 35 0 1
1833 21 36 1 0
1834 39 19 0 -1
1835 28 1 0 1
1836 24 0 0 -1
1837 8 11 1 0
1838 73 39 1 0
1839 89 27 0 -1
1840 77 27 -1 0
1841 47 24 0 1
1842 58 29 0 1
1843 25 35 0 1
1844 40 37 0 -1
1845 22 37 1 0
1846 82 32 0 1
1847 43 10 0 -1
1848 37 27 0 -1
1849 30 15 0 1
1850 23 2 0 -1
1851 31 26 1 0
1852 27 10 1 0
1853 29 39 1 0
1854 35 37 0 -1
1855 19 22 0 1
1856 43 32 1 0
1857 16 1 0 -1
1858 30 6 1 0
1859 98 38 0 -1
1860 29 38 -1 0
1861 38 18 1 0
1862 42 34 1 0
1863 27 12 0 1
1864 94 22 0 -1
1865 31 15 1 0
1866 37 25 0 1
1867 36 25 0 -1
1868 44 9 0 -1
1869 47 5 0 1
1870 99 0 0 1
1871 39 18 -1 0
1872 30 8 0 1
1873 23 13 -1 0
1874 98 24 1 0
1875 47 30 -1 0
1876 28 25 1 0
1877 38 27 1 0
1878 38 14 -1 0
1879 7 2 -1 0
1880 18 0 0 -1
1881 35 25 0 -1
1882 35 8 0 1
1883 66 15 0 1
1884 26 32 0 -1
1885 68 30 -1 0
1886 36 18 0 -1
1887 77 5 1 0
1888 22 6 0 1
1889 41 3 -1 0
1890 40 23 0 -1
1891 38 12 0 1
1892 29 17 0 -1
1893 9 23 0 -1
1894 96 15 0 -1
1895 36 10 -1 0
1896 26 39 0 -1
1897 84 0 1 0
1898 88 36 1 0
1899 47 7 0 -1
1900 29 7 0 1
1901 7 0 1 0
1902 19 6 0 -1
1903 23 36 1 0
1904 28 26 0 -1
1905 48 11 1 0
1906 14 19 0 -1
1907 75 35 0 -1
1908 19 33 0 -1
1909 30 10 1 0
1910 24 0 1 0
1911 46 37 0 -1
1912 36 15 1 0
1913 21 29 1 0
1914 37 28 0 -1
1915 32 12 1 0
1916 26 9 0 -1
1917 45 36 -1 0
1918 39 37 1 0
1919 1 6 1 0
1920 7 14 1 0
1921 40 35 0 1
1922 19 25 0 1
1923 61 31 -1 0
1924 41 29 1 0
1925 27 37 1 0
1926 53 27 0 -1
1927 19 3 0 1
1928 34 25 1 0
1929 23 0 1 0
1930 84 25 0 -1
1931 51 8 -1 0
1932 37 28 0 -1
1933 76 1 1 0
1934 40 26 1 0
1935 37 11 -1 0
1936 37 19 1 0
1937 26 23 1 0
1938 28 20 1 0
1939 11 21 1 0
1940 29 20 0 -1
1941 98 5 1 0
1942 27 10 0 -1
1943 29 0 -1 0
1944 23 26 -1 0
1945 25 22 0 -1
1946 50 2 0 1
1947 64 19 -1 0
1948 26 0 0 1
1949 75 3 0 1
1950 11 29 0 -1
1951 4 5 -1 0
1952 34 29 -1 0
1953 12 18 0 1
1954 95 35 0 1
1955 94 7 0 1
1956 32 39 -1 0
1957 24 35 -1 0
1958 2 15 0 1
1959 41 6 -1 0
1960 25 2 1 0
1961 26 30 0 1
1962 38 19 -1 0
1963 23 33 0 1
1964 46 39 1 0
1965 29 38 -1 0
1966 85 13 0 1
1967 29 0 -1 0
1968 44 39 -1 0
1969 38 37 -1 0
1970 43 8 0 -1
1971 19 14 0 1
1972 28 25 1 0
1973 93 9 -1 0
1974 98 16 0 1
1975 39 17 0 1
1976 29 18 0 -1
1977 26 35 -1 0
1978 25 5 -1 0
1979 1 33 1 0
1980 57 20 0 1
1981 36 2 1 0
1982 83 11 1 0
1983 92 14 -1 0
1984 79 17 0 -1
1985 27 39 -1 0
1986 30 14 1 0
1987 4 3 -1 0
1988 85 28 0 -1
1989 34 14 0 1
1990 43 34 0 1
1991 31 6 -1 0
1992 26 39 0 -1
1993 30 39 1 0
1994 41 37 -1 0
1995 40 5 -1 0
1996 27 35 1 0
1997 16 34 0 -1
1998 12 26 1 0
1999 29 13 1 0
2000 75 28 1 0
2001 18 27 1 0
2002 22 7 -1 0
2003 15 20 -1 0
2004 8 17 0 1
2005 86 6 -1 0
2006 32 11 0 1
2007 25 15 0 -1
2008 25 10 -1 0
2009 31 15 0 1
2010 51 5 0 -1
2011 42 35 0 -1
2012 44 11 0 1
2013 91 39 -1 0
2014 25 15 -1 0
2015 26 0 1 0
2016 83 18 0 1
2017 38 38 -1 0
2018 23 28 0 -1
2019 94 38 0 -1
2020 26 32 -1 0
2021 46 22 0 1
2022 10 26 0 -1
2023 6 30 1 0
2024 37 17 0 1
2025 24 8 0 1
2026 27 37 0 1
2027 29 18 0 1
2028 82 31 -1 0
2029 36 15 0 -1
2030 64 9 0 -1
2031 25 12 1 0
2032 2 34 0 -1
2033 37 12 0 -1
2034 36 7 1 0
2035 27 32 -1 0
2036 31 13 0 -1
2037 53 4 0 -1
2038 63 21 -1 0
2039 31 11 1 0
2040 24 37 -1 0
2041 63 14 0 -1
2042 27 0 0 1
2043 27 1 0 -1
2044 36 22 1 0
2045 42 8 0 1
2046 66 22 -1 0
2047 42 6 0 1
2048 31 9 0 1
2049 35 3 1 0
2050 32 9 -1 0
2051 16 29 1 0
2052 98 7 0 1
2053 89 17 1 0
2054 90 10 0 -1
2055 95 2 0 1
2056 15 0 0 -1
2057 42 33 0 1
2058 16 36 0 -1
2059 36 21 0 1
2060 75 23 0 -1
2061 18 1 0 -1
2062 90 19 0 1
2063 18 34 0 1
2064 48 27 0 1
2065 32 17 -1 0
2066 4 10 0 1
2067 38 21 0 1
2068 20 18 0 -1
2069 21 8 0 1
2070 87 2 0 1
2071 27 3 1 0
2072 27 31 0 1
2073 34 9 1 0
2074 32 12 -1 0
2075 30 11 0 1
2076 8 37 1 0
2077 89 26 0 1
2078 43 34 0 1
2079 22 30 0 1
2080 40 37 0 -1
2081 36 32 -1 0
2082 39 36 -1 0
2083 38 20 -1 0
2084 42 2 1 0
2085 42 37 0 -1
2086 20 5 0 1
2087 22 12 0 1
2088 38 7 1 0
2089 79 38 0 1
2090 1 6 0 1
2091 10 5 1 0
2092 43 22 0 1
2093 62 14 -1 0
2094 53 10 0 -1
2095 21 32 -1 0
2096 83 38 0 -1
2097 10 16 1 0
2098 30 35 1 0
2099 43 9 -1 0
2100 6 5 1 0
2101 43 30 0 -1
2102 3 33 0 1
2103 35 23 -1 0
2104 22 10 1 0
2105 35 12 0 -1
2106 22 38 1 0
2107 6 27 -1 0
2108 32 25 0 -1
2109 36 14 0 -1
2110 68 39 -1 0
2111 87 37 0 1
2112 75 3 -1 0
2113 36 12 -1 0
2114 22 20 0 -1
2115 13 26 0 1
2116 77 38 0 1
2117 38 15 -1 0
2118 4 7 -1 0
2119 5 23 -1 0
2120 29 10 0 -1
2121 36 21 0 -1
2122 30 25 1 0
2123 52 31 -1 0
2124 35 21 -1 0
2125 29 16 0 1
2126 93 11 0 -1
2127 42 17 -1 0
2128 31 26 0 -1
2129 36 38 0 1
2130 95 22 0 1
2131 2 29 0 -1
2132 39 13 0 1
2133 68 22 -1 0
2134 69 17 0 -1
2135 27 37 1 0
2136 32 26 0 -1
2137 85 38 -1 0
2138 30 25 -1 0
2139 30 38 0 1
2140 28 31 1 0
2141 26 10 0 -1
2142 40 18 -1 0
2143 29 32 1 0
2144 54 19 1 0
2145 37 27 1 0
2146 33 13 0 -1
2147 95 32 1 0
2148 23 38 0 1
2149 32 27 0 -1
2150 37 8 -1 0
2151 93 1 0 -1
2152 29 12 0 1
2153 3 32 1 0
2154 2 35 0 1
2155 35 17 0 1
2156 39 20 0 -1
2157 36 12 0 1
2158 14 15 0 1
2159 28 8 0 -1
2160 30 10 0 -1
2161 36 2 0 1
2162 45 39 0 1
2163 37 26 0 1
2164 41 17 0 -1
2165 11 16 0 1
2166 34 33 0 1
2167 45 1 -1 0
2168 3 10 -1 0
2169 56 34 0 1
2170 27 11 -1 0
2171 83 25 1 0
2172 54 13 -1 0
2173 72 33 1 0
2174 39 22 0 -1
2175 94 7 -1 0
2176 28 10 0 1
2177 49 2 -1 0
2178 42 18 -1 0
2179 27 2 0 1
2180 25 38 0 -1
2181 18 28 1 0
2182 42 23 1 0
2183 37 22 1 0
2184 24 1 1 0
2185 23 37 0 1
2186 86 11 0 -1
2187 6 30 -1 0
2188 60 39 0 1
2189 27 38 1 0
2190 62 10 0 -1
2191 31 12 0 1
2192 53 6 0 1
2193 97 21 -1 0
2194 43 17 0 1
2195 41 26 0 1
2196 28 0 0 1
2197 22 32 -1 0
2198 81 8 0 -1
2199 41 15 0 -1
2200 29 35 0 -1
2201 74 31 1 0
2202 29 35 0 1
2203 27 19 0 -1
2204 25 1 -1 0
2205 27 16 0 1
2206 38 13 -1 0
2207 44 32 0 1
2208 46 7 1 0
2209 40 31 0 1
2210 25 38 1 0
2211 17 2 1 0
2212 18 8 0 -1
2213 34 12 -1 0
2214 98 39 0 -1
2215 27 16 1 0
2216 24 39 1 0
2217 29 37 0 1
2218 32 15 0 -1
2219 68 3 1 0
2220 38 28 -1 0
2221 32 26 0 -1
2222 31 39 0 1
2223 97 14 1 0
2224 86 27 -1 0
2225 58 34 -1 0
2226 26 12 0 -1
2227 91 26 0 1
2228 68 39 0 -1
2229 30 16 1 0
2230 14 36 0 -1
2231 87 39 -1 0
2232 21 33 0 -1
2233 48 32 0 -1
2234 11 19 0 -1
2235 29 16 1 0
2236 27 19 -1 0
2237 29 12 0 -1
2238 28 27 -1 0
2239 23 39 0 -1
2240 16 20 1 0
2241 81 11 0 -1
2242 41 38 0 -1
2243 22 15 1 0
2244 41 34 0 -1
2245 37 11 1 0
2246 39 12 0 1
2247 26 14 -1 0
2248 24 36 1 0
2249 23 38 1 0
2250 42 16 -1 0
2251 27 4 1 0
2252 35 35 0 -1
2253 27 9 0 1
2254 38 24 -1 0
2255 25 33 0 1
2256 69 2 0 -1
2257 46 17 -1 0
2258 25 13 1 0
2259 51 15 -1 0
2260 16 9 0 -1
2261 98 3 -1 0
2262 41 37 0 -1
2263 74 13 0 -1
2264 18 11 0 1
2265 4 18 0 1
2266 30 0 0 1
2267 28 8 0 -1
2268 27 36 1 0
2269 30 34 1 0
2270 25 19 1 0
2271 37 34 1 0
2272 79 37 0 -1
2273 6 1 1 0
2274 85 39 -1 0
2275 27 29 1 0
2276 67 24 1 0
2277 28 0 0 -1
2278 16 38 0 -1
2279 6 22 0 -1
2280 37 33 0 1
2281 74 6 -1 0
2282 78 26 1 0
2283 96 0 1 0
2284 40 36 0 -1
2285 23 35 1 0
2286 37 18 0 1
2287 85 10 0 1
2288 19 31 1 0
2289 44 4 -1 0
2290 81 9 1 0
2291 23 21 -1 0
2292 87 26 0 1
2293 27 7 0 -1
2294 42 11 0 -1
2295 24 38 -1 0
2296 63 18 0 1
2297 92 20 -1 0
2298 25 33 0 1
2299 31 2 0 1
2300 20 31 -1 0
2301 20 16 -1 0
2302 41 30 -1 0
2303 0 30 1 0
2304 39 8 0 1
2305 44 21 0 1
2306 43 36 -1 0
2307 74 8 0 1
2308 27 13 0 -1
2309 60 23 0 -1
2310 61 5 0 -1
2311 13 1 0 -1
2312 45 38 0 -1
2313 54 23 0 -1
2314 39 17 -1 0
2315 25 34 1 0
2316 48 8 0 -1
2317 30 0 -1 0
2318 2 16 1 0
2319 65 19 0 -1
2320 96 34 1 0
2321 24 10 0 -1
2322 25 33 0 1
2323 16 1 -1 0
2324 43 13 0 -1
2325 8 5 1 0
2326 99 0 0 1
2327 29 10 0 -1
2328 42 8 0 -1
2329 28 8 -1 0
2330 30 19 0 1
2331 87 22 -1 0
2332 15 35 0 -1
2333 53 30 -1 0
2334 77 34 1 0
2335 25 19 1 0
2336 27 9 0 -1
2337 95 9 -1 0
2338 30 37 0 1
2339 48 35 0 1
2340 42 15 0 1
2341 22 39 1 0
2342 27 10 0 -1
2343 32 22 -1 0
2344 7 26 -1 0
2345 61 1 0 1
2346 97 18 1 0
2347 51 16 0 1
2348 43 39 -1 0
2349 28 39 -1 0
2350 37 34 -1 0
2351 48 31 0 -1
2352 19 36 0 -1
2353 30 36 1 0
2354 12 8 -1 0
2355 19 1 -1 0
2356 49 9 0 -1
2357 21 33 -1 0
2358 30 5 -1 0
2359 31 33 0 -1
2360 37 24 1 0
2361 39 0 0 -1
2362 66 6 0 1
2363 67 1 0 -1
2364 46 12 0 1
2365 49 14 0 1
2366 24 37 0 -1
2367 40 14 1 0
2368 57 26 -1 0
2369 55 24 1 0
2370 20 5 0 -1
2371 23 12 -1 0
2372 37 32 0 -1
2373 42 33 1 0
2374 37 29 0 -1
2375 37 20 0 -1
2376 12 35 0 -1
2377 28 18 1 0
2378 67 4 0 1
2379 96 23 0 1
2380 24 15 1 0
2381 23 9 -1 0
2382 40 25 -1 0
2383 92 31 0 -1
2384 28 29 -1 0
2385 40 31 0 1
2386 71 6 1 0
2387 44 35 -1 0
2388 11 24 -1 0
2389 42 5 -1 0
2390 20 6 0 -1
2391 22 34 -1 0
2392 36 20 1 0
2393 86 35 1 0
2394 57 26 0 -1
2395 22 27 -1 0
2396 28 28 0 1
2397 0 20 -1 0
2398 40 19 1 0
2399 7 2 -1 0
