0 26 7 1 0
1 19 11 0 -1
2 21 23 -1 0
3 38 21 -1 0
4 46 39 0 -1
5 48 39 -1 0
6 55 19 -1 0
7 1 20 0 1
8 46 9 1 0
9 56 3 -1 0
10 90 17 1 0
11 87 21 1 0
12 37 19 1 0
13 36 23 0 -1
14 9 2 1 0
15 39 25 0 1
16 24 17 -1 0
17 45 16 1 0
18 28 10 1 0
19 47 24 0 -1
20 42 2 -1 0
21 27 3 0 -1
22 42 10 0 1
23 20 5 1 0
24 38 7 1 0
25 20 19 -1 0
26 6 0 0 1
27 38 30 -1 0
28 30 39 1 0
29 38 20 0 -1
30 30 0 0 -1
31 18 7 0 1
32 37 6 1 0
33 45 13 0 1
34 23 2 1 0
35 41 10 -1 0
36 22 38 0 -1
37 44 25 -1 0
38 54 1 0 -1
39 41 18 -1 0
40 26 14 -1 0
41 72 33 1 0
42 28 24 0 1
43 50 22 1 0
44 41 3 1 0
45 92 39 1 0
46 44 9 -1 0
47 30 36 -1 0
48 14 29 0 1
49 98 4 -1 0
50 39 27 1 0
51 29 2 0 1
52 64 16 -1 0
53 24 29 1 0
54 13 34 -1 0
55 41 12 -1 0
56 71 26 0 -1
57 38 15 1 0
58 26 7 1 0
59 35 13 0 1
60 12 39 -1 0
61 15 35 -1 0
62 57 15 1 0
63 87 39 1 0
64 54 6 1 0
65 41 22 1 0
66 37 9 1 0
67 45 27 -1 0
68 25 14 0 -1
69 91 37 1 0
70 42 20 0 1
71 36 38 0 -1
72 40 2 -1 0
73 24 12 0 -1
74 36 23 0 -1
75 26 30 0 -1
76 37 39 -1 0
77 54 27 0 1
78 24 14 0 1
79 29 9 0 1
80 27 3 -1 0
81 58 35 1 0
82 20 10 -1 0
83 36 13 0 1
84 54 33 0 -1
85 23 23 0 1
86 42 19 0 -1
87 26 8 1 0
88 62 6 0 1
89 41 30 1 0
90 59 28 0 1
91 10 31 0 1
92 27 21 0 -1
93 18 36 1 0
94 12 23 1 0
95 81 23 -1 0
96 90 7 0 1
97 61 24 0 1
98 36 28 -1 0
99 27 34 1 0
100 30 25 0 -1
101 31 4 -1 0
102 35 15 0 1
103 97 19 -1 0
104 44 26 1 0
105 53 30 -1 0
106 30 13 1 0
107 55 29 1 0
108 3 33 -1 0
109 24 0 0 -1
110 15 21 0 1
111 36 13 -1 0
112 85 1 -1 0
113 39 3 0 1
114 5 26 0 -1
115 46 39 0 -1
116 26 11 0 1
117 76 26 1 0
118 29 6 -1 0
119 45 37 0 -1
120 32 1 -1 0
121 39 36 1 0
122 38 25 1 0
123 88 20 0 1
124 97 20 0 1
125 31 38 1 0
126 40 25 -1 0
127 31 25 0 1
128 81 39 -1 0
129 28 30 0 1
130 58 33 0 -1
131 16 20 0 -1
132 29 16 0 -1
133 25 15 -1 0
134 97 17 -1 0
135 17 26 0 1
136 0 28 1 0
137 27 35 -1 0
138 43 31 0 1
139 37 8 -1 0
140 43 7 -1 0
141 16 35 1 0
142 38 13 0 -1
143 16 15 -1 0
144 53 26 1 0
145 31 3 -1 0
146 11 9 1 0
147 24 31 1 0
148 41 27 -1 0
149 43 15 0 -1
150 17 12 0 1
151 41 18 -1 0
152 11 33 1 0
153 24 34 0 1
154 42 18 -1 0
155 82 20 0 -1
156 49 24 1 0
157 21 29 0 -1
158 96 10 -1 0
159 36 20 0 1
160 26 34 1 0
161 30 6 0 -1
162 74 38 -1 0
163 85 30 0 -1
164 35 16 0 1
165 10 30 1 0
166 52 38 0 1
167 11 23 1 0
168 91 9 -1 0
169 22 4 0 1
170 24 12 0 -1
171 38 5 0 -1
172 12 26 -1 0
173 12 26 1 0
174 84 1 0 1
175 35 3 0 -1
176 40 15 0 1
177 45 14 1 0
178 47 17 0 1
179 40 24 0 1
180 43 6 1 0
181 70 14 0 1
182 37 21 -1 0
183 32 2 -1 0
184 50 4 0 -1
185 39 2 0 1
186 84 38 1 0
187 27 13 1 0
188 99 10 -1 0
189 29 11 0 -1
190 87 15 -1 0
191 23 3 0 1
192 31 36 1 0
193 54 15 -1 0
194 41 16 0 1
195 25 9 0 1
196 18 24 0 1
197 18 35 -1 0
198 88 17 0 -1
199 6 0 -1 0
200 19 23 -1 0
201 26 35 -1 0
202 31 3 0 1
203 55 9 0 -1
204 30 0 1 0
205 26 7 0 1
206 19 14 0 1
207 23 6 1 0
208 42 10 0 1
209 1 4 1 0
210 40 27 -1 0
211 39 10 0 -1
212 70 24 0 1
213 59 23 0 -1
214 32 39 -1 0
215 96 24 0 1
216 52 13 0 -1
217 35 37 1 0
218 90 33 1 0
219 91 9 1 0
220 3 15 0 1
221 15 25 0 1
222 39 17 1 0
223 40 3 0 1
224 49 37 0 -1
225 1 22 0 -1
226 85 14 0 -1
227 31 8 0 -1
228 52 15 1 0
229 45 0 -1 0
230 54 4 -1 0
231 73 6 0 1
232 25 11 -1 0
233 30 8 -1 0
234 37 27 0 -1
235 29 8 1 0
236 21 34 0 1
237 35 3 -1 0
238 95 6 0 -1
239 40 11 0 -1
240 25 33 0 1
241 81 13 1 0
242 68 14 -1 0
243 39 4 1 0
244 41 6 0 1
245 50 8 -1 0
246 32 37 1 0
247 16 19 1 0
248 29 19 0 -1
249 60 4 -1 0
250 81 10 0 -1
251 40 26 -1 0
252 37 9 -1 0
253 24 34 -1 0
254 54 18 0 -1
255 32 1 0 1
256 56 32 1 0
257 45 13 0 1
258 39 19 0 -1
259 34 12 0 -1
260 36 26 1 0
261 29 0 1 0
262 27 24 -1 0
263 23 3 1 0
264 32 36 0 1
265 37 21 0 -1
266 39 12 1 0
267 62 19 1 0
268 92 23 0 -1
269 44 6 -1 0
270 75 23 1 0
271 40 18 0 -1
272 41 14 -1 0
273 5 0 1 0
274 64 24 0 -1
275 8 1 1 0
276 37 14 1 0
277 86 28 1 0
278 40 0 1 0
279 3 25 1 0
280 29 39 1 0
281 96 22 -1 0
282 55 36 0 -1
283 40 28 0 -1
284 30 8 -1 0
285 23 32 0 -1
286 86 22 -1 0
287 23 31 0 1
288 29 13 1 0
289 40 17 -1 0
290 25 25 -1 0
291 25 6 1 0
292 6 27 0 -1
293 24 19 -1 0
294 30 33 1 0
295 90 27 0 -1
296 31 10 -1 0
297 70 18 1 0
298 19 22 0 -1
299 23 12 0 -1
300 38 9 1 0
301 45 32 -1 0
302 28 26 0 -1
303 10 11 0 -1
304 8 14 0 -1
305 38 19 1 0
306 27 36 -1 0
307 39 30 0 -1
308 49 33 1 0
309 24 36 0 1
310 28 21 -1 0
311 44 13 0 -1
312 26 18 0 1
313 65 29 -1 0
314 6 5 -1 0
315 83 20 1 0
316 46 14 -1 0
317 92 18 0 1
318 40 33 0 -1
319 81 30 0 -1
320 51 32 1 0
321 72 10 -1 0
322 41 8 1 0
323 62 12 0 1
324 1 35 1 0
325 35 20 1 0
326 4 25 1 0
327 63 12 1 0
328 18 29 1 0
329 31 36 -1 0
330 21 34 0 1
331 63 2 1 0
332 34 27 1 0
333 63 16 0 1
334 35 19 -1 0
335 97 38 1 0
336 99 15 0 -1
337 18 17 1 0
338 23 9 0 1
339 70 33 0 1
340 39 32 1 0
341 29 34 0 1
342 55 21 0 -1
343 40 39 -1 0
344 26 34 -1 0
345 44 37 -1 0
346 40 13 -1 0
347 55 9 0 -1
348 40 19 1 0
349 22 13 1 0
350 38 27 -1 0
351 37 20 0 1
352 43 7 -1 0
353 11 4 0 -1
354 3 25 0 1
355 19 1 0 -1
356 31 29 -1 0
357 32 15 -1 0
358 40 19 0 -1
359 40 28 -1 0
360 42 25 -1 0
361 70 12 0 1
362 29 5 0 1
363 28 8 0 -1
364 1 26 0 -1
365 26 4 0 -1
366 53 25 0 1
367 63 17 0 -1
368 92 9 0 1
369 26 0 1 0
370 28 16 1 0
371 49 38 -1 0
372 38 32 -1 0
373 19 20 0 -1
374 31 26 0 1
375 8 2 -1 0
376 13 33 0 1
377 40 24 -1 0
378 36 6 -1 0
379 68 12 -1 0
380 43 10 0 1
381 48 4 -1 0
382 44 4 0 1
383 24 2 0 -1
384 19 37 -1 0
385 37 15 1 0
386 35 16 0 1
387 27 26 0 1
388 41 21 0 -1
389 38 15 0 -1
390 43 37 1 0
391 27 23 0 -1
392 36 19 0 -1
393 21 4 0 1
394 91 9 1 0
395 25 12 1 0
396 44 19 1 0
397 29 39 0 -1
398 94 10 1 0
399 22 16 0 1
400 55 7 -1 0
401 8 0 1 0
402 12 23 0 -1
403 44 14 0 -1
404 25 24 1 0
405 27 22 1 0
406 36 16 1 0
407 42 7 0 1
408 67 25 1 0
409 43 12 0 -1
410 49 28 1 0
411 44 19 1 0
412 18 1 1 0
413 72 0 0 1
414 41 9 -1 0
415 97 3 -1 0
416 0 12 -1 0
417 35 5 0 1
418 47 13 0 1
419 20 28 1 0
420 45 39 -1 0
421 73 31 1 0
422 68 17 0 1
423 49 36 0 -1
424 49 28 1 0
425 41 21 1 0
426 44 12 0 1
427 25 4 0 1
428 13 13 -1 0
429 40 29 -1 0
430 50 16 0 1
431 27 34 0 1
432 28 22 0 -1
433 45 14 1 0
434 26 2 0 -1
435 23 19 0 -1
436 28 14 1 0
437 28 5 1 0
438 14 8 0 -1
439 27 9 0 -1
440 97 22 0 -1
441 59 22 0 1
442 91 8 0 1
443 37 35 -1 0
444 8 39 0 1
445 27 8 1 0
446 92 6 -1 0
447 37 3 -1 0
448 25 34 0 -1
449 40 9 1 0
450 30 2 -1 0
451 43 36 0 -1
452 40 12 0 -1
453 31 9 0 -1
454 75 6 -1 0
455 2 27 0 -1
456 39 31 0 -1
457 5 7 1 0
458 86 29 -1 0
459 28 23 0 -1
460 81 9 0 -1
461 37 23 0 1
462 40 18 0 1
463 37 8 0 -1
464 25 34 -1 0
465 69 8 0 -1
466 19 23 0 -1
467 25 19 -1 0
468 26 38 0 -1
469 16 12 -1 0
470 65 36 -1 0
471 12 22 0 -1
472 23 16 0 1
473 28 35 1 0
474 49 17 0 -1
475 39 34 0 -1
476 30 8 -1 0
477 29 35 -1 0
478 37 32 0 1
479 9 6 -1 0
480 35 30 -1 0
481 37 23 -1 0
482 29 18 0 -1
483 48 30 1 0
484 40 21 0 -1
485 38 20 1 0
486 92 3 0 -1
487 31 32 1 0
488 5 26 1 0
489 36 4 1 0
490 39 20 0 -1
491 72 9 1 0
492 10 7 -1 0
493 39 33 -1 0
494 22 38 0 -1
495 31 39 0 -1
496 28 12 0 -1
497 65 36 0 1
498 29 8 1 0
499 21 12 0 -1
500 31 7 0 1
501 0 1 1 0
502 84 26 1 0
503 11 33 -1 0
504 5 12 1 0
505 45 4 -1 0
506 51 5 0 -1
507 94 26 0 1
508 39 12 -1 0
509 41 20 -1 0
510 94 16 -1 0
511 58 28 0 -1
512 80 11 -1 0
513 40 30 -1 0
514 41 16 0 1
515 9 20 0 1
516 38 3 0 1
517 44 7 0 -1
518 11 38 -1 0
519 38 14 1 0
520 26 29 0 1
521 46 17 0 -1
522 97 11 1 0
523 27 7 0 1
524 28 2 0 -1
525 27 39 -1 0
526 1 19 -1 0
527 40 12 -1 0
528 88 23 1 0
529 0 1 1 0
530 79 11 1 0
531 30 4 1 0
532 27 28 1 0
533 40 18 1 0
534 26 2 0 -1
535 24 38 1 0
536 43 7 0 -1
537 43 15 1 0
538 47 4 1 0
539 70 2 0 -1
540 26 36 0 -1
541 28 1 1 0
542 40 10 1 0
543 91 38 1 0
544 36 15 1 0
545 35 14 0 1
546 24 9 1 0
547 41 9 1 0
548 1 23 -1 0
549 39 29 -1 0
550 28 14 -1 0
551 44 12 -1 0
552 83 14 1 0
553 78 12 0 1
554 38 32 -1 0
555 10 39 -1 0
556 25 27 -1 0
557 36 18 0 -1
558 16 29 -1 0
559 64 38 0 1
560 19 18 0 1
561 38 6 0 -1
562 6 25 0 -1
563 20 35 1 0
564 20 29 0 -1
565 72 34 0 1
566 77 16 0 -1
567 5 4 0 -1
568 40 38 1 0
569 56 38 0 1
570 3 19 -1 0
571 44 1 -1 0
572 43 19 -1 0
573 22 36 1 0
574 17 8 1 0
575 35 2 -1 0
576 46 38 -1 0
577 42 22 -1 0
578 42 21 -1 0
579 25 10 0 1
580 39 8 0 1
581 39 13 0 1
582 26 19 1 0
583 16 10 -1 0
584 82 36 0 -1
585 17 6 1 0
586 29 14 1 0
587 26 11 -1 0
588 26 21 0 -1
589 50 13 -1 0
590 11 0 1 0
591 95 6 1 0
592 40 4 -1 0
593 87 30 0 1
594 45 2 0 1
595 25 9 0 1
596 48 11 -1 0
597 37 13 0 1
598 30 12 1 0
599 26 21 1 0
600 19 32 0 1
601 36 39 0 1
602 26 21 -1 0
603 94 9 0 1
604 29 16 -1 0
605 27 16 1 0
606 53 37 0 -1
607 89 36 0 -1
608 29 32 1 0
609 42 15 1 0
610 28 4 1 0
611 83 7 -1 0
612 36 25 -1 0
613 30 10 1 0
614 35 9 1 0
615 29 1 -1 0
616 67 10 0 1
617 32 2 0 -1
618 45 14 1 0
619 40 23 0 1
620 81 26 1 0
621 24 35 0 1
622 81 35 0 -1
623 38 13 -1 0
624 89 5 0 -1
625 38 8 -1 0
626 48 9 0 1
627 25 5 1 0
628 3 4 -1 0
629 63 4 1 0
630 31 15 1 0
631 38 27 0 -1
632 35 12 0 -1
633 42 10 0 1
634 76 6 1 0
635 10 35 1 0
636 32 37 1 0
637 27 18 1 0
638 47 22 0 1
639 31 1 1 0
640 44 29 0 1
641 25 8 -1 0
642 96 3 1 0
643 27 32 0 1
644 60 5 1 0
645 27 8 1 0
646 83 39 1 0
647 67 8 -1 0
648 5 31 -1 0
649 30 11 1 0
650 53 31 1 0
651 41 9 0 -1
652 30 13 -1 0
653 0 22 -1 0
654 15 22 0 1
655 39 14 1 0
656 31 27 0 -1
657 66 25 -1 0
658 50 9 0 -1
659 63 38 1 0
660 44 35 -1 0
661 23 34 1 0
662 37 26 -1 0
663 26 10 -1 0
664 89 4 0 -1
665 43 11 -1 0
666 34 36 0 -1
667 24 37 -1 0
668 50 37 -1 0
669 39 21 1 0
670 45 6 1 0
671 23 5 0 1
672 40 1 0 1
673 44 38 0 1
674 68 6 0 1
675 94 7 0 -1
676 22 16 1 0
677 43 29 0 -1
678 30 14 -1 0
679 39 39 0 1
680 96 35 -1 0
681 36 17 -1 0
682 82 19 0 -1
683 39 7 0 -1
684 17 4 -1 0
685 21 9 0 -1
686 13 33 1 0
687 35 21 1 0
688 35 14 0 1
689 35 12 0 1
690 31 17 1 0
691 28 28 1 0
692 97 2 0 1
693 33 9 1 0
694 93 33 1 0
695 38 18 0 1
696 25 39 0 -1
697 32 0 1 0
698 42 24 -1 0
699 30 1 0 1
700 37 13 0 1
701 42 14 0 -1
702 99 30 -1 0
703 37 8 0 -1
704 19 18 0 -1
705 13 36 1 0
706 28 24 1 0
707 26 36 1 0
708 1 33 0 1
709 25 18 1 0
710 43 9 0 -1
711 36 8 -1 0
712 38 12 0 1
713 57 22 -1 0
714 39 15 0 -1
715 86 18 -1 0
716 78 32 -1 0
717 42 3 -1 0
718 31 0 0 -1
719 14 1 1 0
720 17 3 -1 0
721 30 5 0 -1
722 27 0 0 -1
723 7 17 0 -1
724 99 13 0 -1
725 30 9 1 0
726 37 1 0 -1
727 18 11 1 0
728 6 26 -1 0
729 45 38 0 -1
730 25 21 0 -1
731 24 9 -1 0
732 78 4 0 -1
733 65 20 -1 0
734 9 22 0 1
735 1 8 0 -1
736 27 29 0 1
737 26 3 0 -1
738 13 25 0 1
739 96 39 0 -1
740 28 37 0 -1
741 18 8 1 0
742 75 12 -1 0
743 23 20 0 -1
744 40 14 0 1
745 30 10 0 -1
746 25 14 0 -1
747 28 14 0 -1
748 13 31 -1 0
749 17 24 0 -1
750 83 7 0 -1
751 25 2 -1 0
752 48 28 0 -1
753 29 10 0 -1
754 28 24 -1 0
755 13 1 0 1
756 48 35 -1 0
757 28 12 0 1
758 93 35 0 -1
759 12 33 0 1
760 97 10 0 1
761 27 13 1 0
762 28 38 -1 0
763 23 15 1 0
764 31 35 -1 0
765 44 11 1 0
766 40 11 0 1
767 64 38 -1 0
768 10 30 -1 0
769 39 37 -1 0
770 52 28 1 0
771 86 7 1 0
772 44 17 0 1
773 42 2 -1 0
774 6 20 -1 0
775 3 38 0 -1
776 45 18 0 -1
777 39 5 0 1
778 19 34 0 1
779 25 25 0 1
780 42 13 1 0
781 45 26 0 1
782 30 4 0 -1
783 64 5 1 0
784 23 5 1 0
785 32 39 0 -1
786 79 23 0 1
787 38 5 0 1
788 18 13 1 0
789 22 39 0 -1
790 21 22 0 -1
791 39 4 0 1
792 29 36 1 0
793 5 39 0 -1
794 18 7 0 -1
795 36 22 1 0
796 28 20 0 1
797 27 5 0 1
798 8 16 1 0
799 35 20 0 -1
800 96 22 -1 0
801 45 3 0 -1
802 59 34 -1 0
803 36 8 0 1
804 28 1 0 1
805 44 14 0 -1
806 39 1 0 1
807 37 14 0 -1
808 42 7 0 1
809 36 27 -1 0
810 78 15 1 0
811 25 38 -1 0
812 33 9 1 0
813 80 23 -1 0
814 4 14 1 0
815 39 7 1 0
816 30 37 0 -1
817 37 6 -1 0
818 71 20 1 0
819 81 15 1 0
820 24 37 1 0
821 97 0 -1 0
822 24 35 1 0
823 29 14 -1 0
824 37 5 0 1
825 14 35 1 0
826 95 31 1 0
827 29 9 0 -1
828 42 11 0 -1
829 22 0 1 0
830 37 4 0 1
831 28 7 1 0
832 26 36 -1 0
833 38 8 0 -1
834 43 13 0 -1
835 41 2 1 0
836 77 30 1 0
837 36 9 0 -1
838 16 7 1 0
839 29 5 0 1
840 26 31 1 0
841 91 38 0 -1
842 42 13 0 -1
843 15 23 0 1
844 53 2 -1 0
845 36 14 -1 0
846 35 27 0 -1
847 39 26 1 0
848 69 9 0 1
849 8 7 -1 0
850 31 26 1 0
851 28 39 -1 0
852 46 14 -1 0
853 44 17 0 1
854 49 30 1 0
855 94 5 1 0
856 44 5 -1 0
857 86 39 1 0
858 57 23 0 -1
859 41 5 0 1
860 27 37 -1 0
861 30 38 -1 0
862 31 1 1 0
863 35 17 -1 0
864 24 8 -1 0
865 31 28 0 1
866 36 1 -1 0
867 38 6 0 -1
868 35 17 0 1
869 27 22 1 0
870 39 18 1 0
871 40 28 -1 0
872 82 37 0 1
873 71 27 -1 0
874 25 36 0 -1
875 35 15 0 -1
876 8 38 0 -1
877 1 19 0 -1
878 35 21 0 -1
879 80 20 1 0
880 4 9 1 0
881 28 38 -1 0
882 44 23 -1 0
883 56 27 -1 0
884 1 23 1 0
885 19 0 1 0
886 97 28 0 1
887 97 6 0 1
888 7 33 -1 0
889 70 39 1 0
890 95 6 1 0
891 31 27 0 -1
892 82 19 1 0
893 4 11 0 1
894 40 6 0 1
895 25 26 1 0
896 78 23 0 1
897 11 3 0 -1
898 26 35 0 1
899 36 18 -1 0
900 0 8 0 -1
901 31 6 0 1
902 12 6 0 1
903 27 2 -1 0
904 31 1 -1 0
905 9 35 -1 0
906 3 13 1 0
907 12 37 0 1
908 32 39 0 -1
909 30 37 0 1
910 30 6 0 1
911 24 15 1 0
912 89 13 0 -1
913 52 32 1 0
914 41 2 0 1
915 29 8 0 -1
916 86 30 0 -1
917 50 14 1 0
918 10 19 -1 0
919 12 4 0 -1
920 27 8 -1 0
921 41 25 -1 0
922 24 12 0 1
923 35 34 1 0
924 24 32 -1 0
925 42 9 1 0
926 87 19 0 1
927 91 36 -1 0
928 27 1 0 1
929 91 18 1 0
930 73 5 -1 0
931 26 20 1 0
932 39 5 0 -1
933 47 0 0 -1
934 32 6 1 0
935 12 7 0 -1
936 98 24 0 -1
937 21 23 0 1
938 74 37 0 1
939 19 10 -1 0
940 49 39 1 0
941 29 3 0 -1
942 30 5 1 0
943 27 16 0 -1
944 97 21 1 0
945 47 26 0 -1
946 26 37 0 -1
947 27 38 0 -1
948 18 7 -1 0
949 14 18 0 -1
950 8 11 0 -1
951 23 2 0 1
952 23 21 0 1
953 25 33 0 1
954 43 5 0 -1
955 40 29 0 -1
956 80 1 -1 0
957 43 19 -1 0
958 59 32 -1 0
959 29 34 1 0
960 47 13 -1 0
961 61 0 0 1
962 31 39 1 0
963 44 15 -1 0
964 43 12 1 0
965 36 15 -1 0
966 6 12 0 1
967 27 25 -1 0
968 57 4 1 0
969 92 24 -1 0
970 29 15 -1 0
971 8 24 1 0
972 8 4 0 -1
973 39 25 -1 0
974 57 20 -1 0
975 39 4 0 1
976 88 3 0 1
977 49 14 0 1
978 0 39 1 0
979 81 38 1 0
980 11 12 -1 0
981 21 17 0 -1
982 40 20 0 -1
983 64 29 1 0
984 40 9 0 1
985 78 25 -1 0
986 68 15 0 -1
987 37 25 -1 0
988 31 5 -1 0
989 37 4 0 1
990 27 24 1 0
991 27 2 -1 0
992 17 9 0 1
993 32 28 0 -1
994 35 18 -1 0
995 16 5 0 -1
996 18 4 1 0
997 43 2 0 -1
998 27 36 -1 0
999 55 6 0 1
1000 37 24 0 1
1001 28 2 1 0
1002 40 4 -1 0
1003 6 16 0 -1
1004 39 18 -1 0
1005 43 11 1 0
1006 39 24 0 1
1007 39 28 0 -1
1008 37 13 1 0
1009 47 33 0 -1
1010 48 34 0 -1
1011 88 22 0 1
1012 42 32 0 -1
1013 44 1 1 0
1014 30 7 1 0
1015 28 3 0 -1
1016 78 28 -1 0
1017 27 12 0 1
1018 62 32 1 0
1019 9 2 -1 0
1020 24 38 1 0
1021 1 14 0 1
1022 1 39 1 0
1023 41 5 0 1
1024 53 14 0 1
1025 28 6 0 1
1026 38 16 0 -1
1027 30 38 -1 0
1028 40 9 1 0
1029 5 19 0 1
1030 83 26 0 1
1031 30 19 1 0
1032 41 18 0 1
1033 42 19 0 -1
1034 30 3 1 0
1035 95 2 0 1
1036 14 38 -1 0
1037 29 31 0 1
1038 30 3 0 1
1039 7 10 1 0
1040 22 38 1 0
1041 12 29 0 -1
1042 38 4 0 -1
1043 30 33 1 0
1044 42 3 -1 0
1045 8 21 0 -1
1046 28 27 0 1
1047 79 30 1 0
1048 41 10 1 0
1049 10 7 0 -1
1050 3 11 -1 0
1051 26 1 1 0
1052 4 0 0 -1
1053 11 11 1 0
1054 31 23 -1 0
1055 40 34 0 1
1056 29 15 0 1
1057 47 10 0 -1
1058 27 36 1 0
1059 12 27 0 -1
1060 23 13 -1 0
1061 15 18 1 0
1062 35 20 1 0
1063 35 14 0 1
1064 40 7 -1 0
1065 44 34 0 -1
1066 26 24 0 1
1067 40 26 1 0
1068 31 9 0 -1
1069 27 26 0 -1
1070 89 13 1 0
1071 99 5 0 -1
1072 42 2 0 1
1073 28 4 1 0
1074 44 13 0 1
1075 76 14 1 0
1076 44 6 -1 0
1077 42 33 1 0
1078 50 3 0 -1
1079 7 35 0 -1
1080 46 13 0 1
1081 25 10 0 1
1082 53 26 -1 0
1083 42 7 0 1
1084 43 22 -1 0
1085 82 4 0 -1
1086 25 12 0 1
1087 24 11 0 1
1088 36 3 1 0
1089 30 30 1 0
1090 95 19 0 1
1091 41 32 -1 0
1092 22 24 -1 0
1093 33 1 0 -1
1094 56 36 -1 0
1095 40 4 0 1
1096 30 9 0 -1
1097 46 9 -1 0
1098 37 16 1 0
1099 36 9 0 1
1100 39 26 1 0
1101 24 4 0 1
1102 21 33 1 0
1103 35 19 0 -1
1104 32 13 0 1
1105 9 37 -1 0
1106 54 3 0 1
1107 28 9 -1 0
1108 19 21 0 -1
1109 26 8 0 -1
1110 30 36 -1 0
1111 64 9 1 0
1112 29 36 0 1
1113 54 32 0 1
1114 50 15 0 -1
1115 23 35 0 -1
1116 43 5 -1 0
1117 37 32 1 0
1118 44 16 0 -1
1119 5 6 1 0
1120 40 30 0 -1
1121 47 14 -1 0
1122 25 34 0 1
1123 42 5 -1 0
1124 50 30 0 -1
1125 60 0 0 1
1126 18 39 0 -1
1127 30 35 -1 0
1128 18 2 0 1
1129 86 30 -1 0
1130 9 1 1 0
1131 12 36 1 0
1132 19 20 0 1
1133 88 24 1 0
1134 11 3 1 0
1135 86 19 1 0
1136 97 37 1 0
1137 2 33 0 -1
1138 95 20 0 1
1139 32 37 0 -1
1140 45 28 1 0
1141 38 8 0 -1
1142 43 35 0 -1
1143 98 35 1 0
1144 25 37 1 0
1145 31 8 1 0
1146 0 31 1 0
1147 24 17 0 -1
1148 27 35 0 -1
1149 19 6 0 1
1150 38 12 0 -1
1151 37 2 1 0
1152 15 6 1 0
1153 42 21 -1 0
1154 48 3 0 1
1155 29 12 1 0
1156 37 5 0 1
1157 94 23 1 0
1158 59 30 -1 0
1159 28 36 0 -1
1160 88 5 0 -1
1161 22 3 0 1
1162 40 27 -1 0
1163 15 25 0 -1
1164 48 26 0 -1
1165 30 36 0 1
1166 39 15 0 -1
1167 65 11 -1 0
1168 40 7 1 0
1169 36 18 -1 0
1170 42 30 0 1
1171 40 6 1 0
1172 27 16 1 0
1173 65 30 0 1
1174 86 8 0 1
1175 81 8 -1 0
1176 63 26 0 -1
1177 91 34 1 0
1178 41 24 -1 0
1179 29 9 0 -1
1180 14 34 0 -1
1181 39 7 -1 0
1182 24 22 1 0
1183 40 8 1 0
1184 88 36 0 1
1185 42 5 1 0
1186 28 7 0 -1
1187 37 16 0 1
1188 36 19 1 0
1189 49 2 -1 0
1190 89 37 -1 0
1191 17 13 0 -1
1192 37 31 0 1
1193 42 5 0 1
1194 64 21 1 0
1195 28 39 0 -1
1196 44 19 -1 0
1197 52 7 0 1
1198 96 8 -1 0
1199 47 30 0 -1
1200 93 14 -1 0
1201 20 1 0 -1
1202 7 2 0 1
1203 68 34 -1 0
1204 11 35 -1 0
1205 87 35 1 0
1206 42 18 0 1
1207 20 31 1 0
1208 31 37 -1 0
1209 98 17 0 1
1210 29 2 0 1
1211 29 11 -1 0
1212 38 16 0 -1
1213 32 38 1 0
1214 1 38 -1 0
1215 35 18 0 1
1216 27 17 0 -1
1217 9 4 0 -1
1218 41 12 0 -1
1219 28 25 0 -1
1220 95 37 0 -1
1221 4 13 0 -1
1222 76 29 -1 0
1223 30 1 1 0
1224 19 6 1 0
1225 44 26 0 -1
1226 37 28 0 -1
1227 41 23 1 0
1228 81 29 1 0
1229 46 6 -1 0
1230 29 0 0 -1
1231 40 7 0 1
1232 25 13 1 0
1233 35 15 0 1
1234 25 35 0 1
1235 39 39 -1 0
1236 42 9 0 -1
1237 61 0 0 -1
1238 29 38 1 0
1239 38 19 1 0
1240 87 4 0 -1
1241 38 26 1 0
1242 19 33 1 0
1243 49 36 0 -1
1244 39 30 0 -1
1245 31 34 0 1
1246 42 4 0 -1
1247 24 3 0 -1
1248 17 0 0 -1
1249 26 3 1 0
1250 92 5 0 1
1251 1 36 -1 0
1252 45 36 -1 0
1253 19 2 -1 0
1254 39 22 0 -1
1255 38 23 0 1
1256 38 23 -1 0
1257 40 31 0 -1
1258 37 19 0 1
1259 41 25 0 -1
1260 83 36 1 0
1261 51 29 1 0
1262 41 4 -1 0
1263 88 20 -1 0
1264 39 11 0 -1
1265 95 29 1 0
1266 32 8 0 -1
1267 26 37 1 0
1268 0 28 -1 0
1269 28 3 1 0
1270 39 10 0 -1
1271 48 38 0 1
1272 25 10 0 1
1273 19 35 0 -1
1274 51 14 0 -1
1275 39 23 0 1
1276 44 5 0 -1
1277 96 24 -1 0
1278 41 37 -1 0
1279 71 21 0 1
1280 38 21 0 -1
1281 37 12 0 1
1282 44 10 0 -1
1283 28 33 -1 0
1284 24 8 1 0
1285 21 13 1 0
1286 39 23 0 1
1287 44 4 -1 0
1288 40 16 0 -1
1289 98 23 -1 0
1290 39 30 1 0
1291 27 0 -1 0
1292 95 16 0 1
1293 41 32 -1 0
1294 35 31 -1 0
1295 49 1 1 0
1296 17 30 0 -1
1297 24 20 0 1
1298 30 4 0 1
1299 42 27 0 -1
1300 23 7 1 0
1301 93 13 0 -1
1302 42 22 0 -1
1303 65 14 0 -1
1304 0 0 0 1
1305 63 20 0 -1
1306 43 10 1 0
1307 8 22 0 1
1308 37 28 0 -1
1309 64 22 0 -1
1310 36 22 -1 0
1311 93 14 -1 0
1312 36 21 1 0
1313 32 2 0 -1
1314 38 30 1 0
1315 16 5 0 1
1316 16 27 -1 0
1317 27 0 0 -1
1318 35 16 0 1
1319 31 8 0 -1
1320 41 3 1 0
1321 1 21 1 0
1322 52 1 0 -1
1323 8 24 1 0
1324 39 9 1 0
1325 23 39 0 -1
1326 29 34 1 0
1327 44 26 0 1
1328 36 24 0 1
1329 43 14 0 1
1330 31 0 1 0
1331 16 28 0 -1
1332 41 38 0 1
1333 80 28 -1 0
1334 46 24 0 1
1335 35 13 0 -1
1336 16 3 0 -1
1337 35 33 -1 0
1338 24 22 -1 0
1339 88 6 0 -1
1340 4 21 0 -1
1341 6 8 0 -1
1342 30 7 1 0
1343 7 10 -1 0
1344 39 3 1 0
1345 31 38 1 0
1346 26 2 0 -1
1347 25 11 1 0
1348 44 9 0 -1
1349 25 37 0 -1
1350 25 35 1 0
1351 39 8 -1 0
1352 70 36 0 1
1353 42 8 0 1
1354 26 39 0 1
1355 91 14 0 1
1356 77 3 0 -1
1357 10 23 0 -1
1358 0 37 1 0
1359 23 34 0 -1
1360 89 2 -1 0
1361 41 11 -1 0
1362 25 5 0 -1
1363 6 9 1 0
1364 25 36 0 1
1365 39 29 0 -1
1366 20 25 0 1
1367 28 16 -1 0
1368 28 37 0 -1
1369 5 20 0 1
1370 14 18 0 1
1371 39 1 1 0
1372 25 38 0 -1
1373 54 7 0 1
1374 83 33 1 0
1375 9 10 0 1
1376 37 21 -1 0
1377 24 39 -1 0
1378 0 25 1 0
1379 42 16 1 0
1380 13 21 1 0
1381 43 14 0 -1
1382 39 14 0 -1
1383 43 4 0 1
1384 15 26 1 0
1385 58 33 -1 0
1386 37 17 0 -1
1387 80 8 0 1
1388 20 30 0 1
1389 38 11 -1 0
1390 22 13 0 -1
1391 28 6 0 1
1392 81 35 0 -1
1393 84 27 -1 0
1394 22 6 0 1
1395 41 11 0 1
1396 27 15 -1 0
1397 26 38 0 -1
1398 40 5 0 1
1399 99 39 0 -1
1400 21 3 1 0
1401 77 36 1 0
1402 40 24 1 0
1403 27 33 0 1
1404 43 9 0 1
1405 15 38 -1 0
1406 4 1 0 -1
1407 38 3 -1 0
1408 40 27 0 1
1409 20 34 0 1
1410 30 20 -1 0
1411 16 20 0 1
1412 28 9 -1 0
1413 49 16 1 0
1414 28 11 0 -1
1415 31 4 -1 0
1416 28 8 0 -1
1417 26 9 0 -1
1418 51 17 0 -1
1419 24 9 0 1
1420 41 4 0 1
1421 31 23 0 1
1422 3 36 1 0
1423 37 24 0 1
1424 27 6 0 1
1425 29 5 0 1
1426 29 4 -1 0
1427 99 20 0 -1
1428 46 14 -1 0
1429 18 37 -1 0
1430 87 17 0 -1
1431 31 5 0 -1
1432 42 22 0 -1
1433 37 18 0 1
1434 41 6 -1 0
1435 29 37 -1 0
1436 35 13 1 0
1437 38 7 0 -1
1438 39 5 0 1
1439 35 18 0 1
1440 37 18 0 -1
1441 92 1 0 -1
1442 48 29 1 0
1443 80 33 1 0
1444 94 3 0 1
1445 61 27 0 -1
1446 24 16 1 0
1447 26 11 1 0
1448 44 6 1 0
1449 62 12 0 1
1450 49 25 1 0
1451 44 24 0 1
1452 26 37 -1 0
1453 67 5 1 0
1454 43 3 0 1
1455 18 4 0 -1
1456 9 14 0 -1
1457 36 14 -1 0
1458 31 35 0 1
1459 22 12 0 1
1460 31 22 -1 0
1461 16 26 0 -1
1462 29 27 0 1
1463 29 7 1 0
1464 25 9 1 0
1465 95 32 1 0
1466 27 19 0 1
1467 45 35 -1 0
1468 37 36 1 0
1469 27 15 0 1
1470 38 11 -1 0
1471 26 19 0 -1
1472 73 35 0 1
1473 40 25 -1 0
1474 29 33 0 1
1475 42 3 0 -1
1476 94 27 0 -1
1477 50 27 -1 0
1478 29 1 -1 0
1479 36 0 -1 0
1480 76 28 0 1
1481 35 25 0 1
1482 31 2 -1 0
1483 92 5 0 -1
1484 38 29 0 -1
1485 28 12 0 -1
1486 8 16 -1 0
1487 53 6 0 -1
1488 19 9 0 1
1489 29 25 1 0
1490 47 4 1 0
1491 39 9 -1 0
1492 96 10 0 -1
1493 48 5 0 -1
1494 88 37 0 -1
1495 32 3 -1 0
1496 96 33 0 -1
1497 59 33 -1 0
1498 9 4 -1 0
1499 23 13 1 0
1500 45 37 1 0
1501 61 3 -1 0
1502 39 6 -1 0
1503 36 39 0 1
1504 41 8 0 1
1505 85 34 1 0
1506 5 21 0 -1
1507 98 9 0 1
1508 35 17 0 1
1509 25 15 1 0
1510 23 30 -1 0
1511 25 8 -1 0
1512 90 21 0 1
1513 41 19 1 0
1514 39 21 0 1
1515 15 21 0 -1
1516 29 1 0 -1
1517 42 20 -1 0
1518 29 10 0 1
1519 38 19 0 1
1520 95 35 -1 0
1521 86 6 1 0
1522 28 22 1 0
1523 19 14 1 0
1524 27 7 0 1
1525 29 6 1 0
1526 17 18 0 1
1527 43 37 -1 0
1528 37 7 0 -1
1529 25 20 0 1
1530 86 33 0 1
1531 13 29 -1 0
1532 23 7 0 1
1533 19 22 1 0
1534 15 15 1 0
1535 37 25 0 1
1536 26 9 1 0
1537 38 27 1 0
1538 19 39 0 -1
1539 39 14 -1 0
1540 98 35 1 0
1541 18 9 -1 0
1542 38 14 0 1
1543 44 10 0 -1
1544 53 22 0 -1
1545 28 13 -1 0
1546 41 28 -1 0
1547 6 0 1 0
1548 43 13 -1 0
1549 15 17 1 0
1550 42 18 0 1
1551 41 19 -1 0
1552 43 12 0 -1
1553 38 21 -1 0
1554 43 10 0 1
1555 25 23 -1 0
1556 25 7 -1 0
1557 44 8 1 0
1558 36 17 0 1
1559 25 11 1 0
1560 7 26 1 0
1561 86 13 1 0
1562 0 25 0 1
1563 91 8 -1 0
1564 25 36 -1 0
1565 31 34 0 1
1566 88 39 1 0
1567 59 27 0 1
1568 39 28 1 0
1569 17 6 0 -1
1570 30 39 -1 0
1571 26 10 0 -1
1572 91 26 -1 0
1573 83 13 -1 0
1574 57 34 0 -1
1575 82 24 0 1
1576 28 9 0 1
1577 78 16 -1 0
1578 31 7 1 0
1579 14 6 1 0
1580 16 9 1 0
1581 47 2 1 0
1582 25 26 0 1
1583 56 4 -1 0
1584 15 17 -1 0
1585 62 38 -1 0
1586 15 31 0 1
1587 25 26 0 -1
1588 27 30 1 0
1589 39 19 1 0
1590 53 20 0 1
1591 92 38 0 1
1592 28 23 0 1
1593 49 38 1 0
1594 22 8 1 0
1595 29 22 1 0
1596 24 25 0 -1
1597 70 15 0 1
1598 72 34 1 0
1599 9 27 0 1
1600 61 24 -1 0
1601 32 25 1 0
1602 17 3 -1 0
1603 41 6 1 0
1604 27 19 0 -1
1605 32 31 1 0
1606 29 36 -1 0
1607 75 1 0 1
1608 80 39 0 -1
1609 31 39 0 1
1610 49 0 1 0
1611 24 36 0 1
1612 8 28 -1 0
1613 26 0 -1 0
1614 21 19 0 -1
1615 96 27 0 -1
1616 13 31 1 0
1617 99 32 -1 0
1618 42 16 -1 0
1619 88 16 -1 0
1620 26 20 0 -1
1621 28 3 0 -1
1622 27 20 0 -1
1623 99 37 0 1
1624 51 2 0 1
1625 23 33 -1 0
1626 88 13 -1 0
1627 27 6 0 1
1628 37 26 1 0
1629 40 20 0 -1
1630 41 15 0 1
1631 28 21 0 1
1632 31 5 0 -1
1633 32 38 0 -1
1634 86 22 1 0
1635 27 37 0 1
1636 38 29 1 0
1637 74 38 1 0
1638 36 21 -1 0
1639 23 37 1 0
1640 31 4 0 -1
1641 55 24 0 -1
1642 78 21 0 1
1643 65 39 0 1
1644 45 21 1 0
1645 43 9 0 1
1646 27 22 -1 0
1647 73 18 0 -1
1648 53 32 -1 0
1649 26 24 -1 0
1650 37 34 -1 0
1651 73 22 -1 0
1652 83 16 0 1
1653 25 2 1 0
1654 28 37 0 -1
1655 39 19 -1 0
1656 60 32 1 0
1657 21 4 0 -1
1658 36 16 1 0
1659 40 31 0 -1
1660 41 21 0 -1
1661 69 27 0 -1
1662 26 1 -1 0
1663 29 35 1 0
1664 25 5 0 1
1665 52 34 0 -1
1666 28 15 1 0
1667 86 13 -1 0
1668 27 2 1 0
1669 30 6 -1 0
1670 69 32 -1 0
1671 26 3 0 -1
1672 26 14 -1 0
1673 36 22 0 -1
1674 45 12 -1 0
1675 25 25 1 0
1676 39 11 0 -1
1677 15 37 1 0
1678 83 35 0 -1
1679 14 31 1 0
1680 19 25 1 0
1681 24 38 1 0
1682 43 3 -1 0
1683 90 0 1 0
1684 11 12 1 0
1685 43 2 -1 0
1686 25 39 -1 0
1687 44 35 -1 0
1688 6 23 1 0
1689 41 4 0 1
1690 36 21 1 0
1691 84 8 0 -1
1692 31 38 0 -1
1693 52 2 0 -1
1694 13 12 1 0
1695 8 17 0 1
1696 36 31 -1 0
1697 21 18 0 1
1698 31 6 -1 0
1699 44 14 -1 0
1700 5 26 1 0
1701 41 24 -1 0
1702 38 25 -1 0
1703 46 15 0 -1
1704 30 0 0 -1
1705 24 11 1 0
1706 17 22 1 0
1707 23 36 0 1
1708 22 14 0 1
1709 43 29 0 -1
1710 60 18 0 -1
1711 94 5 0 1
1712 46 2 -1 0
1713 29 35 -1 0
1714 6 31 0 1
1715 42 16 1 0
1716 26 0 1 0
1717 26 8 0 1
1718 38 7 0 1
1719 25 12 0 -1
1720 32 38 -1 0
1721 93 25 0 1
1722 22 32 1 0
1723 38 25 0 1
1724 42 21 -1 0
1725 77 30 0 -1
1726 15 33 0 1
1727 45 2 0 -1
1728 40 21 0 -1
1729 81 31 0 -1
1730 14 28 0 1
1731 27 20 0 1
1732 78 38 0 -1
1733 29 10 1 0
1734 61 36 0 1
1735 37 7 0 1
1736 66 29 1 0
1737 81 23 -1 0
1738 99 5 1 0
1739 37 20 -1 0
1740 14 39 0 -1
1741 17 19 0 1
1742 39 21 -1 0
1743 6 14 0 -1
1744 99 35 0 -1
1745 27 9 0 -1
1746 31 37 1 0
1747 44 5 -1 0
1748 6 27 1 0
1749 7 26 0 1
1750 43 1 1 0
1751 63 7 0 1
1752 75 23 0 -1
1753 58 9 1 0
1754 51 36 1 0
1755 15 13 -1 0
1756 79 22 0 -1
1757 26 16 1 0
1758 25 37 0 1
1759 24 28 1 0
1760 27 37 -1 0
1761 88 10 1 0
1762 88 22 1 0
1763 42 6 -1 0
1764 37 5 -1 0
1765 23 12 0 -1
1766 21 7 -1 0
1767 22 36 0 -1
1768 23 20 0 -1
1769 35 19 1 0
1770 14 4 -1 0
1771 19 13 1 0
1772 26 25 1 0
1773 32 0 0 -1
1774 28 7 0 1
1775 31 9 1 0
1776 12 15 0 -1
1777 24 1 1 0
1778 41 11 0 -1
1779 32 3 0 -1
1780 2 5 1 0
1781 44 7 0 -1
1782 43 8 0 -1
1783 6 15 1 0
1784 86 6 0 1
1785 30 39 0 -1
1786 31 2 0 -1
1787 36 19 -1 0
1788 2 35 -1 0
1789 78 19 1 0
1790 40 29 0 -1
1791 25 15 1 0
1792 83 14 0 1
1793 36 24 0 -1
1794 39 13 1 0
1795 65 7 1 0
1796 38 28 0 1
1797 29 37 0 -1
1798 53 21 0 -1
1799 41 2 0 1
1800 45 7 0 1
1801 90 1 -1 0
1802 0 9 1 0
1803 79 32 0 -1
1804 36 20 1 0
1805 44 7 0 -1
1806 28 26 0 1
1807 37 35 -1 0
1808 23 39 0 1
1809 9 38 1 0
1810 40 20 0 -1
1811 28 5 1 0
1812 60 15 -1 0
1813 30 19 1 0
1814 40 11 -1 0
1815 41 10 -1 0
1816 3 31 0 1
1817 70 12 0 -1
1818 88 38 -1 0
1819 7 32 0 1
1820 43 4 0 1
1821 24 36 0 1
1822 45 23 0 1
1823 1 11 -1 0
1824 43 19 0 -1
1825 40 6 0 1
1826 45 3 0 -1
1827 37 23 0 -1
1828 36 17 1 0
1829 30 18 0 -1
1830 27 34 0 -1
1831 38 23 -1 0
1832 47 27 0 1
1833 23 10 1 0
1834 46 29 -1 0
1835 44 11 -1 0
1836 28 17 1 0
1837 93 36 -1 0
1838 26 15 0 1
1839 21 3 -1 0
1840 20 23 0 -1
1841 12 33 0 1
1842 32 0 -1 0
1843 93 25 0 1
1844 27 18 -1 0
1845 24 10 0 1
1846 89 0 1 0
1847 17 33 1 0
1848 24 8 0 -1
1849 62 23 -1 0
1850 12 17 -1 0
1851 32 30 1 0
1852 23 4 0 1
1853 45 31 -1 0
1854 37 17 0 1
1855 8 6 0 1
1856 60 13 0 1
1857 18 24 0 1
1858 99 11 1 0
1859 27 21 0 1
1860 30 38 0 -1
1861 26 1 1 0
1862 41 19 -1 0
1863 25 19 1 0
1864 86 19 -1 0
1865 31 0 0 1
1866 37 2 -1 0
1867 84 31 -1 0
1868 52 14 -1 0
1869 11 33 0 -1
1870 12 8 1 0
1871 29 16 0 1
1872 28 11 -1 0
1873 68 16 -1 0
1874 27 31 1 0
1875 61 28 0 1
1876 76 34 1 0
1877 82 32 1 0
1878 27 7 1 0
1879 22 3 -1 0
1880 44 28 -1 0
1881 42 8 0 1
1882 34 24 -1 0
1883 45 22 0 -1
1884 52 13 0 -1
1885 37 27 0 -1
1886 37 15 0 1
1887 25 0 1 0
1888 38 34 0 1
1889 55 38 0 -1
1890 1 25 0 -1
1891 42 0 -1 0
1892 58 3 1 0
1893 39 27 0 1
1894 23 37 1 0
1895 38 13 1 0
1896 2 6 -1 0
1897 26 14 0 1
1898 26 17 0 -1
1899 42 12 0 -1
1900 27 1 0 1
1901 8 21 -1 0
1902 30 32 1 0
1903 28 36 -1 0
1904 16 26 0 1
1905 83 10 1 0
1906 81 28 0 1
1907 8 29 0 1
1908 42 14 1 0
1909 42 11 -1 0
1910 27 6 0 1
1911 8 3 0 1
1912 96 35 1 0
1913 23 39 0 -1
1914 50 9 1 0
1915 7 11 0 1
1916 81 28 0 1
1917 38 9 1 0
1918 38 26 1 0
1919 40 8 -1 0
1920 48 38 0 -1
1921 1 18 -1 0
1922 18 3 0 -1
1923 47 1 -1 0
1924 38 12 1 0
1925 95 13 0 -1
1926 16 37 0 -1
1927 51 15 0 -1
1928 37 20 -1 0
1929 59 14 1 0
1930 30 2 0 1
1931 43 5 0 -1
1932 41 13 0 -1
1933 28 36 1 0
1934 41 31 0 -1
1935 40 10 0 -1
1936 22 11 0 1
1937 17 9 1 0
1938 33 0 -1 0
1939 40 17 1 0
1940 26 39 0 1
1941 24 15 -1 0
1942 27 10 -1 0
1943 53 6 -1 0
1944 24 10 0 -1
1945 14 10 -1 0
1946 37 15 -1 0
1947 39 13 1 0
1948 38 14 1 0
1949 3 0 -1 0
1950 28 1 0 1
1951 29 3 -1 0
1952 5 1 0 -1
1953 28 35 0 1
1954 59 30 0 -1
1955 27 19 0 -1
1956 43 4 0 1
1957 46 31 0 1
1958 2 30 1 0
1959 70 37 0 1
1960 17 33 1 0
1961 19 12 1 0
1962 34 10 0 1
1963 42 14 0 -1
1964 80 32 0 1
1965 31 13 0 1
1966 39 11 1 0
1967 30 35 0 1
1968 99 0 -1 0
1969 39 12 1 0
1970 19 4 -1 0
1971 41 15 -1 0
1972 30 5 -1 0
1973 48 36 1 0
1974 70 17 1 0
1975 48 4 -1 0
1976 11 36 1 0
1977 43 23 0 -1
1978 42 11 1 0
1979 40 19 1 0
1980 8 2 -1 0
1981 37 1 0 1
1982 54 11 0 1
1983 26 15 0 1
1984 43 34 1 0
1985 28 8 0 1
1986 64 7 0 -1
1987 44 15 1 0
1988 23 11 -1 0
1989 11 35 -1 0
1990 6 15 0 1
1991 29 33 1 0
1992 86 12 0 -1
1993 29 6 0 1
1994 99 30 1 0
1995 13 25 0 1
1996 26 24 1 0
1997 28 33 0 1
1998 51 22 0 -1
1999 27 21 1 0
2000 42 19 0 -1
2001 42 9 0 1
2002 81 12 1 0
2003 24 19 1 0
2004 38 1 0 1
2005 42 37 0 1
2006 31 35 -1 0
2007 6 38 0 -1
2008 24 7 -1 0
2009 25 23 0 1
2010 22 14 1 0
2011 50 33 0 1
2012 55 38 1 0
2013 39 26 0 1
2014 99 6 0 -1
2015 26 18 0 1
2016 38 35 0 1
2017 37 9 -1 0
2018 28 10 0 -1
2019 41 13 -1 0
2020 67 16 1 0
2021 83 27 -1 0
2022 44 10 0 1
2023 29 0 0 1
2024 38 5 -1 0
2025 28 18 1 0
2026 27 18 0 1
2027 31 14 0 1
2028 39 8 0 -1
2029 62 33 -1 0
2030 23 14 -1 0
2031 24 21 0 -1
2032 55 35 -1 0
2033 29 24 1 0
2034 87 0 0 -1
2035 29 12 -1 0
2036 41 26 0 1
2037 39 6 0 1
2038 89 22 1 0
2039 60 18 1 0
2040 27 39 -1 0
2041 18 23 0 -1
2042 45 5 0 -1
2043 90 24 0 1
2044 40 10 1 0
2045 90 36 1 0
2046 22 31 0 -1
2047 27 15 0 1
2048 32 28 1 0
2049 39 6 0 1
2050 29 7 0 1
2051 39 25 0 1
2052 80 2 0 -1
2053 23 25 0 -1
2054 20 10 0 1
2055 13 12 0 1
2056 44 8 -1 0
2057 5 30 -1 0
2058 45 5 0 -1
2059 39 3 0 1
2060 20 29 0 -1
2061 83 30 1 0
2062 50 39 -1 0
2063 20 21 0 1
2064 46 28 0 -1
2065 28 35 0 1
2066 42 6 0 1
2067 37 26 -1 0
2068 91 1 1 0
2069 13 21 0 1
2070 32 36 0 1
2071 37 12 0 1
2072 23 12 0 -1
2073 34 15 0 -1
2074 17 7 0 1
2075 26 13 -1 0
2076 30 35 -1 0
2077 37 31 1 0
2078 41 30 0 1
2079 42 12 0 1
2080 56 22 1 0
2081 99 29 0 1
2082 23 31 -1 0
2083 42 13 0 -1
2084 40 12 0 -1
2085 36 34 -1 0
2086 37 24 0 -1
2087 41 7 0 1
2088 24 11 0 1
2089 74 12 1 0
2090 14 22 0 -1
2091 30 2 1 0
2092 82 36 0 1
2093 39 29 0 -1
2094 79 24 1 0
2095 20 8 1 0
2096 43 11 0 1
2097 88 24 -1 0
2098 26 20 0 -1
2099 24 34 0 1
2100 44 13 -1 0
2101 95 18 1 0
2102 92 38 -1 0
2103 80 36 1 0
2104 40 5 -1 0
2105 34 3 1 0
2106 7 14 1 0
2107 28 13 -1 0
2108 31 22 0 1
2109 86 7 1 0
2110 21 31 1 0
2111 41 25 0 -1
2112 37 22 0 1
2113 95 5 0 1
2114 43 6 0 -1
2115 29 18 -1 0
2116 4 9 0 -1
2117 36 36 -1 0
2118 39 18 1 0
2119 40 30 0 -1
2120 27 10 0 -1
2121 22 9 -1 0
2122 26 16 0 -1
2123 8 33 0 1
2124 37 37 0 -1
2125 30 34 0 1
2126 19 12 0 1
2127 46 11 0 1
2128 23 14 1 0
2129 42 8 0 -1
2130 23 26 0 1
2131 37 10 0 -1
2132 44 1 0 -1
2133 53 36 -1 0
2134 19 22 0 -1
2135 8 19 1 0
2136 43 6 0 -1
2137 38 24 0 1
2138 28 10 0 -1
2139 3 28 1 0
2140 41 7 -1 0
2141 37 3 -1 0
2142 18 21 -1 0
2143 15 33 -1 0
2144 29 17 0 -1
2145 41 38 -1 0
2146 35 37 0 1
2147 40 31 0 -1
2148 18 14 1 0
2149 28 25 1 0
2150 0 11 0 -1
2151 29 4 0 1
2152 13 26 1 0
2153 90 0 -1 0
2154 66 18 0 -1
2155 56 31 -1 0
2156 88 12 -1 0
2157 73 7 0 -1
2158 54 18 -1 0
2159 31 34 1 0
2160 29 39 1 0
2161 39 17 -1 0
2162 53 19 -1 0
2163 57 29 0 1
2164 45 12 -1 0
2165 93 30 0 -1
2166 38 22 1 0
2167 21 38 1 0
2168 20 1 1 0
2169 25 14 1 0
2170 15 16 1 0
2171 22 29 0 -1
2172 52 9 0 1
2173 91 31 1 0
2174 41 7 0 -1
2175 88 7 1 0
2176 44 4 0 1
2177 65 3 1 0
2178 29 38 1 0
2179 31 36 -1 0
2180 96 36 0 -1
2181 39 28 -1 0
2182 3 39 1 0
2183 39 9 -1 0
2184 30 7 0 1
2185 72 25 1 0
2186 37 6 1 0
2187 83 16 -1 0
2188 83 25 -1 0
2189 20 31 0 -1
2190 7 20 0 -1
2191 28 39 -1 0
2192 81 8 0 1
2193 26 23 1 0
2194 44 28 -1 0
2195 22 4 1 0
2196 96 20 -1 0
2197 29 17 0 -1
2198 36 10 -1 0
2199 29 11 -1 0
2200 19 32 1 0
2201 45 37 0 -1
2202 92 18 0 1
2203 29 37 -1 0
2204 87 32 0 -1
2205 90 36 1 0
2206 48 5 0 1
2207 24 39 1 0
2208 16 14 -1 0
2209 41 12 1 0
2210 41 20 0 1
2211 40 5 0 1
2212 23 23 1 0
2213 34 2 0 -1
2214 28 2 0 1
2215 2 8 0 -1
2216 45 13 0 1
2217 97 5 1 0
2218 32 14 -1 0
2219 37 18 1 0
2220 30 3 -1 0
2221 28 16 0 -1
2222 14 13 0 1
2223 80 21 -1 0
2224 30 37 0 -1
2225 94 14 0 1
2226 20 20 0 1
2227 31 3 1 0
2228 25 22 -1 0
2229 32 36 -1 0
2230 40 0 -1 0
2231 2 10 1 0
2232 46 24 0 1
2233 23 23 -1 0
2234 93 20 0 1
2235 30 27 1 0
2236 16 13 1 0
2237 26 38 1 0
2238 69 26 1 0
2239 7 9 0 -1
2240 29 2 0 -1
2241 28 6 0 1
2242 41 20 0 -1
2243 38 2 1 0
2244 12 34 -1 0
2245 37 28 1 0
2246 84 3 1 0
2247 9 25 0 -1
2248 25 4 1 0
2249 20 6 0 1
2250 37 32 1 0
2251 19 4 0 1
2252 36 23 0 -1
2253 49 17 0 1
2254 26 15 0 1
2255 28 33 0 1
2256 89 9 0 -1
2257 31 7 -1 0
2258 27 11 0 -1
2259 11 7 -1 0
2260 26 9 0 -1
2261 26 16 0 -1
2262 61 38 1 0
2263 56 30 0 1
2264 60 37 0 -1
2265 54 1 0 1
2266 32 1 0 -1
2267 28 34 -1 0
2268 28 34 -1 0
2269 17 21 -1 0
2270 19 32 1 0
2271 36 16 0 -1
2272 63 7 0 1
2273 98 30 0 1
2274 4 33 -1 0
2275 32 28 -1 0
2276 14 21 0 -1
2277 31 26 1 0
2278 58 14 1 0
2279 24 27 0 1
2280 37 25 -1 0
2281 12 33 -1 0
2282 40 8 1 0
2283 40 32 -1 0
2284 41 8 -1 0
2285 41 5 -1 0
2286 48 18 1 0
2287 78 24 0 1
2288 72 29 0 1
2289 29 18 0 -1
2290 17 28 1 0
2291 21 27 0 1
2292 36 15 0 1
2293 75 11 0 1
2294 86 39 0 1
2295 23 3 0 1
2296 38 20 0 -1
2297 42 12 -1 0
2298 10 22 1 0
2299 27 35 0 1
2300 38 26 0 -1
2301 4 31 0 1
2302 17 13 1 0
2303 65 31 1 0
2304 37 17 -1 0
2305 89 4 0 1
2306 54 11 1 0
2307 11 10 -1 0
2308 37 27 0 -1
2309 41 26 0 -1
2310 21 24 0 1
2311 51 10 0 1
2312 28 11 1 0
2313 26 35 -1 0
2314 67 36 0 -1
2315 25 17 -1 0
2316 27 39 -1 0
2317 30 9 1 0
2318 24 10 1 0
2319 87 28 1 0
2320 16 26 0 -1
2321 86 32 0 -1
2322 29 38 0 1
2323 35 11 1 0
2324 24 37 0 -1
2325 17 27 0 1
2326 78 28 1 0
2327 41 39 0 1
2328 38 4 0 -1
2329 28 34 -1 0
2330 32 34 1 0
2331 27 1 0 -1
2332 96 19 1 0
2333 37 7 0 -1
2334 25 39 -1 0
2335 45 10 -1 0
2336 27 38 -1 0
2337 43 13 -1 0
2338 14 20 0 1
2339 27 10 0 -1
2340 50 31 0 -1
2341 65 21 1 0
2342 29 4 -1 0
2343 24 19 0 -1
2344 28 38 -1 0
2345 96 8 -1 0
2346 37 4 0 1
2347 44 12 0 -1
2348 28 15 1 0
2349 97 0 -1 0
2350 40 13 0 -1
2351 42 6 0 1
2352 72 34 0 1
2353 88 38 1 0
2354 26 18 0 1
2355 13 0 1 0
2356 12 16 -1 0
2357 38 28 0 -1
2358 27 38 -1 0
2359 29 17 0 -1
2360 28 21 1 0
2361 91 14 0 1
2362 63 13 1 0
2363 24 7 0 1
2364 25 38 1 0
2365 36 14 0 1
2366 93 38 0 1
2367 24 35 0 1
2368 79 13 0 1
2369 93 9 1 0
2370 88 10 0 -1
2371 38 15 1 0
2372 13 8 -1 0
2373 26 6 1 0
2374 50 0 -1 0
2375 39 27 1 0
2376 21 27 -1 0
2377 31 37 0 -1
2378 42 4 1 0
2379 35 0 1 0
2380 59 31 1 0
2381 29 7 0 1
2382 91 32 0 1
2383 47 33 0 -1
2384 27 9 1 0
2385 71 18 0 1
2386 26 6 -1 0
2387 65 4 1 0
2388 56 26 1 0
2389 25 35 1 0
2390 25 24 0 -1
2391 50 5 -1 0
2392 53 0 0 -1
2393 1 29 -1 0
2394 36 39 0 -1
2395 26 19 0 1
2396 6 10 0 1
2397 21 32 0 -1
2398 21 33 -1 0
2399 12 25 0 1
