0 17 32 0 -1
1 24 2 0 1
2 8 2 -1 0
3 58 33 0 1
4 56 3 1 0
5 15 9 1 0
6 52 24 0 1
7 3 10 1 0
8 44 10 -1 0
9 93 37 0 1
10 64 39 0 -1
11 25 28 1 0
12 33 32 1 0
13 50 39 1 0
14 3 24 -1 0
15 23 30 -1 0
16 89 35 -1 0
17 68 13 0 -1
18 79 32 0 -1
19 80 6 0 -1
20 72 20 0 1
21 47 37 -1 0
22 63 32 0 -1
23 26 28 1 0
24 46 30 -1 0
25 71 17 0 -1
26 98 38 0 1
27 20 34 0 -1
28 31 8 0 1
29 1 2 -1 0
30 24 29 -1 0
31 45 11 0 -1
32 42 28 0 1
33 95 13 0 -1
34 31 11 0 1
35 65 20 0 1
36 77 27 0 -1
37 79 16 -1 0
38 49 33 0 1
39 73 21 0 1
40 76 5 0 1
41 80 38 1 0
42 75 1 0 1
43 9 33 0 -1
44 8 27 -1 0
45 48 2 1 0
46 45 34 1 0
47 39 22 -1 0
48 11 26 1 0
49 92 8 0 1
50 36 30 0 1
51 90 9 -1 0
52 98 29 0 1
53 85 39 0 1
54 35 8 1 0
55 43 0 0 -1
56 81 3 1 0
57 43 5 1 0
58 96 16 -1 0
59 45 37 -1 0
60 11 15 -1 0
61 74 6 0 -1
62 2 22 0 1
63 31 10 -1 0
64 14 18 -1 0
65 22 30 0 -1
66 83 21 0 -1
67 64 3 1 0
68 96 18 0 1
69 8 9 1 0
70 98 24 0 1
71 49 14 0 1
72 4 25 1 0
73 12 29 0 1
74 85 7 -1 0
75 63 9 0 -1
76 7 2 0 1
77 40 3 0 1
78 91 33 0 1
79 24 16 1 0
80 34 29 0 1
81 62 1 -1 0
82 92 36 0 1
83 8 12 0 -1
84 45 21 1 0
85 30 13 1 0
86 83 13 0 -1
87 39 20 -1 0
88 75 31 -1 0
89 37 10 1 0
90 88 23 0 1
91 70 3 1 0
92 74 7 -1 0
93 46 25 0 1
94 67 17 0 1
95 7 10 0 -1
96 59 29 -1 0
97 49 0 0 1
98 3 9 0 1
99 70 7 1 0
100 17 32 0 1
101 73 31 0 1
102 53 16 -1 0
103 9 5 1 0
104 5 15 -1 0
105 85 31 1 0
106 5 12 0 1
107 81 38 0 1
108 91 13 -1 0
109 18 17 1 0
110 90 9 1 0
111 54 37 -1 0
112 46 39 0 -1
113 42 39 0 1
114 79 27 -1 0
115 66 4 0 -1
116 13 35 0 -1
117 42 1 -1 0
118 90 36 1 0
119 9 36 1 0
120 32 33 1 0
121 75 8 1 0
122 17 1 0 -1
123 60 15 1 0
124 92 0 0 1
125 12 35 1 0
126 4 38 -1 0
127 25 33 0 -1
128 17 2 0 -1
129 30 27 -1 0
130 46 17 0 -1
131 64 27 0 1
132 44 0 -1 0
133 91 2 0 1
134 78 34 0 -1
135 97 23 0 1
136 98 18 0 1
137 77 6 0 1
138 61 23 1 0
139 21 2 0 1
140 91 38 0 1
141 6 29 1 0
142 91 17 0 -1
143 25 22 -1 0
144 48 19 1 0
145 48 17 1 0
146 3 3 1 0
147 39 38 0 1
148 6 11 0 -1
149 96 10 1 0
150 77 20 1 0
151 99 1 0 1
152 99 26 0 -1
153 78 32 0 -1
154 20 1 1 0
155 94 27 1 0
156 50 10 0 1
157 14 0 -1 0
158 2 9 -1 0
159 88 14 0 1
160 5 28 0 -1
161 97 39 1 0
162 80 27 1 0
163 2 10 1 0
164 80 11 0 1
165 10 30 0 1
166 5 2 0 -1
167 55 21 0 1
168 19 17 0 -1
169 41 25 0 1
170 21 9 -1 0
171 13 31 0 -1
172 98 29 0 1
173 62 10 0 -1
174 46 9 -1 0
175 49 9 0 -1
176 73 34 -1 0
177 91 31 -1 0
178 68 3 0 1
179 2 26 0 1
180 45 12 0 -1
181 12 35 -1 0
182 40 34 1 0
183 33 32 0 1
184 36 8 -1 0
185 13 29 0 -1
186 93 1 -1 0
187 11 20 0 -1
188 25 21 1 0
189 8 17 0 1
190 76 24 1 0
191 16 4 1 0
192 28 33 0 -1
193 86 29 0 1
194 48 38 -1 0
195 0 24 0 1
196 52 2 0 1
197 22 34 1 0
198 76 20 1 0
199 13 1 1 0
200 69 21 0 1
201 24 24 1 0
202 24 11 0 -1
203 98 39 0 -1
204 14 12 1 0
205 54 2 1 0
206 90 26 -1 0
207 79 3 1 0
208 84 7 0 -1
209 74 5 -1 0
210 25 14 1 0
211 74 16 -1 0
212 93 38 0 -1
213 96 21 -1 0
214 77 13 0 -1
215 42 2 0 -1
216 93 14 0 -1
217 38 34 0 1
218 0 11 -1 0
219 55 38 0 1
220 40 36 0 -1
221 91 36 0 1
222 48 14 0 1
223 14 21 0 -1
224 59 21 0 1
225 60 15 1 0
226 57 33 0 1
227 19 17 1 0
228 19 4 0 1
229 72 1 1 0
230 90 26 -1 0
231 27 29 0 -1
232 87 12 0 -1
233 30 2 1 0
234 10 36 0 -1
235 68 36 0 -1
236 68 32 0 1
237 33 9 0 1
238 38 7 0 1
239 74 38 0 1
240 61 8 0 -1
241 50 12 0 1
242 29 24 0 -1
243 52 21 1 0
244 3 22 1 0
245 32 4 0 1
246 33 25 -1 0
247 79 4 1 0
248 22 36 0 -1
249 17 0 1 0
250 45 31 -1 0
251 74 39 0 -1
252 41 12 -1 0
253 9 0 -1 0
254 37 2 0 1
255 46 3 0 1
256 13 22 1 0
257 11 32 -1 0
258 87 25 0 1
259 66 24 1 0
260 95 30 0 -1
261 29 20 1 0
262 25 7 0 1
263 38 14 0 1
264 33 21 0 1
265 12 2 -1 0
266 91 9 -1 0
267 54 2 1 0
268 12 1 0 -1
269 59 20 0 1
270 92 9 0 -1
271 86 5 0 -1
272 13 38 0 1
273 78 8 0 -1
274 8 33 1 0
275 82 38 0 1
276 42 20 -1 0
277 91 9 1 0
278 87 14 1 0
279 88 33 0 1
280 2 28 -1 0
281 53 25 -1 0
282 85 3 0 1
283 83 38 1 0
284 53 37 0 -1
285 87 32 0 1
286 56 4 -1 0
287 67 25 -1 0
288 18 14 0 1
289 46 24 1 0
290 85 7 1 0
291 17 10 -1 0
292 1 12 0 -1
293 72 29 1 0
294 32 15 0 -1
295 42 28 1 0
296 63 18 0 -1
297 80 34 0 1
298 95 0 0 1
299 4 16 0 -1
300 80 16 0 -1
301 81 14 1 0
302 7 9 1 0
303 90 37 -1 0
304 60 34 -1 0
305 94 11 1 0
306 13 23 0 -1
307 75 12 1 0
308 40 35 -1 0
309 37 0 -1 0
310 15 20 0 1
311 17 5 0 -1
312 25 23 0 -1
313 64 1 1 0
314 47 39 -1 0
315 87 30 0 -1
316 38 12 0 -1
317 53 13 -1 0
318 39 3 -1 0
319 50 24 0 -1
320 21 36 0 1
321 72 3 0 1
322 87 36 1 0
323 48 11 -1 0
324 27 19 0 -1
325 93 29 0 -1
326 62 15 -1 0
327 35 12 1 0
328 83 6 -1 0
329 15 28 0 1
330 60 5 1 0
331 6 25 0 -1
332 58 15 1 0
333 45 36 0 1
334 61 38 0 1
335 5 8 0 1
336 60 6 -1 0
337 46 36 1 0
338 2 5 0 1
339 9 29 0 -1
340 0 15 0 1
341 66 36 0 1
342 99 23 0 1
343 68 34 -1 0
344 72 30 -1 0
345 9 38 1 0
346 17 14 -1 0
347 47 7 0 1
348 81 23 -1 0
349 22 21 0 1
350 76 38 1 0
351 38 1 -1 0
352 17 3 0 -1
353 6 11 -1 0
354 80 29 0 -1
355 18 9 1 0
356 22 14 0 -1
357 31 0 0 1
358 57 19 -1 0
359 28 5 -1 0
360 42 14 0 -1
361 29 33 0 -1
362 72 4 1 0
363 1 25 0 1
364 2 26 1 0
365 24 39 -1 0
366 42 7 -1 0
367 78 16 1 0
368 82 15 0 -1
369 57 1 1 0
370 26 37 -1 0
371 74 31 0 -1
372 4 15 0 1
373 46 11 -1 0
374 45 14 0 -1
375 96 17 0 1
376 60 3 0 -1
377 91 38 1 0
378 88 12 -1 0
379 47 11 0 -1
380 53 36 0 -1
381 81 36 0 -1
382 87 3 1 0
383 52 25 0 1
384 87 19 1 0
385 79 24 0 -1
386 40 26 1 0
387 81 18 -1 0
388 68 12 -1 0
389 53 32 0 1
390 26 37 0 -1
391 30 33 1 0
392 61 20 0 1
393 47 33 0 1
394 4 10 0 -1
395 97 4 -1 0
396 78 0 0 1
397 88 8 1 0
398 82 18 0 1
399 90 26 0 -1
400 83 3 1 0
401 5 36 1 0
402 18 26 1 0
403 80 12 0 1
404 7 25 1 0
405 25 22 1 0
406 72 14 1 0
407 58 25 0 1
408 64 0 0 1
409 88 14 1 0
410 81 11 1 0
411 78 8 0 1
412 13 5 1 0
413 93 38 1 0
414 67 16 0 1
415 97 21 -1 0
416 4 1 0 1
417 35 22 1 0
418 75 5 0 1
419 7 37 1 0
420 40 2 0 -1
421 5 39 -1 0
422 44 8 0 -1
423 46 32 1 0
424 49 31 -1 0
425 35 18 0 1
426 2 33 0 1
427 77 21 0 1
428 17 26 0 -1
429 16 26 1 0
430 45 9 0 -1
431 93 2 1 0
432 11 36 0 1
433 72 7 0 1
434 27 36 1 0
435 90 16 -1 0
436 16 19 0 1
437 89 6 0 -1
438 98 35 -1 0
439 43 36 0 -1
440 87 25 -1 0
441 34 29 0 1
442 81 29 0 1
443 64 21 0 -1
444 3 34 -1 0
445 85 16 -1 0
446 40 6 0 -1
447 62 36 -1 0
448 12 7 0 1
449 44 35 0 -1
450 20 13 0 -1
451 43 0 -1 0
452 35 15 0 1
453 73 6 -1 0
454 82 13 1 0
455 47 21 0 -1
456 89 17 -1 0
457 52 38 0 -1
458 22 5 1 0
459 53 16 0 1
460 26 39 1 0
461 34 33 1 0
462 65 7 -1 0
463 48 1 0 -1
464 23 21 -1 0
465 14 7 0 -1
466 22 18 1 0
467 54 3 0 -1
468 89 8 0 -1
469 81 39 0 1
470 64 9 0 -1
471 5 15 0 -1
472 57 27 1 0
473 73 38 0 1
474 51 31 0 -1
475 90 6 0 1
476 53 22 0 -1
477 0 6 0 -1
478 93 28 0 1
479 62 16 1 0
480 44 6 1 0
481 28 34 -1 0
482 49 1 -1 0
483 81 34 0 1
484 66 4 0 -1
485 77 20 0 -1
486 61 36 0 1
487 42 35 0 1
488 85 33 1 0
489 85 21 -1 0
490 40 14 0 1
491 91 20 -1 0
492 62 11 0 -1
493 65 33 0 1
494 83 39 1 0
495 20 20 0 -1
496 44 2 0 1
497 56 26 0 1
498 31 17 0 -1
499 81 35 0 -1
500 54 34 -1 0
501 52 20 0 1
502 62 7 -1 0
503 89 12 1 0
504 11 16 0 -1
505 39 33 0 1
506 23 38 -1 0
507 24 38 0 1
508 37 5 0 -1
509 10 0 0 -1
510 72 7 -1 0
511 3 33 0 -1
512 86 14 0 -1
513 6 16 0 -1
514 45 19 0 -1
515 75 1 1 0
516 78 21 -1 0
517 75 28 1 0
518 7 38 1 0
519 60 1 1 0
520 14 29 -1 0
521 75 2 -1 0
522 40 13 0 1
523 83 36 0 -1
524 22 31 1 0
525 33 38 1 0
526 5 14 -1 0
527 10 21 0 -1
528 94 1 -1 0
529 74 32 0 -1
530 92 38 0 -1
531 49 32 -1 0
532 78 27 0 1
533 70 36 0 1
534 9 14 0 1
535 95 2 -1 0
536 18 20 0 -1
537 1 4 1 0
538 63 6 0 -1
539 36 30 -1 0
540 65 37 1 0
541 32 13 0 -1
542 47 15 -1 0
543 67 25 -1 0
544 44 11 -1 0
545 44 7 0 -1
546 12 3 -1 0
547 86 4 -1 0
548 1 13 0 1
549 0 14 0 -1
550 24 16 1 0
551 44 6 -1 0
552 40 12 0 -1
553 88 35 0 -1
554 36 25 0 -1
555 70 24 0 -1
556 56 5 -1 0
557 54 15 1 0
558 96 24 -1 0
559 86 38 0 -1
560 71 28 0 -1
561 29 18 1 0
562 18 2 1 0
563 22 30 -1 0
564 54 39 0 1
565 74 34 1 0
566 24 23 0 1
567 25 26 0 1
568 70 17 0 1
569 71 20 -1 0
570 25 19 1 0
571 44 4 1 0
572 98 21 1 0
573 22 33 0 1
574 85 37 -1 0
575 60 3 -1 0
576 95 25 0 1
577 84 28 0 -1
578 30 20 0 1
579 97 36 -1 0
580 88 33 0 -1
581 78 1 1 0
582 62 17 -1 0
583 80 6 1 0
584 11 31 0 -1
585 35 36 0 -1
586 13 29 0 -1
587 57 7 1 0
588 94 38 0 -1
589 49 37 0 -1
590 72 38 0 -1
591 95 14 0 1
592 29 15 0 -1
593 18 16 0 1
594 23 6 -1 0
595 0 32 0 1
596 52 30 0 1
597 36 4 -1 0
598 41 24 0 -1
599 63 3 0 -1
600 46 2 -1 0
601 74 36 0 1
602 11 39 1 0
603 10 25 1 0
604 80 31 -1 0
605 32 9 1 0
606 80 8 0 1
607 61 35 -1 0
608 18 7 0 -1
609 36 26 1 0
610 69 33 0 -1
611 56 9 0 1
612 58 19 0 1
613 10 16 0 -1
614 89 12 0 1
615 87 18 0 -1
616 14 20 0 -1
617 77 6 0 -1
618 44 34 0 1
619 45 35 0 1
620 49 39 1 0
621 88 5 0 -1
622 54 36 -1 0
623 35 21 0 -1
624 4 31 0 -1
625 21 23 1 0
626 41 22 0 1
627 40 16 -1 0
628 36 31 0 -1
629 78 27 0 1
630 93 35 -1 0
631 9 34 -1 0
632 14 0 0 1
633 78 3 1 0
634 81 14 0 -1
635 1 35 -1 0
636 29 24 -1 0
637 21 7 0 -1
638 30 15 -1 0
639 30 20 0 -1
640 13 7 -1 0
641 86 28 0 -1
642 50 25 1 0
643 91 29 -1 0
644 83 26 0 1
645 58 36 1 0
646 97 1 1 0
647 39 4 -1 0
648 2 6 1 0
649 6 21 1 0
650 78 29 0 -1
651 63 19 0 -1
652 51 22 -1 0
653 43 16 -1 0
654 37 36 -1 0
655 87 6 0 1
656 33 37 0 1
657 49 10 0 -1
658 52 35 0 -1
659 68 37 0 -1
660 92 33 0 1
661 56 27 0 1
662 96 19 1 0
663 28 0 1 0
664 64 7 0 1
665 90 19 0 1
666 34 27 0 -1
667 76 17 1 0
668 46 32 -1 0
669 84 26 0 1
670 38 27 0 1
671 87 2 0 -1
672 28 26 -1 0
673 84 19 1 0
674 59 22 -1 0
675 4 33 1 0
676 84 14 -1 0
677 40 2 0 -1
678 33 34 1 0
679 9 33 0 1
680 86 13 -1 0
681 92 37 0 1
682 9 19 -1 0
683 5 17 1 0
684 59 39 1 0
685 67 21 0 -1
686 34 16 0 -1
687 34 11 -1 0
688 80 7 1 0
689 14 20 1 0
690 20 14 0 1
691 43 25 0 -1
692 42 23 0 -1
693 33 31 -1 0
694 28 16 1 0
695 77 26 0 -1
696 56 38 1 0
697 9 18 -1 0
698 59 3 0 -1
699 93 8 -1 0
700 3 31 1 0
701 31 1 0 1
702 50 38 0 1
703 90 16 -1 0
704 36 5 0 -1
705 86 26 1 0
706 81 37 0 1
707 20 19 0 1
708 49 29 1 0
709 56 14 -1 0
710 57 8 1 0
711 93 13 0 1
712 81 18 1 0
713 90 25 -1 0
714 60 7 0 1
715 89 23 1 0
716 13 12 0 1
717 10 23 -1 0
718 32 23 1 0
719 36 3 0 1
720 19 6 0 -1
721 87 3 0 1
722 85 2 -1 0
723 6 16 -1 0
724 74 31 0 1
725 55 33 -1 0
726 57 28 0 -1
727 42 12 0 1
728 84 31 -1 0
729 18 19 1 0
730 5 32 0 1
731 15 34 0 1
732 40 16 0 1
733 72 16 -1 0
734 23 30 1 0
735 83 35 0 1
736 8 24 0 -1
737 8 6 1 0
738 71 2 1 0
739 79 5 0 1
740 20 25 1 0
741 89 2 -1 0
742 77 33 0 -1
743 84 31 0 1
744 39 10 0 -1
745 23 27 0 -1
746 72 11 1 0
747 11 30 1 0
748 71 39 -1 0
749 14 11 0 -1
750 50 22 0 -1
751 29 18 1 0
752 38 37 1 0
753 7 31 -1 0
754 84 5 1 0
755 75 29 0 -1
756 73 9 -1 0
757 5 15 0 -1
758 24 13 1 0
759 16 35 0 -1
760 36 29 1 0
761 5 27 -1 0
762 33 24 1 0
763 57 5 -1 0
764 32 15 0 -1
765 94 14 0 1
766 10 2 -1 0
767 34 7 -1 0
768 17 10 1 0
769 3 2 -1 0
770 88 16 1 0
771 21 39 0 1
772 71 8 1 0
773 59 9 0 1
774 47 11 0 -1
775 97 7 1 0
776 55 18 0 -1
777 74 38 0 -1
778 82 11 0 1
779 50 7 0 1
780 79 16 0 1
781 15 22 0 1
782 28 9 1 0
783 21 3 -1 0
784 13 39 0 -1
785 77 28 -1 0
786 78 19 -1 0
787 6 21 0 1
788 66 31 -1 0
789 10 19 -1 0
790 81 22 1 0
791 18 8 0 -1
792 80 28 0 1
793 46 35 0 1
794 3 3 -1 0
795 36 35 0 1
796 26 22 -1 0
797 57 33 0 -1
798 75 36 0 1
799 46 22 1 0
800 65 27 0 1
801 88 19 0 1
802 55 9 1 0
803 41 38 0 1
804 4 1 -1 0
805 16 19 0 -1
806 90 29 0 -1
807 82 9 0 -1
808 22 17 0 -1
809 84 33 -1 0
810 32 6 -1 0
811 79 7 -1 0
812 34 13 0 -1
813 2 4 0 -1
814 12 21 0 -1
815 40 20 -1 0
816 51 16 0 -1
817 39 3 0 -1
818 94 33 0 -1
819 81 36 1 0
820 3 31 1 0
821 19 25 0 -1
822 66 19 0 -1
823 81 31 1 0
824 34 11 1 0
825 3 18 0 -1
826 61 8 -1 0
827 5 7 0 1
828 10 4 0 1
829 5 14 0 -1
830 37 37 1 0
831 47 39 0 1
832 18 2 1 0
833 45 30 1 0
834 25 33 0 1
835 49 39 0 1
836 34 29 0 -1
837 89 19 1 0
838 62 15 0 1
839 87 9 0 1
840 19 36 -1 0
841 5 21 1 0
842 48 28 -1 0
843 89 6 -1 0
844 20 29 1 0
845 6 3 0 -1
846 82 33 0 1
847 44 10 1 0
848 12 36 0 -1
849 88 38 0 -1
850 86 11 0 -1
851 26 4 1 0
852 29 19 0 -1
853 43 31 -1 0
854 42 24 1 0
855 42 4 0 1
856 11 3 1 0
857 76 4 1 0
858 55 22 -1 0
859 87 15 0 -1
860 59 2 -1 0
861 58 29 1 0
862 27 36 -1 0
863 36 25 1 0
864 96 28 0 -1
865 30 16 0 1
866 43 21 1 0
867 89 28 -1 0
868 14 0 1 0
869 48 32 0 -1
870 6 12 1 0
871 54 24 0 -1
872 7 19 0 -1
873 63 25 0 1
874 41 21 -1 0
875 30 7 0 -1
876 24 11 0 -1
877 98 13 0 -1
878 82 29 0 1
879 58 14 0 1
880 53 9 0 -1
881 61 13 1 0
882 68 6 -1 0
883 39 34 0 -1
884 23 38 1 0
885 85 7 0 1
886 67 29 -1 0
887 86 12 -1 0
888 12 14 0 1
889 36 7 0 -1
890 40 32 -1 0
891 75 12 0 1
892 78 8 0 -1
893 77 23 1 0
894 69 23 1 0
895 33 26 1 0
896 22 1 -1 0
897 93 17 -1 0
898 24 31 0 1
899 36 24 0 -1
900 29 8 0 1
901 45 37 -1 0
902 40 8 0 -1
903 27 7 -1 0
904 11 37 0 1
905 30 19 1 0
906 23 5 1 0
907 13 29 -1 0
908 94 14 -1 0
909 68 7 0 -1
910 96 18 0 1
911 49 30 0 1
912 48 30 0 -1
913 61 2 0 -1
914 34 17 0 1
915 63 35 0 -1
916 38 35 1 0
917 47 1 0 1
918 65 4 1 0
919 56 19 0 -1
920 99 14 0 1
921 55 12 0 -1
922 84 21 1 0
923 41 6 -1 0
924 81 31 0 -1
925 49 20 -1 0
926 48 20 1 0
927 64 33 0 -1
928 60 30 -1 0
929 36 33 0 1
930 50 36 -1 0
931 35 14 0 -1
932 93 21 1 0
933 69 28 1 0
934 32 16 0 1
935 26 18 1 0
936 76 38 1 0
937 99 20 1 0
938 79 36 1 0
939 33 35 0 1
940 38 30 0 1
941 28 37 0 -1
942 30 14 -1 0
943 38 21 1 0
944 7 30 -1 0
945 26 23 0 1
946 6 27 1 0
947 7 5 1 0
948 80 7 -1 0
949 43 32 1 0
950 94 19 1 0
951 23 25 -1 0
952 41 26 0 -1
953 3 9 -1 0
954 8 15 1 0
955 9 10 0 -1
956 55 13 0 1
957 46 38 0 1
958 63 6 0 -1
959 35 7 0 -1
960 57 38 1 0
961 81 12 1 0
962 1 14 0 -1
963 1 34 0 -1
964 90 35 0 -1
965 82 22 0 1
966 99 12 0 1
967 47 9 -1 0
968 27 16 0 1
969 47 34 1 0
970 33 19 0 -1
971 41 39 -1 0
972 98 25 0 1
973 8 11 -1 0
974 50 23 -1 0
975 15 23 1 0
976 93 24 0 -1
977 17 23 0 -1
978 87 31 -1 0
979 7 7 1 0
980 78 17 0 -1
981 99 11 -1 0
982 68 31 1 0
983 73 1 0 1
984 35 4 1 0
985 10 6 1 0
986 92 29 -1 0
987 96 7 0 -1
988 87 4 0 -1
989 35 31 1 0
990 40 34 -1 0
991 12 11 -1 0
992 66 5 -1 0
993 63 24 1 0
994 65 12 0 -1
995 55 19 0 -1
996 57 35 0 -1
997 19 32 -1 0
998 84 16 1 0
999 22 19 0 -1
1000 1 7 0 1
1001 96 35 0 1
1002 77 36 0 -1
1003 10 39 0 1
1004 14 23 0 1
1005 78 36 1 0
1006 99 39 0 1
1007 9 24 -1 0
1008 59 13 0 -1
1009 27 24 -1 0
1010 60 24 1 0
1011 26 9 0 1
1012 98 26 0 -1
1013 12 34 0 -1
1014 25 20 1 0
1015 61 1 0 -1
1016 84 6 0 -1
1017 91 20 1 0
1018 80 28 0 1
1019 18 39 1 0
1020 37 10 -1 0
1021 4 4 -1 0
1022 40 32 1 0
1023 83 4 1 0
1024 60 27 -1 0
1025 30 17 0 1
1026 15 23 1 0
1027 96 30 1 0
1028 5 8 0 1
1029 53 31 -1 0
1030 96 32 0 1
1031 17 6 1 0
1032 59 3 0 1
1033 27 37 0 -1
1034 1 35 1 0
1035 94 17 -1 0
1036 96 35 0 -1
1037 58 21 0 -1
1038 73 22 1 0
1039 46 31 -1 0
1040 35 21 1 0
1041 1 25 0 1
1042 42 28 0 -1
1043 30 18 -1 0
1044 18 39 0 1
1045 80 33 1 0
1046 26 17 1 0
1047 0 39 0 -1
1048 41 38 0 1
1049 84 1 0 -1
1050 1 21 0 1
1051 3 28 1 0
1052 71 3 -1 0
1053 45 5 -1 0
1054 10 16 1 0
1055 45 23 0 -1
1056 5 11 1 0
1057 1 7 0 1
1058 97 20 -1 0
1059 63 39 1 0
1060 44 25 0 -1
1061 50 16 1 0
1062 55 31 0 -1
1063 77 19 1 0
1064 75 1 0 -1
1065 19 30 1 0
1066 72 29 1 0
1067 70 29 0 -1
1068 62 1 1 0
1069 42 7 -1 0
1070 48 13 0 -1
1071 75 36 1 0
1072 47 16 1 0
1073 23 7 1 0
1074 2 1 -1 0
1075 42 6 -1 0
1076 86 25 -1 0
1077 64 18 1 0
1078 99 2 1 0
1079 16 20 1 0
1080 91 4 -1 0
1081 88 27 1 0
1082 54 39 0 -1
1083 91 33 0 -1
1084 22 12 0 -1
1085 28 8 0 1
1086 26 17 0 1
1087 53 32 0 1
1088 81 38 0 -1
1089 82 15 0 1
1090 86 15 0 -1
1091 19 25 -1 0
1092 19 15 -1 0
1093 33 32 0 -1
1094 9 6 1 0
1095 58 21 0 -1
1096 75 28 0 -1
1097 91 35 1 0
1098 57 33 0 -1
1099 39 33 0 -1
1100 26 38 -1 0
1101 91 19 1 0
1102 48 30 0 -1
1103 34 13 -1 0
1104 58 3 -1 0
1105 10 15 0 1
1106 99 35 -1 0
1107 4 38 1 0
1108 26 28 -1 0
1109 68 0 1 0
1110 54 1 0 1
1111 36 37 0 1
1112 48 31 0 1
1113 85 36 -1 0
1114 92 19 0 1
1115 24 27 -1 0
1116 7 28 0 1
1117 5 10 -1 0
1118 0 9 -1 0
1119 92 16 0 1
1120 75 17 1 0
1121 8 32 1 0
1122 68 11 1 0
1123 46 30 0 1
1124 74 8 -1 0
1125 81 29 -1 0
1126 97 29 0 -1
1127 15 10 1 0
1128 5 5 1 0
1129 47 21 1 0
1130 53 4 0 -1
1131 85 11 1 0
1132 19 4 1 0
1133 84 33 0 -1
1134 52 33 -1 0
1135 41 19 1 0
1136 72 10 1 0
1137 13 31 0 1
1138 22 36 -1 0
1139 19 0 0 -1
1140 97 34 -1 0
1141 34 4 1 0
1142 54 4 0 -1
1143 87 21 0 1
1144 80 30 0 1
1145 22 23 0 1
1146 83 17 0 -1
1147 55 0 0 1
1148 82 38 0 -1
1149 59 26 0 -1
1150 51 7 0 1
1151 32 37 0 -1
1152 79 16 -1 0
1153 96 39 -1 0
1154 0 29 1 0
1155 86 8 -1 0
1156 59 38 0 1
1157 96 35 1 0
1158 19 7 0 1
1159 85 6 -1 0
1160 83 30 0 -1
1161 5 36 0 -1
1162 8 29 1 0
1163 93 26 0 1
1164 16 23 0 1
1165 33 39 0 1
1166 57 31 -1 0
1167 23 25 -1 0
1168 50 25 0 -1
1169 55 20 -1 0
1170 16 36 1 0
1171 49 37 0 -1
1172 81 37 -1 0
1173 81 25 1 0
1174 28 25 -1 0
1175 35 37 1 0
1176 71 0 1 0
1177 73 12 -1 0
1178 61 18 -1 0
1179 85 23 1 0
1180 18 32 1 0
1181 61 21 0 1
1182 88 8 1 0
1183 79 1 1 0
1184 45 35 1 0
1185 39 23 1 0
1186 37 20 1 0
1187 66 19 0 1
1188 47 9 0 1
1189 72 16 -1 0
1190 44 12 1 0
1191 86 25 1 0
1192 42 38 0 1
1193 66 22 1 0
1194 13 38 -1 0
1195 63 21 0 1
1196 86 30 0 1
1197 37 23 -1 0
1198 26 4 1 0
1199 83 30 0 -1
1200 98 13 0 -1
1201 26 1 0 1
1202 32 18 0 1
1203 21 7 -1 0
1204 95 33 0 -1
1205 93 2 1 0
1206 3 28 0 -1
1207 31 6 0 1
1208 3 2 0 1
1209 38 7 0 -1
1210 28 30 0 1
1211 25 33 1 0
1212 48 7 1 0
1213 60 38 0 1
1214 78 1 1 0
1215 48 29 -1 0
1216 28 20 0 -1
1217 44 13 0 1
1218 56 28 0 -1
1219 45 6 1 0
1220 25 0 1 0
1221 44 15 0 -1
1222 70 11 0 -1
1223 29 14 -1 0
1224 84 8 0 -1
1225 43 27 0 1
1226 71 2 -1 0
1227 10 13 -1 0
1228 88 7 1 0
1229 96 5 0 -1
1230 30 38 -1 0
1231 71 10 0 -1
1232 81 28 -1 0
1233 3 12 1 0
1234 78 17 0 -1
1235 97 9 0 1
1236 15 9 0 1
1237 21 20 1 0
1238 18 6 -1 0
1239 39 20 -1 0
1240 79 28 1 0
1241 44 14 0 1
1242 47 24 -1 0
1243 45 29 0 -1
1244 48 30 0 1
1245 47 18 0 -1
1246 88 3 -1 0
1247 93 39 0 1
1248 18 2 1 0
1249 3 30 -1 0
1250 15 26 0 -1
1251 41 6 1 0
1252 28 19 1 0
1253 48 1 -1 0
1254 21 9 0 1
1255 66 3 -1 0
1256 44 19 -1 0
1257 78 15 1 0
1258 92 2 -1 0
1259 40 21 0 1
1260 65 4 1 0
1261 41 24 0 -1
1262 99 12 -1 0
1263 16 22 0 -1
1264 21 31 1 0
1265 24 28 0 -1
1266 78 17 0 -1
1267 87 2 1 0
1268 30 1 -1 0
1269 17 15 -1 0
1270 49 23 -1 0
1271 11 5 0 -1
1272 90 22 0 1
1273 91 30 0 1
1274 0 18 0 1
1275 10 4 0 1
1276 38 25 0 -1
1277 48 18 0 1
1278 64 4 1 0
1279 22 3 0 -1
1280 87 5 1 0
1281 11 6 1 0
1282 91 14 0 -1
1283 8 27 0 -1
1284 71 36 0 -1
1285 71 20 -1 0
1286 0 29 0 1
1287 16 23 -1 0
1288 34 30 0 1
1289 86 14 1 0
1290 69 5 -1 0
1291 55 17 1 0
1292 24 26 0 -1
1293 64 38 0 1
1294 49 34 -1 0
1295 16 20 0 1
1296 92 10 0 1
1297 76 28 0 1
1298 11 30 0 1
1299 45 33 1 0
1300 6 22 -1 0
1301 97 10 0 -1
1302 42 9 0 -1
1303 17 39 0 -1
1304 79 36 0 -1
1305 83 12 -1 0
1306 46 14 0 -1
1307 55 28 0 -1
1308 97 29 1 0
1309 72 5 0 -1
1310 43 29 -1 0
1311 25 24 0 1
1312 53 32 0 -1
1313 9 23 1 0
1314 86 3 0 1
1315 45 2 0 -1
1316 82 4 0 1
1317 97 30 1 0
1318 55 37 0 -1
1319 46 8 -1 0
1320 66 13 0 1
1321 97 7 1 0
1322 72 25 -1 0
1323 48 10 0 1
1324 23 26 0 -1
1325 15 10 0 -1
1326 89 3 0 -1
1327 86 16 0 1
1328 12 35 1 0
1329 36 6 0 -1
1330 28 8 0 1
1331 83 30 1 0
1332 96 34 0 1
1333 53 26 0 1
1334 76 28 1 0
1335 2 30 -1 0
1336 45 6 0 1
1337 35 6 0 -1
1338 94 34 -1 0
1339 39 33 0 -1
1340 79 6 1 0
1341 98 33 -1 0
1342 29 15 -1 0
1343 45 15 0 -1
1344 44 2 0 1
1345 33 26 -1 0
1346 43 4 0 1
1347 31 17 0 1
1348 46 38 0 1
1349 28 39 1 0
1350 47 25 0 -1
1351 61 29 1 0
1352 78 16 1 0
1353 41 28 0 -1
1354 40 26 0 -1
1355 25 9 0 -1
1356 23 15 0 -1
1357 26 13 -1 0
1358 28 31 1 0
1359 12 3 0 1
1360 67 30 0 -1
1361 30 36 -1 0
1362 54 16 -1 0
1363 89 20 -1 0
1364 80 19 1 0
1365 75 17 0 1
1366 38 10 0 1
1367 32 21 0 -1
1368 4 23 1 0
1369 84 35 -1 0
1370 92 7 0 -1
1371 85 35 0 -1
1372 31 7 0 -1
1373 77 2 -1 0
1374 6 13 -1 0
1375 41 21 0 1
1376 41 24 1 0
1377 94 35 0 1
1378 43 24 -1 0
1379 20 20 1 0
1380 40 15 -1 0
1381 11 14 1 0
1382 35 10 0 1
1383 57 16 1 0
1384 58 1 -1 0
1385 24 33 0 1
1386 35 25 1 0
1387 44 11 0 1
1388 67 13 0 1
1389 59 4 1 0
1390 10 3 0 1
1391 39 25 -1 0
1392 86 26 0 -1
1393 65 28 0 1
1394 47 26 0 1
1395 86 1 0 1
1396 22 8 1 0
1397 52 2 0 -1
1398 29 29 1 0
1399 89 17 0 -1
1400 14 18 -1 0
1401 69 32 0 1
1402 60 7 -1 0
1403 35 24 -1 0
1404 15 1 0 -1
1405 50 23 -1 0
1406 16 13 1 0
1407 69 17 1 0
1408 62 17 0 -1
1409 87 23 0 -1
1410 31 15 0 -1
1411 71 17 0 1
1412 16 1 1 0
1413 59 17 0 -1
1414 46 28 0 1
1415 96 9 -1 0
1416 12 30 0 -1
1417 95 13 -1 0
1418 94 15 0 1
1419 26 16 0 -1
1420 97 38 0 -1
1421 29 15 -1 0
1422 3 12 1 0
1423 59 26 0 -1
1424 45 23 -1 0
1425 29 2 1 0
1426 43 7 0 -1
1427 46 39 0 1
1428 52 30 1 0
1429 89 13 1 0
1430 46 1 1 0
1431 61 6 -1 0
1432 97 15 0 1
1433 34 26 0 1
1434 1 5 0 -1
1435 7 11 0 1
1436 50 37 1 0
1437 56 6 1 0
1438 37 4 0 -1
1439 25 28 0 -1
1440 63 27 -1 0
1441 0 0 0 -1
1442 52 16 0 -1
1443 1 37 -1 0
1444 44 30 0 -1
1445 83 9 0 1
1446 83 8 -1 0
1447 85 17 0 1
1448 92 22 -1 0
1449 94 26 0 1
1450 62 32 0 -1
1451 3 32 1 0
1452 30 21 0 -1
1453 52 27 0 -1
1454 50 5 1 0
1455 99 39 0 -1
1456 8 24 1 0
1457 64 27 1 0
1458 90 8 0 -1
1459 42 32 -1 0
1460 41 11 0 -1
1461 19 11 0 1
1462 98 14 0 -1
1463 78 10 0 1
1464 15 21 -1 0
1465 78 33 1 0
1466 80 8 -1 0
1467 67 32 0 -1
1468 69 35 1 0
1469 28 14 -1 0
1470 73 10 0 -1
1471 68 16 1 0
1472 78 35 -1 0
1473 12 17 -1 0
1474 0 17 -1 0
1475 17 2 0 -1
1476 58 27 -1 0
1477 48 35 0 1
1478 65 9 0 -1
1479 38 14 1 0
1480 41 29 0 -1
1481 2 4 0 1
1482 26 35 0 -1
1483 39 18 0 -1
1484 23 0 0 -1
1485 31 26 -1 0
1486 39 10 1 0
1487 82 36 0 -1
1488 17 13 0 -1
1489 65 11 0 1
1490 2 7 1 0
1491 58 5 0 1
1492 70 4 0 -1
1493 16 22 0 -1
1494 51 4 0 -1
1495 33 4 0 1
1496 85 6 1 0
1497 45 8 -1 0
1498 56 5 0 -1
1499 98 7 0 1
1500 49 5 -1 0
1501 56 33 0 1
1502 41 19 -1 0
1503 36 4 0 1
1504 73 6 0 1
1505 46 35 1 0
1506 79 12 0 1
1507 81 20 0 -1
1508 34 1 1 0
1509 66 5 -1 0
1510 36 23 1 0
1511 79 3 -1 0
1512 30 0 1 0
1513 0 4 1 0
1514 23 20 0 -1
1515 49 0 -1 0
1516 95 29 0 -1
1517 83 20 -1 0
1518 9 4 0 -1
1519 91 21 1 0
1520 94 27 0 1
1521 42 5 -1 0
1522 93 8 -1 0
1523 84 37 0 1
1524 22 21 1 0
1525 5 12 0 -1
1526 94 14 -1 0
1527 86 8 0 -1
1528 19 8 0 1
1529 81 36 1 0
1530 80 4 0 1
1531 66 2 -1 0
1532 20 1 -1 0
1533 12 24 1 0
1534 17 30 1 0
1535 38 23 0 1
1536 18 31 1 0
1537 23 37 0 1
1538 10 35 0 1
1539 95 38 0 1
1540 74 10 1 0
1541 93 37 0 1
1542 17 31 -1 0
1543 9 27 -1 0
1544 56 14 -1 0
1545 5 30 -1 0
1546 28 2 -1 0
1547 30 31 0 -1
1548 92 8 0 1
1549 45 19 -1 0
1550 93 13 0 -1
1551 99 5 0 1
1552 54 29 0 -1
1553 43 14 1 0
1554 51 14 -1 0
1555 85 22 1 0
1556 43 8 0 1
1557 87 33 1 0
1558 61 38 -1 0
1559 93 14 1 0
1560 10 15 0 1
1561 61 27 1 0
1562 5 13 0 1
1563 54 17 0 -1
1564 93 10 1 0
1565 80 3 0 -1
1566 81 7 0 -1
1567 78 24 1 0
1568 91 37 1 0
1569 77 27 0 -1
1570 81 3 1 0
1571 95 32 -1 0
1572 32 35 1 0
1573 24 4 0 -1
1574 73 25 0 -1
1575 79 15 -1 0
1576 27 11 0 -1
1577 25 26 -1 0
1578 47 35 1 0
1579 24 29 -1 0
1580 45 8 0 1
1581 57 24 0 -1
1582 77 16 0 -1
1583 86 11 0 1
1584 20 18 -1 0
1585 26 35 -1 0
1586 60 9 1 0
1587 73 0 1 0
1588 74 30 0 -1
1589 52 16 0 1
1590 51 27 0 -1
1591 58 9 -1 0
1592 37 23 -1 0
1593 93 23 0 1
1594 99 17 0 1
1595 77 34 0 1
1596 98 23 0 -1
1597 85 25 1 0
1598 45 8 1 0
1599 5 38 0 1
1600 78 16 0 -1
1601 31 21 0 1
1602 78 38 -1 0
1603 98 33 0 -1
1604 65 37 -1 0
1605 96 19 0 1
1606 11 11 0 1
1607 6 25 -1 0
1608 74 24 0 1
1609 59 29 0 -1
1610 42 12 0 -1
1611 86 21 1 0
1612 86 1 -1 0
1613 78 0 0 1
1614 67 11 0 1
1615 84 17 0 -1
1616 40 0 -1 0
1617 97 28 1 0
1618 41 1 0 1
1619 96 16 0 -1
1620 0 33 1 0
1621 20 8 0 1
1622 64 26 0 1
1623 15 9 0 1
1624 38 18 0 1
1625 98 12 0 -1
1626 53 39 -1 0
1627 58 28 0 -1
1628 85 8 -1 0
1629 87 4 0 1
1630 44 14 -1 0
1631 29 14 0 1
1632 96 6 0 1
1633 33 22 0 -1
1634 27 12 1 0
1635 55 12 0 -1
1636 61 28 1 0
1637 82 10 0 -1
1638 33 22 0 -1
1639 96 21 0 -1
1640 83 16 -1 0
1641 13 39 1 0
1642 51 17 0 1
1643 93 11 0 -1
1644 76 38 0 1
1645 27 20 1 0
1646 12 19 -1 0
1647 90 0 1 0
1648 46 4 1 0
1649 21 37 1 0
1650 29 6 -1 0
1651 3 8 -1 0
1652 8 34 0 -1
1653 65 39 1 0
1654 11 29 1 0
1655 21 0 0 -1
1656 54 24 0 -1
1657 58 0 0 -1
1658 93 17 -1 0
1659 88 9 1 0
1660 29 7 1 0
1661 0 29 1 0
1662 90 24 1 0
1663 24 0 1 0
1664 30 27 0 -1
1665 82 12 0 1
1666 6 31 -1 0
1667 42 31 -1 0
1668 65 24 0 -1
1669 29 32 0 1
1670 90 29 -1 0
1671 90 28 -1 0
1672 27 20 0 -1
1673 34 5 -1 0
1674 82 1 0 1
1675 67 25 0 -1
1676 55 38 0 1
1677 24 34 1 0
1678 86 35 1 0
1679 10 25 1 0
1680 88 13 0 1
1681 35 28 0 1
1682 61 31 -1 0
1683 96 19 0 1
1684 45 36 -1 0
1685 57 6 0 1
1686 99 38 1 0
1687 25 38 -1 0
1688 35 13 1 0
1689 2 35 1 0
1690 82 18 0 -1
1691 56 1 1 0
1692 27 27 0 -1
1693 48 39 1 0
1694 71 14 -1 0
1695 10 5 -1 0
1696 52 33 1 0
1697 89 39 -1 0
1698 58 26 0 -1
1699 81 33 1 0
1700 8 3 0 -1
1701 49 8 0 1
1702 38 20 -1 0
1703 38 23 0 -1
1704 40 20 -1 0
1705 63 12 0 1
1706 25 19 1 0
1707 42 14 -1 0
1708 91 32 0 -1
1709 82 28 0 1
1710 49 13 1 0
1711 20 16 1 0
1712 11 22 0 1
1713 29 22 0 -1
1714 31 27 -1 0
1715 11 14 0 1
1716 75 24 0 -1
1717 82 37 1 0
1718 35 29 -1 0
1719 65 29 0 -1
1720 6 8 0 1
1721 76 8 0 -1
1722 69 33 0 -1
1723 24 34 0 1
1724 57 4 1 0
1725 35 9 0 -1
1726 11 16 0 -1
1727 1 19 0 -1
1728 75 24 -1 0
1729 39 32 1 0
1730 55 37 0 -1
1731 48 20 0 1
1732 71 8 1 0
1733 91 28 -1 0
1734 62 9 0 -1
1735 16 2 0 1
1736 67 29 1 0
1737 47 13 1 0
1738 62 20 1 0
1739 41 22 1 0
1740 87 30 1 0
1741 21 39 0 1
1742 56 30 0 1
1743 16 14 0 1
1744 23 18 1 0
1745 73 16 0 1
1746 42 2 0 1
1747 82 36 0 -1
1748 2 14 1 0
1749 51 37 0 -1
1750 27 19 0 -1
1751 20 34 1 0
1752 14 23 -1 0
1753 55 1 0 -1
1754 42 12 -1 0
1755 86 15 1 0
1756 83 4 -1 0
1757 9 6 -1 0
1758 82 7 -1 0
1759 77 18 -1 0
1760 57 7 0 1
1761 17 38 0 1
1762 9 28 0 1
1763 50 26 -1 0
1764 88 0 1 0
1765 58 11 -1 0
1766 85 21 0 -1
1767 19 15 0 1
1768 15 21 0 1
1769 86 16 -1 0
1770 20 15 0 1
1771 60 11 -1 0
1772 9 3 0 -1
1773 74 14 0 1
1774 91 14 1 0
1775 17 36 1 0
1776 93 34 0 1
1777 99 8 -1 0
1778 3 13 0 -1
1779 28 21 0 1
1780 17 10 1 0
1781 44 34 0 -1
1782 34 27 -1 0
1783 70 20 0 -1
1784 67 8 0 1
1785 32 39 -1 0
1786 88 21 0 1
1787 5 32 0 -1
1788 94 20 0 -1
1789 97 1 -1 0
1790 35 38 1 0
1791 52 33 0 -1
1792 95 9 -1 0
1793 47 22 -1 0
1794 58 26 -1 0
1795 39 22 1 0
1796 77 19 0 -1
1797 43 11 0 -1
1798 93 18 0 -1
1799 75 37 1 0
1800 81 35 0 1
1801 81 7 0 -1
1802 10 13 -1 0
1803 55 2 0 1
1804 39 23 0 -1
1805 42 13 0 -1
1806 23 28 0 -1
1807 64 20 1 0
1808 88 21 0 1
1809 96 1 0 1
1810 93 33 0 -1
1811 24 10 0 -1
1812 16 19 0 -1
1813 16 11 0 -1
1814 96 36 -1 0
1815 35 39 1 0
1816 17 16 1 0
1817 43 30 0 1
1818 86 14 0 1
1819 57 6 -1 0
1820 5 22 0 -1
1821 23 17 1 0
1822 36 29 0 1
1823 16 28 1 0
1824 60 1 0 -1
1825 46 8 1 0
1826 74 17 0 1
1827 83 17 -1 0
1828 36 24 0 1
1829 33 10 1 0
1830 17 29 -1 0
1831 37 17 0 -1
1832 80 26 1 0
1833 72 20 0 1
1834 79 15 0 1
1835 96 5 1 0
1836 28 22 0 1
1837 76 14 1 0
1838 48 6 -1 0
1839 58 30 -1 0
1840 87 24 -1 0
1841 80 7 0 1
1842 86 19 -1 0
1843 67 27 1 0
1844 30 3 -1 0
1845 51 12 0 1
1846 47 8 0 1
1847 89 37 1 0
1848 57 14 -1 0
1849 88 0 -1 0
1850 98 13 -1 0
1851 24 17 1 0
1852 57 8 -1 0
1853 12 6 0 1
1854 47 22 -1 0
1855 53 34 -1 0
1856 35 36 0 -1
1857 76 18 1 0
1858 5 27 -1 0
1859 91 19 0 1
1860 26 33 1 0
1861 17 9 -1 0
1862 30 36 0 1
1863 93 3 1 0
1864 4 26 -1 0
1865 33 38 1 0
1866 11 31 0 1
1867 10 32 -1 0
1868 65 4 0 1
1869 50 5 0 -1
1870 63 11 1 0
1871 33 35 0 -1
1872 83 1 -1 0
1873 14 36 1 0
1874 1 23 0 -1
1875 48 31 0 -1
1876 33 31 0 1
1877 52 24 0 1
1878 91 20 1 0
1879 9 10 1 0
1880 27 38 0 1
1881 41 13 -1 0
1882 45 4 -1 0
1883 85 15 1 0
1884 85 24 0 1
1885 94 29 -1 0
1886 46 28 -1 0
1887 85 34 0 -1
1888 85 6 0 -1
1889 8 1 -1 0
1890 76 6 1 0
1891 53 9 -1 0
1892 27 23 1 0
1893 39 32 -1 0
1894 42 5 -1 0
1895 40 17 1 0
1896 36 18 -1 0
1897 42 22 1 0
1898 52 16 -1 0
1899 95 5 0 1
1900 25 26 -1 0
1901 3 14 -1 0
1902 74 34 1 0
1903 82 23 0 -1
1904 86 16 0 -1
1905 21 5 1 0
1906 50 15 0 -1
1907 96 37 0 -1
1908 41 18 -1 0
1909 18 28 -1 0
1910 58 0 1 0
1911 23 0 1 0
1912 68 18 -1 0
1913 44 18 -1 0
1914 79 1 -1 0
1915 5 1 0 -1
1916 55 34 0 1
1917 38 28 0 1
1918 64 17 0 -1
1919 90 34 0 -1
1920 66 23 0 1
1921 60 39 0 -1
1922 43 22 0 1
1923 19 25 0 1
1924 50 14 0 1
1925 57 7 -1 0
1926 99 27 -1 0
1927 71 3 0 1
1928 75 23 -1 0
1929 62 26 0 1
1930 31 10 1 0
1931 82 24 -1 0
1932 29 8 1 0
1933 86 17 1 0
1934 15 12 0 1
1935 54 16 -1 0
1936 20 27 1 0
1937 57 39 0 1
1938 33 3 0 1
1939 92 8 0 -1
1940 29 34 1 0
1941 53 12 0 1
1942 31 36 1 0
1943 55 6 0 1
1944 1 33 0 -1
1945 10 33 0 1
1946 68 36 1 0
1947 61 34 0 -1
1948 47 24 -1 0
1949 84 30 0 -1
1950 67 14 -1 0
1951 44 4 0 1
1952 65 27 0 -1
1953 3 1 -1 0
1954 25 15 -1 0
1955 43 2 -1 0
1956 5 28 -1 0
1957 31 26 -1 0
1958 88 19 0 -1
1959 87 20 0 -1
1960 94 30 0 1
1961 53 36 0 -1
1962 53 33 0 -1
1963 41 15 0 -1
1964 58 19 1 0
1965 45 10 0 1
1966 70 34 1 0
1967 50 19 0 1
1968 44 0 0 -1
1969 42 21 -1 0
1970 67 12 1 0
1971 67 36 0 1
1972 67 9 1 0
1973 49 39 -1 0
1974 10 32 0 1
1975 46 5 -1 0
1976 6 34 -1 0
1977 16 21 1 0
1978 88 38 0 1
1979 72 25 0 -1
1980 69 26 0 1
1981 53 18 0 1
1982 71 5 0 -1
1983 30 18 -1 0
1984 20 14 -1 0
1985 20 38 1 0
1986 43 28 -1 0
1987 1 16 -1 0
1988 25 4 0 1
1989 82 33 0 1
1990 10 4 0 1
1991 98 3 1 0
1992 72 31 0 -1
1993 87 14 -1 0
1994 81 20 -1 0
1995 13 26 1 0
1996 73 25 -1 0
1997 14 22 1 0
1998 20 16 0 1
1999 18 39 1 0
2000 92 10 0 1
2001 51 18 0 1
2002 86 2 -1 0
2003 59 3 0 -1
2004 85 16 0 1
2005 60 28 0 -1
2006 29 35 0 -1
2007 79 30 -1 0
2008 85 22 0 -1
2009 85 37 0 1
2010 62 20 -1 0
2011 82 7 1 0
2012 4 12 0 -1
2013 97 23 0 1
2014 47 20 -1 0
2015 5 13 0 -1
2016 17 0 0 -1
2017 11 1 1 0
2018 51 0 0 1
2019 11 19 0 1
2020 9 31 0 -1
2021 81 14 -1 0
2022 58 3 0 -1
2023 22 11 -1 0
2024 22 37 1 0
2025 32 25 -1 0
2026 64 1 0 -1
2027 79 8 -1 0
2028 19 13 0 -1
2029 4 36 0 -1
2030 30 11 1 0
2031 26 10 -1 0
2032 38 3 0 1
2033 27 25 1 0
2034 70 6 0 -1
2035 91 32 1 0
2036 15 0 0 -1
2037 50 1 -1 0
2038 81 29 1 0
2039 12 4 1 0
2040 25 36 -1 0
2041 53 34 -1 0
2042 43 9 0 -1
2043 50 9 0 -1
2044 20 33 -1 0
2045 40 12 -1 0
2046 76 35 -1 0
2047 94 38 0 -1
2048 21 11 0 -1
2049 63 6 0 1
2050 40 35 0 1
2051 34 13 0 1
2052 71 18 1 0
2053 78 22 0 -1
2054 29 26 -1 0
2055 97 14 0 -1
2056 54 24 0 1
2057 27 18 1 0
2058 27 17 0 1
2059 77 21 -1 0
2060 42 8 -1 0
2061 57 35 1 0
2062 98 28 1 0
2063 6 19 0 -1
2064 80 20 0 -1
2065 31 39 0 1
2066 75 27 -1 0
2067 12 20 -1 0
2068 99 31 1 0
2069 55 9 0 -1
2070 12 20 1 0
2071 62 8 -1 0
2072 92 5 0 -1
2073 34 2 0 -1
2074 74 27 -1 0
2075 2 21 -1 0
2076 26 16 0 -1
2077 6 18 0 -1
2078 84 8 1 0
2079 45 5 0 -1
2080 96 24 1 0
2081 22 6 0 1
2082 28 35 0 1
2083 94 36 0 1
2084 91 17 0 -1
2085 41 17 -1 0
2086 74 10 0 -1
2087 51 4 -1 0
2088 26 6 1 0
2089 44 1 1 0
2090 93 5 0 1
2091 8 32 0 -1
2092 91 17 0 -1
2093 42 29 0 1
2094 39 6 0 1
2095 11 2 0 1
2096 39 15 0 1
2097 96 0 0 1
2098 24 29 0 -1
2099 7 26 0 -1
2100 8 33 1 0
2101 24 28 1 0
2102 24 23 1 0
2103 24 12 1 0
2104 22 31 0 -1
2105 41 20 0 1
2106 61 28 0 -1
2107 23 39 0 1
2108 82 12 0 1
2109 84 1 -1 0
2110 49 30 0 1
2111 53 30 0 -1
2112 54 1 -1 0
2113 37 7 1 0
2114 65 2 1 0
2115 93 28 1 0
2116 4 25 0 -1
2117 34 17 0 1
2118 34 28 1 0
2119 2 12 0 1
2120 79 13 0 1
2121 14 29 0 -1
2122 59 28 0 1
2123 87 12 0 1
2124 41 21 0 -1
2125 76 10 0 1
2126 91 23 -1 0
2127 81 26 1 0
2128 89 24 1 0
2129 94 31 -1 0
2130 65 36 0 -1
2131 88 37 1 0
2132 64 28 1 0
2133 92 35 -1 0
2134 73 3 0 1
2135 89 16 0 -1
2136 39 6 -1 0
2137 9 25 0 1
2138 60 5 0 1
2139 96 27 1 0
2140 41 30 1 0
2141 18 0 0 -1
2142 15 11 0 1
2143 66 36 -1 0
2144 32 13 1 0
2145 32 27 1 0
2146 59 24 0 1
2147 75 18 0 -1
2148 68 33 -1 0
2149 4 18 0 -1
2150 65 5 1 0
2151 28 8 1 0
2152 14 22 -1 0
2153 93 33 0 1
2154 36 20 0 1
2155 51 12 0 -1
2156 18 38 0 -1
2157 55 30 -1 0
2158 93 13 1 0
2159 93 11 1 0
2160 53 3 0 1
2161 43 15 -1 0
2162 18 36 1 0
2163 49 27 0 -1
2164 72 36 0 1
2165 49 21 0 -1
2166 46 4 0 1
2167 23 39 0 -1
2168 2 29 0 1
2169 10 17 -1 0
2170 82 31 1 0
2171 68 23 0 -1
2172 43 14 -1 0
2173 91 12 1 0
2174 93 27 1 0
2175 47 5 -1 0
2176 99 25 0 -1
2177 30 2 0 1
2178 32 17 0 1
2179 25 7 1 0
2180 17 29 1 0
2181 60 14 -1 0
2182 85 25 0 -1
2183 78 7 0 -1
2184 72 36 0 -1
2185 5 0 0 -1
2186 82 15 0 -1
2187 10 34 1 0
2188 76 33 1 0
2189 89 3 -1 0
2190 48 8 -1 0
2191 83 25 0 -1
2192 15 19 0 -1
2193 19 9 -1 0
2194 64 6 0 -1
2195 12 7 1 0
2196 89 18 -1 0
2197 17 31 0 1
2198 81 33 0 -1
2199 83 11 -1 0
2200 12 18 1 0
2201 41 28 -1 0
2202 58 25 0 1
2203 7 24 0 1
2204 36 22 0 1
2205 60 21 0 1
2206 91 34 -1 0
2207 74 30 -1 0
2208 65 28 0 1
2209 38 14 -1 0
2210 91 13 1 0
2211 88 14 0 -1
2212 74 16 0 1
2213 33 8 0 1
2214 52 14 1 0
2215 34 19 0 1
2216 59 14 -1 0
2217 53 5 1 0
2218 87 19 0 1
2219 56 35 0 1
2220 31 9 -1 0
2221 67 2 1 0
2222 42 0 -1 0
2223 59 10 -1 0
2224 16 3 -1 0
2225 74 27 0 -1
2226 19 19 1 0
2227 21 1 0 1
2228 6 33 1 0
2229 29 1 0 -1
2230 25 1 0 1
2231 94 19 0 -1
2232 69 13 0 1
2233 84 27 0 -1
2234 65 39 0 1
2235 2 7 -1 0
2236 51 11 0 -1
2237 46 24 -1 0
2238 27 0 1 0
2239 55 16 -1 0
2240 98 37 0 1
2241 17 15 0 1
2242 17 4 -1 0
2243 34 2 0 -1
2244 16 21 -1 0
2245 85 16 0 1
2246 4 0 1 0
2247 23 18 1 0
2248 52 38 0 -1
2249 13 10 -1 0
2250 91 2 0 -1
2251 96 30 1 0
2252 35 38 1 0
2253 44 28 -1 0
2254 23 35 1 0
2255 4 13 0 -1
2256 72 6 1 0
2257 4 23 0 1
2258 23 9 1 0
2259 25 11 0 1
2260 69 39 -1 0
2261 28 22 1 0
2262 64 35 0 -1
2263 24 11 0 1
2264 83 32 -1 0
2265 0 7 1 0
2266 32 5 1 0
2267 51 36 0 1
2268 75 30 0 1
2269 28 21 -1 0
2270 47 30 1 0
2271 35 24 -1 0
2272 22 26 1 0
2273 88 3 -1 0
2274 11 38 -1 0
2275 63 7 0 -1
2276 83 4 0 -1
2277 9 7 -1 0
2278 91 21 1 0
2279 50 39 -1 0
2280 50 2 -1 0
2281 37 38 0 -1
2282 46 7 0 -1
2283 78 6 1 0
2284 66 20 0 -1
2285 7 12 1 0
2286 91 28 0 1
2287 57 15 -1 0
2288 43 14 -1 0
2289 25 12 0 1
2290 14 14 1 0
2291 31 35 -1 0
2292 84 39 1 0
2293 59 26 -1 0
2294 99 5 -1 0
2295 90 25 0 1
2296 38 31 -1 0
2297 31 13 0 1
2298 45 36 0 1
2299 88 17 1 0
2300 91 16 0 1
2301 73 36 1 0
2302 55 9 0 1
2303 4 0 1 0
2304 34 10 0 -1
2305 30 22 1 0
2306 15 34 -1 0
2307 92 33 0 -1
2308 92 12 0 -1
2309 50 4 0 1
2310 45 35 -1 0
2311 51 3 1 0
2312 35 5 0 -1
2313 7 10 0 1
2314 41 27 0 -1
2315 91 12 1 0
2316 1 13 0 1
2317 82 20 0 -1
2318 8 11 0 1
2319 78 26 1 0
2320 3 27 0 1
2321 34 11 0 -1
2322 97 6 -1 0
2323 37 16 0 1
2324 26 25 0 -1
2325 22 6 0 -1
2326 88 12 0 1
2327 73 23 1 0
2328 42 31 -1 0
2329 6 36 -1 0
2330 50 10 0 -1
2331 95 18 -1 0
2332 88 0 1 0
2333 36 33 0 -1
2334 96 12 0 -1
2335 1 22 -1 0
2336 92 34 1 0
2337 91 18 1 0
2338 58 18 0 -1
2339 5 14 0 1
2340 73 20 0 -1
2341 56 27 0 -1
2342 26 10 1 0
2343 91 38 0 1
2344 8 28 -1 0
2345 88 15 0 -1
2346 94 23 -1 0
2347 27 18 1 0
2348 5 39 0 1
2349 13 38 -1 0
2350 82 13 1 0
2351 12 32 1 0
2352 2 39 -1 0
2353 93 28 0 -1
2354 82 37 -1 0
2355 72 13 1 0
2356 49 3 0 -1
2357 36 30 -1 0
2358 53 22 1 0
2359 29 9 0 1
2360 79 25 0 1
2361 42 20 0 -1
2362 67 22 1 0
2363 63 11 0 1
2364 18 3 -1 0
2365 86 1 1 0
2366 75 13 0 -1
2367 17 26 0 -1
2368 47 30 1 0
2369 90 31 1 0
2370 89 7 0 1
2371 51 34 0 1
2372 91 1 -1 0
2373 24 33 -1 0
2374 63 2 -1 0
2375 68 3 0 -1
2376 89 15 1 0
2377 27 19 0 -1
2378 40 12 0 -1
2379 34 15 -1 0
2380 2 20 -1 0
2381 3 15 1 0
2382 26 2 0 1
2383 29 16 -1 0
2384 48 25 0 -1
2385 23 12 -1 0
2386 39 24 -1 0
2387 23 11 0 -1
2388 26 27 0 -1
2389 11 28 0 1
2390 32 31 1 0
2391 85 1 1 0
2392 80 3 0 1
2393 44 17 0 -1
2394 35 5 0 -1
2395 0 18 1 0
2396 35 20 0 1
2397 29 20 0 1
2398 30 20 1 0
2399 12 20 1 0
2400 13 0 1 0
2401 76 36 0 1
2402 87 3 1 0
2403 41 2 0 -1
2404 11 19 -1 0
2405 20 6 0 -1
2406 1 32 0 -1
2407 49 8 0 1
2408 1 4 1 0
2409 73 3 0 -1
2410 86 30 1 0
2411 46 18 0 -1
2412 64 23 0 1
2413 48 16 0 1
2414 41 37 -1 0
2415 64 9 1 0
2416 18 12 -1 0
2417 69 30 1 0
2418 9 11 1 0
2419 38 6 0 -1
2420 42 13 0 -1
2421 46 14 -1 0
2422 65 27 0 -1
2423 26 35 1 0
2424 78 24 0 1
2425 23 26 0 1
2426 46 10 0 1
2427 20 17 1 0
2428 18 20 1 0
2429 97 8 1 0
2430 63 4 0 1
2431 99 32 -1 0
2432 85 10 1 0
2433 50 36 0 -1
2434 65 22 0 -1
2435 37 21 0 -1
2436 99 6 0 1
2437 61 1 -1 0
2438 86 15 -1 0
2439 63 16 -1 0
2440 93 8 1 0
2441 68 25 0 -1
2442 48 29 1 0
2443 75 12 0 -1
2444 80 20 1 0
2445 79 37 0 1
2446 53 1 0 1
2447 34 19 0 -1
2448 79 33 1 0
2449 9 2 1 0
2450 79 0 -1 0
2451 71 1 1 0
2452 32 39 1 0
2453 99 32 1 0
2454 89 8 -1 0
2455 70 34 -1 0
2456 14 16 0 -1
2457 75 14 0 -1
2458 8 21 0 1
2459 26 3 0 -1
2460 54 35 -1 0
2461 51 30 0 1
2462 95 17 0 1
2463 32 6 0 1
2464 47 28 0 1
2465 39 8 -1 0
2466 53 19 -1 0
2467 64 33 0 1
2468 17 28 0 1
2469 7 3 1 0
2470 62 36 0 1
2471 6 37 0 -1
2472 98 31 0 -1
2473 14 25 0 1
2474 71 8 -1 0
2475 78 32 -1 0
2476 55 29 -1 0
2477 49 0 -1 0
2478 56 17 1 0
2479 94 16 1 0
2480 37 31 0 -1
2481 32 17 0 1
2482 38 6 1 0
2483 93 15 0 -1
2484 58 16 1 0
2485 78 11 -1 0
2486 9 38 1 0
2487 40 1 0 1
2488 10 6 0 -1
2489 1 4 -1 0
2490 78 19 0 -1
2491 25 28 0 -1
2492 58 26 1 0
2493 32 15 0 1
2494 79 1 1 0
2495 88 7 0 1
2496 71 21 0 -1
2497 24 7 0 1
2498 69 28 0 -1
2499 23 30 1 0
2500 44 35 1 0
2501 20 3 0 -1
2502 59 25 -1 0
2503 29 0 0 1
2504 32 23 -1 0
2505 88 37 0 1
2506 85 1 0 1
2507 84 14 0 1
2508 1 19 1 0
2509 88 29 1 0
2510 15 39 1 0
2511 52 12 -1 0
2512 98 34 0 -1
2513 57 31 -1 0
2514 23 7 1 0
2515 36 23 1 0
2516 67 27 0 1
2517 54 2 0 1
2518 55 7 -1 0
2519 35 13 0 1
2520 77 19 0 -1
2521 60 16 1 0
2522 22 2 -1 0
2523 5 18 0 -1
2524 14 10 0 1
2525 93 23 1 0
2526 85 22 0 1
2527 71 16 0 -1
2528 31 19 0 -1
2529 45 16 -1 0
2530 44 34 -1 0
2531 45 30 0 1
2532 14 14 -1 0
2533 77 23 1 0
2534 92 10 0 -1
2535 78 4 1 0
2536 76 31 0 1
2537 49 10 -1 0
2538 52 0 -1 0
2539 86 0 -1 0
2540 82 18 0 -1
2541 48 24 -1 0
2542 77 32 0 -1
2543 67 4 1 0
2544 89 25 0 1
2545 17 34 0 -1
2546 5 37 -1 0
2547 8 1 0 -1
2548 46 26 0 1
2549 65 6 0 -1
2550 33 17 -1 0
2551 55 26 0 1
2552 43 19 0 1
2553 89 22 1 0
2554 45 34 -1 0
2555 45 29 -1 0
2556 79 28 0 1
2557 26 30 0 1
2558 22 12 -1 0
2559 31 11 0 -1
2560 19 15 0 -1
2561 10 36 0 -1
2562 4 3 -1 0
2563 77 38 0 1
2564 75 19 -1 0
2565 30 13 1 0
2566 48 5 -1 0
2567 5 26 0 1
2568 44 14 0 -1
2569 34 32 0 -1
2570 48 38 0 1
2571 77 28 0 1
2572 13 14 1 0
2573 16 23 1 0
2574 19 13 -1 0
2575 38 8 -1 0
2576 95 33 1 0
2577 49 34 1 0
2578 5 21 -1 0
2579 61 4 0 -1
2580 6 23 0 -1
2581 57 32 -1 0
2582 82 35 0 -1
2583 8 36 0 -1
2584 2 8 -1 0
2585 43 1 1 0
2586 89 0 0 1
2587 70 7 0 -1
2588 48 22 -1 0
2589 81 15 1 0
2590 16 5 -1 0
2591 95 25 -1 0
2592 37 38 -1 0
2593 44 12 0 1
2594 87 31 0 1
2595 85 37 -1 0
2596 59 2 0 -1
2597 95 2 -1 0
2598 74 10 1 0
2599 20 18 1 0
2600 22 32 0 -1
2601 40 26 -1 0
2602 82 25 0 1
2603 24 31 -1 0
2604 57 39 1 0
2605 96 21 1 0
2606 35 25 0 1
2607 7 17 0 -1
2608 61 39 0 1
2609 84 34 0 -1
2610 84 31 0 -1
2611 18 22 1 0
2612 95 3 0 -1
2613 11 4 -1 0
2614 79 35 0 1
2615 82 21 1 0
2616 19 32 0 -1
2617 5 12 -1 0
2618 28 12 1 0
2619 33 22 1 0
2620 26 20 -1 0
2621 93 14 0 -1
2622 18 17 1 0
2623 78 19 0 -1
2624 68 15 0 -1
2625 12 11 -1 0
2626 62 15 -1 0
2627 34 22 0 1
2628 20 20 -1 0
2629 93 5 0 -1
2630 20 0 0 1
2631 69 24 1 0
2632 28 22 0 1
2633 14 17 0 1
2634 93 9 0 1
2635 32 33 -1 0
2636 24 25 1 0
2637 21 39 0 1
2638 27 18 -1 0
2639 65 38 -1 0
2640 20 1 1 0
2641 37 36 -1 0
2642 92 12 -1 0
2643 96 3 1 0
2644 45 26 -1 0
2645 84 29 -1 0
2646 92 11 0 -1
2647 31 31 1 0
2648 56 22 0 -1
2649 22 19 0 1
2650 2 15 0 -1
2651 12 1 0 -1
2652 44 3 0 -1
2653 22 35 0 1
2654 43 15 0 -1
2655 65 29 0 -1
2656 34 30 0 -1
2657 67 26 1 0
2658 35 4 0 1
2659 98 29 0 -1
2660 38 25 0 -1
2661 55 34 -1 0
2662 88 4 0 1
2663 64 25 1 0
2664 41 0 -1 0
2665 24 13 1 0
2666 82 27 -1 0
2667 76 32 0 -1
2668 81 11 0 1
2669 71 15 0 -1
2670 5 2 0 -1
2671 28 7 1 0
2672 82 14 -1 0
2673 20 29 -1 0
2674 48 13 1 0
2675 81 1 0 -1
2676 57 10 0 1
2677 79 15 0 1
2678 62 8 1 0
2679 76 37 0 1
2680 29 16 0 1
2681 39 5 0 1
2682 10 33 1 0
2683 77 0 0 -1
2684 14 18 -1 0
2685 22 3 0 1
2686 39 29 0 -1
2687 45 29 0 -1
2688 39 27 -1 0
2689 4 22 1 0
2690 29 9 0 1
2691 59 28 0 -1
2692 70 8 1 0
2693 35 22 -1 0
2694 48 33 0 1
2695 5 22 1 0
2696 63 11 1 0
2697 52 19 0 1
2698 66 21 -1 0
2699 60 2 0 -1
2700 77 9 -1 0
2701 58 4 0 -1
2702 48 14 1 0
2703 92 0 -1 0
2704 7 23 0 1
2705 69 19 0 1
2706 64 29 -1 0
2707 9 12 0 1
2708 67 15 0 1
2709 74 8 1 0
2710 45 3 -1 0
2711 59 31 -1 0
2712 11 36 0 -1
2713 80 9 -1 0
2714 3 12 -1 0
2715 27 12 1 0
2716 45 25 0 -1
2717 60 32 1 0
2718 77 22 1 0
2719 24 20 1 0
2720 27 3 1 0
2721 50 27 -1 0
2722 92 1 -1 0
2723 55 37 1 0
2724 43 17 1 0
2725 67 15 -1 0
2726 55 36 1 0
2727 58 35 0 1
2728 20 35 0 -1
2729 64 8 -1 0
2730 60 32 -1 0
2731 13 6 1 0
2732 25 23 0 -1
2733 30 15 0 -1
2734 98 38 0 -1
2735 21 8 0 -1
2736 95 21 0 -1
2737 63 27 1 0
2738 29 33 1 0
2739 26 15 0 1
2740 32 10 0 1
2741 80 25 0 -1
2742 90 4 0 1
2743 9 18 0 -1
2744 9 33 -1 0
2745 25 24 -1 0
2746 19 22 0 -1
2747 19 0 0 -1
2748 91 15 0 1
2749 1 23 0 1
2750 3 15 -1 0
2751 75 7 0 1
2752 41 39 0 1
2753 46 11 0 -1
2754 60 10 0 1
2755 78 24 -1 0
2756 64 33 -1 0
2757 62 30 0 1
2758 51 32 0 -1
2759 88 21 1 0
2760 2 13 0 1
2761 91 33 1 0
2762 51 16 0 1
2763 62 16 1 0
2764 19 4 0 1
2765 3 23 -1 0
2766 13 36 0 1
2767 28 38 1 0
2768 96 9 0 1
2769 79 19 0 -1
2770 89 11 0 -1
2771 92 1 -1 0
2772 37 11 -1 0
2773 17 29 0 1
2774 44 6 -1 0
2775 12 27 1 0
2776 86 34 0 1
2777 51 15 1 0
2778 45 5 0 1
2779 67 15 0 -1
2780 88 6 -1 0
2781 92 17 0 1
2782 22 20 0 -1
2783 75 19 1 0
2784 12 6 1 0
2785 13 25 0 -1
2786 87 37 1 0
2787 59 6 -1 0
2788 37 20 1 0
2789 29 19 -1 0
2790 58 3 -1 0
2791 85 32 1 0
2792 1 1 0 -1
2793 31 0 -1 0
2794 19 28 0 -1
2795 1 7 0 -1
2796 26 14 1 0
2797 83 31 0 -1
2798 82 16 0 -1
2799 20 39 -1 0
