0 46 20 0 -1
1 85 19 0 -1
2 45 33 -1 0
3 5 19 0 1
4 10 2 -1 0
5 21 37 1 0
6 52 19 -1 0
7 29 1 0 -1
8 20 39 0 1
9 18 18 1 0
10 13 15 0 1
11 45 18 -1 0
12 39 17 0 -1
13 42 39 0 -1
14 86 36 0 1
15 36 19 1 0
16 83 2 0 -1
17 39 38 0 1
18 24 39 1 0
19 0 1 0 -1
20 98 13 -1 0
21 50 23 0 1
22 89 29 0 1
23 12 4 0 1
24 48 13 1 0
25 76 10 0 -1
26 15 13 0 1
27 2 2 0 1
28 28 20 -1 0
29 2 36 -1 0
30 22 14 1 0
31 2 10 0 -1
32 50 38 0 1
33 51 9 0 -1
34 40 18 0 1
35 31 28 0 1
36 62 30 0 -1
37 86 11 0 1
38 39 28 -1 0
39 41 24 -1 0
40 45 22 1 0
41 42 24 0 -1
42 52 18 -1 0
43 43 5 -1 0
44 50 22 0 1
45 87 33 1 0
46 25 20 -1 0
47 19 15 0 1
48 74 28 1 0
49 14 13 0 -1
50 29 32 1 0
51 13 6 0 -1
52 20 32 0 1
53 93 31 0 1
54 26 33 -1 0
55 25 22 1 0
56 40 37 0 -1
57 45 0 -1 0
58 48 7 -1 0
59 22 10 -1 0
60 25 28 1 0
61 21 21 0 -1
62 46 35 1 0
63 19 19 -1 0
64 96 21 0 1
65 32 23 1 0
66 95 39 1 0
67 37 18 0 1
68 28 3 1 0
69 90 21 0 1
70 22 31 0 1
71 44 0 0 1
72 29 10 0 1
73 93 28 0 1
74 45 26 0 -1
75 43 7 0 -1
76 19 22 0 -1
77 92 1 0 1
78 42 21 -1 0
79 42 3 0 1
80 0 38 0 1
81 24 13 0 1
82 84 14 -1 0
83 24 30 -1 0
84 6 20 0 1
85 62 4 0 -1
86 22 3 -1 0
87 89 26 -1 0
88 19 7 -1 0
89 26 18 0 1
90 72 4 -1 0
91 24 16 1 0
92 10 23 0 -1
93 95 10 1 0
94 56 35 0 -1
95 39 36 1 0
96 5 34 -1 0
97 89 18 0 1
98 15 6 -1 0
99 37 11 -1 0
100 80 31 -1 0
101 14 0 -1 0
102 18 15 -1 0
103 24 8 0 1
104 27 30 1 0
105 26 17 -1 0
106 15 37 1 0
107 22 14 0 1
108 47 36 0 1
109 36 24 0 1
110 73 3 1 0
111 43 28 -1 0
112 17 27 1 0
113 86 5 0 -1
114 40 13 1 0
115 37 14 1 0
116 86 17 0 1
117 40 7 1 0
118 20 38 0 1
119 25 0 -1 0
120 23 15 0 -1
121 43 2 0 1
122 47 27 1 0
123 39 34 -1 0
124 85 39 0 -1
125 13 30 0 -1
126 40 25 0 -1
127 40 9 1 0
128 40 37 -1 0
129 30 14 -1 0
130 45 21 0 -1
131 23 13 0 -1
132 47 39 0 1
133 77 33 -1 0
134 26 20 0 1
135 41 21 -1 0
136 9 7 0 -1
137 46 21 -1 0
138 38 35 1 0
139 38 8 0 -1
140 92 19 0 1
141 18 27 0 -1
142 71 31 -1 0
143 27 29 0 -1
144 25 34 -1 0
145 79 8 0 -1
146 95 22 0 1
147 21 39 0 -1
148 9 26 1 0
149 30 32 -1 0
150 92 5 1 0
151 86 37 -1 0
152 26 29 0 1
153 87 34 -1 0
154 48 1 -1 0
155 97 0 0 1
156 8 9 -1 0
157 94 14 0 1
158 13 25 0 -1
159 14 24 -1 0
160 80 31 1 0
161 28 12 0 1
162 43 13 -1 0
163 26 5 0 1
164 26 37 0 -1
165 25 32 -1 0
166 51 27 0 -1
167 9 6 -1 0
168 19 9 1 0
169 77 37 0 1
170 13 21 -1 0
171 64 15 -1 0
172 35 33 1 0
173 95 5 1 0
174 38 25 0 1
175 43 7 -1 0
176 17 29 0 1
177 14 5 -1 0
178 30 31 1 0
179 22 18 1 0
180 41 12 -1 0
181 0 12 -1 0
182 38 25 -1 0
183 36 33 -1 0
184 14 39 1 0
185 20 20 1 0
186 16 14 1 0
187 6 22 -1 0
188 38 31 -1 0
189 38 38 -1 0
190 42 31 -1 0
191 93 12 0 1
192 62 28 1 0
193 3 6 0 -1
194 49 22 0 -1
195 21 33 0 1
196 40 21 0 -1
197 19 5 0 1
198 24 0 -1 0
199 53 34 -1 0
200 12 20 -1 0
201 11 34 1 0
202 70 0 0 1
203 84 32 0 1
204 44 27 1 0
205 75 39 -1 0
206 64 20 0 -1
207 19 20 -1 0
208 42 29 1 0
209 30 2 -1 0
210 67 17 1 0
211 89 3 0 1
212 22 14 0 -1
213 16 11 1 0
214 43 19 0 -1
215 10 7 -1 0
216 36 18 1 0
217 82 7 1 0
218 89 14 0 -1
219 0 10 -1 0
220 40 1 0 1
221 5 20 -1 0
222 9 1 0 -1
223 46 7 0 1
224 74 27 -1 0
225 0 36 0 1
226 42 23 0 1
227 20 6 0 -1
228 97 20 1 0
229 93 7 -1 0
230 24 15 0 -1
231 11 18 0 -1
232 31 7 0 -1
233 51 34 -1 0
234 20 18 1 0
235 74 31 -1 0
236 70 2 0 -1
237 43 36 0 1
238 30 17 -1 0
239 40 28 0 1
240 15 32 0 -1
241 57 17 0 1
242 41 24 0 -1
243 52 15 1 0
244 39 31 0 -1
245 31 11 -1 0
246 14 3 -1 0
247 71 24 0 1
248 22 23 -1 0
249 93 25 1 0
250 97 13 -1 0
251 30 34 0 -1
252 37 10 0 1
253 72 8 0 -1
254 14 28 0 1
255 26 31 0 1
256 89 17 -1 0
257 42 11 0 -1
258 15 11 1 0
259 83 30 0 1
260 39 12 0 -1
261 16 24 0 -1
262 24 21 1 0
263 90 33 0 1
264 42 14 -1 0
265 86 36 -1 0
266 54 28 -1 0
267 24 22 0 -1
268 24 1 0 1
269 64 18 0 -1
270 12 31 0 -1
271 72 31 1 0
272 60 19 1 0
273 21 6 0 1
274 11 39 -1 0
275 15 36 -1 0
276 5 26 0 1
277 85 22 0 -1
278 47 32 1 0
279 25 18 0 -1
280 50 28 0 1
281 68 37 0 -1
282 9 3 0 -1
283 30 16 0 1
284 14 37 0 -1
285 87 7 1 0
286 20 0 0 -1
287 44 2 -1 0
288 25 35 0 -1
289 49 34 0 1
290 86 10 1 0
291 15 37 -1 0
292 11 3 0 -1
293 29 20 -1 0
294 54 0 -1 0
295 95 12 1 0
296 36 37 -1 0
297 28 17 -1 0
298 40 32 0 -1
299 37 29 1 0
300 11 17 0 1
301 23 39 -1 0
302 78 4 -1 0
303 17 20 0 1
304 18 31 1 0
305 8 12 0 -1
306 26 26 -1 0
307 45 6 -1 0
308 28 1 0 -1
309 40 0 1 0
310 14 22 1 0
311 20 16 -1 0
312 68 11 0 -1
313 69 39 1 0
314 89 4 0 1
315 48 24 1 0
316 91 17 0 1
317 43 23 0 1
318 65 9 1 0
319 7 22 0 -1
320 36 12 1 0
321 69 35 0 1
322 86 4 0 -1
323 44 21 0 1
324 19 19 1 0
325 65 8 1 0
326 20 27 1 0
327 45 36 0 1
328 39 2 0 1
329 31 10 -1 0
330 90 34 0 -1
331 42 23 1 0
332 22 15 -1 0
333 6 39 -1 0
334 10 22 -1 0
335 49 1 -1 0
336 24 27 1 0
337 53 29 -1 0
338 42 28 1 0
339 7 37 -1 0
340 69 27 1 0
341 83 1 0 1
342 24 27 0 -1
343 35 27 0 1
344 24 19 1 0
345 29 3 0 1
346 38 38 0 1
347 91 36 0 1
348 57 7 -1 0
349 7 16 1 0
350 49 21 1 0
351 43 37 0 1
352 42 19 0 -1
353 9 24 -1 0
354 11 15 0 1
355 45 5 -1 0
356 2 21 1 0
357 48 7 1 0
358 84 19 1 0
359 23 3 0 -1
360 23 28 0 1
361 42 36 -1 0
362 96 31 0 1
363 49 21 0 -1
364 25 33 0 1
365 4 17 0 1
366 14 23 0 -1
367 24 31 1 0
368 87 3 1 0
369 73 19 1 0
370 57 12 1 0
371 19 1 0 1
372 92 10 -1 0
373 37 34 0 -1
374 68 35 -1 0
375 42 3 -1 0
376 2 9 0 -1
377 20 1 0 -1
378 38 20 1 0
379 36 24 -1 0
380 17 16 -1 0
381 38 26 0 1
382 54 29 -1 0
383 38 12 0 -1
384 13 22 1 0
385 28 35 0 1
386 55 9 0 -1
387 95 24 0 -1
388 35 0 1 0
389 21 10 0 -1
390 42 24 -1 0
391 34 13 0 -1
392 57 2 1 0
393 44 37 1 0
394 88 9 -1 0
395 25 5 -1 0
396 12 7 0 1
397 79 28 1 0
398 83 27 0 1
399 55 4 0 -1
400 39 32 1 0
401 12 28 1 0
402 3 30 1 0
403 86 7 0 1
404 28 14 0 1
405 16 0 -1 0
406 28 12 0 1
407 44 14 0 1
408 26 14 -1 0
409 12 23 1 0
410 96 26 -1 0
411 37 1 1 0
412 75 14 1 0
413 42 6 -1 0
414 85 27 0 1
415 18 2 0 1
416 9 27 0 -1
417 41 23 1 0
418 43 21 -1 0
419 37 8 1 0
420 89 30 0 -1
421 20 29 0 -1
422 80 25 -1 0
423 38 2 0 -1
424 4 31 0 -1
425 72 30 -1 0
426 37 9 -1 0
427 20 36 0 -1
428 50 0 0 -1
429 28 12 1 0
430 44 19 1 0
431 71 20 1 0
432 31 28 0 1
433 98 38 1 0
434 49 31 -1 0
435 25 28 -1 0
436 3 27 0 1
437 42 7 1 0
438 79 15 0 1
439 71 26 0 -1
440 38 36 0 -1
441 38 11 0 1
442 41 4 0 1
443 63 15 0 1
444 37 9 0 -1
445 25 31 1 0
446 63 11 0 1
447 55 19 0 -1
448 41 28 1 0
449 48 19 0 1
450 29 7 0 1
451 89 23 1 0
452 25 30 1 0
453 94 29 1 0
454 39 19 -1 0
455 50 32 -1 0
456 23 31 1 0
457 51 3 0 1
458 27 17 0 -1
459 61 3 1 0
460 14 35 -1 0
461 24 16 1 0
462 56 27 1 0
463 31 36 1 0
464 89 26 1 0
465 41 34 0 -1
466 97 4 1 0
467 35 25 1 0
468 88 25 0 -1
469 0 34 -1 0
470 57 7 0 -1
471 27 32 0 -1
472 97 2 1 0
473 55 24 1 0
474 20 35 0 1
475 80 9 0 -1
476 55 38 -1 0
477 74 37 -1 0
478 99 33 -1 0
479 16 7 -1 0
480 76 6 -1 0
481 15 1 0 1
482 83 31 0 -1
483 26 10 1 0
484 38 31 1 0
485 36 23 -1 0
486 31 27 -1 0
487 62 31 0 -1
488 99 30 -1 0
489 9 5 -1 0
490 39 39 0 1
491 25 21 0 -1
492 83 17 1 0
493 29 33 1 0
494 18 35 -1 0
495 40 8 -1 0
496 55 15 -1 0
497 23 30 0 1
498 44 7 0 -1
499 75 34 1 0
500 16 6 -1 0
501 38 7 1 0
502 25 0 -1 0
503 30 17 0 1
504 12 4 0 1
505 16 38 1 0
506 86 36 0 1
507 40 1 -1 0
508 27 17 -1 0
509 13 9 -1 0
510 65 2 0 -1
511 45 12 0 1
512 56 29 0 -1
513 44 4 0 -1
514 20 0 0 -1
515 31 28 0 -1
516 1 36 1 0
517 24 22 1 0
518 43 17 0 -1
519 40 21 0 -1
520 41 29 0 -1
521 66 1 0 1
522 25 5 0 1
523 14 3 0 1
524 10 31 0 1
525 29 24 0 1
526 60 8 -1 0
527 72 31 0 1
528 20 0 0 1
529 23 4 0 1
530 45 21 1 0
531 34 31 0 1
532 54 25 -1 0
533 37 6 0 1
534 66 20 -1 0
535 93 30 0 1
536 30 26 0 1
537 30 21 1 0
538 40 18 0 1
539 52 12 0 -1
540 23 1 0 1
541 98 21 -1 0
542 9 34 -1 0
543 45 30 0 -1
544 13 39 -1 0
545 1 21 0 1
546 20 22 0 -1
547 26 23 0 1
548 47 19 -1 0
549 55 16 0 1
550 72 6 1 0
551 39 28 0 -1
552 39 1 0 1
553 8 2 0 -1
554 26 13 1 0
555 53 22 -1 0
556 89 15 0 1
557 5 23 0 -1
558 88 11 -1 0
559 20 10 0 -1
560 16 20 1 0
561 49 23 0 -1
562 28 8 0 -1
563 39 13 0 1
564 2 20 0 -1
565 42 7 1 0
566 58 25 0 -1
567 22 15 1 0
568 39 23 0 1
569 48 14 -1 0
570 37 10 -1 0
571 80 33 1 0
572 47 14 -1 0
573 60 38 0 1
574 92 14 0 1
575 88 22 -1 0
576 3 34 -1 0
577 56 37 1 0
578 48 25 1 0
579 23 35 0 1
580 27 16 0 -1
581 55 12 0 -1
582 82 0 0 1
583 80 15 0 -1
584 27 9 -1 0
585 37 5 -1 0
586 24 19 1 0
587 28 27 1 0
588 12 25 1 0
589 99 26 -1 0
590 27 2 0 1
591 23 28 0 -1
592 54 15 0 -1
593 40 22 1 0
594 16 34 0 -1
595 29 4 0 -1
596 20 20 0 1
597 46 22 -1 0
598 8 18 0 1
599 79 5 1 0
600 26 3 -1 0
601 27 38 0 1
602 40 34 0 1
603 64 27 1 0
604 60 9 -1 0
605 19 8 -1 0
606 24 25 0 1
607 7 19 0 1
608 4 13 0 1
609 13 21 0 -1
610 92 23 1 0
611 17 23 1 0
612 23 3 0 1
613 11 36 -1 0
614 13 0 1 0
615 28 5 1 0
616 38 35 0 -1
617 88 2 0 -1
618 25 17 0 1
619 40 4 1 0
620 56 31 1 0
621 64 23 0 1
622 21 3 1 0
623 87 20 -1 0
624 24 23 1 0
625 16 18 -1 0
626 12 12 0 1
627 75 17 -1 0
628 85 20 1 0
629 36 23 0 1
630 91 27 -1 0
631 11 6 0 1
632 71 31 0 1
633 23 13 1 0
634 56 18 0 -1
635 30 33 -1 0
636 96 18 -1 0
637 16 11 0 1
638 28 11 -1 0
639 96 23 -1 0
640 90 0 1 0
641 9 30 0 -1
642 25 7 0 -1
643 61 18 0 -1
644 22 9 0 1
645 41 23 1 0
646 38 14 1 0
647 38 0 -1 0
648 15 6 0 -1
649 25 29 -1 0
650 31 30 0 1
651 42 5 -1 0
652 23 39 0 1
653 26 34 0 -1
654 58 7 0 -1
655 6 22 1 0
656 87 14 0 1
657 96 12 0 -1
658 91 13 0 -1
659 37 2 1 0
660 37 33 -1 0
661 37 18 0 -1
662 16 1 0 -1
663 75 28 -1 0
664 22 1 0 -1
665 63 16 0 -1
666 5 4 -1 0
667 25 16 -1 0
668 92 2 0 -1
669 30 28 0 -1
670 16 12 0 -1
671 85 37 0 -1
672 45 31 0 1
673 43 22 1 0
674 18 2 0 -1
675 75 38 -1 0
676 93 30 1 0
677 92 2 0 1
678 26 30 0 -1
679 27 6 0 -1
680 91 39 0 1
681 25 27 -1 0
682 35 39 1 0
683 81 10 0 -1
684 42 30 0 -1
685 25 29 1 0
686 26 21 1 0
687 97 15 -1 0
688 78 3 0 1
689 18 8 0 1
690 28 23 0 -1
691 38 11 -1 0
692 8 7 1 0
693 25 18 0 1
694 39 7 0 1
695 4 24 -1 0
696 74 15 1 0
697 40 33 0 1
698 30 39 1 0
699 63 36 -1 0
700 43 37 -1 0
701 76 13 -1 0
702 27 0 0 -1
703 81 10 0 -1
704 39 37 1 0
705 77 12 0 1
706 48 3 0 1
707 17 0 -1 0
708 3 21 1 0
709 89 17 0 -1
710 78 29 0 1
711 16 26 1 0
712 55 16 -1 0
713 96 22 0 1
714 78 14 0 -1
715 37 38 -1 0
716 37 22 -1 0
717 25 2 0 -1
718 85 0 0 -1
719 26 32 0 -1
720 42 20 0 1
721 91 31 1 0
722 12 26 -1 0
723 25 14 0 -1
724 40 12 -1 0
725 25 25 0 -1
726 53 15 0 -1
727 28 20 1 0
728 19 38 -1 0
729 72 21 -1 0
730 28 1 1 0
731 78 5 -1 0
732 69 16 0 1
733 68 5 1 0
734 41 29 1 0
735 40 30 0 1
736 77 17 -1 0
737 28 30 0 1
738 48 30 0 1
739 38 1 1 0
740 58 4 1 0
741 40 36 1 0
742 36 1 -1 0
743 47 13 0 -1
744 29 2 1 0
745 62 26 0 1
746 38 34 0 -1
747 27 12 0 1
748 6 14 0 -1
749 28 13 0 -1
750 9 4 1 0
751 46 26 -1 0
752 35 14 0 -1
753 1 9 0 -1
754 95 39 -1 0
755 27 34 0 -1
756 23 30 0 1
757 43 7 -1 0
758 43 27 -1 0
759 24 14 0 1
760 3 14 1 0
761 44 15 0 -1
762 42 11 0 1
763 27 23 -1 0
764 58 7 -1 0
765 84 0 -1 0
766 13 1 -1 0
767 1 28 1 0
768 44 0 -1 0
769 29 12 0 1
770 40 38 1 0
771 19 31 -1 0
772 77 32 1 0
773 0 27 0 1
774 90 20 0 -1
775 43 4 0 1
776 43 25 0 1
777 46 12 0 1
778 52 0 0 1
779 45 4 -1 0
780 16 30 0 1
781 44 37 0 -1
782 55 26 -1 0
783 96 8 0 1
784 28 37 0 -1
785 98 25 0 1
786 39 28 0 1
787 99 4 0 -1
788 85 17 1 0
789 40 7 1 0
790 27 15 0 1
791 94 22 -1 0
792 26 15 1 0
793 10 31 0 -1
794 68 10 1 0
795 99 3 0 -1
796 13 17 1 0
797 24 33 0 1
798 51 39 0 -1
799 15 30 0 1
800 0 4 -1 0
801 11 24 1 0
802 14 20 0 1
803 70 6 0 1
804 28 16 0 -1
805 23 17 0 1
806 83 34 0 1
807 42 21 1 0
808 91 17 1 0
809 47 13 1 0
810 26 16 1 0
811 96 37 -1 0
812 24 35 0 -1
813 28 0 0 1
814 48 34 0 -1
815 26 16 1 0
816 85 5 0 1
817 40 27 1 0
818 5 32 0 -1
819 31 19 0 -1
820 29 31 0 1
821 38 1 0 1
822 36 22 -1 0
823 71 38 0 -1
824 5 1 0 1
825 31 11 0 -1
826 27 14 -1 0
827 57 32 1 0
828 40 11 0 1
829 69 4 0 -1
830 29 25 -1 0
831 51 14 1 0
832 41 38 1 0
833 28 34 -1 0
834 69 20 -1 0
835 84 12 0 1
836 22 5 0 -1
837 24 1 0 1
838 29 13 0 1
839 41 21 -1 0
840 70 34 0 -1
841 42 21 -1 0
842 52 25 0 -1
843 14 21 0 1
844 92 4 0 -1
845 53 38 0 -1
846 29 11 0 1
847 9 4 0 -1
848 87 14 0 -1
849 43 14 0 1
850 48 27 0 -1
851 50 4 0 -1
852 48 39 -1 0
853 42 35 -1 0
854 51 23 0 1
855 24 16 1 0
856 22 8 0 -1
857 89 24 -1 0
858 44 6 -1 0
859 4 18 0 1
860 79 18 0 1
861 43 8 0 1
862 25 15 1 0
863 6 26 0 -1
864 17 34 0 -1
865 39 2 0 -1
866 27 18 -1 0
867 76 9 -1 0
868 38 33 -1 0
869 57 35 0 1
870 54 7 1 0
871 7 31 -1 0
872 58 0 0 -1
873 78 15 0 1
874 25 22 0 -1
875 13 17 0 1
876 45 30 0 -1
877 94 20 1 0
878 91 5 0 1
879 2 15 0 -1
880 89 29 0 -1
881 24 17 1 0
882 56 17 -1 0
883 45 19 0 -1
884 57 6 0 1
885 22 31 0 1
886 61 39 -1 0
887 24 14 0 1
888 94 25 0 -1
889 92 14 0 1
890 42 13 0 -1
891 30 26 1 0
892 18 15 1 0
893 28 34 0 -1
894 37 17 1 0
895 41 22 1 0
896 20 35 1 0
897 86 18 0 1
898 85 21 1 0
899 6 12 0 -1
900 97 10 1 0
901 8 13 -1 0
902 78 23 -1 0
903 40 14 -1 0
904 36 23 0 1
905 55 14 0 1
906 57 24 0 1
907 56 16 0 -1
908 83 9 0 1
909 40 36 0 1
910 37 20 0 1
911 32 6 0 1
912 12 3 -1 0
913 97 21 1 0
914 19 0 1 0
915 57 16 1 0
916 41 28 0 1
917 62 1 -1 0
918 94 24 1 0
919 26 17 1 0
920 26 27 1 0
921 52 37 -1 0
922 43 2 0 1
923 5 18 0 1
924 60 17 1 0
925 24 35 1 0
926 93 37 -1 0
927 26 7 -1 0
928 0 0 0 -1
929 22 4 1 0
930 15 38 -1 0
931 18 13 0 -1
932 14 25 0 -1
933 45 35 1 0
934 24 32 -1 0
935 3 12 -1 0
936 44 30 -1 0
937 2 1 -1 0
938 47 1 0 1
939 24 20 1 0
940 93 29 0 1
941 77 10 0 1
942 16 24 0 1
943 25 15 1 0
944 22 21 0 1
945 7 26 -1 0
946 57 9 1 0
947 23 21 1 0
948 81 18 0 -1
949 45 28 -1 0
950 34 15 0 -1
951 58 26 -1 0
952 9 15 1 0
953 40 25 0 1
954 41 5 -1 0
955 67 19 1 0
956 69 3 1 0
957 50 14 0 -1
958 97 8 0 1
959 52 17 1 0
960 84 28 0 -1
961 23 0 0 1
962 85 0 0 -1
963 98 22 0 1
964 61 27 0 1
965 19 1 0 -1
966 15 17 -1 0
967 24 2 -1 0
968 18 19 0 1
969 23 27 0 1
970 40 1 1 0
971 24 18 0 -1
972 60 16 -1 0
973 36 18 0 1
974 36 38 0 -1
975 42 20 0 1
976 45 35 1 0
977 68 17 -1 0
978 44 28 0 1
979 4 13 -1 0
980 20 32 -1 0
981 55 1 -1 0
982 29 34 -1 0
983 46 17 -1 0
984 46 25 1 0
985 92 13 -1 0
986 43 10 -1 0
987 39 35 0 1
988 20 23 0 -1
989 57 7 0 1
990 16 17 0 -1
991 74 28 1 0
992 60 38 -1 0
993 21 9 1 0
994 67 9 -1 0
995 41 30 0 -1
996 64 30 -1 0
997 66 28 0 1
998 60 11 0 -1
999 43 17 0 -1
1000 78 31 0 1
1001 13 25 1 0
1002 41 27 0 1
1003 24 1 0 -1
1004 28 13 0 1
1005 98 15 0 -1
1006 25 25 -1 0
1007 43 24 1 0
1008 41 36 0 1
1009 45 28 -1 0
1010 6 39 0 1
1011 43 18 0 -1
1012 96 32 0 1
1013 42 34 1 0
1014 16 20 0 1
1015 6 29 0 -1
1016 24 8 -1 0
1017 83 20 -1 0
1018 63 35 0 1
1019 38 8 -1 0
1020 83 8 1 0
1021 69 31 0 -1
1022 66 3 1 0
1023 0 7 -1 0
1024 23 18 1 0
1025 66 22 -1 0
1026 91 11 0 1
1027 73 11 0 1
1028 46 39 1 0
1029 47 29 0 1
1030 77 21 -1 0
1031 42 17 -1 0
1032 37 25 1 0
1033 97 0 1 0
1034 87 7 0 1
1035 33 32 -1 0
1036 52 16 -1 0
1037 54 39 0 -1
1038 25 20 -1 0
1039 19 13 0 -1
1040 38 15 1 0
1041 64 20 -1 0
1042 36 4 0 1
1043 74 5 0 -1
1044 28 6 1 0
1045 18 20 1 0
1046 88 14 -1 0
1047 61 12 0 -1
1048 0 10 1 0
1049 42 34 0 1
1050 18 39 0 1
1051 88 7 1 0
1052 60 1 0 -1
1053 32 14 0 1
1054 95 13 -1 0
1055 98 33 -1 0
1056 73 14 1 0
1057 12 15 0 1
1058 94 24 0 -1
1059 38 14 0 -1
1060 45 29 1 0
1061 37 0 1 0
1062 22 33 0 1
1063 3 30 1 0
1064 42 31 1 0
1065 61 0 1 0
1066 49 4 0 1
1067 53 25 1 0
1068 27 5 1 0
1069 7 25 -1 0
1070 36 32 -1 0
1071 39 9 0 -1
1072 37 13 0 -1
1073 41 36 0 1
1074 23 9 1 0
1075 35 6 0 -1
1076 30 33 1 0
1077 8 1 -1 0
1078 27 11 0 1
1079 8 15 0 -1
1080 43 35 0 1
1081 50 13 1 0
1082 31 6 -1 0
1083 3 15 -1 0
1084 50 18 1 0
1085 80 29 0 1
1086 3 8 0 -1
1087 38 17 1 0
1088 85 27 0 -1
1089 24 15 0 1
1090 63 21 0 1
1091 24 3 -1 0
1092 44 4 1 0
1093 4 3 0 1
1094 38 18 0 1
1095 29 29 0 -1
1096 61 24 0 1
1097 40 36 -1 0
1098 26 11 1 0
1099 70 7 1 0
1100 0 8 0 1
1101 96 13 0 -1
1102 41 39 0 1
1103 4 11 0 -1
1104 54 28 1 0
1105 37 34 -1 0
1106 63 33 0 -1
1107 42 39 0 1
1108 26 16 1 0
1109 42 26 1 0
1110 31 27 0 1
1111 86 33 -1 0
1112 75 28 -1 0
1113 64 22 1 0
1114 3 19 1 0
1115 93 20 0 -1
1116 78 1 0 -1
1117 59 1 -1 0
1118 39 14 0 1
1119 36 19 0 -1
1120 68 24 0 -1
1121 72 29 -1 0
1122 20 30 0 1
1123 24 17 0 -1
1124 39 4 -1 0
1125 87 27 1 0
1126 80 20 0 1
1127 22 16 0 1
1128 71 22 0 -1
1129 94 18 0 1
1130 41 31 -1 0
1131 82 32 -1 0
1132 55 13 0 -1
1133 28 15 -1 0
1134 39 31 0 -1
1135 41 33 0 -1
1136 21 18 1 0
1137 42 36 0 -1
1138 16 28 -1 0
1139 45 16 1 0
1140 95 12 0 1
1141 44 17 0 1
1142 0 19 0 1
1143 4 13 0 -1
1144 27 16 0 -1
1145 29 11 -1 0
1146 4 23 0 -1
1147 26 12 1 0
1148 70 22 -1 0
1149 99 37 0 -1
1150 25 23 0 -1
1151 9 3 1 0
1152 76 11 0 1
1153 23 0 0 1
1154 80 26 0 1
1155 44 7 0 1
1156 43 24 0 -1
1157 27 0 -1 0
1158 59 31 0 1
1159 19 25 1 0
1160 40 27 -1 0
1161 93 4 1 0
1162 72 31 1 0
1163 69 1 0 -1
1164 21 34 -1 0
1165 0 37 1 0
1166 18 0 1 0
1167 77 30 -1 0
1168 43 2 -1 0
1169 55 38 0 1
1170 71 30 0 -1
1171 17 30 0 -1
1172 21 23 0 -1
1173 8 14 0 -1
1174 17 1 0 -1
1175 89 14 1 0
1176 23 24 0 -1
1177 83 4 1 0
1178 67 30 0 -1
1179 26 4 0 1
1180 9 20 0 1
1181 36 2 -1 0
1182 45 11 0 1
1183 3 39 -1 0
1184 25 12 1 0
1185 24 28 1 0
1186 50 20 0 1
1187 97 8 0 1
1188 64 19 0 -1
1189 24 6 -1 0
1190 11 3 1 0
1191 37 32 -1 0
1192 17 19 0 1
1193 2 17 0 1
1194 30 1 1 0
1195 27 13 0 1
1196 39 24 0 1
1197 55 36 1 0
1198 39 18 0 -1
1199 56 20 0 -1
1200 82 20 -1 0
1201 36 5 1 0
1202 2 27 -1 0
1203 87 23 0 1
1204 21 5 0 -1
1205 8 7 0 1
1206 22 8 1 0
1207 36 26 -1 0
1208 23 20 1 0
1209 45 2 0 -1
1210 42 39 0 1
1211 76 31 1 0
1212 10 38 0 -1
1213 25 6 0 1
1214 8 21 0 -1
1215 94 15 0 1
1216 51 8 -1 0
1217 63 15 0 -1
1218 54 1 1 0
1219 89 14 0 1
1220 16 37 0 1
1221 11 11 0 1
1222 12 34 1 0
1223 38 11 1 0
1224 27 19 0 -1
1225 20 17 0 -1
1226 76 20 -1 0
1227 35 18 0 1
1228 44 0 1 0
1229 47 35 -1 0
1230 98 16 1 0
1231 26 14 0 -1
1232 28 14 1 0
1233 9 6 0 -1
1234 29 14 0 -1
1235 43 17 0 1
1236 44 19 0 1
1237 9 38 -1 0
1238 31 22 -1 0
1239 23 20 0 -1
1240 23 20 0 -1
1241 2 2 0 1
1242 40 21 0 -1
1243 25 16 1 0
1244 95 25 1 0
1245 29 16 0 1
1246 57 36 1 0
1247 25 25 -1 0
1248 40 31 0 -1
1249 36 36 -1 0
1250 23 4 0 -1
1251 41 19 1 0
1252 20 11 0 1
1253 27 7 1 0
1254 23 29 -1 0
1255 28 22 0 -1
1256 22 7 1 0
1257 9 5 0 -1
1258 17 16 0 -1
1259 73 7 -1 0
1260 1 4 1 0
1261 55 15 -1 0
1262 32 22 1 0
1263 30 0 1 0
1264 91 10 0 1
1265 37 26 -1 0
1266 65 5 0 1
1267 16 21 -1 0
1268 18 38 1 0
1269 29 35 1 0
1270 63 37 0 1
1271 37 33 -1 0
1272 44 38 0 -1
1273 41 3 0 1
1274 28 21 1 0
1275 59 19 1 0
1276 48 38 1 0
1277 92 20 1 0
1278 82 3 1 0
1279 37 39 0 -1
1280 53 1 0 -1
1281 9 8 -1 0
1282 22 22 1 0
1283 92 1 1 0
1284 2 38 1 0
1285 98 31 -1 0
1286 36 0 -1 0
1287 79 37 0 1
1288 80 5 0 1
1289 37 0 -1 0
1290 23 4 0 -1
1291 13 39 0 1
1292 55 32 1 0
1293 27 1 0 1
1294 52 11 0 1
1295 15 21 0 -1
1296 26 34 0 -1
1297 8 34 0 -1
1298 75 39 0 -1
1299 51 31 0 -1
1300 87 11 0 1
1301 48 12 0 -1
1302 38 20 -1 0
1303 22 3 1 0
1304 37 23 0 1
1305 25 18 1 0
1306 27 11 0 1
1307 84 9 -1 0
1308 38 38 -1 0
1309 44 29 1 0
1310 10 6 1 0
1311 57 30 0 1
1312 89 30 0 -1
1313 37 24 0 -1
1314 54 25 1 0
1315 41 24 0 -1
1316 16 9 1 0
1317 81 17 0 1
1318 77 11 0 1
1319 66 8 -1 0
1320 29 1 1 0
1321 61 27 -1 0
1322 11 39 0 -1
1323 18 29 1 0
1324 24 17 0 -1
1325 26 4 0 -1
1326 41 30 0 1
1327 43 25 0 1
1328 82 8 1 0
1329 23 36 -1 0
1330 37 4 1 0
1331 73 7 0 -1
1332 25 9 -1 0
1333 25 2 -1 0
1334 28 0 0 -1
1335 17 4 0 -1
1336 12 35 0 -1
1337 29 18 -1 0
1338 25 21 1 0
1339 44 38 -1 0
1340 92 37 0 1
1341 66 26 1 0
1342 39 15 0 1
1343 43 0 0 1
1344 47 0 0 -1
1345 22 34 0 -1
1346 10 14 -1 0
1347 38 16 -1 0
1348 24 36 1 0
1349 58 36 -1 0
1350 41 19 0 -1
1351 95 24 -1 0
1352 37 29 1 0
1353 40 26 0 1
1354 28 11 1 0
1355 22 27 0 -1
1356 94 10 1 0
1357 88 26 0 -1
1358 44 30 1 0
1359 38 30 -1 0
1360 92 34 0 -1
1361 29 38 -1 0
1362 15 2 1 0
1363 96 22 0 -1
1364 45 15 1 0
1365 40 13 -1 0
1366 7 27 1 0
1367 19 38 1 0
1368 0 34 1 0
1369 12 28 1 0
1370 4 39 -1 0
1371 45 16 0 -1
1372 97 20 -1 0
1373 78 37 1 0
1374 0 14 0 -1
1375 55 5 0 -1
1376 47 8 0 -1
1377 37 11 0 1
1378 17 8 -1 0
1379 96 32 0 1
1380 24 38 0 -1
1381 49 4 -1 0
1382 44 38 1 0
1383 88 2 0 1
1384 81 4 0 1
1385 43 14 0 1
1386 73 29 0 -1
1387 89 18 0 1
1388 59 39 0 1
1389 1 14 1 0
1390 17 13 0 1
1391 8 29 0 -1
1392 83 20 0 1
1393 65 22 1 0
1394 44 14 1 0
1395 26 38 1 0
1396 46 18 -1 0
1397 26 28 -1 0
1398 97 22 0 -1
1399 80 34 1 0
1400 28 0 0 1
1401 76 0 1 0
1402 38 1 0 -1
1403 50 19 1 0
1404 23 1 0 1
1405 15 11 0 1
1406 86 33 1 0
1407 77 9 -1 0
1408 68 8 1 0
1409 27 6 0 1
1410 38 32 0 1
1411 56 36 1 0
1412 4 31 0 -1
1413 13 15 0 -1
1414 2 23 -1 0
1415 25 10 -1 0
1416 27 4 -1 0
1417 88 20 1 0
1418 29 13 -1 0
1419 31 12 0 -1
1420 52 2 0 1
1421 53 7 0 -1
1422 41 36 -1 0
1423 88 16 0 -1
1424 0 35 0 1
1425 44 8 -1 0
1426 95 22 -1 0
1427 77 6 1 0
1428 87 1 1 0
1429 47 38 -1 0
1430 39 32 0 1
1431 47 4 0 1
1432 45 29 -1 0
1433 57 32 -1 0
1434 79 32 0 1
1435 0 33 0 -1
1436 27 12 0 1
1437 81 23 0 -1
1438 75 38 0 1
1439 50 21 1 0
1440 38 9 1 0
1441 29 2 0 -1
1442 19 17 0 1
1443 44 31 1 0
1444 84 15 -1 0
1445 40 39 0 -1
1446 48 1 1 0
1447 79 30 0 1
1448 88 11 1 0
1449 58 34 0 -1
1450 98 36 0 1
1451 30 35 0 -1
1452 40 7 0 1
1453 49 23 0 -1
1454 48 2 0 -1
1455 40 23 -1 0
1456 40 13 0 -1
1457 19 19 0 1
1458 16 28 1 0
1459 21 37 0 -1
1460 3 32 1 0
1461 94 6 -1 0
1462 12 21 -1 0
1463 77 32 1 0
1464 21 25 0 1
1465 25 19 0 -1
1466 1 35 1 0
1467 47 37 1 0
1468 99 2 1 0
1469 42 0 0 1
1470 23 16 -1 0
1471 79 26 0 1
1472 32 23 -1 0
1473 87 29 0 -1
1474 43 23 -1 0
1475 30 36 0 1
1476 93 17 1 0
1477 74 26 1 0
1478 59 10 0 1
1479 86 39 -1 0
1480 72 37 0 -1
1481 38 28 0 -1
1482 73 24 0 -1
1483 34 15 1 0
1484 14 27 -1 0
1485 93 24 0 1
1486 43 6 -1 0
1487 64 34 -1 0
1488 17 28 0 1
1489 38 29 -1 0
1490 68 24 0 1
1491 41 33 0 1
1492 38 16 -1 0
1493 94 32 0 1
1494 74 12 0 1
1495 5 39 0 -1
1496 26 10 1 0
1497 11 18 0 -1
1498 7 4 0 -1
1499 84 16 -1 0
1500 50 17 0 1
1501 39 30 1 0
1502 30 20 0 -1
1503 89 27 -1 0
1504 42 10 1 0
1505 42 22 -1 0
1506 36 16 1 0
1507 98 38 0 1
1508 0 25 1 0
1509 65 0 0 -1
1510 10 17 -1 0
1511 5 23 1 0
1512 37 31 0 1
1513 24 0 -1 0
1514 92 9 -1 0
1515 13 6 0 1
1516 43 4 1 0
1517 36 9 -1 0
1518 76 36 -1 0
1519 4 18 -1 0
1520 9 33 0 1
1521 86 26 1 0
1522 37 20 1 0
1523 16 34 -1 0
1524 22 23 -1 0
1525 62 23 0 -1
1526 37 38 0 -1
1527 58 32 -1 0
1528 38 39 0 -1
1529 37 30 0 1
1530 70 36 -1 0
1531 18 30 0 -1
1532 44 34 0 1
1533 86 21 -1 0
1534 23 18 0 1
1535 44 32 -1 0
1536 28 30 0 1
1537 51 21 -1 0
1538 24 30 -1 0
1539 51 25 0 -1
1540 65 21 1 0
1541 36 36 0 1
1542 52 9 1 0
1543 90 10 0 -1
1544 31 11 -1 0
1545 42 19 0 1
1546 30 26 0 1
1547 86 24 -1 0
1548 54 10 0 1
1549 50 39 -1 0
1550 57 18 0 1
1551 4 17 0 1
1552 17 19 1 0
1553 55 20 1 0
1554 83 37 -1 0
1555 16 29 0 -1
1556 27 28 1 0
1557 57 22 -1 0
1558 27 1 -1 0
1559 85 2 -1 0
1560 57 31 -1 0
1561 31 21 1 0
1562 28 19 1 0
1563 37 34 0 -1
1564 25 2 0 1
1565 21 7 1 0
1566 71 38 -1 0
1567 98 7 0 1
1568 40 8 0 1
1569 42 23 0 -1
1570 86 26 0 -1
1571 6 37 1 0
1572 11 17 1 0
1573 18 22 -1 0
1574 59 8 0 1
1575 87 36 0 -1
1576 21 15 -1 0
1577 10 28 0 -1
1578 21 24 0 1
1579 21 36 0 -1
1580 28 10 1 0
1581 95 23 -1 0
1582 42 27 1 0
1583 12 25 1 0
1584 42 24 -1 0
1585 18 33 1 0
1586 43 8 0 -1
1587 96 2 -1 0
1588 31 29 1 0
1589 83 36 -1 0
1590 47 8 0 -1
1591 5 23 -1 0
1592 77 12 0 1
1593 22 1 0 1
1594 47 31 1 0
1595 21 23 -1 0
1596 27 31 0 1
1597 46 22 1 0
1598 94 39 -1 0
1599 29 33 -1 0
1600 79 24 1 0
1601 23 19 1 0
1602 38 39 0 1
1603 45 24 0 1
1604 38 3 1 0
1605 38 32 -1 0
1606 17 8 0 -1
1607 16 31 -1 0
1608 93 29 0 -1
1609 63 21 -1 0
1610 99 17 -1 0
1611 41 4 0 -1
1612 19 15 1 0
1613 36 9 0 -1
1614 83 9 -1 0
1615 47 37 0 -1
1616 19 0 1 0
1617 28 3 0 -1
1618 97 30 -1 0
1619 15 37 1 0
1620 15 22 0 -1
1621 20 6 -1 0
1622 97 38 0 1
1623 30 8 0 1
1624 25 19 0 1
1625 90 2 0 -1
1626 13 2 0 1
1627 18 29 0 -1
1628 98 0 1 0
1629 27 22 -1 0
1630 52 0 0 1
1631 4 10 -1 0
1632 40 5 -1 0
1633 96 38 0 1
1634 0 26 -1 0
1635 20 18 0 1
1636 27 3 0 -1
1637 26 17 0 1
1638 36 24 1 0
1639 73 33 1 0
1640 15 11 0 1
1641 26 12 0 1
1642 44 1 0 -1
1643 79 12 -1 0
1644 10 30 1 0
1645 85 27 -1 0
1646 66 32 -1 0
1647 7 8 0 -1
1648 69 1 0 -1
1649 56 39 0 -1
1650 39 29 -1 0
1651 7 33 -1 0
1652 15 17 0 -1
1653 26 9 -1 0
1654 46 3 0 1
1655 28 29 -1 0
1656 21 8 -1 0
1657 29 11 1 0
1658 39 1 -1 0
1659 34 18 0 1
1660 80 24 -1 0
1661 8 18 0 -1
1662 7 29 -1 0
1663 26 31 0 1
1664 8 28 0 1
1665 0 33 0 1
1666 22 5 1 0
1667 22 9 0 -1
1668 30 36 0 -1
1669 29 12 0 1
1670 36 25 -1 0
1671 82 21 1 0
1672 0 17 1 0
1673 2 28 0 -1
1674 36 8 -1 0
1675 29 0 -1 0
1676 53 37 0 -1
1677 43 6 0 1
1678 84 27 0 1
1679 43 26 0 1
1680 41 26 1 0
1681 1 1 1 0
1682 6 23 0 -1
1683 41 23 0 1
1684 26 20 0 1
1685 21 15 0 1
1686 54 24 0 1
1687 18 19 0 -1
1688 27 27 0 1
1689 19 23 0 -1
1690 39 17 0 1
1691 71 10 0 1
1692 17 31 0 1
1693 17 28 1 0
1694 7 1 0 1
1695 88 23 1 0
1696 69 23 1 0
1697 26 22 0 1
1698 11 22 0 -1
1699 82 6 1 0
1700 24 0 -1 0
1701 2 17 0 1
1702 24 32 -1 0
1703 12 2 0 1
1704 44 39 0 1
1705 89 7 -1 0
1706 39 2 0 -1
1707 24 13 0 -1
1708 7 3 1 0
1709 23 2 0 -1
1710 41 19 1 0
1711 17 34 0 1
1712 10 38 -1 0
1713 94 24 -1 0
1714 29 14 -1 0
1715 21 29 0 1
1716 38 6 0 1
1717 38 21 -1 0
1718 99 5 -1 0
1719 90 2 0 -1
1720 68 2 -1 0
1721 97 32 0 -1
1722 36 25 0 -1
1723 38 36 -1 0
1724 39 4 -1 0
1725 84 24 0 -1
1726 26 29 -1 0
1727 24 27 0 -1
1728 31 36 0 -1
1729 21 0 1 0
1730 39 3 -1 0
1731 28 26 1 0
1732 43 8 -1 0
1733 22 2 -1 0
1734 39 19 0 -1
1735 26 37 1 0
1736 17 9 1 0
1737 87 17 0 -1
1738 66 9 0 -1
1739 91 31 0 1
1740 96 39 1 0
1741 36 1 -1 0
1742 28 31 0 -1
1743 84 7 -1 0
1744 4 7 -1 0
1745 25 13 0 1
1746 40 6 0 1
1747 53 13 1 0
1748 87 28 1 0
1749 32 26 0 -1
1750 38 26 0 1
1751 37 31 -1 0
1752 43 9 -1 0
1753 48 18 -1 0
1754 78 25 1 0
1755 52 10 -1 0
1756 20 37 1 0
1757 56 11 0 1
1758 86 5 0 1
1759 84 23 1 0
1760 40 39 0 -1
1761 25 4 0 1
1762 29 3 1 0
1763 44 8 0 -1
1764 42 28 0 -1
1765 27 31 0 1
1766 29 2 0 -1
1767 26 32 0 -1
1768 37 32 1 0
1769 28 23 1 0
1770 58 0 0 1
1771 13 1 0 1
1772 10 15 -1 0
1773 62 7 0 -1
1774 54 4 -1 0
1775 31 16 1 0
1776 50 37 1 0
1777 38 10 1 0
1778 16 33 1 0
1779 14 34 1 0
1780 35 23 0 1
1781 9 2 0 1
1782 12 36 0 1
1783 24 33 1 0
1784 29 15 -1 0
1785 57 3 1 0
1786 16 1 0 -1
1787 43 23 1 0
1788 41 7 0 1
1789 29 3 0 1
1790 48 34 -1 0
1791 38 32 1 0
1792 3 18 0 -1
1793 22 30 1 0
1794 20 11 0 1
1795 45 39 -1 0
1796 10 4 0 1
1797 60 17 -1 0
1798 30 11 -1 0
1799 17 6 -1 0
1800 4 24 1 0
1801 95 27 0 -1
1802 88 39 0 1
1803 15 31 0 1
1804 83 23 0 1
1805 82 37 0 1
1806 23 15 -1 0
1807 46 10 -1 0
1808 25 17 1 0
1809 29 31 1 0
1810 18 14 0 -1
1811 20 9 0 -1
1812 17 5 -1 0
1813 87 7 -1 0
1814 41 31 1 0
1815 25 12 1 0
1816 53 19 1 0
1817 24 20 -1 0
1818 70 2 0 1
1819 44 13 0 -1
1820 37 10 0 -1
1821 36 10 0 1
1822 83 37 1 0
1823 23 5 -1 0
1824 52 30 1 0
1825 37 12 -1 0
1826 76 27 1 0
1827 5 7 0 1
1828 20 22 0 1
1829 10 16 -1 0
1830 28 2 0 -1
1831 16 29 1 0
1832 30 29 1 0
1833 37 4 -1 0
1834 27 25 -1 0
1835 39 4 1 0
1836 19 29 1 0
1837 46 0 -1 0
1838 39 30 0 -1
1839 26 24 0 -1
1840 87 14 -1 0
1841 27 24 1 0
1842 36 31 0 -1
1843 79 10 0 1
1844 45 24 0 -1
1845 24 30 -1 0
1846 36 25 -1 0
1847 41 22 1 0
1848 81 11 -1 0
1849 29 5 1 0
1850 37 1 1 0
1851 19 32 0 -1
1852 17 22 -1 0
1853 31 23 1 0
1854 29 20 0 1
1855 1 18 0 1
1856 45 0 -1 0
1857 83 30 1 0
1858 45 6 1 0
1859 22 17 0 -1
1860 31 6 0 1
1861 52 2 0 1
1862 39 30 0 -1
1863 53 37 0 1
1864 19 13 0 1
1865 73 12 1 0
1866 21 1 0 1
1867 23 37 -1 0
1868 58 22 0 1
1869 23 8 -1 0
1870 22 1 1 0
1871 93 23 0 -1
1872 16 1 1 0
1873 79 20 0 -1
1874 59 31 0 -1
1875 50 34 -1 0
1876 95 27 0 1
1877 72 16 0 -1
1878 28 32 0 -1
1879 23 2 0 1
1880 98 20 0 1
1881 76 31 -1 0
1882 1 30 1 0
1883 38 30 0 1
1884 58 24 0 -1
1885 90 12 -1 0
1886 23 30 1 0
1887 12 34 0 -1
1888 16 39 0 -1
1889 6 15 -1 0
1890 27 22 0 1
1891 45 29 0 -1
1892 89 4 0 1
1893 29 15 0 -1
1894 94 33 0 1
1895 99 16 1 0
1896 7 0 0 -1
1897 87 24 1 0
1898 21 7 -1 0
1899 10 35 -1 0
1900 79 27 1 0
1901 42 2 0 1
1902 81 37 0 1
1903 22 29 0 1
1904 78 10 0 -1
1905 26 19 1 0
1906 46 9 0 1
1907 66 39 0 1
1908 48 8 0 1
1909 22 17 1 0
1910 28 15 -1 0
1911 46 38 0 1
1912 14 3 1 0
1913 25 7 0 -1
1914 43 19 -1 0
1915 40 31 -1 0
1916 39 6 1 0
1917 69 15 0 -1
1918 13 33 0 -1
1919 98 9 0 1
1920 46 29 0 -1
1921 47 15 -1 0
1922 37 24 0 -1
1923 49 10 0 -1
1924 22 12 0 -1
1925 54 5 1 0
1926 28 30 1 0
1927 87 27 0 1
1928 27 29 0 -1
1929 71 36 1 0
1930 7 2 -1 0
1931 88 9 0 1
1932 28 28 0 -1
1933 47 3 1 0
1934 41 33 1 0
1935 27 30 0 -1
1936 86 19 0 1
1937 1 5 1 0
1938 66 4 0 1
1939 61 29 0 -1
1940 9 12 0 -1
1941 99 12 0 1
1942 43 6 0 1
1943 57 20 -1 0
1944 6 20 1 0
1945 26 5 -1 0
1946 62 27 0 1
1947 45 20 1 0
1948 27 20 0 1
1949 81 6 -1 0
1950 55 22 0 1
1951 20 10 0 -1
1952 61 1 1 0
1953 35 38 -1 0
1954 39 0 1 0
1955 75 37 0 1
1956 9 33 1 0
1957 59 12 -1 0
1958 26 22 1 0
1959 62 1 0 1
1960 22 35 0 -1
1961 22 0 1 0
1962 21 15 0 -1
1963 30 10 1 0
1964 27 31 -1 0
1965 87 24 0 -1
1966 30 15 0 1
1967 26 6 -1 0
1968 24 12 0 1
1969 22 28 -1 0
1970 39 10 -1 0
1971 23 17 0 1
1972 6 22 0 -1
1973 23 23 1 0
1974 12 25 0 -1
1975 7 27 -1 0
1976 47 9 1 0
1977 99 29 0 1
1978 84 24 -1 0
1979 75 12 1 0
1980 27 15 1 0
1981 40 20 0 1
1982 75 7 0 1
1983 46 35 0 -1
1984 5 34 1 0
1985 14 29 -1 0
1986 46 7 0 -1
1987 37 35 -1 0
1988 98 21 1 0
1989 20 22 1 0
1990 62 13 0 1
1991 87 30 -1 0
1992 27 32 -1 0
1993 54 13 0 -1
1994 17 17 0 -1
1995 24 7 0 1
1996 30 5 1 0
1997 4 14 0 1
1998 94 25 0 1
1999 45 1 0 -1
2000 46 30 0 1
2001 8 10 0 1
2002 92 13 0 1
2003 20 39 1 0
2004 9 28 1 0
2005 6 6 0 1
2006 76 33 0 1
2007 51 8 0 1
2008 30 32 0 1
2009 40 29 0 -1
2010 24 26 1 0
2011 27 9 -1 0
2012 24 21 1 0
2013 20 38 -1 0
2014 27 38 0 1
2015 20 19 0 -1
2016 86 30 0 1
2017 38 35 0 1
2018 14 34 1 0
2019 75 18 0 -1
2020 63 13 0 1
2021 24 3 1 0
2022 26 6 1 0
2023 91 15 0 1
2024 97 14 1 0
2025 9 29 -1 0
2026 97 18 0 -1
2027 7 39 0 -1
2028 29 34 -1 0
2029 40 28 -1 0
2030 91 14 0 1
2031 27 3 1 0
2032 26 33 0 -1
2033 17 8 -1 0
2034 64 20 0 1
2035 11 4 -1 0
2036 42 37 0 1
2037 26 18 1 0
2038 94 9 1 0
2039 47 16 -1 0
2040 74 28 1 0
2041 37 1 0 1
2042 13 35 0 -1
2043 23 34 1 0
2044 39 21 1 0
2045 72 32 0 1
2046 17 31 1 0
2047 42 2 0 -1
2048 5 24 -1 0
2049 80 19 0 1
2050 26 7 -1 0
2051 7 5 0 1
2052 95 32 1 0
2053 58 26 0 1
2054 94 33 -1 0
2055 88 37 1 0
2056 9 30 1 0
2057 95 38 -1 0
2058 96 25 0 -1
2059 19 15 -1 0
2060 85 14 0 1
2061 45 21 1 0
2062 71 33 0 1
2063 46 13 1 0
2064 84 9 -1 0
2065 59 21 0 -1
2066 28 14 0 1
2067 43 35 0 1
2068 58 20 0 -1
2069 27 3 1 0
2070 39 20 -1 0
2071 27 29 0 1
2072 45 25 0 1
2073 14 23 1 0
2074 4 5 0 -1
2075 85 37 0 -1
2076 18 19 0 -1
2077 93 30 1 0
2078 55 0 1 0
2079 8 16 -1 0
2080 21 23 -1 0
2081 48 33 0 -1
2082 24 29 1 0
2083 42 28 1 0
2084 84 26 0 -1
2085 29 30 0 1
2086 4 6 1 0
2087 47 5 1 0
2088 84 5 0 -1
2089 96 18 1 0
2090 38 27 -1 0
2091 79 34 0 -1
2092 40 24 -1 0
2093 3 19 1 0
2094 82 18 -1 0
2095 17 1 1 0
2096 28 15 1 0
2097 55 4 -1 0
2098 31 10 1 0
2099 61 31 1 0
2100 82 11 -1 0
2101 77 39 -1 0
2102 92 7 -1 0
2103 19 8 0 -1
2104 30 5 0 -1
2105 98 28 0 1
2106 91 38 1 0
2107 20 11 0 1
2108 37 28 0 -1
2109 15 2 1 0
2110 90 22 0 1
2111 31 39 -1 0
2112 94 18 -1 0
2113 5 7 -1 0
2114 90 25 0 -1
2115 83 39 0 1
2116 1 18 0 -1
2117 41 10 -1 0
2118 37 17 0 1
2119 36 22 1 0
2120 94 2 0 -1
2121 6 32 0 1
2122 22 3 1 0
2123 5 20 0 1
2124 27 4 1 0
2125 30 29 1 0
2126 27 13 1 0
2127 22 13 -1 0
2128 16 2 0 -1
2129 64 6 -1 0
2130 39 29 -1 0
2131 28 2 -1 0
2132 25 30 0 -1
2133 96 20 1 0
2134 16 31 1 0
2135 49 11 -1 0
2136 42 1 1 0
2137 28 32 0 -1
2138 39 37 -1 0
2139 43 22 1 0
2140 27 2 0 1
2141 16 10 0 1
2142 42 9 0 -1
2143 29 24 -1 0
2144 38 39 0 1
2145 68 28 -1 0
2146 31 1 0 1
2147 5 36 -1 0
2148 40 28 -1 0
2149 25 14 1 0
2150 17 23 -1 0
2151 40 24 0 -1
2152 44 1 0 -1
2153 51 10 -1 0
2154 80 9 0 1
2155 71 9 0 1
2156 30 21 0 1
2157 23 19 0 -1
2158 69 21 -1 0
2159 5 12 -1 0
2160 46 31 -1 0
2161 31 10 0 1
2162 27 2 1 0
2163 18 14 -1 0
2164 20 12 0 -1
2165 73 17 -1 0
2166 97 28 0 1
2167 82 34 0 1
2168 26 25 -1 0
2169 24 21 -1 0
2170 49 32 0 1
2171 40 24 0 1
2172 28 27 0 1
2173 30 1 0 1
2174 93 39 -1 0
2175 46 27 -1 0
2176 38 34 1 0
2177 43 29 0 1
2178 11 30 1 0
2179 14 4 0 -1
2180 38 33 -1 0
2181 25 32 0 1
2182 25 6 1 0
2183 31 6 1 0
2184 25 3 1 0
2185 25 3 0 -1
2186 80 5 -1 0
2187 42 30 -1 0
2188 26 15 0 1
2189 4 2 -1 0
2190 25 13 0 1
2191 39 3 -1 0
2192 92 32 0 1
2193 65 7 1 0
2194 47 2 0 1
2195 29 12 0 1
2196 48 5 0 -1
2197 94 29 -1 0
2198 43 26 0 1
2199 39 18 -1 0
2200 41 31 0 -1
2201 96 9 1 0
2202 44 18 -1 0
2203 9 34 -1 0
2204 19 39 0 -1
2205 2 12 0 -1
2206 51 36 -1 0
2207 82 33 -1 0
2208 81 38 0 -1
2209 13 17 -1 0
2210 85 35 0 -1
2211 13 33 0 -1
2212 20 21 -1 0
2213 19 27 0 -1
2214 49 35 0 1
2215 67 19 0 1
2216 92 2 0 -1
2217 22 15 1 0
2218 21 2 1 0
2219 3 0 0 1
2220 51 5 1 0
2221 20 6 0 1
2222 24 28 -1 0
2223 45 12 0 -1
2224 26 21 1 0
2225 13 27 0 1
2226 86 7 0 -1
2227 86 8 -1 0
2228 41 3 0 1
2229 59 13 0 1
2230 24 35 -1 0
2231 8 36 -1 0
2232 23 9 0 1
2233 85 29 0 1
2234 56 1 0 1
2235 46 7 1 0
2236 18 2 1 0
2237 37 3 -1 0
2238 11 0 0 1
2239 82 34 -1 0
2240 43 36 0 1
2241 84 3 1 0
2242 75 27 0 -1
2243 96 11 1 0
2244 56 23 0 1
2245 82 14 0 -1
2246 31 29 1 0
2247 26 15 1 0
2248 19 6 -1 0
2249 16 17 1 0
2250 57 10 1 0
2251 90 29 0 -1
2252 87 10 0 -1
2253 47 3 -1 0
2254 5 28 0 1
2255 8 2 1 0
2256 38 9 1 0
2257 32 33 0 1
2258 15 19 -1 0
2259 23 5 0 -1
2260 26 8 -1 0
2261 14 39 0 1
2262 36 20 0 1
2263 27 28 1 0
2264 9 36 -1 0
2265 1 36 1 0
2266 84 1 0 -1
2267 24 20 0 1
2268 95 32 0 1
2269 22 16 1 0
2270 47 38 0 1
2271 27 22 -1 0
2272 27 20 -1 0
2273 98 0 -1 0
2274 97 19 1 0
2275 54 20 -1 0
2276 87 1 -1 0
2277 35 6 1 0
2278 94 27 0 -1
2279 70 7 -1 0
2280 38 29 0 1
2281 6 31 -1 0
2282 80 0 0 1
2283 58 38 1 0
2284 35 39 -1 0
2285 29 17 0 -1
2286 35 39 1 0
2287 96 20 -1 0
2288 31 35 0 1
2289 31 13 0 -1
2290 45 12 0 -1
2291 39 37 1 0
2292 84 33 0 1
2293 76 33 0 -1
2294 39 38 0 -1
2295 15 13 1 0
2296 27 14 0 -1
2297 16 38 0 1
2298 49 39 1 0
2299 5 3 0 1
2300 35 24 0 -1
2301 78 8 0 1
2302 26 26 0 -1
2303 66 18 -1 0
2304 71 1 0 1
2305 44 12 1 0
2306 41 2 -1 0
2307 29 32 0 1
2308 40 38 0 -1
2309 19 34 0 -1
2310 94 34 0 1
2311 37 30 1 0
2312 31 19 -1 0
2313 37 5 0 -1
2314 56 3 0 1
2315 22 12 -1 0
2316 43 29 -1 0
2317 6 19 1 0
2318 86 10 0 1
2319 43 37 -1 0
2320 20 17 -1 0
2321 31 1 1 0
2322 46 19 -1 0
2323 14 7 0 -1
2324 42 36 0 -1
2325 42 4 -1 0
2326 32 37 -1 0
2327 64 4 1 0
2328 62 33 0 -1
2329 58 39 -1 0
2330 38 0 1 0
2331 30 38 1 0
2332 20 38 0 1
2333 38 30 0 1
2334 79 28 0 1
2335 50 11 1 0
2336 19 22 0 -1
2337 89 8 0 1
2338 62 29 0 1
2339 31 31 -1 0
2340 28 36 -1 0
2341 29 21 1 0
2342 32 23 1 0
2343 35 31 -1 0
2344 26 6 -1 0
2345 84 36 0 -1
2346 26 19 -1 0
2347 43 27 1 0
2348 82 15 0 -1
2349 52 8 1 0
2350 37 28 -1 0
2351 54 26 1 0
2352 84 28 -1 0
2353 25 29 1 0
2354 71 16 0 -1
2355 40 29 0 -1
2356 84 24 0 1
2357 24 3 0 -1
2358 15 25 -1 0
2359 85 14 1 0
2360 27 26 1 0
2361 8 37 0 1
2362 91 3 -1 0
2363 47 24 0 1
2364 64 4 1 0
2365 35 3 -1 0
2366 52 26 -1 0
2367 6 6 1 0
2368 70 25 0 -1
2369 77 17 1 0
2370 19 34 1 0
2371 90 30 0 1
2372 39 35 1 0
2373 82 5 1 0
2374 20 12 -1 0
2375 36 11 1 0
2376 24 29 0 1
2377 36 18 -1 0
2378 97 33 -1 0
2379 39 5 0 -1
2380 24 32 0 -1
2381 12 30 0 1
2382 19 14 1 0
2383 65 30 0 -1
2384 52 30 0 1
2385 81 18 0 -1
2386 24 15 1 0
2387 21 38 0 -1
2388 38 0 -1 0
2389 59 2 0 1
2390 37 32 0 1
2391 31 33 0 -1
2392 32 12 0 1
2393 48 7 0 -1
2394 27 13 0 -1
2395 95 33 0 1
2396 14 21 1 0
2397 0 26 0 1
2398 27 11 0 1
2399 62 22 1 0
2400 29 1 1 0
2401 43 12 -1 0
2402 19 23 0 -1
2403 86 4 0 -1
2404 20 32 0 1
2405 23 14 1 0
2406 48 18 1 0
2407 46 6 0 1
2408 67 11 -1 0
2409 90 7 0 1
2410 5 37 -1 0
2411 72 2 1 0
2412 24 14 0 -1
2413 36 28 0 1
2414 22 17 0 -1
2415 73 29 1 0
2416 65 25 -1 0
2417 94 23 0 -1
2418 41 9 -1 0
2419 18 33 0 1
2420 97 20 1 0
2421 17 36 -1 0
2422 25 6 0 -1
2423 80 28 -1 0
2424 37 7 0 1
2425 13 23 0 1
2426 12 17 0 1
2427 85 4 0 -1
2428 21 13 0 -1
2429 26 2 0 1
2430 46 26 0 -1
2431 39 15 -1 0
2432 44 26 1 0
2433 82 2 1 0
2434 38 31 1 0
2435 27 17 -1 0
2436 20 5 0 -1
2437 23 13 0 -1
2438 22 9 -1 0
2439 11 19 0 1
2440 44 3 0 -1
2441 15 16 1 0
2442 13 21 0 -1
2443 47 3 0 -1
2444 67 36 0 1
2445 55 9 1 0
2446 91 10 1 0
2447 20 20 0 -1
2448 25 15 -1 0
2449 32 14 1 0
2450 25 21 1 0
2451 15 39 0 -1
2452 89 36 0 -1
2453 40 9 0 1
2454 97 18 0 -1
2455 20 23 0 -1
2456 24 38 0 1
2457 40 19 -1 0
2458 12 37 -1 0
2459 25 19 0 1
2460 60 9 1 0
2461 27 12 0 1
2462 37 11 0 -1
2463 20 17 0 1
2464 31 9 0 1
2465 29 13 -1 0
2466 84 35 1 0
2467 1 38 0 1
2468 46 29 1 0
2469 19 39 0 1
2470 21 14 0 1
2471 24 23 -1 0
2472 17 3 -1 0
2473 70 36 0 1
2474 25 22 0 -1
2475 28 31 -1 0
2476 20 25 -1 0
2477 50 34 0 1
2478 87 24 1 0
2479 39 11 0 -1
2480 78 39 1 0
2481 40 38 -1 0
2482 39 11 -1 0
2483 26 12 0 1
2484 95 6 -1 0
2485 69 32 -1 0
2486 26 19 1 0
2487 14 18 0 1
2488 29 22 0 1
2489 98 16 0 1
2490 50 3 0 -1
2491 0 23 -1 0
2492 57 6 1 0
2493 30 20 1 0
2494 52 31 -1 0
2495 57 0 -1 0
2496 21 27 0 1
2497 21 18 0 1
2498 89 33 1 0
2499 97 0 0 -1
2500 43 14 -1 0
2501 75 24 0 -1
2502 41 5 1 0
2503 20 39 0 1
2504 5 0 0 1
2505 19 11 0 1
2506 23 1 1 0
2507 29 34 0 -1
2508 85 24 -1 0
2509 28 16 -1 0
2510 28 22 0 1
2511 37 33 1 0
2512 22 16 0 -1
2513 40 12 -1 0
2514 45 18 1 0
2515 67 6 0 1
2516 17 6 0 1
2517 74 19 0 -1
2518 36 8 1 0
2519 22 7 0 -1
2520 10 15 0 1
2521 25 7 1 0
2522 27 15 0 -1
2523 95 37 1 0
2524 25 30 -1 0
2525 87 0 -1 0
2526 28 17 -1 0
2527 49 4 0 -1
2528 53 8 1 0
2529 85 13 1 0
2530 7 13 1 0
2531 83 30 0 -1
2532 94 9 -1 0
2533 86 6 0 1
2534 39 15 0 -1
2535 21 16 0 1
2536 44 1 0 -1
2537 79 22 1 0
2538 36 37 0 1
2539 37 25 0 1
2540 80 1 0 -1
2541 40 31 0 -1
2542 62 18 0 1
2543 36 28 0 1
2544 41 12 -1 0
2545 16 0 0 -1
2546 84 5 0 -1
2547 91 20 1 0
2548 36 37 -1 0
2549 82 22 1 0
2550 42 20 0 1
2551 66 18 1 0
2552 27 32 0 1
2553 40 22 -1 0
2554 78 13 1 0
2555 45 22 0 -1
2556 25 14 1 0
2557 35 0 0 1
2558 75 28 0 -1
2559 52 3 0 1
2560 11 25 0 -1
2561 38 21 1 0
2562 35 17 0 1
2563 44 2 0 -1
2564 30 13 0 1
2565 25 23 0 -1
2566 37 31 0 1
2567 6 23 -1 0
2568 42 32 0 1
2569 89 10 1 0
2570 26 13 0 1
2571 28 16 -1 0
2572 95 7 0 1
2573 53 27 1 0
2574 38 33 -1 0
2575 43 1 0 1
2576 36 0 1 0
2577 65 36 0 -1
2578 23 2 0 -1
2579 40 35 1 0
2580 38 2 1 0
2581 29 14 0 -1
2582 71 38 0 -1
2583 8 5 -1 0
2584 27 28 0 -1
2585 46 19 0 1
2586 42 6 0 -1
2587 86 34 0 1
2588 97 19 1 0
2589 94 32 -1 0
2590 29 30 0 1
2591 2 34 0 1
2592 89 21 1 0
2593 25 20 0 1
2594 78 11 0 -1
2595 93 8 -1 0
2596 45 2 0 1
2597 43 1 1 0
2598 40 2 0 -1
2599 39 39 0 -1
2600 28 5 0 1
2601 88 30 0 -1
2602 10 22 0 1
2603 95 5 0 1
2604 28 25 1 0
2605 11 3 1 0
2606 39 10 1 0
2607 78 25 1 0
2608 37 36 0 -1
2609 44 3 -1 0
2610 1 13 0 -1
2611 6 24 -1 0
2612 48 8 0 -1
2613 17 29 0 -1
2614 5 33 0 1
2615 39 29 0 1
2616 72 1 1 0
2617 65 0 0 -1
2618 39 5 0 -1
2619 48 15 0 1
2620 94 33 1 0
2621 16 33 0 1
2622 44 3 -1 0
2623 25 17 0 1
2624 30 15 0 1
2625 43 10 1 0
2626 24 22 0 -1
2627 91 5 -1 0
2628 40 34 0 -1
2629 46 0 1 0
2630 26 20 0 1
2631 55 2 -1 0
2632 35 34 0 1
2633 96 31 1 0
2634 28 5 0 1
2635 88 19 0 1
2636 61 23 0 1
2637 4 31 -1 0
2638 38 13 0 -1
2639 37 0 0 1
2640 17 17 -1 0
2641 45 33 0 -1
2642 32 13 1 0
2643 39 38 0 -1
2644 40 2 -1 0
2645 95 27 1 0
2646 3 6 0 1
2647 25 3 -1 0
2648 65 8 1 0
2649 26 21 -1 0
2650 26 2 -1 0
2651 21 13 -1 0
2652 8 25 0 -1
2653 1 38 0 1
2654 92 0 0 -1
2655 39 21 -1 0
2656 30 8 0 -1
2657 97 17 -1 0
2658 13 38 -1 0
2659 21 39 -1 0
2660 16 3 0 -1
2661 37 25 -1 0
2662 54 3 0 -1
2663 40 10 1 0
2664 98 39 0 -1
2665 59 14 0 1
2666 0 37 0 -1
2667 94 34 1 0
2668 43 9 1 0
2669 27 27 1 0
2670 10 2 0 -1
2671 49 18 1 0
2672 23 39 0 -1
2673 22 4 1 0
2674 80 32 0 -1
2675 41 9 -1 0
2676 63 32 1 0
2677 48 39 1 0
2678 92 15 -1 0
2679 73 15 0 1
2680 40 2 -1 0
2681 78 9 0 -1
2682 18 34 0 1
2683 28 37 0 -1
2684 80 19 0 1
2685 23 17 0 -1
2686 14 34 0 1
2687 9 24 -1 0
2688 92 18 0 1
2689 6 15 0 -1
2690 11 17 0 -1
2691 59 12 0 1
2692 55 18 0 1
2693 84 5 -1 0
2694 27 20 0 -1
2695 49 17 0 1
2696 26 7 0 -1
2697 27 16 0 -1
2698 28 11 1 0
2699 24 25 1 0
2700 23 19 1 0
2701 40 15 1 0
2702 27 19 0 1
2703 48 27 1 0
2704 90 16 -1 0
2705 31 30 0 -1
2706 21 35 -1 0
2707 32 35 1 0
2708 60 9 1 0
2709 38 23 0 -1
2710 68 7 -1 0
2711 4 6 0 -1
2712 99 37 0 1
2713 27 10 0 1
2714 56 21 1 0
2715 62 28 1 0
2716 73 28 1 0
2717 78 19 -1 0
2718 63 5 0 1
2719 99 29 -1 0
2720 48 36 0 -1
2721 27 24 1 0
2722 75 34 -1 0
2723 21 37 -1 0
2724 3 7 1 0
2725 12 11 0 -1
2726 45 8 -1 0
2727 43 34 -1 0
2728 23 33 0 1
2729 31 8 -1 0
2730 19 8 0 -1
2731 25 4 0 -1
2732 43 31 -1 0
2733 41 8 -1 0
2734 46 13 1 0
2735 42 35 0 1
2736 25 37 1 0
2737 43 33 1 0
2738 31 33 -1 0
2739 58 1 0 -1
2740 82 11 -1 0
2741 37 20 1 0
2742 24 6 1 0
2743 16 29 1 0
2744 40 12 -1 0
2745 38 2 0 -1
2746 31 20 -1 0
2747 31 3 1 0
2748 75 29 -1 0
2749 30 39 0 1
2750 69 35 0 -1
2751 71 9 0 -1
2752 95 18 0 -1
2753 15 12 -1 0
2754 11 20 0 -1
2755 2 17 -1 0
2756 54 39 1 0
2757 97 31 0 -1
2758 43 22 1 0
2759 20 23 -1 0
2760 1 0 1 0
2761 26 18 -1 0
2762 80 35 -1 0
2763 94 26 0 -1
2764 31 15 -1 0
2765 86 1 1 0
2766 37 17 -1 0
2767 97 25 -1 0
2768 9 27 -1 0
2769 82 19 0 1
2770 26 14 -1 0
2771 45 13 0 -1
2772 65 24 -1 0
2773 96 23 1 0
2774 15 28 -1 0
2775 39 5 1 0
2776 89 27 0 -1
2777 42 29 -1 0
2778 39 14 0 -1
2779 0 4 0 1
2780 1 23 1 0
2781 54 26 -1 0
2782 40 26 1 0
2783 23 18 1 0
2784 4 39 0 -1
2785 86 1 0 1
2786 27 14 0 -1
2787 90 34 1 0
2788 23 7 1 0
2789 51 11 0 1
2790 61 5 1 0
2791 24 2 1 0
2792 37 28 -1 0
2793 29 4 1 0
2794 24 13 0 1
2795 3 24 0 1
2796 41 29 0 -1
2797 0 35 0 -1
2798 26 13 0 1
2799 10 10 0 1
