0 6 24 1 0
1 28 34 0 -1
2 25 30 0 1
3 41 27 0 1
4 56 35 0 -1
5 73 5 -1 0
6 39 17 -1 0
7 43 31 0 -1
8 15 29 0 -1
9 28 0 -1 0
10 1 19 -1 0
11 63 12 0 1
12 30 22 1 0
13 46 34 0 -1
14 25 0 0 1
15 0 5 0 -1
16 32 30 -1 0
17 51 2 0 1
18 15 19 1 0
19 22 11 0 -1
20 50 35 0 1
21 45 36 1 0
22 8 18 1 0
23 26 23 1 0
24 72 39 1 0
25 24 34 0 -1
26 99 39 0 -1
27 41 10 -1 0
28 8 2 0 -1
29 92 17 1 0
30 38 27 0 -1
31 26 33 1 0
32 22 0 0 -1
33 53 30 0 -1
34 44 9 0 1
35 40 23 -1 0
36 29 4 1 0
37 11 12 0 1
38 29 14 0 1
39 29 9 0 1
40 75 9 1 0
41 15 39 0 -1
42 50 14 0 -1
43 30 1 -1 0
44 7 19 0 -1
45 60 33 0 -1
46 31 37 1 0
47 43 3 -1 0
48 65 25 0 1
49 12 16 0 -1
50 47 0 0 1
51 46 6 0 -1
52 69 9 1 0
53 37 5 -1 0
54 15 22 0 -1
55 25 29 0 1
56 24 18 0 1
57 49 1 0 -1
58 62 8 0 -1
59 48 9 0 -1
60 41 36 0 1
61 46 4 -1 0
62 23 10 -1 0
63 73 0 1 0
64 93 14 0 -1
65 44 10 1 0
66 23 32 1 0
67 27 29 0 1
68 95 18 -1 0
69 52 3 -1 0
70 40 22 0 -1
71 97 24 -1 0
72 11 1 0 -1
73 25 0 0 1
74 52 35 0 1
75 77 26 0 -1
76 28 25 1 0
77 17 37 0 1
78 44 6 -1 0
79 42 32 -1 0
80 46 10 1 0
81 92 22 0 -1
82 38 7 -1 0
83 9 34 1 0
84 19 39 0 -1
85 30 36 0 -1
86 49 31 -1 0
87 5 9 -1 0
88 64 12 0 1
89 45 28 0 -1
90 30 24 0 1
91 45 10 1 0
92 29 19 -1 0
93 66 7 1 0
94 25 6 -1 0
95 25 28 1 0
96 71 38 0 -1
97 25 14 0 -1
98 93 24 1 0
99 7 23 1 0
100 24 27 0 1
101 40 26 0 1
102 44 15 0 1
103 40 33 -1 0
104 22 7 -1 0
105 40 20 0 1
106 52 18 1 0
107 27 26 0 1
108 1 31 1 0
109 19 28 -1 0
110 94 2 1 0
111 38 10 1 0
112 45 35 1 0
113 40 26 -1 0
114 11 6 1 0
115 27 27 -1 0
116 25 4 1 0
117 43 7 0 1
118 39 8 -1 0
119 39 22 1 0
120 37 14 0 1
121 41 38 -1 0
122 51 12 -1 0
123 89 25 0 1
124 23 23 -1 0
125 16 11 0 1
126 2 30 0 -1
127 67 39 -1 0
128 55 19 1 0
129 39 19 0 1
130 23 19 1 0
131 37 18 0 1
132 29 16 0 -1
133 14 21 0 1
134 24 37 -1 0
135 40 4 0 1
136 23 38 0 1
137 60 23 0 1
138 26 14 1 0
139 22 32 -1 0
140 20 24 0 -1
141 44 17 0 -1
142 95 39 0 -1
143 75 30 1 0
144 94 15 0 1
145 52 18 0 1
146 27 30 0 -1
147 26 25 0 -1
148 27 39 -1 0
149 68 14 0 -1
150 1 33 1 0
151 44 32 -1 0
152 94 18 -1 0
153 27 2 0 1
154 93 31 -1 0
155 39 6 1 0
156 40 19 0 1
157 4 26 0 1
158 63 8 -1 0
159 29 3 0 1
160 95 33 0 1
161 99 19 1 0
162 78 1 -1 0
163 95 10 1 0
164 44 17 1 0
165 43 24 0 1
166 18 38 0 1
167 30 11 -1 0
168 26 30 0 -1
169 68 37 -1 0
170 81 25 0 1
171 41 19 -1 0
172 40 13 0 1
173 85 1 -1 0
174 23 5 -1 0
175 6 4 -1 0
176 61 35 0 -1
177 45 25 0 1
178 26 9 -1 0
179 15 0 0 1
180 17 32 -1 0
181 39 34 0 1
182 82 19 0 1
183 23 25 0 -1
184 78 3 -1 0
185 18 7 0 1
186 13 10 1 0
187 39 21 -1 0
188 0 21 0 -1
189 48 23 0 1
190 38 26 0 1
191 55 20 -1 0
192 7 31 1 0
193 25 1 0 -1
194 6 12 1 0
195 27 19 -1 0
196 26 26 0 1
197 24 13 -1 0
198 26 16 -1 0
199 76 17 1 0
200 29 3 0 1
201 94 10 0 1
202 78 8 -1 0
203 22 15 1 0
204 80 33 0 -1
205 35 14 0 -1
206 43 30 0 1
207 93 27 0 1
208 61 23 0 1
209 13 31 0 1
210 97 0 0 1
211 21 34 0 -1
212 76 17 0 1
213 42 10 1 0
214 41 4 0 1
215 43 37 1 0
216 82 34 1 0
217 38 20 -1 0
218 28 7 1 0
219 42 35 1 0
220 83 33 0 -1
221 97 35 0 1
222 48 24 0 1
223 24 12 1 0
224 38 23 0 1
225 90 15 0 -1
226 25 37 0 1
227 4 19 0 -1
228 47 20 0 1
229 41 22 -1 0
230 94 28 -1 0
231 8 11 -1 0
232 23 34 0 1
233 69 15 -1 0
234 46 24 -1 0
235 49 23 0 1
236 29 13 0 1
237 83 18 -1 0
238 28 9 1 0
239 8 32 1 0
240 16 32 0 1
241 24 28 0 1
242 19 2 0 -1
243 42 6 0 1
244 8 23 0 1
245 47 0 0 1
246 41 37 0 1
247 55 16 0 1
248 31 29 0 -1
249 56 31 0 1
250 69 35 0 -1
251 61 8 0 -1
252 96 3 -1 0
253 43 15 0 1
254 65 22 -1 0
255 46 22 0 -1
256 31 29 1 0
257 90 11 0 -1
258 85 7 -1 0
259 44 4 0 -1
260 91 23 0 -1
261 70 11 -1 0
262 80 36 0 1
263 40 1 0 -1
264 21 3 1 0
265 27 39 0 1
266 16 24 0 -1
267 28 3 0 1
268 28 8 0 -1
269 42 5 0 -1
270 39 5 0 1
271 65 23 0 -1
272 85 36 1 0
273 54 6 1 0
274 23 14 0 -1
275 64 16 0 1
276 28 32 0 -1
277 24 10 0 1
278 74 3 1 0
279 39 15 -1 0
280 36 7 -1 0
281 27 39 1 0
282 41 20 0 1
283 29 13 0 1
284 99 17 0 1
285 27 31 1 0
286 60 21 1 0
287 8 31 0 1
288 5 4 0 1
289 31 26 0 1
290 23 4 0 1
291 1 5 0 -1
292 4 7 0 1
293 40 13 0 1
294 11 12 1 0
295 27 8 0 1
296 21 7 0 1
297 88 24 0 -1
298 45 14 0 1
299 58 30 0 -1
300 46 29 0 -1
301 54 33 0 1
302 81 15 0 -1
303 41 17 -1 0
304 35 8 -1 0
305 66 11 -1 0
306 22 9 0 1
307 93 1 0 1
308 25 11 0 1
309 52 24 0 -1
310 39 22 0 1
311 23 38 0 -1
312 60 19 0 -1
313 2 1 1 0
314 15 18 -1 0
315 25 2 0 1
316 61 32 -1 0
317 47 13 1 0
318 42 21 -1 0
319 22 20 0 -1
320 24 33 -1 0
321 87 19 1 0
322 14 4 0 1
323 43 27 0 1
324 68 27 -1 0
325 21 33 1 0
326 41 25 0 1
327 22 3 -1 0
328 71 29 0 1
329 46 18 0 1
330 36 27 -1 0
331 46 14 -1 0
332 7 10 0 -1
333 23 34 1 0
334 28 38 0 1
335 21 35 -1 0
336 43 15 -1 0
337 42 38 0 1
338 61 0 -1 0
339 20 8 -1 0
340 52 34 0 -1
341 22 21 -1 0
342 73 15 0 1
343 41 4 -1 0
344 44 35 -1 0
345 50 25 0 -1
346 10 23 0 1
347 28 30 0 1
348 38 12 -1 0
349 45 29 0 -1
350 28 4 1 0
351 48 18 1 0
352 31 26 0 1
353 26 30 0 1
354 8 37 -1 0
355 40 3 0 -1
356 20 33 -1 0
357 47 15 0 -1
358 42 14 -1 0
359 27 22 1 0
360 64 9 -1 0
361 55 28 1 0
362 46 26 0 1
363 59 24 1 0
364 47 27 0 1
365 18 27 -1 0
366 8 7 -1 0
367 27 17 0 -1
368 43 1 1 0
369 3 24 -1 0
370 31 11 1 0
371 21 20 1 0
372 41 14 1 0
373 38 21 1 0
374 15 37 0 -1
375 27 27 0 1
376 44 35 0 -1
377 13 26 0 1
378 14 35 1 0
379 26 3 1 0
380 42 8 1 0
381 46 33 -1 0
382 97 7 0 1
383 42 32 0 -1
384 78 7 0 1
385 1 6 0 -1
386 43 27 0 1
387 53 24 -1 0
388 41 12 1 0
389 20 20 0 -1
390 64 22 1 0
391 5 35 0 -1
392 43 34 1 0
393 79 18 -1 0
394 40 26 0 -1
395 14 18 -1 0
396 79 24 0 1
397 0 0 0 1
398 92 13 -1 0
399 92 19 -1 0
400 80 6 -1 0
401 26 12 -1 0
402 64 38 1 0
403 31 21 0 1
404 66 35 1 0
405 17 17 0 1
406 27 16 -1 0
407 42 20 0 1
408 97 26 1 0
409 36 2 0 1
410 24 33 0 1
411 90 25 0 1
412 23 36 0 -1
413 53 11 0 -1
414 31 28 1 0
415 28 4 0 -1
416 79 3 0 -1
417 95 32 -1 0
418 10 32 0 -1
419 18 34 0 1
420 81 5 -1 0
421 17 26 0 -1
422 83 29 0 -1
423 30 17 0 1
424 85 15 0 1
425 32 17 1 0
426 98 6 0 -1
427 54 6 0 -1
428 37 13 -1 0
429 43 14 1 0
430 0 28 0 -1
431 69 12 1 0
432 40 14 -1 0
433 37 27 0 -1
434 25 21 1 0
435 24 16 0 1
436 82 13 0 1
437 56 26 0 1
438 54 30 0 -1
439 24 26 0 -1
440 28 1 0 -1
441 5 20 -1 0
442 62 17 0 -1
443 12 16 0 -1
444 75 33 0 -1
445 61 39 0 -1
446 88 10 0 -1
447 41 34 1 0
448 24 13 0 -1
449 77 37 1 0
450 1 10 -1 0
451 46 12 1 0
452 84 7 -1 0
453 13 28 -1 0
454 39 9 1 0
455 14 38 0 1
456 44 5 -1 0
457 40 10 1 0
458 68 12 -1 0
459 42 39 0 -1
460 25 32 0 -1
461 20 32 0 1
462 5 22 0 -1
463 2 34 -1 0
464 21 21 0 -1
465 46 9 -1 0
466 76 1 -1 0
467 48 9 0 -1
468 4 6 -1 0
469 13 25 0 -1
470 60 36 -1 0
471 30 23 -1 0
472 13 4 -1 0
473 66 17 0 1
474 28 5 0 -1
475 9 24 0 -1
476 55 25 0 1
477 98 13 0 -1
478 40 20 0 1
479 31 9 1 0
480 35 29 0 -1
481 18 31 0 -1
482 1 26 -1 0
483 38 22 0 1
484 22 7 0 1
485 45 32 -1 0
486 29 24 -1 0
487 40 24 0 -1
488 28 7 0 1
489 31 4 -1 0
490 44 32 -1 0
491 87 5 1 0
492 89 1 0 -1
493 14 39 -1 0
494 41 32 1 0
495 37 7 0 1
496 53 4 -1 0
497 41 13 -1 0
498 40 18 -1 0
499 84 2 -1 0
500 94 36 0 -1
501 18 28 1 0
502 29 32 0 -1
503 31 35 -1 0
504 91 27 0 1
505 50 25 1 0
506 44 10 0 -1
507 87 16 0 -1
508 15 31 0 -1
509 24 18 -1 0
510 26 39 -1 0
511 7 25 1 0
512 14 24 1 0
513 69 8 0 -1
514 21 13 1 0
515 95 7 0 -1
516 49 30 0 -1
517 83 30 0 1
518 36 32 0 1
519 72 31 0 1
520 23 29 -1 0
521 47 32 0 1
522 44 29 1 0
523 93 10 1 0
524 89 18 1 0
525 29 11 -1 0
526 7 1 1 0
527 21 23 1 0
528 40 21 -1 0
529 10 24 1 0
530 43 32 0 -1
531 26 2 0 -1
532 83 3 0 1
533 35 15 0 1
534 24 36 0 1
535 83 14 1 0
536 12 3 1 0
537 45 19 -1 0
538 38 39 1 0
539 88 5 -1 0
540 48 2 0 1
541 2 4 -1 0
542 28 30 0 -1
543 22 35 1 0
544 39 25 1 0
545 17 4 0 -1
546 27 2 -1 0
547 27 31 -1 0
548 38 33 1 0
549 51 28 0 1
550 55 33 1 0
551 97 11 0 -1
552 97 10 0 1
553 93 8 0 -1
554 84 25 0 1
555 86 29 -1 0
556 18 2 1 0
557 3 10 -1 0
558 38 23 0 1
559 58 21 0 -1
560 58 23 0 1
561 22 8 0 1
562 12 24 0 -1
563 19 14 -1 0
564 26 37 1 0
565 35 24 0 -1
566 25 24 0 1
567 23 27 0 -1
568 29 32 0 -1
569 91 18 0 1
570 95 23 0 -1
571 31 27 1 0
572 56 29 0 -1
573 62 30 1 0
574 92 8 1 0
575 30 28 -1 0
576 20 29 0 1
577 91 17 0 1
578 50 34 0 1
579 27 27 -1 0
580 49 13 0 1
581 32 13 -1 0
582 29 27 -1 0
583 83 38 0 -1
584 65 6 0 1
585 19 26 0 1
586 89 32 0 1
587 58 13 0 -1
588 91 33 1 0
589 49 28 -1 0
590 54 18 0 -1
591 7 12 -1 0
592 16 36 0 1
593 22 4 0 -1
594 18 12 1 0
595 97 37 1 0
596 24 22 -1 0
597 69 17 1 0
598 13 36 0 1
599 71 35 -1 0
600 72 35 0 1
601 57 6 0 -1
602 22 34 1 0
603 23 35 0 -1
604 24 12 0 1
605 25 37 0 1
606 44 21 0 1
607 58 31 0 -1
608 23 33 1 0
609 93 22 1 0
610 20 4 0 -1
611 19 8 0 -1
612 10 2 0 1
613 20 39 0 -1
614 12 37 0 -1
615 38 21 -1 0
616 42 2 0 -1
617 59 11 0 1
618 28 14 0 1
619 38 35 1 0
620 4 25 0 1
621 99 5 -1 0
622 40 19 -1 0
623 21 4 -1 0
624 95 25 1 0
625 27 29 0 1
626 63 4 1 0
627 90 31 -1 0
628 27 10 1 0
629 72 32 -1 0
630 40 29 1 0
631 96 21 0 1
632 52 4 0 1
633 9 2 -1 0
634 66 32 1 0
635 55 26 -1 0
636 43 20 -1 0
637 40 17 -1 0
638 45 3 1 0
639 50 38 0 1
640 20 25 0 1
641 2 5 0 -1
642 55 9 1 0
643 87 10 1 0
644 28 22 0 -1
645 2 12 0 -1
646 11 28 -1 0
647 38 7 0 -1
648 31 22 0 -1
649 22 27 -1 0
650 3 4 0 -1
651 82 15 1 0
652 98 24 1 0
653 4 9 -1 0
654 61 23 1 0
655 53 7 0 1
656 52 17 1 0
657 40 7 0 1
658 25 32 0 -1
659 18 2 0 -1
660 92 6 1 0
661 42 1 0 1
662 20 15 1 0
663 84 35 -1 0
664 90 16 -1 0
665 39 28 -1 0
666 21 14 0 1
667 30 32 1 0
668 51 26 1 0
669 19 15 1 0
670 23 3 0 -1
671 1 30 0 1
672 46 5 -1 0
673 29 15 1 0
674 37 37 1 0
675 46 20 0 -1
676 5 23 1 0
677 97 30 -1 0
678 44 29 -1 0
679 11 39 1 0
680 88 30 1 0
681 22 0 0 1
682 0 0 0 1
683 15 17 -1 0
684 93 31 -1 0
685 27 1 1 0
686 97 20 -1 0
687 8 4 -1 0
688 14 21 -1 0
689 29 17 0 1
690 8 29 1 0
691 29 31 -1 0
692 43 34 0 1
693 2 13 0 -1
694 18 2 1 0
695 13 10 1 0
696 32 7 0 1
697 45 29 1 0
698 42 33 0 -1
699 97 14 0 1
700 75 28 0 1
701 53 28 0 1
702 10 15 0 -1
703 74 33 -1 0
704 39 20 1 0
705 28 31 1 0
706 86 37 0 1
707 5 21 0 1
708 42 6 0 1
709 17 6 -1 0
710 25 31 1 0
711 49 9 1 0
712 49 2 0 1
713 63 6 0 -1
714 15 0 -1 0
715 95 14 -1 0
716 18 21 0 1
717 21 15 0 -1
718 27 37 1 0
719 96 30 0 -1
720 86 31 1 0
721 12 6 0 -1
722 84 10 -1 0
723 39 9 -1 0
724 60 29 0 1
725 39 22 0 -1
726 23 7 0 1
727 5 12 1 0
728 35 4 0 -1
729 8 16 1 0
730 82 16 -1 0
731 39 20 0 1
732 48 35 -1 0
733 36 36 1 0
734 38 0 0 1
735 26 17 1 0
736 47 38 1 0
737 6 6 0 -1
738 41 3 0 1
739 88 23 0 1
740 44 33 0 -1
741 24 15 1 0
742 42 7 0 -1
743 53 38 1 0
744 76 13 -1 0
745 39 8 1 0
746 83 1 -1 0
747 17 1 0 -1
748 62 14 -1 0
749 98 8 -1 0
750 9 5 -1 0
751 71 4 0 -1
752 92 8 0 -1
753 42 18 -1 0
754 30 1 0 1
755 50 7 0 -1
756 27 13 0 1
757 29 20 1 0
758 26 23 1 0
759 19 29 -1 0
760 59 39 0 1
761 97 0 -1 0
762 64 0 1 0
763 85 21 -1 0
764 56 37 0 1
765 1 33 1 0
766 60 28 1 0
767 90 28 1 0
768 6 1 1 0
769 40 20 0 1
770 24 26 -1 0
771 14 14 0 1
772 24 8 1 0
773 2 32 -1 0
774 95 2 1 0
775 23 11 1 0
776 83 25 0 -1
777 47 27 -1 0
778 2 6 0 -1
779 4 23 0 -1
780 15 39 -1 0
781 12 16 -1 0
782 79 17 -1 0
783 84 29 0 -1
784 14 25 0 1
785 26 17 0 1
786 84 34 -1 0
787 15 29 -1 0
788 25 17 1 0
789 66 32 0 1
790 45 5 1 0
791 58 28 0 -1
792 21 9 0 -1
793 54 22 0 1
794 27 16 0 1
795 19 10 0 -1
796 13 14 1 0
797 45 29 1 0
798 48 26 1 0
799 19 34 1 0
800 67 30 -1 0
801 9 36 0 1
802 25 23 0 1
803 40 13 0 1
804 48 39 0 1
805 20 14 0 1
806 79 5 0 1
807 57 2 0 1
808 22 9 -1 0
809 42 17 0 -1
810 48 25 0 -1
811 80 3 1 0
812 25 15 -1 0
813 39 36 -1 0
814 43 33 -1 0
815 77 13 0 -1
816 72 9 0 -1
817 59 32 0 1
818 46 37 1 0
819 48 31 -1 0
820 24 17 -1 0
821 12 26 0 1
822 45 0 0 1
823 38 19 0 -1
824 82 11 0 1
825 20 26 -1 0
826 29 28 1 0
827 93 21 0 -1
828 91 25 0 -1
829 98 19 -1 0
830 23 27 1 0
831 15 21 0 -1
832 8 16 0 1
833 23 31 0 -1
834 29 32 0 1
835 31 30 -1 0
836 49 34 0 -1
837 23 8 0 1
838 35 13 0 -1
839 81 24 0 1
840 48 25 -1 0
841 27 37 0 1
842 41 7 -1 0
843 46 13 -1 0
844 30 7 0 1
845 42 19 0 1
846 29 6 -1 0
847 41 22 -1 0
848 53 36 0 -1
849 84 2 1 0
850 44 20 1 0
851 46 31 1 0
852 92 12 0 -1
853 98 38 -1 0
854 39 16 -1 0
855 24 18 -1 0
856 22 35 0 -1
857 48 16 0 1
858 53 13 1 0
859 86 9 0 -1
860 15 2 0 1
861 39 20 0 1
862 95 29 1 0
863 38 30 0 1
864 65 8 0 -1
865 7 1 -1 0
866 95 25 0 1
867 51 2 -1 0
868 98 27 0 -1
869 62 20 1 0
870 38 4 -1 0
871 20 1 1 0
872 20 26 0 1
873 76 35 0 1
874 11 21 0 1
875 48 24 0 -1
876 81 3 -1 0
877 12 36 -1 0
878 32 25 -1 0
879 50 0 0 -1
880 81 36 0 1
881 41 27 -1 0
882 87 22 1 0
883 20 27 0 1
884 18 19 -1 0
885 40 15 0 -1
886 8 26 -1 0
887 19 15 0 1
888 17 23 1 0
889 40 12 1 0
890 22 24 1 0
891 37 5 -1 0
892 45 38 0 -1
893 94 21 0 -1
894 44 4 0 -1
895 25 1 0 -1
896 95 10 1 0
897 12 13 0 -1
898 89 36 0 -1
899 71 3 0 -1
900 36 19 0 -1
901 47 35 0 -1
902 67 34 0 1
903 11 31 0 -1
904 26 9 0 1
905 39 3 -1 0
906 40 10 -1 0
907 94 39 0 -1
908 42 20 0 1
909 20 27 1 0
910 15 35 1 0
911 75 30 0 1
912 26 34 0 1
913 26 22 0 1
914 24 29 0 1
915 35 39 -1 0
916 18 30 1 0
917 40 31 -1 0
918 25 15 0 1
919 42 37 0 -1
920 44 29 1 0
921 26 1 0 -1
922 29 14 1 0
923 50 20 0 1
924 29 5 0 -1
925 47 15 0 -1
926 39 18 0 -1
927 64 26 -1 0
928 52 21 0 1
929 91 25 -1 0
930 27 28 0 1
931 26 13 1 0
932 25 2 1 0
933 41 2 0 -1
934 35 4 -1 0
935 32 19 0 -1
936 80 5 0 -1
937 92 34 0 1
938 18 15 0 -1
939 60 10 1 0
940 8 21 -1 0
941 18 4 0 -1
942 79 36 0 1
943 38 1 0 -1
944 40 3 -1 0
945 43 4 1 0
946 36 7 0 1
947 39 9 0 1
948 40 17 0 1
949 41 22 -1 0
950 76 1 0 1
951 63 33 0 1
952 22 38 0 1
953 12 15 0 1
954 54 8 -1 0
955 93 26 0 -1
956 25 30 -1 0
957 28 9 0 -1
958 52 17 -1 0
959 48 39 -1 0
960 55 8 0 1
961 31 15 1 0
962 26 28 -1 0
963 29 25 0 1
964 38 11 0 1
965 90 29 0 1
966 30 23 1 0
967 22 29 0 -1
968 20 27 -1 0
969 25 2 0 -1
970 31 23 -1 0
971 48 27 1 0
972 43 38 -1 0
973 47 5 0 1
974 78 7 -1 0
975 26 2 1 0
976 32 19 -1 0
977 39 30 -1 0
978 20 32 0 -1
979 16 26 -1 0
980 5 28 0 1
981 32 21 0 -1
982 24 32 1 0
983 55 14 0 -1
984 23 38 1 0
985 14 22 1 0
986 49 7 0 -1
987 44 8 -1 0
988 73 38 1 0
989 5 11 0 -1
990 96 14 1 0
991 44 32 -1 0
992 68 34 -1 0
993 43 12 0 -1
994 45 18 1 0
995 91 25 1 0
996 40 27 -1 0
997 3 14 0 -1
998 72 0 1 0
999 31 31 0 -1
1000 81 12 0 -1
1001 49 31 1 0
1002 36 4 0 -1
1003 92 32 0 1
1004 3 25 -1 0
1005 58 12 0 -1
1006 56 31 1 0
1007 19 17 1 0
1008 24 30 0 -1
1009 9 19 0 -1
1010 8 15 -1 0
1011 20 15 1 0
1012 17 1 -1 0
1013 39 17 0 1
1014 73 2 1 0
1015 0 35 0 1
1016 30 25 -1 0
1017 16 38 -1 0
1018 68 12 0 -1
1019 80 30 -1 0
1020 35 21 0 -1
1021 72 14 0 -1
1022 27 8 0 -1
1023 54 6 0 1
1024 72 11 0 1
1025 6 2 0 -1
1026 96 1 0 1
1027 47 33 0 1
1028 30 18 -1 0
1029 15 8 0 -1
1030 25 10 0 1
1031 41 4 0 -1
1032 18 15 1 0
1033 24 19 1 0
1034 12 32 -1 0
1035 58 39 0 -1
1036 40 15 1 0
1037 24 20 0 -1
1038 39 13 1 0
1039 15 39 -1 0
1040 4 26 0 -1
1041 9 8 0 1
1042 21 22 0 1
1043 41 21 -1 0
1044 27 14 0 1
1045 28 4 -1 0
1046 84 15 -1 0
1047 60 12 0 -1
1048 21 16 0 1
1049 18 39 0 1
1050 45 3 1 0
1051 22 31 1 0
1052 61 23 -1 0
1053 17 29 0 1
1054 63 38 0 1
1055 30 32 0 1
1056 78 37 -1 0
1057 43 5 0 -1
1058 11 3 -1 0
1059 85 24 1 0
1060 39 7 0 -1
1061 6 29 1 0
1062 63 39 -1 0
1063 20 3 -1 0
1064 19 39 1 0
1065 24 9 1 0
1066 32 6 -1 0
1067 40 23 0 -1
1068 39 26 0 -1
1069 69 16 0 1
1070 10 20 -1 0
1071 19 17 1 0
1072 44 8 0 -1
1073 52 38 0 -1
1074 16 29 0 1
1075 0 27 -1 0
1076 38 0 -1 0
1077 87 3 -1 0
1078 77 11 0 -1
1079 49 27 0 1
1080 20 34 0 1
1081 4 29 -1 0
1082 49 7 -1 0
1083 3 11 0 -1
1084 1 3 -1 0
1085 39 30 1 0
1086 49 39 0 1
1087 30 22 1 0
1088 18 16 0 -1
1089 14 14 0 1
1090 38 1 0 -1
1091 43 33 0 1
1092 46 13 -1 0
1093 91 30 1 0
1094 38 7 1 0
1095 45 35 0 -1
1096 46 39 1 0
1097 12 14 0 -1
1098 76 36 1 0
1099 40 5 0 -1
1100 49 17 -1 0
1101 40 18 0 1
1102 23 3 0 1
1103 87 18 0 -1
1104 47 35 -1 0
1105 41 26 -1 0
1106 49 22 1 0
1107 25 26 1 0
1108 23 7 -1 0
1109 63 38 1 0
1110 40 6 0 -1
1111 29 1 -1 0
1112 82 33 0 1
1113 7 12 1 0
1114 8 16 1 0
1115 56 33 -1 0
1116 86 23 0 -1
1117 56 23 0 1
1118 19 1 0 1
1119 6 5 -1 0
1120 15 6 0 -1
1121 18 34 0 -1
1122 45 14 -1 0
1123 16 20 0 -1
1124 67 14 -1 0
1125 39 13 -1 0
1126 48 32 0 1
1127 8 5 1 0
1128 19 24 0 -1
1129 36 15 -1 0
1130 10 38 0 1
1131 30 10 -1 0
1132 45 26 -1 0
1133 19 18 1 0
1134 29 12 0 -1
1135 16 14 1 0
1136 64 39 0 -1
1137 77 33 0 -1
1138 46 21 0 -1
1139 75 24 1 0
1140 96 27 -1 0
1141 16 20 1 0
1142 36 33 0 1
1143 44 13 0 -1
1144 23 34 0 1
1145 38 29 0 -1
1146 29 0 0 1
1147 48 29 0 1
1148 23 16 -1 0
1149 66 34 0 1
1150 43 1 0 1
1151 41 11 1 0
1152 35 0 0 -1
1153 91 34 0 1
1154 27 10 0 1
1155 81 24 0 -1
1156 27 15 0 1
1157 39 26 0 1
1158 90 36 0 -1
1159 6 12 0 -1
1160 40 4 0 1
1161 41 21 -1 0
1162 38 36 -1 0
1163 42 35 0 1
1164 70 14 0 1
1165 60 26 -1 0
1166 15 34 -1 0
1167 35 16 -1 0
1168 41 21 1 0
1169 99 7 -1 0
1170 31 22 -1 0
1171 42 1 1 0
1172 19 5 -1 0
1173 15 20 0 -1
1174 44 26 0 -1
1175 22 8 0 -1
1176 49 3 0 -1
1177 18 29 1 0
1178 42 11 0 -1
1179 39 19 1 0
1180 98 15 1 0
1181 14 37 1 0
1182 10 6 0 -1
1183 41 2 0 1
1184 92 5 0 1
1185 63 1 -1 0
1186 29 18 -1 0
1187 31 20 0 -1
1188 42 0 0 -1
1189 37 34 0 1
1190 98 1 -1 0
1191 37 19 1 0
1192 92 13 0 1
1193 3 34 -1 0
1194 26 25 1 0
1195 7 0 0 1
1196 10 13 0 1
1197 10 30 -1 0
1198 89 36 -1 0
1199 45 10 0 1
1200 29 15 -1 0
1201 43 5 1 0
1202 28 3 0 1
1203 6 34 0 1
1204 16 37 -1 0
1205 70 39 -1 0
1206 55 25 1 0
1207 52 34 1 0
1208 23 25 0 1
1209 45 22 -1 0
1210 26 36 0 1
1211 81 7 0 1
1212 17 34 1 0
1213 67 35 0 1
1214 38 4 0 -1
1215 44 10 1 0
1216 2 26 -1 0
1217 49 33 -1 0
1218 25 14 1 0
1219 95 36 0 -1
1220 23 16 0 -1
1221 21 36 1 0
1222 39 14 -1 0
1223 28 3 0 1
1224 60 6 1 0
1225 45 17 -1 0
1226 59 22 -1 0
1227 47 4 1 0
1228 82 32 -1 0
1229 49 34 -1 0
1230 29 3 0 1
1231 40 25 -1 0
1232 98 7 -1 0
1233 8 26 0 1
1234 19 31 -1 0
1235 28 35 -1 0
1236 29 34 -1 0
1237 36 16 0 -1
1238 19 22 0 1
1239 51 8 0 1
1240 14 3 0 1
1241 30 20 -1 0
1242 87 0 0 1
1243 40 7 0 -1
1244 5 11 -1 0
1245 6 17 1 0
1246 41 24 -1 0
1247 17 3 0 1
1248 38 23 1 0
1249 39 2 -1 0
1250 30 25 1 0
1251 26 22 0 1
1252 25 22 0 -1
1253 48 10 0 1
1254 18 30 0 -1
1255 9 27 0 1
1256 41 36 1 0
1257 86 17 1 0
1258 93 27 -1 0
1259 24 17 0 1
1260 89 9 0 -1
1261 15 5 1 0
1262 41 26 0 1
1263 27 32 -1 0
1264 39 16 1 0
1265 35 32 1 0
1266 19 15 0 -1
1267 5 30 1 0
1268 63 18 0 -1
1269 27 1 0 -1
1270 31 32 0 1
1271 18 29 1 0
1272 12 34 0 -1
1273 42 22 0 -1
1274 21 30 0 1
1275 29 1 1 0
1276 28 15 -1 0
1277 85 0 0 -1
1278 26 8 0 -1
1279 39 16 -1 0
1280 21 10 1 0
1281 18 5 1 0
1282 87 30 1 0
1283 81 15 1 0
1284 40 8 -1 0
1285 28 38 0 -1
1286 41 9 0 1
1287 93 35 1 0
1288 96 36 -1 0
1289 61 7 0 1
1290 88 4 1 0
1291 36 15 0 -1
1292 43 0 -1 0
1293 1 37 0 -1
1294 82 38 1 0
1295 9 37 1 0
1296 66 35 1 0
1297 42 8 1 0
1298 57 35 0 1
1299 25 27 0 1
1300 30 10 0 -1
1301 19 24 -1 0
1302 49 18 0 -1
1303 0 20 0 1
1304 27 30 0 -1
1305 39 35 -1 0
1306 42 23 1 0
1307 34 38 1 0
1308 98 20 0 1
1309 6 33 -1 0
1310 39 1 0 1
1311 27 26 1 0
1312 43 27 -1 0
1313 54 19 -1 0
1314 24 27 0 -1
1315 3 14 0 1
1316 84 35 -1 0
1317 12 13 0 -1
1318 1 29 0 -1
1319 75 3 0 1
1320 48 24 0 -1
1321 8 10 0 1
1322 40 5 -1 0
1323 86 35 -1 0
1324 91 37 -1 0
1325 94 36 1 0
1326 45 32 -1 0
1327 91 11 0 -1
1328 97 3 0 -1
1329 35 20 -1 0
1330 8 22 0 1
1331 22 5 1 0
1332 19 16 -1 0
1333 37 37 -1 0
1334 41 28 -1 0
1335 72 37 1 0
1336 82 16 1 0
1337 37 0 -1 0
1338 31 28 0 -1
1339 17 27 1 0
1340 28 13 1 0
1341 37 19 1 0
1342 93 5 0 -1
1343 40 33 -1 0
1344 0 32 0 -1
1345 99 2 0 -1
1346 46 31 1 0
1347 80 32 1 0
1348 57 22 -1 0
1349 29 23 0 1
1350 69 1 0 -1
1351 31 28 0 1
1352 88 30 0 -1
1353 43 35 0 -1
1354 95 29 1 0
1355 15 11 1 0
1356 15 23 1 0
1357 17 39 -1 0
1358 31 10 0 -1
1359 91 9 -1 0
1360 41 11 0 -1
1361 15 9 0 1
1362 25 30 1 0
1363 25 17 1 0
1364 38 8 -1 0
1365 40 28 0 -1
1366 99 11 -1 0
1367 57 24 0 1
1368 32 8 1 0
1369 39 14 -1 0
1370 68 7 1 0
1371 73 14 0 1
1372 22 22 1 0
1373 23 22 -1 0
1374 23 29 1 0
1375 41 17 -1 0
1376 37 27 0 -1
1377 23 26 0 1
1378 13 15 1 0
1379 29 16 -1 0
1380 42 30 -1 0
1381 29 29 1 0
1382 20 9 1 0
1383 1 9 -1 0
1384 89 6 1 0
1385 39 34 1 0
1386 96 12 0 1
1387 15 21 0 1
1388 43 31 1 0
1389 94 25 0 1
1390 32 27 -1 0
1391 97 13 0 -1
1392 98 21 -1 0
1393 65 33 -1 0
1394 14 13 1 0
1395 30 30 -1 0
1396 45 10 0 1
1397 16 34 -1 0
1398 98 11 -1 0
1399 51 16 0 1
1400 24 20 1 0
1401 31 3 0 -1
1402 24 1 0 1
1403 11 9 1 0
1404 4 9 0 1
1405 25 1 0 -1
1406 71 34 0 -1
1407 29 34 1 0
1408 21 12 -1 0
1409 90 33 0 -1
1410 67 7 0 -1
1411 83 30 -1 0
1412 24 3 1 0
1413 43 15 -1 0
1414 8 27 -1 0
1415 30 33 0 -1
1416 93 26 -1 0
1417 37 10 0 1
1418 47 28 1 0
1419 28 39 0 1
1420 89 33 -1 0
1421 5 18 1 0
1422 81 17 0 1
1423 61 17 -1 0
1424 36 11 1 0
1425 0 12 0 -1
1426 29 14 1 0
1427 36 8 1 0
1428 5 27 1 0
1429 47 3 1 0
1430 28 22 0 -1
1431 53 12 0 -1
1432 93 27 0 -1
1433 42 0 0 -1
1434 54 14 0 1
1435 78 10 0 -1
1436 24 39 1 0
1437 83 15 -1 0
1438 57 7 -1 0
1439 47 39 -1 0
1440 18 8 -1 0
1441 83 22 1 0
1442 12 27 -1 0
1443 13 36 0 -1
1444 44 36 0 -1
1445 43 23 -1 0
1446 22 8 -1 0
1447 28 21 -1 0
1448 29 33 1 0
1449 42 28 1 0
1450 79 2 1 0
1451 83 37 0 -1
1452 27 15 -1 0
1453 46 20 -1 0
1454 31 29 0 1
1455 31 3 -1 0
1456 12 9 0 -1
1457 28 1 0 1
1458 40 7 0 1
1459 31 27 0 1
1460 57 14 1 0
1461 20 34 0 -1
1462 29 12 0 1
1463 74 15 0 1
1464 21 25 1 0
1465 76 20 -1 0
1466 43 29 1 0
1467 92 28 0 1
1468 7 2 0 1
1469 1 17 1 0
1470 26 26 1 0
1471 96 16 0 -1
1472 96 1 1 0
1473 19 0 0 1
1474 37 7 0 1
1475 19 7 1 0
1476 25 22 0 -1
1477 37 19 1 0
1478 38 34 0 1
1479 90 12 1 0
1480 29 34 1 0
1481 44 12 0 1
1482 24 13 1 0
1483 49 7 0 1
1484 44 38 -1 0
1485 2 4 -1 0
1486 55 3 1 0
1487 40 6 0 -1
1488 49 3 0 -1
1489 8 25 0 1
1490 95 32 1 0
1491 32 25 -1 0
1492 17 23 1 0
1493 28 27 1 0
1494 45 15 0 1
1495 36 30 0 1
1496 29 9 0 -1
1497 24 14 0 -1
1498 86 35 0 -1
1499 54 35 1 0
1500 12 1 0 1
1501 88 29 0 -1
1502 14 3 1 0
1503 43 36 0 -1
1504 1 5 1 0
1505 23 39 0 -1
1506 45 24 0 1
1507 95 11 0 1
1508 27 19 0 -1
1509 43 20 1 0
1510 43 32 0 1
1511 46 20 1 0
1512 42 21 -1 0
1513 94 6 -1 0
1514 55 15 -1 0
1515 27 4 -1 0
1516 19 2 -1 0
1517 92 26 -1 0
1518 37 9 1 0
1519 84 36 1 0
1520 44 27 -1 0
1521 49 30 0 1
1522 38 20 0 -1
1523 35 33 0 -1
1524 73 17 -1 0
1525 18 11 -1 0
1526 22 15 1 0
1527 42 20 0 1
1528 31 31 0 1
1529 53 7 0 -1
1530 56 1 0 -1
1531 40 30 -1 0
1532 10 34 0 1
1533 36 26 0 1
1534 37 4 0 -1
1535 20 35 0 1
1536 4 2 0 -1
1537 43 1 0 1
1538 81 3 1 0
1539 26 31 0 -1
1540 26 21 1 0
1541 17 28 0 1
1542 30 0 -1 0
1543 12 24 0 1
1544 56 24 1 0
1545 12 17 0 -1
1546 96 16 0 1
1547 3 13 -1 0
1548 99 9 0 -1
1549 42 34 0 -1
1550 22 18 0 1
1551 29 22 -1 0
1552 68 11 0 1
1553 28 28 0 1
1554 23 9 0 1
1555 76 9 0 1
1556 30 19 -1 0
1557 56 24 1 0
1558 96 39 0 1
1559 13 2 -1 0
1560 22 0 0 1
1561 26 13 0 -1
1562 41 29 0 -1
1563 46 3 1 0
1564 36 6 -1 0
1565 28 31 0 -1
1566 20 29 0 1
1567 79 21 -1 0
1568 9 21 1 0
1569 92 13 0 1
1570 39 37 1 0
1571 38 17 0 1
1572 72 0 -1 0
1573 14 37 1 0
1574 26 14 1 0
1575 86 37 1 0
1576 30 9 0 -1
1577 24 8 0 -1
1578 11 21 -1 0
1579 28 16 0 -1
1580 45 9 -1 0
1581 43 19 0 -1
1582 7 29 -1 0
1583 1 17 0 -1
1584 64 4 -1 0
1585 18 15 -1 0
1586 45 36 -1 0
1587 74 0 1 0
1588 70 16 0 -1
1589 30 1 1 0
1590 93 32 -1 0
1591 42 34 0 1
1592 22 14 0 1
1593 3 6 0 -1
1594 42 31 0 1
1595 50 28 0 -1
1596 56 29 1 0
1597 99 29 1 0
1598 12 13 -1 0
1599 40 23 -1 0
1600 59 27 0 -1
1601 98 30 0 -1
1602 19 21 0 1
1603 42 4 0 -1
1604 99 21 0 -1
1605 64 38 0 1
1606 32 39 1 0
1607 48 15 0 1
1608 66 11 0 -1
1609 46 22 -1 0
1610 41 29 0 -1
1611 13 19 0 -1
1612 2 33 0 -1
1613 97 11 0 1
1614 20 22 -1 0
1615 28 38 1 0
1616 43 28 -1 0
1617 37 20 1 0
1618 52 37 -1 0
1619 99 18 -1 0
1620 49 30 0 1
1621 45 38 -1 0
1622 24 29 0 -1
1623 88 33 0 1
1624 77 20 1 0
1625 35 19 1 0
1626 36 28 0 -1
1627 43 25 0 1
1628 90 20 0 -1
1629 87 2 -1 0
1630 4 3 -1 0
1631 36 29 0 -1
1632 2 25 -1 0
1633 5 30 -1 0
1634 70 5 -1 0
1635 20 16 1 0
1636 20 10 1 0
1637 38 4 -1 0
1638 19 22 0 -1
1639 44 20 -1 0
1640 52 17 -1 0
1641 45 21 0 -1
1642 21 31 1 0
1643 24 30 0 1
1644 0 4 0 1
1645 43 32 -1 0
1646 51 5 1 0
1647 50 2 1 0
1648 48 6 0 -1
1649 38 34 0 1
1650 35 0 0 1
1651 41 11 0 1
1652 15 6 0 1
1653 23 2 1 0
1654 18 32 0 -1
1655 29 27 1 0
1656 12 21 0 1
1657 79 27 1 0
1658 29 21 -1 0
1659 31 25 0 1
1660 10 22 0 -1
1661 90 34 0 1
1662 62 29 0 -1
1663 60 24 0 -1
1664 51 12 1 0
1665 76 19 -1 0
1666 57 7 1 0
1667 23 15 1 0
1668 23 0 0 -1
1669 58 0 0 -1
1670 8 35 1 0
1671 4 4 0 -1
1672 7 37 -1 0
1673 62 9 -1 0
1674 45 27 0 1
1675 94 16 1 0
1676 25 31 0 -1
1677 27 31 -1 0
1678 79 10 1 0
1679 46 0 1 0
1680 62 23 0 -1
1681 84 16 -1 0
1682 48 17 0 -1
1683 12 24 0 1
1684 21 31 0 -1
1685 66 26 1 0
1686 23 29 0 -1
1687 42 36 -1 0
1688 25 12 -1 0
1689 82 33 0 -1
1690 9 22 -1 0
1691 55 3 0 1
1692 26 4 -1 0
1693 35 21 0 -1
1694 15 38 -1 0
1695 96 15 -1 0
1696 18 27 0 1
1697 53 16 0 -1
1698 73 11 0 -1
1699 17 39 0 1
1700 13 3 -1 0
1701 0 13 -1 0
1702 36 18 0 1
1703 90 25 1 0
1704 15 13 1 0
1705 22 37 0 -1
1706 97 37 -1 0
1707 45 20 0 1
1708 43 28 1 0
1709 44 11 1 0
1710 53 13 -1 0
1711 73 21 0 -1
1712 75 16 1 0
1713 94 33 0 1
1714 36 36 0 1
1715 4 2 0 -1
1716 38 35 0 -1
1717 27 8 1 0
1718 55 30 -1 0
1719 22 33 1 0
1720 37 39 1 0
1721 2 15 0 -1
1722 96 31 1 0
1723 27 29 1 0
1724 77 31 1 0
1725 40 6 0 1
1726 23 2 -1 0
1727 56 8 1 0
1728 2 7 0 -1
1729 67 29 1 0
1730 23 9 0 -1
1731 30 38 0 1
1732 23 33 0 1
1733 39 18 1 0
1734 81 24 1 0
1735 28 29 0 1
1736 6 24 0 -1
1737 45 39 -1 0
1738 76 0 1 0
1739 36 30 0 1
1740 3 30 0 1
1741 38 6 1 0
1742 46 22 1 0
1743 67 13 0 -1
1744 14 34 -1 0
1745 44 22 -1 0
1746 28 15 0 -1
1747 42 30 0 -1
1748 45 33 1 0
1749 44 12 0 -1
1750 27 28 1 0
1751 44 6 -1 0
1752 24 28 0 1
1753 8 27 -1 0
1754 73 28 0 -1
1755 24 11 0 1
1756 99 15 1 0
1757 53 18 0 -1
1758 88 18 0 -1
1759 17 35 1 0
1760 15 38 -1 0
1761 22 32 0 -1
1762 26 10 0 1
1763 56 35 -1 0
1764 38 34 1 0
1765 87 19 0 -1
1766 96 11 1 0
1767 58 3 -1 0
1768 28 2 -1 0
1769 41 39 0 -1
1770 66 11 -1 0
1771 40 25 0 1
1772 44 18 -1 0
1773 99 0 -1 0
1774 27 18 -1 0
1775 24 30 1 0
1776 7 5 0 1
1777 60 26 0 1
1778 9 6 0 -1
1779 28 8 1 0
1780 89 34 -1 0
1781 96 8 0 1
1782 85 4 0 -1
1783 20 12 0 1
1784 68 35 -1 0
1785 65 8 0 1
1786 22 31 0 -1
1787 21 14 -1 0
1788 17 23 0 -1
1789 27 34 0 -1
1790 39 21 0 1
1791 75 11 -1 0
1792 61 14 1 0
1793 14 16 1 0
1794 30 36 -1 0
1795 19 0 -1 0
1796 13 14 -1 0
1797 46 28 0 1
1798 27 16 -1 0
1799 27 2 0 -1
1800 37 32 1 0
1801 44 25 -1 0
1802 24 34 -1 0
1803 27 5 0 1
1804 22 18 0 -1
1805 95 16 1 0
1806 45 33 0 -1
1807 23 10 -1 0
1808 39 6 -1 0
1809 56 0 -1 0
1810 37 28 0 1
1811 90 34 -1 0
1812 58 10 0 -1
1813 58 36 0 1
1814 51 19 -1 0
1815 10 26 -1 0
1816 78 29 0 1
1817 37 20 -1 0
1818 55 5 0 1
1819 81 12 -1 0
1820 80 15 0 -1
1821 42 7 0 1
1822 41 13 -1 0
1823 58 1 -1 0
1824 16 26 -1 0
1825 24 12 0 1
1826 18 12 -1 0
1827 49 19 0 -1
1828 81 25 0 -1
1829 30 15 1 0
1830 43 35 -1 0
1831 39 4 0 1
1832 98 20 1 0
1833 25 8 1 0
1834 65 4 0 1
1835 22 10 -1 0
1836 11 9 0 1
1837 38 30 1 0
1838 21 38 -1 0
1839 72 31 0 -1
1840 54 27 0 -1
1841 48 32 0 1
1842 85 2 -1 0
1843 22 39 0 -1
1844 53 38 -1 0
1845 1 35 1 0
1846 42 11 0 -1
1847 6 31 1 0
1848 87 5 0 -1
1849 93 13 1 0
1850 28 26 1 0
1851 41 27 1 0
1852 92 20 1 0
1853 36 37 0 1
1854 24 2 1 0
1855 85 33 0 -1
1856 37 4 -1 0
1857 46 11 0 1
1858 25 5 0 -1
1859 56 27 -1 0
1860 10 33 0 -1
1861 82 26 1 0
1862 82 2 0 -1
1863 22 12 0 1
1864 13 30 1 0
1865 97 12 1 0
1866 46 33 0 1
1867 59 36 1 0
1868 93 37 1 0
1869 36 17 0 -1
1870 2 32 0 1
1871 8 5 -1 0
1872 40 34 1 0
1873 38 38 0 1
1874 28 8 1 0
1875 63 33 0 1
1876 41 7 -1 0
1877 42 5 -1 0
1878 44 16 0 1
1879 45 33 0 -1
1880 39 15 -1 0
1881 19 6 0 1
1882 89 30 0 1
1883 25 0 -1 0
1884 25 9 0 1
1885 5 29 0 -1
1886 93 2 0 -1
1887 45 5 0 -1
1888 56 34 1 0
1889 49 35 0 -1
1890 21 1 1 0
1891 76 5 -1 0
1892 20 36 1 0
1893 73 12 0 1
1894 37 37 1 0
1895 17 21 0 -1
1896 22 12 1 0
1897 77 11 0 1
1898 27 17 1 0
1899 66 33 -1 0
1900 55 31 0 1
1901 49 28 1 0
1902 1 14 -1 0
1903 40 32 0 -1
1904 60 22 0 -1
1905 24 17 1 0
1906 28 32 0 -1
1907 17 33 0 -1
1908 57 35 1 0
1909 77 20 -1 0
1910 26 21 -1 0
1911 84 0 -1 0
1912 74 30 1 0
1913 38 1 1 0
1914 3 10 -1 0
1915 39 5 0 1
1916 39 5 0 1
1917 82 30 0 1
1918 64 3 0 -1
1919 73 15 0 1
1920 56 19 -1 0
1921 3 35 1 0
1922 44 21 -1 0
1923 36 33 0 -1
1924 40 15 0 1
1925 88 33 1 0
1926 30 21 0 -1
1927 21 32 0 -1
1928 24 11 1 0
1929 30 15 1 0
1930 36 9 -1 0
1931 37 14 0 1
1932 44 18 0 1
1933 48 36 -1 0
1934 30 3 -1 0
1935 92 6 0 1
1936 24 16 0 1
1937 28 31 -1 0
1938 89 1 -1 0
1939 20 7 -1 0
1940 6 37 1 0
1941 94 17 -1 0
1942 28 14 0 1
1943 47 1 0 1
1944 39 30 -1 0
1945 11 0 0 -1
1946 79 34 -1 0
1947 25 10 1 0
1948 49 37 -1 0
1949 25 8 0 1
1950 41 26 0 1
1951 43 38 -1 0
1952 84 12 0 -1
1953 35 17 -1 0
1954 27 9 -1 0
1955 5 34 -1 0
1956 6 23 0 1
1957 11 10 0 -1
1958 50 8 0 1
1959 50 25 0 1
1960 29 16 0 -1
1961 17 21 0 1
1962 47 38 1 0
1963 20 21 0 -1
1964 27 14 -1 0
1965 29 15 1 0
1966 47 4 0 -1
1967 3 39 0 -1
1968 42 0 0 1
1969 23 25 1 0
1970 48 36 1 0
1971 36 8 -1 0
1972 38 14 -1 0
1973 68 10 1 0
1974 99 16 -1 0
1975 40 22 0 1
1976 30 22 0 1
1977 81 38 0 1
1978 26 13 0 -1
1979 27 17 0 -1
1980 41 23 0 -1
1981 44 14 1 0
1982 36 26 0 -1
1983 11 8 1 0
1984 61 10 -1 0
1985 0 21 0 -1
1986 25 36 0 1
1987 9 35 0 -1
1988 41 15 0 -1
1989 21 5 0 -1
1990 71 9 1 0
1991 39 3 -1 0
1992 24 1 1 0
1993 12 35 0 -1
1994 40 19 0 1
1995 93 18 0 -1
1996 82 7 -1 0
1997 89 17 0 1
1998 24 37 1 0
1999 25 16 -1 0
2000 10 9 0 1
2001 0 31 1 0
2002 38 10 -1 0
2003 86 36 0 -1
2004 4 34 1 0
2005 5 32 -1 0
2006 42 33 1 0
2007 29 5 0 -1
2008 59 38 0 1
2009 9 38 0 -1
2010 88 39 -1 0
2011 84 1 1 0
2012 51 11 0 1
2013 8 21 0 -1
2014 46 33 1 0
2015 26 10 -1 0
2016 68 0 -1 0
2017 36 38 0 -1
2018 45 32 -1 0
2019 32 12 -1 0
2020 16 35 0 -1
2021 49 3 -1 0
2022 42 3 0 -1
2023 23 28 -1 0
2024 7 30 0 1
2025 42 21 -1 0
2026 73 36 0 1
2027 24 1 1 0
2028 37 39 0 -1
2029 28 0 -1 0
2030 71 20 1 0
2031 7 14 0 1
2032 87 2 1 0
2033 26 22 1 0
2034 52 36 0 -1
2035 99 13 0 -1
2036 39 6 0 1
2037 6 35 0 -1
2038 26 16 0 -1
2039 26 31 0 1
2040 28 7 0 1
2041 38 3 -1 0
2042 21 31 0 -1
2043 36 29 1 0
2044 26 12 0 1
2045 92 39 1 0
2046 41 8 0 -1
2047 54 16 0 -1
2048 87 36 1 0
2049 54 39 0 -1
2050 81 8 0 1
2051 82 36 0 1
2052 1 34 1 0
2053 20 7 1 0
2054 91 27 1 0
2055 75 5 1 0
2056 49 25 0 -1
2057 26 23 1 0
2058 49 34 0 1
2059 79 30 0 1
2060 80 16 0 1
2061 25 12 1 0
2062 47 34 1 0
2063 43 29 -1 0
2064 28 27 0 1
2065 28 17 -1 0
2066 24 2 -1 0
2067 30 14 1 0
2068 17 29 0 -1
2069 42 33 1 0
2070 50 21 -1 0
2071 72 22 0 -1
2072 6 13 0 -1
2073 69 24 1 0
2074 4 18 0 -1
2075 27 13 0 1
2076 8 33 -1 0
2077 61 31 0 -1
2078 14 20 1 0
2079 28 16 0 -1
2080 16 21 0 -1
2081 8 24 0 1
2082 38 14 0 -1
2083 58 29 -1 0
2084 0 14 0 1
2085 18 27 0 1
2086 82 12 0 1
2087 19 2 -1 0
2088 48 32 0 1
2089 99 2 0 1
2090 7 14 0 -1
2091 99 10 0 -1
2092 7 19 0 -1
2093 68 13 1 0
2094 38 5 -1 0
2095 18 20 0 -1
2096 37 14 0 1
2097 38 13 -1 0
2098 55 25 1 0
2099 59 3 1 0
2100 15 21 -1 0
2101 71 28 1 0
2102 40 0 0 -1
2103 38 27 0 -1
2104 95 22 0 1
2105 2 24 0 -1
2106 19 38 0 1
2107 25 4 0 -1
2108 40 14 1 0
2109 42 31 1 0
2110 53 20 1 0
2111 55 9 0 -1
2112 30 25 1 0
2113 17 8 1 0
2114 5 33 0 -1
2115 42 2 -1 0
2116 30 15 0 -1
2117 38 17 1 0
2118 69 19 1 0
2119 94 3 1 0
2120 94 6 1 0
2121 4 29 1 0
2122 40 21 1 0
2123 38 30 0 -1
2124 63 31 -1 0
2125 65 6 0 -1
2126 76 16 -1 0
2127 29 29 -1 0
2128 78 35 1 0
2129 86 16 1 0
2130 35 0 1 0
2131 3 36 -1 0
2132 27 26 -1 0
2133 83 15 0 -1
2134 39 18 0 1
2135 48 39 0 -1
2136 82 5 0 -1
2137 73 13 1 0
2138 78 1 1 0
2139 13 29 0 1
2140 8 9 0 -1
2141 2 18 1 0
2142 39 39 -1 0
2143 42 35 0 1
2144 55 35 0 -1
2145 40 21 0 -1
2146 30 21 1 0
2147 82 30 1 0
2148 2 7 0 1
2149 14 33 0 1
2150 61 5 0 1
2151 13 38 0 1
2152 29 13 0 1
2153 56 26 0 1
2154 31 17 -1 0
2155 19 33 1 0
2156 29 4 0 -1
2157 26 15 0 -1
2158 14 23 0 1
2159 35 33 0 -1
2160 21 33 1 0
2161 19 33 -1 0
2162 77 30 -1 0
2163 5 1 0 -1
2164 77 39 0 -1
2165 55 11 1 0
2166 39 21 0 1
2167 88 36 0 -1
2168 31 16 -1 0
2169 7 37 1 0
2170 2 32 0 -1
2171 78 33 0 -1
2172 40 34 0 1
2173 83 38 0 -1
2174 43 37 1 0
2175 84 6 0 -1
2176 19 34 -1 0
2177 39 13 0 -1
2178 99 20 0 1
2179 37 34 -1 0
2180 54 4 0 -1
2181 30 26 0 -1
2182 65 38 0 1
2183 72 29 -1 0
2184 21 32 0 1
2185 13 38 0 1
2186 73 19 1 0
2187 70 16 0 -1
2188 15 7 0 1
2189 8 35 0 1
2190 37 35 0 1
2191 29 4 -1 0
2192 45 6 0 1
2193 20 8 1 0
2194 29 31 0 1
2195 25 39 -1 0
2196 26 2 -1 0
2197 75 21 0 -1
2198 1 9 -1 0
2199 40 2 1 0
2200 99 30 0 -1
2201 93 30 1 0
2202 28 27 0 -1
2203 87 15 0 -1
2204 42 36 -1 0
2205 30 24 0 1
2206 10 30 1 0
2207 39 38 0 1
2208 81 2 -1 0
2209 81 37 -1 0
2210 17 27 1 0
2211 91 19 1 0
2212 46 14 1 0
2213 22 30 -1 0
2214 25 36 -1 0
2215 80 24 1 0
2216 23 26 -1 0
2217 43 25 -1 0
2218 10 12 0 -1
2219 78 31 0 -1
2220 27 28 -1 0
2221 52 12 1 0
2222 8 36 -1 0
2223 10 22 -1 0
2224 16 10 0 -1
2225 10 34 0 1
2226 28 14 0 1
2227 44 8 0 -1
2228 49 39 -1 0
2229 47 22 -1 0
2230 37 11 0 1
2231 92 15 0 -1
2232 22 31 0 -1
2233 10 19 0 1
2234 75 36 0 1
2235 20 10 -1 0
2236 49 31 0 -1
2237 74 1 1 0
2238 99 4 0 1
2239 72 29 0 -1
2240 91 37 -1 0
2241 46 8 1 0
2242 26 31 0 -1
2243 39 4 -1 0
2244 16 5 0 -1
2245 43 28 -1 0
2246 15 2 1 0
2247 26 1 -1 0
2248 51 13 -1 0
2249 21 32 -1 0
2250 21 13 1 0
2251 5 1 0 -1
2252 82 15 1 0
2253 27 14 1 0
2254 72 25 1 0
2255 67 18 1 0
2256 37 24 -1 0
2257 47 7 0 -1
2258 29 5 -1 0
2259 15 22 0 -1
2260 46 23 0 -1
2261 47 14 1 0
2262 31 23 0 1
2263 45 25 -1 0
2264 36 1 -1 0
2265 22 27 1 0
2266 65 39 -1 0
2267 25 39 1 0
2268 31 27 0 1
2269 85 24 1 0
2270 23 23 -1 0
2271 17 38 0 1
2272 20 15 0 1
2273 62 6 0 1
2274 85 5 -1 0
2275 15 17 0 -1
2276 91 30 1 0
2277 68 20 -1 0
2278 25 37 -1 0
2279 42 13 1 0
2280 21 27 0 1
2281 28 21 0 -1
2282 18 22 0 1
2283 78 37 0 -1
2284 11 20 1 0
2285 36 33 1 0
2286 29 17 1 0
2287 49 12 0 -1
2288 46 21 -1 0
2289 16 13 1 0
2290 19 7 0 -1
2291 41 38 1 0
2292 23 31 -1 0
2293 4 34 0 -1
2294 41 20 0 1
2295 78 11 1 0
2296 6 2 0 -1
2297 5 1 0 -1
2298 16 39 0 -1
2299 19 6 1 0
2300 6 8 -1 0
2301 37 15 0 -1
2302 82 34 0 1
2303 17 0 1 0
2304 18 31 0 -1
2305 73 7 -1 0
2306 11 22 0 -1
2307 41 38 -1 0
2308 30 17 1 0
2309 15 28 0 1
2310 48 14 0 -1
2311 8 4 -1 0
2312 77 17 -1 0
2313 16 37 0 1
2314 21 16 0 1
2315 10 11 1 0
2316 96 12 0 1
2317 24 34 0 1
2318 39 7 -1 0
2319 91 16 1 0
2320 38 29 0 1
2321 86 19 0 1
2322 45 31 0 1
2323 28 15 0 -1
2324 26 33 -1 0
2325 12 14 0 -1
2326 90 25 0 1
2327 20 26 -1 0
2328 49 22 0 -1
2329 80 5 0 1
2330 25 33 0 1
2331 43 35 0 -1
2332 25 20 0 -1
2333 81 38 1 0
2334 88 16 1 0
2335 28 16 0 -1
2336 39 24 -1 0
2337 22 21 0 -1
2338 14 11 0 1
2339 73 2 0 1
2340 50 35 0 1
2341 25 12 -1 0
2342 55 18 0 1
2343 4 0 1 0
2344 29 33 0 1
2345 44 30 1 0
2346 34 4 0 1
2347 51 15 -1 0
2348 31 13 0 1
2349 45 19 0 1
2350 91 8 0 -1
2351 17 39 1 0
2352 71 0 -1 0
2353 61 0 1 0
2354 45 17 0 1
2355 69 38 1 0
2356 92 4 -1 0
2357 23 18 0 1
2358 27 36 0 -1
2359 0 12 1 0
2360 5 37 0 -1
2361 47 16 0 1
2362 5 31 -1 0
2363 2 21 0 -1
2364 93 7 -1 0
2365 73 27 1 0
2366 77 27 -1 0
2367 59 16 0 1
2368 19 24 0 1
2369 41 0 -1 0
2370 41 28 -1 0
2371 40 4 -1 0
2372 42 27 1 0
2373 14 19 0 -1
2374 85 15 0 1
2375 22 4 0 -1
2376 77 6 -1 0
2377 23 36 -1 0
2378 47 12 -1 0
2379 11 27 -1 0
2380 37 18 1 0
2381 31 25 0 1
2382 10 1 0 1
2383 99 3 -1 0
2384 76 19 0 -1
2385 5 14 1 0
2386 95 18 1 0
2387 27 15 0 1
2388 20 22 0 1
2389 15 19 -1 0
2390 50 20 0 1
2391 27 21 1 0
2392 29 28 0 1
2393 16 7 0 1
2394 86 14 0 1
2395 3 15 1 0
2396 24 33 0 -1
2397 8 13 1 0
2398 19 29 -1 0
2399 36 23 0 1
