0 28 36 0 1
1 21 20 1 0
2 81 36 0 1
3 22 2 1 0
4 51 8 1 0
5 20 31 0 1
6 14 1 0 1
7 20 36 1 0
8 27 31 0 -1
9 96 13 0 -1
10 6 34 0 1
11 3 23 0 -1
12 21 38 -1 0
13 99 24 -1 0
14 72 37 0 1
15 19 31 0 1
16 9 10 -1 0
17 95 21 1 0
18 78 9 0 1
19 97 21 1 0
20 26 19 -1 0
21 14 39 0 -1
22 17 36 1 0
23 6 18 1 0
24 57 0 0 1
25 53 14 0 1
26 25 28 1 0
27 48 36 -1 0
28 95 28 1 0
29 56 27 -1 0
30 63 0 0 -1
31 63 33 1 0
32 15 19 0 1
33 59 16 1 0
34 10 37 0 1
35 88 26 0 1
36 10 39 1 0
37 45 12 -1 0
38 95 21 0 -1
39 94 19 -1 0
40 66 26 0 1
41 81 6 0 1
42 16 21 -1 0
43 14 7 -1 0
44 86 25 -1 0
45 79 12 1 0
46 95 22 0 -1
47 28 19 -1 0
48 77 30 0 -1
49 38 33 -1 0
50 66 19 1 0
51 25 38 1 0
52 56 35 0 -1
53 2 11 1 0
54 25 21 1 0
55 81 28 1 0
56 52 19 0 1
57 78 37 0 1
58 95 5 0 1
59 37 18 0 1
60 13 31 0 -1
61 96 39 0 1
62 45 8 0 -1
63 17 8 -1 0
64 99 8 -1 0
65 22 29 -1 0
66 34 35 1 0
67 29 13 1 0
68 35 19 -1 0
69 14 34 0 1
70 94 35 -1 0
71 47 23 0 1
72 25 7 -1 0
73 5 30 0 1
74 18 20 1 0
75 0 7 0 1
76 24 29 0 -1
77 99 19 1 0
78 28 17 1 0
79 42 4 0 -1
80 21 18 1 0
81 96 34 1 0
82 90 22 1 0
83 47 13 0 1
84 6 35 0 1
85 97 15 0 1
86 29 6 0 -1
87 44 34 -1 0
88 69 19 0 1
89 8 12 0 -1
90 46 31 -1 0
91 83 23 -1 0
92 60 24 -1 0
93 57 4 0 -1
94 27 26 0 -1
95 7 30 -1 0
96 15 31 1 0
97 70 25 0 1
98 21 34 0 -1
99 36 38 1 0
100 21 33 0 1
101 52 29 0 1
102 21 16 0 1
103 78 38 1 0
104 14 39 0 -1
105 30 20 0 1
106 13 11 0 1
107 67 12 0 1
108 85 0 -1 0
109 25 12 1 0
110 82 31 -1 0
111 23 38 0 1
112 78 6 0 -1
113 44 31 0 -1
114 84 34 -1 0
115 62 20 0 -1
116 22 10 -1 0
117 43 15 -1 0
118 93 37 1 0
119 53 18 0 1
120 91 18 0 -1
121 56 8 1 0
122 47 29 0 -1
123 14 36 0 -1
124 43 14 1 0
125 15 24 0 1
126 83 26 1 0
127 99 29 1 0
128 46 5 0 -1
129 18 27 -1 0
130 90 4 0 -1
131 28 1 -1 0
132 12 19 0 1
133 42 35 0 -1
134 10 33 0 -1
135 55 20 0 1
136 44 4 -1 0
137 73 17 0 1
138 67 16 0 1
139 77 37 0 1
140 7 27 0 1
141 83 36 0 -1
142 42 14 -1 0
143 49 37 0 1
144 50 16 -1 0
145 93 29 1 0
146 48 31 0 1
147 93 23 1 0
148 59 2 0 1
149 94 27 1 0
150 21 25 0 1
151 74 29 1 0
152 90 24 1 0
153 64 31 -1 0
154 18 18 -1 0
155 97 19 0 -1
156 39 26 0 -1
157 84 36 0 -1
158 46 36 -1 0
159 42 32 1 0
160 47 10 1 0
161 53 39 0 1
162 24 25 0 1
163 47 38 0 -1
164 20 28 1 0
165 14 3 0 -1
166 47 9 0 1
167 5 22 0 -1
168 49 13 0 1
169 25 14 1 0
170 23 26 -1 0
171 92 30 0 -1
172 42 13 0 1
173 73 1 0 -1
174 20 7 1 0
175 77 20 1 0
176 17 23 0 -1
177 22 8 0 1
178 46 14 -1 0
179 43 9 0 -1
180 28 13 1 0
181 57 16 0 -1
182 51 14 -1 0
183 85 19 0 -1
184 56 5 0 1
185 70 7 1 0
186 26 21 0 -1
187 42 9 1 0
188 57 25 -1 0
189 62 7 0 -1
190 98 1 1 0
191 75 8 0 -1
192 84 10 -1 0
193 69 26 -1 0
194 16 30 0 -1
195 25 17 1 0
196 42 31 0 1
197 53 10 -1 0
198 53 17 0 1
199 99 28 1 0
200 45 7 -1 0
201 50 16 1 0
202 18 37 0 -1
203 48 10 1 0
204 47 30 -1 0
205 17 13 0 1
206 31 31 0 1
207 23 7 0 -1
208 71 7 0 1
209 9 7 1 0
210 96 15 1 0
211 17 36 0 -1
212 40 34 0 -1
213 99 26 0 1
214 20 4 1 0
215 99 20 0 -1
216 1 23 1 0
217 29 30 0 -1
218 96 10 0 -1
219 95 13 0 -1
220 13 17 -1 0
221 70 24 1 0
222 98 34 -1 0
223 45 8 1 0
224 58 9 0 1
225 25 1 -1 0
226 38 36 1 0
227 75 22 0 -1
228 83 25 -1 0
229 17 9 -1 0
230 70 0 1 0
231 17 7 1 0
232 97 3 0 1
233 44 8 1 0
234 13 5 -1 0
235 52 39 1 0
236 52 34 -1 0
237 21 11 1 0
238 43 30 0 1
239 16 37 0 -1
240 23 0 1 0
241 77 35 0 -1
242 18 39 0 -1
243 9 35 0 1
244 7 16 0 -1
245 72 22 1 0
246 12 26 -1 0
247 38 2 -1 0
248 95 26 -1 0
249 78 27 0 1
250 27 37 1 0
251 81 18 -1 0
252 3 17 1 0
253 19 29 1 0
254 22 7 0 -1
255 26 30 1 0
256 7 34 -1 0
257 98 11 0 -1
258 10 8 1 0
259 55 2 0 1
260 49 38 0 -1
261 85 31 0 1
262 85 3 0 -1
263 70 9 0 -1
264 64 34 0 1
265 24 9 0 1
266 46 23 -1 0
267 91 36 1 0
268 54 15 0 1
269 21 0 -1 0
270 43 35 1 0
271 95 28 0 -1
272 6 1 0 1
273 28 26 0 1
274 46 31 0 1
275 19 14 0 -1
276 63 33 0 -1
277 38 5 0 1
278 51 12 -1 0
279 37 22 0 1
280 99 14 0 1
281 78 30 -1 0
282 88 38 1 0
283 0 37 0 1
284 31 0 1 0
285 95 1 0 -1
286 53 15 0 -1
287 57 1 0 -1
288 69 3 0 1
289 93 32 1 0
290 42 24 -1 0
291 68 32 0 -1
292 52 11 0 -1
293 45 12 0 -1
294 10 17 0 1
295 96 29 0 -1
296 17 7 0 -1
297 8 31 -1 0
298 66 34 0 -1
299 19 12 0 -1
300 41 37 0 1
301 15 24 1 0
302 73 1 1 0
303 51 28 0 -1
304 47 38 1 0
305 90 6 0 1
306 98 30 0 -1
307 39 15 1 0
308 54 15 1 0
309 26 10 0 1
310 45 26 -1 0
311 86 1 0 -1
312 38 36 0 -1
313 10 15 0 1
314 47 14 0 1
315 2 1 0 1
316 79 3 0 1
317 2 8 0 1
318 8 2 1 0
319 94 30 1 0
320 1 15 0 1
321 5 21 -1 0
322 3 35 0 1
323 78 13 -1 0
324 1 8 -1 0
325 9 9 1 0
326 94 15 1 0
327 43 24 -1 0
328 10 11 -1 0
329 67 19 0 1
330 39 1 0 1
331 58 12 0 -1
332 8 16 1 0
333 24 6 0 1
334 16 24 0 1
335 14 35 0 1
336 13 26 -1 0
337 26 37 -1 0
338 20 6 0 -1
339 97 11 0 1
340 68 19 0 -1
341 19 26 0 -1
342 46 30 1 0
343 41 18 0 1
344 39 26 1 0
345 39 22 0 1
346 29 25 0 1
347 92 7 1 0
348 25 24 0 -1
349 89 23 0 1
350 24 28 -1 0
351 4 37 0 -1
352 47 20 1 0
353 50 14 1 0
354 54 34 0 1
355 40 37 0 -1
356 50 26 0 1
357 10 5 0 1
358 19 24 0 -1
359 72 8 -1 0
360 8 16 -1 0
361 7 2 0 -1
362 77 0 0 -1
363 46 26 0 1
364 24 9 0 1
365 90 36 1 0
366 86 7 0 -1
367 87 33 1 0
368 4 34 0 1
369 91 23 0 1
370 36 39 -1 0
371 17 22 0 1
372 8 9 0 -1
373 40 39 -1 0
374 2 25 0 -1
375 64 2 0 1
376 26 38 0 -1
377 84 5 0 -1
378 41 12 1 0
379 81 18 0 1
380 0 33 -1 0
381 83 21 1 0
382 48 32 0 -1
383 84 1 0 1
384 48 2 0 -1
385 13 16 -1 0
386 85 5 0 1
387 10 21 0 1
388 77 23 -1 0
389 12 35 0 1
390 74 20 -1 0
391 77 31 0 -1
392 49 5 -1 0
393 82 35 -1 0
394 49 27 0 1
395 1 31 0 -1
396 20 8 0 1
397 94 1 -1 0
398 5 22 -1 0
399 23 5 0 -1
400 63 28 0 -1
401 21 21 1 0
402 4 22 -1 0
403 62 32 0 -1
404 13 9 1 0
405 45 33 1 0
406 82 19 1 0
407 14 10 -1 0
408 26 34 0 1
409 96 27 0 1
410 42 10 1 0
411 98 18 0 1
412 49 7 1 0
413 80 6 0 -1
414 42 18 0 -1
415 44 25 -1 0
416 22 11 1 0
417 20 23 0 1
418 43 25 -1 0
419 18 0 -1 0
420 99 15 -1 0
421 50 26 -1 0
422 39 0 1 0
423 65 2 0 -1
424 98 28 0 -1
425 13 5 1 0
426 3 4 -1 0
427 84 5 0 1
428 62 3 0 -1
429 76 22 0 1
430 20 27 0 1
431 94 39 0 1
432 41 22 1 0
433 56 11 -1 0
434 27 19 0 1
435 36 29 0 1
436 43 4 1 0
437 81 33 -1 0
438 44 7 1 0
439 42 16 1 0
440 5 8 -1 0
441 11 23 1 0
442 87 32 1 0
443 24 31 0 1
444 11 39 1 0
445 15 11 1 0
446 3 33 -1 0
447 3 36 0 -1
448 12 11 -1 0
449 95 12 -1 0
450 52 15 0 -1
451 87 33 1 0
452 95 34 1 0
453 99 26 0 -1
454 92 4 1 0
455 45 4 0 1
456 0 30 0 -1
457 44 36 -1 0
458 68 21 0 -1
459 22 14 0 -1
460 48 5 0 1
461 86 29 -1 0
462 24 5 1 0
463 54 30 1 0
464 54 35 1 0
465 21 14 -1 0
466 74 19 0 1
467 0 31 0 1
468 23 9 -1 0
469 49 11 0 -1
470 35 27 0 1
471 74 19 -1 0
472 60 24 1 0
473 18 26 0 -1
474 17 33 0 -1
475 74 29 0 -1
476 93 10 -1 0
477 56 19 1 0
478 22 37 0 -1
479 39 17 -1 0
480 54 29 1 0
481 21 31 -1 0
482 98 20 0 -1
483 49 23 -1 0
484 43 17 0 1
485 48 16 0 -1
486 14 19 0 -1
487 53 8 1 0
488 96 39 -1 0
489 17 6 0 1
490 46 24 0 -1
491 65 27 0 -1
492 0 15 -1 0
493 11 31 0 1
494 82 35 -1 0
495 44 27 0 -1
496 65 22 1 0
497 98 17 0 -1
498 28 5 0 1
499 92 0 -1 0
500 92 33 0 -1
501 7 31 0 -1
502 41 17 0 1
503 79 0 1 0
504 28 28 0 1
505 80 0 1 0
506 91 23 1 0
507 81 37 0 -1
508 50 15 -1 0
509 62 17 0 1
510 95 22 0 -1
511 84 25 0 -1
512 15 7 0 -1
513 24 34 -1 0
514 58 11 0 -1
515 50 11 0 -1
516 43 13 0 -1
517 81 10 0 1
518 44 36 0 -1
519 92 8 0 -1
520 53 25 0 -1
521 41 18 -1 0
522 58 3 -1 0
523 94 23 1 0
524 18 39 0 -1
525 87 38 0 1
526 84 26 -1 0
527 53 21 -1 0
528 84 15 0 -1
529 55 8 0 1
530 74 23 -1 0
531 79 28 0 -1
532 82 26 0 1
533 11 27 0 -1
534 22 6 -1 0
535 79 6 0 -1
536 8 11 -1 0
537 86 14 0 -1
538 91 18 0 1
539 94 11 0 -1
540 68 22 1 0
541 49 39 0 -1
542 28 12 0 -1
543 37 39 1 0
544 78 35 -1 0
545 94 12 0 1
546 40 22 0 1
547 14 4 -1 0
548 26 28 1 0
549 32 27 0 -1
550 56 3 0 1
551 38 31 -1 0
552 16 25 1 0
553 39 22 0 1
554 9 29 0 -1
555 14 6 0 1
556 87 17 1 0
557 50 8 -1 0
558 96 21 0 -1
559 51 20 -1 0
560 96 23 0 1
561 88 34 1 0
562 36 29 1 0
563 43 9 -1 0
564 79 11 0 1
565 3 6 0 1
566 22 9 1 0
567 36 17 0 -1
568 66 17 1 0
569 41 9 -1 0
570 12 26 -1 0
571 69 14 -1 0
572 97 18 1 0
573 2 6 -1 0
574 25 12 0 -1
575 25 0 0 1
576 42 22 0 -1
577 5 1 -1 0
578 23 0 -1 0
579 63 15 -1 0
580 88 1 0 -1
581 53 35 1 0
582 21 16 1 0
583 0 23 1 0
584 95 31 1 0
585 16 29 0 -1
586 30 26 1 0
587 43 18 0 -1
588 71 12 1 0
589 23 33 0 -1
590 97 28 1 0
591 81 33 1 0
592 86 6 -1 0
593 28 11 0 -1
594 52 35 0 -1
595 41 11 1 0
596 45 26 0 -1
597 16 24 0 -1
598 22 6 1 0
599 42 8 0 1
600 75 16 0 1
601 99 36 0 1
602 42 39 -1 0
603 20 29 -1 0
604 19 13 0 -1
605 26 1 0 -1
606 20 10 -1 0
607 65 26 -1 0
608 71 35 1 0
609 12 32 0 1
610 55 34 0 1
611 61 4 -1 0
612 48 21 -1 0
613 13 12 0 1
614 18 22 1 0
615 51 0 0 1
616 27 30 0 1
617 5 11 -1 0
618 74 31 1 0
619 17 5 0 -1
620 25 5 0 -1
621 50 18 -1 0
622 84 30 0 1
623 66 28 0 1
624 24 30 -1 0
625 6 36 -1 0
626 51 24 0 1
627 77 39 0 1
628 45 4 -1 0
629 64 29 1 0
630 83 10 0 -1
631 22 21 1 0
632 50 36 -1 0
633 10 28 1 0
634 10 22 0 1
635 62 1 0 -1
636 23 36 -1 0
637 27 1 -1 0
638 26 30 0 -1
639 40 18 1 0
640 21 34 1 0
641 37 32 0 -1
642 6 14 1 0
643 23 28 -1 0
644 29 16 1 0
645 1 11 0 -1
646 19 36 1 0
647 5 24 0 1
648 20 13 -1 0
649 85 19 1 0
650 36 28 1 0
651 52 1 0 -1
652 5 13 1 0
653 19 10 0 1
654 12 32 -1 0
655 68 32 0 1
656 40 36 1 0
657 38 28 0 1
658 62 36 -1 0
659 19 14 0 1
660 98 26 0 -1
661 60 0 0 -1
662 13 39 0 -1
663 24 29 0 1
664 16 33 0 1
665 19 25 1 0
666 15 32 1 0
667 61 15 0 -1
668 5 23 1 0
669 44 1 1 0
670 21 28 0 -1
671 67 8 0 -1
672 15 18 -1 0
673 39 1 0 -1
674 99 14 1 0
675 98 22 1 0
676 16 23 0 1
677 28 22 0 1
678 46 6 -1 0
679 16 29 0 1
680 14 19 0 -1
681 48 26 0 -1
682 70 4 0 1
683 85 5 -1 0
684 21 32 -1 0
685 57 36 0 1
686 21 17 0 -1
687 38 15 1 0
688 93 18 0 -1
689 24 24 0 -1
690 85 13 0 -1
691 30 27 1 0
692 50 38 -1 0
693 31 17 1 0
694 24 12 -1 0
695 43 21 -1 0
696 38 38 -1 0
697 64 6 0 1
698 73 11 0 1
699 78 39 0 1
700 3 31 -1 0
701 18 10 1 0
702 25 2 0 1
703 92 13 -1 0
704 95 1 1 0
705 1 17 0 -1
706 4 13 0 -1
707 94 33 0 -1
708 3 6 1 0
709 58 20 0 -1
710 1 37 0 -1
711 54 16 1 0
712 48 21 0 1
713 14 3 0 1
714 52 33 0 1
715 15 14 -1 0
716 88 4 0 -1
717 8 14 1 0
718 21 26 0 -1
719 5 39 0 1
720 82 6 0 -1
721 94 9 0 -1
722 0 6 -1 0
723 16 32 -1 0
724 7 15 0 -1
725 28 5 0 -1
726 16 18 -1 0
727 50 32 0 -1
728 0 9 0 -1
729 92 8 0 1
730 66 14 0 -1
731 18 11 1 0
732 62 25 -1 0
733 48 30 0 1
734 86 8 0 1
735 40 30 -1 0
736 44 13 0 1
737 54 27 0 -1
738 95 39 1 0
739 47 23 0 -1
740 91 14 -1 0
741 95 10 1 0
742 1 20 -1 0
743 53 39 -1 0
744 96 29 0 -1
745 77 23 1 0
746 44 15 0 -1
747 11 18 1 0
748 39 38 0 -1
749 72 16 0 -1
750 16 2 1 0
751 11 7 0 -1
752 55 17 0 1
753 11 33 0 1
754 84 7 1 0
755 63 29 -1 0
756 9 21 0 -1
757 21 4 0 1
758 65 31 -1 0
759 53 32 0 -1
760 70 11 1 0
761 2 16 -1 0
762 60 15 1 0
763 58 20 0 1
764 54 1 0 -1
765 39 3 0 1
766 90 14 1 0
767 83 1 0 1
768 65 37 1 0
769 47 19 1 0
770 95 7 0 -1
771 98 37 0 1
772 18 37 0 -1
773 48 3 0 -1
774 29 9 0 -1
775 43 1 0 1
776 13 10 1 0
777 12 14 0 -1
778 82 34 0 -1
779 15 28 0 -1
780 25 4 0 1
781 71 29 1 0
782 92 1 1 0
783 71 3 1 0
784 94 4 -1 0
785 54 8 0 1
786 93 1 1 0
787 57 9 0 1
788 4 21 0 -1
789 75 13 0 -1
790 92 4 -1 0
791 84 24 -1 0
792 8 13 0 1
793 76 7 0 1
794 18 31 0 1
795 10 12 -1 0
796 12 10 0 1
797 71 13 1 0
798 71 1 -1 0
799 52 31 1 0
800 68 21 0 -1
801 41 8 0 1
802 93 30 0 1
803 46 33 0 -1
804 57 18 0 1
805 88 32 -1 0
806 54 11 0 1
807 23 6 -1 0
808 46 19 0 -1
809 90 2 -1 0
810 99 7 -1 0
811 82 24 1 0
812 10 7 1 0
813 25 18 1 0
814 52 7 0 1
815 66 6 0 1
816 72 5 0 -1
817 4 12 0 1
818 78 29 0 1
819 22 5 0 1
820 74 17 1 0
821 16 27 0 1
822 8 36 -1 0
823 74 17 -1 0
824 36 30 0 -1
825 18 33 0 -1
826 97 20 -1 0
827 56 26 1 0
828 21 6 0 1
829 18 39 -1 0
830 49 15 -1 0
831 41 1 -1 0
832 53 15 -1 0
833 80 18 0 -1
834 40 4 0 1
835 94 0 0 -1
836 50 15 0 1
837 46 21 0 1
838 40 1 -1 0
839 88 10 0 -1
840 66 11 0 -1
841 29 27 1 0
842 24 21 0 -1
843 24 38 0 -1
844 15 5 1 0
845 62 1 -1 0
846 41 30 0 -1
847 97 0 1 0
848 55 22 0 1
849 90 16 0 -1
850 24 7 0 -1
851 62 16 0 -1
852 52 31 0 1
853 77 30 -1 0
854 20 9 -1 0
855 95 6 0 -1
856 43 12 0 1
857 47 32 0 -1
858 52 38 -1 0
859 26 11 1 0
860 59 13 0 1
861 63 31 -1 0
862 22 37 0 -1
863 2 28 -1 0
864 81 38 0 -1
865 72 34 0 -1
866 6 8 0 -1
867 13 39 0 1
868 92 6 1 0
869 88 18 1 0
870 82 9 1 0
871 40 36 0 -1
872 94 17 1 0
873 81 38 1 0
874 85 28 0 -1
875 26 29 0 -1
876 20 30 1 0
877 16 21 -1 0
878 65 19 0 -1
879 95 33 0 1
880 41 24 0 1
881 83 11 -1 0
882 53 30 1 0
883 12 28 0 -1
884 43 4 1 0
885 42 16 0 -1
886 21 12 1 0
887 20 39 0 -1
888 35 16 1 0
889 97 2 -1 0
890 84 14 1 0
891 26 21 -1 0
892 99 11 1 0
893 37 8 1 0
894 88 38 1 0
895 25 38 -1 0
896 52 16 0 1
897 55 36 0 -1
898 94 3 1 0
899 18 31 1 0
900 17 37 -1 0
901 68 2 1 0
902 20 39 -1 0
903 52 11 1 0
904 52 17 1 0
905 60 35 1 0
906 64 11 0 1
907 79 26 1 0
908 13 11 -1 0
909 20 14 0 -1
910 6 24 1 0
911 5 14 1 0
912 38 35 -1 0
913 3 38 1 0
914 41 8 0 -1
915 49 21 -1 0
916 27 15 1 0
917 79 1 -1 0
918 21 19 1 0
919 40 16 -1 0
920 89 3 0 -1
921 71 22 -1 0
922 72 34 -1 0
923 20 6 -1 0
924 5 38 0 1
925 8 32 1 0
926 60 36 0 -1
927 80 28 1 0
928 14 20 1 0
929 72 4 0 1
930 20 15 1 0
931 23 29 1 0
932 60 18 0 1
933 11 22 1 0
934 91 19 -1 0
935 13 14 0 -1
936 78 11 1 0
937 41 27 0 -1
938 40 26 1 0
939 43 0 0 -1
940 91 34 0 -1
941 20 34 1 0
942 35 32 0 -1
943 40 0 0 1
944 24 13 -1 0
945 51 23 1 0
946 99 36 0 -1
947 9 0 -1 0
948 52 16 0 -1
949 53 22 -1 0
950 15 2 0 1
951 26 34 -1 0
952 98 20 0 -1
953 45 6 0 1
954 3 27 0 1
955 4 39 1 0
956 5 21 0 1
957 84 0 1 0
958 49 30 0 -1
959 69 24 1 0
960 88 38 0 1
961 63 13 -1 0
962 79 0 0 1
963 9 20 -1 0
964 10 34 0 -1
965 21 3 -1 0
966 13 10 -1 0
967 22 4 0 -1
968 42 24 -1 0
969 3 23 0 1
970 20 29 0 -1
971 99 25 -1 0
972 84 4 1 0
973 8 0 -1 0
974 21 13 -1 0
975 10 10 -1 0
976 27 35 0 1
977 99 31 -1 0
978 98 29 0 1
979 16 29 0 1
980 5 6 0 1
981 76 30 0 -1
982 2 23 -1 0
983 26 34 1 0
984 20 0 -1 0
985 25 20 1 0
986 98 26 1 0
987 9 15 1 0
988 18 15 -1 0
989 41 18 -1 0
990 87 1 -1 0
991 42 17 0 -1
992 76 23 0 -1
993 6 19 0 -1
994 48 20 0 -1
995 51 23 0 1
996 19 27 0 1
997 38 28 0 -1
998 81 18 -1 0
999 86 29 1 0
1000 17 39 0 -1
1001 82 24 0 1
1002 92 2 0 -1
1003 23 24 1 0
1004 77 38 1 0
1005 15 7 1 0
1006 77 20 0 -1
1007 47 36 0 -1
1008 13 4 1 0
1009 2 13 1 0
1010 75 9 -1 0
1011 66 33 0 -1
1012 63 30 0 1
1013 15 18 1 0
1014 38 1 0 -1
1015 82 32 1 0
1016 45 11 0 1
1017 6 10 -1 0
1018 39 17 -1 0
1019 79 28 0 -1
1020 45 27 -1 0
1021 19 28 1 0
1022 28 7 -1 0
1023 17 25 0 -1
1024 39 19 0 -1
1025 2 29 0 1
1026 95 9 0 1
1027 11 6 0 1
1028 25 1 1 0
1029 36 17 0 -1
1030 40 38 -1 0
1031 16 28 0 -1
1032 46 29 1 0
1033 17 30 0 1
1034 74 29 0 -1
1035 97 13 -1 0
1036 45 24 -1 0
1037 29 5 0 -1
1038 17 6 0 -1
1039 23 20 0 -1
1040 47 28 1 0
1041 36 15 0 -1
1042 36 6 -1 0
1043 9 10 -1 0
1044 82 8 1 0
1045 82 36 1 0
1046 27 27 -1 0
1047 99 12 1 0
1048 2 30 0 1
1049 45 23 0 -1
1050 73 25 -1 0
1051 97 19 -1 0
1052 43 25 -1 0
1053 37 3 0 -1
1054 65 13 0 -1
1055 89 23 1 0
1056 77 4 1 0
1057 92 15 1 0
1058 77 31 -1 0
1059 40 3 0 -1
1060 45 37 0 -1
1061 88 0 0 -1
1062 44 22 1 0
1063 91 0 1 0
1064 99 37 1 0
1065 54 2 -1 0
1066 49 14 1 0
1067 87 2 0 1
1068 9 14 -1 0
1069 41 19 1 0
1070 45 35 0 -1
1071 68 9 0 -1
1072 65 27 0 -1
1073 43 8 0 1
1074 22 27 1 0
1075 81 20 1 0
1076 44 5 1 0
1077 28 20 1 0
1078 27 0 1 0
1079 91 1 0 -1
1080 4 29 -1 0
1081 73 20 -1 0
1082 90 18 1 0
1083 79 22 -1 0
1084 1 25 1 0
1085 17 0 -1 0
1086 54 1 1 0
1087 46 2 1 0
1088 30 10 1 0
1089 42 36 0 -1
1090 88 7 0 -1
1091 83 16 0 -1
1092 4 25 0 1
1093 29 0 0 -1
1094 49 33 1 0
1095 46 34 -1 0
1096 26 11 1 0
1097 38 29 -1 0
1098 42 1 -1 0
1099 17 31 0 -1
1100 97 17 0 1
1101 71 34 1 0
1102 61 0 1 0
1103 51 34 0 1
1104 39 25 -1 0
1105 20 1 0 1
1106 80 9 0 1
1107 23 39 0 1
1108 18 14 -1 0
1109 55 12 0 -1
1110 56 11 -1 0
1111 89 15 1 0
1112 7 23 -1 0
1113 21 18 0 1
1114 24 0 1 0
1115 87 17 0 1
1116 84 38 0 1
1117 53 10 0 1
1118 80 8 0 -1
1119 28 13 1 0
1120 2 9 0 1
1121 53 37 1 0
1122 44 34 1 0
1123 17 19 1 0
1124 87 4 1 0
1125 62 16 1 0
1126 94 4 0 -1
1127 79 31 0 -1
1128 26 21 0 1
1129 57 7 0 -1
1130 99 35 1 0
1131 36 28 1 0
1132 40 13 -1 0
1133 5 32 0 -1
1134 89 31 -1 0
1135 65 9 0 1
1136 41 31 0 -1
1137 99 25 -1 0
1138 83 29 0 -1
1139 89 5 1 0
1140 25 12 1 0
1141 47 2 0 -1
1142 57 28 1 0
1143 29 39 0 -1
1144 5 19 -1 0
1145 27 32 0 -1
1146 77 6 1 0
1147 95 24 -1 0
1148 13 31 1 0
1149 88 5 0 1
1150 26 36 1 0
1151 25 19 0 -1
1152 30 23 1 0
1153 11 4 1 0
1154 57 16 1 0
1155 90 33 0 -1
1156 50 14 0 1
1157 70 22 1 0
1158 66 24 1 0
1159 37 31 0 1
1160 78 38 0 1
1161 10 28 0 -1
1162 14 37 -1 0
1163 28 29 0 -1
1164 43 7 1 0
1165 25 29 -1 0
1166 16 39 0 1
1167 78 37 0 1
1168 21 35 0 -1
1169 2 12 -1 0
1170 28 27 0 1
1171 48 16 0 1
1172 92 7 0 -1
1173 9 26 -1 0
1174 9 4 0 -1
1175 22 36 0 1
1176 96 5 -1 0
1177 78 33 0 1
1178 19 26 0 -1
1179 51 34 1 0
1180 17 38 1 0
1181 69 18 0 1
1182 55 12 0 1
1183 65 10 0 -1
1184 17 10 1 0
1185 3 15 -1 0
1186 66 5 0 -1
1187 65 9 0 -1
1188 37 8 0 -1
1189 4 3 -1 0
1190 36 33 0 1
1191 48 36 -1 0
1192 84 11 1 0
1193 19 38 1 0
1194 70 33 1 0
1195 10 9 0 -1
1196 36 4 0 1
1197 19 10 0 -1
1198 21 7 0 1
1199 41 2 1 0
1200 40 22 0 -1
1201 39 37 -1 0
1202 19 3 0 1
1203 52 21 -1 0
1204 92 4 1 0
1205 75 26 1 0
1206 9 24 0 1
1207 17 33 0 1
1208 26 19 1 0
1209 50 36 0 1
1210 26 11 0 -1
1211 20 22 -1 0
1212 26 26 1 0
1213 38 15 0 -1
1214 92 33 0 1
1215 69 20 1 0
1216 73 7 0 1
1217 20 27 -1 0
1218 16 37 1 0
1219 43 14 1 0
1220 24 6 1 0
1221 53 16 0 1
1222 16 15 0 -1
1223 73 18 0 1
1224 8 21 1 0
1225 27 28 0 1
1226 98 36 0 -1
1227 85 24 0 -1
1228 97 9 0 1
1229 41 33 -1 0
1230 3 5 0 -1
1231 39 34 0 -1
1232 61 17 1 0
1233 4 0 0 -1
1234 14 1 0 -1
1235 9 14 0 -1
1236 24 5 -1 0
1237 26 17 1 0
1238 74 11 0 1
1239 52 27 -1 0
1240 53 11 -1 0
1241 86 23 1 0
1242 46 6 0 -1
1243 6 26 -1 0
1244 60 26 -1 0
1245 40 18 0 -1
1246 47 9 0 -1
1247 12 8 1 0
1248 19 11 1 0
1249 42 38 1 0
1250 3 9 1 0
1251 39 25 0 -1
1252 83 11 1 0
1253 89 34 1 0
1254 98 4 -1 0
1255 94 26 0 1
1256 22 26 1 0
1257 8 14 1 0
1258 94 25 0 -1
1259 27 11 0 1
1260 26 28 0 1
1261 72 5 0 1
1262 30 26 -1 0
1263 27 38 1 0
1264 16 11 0 -1
1265 3 33 0 -1
1266 96 2 -1 0
1267 52 30 -1 0
1268 32 19 -1 0
1269 21 30 -1 0
1270 4 22 0 -1
1271 20 17 0 -1
1272 43 7 1 0
1273 94 13 0 -1
1274 22 35 0 -1
1275 64 29 0 1
1276 37 1 -1 0
1277 46 28 -1 0
1278 15 14 0 1
1279 46 32 -1 0
1280 56 28 0 -1
1281 93 30 -1 0
1282 41 35 -1 0
1283 12 22 0 1
1284 4 6 -1 0
1285 82 18 0 1
1286 41 30 -1 0
1287 6 29 0 -1
1288 96 11 -1 0
1289 95 3 0 1
1290 77 11 -1 0
1291 65 4 -1 0
1292 41 35 0 -1
1293 21 8 1 0
1294 89 35 -1 0
1295 26 12 0 -1
1296 27 33 0 -1
1297 26 33 -1 0
1298 19 1 -1 0
1299 17 5 0 -1
1300 61 5 1 0
1301 50 17 0 -1
1302 49 19 0 1
1303 85 8 1 0
1304 26 7 0 -1
1305 72 33 -1 0
1306 1 12 1 0
1307 26 29 0 -1
1308 17 4 0 1
1309 5 34 -1 0
1310 89 38 -1 0
1311 96 26 1 0
1312 42 28 0 -1
1313 12 3 -1 0
1314 93 20 0 -1
1315 11 5 1 0
1316 25 17 0 1
1317 47 1 1 0
1318 48 30 1 0
1319 42 11 1 0
1320 90 7 0 1
1321 93 11 0 -1
1322 97 4 0 -1
1323 48 11 1 0
1324 12 39 0 -1
1325 91 30 0 -1
1326 18 18 0 -1
1327 22 29 1 0
1328 74 20 1 0
1329 14 29 1 0
1330 41 10 0 1
1331 11 34 0 1
1332 83 30 -1 0
1333 91 30 0 1
1334 98 1 0 -1
1335 52 34 -1 0
1336 27 11 0 1
1337 26 37 1 0
1338 51 32 0 1
1339 16 10 0 1
1340 17 29 -1 0
1341 74 38 0 1
1342 72 0 1 0
1343 15 6 0 -1
1344 70 26 0 -1
1345 56 5 0 -1
1346 15 15 -1 0
1347 86 8 0 -1
1348 74 15 0 1
1349 25 25 0 1
1350 38 16 1 0
1351 15 37 1 0
1352 32 0 -1 0
1353 42 38 0 -1
1354 87 26 1 0
1355 22 2 -1 0
1356 91 11 -1 0
1357 0 26 -1 0
1358 89 2 -1 0
1359 10 3 -1 0
1360 86 23 0 1
1361 3 17 -1 0
1362 41 10 0 -1
1363 27 4 1 0
1364 46 7 0 1
1365 29 3 0 1
1366 20 10 0 -1
1367 36 21 -1 0
1368 50 20 -1 0
1369 20 21 1 0
1370 4 33 0 -1
1371 21 39 0 -1
1372 54 13 0 1
1373 87 23 -1 0
1374 15 9 0 -1
1375 5 38 -1 0
1376 98 23 1 0
1377 12 4 0 1
1378 68 6 1 0
1379 85 6 0 1
1380 22 33 0 1
1381 23 32 0 1
1382 68 15 0 -1
1383 94 35 0 -1
1384 0 29 0 1
1385 15 30 1 0
1386 27 28 0 1
1387 53 26 1 0
1388 47 8 1 0
1389 40 21 0 1
1390 50 10 -1 0
1391 38 28 0 1
1392 19 13 0 1
1393 78 17 0 -1
1394 18 27 0 1
1395 46 12 0 -1
1396 48 6 -1 0
1397 10 24 -1 0
1398 79 39 -1 0
1399 5 29 0 -1
1400 57 30 -1 0
1401 45 34 1 0
1402 24 26 1 0
1403 89 27 -1 0
1404 30 31 0 -1
1405 76 22 1 0
1406 97 16 -1 0
1407 63 15 0 1
1408 80 12 1 0
1409 28 22 1 0
1410 46 30 -1 0
1411 55 38 0 -1
1412 76 25 0 -1
1413 47 24 0 -1
1414 21 6 0 1
1415 48 30 1 0
1416 24 12 0 -1
1417 1 10 1 0
1418 50 29 0 1
1419 90 26 -1 0
1420 55 35 0 1
1421 16 23 0 1
1422 26 13 1 0
1423 25 19 0 -1
1424 85 3 0 1
1425 54 19 0 -1
1426 41 29 0 -1
1427 37 28 1 0
1428 21 13 -1 0
1429 12 27 1 0
1430 55 39 0 -1
1431 5 4 0 -1
1432 5 4 0 -1
1433 12 24 0 -1
1434 27 1 0 1
1435 49 30 0 -1
1436 25 11 1 0
1437 10 14 0 1
1438 43 34 -1 0
1439 16 14 -1 0
1440 36 21 -1 0
1441 89 29 -1 0
1442 37 22 1 0
1443 49 34 -1 0
1444 27 36 0 -1
1445 50 32 1 0
1446 67 6 -1 0
1447 47 12 1 0
1448 93 7 0 -1
1449 59 24 0 -1
1450 2 26 -1 0
1451 22 11 1 0
1452 7 21 0 1
1453 47 28 0 1
1454 82 0 1 0
1455 22 24 1 0
1456 28 22 -1 0
1457 5 15 1 0
1458 43 13 0 1
1459 28 20 0 -1
1460 20 5 0 1
1461 11 26 1 0
1462 71 0 0 -1
1463 4 32 -1 0
1464 50 16 0 1
1465 66 38 0 -1
1466 41 14 1 0
1467 65 20 -1 0
1468 18 24 0 -1
1469 70 36 1 0
1470 23 13 1 0
1471 30 9 0 1
1472 39 24 1 0
1473 67 39 0 -1
1474 55 33 -1 0
1475 16 21 0 1
1476 17 4 1 0
1477 62 23 1 0
1478 1 8 0 1
1479 86 0 1 0
1480 5 25 0 -1
1481 67 20 1 0
1482 23 37 1 0
1483 11 5 0 -1
1484 99 3 0 -1
1485 49 7 0 1
1486 84 25 0 -1
1487 61 10 1 0
1488 79 1 1 0
1489 3 12 0 -1
1490 39 24 0 -1
1491 8 15 0 1
1492 78 5 -1 0
1493 44 19 0 1
1494 19 5 0 1
1495 83 26 1 0
1496 53 19 -1 0
1497 1 33 -1 0
1498 19 29 1 0
1499 22 15 1 0
1500 78 11 0 1
1501 56 20 0 1
1502 62 2 -1 0
1503 5 2 0 1
1504 29 14 0 -1
1505 68 12 0 -1
1506 49 3 0 -1
1507 46 24 -1 0
1508 70 6 0 1
1509 18 14 0 -1
1510 41 11 0 -1
1511 24 24 -1 0
1512 41 31 0 -1
1513 28 3 -1 0
1514 5 1 1 0
1515 9 33 0 -1
1516 38 22 0 -1
1517 44 39 1 0
1518 89 37 -1 0
1519 18 5 0 -1
1520 67 3 0 1
1521 12 19 1 0
1522 29 8 -1 0
1523 29 38 0 -1
1524 21 35 0 -1
1525 21 10 1 0
1526 9 35 0 1
1527 7 39 0 1
1528 76 23 1 0
1529 43 20 0 -1
1530 64 28 0 -1
1531 39 8 0 -1
1532 27 29 -1 0
1533 43 19 0 1
1534 23 1 -1 0
1535 46 29 0 1
1536 53 8 0 -1
1537 52 31 0 -1
1538 51 13 0 1
1539 80 17 0 1
1540 55 33 -1 0
1541 22 20 0 1
1542 46 23 0 1
1543 72 28 1 0
1544 75 33 0 1
1545 46 8 1 0
1546 44 5 1 0
1547 9 31 1 0
1548 5 1 1 0
1549 12 2 1 0
1550 96 14 0 1
1551 96 36 1 0
1552 21 26 1 0
1553 26 39 0 1
1554 79 29 1 0
1555 52 23 -1 0
1556 27 12 0 1
1557 98 36 -1 0
1558 26 25 0 1
1559 51 33 0 1
1560 25 29 0 -1
1561 93 24 -1 0
1562 55 4 0 1
1563 19 5 1 0
1564 55 9 -1 0
1565 17 36 -1 0
1566 50 20 0 -1
1567 64 14 0 1
1568 37 29 0 1
1569 46 5 1 0
1570 90 4 0 -1
1571 42 33 0 -1
1572 77 39 0 1
1573 3 34 -1 0
1574 81 14 -1 0
1575 43 16 0 -1
1576 56 25 0 1
1577 17 30 -1 0
1578 68 32 0 1
1579 87 0 -1 0
1580 48 25 1 0
1581 61 17 -1 0
1582 11 37 0 1
1583 43 35 1 0
1584 0 31 0 1
1585 68 5 0 1
1586 23 25 1 0
1587 87 12 0 1
1588 17 29 -1 0
1589 74 23 0 -1
1590 79 39 1 0
1591 5 38 0 1
1592 14 17 1 0
1593 21 4 0 1
1594 45 36 1 0
1595 24 7 0 -1
1596 16 16 -1 0
1597 47 0 0 1
1598 77 15 0 1
1599 22 24 0 -1
1600 30 35 -1 0
1601 89 22 0 1
1602 96 5 0 -1
1603 75 18 1 0
1604 92 30 0 1
1605 47 9 1 0
1606 37 13 0 1
1607 44 35 0 -1
1608 87 8 -1 0
1609 21 27 -1 0
1610 15 30 -1 0
1611 6 16 0 -1
1612 2 28 -1 0
1613 83 15 -1 0
1614 18 30 -1 0
1615 42 12 1 0
1616 12 22 0 -1
1617 24 30 0 1
1618 92 21 -1 0
1619 26 38 0 -1
1620 42 19 0 -1
1621 42 14 0 -1
1622 57 31 1 0
1623 21 10 0 1
1624 63 32 0 -1
1625 79 12 0 1
1626 19 34 0 -1
1627 93 32 1 0
1628 51 29 1 0
1629 92 23 0 1
1630 25 27 0 1
1631 16 38 0 -1
1632 38 24 0 1
1633 62 6 0 -1
1634 19 23 0 1
1635 22 10 0 1
1636 65 9 0 1
1637 26 8 0 -1
1638 91 17 1 0
1639 96 2 0 -1
1640 15 33 -1 0
1641 23 20 -1 0
1642 85 9 1 0
1643 95 8 0 -1
1644 28 3 -1 0
1645 51 25 0 1
1646 24 33 0 -1
1647 63 1 0 1
1648 91 35 -1 0
1649 19 8 0 1
1650 76 31 1 0
1651 75 26 1 0
1652 46 28 1 0
1653 5 20 0 1
1654 92 29 0 1
1655 24 7 0 1
1656 15 28 0 1
1657 69 33 1 0
1658 4 38 -1 0
1659 79 16 -1 0
1660 40 4 0 1
1661 90 8 1 0
1662 94 20 -1 0
1663 91 15 0 -1
1664 54 16 1 0
1665 17 2 0 1
1666 64 26 0 1
1667 97 37 1 0
1668 59 7 0 -1
1669 38 23 0 1
1670 21 31 1 0
1671 43 8 1 0
1672 64 11 0 1
1673 76 16 1 0
1674 38 27 1 0
1675 7 26 1 0
1676 13 37 0 -1
1677 84 34 1 0
1678 82 8 0 -1
1679 82 16 -1 0
1680 42 24 0 1
1681 28 39 0 -1
1682 49 15 0 -1
1683 10 14 0 -1
1684 18 29 -1 0
1685 9 25 1 0
1686 24 10 1 0
1687 44 31 -1 0
1688 9 8 0 -1
1689 98 24 -1 0
1690 45 30 0 1
1691 88 3 1 0
1692 23 1 0 1
1693 88 5 0 1
1694 27 21 1 0
1695 74 1 -1 0
1696 14 22 -1 0
1697 61 13 0 1
1698 18 14 0 1
1699 50 14 1 0
1700 22 2 -1 0
1701 1 13 0 -1
1702 94 22 1 0
1703 74 23 0 -1
1704 96 38 0 -1
1705 14 37 -1 0
1706 14 18 0 -1
1707 87 8 0 -1
1708 59 23 0 -1
1709 7 12 0 -1
1710 26 19 -1 0
1711 8 8 -1 0
1712 63 10 0 -1
1713 57 0 -1 0
1714 60 10 -1 0
1715 46 26 0 -1
1716 37 27 0 1
1717 57 32 0 -1
1718 19 12 0 1
1719 17 2 0 1
1720 82 28 0 1
1721 43 1 1 0
1722 56 25 0 -1
1723 27 7 1 0
1724 98 13 0 1
1725 20 11 1 0
1726 44 33 0 1
1727 44 13 1 0
1728 41 13 1 0
1729 11 14 0 -1
1730 52 8 1 0
1731 21 8 0 -1
1732 6 3 0 1
1733 85 12 0 1
1734 73 20 0 1
1735 66 0 0 1
1736 38 2 1 0
1737 3 20 0 1
1738 92 32 1 0
1739 16 34 0 -1
1740 42 8 0 1
1741 49 10 -1 0
1742 19 8 1 0
1743 1 14 1 0
1744 19 5 0 -1
1745 69 14 1 0
1746 64 19 1 0
1747 11 9 -1 0
1748 28 11 1 0
1749 88 15 0 -1
1750 40 25 0 1
1751 24 11 1 0
1752 97 2 -1 0
1753 62 38 -1 0
1754 41 2 -1 0
1755 89 3 0 1
1756 22 36 0 -1
1757 40 20 0 -1
1758 23 8 1 0
1759 11 22 0 1
1760 88 8 1 0
1761 23 0 0 -1
1762 40 25 1 0
1763 47 1 -1 0
1764 41 19 0 -1
1765 98 32 0 -1
1766 54 33 0 -1
1767 16 28 0 1
1768 17 11 1 0
1769 40 38 -1 0
1770 25 15 0 -1
1771 32 10 -1 0
1772 52 9 1 0
1773 96 27 -1 0
1774 68 25 -1 0
1775 88 10 0 1
1776 1 36 0 -1
1777 93 27 1 0
1778 5 26 -1 0
1779 43 33 0 -1
1780 92 9 -1 0
1781 53 18 0 -1
1782 96 27 -1 0
1783 11 8 1 0
1784 25 34 0 -1
1785 38 22 1 0
1786 84 39 0 -1
1787 10 13 0 -1
1788 45 2 0 1
1789 16 31 0 -1
1790 24 11 0 -1
1791 20 28 0 -1
1792 95 23 1 0
1793 17 31 -1 0
1794 49 30 -1 0
1795 30 16 1 0
1796 45 34 0 1
1797 26 39 0 -1
1798 7 2 0 1
1799 54 6 -1 0
1800 9 12 -1 0
1801 8 10 1 0
1802 82 4 0 1
1803 47 36 1 0
1804 9 19 1 0
1805 29 13 1 0
1806 78 8 0 1
1807 9 34 0 -1
1808 53 13 0 1
1809 4 36 0 -1
1810 27 35 0 -1
1811 43 17 1 0
1812 49 27 0 -1
1813 88 21 -1 0
1814 11 37 0 -1
1815 41 22 0 -1
1816 29 31 0 1
1817 95 10 1 0
1818 50 30 -1 0
1819 73 5 1 0
1820 47 0 1 0
1821 30 31 1 0
1822 23 29 -1 0
1823 79 17 0 1
1824 24 28 1 0
1825 43 35 0 1
1826 45 19 1 0
1827 0 12 1 0
1828 76 37 1 0
1829 83 7 0 -1
1830 93 23 1 0
1831 93 27 0 -1
1832 76 2 0 -1
1833 52 19 0 -1
1834 74 19 0 -1
1835 47 27 1 0
1836 52 34 1 0
1837 96 32 -1 0
1838 54 12 0 -1
1839 95 26 0 -1
1840 90 32 -1 0
1841 98 1 0 -1
1842 9 23 0 1
1843 38 38 -1 0
1844 80 21 0 -1
1845 42 6 1 0
1846 42 29 1 0
1847 24 13 1 0
1848 54 27 0 -1
1849 79 5 1 0
1850 38 17 0 -1
1851 20 0 -1 0
1852 86 8 0 -1
1853 94 38 0 -1
1854 4 18 0 -1
1855 18 15 0 -1
1856 84 16 0 1
1857 22 12 0 1
1858 16 30 1 0
1859 2 36 -1 0
1860 24 24 -1 0
1861 39 20 1 0
1862 98 33 0 1
1863 78 12 0 -1
1864 70 16 -1 0
1865 44 6 0 -1
1866 9 11 -1 0
1867 77 4 1 0
1868 61 12 1 0
1869 37 38 -1 0
1870 56 10 0 1
1871 7 32 0 1
1872 25 21 0 -1
1873 29 0 0 1
1874 47 17 1 0
1875 75 25 -1 0
1876 52 23 -1 0
1877 8 1 0 1
1878 27 11 0 1
1879 45 24 1 0
1880 20 27 0 1
1881 93 32 1 0
1882 3 38 0 1
1883 78 1 0 1
1884 60 9 0 1
1885 6 36 0 -1
1886 88 16 1 0
1887 27 12 -1 0
1888 34 34 0 1
1889 28 37 -1 0
1890 29 13 0 -1
1891 41 9 1 0
1892 10 8 0 1
1893 24 23 0 1
1894 12 5 0 1
1895 50 34 0 1
1896 70 34 -1 0
1897 19 19 0 -1
1898 50 26 0 1
1899 97 20 -1 0
1900 66 28 0 -1
1901 44 18 0 1
1902 18 6 0 1
1903 24 21 1 0
1904 25 30 0 -1
1905 79 16 0 1
1906 52 9 0 -1
1907 86 22 -1 0
1908 65 5 1 0
1909 42 17 -1 0
1910 0 33 1 0
1911 79 39 0 -1
1912 53 22 0 -1
1913 27 9 1 0
1914 41 22 0 -1
1915 9 3 0 -1
1916 93 7 0 -1
1917 18 4 -1 0
1918 46 17 0 1
1919 92 33 1 0
1920 56 27 0 -1
1921 86 6 0 1
1922 47 20 1 0
1923 16 38 0 -1
1924 44 21 -1 0
1925 95 21 0 -1
1926 49 38 -1 0
1927 19 10 1 0
1928 18 23 0 1
1929 44 0 0 1
1930 38 33 -1 0
1931 37 27 -1 0
1932 59 27 -1 0
1933 22 32 0 1
1934 25 34 1 0
1935 98 11 0 1
1936 54 6 1 0
1937 54 36 0 1
1938 89 36 0 1
1939 11 5 1 0
1940 49 35 0 -1
1941 49 7 0 -1
1942 39 16 0 1
1943 44 4 -1 0
1944 1 0 0 1
1945 88 35 0 -1
1946 24 5 0 -1
1947 59 9 0 1
1948 38 38 -1 0
1949 51 24 -1 0
1950 4 25 0 -1
1951 4 2 -1 0
1952 58 18 -1 0
1953 13 24 0 1
1954 19 4 0 1
1955 29 31 -1 0
1956 93 3 0 -1
1957 7 28 -1 0
1958 27 5 0 -1
1959 15 36 0 -1
1960 59 21 -1 0
1961 96 37 0 -1
1962 17 37 1 0
1963 43 32 0 -1
1964 98 14 -1 0
1965 25 39 0 -1
1966 26 31 0 1
1967 10 34 1 0
1968 26 33 1 0
1969 57 33 0 -1
1970 68 12 0 -1
1971 39 37 1 0
1972 66 14 0 1
1973 7 36 0 1
1974 86 17 1 0
1975 6 2 -1 0
1976 91 23 -1 0
1977 23 9 -1 0
1978 96 38 -1 0
1979 80 15 1 0
1980 42 13 -1 0
1981 22 15 1 0
1982 74 4 1 0
1983 81 32 1 0
1984 47 34 0 -1
1985 54 12 -1 0
1986 23 32 -1 0
1987 49 37 -1 0
1988 44 24 1 0
1989 94 21 0 -1
1990 97 37 1 0
1991 43 4 1 0
1992 16 18 0 1
1993 40 26 0 -1
1994 42 39 0 -1
1995 20 31 1 0
1996 38 39 0 -1
1997 65 10 0 -1
1998 26 4 -1 0
1999 97 34 0 -1
2000 92 35 0 -1
2001 48 12 -1 0
2002 0 12 0 1
2003 80 8 0 1
2004 76 20 0 1
2005 12 2 0 1
2006 25 10 -1 0
2007 55 35 -1 0
2008 18 29 0 -1
2009 7 32 1 0
2010 82 11 0 -1
2011 20 20 0 1
2012 39 31 -1 0
2013 5 35 1 0
2014 23 8 0 -1
2015 60 5 -1 0
2016 10 25 1 0
2017 16 19 -1 0
2018 4 12 0 -1
2019 7 5 0 1
2020 80 18 0 -1
2021 25 30 1 0
2022 89 23 0 -1
2023 85 29 0 -1
2024 27 22 0 1
2025 19 17 0 1
2026 15 21 1 0
2027 50 18 0 -1
2028 18 33 1 0
2029 11 13 0 1
2030 77 26 -1 0
2031 48 38 0 -1
2032 47 28 0 1
2033 63 1 0 1
2034 76 8 0 -1
2035 66 29 -1 0
2036 79 11 0 -1
2037 2 39 1 0
2038 23 26 0 -1
2039 22 23 0 -1
2040 2 1 -1 0
2041 84 9 1 0
2042 27 13 0 -1
2043 48 28 -1 0
2044 98 3 0 -1
2045 55 1 1 0
2046 42 9 -1 0
2047 99 20 0 1
2048 9 13 1 0
2049 95 32 -1 0
2050 41 19 0 1
2051 50 37 0 -1
2052 25 11 0 1
2053 21 29 -1 0
2054 15 23 -1 0
2055 89 31 1 0
2056 92 25 -1 0
2057 25 36 1 0
2058 49 34 -1 0
2059 85 16 -1 0
2060 14 23 0 -1
2061 42 27 1 0
2062 45 2 -1 0
2063 56 39 1 0
2064 27 21 1 0
2065 11 25 -1 0
2066 97 1 0 -1
2067 15 12 0 -1
2068 58 38 1 0
2069 45 21 -1 0
2070 19 19 -1 0
2071 82 30 0 1
2072 74 20 0 -1
2073 66 19 0 -1
2074 20 30 -1 0
2075 14 11 1 0
2076 13 17 -1 0
2077 93 38 -1 0
2078 41 21 0 1
2079 39 34 0 1
2080 24 8 0 -1
2081 57 1 0 1
2082 26 23 -1 0
2083 42 19 0 1
2084 17 31 0 -1
2085 99 11 -1 0
2086 97 31 0 1
2087 9 19 -1 0
2088 53 33 -1 0
2089 93 4 1 0
2090 38 24 1 0
2091 43 13 0 -1
2092 94 13 -1 0
2093 22 36 -1 0
2094 98 19 0 1
2095 66 37 -1 0
2096 58 37 -1 0
2097 91 19 1 0
2098 58 20 0 -1
2099 3 12 0 1
2100 22 21 0 -1
2101 57 22 0 1
2102 80 39 0 1
2103 23 32 -1 0
2104 89 39 0 -1
2105 50 9 0 -1
2106 28 27 -1 0
2107 12 25 0 1
2108 5 28 -1 0
2109 3 7 0 -1
2110 64 39 0 1
2111 97 2 -1 0
2112 4 15 1 0
2113 51 21 0 -1
2114 13 14 0 -1
2115 27 39 -1 0
2116 5 26 1 0
2117 20 38 1 0
2118 45 34 0 -1
2119 0 11 -1 0
2120 5 15 0 1
2121 46 19 0 1
2122 2 7 1 0
2123 29 37 0 1
2124 89 29 -1 0
2125 5 12 0 1
2126 82 14 -1 0
2127 29 1 0 -1
2128 41 1 1 0
2129 52 9 0 1
2130 42 34 1 0
2131 32 9 0 1
2132 28 3 0 1
2133 2 27 0 1
2134 37 21 0 1
2135 12 39 1 0
2136 51 14 -1 0
2137 11 9 0 -1
2138 59 19 -1 0
2139 42 31 0 1
2140 7 2 1 0
2141 12 16 0 -1
2142 19 4 0 1
2143 70 35 0 1
2144 26 37 -1 0
2145 97 18 0 1
2146 21 11 0 1
2147 45 6 0 -1
2148 50 11 -1 0
2149 21 7 0 -1
2150 86 4 -1 0
2151 18 17 1 0
2152 44 23 0 -1
2153 30 10 0 -1
2154 73 32 0 -1
2155 61 24 0 1
2156 43 30 0 1
2157 35 25 -1 0
2158 49 5 0 1
2159 97 4 0 1
2160 52 37 1 0
2161 13 10 0 -1
2162 73 2 0 1
2163 59 35 0 -1
2164 50 39 -1 0
2165 19 11 0 -1
2166 91 17 1 0
2167 94 27 0 -1
2168 83 21 0 -1
2169 28 28 1 0
2170 83 27 1 0
2171 49 9 1 0
2172 47 21 -1 0
2173 17 2 -1 0
2174 40 33 -1 0
2175 15 5 0 1
2176 68 30 1 0
2177 89 5 0 -1
2178 24 27 1 0
2179 29 10 0 -1
2180 28 8 1 0
2181 41 6 0 -1
2182 40 23 1 0
2183 43 25 0 1
2184 22 24 0 1
2185 95 20 1 0
2186 23 6 -1 0
2187 97 39 1 0
2188 45 13 0 1
2189 61 26 0 -1
2190 29 7 0 1
2191 9 35 1 0
2192 84 22 -1 0
2193 27 17 0 1
2194 75 15 0 1
2195 65 30 0 1
2196 24 37 1 0
2197 36 4 0 1
2198 16 2 0 -1
2199 77 12 0 1
2200 21 23 1 0
2201 89 16 0 1
2202 94 31 0 -1
2203 57 6 -1 0
2204 83 13 -1 0
2205 22 7 0 1
2206 44 5 -1 0
2207 69 17 0 -1
2208 88 33 -1 0
2209 40 26 1 0
2210 25 4 0 1
2211 23 37 0 1
2212 8 36 0 1
2213 23 7 -1 0
2214 88 34 0 1
2215 90 28 -1 0
2216 23 36 -1 0
2217 9 31 0 1
2218 16 26 0 -1
2219 5 15 0 -1
2220 20 13 0 -1
2221 97 36 1 0
2222 47 0 0 -1
2223 13 6 0 1
2224 14 34 0 -1
2225 45 29 0 -1
2226 46 2 0 -1
2227 43 0 1 0
2228 55 12 0 1
2229 40 11 1 0
2230 21 5 0 1
2231 27 28 0 -1
2232 47 30 0 1
2233 44 9 0 -1
2234 44 31 0 -1
2235 92 37 0 1
2236 11 34 0 -1
2237 0 3 1 0
2238 92 5 1 0
2239 94 6 1 0
2240 75 20 -1 0
2241 52 23 0 1
2242 46 39 -1 0
2243 2 30 0 1
2244 17 18 1 0
2245 40 15 -1 0
2246 85 23 -1 0
2247 97 20 0 -1
2248 71 13 0 -1
2249 48 12 -1 0
2250 11 10 1 0
2251 49 29 0 -1
2252 49 13 -1 0
2253 27 14 0 1
2254 32 36 -1 0
2255 45 30 0 -1
2256 13 6 1 0
2257 49 32 0 -1
2258 9 0 0 -1
2259 72 28 -1 0
2260 2 35 -1 0
2261 26 38 0 -1
2262 45 10 0 1
2263 13 16 1 0
2264 96 24 -1 0
2265 91 5 0 1
2266 91 5 -1 0
2267 92 6 0 -1
2268 99 35 1 0
2269 29 26 0 -1
2270 87 27 0 1
2271 87 28 0 -1
2272 29 29 0 1
2273 13 39 1 0
2274 45 19 -1 0
2275 60 30 1 0
2276 20 5 0 1
2277 75 34 0 -1
2278 3 27 0 -1
2279 72 11 1 0
2280 7 21 -1 0
2281 26 18 0 1
2282 26 1 -1 0
2283 8 2 0 1
2284 11 32 -1 0
2285 5 27 0 1
2286 55 13 0 1
2287 81 28 -1 0
2288 90 36 0 -1
2289 14 2 1 0
2290 64 19 0 1
2291 10 18 0 -1
2292 66 37 1 0
2293 70 17 0 -1
2294 22 20 -1 0
2295 39 23 -1 0
2296 11 29 1 0
2297 43 33 0 1
2298 10 21 0 -1
2299 96 39 1 0
2300 68 14 0 1
2301 51 39 1 0
2302 22 21 1 0
2303 14 4 0 -1
2304 64 31 1 0
2305 14 35 -1 0
2306 0 8 0 1
2307 20 14 1 0
2308 1 37 0 1
2309 6 37 0 1
2310 38 35 1 0
2311 14 15 0 1
2312 50 7 0 1
2313 48 21 1 0
2314 42 15 -1 0
2315 65 15 0 -1
2316 39 9 -1 0
2317 27 29 0 -1
2318 85 6 0 -1
2319 65 11 -1 0
2320 16 34 1 0
2321 0 6 1 0
2322 59 27 0 -1
2323 5 39 1 0
2324 82 15 -1 0
2325 88 34 0 1
2326 42 39 0 -1
2327 22 38 0 1
2328 99 11 -1 0
2329 38 23 1 0
2330 38 21 0 -1
2331 17 34 0 -1
2332 51 3 -1 0
2333 0 38 -1 0
2334 16 7 1 0
2335 98 0 1 0
2336 84 36 0 -1
2337 25 37 0 1
2338 79 7 1 0
2339 53 31 0 1
2340 42 0 0 -1
2341 25 0 1 0
2342 86 5 -1 0
2343 70 13 0 -1
2344 63 16 0 -1
2345 46 32 -1 0
2346 7 20 -1 0
2347 75 11 0 1
2348 56 32 1 0
2349 34 15 1 0
2350 84 37 1 0
2351 40 5 -1 0
2352 39 30 -1 0
2353 56 6 -1 0
2354 85 11 -1 0
2355 14 10 1 0
2356 79 36 1 0
2357 5 19 0 1
2358 25 35 0 1
2359 8 39 0 1
2360 81 3 0 -1
2361 73 30 -1 0
2362 94 32 0 -1
2363 14 10 1 0
2364 3 15 0 1
2365 40 30 -1 0
2366 4 32 0 -1
2367 6 30 -1 0
2368 68 33 0 -1
2369 98 36 -1 0
2370 54 22 0 1
2371 40 17 -1 0
2372 13 21 1 0
2373 97 28 -1 0
2374 40 7 -1 0
2375 64 11 0 1
2376 62 20 1 0
2377 81 26 0 -1
2378 58 5 0 -1
2379 52 3 1 0
2380 79 38 0 1
2381 78 12 1 0
2382 95 3 0 -1
2383 48 32 1 0
2384 21 33 1 0
2385 17 27 -1 0
2386 53 20 -1 0
2387 99 1 1 0
2388 70 32 1 0
2389 25 9 1 0
2390 77 28 1 0
2391 45 15 0 -1
2392 10 7 -1 0
2393 13 20 1 0
2394 88 18 1 0
2395 4 5 1 0
2396 40 4 0 -1
2397 18 35 1 0
2398 88 31 0 1
2399 25 36 1 0
2400 43 7 0 -1
2401 47 21 0 -1
2402 56 11 0 1
2403 52 0 1 0
2404 44 8 0 -1
2405 26 25 0 1
2406 19 1 -1 0
2407 57 31 0 1
2408 93 9 -1 0
2409 10 17 0 1
2410 21 25 -1 0
2411 90 15 -1 0
2412 7 36 -1 0
2413 14 35 0 1
2414 73 8 0 1
2415 91 24 -1 0
2416 9 7 0 1
2417 17 5 1 0
2418 22 1 0 1
2419 96 2 0 -1
2420 84 37 0 -1
2421 68 38 0 1
2422 74 33 0 -1
2423 5 19 -1 0
2424 2 24 -1 0
2425 26 35 0 -1
2426 95 0 -1 0
2427 84 37 1 0
2428 71 28 -1 0
2429 3 39 0 -1
2430 97 29 -1 0
2431 9 17 1 0
2432 9 19 0 -1
2433 5 9 1 0
2434 84 17 0 1
2435 98 0 1 0
2436 52 39 -1 0
2437 25 37 1 0
2438 39 12 1 0
2439 93 14 1 0
2440 7 32 1 0
2441 11 9 1 0
2442 23 19 1 0
2443 2 18 0 -1
2444 47 7 0 -1
2445 31 3 0 -1
2446 25 26 -1 0
2447 74 33 0 1
2448 16 19 0 -1
2449 77 10 -1 0
2450 73 33 1 0
2451 63 13 1 0
2452 50 17 1 0
2453 86 24 1 0
2454 23 31 -1 0
2455 53 21 0 -1
2456 21 14 0 -1
2457 99 10 0 -1
2458 13 33 -1 0
2459 42 23 -1 0
2460 64 5 1 0
2461 40 31 0 -1
2462 0 37 0 -1
2463 47 30 -1 0
2464 37 7 0 1
2465 23 29 0 1
2466 92 20 -1 0
2467 96 3 1 0
2468 68 28 0 -1
2469 1 6 0 1
2470 2 5 0 -1
2471 89 22 1 0
2472 39 14 0 1
2473 42 34 1 0
2474 61 2 -1 0
2475 50 34 0 -1
2476 28 8 0 1
2477 11 28 0 1
2478 9 24 0 1
2479 27 3 0 1
2480 23 17 -1 0
2481 28 21 1 0
2482 97 29 0 1
2483 19 29 0 1
2484 44 26 1 0
2485 76 32 1 0
2486 77 14 -1 0
2487 57 15 -1 0
2488 21 27 -1 0
2489 10 2 -1 0
2490 43 2 0 -1
2491 93 0 0 1
2492 97 34 0 1
2493 0 34 -1 0
2494 76 11 0 1
2495 91 33 1 0
2496 92 23 0 1
2497 45 13 1 0
2498 46 6 0 1
2499 32 17 -1 0
2500 78 17 0 -1
2501 75 34 0 1
2502 83 1 0 1
2503 86 11 0 1
2504 86 14 0 1
2505 99 0 0 1
2506 42 30 -1 0
2507 2 16 1 0
2508 27 38 1 0
2509 18 28 1 0
2510 0 23 1 0
2511 12 7 -1 0
2512 54 39 0 -1
2513 15 6 0 1
2514 87 23 0 -1
2515 54 39 1 0
2516 74 38 0 1
2517 20 38 0 -1
2518 38 34 -1 0
2519 95 24 -1 0
2520 50 28 -1 0
2521 95 12 0 -1
2522 76 10 0 -1
2523 97 17 0 1
2524 59 25 0 -1
2525 20 26 0 1
2526 38 30 0 -1
2527 19 39 0 1
2528 16 34 0 -1
2529 85 17 1 0
2530 38 24 0 -1
2531 59 17 -1 0
2532 24 32 -1 0
2533 93 39 0 1
2534 90 32 -1 0
2535 46 37 0 -1
2536 71 32 -1 0
2537 39 17 -1 0
2538 88 20 1 0
2539 28 34 0 -1
2540 37 22 0 1
2541 51 38 0 1
2542 48 9 0 -1
2543 84 38 0 -1
2544 76 7 1 0
2545 53 6 0 1
2546 3 1 0 1
2547 36 28 0 1
2548 50 15 1 0
2549 57 31 -1 0
2550 83 28 0 1
2551 32 23 0 -1
2552 37 18 0 -1
2553 47 10 -1 0
2554 58 17 0 1
2555 37 15 1 0
2556 66 17 0 1
2557 25 19 -1 0
2558 28 18 0 1
2559 16 5 1 0
2560 90 7 0 -1
2561 81 5 -1 0
2562 84 5 0 1
2563 2 11 1 0
2564 74 7 0 1
2565 97 17 0 -1
2566 62 39 1 0
2567 82 25 0 1
2568 8 37 -1 0
2569 21 34 1 0
2570 64 25 0 -1
2571 14 16 1 0
2572 43 31 1 0
2573 0 5 0 1
2574 42 35 0 -1
2575 98 15 0 1
2576 84 18 0 1
2577 39 25 0 -1
2578 16 27 1 0
2579 98 39 1 0
2580 68 37 0 -1
2581 58 30 1 0
2582 17 24 0 1
2583 90 16 0 1
2584 81 14 0 -1
2585 99 17 0 -1
2586 16 30 1 0
2587 50 38 0 -1
2588 42 34 -1 0
2589 54 37 -1 0
2590 28 17 1 0
2591 80 14 -1 0
2592 41 16 -1 0
2593 64 18 -1 0
2594 24 33 0 -1
2595 4 10 0 1
2596 7 7 1 0
2597 21 31 1 0
2598 97 3 0 -1
2599 92 34 0 -1
2600 4 6 0 -1
2601 70 6 -1 0
2602 89 25 1 0
2603 21 7 -1 0
2604 86 1 0 -1
2605 24 1 1 0
2606 37 9 -1 0
2607 18 8 0 -1
2608 4 28 0 -1
2609 29 20 -1 0
2610 0 11 0 -1
2611 66 19 -1 0
2612 62 2 1 0
2613 58 17 1 0
2614 11 8 1 0
2615 14 19 -1 0
2616 65 31 0 1
2617 44 35 1 0
2618 22 22 -1 0
2619 95 16 0 1
2620 76 8 1 0
2621 29 37 0 -1
2622 88 22 -1 0
2623 22 38 0 1
2624 96 15 0 -1
2625 7 35 1 0
2626 20 28 1 0
2627 11 33 -1 0
2628 81 28 0 1
2629 70 1 0 1
2630 93 21 0 -1
2631 6 3 1 0
2632 57 36 0 -1
2633 91 25 0 1
2634 35 4 -1 0
2635 5 14 -1 0
2636 91 35 -1 0
2637 82 24 -1 0
2638 44 28 0 -1
2639 52 26 -1 0
2640 8 34 0 1
2641 46 12 -1 0
2642 19 33 1 0
2643 13 14 0 -1
2644 24 14 0 -1
2645 73 16 1 0
2646 99 25 0 1
2647 80 29 1 0
2648 88 26 0 1
2649 41 36 1 0
2650 12 33 0 1
2651 2 35 1 0
2652 18 4 1 0
2653 88 35 1 0
2654 9 38 0 1
2655 89 29 -1 0
2656 54 37 0 -1
2657 77 22 0 -1
2658 15 13 0 1
2659 48 7 0 -1
2660 71 37 -1 0
2661 11 10 1 0
2662 3 3 1 0
2663 79 0 -1 0
2664 83 1 -1 0
2665 20 12 1 0
2666 67 19 -1 0
2667 15 37 0 1
2668 11 32 0 -1
2669 3 28 0 1
2670 82 5 -1 0
2671 26 20 0 -1
2672 86 1 0 -1
2673 2 3 -1 0
2674 18 25 1 0
2675 64 6 0 -1
2676 77 32 1 0
2677 47 10 0 -1
2678 48 20 -1 0
2679 43 15 1 0
2680 72 21 1 0
2681 29 27 -1 0
2682 12 30 0 -1
2683 14 14 0 1
2684 98 26 0 -1
2685 15 23 0 1
2686 21 27 1 0
2687 20 0 1 0
2688 50 10 0 1
2689 22 23 0 -1
2690 20 37 0 1
2691 16 11 0 1
2692 46 24 -1 0
2693 26 2 0 -1
2694 24 4 1 0
2695 16 19 0 1
2696 71 34 0 1
2697 96 15 -1 0
2698 47 29 0 -1
2699 6 26 1 0
2700 86 18 0 1
2701 44 11 0 -1
2702 26 9 0 1
2703 60 0 0 -1
2704 64 9 1 0
2705 88 18 1 0
2706 99 10 0 1
2707 0 35 0 1
2708 60 38 1 0
2709 21 1 -1 0
2710 77 38 -1 0
2711 23 21 -1 0
2712 1 22 -1 0
2713 14 24 1 0
2714 46 16 1 0
2715 0 7 0 -1
2716 63 25 0 -1
2717 94 36 -1 0
2718 13 16 -1 0
2719 55 15 -1 0
2720 26 9 0 1
2721 65 1 0 1
2722 95 9 0 1
2723 23 16 0 1
2724 85 4 1 0
2725 20 3 0 1
2726 83 20 -1 0
2727 13 31 1 0
2728 26 36 1 0
2729 82 11 1 0
2730 56 31 1 0
2731 24 21 0 -1
2732 75 15 -1 0
2733 70 0 0 -1
2734 62 2 -1 0
2735 88 12 -1 0
2736 5 27 0 -1
2737 54 8 -1 0
2738 42 33 1 0
2739 52 19 0 1
2740 44 21 0 -1
2741 14 13 1 0
2742 84 1 0 -1
2743 73 8 -1 0
2744 72 29 1 0
2745 69 19 0 1
2746 3 23 1 0
2747 92 11 0 1
2748 96 23 0 -1
2749 43 9 -1 0
2750 92 24 0 -1
2751 21 15 1 0
2752 74 9 0 -1
2753 19 7 0 -1
2754 62 1 0 -1
2755 48 25 0 1
2756 25 2 1 0
2757 17 9 0 -1
2758 10 1 1 0
2759 6 37 1 0
2760 5 7 1 0
2761 99 21 0 1
2762 21 15 0 1
2763 94 14 1 0
2764 42 10 -1 0
2765 24 39 1 0
2766 41 6 1 0
2767 11 7 -1 0
2768 50 3 1 0
2769 97 25 1 0
2770 95 2 1 0
2771 4 0 1 0
2772 84 20 1 0
2773 8 37 0 1
2774 3 8 0 -1
2775 75 22 0 -1
2776 9 23 0 -1
2777 45 31 -1 0
2778 70 10 -1 0
2779 15 10 0 -1
2780 23 25 -1 0
2781 66 4 1 0
2782 45 26 1 0
2783 28 32 -1 0
2784 22 22 0 -1
2785 85 9 0 1
2786 89 31 0 1
2787 88 2 0 1
2788 89 30 -1 0
2789 93 17 -1 0
2790 50 25 0 1
2791 25 39 0 -1
2792 68 18 -1 0
2793 19 6 0 1
2794 98 20 -1 0
2795 49 23 0 1
2796 48 33 -1 0
2797 48 14 -1 0
2798 44 20 -1 0
2799 24 26 0 -1
2800 63 30 0 1
2801 38 35 1 0
2802 37 23 0 -1
2803 73 26 1 0
2804 26 20 0 -1
2805 87 0 0 1
2806 21 38 1 0
2807 42 38 1 0
2808 82 37 1 0
2809 55 7 -1 0
2810 16 8 -1 0
2811 41 6 1 0
2812 91 33 -1 0
2813 22 30 1 0
2814 61 8 -1 0
2815 15 33 -1 0
2816 21 17 -1 0
2817 90 28 1 0
2818 91 36 0 1
2819 56 25 1 0
2820 18 12 0 -1
2821 69 11 -1 0
2822 42 30 0 -1
2823 42 4 0 -1
2824 51 29 0 -1
2825 41 36 0 1
2826 5 14 -1 0
2827 83 24 1 0
2828 98 33 0 1
2829 65 38 0 1
2830 68 11 0 1
2831 18 0 -1 0
2832 2 18 0 -1
2833 95 3 0 1
2834 50 17 0 -1
2835 99 21 1 0
2836 73 27 0 -1
2837 81 23 0 1
2838 9 38 0 1
2839 19 35 0 -1
2840 41 10 1 0
2841 46 36 0 -1
2842 13 30 0 1
2843 42 25 0 -1
2844 90 33 1 0
2845 45 28 0 -1
2846 53 16 -1 0
2847 4 32 0 -1
2848 9 29 -1 0
2849 25 20 1 0
2850 73 29 1 0
2851 7 3 0 -1
2852 67 10 1 0
2853 81 16 0 -1
2854 99 31 0 -1
2855 96 28 0 -1
2856 45 1 0 -1
2857 48 27 1 0
2858 41 21 1 0
2859 47 36 0 1
2860 52 11 0 1
2861 26 36 1 0
2862 10 15 0 -1
2863 44 17 -1 0
2864 2 3 1 0
2865 70 35 0 -1
2866 25 28 0 1
2867 73 38 0 1
2868 1 19 0 1
2869 22 1 0 1
2870 18 3 0 1
2871 0 18 0 1
2872 10 21 0 -1
2873 13 8 0 -1
2874 1 23 0 -1
2875 76 4 0 -1
2876 88 25 0 1
2877 26 6 0 -1
2878 54 28 0 1
2879 47 18 0 1
2880 22 28 0 -1
2881 25 9 0 -1
2882 39 14 -1 0
2883 63 12 -1 0
2884 15 30 -1 0
2885 18 4 0 1
2886 28 27 0 1
2887 57 6 -1 0
2888 18 24 0 -1
2889 87 36 0 1
2890 45 35 0 -1
2891 15 27 -1 0
2892 25 32 1 0
2893 37 29 1 0
2894 60 39 1 0
2895 81 0 1 0
2896 7 26 -1 0
2897 38 34 0 1
2898 57 4 -1 0
2899 89 30 1 0
2900 65 5 0 -1
2901 13 8 0 1
2902 24 38 1 0
2903 55 37 -1 0
2904 25 15 -1 0
2905 51 30 0 1
2906 97 7 1 0
2907 77 22 0 -1
2908 55 31 1 0
2909 17 37 0 -1
2910 8 7 0 -1
2911 46 18 0 1
2912 8 36 -1 0
2913 79 29 0 1
2914 28 16 0 1
2915 22 1 0 1
2916 5 9 0 1
2917 8 11 0 1
2918 42 21 0 1
2919 62 17 0 -1
2920 13 15 0 1
2921 86 31 0 -1
2922 48 29 -1 0
2923 54 35 1 0
2924 12 10 0 -1
2925 14 38 1 0
2926 95 24 1 0
2927 24 4 0 -1
2928 40 18 -1 0
2929 20 39 0 -1
2930 82 4 0 -1
2931 69 26 -1 0
2932 18 0 0 -1
2933 46 7 1 0
2934 40 6 -1 0
2935 57 4 0 1
2936 80 33 1 0
2937 12 7 0 -1
2938 91 10 -1 0
2939 10 13 0 1
2940 30 7 -1 0
2941 82 11 0 -1
2942 22 18 -1 0
2943 28 31 1 0
2944 41 17 0 1
2945 19 23 0 1
2946 37 26 -1 0
2947 37 21 -1 0
2948 22 39 -1 0
2949 46 39 0 1
2950 23 23 0 -1
2951 88 33 1 0
2952 22 38 0 -1
2953 68 6 0 1
2954 51 10 0 1
2955 37 2 0 -1
2956 45 7 -1 0
2957 19 37 0 -1
2958 11 8 1 0
2959 43 2 -1 0
2960 45 19 -1 0
2961 20 38 1 0
2962 26 28 1 0
2963 88 8 -1 0
2964 20 16 1 0
2965 10 18 1 0
2966 86 5 0 -1
2967 76 25 1 0
2968 20 17 -1 0
2969 21 11 0 1
2970 21 38 1 0
2971 19 35 0 -1
2972 86 33 0 -1
2973 82 2 -1 0
2974 54 12 1 0
2975 29 6 0 -1
2976 80 19 0 -1
2977 11 7 0 -1
2978 9 31 0 -1
2979 48 6 0 -1
2980 65 15 -1 0
2981 95 35 0 -1
2982 88 14 1 0
2983 38 22 0 1
2984 71 12 -1 0
2985 29 7 0 -1
2986 6 32 1 0
2987 23 24 -1 0
2988 99 19 -1 0
2989 64 30 0 -1
2990 40 25 0 1
2991 78 7 1 0
2992 19 13 1 0
2993 51 1 0 1
2994 49 14 0 -1
2995 2 32 -1 0
2996 68 11 0 1
2997 75 18 0 1
2998 30 26 0 1
2999 22 29 0 -1
3000 43 16 0 -1
3001 13 17 1 0
3002 47 1 0 -1
3003 10 6 0 1
3004 49 22 1 0
3005 58 21 -1 0
3006 76 30 0 -1
3007 37 32 0 -1
3008 42 8 0 1
3009 14 14 -1 0
3010 74 11 1 0
3011 78 6 0 -1
3012 97 22 -1 0
3013 24 1 1 0
3014 16 36 0 -1
3015 28 28 0 -1
3016 59 29 0 1
3017 61 34 1 0
3018 14 9 0 1
3019 3 34 0 1
3020 3 14 -1 0
3021 22 30 0 -1
3022 56 4 0 -1
3023 46 8 -1 0
3024 1 23 0 1
3025 59 34 0 1
3026 23 23 1 0
3027 11 36 0 -1
3028 84 19 0 -1
3029 44 6 0 -1
3030 31 23 1 0
3031 80 33 -1 0
3032 99 26 0 -1
3033 83 12 1 0
3034 60 5 -1 0
3035 88 1 -1 0
3036 98 11 1 0
3037 18 5 1 0
3038 41 7 -1 0
3039 67 9 1 0
3040 29 30 0 1
3041 86 22 -1 0
3042 95 23 -1 0
3043 40 2 0 -1
3044 81 39 0 1
3045 9 34 -1 0
3046 78 18 -1 0
3047 25 18 0 1
3048 5 4 1 0
3049 15 19 0 -1
3050 74 7 0 -1
3051 5 25 0 1
3052 46 18 0 1
3053 23 28 0 1
3054 43 39 0 -1
3055 67 20 0 -1
3056 61 21 0 -1
3057 23 8 1 0
3058 0 9 0 -1
3059 42 29 1 0
3060 16 11 0 1
3061 68 31 -1 0
3062 99 37 -1 0
3063 12 27 1 0
3064 85 35 -1 0
3065 21 35 0 -1
3066 88 7 0 1
3067 41 5 0 1
3068 73 11 0 1
3069 45 10 0 -1
3070 18 9 0 1
3071 68 4 -1 0
3072 10 4 0 1
3073 17 11 -1 0
3074 30 1 1 0
3075 45 5 0 1
3076 41 31 0 1
3077 15 0 0 -1
3078 0 19 -1 0
3079 60 0 0 1
3080 30 32 -1 0
3081 12 11 -1 0
3082 27 2 1 0
3083 66 1 -1 0
3084 78 35 0 1
3085 25 32 0 -1
3086 99 28 1 0
3087 42 9 1 0
3088 2 36 -1 0
3089 87 7 0 1
3090 52 6 1 0
3091 29 20 0 -1
3092 20 17 0 1
3093 79 21 1 0
3094 45 16 0 -1
3095 38 39 0 -1
3096 24 26 1 0
3097 41 9 -1 0
3098 14 34 0 1
3099 23 30 -1 0
3100 91 8 1 0
3101 38 16 0 -1
3102 20 36 0 1
3103 11 18 -1 0
3104 25 39 0 1
3105 90 9 0 -1
3106 90 15 1 0
3107 81 8 0 1
3108 88 10 1 0
3109 94 15 0 -1
3110 49 0 -1 0
3111 14 7 -1 0
3112 7 0 0 -1
3113 80 17 0 -1
3114 14 18 1 0
3115 97 8 -1 0
3116 90 13 0 1
3117 79 34 0 1
3118 80 7 1 0
3119 73 2 0 1
3120 70 9 0 -1
3121 25 33 1 0
3122 66 2 0 -1
3123 20 29 0 -1
3124 6 27 0 -1
3125 0 26 0 -1
3126 72 25 -1 0
3127 48 38 0 -1
3128 53 3 -1 0
3129 78 13 -1 0
3130 7 22 0 1
3131 23 35 1 0
3132 18 18 0 -1
3133 93 12 0 -1
3134 25 25 0 1
3135 99 29 1 0
3136 96 21 -1 0
3137 74 39 -1 0
3138 52 39 1 0
3139 54 30 -1 0
3140 52 20 -1 0
3141 6 18 0 -1
3142 60 13 -1 0
3143 84 35 0 -1
3144 74 3 1 0
3145 77 13 1 0
3146 37 13 0 -1
3147 60 38 0 1
3148 24 3 1 0
3149 17 30 0 1
3150 53 19 -1 0
3151 19 6 -1 0
3152 41 3 0 1
3153 56 15 1 0
3154 40 27 0 -1
3155 18 12 0 -1
3156 1 33 0 1
3157 91 24 0 1
3158 29 38 0 -1
3159 59 9 0 1
3160 41 36 0 -1
3161 90 3 0 1
3162 25 9 0 1
3163 6 37 -1 0
3164 63 33 0 1
3165 84 20 0 1
3166 39 0 1 0
3167 0 33 1 0
3168 23 5 0 -1
3169 18 15 -1 0
3170 56 9 0 1
3171 42 10 1 0
3172 69 5 1 0
3173 79 23 -1 0
3174 37 2 0 -1
3175 0 6 -1 0
3176 65 0 1 0
3177 16 15 0 1
3178 13 22 0 1
3179 18 12 -1 0
3180 93 33 -1 0
3181 81 27 0 1
3182 87 21 -1 0
3183 82 21 0 1
3184 99 30 1 0
3185 90 24 0 1
3186 10 9 0 -1
3187 38 34 0 -1
3188 39 39 -1 0
3189 97 34 -1 0
3190 19 4 1 0
3191 5 23 0 1
3192 24 33 0 -1
3193 71 23 1 0
3194 1 33 1 0
3195 71 14 1 0
3196 98 15 0 -1
3197 49 5 0 -1
3198 50 21 0 1
3199 97 12 0 1
3200 18 17 1 0
3201 25 0 1 0
3202 9 39 0 1
3203 69 27 1 0
3204 28 36 0 -1
3205 85 37 0 -1
3206 44 6 -1 0
3207 67 19 0 1
3208 15 32 -1 0
3209 28 4 -1 0
3210 43 19 0 1
3211 40 19 0 1
3212 48 14 -1 0
3213 27 4 -1 0
3214 86 29 1 0
3215 51 39 0 1
3216 56 17 0 1
3217 27 4 0 1
3218 80 8 0 -1
3219 41 5 1 0
3220 38 13 1 0
3221 86 16 -1 0
3222 3 26 0 1
3223 67 23 0 1
3224 7 20 -1 0
3225 63 0 -1 0
3226 31 3 1 0
3227 22 11 0 1
3228 3 34 0 -1
3229 24 23 0 -1
3230 67 1 0 -1
3231 52 15 0 -1
3232 23 22 1 0
3233 85 8 1 0
3234 47 15 0 1
3235 40 17 0 1
3236 64 4 -1 0
3237 16 22 -1 0
3238 11 39 0 1
3239 45 17 0 1
3240 48 10 -1 0
3241 27 1 0 -1
3242 42 25 -1 0
3243 30 2 1 0
3244 53 22 0 1
3245 83 17 0 -1
3246 19 39 0 -1
3247 68 9 -1 0
3248 78 39 1 0
3249 15 16 0 1
3250 12 24 1 0
3251 38 16 0 -1
3252 17 39 0 -1
3253 77 29 -1 0
3254 99 22 0 -1
3255 66 22 0 -1
3256 98 23 1 0
3257 95 4 0 -1
3258 55 5 0 -1
3259 48 24 1 0
3260 5 16 -1 0
3261 44 4 0 1
3262 40 36 0 -1
3263 63 31 1 0
3264 19 33 1 0
3265 53 4 0 1
3266 68 8 0 -1
3267 16 16 1 0
3268 40 16 0 1
3269 84 2 1 0
3270 43 37 1 0
3271 76 5 1 0
3272 2 34 -1 0
3273 13 32 -1 0
3274 28 4 0 1
3275 80 13 0 -1
3276 28 10 -1 0
3277 74 31 1 0
3278 93 5 -1 0
3279 41 0 0 1
3280 91 1 0 -1
3281 52 20 -1 0
3282 42 22 1 0
3283 85 38 0 1
3284 11 14 0 1
3285 25 36 0 1
3286 14 31 -1 0
3287 16 27 1 0
3288 43 15 -1 0
3289 89 36 0 1
3290 91 24 -1 0
3291 38 17 1 0
3292 91 9 0 1
3293 40 0 0 -1
3294 16 20 0 1
3295 70 38 0 -1
3296 42 4 1 0
3297 27 17 -1 0
3298 42 27 -1 0
3299 80 6 1 0
3300 17 28 -1 0
3301 76 19 0 -1
3302 7 18 1 0
3303 13 8 0 1
3304 16 25 1 0
3305 48 19 0 1
3306 54 25 1 0
3307 24 12 0 -1
3308 16 22 0 -1
3309 39 16 1 0
3310 27 8 1 0
3311 50 7 -1 0
3312 45 6 0 1
3313 10 4 -1 0
3314 57 3 1 0
3315 88 8 1 0
3316 74 38 -1 0
3317 58 12 1 0
3318 92 39 0 -1
3319 40 30 0 -1
3320 24 35 -1 0
3321 95 29 1 0
3322 16 26 -1 0
3323 17 17 -1 0
3324 28 2 0 1
3325 25 28 0 -1
3326 95 11 0 1
3327 10 24 0 1
3328 79 35 0 1
3329 1 10 0 -1
3330 31 27 0 1
3331 39 23 1 0
3332 43 16 0 1
3333 78 34 -1 0
3334 80 22 1 0
3335 63 37 -1 0
3336 81 27 -1 0
3337 19 39 1 0
3338 26 35 -1 0
3339 21 16 1 0
3340 19 27 1 0
3341 90 27 0 -1
3342 29 29 -1 0
3343 94 22 0 1
3344 44 11 -1 0
3345 64 21 -1 0
3346 80 0 -1 0
3347 0 21 1 0
3348 64 32 0 1
3349 10 8 -1 0
3350 18 38 0 1
3351 44 8 0 1
3352 73 30 -1 0
3353 85 15 -1 0
3354 72 9 0 -1
3355 72 32 0 -1
3356 9 25 1 0
3357 32 2 0 -1
3358 16 22 -1 0
3359 48 32 0 1
3360 26 2 0 -1
3361 8 35 1 0
3362 92 34 0 -1
3363 23 27 0 -1
3364 90 17 -1 0
3365 3 14 0 -1
3366 17 11 0 1
3367 25 17 0 1
3368 90 5 -1 0
3369 53 34 0 1
3370 23 36 1 0
3371 98 13 1 0
3372 20 32 0 -1
3373 40 7 0 1
3374 23 24 0 1
3375 53 1 0 -1
3376 87 36 -1 0
3377 31 27 -1 0
3378 87 12 -1 0
3379 37 12 -1 0
3380 23 11 1 0
3381 45 31 -1 0
3382 67 14 0 1
3383 11 23 0 -1
3384 27 10 0 -1
3385 21 25 -1 0
3386 49 4 -1 0
3387 81 12 1 0
3388 98 19 -1 0
3389 28 30 1 0
3390 37 11 0 1
3391 25 29 1 0
3392 15 22 0 1
3393 6 12 -1 0
3394 76 8 -1 0
3395 27 26 1 0
3396 84 10 -1 0
3397 21 1 1 0
3398 88 23 1 0
3399 11 20 0 1
3400 12 8 -1 0
3401 9 4 0 1
3402 95 35 -1 0
3403 46 39 1 0
3404 13 7 -1 0
3405 69 21 0 1
3406 77 6 0 -1
3407 88 19 0 -1
3408 43 14 0 1
3409 98 21 1 0
3410 74 33 -1 0
3411 2 14 0 1
3412 15 29 1 0
3413 38 25 0 -1
3414 10 4 1 0
3415 60 19 0 -1
3416 98 17 -1 0
3417 40 28 -1 0
3418 39 12 -1 0
3419 40 5 -1 0
3420 82 8 0 1
3421 89 19 0 1
3422 84 9 0 1
3423 52 2 0 1
3424 91 25 0 1
3425 92 35 -1 0
3426 27 12 -1 0
3427 74 31 0 -1
3428 96 4 0 -1
3429 82 25 1 0
3430 52 12 0 -1
3431 83 11 0 -1
3432 98 34 -1 0
3433 79 14 0 -1
3434 85 19 0 1
3435 82 18 -1 0
3436 41 17 0 1
3437 12 2 0 -1
3438 26 31 0 -1
3439 68 26 1 0
3440 49 3 0 -1
3441 54 1 -1 0
3442 27 8 1 0
3443 92 35 -1 0
3444 18 32 1 0
3445 22 13 1 0
3446 88 24 0 -1
3447 6 20 0 -1
3448 30 27 1 0
3449 52 35 -1 0
3450 49 10 0 -1
3451 69 26 0 -1
3452 22 6 0 1
3453 47 24 -1 0
3454 81 7 0 1
3455 22 39 0 1
3456 15 31 1 0
3457 31 28 0 1
3458 50 7 0 1
3459 84 16 -1 0
3460 83 37 0 1
3461 45 5 1 0
3462 67 14 0 -1
3463 44 18 0 1
3464 32 6 1 0
3465 86 2 0 -1
3466 10 0 -1 0
3467 40 28 0 -1
3468 92 24 -1 0
3469 45 17 0 1
3470 21 28 -1 0
3471 4 15 1 0
3472 60 3 0 1
3473 54 13 0 -1
3474 44 34 1 0
3475 37 1 -1 0
3476 12 22 1 0
3477 61 24 -1 0
3478 95 19 0 -1
3479 31 1 1 0
3480 89 33 0 1
3481 39 5 0 -1
3482 26 0 1 0
3483 50 3 -1 0
3484 54 7 -1 0
3485 49 8 1 0
3486 30 27 -1 0
3487 20 37 0 1
3488 27 5 0 -1
3489 17 34 0 -1
3490 88 35 0 1
3491 96 22 0 -1
3492 24 13 1 0
3493 63 19 0 -1
3494 7 30 0 -1
3495 19 34 1 0
3496 52 14 0 1
3497 42 6 1 0
3498 63 31 1 0
3499 25 18 0 1
3500 82 21 0 -1
3501 55 23 0 -1
3502 78 24 1 0
3503 44 3 1 0
3504 80 15 1 0
3505 48 31 0 -1
3506 60 33 0 -1
3507 21 22 1 0
3508 65 12 0 1
3509 56 1 0 -1
3510 20 1 0 -1
3511 86 34 1 0
3512 55 2 1 0
3513 23 25 1 0
3514 9 24 -1 0
3515 83 32 1 0
3516 4 34 -1 0
3517 93 33 -1 0
3518 96 24 -1 0
3519 20 31 1 0
3520 48 0 -1 0
3521 42 14 -1 0
3522 71 27 0 1
3523 24 11 0 -1
3524 46 18 0 -1
3525 93 4 0 -1
3526 40 22 1 0
3527 15 11 0 -1
3528 93 15 1 0
3529 56 17 0 1
3530 48 16 -1 0
3531 29 14 1 0
3532 55 10 0 -1
3533 77 10 1 0
3534 95 39 0 1
3535 36 13 0 -1
3536 73 25 1 0
3537 28 18 -1 0
3538 0 26 0 1
3539 1 6 0 1
3540 28 35 1 0
3541 25 5 0 1
3542 17 13 1 0
3543 48 22 1 0
3544 21 26 0 1
3545 49 21 0 -1
3546 81 0 0 -1
3547 48 2 1 0
3548 28 5 1 0
3549 26 29 0 1
3550 60 8 0 -1
3551 95 33 -1 0
3552 10 33 -1 0
3553 57 1 0 -1
3554 95 29 0 1
3555 50 18 0 1
3556 7 14 1 0
3557 87 18 1 0
3558 21 36 0 1
3559 7 35 -1 0
3560 53 19 0 1
3561 46 8 0 -1
3562 51 39 0 -1
3563 47 31 -1 0
3564 17 23 -1 0
3565 18 1 1 0
3566 3 18 0 -1
3567 80 15 1 0
3568 48 39 0 -1
3569 49 38 1 0
3570 45 33 0 -1
3571 49 33 -1 0
3572 0 0 0 1
3573 81 9 0 1
3574 67 37 -1 0
3575 61 6 0 -1
3576 84 23 0 -1
3577 15 22 1 0
3578 23 14 1 0
3579 7 5 0 -1
3580 53 17 0 1
3581 87 6 1 0
3582 93 21 0 -1
3583 26 16 1 0
3584 63 8 0 1
3585 58 10 0 1
3586 75 34 0 1
3587 22 16 1 0
3588 59 26 -1 0
3589 9 11 -1 0
3590 71 34 1 0
3591 6 1 1 0
3592 45 3 -1 0
3593 17 24 0 1
3594 15 7 -1 0
3595 83 6 1 0
3596 43 30 1 0
3597 44 26 -1 0
3598 96 0 1 0
3599 21 8 0 1
