0 27 23 0 -1
1 12 30 1 0
2 27 10 1 0
3 59 30 0 1
4 46 5 0 1
5 80 26 0 -1
6 15 32 -1 0
7 8 30 0 1
8 73 1 0 -1
9 2 17 -1 0
10 66 39 -1 0
11 20 37 -1 0
12 87 8 0 1
13 41 12 0 1
14 46 39 0 1
15 21 10 1 0
16 94 24 -1 0
17 86 32 0 1
18 8 4 -1 0
19 16 27 0 1
20 52 24 0 1
21 41 35 0 -1
22 44 3 1 0
23 39 2 -1 0
24 45 2 -1 0
25 15 8 0 1
26 24 36 1 0
27 94 38 0 -1
28 30 33 0 -1
29 59 24 1 0
30 22 29 0 -1
31 55 20 0 -1
32 89 29 1 0
33 15 17 0 -1
34 32 23 0 -1
35 41 34 1 0
36 29 1 -1 0
37 37 33 0 -1
38 18 36 1 0
39 92 21 0 -1
40 65 0 0 1
41 49 24 1 0
42 48 3 0 1
43 87 24 0 1
44 61 20 0 1
45 93 21 -1 0
46 78 0 1 0
47 97 19 0 1
48 59 6 -1 0
49 50 7 1 0
50 48 10 0 1
51 27 6 1 0
52 32 15 0 -1
53 81 13 0 1
54 44 25 0 1
55 53 31 0 1
56 9 33 -1 0
57 41 13 0 -1
58 26 11 0 1
59 38 22 1 0
60 46 30 -1 0
61 0 21 0 -1
62 52 11 1 0
63 95 24 1 0
64 8 7 1 0
65 80 33 -1 0
66 39 1 0 1
67 61 2 0 1
68 14 5 -1 0
69 95 29 0 -1
70 83 16 0 1
71 37 26 -1 0
72 4 19 1 0
73 1 12 0 1
74 16 2 0 -1
75 84 21 0 -1
76 30 29 0 -1
77 41 16 1 0
78 65 18 0 -1
79 51 38 0 1
80 37 4 0 -1
81 53 37 -1 0
82 13 31 0 1
83 92 26 1 0
84 93 15 0 1
85 25 35 -1 0
86 37 5 -1 0
87 52 12 0 1
88 20 23 0 -1
89 16 7 -1 0
90 48 15 0 -1
91 17 6 -1 0
92 42 32 -1 0
93 78 1 0 1
94 30 37 -1 0
95 13 36 -1 0
96 69 1 0 1
97 38 38 -1 0
98 25 15 -1 0
99 44 9 1 0
100 8 30 0 -1
101 56 33 0 1
102 94 39 0 1
103 39 0 1 0
104 41 34 0 1
105 94 32 0 -1
106 93 27 1 0
107 59 27 0 -1
108 7 35 0 1
109 15 34 -1 0
110 72 5 -1 0
111 21 26 0 -1
112 83 11 1 0
113 20 12 0 1
114 83 13 1 0
115 83 14 -1 0
116 23 1 0 1
117 45 20 0 -1
118 97 19 -1 0
119 40 0 -1 0
120 19 22 0 -1
121 93 28 0 1
122 20 26 -1 0
123 25 16 0 -1
124 79 24 -1 0
125 8 34 0 1
126 88 34 0 -1
127 7 2 -1 0
128 39 38 0 1
129 44 36 -1 0
130 46 3 0 -1
131 81 13 1 0
132 18 5 1 0
133 48 27 -1 0
134 25 32 1 0
135 42 22 0 1
136 72 17 -1 0
137 49 7 0 1
138 7 19 0 1
139 91 25 0 -1
140 11 4 -1 0
141 9 7 1 0
142 76 9 -1 0
143 3 36 0 -1
144 42 0 -1 0
145 47 20 0 1
146 37 35 -1 0
147 39 16 -1 0
148 9 30 0 1
149 90 4 0 -1
150 74 6 -1 0
151 5 28 0 1
152 29 29 0 1
153 39 6 0 -1
154 78 15 0 -1
155 0 30 0 1
156 25 7 0 -1
157 38 35 0 -1
158 22 33 0 -1
159 26 32 0 1
160 35 35 0 -1
161 46 1 1 0
162 27 5 -1 0
163 12 1 0 -1
164 97 11 1 0
165 91 32 1 0
166 74 16 0 -1
167 92 18 0 1
168 51 26 0 1
169 49 29 1 0
170 50 8 -1 0
171 25 17 0 1
172 19 8 0 -1
173 12 28 1 0
174 69 3 0 -1
175 39 34 -1 0
176 36 26 -1 0
177 11 33 0 1
178 81 22 0 1
179 72 5 1 0
180 71 12 0 1
181 2 16 1 0
182 7 34 -1 0
183 23 33 1 0
184 76 3 -1 0
185 82 14 0 1
186 11 1 -1 0
187 88 35 1 0
188 2 15 1 0
189 27 31 1 0
190 37 26 -1 0
191 61 1 1 0
192 22 13 0 1
193 62 30 1 0
194 85 6 -1 0
195 72 7 1 0
196 88 30 0 1
197 80 37 1 0
198 92 2 -1 0
199 78 7 0 -1
200 42 15 -1 0
201 15 11 0 -1
202 20 8 1 0
203 18 12 -1 0
204 27 13 1 0
205 80 5 1 0
206 23 7 0 -1
207 40 12 0 1
208 91 32 0 1
209 54 5 -1 0
210 30 3 0 1
211 25 6 0 1
212 25 28 1 0
213 58 24 0 1
214 85 12 0 -1
215 6 8 0 -1
216 7 12 1 0
217 1 32 0 -1
218 42 28 0 1
219 27 29 -1 0
220 55 16 0 1
221 26 2 0 -1
222 3 18 0 1
223 23 22 0 -1
224 46 17 0 -1
225 78 34 -1 0
226 93 21 0 -1
227 55 33 -1 0
228 10 0 0 -1
229 52 28 0 1
230 42 22 0 1
231 77 27 0 -1
232 45 23 1 0
233 21 28 1 0
234 27 12 0 1
235 39 39 0 -1
236 8 14 -1 0
237 26 21 1 0
238 45 35 0 -1
239 19 30 0 -1
240 42 20 0 1
241 50 12 0 1
242 63 6 -1 0
243 91 32 -1 0
244 63 25 0 1
245 50 8 -1 0
246 32 32 0 1
247 55 23 0 -1
248 5 10 0 -1
249 12 34 0 1
250 51 24 1 0
251 23 33 0 -1
252 1 18 -1 0
253 11 4 -1 0
254 80 7 0 -1
255 11 37 0 -1
256 8 21 -1 0
257 87 9 0 -1
258 24 22 0 -1
259 22 29 1 0
260 42 15 1 0
261 48 37 -1 0
262 10 12 1 0
263 37 21 0 -1
264 87 8 0 -1
265 62 31 1 0
266 79 30 0 1
267 40 34 -1 0
268 26 20 1 0
269 87 12 0 -1
270 44 3 0 1
271 42 31 1 0
272 21 23 0 1
273 60 32 0 -1
274 0 15 0 1
275 53 23 0 -1
276 75 26 0 -1
277 14 16 -1 0
278 51 13 1 0
279 99 15 1 0
280 20 25 0 -1
281 98 39 -1 0
282 74 34 1 0
283 41 30 -1 0
284 95 4 1 0
285 87 6 -1 0
286 22 21 0 1
287 16 33 1 0
288 21 18 0 -1
289 48 1 -1 0
290 67 7 1 0
291 61 19 1 0
292 86 22 -1 0
293 51 35 0 1
294 97 39 0 -1
295 3 11 1 0
296 64 5 1 0
297 21 5 0 1
298 14 6 0 -1
299 92 25 1 0
300 24 25 1 0
301 49 8 1 0
302 19 39 0 1
303 72 36 1 0
304 55 1 0 1
305 21 13 0 -1
306 93 6 1 0
307 78 18 0 1
308 62 15 -1 0
309 74 5 -1 0
310 97 20 -1 0
311 19 9 0 -1
312 44 20 0 1
313 38 2 0 -1
314 97 1 -1 0
315 48 8 1 0
316 21 27 0 1
317 81 29 0 -1
318 18 0 1 0
319 84 37 0 1
320 36 37 1 0
321 47 2 0 1
322 4 37 -1 0
323 48 14 -1 0
324 20 21 0 -1
325 85 31 -1 0
326 99 11 0 1
327 81 23 1 0
328 13 18 1 0
329 44 4 -1 0
330 13 4 -1 0
331 18 31 0 1
332 21 15 -1 0
333 27 28 1 0
334 19 4 -1 0
335 37 20 -1 0
336 89 22 -1 0
337 90 24 -1 0
338 59 29 1 0
339 40 31 0 -1
340 17 39 0 -1
341 8 14 -1 0
342 20 20 1 0
343 4 25 1 0
344 40 30 1 0
345 46 0 0 1
346 23 34 1 0
347 42 23 0 1
348 44 10 0 1
349 83 5 1 0
350 46 0 0 1
351 17 11 0 1
352 21 21 0 -1
353 93 28 0 1
354 41 1 0 -1
355 50 13 0 1
356 60 22 0 -1
357 91 5 -1 0
358 85 31 0 1
359 16 33 1 0
360 44 26 0 1
361 26 38 -1 0
362 25 32 1 0
363 16 19 0 1
364 29 26 1 0
365 27 39 0 -1
366 68 17 -1 0
367 51 21 -1 0
368 61 22 1 0
369 57 13 0 -1
370 24 2 0 -1
371 61 17 -1 0
372 22 14 0 1
373 13 14 0 -1
374 43 15 -1 0
375 49 13 1 0
376 21 36 1 0
377 47 16 0 -1
378 87 1 -1 0
379 53 37 1 0
380 92 33 0 -1
381 56 34 -1 0
382 71 28 1 0
383 82 0 -1 0
384 92 19 0 -1
385 21 34 -1 0
386 49 9 0 -1
387 19 25 0 -1
388 92 32 0 -1
389 89 26 0 -1
390 53 16 -1 0
391 86 9 0 -1
392 25 27 1 0
393 92 28 1 0
394 27 36 0 1
395 21 8 1 0
396 23 29 0 1
397 69 2 1 0
398 55 7 0 1
399 71 34 0 1
400 21 30 0 -1
401 51 15 0 -1
402 37 4 -1 0
403 86 5 1 0
404 8 17 0 1
405 44 3 1 0
406 10 19 -1 0
407 85 20 1 0
408 78 17 0 -1
409 21 6 -1 0
410 22 12 0 1
411 87 29 1 0
412 26 12 0 -1
413 24 37 0 -1
414 83 37 0 1
415 90 21 0 -1
416 85 32 -1 0
417 9 6 0 1
418 16 37 0 -1
419 54 24 0 1
420 50 8 0 -1
421 46 2 -1 0
422 79 3 0 1
423 95 6 -1 0
424 42 21 0 1
425 25 6 1 0
426 14 4 0 1
427 79 29 1 0
428 78 32 -1 0
429 65 34 -1 0
430 49 4 0 -1
431 7 33 0 -1
432 5 33 0 1
433 20 35 0 -1
434 8 36 1 0
435 56 32 0 -1
436 40 19 0 1
437 60 35 0 1
438 52 2 -1 0
439 45 21 0 -1
440 55 7 0 -1
441 37 14 0 1
442 62 37 1 0
443 28 35 1 0
444 5 19 1 0
445 78 14 -1 0
446 19 15 0 -1
447 98 37 1 0
448 93 39 -1 0
449 97 33 0 1
450 87 12 0 1
451 23 7 0 1
452 12 28 0 -1
453 21 12 0 -1
454 43 37 0 -1
455 41 37 0 1
456 75 24 -1 0
457 48 15 -1 0
458 58 36 -1 0
459 44 33 -1 0
460 2 28 0 1
461 1 17 -1 0
462 10 28 -1 0
463 79 35 1 0
464 40 0 0 -1
465 90 14 1 0
466 18 31 0 -1
467 13 5 0 -1
468 49 14 -1 0
469 9 23 0 -1
470 3 22 0 -1
471 69 1 -1 0
472 29 9 0 1
473 46 2 0 1
474 51 0 0 1
475 75 37 0 1
476 43 29 0 -1
477 54 24 -1 0
478 91 14 -1 0
479 36 1 0 -1
480 58 14 -1 0
481 24 14 1 0
482 46 27 0 -1
483 21 30 -1 0
484 44 6 1 0
485 2 25 0 -1
486 8 12 -1 0
487 45 30 0 -1
488 16 16 0 1
489 94 31 -1 0
490 4 2 0 1
491 52 26 0 -1
492 11 17 0 1
493 52 23 1 0
494 93 31 1 0
495 0 28 0 -1
496 9 26 1 0
497 50 38 0 1
498 88 36 0 1
499 91 30 0 -1
500 41 36 0 -1
501 28 23 0 1
502 83 1 0 1
503 24 18 0 1
504 6 1 0 -1
505 82 7 0 1
506 7 24 0 1
507 69 31 0 1
508 87 9 0 -1
509 85 11 0 1
510 15 32 -1 0
511 22 3 -1 0
512 39 1 0 -1
513 4 38 0 1
514 5 28 0 -1
515 67 24 -1 0
516 14 20 0 1
517 18 26 0 -1
518 95 4 0 -1
519 38 38 -1 0
520 48 27 1 0
521 45 7 -1 0
522 25 3 0 -1
523 57 3 0 -1
524 0 23 1 0
525 33 2 1 0
526 46 18 -1 0
527 50 31 -1 0
528 39 30 0 -1
529 86 4 0 1
530 70 23 -1 0
531 82 4 0 1
532 27 32 1 0
533 86 36 1 0
534 18 35 1 0
535 24 31 0 -1
536 98 31 -1 0
537 96 30 1 0
538 40 16 0 -1
539 52 37 1 0
540 27 32 1 0
541 29 3 0 -1
542 47 38 -1 0
543 59 5 -1 0
544 12 0 0 1
545 81 27 1 0
546 46 4 0 -1
547 56 4 0 1
548 17 19 0 -1
549 93 36 0 -1
550 28 39 1 0
551 87 28 -1 0
552 64 7 1 0
553 4 38 1 0
554 42 29 -1 0
555 16 13 0 1
556 9 25 0 1
557 0 31 1 0
558 4 31 0 1
559 95 4 0 1
560 89 24 1 0
561 73 5 0 -1
562 55 23 1 0
563 43 23 -1 0
564 4 6 0 1
565 69 2 1 0
566 30 1 -1 0
567 61 4 -1 0
568 47 11 0 1
569 25 15 -1 0
570 85 2 -1 0
571 84 20 1 0
572 13 11 0 1
573 45 6 -1 0
574 78 30 0 -1
575 54 17 0 -1
576 11 11 -1 0
577 66 39 0 1
578 46 10 -1 0
579 42 23 -1 0
580 78 0 1 0
581 11 17 0 1
582 45 37 -1 0
583 42 6 0 -1
584 7 27 -1 0
585 3 22 0 -1
586 64 35 1 0
587 75 0 0 1
588 5 12 -1 0
589 47 8 1 0
590 39 35 -1 0
591 24 14 0 1
592 63 39 -1 0
593 8 8 0 -1
594 85 26 1 0
595 1 19 1 0
596 70 34 -1 0
597 27 22 0 -1
598 54 1 0 -1
599 39 31 0 1
600 19 11 0 1
601 82 22 -1 0
602 42 5 0 1
603 8 20 -1 0
604 49 36 0 -1
605 29 17 0 -1
606 15 17 1 0
607 38 31 0 1
608 78 28 -1 0
609 39 39 0 -1
610 64 16 0 1
611 22 28 0 -1
612 44 26 -1 0
613 6 24 1 0
614 49 29 0 1
615 88 28 -1 0
616 43 10 1 0
617 77 10 0 1
618 46 27 -1 0
619 55 39 1 0
620 40 2 0 -1
621 11 22 0 -1
622 69 36 0 1
623 86 26 0 1
624 21 11 1 0
625 23 24 0 1
626 15 10 1 0
627 52 16 0 1
628 43 1 -1 0
629 46 37 1 0
630 54 27 0 1
631 22 13 1 0
632 96 35 1 0
633 45 16 0 -1
634 90 13 0 1
635 56 13 1 0
636 82 13 0 1
637 86 20 -1 0
638 16 39 0 1
639 89 18 0 -1
640 25 39 -1 0
641 75 19 0 1
642 7 22 0 -1
643 43 31 0 -1
644 56 30 0 1
645 92 31 1 0
646 58 14 1 0
647 91 5 0 -1
648 41 32 -1 0
649 82 14 -1 0
650 42 21 1 0
651 85 35 1 0
652 45 23 -1 0
653 3 16 -1 0
654 8 27 0 1
655 71 16 -1 0
656 19 1 0 -1
657 74 9 0 -1
658 49 21 1 0
659 24 37 -1 0
660 18 25 0 -1
661 18 28 1 0
662 95 36 0 -1
663 97 23 0 -1
664 2 23 1 0
665 94 37 -1 0
666 23 18 0 -1
667 10 20 0 -1
668 87 14 1 0
669 40 29 0 1
670 9 15 0 -1
671 6 5 0 -1
672 22 2 0 1
673 15 29 0 1
674 46 13 1 0
675 8 26 0 -1
676 87 18 -1 0
677 7 21 1 0
678 20 32 0 1
679 6 37 -1 0
680 48 8 1 0
681 53 27 -1 0
682 53 8 0 -1
683 47 23 0 1
684 55 27 -1 0
685 73 0 0 1
686 93 22 0 1
687 80 8 1 0
688 26 3 0 -1
689 59 1 0 -1
690 17 33 -1 0
691 98 4 0 1
692 64 18 1 0
693 30 28 1 0
694 22 10 0 -1
695 93 37 1 0
696 45 16 1 0
697 97 12 0 1
698 41 26 0 1
699 41 17 0 1
700 26 29 1 0
701 27 21 0 1
702 49 37 0 1
703 16 28 0 -1
704 46 26 1 0
705 98 38 -1 0
706 17 2 0 -1
707 76 14 0 1
708 40 39 0 1
709 20 14 1 0
710 81 35 0 -1
711 8 9 1 0
712 11 17 0 -1
713 4 10 0 1
714 75 26 -1 0
715 88 39 1 0
716 37 33 0 -1
717 39 8 1 0
718 26 37 -1 0
719 72 20 -1 0
720 62 13 0 1
721 41 11 -1 0
722 47 22 1 0
723 98 28 0 -1
724 39 23 1 0
725 24 20 0 -1
726 81 28 0 -1
727 15 24 -1 0
728 40 4 -1 0
729 18 30 1 0
730 52 35 0 -1
731 94 20 0 -1
732 9 31 0 -1
733 86 16 1 0
734 28 10 0 -1
735 44 4 0 -1
736 85 19 0 1
737 72 4 0 1
738 8 24 -1 0
739 16 6 0 1
740 95 14 1 0
741 16 26 1 0
742 53 8 0 -1
743 9 12 -1 0
744 3 14 1 0
745 0 13 0 1
746 51 38 -1 0
747 51 1 -1 0
748 43 31 -1 0
749 91 7 -1 0
750 99 0 -1 0
751 55 24 -1 0
752 2 4 1 0
753 41 23 1 0
754 25 31 0 1
755 64 20 -1 0
756 57 10 -1 0
757 65 2 0 1
758 91 24 0 1
759 0 39 1 0
760 73 25 -1 0
761 83 2 0 1
762 9 11 1 0
763 91 0 0 1
764 40 12 0 -1
765 41 29 0 1
766 54 38 -1 0
767 77 1 0 -1
768 89 32 0 -1
769 67 23 -1 0
770 43 27 0 -1
771 7 36 0 -1
772 94 17 1 0
773 46 20 -1 0
774 20 11 0 -1
775 30 37 1 0
776 67 34 -1 0
777 47 15 0 -1
778 23 10 0 1
779 29 27 0 1
780 71 17 0 1
781 78 18 1 0
782 84 21 0 1
783 6 34 0 -1
784 86 0 1 0
785 17 17 -1 0
786 28 20 1 0
787 0 29 -1 0
788 45 2 1 0
789 87 5 0 -1
790 18 7 1 0
791 28 18 1 0
792 42 29 -1 0
793 30 14 0 -1
794 21 15 0 -1
795 41 30 1 0
796 20 29 1 0
797 16 36 0 1
798 36 23 1 0
799 40 8 0 1
800 78 20 0 -1
801 95 3 1 0
802 76 27 0 1
803 91 2 1 0
804 6 24 -1 0
805 39 31 1 0
806 46 25 0 1
807 45 9 1 0
808 65 0 1 0
809 66 33 1 0
810 29 0 0 -1
811 11 38 1 0
812 34 18 -1 0
813 10 16 1 0
814 92 33 1 0
815 94 5 0 -1
816 39 5 -1 0
817 46 6 0 -1
818 65 15 0 1
819 22 5 -1 0
820 15 23 0 -1
821 9 2 -1 0
822 98 21 0 1
823 63 7 -1 0
824 83 8 0 1
825 55 7 0 -1
826 6 32 0 1
827 81 39 -1 0
828 68 23 1 0
829 85 15 0 -1
830 19 4 -1 0
831 76 12 0 -1
832 12 13 -1 0
833 21 7 0 1
834 74 30 0 -1
835 45 10 0 -1
836 64 15 -1 0
837 25 37 0 1
838 16 17 0 1
839 12 8 0 -1
840 62 23 1 0
841 23 10 0 -1
842 2 36 0 -1
843 8 2 0 1
844 98 39 0 -1
845 96 13 0 1
846 38 21 0 -1
847 1 31 0 1
848 13 10 0 -1
849 85 11 0 1
850 76 26 0 1
851 43 36 0 -1
852 84 28 -1 0
853 21 11 1 0
854 74 2 0 1
855 21 31 0 -1
856 24 36 -1 0
857 30 34 1 0
858 74 18 1 0
859 10 16 1 0
860 81 33 -1 0
861 51 27 1 0
862 90 24 1 0
863 55 24 0 -1
864 42 14 -1 0
865 57 21 0 1
866 36 4 -1 0
867 93 33 1 0
868 65 13 0 -1
869 72 3 0 1
870 55 8 -1 0
871 71 11 1 0
872 21 19 0 1
873 48 27 1 0
874 75 35 0 1
875 13 38 0 1
876 56 7 0 1
877 15 16 1 0
878 46 10 -1 0
879 44 33 0 -1
880 51 15 0 -1
881 71 36 1 0
882 57 2 0 -1
883 70 31 1 0
884 81 37 0 1
885 40 13 0 1
886 67 27 1 0
887 0 34 0 1
888 20 29 1 0
889 0 17 0 -1
890 84 35 1 0
891 20 34 1 0
892 91 4 1 0
893 5 7 0 -1
894 63 37 0 -1
895 89 0 -1 0
896 24 7 0 -1
897 37 0 1 0
898 44 39 0 1
899 19 23 -1 0
900 9 36 1 0
901 71 28 -1 0
902 26 7 1 0
903 23 24 -1 0
904 97 1 -1 0
905 47 3 1 0
906 64 39 1 0
907 44 14 0 -1
908 43 14 0 1
909 27 0 0 -1
910 2 37 -1 0
911 10 21 0 -1
912 9 5 0 -1
913 42 29 1 0
914 43 16 0 1
915 73 9 1 0
916 30 8 0 1
917 14 31 0 1
918 13 31 0 -1
919 44 35 0 1
920 96 16 -1 0
921 21 33 1 0
922 6 32 1 0
923 76 8 0 1
924 84 27 -1 0
925 29 25 0 1
926 43 23 -1 0
927 94 36 1 0
928 56 35 -1 0
929 75 10 0 -1
930 4 9 -1 0
931 56 23 0 1
932 58 13 1 0
933 25 0 -1 0
934 75 20 -1 0
935 64 7 0 -1
936 36 36 0 1
937 3 12 0 -1
938 63 33 0 -1
939 77 28 0 -1
940 7 0 1 0
941 25 18 -1 0
942 50 37 0 -1
943 7 36 0 -1
944 2 34 -1 0
945 25 10 1 0
946 86 8 0 1
947 0 5 0 1
948 75 20 -1 0
949 42 39 -1 0
950 5 25 -1 0
951 25 22 1 0
952 14 17 1 0
953 27 15 0 -1
954 31 5 -1 0
955 2 34 -1 0
956 21 36 -1 0
957 24 30 1 0
958 38 34 1 0
959 41 17 1 0
960 97 27 0 -1
961 69 26 1 0
962 55 15 1 0
963 70 38 -1 0
964 40 34 0 1
965 65 32 1 0
966 16 33 0 1
967 25 22 0 1
968 20 30 1 0
969 45 5 -1 0
970 32 1 1 0
971 55 13 0 1
972 29 12 -1 0
973 59 4 0 1
974 54 36 -1 0
975 41 9 -1 0
976 99 28 0 -1
977 91 31 1 0
978 23 23 0 1
979 16 19 0 -1
980 3 5 -1 0
981 11 25 1 0
982 89 31 0 -1
983 5 29 0 -1
984 83 22 0 -1
985 98 16 0 -1
986 20 20 0 1
987 47 7 1 0
988 38 11 1 0
989 67 20 1 0
990 51 16 -1 0
991 23 21 1 0
992 91 28 0 -1
993 63 24 0 1
994 12 11 0 -1
995 39 20 0 -1
996 53 21 0 1
997 92 29 0 1
998 61 21 -1 0
999 4 38 0 -1
1000 46 31 0 1
1001 20 36 -1 0
1002 77 15 0 -1
1003 91 16 -1 0
1004 92 13 -1 0
1005 40 16 1 0
1006 41 8 0 -1
1007 13 32 -1 0
1008 92 30 1 0
1009 52 36 0 1
1010 27 37 1 0
1011 97 7 0 -1
1012 22 20 -1 0
1013 76 2 0 1
1014 97 0 -1 0
1015 38 16 -1 0
1016 0 14 1 0
1017 7 21 -1 0
1018 90 23 0 -1
1019 46 26 0 1
1020 44 7 0 1
1021 46 17 0 1
1022 6 18 1 0
1023 61 18 0 -1
1024 37 39 -1 0
1025 39 37 -1 0
1026 12 39 -1 0
1027 94 22 0 -1
1028 29 32 0 -1
1029 51 4 -1 0
1030 17 14 0 1
1031 20 0 0 -1
1032 61 0 0 -1
1033 3 37 1 0
1034 27 28 0 -1
1035 68 27 -1 0
1036 22 4 0 -1
1037 38 24 0 1
1038 80 22 0 -1
1039 85 37 1 0
1040 78 37 1 0
1041 65 11 -1 0
1042 65 32 0 -1
1043 21 10 -1 0
1044 44 30 0 1
1045 81 7 1 0
1046 47 23 1 0
1047 28 36 -1 0
1048 9 16 0 -1
1049 75 9 0 -1
1050 47 10 0 1
1051 53 24 0 -1
1052 60 23 0 1
1053 17 26 0 -1
1054 73 24 1 0
1055 83 0 -1 0
1056 7 2 1 0
1057 4 22 0 -1
1058 1 15 1 0
1059 89 20 1 0
1060 48 24 0 -1
1061 39 37 0 1
1062 58 3 -1 0
1063 76 16 -1 0
1064 98 31 -1 0
1065 37 33 -1 0
1066 18 18 0 -1
1067 19 7 0 -1
1068 84 26 0 -1
1069 59 39 -1 0
1070 41 35 -1 0
1071 18 8 0 -1
1072 45 32 0 -1
1073 72 37 -1 0
1074 60 26 -1 0
1075 44 26 -1 0
1076 42 17 -1 0
1077 54 24 0 -1
1078 52 32 -1 0
1079 31 5 -1 0
1080 87 33 -1 0
1081 13 6 1 0
1082 27 31 0 -1
1083 16 12 -1 0
1084 40 5 -1 0
1085 6 35 0 -1
1086 49 36 0 -1
1087 74 17 0 1
1088 7 28 1 0
1089 43 27 0 -1
1090 88 8 -1 0
1091 4 20 0 1
1092 41 18 0 -1
1093 24 18 0 1
1094 48 0 -1 0
1095 14 16 -1 0
1096 55 35 0 1
1097 1 3 1 0
1098 16 4 0 1
1099 49 25 -1 0
1100 15 36 0 1
1101 66 28 0 -1
1102 28 19 0 -1
1103 38 34 0 -1
1104 77 3 1 0
1105 99 0 0 1
1106 69 38 1 0
1107 57 0 0 1
1108 8 24 0 -1
1109 42 30 1 0
1110 19 7 0 1
1111 51 37 1 0
1112 38 39 0 -1
1113 1 12 0 1
1114 79 7 0 1
1115 24 1 0 -1
1116 93 25 0 -1
1117 4 30 0 -1
1118 37 21 0 -1
1119 95 0 1 0
1120 31 9 0 1
1121 88 27 0 1
1122 17 33 0 1
1123 26 7 -1 0
1124 89 35 -1 0
1125 8 0 0 -1
1126 83 1 0 -1
1127 99 38 1 0
1128 25 7 0 1
1129 2 12 0 1
1130 85 12 0 1
1131 14 2 0 1
1132 78 1 1 0
1133 99 28 1 0
1134 25 6 0 -1
1135 12 33 0 -1
1136 40 0 -1 0
1137 1 22 -1 0
1138 48 11 -1 0
1139 3 27 0 1
1140 16 1 1 0
1141 38 14 0 -1
1142 80 34 1 0
1143 90 15 0 1
1144 23 13 0 1
1145 69 30 0 1
1146 42 14 -1 0
1147 42 3 -1 0
1148 68 18 1 0
1149 2 39 0 -1
1150 91 4 0 1
1151 79 24 0 1
1152 51 25 -1 0
1153 46 34 -1 0
1154 35 22 0 1
1155 8 39 -1 0
1156 7 29 1 0
1157 9 18 0 -1
1158 22 31 1 0
1159 97 7 0 -1
1160 43 6 0 1
1161 98 23 1 0
1162 26 21 0 -1
1163 23 16 1 0
1164 11 7 0 -1
1165 24 0 1 0
1166 14 30 0 -1
1167 99 39 1 0
1168 39 10 0 1
1169 12 21 1 0
1170 56 15 0 1
1171 42 10 0 1
1172 59 4 0 1
1173 23 0 0 -1
1174 38 36 0 1
1175 55 2 0 1
1176 50 17 0 -1
1177 36 8 0 1
1178 11 21 1 0
1179 10 3 0 1
1180 31 29 0 1
1181 52 31 0 1
1182 44 4 0 -1
1183 91 11 0 1
1184 12 0 0 1
1185 91 19 -1 0
1186 39 2 0 1
1187 74 31 1 0
1188 39 9 1 0
1189 20 34 0 1
1190 13 18 1 0
1191 80 17 0 1
1192 11 32 1 0
1193 28 29 -1 0
1194 86 27 1 0
1195 92 23 1 0
1196 15 1 1 0
1197 77 12 0 -1
1198 3 29 0 -1
1199 2 9 -1 0
1200 24 37 0 -1
1201 85 36 0 1
1202 29 34 1 0
1203 9 18 1 0
1204 49 30 0 -1
1205 24 23 -1 0
1206 27 13 -1 0
1207 32 12 1 0
1208 21 33 0 1
1209 97 8 -1 0
1210 21 18 0 1
1211 66 4 1 0
1212 52 39 0 -1
1213 48 16 0 -1
1214 31 38 1 0
1215 37 21 1 0
1216 14 7 -1 0
1217 57 32 0 -1
1218 62 13 -1 0
1219 90 32 0 -1
1220 84 11 0 -1
1221 43 10 0 -1
1222 75 1 0 -1
1223 22 23 1 0
1224 65 14 -1 0
1225 79 2 0 1
1226 86 15 0 1
1227 4 20 1 0
1228 60 25 0 -1
1229 40 16 0 -1
1230 96 12 -1 0
1231 15 10 0 1
1232 31 31 0 1
1233 52 11 0 1
1234 69 22 1 0
1235 79 38 0 -1
1236 82 19 1 0
1237 75 28 -1 0
1238 20 1 1 0
1239 45 13 -1 0
1240 79 2 -1 0
1241 38 16 1 0
1242 91 30 0 1
1243 53 23 0 1
1244 71 16 0 -1
1245 55 36 0 1
1246 2 21 0 1
1247 46 8 0 1
1248 16 31 0 -1
1249 85 5 -1 0
1250 72 34 -1 0
1251 92 1 1 0
1252 29 27 0 1
1253 86 37 0 -1
1254 67 32 1 0
1255 2 18 0 -1
1256 67 25 1 0
1257 0 10 -1 0
1258 15 5 -1 0
1259 99 14 1 0
1260 25 25 0 1
1261 22 4 0 -1
1262 84 25 1 0
1263 62 12 1 0
1264 97 22 0 -1
1265 99 20 0 -1
1266 77 15 1 0
1267 20 3 -1 0
1268 98 33 -1 0
1269 41 16 0 -1
1270 74 34 1 0
1271 15 33 -1 0
1272 21 24 0 1
1273 87 9 0 -1
1274 89 1 -1 0
1275 18 23 0 1
1276 49 27 0 1
1277 37 6 0 -1
1278 59 39 -1 0
1279 79 26 -1 0
1280 70 33 1 0
1281 91 36 -1 0
1282 23 9 0 -1
1283 10 19 0 -1
1284 61 26 0 1
1285 93 22 0 1
1286 26 7 0 -1
1287 2 24 0 -1
1288 70 1 1 0
1289 41 7 0 1
1290 56 22 0 -1
1291 79 20 0 -1
1292 44 15 1 0
1293 49 1 0 -1
1294 37 25 1 0
1295 98 33 0 1
1296 25 27 0 -1
1297 40 3 0 1
1298 83 7 0 1
1299 61 21 0 -1
1300 14 25 0 1
1301 43 23 -1 0
1302 75 16 1 0
1303 59 14 -1 0
1304 16 11 0 -1
1305 28 2 1 0
1306 36 25 0 1
1307 36 29 0 1
1308 55 27 0 -1
1309 38 34 -1 0
1310 53 9 0 -1
1311 6 15 -1 0
1312 44 27 -1 0
1313 15 38 0 -1
1314 48 16 -1 0
1315 43 4 1 0
1316 92 1 0 -1
1317 88 23 -1 0
1318 36 28 0 1
1319 71 6 0 1
1320 41 26 0 1
1321 85 22 1 0
1322 83 3 0 1
1323 84 32 -1 0
1324 25 31 -1 0
1325 18 22 1 0
1326 91 38 0 1
1327 15 0 0 1
1328 22 35 1 0
1329 62 7 1 0
1330 20 35 0 -1
1331 5 24 0 1
1332 85 1 -1 0
1333 96 17 0 1
1334 10 0 0 -1
1335 89 2 1 0
1336 93 5 0 1
1337 42 39 -1 0
1338 10 30 0 -1
1339 5 27 -1 0
1340 65 14 0 -1
1341 37 39 1 0
1342 29 9 -1 0
1343 71 30 0 1
1344 24 36 1 0
1345 32 26 -1 0
1346 4 27 0 1
1347 6 39 1 0
1348 52 27 1 0
1349 7 16 1 0
1350 79 7 1 0
1351 5 27 0 -1
1352 31 30 0 1
1353 51 13 -1 0
1354 8 25 0 1
1355 52 35 0 1
1356 28 14 -1 0
1357 2 24 0 -1
1358 6 1 0 -1
1359 29 5 -1 0
1360 44 27 1 0
1361 42 28 -1 0
1362 49 36 0 -1
1363 16 36 0 -1
1364 73 35 0 -1
1365 9 8 0 -1
1366 76 29 0 -1
1367 7 14 0 1
1368 39 17 0 1
1369 87 2 0 1
1370 44 21 -1 0
1371 38 5 -1 0
1372 26 26 -1 0
1373 78 9 -1 0
1374 96 15 0 1
1375 24 15 -1 0
1376 69 38 0 1
1377 46 16 -1 0
1378 16 5 0 1
1379 0 37 1 0
1380 91 23 1 0
1381 63 12 -1 0
1382 37 3 1 0
1383 72 28 -1 0
1384 89 6 1 0
1385 21 2 0 1
1386 43 38 0 -1
1387 99 26 1 0
1388 6 21 1 0
1389 87 4 -1 0
1390 21 19 0 -1
1391 47 23 0 -1
1392 79 9 1 0
1393 95 0 0 1
1394 39 35 -1 0
1395 26 29 0 1
1396 83 37 0 1
1397 50 39 -1 0
1398 30 2 0 -1
1399 25 19 -1 0
1400 20 30 -1 0
1401 51 16 1 0
1402 96 9 0 1
1403 94 34 1 0
1404 91 4 0 1
1405 8 20 0 -1
1406 19 13 1 0
1407 18 23 0 1
1408 58 0 -1 0
1409 92 11 0 1
1410 59 10 -1 0
1411 79 11 -1 0
1412 87 24 0 -1
1413 12 9 1 0
1414 48 18 0 -1
1415 98 26 0 -1
1416 9 32 0 -1
1417 47 22 0 1
1418 10 1 1 0
1419 95 34 1 0
1420 3 25 -1 0
1421 27 22 -1 0
1422 22 8 0 -1
1423 67 29 0 -1
1424 29 33 1 0
1425 97 14 0 -1
1426 89 36 0 -1
1427 74 20 0 1
1428 77 1 -1 0
1429 58 21 1 0
1430 49 19 0 1
1431 19 31 1 0
1432 46 1 0 1
1433 51 27 -1 0
1434 14 0 0 1
1435 7 13 -1 0
1436 25 24 1 0
1437 94 1 -1 0
1438 39 19 1 0
1439 9 22 1 0
1440 53 1 0 -1
1441 59 6 1 0
1442 60 29 0 1
1443 74 7 0 1
1444 25 36 0 -1
1445 6 13 1 0
1446 45 27 1 0
1447 52 18 0 1
1448 88 27 0 1
1449 67 15 -1 0
1450 80 34 0 1
1451 37 24 -1 0
1452 98 38 1 0
1453 80 27 -1 0
1454 37 35 -1 0
1455 8 16 1 0
1456 2 31 1 0
1457 94 12 1 0
1458 4 33 1 0
1459 11 39 1 0
1460 73 19 -1 0
1461 94 9 0 -1
1462 95 29 1 0
1463 44 21 -1 0
1464 53 23 0 -1
1465 24 9 0 -1
1466 87 30 1 0
1467 64 25 1 0
1468 60 15 0 1
1469 8 3 -1 0
1470 44 32 0 1
1471 88 1 0 -1
1472 8 25 1 0
1473 63 16 0 1
1474 99 22 -1 0
1475 6 17 0 -1
1476 21 8 1 0
1477 8 33 1 0
1478 23 39 0 1
1479 14 37 0 1
1480 53 27 0 1
1481 56 23 0 -1
1482 96 27 1 0
1483 69 19 1 0
1484 19 0 0 -1
1485 27 5 0 -1
1486 52 39 -1 0
1487 9 13 0 1
1488 70 18 -1 0
1489 48 7 -1 0
1490 40 7 0 1
1491 58 39 1 0
1492 17 8 0 1
1493 22 12 1 0
1494 81 21 0 -1
1495 26 3 0 1
1496 38 11 -1 0
1497 53 28 -1 0
1498 21 20 0 1
1499 42 0 -1 0
1500 71 27 -1 0
1501 45 26 0 1
1502 75 32 0 -1
1503 39 34 0 1
1504 20 29 1 0
1505 40 39 0 1
1506 13 12 0 -1
1507 41 39 0 -1
1508 43 28 1 0
1509 84 7 0 -1
1510 9 16 0 1
1511 15 18 1 0
1512 5 38 -1 0
1513 23 23 -1 0
1514 4 19 1 0
1515 49 2 1 0
1516 75 2 -1 0
1517 2 3 0 1
1518 18 8 1 0
1519 48 26 -1 0
1520 67 7 0 1
1521 96 5 -1 0
1522 1 19 0 -1
1523 25 2 0 1
1524 38 37 -1 0
1525 97 8 0 -1
1526 25 3 0 1
1527 17 27 0 -1
1528 31 24 1 0
1529 70 33 0 -1
1530 91 13 0 1
1531 62 18 0 -1
1532 80 23 1 0
1533 55 26 0 -1
1534 29 14 1 0
1535 14 22 1 0
1536 47 14 0 -1
1537 12 30 0 1
1538 12 6 0 1
1539 81 15 -1 0
1540 21 23 1 0
1541 17 33 0 1
1542 86 26 0 -1
1543 83 36 -1 0
1544 46 39 -1 0
1545 94 37 0 1
1546 12 5 -1 0
1547 60 15 0 1
1548 62 6 0 -1
1549 2 38 0 -1
1550 28 35 0 -1
1551 14 28 -1 0
1552 38 14 -1 0
1553 12 19 0 1
1554 37 16 -1 0
1555 24 34 -1 0
1556 25 26 0 -1
1557 43 4 1 0
1558 69 8 0 1
1559 13 1 1 0
1560 2 28 1 0
1561 60 36 0 1
1562 41 39 0 -1
1563 87 36 0 -1
1564 6 7 0 1
1565 60 39 -1 0
1566 3 11 -1 0
1567 86 17 1 0
1568 28 4 -1 0
1569 57 23 0 -1
1570 13 15 1 0
1571 10 31 0 -1
1572 31 24 0 1
1573 10 39 0 -1
1574 91 2 0 -1
1575 85 5 0 1
1576 18 22 1 0
1577 56 1 1 0
1578 13 25 -1 0
1579 4 17 1 0
1580 54 39 1 0
1581 21 30 -1 0
1582 5 36 -1 0
1583 85 20 0 1
1584 87 34 0 -1
1585 5 33 -1 0
1586 18 4 1 0
1587 18 31 0 1
1588 57 29 0 1
1589 37 25 -1 0
1590 48 38 0 -1
1591 94 25 0 -1
1592 79 23 -1 0
1593 42 32 1 0
1594 4 24 1 0
1595 47 4 1 0
1596 20 6 -1 0
1597 12 19 0 -1
1598 72 17 1 0
1599 74 13 1 0
1600 25 3 0 -1
1601 19 22 0 1
1602 6 30 0 -1
1603 6 21 0 1
1604 43 26 0 -1
1605 49 12 -1 0
1606 90 32 -1 0
1607 64 30 0 -1
1608 42 19 -1 0
1609 48 21 -1 0
1610 42 11 -1 0
1611 35 34 0 -1
1612 75 9 0 1
1613 49 34 1 0
1614 40 29 0 -1
1615 51 15 0 1
1616 72 23 0 1
1617 56 4 0 1
1618 57 31 0 -1
1619 23 1 1 0
1620 57 10 0 -1
1621 16 30 0 1
1622 41 6 0 -1
1623 65 10 0 1
1624 27 11 0 -1
1625 81 12 0 -1
1626 69 32 -1 0
1627 11 39 0 1
1628 38 28 -1 0
1629 99 28 -1 0
1630 66 7 0 -1
1631 22 35 -1 0
1632 47 13 -1 0
1633 27 37 -1 0
1634 19 8 0 -1
1635 45 18 0 -1
1636 76 5 0 -1
1637 44 20 0 1
1638 59 6 1 0
1639 27 16 0 -1
1640 18 14 1 0
1641 2 5 0 -1
1642 24 31 1 0
1643 30 33 0 1
1644 23 39 -1 0
1645 24 14 0 -1
1646 52 20 0 -1
1647 88 9 -1 0
1648 42 1 -1 0
1649 56 5 0 -1
1650 32 22 0 -1
1651 43 17 1 0
1652 71 9 -1 0
1653 70 21 0 1
1654 64 6 1 0
1655 23 16 -1 0
1656 44 33 -1 0
1657 45 11 -1 0
1658 27 13 0 -1
1659 83 33 -1 0
1660 21 35 0 1
1661 71 1 0 1
1662 50 36 -1 0
1663 13 7 0 1
1664 23 39 0 1
1665 12 18 1 0
1666 18 19 0 -1
1667 19 16 1 0
1668 21 39 -1 0
1669 39 16 0 -1
1670 69 1 1 0
1671 84 25 1 0
1672 40 10 0 -1
1673 79 27 0 -1
1674 50 11 0 1
1675 96 0 0 -1
1676 93 28 0 -1
1677 71 23 0 1
1678 87 31 0 -1
1679 6 29 0 1
1680 49 1 -1 0
1681 97 15 0 1
1682 21 2 0 -1
1683 15 34 0 -1
1684 41 32 1 0
1685 6 6 0 -1
1686 85 2 0 -1
1687 71 27 1 0
1688 88 5 0 1
1689 23 37 1 0
1690 54 2 -1 0
1691 3 23 0 1
1692 16 32 1 0
1693 59 29 1 0
1694 80 12 1 0
1695 86 12 0 -1
1696 22 25 1 0
1697 35 31 1 0
1698 96 16 -1 0
1699 15 38 0 1
1700 4 28 -1 0
1701 45 19 -1 0
1702 50 14 0 1
1703 91 18 0 -1
1704 18 1 0 1
1705 13 8 1 0
1706 27 30 0 1
1707 44 31 0 1
1708 46 18 1 0
1709 53 29 0 -1
1710 23 28 0 -1
1711 28 1 1 0
1712 43 13 0 -1
1713 97 0 1 0
1714 12 7 0 1
1715 22 23 1 0
1716 39 4 0 -1
1717 39 0 -1 0
1718 41 31 -1 0
1719 46 30 0 1
1720 28 2 0 -1
1721 48 21 1 0
1722 40 9 0 -1
1723 9 0 -1 0
1724 95 36 -1 0
1725 39 5 1 0
1726 27 27 1 0
1727 7 6 0 -1
1728 72 36 -1 0
1729 90 28 0 -1
1730 48 12 1 0
1731 84 10 0 1
1732 49 5 1 0
1733 17 27 1 0
1734 90 11 0 1
1735 25 19 1 0
1736 89 30 0 1
1737 17 20 -1 0
1738 9 8 0 1
1739 96 17 1 0
1740 16 24 1 0
1741 55 17 -1 0
1742 67 4 1 0
1743 24 10 1 0
1744 87 24 -1 0
1745 50 38 1 0
1746 88 28 0 1
1747 68 18 -1 0
1748 29 26 0 1
1749 55 25 0 -1
1750 89 32 -1 0
1751 12 34 0 -1
1752 14 4 -1 0
1753 78 10 0 -1
1754 19 26 0 -1
1755 87 35 -1 0
1756 52 34 0 -1
1757 63 26 0 1
1758 73 23 0 -1
1759 40 30 0 1
1760 91 0 1 0
1761 14 14 1 0
1762 87 22 0 -1
1763 5 6 -1 0
1764 52 38 0 -1
1765 15 14 -1 0
1766 20 10 -1 0
1767 52 6 0 -1
1768 17 30 1 0
1769 25 8 -1 0
1770 26 30 1 0
1771 0 8 0 -1
1772 10 5 0 1
1773 57 29 -1 0
1774 78 25 -1 0
1775 24 38 1 0
1776 16 9 1 0
1777 5 36 0 1
1778 13 25 1 0
1779 49 16 0 -1
1780 51 33 -1 0
1781 20 10 0 -1
1782 46 13 0 1
1783 20 17 0 -1
1784 76 22 0 -1
1785 46 17 1 0
1786 5 32 -1 0
1787 78 17 0 1
1788 69 35 0 -1
1789 0 8 -1 0
1790 42 8 -1 0
1791 71 34 0 -1
1792 8 8 1 0
1793 15 28 -1 0
1794 14 31 -1 0
1795 3 13 1 0
1796 80 31 -1 0
1797 70 4 0 -1
1798 42 0 0 1
1799 54 1 -1 0
1800 9 2 1 0
1801 15 25 1 0
1802 60 23 0 1
1803 47 27 0 -1
1804 48 37 -1 0
1805 52 27 -1 0
1806 99 35 1 0
1807 44 19 0 1
1808 61 24 1 0
1809 26 30 1 0
1810 19 31 -1 0
1811 40 7 0 1
1812 88 9 -1 0
1813 5 19 0 1
1814 5 32 0 -1
1815 74 9 -1 0
1816 40 6 0 -1
1817 49 35 1 0
1818 95 32 0 1
1819 19 31 -1 0
1820 99 39 0 1
1821 78 33 0 1
1822 40 3 1 0
1823 39 8 1 0
1824 70 24 0 -1
1825 10 2 -1 0
1826 10 21 0 1
1827 13 22 0 -1
1828 94 8 0 1
1829 19 16 0 1
1830 70 11 -1 0
1831 77 36 -1 0
1832 42 8 0 1
1833 70 26 -1 0
1834 82 31 1 0
1835 66 17 0 1
1836 22 25 1 0
1837 16 17 0 1
1838 13 29 0 -1
1839 69 23 1 0
1840 52 14 -1 0
1841 39 23 1 0
1842 12 39 -1 0
1843 80 1 -1 0
1844 24 11 0 -1
1845 58 34 1 0
1846 92 14 1 0
1847 20 33 0 1
1848 85 35 -1 0
1849 46 25 0 -1
1850 2 4 -1 0
1851 95 7 -1 0
1852 23 23 1 0
1853 85 32 -1 0
1854 44 18 0 -1
1855 15 10 -1 0
1856 67 26 0 1
1857 88 3 0 -1
1858 69 16 1 0
1859 26 0 0 -1
1860 88 31 -1 0
1861 36 35 0 -1
1862 94 22 0 1
1863 98 17 0 -1
1864 42 6 0 1
1865 26 3 0 1
1866 8 17 1 0
1867 82 29 0 1
1868 86 39 0 -1
1869 22 17 0 1
1870 37 27 -1 0
1871 45 26 0 -1
1872 96 23 0 1
1873 39 32 0 -1
1874 6 0 -1 0
1875 99 3 1 0
1876 32 26 1 0
1877 85 21 -1 0
1878 65 16 0 -1
1879 63 12 0 -1
1880 45 30 0 -1
1881 38 20 -1 0
1882 81 27 -1 0
1883 26 1 1 0
1884 17 36 1 0
1885 38 4 1 0
1886 37 15 -1 0
1887 19 32 -1 0
1888 82 31 1 0
1889 30 34 1 0
1890 8 23 -1 0
1891 87 8 0 1
1892 27 26 0 1
1893 34 31 0 1
1894 21 13 -1 0
1895 45 24 1 0
1896 73 3 1 0
1897 69 20 0 -1
1898 54 8 -1 0
1899 46 3 0 -1
1900 13 33 -1 0
1901 3 38 0 -1
1902 20 8 -1 0
1903 29 20 0 1
1904 15 8 0 -1
1905 52 19 0 1
1906 90 31 -1 0
1907 9 1 1 0
1908 11 12 0 1
1909 15 8 0 1
1910 63 4 1 0
1911 15 12 0 -1
1912 5 5 -1 0
1913 20 6 1 0
1914 25 21 1 0
1915 19 17 0 1
1916 20 16 -1 0
1917 45 8 0 -1
1918 48 20 1 0
1919 48 7 -1 0
1920 39 15 0 -1
1921 15 23 1 0
1922 95 38 0 1
1923 40 9 1 0
1924 45 33 -1 0
1925 44 11 1 0
1926 24 12 0 -1
1927 68 6 0 1
1928 51 4 0 -1
1929 91 36 0 -1
1930 97 13 0 -1
1931 88 11 0 -1
1932 20 22 0 1
1933 42 25 -1 0
1934 31 11 0 -1
1935 23 21 0 1
1936 76 4 0 -1
1937 47 13 1 0
1938 26 36 1 0
1939 20 6 0 1
1940 26 4 0 -1
1941 95 39 1 0
1942 22 4 -1 0
1943 24 23 0 -1
1944 54 13 0 -1
1945 53 16 -1 0
1946 24 21 0 -1
1947 83 29 1 0
1948 15 12 0 -1
1949 41 12 0 -1
1950 21 2 1 0
1951 40 5 -1 0
1952 26 12 0 -1
1953 70 25 -1 0
1954 47 13 1 0
1955 43 18 0 1
1956 27 14 0 -1
1957 24 29 -1 0
1958 28 14 1 0
1959 95 5 0 1
1960 96 30 -1 0
1961 1 8 1 0
1962 67 4 1 0
1963 72 20 0 1
1964 35 7 0 -1
1965 20 10 -1 0
1966 92 38 1 0
1967 10 9 0 -1
1968 17 21 0 -1
1969 98 13 0 1
1970 77 10 0 1
1971 0 28 1 0
1972 90 30 0 1
1973 5 3 0 1
1974 89 37 0 1
1975 97 39 -1 0
1976 62 11 0 -1
1977 16 10 0 1
1978 20 28 1 0
1979 9 24 0 -1
1980 41 35 1 0
1981 62 29 0 1
1982 88 8 1 0
1983 6 4 -1 0
1984 48 7 0 1
1985 42 36 0 1
1986 84 29 1 0
1987 17 17 0 1
1988 8 16 0 -1
1989 76 39 -1 0
1990 22 1 0 1
1991 13 5 -1 0
1992 65 26 1 0
1993 38 13 1 0
1994 10 9 0 -1
1995 25 13 1 0
1996 0 19 -1 0
1997 16 17 -1 0
1998 79 22 -1 0
1999 53 24 0 -1
2000 87 38 -1 0
2001 9 27 -1 0
2002 57 16 1 0
2003 34 24 0 -1
2004 97 14 1 0
2005 16 8 0 -1
2006 29 39 0 -1
2007 21 35 -1 0
2008 82 7 1 0
2009 59 35 1 0
2010 82 19 1 0
2011 44 12 0 -1
2012 5 6 0 -1
2013 85 16 0 -1
2014 68 32 -1 0
2015 52 37 0 1
2016 28 1 0 -1
2017 83 30 0 1
2018 25 36 0 1
2019 22 15 0 -1
2020 43 9 -1 0
2021 47 31 -1 0
2022 42 9 0 -1
2023 3 18 1 0
2024 53 35 -1 0
2025 88 35 0 -1
2026 27 5 -1 0
2027 5 8 0 -1
2028 21 10 0 -1
2029 27 12 0 1
2030 65 9 0 -1
2031 3 11 1 0
2032 28 1 0 -1
2033 6 22 0 -1
2034 19 14 1 0
2035 39 35 -1 0
2036 26 6 0 1
2037 82 10 0 -1
2038 90 18 0 1
2039 88 27 0 1
2040 94 12 0 -1
2041 65 38 1 0
2042 50 25 0 -1
2043 21 39 0 -1
2044 38 27 1 0
2045 49 21 1 0
2046 57 26 -1 0
2047 16 25 -1 0
2048 97 38 1 0
2049 2 24 0 1
2050 37 27 0 -1
2051 68 35 1 0
2052 24 26 1 0
2053 94 29 0 1
2054 19 25 1 0
2055 94 37 1 0
2056 94 26 0 -1
2057 40 4 1 0
2058 6 27 0 1
2059 49 34 -1 0
2060 48 32 0 1
2061 64 31 -1 0
2062 43 17 1 0
2063 24 1 0 1
2064 44 21 1 0
2065 19 15 -1 0
2066 41 21 1 0
2067 10 28 1 0
2068 16 30 1 0
2069 10 32 -1 0
2070 70 7 0 1
2071 76 19 -1 0
2072 73 35 -1 0
2073 41 12 -1 0
2074 26 15 0 1
2075 49 22 0 -1
2076 78 10 -1 0
2077 17 26 0 1
2078 27 17 0 -1
2079 70 24 0 -1
2080 63 22 1 0
2081 21 27 -1 0
2082 94 38 0 -1
2083 23 25 0 -1
2084 4 12 -1 0
2085 39 2 -1 0
2086 44 35 1 0
2087 47 26 -1 0
2088 2 15 -1 0
2089 41 21 0 1
2090 22 29 1 0
2091 21 39 1 0
2092 18 26 0 1
2093 92 20 1 0
2094 81 7 0 -1
2095 10 37 1 0
2096 97 17 -1 0
2097 17 22 0 1
2098 40 10 1 0
2099 44 10 1 0
2100 29 15 0 1
2101 26 38 1 0
2102 11 26 1 0
2103 27 14 1 0
2104 13 7 1 0
2105 74 2 1 0
2106 87 2 0 -1
2107 53 3 0 -1
2108 94 16 -1 0
2109 46 29 -1 0
2110 16 28 1 0
2111 99 23 0 -1
2112 7 1 0 1
2113 40 4 -1 0
2114 61 27 -1 0
2115 79 11 1 0
2116 44 31 -1 0
2117 38 25 0 1
2118 87 3 0 1
2119 75 36 -1 0
2120 74 26 -1 0
2121 84 14 0 -1
2122 94 13 0 1
2123 80 20 -1 0
2124 54 36 0 1
2125 6 3 1 0
2126 44 28 0 1
2127 41 7 1 0
2128 99 6 -1 0
2129 25 2 -1 0
2130 52 11 -1 0
2131 20 3 -1 0
2132 26 28 0 -1
2133 38 1 0 -1
2134 93 8 -1 0
2135 97 31 1 0
2136 22 26 0 1
2137 0 0 1 0
2138 40 14 0 -1
2139 48 17 1 0
2140 78 33 1 0
2141 82 39 1 0
2142 40 21 1 0
2143 78 20 0 -1
2144 27 1 0 -1
2145 23 22 0 -1
2146 19 12 0 -1
2147 47 33 -1 0
2148 94 7 1 0
2149 77 22 0 1
2150 13 25 0 1
2151 22 7 0 -1
2152 98 37 0 1
2153 94 36 1 0
2154 43 9 0 1
2155 42 2 -1 0
2156 22 3 0 -1
2157 87 29 -1 0
2158 40 39 1 0
2159 92 38 -1 0
2160 58 17 -1 0
2161 7 15 1 0
2162 25 36 0 -1
2163 19 36 0 -1
2164 82 17 -1 0
2165 71 27 0 1
2166 95 30 0 1
2167 18 14 0 1
2168 40 9 0 -1
2169 29 37 0 -1
2170 93 8 0 1
2171 24 38 1 0
2172 70 33 0 -1
2173 65 33 0 -1
2174 50 14 0 1
2175 19 23 0 1
2176 94 7 -1 0
2177 0 38 1 0
2178 84 26 1 0
2179 26 23 0 -1
2180 27 6 -1 0
2181 93 8 -1 0
2182 24 6 0 -1
2183 97 14 1 0
2184 15 0 -1 0
2185 57 37 -1 0
2186 10 30 1 0
2187 26 20 1 0
2188 65 33 0 1
2189 52 8 -1 0
2190 55 3 1 0
2191 61 29 1 0
2192 60 6 0 1
2193 87 18 0 1
2194 67 34 0 1
2195 23 33 0 1
2196 78 8 0 -1
2197 21 24 0 -1
2198 11 37 0 1
2199 45 10 0 1
2200 45 9 0 1
2201 8 0 0 -1
2202 97 3 0 1
2203 46 1 0 -1
2204 92 28 1 0
2205 23 3 0 1
2206 15 7 1 0
2207 54 34 0 1
2208 67 0 0 -1
2209 42 36 1 0
2210 24 9 -1 0
2211 17 27 0 -1
2212 50 39 0 -1
2213 30 22 1 0
2214 2 17 0 -1
2215 39 28 0 1
2216 45 25 0 1
2217 27 35 -1 0
2218 80 22 1 0
2219 48 16 1 0
2220 17 38 1 0
2221 20 16 0 1
2222 35 4 0 -1
2223 19 21 1 0
2224 9 25 -1 0
2225 64 6 0 1
2226 7 28 0 -1
2227 55 29 -1 0
2228 7 1 0 -1
2229 24 10 0 1
2230 20 26 0 -1
2231 62 2 0 -1
2232 24 1 1 0
2233 56 28 1 0
2234 87 31 1 0
2235 20 34 -1 0
2236 44 12 0 -1
2237 47 9 0 -1
2238 31 36 -1 0
2239 45 1 0 1
2240 51 37 1 0
2241 3 27 1 0
2242 98 20 1 0
2243 22 3 0 1
2244 16 34 0 -1
2245 52 9 -1 0
2246 9 8 -1 0
2247 72 0 -1 0
2248 23 26 0 1
2249 53 39 0 -1
2250 15 15 0 1
2251 4 29 1 0
2252 38 3 1 0
2253 29 15 -1 0
2254 98 28 -1 0
2255 11 38 1 0
2256 69 7 0 -1
2257 16 38 0 -1
2258 3 10 1 0
2259 14 4 1 0
2260 43 26 0 -1
2261 72 36 1 0
2262 44 13 0 -1
2263 82 20 0 -1
2264 55 37 0 1
2265 14 32 0 -1
2266 58 35 0 -1
2267 44 8 -1 0
2268 4 14 0 -1
2269 5 14 1 0
2270 30 10 1 0
2271 50 2 -1 0
2272 62 27 -1 0
2273 38 30 1 0
2274 15 34 -1 0
2275 40 21 -1 0
2276 96 19 0 -1
2277 20 33 0 1
2278 26 23 0 1
2279 47 38 0 -1
2280 21 25 -1 0
2281 53 25 -1 0
2282 71 6 1 0
2283 8 18 -1 0
2284 42 28 0 1
2285 49 19 0 1
2286 95 11 1 0
2287 45 1 0 -1
2288 85 11 0 -1
2289 48 29 -1 0
2290 28 8 0 1
2291 9 31 -1 0
2292 51 16 0 1
2293 17 32 1 0
2294 25 26 0 1
2295 47 16 0 -1
2296 68 21 0 -1
2297 57 23 -1 0
2298 24 20 0 1
2299 49 15 1 0
2300 21 16 0 -1
2301 44 17 0 1
2302 53 15 1 0
2303 21 26 0 1
2304 34 37 1 0
2305 19 13 -1 0
2306 41 1 -1 0
2307 20 32 -1 0
2308 44 27 0 -1
2309 58 17 0 1
2310 2 0 0 1
2311 22 22 0 1
2312 41 16 0 1
2313 92 12 -1 0
2314 24 2 0 1
2315 8 19 -1 0
2316 19 14 -1 0
2317 52 29 -1 0
2318 21 7 0 1
2319 25 33 0 1
2320 43 36 1 0
2321 13 32 1 0
2322 0 14 1 0
2323 44 0 -1 0
2324 6 2 -1 0
2325 86 11 0 1
2326 47 27 -1 0
2327 39 20 -1 0
2328 5 31 0 1
2329 97 29 -1 0
2330 63 19 1 0
2331 6 29 1 0
2332 4 20 -1 0
2333 53 19 -1 0
2334 31 8 0 -1
2335 84 9 -1 0
2336 37 22 0 -1
2337 62 14 -1 0
2338 96 31 0 1
2339 45 8 0 1
2340 66 31 1 0
2341 11 11 0 -1
2342 29 14 0 -1
2343 93 5 -1 0
2344 7 4 1 0
2345 18 32 -1 0
2346 95 39 -1 0
2347 24 25 -1 0
2348 8 16 1 0
2349 31 23 1 0
2350 28 24 1 0
2351 53 19 -1 0
2352 59 39 1 0
2353 22 23 0 -1
2354 96 25 -1 0
2355 15 18 0 -1
2356 59 11 0 -1
2357 70 21 0 -1
2358 53 14 -1 0
2359 19 19 0 1
2360 5 23 1 0
2361 38 13 0 -1
2362 25 12 -1 0
2363 23 11 0 -1
2364 1 9 0 1
2365 5 15 1 0
2366 72 6 0 -1
2367 56 14 0 -1
2368 36 18 0 -1
2369 26 17 0 1
2370 16 38 0 -1
2371 74 25 -1 0
2372 12 39 -1 0
2373 0 17 0 1
2374 41 22 -1 0
2375 19 6 0 -1
2376 89 2 0 1
2377 99 8 0 1
2378 75 33 1 0
2379 94 3 1 0
2380 20 37 -1 0
2381 7 25 1 0
2382 41 28 -1 0
2383 15 27 -1 0
2384 24 7 0 1
2385 84 23 1 0
2386 42 27 0 1
2387 19 39 1 0
2388 89 20 0 -1
2389 66 33 0 -1
2390 6 35 1 0
2391 44 24 0 1
2392 74 33 0 -1
2393 80 27 1 0
2394 38 37 0 -1
2395 19 14 0 1
2396 73 9 1 0
2397 11 0 -1 0
2398 69 11 0 1
2399 30 9 -1 0
2400 72 11 -1 0
2401 23 17 1 0
2402 72 5 0 -1
2403 26 1 0 1
2404 52 32 0 -1
2405 52 14 0 -1
2406 25 39 1 0
2407 50 17 0 -1
2408 6 31 0 -1
2409 20 13 1 0
2410 83 35 1 0
2411 50 4 1 0
2412 54 19 1 0
2413 25 5 1 0
2414 18 16 0 -1
2415 15 38 1 0
2416 65 9 0 -1
2417 58 38 0 -1
2418 92 26 1 0
2419 71 25 -1 0
2420 22 24 1 0
2421 41 11 -1 0
2422 77 13 1 0
2423 81 14 -1 0
2424 36 8 1 0
2425 18 36 1 0
2426 10 8 0 1
2427 13 30 0 -1
2428 18 9 -1 0
2429 55 22 0 1
2430 22 32 0 1
2431 40 3 -1 0
2432 15 29 -1 0
2433 90 36 0 1
2434 63 35 1 0
2435 80 4 0 -1
2436 17 34 0 -1
2437 5 34 0 -1
2438 48 20 0 1
2439 6 17 0 -1
2440 29 38 0 1
2441 14 11 0 -1
2442 62 0 1 0
2443 29 38 -1 0
2444 57 34 1 0
2445 26 34 1 0
2446 74 2 -1 0
2447 29 6 1 0
2448 23 32 0 1
2449 74 25 -1 0
2450 56 22 0 -1
2451 42 2 -1 0
2452 29 31 -1 0
2453 66 3 0 -1
2454 18 32 0 -1
2455 70 20 -1 0
2456 87 36 1 0
2457 24 3 1 0
2458 23 20 1 0
2459 92 22 0 1
2460 71 7 0 -1
2461 19 19 0 1
2462 8 32 -1 0
2463 24 23 0 1
2464 76 34 0 -1
2465 37 6 0 1
2466 8 9 1 0
2467 47 11 1 0
2468 8 25 0 -1
2469 26 36 0 -1
2470 70 22 -1 0
2471 0 14 0 -1
2472 89 29 1 0
2473 23 24 -1 0
2474 36 16 0 -1
2475 48 23 -1 0
2476 66 31 0 -1
2477 92 25 1 0
2478 66 24 -1 0
2479 70 23 -1 0
2480 95 10 1 0
2481 28 25 0 -1
2482 96 38 0 1
2483 11 15 1 0
2484 52 0 -1 0
2485 86 31 -1 0
2486 97 0 -1 0
2487 48 37 0 -1
2488 97 9 0 -1
2489 61 18 0 1
2490 74 5 0 -1
2491 67 39 0 -1
2492 45 21 1 0
2493 48 24 1 0
2494 21 9 0 1
2495 24 22 0 1
2496 62 31 -1 0
2497 58 24 0 -1
2498 15 26 1 0
2499 32 27 1 0
2500 53 16 0 1
2501 57 4 1 0
2502 45 5 1 0
2503 3 13 -1 0
2504 23 28 1 0
2505 10 35 -1 0
2506 76 29 0 1
2507 56 14 -1 0
2508 17 32 -1 0
2509 63 38 -1 0
2510 43 26 0 1
2511 89 16 -1 0
2512 19 33 0 1
2513 80 30 1 0
2514 82 15 1 0
2515 9 6 1 0
2516 42 24 -1 0
2517 54 39 -1 0
2518 83 5 0 -1
2519 49 25 -1 0
2520 89 19 1 0
2521 61 13 0 1
2522 70 1 0 1
2523 28 30 -1 0
2524 19 34 1 0
2525 45 10 -1 0
2526 1 20 1 0
2527 37 12 -1 0
2528 24 12 1 0
2529 28 14 0 -1
2530 39 29 0 1
2531 83 6 1 0
2532 15 32 -1 0
2533 61 18 0 -1
2534 93 37 0 -1
2535 42 25 1 0
2536 89 3 1 0
2537 41 17 -1 0
2538 37 19 0 -1
2539 9 4 0 -1
2540 44 39 0 1
2541 56 0 0 1
2542 49 17 0 -1
2543 87 5 0 1
2544 80 7 1 0
2545 67 36 0 1
2546 96 15 0 1
2547 88 0 1 0
2548 87 4 1 0
2549 74 27 1 0
2550 32 8 0 1
2551 83 11 1 0
2552 8 33 0 -1
2553 42 4 1 0
2554 0 35 -1 0
2555 44 9 0 -1
2556 2 3 0 -1
2557 53 31 -1 0
2558 88 29 0 -1
2559 67 5 1 0
2560 27 31 0 1
2561 20 17 -1 0
2562 21 22 0 -1
2563 23 26 0 -1
2564 57 0 1 0
2565 9 29 0 -1
2566 19 22 -1 0
2567 30 26 1 0
2568 51 25 1 0
2569 34 36 0 1
2570 39 29 0 1
2571 16 37 0 1
2572 23 31 1 0
2573 11 22 0 1
2574 1 34 1 0
2575 24 16 1 0
2576 85 29 0 -1
2577 60 8 -1 0
2578 90 5 1 0
2579 9 20 1 0
2580 45 17 1 0
2581 19 35 0 1
2582 96 39 -1 0
2583 36 2 1 0
2584 76 8 1 0
2585 16 39 0 -1
2586 65 4 0 -1
2587 8 33 -1 0
2588 95 37 0 -1
2589 47 39 1 0
2590 1 5 -1 0
2591 49 18 -1 0
2592 61 0 1 0
2593 6 28 -1 0
2594 9 21 0 1
2595 37 16 0 -1
2596 52 13 0 -1
2597 25 31 1 0
2598 92 16 -1 0
2599 20 3 1 0
2600 98 27 -1 0
2601 74 6 1 0
2602 96 18 0 -1
2603 61 33 0 -1
2604 84 3 1 0
2605 15 22 0 1
2606 78 19 -1 0
2607 94 21 1 0
2608 62 8 -1 0
2609 13 37 1 0
2610 79 32 -1 0
2611 82 26 0 -1
2612 90 0 0 -1
2613 21 6 -1 0
2614 10 29 1 0
2615 94 22 -1 0
2616 20 39 1 0
2617 6 15 1 0
2618 22 34 0 1
2619 93 0 0 1
2620 8 3 -1 0
2621 21 9 1 0
2622 55 5 1 0
2623 8 10 0 1
2624 88 4 0 -1
2625 10 31 0 1
2626 20 5 -1 0
2627 42 8 1 0
2628 1 10 0 1
2629 81 23 0 -1
2630 18 28 -1 0
2631 63 3 0 1
2632 98 15 0 -1
2633 18 21 1 0
2634 76 29 0 -1
2635 29 10 -1 0
2636 22 34 -1 0
2637 41 15 0 1
2638 18 27 1 0
2639 1 34 -1 0
2640 68 32 1 0
2641 35 33 -1 0
2642 93 29 1 0
2643 96 2 0 -1
2644 41 18 1 0
2645 94 35 -1 0
2646 53 32 0 -1
2647 88 13 0 -1
2648 18 2 0 1
2649 75 16 1 0
2650 47 22 -1 0
2651 52 10 0 1
2652 37 14 1 0
2653 7 27 1 0
2654 41 0 0 1
2655 2 23 -1 0
2656 39 34 0 1
2657 44 1 1 0
2658 54 5 0 -1
2659 26 1 1 0
2660 34 30 0 -1
2661 24 26 0 -1
2662 88 19 0 -1
2663 84 39 -1 0
2664 38 35 -1 0
2665 16 25 1 0
2666 97 4 0 -1
2667 17 31 1 0
2668 19 7 0 1
2669 3 20 0 1
2670 62 26 -1 0
2671 19 8 -1 0
2672 49 8 0 1
2673 75 15 0 1
2674 76 27 0 1
2675 97 31 1 0
2676 48 18 0 1
2677 79 8 0 -1
2678 3 12 1 0
2679 47 25 -1 0
2680 91 36 0 1
2681 84 20 -1 0
2682 8 7 0 1
2683 10 11 -1 0
2684 48 13 -1 0
2685 10 22 1 0
2686 7 25 1 0
2687 24 6 -1 0
2688 4 37 0 1
2689 12 37 0 1
2690 71 23 -1 0
2691 85 3 -1 0
2692 1 36 0 1
2693 59 13 0 1
2694 54 31 0 -1
2695 61 31 0 -1
2696 65 5 1 0
2697 24 35 0 1
2698 95 9 1 0
2699 48 12 0 1
2700 51 3 0 1
2701 85 16 1 0
2702 86 31 0 1
2703 21 38 1 0
2704 30 5 -1 0
2705 43 11 0 -1
2706 92 21 1 0
2707 53 1 1 0
2708 38 6 0 -1
2709 1 36 0 -1
2710 18 12 0 -1
2711 45 18 0 -1
2712 98 2 0 1
2713 27 10 1 0
2714 85 25 -1 0
2715 51 4 -1 0
2716 42 30 0 -1
2717 68 8 0 1
2718 67 23 1 0
2719 11 25 -1 0
2720 82 13 0 1
2721 76 32 0 1
2722 46 7 -1 0
2723 74 20 0 -1
2724 14 19 1 0
2725 69 36 0 1
2726 43 12 -1 0
2727 8 8 1 0
2728 22 37 0 -1
2729 6 38 1 0
2730 76 22 -1 0
2731 23 35 -1 0
2732 53 32 0 1
2733 13 18 0 1
2734 19 24 0 -1
2735 28 10 1 0
2736 1 14 0 1
2737 97 19 1 0
2738 42 12 1 0
2739 72 11 -1 0
2740 0 37 1 0
2741 82 28 0 -1
2742 78 8 1 0
2743 5 9 -1 0
2744 62 17 0 -1
2745 27 23 1 0
2746 99 12 1 0
2747 63 21 0 -1
2748 90 19 1 0
2749 14 35 1 0
2750 37 12 0 1
2751 9 22 0 -1
2752 18 38 0 -1
2753 7 29 0 -1
2754 5 15 0 -1
2755 24 27 -1 0
2756 6 29 -1 0
2757 69 21 0 -1
2758 96 34 -1 0
2759 42 26 0 1
2760 23 11 0 1
2761 0 33 0 1
2762 54 3 1 0
2763 63 10 -1 0
2764 39 38 -1 0
2765 1 24 0 1
2766 87 1 1 0
2767 19 13 0 1
2768 60 37 -1 0
2769 21 29 0 1
2770 17 22 0 1
2771 44 17 -1 0
2772 86 18 -1 0
2773 42 7 -1 0
2774 86 28 0 1
2775 49 5 -1 0
2776 43 14 -1 0
2777 39 10 1 0
2778 46 30 0 -1
2779 82 34 0 -1
2780 57 32 0 -1
2781 47 6 0 1
2782 45 14 -1 0
2783 95 37 -1 0
2784 9 32 -1 0
2785 83 5 0 1
2786 50 26 1 0
2787 40 8 0 1
2788 13 29 0 -1
2789 51 5 0 -1
2790 81 8 0 1
2791 60 10 0 1
2792 42 23 0 1
2793 48 13 -1 0
2794 76 36 1 0
2795 1 14 -1 0
2796 96 36 0 1
2797 0 10 1 0
2798 8 31 -1 0
2799 23 22 0 1
2800 93 2 0 -1
2801 5 29 1 0
2802 54 10 0 1
2803 97 32 -1 0
2804 53 19 -1 0
2805 6 0 0 1
2806 19 25 0 1
2807 20 33 0 1
2808 45 26 0 -1
2809 94 38 0 -1
2810 44 31 -1 0
2811 69 10 1 0
2812 58 39 -1 0
2813 31 14 1 0
2814 48 13 0 -1
2815 17 9 0 -1
2816 27 22 1 0
2817 5 17 -1 0
2818 85 1 1 0
2819 76 15 -1 0
2820 18 16 1 0
2821 38 23 0 1
2822 79 29 -1 0
2823 87 4 0 1
2824 0 34 1 0
2825 43 25 0 1
2826 51 29 1 0
2827 40 17 1 0
2828 74 37 -1 0
2829 40 13 -1 0
2830 58 4 0 1
2831 30 30 0 -1
2832 8 14 0 -1
2833 77 0 -1 0
2834 47 18 1 0
2835 14 17 1 0
2836 39 38 0 1
2837 63 18 -1 0
2838 37 34 -1 0
2839 67 7 0 1
2840 90 1 1 0
2841 66 9 -1 0
2842 36 14 -1 0
2843 11 16 -1 0
2844 84 6 -1 0
2845 50 12 0 -1
2846 43 33 1 0
2847 29 26 -1 0
2848 23 36 0 -1
2849 57 22 0 -1
2850 39 24 0 -1
2851 52 4 0 1
2852 24 32 1 0
2853 39 13 0 -1
2854 97 35 1 0
2855 44 0 0 1
2856 46 5 1 0
2857 92 3 0 -1
2858 84 15 1 0
2859 29 5 1 0
2860 86 38 1 0
2861 98 27 0 -1
2862 16 2 1 0
2863 17 0 -1 0
2864 26 16 0 1
2865 93 17 0 -1
2866 96 23 0 1
2867 67 1 -1 0
2868 1 24 1 0
2869 46 32 0 -1
2870 48 30 0 1
2871 42 35 -1 0
2872 40 10 0 -1
2873 89 10 -1 0
2874 77 10 0 -1
2875 7 31 -1 0
2876 2 20 -1 0
2877 42 26 1 0
2878 38 18 1 0
2879 69 14 0 1
2880 97 18 1 0
2881 54 0 -1 0
2882 99 14 -1 0
2883 3 15 -1 0
2884 7 0 1 0
2885 18 24 0 1
2886 2 2 -1 0
2887 91 31 -1 0
2888 22 22 1 0
2889 24 32 0 1
2890 42 9 -1 0
2891 40 27 0 -1
2892 53 34 0 1
2893 25 7 0 -1
2894 59 38 0 1
2895 60 35 1 0
2896 60 27 -1 0
2897 86 12 1 0
2898 87 10 0 1
2899 23 18 0 -1
2900 5 31 0 -1
2901 43 33 0 1
2902 46 15 0 1
2903 57 0 -1 0
2904 65 3 1 0
2905 17 25 1 0
2906 6 33 0 -1
2907 56 31 0 -1
2908 87 7 0 1
2909 40 27 0 -1
2910 88 19 0 1
2911 74 8 0 1
2912 19 23 0 -1
2913 8 35 0 1
2914 0 1 0 1
2915 88 39 0 1
2916 31 0 0 1
2917 25 11 1 0
2918 16 14 -1 0
2919 83 25 0 -1
2920 75 26 1 0
2921 42 30 1 0
2922 86 28 0 1
2923 99 32 -1 0
2924 27 37 -1 0
2925 3 20 1 0
2926 38 13 0 1
2927 15 1 0 1
2928 54 0 1 0
2929 95 2 1 0
2930 2 36 -1 0
2931 7 24 1 0
2932 20 4 -1 0
2933 50 0 -1 0
2934 39 30 1 0
2935 86 38 0 -1
2936 47 35 0 -1
2937 10 6 -1 0
2938 99 34 -1 0
2939 99 13 0 -1
2940 20 17 -1 0
2941 51 9 -1 0
2942 83 11 -1 0
2943 1 23 -1 0
2944 88 1 -1 0
2945 43 32 0 -1
2946 80 24 0 -1
2947 59 30 0 -1
2948 90 14 1 0
2949 90 21 1 0
2950 0 27 0 1
2951 42 31 1 0
2952 51 23 0 -1
2953 96 17 -1 0
2954 72 2 -1 0
2955 29 28 -1 0
2956 6 2 1 0
2957 9 24 1 0
2958 62 20 0 -1
2959 50 7 0 1
2960 43 11 -1 0
2961 29 20 0 1
2962 65 21 1 0
2963 89 28 1 0
2964 27 9 0 1
2965 43 18 0 -1
2966 70 7 0 -1
2967 20 22 1 0
2968 45 37 0 1
2969 20 14 -1 0
2970 48 4 -1 0
2971 72 18 -1 0
2972 10 31 -1 0
2973 81 12 -1 0
2974 58 13 -1 0
2975 49 0 1 0
2976 12 6 1 0
2977 18 34 1 0
2978 82 7 0 1
2979 89 19 0 1
2980 72 4 0 -1
2981 42 36 1 0
2982 46 35 0 -1
2983 43 28 0 -1
2984 17 0 0 -1
2985 61 12 0 1
2986 3 30 0 1
2987 39 6 1 0
2988 18 3 1 0
2989 52 14 -1 0
2990 27 30 -1 0
2991 54 32 1 0
2992 19 24 0 1
2993 59 33 -1 0
2994 49 19 0 -1
2995 69 4 0 -1
2996 28 16 0 1
2997 43 16 1 0
2998 14 19 -1 0
2999 81 5 0 -1
3000 90 13 0 -1
3001 85 9 0 -1
3002 81 22 1 0
3003 60 7 1 0
3004 16 10 0 -1
3005 37 39 0 -1
3006 4 2 0 -1
3007 97 37 0 1
3008 85 4 1 0
3009 85 13 -1 0
3010 9 12 -1 0
3011 76 26 -1 0
3012 59 32 0 1
3013 75 9 -1 0
3014 83 20 0 -1
3015 73 31 0 -1
3016 22 16 0 1
3017 58 5 1 0
3018 89 24 0 -1
3019 45 27 -1 0
3020 97 4 0 -1
3021 4 3 1 0
3022 95 3 0 1
3023 30 0 1 0
3024 84 25 -1 0
3025 45 4 1 0
3026 42 27 0 1
3027 1 6 0 1
3028 47 37 1 0
3029 25 37 0 1
3030 10 22 0 1
3031 44 20 -1 0
3032 1 2 0 -1
3033 95 25 0 1
3034 12 2 0 -1
3035 47 3 1 0
3036 60 14 -1 0
3037 11 2 0 -1
3038 43 25 0 1
3039 5 32 1 0
3040 5 9 -1 0
3041 76 32 -1 0
3042 26 14 1 0
3043 38 23 0 1
3044 40 31 -1 0
3045 56 26 0 1
3046 16 13 0 -1
3047 0 12 -1 0
3048 96 38 1 0
3049 62 38 -1 0
3050 11 18 -1 0
3051 46 34 1 0
3052 96 36 1 0
3053 1 34 0 -1
3054 41 34 1 0
3055 21 21 -1 0
3056 7 25 1 0
3057 14 3 1 0
3058 92 34 1 0
3059 91 17 -1 0
3060 7 21 0 -1
3061 39 21 1 0
3062 86 37 0 1
3063 84 7 1 0
3064 96 26 0 -1
3065 6 16 1 0
3066 22 9 0 -1
3067 4 19 0 1
3068 25 34 1 0
3069 97 16 -1 0
3070 50 33 0 -1
3071 84 22 0 -1
3072 76 18 -1 0
3073 68 11 -1 0
3074 72 19 1 0
3075 84 12 1 0
3076 83 19 0 -1
3077 13 16 -1 0
3078 15 4 -1 0
3079 11 21 0 1
3080 99 26 0 1
3081 69 20 0 -1
3082 48 15 0 1
3083 19 9 0 -1
3084 96 38 0 1
3085 31 22 0 1
3086 70 34 1 0
3087 82 2 0 1
3088 68 12 1 0
3089 30 17 0 -1
3090 79 19 -1 0
3091 89 11 0 1
3092 42 32 -1 0
3093 13 16 -1 0
3094 61 4 0 1
3095 48 32 0 1
3096 97 16 -1 0
3097 36 32 0 -1
3098 90 3 1 0
3099 6 27 1 0
3100 53 34 -1 0
3101 36 38 0 1
3102 89 30 0 1
3103 86 17 0 -1
3104 71 29 0 -1
3105 93 25 -1 0
3106 14 27 -1 0
3107 24 16 0 1
3108 59 0 1 0
3109 42 34 1 0
3110 18 13 -1 0
3111 21 17 1 0
3112 62 0 0 1
3113 46 22 0 -1
3114 70 37 1 0
3115 49 12 0 -1
3116 41 39 0 -1
3117 9 1 0 -1
3118 46 35 0 -1
3119 18 20 0 1
3120 47 0 -1 0
3121 45 15 -1 0
3122 14 30 0 -1
3123 20 26 0 -1
3124 3 24 -1 0
3125 25 26 -1 0
3126 48 4 -1 0
3127 38 15 1 0
3128 22 27 0 -1
3129 17 36 1 0
3130 26 35 0 -1
3131 1 33 -1 0
3132 97 11 0 1
3133 88 7 -1 0
3134 40 35 0 -1
3135 48 10 0 -1
3136 97 25 -1 0
3137 43 11 -1 0
3138 22 38 0 -1
3139 85 10 1 0
3140 1 24 1 0
3141 41 27 0 -1
3142 25 15 0 -1
3143 6 12 0 -1
3144 1 25 0 -1
3145 26 5 -1 0
3146 23 11 0 -1
3147 18 27 -1 0
3148 23 37 0 -1
3149 6 24 0 1
3150 32 27 0 -1
3151 84 24 0 -1
3152 41 11 0 -1
3153 23 4 0 1
3154 37 16 0 1
3155 92 24 0 1
3156 23 2 -1 0
3157 28 18 -1 0
3158 43 38 0 -1
3159 11 2 -1 0
3160 43 24 0 -1
3161 12 15 -1 0
3162 45 11 0 -1
3163 28 31 1 0
3164 71 1 0 1
3165 95 16 -1 0
3166 9 20 0 -1
3167 47 14 -1 0
3168 27 0 -1 0
3169 75 11 -1 0
3170 7 12 -1 0
3171 14 23 1 0
3172 13 27 0 1
3173 16 26 0 -1
3174 49 13 -1 0
3175 39 24 0 1
3176 47 14 0 -1
3177 98 13 1 0
3178 44 6 1 0
3179 94 25 0 -1
3180 20 21 1 0
3181 12 27 -1 0
3182 23 1 0 -1
3183 7 2 -1 0
3184 0 20 1 0
3185 16 25 0 1
3186 22 21 0 1
3187 37 22 -1 0
3188 47 8 -1 0
3189 46 26 -1 0
3190 89 38 1 0
3191 94 6 1 0
3192 88 9 0 1
3193 99 32 1 0
3194 76 28 1 0
3195 42 31 1 0
3196 4 30 0 1
3197 86 31 -1 0
3198 1 18 1 0
3199 64 36 1 0
3200 97 35 0 -1
3201 5 20 1 0
3202 4 11 1 0
3203 87 37 0 -1
3204 50 1 0 1
3205 52 37 -1 0
3206 67 39 -1 0
3207 79 22 0 -1
3208 1 19 1 0
3209 16 2 1 0
3210 96 25 1 0
3211 50 34 0 1
3212 22 32 -1 0
3213 19 18 0 1
3214 18 28 0 -1
3215 29 30 -1 0
3216 17 32 0 1
3217 24 16 0 1
3218 15 3 1 0
3219 43 36 0 1
3220 21 4 1 0
3221 40 38 0 1
3222 43 25 0 -1
3223 83 25 0 -1
3224 97 38 1 0
3225 65 22 1 0
3226 99 31 1 0
3227 22 22 0 1
3228 0 6 0 1
3229 17 34 0 1
3230 51 20 1 0
3231 77 11 1 0
3232 63 17 0 -1
3233 42 15 -1 0
3234 66 8 0 1
3235 14 20 0 -1
3236 60 8 -1 0
3237 43 22 0 1
3238 19 4 -1 0
3239 0 32 0 1
3240 49 31 0 1
3241 43 37 0 1
3242 97 8 0 1
3243 7 0 1 0
3244 18 22 1 0
3245 90 2 0 -1
3246 70 38 -1 0
3247 71 21 -1 0
3248 85 2 0 1
3249 75 16 -1 0
3250 94 27 0 1
3251 31 7 0 -1
3252 88 6 1 0
3253 81 16 0 -1
3254 22 8 -1 0
3255 36 24 1 0
3256 92 25 0 1
3257 68 25 0 -1
3258 18 16 0 1
3259 59 22 0 -1
3260 83 4 0 1
3261 1 4 -1 0
3262 48 6 -1 0
3263 89 14 0 -1
3264 20 35 -1 0
3265 46 31 0 -1
3266 27 19 0 -1
3267 98 0 0 1
3268 53 33 -1 0
3269 46 7 0 1
3270 8 23 1 0
3271 51 23 0 1
3272 40 31 -1 0
3273 5 11 0 -1
3274 52 0 0 -1
3275 67 37 -1 0
3276 51 17 0 -1
3277 92 15 1 0
3278 36 20 0 -1
3279 88 22 0 1
3280 91 3 -1 0
3281 70 23 0 -1
3282 95 16 0 1
3283 53 1 0 -1
3284 57 26 0 1
3285 5 33 -1 0
3286 99 9 -1 0
3287 68 11 0 -1
3288 38 20 0 1
3289 46 6 1 0
3290 73 12 0 1
3291 20 11 0 1
3292 23 21 -1 0
3293 45 25 -1 0
3294 41 29 1 0
3295 30 31 0 -1
3296 86 9 0 1
3297 28 37 1 0
3298 39 1 -1 0
3299 7 16 -1 0
3300 15 29 1 0
3301 20 23 1 0
3302 9 14 -1 0
3303 26 19 0 1
3304 26 35 -1 0
3305 81 20 1 0
3306 44 22 1 0
3307 5 2 0 -1
3308 85 15 0 1
3309 78 3 0 1
3310 27 32 1 0
3311 88 34 0 -1
3312 84 30 1 0
3313 82 30 0 -1
3314 60 15 1 0
3315 99 9 1 0
3316 20 22 0 1
3317 39 27 1 0
3318 12 19 1 0
3319 38 26 0 -1
3320 89 25 0 1
3321 74 4 1 0
3322 25 13 1 0
3323 20 19 -1 0
3324 96 30 0 -1
3325 66 12 1 0
3326 60 5 1 0
3327 3 22 1 0
3328 2 6 -1 0
3329 84 35 0 -1
3330 46 24 0 -1
3331 96 6 0 -1
3332 11 1 -1 0
3333 48 31 1 0
3334 21 25 0 -1
3335 7 16 0 1
3336 2 10 -1 0
3337 55 36 1 0
3338 61 36 0 -1
3339 3 1 1 0
3340 44 12 0 -1
3341 49 17 0 -1
3342 49 31 0 1
3343 37 11 -1 0
3344 22 24 -1 0
3345 37 7 -1 0
3346 75 8 0 1
3347 51 27 0 1
3348 2 33 0 -1
3349 96 20 0 1
3350 75 10 0 -1
3351 37 26 -1 0
3352 54 15 -1 0
3353 12 7 0 1
3354 35 4 1 0
3355 36 18 1 0
3356 88 32 0 -1
3357 21 38 0 1
3358 26 10 0 -1
3359 91 37 0 -1
3360 57 27 0 1
3361 26 34 1 0
3362 63 26 -1 0
3363 83 37 1 0
3364 54 15 0 1
3365 28 28 0 -1
3366 3 15 1 0
3367 6 3 0 1
3368 25 22 -1 0
3369 93 20 -1 0
3370 90 11 0 -1
3371 92 32 -1 0
3372 0 8 0 -1
3373 96 11 -1 0
3374 84 13 0 -1
3375 88 18 1 0
3376 12 33 1 0
3377 17 25 -1 0
3378 22 8 -1 0
3379 65 29 0 1
3380 1 35 -1 0
3381 27 36 0 -1
3382 10 8 0 -1
3383 21 15 -1 0
3384 39 23 0 1
3385 9 18 0 1
3386 76 1 0 -1
3387 80 22 -1 0
3388 43 4 1 0
3389 72 22 0 -1
3390 47 3 -1 0
3391 26 34 0 -1
3392 47 28 0 -1
3393 88 32 0 -1
3394 25 11 1 0
3395 79 27 0 -1
3396 12 23 1 0
3397 85 35 1 0
3398 89 35 -1 0
3399 96 16 0 -1
3400 17 10 0 1
3401 11 7 1 0
3402 95 12 -1 0
3403 24 9 1 0
3404 20 9 0 1
3405 36 7 0 1
3406 42 17 0 -1
3407 21 32 -1 0
3408 80 21 -1 0
3409 43 27 -1 0
3410 91 13 0 -1
3411 72 23 0 -1
3412 97 11 0 1
3413 56 34 -1 0
3414 15 33 0 -1
3415 80 16 0 -1
3416 23 25 -1 0
3417 77 26 1 0
3418 21 13 -1 0
3419 99 26 1 0
3420 2 31 -1 0
3421 44 30 -1 0
3422 38 24 1 0
3423 43 10 0 1
3424 40 19 0 -1
3425 1 12 1 0
3426 30 35 0 -1
3427 6 33 0 -1
3428 60 19 1 0
3429 46 35 0 -1
3430 11 24 1 0
3431 14 11 0 1
3432 70 31 0 -1
3433 77 31 -1 0
3434 0 39 0 -1
3435 87 21 -1 0
3436 39 6 -1 0
3437 40 2 1 0
3438 4 5 0 1
3439 20 30 0 -1
3440 11 22 0 -1
3441 20 31 1 0
3442 12 16 0 1
3443 22 36 0 1
3444 22 38 1 0
3445 51 19 -1 0
3446 1 11 1 0
3447 30 27 1 0
3448 28 17 -1 0
3449 60 39 0 -1
3450 19 28 -1 0
3451 2 38 -1 0
3452 83 36 -1 0
3453 0 3 1 0
3454 27 21 0 1
3455 17 26 1 0
3456 72 29 0 1
3457 4 17 1 0
3458 47 7 1 0
3459 18 27 1 0
3460 46 11 -1 0
3461 59 17 -1 0
3462 10 23 -1 0
3463 97 4 0 1
3464 58 37 0 1
3465 0 20 -1 0
3466 17 29 0 1
3467 75 19 1 0
3468 29 24 1 0
3469 13 30 0 1
3470 96 25 0 1
3471 30 37 1 0
3472 44 13 1 0
3473 61 3 0 1
3474 35 23 1 0
3475 0 18 -1 0
3476 60 27 0 1
3477 49 23 -1 0
3478 13 26 0 -1
3479 18 8 1 0
3480 45 9 -1 0
3481 81 34 0 -1
3482 54 5 1 0
3483 9 35 -1 0
3484 14 33 0 1
3485 12 35 1 0
3486 63 38 0 -1
3487 15 2 -1 0
3488 5 26 0 1
3489 19 5 -1 0
3490 20 20 0 1
3491 89 23 1 0
3492 97 36 0 1
3493 61 9 -1 0
3494 84 21 1 0
3495 41 10 0 1
3496 44 2 0 1
3497 2 36 -1 0
3498 73 31 0 1
3499 1 38 1 0
3500 9 38 0 1
3501 46 24 -1 0
3502 30 20 -1 0
3503 3 4 1 0
3504 16 6 0 -1
3505 68 14 0 1
3506 19 36 1 0
3507 93 36 1 0
3508 54 3 1 0
3509 16 8 -1 0
3510 84 10 0 1
3511 49 1 0 1
3512 57 15 -1 0
3513 96 28 0 -1
3514 44 11 0 -1
3515 50 5 -1 0
3516 81 3 -1 0
3517 52 23 1 0
3518 25 19 0 -1
3519 28 26 -1 0
3520 86 13 -1 0
3521 48 4 1 0
3522 40 5 1 0
3523 25 39 0 -1
3524 30 22 0 -1
3525 30 15 0 1
3526 21 22 0 1
3527 42 5 -1 0
3528 88 6 1 0
3529 76 37 0 1
3530 52 2 0 1
3531 70 7 1 0
3532 64 30 -1 0
3533 90 26 1 0
3534 61 9 1 0
3535 24 24 0 -1
3536 55 39 1 0
3537 10 38 1 0
3538 51 28 1 0
3539 51 35 1 0
3540 82 8 1 0
3541 24 17 0 -1
3542 18 14 0 -1
3543 87 35 1 0
3544 56 17 1 0
3545 40 30 -1 0
3546 44 11 -1 0
3547 40 8 0 -1
3548 89 36 0 -1
3549 86 35 0 -1
3550 92 3 -1 0
3551 42 24 -1 0
3552 38 37 -1 0
3553 12 20 -1 0
3554 59 33 1 0
3555 76 22 1 0
3556 6 14 0 -1
3557 13 2 -1 0
3558 68 2 1 0
3559 36 13 -1 0
3560 92 5 -1 0
3561 91 18 -1 0
3562 73 7 1 0
3563 72 1 -1 0
3564 89 11 0 1
3565 9 30 0 1
3566 76 14 0 -1
3567 6 0 0 1
3568 44 25 -1 0
3569 60 24 -1 0
3570 73 7 0 1
3571 16 21 1 0
3572 58 1 0 1
3573 94 15 1 0
3574 17 4 0 1
3575 50 35 -1 0
3576 69 4 0 1
3577 55 38 0 -1
3578 13 15 -1 0
3579 64 26 0 -1
3580 38 28 1 0
3581 93 11 -1 0
3582 46 13 0 -1
3583 24 30 0 -1
3584 76 17 1 0
3585 8 13 1 0
3586 99 34 0 1
3587 79 27 0 -1
3588 84 9 -1 0
3589 30 4 -1 0
3590 47 16 0 -1
3591 26 36 0 1
3592 51 14 -1 0
3593 6 27 -1 0
3594 23 37 1 0
3595 17 30 0 1
3596 61 36 0 1
3597 69 2 -1 0
3598 92 2 0 -1
3599 9 34 0 1
