0 24 11 1 0
1 17 16 0 1
2 19 37 1 0
3 79 12 0 -1
4 60 39 0 -1
5 4 14 0 1
6 64 27 1 0
7 19 10 0 1
8 67 7 0 1
9 11 35 0 -1
10 78 19 1 0
11 22 25 -1 0
12 30 28 0 -1
13 55 34 1 0
14 97 2 0 1
15 23 27 -1 0
16 13 36 0 -1
17 49 27 -1 0
18 88 34 0 -1
19 77 14 1 0
20 59 21 0 -1
21 74 38 -1 0
22 44 7 -1 0
23 19 14 1 0
24 73 12 1 0
25 44 11 0 -1
26 73 39 -1 0
27 19 30 0 -1
28 31 8 0 -1
29 79 2 0 1
30 24 38 1 0
31 49 28 1 0
32 53 10 -1 0
33 0 24 0 1
34 30 18 1 0
35 49 11 0 1
36 63 34 -1 0
37 45 32 0 1
38 61 38 0 -1
39 79 15 0 1
40 93 28 0 1
41 95 30 1 0
42 85 31 0 -1
43 15 17 -1 0
44 0 32 0 1
45 50 19 0 1
46 58 14 1 0
47 68 2 1 0
48 6 32 1 0
49 96 23 0 1
50 39 34 -1 0
51 16 11 1 0
52 94 39 0 -1
53 64 29 -1 0
54 36 7 0 1
55 53 4 0 -1
56 58 32 0 1
57 41 39 1 0
58 4 12 -1 0
59 79 30 0 -1
60 84 8 0 1
61 76 34 0 1
62 8 3 0 -1
63 30 19 0 -1
64 24 30 -1 0
65 23 31 0 1
66 95 17 0 1
67 49 38 -1 0
68 25 9 1 0
69 16 6 0 1
70 18 20 0 -1
71 57 4 0 1
72 89 14 0 1
73 9 39 -1 0
74 79 31 -1 0
75 78 39 1 0
76 99 6 -1 0
77 57 21 1 0
78 86 24 1 0
79 21 11 -1 0
80 34 17 0 -1
81 81 13 -1 0
82 14 1 0 1
83 11 36 -1 0
84 46 33 0 1
85 30 36 0 -1
86 83 7 -1 0
87 40 9 0 -1
88 1 33 1 0
89 36 31 1 0
90 75 28 0 -1
91 67 19 1 0
92 8 21 0 1
93 46 27 0 -1
94 69 3 1 0
95 13 23 1 0
96 50 36 0 -1
97 87 29 0 1
98 10 23 -1 0
99 40 19 0 1
100 11 29 -1 0
101 74 17 1 0
102 84 11 1 0
103 94 36 1 0
104 20 1 0 -1
105 96 21 -1 0
106 96 27 1 0
107 6 0 -1 0
108 74 24 0 1
109 19 35 0 -1
110 80 4 0 -1
111 54 4 -1 0
112 54 38 0 1
113 44 26 0 1
114 49 25 1 0
115 51 18 1 0
116 24 29 0 1
117 88 6 1 0
118 93 15 1 0
119 16 28 0 1
120 32 17 0 1
121 57 28 -1 0
122 22 31 0 -1
123 91 10 -1 0
124 48 34 0 1
125 0 0 1 0
126 13 22 -1 0
127 22 33 1 0
128 90 5 -1 0
129 31 21 0 -1
130 60 36 -1 0
131 50 16 -1 0
132 56 30 1 0
133 90 29 1 0
134 58 11 1 0
135 1 31 -1 0
136 2 9 -1 0
137 74 0 0 1
138 74 28 1 0
139 27 21 1 0
140 20 31 1 0
141 19 23 0 -1
142 2 11 0 -1
143 23 4 1 0
144 39 29 0 -1
145 60 6 0 -1
146 83 37 0 -1
147 39 28 -1 0
148 23 4 0 -1
149 11 11 0 -1
150 68 8 0 1
151 14 1 0 1
152 76 39 1 0
153 63 33 1 0
154 10 32 1 0
155 7 24 1 0
156 40 6 -1 0
157 0 10 1 0
158 2 21 0 1
159 10 5 -1 0
160 65 34 -1 0
161 45 0 0 -1
162 57 33 0 1
163 89 28 -1 0
164 79 36 0 1
165 20 25 0 1
166 15 13 1 0
167 75 12 1 0
168 3 3 -1 0
169 40 38 0 -1
170 4 18 0 -1
171 16 38 -1 0
172 87 19 -1 0
173 99 18 -1 0
174 81 13 0 1
175 59 30 0 1
176 49 29 1 0
177 95 37 -1 0
178 48 38 -1 0
179 10 39 -1 0
180 70 10 -1 0
181 20 38 1 0
182 38 4 0 -1
183 33 27 -1 0
184 36 0 -1 0
185 17 23 -1 0
186 23 6 0 -1
187 8 6 0 -1
188 9 25 1 0
189 5 17 0 -1
190 77 38 0 1
191 97 8 0 -1
192 24 33 0 -1
193 99 20 -1 0
194 68 21 1 0
195 89 16 0 -1
196 73 39 -1 0
197 78 4 1 0
198 53 34 1 0
199 7 0 1 0
200 42 39 1 0
201 18 23 0 -1
202 30 13 -1 0
203 97 20 0 1
204 9 10 0 1
205 52 19 0 1
206 85 22 0 -1
207 38 1 0 -1
208 55 6 -1 0
209 55 5 1 0
210 22 19 0 1
211 59 39 1 0
212 79 13 0 1
213 10 21 1 0
214 88 24 1 0
215 40 3 -1 0
216 81 23 1 0
217 46 19 0 -1
218 9 1 1 0
219 49 9 -1 0
220 39 5 1 0
221 68 1 1 0
222 53 16 -1 0
223 17 22 -1 0
224 78 10 1 0
225 81 18 -1 0
226 47 20 -1 0
227 2 14 0 1
228 12 4 -1 0
229 62 28 -1 0
230 22 30 1 0
231 22 29 1 0
232 90 5 0 -1
233 30 11 0 -1
234 7 34 0 -1
235 42 18 0 -1
236 54 4 1 0
237 32 4 -1 0
238 38 9 1 0
239 96 22 -1 0
240 94 31 1 0
241 44 7 -1 0
242 30 25 0 -1
243 89 14 0 -1
244 9 10 1 0
245 32 38 0 -1
246 32 34 0 -1
247 96 37 1 0
248 21 4 -1 0
249 24 38 0 -1
250 39 12 -1 0
251 60 21 1 0
252 38 8 0 -1
253 17 8 -1 0
254 38 38 0 1
255 44 2 0 1
256 17 18 0 -1
257 72 33 -1 0
258 73 26 -1 0
259 43 21 -1 0
260 9 25 -1 0
261 26 17 1 0
262 24 24 -1 0
263 36 10 0 1
264 33 38 0 -1
265 1 0 0 1
266 81 38 0 -1
267 59 18 1 0
268 91 2 0 1
269 45 7 0 -1
270 9 14 0 1
271 82 16 0 -1
272 3 12 0 -1
273 70 8 0 -1
274 11 34 1 0
275 45 4 0 -1
276 44 29 0 -1
277 81 24 0 -1
278 44 0 0 1
279 78 36 1 0
280 97 2 1 0
281 50 4 0 -1
282 50 28 0 -1
283 60 28 -1 0
284 66 33 1 0
285 78 23 1 0
286 41 32 -1 0
287 64 28 -1 0
288 12 32 0 1
289 71 0 1 0
290 54 1 -1 0
291 11 15 -1 0
292 99 22 -1 0
293 41 18 -1 0
294 31 30 0 -1
295 39 18 -1 0
296 3 13 1 0
297 49 17 1 0
298 7 16 0 -1
299 16 38 1 0
300 53 29 0 1
301 65 28 0 -1
302 86 5 0 1
303 63 33 0 -1
304 84 20 0 -1
305 62 27 0 -1
306 13 14 1 0
307 41 19 -1 0
308 52 39 0 1
309 39 8 -1 0
310 5 34 0 -1
311 5 37 0 -1
312 28 22 0 -1
313 69 7 1 0
314 46 21 0 -1
315 10 26 0 1
316 45 14 0 1
317 83 20 0 -1
318 76 3 0 -1
319 85 21 1 0
320 24 19 1 0
321 68 11 -1 0
322 71 2 1 0
323 42 23 0 -1
324 26 31 0 1
325 0 39 0 -1
326 43 14 0 -1
327 35 13 1 0
328 98 16 0 -1
329 1 24 -1 0
330 77 21 0 1
331 3 32 1 0
332 57 38 1 0
333 63 16 0 -1
334 98 23 -1 0
335 88 22 1 0
336 3 6 0 1
337 50 28 -1 0
338 14 14 1 0
339 0 26 1 0
340 97 25 -1 0
341 83 12 1 0
342 6 32 0 -1
343 75 37 0 -1
344 66 27 0 -1
345 91 36 0 1
346 24 34 -1 0
347 66 22 -1 0
348 44 6 -1 0
349 28 9 1 0
350 41 7 0 -1
351 37 35 0 1
352 21 9 -1 0
353 9 0 0 -1
354 71 25 0 1
355 98 39 0 1
356 27 7 0 1
357 32 7 -1 0
358 88 27 1 0
359 27 9 0 -1
360 67 0 -1 0
361 29 0 1 0
362 52 7 1 0
363 19 0 -1 0
364 11 16 0 1
365 7 21 -1 0
366 77 35 0 -1
367 88 15 0 1
368 80 26 -1 0
369 40 31 0 -1
370 21 0 -1 0
371 61 12 -1 0
372 8 30 0 -1
373 75 35 -1 0
374 84 26 1 0
375 88 2 0 -1
376 49 35 0 1
377 12 33 1 0
378 10 3 0 -1
379 42 38 0 1
380 40 33 0 -1
381 67 6 0 -1
382 70 4 1 0
383 44 18 -1 0
384 2 20 -1 0
385 83 29 1 0
386 41 19 0 -1
387 15 15 -1 0
388 98 21 1 0
389 49 12 0 -1
390 21 4 0 1
391 29 32 1 0
392 1 8 0 1
393 53 11 1 0
394 91 11 -1 0
395 21 14 0 -1
396 7 29 0 -1
397 96 3 -1 0
398 62 16 -1 0
399 3 19 0 1
400 97 26 1 0
401 98 26 -1 0
402 6 39 -1 0
403 75 11 0 1
404 95 39 1 0
405 13 9 0 -1
406 95 21 -1 0
407 49 17 0 -1
408 69 27 1 0
409 93 7 0 1
410 82 28 0 1
411 58 9 0 1
412 5 24 1 0
413 83 38 0 -1
414 85 27 1 0
415 99 23 0 1
416 77 27 1 0
417 35 28 1 0
418 64 10 0 1
419 91 31 0 -1
420 40 4 0 -1
421 96 30 -1 0
422 39 10 0 1
423 58 38 1 0
424 52 21 0 -1
425 35 30 1 0
426 6 33 0 1
427 53 15 0 -1
428 9 38 0 -1
429 21 39 0 -1
430 44 9 1 0
431 17 39 0 -1
432 11 37 1 0
433 91 0 1 0
434 24 32 0 1
435 58 10 -1 0
436 15 5 0 1
437 78 32 0 1
438 12 39 -1 0
439 45 6 -1 0
440 99 11 0 -1
441 34 9 1 0
442 61 20 0 1
443 95 4 0 -1
444 65 38 -1 0
445 69 14 1 0
446 37 36 1 0
447 86 21 0 -1
448 11 7 1 0
449 47 36 -1 0
450 0 13 0 -1
451 47 0 -1 0
452 36 36 1 0
453 71 34 0 1
454 91 26 0 1
455 53 0 -1 0
456 52 11 1 0
457 50 25 -1 0
458 3 11 0 -1
459 52 26 -1 0
460 23 27 0 1
461 34 0 0 1
462 53 6 1 0
463 49 2 -1 0
464 23 21 0 -1
465 97 8 -1 0
466 4 6 0 -1
467 8 18 0 1
468 55 32 1 0
469 56 0 1 0
470 66 39 -1 0
471 89 37 0 -1
472 48 26 0 1
473 86 0 0 1
474 43 9 0 -1
475 7 2 1 0
476 46 34 0 -1
477 5 30 0 -1
478 77 6 0 -1
479 69 28 0 -1
480 58 38 1 0
481 25 38 -1 0
482 87 0 -1 0
483 42 12 -1 0
484 86 35 0 1
485 70 36 0 1
486 73 3 1 0
487 42 18 0 -1
488 71 0 0 1
489 65 3 0 1
490 44 14 0 -1
491 8 10 0 1
492 73 22 0 -1
493 91 12 0 1
494 55 24 -1 0
495 26 39 -1 0
496 70 5 0 1
497 51 12 0 1
498 30 8 1 0
499 82 18 -1 0
500 73 14 0 -1
501 54 1 -1 0
502 53 37 0 1
503 49 36 1 0
504 4 1 1 0
505 38 26 -1 0
506 26 32 0 1
507 25 30 0 1
508 40 10 -1 0
509 17 32 0 1
510 68 36 0 -1
511 28 36 1 0
512 87 5 0 1
513 88 14 1 0
514 64 12 -1 0
515 56 26 0 1
516 55 28 -1 0
517 70 34 1 0
518 72 32 1 0
519 40 0 -1 0
520 21 28 0 -1
521 83 26 0 1
522 51 37 -1 0
523 41 15 1 0
524 22 31 -1 0
525 33 22 -1 0
526 98 10 0 1
527 97 28 -1 0
528 98 3 0 -1
529 68 6 0 1
530 55 9 0 -1
531 42 11 -1 0
532 83 17 0 -1
533 49 35 1 0
534 0 13 -1 0
535 5 19 0 -1
536 19 32 -1 0
537 21 24 -1 0
538 44 38 1 0
539 36 37 0 1
540 74 30 -1 0
541 32 19 0 -1
542 49 4 -1 0
543 44 20 1 0
544 43 23 0 1
545 61 33 1 0
546 19 29 0 -1
547 11 28 -1 0
548 23 15 -1 0
549 20 10 1 0
550 21 16 0 -1
551 72 12 1 0
552 40 39 -1 0
553 5 34 0 1
554 37 38 -1 0
555 99 38 1 0
556 84 0 -1 0
557 45 17 -1 0
558 98 33 -1 0
559 97 7 0 -1
560 76 3 1 0
561 27 11 0 -1
562 17 18 0 1
563 20 34 -1 0
564 71 24 -1 0
565 80 21 1 0
566 12 17 -1 0
567 6 5 1 0
568 88 20 0 1
569 50 14 0 1
570 14 15 1 0
571 48 13 -1 0
572 15 30 0 1
573 23 38 0 1
574 3 33 0 -1
575 93 19 -1 0
576 86 32 0 1
577 52 15 -1 0
578 30 0 0 1
579 5 28 -1 0
580 42 36 0 1
581 68 5 0 1
582 96 16 1 0
583 72 23 0 1
584 14 33 -1 0
585 35 30 -1 0
586 11 16 -1 0
587 80 8 0 -1
588 15 9 0 -1
589 49 33 1 0
590 63 14 1 0
591 80 0 -1 0
592 20 34 0 -1
593 18 32 -1 0
594 25 14 -1 0
595 92 30 -1 0
596 50 26 0 1
597 36 37 0 -1
598 48 37 1 0
599 52 17 0 1
600 69 15 1 0
601 93 22 -1 0
602 8 34 -1 0
603 78 36 0 -1
604 7 29 1 0
605 32 19 0 -1
606 86 2 0 -1
607 98 7 1 0
608 2 36 0 1
609 35 20 1 0
610 46 11 1 0
611 78 38 0 1
612 61 25 0 1
613 6 28 -1 0
614 99 23 0 -1
615 80 5 -1 0
616 15 26 -1 0
617 81 5 1 0
618 81 14 1 0
619 46 22 0 1
620 84 14 -1 0
621 91 14 -1 0
622 43 16 -1 0
623 35 5 1 0
624 23 34 0 1
625 20 1 -1 0
626 45 24 -1 0
627 68 22 0 -1
628 36 15 0 1
629 99 14 1 0
630 90 39 0 -1
631 18 26 0 -1
632 93 29 -1 0
633 86 30 1 0
634 89 17 0 -1
635 98 8 -1 0
636 29 21 0 1
637 26 5 0 -1
638 29 21 1 0
639 32 16 1 0
640 11 5 0 1
641 64 20 0 1
642 45 33 0 -1
643 89 20 0 1
644 80 20 0 -1
645 84 15 -1 0
646 96 23 0 1
647 46 29 0 -1
648 7 33 0 -1
649 87 0 0 1
650 94 35 0 -1
651 44 30 -1 0
652 50 0 -1 0
653 44 17 0 1
654 40 14 1 0
655 91 39 -1 0
656 33 2 0 -1
657 50 36 0 1
658 57 6 0 -1
659 64 35 1 0
660 89 27 0 -1
661 81 6 0 1
662 16 31 -1 0
663 27 38 0 1
664 70 0 1 0
665 12 18 0 -1
666 35 25 1 0
667 43 6 -1 0
668 41 10 1 0
669 90 2 -1 0
670 39 19 0 1
671 77 36 1 0
672 30 14 -1 0
673 83 11 1 0
674 50 30 -1 0
675 9 0 1 0
676 80 31 1 0
677 62 16 -1 0
678 32 39 1 0
679 87 13 0 -1
680 81 4 0 1
681 89 10 -1 0
682 13 9 1 0
683 94 24 0 -1
684 87 5 1 0
685 94 11 0 1
686 34 11 1 0
687 34 36 0 -1
688 85 17 1 0
689 83 1 0 1
690 13 23 -1 0
691 65 11 0 1
692 46 35 -1 0
693 33 18 1 0
694 29 22 1 0
695 59 39 0 -1
696 87 31 0 1
697 1 5 0 -1
698 73 20 0 1
699 93 28 1 0
700 87 15 0 -1
701 30 12 1 0
702 67 32 0 -1
703 71 3 0 -1
704 40 7 -1 0
705 58 3 1 0
706 91 31 -1 0
707 21 37 0 -1
708 44 21 -1 0
709 96 19 0 1
710 50 24 -1 0
711 18 37 -1 0
712 49 3 -1 0
713 7 21 1 0
714 92 8 0 1
715 44 14 0 1
716 87 33 1 0
717 15 29 0 -1
718 31 14 0 -1
719 46 26 0 1
720 20 0 0 -1
721 97 31 -1 0
722 78 3 0 1
723 95 6 -1 0
724 73 34 1 0
725 61 0 0 -1
726 67 6 1 0
727 45 7 1 0
728 98 31 -1 0
729 13 11 0 -1
730 16 32 0 -1
731 22 34 -1 0
732 50 2 1 0
733 62 27 -1 0
734 25 36 0 1
735 57 36 1 0
736 6 6 0 -1
737 13 13 0 1
738 58 7 1 0
739 95 38 1 0
740 25 21 -1 0
741 88 25 1 0
742 78 16 -1 0
743 95 28 0 -1
744 41 10 0 1
745 21 3 0 -1
746 72 12 1 0
747 11 32 0 -1
748 70 24 0 -1
749 83 7 0 1
750 41 2 0 -1
751 29 5 0 1
752 52 31 0 -1
753 7 23 0 -1
754 48 17 0 1
755 93 19 0 -1
756 89 7 -1 0
757 93 39 0 1
758 25 11 1 0
759 9 0 0 -1
760 43 0 0 -1
761 4 0 0 -1
762 32 32 0 1
763 52 38 0 -1
764 30 20 -1 0
765 56 3 -1 0
766 26 18 1 0
767 34 0 0 -1
768 2 10 1 0
769 93 16 -1 0
770 40 39 0 -1
771 13 16 0 1
772 53 38 0 1
773 92 19 0 1
774 4 23 0 1
775 11 26 0 -1
776 67 0 -1 0
777 61 14 0 -1
778 77 5 0 -1
779 65 10 -1 0
780 46 25 1 0
781 24 33 0 1
782 27 33 1 0
783 9 39 -1 0
784 24 6 0 1
785 86 26 -1 0
786 84 0 0 -1
787 98 32 1 0
788 68 25 -1 0
789 16 16 1 0
790 78 0 -1 0
791 22 15 0 -1
792 96 28 1 0
793 52 19 0 -1
794 6 19 -1 0
795 37 32 0 1
796 26 11 0 1
797 49 36 0 -1
798 59 21 -1 0
799 42 30 0 -1
800 52 23 0 -1
801 85 29 1 0
802 39 11 0 1
803 74 12 1 0
804 5 29 -1 0
805 3 39 -1 0
806 72 25 0 -1
807 84 14 0 1
808 24 17 -1 0
809 77 39 0 1
810 31 34 0 -1
811 87 30 1 0
812 34 4 1 0
813 69 7 0 -1
814 12 6 0 -1
815 39 19 0 1
816 75 38 -1 0
817 43 17 -1 0
818 92 31 1 0
819 80 16 -1 0
820 69 36 0 1
821 24 17 0 1
822 74 18 0 1
823 4 18 0 -1
824 36 25 0 -1
825 5 2 0 -1
826 53 9 -1 0
827 21 17 1 0
828 5 2 0 -1
829 49 18 0 -1
830 38 3 1 0
831 97 3 0 1
832 8 15 0 -1
833 57 25 -1 0
834 23 25 0 -1
835 65 28 1 0
836 34 25 -1 0
837 58 24 0 1
838 43 36 0 -1
839 0 11 1 0
840 20 18 -1 0
841 95 25 1 0
842 66 1 -1 0
843 3 32 0 1
844 15 39 1 0
845 76 16 -1 0
846 95 16 -1 0
847 55 8 -1 0
848 10 29 -1 0
849 90 17 1 0
850 86 9 0 -1
851 1 20 1 0
852 30 3 -1 0
853 64 19 0 1
854 42 12 1 0
855 42 25 0 -1
856 19 25 1 0
857 75 16 1 0
858 48 9 0 -1
859 90 16 1 0
860 99 29 0 -1
861 39 0 0 -1
862 23 22 1 0
863 36 16 1 0
864 89 35 -1 0
865 29 15 0 1
866 40 2 -1 0
867 88 11 1 0
868 16 7 -1 0
869 87 18 0 -1
870 10 18 1 0
871 49 10 0 -1
872 3 25 0 -1
873 89 39 1 0
874 93 14 -1 0
875 24 12 0 -1
876 92 26 0 1
877 17 13 0 1
878 94 28 0 -1
879 73 31 0 1
880 56 25 -1 0
881 51 27 0 -1
882 92 35 0 1
883 39 5 -1 0
884 1 8 0 1
885 82 21 0 1
886 69 26 0 1
887 95 10 1 0
888 23 3 1 0
889 37 38 1 0
890 51 2 1 0
891 96 6 0 1
892 83 29 0 1
893 49 15 -1 0
894 78 13 0 1
895 33 8 0 -1
896 21 15 1 0
897 0 33 0 -1
898 28 28 0 -1
899 35 20 -1 0
900 22 39 0 1
901 55 3 0 -1
902 47 26 1 0
903 30 17 0 -1
904 9 36 0 -1
905 30 29 -1 0
906 16 13 1 0
907 18 37 0 -1
908 12 13 0 -1
909 94 2 1 0
910 89 3 0 1
911 48 11 0 -1
912 55 10 1 0
913 60 24 1 0
914 34 30 -1 0
915 43 29 -1 0
916 49 24 0 1
917 66 24 -1 0
918 90 31 1 0
919 43 23 0 -1
920 8 21 -1 0
921 59 2 1 0
922 42 32 0 1
923 41 26 0 -1
924 87 2 1 0
925 74 20 0 1
926 44 27 0 1
927 97 29 1 0
928 94 18 1 0
929 40 25 0 1
930 54 35 -1 0
931 36 31 1 0
932 76 19 0 1
933 50 35 -1 0
934 32 35 0 -1
935 27 1 0 1
936 48 1 0 1
937 81 29 1 0
938 95 15 -1 0
939 33 24 -1 0
940 41 15 0 1
941 31 11 1 0
942 31 20 1 0
943 40 39 0 -1
944 79 29 0 1
945 25 7 1 0
946 8 11 -1 0
947 0 39 0 -1
948 86 34 0 -1
949 48 16 -1 0
950 97 17 1 0
951 18 20 0 1
952 39 13 0 -1
953 19 29 1 0
954 0 11 -1 0
955 94 3 0 1
956 95 26 1 0
957 46 32 -1 0
958 73 38 0 1
959 35 2 -1 0
960 57 18 -1 0
961 4 7 1 0
962 14 5 0 1
963 0 7 -1 0
964 86 39 0 1
965 90 38 0 1
966 81 4 1 0
967 71 35 0 1
968 22 18 1 0
969 49 16 0 -1
970 33 20 -1 0
971 38 14 -1 0
972 98 29 0 -1
973 22 0 0 -1
974 51 4 -1 0
975 4 15 0 1
976 18 28 1 0
977 97 32 0 1
978 16 33 -1 0
979 94 12 -1 0
980 93 24 -1 0
981 98 22 -1 0
982 79 18 0 -1
983 54 5 0 -1
984 37 37 -1 0
985 7 31 0 -1
986 99 7 0 -1
987 6 36 0 1
988 97 3 -1 0
989 35 11 1 0
990 42 31 0 1
991 23 5 0 1
992 76 17 0 1
993 89 32 -1 0
994 76 35 0 1
995 48 26 0 -1
996 62 18 0 1
997 7 12 0 -1
998 7 39 -1 0
999 24 31 1 0
1000 80 24 -1 0
1001 7 17 1 0
1002 53 4 0 -1
1003 96 15 -1 0
1004 7 10 -1 0
1005 3 7 0 -1
1006 4 23 0 -1
1007 9 39 0 1
1008 52 9 0 -1
1009 27 22 1 0
1010 82 32 0 -1
1011 17 5 1 0
1012 85 32 -1 0
1013 13 18 1 0
1014 25 18 -1 0
1015 48 10 0 1
1016 58 25 0 1
1017 47 4 0 1
1018 60 15 0 -1
1019 11 25 1 0
1020 39 36 0 -1
1021 99 13 1 0
1022 44 29 -1 0
1023 40 13 0 1
1024 80 7 0 -1
1025 30 6 1 0
1026 24 23 0 1
1027 9 14 -1 0
1028 96 10 1 0
1029 86 25 1 0
1030 86 9 0 -1
1031 12 33 0 -1
1032 63 16 1 0
1033 17 15 0 -1
1034 7 3 0 1
1035 69 11 1 0
1036 4 2 1 0
1037 43 38 0 1
1038 77 37 0 -1
1039 59 20 0 1
1040 35 27 -1 0
1041 94 17 0 1
1042 64 22 0 1
1043 31 22 0 -1
1044 18 4 0 1
1045 14 34 0 1
1046 21 28 0 1
1047 16 39 -1 0
1048 46 2 -1 0
1049 79 7 0 1
1050 25 32 1 0
1051 19 20 -1 0
1052 72 0 0 -1
1053 48 18 1 0
1054 90 6 0 1
1055 61 26 0 -1
1056 8 24 -1 0
1057 8 38 -1 0
1058 97 38 1 0
1059 90 14 -1 0
1060 40 3 1 0
1061 46 31 0 1
1062 69 38 0 1
1063 86 5 0 -1
1064 72 36 0 1
1065 96 25 -1 0
1066 50 2 0 1
1067 59 33 -1 0
1068 56 8 -1 0
1069 88 13 -1 0
1070 47 21 0 -1
1071 91 1 0 -1
1072 49 22 1 0
1073 20 23 -1 0
1074 91 25 0 -1
1075 44 4 0 1
1076 83 27 0 -1
1077 39 36 1 0
1078 57 32 -1 0
1079 14 25 0 1
1080 16 21 0 -1
1081 96 25 1 0
1082 42 24 0 1
1083 1 6 -1 0
1084 10 32 0 1
1085 30 37 1 0
1086 20 10 0 -1
1087 61 33 0 -1
1088 14 35 0 1
1089 91 39 0 -1
1090 61 12 0 -1
1091 94 2 -1 0
1092 15 1 -1 0
1093 33 19 0 -1
1094 0 32 1 0
1095 72 4 0 -1
1096 58 5 0 -1
1097 2 30 0 1
1098 80 4 -1 0
1099 41 34 1 0
1100 26 23 0 -1
1101 99 3 1 0
1102 58 11 0 1
1103 34 20 1 0
1104 71 3 1 0
1105 15 20 1 0
1106 93 0 -1 0
1107 78 6 -1 0
1108 24 28 1 0
1109 43 1 1 0
1110 43 27 0 1
1111 36 35 0 1
1112 54 16 0 1
1113 85 12 0 -1
1114 90 8 1 0
1115 29 22 1 0
1116 0 27 0 1
1117 73 11 1 0
1118 99 8 1 0
1119 68 15 -1 0
1120 47 13 0 1
1121 1 15 0 1
1122 68 33 -1 0
1123 40 20 0 -1
1124 91 1 -1 0
1125 99 1 0 -1
1126 78 2 -1 0
1127 2 25 0 1
1128 4 17 0 1
1129 51 14 0 -1
1130 78 0 0 -1
1131 86 20 0 1
1132 3 16 0 1
1133 60 29 0 -1
1134 51 38 0 -1
1135 40 29 -1 0
1136 89 2 0 1
1137 18 5 0 1
1138 28 7 0 -1
1139 17 22 -1 0
1140 24 10 0 1
1141 34 36 1 0
1142 62 5 0 -1
1143 87 31 0 1
1144 96 26 1 0
1145 0 11 0 -1
1146 48 26 0 -1
1147 74 8 -1 0
1148 96 26 1 0
1149 84 25 0 -1
1150 41 38 0 -1
1151 32 11 -1 0
1152 76 33 0 1
1153 9 15 -1 0
1154 85 22 -1 0
1155 91 4 1 0
1156 53 37 0 1
1157 95 29 -1 0
1158 18 24 1 0
1159 97 36 0 1
1160 75 16 0 1
1161 71 2 0 1
1162 19 17 1 0
1163 98 14 1 0
1164 23 22 -1 0
1165 33 16 1 0
1166 43 13 -1 0
1167 28 2 0 1
1168 45 29 0 1
1169 54 34 0 -1
1170 20 8 0 -1
1171 62 34 -1 0
1172 55 7 0 1
1173 86 33 0 -1
1174 29 33 1 0
1175 35 1 0 1
1176 66 0 0 -1
1177 84 27 1 0
1178 86 1 -1 0
1179 81 3 -1 0
1180 76 12 0 -1
1181 49 32 0 -1
1182 88 8 1 0
1183 59 31 0 -1
1184 45 5 1 0
1185 37 7 0 1
1186 35 6 1 0
1187 52 1 -1 0
1188 49 0 -1 0
1189 45 17 -1 0
1190 48 5 1 0
1191 76 15 0 1
1192 50 16 -1 0
1193 44 12 1 0
1194 10 9 -1 0
1195 55 24 1 0
1196 0 8 0 1
1197 36 18 0 -1
1198 18 33 1 0
1199 81 24 -1 0
1200 2 0 0 -1
1201 23 14 -1 0
1202 32 2 0 1
1203 25 31 1 0
1204 3 31 1 0
1205 82 8 1 0
1206 93 24 0 1
1207 32 20 0 -1
1208 10 15 0 -1
1209 39 39 1 0
1210 29 25 -1 0
1211 16 5 0 -1
1212 43 2 1 0
1213 5 24 0 -1
1214 60 36 0 1
1215 66 28 -1 0
1216 24 17 0 -1
1217 48 35 0 1
1218 82 17 0 1
1219 57 5 0 -1
1220 15 0 1 0
1221 50 1 1 0
1222 82 6 0 -1
1223 22 25 1 0
1224 84 36 0 -1
1225 44 20 0 -1
1226 53 14 -1 0
1227 11 15 -1 0
1228 88 18 1 0
1229 16 1 0 -1
1230 31 39 -1 0
1231 54 29 -1 0
1232 81 5 -1 0
1233 93 10 0 1
1234 92 21 0 -1
1235 93 36 0 1
1236 8 10 1 0
1237 13 37 -1 0
1238 10 14 1 0
1239 46 23 1 0
1240 52 5 0 -1
1241 49 14 1 0
1242 78 9 0 1
1243 39 32 0 -1
1244 46 8 -1 0
1245 61 8 1 0
1246 97 38 1 0
1247 6 33 1 0
1248 21 39 0 -1
1249 63 10 -1 0
1250 14 22 -1 0
1251 43 10 1 0
1252 22 16 0 1
1253 85 33 -1 0
1254 3 11 0 -1
1255 94 11 0 -1
1256 71 22 1 0
1257 69 33 -1 0
1258 94 4 -1 0
1259 38 13 1 0
1260 83 35 0 1
1261 66 18 0 1
1262 84 18 0 -1
1263 13 34 -1 0
1264 22 0 0 -1
1265 26 5 0 1
1266 84 27 0 1
1267 70 8 0 -1
1268 28 31 0 -1
1269 98 38 -1 0
1270 59 8 0 -1
1271 17 25 0 -1
1272 13 23 1 0
1273 92 8 0 1
1274 4 16 0 -1
1275 18 9 1 0
1276 37 28 0 1
1277 71 34 0 -1
1278 48 3 0 1
1279 14 18 0 -1
1280 88 2 -1 0
1281 76 35 0 1
1282 98 11 0 -1
1283 27 30 1 0
1284 50 12 0 -1
1285 59 24 1 0
1286 81 25 -1 0
1287 27 17 -1 0
1288 34 8 1 0
1289 58 23 0 1
1290 77 6 0 1
1291 42 4 0 -1
1292 27 2 -1 0
1293 78 22 1 0
1294 45 18 0 1
1295 7 24 -1 0
1296 11 1 1 0
1297 39 21 0 1
1298 94 23 -1 0
1299 40 34 0 -1
1300 94 11 1 0
1301 18 39 0 -1
1302 46 10 1 0
1303 23 32 0 -1
1304 75 18 -1 0
1305 14 9 1 0
1306 40 33 0 -1
1307 67 39 0 -1
1308 85 1 1 0
1309 44 19 -1 0
1310 43 15 0 1
1311 22 0 0 1
1312 45 32 1 0
1313 19 32 0 1
1314 95 17 1 0
1315 87 23 0 1
1316 68 28 1 0
1317 12 9 0 -1
1318 51 22 -1 0
1319 52 31 -1 0
1320 89 6 -1 0
1321 91 17 0 -1
1322 92 23 -1 0
1323 81 2 -1 0
1324 24 24 -1 0
1325 86 15 0 1
1326 59 0 0 -1
1327 78 14 1 0
1328 7 10 0 1
1329 38 26 0 1
1330 26 6 -1 0
1331 65 21 1 0
1332 11 10 -1 0
1333 62 16 0 -1
1334 66 21 1 0
1335 78 16 0 -1
1336 64 9 1 0
1337 35 26 0 -1
1338 94 20 1 0
1339 40 38 -1 0
1340 51 24 1 0
1341 99 31 1 0
1342 29 24 -1 0
1343 54 22 1 0
1344 53 3 1 0
1345 33 32 -1 0
1346 90 39 0 1
1347 28 24 0 1
1348 79 0 1 0
1349 27 14 0 -1
1350 44 0 0 1
1351 84 26 0 -1
1352 80 5 0 1
1353 39 20 1 0
1354 44 14 0 -1
1355 28 7 1 0
1356 15 11 0 1
1357 23 16 0 1
1358 29 23 0 1
1359 5 34 -1 0
1360 85 8 1 0
1361 25 13 0 -1
1362 63 28 0 1
1363 56 0 -1 0
1364 74 16 -1 0
1365 72 25 1 0
1366 50 21 0 -1
1367 31 17 0 -1
1368 1 19 1 0
1369 69 39 -1 0
1370 94 25 0 -1
1371 63 27 0 1
1372 30 18 1 0
1373 62 36 0 -1
1374 20 28 1 0
1375 40 8 1 0
1376 77 18 0 1
1377 76 8 0 -1
1378 42 28 -1 0
1379 7 6 0 -1
1380 38 33 -1 0
1381 10 4 0 1
1382 36 28 1 0
1383 47 9 0 1
1384 55 4 -1 0
1385 18 13 1 0
1386 35 6 0 1
1387 51 21 0 -1
1388 64 25 -1 0
1389 79 14 0 -1
1390 11 25 0 -1
1391 45 13 -1 0
1392 78 31 -1 0
1393 64 18 0 1
1394 57 7 0 1
1395 1 31 -1 0
1396 12 7 -1 0
1397 54 27 0 1
1398 21 26 0 -1
1399 64 16 -1 0
1400 77 13 -1 0
1401 82 25 0 1
1402 88 26 1 0
1403 36 32 1 0
1404 5 36 -1 0
1405 56 36 0 -1
1406 94 6 0 -1
1407 64 32 0 -1
1408 48 5 0 -1
1409 78 12 0 -1
1410 31 5 0 1
1411 96 11 0 -1
1412 16 27 0 1
1413 63 6 1 0
1414 79 20 1 0
1415 88 12 0 1
1416 5 19 1 0
1417 6 4 1 0
1418 23 16 0 -1
1419 30 23 -1 0
1420 3 39 0 -1
1421 19 8 0 -1
1422 7 14 0 -1
1423 59 30 0 1
1424 45 5 1 0
1425 30 4 1 0
1426 42 24 0 1
1427 48 39 1 0
1428 42 37 0 -1
1429 76 39 0 1
1430 11 11 -1 0
1431 86 37 0 1
1432 83 7 0 1
1433 34 11 -1 0
1434 16 25 0 1
1435 17 38 0 -1
1436 46 17 0 1
1437 42 21 0 1
1438 37 21 0 1
1439 25 31 1 0
1440 40 8 0 1
1441 66 28 -1 0
1442 72 8 -1 0
1443 15 3 1 0
1444 42 38 -1 0
1445 71 30 0 1
1446 59 7 0 1
1447 67 13 0 1
1448 93 6 0 -1
1449 2 2 0 1
1450 79 6 0 1
1451 85 17 0 1
1452 30 0 -1 0
1453 85 31 -1 0
1454 43 15 1 0
1455 97 9 1 0
1456 18 22 -1 0
1457 66 9 1 0
1458 64 21 -1 0
1459 48 23 0 1
1460 41 38 0 1
1461 23 0 -1 0
1462 89 30 1 0
1463 76 8 0 1
1464 98 24 1 0
1465 87 4 0 1
1466 67 5 1 0
1467 43 7 0 -1
1468 41 17 1 0
1469 29 28 0 -1
1470 79 26 1 0
1471 67 29 1 0
1472 98 27 1 0
1473 6 3 0 1
1474 18 32 -1 0
1475 18 1 0 1
1476 52 1 1 0
1477 57 13 0 1
1478 63 20 -1 0
1479 40 11 1 0
1480 39 38 -1 0
1481 87 24 1 0
1482 29 38 1 0
1483 39 19 -1 0
1484 22 7 -1 0
1485 30 15 0 -1
1486 42 34 -1 0
1487 44 10 1 0
1488 16 32 1 0
1489 82 22 0 -1
1490 8 31 0 1
1491 55 38 -1 0
1492 84 14 -1 0
1493 24 29 -1 0
1494 52 2 0 1
1495 33 31 0 1
1496 43 0 0 1
1497 50 5 0 -1
1498 90 8 1 0
1499 90 1 0 -1
1500 48 24 0 -1
1501 68 32 -1 0
1502 55 23 0 1
1503 35 25 1 0
1504 90 15 -1 0
1505 41 38 -1 0
1506 84 32 0 -1
1507 73 24 0 -1
1508 35 5 0 1
1509 87 37 0 -1
1510 35 8 1 0
1511 85 37 0 -1
1512 31 5 0 1
1513 18 24 1 0
1514 21 21 1 0
1515 80 15 0 1
1516 10 0 -1 0
1517 10 17 -1 0
1518 10 7 0 1
1519 84 6 1 0
1520 5 37 0 1
1521 42 17 0 -1
1522 13 6 -1 0
1523 54 9 0 -1
1524 8 27 1 0
1525 2 15 -1 0
1526 82 17 0 1
1527 76 11 0 1
1528 15 17 0 1
1529 43 35 0 1
1530 53 0 -1 0
1531 82 14 0 1
1532 21 3 0 1
1533 99 9 1 0
1534 17 10 0 1
1535 38 37 0 1
1536 22 39 0 1
1537 21 7 0 1
1538 9 30 -1 0
1539 6 38 -1 0
1540 95 5 0 1
1541 85 4 -1 0
1542 7 12 1 0
1543 83 31 0 -1
1544 46 7 -1 0
1545 12 12 -1 0
1546 28 35 0 1
1547 31 37 1 0
1548 75 13 -1 0
1549 46 15 0 -1
1550 86 39 -1 0
1551 4 27 1 0
1552 45 36 -1 0
1553 43 12 0 -1
1554 67 21 -1 0
1555 82 14 -1 0
1556 65 33 -1 0
1557 81 23 0 -1
1558 48 38 -1 0
1559 95 15 0 1
1560 7 36 -1 0
1561 43 38 -1 0
1562 2 30 -1 0
1563 40 20 0 -1
1564 6 3 0 -1
1565 85 22 1 0
1566 0 17 0 1
1567 40 24 -1 0
1568 96 4 -1 0
1569 54 23 1 0
1570 66 22 1 0
1571 69 2 0 -1
1572 32 10 1 0
1573 4 8 1 0
1574 87 22 0 -1
1575 86 12 0 -1
1576 27 8 0 1
1577 24 7 0 -1
1578 66 28 1 0
1579 29 37 1 0
1580 80 19 -1 0
1581 61 5 1 0
1582 53 39 -1 0
1583 63 3 -1 0
1584 27 34 0 -1
1585 18 26 -1 0
1586 71 17 1 0
1587 61 34 -1 0
1588 78 6 0 -1
1589 80 3 1 0
1590 49 24 0 1
1591 73 36 0 1
1592 41 22 1 0
1593 53 20 0 1
1594 17 24 1 0
1595 2 14 0 1
1596 11 23 0 1
1597 81 39 -1 0
1598 48 11 0 -1
1599 11 39 0 -1
1600 80 38 0 -1
1601 30 0 1 0
1602 80 30 0 -1
1603 78 30 0 -1
1604 40 20 -1 0
1605 76 13 0 -1
1606 8 17 1 0
1607 9 21 -1 0
1608 86 36 1 0
1609 63 11 1 0
1610 53 28 0 -1
1611 64 20 1 0
1612 94 23 1 0
1613 95 21 -1 0
1614 4 35 1 0
1615 7 20 1 0
1616 48 12 0 -1
1617 3 37 1 0
1618 51 15 -1 0
1619 83 19 0 1
1620 52 32 -1 0
1621 17 4 1 0
1622 71 34 0 -1
1623 24 18 0 1
1624 39 23 1 0
1625 95 5 0 1
1626 45 33 1 0
1627 54 35 0 1
1628 77 39 1 0
1629 90 39 1 0
1630 41 21 -1 0
1631 31 13 0 -1
1632 90 22 1 0
1633 33 5 0 1
1634 25 22 0 -1
1635 49 26 0 1
1636 77 1 -1 0
1637 59 3 -1 0
1638 33 31 -1 0
1639 97 32 -1 0
1640 20 35 1 0
1641 4 6 1 0
1642 96 10 -1 0
1643 12 33 0 -1
1644 94 14 1 0
1645 17 31 -1 0
1646 2 32 1 0
1647 93 34 0 -1
1648 60 13 0 1
1649 26 16 -1 0
1650 30 38 1 0
1651 17 29 -1 0
1652 18 8 1 0
1653 94 24 1 0
1654 89 23 -1 0
1655 27 12 1 0
1656 39 20 0 -1
1657 42 32 0 1
1658 8 0 1 0
1659 46 5 -1 0
1660 29 5 0 -1
1661 62 23 0 -1
1662 70 19 0 -1
1663 25 8 1 0
1664 31 4 0 -1
1665 98 34 0 1
1666 87 24 0 -1
1667 44 33 -1 0
1668 0 27 0 -1
1669 21 9 0 1
1670 79 13 -1 0
1671 11 33 1 0
1672 20 30 0 1
1673 34 33 1 0
1674 91 28 0 1
1675 52 37 0 1
1676 77 31 0 -1
1677 21 19 0 -1
1678 61 21 1 0
1679 93 32 -1 0
1680 17 27 -1 0
1681 36 15 -1 0
1682 59 24 -1 0
1683 2 6 0 1
1684 71 6 0 -1
1685 53 1 0 -1
1686 93 7 -1 0
1687 18 25 1 0
1688 36 12 -1 0
1689 15 21 0 -1
1690 70 4 -1 0
1691 47 6 -1 0
1692 24 32 0 -1
1693 55 12 -1 0
1694 46 8 0 1
1695 92 26 0 -1
1696 53 20 0 1
1697 95 31 0 -1
1698 85 0 1 0
1699 79 36 -1 0
1700 96 17 0 1
1701 69 21 0 1
1702 38 10 0 1
1703 39 20 1 0
1704 40 36 0 1
1705 60 28 1 0
1706 27 21 -1 0
1707 45 31 -1 0
1708 92 22 1 0
1709 83 11 1 0
1710 53 22 -1 0
1711 16 21 -1 0
1712 25 4 0 1
1713 26 22 1 0
1714 30 12 1 0
1715 18 39 0 -1
1716 68 2 1 0
1717 75 33 -1 0
1718 36 38 1 0
1719 48 35 0 1
1720 4 3 0 -1
1721 57 9 0 -1
1722 45 30 0 -1
1723 12 34 0 -1
1724 49 31 0 1
1725 37 11 0 1
1726 17 8 0 -1
1727 1 13 -1 0
1728 75 12 1 0
1729 46 10 -1 0
1730 85 27 0 1
1731 45 5 1 0
1732 52 7 0 -1
1733 89 6 -1 0
1734 81 24 -1 0
1735 23 27 0 -1
1736 55 37 1 0
1737 45 16 0 1
1738 80 8 0 1
1739 41 18 0 1
1740 55 0 0 -1
1741 28 23 0 -1
1742 46 29 -1 0
1743 11 31 -1 0
1744 3 16 0 1
1745 76 21 0 -1
1746 41 4 0 1
1747 70 34 -1 0
1748 99 11 -1 0
1749 68 10 0 1
1750 27 15 1 0
1751 26 37 1 0
1752 18 24 0 -1
1753 67 20 1 0
1754 54 34 1 0
1755 92 29 0 -1
1756 93 1 1 0
1757 4 37 0 1
1758 73 4 -1 0
1759 4 38 0 1
1760 72 13 -1 0
1761 15 39 1 0
1762 91 35 -1 0
1763 38 1 0 -1
1764 72 34 -1 0
1765 80 29 0 -1
1766 61 10 0 -1
1767 25 24 1 0
1768 22 21 1 0
1769 60 20 1 0
1770 21 21 1 0
1771 76 28 1 0
1772 10 6 0 1
1773 79 36 0 -1
1774 8 3 0 -1
1775 97 16 0 -1
1776 64 1 0 1
1777 67 10 0 1
1778 93 24 -1 0
1779 27 28 -1 0
1780 26 14 0 -1
1781 71 21 -1 0
1782 34 28 -1 0
1783 56 10 -1 0
1784 4 31 1 0
1785 32 31 -1 0
1786 95 29 0 1
1787 95 36 0 1
1788 96 31 1 0
1789 9 38 0 1
1790 35 21 0 -1
1791 83 38 0 -1
1792 1 13 -1 0
1793 69 27 1 0
1794 72 11 -1 0
1795 40 7 1 0
1796 66 12 -1 0
1797 45 3 0 1
1798 93 15 0 -1
1799 52 16 0 1
1800 57 36 -1 0
1801 76 10 0 -1
1802 17 11 1 0
1803 78 13 1 0
1804 38 27 0 1
1805 36 6 -1 0
1806 5 16 0 1
1807 60 20 -1 0
1808 1 11 0 1
1809 88 18 0 1
1810 3 36 1 0
1811 12 35 -1 0
1812 24 34 0 -1
1813 18 27 0 -1
1814 4 3 -1 0
1815 35 6 1 0
1816 5 2 0 -1
1817 42 21 1 0
1818 95 22 1 0
1819 49 14 0 -1
1820 18 38 -1 0
1821 19 4 1 0
1822 36 16 0 -1
1823 9 27 0 1
1824 52 30 1 0
1825 47 17 1 0
1826 97 15 0 1
1827 98 25 0 1
1828 38 18 0 1
1829 32 22 -1 0
1830 17 26 1 0
1831 40 14 0 -1
1832 43 28 0 1
1833 65 38 0 -1
1834 50 8 1 0
1835 95 26 0 1
1836 28 23 0 -1
1837 64 1 0 1
1838 59 10 1 0
1839 48 31 0 1
1840 40 5 0 1
1841 96 39 0 -1
1842 12 11 1 0
1843 91 30 1 0
1844 29 12 1 0
1845 46 4 1 0
1846 55 34 1 0
1847 45 21 0 1
1848 58 24 0 -1
1849 56 10 0 1
1850 89 26 1 0
1851 24 11 1 0
1852 88 16 0 -1
1853 7 33 0 -1
1854 51 22 0 1
1855 85 29 -1 0
1856 36 36 0 1
1857 56 13 0 1
1858 16 36 0 1
1859 4 19 0 1
1860 22 22 0 -1
1861 19 18 0 -1
1862 29 33 1 0
1863 86 18 -1 0
1864 9 35 1 0
1865 33 24 0 1
1866 97 17 1 0
1867 6 10 0 1
1868 49 22 -1 0
1869 48 16 1 0
1870 96 7 1 0
1871 34 6 -1 0
1872 11 3 0 -1
1873 9 33 -1 0
1874 19 33 1 0
1875 74 3 0 -1
1876 33 36 0 1
1877 56 6 1 0
1878 88 25 -1 0
1879 2 18 -1 0
1880 13 11 -1 0
1881 51 15 1 0
1882 47 35 -1 0
1883 73 37 0 -1
1884 55 26 1 0
1885 88 0 -1 0
1886 55 9 1 0
1887 92 16 0 -1
1888 74 11 1 0
1889 10 20 0 -1
1890 44 19 -1 0
1891 47 1 -1 0
1892 28 22 0 -1
1893 40 37 0 1
1894 48 39 0 -1
1895 47 22 0 -1
1896 36 18 1 0
1897 39 25 0 1
1898 4 20 1 0
1899 4 34 0 -1
1900 19 34 1 0
1901 71 36 -1 0
1902 42 28 -1 0
1903 15 18 0 -1
1904 1 11 0 -1
1905 5 35 -1 0
1906 49 36 1 0
1907 88 17 1 0
1908 41 39 -1 0
1909 17 37 0 -1
1910 12 4 -1 0
1911 13 30 -1 0
1912 90 20 0 1
1913 44 35 0 -1
1914 0 2 0 1
1915 14 37 -1 0
1916 70 26 0 1
1917 48 37 -1 0
1918 57 12 0 -1
1919 78 12 -1 0
1920 88 16 0 -1
1921 82 16 -1 0
1922 38 28 1 0
1923 20 13 0 1
1924 66 25 1 0
1925 85 39 1 0
1926 21 6 0 -1
1927 85 39 1 0
1928 53 19 -1 0
1929 61 25 -1 0
1930 27 6 0 1
1931 66 27 0 -1
1932 30 22 1 0
1933 76 36 0 1
1934 92 23 -1 0
1935 41 25 0 1
1936 90 29 0 -1
1937 51 32 0 -1
1938 33 0 0 -1
1939 82 6 0 1
1940 29 29 0 1
1941 49 2 0 1
1942 30 25 1 0
1943 46 5 0 1
1944 8 37 1 0
1945 61 2 -1 0
1946 71 31 0 1
1947 96 4 1 0
1948 92 24 -1 0
1949 90 25 0 -1
1950 46 4 -1 0
1951 50 10 0 1
1952 80 26 -1 0
1953 10 26 0 1
1954 29 25 0 -1
1955 42 0 0 -1
1956 22 31 1 0
1957 31 23 -1 0
1958 57 22 1 0
1959 10 18 1 0
1960 7 35 0 1
1961 87 6 1 0
1962 52 35 -1 0
1963 44 21 -1 0
1964 69 9 -1 0
1965 45 16 0 1
1966 43 32 1 0
1967 81 34 0 -1
1968 45 8 0 -1
1969 57 25 1 0
1970 44 37 0 -1
1971 78 25 0 -1
1972 58 18 -1 0
1973 80 36 0 -1
1974 17 9 1 0
1975 53 20 -1 0
1976 16 9 1 0
1977 4 6 1 0
1978 2 4 1 0
1979 4 21 1 0
1980 54 18 0 1
1981 78 11 0 1
1982 83 18 -1 0
1983 30 31 1 0
1984 18 26 1 0
1985 86 28 1 0
1986 80 16 0 1
1987 87 28 1 0
1988 29 20 -1 0
1989 9 13 1 0
1990 99 2 0 -1
1991 3 9 0 1
1992 0 36 1 0
1993 0 35 -1 0
1994 71 3 0 -1
1995 97 6 -1 0
1996 95 25 0 1
1997 69 14 0 1
1998 16 34 0 -1
1999 5 4 0 -1
2000 21 2 1 0
2001 84 6 0 -1
2002 61 20 0 1
2003 6 21 1 0
2004 55 8 1 0
2005 88 20 0 -1
2006 27 39 0 -1
2007 4 39 0 1
2008 7 39 -1 0
2009 93 10 -1 0
2010 49 34 0 1
2011 70 29 -1 0
2012 3 23 1 0
2013 5 28 1 0
2014 55 31 0 -1
2015 11 29 -1 0
2016 16 13 1 0
2017 98 30 0 -1
2018 52 36 0 1
2019 19 37 0 -1
2020 97 33 -1 0
2021 81 21 0 -1
2022 50 20 0 -1
2023 25 17 0 -1
2024 25 27 -1 0
2025 32 18 1 0
2026 99 3 -1 0
2027 1 11 -1 0
2028 13 28 0 1
2029 13 32 -1 0
2030 24 6 0 1
2031 13 20 1 0
2032 40 18 0 1
2033 17 32 -1 0
2034 61 32 0 1
2035 61 36 0 1
2036 97 31 1 0
2037 84 36 0 -1
2038 68 31 0 -1
2039 14 32 1 0
2040 29 30 1 0
2041 86 26 0 -1
2042 44 13 0 1
2043 86 18 0 1
2044 99 31 0 1
2045 51 15 1 0
2046 67 22 0 1
2047 66 37 0 -1
2048 28 21 1 0
2049 76 11 1 0
2050 41 39 1 0
2051 40 19 0 1
2052 75 11 0 1
2053 90 32 -1 0
2054 29 1 -1 0
2055 77 25 -1 0
2056 51 30 0 1
2057 24 24 1 0
2058 8 7 1 0
2059 76 33 1 0
2060 40 13 1 0
2061 56 5 -1 0
2062 99 12 0 -1
2063 4 3 1 0
2064 88 2 0 -1
2065 31 26 0 -1
2066 57 3 1 0
2067 18 34 1 0
2068 93 22 0 -1
2069 54 10 0 1
2070 15 26 -1 0
2071 59 0 -1 0
2072 99 8 -1 0
2073 34 39 1 0
2074 73 30 1 0
2075 1 36 0 -1
2076 22 18 0 1
2077 27 32 0 -1
2078 78 1 0 -1
2079 42 9 1 0
2080 98 1 1 0
2081 22 5 -1 0
2082 26 11 1 0
2083 81 34 0 1
2084 84 21 -1 0
2085 40 37 0 -1
2086 76 5 0 -1
2087 53 8 0 1
2088 16 1 1 0
2089 47 13 -1 0
2090 80 2 0 1
2091 92 27 -1 0
2092 11 13 0 1
2093 45 25 -1 0
2094 36 19 -1 0
2095 21 36 1 0
2096 39 12 1 0
2097 98 37 1 0
2098 26 9 1 0
2099 2 28 0 1
2100 4 29 0 -1
2101 28 28 0 1
2102 21 37 0 1
2103 24 11 0 -1
2104 13 32 0 1
2105 47 31 0 1
2106 82 36 0 -1
2107 23 20 1 0
2108 81 3 -1 0
2109 82 22 0 -1
2110 40 5 1 0
2111 78 39 0 1
2112 71 24 0 1
2113 40 11 -1 0
2114 69 35 -1 0
2115 72 28 1 0
2116 97 13 0 -1
2117 34 28 1 0
2118 34 36 0 -1
2119 90 12 -1 0
2120 84 24 0 1
2121 14 27 -1 0
2122 47 6 -1 0
2123 72 33 -1 0
2124 42 36 -1 0
2125 78 32 -1 0
2126 83 32 0 -1
2127 62 25 -1 0
2128 86 17 0 1
2129 17 13 0 -1
2130 61 4 -1 0
2131 54 26 0 -1
2132 62 5 1 0
2133 2 11 -1 0
2134 77 22 -1 0
2135 81 15 -1 0
2136 55 2 0 1
2137 19 13 0 1
2138 82 13 0 -1
2139 62 9 1 0
2140 48 19 1 0
2141 12 27 0 1
2142 25 32 0 -1
2143 51 10 -1 0
2144 32 9 1 0
2145 32 14 -1 0
2146 76 18 -1 0
2147 69 22 -1 0
2148 60 6 1 0
2149 91 17 0 -1
2150 74 35 0 1
2151 26 18 0 -1
2152 7 16 1 0
2153 89 30 1 0
2154 39 13 1 0
2155 59 21 1 0
2156 26 7 -1 0
2157 92 33 1 0
2158 79 18 -1 0
2159 88 9 1 0
2160 46 11 -1 0
2161 42 15 0 -1
2162 22 37 -1 0
2163 63 34 0 -1
2164 63 34 -1 0
2165 84 38 0 -1
2166 60 1 0 1
2167 21 1 0 1
2168 0 26 0 -1
2169 87 23 0 1
2170 82 15 1 0
2171 53 21 0 1
2172 47 6 -1 0
2173 65 34 -1 0
2174 94 32 0 -1
2175 82 18 1 0
2176 87 4 0 -1
2177 31 26 -1 0
2178 32 20 -1 0
2179 15 4 0 -1
2180 17 26 0 1
2181 87 26 1 0
2182 67 23 0 -1
2183 65 14 -1 0
2184 95 13 0 -1
2185 95 18 -1 0
2186 82 29 0 1
2187 87 6 1 0
2188 39 35 -1 0
2189 90 6 0 -1
2190 48 18 0 -1
2191 63 11 1 0
2192 98 26 0 -1
2193 25 15 1 0
2194 84 11 -1 0
2195 1 3 0 -1
2196 10 36 1 0
2197 21 35 0 1
2198 75 19 0 1
2199 94 21 -1 0
2200 98 37 -1 0
2201 60 1 -1 0
2202 63 8 0 -1
2203 4 24 -1 0
2204 36 39 -1 0
2205 71 10 1 0
2206 3 34 -1 0
2207 87 17 0 1
2208 62 17 -1 0
2209 39 34 0 -1
2210 82 23 0 1
2211 56 21 -1 0
2212 47 8 0 -1
2213 33 6 0 -1
2214 42 39 -1 0
2215 34 37 0 1
2216 69 34 0 -1
2217 76 32 0 1
2218 92 20 0 1
2219 65 26 0 -1
2220 29 1 0 1
2221 61 12 0 1
2222 41 32 0 -1
2223 93 9 0 -1
2224 19 5 -1 0
2225 64 12 1 0
2226 21 29 1 0
2227 27 2 -1 0
2228 61 32 1 0
2229 28 31 -1 0
2230 18 19 1 0
2231 95 24 -1 0
2232 70 38 1 0
2233 80 32 0 -1
2234 55 10 0 1
2235 4 4 0 -1
2236 48 27 -1 0
2237 53 22 0 1
2238 25 17 1 0
2239 77 4 -1 0
2240 13 27 0 -1
2241 23 31 0 1
2242 3 8 0 1
2243 36 11 1 0
2244 22 6 -1 0
2245 2 6 0 -1
2246 94 37 1 0
2247 16 2 1 0
2248 75 26 0 -1
2249 26 14 0 -1
2250 88 8 0 -1
2251 61 33 0 1
2252 35 39 0 1
2253 60 35 -1 0
2254 20 12 0 -1
2255 6 17 0 1
2256 85 20 0 1
2257 89 18 0 -1
2258 18 4 0 -1
2259 20 14 0 -1
2260 56 33 0 -1
2261 15 2 -1 0
2262 43 33 1 0
2263 21 20 1 0
2264 80 12 -1 0
2265 18 12 0 1
2266 31 15 1 0
2267 54 23 0 1
2268 71 20 -1 0
2269 29 34 0 1
2270 85 7 1 0
2271 35 20 0 -1
2272 20 6 0 1
2273 75 7 1 0
2274 8 23 0 -1
2275 90 21 1 0
2276 65 7 -1 0
2277 22 5 0 1
2278 85 3 0 1
2279 41 2 -1 0
2280 52 5 0 -1
2281 39 15 -1 0
2282 41 0 -1 0
2283 92 26 -1 0
2284 55 19 -1 0
2285 90 30 1 0
2286 0 27 0 -1
2287 49 21 -1 0
2288 41 17 0 -1
2289 24 2 0 -1
2290 5 4 1 0
2291 31 37 0 1
2292 68 5 0 -1
2293 76 18 -1 0
2294 3 4 -1 0
2295 8 15 1 0
2296 37 9 1 0
2297 31 22 1 0
2298 42 14 0 1
2299 73 24 0 1
2300 77 23 1 0
2301 47 38 0 -1
2302 75 19 -1 0
2303 0 39 0 1
2304 38 20 -1 0
2305 31 4 1 0
2306 12 17 -1 0
2307 81 17 0 1
2308 86 2 0 -1
2309 76 16 0 -1
2310 72 36 1 0
2311 46 37 -1 0
2312 35 25 0 -1
2313 94 21 -1 0
2314 38 9 0 -1
2315 56 17 0 1
2316 94 29 1 0
2317 80 39 0 -1
2318 2 15 0 1
2319 60 16 0 1
2320 82 20 1 0
2321 35 22 1 0
2322 18 33 0 -1
2323 40 18 0 -1
2324 18 20 1 0
2325 22 23 0 -1
2326 74 39 1 0
2327 46 34 -1 0
2328 70 39 -1 0
2329 95 24 1 0
2330 41 6 0 -1
2331 10 31 -1 0
2332 57 15 0 -1
2333 36 5 1 0
2334 18 9 -1 0
2335 76 28 -1 0
2336 55 30 0 -1
2337 78 35 -1 0
2338 77 17 -1 0
2339 11 10 0 1
2340 94 21 1 0
2341 59 38 0 1
2342 26 1 0 1
2343 97 28 0 1
2344 56 25 0 1
2345 77 33 0 -1
2346 53 6 -1 0
2347 24 4 0 1
2348 10 15 0 1
2349 11 3 0 -1
2350 0 19 0 1
2351 10 22 -1 0
2352 15 37 1 0
2353 10 9 1 0
2354 57 10 -1 0
2355 67 21 1 0
2356 80 20 0 1
2357 38 0 0 -1
2358 58 6 1 0
2359 30 9 0 -1
2360 73 36 1 0
2361 42 39 1 0
2362 46 24 1 0
2363 73 33 -1 0
2364 18 19 0 1
2365 46 6 -1 0
2366 50 12 1 0
2367 11 24 0 -1
2368 42 2 0 -1
2369 1 23 -1 0
2370 7 32 -1 0
2371 97 7 -1 0
2372 16 9 0 -1
2373 22 30 0 -1
2374 6 13 0 1
2375 96 22 0 -1
2376 63 20 0 1
2377 22 32 0 -1
2378 38 21 -1 0
2379 34 35 0 1
2380 6 21 -1 0
2381 77 30 1 0
2382 26 20 0 -1
2383 28 4 -1 0
2384 48 32 1 0
2385 19 15 -1 0
2386 39 22 1 0
2387 25 30 1 0
2388 23 35 0 1
2389 97 29 -1 0
2390 32 31 0 1
2391 88 9 1 0
2392 67 4 -1 0
2393 58 33 0 -1
2394 35 15 -1 0
2395 8 37 0 -1
2396 36 0 1 0
2397 28 21 -1 0
2398 30 19 -1 0
2399 22 22 1 0
2400 8 18 0 1
2401 4 15 0 1
2402 61 5 0 1
2403 45 34 0 -1
2404 20 26 0 1
2405 0 9 1 0
2406 18 39 1 0
2407 77 3 0 1
2408 68 39 -1 0
2409 8 17 0 1
2410 71 18 1 0
2411 78 8 0 1
2412 66 24 0 -1
2413 54 29 -1 0
2414 42 18 0 -1
2415 76 8 0 -1
2416 23 22 0 -1
2417 46 6 0 -1
2418 84 0 -1 0
2419 40 2 1 0
2420 44 2 1 0
2421 58 5 -1 0
2422 68 26 -1 0
2423 27 8 1 0
2424 47 13 1 0
2425 3 3 0 1
2426 54 27 1 0
2427 11 33 0 -1
2428 21 0 0 1
2429 5 9 1 0
2430 76 37 -1 0
2431 94 33 0 -1
2432 54 38 1 0
2433 41 8 0 1
2434 95 32 0 -1
2435 36 3 -1 0
2436 94 4 0 1
2437 74 33 0 -1
2438 61 6 -1 0
2439 0 26 0 1
2440 82 20 -1 0
2441 91 33 -1 0
2442 38 27 -1 0
2443 6 16 0 1
2444 2 5 0 -1
2445 92 29 0 1
2446 71 2 -1 0
2447 34 37 0 1
2448 84 38 -1 0
2449 16 21 0 -1
2450 99 26 0 1
2451 97 2 0 1
2452 32 13 0 1
2453 87 18 1 0
2454 9 9 1 0
2455 77 39 -1 0
2456 3 33 -1 0
2457 0 19 1 0
2458 22 15 1 0
2459 31 4 0 1
2460 76 24 0 -1
2461 46 16 -1 0
2462 63 17 1 0
2463 32 6 -1 0
2464 50 13 -1 0
2465 53 10 1 0
2466 88 18 1 0
2467 48 25 -1 0
2468 13 26 1 0
2469 1 19 0 1
2470 45 10 -1 0
2471 13 38 0 1
2472 89 28 0 1
2473 7 10 -1 0
2474 70 8 0 1
2475 76 1 1 0
2476 41 22 0 -1
2477 68 39 0 1
2478 85 8 1 0
2479 80 20 0 -1
2480 39 15 1 0
2481 31 24 0 -1
2482 36 5 1 0
2483 97 34 -1 0
2484 75 39 0 -1
2485 61 29 -1 0
2486 94 16 0 1
2487 44 28 0 -1
2488 89 19 1 0
2489 3 18 0 -1
2490 64 39 1 0
2491 21 9 -1 0
2492 18 35 1 0
2493 26 24 0 -1
2494 46 5 -1 0
2495 95 38 0 1
2496 43 20 -1 0
2497 25 30 0 1
2498 68 19 -1 0
2499 19 24 1 0
2500 55 17 -1 0
2501 20 23 0 1
2502 55 10 -1 0
2503 28 7 1 0
2504 32 39 0 1
2505 88 0 -1 0
2506 51 8 1 0
2507 81 8 0 1
2508 9 9 0 -1
2509 5 8 -1 0
2510 13 3 1 0
2511 48 28 0 -1
2512 19 31 1 0
2513 62 33 0 -1
2514 26 29 -1 0
2515 36 9 0 1
2516 59 35 1 0
2517 72 16 -1 0
2518 82 25 0 1
2519 35 5 0 1
2520 48 24 0 -1
2521 6 1 0 1
2522 16 0 -1 0
2523 14 17 0 1
2524 15 6 -1 0
2525 78 3 -1 0
2526 52 16 0 -1
2527 69 13 1 0
2528 31 38 0 -1
2529 48 18 0 -1
2530 40 10 0 -1
2531 50 16 -1 0
2532 21 6 1 0
2533 88 12 0 -1
2534 13 25 1 0
2535 84 7 1 0
2536 84 25 1 0
2537 60 6 0 -1
2538 46 30 0 -1
2539 74 17 0 -1
2540 43 25 1 0
2541 78 21 1 0
2542 91 23 1 0
2543 49 30 1 0
2544 11 20 0 -1
2545 15 10 0 -1
2546 92 28 1 0
2547 25 5 1 0
2548 45 9 0 1
2549 46 29 -1 0
2550 33 13 0 1
2551 77 13 1 0
2552 71 7 1 0
2553 87 21 0 1
2554 46 4 -1 0
2555 67 22 0 -1
2556 75 21 -1 0
2557 28 29 0 1
2558 7 1 -1 0
2559 31 38 0 1
2560 15 35 -1 0
2561 7 26 1 0
2562 97 26 0 -1
2563 6 16 1 0
2564 78 29 0 1
2565 30 31 -1 0
2566 68 5 -1 0
2567 10 11 1 0
2568 41 13 -1 0
2569 34 12 0 -1
2570 47 38 0 1
2571 86 16 -1 0
2572 90 0 0 -1
2573 93 14 1 0
2574 14 37 0 -1
2575 36 16 -1 0
2576 84 11 0 -1
2577 49 32 0 1
2578 87 6 -1 0
2579 59 11 0 -1
2580 93 27 1 0
2581 53 37 -1 0
2582 63 5 1 0
2583 5 10 1 0
2584 97 34 1 0
2585 43 22 1 0
2586 90 19 -1 0
2587 77 16 0 -1
2588 45 0 -1 0
2589 72 4 -1 0
2590 21 19 0 -1
2591 99 1 1 0
2592 38 16 -1 0
2593 43 22 0 -1
2594 11 38 1 0
2595 48 4 -1 0
2596 40 31 0 1
2597 14 15 -1 0
2598 64 19 0 -1
2599 96 14 1 0
2600 5 0 0 -1
2601 44 19 1 0
2602 43 29 -1 0
2603 25 13 1 0
2604 75 15 0 -1
2605 15 20 -1 0
2606 35 39 0 1
2607 14 6 0 1
2608 52 16 0 -1
2609 84 33 0 -1
2610 72 36 -1 0
2611 21 2 -1 0
2612 92 16 -1 0
2613 13 19 0 -1
2614 90 1 0 1
2615 78 22 0 -1
2616 18 38 0 1
2617 5 6 0 -1
2618 24 0 0 -1
2619 33 3 1 0
2620 26 3 0 1
2621 42 31 0 -1
2622 24 26 0 1
2623 95 12 1 0
2624 74 20 1 0
2625 21 20 0 1
2626 47 11 0 -1
2627 34 35 -1 0
2628 25 29 -1 0
2629 92 2 -1 0
2630 8 0 -1 0
2631 48 4 -1 0
2632 29 17 0 -1
2633 98 38 -1 0
2634 89 24 0 1
2635 32 27 0 -1
2636 22 9 0 1
2637 92 32 0 1
2638 7 3 0 -1
2639 15 23 1 0
2640 18 35 0 1
2641 41 23 1 0
2642 2 11 0 1
2643 80 30 1 0
2644 45 6 -1 0
2645 49 0 1 0
2646 89 12 1 0
2647 31 28 0 -1
2648 73 32 1 0
2649 13 30 0 -1
2650 50 39 1 0
2651 9 38 0 -1
2652 45 29 0 1
2653 19 24 1 0
2654 45 8 -1 0
2655 70 21 0 -1
2656 34 1 0 -1
2657 74 31 0 -1
2658 38 21 -1 0
2659 20 3 1 0
2660 38 21 0 1
2661 45 33 1 0
2662 10 23 1 0
2663 68 33 1 0
2664 43 9 -1 0
2665 16 2 0 1
2666 54 23 0 -1
2667 88 22 0 -1
2668 54 35 1 0
2669 79 5 0 -1
2670 2 0 0 1
2671 28 2 1 0
2672 88 28 0 1
2673 14 32 0 1
2674 48 13 0 1
2675 82 5 -1 0
2676 61 1 -1 0
2677 53 1 -1 0
2678 54 4 -1 0
2679 82 20 1 0
2680 27 6 1 0
2681 52 38 0 1
2682 60 25 -1 0
2683 88 3 -1 0
2684 8 2 1 0
2685 17 30 1 0
2686 40 22 0 -1
2687 69 34 1 0
2688 43 2 1 0
2689 11 24 1 0
2690 29 12 0 1
2691 42 38 -1 0
2692 84 38 0 -1
2693 35 28 0 1
2694 49 11 1 0
2695 56 25 0 1
2696 59 10 1 0
2697 68 30 0 1
2698 9 22 1 0
2699 75 10 0 -1
2700 99 29 1 0
2701 55 25 0 1
2702 67 28 -1 0
2703 9 5 0 1
2704 6 31 -1 0
2705 89 7 0 -1
2706 85 27 0 -1
2707 20 18 0 -1
2708 63 6 1 0
2709 49 2 0 -1
2710 56 27 0 1
2711 89 29 -1 0
2712 90 13 0 1
2713 82 39 1 0
2714 86 6 -1 0
2715 23 29 0 1
2716 61 32 1 0
2717 50 26 0 1
2718 64 22 0 -1
2719 22 25 0 -1
2720 14 31 0 1
2721 79 22 1 0
2722 99 34 0 -1
2723 71 17 -1 0
2724 47 16 0 -1
2725 46 12 -1 0
2726 50 0 0 1
2727 58 8 1 0
2728 27 36 1 0
2729 60 35 -1 0
2730 97 33 1 0
2731 13 20 0 1
2732 23 39 -1 0
2733 30 3 -1 0
2734 88 39 0 1
2735 18 10 1 0
2736 2 2 0 -1
2737 63 19 0 -1
2738 27 34 1 0
2739 24 31 -1 0
2740 32 29 -1 0
2741 54 15 0 -1
2742 46 14 0 1
2743 97 22 0 -1
2744 15 23 1 0
2745 26 0 1 0
2746 6 5 0 -1
2747 27 16 0 -1
2748 76 13 1 0
2749 12 38 0 1
2750 14 1 0 -1
2751 69 10 0 1
2752 43 14 0 1
2753 86 4 1 0
2754 58 15 -1 0
2755 93 38 0 1
2756 82 23 1 0
2757 66 14 0 -1
2758 66 35 1 0
2759 79 9 0 1
2760 93 20 1 0
2761 89 10 1 0
2762 44 7 1 0
2763 59 32 1 0
2764 17 3 0 -1
2765 86 13 -1 0
2766 22 38 1 0
2767 30 2 0 -1
2768 9 36 0 -1
2769 55 11 -1 0
2770 81 36 -1 0
2771 55 35 -1 0
2772 38 18 1 0
2773 2 29 -1 0
2774 43 5 0 1
2775 19 25 0 -1
2776 58 21 0 -1
2777 40 2 -1 0
2778 40 34 -1 0
2779 82 30 0 1
2780 60 10 0 -1
2781 97 15 1 0
2782 30 26 1 0
2783 88 5 1 0
2784 65 10 -1 0
2785 21 22 0 1
2786 79 24 1 0
2787 70 29 0 -1
2788 43 4 0 -1
2789 28 2 0 -1
2790 80 30 1 0
2791 67 38 0 1
2792 74 1 0 -1
2793 26 31 0 -1
2794 15 8 1 0
2795 15 15 0 1
2796 29 2 0 -1
2797 78 11 1 0
2798 84 23 -1 0
2799 19 15 0 1
2800 39 27 0 -1
2801 91 9 0 -1
2802 18 21 1 0
2803 94 31 -1 0
2804 61 13 1 0
2805 59 15 1 0
2806 7 38 -1 0
2807 12 15 1 0
2808 56 35 0 1
2809 8 17 1 0
2810 81 15 -1 0
2811 54 22 1 0
2812 64 27 0 1
2813 68 7 -1 0
2814 89 14 0 -1
2815 57 7 1 0
2816 18 6 1 0
2817 37 21 0 1
2818 24 35 0 -1
2819 95 37 0 1
2820 2 23 0 -1
2821 91 13 1 0
2822 78 14 1 0
2823 0 3 0 -1
2824 16 25 0 -1
2825 87 0 0 1
2826 6 34 -1 0
2827 21 16 1 0
2828 90 38 0 1
2829 14 9 1 0
2830 70 36 0 1
2831 25 37 0 -1
2832 88 34 0 -1
2833 15 17 1 0
2834 21 10 0 1
2835 20 24 -1 0
2836 62 11 1 0
2837 19 12 0 -1
2838 66 13 1 0
2839 67 5 0 1
2840 46 10 0 -1
2841 22 9 -1 0
2842 58 34 -1 0
2843 41 18 0 -1
2844 79 37 0 1
2845 57 19 -1 0
2846 89 39 0 -1
2847 66 15 0 -1
2848 27 3 1 0
2849 64 2 1 0
2850 10 8 0 1
2851 89 15 1 0
2852 87 36 0 -1
2853 10 33 0 1
2854 76 0 -1 0
2855 49 15 -1 0
2856 61 11 0 1
2857 15 30 -1 0
2858 53 36 0 1
2859 32 25 -1 0
2860 0 35 0 -1
2861 98 32 0 1
2862 48 35 1 0
2863 61 5 1 0
2864 87 14 0 1
2865 5 21 1 0
2866 74 36 0 -1
2867 14 11 0 -1
2868 7 17 1 0
2869 43 0 0 -1
2870 81 6 0 -1
2871 65 14 1 0
2872 17 30 0 -1
2873 20 26 -1 0
2874 37 26 0 -1
2875 93 31 -1 0
2876 67 4 1 0
2877 83 28 0 1
2878 51 31 -1 0
2879 27 39 0 -1
2880 61 34 0 1
2881 88 14 0 1
2882 71 30 0 -1
2883 54 24 1 0
2884 8 29 0 1
2885 4 29 1 0
2886 24 13 0 -1
2887 55 31 0 1
2888 50 4 0 1
2889 50 17 0 -1
2890 30 4 0 -1
2891 24 0 -1 0
2892 13 31 0 -1
2893 87 38 -1 0
2894 35 7 -1 0
2895 53 24 -1 0
2896 91 21 -1 0
2897 56 10 -1 0
2898 59 22 -1 0
2899 69 29 -1 0
2900 12 24 0 1
2901 48 22 -1 0
2902 52 27 0 -1
2903 71 22 -1 0
2904 97 7 0 -1
2905 2 10 0 -1
2906 37 29 0 1
2907 97 32 -1 0
2908 88 14 0 -1
2909 73 15 1 0
2910 89 3 0 -1
2911 96 26 0 -1
2912 97 12 1 0
2913 10 6 0 -1
2914 95 13 0 -1
2915 31 38 -1 0
2916 52 25 0 1
2917 91 19 0 -1
2918 32 19 1 0
2919 84 16 -1 0
2920 0 10 0 1
2921 75 2 0 1
2922 95 4 1 0
2923 57 16 0 -1
2924 5 20 -1 0
2925 20 11 1 0
2926 10 12 1 0
2927 80 13 1 0
2928 90 27 1 0
2929 86 1 0 -1
2930 24 28 0 1
2931 44 2 0 1
2932 19 9 -1 0
2933 95 26 0 -1
2934 15 33 1 0
2935 11 13 0 -1
2936 77 21 -1 0
2937 7 17 0 -1
2938 46 33 1 0
2939 29 27 0 -1
2940 96 8 1 0
2941 35 13 0 1
2942 94 34 1 0
2943 39 1 0 -1
2944 41 28 0 -1
2945 57 29 0 1
2946 78 39 0 -1
2947 42 22 -1 0
2948 41 0 -1 0
2949 45 26 0 -1
2950 73 36 1 0
2951 51 31 0 1
2952 20 12 1 0
2953 45 2 0 -1
2954 17 2 1 0
2955 32 32 1 0
2956 43 24 0 1
2957 70 2 0 -1
2958 5 5 1 0
2959 10 27 0 -1
2960 63 19 0 1
2961 86 31 1 0
2962 82 29 0 -1
2963 50 10 0 1
2964 18 1 0 1
2965 87 28 0 -1
2966 40 14 1 0
2967 19 31 -1 0
2968 52 28 1 0
2969 46 7 1 0
2970 6 33 0 1
2971 48 39 0 1
2972 17 12 0 -1
2973 19 18 0 1
2974 66 29 -1 0
2975 77 18 1 0
2976 72 7 -1 0
2977 57 18 -1 0
2978 20 23 0 -1
2979 41 37 0 1
2980 42 22 0 -1
2981 65 3 0 -1
2982 26 21 0 -1
2983 36 12 0 -1
2984 3 17 0 -1
2985 26 17 1 0
2986 76 4 1 0
2987 88 13 0 1
2988 64 4 0 1
2989 80 25 0 1
2990 27 2 1 0
2991 53 21 -1 0
2992 43 39 -1 0
2993 77 17 0 1
2994 2 8 0 -1
2995 76 20 1 0
2996 29 20 0 -1
2997 44 15 -1 0
2998 22 12 -1 0
2999 30 4 1 0
3000 34 2 0 -1
3001 17 13 0 1
3002 65 23 -1 0
3003 41 11 0 -1
3004 16 20 0 1
3005 77 4 -1 0
3006 97 21 1 0
3007 72 5 0 -1
3008 12 14 0 -1
3009 51 29 -1 0
3010 12 7 0 -1
3011 73 26 0 1
3012 73 1 -1 0
3013 47 21 0 1
3014 38 3 0 1
3015 98 23 -1 0
3016 18 13 -1 0
3017 21 32 1 0
3018 25 34 0 -1
3019 69 15 -1 0
3020 23 32 1 0
3021 68 26 0 1
3022 3 24 1 0
3023 27 7 1 0
3024 41 5 -1 0
3025 24 13 0 -1
3026 36 23 0 1
3027 26 30 -1 0
3028 77 16 -1 0
3029 83 33 -1 0
3030 62 38 1 0
3031 56 3 1 0
3032 56 0 0 -1
3033 68 29 0 -1
3034 55 4 1 0
3035 23 6 1 0
3036 34 14 -1 0
3037 23 5 1 0
3038 12 8 0 1
3039 24 12 0 -1
3040 96 23 1 0
3041 58 32 0 -1
3042 98 17 0 1
3043 90 22 -1 0
3044 60 20 0 -1
3045 57 27 0 -1
3046 78 11 0 -1
3047 0 2 0 -1
3048 17 5 1 0
3049 74 17 0 1
3050 77 12 0 -1
3051 81 13 1 0
3052 9 21 0 -1
3053 31 39 1 0
3054 78 4 -1 0
3055 5 11 0 -1
3056 39 2 1 0
3057 85 38 1 0
3058 42 23 0 -1
3059 47 14 1 0
3060 12 8 -1 0
3061 91 13 1 0
3062 95 29 0 -1
3063 57 35 0 1
3064 15 5 0 1
3065 22 5 0 1
3066 6 34 -1 0
3067 26 32 -1 0
3068 26 13 0 -1
3069 81 7 0 1
3070 13 4 0 1
3071 39 22 -1 0
3072 83 26 0 1
3073 36 7 0 -1
3074 4 1 0 1
3075 57 1 -1 0
3076 71 18 0 1
3077 95 33 -1 0
3078 0 34 0 1
3079 7 12 0 1
3080 57 35 -1 0
3081 27 26 1 0
3082 51 1 0 -1
3083 74 35 0 -1
3084 17 22 0 1
3085 27 13 0 -1
3086 12 28 0 1
3087 85 32 -1 0
3088 89 6 0 -1
3089 30 3 1 0
3090 41 19 1 0
3091 64 17 -1 0
3092 47 38 0 -1
3093 7 20 0 -1
3094 27 9 1 0
3095 84 36 0 1
3096 50 21 0 1
3097 46 9 1 0
3098 49 27 1 0
3099 49 7 0 -1
3100 78 3 1 0
3101 35 34 0 1
3102 63 4 0 -1
3103 37 15 0 1
3104 58 34 -1 0
3105 43 1 0 1
3106 38 28 0 1
3107 73 3 -1 0
3108 56 34 -1 0
3109 79 19 -1 0
3110 25 32 0 -1
3111 19 8 1 0
3112 89 37 0 -1
3113 59 36 0 -1
3114 97 34 0 1
3115 65 32 0 1
3116 50 18 1 0
3117 10 20 0 -1
3118 50 33 0 -1
3119 57 32 1 0
3120 14 23 1 0
3121 19 13 1 0
3122 62 26 1 0
3123 81 1 1 0
3124 99 21 -1 0
3125 31 34 0 1
3126 92 10 1 0
3127 53 8 -1 0
3128 24 37 -1 0
3129 47 37 -1 0
3130 79 37 0 -1
3131 86 9 0 -1
3132 81 6 0 -1
3133 84 26 -1 0
3134 40 18 0 -1
3135 84 10 1 0
3136 93 17 -1 0
3137 62 35 0 1
3138 86 32 0 1
3139 31 6 0 -1
3140 70 16 0 1
3141 10 30 0 1
3142 72 0 -1 0
3143 89 13 0 1
3144 89 33 0 1
3145 65 33 -1 0
3146 82 21 1 0
3147 2 14 1 0
3148 26 16 -1 0
3149 50 15 0 1
3150 77 2 -1 0
3151 80 36 -1 0
3152 84 22 0 -1
3153 20 17 0 1
3154 89 8 -1 0
3155 30 11 1 0
3156 43 2 1 0
3157 8 11 0 -1
3158 54 15 0 1
3159 14 22 0 1
3160 67 17 0 -1
3161 60 9 -1 0
3162 39 18 1 0
3163 22 34 0 1
3164 40 12 -1 0
3165 9 6 0 -1
3166 77 8 0 1
3167 41 20 1 0
3168 60 15 0 1
3169 22 28 1 0
3170 17 10 0 -1
3171 7 38 1 0
3172 67 38 1 0
3173 96 15 -1 0
3174 80 37 -1 0
3175 66 29 0 1
3176 4 7 -1 0
3177 98 21 -1 0
3178 53 12 -1 0
3179 21 22 0 1
3180 7 36 0 -1
3181 2 16 0 1
3182 27 27 0 -1
3183 19 33 0 -1
3184 21 20 0 1
3185 86 11 0 -1
3186 90 31 0 1
3187 50 23 -1 0
3188 39 0 0 1
3189 74 1 1 0
3190 89 21 0 -1
3191 40 12 -1 0
3192 35 17 0 1
3193 49 35 1 0
3194 45 27 -1 0
3195 13 17 0 -1
3196 70 11 -1 0
3197 10 31 -1 0
3198 56 29 1 0
3199 33 23 0 1
3200 87 26 1 0
3201 42 21 1 0
3202 8 28 0 -1
3203 82 6 1 0
3204 75 16 0 -1
3205 41 10 0 -1
3206 7 16 0 1
3207 61 22 1 0
3208 43 21 -1 0
3209 69 26 -1 0
3210 41 32 0 1
3211 14 28 0 1
3212 6 36 -1 0
3213 23 39 -1 0
3214 17 6 0 -1
3215 46 23 0 -1
3216 29 9 -1 0
3217 31 19 -1 0
3218 31 29 1 0
3219 45 30 1 0
3220 63 25 0 1
3221 63 24 0 1
3222 12 38 0 -1
3223 25 24 0 -1
3224 54 22 0 1
3225 71 35 0 -1
3226 12 22 0 1
3227 86 1 0 1
3228 38 24 -1 0
3229 97 18 0 -1
3230 97 5 1 0
3231 96 38 1 0
3232 49 33 0 -1
3233 44 0 -1 0
3234 52 28 0 -1
3235 3 7 -1 0
3236 82 35 0 -1
3237 2 30 1 0
3238 19 12 -1 0
3239 72 27 0 -1
3240 11 5 0 1
3241 23 15 0 -1
3242 7 18 0 1
3243 2 37 1 0
3244 63 13 0 -1
3245 28 33 0 1
3246 36 11 1 0
3247 28 16 0 1
3248 43 29 1 0
3249 68 12 -1 0
3250 45 4 1 0
3251 33 11 0 1
3252 37 16 0 -1
3253 23 36 0 -1
3254 24 5 0 1
3255 23 18 1 0
3256 11 23 0 1
3257 9 7 0 1
3258 33 5 0 -1
3259 41 20 1 0
3260 86 30 0 1
3261 4 1 -1 0
3262 51 18 0 1
3263 24 12 0 -1
3264 85 4 -1 0
3265 14 3 1 0
3266 31 15 1 0
3267 47 16 -1 0
3268 40 24 0 1
3269 99 2 -1 0
3270 29 27 0 1
3271 35 12 0 1
3272 53 1 1 0
3273 67 36 -1 0
3274 99 16 0 -1
3275 97 37 0 -1
3276 72 37 -1 0
3277 25 37 -1 0
3278 80 25 -1 0
3279 10 22 -1 0
3280 87 31 0 -1
3281 50 30 0 1
3282 97 38 -1 0
3283 7 18 0 -1
3284 62 13 0 1
3285 10 0 -1 0
3286 41 17 0 -1
3287 79 22 0 1
3288 94 8 1 0
3289 41 20 0 -1
3290 2 28 0 -1
3291 62 24 0 -1
3292 14 22 0 1
3293 23 19 0 1
3294 24 38 1 0
3295 57 36 0 -1
3296 88 9 1 0
3297 89 8 0 1
3298 3 32 0 1
3299 24 4 1 0
3300 18 29 0 -1
3301 18 22 -1 0
3302 73 31 0 -1
3303 31 31 1 0
3304 63 23 0 -1
3305 94 29 0 1
3306 55 22 1 0
3307 92 29 0 -1
3308 48 38 0 1
3309 47 26 -1 0
3310 54 3 0 -1
3311 41 9 0 1
3312 66 16 0 1
3313 90 29 -1 0
3314 95 0 0 -1
3315 3 26 -1 0
3316 26 27 1 0
3317 47 20 1 0
3318 75 24 -1 0
3319 1 8 0 -1
3320 41 29 0 -1
3321 54 37 -1 0
3322 24 32 1 0
3323 19 36 1 0
3324 98 9 0 1
3325 40 4 -1 0
3326 91 11 0 1
3327 46 32 0 1
3328 25 36 0 1
3329 24 2 1 0
3330 82 13 -1 0
3331 10 38 0 -1
3332 64 27 0 1
3333 6 3 1 0
3334 21 30 1 0
3335 71 0 1 0
3336 2 37 0 1
3337 3 6 0 1
3338 72 35 -1 0
3339 91 32 1 0
3340 9 9 0 1
3341 91 16 0 -1
3342 88 16 -1 0
3343 73 28 0 1
3344 99 30 0 1
3345 67 29 0 -1
3346 42 36 0 -1
3347 14 25 -1 0
3348 12 2 0 -1
3349 11 29 0 -1
3350 21 14 -1 0
3351 45 36 0 1
3352 70 37 -1 0
3353 8 12 0 1
3354 36 37 -1 0
3355 47 19 -1 0
3356 68 32 0 1
3357 1 22 0 1
3358 92 19 0 -1
3359 37 7 0 -1
3360 74 21 0 -1
3361 48 33 1 0
3362 73 37 0 -1
3363 90 31 -1 0
3364 79 30 1 0
3365 61 2 1 0
3366 1 20 0 1
3367 42 35 1 0
3368 7 11 0 1
3369 15 29 1 0
3370 44 38 -1 0
3371 88 17 0 -1
3372 91 39 0 1
3373 52 10 0 1
3374 58 27 1 0
3375 22 4 0 1
3376 51 14 1 0
3377 17 10 -1 0
3378 29 32 0 1
3379 77 2 0 1
3380 48 4 0 -1
3381 96 24 0 1
3382 44 39 0 1
3383 28 19 0 -1
3384 14 2 1 0
3385 56 14 -1 0
3386 39 13 0 -1
3387 14 20 0 -1
3388 96 9 0 -1
3389 74 29 0 -1
3390 6 2 0 -1
3391 94 7 0 -1
3392 36 36 0 -1
3393 52 27 0 1
3394 90 35 -1 0
3395 66 38 -1 0
3396 17 20 1 0
3397 90 0 0 -1
3398 60 1 0 1
3399 56 21 1 0
3400 3 27 0 -1
3401 4 14 0 -1
3402 58 36 0 1
3403 96 22 -1 0
3404 59 20 1 0
3405 63 5 0 1
3406 77 20 -1 0
3407 21 35 1 0
3408 75 33 -1 0
3409 23 9 1 0
3410 55 24 -1 0
3411 43 15 0 1
3412 61 18 -1 0
3413 83 15 -1 0
3414 62 15 0 1
3415 70 39 1 0
3416 25 34 0 1
3417 2 10 0 1
3418 94 22 0 -1
3419 28 21 0 -1
3420 15 8 1 0
3421 57 19 0 -1
3422 99 32 0 -1
3423 43 38 1 0
3424 60 13 0 1
3425 5 24 1 0
3426 73 11 1 0
3427 64 33 1 0
3428 99 3 0 -1
3429 85 10 -1 0
3430 21 30 -1 0
3431 95 39 0 1
3432 13 10 1 0
3433 91 0 0 1
3434 92 19 0 1
3435 44 32 0 -1
3436 15 34 1 0
3437 60 27 0 1
3438 23 31 0 -1
3439 50 12 0 1
3440 80 26 -1 0
3441 78 2 1 0
3442 11 27 0 1
3443 31 35 0 -1
3444 94 10 -1 0
3445 4 32 1 0
3446 0 22 -1 0
3447 19 0 0 -1
3448 40 16 0 -1
3449 89 33 0 -1
3450 45 39 0 1
3451 99 10 0 -1
3452 19 11 0 1
3453 24 23 -1 0
3454 83 5 1 0
3455 20 13 0 1
3456 66 29 0 -1
3457 61 31 0 1
3458 28 22 1 0
3459 11 24 0 1
3460 82 14 0 -1
3461 42 26 -1 0
3462 15 21 0 1
3463 8 6 0 1
3464 89 3 1 0
3465 21 8 0 1
3466 78 27 0 -1
3467 60 2 0 -1
3468 2 23 1 0
3469 19 2 0 -1
3470 78 19 -1 0
3471 33 36 0 1
3472 24 29 0 1
3473 8 8 0 -1
3474 10 26 0 -1
3475 83 1 0 1
3476 92 36 0 1
3477 96 24 -1 0
3478 1 10 0 -1
3479 76 12 0 -1
3480 49 32 1 0
3481 65 9 0 1
3482 8 39 1 0
3483 28 33 0 1
3484 50 11 -1 0
3485 47 14 0 1
3486 0 20 0 1
3487 12 2 -1 0
3488 51 37 -1 0
3489 22 20 1 0
3490 47 26 0 1
3491 39 21 0 -1
3492 75 12 1 0
3493 56 22 0 -1
3494 84 15 -1 0
3495 41 12 0 1
3496 14 16 -1 0
3497 16 11 0 1
3498 63 2 1 0
3499 50 28 1 0
3500 27 3 0 1
3501 44 37 -1 0
3502 90 6 1 0
3503 55 38 0 -1
3504 37 37 -1 0
3505 75 32 -1 0
3506 16 20 1 0
3507 26 7 0 -1
3508 39 35 0 1
3509 33 25 0 -1
3510 26 11 0 -1
3511 93 22 0 1
3512 45 32 0 -1
3513 52 0 0 1
3514 2 17 1 0
3515 22 2 0 1
3516 37 0 -1 0
3517 13 31 0 1
3518 49 0 0 1
3519 7 5 0 -1
3520 2 15 0 -1
3521 96 17 -1 0
3522 44 5 1 0
3523 1 24 0 1
3524 96 33 1 0
3525 17 21 -1 0
3526 17 39 1 0
3527 75 25 -1 0
3528 10 7 0 1
3529 90 27 1 0
3530 92 6 1 0
3531 82 29 -1 0
3532 52 0 0 1
3533 2 5 0 -1
3534 58 2 -1 0
3535 86 12 1 0
3536 93 15 -1 0
3537 70 0 1 0
3538 10 18 0 -1
3539 64 10 0 1
3540 66 15 1 0
3541 94 3 0 1
3542 53 19 -1 0
3543 46 33 -1 0
3544 24 6 0 -1
3545 51 29 -1 0
3546 74 21 1 0
3547 44 1 0 -1
3548 88 34 1 0
3549 86 24 0 1
3550 45 0 0 1
3551 43 4 -1 0
3552 71 39 0 1
3553 20 34 0 -1
3554 0 3 0 -1
3555 42 0 0 -1
3556 85 15 1 0
3557 46 9 -1 0
3558 80 31 -1 0
3559 46 32 0 -1
3560 73 34 -1 0
3561 69 38 0 1
3562 12 2 1 0
3563 65 4 0 1
3564 73 3 0 1
3565 57 20 -1 0
3566 46 27 1 0
3567 76 12 0 -1
3568 68 13 1 0
3569 92 27 0 -1
3570 88 36 -1 0
3571 19 6 -1 0
3572 70 18 1 0
3573 21 35 1 0
3574 68 25 1 0
3575 42 29 0 -1
3576 59 34 -1 0
3577 6 34 0 -1
3578 56 39 0 1
3579 72 25 1 0
3580 12 28 0 1
3581 26 17 -1 0
3582 76 11 0 1
3583 12 15 0 -1
3584 93 9 0 -1
3585 76 34 1 0
3586 54 14 0 1
3587 55 13 0 1
3588 86 24 -1 0
3589 12 24 -1 0
3590 46 6 0 1
3591 6 38 1 0
3592 92 23 0 -1
3593 31 27 0 -1
3594 95 6 0 -1
3595 41 9 0 1
3596 18 8 1 0
3597 41 37 -1 0
3598 92 27 1 0
3599 71 22 0 -1
