0 8 22 -1 0
1 91 17 0 -1
2 19 32 -1 0
3 0 16 0 -1
4 12 4 0 1
5 2 5 0 1
6 22 4 0 -1
7 18 8 0 -1
8 9 37 -1 0
9 64 5 0 -1
10 69 20 1 0
11 25 32 -1 0
12 42 18 0 -1
13 88 29 0 -1
14 93 19 1 0
15 27 18 0 1
16 12 32 0 -1
17 5 13 0 1
18 20 15 0 -1
19 25 25 -1 0
20 63 23 -1 0
21 89 24 1 0
22 16 2 0 -1
23 61 36 -1 0
24 4 37 0 -1
25 65 38 1 0
26 29 11 -1 0
27 87 9 0 1
28 23 23 0 -1
29 82 19 1 0
30 83 1 0 1
31 92 8 -1 0
32 22 8 0 -1
33 97 28 0 -1
34 21 24 1 0
35 58 9 0 -1
36 31 12 0 -1
37 97 11 -1 0
38 49 12 -1 0
39 95 18 0 -1
40 96 30 0 -1
41 16 3 0 1
42 16 39 -1 0
43 95 1 0 1
44 41 21 0 1
45 84 9 1 0
46 25 38 0 1
47 95 5 0 1
48 19 34 0 1
49 73 26 0 -1
50 52 0 -1 0
51 26 8 -1 0
52 30 27 0 1
53 79 38 -1 0
54 18 1 0 1
55 85 30 0 -1
56 31 36 0 1
57 95 37 0 -1
58 10 11 1 0
59 52 7 -1 0
60 61 5 0 -1
61 18 24 1 0
62 97 1 -1 0
63 23 0 -1 0
64 28 0 -1 0
65 98 29 -1 0
66 39 32 1 0
67 4 9 -1 0
68 51 26 -1 0
69 88 15 0 -1
70 21 1 1 0
71 41 9 -1 0
72 42 25 0 1
73 61 30 0 -1
74 50 10 -1 0
75 74 3 -1 0
76 0 31 -1 0
77 98 21 0 -1
78 46 13 0 -1
79 15 7 0 1
80 77 13 0 -1
81 9 0 0 -1
82 94 34 0 -1
83 43 19 0 1
84 93 25 -1 0
85 24 4 0 -1
86 57 8 0 1
87 83 28 0 -1
88 62 30 -1 0
89 10 25 0 1
90 0 13 0 -1
91 39 27 0 -1
92 46 9 0 1
93 2 4 1 0
94 12 2 0 -1
95 12 2 1 0
96 73 33 0 -1
97 38 6 0 -1
98 43 20 0 1
99 48 21 0 1
100 97 23 -1 0
101 45 7 0 -1
102 67 38 -1 0
103 5 30 -1 0
104 36 2 1 0
105 68 27 0 -1
106 18 6 -1 0
107 10 23 0 -1
108 54 22 1 0
109 65 30 -1 0
110 24 29 0 1
111 23 39 1 0
112 23 34 1 0
113 28 13 -1 0
114 92 29 0 -1
115 78 0 0 -1
116 77 12 0 1
117 93 8 -1 0
118 80 26 0 1
119 49 22 -1 0
120 27 33 0 -1
121 55 36 0 1
122 51 30 1 0
123 50 30 -1 0
124 79 6 0 -1
125 28 4 1 0
126 52 7 1 0
127 92 9 0 1
128 54 4 0 1
129 22 20 1 0
130 67 11 1 0
131 16 4 1 0
132 54 21 1 0
133 42 2 0 1
134 26 0 0 -1
135 81 32 -1 0
136 14 38 0 1
137 20 2 0 1
138 99 16 0 -1
139 27 34 0 -1
140 98 4 0 1
141 24 20 0 1
142 12 1 1 0
143 14 4 1 0
144 0 13 0 1
145 99 32 1 0
146 96 28 0 1
147 99 6 1 0
148 72 6 -1 0
149 58 31 -1 0
150 40 3 0 -1
151 91 38 0 -1
152 29 39 0 -1
153 53 33 1 0
154 81 8 -1 0
155 92 7 -1 0
156 70 23 1 0
157 88 11 0 -1
158 49 37 0 -1
159 10 15 0 1
160 7 9 0 -1
161 68 17 1 0
162 18 23 0 -1
163 73 29 -1 0
164 17 29 1 0
165 1 17 1 0
166 1 39 0 1
167 42 24 0 1
168 83 21 0 -1
169 26 31 1 0
170 13 30 -1 0
171 25 11 -1 0
172 98 30 1 0
173 72 18 1 0
174 96 34 0 1
175 42 4 -1 0
176 15 26 0 1
177 15 5 1 0
178 66 10 0 1
179 45 34 -1 0
180 89 16 1 0
181 48 31 1 0
182 60 29 1 0
183 86 26 -1 0
184 87 15 -1 0
185 6 34 1 0
186 22 30 1 0
187 2 0 -1 0
188 83 8 1 0
189 27 29 -1 0
190 15 36 1 0
191 16 25 0 1
192 2 0 -1 0
193 41 2 -1 0
194 22 2 1 0
195 95 34 0 -1
196 56 31 0 -1
197 46 21 0 1
198 97 9 0 -1
199 28 18 0 1
200 47 11 1 0
201 80 35 -1 0
202 12 19 1 0
203 11 2 -1 0
204 11 3 -1 0
205 47 21 0 -1
206 29 29 -1 0
207 4 8 0 1
208 5 19 1 0
209 91 1 0 -1
210 8 2 -1 0
211 17 7 0 1
212 3 5 0 -1
213 24 32 0 1
214 93 37 1 0
215 86 20 1 0
216 4 25 1 0
217 91 36 1 0
218 40 2 -1 0
219 28 31 0 -1
220 82 33 1 0
221 22 26 0 1
222 77 26 -1 0
223 50 4 0 -1
224 11 8 0 -1
225 27 5 0 -1
226 3 8 -1 0
227 98 12 1 0
228 26 26 0 -1
229 3 18 0 -1
230 42 20 -1 0
231 43 8 -1 0
232 2 18 0 1
233 22 26 0 -1
234 2 38 0 -1
235 45 3 -1 0
236 72 38 0 1
237 70 2 0 -1
238 39 1 -1 0
239 14 37 1 0
240 40 39 0 1
241 17 1 -1 0
242 76 1 1 0
243 80 7 0 1
244 65 35 -1 0
245 93 0 0 1
246 3 18 -1 0
247 77 15 0 -1
248 93 26 1 0
249 87 37 -1 0
250 60 0 0 -1
251 12 3 0 1
252 24 28 -1 0
253 6 35 0 -1
254 77 34 0 1
255 8 0 1 0
256 12 15 0 1
257 98 0 1 0
258 28 19 -1 0
259 64 31 1 0
260 39 27 -1 0
261 18 5 0 1
262 92 10 -1 0
263 62 31 0 1
264 62 0 1 0
265 3 3 0 1
266 87 19 -1 0
267 96 21 1 0
268 20 26 1 0
269 87 6 0 -1
270 85 9 0 -1
271 93 39 1 0
272 7 23 0 -1
273 44 22 0 -1
274 82 33 1 0
275 55 24 0 1
276 36 1 1 0
277 38 1 0 1
278 94 5 1 0
279 24 34 0 1
280 8 33 0 1
281 28 38 -1 0
282 91 19 -1 0
283 78 25 0 1
284 21 37 1 0
285 50 7 1 0
286 3 7 0 1
287 43 27 0 -1
288 20 9 -1 0
289 9 16 0 1
290 39 29 1 0
291 94 35 0 -1
292 6 39 0 1
293 38 1 1 0
294 26 1 1 0
295 82 2 0 1
296 42 3 0 1
297 7 22 -1 0
298 50 3 0 -1
299 19 19 -1 0
300 93 7 0 -1
301 23 38 0 1
302 10 25 0 -1
303 94 12 0 -1
304 55 9 1 0
305 30 29 -1 0
306 10 3 1 0
307 26 27 0 1
308 39 10 0 -1
309 10 19 -1 0
310 39 13 0 1
311 19 35 1 0
312 45 32 -1 0
313 70 36 -1 0
314 54 29 1 0
315 83 5 -1 0
316 47 11 0 -1
317 0 29 0 1
318 23 19 0 1
319 17 23 -1 0
320 63 39 1 0
321 82 36 -1 0
322 21 27 0 -1
323 49 22 1 0
324 1 5 -1 0
325 16 24 0 1
326 28 20 1 0
327 6 6 0 -1
328 91 19 -1 0
329 67 25 0 -1
330 4 27 -1 0
331 88 1 0 -1
332 90 21 0 1
333 29 31 0 -1
334 81 0 -1 0
335 40 19 0 -1
336 40 20 -1 0
337 4 35 0 1
338 17 8 0 1
339 54 13 0 1
340 43 10 0 -1
341 20 31 0 -1
342 19 18 1 0
343 15 29 0 1
344 59 15 0 -1
345 47 38 -1 0
346 21 0 0 -1
347 8 29 0 1
348 20 3 0 -1
349 26 29 0 1
350 37 2 1 0
351 22 0 -1 0
352 75 26 0 -1
353 28 8 0 -1
354 43 36 0 -1
355 44 18 0 -1
356 88 37 -1 0
357 71 19 -1 0
358 54 10 0 1
359 76 13 0 1
360 0 8 0 1
361 29 27 1 0
362 55 32 0 1
363 52 3 -1 0
364 19 35 -1 0
365 24 32 1 0
366 49 8 0 1
367 42 1 0 1
368 91 7 0 -1
369 91 25 -1 0
370 23 30 -1 0
371 30 36 0 1
372 73 39 1 0
373 50 18 0 -1
374 53 0 0 -1
375 46 20 0 1
376 99 6 -1 0
377 46 39 0 -1
378 90 2 -1 0
379 40 7 1 0
380 82 33 0 -1
381 9 17 0 1
382 58 8 -1 0
383 75 13 0 -1
384 81 28 0 -1
385 10 2 -1 0
386 11 18 0 -1
387 8 20 0 1
388 57 11 1 0
389 58 29 1 0
390 86 39 1 0
391 29 7 0 -1
392 10 5 0 1
393 64 25 -1 0
394 18 3 -1 0
395 28 2 0 1
396 22 34 0 1
397 51 26 0 1
398 27 11 0 -1
399 73 4 0 1
400 3 34 1 0
401 20 6 0 1
402 38 39 -1 0
403 46 19 1 0
404 52 23 0 -1
405 47 13 0 1
406 89 19 1 0
407 62 27 -1 0
408 26 0 0 1
409 71 26 1 0
410 6 32 0 -1
411 44 17 0 1
412 5 8 0 -1
413 99 30 0 -1
414 99 8 -1 0
415 21 38 1 0
416 40 22 0 -1
417 13 1 0 1
418 47 17 1 0
419 38 39 0 -1
420 45 9 1 0
421 47 22 0 1
422 7 35 0 1
423 66 11 -1 0
424 13 7 0 1
425 87 17 0 1
426 15 0 1 0
427 68 36 -1 0
428 8 38 0 -1
429 75 21 0 -1
430 62 10 -1 0
431 65 20 0 1
432 54 3 0 1
433 95 17 -1 0
434 28 29 0 1
435 39 39 1 0
436 68 26 0 -1
437 45 17 0 1
438 63 0 1 0
439 3 23 0 -1
440 22 24 0 -1
441 0 23 0 -1
442 13 10 -1 0
443 5 18 0 1
444 23 25 1 0
445 76 27 1 0
446 92 16 0 -1
447 8 7 0 1
448 24 26 0 -1
449 99 12 1 0
450 42 8 1 0
451 1 3 0 -1
452 25 6 0 -1
453 26 16 0 -1
454 25 32 -1 0
455 64 3 0 1
456 93 30 1 0
457 42 19 0 1
458 88 28 1 0
459 68 22 -1 0
460 29 33 0 -1
461 86 14 0 1
462 86 21 1 0
463 67 16 -1 0
464 44 9 0 -1
465 80 1 1 0
466 89 3 0 1
467 97 6 1 0
468 64 18 0 -1
469 44 36 1 0
470 62 25 0 1
471 8 36 0 -1
472 32 35 0 -1
473 44 4 1 0
474 3 34 0 1
475 76 1 0 -1
476 13 39 0 1
477 44 35 0 -1
478 25 35 1 0
479 33 14 1 0
480 38 28 -1 0
481 64 10 -1 0
482 55 24 -1 0
483 98 8 0 1
484 21 9 1 0
485 17 24 -1 0
486 30 7 -1 0
487 39 18 1 0
488 15 5 -1 0
489 55 20 0 1
490 95 30 1 0
491 3 0 0 1
492 9 11 0 1
493 8 15 0 -1
494 36 17 0 -1
495 63 11 1 0
496 92 35 1 0
497 95 36 1 0
498 99 14 -1 0
499 95 20 1 0
500 66 31 0 -1
501 32 14 -1 0
502 89 35 0 1
503 22 35 0 1
504 98 33 -1 0
505 24 3 -1 0
506 91 14 1 0
507 42 10 -1 0
508 80 31 1 0
509 46 20 0 1
510 56 28 1 0
511 90 22 0 -1
512 9 10 -1 0
513 21 3 0 -1
514 94 37 0 1
515 87 6 0 1
516 55 0 1 0
517 59 13 0 1
518 74 36 0 -1
519 83 34 1 0
520 84 33 -1 0
521 96 19 1 0
522 20 4 1 0
523 77 8 1 0
524 23 4 0 1
525 28 22 0 -1
526 81 15 0 1
527 51 6 0 -1
528 38 30 0 1
529 2 15 0 -1
530 56 11 0 1
531 55 25 -1 0
532 5 0 0 1
533 83 28 -1 0
534 84 9 1 0
535 26 10 0 -1
536 59 30 1 0
537 39 2 1 0
538 77 39 1 0
539 96 0 0 1
540 24 33 1 0
541 4 15 1 0
542 49 11 0 -1
543 49 16 1 0
544 61 36 0 1
545 97 25 1 0
546 91 8 1 0
547 47 4 -1 0
548 19 6 -1 0
549 40 0 0 1
550 43 35 0 1
551 58 19 0 1
552 18 38 -1 0
553 49 23 0 1
554 6 39 1 0
555 47 33 0 -1
556 62 23 -1 0
557 95 10 1 0
558 29 27 -1 0
559 2 36 -1 0
560 17 14 0 1
561 86 8 1 0
562 4 35 0 -1
563 17 1 1 0
564 80 8 -1 0
565 65 9 0 -1
566 96 13 0 1
567 92 33 1 0
568 57 2 0 -1
569 28 13 0 -1
570 64 9 0 1
571 24 17 1 0
572 63 24 -1 0
573 39 3 0 1
574 15 4 -1 0
575 45 13 1 0
576 71 18 -1 0
577 43 13 1 0
578 98 13 0 -1
579 21 10 1 0
580 69 26 0 -1
581 65 35 1 0
582 26 29 0 1
583 54 20 0 -1
584 8 5 -1 0
585 23 8 0 1
586 10 7 -1 0
587 42 16 0 1
588 17 22 1 0
589 73 19 1 0
590 37 38 1 0
591 81 32 0 1
592 65 9 0 1
593 23 4 0 -1
594 65 13 0 1
595 98 16 0 -1
596 44 25 0 1
597 14 12 -1 0
598 50 34 0 -1
599 40 20 -1 0
600 26 14 1 0
601 20 24 -1 0
602 2 26 -1 0
603 87 3 1 0
604 87 11 1 0
605 99 9 1 0
606 28 20 0 1
607 35 1 -1 0
608 73 37 -1 0
609 5 23 1 0
610 49 15 1 0
611 79 11 0 1
612 49 32 0 1
613 82 9 -1 0
614 73 18 0 1
615 65 6 1 0
616 47 38 1 0
617 52 17 0 1
618 8 2 1 0
619 18 20 -1 0
620 64 22 1 0
621 50 23 1 0
622 16 4 0 -1
623 22 2 -1 0
624 21 2 0 1
625 91 22 0 -1
626 10 37 -1 0
627 68 5 1 0
628 18 25 -1 0
629 73 35 0 -1
630 2 16 0 -1
631 30 22 1 0
632 60 6 1 0
633 39 26 -1 0
634 51 19 1 0
635 74 38 -1 0
636 61 27 1 0
637 70 33 1 0
638 17 23 0 1
639 38 19 0 -1
640 96 17 -1 0
641 71 10 1 0
642 43 27 0 -1
643 91 24 1 0
644 28 21 1 0
645 71 14 0 1
646 51 27 1 0
647 86 32 1 0
648 61 38 1 0
649 41 12 0 -1
650 43 32 -1 0
651 37 28 -1 0
652 26 34 0 1
653 52 2 0 1
654 7 36 0 1
655 47 23 -1 0
656 38 24 0 -1
657 41 17 0 -1
658 25 11 1 0
659 24 2 1 0
660 90 18 0 -1
661 58 1 1 0
662 18 22 0 1
663 63 5 -1 0
664 8 0 -1 0
665 47 21 0 -1
666 15 8 0 1
667 44 20 0 -1
668 56 18 -1 0
669 53 24 1 0
670 59 26 0 -1
671 41 11 0 -1
672 29 29 0 1
673 5 17 1 0
674 53 30 1 0
675 8 33 0 -1
676 8 21 1 0
677 19 37 0 1
678 24 14 0 1
679 48 21 -1 0
680 67 8 1 0
681 16 35 0 1
682 79 7 -1 0
683 59 24 0 1
684 43 3 0 1
685 47 11 1 0
686 82 13 0 1
687 55 13 0 1
688 11 22 0 1
689 88 37 0 -1
690 19 17 0 -1
691 40 13 -1 0
692 23 19 -1 0
693 17 29 0 -1
694 84 20 0 1
695 98 15 1 0
696 80 25 0 1
697 82 8 -1 0
698 39 19 1 0
699 42 18 0 -1
700 79 32 -1 0
701 29 29 0 1
702 49 32 0 1
703 18 36 1 0
704 49 29 0 1
705 44 1 -1 0
706 72 21 -1 0
707 43 17 1 0
708 23 0 0 1
709 56 36 -1 0
710 16 9 0 1
711 24 26 0 1
712 75 7 -1 0
713 12 11 -1 0
714 80 1 0 -1
715 98 3 1 0
716 12 33 -1 0
717 88 12 0 -1
718 24 18 1 0
719 58 35 0 -1
720 93 25 -1 0
721 49 26 -1 0
722 44 36 0 -1
723 29 8 1 0
724 10 19 0 -1
725 84 6 0 -1
726 44 12 1 0
727 15 1 0 1
728 50 9 -1 0
729 87 35 0 -1
730 39 30 -1 0
731 1 20 0 1
732 51 7 -1 0
733 96 18 0 -1
734 42 32 -1 0
735 37 22 -1 0
736 69 9 0 1
737 24 36 1 0
738 95 17 1 0
739 92 25 0 1
740 31 36 0 1
741 50 5 -1 0
742 22 19 1 0
743 93 18 1 0
744 15 2 1 0
745 45 18 0 1
746 0 20 -1 0
747 11 11 0 -1
748 36 9 -1 0
749 87 0 0 1
750 83 32 0 1
751 37 35 0 1
752 42 9 0 -1
753 5 24 0 1
754 84 20 0 -1
755 97 19 1 0
756 11 39 1 0
757 24 35 0 -1
758 22 25 -1 0
759 73 28 0 -1
760 91 14 0 1
761 81 27 1 0
762 12 13 0 1
763 0 20 1 0
764 35 39 1 0
765 44 25 -1 0
766 52 26 0 1
767 22 17 1 0
768 64 9 0 -1
769 52 32 0 1
770 83 37 1 0
771 6 39 0 -1
772 17 24 1 0
773 47 17 0 -1
774 23 33 0 -1
775 22 9 1 0
776 82 1 1 0
777 93 38 0 1
778 20 1 1 0
779 73 14 -1 0
780 21 31 0 1
781 22 3 0 1
782 73 28 -1 0
783 16 26 -1 0
784 13 32 0 -1
785 53 32 1 0
786 10 9 1 0
787 41 5 1 0
788 9 28 0 -1
789 25 17 -1 0
790 28 33 -1 0
791 95 8 0 -1
792 4 5 -1 0
793 20 30 1 0
794 39 28 0 1
795 81 12 0 -1
796 24 26 -1 0
797 48 5 0 1
798 43 32 -1 0
799 65 26 0 -1
800 46 18 0 -1
801 84 31 0 1
802 10 1 0 1
803 12 29 1 0
804 1 1 0 -1
805 41 4 -1 0
806 41 30 0 1
807 1 39 0 1
808 58 37 1 0
809 94 13 1 0
810 17 6 0 -1
811 18 12 1 0
812 88 5 0 1
813 10 29 1 0
814 46 35 1 0
815 94 36 0 1
816 36 11 0 -1
817 47 16 0 -1
818 81 3 0 -1
819 46 7 -1 0
820 12 25 -1 0
821 20 21 0 1
822 60 13 -1 0
823 53 20 0 1
824 89 24 1 0
825 85 34 -1 0
826 76 21 1 0
827 11 15 1 0
828 17 5 1 0
829 47 24 0 1
830 65 9 1 0
831 36 11 0 -1
832 25 10 0 -1
833 7 19 -1 0
834 67 32 0 1
835 38 0 0 1
836 36 19 0 -1
837 48 30 1 0
838 30 2 0 -1
839 80 15 0 1
840 48 36 0 -1
841 22 3 0 1
842 29 32 1 0
843 18 36 0 1
844 19 32 0 1
845 13 5 0 1
846 98 12 1 0
847 72 32 0 -1
848 49 8 -1 0
849 62 2 0 -1
850 97 14 0 1
851 54 24 1 0
852 42 26 0 -1
853 53 30 0 -1
854 10 0 0 1
855 25 32 1 0
856 72 7 0 -1
857 73 36 0 1
858 45 0 1 0
859 42 28 1 0
860 9 18 -1 0
861 38 21 0 1
862 26 35 1 0
863 14 19 -1 0
864 26 26 1 0
865 87 28 -1 0
866 40 9 0 1
867 24 18 0 -1
868 26 5 -1 0
869 4 0 1 0
870 93 35 0 -1
871 54 11 1 0
872 50 30 -1 0
873 51 4 0 -1
874 77 27 -1 0
875 47 37 0 -1
876 29 30 0 1
877 98 5 0 -1
878 68 14 0 -1
879 64 15 -1 0
880 38 23 -1 0
881 68 25 0 -1
882 10 9 -1 0
883 60 0 1 0
884 18 23 0 1
885 40 16 0 1
886 93 27 0 1
887 1 21 0 1
888 47 34 0 -1
889 44 19 1 0
890 9 27 1 0
891 84 4 0 -1
892 91 20 0 -1
893 3 37 0 1
894 59 11 1 0
895 57 15 -1 0
896 53 14 0 -1
897 63 13 0 1
898 51 15 0 1
899 15 18 0 -1
900 98 9 1 0
901 42 34 -1 0
902 40 23 -1 0
903 26 12 -1 0
904 99 16 1 0
905 3 30 1 0
906 69 39 1 0
907 90 16 0 1
908 51 10 0 -1
909 30 23 -1 0
910 25 17 0 1
911 20 11 1 0
912 46 35 -1 0
913 23 31 -1 0
914 11 20 -1 0
915 42 23 1 0
916 27 8 1 0
917 29 33 0 -1
918 7 3 1 0
919 49 36 -1 0
920 93 22 1 0
921 25 23 0 1
922 49 35 0 1
923 50 6 -1 0
924 20 27 1 0
925 26 2 1 0
926 40 18 -1 0
927 87 32 0 1
928 21 38 0 -1
929 79 13 0 -1
930 20 22 0 1
931 88 34 1 0
932 23 38 -1 0
933 27 37 0 -1
934 60 2 1 0
935 8 37 0 1
936 44 1 1 0
937 22 15 0 -1
938 87 17 0 -1
939 73 21 -1 0
940 20 14 1 0
941 23 1 -1 0
942 52 5 -1 0
943 41 10 -1 0
944 86 24 1 0
945 24 17 0 1
946 12 31 0 -1
947 22 22 0 1
948 83 13 1 0
949 13 23 1 0
950 28 36 -1 0
951 21 37 1 0
952 48 11 -1 0
953 80 9 1 0
954 21 13 1 0
955 34 8 0 1
956 26 15 1 0
957 99 12 0 1
958 41 33 0 1
959 88 39 0 1
960 20 20 0 -1
961 47 34 0 1
962 47 27 0 -1
963 25 20 0 1
964 81 30 1 0
965 81 36 -1 0
966 13 12 1 0
967 51 27 0 1
968 86 38 -1 0
969 69 36 0 -1
970 13 28 1 0
971 28 7 1 0
972 48 17 0 1
973 53 37 1 0
974 24 38 0 -1
975 45 27 -1 0
976 11 20 1 0
977 81 26 -1 0
978 12 22 1 0
979 85 13 -1 0
980 70 24 -1 0
981 51 9 -1 0
982 97 17 0 -1
983 17 29 1 0
984 88 32 -1 0
985 16 15 -1 0
986 42 17 1 0
987 40 19 0 -1
988 22 22 1 0
989 2 37 1 0
990 40 18 -1 0
991 55 35 0 -1
992 11 30 1 0
993 23 31 -1 0
994 10 0 0 1
995 45 16 1 0
996 53 8 1 0
997 96 1 0 -1
998 64 39 -1 0
999 92 23 0 1
1000 98 24 1 0
1001 21 14 1 0
1002 90 36 1 0
1003 96 11 -1 0
1004 49 30 -1 0
1005 74 6 0 -1
1006 42 1 0 1
1007 51 29 1 0
1008 26 35 0 1
1009 89 24 0 1
1010 68 27 1 0
1011 16 6 -1 0
1012 43 30 0 -1
1013 23 34 0 1
1014 9 12 0 -1
1015 48 23 -1 0
1016 83 32 1 0
1017 90 38 0 -1
1018 27 32 0 1
1019 47 6 1 0
1020 80 2 0 1
1021 71 34 0 -1
1022 28 19 0 1
1023 19 23 0 1
1024 40 27 -1 0
1025 40 6 -1 0
1026 12 35 0 -1
1027 17 31 0 -1
1028 74 30 0 1
1029 68 19 0 1
1030 23 36 0 -1
1031 27 13 0 -1
1032 5 4 1 0
1033 41 14 0 1
1034 96 3 0 -1
1035 39 5 1 0
1036 0 21 1 0
1037 81 9 0 1
1038 78 14 1 0
1039 97 29 1 0
1040 10 23 0 1
1041 23 21 1 0
1042 10 36 0 -1
1043 60 18 -1 0
1044 57 24 0 1
1045 48 10 1 0
1046 80 25 0 -1
1047 1 5 1 0
1048 94 6 -1 0
1049 61 32 -1 0
1050 18 16 0 -1
1051 21 6 0 1
1052 84 13 0 1
1053 49 29 0 1
1054 70 22 1 0
1055 6 35 0 -1
1056 47 17 0 1
1057 20 23 1 0
1058 20 32 0 1
1059 65 31 0 1
1060 70 23 0 1
1061 4 23 0 1
1062 81 10 1 0
1063 90 14 -1 0
1064 24 19 1 0
1065 46 10 -1 0
1066 40 1 -1 0
1067 29 22 0 -1
1068 17 10 0 1
1069 71 17 -1 0
1070 95 19 1 0
1071 10 14 0 1
1072 81 28 1 0
1073 35 15 0 -1
1074 0 39 0 -1
1075 86 23 0 -1
1076 50 4 0 1
1077 2 18 0 -1
1078 71 1 -1 0
1079 85 33 0 1
1080 12 20 -1 0
1081 19 21 1 0
1082 90 8 0 1
1083 21 15 0 -1
1084 1 21 -1 0
1085 14 6 0 1
1086 93 8 0 -1
1087 39 16 0 -1
1088 27 33 0 1
1089 50 18 1 0
1090 69 6 -1 0
1091 10 2 1 0
1092 78 10 -1 0
1093 29 5 0 -1
1094 45 4 0 -1
1095 47 3 0 1
1096 24 22 0 -1
1097 18 12 0 1
1098 44 23 0 -1
1099 26 18 0 1
1100 11 2 1 0
1101 96 19 -1 0
1102 66 18 0 1
1103 37 7 0 1
1104 42 19 -1 0
1105 0 27 -1 0
1106 20 18 0 -1
1107 46 0 -1 0
1108 49 30 0 -1
1109 81 36 -1 0
1110 90 39 0 -1
1111 86 8 -1 0
1112 70 18 -1 0
1113 92 35 0 -1
1114 26 30 0 1
1115 43 28 0 -1
1116 6 24 1 0
1117 23 29 0 1
1118 6 21 0 -1
1119 17 14 0 1
1120 31 20 -1 0
1121 54 10 -1 0
1122 18 9 0 -1
1123 46 16 1 0
1124 73 9 0 -1
1125 70 12 0 -1
1126 30 11 -1 0
1127 25 29 0 1
1128 12 16 1 0
1129 20 7 -1 0
1130 68 17 -1 0
1131 44 34 0 -1
1132 47 39 0 1
1133 23 14 0 1
1134 91 22 0 -1
1135 5 19 -1 0
1136 79 31 -1 0
1137 7 29 1 0
1138 10 20 1 0
1139 88 16 -1 0
1140 29 20 0 1
1141 24 34 -1 0
1142 23 12 0 -1
1143 86 24 -1 0
1144 58 24 0 -1
1145 59 10 1 0
1146 68 8 1 0
1147 47 1 1 0
1148 6 28 0 1
1149 89 34 -1 0
1150 94 33 -1 0
1151 16 8 1 0
1152 50 17 0 1
1153 93 29 1 0
1154 76 6 0 1
1155 24 20 -1 0
1156 13 1 -1 0
1157 92 28 -1 0
1158 17 28 0 1
1159 91 34 -1 0
1160 40 29 0 -1
1161 83 39 0 1
1162 28 10 1 0
1163 11 36 0 -1
1164 90 31 -1 0
1165 17 14 -1 0
1166 76 37 1 0
1167 56 8 -1 0
1168 41 12 -1 0
1169 10 19 0 1
1170 67 31 0 -1
1171 41 37 1 0
1172 41 13 0 1
1173 15 39 -1 0
1174 14 26 1 0
1175 47 38 0 -1
1176 3 32 1 0
1177 35 13 0 -1
1178 21 7 0 -1
1179 92 29 0 -1
1180 91 35 -1 0
1181 11 34 0 -1
1182 97 30 0 1
1183 88 13 0 1
1184 14 11 0 1
1185 6 9 -1 0
1186 53 8 -1 0
1187 52 35 0 1
1188 90 37 0 -1
1189 93 28 0 -1
1190 72 16 -1 0
1191 18 31 -1 0
1192 22 5 0 -1
1193 25 13 1 0
1194 68 2 -1 0
1195 4 14 1 0
1196 7 16 -1 0
1197 81 30 1 0
1198 56 15 1 0
1199 9 23 0 1
1200 48 12 0 -1
1201 74 38 -1 0
1202 19 24 0 1
1203 73 37 1 0
1204 39 1 1 0
1205 21 4 0 1
1206 24 31 0 1
1207 23 11 -1 0
1208 4 37 1 0
1209 96 29 0 1
1210 45 27 0 1
1211 80 36 -1 0
1212 8 35 -1 0
1213 6 6 0 1
1214 30 22 0 1
1215 65 3 0 -1
1216 76 1 0 1
1217 39 28 0 -1
1218 51 12 -1 0
1219 26 17 0 1
1220 90 14 -1 0
1221 58 20 0 -1
1222 91 22 -1 0
1223 5 21 0 1
1224 27 21 1 0
1225 3 31 0 -1
1226 69 26 -1 0
1227 92 13 0 1
1228 85 29 0 -1
1229 52 13 -1 0
1230 86 16 0 1
1231 75 33 -1 0
1232 19 38 0 -1
1233 79 32 -1 0
1234 12 0 1 0
1235 87 31 -1 0
1236 17 9 0 -1
1237 46 2 0 -1
1238 19 9 0 1
1239 14 21 0 -1
1240 42 23 -1 0
1241 46 2 0 1
1242 44 21 0 1
1243 71 27 0 -1
1244 13 17 -1 0
1245 1 8 0 -1
1246 96 17 -1 0
1247 22 34 0 -1
1248 14 32 1 0
1249 28 23 0 -1
1250 80 19 1 0
1251 18 24 0 -1
1252 25 0 0 1
1253 78 21 0 -1
1254 40 32 0 -1
1255 82 8 1 0
1256 91 17 0 -1
1257 91 1 -1 0
1258 79 19 0 1
1259 97 25 0 1
1260 94 5 -1 0
1261 79 4 -1 0
1262 10 11 1 0
1263 20 2 -1 0
1264 95 8 0 -1
1265 93 15 -1 0
1266 97 12 0 -1
1267 19 15 0 -1
1268 8 23 -1 0
1269 75 2 0 -1
1270 62 31 0 -1
1271 18 29 0 -1
1272 26 17 0 -1
1273 67 23 0 -1
1274 26 31 -1 0
1275 91 27 -1 0
1276 12 23 1 0
1277 39 4 0 1
1278 64 39 0 1
1279 41 14 -1 0
1280 12 9 1 0
1281 55 5 -1 0
1282 29 6 0 -1
1283 23 13 -1 0
1284 39 13 -1 0
1285 14 14 0 1
1286 40 30 1 0
1287 24 11 0 1
1288 22 37 1 0
1289 41 39 -1 0
1290 38 7 0 -1
1291 48 32 -1 0
1292 41 19 0 -1
1293 80 3 -1 0
1294 3 32 -1 0
1295 17 19 0 -1
1296 27 23 0 -1
1297 76 29 0 -1
1298 41 34 1 0
1299 23 2 0 -1
1300 94 3 0 1
1301 49 21 -1 0
1302 16 3 -1 0
1303 0 38 0 -1
1304 90 6 1 0
1305 25 12 -1 0
1306 57 19 -1 0
1307 57 16 0 -1
1308 89 25 -1 0
1309 98 1 -1 0
1310 38 38 1 0
1311 43 5 0 -1
1312 37 11 0 1
1313 17 20 1 0
1314 1 14 1 0
1315 24 17 0 1
1316 3 32 -1 0
1317 46 25 -1 0
1318 70 8 -1 0
1319 82 14 1 0
1320 45 10 -1 0
1321 89 36 0 1
1322 27 12 0 -1
1323 40 17 -1 0
1324 41 29 -1 0
1325 5 17 0 1
1326 7 35 0 -1
1327 27 36 0 1
1328 24 25 1 0
1329 3 18 -1 0
1330 28 28 0 1
1331 21 20 0 -1
1332 8 31 1 0
1333 54 25 -1 0
1334 53 18 1 0
1335 60 24 1 0
1336 20 14 0 -1
1337 68 1 -1 0
1338 68 29 0 1
1339 26 33 0 1
1340 7 37 1 0
1341 38 33 0 -1
1342 68 16 0 -1
1343 62 34 0 1
1344 36 1 0 1
1345 23 22 -1 0
1346 53 14 0 1
1347 29 15 -1 0
1348 74 35 0 -1
1349 5 38 1 0
1350 24 35 1 0
1351 27 34 1 0
1352 29 30 1 0
1353 50 33 -1 0
1354 73 35 -1 0
1355 81 26 1 0
1356 51 34 -1 0
1357 66 37 1 0
1358 5 36 -1 0
1359 90 36 1 0
1360 38 15 0 -1
1361 91 21 0 1
1362 60 25 -1 0
1363 32 14 0 1
1364 62 38 0 -1
1365 52 14 0 -1
1366 6 15 1 0
1367 63 0 0 1
1368 69 16 -1 0
1369 72 1 1 0
1370 7 5 0 -1
1371 84 25 0 -1
1372 26 38 -1 0
1373 41 32 -1 0
1374 19 8 1 0
1375 67 28 0 1
1376 56 2 0 -1
1377 23 23 0 1
1378 49 15 -1 0
1379 63 34 -1 0
1380 27 4 0 1
1381 26 11 1 0
1382 36 37 0 -1
1383 0 12 0 -1
1384 27 5 0 1
1385 25 7 0 -1
1386 23 16 1 0
1387 68 32 0 1
1388 97 35 -1 0
1389 67 15 -1 0
1390 69 36 0 -1
1391 48 26 -1 0
1392 22 7 0 -1
1393 74 14 -1 0
1394 79 16 0 -1
1395 8 1 1 0
1396 66 8 0 -1
1397 10 4 0 -1
1398 22 17 -1 0
1399 5 18 -1 0
1400 38 17 0 -1
1401 98 12 -1 0
1402 78 6 0 1
1403 17 31 -1 0
1404 3 20 1 0
1405 30 2 0 1
1406 81 32 -1 0
1407 36 26 1 0
1408 78 3 0 1
1409 17 27 1 0
1410 83 5 0 -1
1411 67 37 0 -1
1412 42 14 1 0
1413 45 22 -1 0
1414 45 2 0 -1
1415 6 27 -1 0
1416 30 10 0 1
1417 63 9 0 1
1418 56 22 0 1
1419 12 12 -1 0
1420 87 36 0 -1
1421 99 1 -1 0
1422 85 16 -1 0
1423 76 9 1 0
1424 24 16 0 1
1425 53 3 -1 0
1426 47 23 1 0
1427 42 1 0 -1
1428 44 7 1 0
1429 39 18 0 1
1430 95 29 0 -1
1431 25 19 1 0
1432 20 38 1 0
1433 45 37 0 1
1434 95 29 -1 0
1435 48 10 -1 0
1436 26 24 1 0
1437 12 34 -1 0
1438 90 16 0 1
1439 23 22 0 -1
1440 6 11 0 -1
1441 49 2 0 1
1442 45 28 1 0
1443 8 8 -1 0
1444 23 33 0 1
1445 63 3 1 0
1446 0 35 0 -1
1447 73 18 0 -1
1448 93 29 1 0
1449 65 30 1 0
1450 84 24 0 -1
1451 72 39 0 -1
1452 48 2 0 -1
1453 2 3 0 -1
1454 41 24 0 -1
1455 84 2 0 1
1456 20 32 1 0
1457 83 23 0 -1
1458 96 12 0 -1
1459 95 37 -1 0
1460 59 25 1 0
1461 27 26 1 0
1462 79 26 0 1
1463 66 1 0 1
1464 12 7 -1 0
1465 10 34 -1 0
1466 56 13 1 0
1467 41 25 0 -1
1468 48 16 -1 0
1469 92 7 -1 0
1470 24 6 0 1
1471 10 20 1 0
1472 63 30 0 -1
1473 37 29 0 -1
1474 63 39 0 -1
1475 29 1 0 1
1476 98 27 0 -1
1477 31 30 -1 0
1478 99 8 0 1
1479 48 36 0 1
1480 67 19 0 1
1481 37 15 -1 0
1482 79 11 0 1
1483 97 32 0 -1
1484 38 29 -1 0
1485 6 36 0 1
1486 44 38 0 -1
1487 45 8 -1 0
1488 16 1 -1 0
1489 43 29 0 -1
1490 59 33 1 0
1491 18 14 0 -1
1492 7 39 -1 0
1493 13 5 1 0
1494 1 21 0 -1
1495 54 18 -1 0
1496 49 39 1 0
1497 15 14 -1 0
1498 12 33 1 0
1499 2 9 1 0
1500 10 5 0 -1
1501 87 25 0 1
1502 26 11 -1 0
1503 53 20 1 0
1504 6 21 1 0
1505 27 36 -1 0
1506 47 32 0 -1
1507 84 25 1 0
1508 5 26 -1 0
1509 62 27 -1 0
1510 96 1 0 -1
1511 5 10 0 1
1512 84 26 0 1
1513 24 23 0 1
1514 83 30 1 0
1515 42 26 0 1
1516 22 39 1 0
1517 83 2 -1 0
1518 64 0 0 1
1519 98 18 -1 0
1520 40 27 -1 0
1521 15 3 -1 0
1522 8 20 -1 0
1523 49 13 1 0
1524 51 1 1 0
1525 48 35 0 1
1526 12 16 0 -1
1527 83 0 1 0
1528 28 12 1 0
1529 16 11 1 0
1530 85 9 1 0
1531 37 1 0 -1
1532 4 33 1 0
1533 98 5 -1 0
1534 29 28 -1 0
1535 50 35 0 -1
1536 98 39 0 -1
1537 14 4 1 0
1538 17 31 1 0
1539 12 3 -1 0
1540 7 25 0 1
1541 4 32 -1 0
1542 22 13 0 1
1543 84 33 0 -1
1544 45 15 -1 0
1545 22 10 0 1
1546 0 1 0 -1
1547 39 9 0 1
1548 37 4 1 0
1549 91 11 1 0
1550 24 30 -1 0
1551 4 39 1 0
1552 3 10 1 0
1553 8 26 1 0
1554 67 7 1 0
1555 27 6 0 1
1556 17 12 0 1
1557 52 5 -1 0
1558 1 11 1 0
1559 81 21 0 -1
1560 98 27 1 0
1561 44 32 -1 0
1562 9 6 0 -1
1563 19 26 -1 0
1564 59 0 0 -1
1565 39 6 1 0
1566 79 31 0 1
1567 40 15 0 1
1568 13 21 0 -1
1569 74 25 0 1
1570 57 26 0 1
1571 23 14 0 -1
1572 13 32 1 0
1573 27 9 0 1
1574 12 0 0 1
1575 23 10 0 1
1576 58 1 0 -1
1577 1 24 0 1
1578 5 8 0 1
1579 75 28 1 0
1580 11 20 1 0
1581 7 38 0 1
1582 92 39 1 0
1583 62 1 1 0
1584 65 2 0 1
1585 26 8 -1 0
1586 88 8 0 -1
1587 96 23 0 -1
1588 87 21 0 1
1589 37 2 0 1
1590 13 18 -1 0
1591 12 14 -1 0
1592 44 9 0 1
1593 0 13 0 1
1594 44 27 1 0
1595 25 26 -1 0
1596 25 19 0 1
1597 86 25 0 -1
1598 6 38 0 1
1599 43 20 0 -1
1600 27 0 1 0
1601 23 0 0 -1
1602 38 29 0 -1
1603 11 9 0 -1
1604 80 22 1 0
1605 6 18 0 -1
1606 1 4 1 0
1607 37 23 0 -1
1608 87 37 1 0
1609 40 24 0 1
1610 85 22 1 0
1611 41 32 -1 0
1612 79 8 1 0
1613 45 6 0 1
1614 39 38 1 0
1615 85 13 0 -1
1616 78 30 0 1
1617 88 8 0 1
1618 88 0 0 1
1619 69 1 0 -1
1620 76 31 0 -1
1621 98 10 -1 0
1622 36 39 0 -1
1623 48 32 0 -1
1624 53 32 0 1
1625 71 19 0 -1
1626 45 25 -1 0
1627 8 20 1 0
1628 40 9 0 -1
1629 8 35 -1 0
1630 73 24 -1 0
1631 83 26 0 -1
1632 92 14 1 0
1633 24 14 1 0
1634 12 13 0 1
1635 9 22 0 1
1636 65 17 0 1
1637 37 34 -1 0
1638 49 36 0 -1
1639 11 23 0 1
1640 57 33 0 -1
1641 40 36 -1 0
1642 79 3 1 0
1643 30 15 1 0
1644 30 20 -1 0
1645 50 15 1 0
1646 87 5 0 1
1647 47 39 0 -1
1648 98 16 0 -1
1649 52 1 1 0
1650 89 0 -1 0
1651 0 31 0 -1
1652 52 19 1 0
1653 3 16 -1 0
1654 44 7 0 1
1655 15 0 -1 0
1656 24 25 1 0
1657 42 24 -1 0
1658 27 24 -1 0
1659 65 4 0 1
1660 90 4 1 0
1661 21 30 1 0
1662 5 30 0 -1
1663 74 38 -1 0
1664 77 12 -1 0
1665 63 39 1 0
1666 54 5 0 1
1667 81 34 -1 0
1668 61 8 0 -1
1669 72 2 0 1
1670 53 25 -1 0
1671 63 20 0 1
1672 56 39 1 0
1673 90 19 0 1
1674 65 18 0 1
1675 63 2 -1 0
1676 8 14 1 0
1677 96 17 1 0
1678 4 26 1 0
1679 29 0 1 0
1680 3 10 -1 0
1681 80 3 1 0
1682 82 37 0 -1
1683 89 19 -1 0
1684 9 16 -1 0
1685 13 4 1 0
1686 62 14 0 -1
1687 82 3 1 0
1688 88 34 0 1
1689 22 28 0 1
1690 58 33 -1 0
1691 92 21 -1 0
1692 9 19 0 -1
1693 74 31 1 0
1694 93 33 1 0
1695 49 32 0 -1
1696 75 31 0 1
1697 48 10 0 -1
1698 39 16 0 -1
1699 83 19 0 1
1700 97 16 0 1
1701 48 34 1 0
1702 53 31 -1 0
1703 99 14 -1 0
1704 26 24 1 0
1705 28 21 0 1
1706 28 8 0 1
1707 91 27 1 0
1708 38 1 -1 0
1709 3 6 -1 0
1710 30 12 0 -1
1711 40 3 0 -1
1712 69 20 -1 0
1713 8 34 0 -1
1714 98 4 1 0
1715 23 11 1 0
1716 18 4 0 1
1717 46 24 0 1
1718 41 33 0 -1
1719 45 7 0 1
1720 0 5 1 0
1721 40 17 1 0
1722 80 0 1 0
1723 48 19 -1 0
1724 25 13 1 0
1725 44 39 -1 0
1726 17 20 0 1
1727 24 37 1 0
1728 97 24 0 -1
1729 18 38 1 0
1730 98 6 0 -1
1731 94 22 0 1
1732 67 11 -1 0
1733 88 27 0 1
1734 70 37 1 0
1735 44 8 0 1
1736 94 28 -1 0
1737 48 6 -1 0
1738 95 30 0 -1
1739 8 15 -1 0
1740 5 15 -1 0
1741 58 15 -1 0
1742 97 16 1 0
1743 96 6 0 1
1744 82 35 0 -1
1745 81 39 0 1
1746 43 16 -1 0
1747 0 20 0 -1
1748 89 6 -1 0
1749 2 21 -1 0
1750 41 16 1 0
1751 16 11 1 0
1752 0 3 0 -1
1753 46 5 1 0
1754 14 20 -1 0
1755 10 6 0 1
1756 5 33 0 1
1757 87 21 1 0
1758 39 9 1 0
1759 99 18 -1 0
1760 76 31 0 1
1761 11 18 1 0
1762 38 0 0 1
1763 61 23 1 0
1764 4 15 0 -1
1765 42 14 0 1
1766 40 26 -1 0
1767 97 37 0 1
1768 15 14 1 0
1769 56 26 1 0
1770 8 39 0 1
1771 29 15 0 -1
1772 92 25 0 -1
1773 65 16 -1 0
1774 46 6 0 1
1775 20 10 0 -1
1776 86 38 0 1
1777 9 34 -1 0
1778 6 1 -1 0
1779 85 3 0 -1
1780 96 30 -1 0
1781 7 25 0 1
1782 82 12 0 1
1783 8 23 0 1
1784 44 22 0 -1
1785 41 24 1 0
1786 69 23 1 0
1787 78 30 0 -1
1788 82 31 -1 0
1789 94 39 1 0
1790 44 28 -1 0
1791 5 9 0 1
1792 12 15 0 -1
1793 72 35 -1 0
1794 5 23 0 -1
1795 14 1 0 -1
1796 65 11 1 0
1797 68 34 1 0
1798 69 39 0 1
1799 92 30 1 0
1800 95 21 -1 0
1801 9 39 1 0
1802 19 17 0 1
1803 49 25 0 -1
1804 5 5 0 1
1805 21 20 1 0
1806 95 4 0 1
1807 58 16 -1 0
1808 77 22 0 1
1809 27 0 -1 0
1810 80 8 0 -1
1811 41 19 1 0
1812 47 5 1 0
1813 13 21 0 -1
1814 19 15 1 0
1815 84 20 1 0
1816 81 19 1 0
1817 0 7 1 0
1818 97 30 0 -1
1819 15 0 1 0
1820 47 12 0 1
1821 15 10 0 1
1822 43 2 0 -1
1823 37 6 0 1
1824 67 6 0 -1
1825 40 36 -1 0
1826 3 15 -1 0
1827 87 15 0 1
1828 17 3 0 1
1829 9 14 -1 0
1830 39 23 -1 0
1831 68 17 0 -1
1832 52 25 1 0
1833 70 20 0 1
1834 64 23 0 -1
1835 84 24 -1 0
1836 41 26 0 1
1837 37 38 0 -1
1838 44 11 1 0
1839 58 35 1 0
1840 61 9 -1 0
1841 43 34 -1 0
1842 9 22 0 -1
1843 14 30 1 0
1844 60 14 -1 0
1845 85 37 0 -1
1846 76 4 0 1
1847 5 10 -1 0
1848 22 31 -1 0
1849 40 20 1 0
1850 41 18 0 1
1851 61 4 1 0
1852 50 12 0 1
1853 56 37 0 -1
1854 18 23 1 0
1855 16 17 1 0
1856 14 0 0 -1
1857 27 32 0 -1
1858 6 17 0 -1
1859 28 31 0 -1
1860 18 21 0 1
1861 79 17 0 1
1862 9 24 0 1
1863 53 25 -1 0
1864 82 8 -1 0
1865 57 21 0 1
1866 13 20 1 0
1867 55 14 1 0
1868 48 35 0 -1
1869 20 0 1 0
1870 46 30 0 1
1871 11 15 1 0
1872 76 35 0 1
1873 71 21 -1 0
1874 28 30 -1 0
1875 13 25 0 -1
1876 31 26 0 1
1877 99 13 0 -1
1878 22 29 0 1
1879 41 23 1 0
1880 46 11 -1 0
1881 90 29 0 1
1882 8 24 0 1
1883 41 30 1 0
1884 6 7 -1 0
1885 21 13 -1 0
1886 98 10 0 -1
1887 78 20 -1 0
1888 38 12 0 -1
1889 80 9 -1 0
1890 58 33 0 1
1891 41 4 -1 0
1892 20 32 0 1
1893 56 9 -1 0
1894 19 4 0 1
1895 86 4 -1 0
1896 63 34 -1 0
1897 4 38 1 0
1898 73 10 -1 0
1899 10 21 -1 0
1900 20 12 0 -1
1901 26 37 0 -1
1902 54 23 -1 0
1903 88 0 0 -1
1904 23 19 1 0
1905 16 15 0 1
1906 61 3 0 1
1907 38 23 1 0
1908 47 21 0 1
1909 92 21 1 0
1910 21 13 0 -1
1911 49 14 0 1
1912 89 39 0 -1
1913 22 12 0 1
1914 17 30 1 0
1915 6 0 0 1
1916 82 13 -1 0
1917 19 1 1 0
1918 75 29 0 -1
1919 71 26 -1 0
1920 48 32 0 -1
1921 11 8 0 -1
1922 15 11 -1 0
1923 4 13 1 0
1924 48 38 -1 0
1925 20 33 1 0
1926 84 18 1 0
1927 96 16 0 1
1928 80 36 0 -1
1929 2 23 0 1
1930 14 23 0 -1
1931 69 13 0 -1
1932 39 22 1 0
1933 80 13 1 0
1934 24 32 1 0
1935 86 6 1 0
1936 40 9 1 0
1937 42 32 -1 0
1938 24 33 0 1
1939 37 27 0 1
1940 99 18 0 -1
1941 37 38 1 0
1942 12 25 0 -1
1943 15 26 -1 0
1944 37 20 0 -1
1945 78 31 0 1
1946 93 32 0 1
1947 63 28 1 0
1948 49 7 0 -1
1949 15 2 -1 0
1950 29 31 -1 0
1951 99 11 0 -1
1952 67 9 0 -1
1953 69 28 0 -1
1954 51 33 -1 0
1955 71 4 0 -1
1956 4 10 0 -1
1957 24 30 -1 0
1958 29 31 -1 0
1959 4 24 0 -1
1960 92 0 0 -1
1961 25 18 1 0
1962 76 37 -1 0
1963 39 26 1 0
1964 88 25 0 1
1965 92 9 0 1
1966 23 14 0 -1
1967 86 10 1 0
1968 60 19 0 -1
1969 29 39 0 1
1970 96 4 1 0
1971 79 32 -1 0
1972 93 32 0 1
1973 98 23 1 0
1974 13 12 0 -1
1975 92 28 -1 0
1976 86 21 0 -1
1977 50 32 0 -1
1978 28 8 1 0
1979 52 6 0 1
1980 62 11 0 -1
1981 28 38 0 1
1982 77 32 1 0
1983 6 16 1 0
1984 46 20 0 1
1985 89 3 -1 0
1986 90 11 -1 0
1987 43 7 0 1
1988 28 13 1 0
1989 12 15 0 1
1990 24 20 0 -1
1991 25 14 1 0
1992 94 37 0 1
1993 44 6 0 1
1994 46 34 1 0
1995 20 26 1 0
1996 15 27 0 1
1997 12 8 -1 0
1998 28 11 1 0
1999 84 27 1 0
2000 23 34 1 0
2001 54 5 -1 0
2002 76 36 0 1
2003 40 26 0 1
2004 52 24 0 -1
2005 45 5 0 1
2006 1 25 1 0
2007 89 21 0 -1
2008 37 34 -1 0
2009 54 25 0 -1
2010 29 37 0 1
2011 51 13 1 0
2012 81 6 -1 0
2013 11 12 0 1
2014 15 38 0 1
2015 73 20 0 1
2016 98 2 -1 0
2017 12 0 1 0
2018 88 15 -1 0
2019 27 27 -1 0
2020 46 14 0 1
2021 45 35 1 0
2022 70 30 0 1
2023 87 1 1 0
2024 16 18 0 -1
2025 7 37 -1 0
2026 15 3 -1 0
2027 35 15 1 0
2028 45 24 -1 0
2029 27 28 0 1
2030 42 21 0 -1
2031 15 19 0 -1
2032 29 21 0 -1
2033 8 18 -1 0
2034 28 32 -1 0
2035 36 23 1 0
2036 96 3 0 1
2037 49 17 -1 0
2038 91 1 -1 0
2039 0 18 1 0
2040 54 14 -1 0
2041 62 34 0 -1
2042 84 11 -1 0
2043 41 8 -1 0
2044 19 9 1 0
2045 10 14 1 0
2046 42 25 -1 0
2047 25 26 0 1
2048 63 34 0 -1
2049 18 39 0 -1
2050 95 10 -1 0
2051 85 7 0 -1
2052 9 34 -1 0
2053 5 5 0 -1
2054 98 25 1 0
2055 8 37 -1 0
2056 57 6 1 0
2057 0 22 0 1
2058 83 39 0 1
2059 23 10 0 1
2060 9 29 0 1
2061 57 20 -1 0
2062 42 25 0 1
2063 18 24 0 -1
2064 27 23 1 0
2065 42 13 0 1
2066 51 5 0 1
2067 25 35 0 1
2068 74 29 1 0
2069 48 20 0 -1
2070 99 29 -1 0
2071 21 21 1 0
2072 85 22 1 0
2073 78 2 0 1
2074 19 33 0 1
2075 11 10 0 1
2076 99 35 1 0
2077 76 6 -1 0
2078 9 1 0 -1
2079 89 12 0 -1
2080 13 19 0 1
2081 31 9 0 1
2082 53 23 0 1
2083 55 5 1 0
2084 37 0 1 0
2085 37 32 0 -1
2086 43 29 0 1
2087 56 10 1 0
2088 12 3 0 1
2089 47 26 -1 0
2090 37 10 0 -1
2091 9 34 0 1
2092 15 39 0 1
2093 16 15 0 -1
2094 81 5 0 -1
2095 59 26 -1 0
2096 88 32 0 1
2097 73 21 0 1
2098 57 30 0 -1
2099 82 23 0 -1
2100 24 10 0 -1
2101 99 17 -1 0
2102 3 15 1 0
2103 53 19 0 1
2104 93 12 0 1
2105 46 23 0 1
2106 16 13 0 -1
2107 93 11 -1 0
2108 13 17 -1 0
2109 41 15 0 -1
2110 81 5 0 -1
2111 7 22 0 1
2112 25 6 0 1
2113 95 6 0 -1
2114 42 33 -1 0
2115 23 16 -1 0
2116 78 38 0 1
2117 37 30 -1 0
2118 92 8 1 0
2119 92 21 0 1
2120 22 13 0 -1
2121 39 32 -1 0
2122 11 14 -1 0
2123 39 11 0 1
2124 40 17 0 1
2125 97 29 -1 0
2126 53 18 0 -1
2127 26 19 0 -1
2128 99 5 -1 0
2129 40 21 -1 0
2130 25 17 0 1
2131 31 21 -1 0
2132 17 8 -1 0
2133 36 25 0 1
2134 97 1 -1 0
2135 10 24 -1 0
2136 14 20 -1 0
2137 0 11 -1 0
2138 54 36 1 0
2139 38 14 -1 0
2140 38 12 -1 0
2141 54 12 0 1
2142 43 18 0 1
2143 77 25 1 0
2144 6 2 0 1
2145 21 5 1 0
2146 57 0 1 0
2147 56 30 0 -1
2148 7 29 -1 0
2149 20 33 0 -1
2150 47 36 -1 0
2151 23 11 1 0
2152 76 22 0 -1
2153 16 22 1 0
2154 40 15 -1 0
2155 58 33 0 1
2156 25 5 0 1
2157 48 2 0 -1
2158 42 17 -1 0
2159 39 38 0 -1
2160 26 2 0 1
2161 98 25 0 -1
2162 22 14 0 -1
2163 76 34 1 0
2164 96 26 -1 0
2165 75 30 0 -1
2166 2 15 0 1
2167 44 32 -1 0
2168 25 13 0 1
2169 19 30 0 1
2170 19 14 0 1
2171 19 20 0 1
2172 44 32 1 0
2173 98 31 -1 0
2174 86 29 -1 0
2175 8 14 0 -1
2176 46 31 1 0
2177 38 28 0 1
2178 14 15 0 -1
2179 19 31 -1 0
2180 88 22 0 1
2181 40 8 -1 0
2182 3 2 1 0
2183 47 28 -1 0
2184 19 10 0 -1
2185 19 30 1 0
2186 73 6 -1 0
2187 14 31 0 1
2188 42 10 -1 0
2189 39 26 -1 0
2190 69 33 0 1
2191 67 21 1 0
2192 25 14 0 -1
2193 21 0 0 -1
2194 26 1 1 0
2195 92 35 0 1
2196 7 4 -1 0
2197 48 29 1 0
2198 28 11 1 0
2199 21 15 1 0
2200 74 5 -1 0
2201 25 28 0 1
2202 18 13 -1 0
2203 63 17 1 0
2204 85 29 -1 0
2205 31 19 1 0
2206 0 8 0 1
2207 45 29 1 0
2208 45 13 0 1
2209 45 22 0 1
2210 12 1 0 -1
2211 11 6 0 -1
2212 91 26 0 -1
2213 28 30 -1 0
2214 93 32 1 0
2215 45 33 -1 0
2216 5 6 -1 0
2217 29 32 0 -1
2218 79 26 0 -1
2219 95 31 -1 0
2220 17 5 1 0
2221 28 22 1 0
2222 42 20 -1 0
2223 50 37 0 -1
2224 12 11 0 1
2225 53 38 1 0
2226 90 19 0 1
2227 60 15 1 0
2228 90 32 0 1
2229 86 3 0 1
2230 20 24 0 1
2231 11 6 0 -1
2232 22 2 0 1
2233 86 21 -1 0
2234 6 12 0 1
2235 38 35 1 0
2236 28 29 -1 0
2237 90 11 1 0
2238 23 28 1 0
2239 21 12 -1 0
2240 38 10 -1 0
2241 8 10 -1 0
2242 71 14 -1 0
2243 69 15 0 -1
2244 52 27 -1 0
2245 88 3 0 -1
2246 2 22 0 1
2247 41 16 0 -1
2248 21 16 1 0
2249 78 12 0 -1
2250 85 6 -1 0
2251 28 32 0 -1
2252 0 10 0 1
2253 98 13 0 -1
2254 26 17 0 1
2255 10 7 1 0
2256 64 15 1 0
2257 91 36 0 1
2258 92 31 1 0
2259 92 16 1 0
2260 24 38 1 0
2261 2 25 0 1
2262 41 13 0 1
2263 39 14 0 1
2264 47 14 0 1
2265 80 23 -1 0
2266 95 10 0 -1
2267 92 18 0 1
2268 28 19 0 1
2269 9 30 -1 0
2270 92 0 -1 0
2271 59 35 0 -1
2272 99 14 0 -1
2273 46 38 1 0
2274 42 24 1 0
2275 39 9 0 1
2276 67 22 0 -1
2277 71 5 0 -1
2278 6 1 -1 0
2279 90 38 -1 0
2280 16 6 0 -1
2281 54 21 0 1
2282 6 36 -1 0
2283 65 31 0 1
2284 96 19 1 0
2285 21 24 0 1
2286 24 15 0 -1
2287 27 31 0 -1
2288 18 4 1 0
2289 54 10 0 -1
2290 95 14 1 0
2291 40 12 0 -1
2292 67 8 -1 0
2293 59 29 0 -1
2294 60 5 0 1
2295 0 10 1 0
2296 81 16 0 1
2297 64 22 1 0
2298 72 34 1 0
2299 22 11 0 -1
2300 18 39 1 0
2301 38 31 0 1
2302 70 2 0 1
2303 19 24 -1 0
2304 38 38 0 1
2305 57 10 0 1
2306 97 20 0 1
2307 27 17 1 0
2308 28 9 -1 0
2309 90 30 0 1
2310 74 27 -1 0
2311 46 28 -1 0
2312 38 16 0 -1
2313 7 29 0 -1
2314 17 27 0 -1
2315 10 4 0 1
2316 17 4 0 1
2317 9 3 1 0
2318 40 8 0 1
2319 89 31 0 1
2320 14 23 -1 0
2321 47 20 0 -1
2322 49 4 1 0
2323 5 20 0 1
2324 72 9 -1 0
2325 80 30 0 -1
2326 52 35 0 -1
2327 84 16 0 -1
2328 26 25 0 -1
2329 82 20 1 0
2330 99 13 1 0
2331 15 39 1 0
2332 51 26 -1 0
2333 65 11 -1 0
2334 44 34 0 -1
2335 40 23 0 -1
2336 45 14 1 0
2337 88 27 0 -1
2338 88 3 0 -1
2339 87 31 0 -1
2340 43 34 -1 0
2341 8 32 1 0
2342 72 22 0 -1
2343 43 18 0 -1
2344 45 20 0 1
2345 26 10 1 0
2346 75 4 0 -1
2347 96 38 0 -1
2348 45 5 -1 0
2349 15 37 0 1
2350 84 12 -1 0
2351 12 38 1 0
2352 53 9 0 1
2353 27 26 0 1
2354 96 1 0 1
2355 41 7 0 -1
2356 40 32 0 -1
2357 99 34 0 1
2358 13 27 -1 0
2359 7 2 -1 0
2360 20 15 -1 0
2361 60 10 0 -1
2362 97 36 1 0
2363 27 37 0 -1
2364 23 16 -1 0
2365 19 33 0 -1
2366 15 24 -1 0
2367 52 21 1 0
2368 75 17 -1 0
2369 19 20 1 0
2370 50 9 1 0
2371 92 5 1 0
2372 27 29 1 0
2373 70 29 1 0
2374 72 14 1 0
2375 55 30 0 -1
2376 99 15 1 0
2377 70 23 0 1
2378 11 38 1 0
2379 49 17 0 1
2380 0 19 0 1
2381 24 0 1 0
2382 61 22 -1 0
2383 14 33 -1 0
2384 95 24 0 -1
2385 58 28 0 -1
2386 6 34 1 0
2387 14 38 0 1
2388 38 25 -1 0
2389 14 28 0 -1
2390 8 5 0 1
2391 58 11 -1 0
2392 46 17 0 -1
2393 19 31 0 1
2394 5 15 -1 0
2395 17 4 0 1
2396 52 21 -1 0
2397 57 22 0 1
2398 11 33 0 -1
2399 98 21 -1 0
2400 27 21 0 -1
2401 58 3 0 -1
2402 41 9 -1 0
2403 55 12 0 -1
2404 12 18 0 1
2405 49 21 1 0
2406 19 2 1 0
2407 88 33 1 0
2408 25 33 -1 0
2409 24 30 1 0
2410 12 30 0 1
2411 29 20 0 1
2412 11 0 1 0
2413 95 0 0 1
2414 47 1 -1 0
2415 10 29 0 1
2416 91 35 0 -1
2417 90 33 1 0
2418 95 38 1 0
2419 42 16 0 1
2420 12 1 0 -1
2421 24 29 1 0
2422 47 27 -1 0
2423 9 6 -1 0
2424 86 2 0 -1
2425 29 15 0 1
2426 94 9 0 -1
2427 53 39 0 1
2428 51 25 0 1
2429 85 33 -1 0
2430 78 18 1 0
2431 20 14 -1 0
2432 94 34 0 -1
2433 46 28 0 1
2434 58 19 0 1
2435 67 31 0 1
2436 38 39 -1 0
2437 1 19 1 0
2438 8 34 1 0
2439 51 5 0 -1
2440 29 21 1 0
2441 14 15 0 -1
2442 45 38 0 -1
2443 39 5 -1 0
2444 52 9 0 -1
2445 23 9 -1 0
2446 88 23 -1 0
2447 21 22 1 0
2448 83 25 1 0
2449 55 22 1 0
2450 44 3 -1 0
2451 47 25 0 -1
2452 19 25 0 -1
2453 64 33 -1 0
2454 98 23 -1 0
2455 85 20 0 1
2456 60 4 1 0
2457 75 33 1 0
2458 22 17 0 1
2459 63 29 0 1
2460 41 33 -1 0
2461 95 23 0 1
2462 73 36 -1 0
2463 6 27 0 -1
2464 31 5 1 0
2465 7 0 0 -1
2466 27 13 0 1
2467 99 27 -1 0
2468 93 30 1 0
2469 51 28 0 -1
2470 2 15 0 -1
2471 16 37 0 -1
2472 94 1 -1 0
2473 1 26 0 1
2474 49 19 1 0
2475 19 17 0 -1
2476 19 6 1 0
2477 95 31 1 0
2478 4 25 -1 0
2479 14 15 0 1
2480 8 16 0 1
2481 28 3 -1 0
2482 4 25 -1 0
2483 87 21 -1 0
2484 95 3 -1 0
2485 43 11 0 1
2486 16 21 0 -1
2487 78 23 0 -1
2488 36 37 0 1
2489 45 11 1 0
2490 36 30 0 -1
2491 49 34 0 -1
2492 70 16 0 1
2493 15 1 0 -1
2494 6 0 0 -1
2495 66 21 0 1
2496 56 29 1 0
2497 52 9 0 -1
2498 40 4 0 1
2499 5 31 0 -1
2500 80 18 0 -1
2501 23 6 0 -1
2502 59 0 0 1
2503 90 19 1 0
2504 47 5 1 0
2505 57 32 0 -1
2506 3 0 0 1
2507 11 16 0 1
2508 23 32 1 0
2509 0 4 -1 0
2510 21 11 1 0
2511 41 3 0 1
2512 47 16 -1 0
2513 61 6 0 -1
2514 77 32 -1 0
2515 62 25 0 -1
2516 41 17 1 0
2517 3 7 1 0
2518 26 4 0 1
2519 17 6 0 -1
2520 97 18 -1 0
2521 42 26 0 -1
2522 52 33 -1 0
2523 0 29 0 -1
2524 18 0 1 0
2525 68 4 -1 0
2526 18 6 1 0
2527 45 10 1 0
2528 28 18 0 1
2529 15 38 0 1
2530 36 4 1 0
2531 50 15 1 0
2532 47 15 0 1
2533 76 24 1 0
2534 93 15 1 0
2535 10 17 1 0
2536 98 21 0 1
2537 48 17 0 -1
2538 18 31 -1 0
2539 23 20 0 1
2540 20 1 0 1
2541 38 2 -1 0
2542 37 19 1 0
2543 39 14 0 -1
2544 89 13 0 1
2545 37 15 1 0
2546 48 6 -1 0
2547 36 16 1 0
2548 94 5 0 1
2549 38 2 1 0
2550 10 39 1 0
2551 23 9 0 1
2552 41 24 0 1
2553 43 15 -1 0
2554 41 5 0 -1
2555 49 23 1 0
2556 2 31 1 0
2557 15 11 0 -1
2558 5 9 -1 0
2559 43 35 1 0
2560 28 1 0 -1
2561 29 22 0 -1
2562 11 21 0 -1
2563 2 9 0 1
2564 35 26 0 1
2565 80 30 -1 0
2566 5 33 -1 0
2567 5 4 -1 0
2568 50 33 -1 0
2569 96 15 1 0
2570 3 6 0 -1
2571 84 30 0 -1
2572 53 38 -1 0
2573 20 11 1 0
2574 4 23 -1 0
2575 31 29 1 0
2576 56 13 1 0
2577 81 20 0 1
2578 49 13 0 -1
2579 96 32 -1 0
2580 46 7 1 0
2581 1 9 0 1
2582 47 22 1 0
2583 9 9 1 0
2584 37 21 1 0
2585 29 39 -1 0
2586 27 22 -1 0
2587 24 35 0 -1
2588 41 10 -1 0
2589 73 31 0 -1
2590 24 13 1 0
2591 8 28 1 0
2592 68 31 0 -1
2593 21 26 -1 0
2594 53 6 -1 0
2595 46 16 0 1
2596 77 23 0 1
2597 2 12 0 1
2598 24 22 0 -1
2599 29 12 1 0
2600 23 24 0 -1
2601 27 27 0 -1
2602 28 28 -1 0
2603 63 20 -1 0
2604 17 9 0 -1
2605 60 31 0 -1
2606 72 28 0 1
2607 93 28 0 1
2608 72 19 -1 0
2609 55 37 0 -1
2610 59 12 0 1
2611 64 2 -1 0
2612 21 33 1 0
2613 51 5 1 0
2614 40 3 0 1
2615 15 23 0 1
2616 15 19 1 0
2617 65 16 0 -1
2618 17 19 1 0
2619 49 28 0 -1
2620 90 5 0 1
2621 8 33 -1 0
2622 43 4 -1 0
2623 2 12 -1 0
2624 81 12 1 0
2625 20 3 0 -1
2626 99 10 0 1
2627 39 21 -1 0
2628 42 13 0 1
2629 23 18 0 1
2630 18 11 1 0
2631 27 30 0 -1
2632 83 24 0 1
2633 10 23 -1 0
2634 9 11 1 0
2635 22 11 -1 0
2636 68 0 -1 0
2637 41 16 1 0
2638 48 33 -1 0
2639 7 3 0 1
2640 59 31 -1 0
2641 57 22 0 -1
2642 68 19 0 1
2643 89 37 0 1
2644 75 23 1 0
2645 98 4 -1 0
2646 21 6 0 1
2647 14 37 0 -1
2648 29 30 -1 0
2649 62 29 0 -1
2650 40 1 0 1
2651 65 3 0 -1
2652 23 7 -1 0
2653 69 27 -1 0
2654 22 1 1 0
2655 68 13 0 -1
2656 37 30 0 1
2657 69 23 1 0
2658 1 36 0 1
2659 54 14 0 1
2660 44 17 0 1
2661 7 1 -1 0
2662 98 8 1 0
2663 82 0 -1 0
2664 95 17 1 0
2665 23 3 0 -1
2666 50 10 -1 0
2667 19 37 1 0
2668 23 37 -1 0
2669 25 26 0 -1
2670 21 12 0 -1
2671 24 6 0 -1
2672 48 35 -1 0
2673 14 5 0 1
2674 10 3 0 -1
2675 49 9 1 0
2676 42 20 0 1
2677 45 25 1 0
2678 80 8 1 0
2679 62 10 0 1
2680 93 37 -1 0
2681 83 0 0 -1
2682 44 26 0 -1
2683 45 30 0 -1
2684 38 15 -1 0
2685 12 28 0 -1
2686 29 20 -1 0
2687 13 38 0 1
2688 13 9 1 0
2689 10 21 1 0
2690 25 4 1 0
2691 97 24 -1 0
2692 6 5 0 1
2693 9 23 0 -1
2694 6 37 0 -1
2695 70 22 0 1
2696 19 24 0 1
2697 9 30 0 -1
2698 78 34 0 -1
2699 48 24 0 1
2700 50 8 -1 0
2701 43 37 -1 0
2702 29 34 1 0
2703 56 34 0 1
2704 93 39 1 0
2705 39 6 0 -1
2706 88 11 1 0
2707 68 39 1 0
2708 75 22 1 0
2709 29 26 -1 0
2710 15 23 0 1
2711 22 15 0 1
2712 45 31 0 -1
2713 84 12 0 -1
2714 25 18 1 0
2715 56 32 1 0
2716 1 22 0 1
2717 31 8 -1 0
2718 21 0 0 1
2719 89 29 0 -1
2720 21 31 -1 0
2721 86 29 -1 0
2722 92 29 0 -1
2723 91 19 1 0
2724 7 8 -1 0
2725 12 14 1 0
2726 85 0 1 0
2727 86 27 0 1
2728 46 7 0 1
2729 18 2 0 1
2730 57 14 0 -1
2731 29 26 1 0
2732 4 14 0 -1
2733 27 22 0 1
2734 13 36 0 1
2735 14 38 1 0
2736 8 0 1 0
2737 70 4 -1 0
2738 45 24 0 1
2739 87 38 -1 0
2740 44 1 -1 0
2741 26 14 0 1
2742 96 16 -1 0
2743 75 23 -1 0
2744 23 29 0 -1
2745 28 7 0 1
2746 48 11 0 -1
2747 51 11 0 1
2748 66 24 -1 0
2749 64 17 1 0
2750 39 20 1 0
2751 47 31 0 -1
2752 18 6 0 -1
2753 31 39 1 0
2754 89 37 0 -1
2755 68 6 0 -1
2756 56 20 0 1
2757 56 39 0 1
2758 90 37 0 -1
2759 56 29 0 -1
2760 50 6 1 0
2761 42 4 0 -1
2762 41 18 0 1
2763 40 22 -1 0
2764 16 10 -1 0
2765 19 21 1 0
2766 20 29 1 0
2767 21 2 0 -1
2768 52 39 -1 0
2769 17 4 1 0
2770 26 8 0 1
2771 60 34 0 1
2772 18 35 -1 0
2773 20 9 0 1
2774 40 37 0 -1
2775 38 28 0 1
2776 59 17 -1 0
2777 63 29 0 -1
2778 37 31 -1 0
2779 13 16 0 1
2780 97 1 1 0
2781 51 6 0 -1
2782 49 39 1 0
2783 44 24 0 -1
2784 91 36 0 -1
2785 67 14 0 -1
2786 26 25 0 1
2787 48 2 0 -1
2788 7 23 1 0
2789 41 9 -1 0
2790 93 28 -1 0
2791 2 25 0 1
2792 69 4 0 -1
2793 36 25 -1 0
2794 70 6 0 -1
2795 45 36 0 1
2796 69 20 0 1
2797 26 3 -1 0
2798 68 32 1 0
2799 21 17 1 0
2800 97 11 0 -1
2801 22 23 1 0
2802 4 39 0 1
2803 5 13 1 0
2804 15 36 0 1
2805 26 11 -1 0
2806 24 2 1 0
2807 12 32 0 1
2808 52 4 0 -1
2809 44 37 -1 0
2810 88 35 0 1
2811 89 27 -1 0
2812 78 25 0 -1
2813 14 3 0 1
2814 81 34 0 -1
2815 27 31 0 1
2816 7 34 -1 0
2817 17 36 0 1
2818 45 10 1 0
2819 15 9 -1 0
2820 22 0 0 1
2821 45 38 1 0
2822 64 20 1 0
2823 52 2 1 0
2824 27 23 -1 0
2825 80 15 1 0
2826 68 12 1 0
2827 20 27 1 0
2828 49 12 1 0
2829 39 4 0 -1
2830 8 26 0 -1
2831 16 8 0 -1
2832 97 34 1 0
2833 18 29 1 0
2834 38 18 -1 0
2835 4 33 -1 0
2836 68 33 0 1
2837 51 1 1 0
2838 44 33 0 1
2839 84 19 1 0
2840 8 12 1 0
2841 91 26 0 -1
2842 54 1 0 -1
2843 45 31 0 -1
2844 89 21 0 1
2845 42 5 -1 0
2846 51 18 -1 0
2847 19 25 0 1
2848 5 9 -1 0
2849 56 6 1 0
2850 17 28 0 1
2851 13 34 -1 0
2852 2 25 1 0
2853 69 22 1 0
2854 45 8 -1 0
2855 39 31 0 1
2856 8 38 0 -1
2857 80 21 0 1
2858 13 9 1 0
2859 21 17 1 0
2860 15 5 0 -1
2861 54 18 -1 0
2862 23 35 1 0
2863 97 39 -1 0
2864 16 7 0 -1
2865 38 19 -1 0
2866 16 12 -1 0
2867 50 3 0 -1
2868 22 13 1 0
2869 75 25 -1 0
2870 35 31 -1 0
2871 88 2 0 1
2872 68 23 0 1
2873 66 21 1 0
2874 17 30 0 1
2875 99 13 0 1
2876 1 38 1 0
2877 41 37 1 0
2878 9 3 0 1
2879 53 27 0 1
2880 23 13 -1 0
2881 86 8 1 0
2882 48 18 -1 0
2883 46 8 1 0
2884 95 20 -1 0
2885 43 39 -1 0
2886 21 34 0 1
2887 66 23 0 1
2888 78 29 0 -1
2889 88 13 0 -1
2890 6 3 -1 0
2891 22 1 0 1
2892 24 28 -1 0
2893 26 26 -1 0
2894 61 38 1 0
2895 23 29 -1 0
2896 45 39 1 0
2897 92 32 1 0
2898 44 29 -1 0
2899 53 4 -1 0
2900 6 28 0 1
2901 19 32 0 1
2902 55 10 0 1
2903 87 15 1 0
2904 76 10 0 1
2905 25 31 0 1
2906 64 16 1 0
2907 0 6 1 0
2908 68 2 1 0
2909 71 39 0 1
2910 37 17 -1 0
2911 46 13 1 0
2912 85 15 0 -1
2913 9 19 0 -1
2914 47 14 0 1
2915 61 28 0 -1
2916 27 35 0 1
2917 40 25 0 -1
2918 86 33 -1 0
2919 59 9 -1 0
2920 1 35 1 0
2921 54 38 0 1
2922 91 37 0 1
2923 94 10 0 1
2924 31 27 0 1
2925 41 14 0 -1
2926 70 19 0 -1
2927 10 10 1 0
2928 25 33 0 -1
2929 24 4 -1 0
2930 0 5 0 1
2931 24 24 0 1
2932 89 9 -1 0
2933 48 11 -1 0
2934 47 7 0 -1
2935 26 32 -1 0
2936 81 39 0 -1
2937 73 27 0 1
2938 98 23 -1 0
2939 70 17 -1 0
2940 66 4 1 0
2941 61 10 1 0
2942 17 18 -1 0
2943 50 24 0 -1
2944 94 33 0 1
2945 44 3 -1 0
2946 6 11 -1 0
2947 88 14 0 1
2948 74 24 0 1
2949 41 38 0 -1
2950 4 9 0 -1
2951 45 35 0 -1
2952 44 16 0 1
2953 44 39 0 1
2954 38 30 0 1
2955 12 30 0 1
2956 68 13 0 -1
2957 59 12 1 0
2958 86 16 -1 0
2959 16 17 0 -1
2960 18 37 1 0
2961 25 27 -1 0
2962 31 23 -1 0
2963 8 22 1 0
2964 26 16 -1 0
2965 38 37 1 0
2966 41 11 0 -1
2967 5 36 -1 0
2968 71 3 0 1
2969 92 36 0 1
2970 28 1 -1 0
2971 56 39 0 -1
2972 10 24 -1 0
2973 71 36 -1 0
2974 22 5 0 -1
2975 52 39 0 -1
2976 4 36 0 1
2977 64 13 -1 0
2978 79 8 1 0
2979 10 14 1 0
2980 13 14 1 0
2981 87 27 0 -1
2982 49 37 -1 0
2983 41 26 0 -1
2984 65 31 0 -1
2985 42 2 0 -1
2986 13 7 0 -1
2987 69 12 -1 0
2988 44 23 0 1
2989 71 3 0 1
2990 56 2 0 1
2991 93 6 -1 0
2992 23 6 0 -1
2993 78 35 -1 0
2994 86 7 0 -1
2995 80 7 1 0
2996 5 37 1 0
2997 46 27 -1 0
2998 97 14 -1 0
2999 8 35 0 -1
3000 67 3 -1 0
3001 54 11 0 -1
3002 10 6 0 -1
3003 43 4 0 -1
3004 24 0 -1 0
3005 37 10 1 0
3006 74 15 -1 0
3007 62 23 0 1
3008 39 14 0 -1
3009 50 38 -1 0
3010 0 0 -1 0
3011 81 36 -1 0
3012 40 7 1 0
3013 67 22 1 0
3014 78 34 1 0
3015 13 7 1 0
3016 12 34 0 1
3017 72 0 0 1
3018 99 1 1 0
3019 15 35 -1 0
3020 3 12 1 0
3021 17 3 1 0
3022 1 31 1 0
3023 0 37 1 0
3024 85 31 1 0
3025 11 29 0 1
3026 47 28 -1 0
3027 9 26 0 -1
3028 66 35 0 1
3029 8 37 -1 0
3030 83 24 1 0
3031 38 36 -1 0
3032 41 21 -1 0
3033 57 14 0 1
3034 7 32 1 0
3035 8 2 1 0
3036 65 32 1 0
3037 25 38 0 1
3038 39 24 -1 0
3039 43 17 0 -1
3040 64 12 0 -1
3041 13 31 -1 0
3042 41 23 -1 0
3043 12 4 1 0
3044 38 23 1 0
3045 1 5 0 -1
3046 42 9 0 -1
3047 81 9 0 -1
3048 84 13 0 -1
3049 71 16 -1 0
3050 99 18 -1 0
3051 44 3 -1 0
3052 66 30 1 0
3053 20 22 1 0
3054 5 15 0 -1
3055 9 12 0 1
3056 23 22 0 -1
3057 17 21 -1 0
3058 23 28 0 1
3059 19 0 0 -1
3060 43 7 1 0
3061 14 2 0 1
3062 11 11 0 1
3063 64 2 0 1
3064 19 23 0 -1
3065 99 22 0 1
3066 11 13 1 0
3067 36 10 0 1
3068 25 9 1 0
3069 55 32 0 1
3070 16 10 1 0
3071 10 28 0 -1
3072 41 35 1 0
3073 91 10 -1 0
3074 87 13 0 -1
3075 53 29 -1 0
3076 64 14 0 -1
3077 23 30 1 0
3078 24 7 1 0
3079 80 4 -1 0
3080 3 8 -1 0
3081 92 11 -1 0
3082 12 2 0 -1
3083 18 5 -1 0
3084 1 16 -1 0
3085 32 39 0 -1
3086 40 28 -1 0
3087 43 39 0 1
3088 47 24 1 0
3089 22 21 1 0
3090 84 4 1 0
3091 96 4 0 1
3092 79 16 0 1
3093 26 4 1 0
3094 50 26 -1 0
3095 75 33 1 0
3096 39 29 0 1
3097 56 38 -1 0
3098 70 10 0 -1
3099 22 32 0 1
3100 73 4 -1 0
3101 49 10 0 1
3102 68 11 0 1
3103 82 23 1 0
3104 0 25 0 -1
3105 55 4 -1 0
3106 15 2 0 -1
3107 10 10 -1 0
3108 71 22 0 -1
3109 48 33 0 -1
3110 29 32 0 -1
3111 25 11 0 1
3112 52 10 0 -1
3113 26 36 1 0
3114 45 34 -1 0
3115 45 26 0 -1
3116 31 26 1 0
3117 99 23 -1 0
3118 19 33 0 1
3119 74 21 0 1
3120 75 9 -1 0
3121 88 7 1 0
3122 19 9 -1 0
3123 7 37 1 0
3124 23 4 -1 0
3125 11 19 1 0
3126 46 9 0 -1
3127 1 34 0 -1
3128 47 19 -1 0
3129 52 6 -1 0
3130 80 36 0 -1
3131 74 22 0 -1
3132 62 27 1 0
3133 23 23 -1 0
3134 13 6 0 -1
3135 93 7 -1 0
3136 51 31 -1 0
3137 28 2 0 -1
3138 90 12 1 0
3139 29 11 0 -1
3140 1 23 0 -1
3141 58 21 1 0
3142 28 10 0 1
3143 75 4 -1 0
3144 20 2 0 -1
3145 79 19 -1 0
3146 59 7 0 1
3147 49 19 0 -1
3148 82 1 0 -1
3149 38 33 0 -1
3150 9 14 -1 0
3151 38 34 0 -1
3152 42 10 0 -1
3153 23 17 1 0
3154 72 6 1 0
3155 18 37 0 -1
3156 95 5 0 -1
3157 93 26 -1 0
3158 68 26 1 0
3159 74 28 0 1
3160 66 26 0 1
3161 9 25 0 1
3162 48 31 -1 0
3163 18 13 1 0
3164 26 13 0 1
3165 0 12 1 0
3166 82 38 0 1
3167 46 3 -1 0
3168 46 34 0 1
3169 45 27 1 0
3170 96 20 0 1
3171 21 33 -1 0
3172 15 15 1 0
3173 77 24 1 0
3174 56 18 0 -1
3175 86 13 -1 0
3176 96 10 -1 0
3177 91 30 1 0
3178 41 10 1 0
3179 23 2 0 1
3180 79 9 1 0
3181 44 27 0 1
3182 76 29 1 0
3183 39 33 -1 0
3184 0 38 -1 0
3185 59 12 0 -1
3186 64 5 0 1
3187 98 33 -1 0
3188 22 39 0 1
3189 71 30 0 -1
3190 24 23 1 0
3191 43 25 -1 0
3192 0 37 0 -1
3193 69 37 1 0
3194 18 29 -1 0
3195 41 15 0 -1
3196 45 8 0 -1
3197 1 26 0 1
3198 20 16 -1 0
3199 79 0 0 1
3200 24 18 -1 0
3201 84 10 -1 0
3202 10 6 0 1
3203 49 27 -1 0
3204 44 5 -1 0
3205 79 9 1 0
3206 59 34 -1 0
3207 10 16 0 1
3208 97 16 1 0
3209 16 1 0 -1
3210 51 0 -1 0
3211 65 1 1 0
3212 13 29 0 1
3213 24 28 -1 0
3214 77 15 1 0
3215 11 36 1 0
3216 27 2 0 1
3217 22 9 -1 0
3218 0 11 -1 0
3219 36 13 -1 0
3220 13 25 -1 0
3221 36 6 1 0
3222 24 36 0 1
3223 43 27 0 1
3224 50 37 0 1
3225 45 2 0 1
3226 82 5 1 0
3227 29 19 0 1
3228 92 8 -1 0
3229 5 7 -1 0
3230 51 11 0 1
3231 60 35 -1 0
3232 92 28 0 1
3233 12 20 1 0
3234 50 1 0 -1
3235 72 15 0 1
3236 43 14 -1 0
3237 23 38 0 1
3238 22 16 0 1
3239 48 23 0 1
3240 65 37 0 -1
3241 46 12 0 -1
3242 36 32 0 -1
3243 21 38 0 -1
3244 9 13 0 1
3245 39 39 -1 0
3246 5 25 -1 0
3247 39 31 0 1
3248 62 25 0 -1
3249 51 28 0 -1
3250 25 18 -1 0
3251 82 36 0 -1
3252 38 8 1 0
3253 78 32 0 1
3254 47 18 -1 0
3255 39 5 0 -1
3256 25 8 0 -1
3257 80 27 -1 0
3258 30 19 0 -1
3259 54 17 0 1
3260 20 8 1 0
3261 42 33 0 -1
3262 53 15 -1 0
3263 61 32 -1 0
3264 19 12 0 -1
3265 39 2 -1 0
3266 96 29 -1 0
3267 31 8 -1 0
3268 83 18 0 -1
3269 4 26 0 -1
3270 39 23 1 0
3271 17 11 1 0
3272 43 9 1 0
3273 22 36 0 -1
3274 21 20 0 -1
3275 79 8 1 0
3276 0 30 0 -1
3277 87 24 1 0
3278 81 37 0 -1
3279 84 5 0 -1
3280 64 26 0 1
3281 12 24 1 0
3282 18 20 0 -1
3283 42 17 -1 0
3284 45 24 0 1
3285 41 19 1 0
3286 40 36 0 -1
3287 71 6 0 -1
3288 11 11 0 1
3289 72 21 1 0
3290 59 2 -1 0
3291 94 27 0 1
3292 68 5 0 -1
3293 44 22 1 0
3294 37 7 0 -1
3295 49 13 1 0
3296 39 20 1 0
3297 27 37 -1 0
3298 51 8 0 -1
3299 14 25 -1 0
3300 4 33 1 0
3301 26 36 0 -1
3302 59 17 1 0
3303 33 0 0 -1
3304 49 6 -1 0
3305 29 37 -1 0
3306 34 18 0 1
3307 12 35 -1 0
3308 15 9 1 0
3309 94 26 0 -1
3310 30 4 -1 0
3311 44 25 0 -1
3312 43 24 -1 0
3313 10 31 -1 0
3314 71 3 0 1
3315 40 2 0 1
3316 22 4 1 0
3317 38 10 -1 0
3318 15 12 -1 0
3319 40 8 0 1
3320 43 5 0 1
3321 78 11 0 1
3322 27 20 -1 0
3323 92 27 0 1
3324 14 14 0 1
3325 51 7 1 0
3326 12 25 1 0
3327 51 3 -1 0
3328 26 34 0 -1
3329 61 9 0 1
3330 38 2 -1 0
3331 1 18 0 1
3332 42 32 0 1
3333 35 29 0 1
3334 11 5 -1 0
3335 19 15 1 0
3336 95 5 -1 0
3337 60 0 -1 0
3338 56 24 0 1
3339 99 29 -1 0
3340 69 13 -1 0
3341 30 13 0 1
3342 91 23 -1 0
3343 49 3 0 1
3344 16 5 -1 0
3345 54 1 1 0
3346 9 0 1 0
3347 19 4 0 1
3348 22 10 0 1
3349 78 32 0 1
3350 41 29 0 -1
3351 37 39 0 -1
3352 54 22 0 1
3353 66 20 0 1
3354 78 17 0 -1
3355 58 18 1 0
3356 76 10 0 -1
3357 28 30 1 0
3358 20 5 0 1
3359 0 14 0 1
3360 49 18 1 0
3361 6 36 1 0
3362 10 21 0 -1
3363 37 22 0 1
3364 5 20 0 1
3365 28 32 1 0
3366 18 21 0 -1
3367 25 25 -1 0
3368 28 23 0 1
3369 21 33 -1 0
3370 40 25 -1 0
3371 22 29 0 -1
3372 16 23 -1 0
3373 87 32 1 0
3374 16 5 0 1
3375 43 3 1 0
3376 23 1 0 -1
3377 30 16 0 1
3378 9 27 0 1
3379 38 30 0 1
3380 96 10 -1 0
3381 28 10 0 -1
3382 23 5 0 -1
3383 0 17 1 0
3384 5 2 0 -1
3385 78 15 -1 0
3386 13 10 1 0
3387 40 10 1 0
3388 3 26 0 1
3389 63 31 -1 0
3390 6 24 -1 0
3391 18 36 0 1
3392 53 19 0 -1
3393 76 26 1 0
3394 48 17 0 -1
3395 44 9 0 1
3396 3 9 0 -1
3397 57 21 0 1
3398 78 11 0 1
3399 15 26 1 0
3400 91 11 0 1
3401 0 29 1 0
3402 98 5 -1 0
3403 3 1 1 0
3404 25 4 -1 0
3405 75 30 1 0
3406 88 37 0 -1
3407 50 2 -1 0
3408 39 10 0 1
3409 88 8 0 1
3410 84 17 0 -1
3411 86 15 -1 0
3412 57 16 0 1
3413 38 9 -1 0
3414 20 20 0 -1
3415 80 0 0 -1
3416 96 7 1 0
3417 87 7 0 1
3418 51 6 -1 0
3419 24 29 0 1
3420 16 9 -1 0
3421 48 7 0 1
3422 53 37 1 0
3423 67 22 1 0
3424 92 17 0 -1
3425 17 22 1 0
3426 76 33 -1 0
3427 60 36 0 -1
3428 25 21 -1 0
3429 45 21 0 -1
3430 92 1 0 1
3431 11 18 1 0
3432 90 4 1 0
3433 55 36 1 0
3434 41 0 -1 0
3435 45 25 0 -1
3436 53 22 -1 0
3437 40 18 -1 0
3438 93 23 -1 0
3439 17 30 1 0
3440 40 16 -1 0
3441 94 31 0 1
3442 99 39 0 1
3443 40 6 0 1
3444 30 29 -1 0
3445 88 0 0 -1
3446 8 36 0 -1
3447 26 10 0 1
3448 22 19 0 1
3449 67 28 0 1
3450 3 16 -1 0
3451 39 4 1 0
3452 16 1 -1 0
3453 48 1 0 -1
3454 77 24 0 1
3455 63 8 0 1
3456 36 10 1 0
3457 21 31 -1 0
3458 45 31 1 0
3459 59 20 0 -1
3460 4 15 1 0
3461 46 35 0 -1
3462 32 24 0 1
3463 68 1 1 0
3464 2 13 0 1
3465 2 29 -1 0
3466 24 38 0 -1
3467 63 15 1 0
3468 95 12 0 -1
3469 11 31 -1 0
3470 71 2 0 1
3471 67 15 0 -1
3472 12 16 0 -1
3473 48 31 -1 0
3474 77 38 0 -1
3475 86 7 0 -1
3476 25 22 -1 0
3477 29 22 0 1
3478 4 1 1 0
3479 85 20 0 1
3480 43 28 0 -1
3481 40 19 0 -1
3482 17 21 1 0
3483 39 38 0 -1
3484 17 32 1 0
3485 73 7 -1 0
3486 31 37 1 0
3487 30 31 1 0
3488 72 32 -1 0
3489 94 6 1 0
3490 23 21 1 0
3491 40 4 -1 0
3492 17 12 0 -1
3493 16 34 1 0
3494 14 27 1 0
3495 44 5 -1 0
3496 84 12 1 0
3497 43 39 0 -1
3498 52 0 0 1
3499 24 2 -1 0
3500 85 7 0 1
3501 29 12 0 1
3502 18 22 1 0
3503 83 5 0 1
3504 70 10 -1 0
3505 50 19 -1 0
3506 75 15 0 -1
3507 56 7 0 1
3508 43 10 0 1
3509 13 3 -1 0
3510 24 34 0 -1
3511 60 13 -1 0
3512 47 31 -1 0
3513 83 23 1 0
3514 97 15 0 1
3515 74 9 -1 0
3516 1 19 0 1
3517 79 12 0 1
3518 50 27 0 1
3519 4 0 0 1
3520 81 22 0 -1
3521 49 9 1 0
3522 50 2 0 1
3523 23 2 0 1
3524 31 3 0 -1
3525 97 30 0 1
3526 43 10 0 -1
3527 37 30 0 1
3528 28 22 1 0
3529 48 20 -1 0
3530 94 29 -1 0
3531 18 35 0 -1
3532 6 7 -1 0
3533 5 39 1 0
3534 92 13 1 0
3535 14 28 0 1
3536 67 3 -1 0
3537 96 32 1 0
3538 13 21 1 0
3539 20 28 -1 0
3540 99 36 0 -1
3541 9 13 1 0
3542 87 26 0 1
3543 43 28 0 -1
3544 98 19 -1 0
3545 77 22 0 1
3546 84 25 0 -1
3547 43 6 0 1
3548 82 7 0 -1
3549 64 4 -1 0
3550 91 0 0 1
3551 47 9 -1 0
3552 7 11 -1 0
3553 67 31 -1 0
3554 1 27 -1 0
3555 18 31 0 1
3556 62 2 1 0
3557 25 29 1 0
3558 75 39 1 0
3559 77 30 0 -1
3560 20 33 0 -1
3561 75 18 -1 0
3562 39 16 0 1
3563 47 27 0 1
3564 82 16 1 0
3565 94 17 0 1
3566 21 14 0 -1
3567 90 22 0 1
3568 70 11 0 -1
3569 39 32 0 1
3570 39 17 0 -1
3571 39 8 0 1
3572 84 37 -1 0
3573 1 34 0 1
3574 46 33 0 1
3575 93 18 1 0
3576 18 32 0 1
3577 51 4 1 0
3578 46 27 0 -1
3579 69 26 1 0
3580 43 9 0 1
3581 97 13 1 0
3582 2 17 0 -1
3583 5 8 1 0
3584 98 22 -1 0
3585 27 31 0 1
3586 73 37 -1 0
3587 57 32 0 -1
3588 51 3 1 0
3589 25 19 0 -1
3590 21 39 1 0
3591 24 14 0 1
3592 16 2 0 -1
3593 29 23 1 0
3594 27 36 0 1
3595 42 33 1 0
3596 77 28 1 0
3597 18 13 1 0
3598 80 30 0 1
3599 20 28 1 0
