0 97 23 0 1
1 81 8 1 0
2 27 34 0 1
3 17 26 -1 0
4 96 4 0 -1
5 24 8 1 0
6 98 22 -1 0
7 24 0 1 0
8 3 35 -1 0
9 87 5 0 -1
10 46 27 -1 0
11 89 19 0 -1
12 65 30 1 0
13 56 11 0 1
14 57 15 1 0
15 27 27 0 1
16 13 32 0 -1
17 21 13 -1 0
18 93 19 1 0
19 28 26 0 1
20 51 8 0 -1
21 61 0 0 -1
22 97 37 -1 0
23 79 35 0 -1
24 55 33 0 -1
25 21 25 0 -1
26 30 23 0 -1
27 55 29 0 1
28 20 2 0 -1
29 65 27 0 -1
30 68 26 1 0
31 66 24 0 1
32 53 5 0 -1
33 21 26 0 1
34 28 27 0 1
35 64 5 -1 0
36 31 29 0 1
37 76 15 0 1
38 38 33 -1 0
39 40 14 -1 0
40 57 5 0 -1
41 13 14 0 1
42 60 37 0 -1
43 78 34 0 1
44 50 33 0 1
45 41 29 1 0
46 75 6 -1 0
47 4 2 0 -1
48 83 25 -1 0
49 45 28 -1 0
50 90 24 0 -1
51 27 22 1 0
52 31 31 -1 0
53 59 5 0 1
54 1 26 0 -1
55 10 2 0 -1
56 29 36 1 0
57 23 32 0 -1
58 93 20 0 -1
59 50 12 -1 0
60 69 30 -1 0
61 26 4 1 0
62 17 25 0 -1
63 84 24 0 1
64 30 38 -1 0
65 87 22 1 0
66 73 22 1 0
67 57 34 0 1
68 57 7 0 1
69 28 14 -1 0
70 46 18 1 0
71 39 34 -1 0
72 93 9 -1 0
73 15 23 0 -1
74 45 17 0 -1
75 93 33 -1 0
76 23 34 1 0
77 16 17 1 0
78 65 2 0 -1
79 72 3 0 1
80 16 2 1 0
81 24 35 1 0
82 91 26 -1 0
83 38 27 -1 0
84 9 22 -1 0
85 14 32 1 0
86 42 34 1 0
87 46 32 -1 0
88 84 13 0 -1
89 11 15 -1 0
90 21 30 1 0
91 56 10 1 0
92 96 33 -1 0
93 11 30 0 -1
94 13 39 -1 0
95 14 29 1 0
96 97 29 1 0
97 34 3 -1 0
98 3 29 1 0
99 41 14 0 1
100 27 33 1 0
101 43 34 0 -1
102 87 22 0 -1
103 83 4 0 -1
104 37 7 0 1
105 44 13 0 1
106 73 30 0 1
107 17 16 -1 0
108 47 4 1 0
109 8 1 1 0
110 99 39 0 -1
111 23 13 0 1
112 26 32 -1 0
113 29 20 -1 0
114 0 8 1 0
115 43 9 1 0
116 76 10 0 1
117 5 36 -1 0
118 4 19 1 0
119 41 21 0 1
120 30 37 0 1
121 52 13 0 -1
122 93 22 -1 0
123 65 1 -1 0
124 54 37 -1 0
125 19 32 -1 0
126 67 28 0 1
127 81 29 0 -1
128 85 21 0 -1
129 5 37 0 1
130 23 31 0 1
131 96 17 0 1
132 92 12 -1 0
133 94 33 -1 0
134 16 36 -1 0
135 73 38 0 1
136 6 14 0 -1
137 98 8 0 -1
138 91 22 -1 0
139 8 24 0 -1
140 74 7 0 -1
141 21 1 -1 0
142 60 34 1 0
143 19 24 1 0
144 54 28 0 -1
145 59 10 0 1
146 56 24 1 0
147 72 1 -1 0
148 21 3 0 -1
149 79 11 -1 0
150 39 29 0 1
151 65 18 1 0
152 28 23 1 0
153 47 29 -1 0
154 53 26 -1 0
155 25 30 0 1
156 58 37 0 1
157 66 1 0 -1
158 4 6 0 -1
159 26 28 0 1
160 68 2 0 1
161 17 7 0 1
162 12 37 1 0
163 55 32 0 -1
164 6 32 0 -1
165 8 12 0 -1
166 6 27 0 1
167 37 32 1 0
168 47 8 1 0
169 7 8 1 0
170 2 11 1 0
171 24 8 1 0
172 14 19 0 1
173 92 23 -1 0
174 5 22 1 0
175 57 8 1 0
176 77 37 -1 0
177 2 20 -1 0
178 79 12 0 -1
179 40 18 -1 0
180 41 25 1 0
181 46 5 1 0
182 88 16 0 1
183 6 5 0 1
184 42 26 -1 0
185 95 12 0 -1
186 21 30 0 1
187 6 36 0 -1
188 79 38 -1 0
189 29 3 0 1
190 48 34 0 1
191 29 37 -1 0
192 94 25 1 0
193 69 5 0 1
194 30 6 0 -1
195 77 34 0 1
196 53 18 1 0
197 76 26 -1 0
198 10 18 -1 0
199 25 22 0 -1
200 45 38 -1 0
201 62 39 1 0
202 97 35 0 1
203 19 35 -1 0
204 17 14 0 -1
205 42 10 0 -1
206 23 2 1 0
207 82 15 0 -1
208 21 29 -1 0
209 12 14 1 0
210 28 21 0 1
211 26 26 -1 0
212 10 13 -1 0
213 20 38 1 0
214 98 27 0 -1
215 86 34 0 -1
216 6 17 0 -1
217 96 20 0 -1
218 40 12 0 -1
219 21 35 0 1
220 41 31 0 1
221 27 33 0 1
222 37 30 0 -1
223 81 24 1 0
224 7 23 0 1
225 24 26 0 1
226 21 37 1 0
227 2 16 0 1
228 25 10 0 1
229 97 15 -1 0
230 51 32 0 1
231 6 34 1 0
232 58 29 0 1
233 16 33 0 1
234 87 7 1 0
235 55 8 -1 0
236 92 1 1 0
237 1 37 0 1
238 39 16 1 0
239 96 19 0 1
240 98 9 1 0
241 3 10 -1 0
242 39 16 1 0
243 77 23 1 0
244 46 26 0 1
245 87 7 0 -1
246 23 26 1 0
247 52 10 0 -1
248 15 23 0 1
249 55 4 1 0
250 70 35 1 0
251 94 32 0 -1
252 18 29 -1 0
253 23 3 1 0
254 97 26 0 1
255 82 16 0 1
256 20 5 0 1
257 68 17 0 -1
258 30 11 0 -1
259 96 26 0 -1
260 39 16 0 1
261 2 12 -1 0
262 10 13 0 -1
263 37 15 1 0
264 97 23 -1 0
265 47 3 -1 0
266 13 27 -1 0
267 77 10 -1 0
268 19 26 0 -1
269 8 34 1 0
270 37 32 0 1
271 13 25 0 -1
272 17 18 -1 0
273 8 34 0 -1
274 44 16 0 1
275 48 12 -1 0
276 43 13 0 -1
277 44 27 -1 0
278 2 2 -1 0
279 15 8 1 0
280 65 14 1 0
281 7 34 0 -1
282 43 35 0 1
283 57 27 0 1
284 16 31 -1 0
285 83 22 -1 0
286 42 7 0 -1
287 82 9 -1 0
288 14 6 0 1
289 16 7 1 0
290 35 14 -1 0
291 99 20 1 0
292 2 16 0 1
293 50 22 0 -1
294 2 29 -1 0
295 92 39 1 0
296 44 38 -1 0
297 19 9 0 1
298 40 11 1 0
299 87 21 -1 0
300 83 24 1 0
301 18 3 1 0
302 28 22 -1 0
303 16 30 0 1
304 99 14 0 1
305 30 33 0 -1
306 83 27 0 -1
307 46 14 1 0
308 38 31 1 0
309 10 16 0 1
310 53 23 0 -1
311 18 1 0 1
312 83 25 1 0
313 52 10 0 -1
314 70 26 0 1
315 70 29 1 0
316 46 11 0 -1
317 46 13 -1 0
318 24 25 -1 0
319 86 37 0 1
320 89 11 -1 0
321 48 21 0 -1
322 57 21 0 1
323 24 23 0 -1
324 11 29 0 -1
325 18 20 0 -1
326 87 29 -1 0
327 23 2 1 0
328 17 8 0 1
329 41 22 0 -1
330 10 29 -1 0
331 21 9 0 1
332 95 17 0 -1
333 31 18 0 -1
334 20 23 -1 0
335 39 26 0 -1
336 36 2 -1 0
337 65 39 1 0
338 10 16 0 1
339 41 17 1 0
340 56 16 1 0
341 24 9 0 -1
342 18 26 1 0
343 1 32 0 -1
344 43 24 0 1
345 44 14 0 1
346 24 11 -1 0
347 44 20 -1 0
348 17 22 1 0
349 28 5 1 0
350 40 39 0 1
351 25 11 -1 0
352 56 6 1 0
353 26 2 1 0
354 58 33 0 1
355 53 31 1 0
356 52 20 0 -1
357 3 6 0 -1
358 88 10 0 1
359 19 15 0 1
360 92 21 0 -1
361 25 33 1 0
362 17 11 -1 0
363 73 6 -1 0
364 5 7 0 1
365 29 1 0 -1
366 41 20 -1 0
367 40 7 0 1
368 43 22 0 1
369 58 12 -1 0
370 97 20 0 -1
371 32 3 0 -1
372 23 35 1 0
373 19 18 0 1
374 68 14 1 0
375 61 22 1 0
376 1 25 0 1
377 40 5 0 1
378 80 31 0 1
379 45 35 0 -1
380 59 34 0 -1
381 10 31 0 1
382 60 9 -1 0
383 77 25 -1 0
384 22 3 1 0
385 21 29 0 -1
386 13 2 0 1
387 1 23 0 1
388 99 8 0 1
389 41 30 0 -1
390 4 12 0 1
391 25 30 -1 0
392 0 27 -1 0
393 42 6 0 -1
394 23 33 -1 0
395 21 31 1 0
396 29 2 0 1
397 56 22 -1 0
398 22 38 -1 0
399 69 33 1 0
400 13 7 0 -1
401 61 35 1 0
402 35 17 0 1
403 42 37 0 -1
404 43 33 0 1
405 98 29 0 -1
406 99 23 0 1
407 47 1 1 0
408 82 19 0 1
409 97 21 1 0
410 5 13 0 -1
411 87 27 0 1
412 3 6 -1 0
413 21 11 0 -1
414 49 16 1 0
415 78 9 0 1
416 56 30 1 0
417 90 33 1 0
418 43 9 -1 0
419 49 25 -1 0
420 47 11 0 -1
421 72 35 -1 0
422 6 38 0 1
423 10 33 0 -1
424 50 7 0 1
425 99 16 -1 0
426 27 18 0 -1
427 5 4 1 0
428 16 6 -1 0
429 48 0 -1 0
430 67 0 -1 0
431 49 34 0 -1
432 86 25 0 -1
433 8 24 1 0
434 25 10 0 1
435 36 0 0 1
436 38 17 0 -1
437 55 4 0 -1
438 44 12 0 1
439 88 27 1 0
440 26 27 0 1
441 50 9 -1 0
442 5 6 0 1
443 20 35 0 1
444 26 19 0 1
445 48 15 -1 0
446 46 38 0 -1
447 20 17 -1 0
448 52 31 -1 0
449 83 33 0 1
450 84 25 0 -1
451 14 1 1 0
452 24 22 -1 0
453 23 21 1 0
454 98 38 0 -1
455 61 38 0 1
456 84 4 0 1
457 87 30 -1 0
458 72 29 1 0
459 63 32 1 0
460 97 32 -1 0
461 47 38 1 0
462 9 30 0 -1
463 52 36 0 -1
464 35 33 -1 0
465 9 19 0 -1
466 24 22 -1 0
467 11 18 1 0
468 2 1 -1 0
469 40 39 -1 0
470 44 22 -1 0
471 48 27 -1 0
472 29 6 0 1
473 41 9 1 0
474 8 27 0 1
475 77 17 0 1
476 98 11 1 0
477 57 39 0 1
478 14 6 -1 0
479 34 27 0 -1
480 44 36 0 1
481 64 24 0 1
482 81 32 0 1
483 17 28 -1 0
484 94 20 1 0
485 26 25 0 1
486 22 11 0 -1
487 38 24 0 1
488 12 39 -1 0
489 52 21 0 1
490 91 21 -1 0
491 83 4 0 1
492 13 31 -1 0
493 94 39 0 1
494 35 31 0 -1
495 60 37 1 0
496 94 2 1 0
497 19 19 1 0
498 64 4 1 0
499 41 13 -1 0
500 40 22 -1 0
501 27 21 1 0
502 72 39 -1 0
503 26 31 -1 0
504 98 11 1 0
505 23 39 1 0
506 47 7 -1 0
507 44 18 1 0
508 10 8 1 0
509 93 3 -1 0
510 83 0 0 -1
511 21 9 0 1
512 9 17 1 0
513 27 22 -1 0
514 14 23 -1 0
515 76 2 0 1
516 67 30 0 1
517 2 33 -1 0
518 48 20 1 0
519 37 10 -1 0
520 19 38 0 -1
521 9 26 -1 0
522 27 17 1 0
523 70 29 0 1
524 20 22 1 0
525 25 34 1 0
526 57 34 0 1
527 37 19 0 1
528 46 19 0 1
529 79 22 -1 0
530 46 24 0 1
531 77 25 0 1
532 21 6 0 -1
533 60 13 -1 0
534 18 31 -1 0
535 30 26 1 0
536 46 33 -1 0
537 56 24 0 1
538 86 5 0 -1
539 96 21 -1 0
540 24 19 1 0
541 4 28 0 -1
542 44 24 0 1
543 42 0 0 1
544 94 17 1 0
545 95 4 0 -1
546 53 19 1 0
547 54 21 -1 0
548 88 23 0 -1
549 79 24 -1 0
550 54 25 0 -1
551 43 11 0 -1
552 17 2 0 1
553 11 23 0 -1
554 2 23 -1 0
555 45 19 0 -1
556 52 26 0 -1
557 5 0 -1 0
558 30 21 -1 0
559 6 13 -1 0
560 14 11 0 1
561 99 35 0 -1
562 74 17 -1 0
563 19 14 -1 0
564 1 36 -1 0
565 40 25 0 -1
566 24 24 -1 0
567 46 29 -1 0
568 64 18 0 1
569 26 12 0 -1
570 95 5 0 -1
571 3 5 0 -1
572 0 3 -1 0
573 38 25 0 1
574 63 34 1 0
575 40 36 0 -1
576 70 28 -1 0
577 44 31 0 1
578 58 14 1 0
579 2 30 0 -1
580 91 3 0 -1
581 67 12 1 0
582 14 0 1 0
583 43 6 0 -1
584 87 35 0 1
585 95 39 0 -1
586 80 25 -1 0
587 41 22 1 0
588 16 16 0 -1
589 15 0 0 -1
590 44 11 0 -1
591 5 30 1 0
592 96 8 -1 0
593 23 37 -1 0
594 97 6 0 -1
595 93 6 0 -1
596 4 35 -1 0
597 24 28 0 1
598 42 28 1 0
599 45 7 0 -1
600 29 8 0 1
601 91 1 0 1
602 95 0 0 -1
603 78 6 0 -1
604 53 1 1 0
605 21 37 0 1
606 27 31 0 -1
607 36 18 0 -1
608 81 24 -1 0
609 43 14 1 0
610 93 5 -1 0
611 64 27 0 -1
612 80 18 -1 0
613 26 7 -1 0
614 41 33 1 0
615 19 31 0 -1
616 38 38 -1 0
617 59 18 1 0
618 73 31 -1 0
619 12 27 1 0
620 41 16 0 -1
621 89 23 0 -1
622 58 32 0 1
623 20 2 0 -1
624 92 7 1 0
625 90 14 0 -1
626 20 7 -1 0
627 12 32 -1 0
628 2 4 0 1
629 47 15 0 -1
630 70 30 -1 0
631 17 37 1 0
632 83 3 1 0
633 53 16 -1 0
634 83 29 1 0
635 41 20 0 1
636 23 10 -1 0
637 48 12 0 -1
638 88 27 1 0
639 45 4 0 1
640 21 39 0 -1
641 52 27 -1 0
642 56 17 0 -1
643 84 31 0 -1
644 87 26 1 0
645 71 11 0 -1
646 4 22 0 -1
647 79 1 0 -1
648 46 32 1 0
649 40 36 -1 0
650 42 20 0 1
651 49 30 1 0
652 25 19 -1 0
653 11 39 0 -1
654 11 37 -1 0
655 67 4 1 0
656 37 1 1 0
657 41 22 0 1
658 27 26 0 -1
659 14 28 0 1
660 21 16 -1 0
661 5 19 1 0
662 20 23 1 0
663 48 13 0 -1
664 55 21 0 1
665 59 30 0 1
666 22 18 0 -1
667 62 6 1 0
668 18 11 0 -1
669 51 32 0 1
670 46 25 0 -1
671 45 14 0 -1
672 28 38 0 -1
673 86 8 0 -1
674 74 5 -1 0
675 19 0 0 1
676 67 18 0 -1
677 60 2 0 -1
678 27 11 0 -1
679 64 31 1 0
680 0 24 1 0
681 99 6 1 0
682 90 11 0 1
683 74 22 -1 0
684 57 10 0 1
685 67 27 0 1
686 43 1 1 0
687 42 12 0 -1
688 22 25 1 0
689 53 15 -1 0
690 19 29 1 0
691 8 39 0 -1
692 7 20 0 1
693 28 5 -1 0
694 21 32 0 1
695 8 35 1 0
696 51 37 0 1
697 49 9 0 -1
698 46 36 -1 0
699 68 30 -1 0
700 5 23 0 -1
701 29 17 -1 0
702 39 19 -1 0
703 20 19 0 1
704 84 32 1 0
705 52 19 0 -1
706 7 29 0 -1
707 86 17 0 -1
708 27 25 0 1
709 41 33 0 1
710 99 0 -1 0
711 24 13 -1 0
712 18 12 1 0
713 6 17 0 1
714 50 33 0 1
715 12 39 -1 0
716 14 16 1 0
717 86 5 1 0
718 28 13 0 1
719 47 16 -1 0
720 94 25 1 0
721 64 32 0 1
722 76 6 -1 0
723 26 5 0 -1
724 58 25 -1 0
725 4 21 0 -1
726 50 10 0 -1
727 89 36 0 1
728 80 11 0 1
729 52 8 -1 0
730 49 18 1 0
731 89 36 -1 0
732 12 26 0 1
733 84 21 0 1
734 25 4 1 0
735 41 1 0 1
736 97 13 1 0
737 7 36 1 0
738 64 0 0 -1
739 20 25 0 1
740 31 33 0 1
741 80 1 -1 0
742 25 2 0 -1
743 75 37 0 1
744 71 22 0 1
745 71 39 0 -1
746 94 12 0 1
747 50 23 0 1
748 39 22 1 0
749 8 9 -1 0
750 7 33 0 1
751 55 17 1 0
752 75 6 0 -1
753 20 31 1 0
754 0 31 1 0
755 65 0 0 -1
756 26 12 -1 0
757 96 27 1 0
758 15 34 0 1
759 70 4 1 0
760 97 6 1 0
761 80 25 1 0
762 30 22 -1 0
763 39 35 -1 0
764 35 9 -1 0
765 42 36 -1 0
766 81 18 -1 0
767 31 3 1 0
768 47 26 1 0
769 41 25 0 -1
770 38 19 0 1
771 14 7 0 1
772 23 4 -1 0
773 48 34 0 1
774 76 23 -1 0
775 18 35 -1 0
776 56 30 -1 0
777 46 33 1 0
778 21 8 0 1
779 45 31 -1 0
780 26 13 0 1
781 16 33 1 0
782 63 26 0 -1
783 29 6 1 0
784 27 6 0 1
785 48 12 1 0
786 19 13 1 0
787 14 39 0 1
788 77 7 0 -1
789 23 15 0 -1
790 32 8 1 0
791 95 22 0 1
792 78 12 -1 0
793 24 29 0 -1
794 72 29 -1 0
795 97 5 -1 0
796 24 30 0 -1
797 92 10 -1 0
798 35 1 0 1
799 53 16 1 0
800 43 29 0 1
801 22 5 0 1
802 9 13 0 -1
803 7 6 1 0
804 17 14 0 1
805 40 18 0 -1
806 50 15 -1 0
807 5 16 0 -1
808 74 18 1 0
809 54 13 -1 0
810 14 24 1 0
811 21 32 -1 0
812 55 29 1 0
813 23 2 0 -1
814 51 8 1 0
815 42 23 0 -1
816 35 23 -1 0
817 90 24 1 0
818 40 5 -1 0
819 89 24 0 1
820 98 7 0 1
821 22 35 0 1
822 18 17 1 0
823 51 22 -1 0
824 67 14 0 -1
825 95 16 0 1
826 9 0 1 0
827 95 39 -1 0
828 18 31 0 1
829 69 38 0 -1
830 78 5 0 1
831 40 16 0 1
832 95 37 1 0
833 93 35 0 -1
834 74 36 -1 0
835 52 9 1 0
836 55 7 1 0
837 55 19 -1 0
838 22 27 1 0
839 46 7 0 -1
840 65 23 0 1
841 23 32 -1 0
842 25 12 1 0
843 19 13 0 1
844 2 36 0 -1
845 19 1 0 1
846 83 34 0 1
847 54 7 -1 0
848 61 35 0 1
849 2 30 0 -1
850 60 13 1 0
851 57 30 0 -1
852 47 22 0 -1
853 57 29 -1 0
854 94 34 1 0
855 71 8 1 0
856 78 5 0 -1
857 79 8 1 0
858 39 30 0 1
859 84 5 -1 0
860 17 35 -1 0
861 69 37 0 -1
862 86 4 0 1
863 98 26 1 0
864 2 27 0 1
865 5 22 1 0
866 37 24 0 1
867 81 37 0 -1
868 27 20 0 1
869 3 9 0 1
870 13 1 0 1
871 84 18 -1 0
872 21 5 1 0
873 40 38 -1 0
874 71 16 1 0
875 45 14 -1 0
876 13 35 0 1
877 75 1 1 0
878 54 12 -1 0
879 42 14 0 -1
880 36 2 0 1
881 16 15 -1 0
882 4 28 0 1
883 77 2 -1 0
884 6 22 1 0
885 49 32 1 0
886 47 11 -1 0
887 23 20 0 -1
888 85 21 -1 0
889 47 32 0 1
890 12 28 0 -1
891 53 25 0 1
892 82 29 0 -1
893 6 34 0 1
894 15 15 1 0
895 56 11 0 1
896 14 36 0 -1
897 39 24 0 -1
898 50 25 0 1
899 14 8 0 -1
900 99 4 0 1
901 36 17 -1 0
902 85 25 0 -1
903 29 20 1 0
904 95 10 1 0
905 93 32 0 -1
906 98 29 1 0
907 67 20 0 1
908 39 17 -1 0
909 30 6 1 0
910 63 10 0 -1
911 9 12 0 1
912 42 24 0 -1
913 13 25 1 0
914 57 30 -1 0
915 40 24 0 1
916 28 10 -1 0
917 25 39 0 1
918 11 8 1 0
919 38 35 -1 0
920 4 25 1 0
921 16 3 0 -1
922 56 7 -1 0
923 55 38 0 1
924 21 34 1 0
925 21 35 1 0
926 57 14 -1 0
927 60 9 0 -1
928 85 23 -1 0
929 44 1 -1 0
930 48 4 0 -1
931 62 14 0 1
932 14 13 0 1
933 21 16 0 -1
934 64 2 1 0
935 68 16 -1 0
936 49 15 1 0
937 24 15 0 -1
938 60 34 1 0
939 86 7 -1 0
940 98 2 1 0
941 24 26 0 1
942 67 1 0 1
943 54 13 0 1
944 98 26 0 -1
945 90 20 0 -1
946 66 35 -1 0
947 19 39 0 -1
948 40 4 -1 0
949 86 15 0 -1
950 98 17 -1 0
951 23 1 0 1
952 16 23 1 0
953 46 2 0 1
954 21 38 -1 0
955 37 26 1 0
956 27 30 -1 0
957 6 24 0 1
958 40 3 1 0
959 45 0 -1 0
960 9 20 0 -1
961 93 29 -1 0
962 53 26 0 -1
963 8 33 0 -1
964 45 33 -1 0
965 88 25 1 0
966 19 18 0 1
967 63 35 -1 0
968 98 33 0 -1
969 87 39 1 0
970 24 32 -1 0
971 23 21 1 0
972 83 18 1 0
973 58 20 1 0
974 20 13 1 0
975 70 0 0 -1
976 23 13 0 1
977 14 27 1 0
978 18 25 0 -1
979 46 39 1 0
980 63 8 -1 0
981 64 2 0 1
982 17 36 0 1
983 21 24 1 0
984 65 17 -1 0
985 79 19 0 -1
986 38 20 0 -1
987 47 25 0 -1
988 80 2 0 1
989 28 33 1 0
990 49 5 0 -1
991 1 16 0 1
992 84 31 0 -1
993 91 17 -1 0
994 98 12 0 -1
995 42 36 0 1
996 94 3 1 0
997 53 39 0 1
998 56 18 0 1
999 16 12 -1 0
1000 48 20 0 -1
1001 25 1 1 0
1002 72 39 0 1
1003 80 4 0 1
1004 53 21 -1 0
1005 83 0 0 1
1006 87 10 -1 0
1007 95 16 1 0
1008 25 27 0 -1
1009 40 17 0 -1
1010 8 13 1 0
1011 21 37 -1 0
1012 42 38 -1 0
1013 25 26 1 0
1014 29 22 0 -1
1015 55 26 -1 0
1016 99 12 0 -1
1017 12 19 -1 0
1018 6 12 -1 0
1019 91 20 1 0
1020 97 26 0 -1
1021 58 31 0 -1
1022 14 18 1 0
1023 23 16 0 1
1024 44 21 0 1
1025 39 33 -1 0
1026 16 18 -1 0
1027 95 32 0 -1
1028 0 27 -1 0
1029 79 26 0 1
1030 25 13 1 0
1031 21 0 0 -1
1032 56 21 1 0
1033 63 21 0 -1
1034 8 5 0 -1
1035 50 8 0 -1
1036 18 2 0 -1
1037 49 0 -1 0
1038 64 7 1 0
1039 77 35 -1 0
1040 18 34 -1 0
1041 28 29 0 -1
1042 81 10 0 -1
1043 43 9 0 1
1044 90 21 0 -1
1045 2 2 -1 0
1046 60 4 0 -1
1047 89 6 0 -1
1048 22 9 0 -1
1049 43 39 1 0
1050 23 36 -1 0
1051 94 5 0 -1
1052 68 27 1 0
1053 17 37 0 -1
1054 45 23 0 -1
1055 44 19 -1 0
1056 48 36 0 -1
1057 96 35 -1 0
1058 2 21 1 0
1059 69 27 0 -1
1060 83 13 0 -1
1061 61 14 1 0
1062 77 39 -1 0
1063 42 28 -1 0
1064 6 36 0 -1
1065 38 38 -1 0
1066 48 19 0 1
1067 21 28 -1 0
1068 27 12 -1 0
1069 71 22 1 0
1070 37 3 0 1
1071 10 12 -1 0
1072 97 20 -1 0
1073 84 9 1 0
1074 94 3 0 1
1075 80 8 1 0
1076 93 22 -1 0
1077 26 3 1 0
1078 93 18 0 1
1079 62 11 0 -1
1080 6 38 0 -1
1081 27 7 -1 0
1082 25 39 0 -1
1083 2 8 -1 0
1084 42 20 0 -1
1085 69 34 1 0
1086 12 15 0 -1
1087 39 32 -1 0
1088 24 8 1 0
1089 69 36 0 -1
1090 90 5 1 0
1091 1 29 0 -1
1092 90 10 -1 0
1093 24 0 0 1
1094 48 38 1 0
1095 61 3 -1 0
1096 11 29 -1 0
1097 22 16 0 1
1098 66 0 0 1
1099 93 4 -1 0
1100 2 26 1 0
1101 86 27 1 0
1102 95 27 1 0
1103 40 9 -1 0
1104 42 20 0 1
1105 10 28 0 1
1106 12 29 0 -1
1107 50 22 0 -1
1108 94 9 0 1
1109 60 19 -1 0
1110 28 28 0 -1
1111 40 11 -1 0
1112 37 29 1 0
1113 91 24 0 -1
1114 5 8 1 0
1115 17 11 -1 0
1116 15 7 -1 0
1117 15 7 -1 0
1118 60 19 0 1
1119 8 30 0 -1
1120 32 36 0 1
1121 45 27 0 -1
1122 18 4 0 -1
1123 69 13 1 0
1124 84 28 0 1
1125 89 4 -1 0
1126 30 11 -1 0
1127 23 30 0 1
1128 16 6 0 1
1129 42 22 0 -1
1130 37 28 -1 0
1131 97 21 -1 0
1132 62 32 -1 0
1133 24 11 1 0
1134 21 0 0 1
1135 55 37 0 1
1136 0 13 1 0
1137 99 25 1 0
1138 27 23 0 -1
1139 11 39 1 0
1140 25 24 0 -1
1141 16 5 0 -1
1142 5 16 -1 0
1143 89 13 -1 0
1144 8 28 1 0
1145 55 6 1 0
1146 47 23 0 -1
1147 71 37 0 -1
1148 72 5 -1 0
1149 61 10 -1 0
1150 46 31 -1 0
1151 44 32 0 -1
1152 47 5 0 1
1153 50 1 0 1
1154 45 24 0 -1
1155 26 12 0 -1
1156 77 8 0 1
1157 62 9 0 1
1158 7 16 -1 0
1159 20 22 0 1
1160 61 32 0 1
1161 44 0 1 0
1162 28 33 1 0
1163 91 39 -1 0
1164 53 15 0 -1
1165 29 33 0 -1
1166 53 22 1 0
1167 72 13 0 1
1168 38 35 0 1
1169 2 34 1 0
1170 57 19 0 1
1171 38 5 -1 0
1172 45 28 0 -1
1173 99 22 1 0
1174 28 14 1 0
1175 43 17 0 -1
1176 83 31 1 0
1177 37 19 0 -1
1178 6 29 1 0
1179 14 19 1 0
1180 22 1 0 1
1181 17 17 0 -1
1182 78 28 1 0
1183 85 0 0 1
1184 9 32 1 0
1185 13 36 1 0
1186 81 24 0 1
1187 45 29 1 0
1188 48 32 0 -1
1189 7 25 0 1
1190 94 10 0 1
1191 98 30 0 -1
1192 16 7 -1 0
1193 22 31 -1 0
1194 69 10 -1 0
1195 17 18 0 -1
1196 54 4 1 0
1197 64 13 -1 0
1198 43 18 -1 0
1199 23 31 0 1
1200 63 17 0 -1
1201 55 7 -1 0
1202 16 31 0 1
1203 22 28 0 1
1204 58 8 -1 0
1205 18 37 0 -1
1206 96 5 -1 0
1207 29 32 0 1
1208 43 35 -1 0
1209 19 34 1 0
1210 64 27 1 0
1211 3 38 0 1
1212 94 21 0 -1
1213 3 29 0 1
1214 30 38 -1 0
1215 67 26 1 0
1216 43 6 0 1
1217 39 37 0 -1
1218 54 10 0 -1
1219 29 27 -1 0
1220 10 33 1 0
1221 38 8 0 1
1222 44 27 -1 0
1223 26 17 -1 0
1224 15 20 -1 0
1225 56 34 0 -1
1226 74 3 -1 0
1227 9 27 0 1
1228 73 11 0 -1
1229 62 16 0 -1
1230 20 8 0 1
1231 20 27 0 1
1232 12 4 -1 0
1233 5 25 0 -1
1234 78 25 0 -1
1235 40 39 1 0
1236 13 19 1 0
1237 59 24 0 1
1238 20 18 -1 0
1239 80 4 1 0
1240 46 9 1 0
1241 70 9 1 0
1242 57 0 0 1
1243 45 5 1 0
1244 23 21 0 -1
1245 5 27 0 1
1246 72 6 1 0
1247 23 19 0 1
1248 22 13 -1 0
1249 12 14 -1 0
1250 64 39 0 1
1251 24 33 0 1
1252 29 20 0 -1
1253 73 1 0 1
1254 39 21 0 1
1255 54 23 0 -1
1256 67 6 0 -1
1257 78 11 -1 0
1258 90 3 0 1
1259 90 5 -1 0
1260 5 15 -1 0
1261 9 27 0 -1
1262 16 1 -1 0
1263 3 16 0 1
1264 10 38 1 0
1265 80 22 -1 0
1266 75 23 0 1
1267 27 12 0 1
1268 20 31 -1 0
1269 61 25 -1 0
1270 78 3 0 -1
1271 5 31 0 1
1272 7 15 0 1
1273 59 38 0 -1
1274 25 0 0 -1
1275 98 4 0 1
1276 94 19 0 -1
1277 40 16 -1 0
1278 77 15 1 0
1279 2 26 -1 0
1280 18 14 -1 0
1281 42 12 1 0
1282 32 14 0 -1
1283 30 21 -1 0
1284 45 19 0 -1
1285 19 16 -1 0
1286 94 36 -1 0
1287 1 25 0 1
1288 97 27 1 0
1289 42 2 0 -1
1290 36 28 1 0
1291 76 32 0 1
1292 54 9 -1 0
1293 47 24 -1 0
1294 89 5 1 0
1295 20 30 0 1
1296 18 38 0 -1
1297 68 13 0 -1
1298 42 1 0 1
1299 89 3 0 1
1300 24 3 0 1
1301 86 29 0 -1
1302 7 18 1 0
1303 38 17 -1 0
1304 1 39 0 1
1305 26 14 -1 0
1306 56 19 -1 0
1307 43 15 1 0
1308 89 4 -1 0
1309 78 22 1 0
1310 37 10 0 -1
1311 42 24 -1 0
1312 36 37 1 0
1313 97 37 0 -1
1314 92 2 0 1
1315 94 15 -1 0
1316 2 2 0 -1
1317 67 4 1 0
1318 39 10 1 0
1319 57 33 0 -1
1320 41 18 0 -1
1321 93 25 1 0
1322 21 19 -1 0
1323 41 7 0 1
1324 13 18 0 -1
1325 98 10 0 -1
1326 25 18 -1 0
1327 23 3 1 0
1328 22 23 0 -1
1329 78 10 0 -1
1330 9 34 0 1
1331 86 4 -1 0
1332 76 17 0 1
1333 58 36 1 0
1334 39 28 0 1
1335 91 27 -1 0
1336 5 39 0 1
1337 43 33 0 1
1338 80 17 0 1
1339 26 0 1 0
1340 16 37 0 1
1341 36 36 0 -1
1342 96 3 0 1
1343 56 33 -1 0
1344 49 28 -1 0
1345 29 26 1 0
1346 47 21 -1 0
1347 22 36 -1 0
1348 49 4 -1 0
1349 5 35 0 -1
1350 55 38 1 0
1351 25 9 -1 0
1352 30 37 1 0
1353 42 34 -1 0
1354 77 29 -1 0
1355 0 21 1 0
1356 49 27 1 0
1357 73 4 0 1
1358 0 26 -1 0
1359 59 4 0 1
1360 64 37 0 -1
1361 10 24 1 0
1362 58 11 1 0
1363 16 15 0 -1
1364 12 15 0 1
1365 76 2 1 0
1366 96 38 -1 0
1367 81 23 -1 0
1368 7 13 -1 0
1369 52 6 0 1
1370 51 4 0 1
1371 74 30 -1 0
1372 29 31 0 1
1373 87 1 -1 0
1374 46 10 0 1
1375 95 14 -1 0
1376 55 36 0 1
1377 26 37 -1 0
1378 51 12 0 1
1379 71 3 1 0
1380 98 5 0 -1
1381 6 8 1 0
1382 47 7 0 1
1383 87 23 0 1
1384 18 5 0 -1
1385 26 35 0 -1
1386 19 39 0 1
1387 61 20 1 0
1388 59 39 0 -1
1389 55 12 0 -1
1390 42 17 0 1
1391 43 19 -1 0
1392 21 27 0 1
1393 20 34 -1 0
1394 57 13 0 -1
1395 99 37 0 -1
1396 5 22 0 1
1397 13 23 -1 0
1398 22 0 1 0
1399 19 26 -1 0
1400 95 24 0 -1
1401 92 35 0 -1
1402 43 21 1 0
1403 2 15 0 -1
1404 17 0 0 1
1405 25 18 -1 0
1406 96 26 0 -1
1407 71 33 0 -1
1408 68 24 1 0
1409 13 17 0 1
1410 7 28 1 0
1411 73 35 1 0
1412 56 20 0 1
1413 66 26 -1 0
1414 37 16 0 1
1415 3 31 -1 0
1416 30 18 0 1
1417 52 17 0 1
1418 99 26 -1 0
1419 15 15 0 1
1420 51 31 -1 0
1421 12 13 -1 0
1422 74 10 0 1
1423 50 6 1 0
1424 12 29 0 -1
1425 85 24 0 1
1426 21 24 0 -1
1427 38 23 0 -1
1428 78 12 0 1
1429 45 37 -1 0
1430 13 17 0 -1
1431 6 25 1 0
1432 23 23 1 0
1433 65 38 -1 0
1434 94 0 1 0
1435 61 3 1 0
1436 19 34 0 1
1437 9 35 1 0
1438 48 21 0 -1
1439 14 24 0 1
1440 93 39 0 1
1441 41 18 0 -1
1442 46 32 1 0
1443 83 32 1 0
1444 26 37 1 0
1445 98 7 1 0
1446 97 33 0 1
1447 40 15 -1 0
1448 78 30 1 0
1449 95 6 0 1
1450 82 34 -1 0
1451 62 29 -1 0
1452 68 1 -1 0
1453 90 21 0 1
1454 37 35 1 0
1455 44 12 0 -1
1456 83 4 -1 0
1457 82 39 -1 0
1458 22 6 0 -1
1459 63 3 1 0
1460 48 18 0 1
1461 28 7 0 -1
1462 13 38 0 1
1463 43 23 0 -1
1464 52 27 -1 0
1465 18 35 -1 0
1466 98 1 0 1
1467 86 3 -1 0
1468 47 10 1 0
1469 86 31 0 -1
1470 75 38 -1 0
1471 12 30 0 -1
1472 4 10 -1 0
1473 40 28 0 1
1474 43 12 1 0
1475 29 3 0 1
1476 12 20 1 0
1477 31 10 1 0
1478 12 1 0 1
1479 72 17 0 1
1480 95 20 0 -1
1481 34 1 -1 0
1482 71 0 0 -1
1483 42 11 0 -1
1484 44 34 0 1
1485 7 38 0 -1
1486 36 11 0 1
1487 88 33 1 0
1488 25 25 0 -1
1489 55 34 0 -1
1490 82 34 0 1
1491 93 32 1 0
1492 96 22 -1 0
1493 26 30 0 1
1494 23 38 -1 0
1495 15 10 0 1
1496 75 8 -1 0
1497 92 0 -1 0
1498 23 20 -1 0
1499 7 17 1 0
1500 39 7 -1 0
1501 77 19 -1 0
1502 4 4 0 1
1503 47 31 0 1
1504 50 38 -1 0
1505 76 34 1 0
1506 92 13 1 0
1507 84 11 0 1
1508 20 28 -1 0
1509 70 14 0 -1
1510 59 3 0 1
1511 6 0 1 0
1512 81 10 0 1
1513 55 10 0 1
1514 79 32 1 0
1515 76 0 1 0
1516 60 25 1 0
1517 50 0 -1 0
1518 98 26 -1 0
1519 62 25 1 0
1520 38 5 -1 0
1521 71 38 -1 0
1522 95 23 0 1
1523 91 24 0 -1
1524 6 25 -1 0
1525 39 12 0 1
1526 2 13 -1 0
1527 26 11 0 1
1528 17 38 0 1
1529 16 2 -1 0
1530 44 32 0 -1
1531 40 22 -1 0
1532 87 36 1 0
1533 96 20 1 0
1534 31 26 1 0
1535 8 20 0 1
1536 90 22 -1 0
1537 13 6 0 1
1538 13 28 0 -1
1539 2 9 1 0
1540 20 36 -1 0
1541 42 32 1 0
1542 80 5 1 0
1543 91 6 0 1
1544 95 27 1 0
1545 83 0 -1 0
1546 96 27 0 1
1547 41 13 0 1
1548 38 18 0 -1
1549 70 3 -1 0
1550 7 18 0 1
1551 4 0 0 1
1552 50 30 0 -1
1553 26 3 -1 0
1554 40 21 0 1
1555 21 9 -1 0
1556 18 14 -1 0
1557 98 27 1 0
1558 16 13 -1 0
1559 20 2 -1 0
1560 86 6 0 1
1561 52 25 0 1
1562 3 4 1 0
1563 22 31 0 1
1564 87 20 -1 0
1565 44 32 0 -1
1566 99 27 0 -1
1567 51 22 -1 0
1568 93 34 1 0
1569 73 29 0 -1
1570 60 0 0 -1
1571 28 10 0 1
1572 2 4 -1 0
1573 17 1 1 0
1574 98 10 1 0
1575 22 25 0 1
1576 93 2 1 0
1577 3 26 0 1
1578 95 29 0 1
1579 49 37 -1 0
1580 84 19 0 -1
1581 93 33 -1 0
1582 7 17 0 1
1583 88 20 -1 0
1584 83 39 -1 0
1585 28 30 -1 0
1586 82 28 1 0
1587 19 39 0 1
1588 94 33 1 0
1589 35 15 0 1
1590 47 31 -1 0
1591 18 25 -1 0
1592 43 16 0 1
1593 84 39 1 0
1594 41 13 -1 0
1595 71 3 -1 0
1596 29 31 0 -1
1597 93 34 0 -1
1598 3 28 0 1
1599 67 26 1 0
1600 31 33 0 -1
1601 27 7 1 0
1602 40 10 -1 0
1603 50 33 -1 0
1604 91 12 -1 0
1605 61 38 0 1
1606 89 38 0 1
1607 54 5 -1 0
1608 88 23 -1 0
1609 43 14 -1 0
1610 56 29 -1 0
1611 40 20 0 1
1612 54 4 -1 0
1613 47 20 -1 0
1614 49 33 1 0
1615 17 1 -1 0
1616 59 15 0 1
1617 61 26 -1 0
1618 14 37 -1 0
1619 3 13 0 1
1620 81 33 1 0
1621 11 14 0 -1
1622 62 3 0 -1
1623 40 29 -1 0
1624 90 24 1 0
1625 91 25 0 1
1626 49 6 0 1
1627 14 11 1 0
1628 42 21 0 -1
1629 87 23 1 0
1630 45 33 0 -1
1631 78 38 -1 0
1632 90 12 1 0
1633 25 20 1 0
1634 15 0 1 0
1635 97 8 -1 0
1636 55 31 0 1
1637 40 33 -1 0
1638 4 32 1 0
1639 16 21 1 0
1640 40 10 0 -1
1641 44 4 0 1
1642 93 38 1 0
1643 30 32 0 -1
1644 22 34 0 1
1645 39 5 0 -1
1646 80 38 0 1
1647 49 37 0 1
1648 75 7 0 -1
1649 81 11 1 0
1650 99 27 0 1
1651 47 32 1 0
1652 42 22 -1 0
1653 79 12 -1 0
1654 77 34 0 -1
1655 12 24 -1 0
1656 77 22 -1 0
1657 43 35 -1 0
1658 28 10 1 0
1659 99 6 -1 0
1660 3 10 -1 0
1661 90 20 0 -1
1662 0 38 0 -1
1663 44 33 0 1
1664 23 14 0 1
1665 59 32 0 1
1666 68 8 0 -1
1667 50 3 0 1
1668 67 13 -1 0
1669 75 12 1 0
1670 51 10 -1 0
1671 49 10 0 -1
1672 45 29 0 -1
1673 55 11 1 0
1674 93 19 -1 0
1675 59 20 0 1
1676 93 26 0 -1
1677 1 15 -1 0
1678 81 0 0 1
1679 31 4 1 0
1680 9 8 0 -1
1681 41 2 -1 0
1682 22 26 -1 0
1683 91 14 -1 0
1684 11 17 0 -1
1685 24 30 0 -1
1686 50 23 0 1
1687 22 32 -1 0
1688 98 37 1 0
1689 26 8 1 0
1690 60 0 -1 0
1691 81 0 -1 0
1692 21 33 1 0
1693 82 34 1 0
1694 76 26 1 0
1695 44 2 1 0
1696 6 21 0 -1
1697 40 33 1 0
1698 41 23 1 0
1699 50 5 0 -1
1700 1 26 -1 0
1701 59 23 1 0
1702 72 31 -1 0
1703 95 39 0 1
1704 10 37 1 0
1705 22 31 -1 0
1706 27 20 1 0
1707 10 23 1 0
1708 39 15 -1 0
1709 19 35 1 0
1710 24 6 1 0
1711 58 21 -1 0
1712 67 37 0 -1
1713 25 16 0 -1
1714 79 28 0 1
1715 86 9 0 1
1716 41 9 1 0
1717 47 34 0 -1
1718 63 13 -1 0
1719 39 3 0 1
1720 15 16 0 -1
1721 41 24 0 -1
1722 42 5 1 0
1723 48 31 0 -1
1724 6 26 0 -1
1725 73 5 0 1
1726 22 14 0 -1
1727 28 26 1 0
1728 79 15 -1 0
1729 8 11 -1 0
1730 5 36 0 -1
1731 82 13 0 -1
1732 39 36 0 1
1733 69 36 0 1
1734 46 20 0 -1
1735 18 15 -1 0
1736 94 32 1 0
1737 80 18 -1 0
1738 2 34 1 0
1739 19 12 0 -1
1740 13 38 -1 0
1741 51 12 -1 0
1742 9 11 -1 0
1743 59 9 1 0
1744 47 8 0 -1
1745 94 38 0 1
1746 48 1 0 1
1747 86 20 -1 0
1748 22 19 0 1
1749 68 6 0 1
1750 79 6 -1 0
1751 26 13 0 -1
1752 2 27 0 1
1753 43 19 1 0
1754 25 36 0 -1
1755 1 35 0 1
1756 80 23 -1 0
1757 42 33 -1 0
1758 79 4 1 0
1759 1 34 0 1
1760 44 33 0 1
1761 18 34 1 0
1762 64 39 1 0
1763 10 9 -1 0
1764 66 28 -1 0
1765 54 4 1 0
1766 50 9 0 -1
1767 55 34 0 1
1768 22 3 -1 0
1769 64 2 0 -1
1770 4 3 1 0
1771 29 38 -1 0
1772 54 6 1 0
1773 45 26 0 1
1774 59 35 0 -1
1775 10 5 0 -1
1776 27 30 0 1
1777 91 19 1 0
1778 91 30 1 0
1779 7 12 1 0
1780 92 31 -1 0
1781 27 6 1 0
1782 8 26 0 1
1783 9 18 0 -1
1784 51 30 1 0
1785 40 25 0 -1
1786 49 24 0 -1
1787 70 6 -1 0
1788 6 24 0 1
1789 10 19 0 -1
1790 43 15 0 1
1791 91 23 -1 0
1792 14 36 0 1
1793 8 16 -1 0
1794 28 28 0 -1
1795 16 34 0 -1
1796 53 22 0 -1
1797 69 32 1 0
1798 89 30 1 0
1799 47 34 0 -1
1800 60 37 0 1
1801 95 9 0 1
1802 23 34 0 -1
1803 61 39 -1 0
1804 7 7 1 0
1805 76 19 0 -1
1806 7 26 0 1
1807 24 19 0 1
1808 64 3 0 -1
1809 93 16 1 0
1810 91 3 0 1
1811 41 10 0 1
1812 70 13 0 -1
1813 21 24 1 0
1814 2 9 0 -1
1815 86 10 1 0
1816 87 14 0 1
1817 15 18 1 0
1818 1 8 -1 0
1819 25 9 0 1
1820 57 15 -1 0
1821 24 29 1 0
1822 50 12 1 0
1823 41 36 0 1
1824 70 35 -1 0
1825 41 6 -1 0
1826 2 25 1 0
1827 81 25 0 -1
1828 98 32 -1 0
1829 25 23 0 1
1830 44 28 0 1
1831 83 23 1 0
1832 45 4 -1 0
1833 73 38 1 0
1834 81 30 0 1
1835 79 28 1 0
1836 94 2 -1 0
1837 79 35 1 0
1838 43 5 1 0
1839 10 21 -1 0
1840 76 24 -1 0
1841 45 5 0 -1
1842 88 6 -1 0
1843 62 35 0 -1
1844 14 7 -1 0
1845 89 3 -1 0
1846 21 17 1 0
1847 50 36 1 0
1848 16 3 1 0
1849 40 14 0 -1
1850 89 38 0 -1
1851 12 31 0 1
1852 16 18 0 -1
1853 52 10 0 -1
1854 19 36 0 -1
1855 27 20 0 -1
1856 21 36 0 1
1857 11 23 0 -1
1858 21 26 0 -1
1859 31 25 0 1
1860 23 14 0 -1
1861 50 31 0 1
1862 82 26 0 -1
1863 49 24 1 0
1864 44 14 1 0
1865 28 0 1 0
1866 14 5 -1 0
1867 50 37 0 -1
1868 44 36 0 1
1869 16 28 -1 0
1870 38 32 0 1
1871 10 26 0 1
1872 61 9 -1 0
1873 78 26 0 1
1874 29 13 -1 0
1875 19 12 -1 0
1876 29 27 0 -1
1877 90 8 0 -1
1878 23 25 -1 0
1879 39 35 0 -1
1880 45 32 -1 0
1881 56 16 0 1
1882 18 18 1 0
1883 93 1 -1 0
1884 22 18 0 -1
1885 7 6 0 -1
1886 67 22 -1 0
1887 8 27 1 0
1888 83 10 -1 0
1889 25 7 -1 0
1890 62 4 1 0
1891 73 21 -1 0
1892 24 19 0 1
1893 38 12 0 1
1894 2 14 0 1
1895 19 4 0 -1
1896 55 6 1 0
1897 0 5 0 -1
1898 66 1 0 1
1899 86 15 -1 0
1900 13 10 0 -1
1901 27 5 0 1
1902 19 27 0 1
1903 86 0 0 -1
1904 18 10 1 0
1905 17 16 0 -1
1906 56 27 1 0
1907 41 8 -1 0
1908 49 26 1 0
1909 45 29 1 0
1910 11 15 0 -1
1911 11 21 0 -1
1912 89 16 0 1
1913 89 4 1 0
1914 4 11 -1 0
1915 21 0 0 -1
1916 88 5 1 0
1917 8 15 1 0
1918 69 14 1 0
1919 44 3 1 0
1920 88 2 0 -1
1921 14 15 0 1
1922 13 33 0 -1
1923 89 21 0 1
1924 65 4 0 -1
1925 93 9 0 -1
1926 46 17 1 0
1927 5 21 1 0
1928 48 7 -1 0
1929 20 24 -1 0
1930 14 30 0 -1
1931 19 21 0 -1
1932 97 27 0 1
1933 49 35 0 1
1934 25 16 0 1
1935 83 32 1 0
1936 69 21 0 1
1937 95 21 0 -1
1938 29 13 0 1
1939 44 13 0 1
1940 19 24 1 0
1941 87 3 0 1
1942 55 27 0 1
1943 79 23 0 -1
1944 40 31 0 1
1945 91 4 1 0
1946 71 21 1 0
1947 37 19 -1 0
1948 66 37 -1 0
1949 9 2 1 0
1950 18 24 0 -1
1951 2 38 0 -1
1952 22 22 0 1
1953 56 23 1 0
1954 85 27 0 -1
1955 72 24 0 -1
1956 29 22 -1 0
1957 30 10 1 0
1958 23 19 0 1
1959 0 31 1 0
1960 8 9 0 1
1961 22 5 0 -1
1962 66 29 0 -1
1963 40 4 0 1
1964 48 14 0 1
1965 55 24 -1 0
1966 80 1 -1 0
1967 9 34 0 1
1968 13 24 -1 0
1969 25 11 1 0
1970 97 24 0 1
1971 92 19 1 0
1972 86 0 -1 0
1973 68 17 0 1
1974 13 16 0 1
1975 98 15 0 1
1976 72 20 1 0
1977 40 29 0 -1
1978 28 4 0 -1
1979 16 1 0 -1
1980 56 18 0 1
1981 27 35 0 1
1982 48 6 -1 0
1983 20 37 0 -1
1984 44 38 1 0
1985 65 6 -1 0
1986 46 28 0 1
1987 49 26 -1 0
1988 5 33 -1 0
1989 12 13 1 0
1990 24 16 -1 0
1991 29 12 1 0
1992 8 36 -1 0
1993 50 31 1 0
1994 71 9 -1 0
1995 82 33 -1 0
1996 88 33 0 1
1997 87 22 0 -1
1998 13 3 -1 0
1999 2 37 0 -1
2000 20 23 0 1
2001 9 7 -1 0
2002 51 5 0 -1
2003 38 4 0 1
2004 78 36 1 0
2005 50 4 0 -1
2006 14 26 1 0
2007 18 21 0 1
2008 42 2 1 0
2009 52 36 0 1
2010 19 6 0 -1
2011 62 0 1 0
2012 94 28 -1 0
2013 60 9 -1 0
2014 76 21 -1 0
2015 47 15 0 -1
2016 97 2 0 1
2017 80 2 1 0
2018 78 0 1 0
2019 30 26 0 -1
2020 86 16 0 1
2021 45 7 1 0
2022 37 18 0 1
2023 2 24 1 0
2024 89 5 0 -1
2025 40 0 -1 0
2026 12 5 1 0
2027 36 38 0 1
2028 25 8 1 0
2029 18 26 1 0
2030 49 14 -1 0
2031 9 20 0 1
2032 30 18 -1 0
2033 2 12 0 -1
2034 99 19 1 0
2035 37 3 0 1
2036 7 9 0 -1
2037 39 24 0 -1
2038 94 11 0 1
2039 43 1 0 -1
2040 48 35 0 -1
2041 40 3 -1 0
2042 85 25 0 -1
2043 63 24 0 -1
2044 98 28 -1 0
2045 5 28 -1 0
2046 44 14 -1 0
2047 16 1 0 1
2048 45 15 0 -1
2049 65 21 1 0
2050 57 35 0 -1
2051 20 19 0 1
2052 98 38 0 -1
2053 92 31 -1 0
2054 93 17 0 -1
2055 10 19 0 -1
2056 8 37 1 0
2057 40 4 0 1
2058 99 26 0 1
2059 14 18 0 -1
2060 92 20 0 1
2061 50 28 0 -1
2062 36 36 0 -1
2063 12 2 1 0
2064 28 38 0 -1
2065 82 21 0 -1
2066 45 11 0 1
2067 1 27 0 -1
2068 85 11 0 -1
2069 62 1 0 -1
2070 68 11 1 0
2071 1 23 0 1
2072 83 6 1 0
2073 60 22 1 0
2074 15 29 -1 0
2075 64 6 0 -1
2076 86 39 1 0
2077 50 10 0 -1
2078 19 32 -1 0
2079 83 20 0 -1
2080 4 15 0 1
2081 98 14 0 1
2082 64 29 0 -1
2083 75 18 0 -1
2084 51 1 0 1
2085 38 34 0 1
2086 56 12 -1 0
2087 44 19 1 0
2088 68 39 0 -1
2089 71 10 0 -1
2090 12 10 1 0
2091 74 15 0 -1
2092 93 9 -1 0
2093 11 16 0 1
2094 73 1 1 0
2095 51 27 1 0
2096 98 3 -1 0
2097 62 25 1 0
2098 11 33 0 -1
2099 49 25 1 0
2100 25 24 1 0
2101 88 6 1 0
2102 6 16 -1 0
2103 72 18 -1 0
2104 0 26 1 0
2105 70 21 0 1
2106 96 7 1 0
2107 10 20 0 -1
2108 4 10 1 0
2109 81 31 0 -1
2110 89 34 0 -1
2111 11 11 -1 0
2112 4 30 0 1
2113 70 14 -1 0
2114 66 1 0 1
2115 0 13 0 1
2116 49 31 0 1
2117 36 33 -1 0
2118 87 19 0 -1
2119 56 24 0 -1
2120 20 9 1 0
2121 41 15 -1 0
2122 11 22 -1 0
2123 36 34 1 0
2124 69 20 0 1
2125 97 34 0 -1
2126 56 37 0 1
2127 50 17 -1 0
2128 95 30 0 -1
2129 16 38 1 0
2130 23 15 -1 0
2131 29 19 0 -1
2132 46 19 0 -1
2133 40 17 -1 0
2134 96 33 0 -1
2135 0 31 0 -1
2136 29 35 1 0
2137 46 17 0 1
2138 0 15 0 1
2139 37 15 1 0
2140 94 31 -1 0
2141 88 17 -1 0
2142 47 26 1 0
2143 17 8 -1 0
2144 25 35 -1 0
2145 85 20 1 0
2146 3 27 1 0
2147 76 12 0 1
2148 23 36 0 -1
2149 11 36 -1 0
2150 79 32 0 1
2151 51 2 1 0
2152 91 16 0 1
2153 13 20 0 -1
2154 64 38 0 1
2155 92 27 0 1
2156 31 27 0 -1
2157 77 26 -1 0
2158 74 4 1 0
2159 37 33 1 0
2160 55 11 0 -1
2161 16 37 -1 0
2162 29 14 1 0
2163 1 33 0 1
2164 88 22 1 0
2165 76 1 -1 0
2166 92 28 0 1
2167 57 32 1 0
2168 15 17 0 1
2169 16 7 -1 0
2170 81 18 -1 0
2171 16 13 0 -1
2172 86 27 1 0
2173 76 10 -1 0
2174 73 28 0 -1
2175 23 20 -1 0
2176 18 7 0 -1
2177 92 27 1 0
2178 20 3 0 -1
2179 95 15 0 1
2180 9 39 0 -1
2181 88 20 -1 0
2182 16 16 0 1
2183 56 25 0 1
2184 30 14 0 1
2185 3 27 -1 0
2186 54 19 0 -1
2187 23 16 0 -1
2188 43 6 0 1
2189 44 29 1 0
2190 70 0 -1 0
2191 46 29 0 -1
2192 8 14 0 1
2193 14 26 -1 0
2194 1 6 0 1
2195 7 33 1 0
2196 16 39 1 0
2197 74 0 0 1
2198 28 2 0 1
2199 70 21 0 1
2200 65 30 0 -1
2201 9 33 0 -1
2202 16 25 0 -1
2203 61 8 1 0
2204 49 33 -1 0
2205 26 28 0 -1
2206 47 34 1 0
2207 39 34 -1 0
2208 90 1 0 1
2209 77 13 -1 0
2210 95 1 0 -1
2211 28 25 0 1
2212 3 8 -1 0
2213 27 11 0 1
2214 52 14 0 -1
2215 85 28 0 -1
2216 82 29 0 1
2217 28 23 1 0
2218 92 0 0 1
2219 81 6 1 0
2220 99 20 1 0
2221 29 38 1 0
2222 47 10 1 0
2223 96 34 -1 0
2224 50 8 -1 0
2225 90 22 1 0
2226 95 17 0 -1
2227 94 9 0 1
2228 48 13 -1 0
2229 20 18 0 -1
2230 23 11 -1 0
2231 97 19 0 1
2232 25 17 1 0
2233 29 30 0 1
2234 92 23 0 1
2235 54 6 1 0
2236 6 23 1 0
2237 64 16 0 -1
2238 31 32 1 0
2239 9 35 -1 0
2240 54 10 0 1
2241 21 7 1 0
2242 90 1 0 -1
2243 7 8 0 1
2244 41 20 -1 0
2245 94 34 1 0
2246 8 11 1 0
2247 56 15 -1 0
2248 23 12 -1 0
2249 59 27 0 1
2250 84 34 1 0
2251 25 39 1 0
2252 91 4 0 1
2253 27 11 0 -1
2254 29 13 0 -1
2255 13 14 -1 0
2256 81 1 0 -1
2257 41 37 -1 0
2258 67 27 0 -1
2259 93 4 0 -1
2260 53 0 -1 0
2261 15 29 0 -1
2262 57 11 0 -1
2263 54 25 1 0
2264 59 38 0 1
2265 50 18 0 -1
2266 72 19 0 -1
2267 60 34 0 -1
2268 19 11 0 -1
2269 80 35 -1 0
2270 23 28 0 -1
2271 62 26 1 0
2272 95 5 0 1
2273 39 11 -1 0
2274 44 30 0 1
2275 47 14 0 1
2276 70 13 -1 0
2277 69 32 -1 0
2278 21 14 0 -1
2279 12 22 1 0
2280 22 16 0 -1
2281 44 4 -1 0
2282 76 28 0 1
2283 24 10 -1 0
2284 8 23 -1 0
2285 30 28 1 0
2286 26 24 0 -1
2287 12 31 1 0
2288 43 10 0 1
2289 48 23 1 0
2290 16 28 -1 0
2291 39 3 0 -1
2292 82 23 -1 0
2293 77 9 -1 0
2294 68 8 0 1
2295 24 22 -1 0
2296 50 37 -1 0
2297 95 28 -1 0
2298 19 5 -1 0
2299 0 5 1 0
2300 13 27 1 0
2301 41 15 -1 0
2302 52 16 1 0
2303 23 25 1 0
2304 39 18 0 1
2305 29 12 1 0
2306 40 7 -1 0
2307 24 32 -1 0
2308 28 27 -1 0
2309 97 13 0 -1
2310 53 23 1 0
2311 1 27 -1 0
2312 52 26 1 0
2313 11 13 0 1
2314 6 37 -1 0
2315 98 34 1 0
2316 22 22 0 -1
2317 12 33 1 0
2318 45 11 -1 0
2319 28 27 0 -1
2320 96 28 0 -1
2321 81 27 -1 0
2322 94 22 0 1
2323 99 19 1 0
2324 22 10 0 -1
2325 86 9 -1 0
2326 11 23 1 0
2327 43 32 0 1
2328 27 18 0 -1
2329 10 19 0 1
2330 97 7 1 0
2331 22 3 0 -1
2332 52 25 0 -1
2333 84 0 -1 0
2334 25 34 0 -1
2335 99 0 -1 0
2336 76 12 0 1
2337 42 32 0 1
2338 67 35 1 0
2339 81 4 1 0
2340 15 4 0 1
2341 79 20 -1 0
2342 4 4 -1 0
2343 41 37 0 1
2344 77 21 0 1
2345 31 24 0 1
2346 94 39 -1 0
2347 88 32 0 -1
2348 78 2 0 -1
2349 21 13 1 0
2350 0 27 0 1
2351 99 26 -1 0
2352 89 19 1 0
2353 7 18 0 1
2354 69 39 -1 0
2355 40 7 0 1
2356 48 14 1 0
2357 77 5 0 1
2358 67 26 -1 0
2359 64 16 0 -1
2360 7 1 0 1
2361 66 29 -1 0
2362 23 31 0 1
2363 22 37 -1 0
2364 14 23 0 1
2365 25 19 0 -1
2366 17 3 -1 0
2367 53 6 -1 0
2368 38 20 0 1
2369 5 34 0 1
2370 47 19 -1 0
2371 23 6 -1 0
2372 24 12 1 0
2373 97 23 1 0
2374 41 29 0 1
2375 92 37 -1 0
2376 65 16 -1 0
2377 89 24 1 0
2378 79 9 0 -1
2379 45 8 1 0
2380 87 1 -1 0
2381 28 26 -1 0
2382 48 29 -1 0
2383 52 27 -1 0
2384 57 11 1 0
2385 15 11 1 0
2386 41 38 1 0
2387 9 29 -1 0
2388 50 11 0 1
2389 9 22 1 0
2390 13 31 0 1
2391 65 28 -1 0
2392 58 5 0 -1
2393 3 15 -1 0
2394 86 36 0 1
2395 31 23 -1 0
2396 70 20 -1 0
2397 80 21 -1 0
2398 48 4 0 -1
2399 13 0 0 1
2400 26 36 1 0
2401 46 23 0 1
2402 58 15 0 -1
2403 84 23 1 0
2404 88 26 1 0
2405 7 33 0 1
2406 12 8 -1 0
2407 52 14 -1 0
2408 17 9 1 0
2409 15 3 0 1
2410 5 12 0 1
2411 0 21 -1 0
2412 63 17 1 0
2413 18 20 1 0
2414 61 7 1 0
2415 6 0 -1 0
2416 38 37 -1 0
2417 52 26 1 0
2418 49 27 -1 0
2419 46 1 0 -1
2420 96 20 -1 0
2421 30 17 0 1
2422 57 29 1 0
2423 13 35 0 1
2424 60 18 -1 0
2425 3 11 0 -1
2426 95 21 -1 0
2427 89 16 -1 0
2428 57 30 1 0
2429 48 39 0 -1
2430 14 32 0 1
2431 40 26 0 1
2432 77 28 0 1
2433 46 8 0 -1
2434 51 2 0 1
2435 2 3 0 -1
2436 50 15 -1 0
2437 6 30 1 0
2438 15 31 -1 0
2439 54 15 0 -1
2440 14 23 -1 0
2441 22 2 0 1
2442 37 6 1 0
2443 87 15 1 0
2444 69 17 0 -1
2445 26 38 0 -1
2446 79 27 -1 0
2447 29 37 1 0
2448 96 39 0 -1
2449 37 25 1 0
2450 48 31 -1 0
2451 40 23 0 -1
2452 9 29 0 -1
2453 10 26 1 0
2454 21 28 0 1
2455 38 28 0 1
2456 60 14 1 0
2457 8 20 1 0
2458 18 17 0 -1
2459 49 13 0 1
2460 43 21 0 -1
2461 46 30 0 -1
2462 67 6 0 1
2463 95 22 1 0
2464 25 17 0 1
2465 81 36 0 -1
2466 29 9 0 1
2467 13 17 -1 0
2468 88 22 0 -1
2469 69 3 1 0
2470 21 14 -1 0
2471 10 21 1 0
2472 87 7 0 -1
2473 95 36 0 1
2474 39 3 0 1
2475 11 19 0 1
2476 12 2 0 -1
2477 15 13 0 -1
2478 48 14 0 -1
2479 22 22 -1 0
2480 19 2 1 0
2481 25 1 0 -1
2482 99 38 0 -1
2483 45 11 1 0
2484 51 5 1 0
2485 7 0 0 -1
2486 3 30 -1 0
2487 18 23 0 -1
2488 56 23 -1 0
2489 43 0 0 1
2490 39 4 0 -1
2491 70 25 0 1
2492 43 18 1 0
2493 93 8 0 1
2494 12 36 0 -1
2495 4 36 1 0
2496 39 34 0 1
2497 41 3 1 0
2498 45 1 0 -1
2499 24 33 -1 0
2500 22 32 0 1
2501 18 28 1 0
2502 37 9 -1 0
2503 14 29 1 0
2504 58 5 0 1
2505 78 17 0 1
2506 52 16 0 -1
2507 77 26 1 0
2508 25 0 -1 0
2509 4 27 0 -1
2510 23 29 -1 0
2511 42 18 0 -1
2512 23 10 -1 0
2513 44 20 0 1
2514 95 25 -1 0
2515 39 10 -1 0
2516 45 13 0 -1
2517 47 15 0 -1
2518 19 6 0 1
2519 85 19 0 -1
2520 26 29 -1 0
2521 93 10 -1 0
2522 43 27 0 -1
2523 30 29 1 0
2524 13 12 1 0
2525 60 12 0 1
2526 14 7 0 -1
2527 41 26 0 -1
2528 13 32 1 0
2529 17 1 -1 0
2530 70 12 0 -1
2531 66 5 0 -1
2532 10 15 0 1
2533 47 37 1 0
2534 5 0 1 0
2535 20 35 1 0
2536 48 26 0 1
2537 49 21 -1 0
2538 46 14 0 1
2539 22 1 0 -1
2540 59 2 1 0
2541 42 4 1 0
2542 39 6 0 -1
2543 56 1 -1 0
2544 71 13 1 0
2545 36 17 -1 0
2546 61 29 -1 0
2547 42 18 1 0
2548 49 21 0 -1
2549 40 16 0 -1
2550 9 5 0 -1
2551 28 15 0 -1
2552 41 17 0 -1
2553 40 17 0 1
2554 42 9 -1 0
2555 48 11 0 1
2556 5 1 0 1
2557 7 24 0 -1
2558 21 3 0 1
2559 53 26 1 0
2560 26 7 0 1
2561 26 39 0 -1
2562 18 22 1 0
2563 27 12 -1 0
2564 39 11 -1 0
2565 27 1 1 0
2566 55 31 0 -1
2567 96 16 -1 0
2568 83 17 -1 0
2569 44 39 0 -1
2570 49 0 0 -1
2571 3 2 1 0
2572 25 38 0 1
2573 21 12 0 1
2574 18 13 0 -1
2575 30 20 1 0
2576 38 39 -1 0
2577 97 20 0 -1
2578 41 14 0 -1
2579 94 8 0 1
2580 44 5 0 -1
2581 52 23 0 1
2582 53 2 0 -1
2583 54 23 0 1
2584 85 15 0 1
2585 88 3 -1 0
2586 11 18 1 0
2587 17 38 0 1
2588 39 32 0 1
2589 40 27 0 -1
2590 16 36 0 1
2591 74 36 0 1
2592 70 14 -1 0
2593 4 37 1 0
2594 51 15 0 1
2595 93 25 -1 0
2596 59 3 0 -1
2597 14 20 -1 0
2598 12 27 0 1
2599 29 24 0 -1
2600 21 28 0 1
2601 24 3 0 1
2602 18 9 1 0
2603 81 9 1 0
2604 46 10 -1 0
2605 79 23 -1 0
2606 51 16 1 0
2607 52 38 0 1
2608 22 2 -1 0
2609 78 39 0 1
2610 50 36 -1 0
2611 53 12 0 1
2612 26 27 0 -1
2613 11 7 0 -1
2614 40 20 1 0
2615 24 11 -1 0
2616 78 26 1 0
2617 52 30 -1 0
2618 18 10 0 -1
2619 38 27 1 0
2620 4 33 1 0
2621 17 34 1 0
2622 38 14 0 1
2623 2 25 0 -1
2624 64 29 -1 0
2625 88 20 1 0
2626 6 28 0 -1
2627 44 36 -1 0
2628 59 5 0 1
2629 25 1 0 -1
2630 20 12 1 0
2631 86 32 0 1
2632 43 32 1 0
2633 4 14 -1 0
2634 8 5 1 0
2635 25 5 1 0
2636 70 2 1 0
2637 39 37 -1 0
2638 94 1 0 -1
2639 92 21 -1 0
2640 45 28 0 -1
2641 44 10 1 0
2642 22 18 0 -1
2643 10 31 0 -1
2644 48 2 0 -1
2645 82 37 1 0
2646 21 39 0 1
2647 90 29 0 1
2648 0 36 0 1
2649 5 2 -1 0
2650 40 28 0 1
2651 42 34 1 0
2652 75 21 -1 0
2653 11 13 0 1
2654 86 0 0 1
2655 57 22 0 -1
2656 35 8 0 -1
2657 44 34 1 0
2658 51 23 0 1
2659 54 30 0 -1
2660 35 14 0 -1
2661 21 31 1 0
2662 86 3 0 1
2663 49 9 -1 0
2664 4 29 0 1
2665 84 32 0 1
2666 96 33 -1 0
2667 95 0 0 -1
2668 21 5 1 0
2669 29 32 0 -1
2670 29 27 0 1
2671 12 38 1 0
2672 49 15 -1 0
2673 25 12 1 0
2674 38 3 1 0
2675 91 15 -1 0
2676 90 29 -1 0
2677 49 35 1 0
2678 88 24 -1 0
2679 46 13 -1 0
2680 7 16 1 0
2681 12 30 -1 0
2682 43 37 -1 0
2683 39 20 0 -1
2684 40 37 0 1
2685 70 18 1 0
2686 22 25 1 0
2687 63 24 -1 0
2688 21 4 1 0
2689 19 29 0 1
2690 58 16 1 0
2691 70 18 -1 0
2692 89 28 -1 0
2693 9 6 -1 0
2694 14 6 1 0
2695 76 24 1 0
2696 18 25 0 -1
2697 93 24 0 1
2698 88 24 0 1
2699 38 17 -1 0
2700 99 11 -1 0
2701 45 27 0 1
2702 18 39 -1 0
2703 98 39 0 1
2704 73 21 0 1
2705 43 31 0 1
2706 96 36 0 1
2707 46 12 1 0
2708 84 8 1 0
2709 27 25 0 1
2710 7 19 0 -1
2711 71 24 1 0
2712 98 15 -1 0
2713 12 31 1 0
2714 89 0 0 -1
2715 62 13 1 0
2716 22 36 0 -1
2717 29 36 1 0
2718 21 5 -1 0
2719 67 31 0 -1
2720 22 36 -1 0
2721 99 13 0 1
2722 3 5 0 -1
2723 68 24 0 -1
2724 21 34 0 -1
2725 98 20 0 -1
2726 46 8 -1 0
2727 0 26 1 0
2728 50 4 0 1
2729 28 36 0 -1
2730 49 14 0 -1
2731 30 36 0 1
2732 61 20 0 1
2733 29 31 1 0
2734 17 12 1 0
2735 24 12 -1 0
2736 98 7 -1 0
2737 47 30 -1 0
2738 39 20 0 1
2739 55 25 0 -1
2740 9 1 0 1
2741 31 16 0 -1
2742 91 38 -1 0
2743 38 33 1 0
2744 21 36 -1 0
2745 23 14 0 -1
2746 13 35 0 -1
2747 17 0 -1 0
2748 76 23 -1 0
2749 72 10 1 0
2750 38 35 -1 0
2751 43 20 0 -1
2752 94 4 0 1
2753 31 15 -1 0
2754 57 7 0 1
2755 1 13 0 1
2756 98 23 0 1
2757 87 27 0 1
2758 65 39 -1 0
2759 46 39 0 1
2760 43 32 1 0
2761 60 30 0 1
2762 80 35 -1 0
2763 49 13 0 1
2764 8 39 0 -1
2765 99 5 0 -1
2766 20 26 0 -1
2767 21 1 -1 0
2768 52 28 -1 0
2769 99 16 -1 0
2770 14 37 0 -1
2771 92 18 0 1
2772 69 29 0 -1
2773 65 37 -1 0
2774 58 14 -1 0
2775 55 11 1 0
2776 47 11 1 0
2777 72 2 1 0
2778 44 2 -1 0
2779 94 21 1 0
2780 72 14 0 1
2781 42 29 1 0
2782 91 7 0 -1
2783 38 4 1 0
2784 99 21 -1 0
2785 41 16 -1 0
2786 28 15 0 -1
2787 45 13 -1 0
2788 17 17 0 1
2789 45 34 -1 0
2790 5 1 -1 0
2791 70 39 0 1
2792 42 10 1 0
2793 38 36 0 -1
2794 38 29 1 0
2795 90 4 1 0
2796 63 27 0 1
2797 98 10 0 -1
2798 68 3 1 0
2799 27 13 0 -1
2800 16 18 0 1
2801 21 17 1 0
2802 69 30 -1 0
2803 95 35 1 0
2804 97 1 0 1
2805 16 21 -1 0
2806 23 36 -1 0
2807 79 12 1 0
2808 41 8 0 -1
2809 77 29 -1 0
2810 52 4 0 1
2811 72 11 0 1
2812 87 5 -1 0
2813 19 34 1 0
2814 73 30 1 0
2815 20 16 -1 0
2816 30 35 0 1
2817 10 2 0 -1
2818 94 30 -1 0
2819 5 29 -1 0
2820 27 39 -1 0
2821 63 0 1 0
2822 94 2 0 1
2823 96 27 -1 0
2824 21 10 0 -1
2825 50 17 0 1
2826 45 15 0 1
2827 98 19 -1 0
2828 42 26 0 -1
2829 42 25 0 1
2830 27 26 0 -1
2831 29 12 -1 0
2832 52 6 0 1
2833 94 17 0 -1
2834 39 28 1 0
2835 21 7 1 0
2836 61 6 -1 0
2837 88 7 0 -1
2838 56 16 0 1
2839 85 2 -1 0
2840 0 11 1 0
2841 69 28 0 -1
2842 61 9 1 0
2843 92 20 -1 0
2844 18 32 0 -1
2845 50 23 -1 0
2846 60 22 0 1
2847 28 1 1 0
2848 16 3 0 1
2849 63 33 0 -1
2850 18 23 -1 0
2851 7 7 0 -1
2852 91 4 0 -1
2853 4 20 0 -1
2854 37 31 0 1
2855 48 22 -1 0
2856 95 21 1 0
2857 46 39 -1 0
2858 24 21 -1 0
2859 27 15 -1 0
2860 23 39 0 -1
2861 4 14 0 -1
2862 48 21 0 -1
2863 23 8 1 0
2864 30 9 -1 0
2865 44 33 -1 0
2866 15 31 0 -1
2867 90 32 0 1
2868 20 21 0 1
2869 56 9 1 0
2870 47 21 0 1
2871 42 8 0 1
2872 99 14 0 -1
2873 86 4 0 1
2874 24 34 -1 0
2875 86 17 1 0
2876 89 7 1 0
2877 46 34 1 0
2878 91 30 0 1
2879 44 2 -1 0
2880 29 18 0 -1
2881 50 13 -1 0
2882 54 15 0 -1
2883 46 30 0 1
2884 95 2 0 1
2885 77 5 -1 0
2886 7 4 -1 0
2887 41 23 1 0
2888 86 16 0 -1
2889 89 29 -1 0
2890 7 24 1 0
2891 99 14 0 -1
2892 18 4 0 1
2893 26 7 1 0
2894 87 12 0 -1
2895 77 30 0 -1
2896 57 12 -1 0
2897 73 4 0 1
2898 40 12 1 0
2899 38 34 -1 0
2900 85 0 0 1
2901 7 20 0 1
2902 43 13 0 1
2903 50 3 0 1
2904 85 1 0 1
2905 28 36 0 1
2906 65 20 0 1
2907 91 33 -1 0
2908 99 34 0 -1
2909 43 34 -1 0
2910 37 10 -1 0
2911 48 13 0 1
2912 18 6 -1 0
2913 4 0 1 0
2914 87 39 -1 0
2915 45 19 0 1
2916 20 22 0 1
2917 73 19 1 0
2918 69 3 0 1
2919 46 16 -1 0
2920 25 17 0 -1
2921 59 8 0 1
2922 54 39 0 -1
2923 20 16 -1 0
2924 31 24 -1 0
2925 74 39 -1 0
2926 45 32 0 1
2927 19 0 1 0
2928 75 22 -1 0
2929 7 19 0 -1
2930 5 25 0 -1
2931 2 26 0 1
2932 95 18 0 -1
2933 47 14 0 -1
2934 0 37 0 -1
2935 23 3 0 -1
2936 66 14 1 0
2937 91 13 0 -1
2938 74 19 -1 0
2939 45 17 1 0
2940 66 19 0 1
2941 38 7 1 0
2942 18 13 0 1
2943 63 17 0 1
2944 99 19 0 -1
2945 57 24 0 1
2946 26 13 1 0
2947 20 29 1 0
2948 89 22 1 0
2949 74 3 0 1
2950 12 9 -1 0
2951 53 12 -1 0
2952 37 15 0 1
2953 3 1 0 -1
2954 41 26 1 0
2955 18 21 1 0
2956 70 38 -1 0
2957 95 30 0 -1
2958 47 21 0 1
2959 21 23 -1 0
2960 99 24 1 0
2961 19 19 1 0
2962 25 33 0 -1
2963 23 16 -1 0
2964 30 38 -1 0
2965 40 9 0 1
2966 80 17 0 -1
2967 85 19 1 0
2968 6 31 -1 0
2969 24 3 -1 0
2970 10 6 1 0
2971 82 11 0 -1
2972 99 24 -1 0
2973 47 22 -1 0
2974 69 27 0 1
2975 78 18 0 -1
2976 99 7 0 1
2977 46 18 1 0
2978 12 6 0 1
2979 7 23 0 1
2980 96 8 1 0
2981 50 2 1 0
2982 39 14 0 -1
2983 68 17 0 1
2984 84 13 0 -1
2985 76 3 0 1
2986 85 22 0 -1
2987 65 32 0 -1
2988 4 18 -1 0
2989 51 37 -1 0
2990 96 6 -1 0
2991 17 8 0 -1
2992 25 24 1 0
2993 80 2 0 -1
2994 37 13 0 1
2995 7 21 0 1
2996 2 23 0 -1
2997 78 22 -1 0
2998 96 11 -1 0
2999 6 7 0 1
3000 0 25 0 1
3001 72 21 0 1
3002 16 12 0 -1
3003 41 23 1 0
3004 25 9 -1 0
3005 37 33 -1 0
3006 46 22 -1 0
3007 85 5 -1 0
3008 36 11 0 -1
3009 97 38 1 0
3010 4 25 0 -1
3011 98 14 0 -1
3012 1 0 -1 0
3013 43 21 0 -1
3014 40 11 -1 0
3015 85 30 1 0
3016 24 28 0 -1
3017 36 28 -1 0
3018 92 29 0 1
3019 6 15 -1 0
3020 44 10 0 1
3021 0 25 0 1
3022 48 38 0 1
3023 16 28 1 0
3024 77 6 0 1
3025 83 24 1 0
3026 96 22 1 0
3027 12 8 0 1
3028 52 35 0 1
3029 25 16 1 0
3030 93 8 0 1
3031 56 10 0 1
3032 88 22 0 -1
3033 74 26 0 -1
3034 22 8 0 -1
3035 4 24 1 0
3036 57 28 0 -1
3037 14 22 1 0
3038 47 32 1 0
3039 42 26 0 -1
3040 16 30 -1 0
3041 96 29 -1 0
3042 77 21 -1 0
3043 16 14 1 0
3044 41 1 -1 0
3045 56 9 0 1
3046 93 2 0 -1
3047 91 6 -1 0
3048 73 2 0 -1
3049 17 39 0 1
3050 92 20 0 1
3051 55 10 -1 0
3052 90 18 -1 0
3053 97 5 0 1
3054 10 18 -1 0
3055 15 27 -1 0
3056 31 34 0 1
3057 20 34 -1 0
3058 4 26 1 0
3059 1 11 1 0
3060 86 15 0 -1
3061 93 17 0 1
3062 7 39 -1 0
3063 59 30 0 1
3064 91 17 0 1
3065 10 29 0 -1
3066 23 33 1 0
3067 65 36 1 0
3068 27 30 -1 0
3069 20 9 1 0
3070 58 27 1 0
3071 9 2 -1 0
3072 82 39 0 -1
3073 81 26 -1 0
3074 6 26 1 0
3075 88 34 0 1
3076 57 0 1 0
3077 29 26 0 1
3078 13 22 0 1
3079 12 26 1 0
3080 87 34 -1 0
3081 15 2 1 0
3082 95 0 -1 0
3083 30 22 1 0
3084 87 3 0 1
3085 31 14 -1 0
3086 75 37 -1 0
3087 44 31 1 0
3088 82 37 0 1
3089 26 31 1 0
3090 98 33 -1 0
3091 0 3 0 1
3092 75 34 0 -1
3093 0 11 0 1
3094 70 37 0 -1
3095 55 20 -1 0
3096 50 21 1 0
3097 58 1 1 0
3098 38 2 1 0
3099 26 24 1 0
3100 91 7 0 1
3101 54 31 -1 0
3102 46 35 0 -1
3103 63 23 0 1
3104 48 24 1 0
3105 27 35 -1 0
3106 2 10 0 -1
3107 22 24 0 1
3108 84 12 0 -1
3109 87 28 0 -1
3110 26 18 0 -1
3111 25 11 0 1
3112 3 17 0 -1
3113 22 10 0 1
3114 71 19 0 1
3115 41 16 1 0
3116 27 26 1 0
3117 78 4 0 1
3118 21 4 -1 0
3119 14 10 1 0
3120 47 14 -1 0
3121 47 27 0 -1
3122 53 22 0 -1
3123 96 7 0 1
3124 30 5 1 0
3125 54 30 0 1
3126 41 19 0 -1
3127 78 37 1 0
3128 93 5 0 -1
3129 94 1 0 1
3130 4 28 0 -1
3131 95 20 0 1
3132 10 28 -1 0
3133 20 12 1 0
3134 96 21 0 -1
3135 3 12 1 0
3136 45 21 0 1
3137 28 19 1 0
3138 5 10 0 -1
3139 94 17 -1 0
3140 8 22 -1 0
3141 85 33 0 -1
3142 84 2 1 0
3143 85 37 -1 0
3144 19 29 0 -1
3145 75 6 -1 0
3146 92 0 -1 0
3147 74 8 -1 0
3148 94 14 1 0
3149 13 11 1 0
3150 12 27 0 1
3151 38 22 1 0
3152 53 6 0 1
3153 27 14 0 1
3154 80 35 1 0
3155 25 35 1 0
3156 99 21 1 0
3157 21 13 0 -1
3158 66 37 1 0
3159 12 17 1 0
3160 40 15 0 1
3161 9 1 0 -1
3162 80 7 0 -1
3163 20 21 -1 0
3164 23 4 -1 0
3165 86 7 0 -1
3166 6 15 1 0
3167 78 32 1 0
3168 62 6 0 -1
3169 81 36 1 0
3170 8 24 0 1
3171 27 1 0 -1
3172 46 7 0 1
3173 43 19 1 0
3174 69 13 0 1
3175 44 8 1 0
3176 42 4 0 1
3177 24 9 1 0
3178 60 26 0 -1
3179 13 6 0 1
3180 97 30 0 -1
3181 5 4 0 -1
3182 15 14 0 -1
3183 42 7 0 -1
3184 10 8 -1 0
3185 8 19 -1 0
3186 81 13 -1 0
3187 98 38 -1 0
3188 47 36 1 0
3189 62 34 0 1
3190 20 18 0 -1
3191 49 11 -1 0
3192 12 19 0 -1
3193 92 17 0 1
3194 8 34 0 1
3195 59 5 0 -1
3196 44 31 1 0
3197 92 16 -1 0
3198 15 29 1 0
3199 97 37 0 -1
3200 27 21 -1 0
3201 82 11 1 0
3202 5 0 -1 0
3203 58 15 0 -1
3204 3 35 0 1
3205 80 12 0 -1
3206 85 38 1 0
3207 10 3 -1 0
3208 45 20 0 -1
3209 23 37 0 -1
3210 68 28 -1 0
3211 71 25 0 1
3212 17 14 0 1
3213 94 20 0 -1
3214 89 18 -1 0
3215 24 30 0 -1
3216 15 38 0 -1
3217 24 29 0 1
3218 20 0 1 0
3219 41 37 -1 0
3220 7 31 0 -1
3221 36 31 1 0
3222 18 23 1 0
3223 85 39 -1 0
3224 94 31 0 1
3225 38 8 0 -1
3226 7 11 -1 0
3227 6 39 -1 0
3228 23 24 1 0
3229 13 36 1 0
3230 52 33 -1 0
3231 42 38 0 1
3232 58 19 0 1
3233 49 29 0 1
3234 3 6 0 -1
3235 87 21 0 -1
3236 59 9 1 0
3237 23 24 0 1
3238 13 18 0 -1
3239 78 15 -1 0
3240 59 16 0 -1
3241 60 6 0 -1
3242 41 33 0 1
3243 22 28 0 -1
3244 15 24 0 1
3245 39 4 0 1
3246 21 26 -1 0
3247 37 30 0 1
3248 41 26 0 1
3249 42 8 1 0
3250 27 22 0 1
3251 24 27 0 1
3252 64 21 -1 0
3253 21 1 0 1
3254 99 11 -1 0
3255 38 11 0 1
3256 71 26 0 -1
3257 24 2 0 1
3258 27 0 1 0
3259 56 38 -1 0
3260 90 30 -1 0
3261 48 37 0 -1
3262 52 33 0 1
3263 49 17 0 1
3264 17 7 -1 0
3265 44 34 0 -1
3266 5 12 -1 0
3267 29 34 0 -1
3268 2 20 0 -1
3269 65 31 1 0
3270 59 1 0 1
3271 65 20 0 -1
3272 39 26 0 1
3273 96 17 1 0
3274 6 18 0 1
3275 49 21 0 1
3276 11 26 1 0
3277 16 15 1 0
3278 9 27 0 -1
3279 91 0 0 1
3280 77 6 0 1
3281 98 36 0 -1
3282 18 11 0 -1
3283 58 19 0 -1
3284 71 19 0 1
3285 77 2 -1 0
3286 65 11 0 -1
3287 45 21 0 1
3288 12 20 0 -1
3289 8 35 0 1
3290 67 27 1 0
3291 92 37 0 1
3292 64 18 0 1
3293 40 25 -1 0
3294 35 33 -1 0
3295 45 10 1 0
3296 38 36 -1 0
3297 24 25 1 0
3298 41 9 0 1
3299 23 13 1 0
3300 10 0 0 1
3301 14 13 1 0
3302 22 0 0 1
3303 33 25 1 0
3304 67 7 0 1
3305 19 35 0 -1
3306 36 22 0 -1
3307 7 23 0 1
3308 83 13 0 1
3309 18 8 -1 0
3310 32 3 0 -1
3311 77 16 1 0
3312 69 1 -1 0
3313 5 3 1 0
3314 49 29 1 0
3315 71 5 -1 0
3316 92 33 1 0
3317 37 24 -1 0
3318 30 32 0 -1
3319 47 12 1 0
3320 81 11 -1 0
3321 75 24 0 1
3322 30 7 0 1
3323 17 31 0 1
3324 22 32 -1 0
3325 88 12 -1 0
3326 1 35 0 1
3327 45 23 0 -1
3328 12 5 1 0
3329 56 8 0 -1
3330 36 7 1 0
3331 6 5 0 1
3332 88 17 0 1
3333 46 30 1 0
3334 12 38 1 0
3335 92 9 1 0
3336 25 15 1 0
3337 80 22 -1 0
3338 3 11 0 -1
3339 90 25 0 -1
3340 43 29 1 0
3341 2 34 -1 0
3342 96 36 1 0
3343 43 31 1 0
3344 25 23 0 1
3345 42 6 0 1
3346 5 36 1 0
3347 15 28 1 0
3348 26 14 -1 0
3349 22 5 0 -1
3350 38 24 0 1
3351 39 24 1 0
3352 39 5 0 1
3353 99 29 -1 0
3354 48 36 -1 0
3355 39 21 -1 0
3356 58 28 0 1
3357 26 8 1 0
3358 8 9 -1 0
3359 11 5 0 1
3360 9 34 -1 0
3361 93 21 1 0
3362 5 28 0 -1
3363 39 1 -1 0
3364 71 20 1 0
3365 31 18 -1 0
3366 26 9 -1 0
3367 30 21 0 -1
3368 24 35 0 -1
3369 1 19 -1 0
3370 73 2 -1 0
3371 16 0 0 1
3372 16 0 1 0
3373 83 10 0 1
3374 19 10 0 -1
3375 0 25 1 0
3376 20 9 -1 0
3377 27 25 0 -1
3378 80 26 1 0
3379 41 27 -1 0
3380 80 21 0 -1
3381 18 18 0 -1
3382 27 8 0 1
3383 22 21 1 0
3384 59 0 0 -1
3385 44 26 -1 0
3386 6 29 0 -1
3387 50 38 -1 0
3388 55 34 0 -1
3389 90 31 -1 0
3390 51 12 0 1
3391 16 29 0 -1
3392 51 16 -1 0
3393 84 36 0 -1
3394 22 33 0 1
3395 59 15 -1 0
3396 3 1 1 0
3397 63 24 -1 0
3398 99 32 0 1
3399 13 20 0 1
3400 95 7 1 0
3401 98 21 0 1
3402 11 32 0 1
3403 99 21 -1 0
3404 24 35 1 0
3405 45 0 0 -1
3406 73 19 0 -1
3407 94 6 0 1
3408 60 39 0 -1
3409 86 23 0 1
3410 68 9 -1 0
3411 13 32 -1 0
3412 61 20 -1 0
3413 39 6 0 1
3414 21 18 1 0
3415 44 38 -1 0
3416 5 15 0 -1
3417 53 13 1 0
3418 5 19 -1 0
3419 87 27 -1 0
3420 13 6 1 0
3421 53 17 0 1
3422 40 29 0 -1
3423 85 7 -1 0
3424 61 1 0 -1
3425 84 30 0 1
3426 12 37 1 0
3427 72 1 0 -1
3428 25 29 -1 0
3429 71 22 1 0
3430 18 24 1 0
3431 2 9 -1 0
3432 68 5 -1 0
3433 68 14 0 -1
3434 2 12 0 -1
3435 39 38 0 -1
3436 46 29 0 1
3437 91 17 -1 0
3438 20 15 -1 0
3439 12 37 1 0
3440 40 20 -1 0
3441 66 36 1 0
3442 57 33 0 -1
3443 62 32 1 0
3444 31 34 1 0
3445 6 28 1 0
3446 45 7 1 0
3447 29 10 1 0
3448 29 23 0 1
3449 59 25 0 -1
3450 26 2 0 -1
3451 53 34 1 0
3452 6 13 0 -1
3453 43 36 0 1
3454 7 25 0 1
3455 80 3 0 -1
3456 36 38 0 -1
3457 90 12 0 1
3458 76 12 0 1
3459 92 9 0 1
3460 87 5 -1 0
3461 40 31 -1 0
3462 29 14 -1 0
3463 38 13 0 1
3464 20 1 0 1
3465 48 10 0 -1
3466 23 37 0 -1
3467 41 12 1 0
3468 14 28 0 -1
3469 27 6 1 0
3470 69 30 0 -1
3471 64 33 1 0
3472 0 20 -1 0
3473 45 15 -1 0
3474 42 5 0 -1
3475 18 33 0 -1
3476 20 13 0 1
3477 26 20 1 0
3478 25 33 -1 0
3479 88 33 -1 0
3480 95 20 0 1
3481 51 39 -1 0
3482 81 0 0 -1
3483 40 23 0 -1
3484 26 34 0 -1
3485 83 29 0 -1
3486 31 17 1 0
3487 16 25 -1 0
3488 62 21 -1 0
3489 15 6 0 -1
3490 26 20 -1 0
3491 52 4 1 0
3492 78 10 1 0
3493 8 17 0 -1
3494 5 2 -1 0
3495 42 28 0 -1
3496 1 14 0 1
3497 88 28 0 1
3498 98 31 1 0
3499 19 23 -1 0
3500 43 23 -1 0
3501 29 18 0 -1
3502 21 10 1 0
3503 3 31 1 0
3504 92 25 1 0
3505 48 20 0 1
3506 93 24 0 -1
3507 56 34 0 -1
3508 42 7 1 0
3509 26 31 1 0
3510 5 8 -1 0
3511 88 31 1 0
3512 37 7 0 1
3513 14 1 -1 0
3514 73 36 0 1
3515 88 10 1 0
3516 0 36 -1 0
3517 48 23 -1 0
3518 88 21 0 1
3519 26 39 1 0
3520 79 7 -1 0
3521 1 32 0 1
3522 81 15 0 -1
3523 10 39 0 1
3524 28 22 0 1
3525 15 36 0 1
3526 90 31 1 0
3527 44 23 0 -1
3528 9 29 1 0
3529 88 21 0 1
3530 98 12 0 1
3531 82 4 0 -1
3532 23 26 1 0
3533 10 38 1 0
3534 12 1 0 1
3535 14 4 -1 0
3536 3 38 -1 0
3537 87 0 0 1
3538 23 28 0 1
3539 59 18 -1 0
3540 91 21 1 0
3541 11 1 0 1
3542 62 14 0 1
3543 98 34 0 -1
3544 41 28 0 -1
3545 56 18 0 -1
3546 42 38 -1 0
3547 51 6 0 -1
3548 97 35 1 0
3549 96 5 -1 0
3550 56 0 0 -1
3551 79 10 0 1
3552 38 36 0 -1
3553 91 24 0 -1
3554 98 13 1 0
3555 21 10 1 0
3556 14 22 -1 0
3557 11 14 1 0
3558 93 18 0 -1
3559 38 30 0 1
3560 17 17 -1 0
3561 99 1 1 0
3562 49 27 0 1
3563 64 37 -1 0
3564 4 27 1 0
3565 19 17 0 1
3566 17 19 0 -1
3567 96 16 0 -1
3568 91 14 0 1
3569 54 10 -1 0
3570 50 8 0 1
3571 88 21 0 -1
3572 5 34 -1 0
3573 94 25 -1 0
3574 96 21 0 -1
3575 47 28 1 0
3576 99 27 0 -1
3577 45 34 0 1
3578 51 15 0 -1
3579 65 21 0 -1
3580 41 15 1 0
3581 3 10 -1 0
3582 3 11 0 1
3583 17 23 0 1
3584 40 13 -1 0
3585 27 34 1 0
3586 86 12 1 0
3587 47 35 0 -1
3588 81 31 -1 0
3589 20 29 -1 0
3590 76 33 1 0
3591 29 0 1 0
3592 26 6 0 1
3593 21 22 0 1
3594 26 15 -1 0
3595 46 10 1 0
3596 93 23 1 0
3597 83 18 0 1
3598 54 24 0 -1
3599 92 19 0 1
