0 26 8 0 -1
1 97 5 0 1
2 17 38 0 -1
3 43 26 0 1
4 20 38 1 0
5 93 9 -1 0
6 7 4 0 1
7 28 17 0 1
8 18 24 0 1
9 63 23 0 -1
10 84 4 1 0
11 22 0 0 -1
12 85 18 -1 0
13 9 28 1 0
14 58 7 -1 0
15 28 35 0 1
16 3 3 0 1
17 25 13 1 0
18 4 33 1 0
19 19 12 0 -1
20 78 9 1 0
21 19 7 1 0
22 85 12 -1 0
23 2 28 0 -1
24 96 25 0 -1
25 58 32 0 -1
26 16 4 0 -1
27 9 2 -1 0
28 0 30 -1 0
29 45 36 0 -1
30 95 8 -1 0
31 46 14 -1 0
32 10 9 1 0
33 60 37 0 1
34 8 19 -1 0
35 0 20 -1 0
36 90 18 0 -1
37 3 15 0 -1
38 46 27 1 0
39 98 2 0 -1
40 84 0 -1 0
41 16 24 0 1
42 21 19 0 -1
43 97 4 1 0
44 39 0 0 1
45 55 7 0 1
46 23 1 0 1
47 94 2 0 1
48 5 7 0 1
49 46 9 0 1
50 19 32 0 1
51 0 27 1 0
52 25 31 0 -1
53 0 30 0 -1
54 12 21 1 0
55 43 19 0 -1
56 27 25 -1 0
57 29 11 -1 0
58 9 7 0 -1
59 39 39 -1 0
60 3 29 1 0
61 10 16 0 -1
62 4 31 -1 0
63 11 32 0 -1
64 97 33 -1 0
65 81 37 -1 0
66 37 14 0 -1
67 80 33 0 -1
68 46 24 -1 0
69 18 36 -1 0
70 7 34 0 -1
71 40 36 0 1
72 24 25 -1 0
73 86 5 -1 0
74 65 34 -1 0
75 13 4 -1 0
76 36 37 0 -1
77 95 21 1 0
78 91 23 -1 0
79 50 1 0 1
80 96 2 0 1
81 12 31 0 -1
82 13 26 1 0
83 66 18 -1 0
84 91 38 0 -1
85 81 18 0 1
86 21 31 0 -1
87 61 20 -1 0
88 44 33 0 -1
89 66 31 -1 0
90 95 23 1 0
91 87 11 -1 0
92 48 37 1 0
93 91 29 0 -1
94 20 13 1 0
95 21 30 1 0
96 83 28 1 0
97 74 27 0 1
98 95 9 0 -1
99 95 13 0 -1
100 91 28 -1 0
101 64 38 -1 0
102 41 8 0 1
103 22 7 0 -1
104 43 22 0 1
105 53 14 1 0
106 21 10 -1 0
107 7 21 0 1
108 56 6 -1 0
109 92 27 0 1
110 24 34 1 0
111 17 13 1 0
112 99 4 1 0
113 24 2 -1 0
114 6 13 0 1
115 40 27 -1 0
116 12 20 0 1
117 8 17 -1 0
118 98 4 0 1
119 93 32 1 0
120 29 6 0 1
121 43 33 0 -1
122 78 6 0 1
123 4 34 0 -1
124 41 5 1 0
125 19 25 1 0
126 46 26 0 1
127 2 13 1 0
128 41 12 -1 0
129 86 12 0 1
130 66 26 1 0
131 26 26 0 -1
132 98 2 0 1
133 38 3 -1 0
134 22 12 0 1
135 6 34 0 1
136 70 15 -1 0
137 95 19 -1 0
138 66 28 0 -1
139 17 13 -1 0
140 51 36 0 -1
141 30 8 -1 0
142 4 20 -1 0
143 82 29 1 0
144 16 38 0 -1
145 40 32 -1 0
146 47 24 0 1
147 98 12 0 -1
148 53 2 -1 0
149 40 30 0 -1
150 40 12 -1 0
151 4 34 0 -1
152 26 37 1 0
153 49 5 -1 0
154 60 5 -1 0
155 8 17 0 -1
156 42 9 1 0
157 19 15 1 0
158 43 27 0 1
159 63 23 -1 0
160 94 11 0 1
161 82 2 1 0
162 29 17 0 1
163 82 21 0 -1
164 10 22 0 1
165 21 21 1 0
166 97 26 0 -1
167 54 3 1 0
168 43 28 -1 0
169 26 27 1 0
170 19 22 0 -1
171 27 27 0 1
172 5 30 0 1
173 84 21 0 -1
174 46 16 0 -1
175 49 36 -1 0
176 19 27 1 0
177 30 33 0 1
178 0 1 0 1
179 42 3 0 1
180 10 37 0 1
181 93 37 0 1
182 4 29 0 1
183 49 38 -1 0
184 47 34 0 1
185 47 13 0 -1
186 47 29 1 0
187 93 2 0 1
188 82 18 -1 0
189 15 30 0 -1
190 46 11 1 0
191 5 28 0 1
192 21 9 0 1
193 41 38 1 0
194 22 32 0 1
195 99 12 0 1
196 42 36 0 -1
197 43 25 1 0
198 59 1 -1 0
199 30 6 0 -1
200 46 17 0 1
201 10 19 1 0
202 22 18 0 -1
203 8 3 0 -1
204 22 10 0 1
205 58 18 1 0
206 24 29 1 0
207 25 22 0 1
208 86 16 0 -1
209 20 8 1 0
210 19 30 0 1
211 11 4 1 0
212 82 8 1 0
213 19 36 -1 0
214 17 36 0 1
215 90 21 0 -1
216 8 2 0 -1
217 78 35 1 0
218 75 4 0 1
219 51 28 1 0
220 46 37 0 1
221 99 7 0 -1
222 97 9 0 1
223 39 22 0 -1
224 11 19 1 0
225 26 24 0 -1
226 41 24 -1 0
227 88 10 0 1
228 32 36 -1 0
229 0 12 1 0
230 44 20 0 1
231 75 11 0 1
232 10 15 1 0
233 22 16 1 0
234 24 8 0 -1
235 2 18 0 -1
236 75 27 0 -1
237 90 36 0 -1
238 40 26 1 0
239 99 31 0 1
240 53 21 1 0
241 88 33 1 0
242 95 8 -1 0
243 23 30 0 -1
244 42 37 1 0
245 20 21 -1 0
246 20 38 0 1
247 69 8 0 1
248 42 15 0 -1
249 71 7 -1 0
250 93 5 0 1
251 18 36 1 0
252 17 27 0 -1
253 17 12 0 1
254 97 18 1 0
255 26 10 -1 0
256 12 33 0 1
257 6 31 0 1
258 9 12 0 1
259 50 17 0 -1
260 49 31 0 1
261 14 2 1 0
262 5 19 1 0
263 45 30 -1 0
264 73 31 1 0
265 6 5 1 0
266 51 7 0 1
267 84 39 0 1
268 1 35 -1 0
269 57 23 -1 0
270 79 14 0 1
271 94 12 1 0
272 22 22 -1 0
273 40 12 0 1
274 51 13 0 1
275 54 11 1 0
276 45 25 -1 0
277 35 18 -1 0
278 46 19 1 0
279 13 22 -1 0
280 14 24 1 0
281 84 27 1 0
282 50 33 -1 0
283 62 22 0 -1
284 23 13 0 1
285 90 23 -1 0
286 94 7 0 1
287 38 7 1 0
288 25 23 1 0
289 15 25 -1 0
290 49 11 1 0
291 96 6 1 0
292 84 18 0 -1
293 38 10 -1 0
294 23 10 1 0
295 72 33 0 1
296 77 23 0 -1
297 9 37 -1 0
298 37 13 1 0
299 15 34 0 -1
300 93 32 0 1
301 28 25 0 1
302 91 21 1 0
303 93 33 0 -1
304 64 17 -1 0
305 17 28 -1 0
306 21 33 -1 0
307 0 38 -1 0
308 49 12 1 0
309 26 29 0 -1
310 55 12 -1 0
311 90 23 -1 0
312 34 36 -1 0
313 62 38 0 -1
314 40 8 0 1
315 14 18 0 -1
316 23 28 -1 0
317 8 33 -1 0
318 27 15 -1 0
319 1 6 0 -1
320 38 22 0 1
321 4 0 -1 0
322 30 29 -1 0
323 46 8 0 -1
324 14 33 0 -1
325 9 18 -1 0
326 29 12 -1 0
327 3 9 1 0
328 93 14 1 0
329 42 2 0 -1
330 22 8 0 1
331 93 4 0 -1
332 65 5 0 1
333 25 10 1 0
334 87 12 0 -1
335 59 11 1 0
336 93 31 0 -1
337 48 34 0 1
338 71 12 0 1
339 90 21 -1 0
340 70 4 1 0
341 10 31 -1 0
342 3 38 0 1
343 88 38 0 1
344 85 7 1 0
345 42 5 1 0
346 21 39 0 -1
347 48 5 0 1
348 31 26 -1 0
349 10 37 1 0
350 45 29 1 0
351 13 18 0 1
352 38 37 0 1
353 20 26 0 1
354 74 12 -1 0
355 40 26 0 1
356 11 7 0 1
357 43 12 -1 0
358 39 17 1 0
359 59 7 0 -1
360 21 9 0 -1
361 30 33 1 0
362 69 29 1 0
363 42 13 -1 0
364 20 28 1 0
365 10 35 0 1
366 43 38 -1 0
367 45 37 0 1
368 8 27 0 1
369 66 21 0 1
370 15 18 0 1
371 32 33 0 -1
372 58 8 0 -1
373 49 2 1 0
374 51 33 0 -1
375 44 8 -1 0
376 20 33 1 0
377 38 39 -1 0
378 38 15 0 -1
379 41 18 1 0
380 51 30 0 1
381 58 22 -1 0
382 42 6 0 1
383 57 10 1 0
384 71 38 0 -1
385 7 28 0 1
386 22 36 0 1
387 11 29 0 1
388 83 7 0 -1
389 95 12 0 1
390 24 27 -1 0
391 3 28 0 1
392 21 39 0 -1
393 76 23 0 1
394 27 35 0 -1
395 16 12 0 1
396 14 8 0 1
397 78 19 0 1
398 28 20 0 -1
399 90 35 0 1
400 1 30 -1 0
401 24 33 -1 0
402 55 12 0 -1
403 44 38 1 0
404 22 30 0 1
405 80 14 1 0
406 45 28 0 -1
407 58 3 -1 0
408 24 17 1 0
409 85 29 -1 0
410 11 36 1 0
411 44 31 0 -1
412 98 31 0 1
413 46 0 0 -1
414 87 38 0 -1
415 15 15 0 1
416 88 20 0 1
417 25 29 -1 0
418 47 32 1 0
419 82 6 1 0
420 49 28 1 0
421 60 39 -1 0
422 68 15 0 -1
423 75 6 1 0
424 90 20 0 -1
425 13 31 0 -1
426 0 35 -1 0
427 96 36 -1 0
428 51 21 -1 0
429 43 6 -1 0
430 24 7 0 -1
431 83 34 -1 0
432 53 6 1 0
433 1 13 -1 0
434 7 21 -1 0
435 45 39 0 -1
436 41 1 0 -1
437 56 9 0 1
438 97 29 1 0
439 81 1 0 -1
440 93 20 -1 0
441 83 36 0 1
442 20 15 0 -1
443 1 18 0 -1
444 28 22 0 1
445 81 38 1 0
446 14 34 1 0
447 19 10 -1 0
448 20 15 0 -1
449 78 8 -1 0
450 45 29 0 -1
451 5 12 0 1
452 96 17 0 1
453 5 36 1 0
454 22 14 1 0
455 53 4 -1 0
456 7 23 1 0
457 51 15 0 -1
458 70 28 0 1
459 94 15 0 1
460 25 8 0 1
461 77 36 0 -1
462 69 6 1 0
463 43 27 0 -1
464 89 18 0 1
465 91 15 0 1
466 64 10 0 -1
467 66 8 0 -1
468 61 20 -1 0
469 43 38 -1 0
470 95 3 0 1
471 93 39 -1 0
472 29 0 0 1
473 63 1 -1 0
474 78 37 0 1
475 4 15 1 0
476 19 11 0 -1
477 51 20 0 1
478 23 6 1 0
479 33 6 1 0
480 39 29 -1 0
481 86 22 -1 0
482 40 27 -1 0
483 84 10 1 0
484 16 29 0 1
485 11 32 -1 0
486 18 22 -1 0
487 52 30 1 0
488 22 21 0 1
489 77 21 -1 0
490 17 6 -1 0
491 77 34 0 1
492 23 13 0 -1
493 49 36 1 0
494 74 11 0 1
495 69 9 -1 0
496 78 29 -1 0
497 11 20 -1 0
498 67 11 0 1
499 14 3 -1 0
500 90 2 -1 0
501 31 0 -1 0
502 43 6 0 -1
503 5 37 0 1
504 30 26 -1 0
505 88 38 0 -1
506 66 11 -1 0
507 48 34 0 -1
508 48 8 0 1
509 16 26 -1 0
510 85 28 -1 0
511 21 12 0 -1
512 9 30 0 1
513 24 37 0 1
514 53 20 -1 0
515 44 2 1 0
516 49 8 0 -1
517 57 4 0 -1
518 50 33 0 -1
519 46 34 0 1
520 14 11 1 0
521 60 33 -1 0
522 25 15 -1 0
523 1 28 1 0
524 92 26 0 1
525 1 24 0 1
526 6 1 1 0
527 82 30 1 0
528 56 17 0 1
529 17 7 0 1
530 4 6 0 -1
531 59 37 1 0
532 96 2 1 0
533 6 34 -1 0
534 99 30 0 -1
535 27 33 1 0
536 92 25 1 0
537 43 19 0 1
538 6 29 -1 0
539 84 3 0 -1
540 27 31 1 0
541 47 39 0 1
542 43 37 0 1
543 38 12 -1 0
544 45 30 0 -1
545 46 39 -1 0
546 64 31 0 -1
547 14 25 0 -1
548 30 11 0 1
549 66 14 0 1
550 86 15 -1 0
551 42 24 0 1
552 92 17 0 1
553 37 39 1 0
554 15 11 1 0
555 1 26 0 -1
556 47 25 0 -1
557 61 6 0 -1
558 28 33 1 0
559 48 22 0 -1
560 12 38 0 1
561 22 33 0 1
562 41 35 1 0
563 17 12 -1 0
564 57 15 1 0
565 40 31 0 -1
566 11 37 0 -1
567 0 28 1 0
568 81 39 -1 0
569 10 6 0 1
570 85 29 0 -1
571 98 25 0 -1
572 40 35 0 -1
573 52 32 0 -1
574 95 16 -1 0
575 82 2 0 -1
576 58 2 0 1
577 51 1 0 1
578 98 5 1 0
579 22 35 0 -1
580 85 7 -1 0
581 50 13 0 -1
582 24 30 1 0
583 48 9 1 0
584 71 31 1 0
585 13 27 0 1
586 98 0 1 0
587 45 0 0 1
588 97 2 -1 0
589 50 0 0 -1
590 44 8 -1 0
591 18 37 1 0
592 17 4 0 1
593 28 37 0 1
594 48 38 0 1
595 23 3 0 1
596 45 25 -1 0
597 24 27 -1 0
598 85 38 0 -1
599 38 23 0 1
600 24 32 -1 0
601 1 29 0 -1
602 19 36 -1 0
603 58 39 0 1
604 22 38 0 -1
605 13 2 0 -1
606 30 22 0 -1
607 42 33 -1 0
608 70 28 0 -1
609 26 18 0 1
610 88 26 1 0
611 28 31 -1 0
612 53 4 0 -1
613 44 35 -1 0
614 43 25 -1 0
615 54 14 0 1
616 64 26 1 0
617 88 2 0 1
618 91 22 0 1
619 20 5 0 1
620 78 3 0 1
621 63 14 0 -1
622 22 9 1 0
623 81 32 0 1
624 7 18 -1 0
625 70 32 0 1
626 98 32 -1 0
627 99 3 0 1
628 2 9 0 1
629 50 35 -1 0
630 87 1 0 -1
631 31 13 0 1
632 72 37 0 -1
633 65 34 1 0
634 19 29 0 1
635 78 6 -1 0
636 59 16 -1 0
637 62 28 0 -1
638 22 25 0 1
639 37 18 0 -1
640 99 35 1 0
641 94 3 0 1
642 36 13 1 0
643 97 13 0 -1
644 25 18 0 -1
645 40 4 1 0
646 94 39 -1 0
647 55 29 0 1
648 89 39 0 -1
649 39 30 0 1
650 39 4 0 -1
651 34 14 0 1
652 29 33 0 1
653 71 1 -1 0
654 24 8 1 0
655 52 33 1 0
656 40 2 -1 0
657 63 9 -1 0
658 16 25 0 -1
659 22 13 0 1
660 18 31 1 0
661 86 1 -1 0
662 29 34 0 -1
663 96 39 -1 0
664 12 8 0 1
665 80 32 -1 0
666 14 35 -1 0
667 3 25 0 1
668 85 30 1 0
669 80 0 -1 0
670 79 28 -1 0
671 81 29 0 -1
672 27 34 1 0
673 15 18 1 0
674 64 8 0 1
675 22 38 1 0
676 5 9 0 -1
677 25 3 -1 0
678 15 31 1 0
679 59 2 0 -1
680 47 23 0 -1
681 93 36 0 1
682 38 32 0 -1
683 84 19 0 1
684 41 39 0 1
685 86 21 1 0
686 45 22 -1 0
687 53 16 0 -1
688 39 5 0 1
689 64 22 0 -1
690 25 38 0 -1
691 8 18 0 -1
692 23 0 1 0
693 23 10 0 1
694 90 8 0 -1
695 51 7 -1 0
696 10 39 0 1
697 75 39 0 -1
698 52 18 0 -1
699 37 7 -1 0
700 67 32 0 1
701 27 21 -1 0
702 83 17 -1 0
703 72 35 -1 0
704 43 31 -1 0
705 89 9 1 0
706 84 30 -1 0
707 46 11 -1 0
708 8 9 0 -1
709 44 29 1 0
710 21 35 -1 0
711 21 32 0 -1
712 74 36 0 1
713 11 15 0 1
714 61 39 -1 0
715 29 9 1 0
716 12 38 0 1
717 92 29 1 0
718 8 19 0 1
719 99 31 -1 0
720 77 0 1 0
721 93 0 0 1
722 51 20 -1 0
723 8 37 0 -1
724 95 32 1 0
725 76 34 0 -1
726 72 21 0 -1
727 30 14 0 -1
728 40 35 -1 0
729 62 12 -1 0
730 22 15 1 0
731 64 23 0 -1
732 10 7 1 0
733 96 20 -1 0
734 44 1 -1 0
735 41 33 0 -1
736 98 13 0 1
737 93 38 -1 0
738 44 21 1 0
739 61 7 1 0
740 25 14 1 0
741 94 26 0 -1
742 19 18 0 1
743 89 32 0 -1
744 98 37 1 0
745 9 19 -1 0
746 27 28 -1 0
747 93 12 0 1
748 35 5 1 0
749 40 14 1 0
750 55 24 0 1
751 40 23 0 -1
752 72 9 1 0
753 26 39 -1 0
754 92 9 1 0
755 7 35 1 0
756 20 10 1 0
757 21 27 0 1
758 18 2 -1 0
759 97 29 1 0
760 80 1 0 -1
761 13 7 -1 0
762 17 7 0 -1
763 25 20 -1 0
764 35 12 -1 0
765 61 22 1 0
766 47 5 1 0
767 70 35 1 0
768 84 14 0 1
769 51 11 1 0
770 94 29 1 0
771 0 3 1 0
772 18 26 0 1
773 41 36 1 0
774 29 10 1 0
775 3 4 0 -1
776 4 15 0 -1
777 2 21 0 1
778 19 0 0 1
779 46 38 -1 0
780 4 28 0 1
781 27 2 -1 0
782 38 18 0 -1
783 20 18 0 -1
784 89 17 1 0
785 21 30 0 -1
786 82 31 0 -1
787 11 5 1 0
788 15 9 1 0
789 24 26 0 1
790 20 27 0 -1
791 55 31 -1 0
792 94 36 0 -1
793 81 1 0 1
794 45 38 0 -1
795 18 31 0 -1
796 18 28 0 1
797 93 3 0 -1
798 36 12 -1 0
799 73 22 -1 0
800 65 8 -1 0
801 81 32 -1 0
802 13 3 1 0
803 5 3 0 -1
804 82 18 -1 0
805 40 28 0 1
806 78 39 -1 0
807 7 33 1 0
808 4 25 0 -1
809 3 29 -1 0
810 23 28 0 1
811 8 11 0 1
812 24 28 0 -1
813 13 5 0 -1
814 40 11 0 1
815 93 24 0 -1
816 37 0 -1 0
817 79 34 -1 0
818 93 30 -1 0
819 56 22 -1 0
820 61 21 1 0
821 12 14 0 -1
822 46 31 1 0
823 44 13 0 1
824 7 11 0 -1
825 95 36 -1 0
826 57 5 1 0
827 2 18 -1 0
828 27 29 0 1
829 89 34 0 1
830 44 25 0 1
831 43 8 1 0
832 11 14 -1 0
833 9 37 0 -1
834 89 37 1 0
835 42 24 -1 0
836 35 15 0 1
837 41 19 -1 0
838 28 21 0 -1
839 0 39 1 0
840 3 38 -1 0
841 81 11 -1 0
842 25 33 0 1
843 13 32 0 1
844 27 15 0 1
845 12 25 1 0
846 12 4 1 0
847 16 3 0 1
848 54 18 0 -1
849 45 31 1 0
850 0 36 0 -1
851 50 38 0 1
852 83 32 0 -1
853 91 13 0 1
854 20 10 0 -1
855 1 36 1 0
856 79 19 0 -1
857 6 11 1 0
858 57 22 0 -1
859 16 11 -1 0
860 9 16 -1 0
861 50 37 -1 0
862 29 39 0 1
863 1 24 1 0
864 8 5 0 1
865 80 5 0 -1
866 56 27 0 -1
867 23 32 -1 0
868 28 11 -1 0
869 5 29 -1 0
870 46 12 -1 0
871 43 13 0 1
872 44 23 0 -1
873 96 14 0 -1
874 40 21 0 -1
875 97 8 0 1
876 31 4 0 -1
877 86 23 0 -1
878 60 26 -1 0
879 46 29 0 1
880 44 10 0 1
881 9 39 1 0
882 17 1 0 1
883 4 26 0 1
884 19 0 1 0
885 45 27 0 1
886 7 13 0 1
887 18 20 0 -1
888 53 37 0 1
889 52 21 1 0
890 28 9 0 1
891 90 30 0 -1
892 0 36 0 -1
893 18 34 1 0
894 87 18 1 0
895 84 38 -1 0
896 46 15 0 1
897 23 27 1 0
898 53 15 -1 0
899 14 35 0 1
900 20 39 0 -1
901 53 30 -1 0
902 96 7 0 -1
903 15 25 -1 0
904 45 39 1 0
905 10 14 0 1
906 17 35 0 1
907 46 22 0 1
908 78 20 1 0
909 25 14 -1 0
910 17 18 1 0
911 29 10 0 -1
912 80 33 0 -1
913 10 39 0 1
914 6 36 0 -1
915 85 28 -1 0
916 25 4 0 -1
917 30 31 0 1
918 19 27 0 1
919 37 2 -1 0
920 4 29 0 1
921 21 19 1 0
922 46 18 0 -1
923 50 13 0 1
924 23 5 1 0
925 85 24 -1 0
926 38 24 -1 0
927 92 1 1 0
928 15 39 -1 0
929 53 7 0 1
930 14 0 1 0
931 86 32 0 1
932 57 23 -1 0
933 28 30 0 -1
934 45 27 0 1
935 26 20 1 0
936 69 27 0 -1
937 23 17 -1 0
938 49 31 0 -1
939 36 7 0 -1
940 26 20 0 -1
941 29 35 -1 0
942 17 23 0 1
943 45 11 0 -1
944 50 6 0 -1
945 24 35 0 -1
946 95 1 -1 0
947 12 25 1 0
948 49 8 -1 0
949 20 17 1 0
950 29 8 0 1
951 21 5 -1 0
952 84 27 0 1
953 39 29 -1 0
954 98 13 0 -1
955 38 5 1 0
956 21 15 -1 0
957 44 17 -1 0
958 76 39 0 -1
959 9 24 0 1
960 0 29 0 1
961 46 38 0 1
962 38 28 1 0
963 24 29 -1 0
964 98 16 1 0
965 45 29 0 -1
966 14 10 1 0
967 42 3 0 1
968 19 31 -1 0
969 88 38 0 -1
970 96 23 0 1
971 28 32 1 0
972 76 13 0 1
973 88 17 0 -1
974 26 2 0 -1
975 92 23 1 0
976 16 30 -1 0
977 74 28 -1 0
978 20 31 -1 0
979 19 5 1 0
980 12 5 -1 0
981 79 0 0 -1
982 1 37 0 1
983 52 4 -1 0
984 85 33 -1 0
985 19 26 0 1
986 75 11 0 1
987 49 11 -1 0
988 17 27 1 0
989 90 9 1 0
990 39 31 0 -1
991 95 29 0 1
992 3 7 0 -1
993 7 30 0 -1
994 17 19 0 1
995 46 10 0 -1
996 41 8 -1 0
997 4 2 1 0
998 81 12 -1 0
999 0 38 1 0
1000 82 32 1 0
1001 52 39 -1 0
1002 39 28 0 -1
1003 3 6 0 -1
1004 42 35 -1 0
1005 95 2 -1 0
1006 65 36 0 1
1007 81 35 0 1
1008 25 14 1 0
1009 95 38 1 0
1010 44 26 0 -1
1011 2 18 0 -1
1012 48 33 1 0
1013 24 22 0 1
1014 43 27 -1 0
1015 41 31 0 1
1016 19 37 1 0
1017 99 33 1 0
1018 26 3 0 1
1019 42 0 -1 0
1020 17 39 0 1
1021 92 23 0 -1
1022 12 37 0 1
1023 0 10 0 1
1024 43 7 0 1
1025 58 13 0 -1
1026 16 34 0 1
1027 6 25 1 0
1028 40 20 0 -1
1029 56 11 0 1
1030 20 31 0 -1
1031 22 23 1 0
1032 3 15 0 1
1033 77 29 -1 0
1034 61 22 1 0
1035 74 28 -1 0
1036 22 24 1 0
1037 61 29 1 0
1038 12 28 -1 0
1039 14 30 1 0
1040 90 23 0 1
1041 23 19 0 1
1042 94 7 0 -1
1043 40 18 1 0
1044 91 27 0 1
1045 46 39 0 -1
1046 89 39 -1 0
1047 61 22 0 1
1048 0 2 1 0
1049 8 38 0 -1
1050 92 28 0 1
1051 19 23 1 0
1052 64 11 -1 0
1053 13 7 0 -1
1054 71 15 0 1
1055 46 30 0 -1
1056 51 10 0 1
1057 92 8 0 -1
1058 16 9 0 -1
1059 81 28 1 0
1060 78 7 0 1
1061 20 13 1 0
1062 89 28 0 -1
1063 51 18 0 -1
1064 20 14 -1 0
1065 56 20 -1 0
1066 82 39 0 1
1067 17 12 0 -1
1068 22 1 0 -1
1069 22 5 1 0
1070 95 7 0 1
1071 25 27 0 1
1072 72 6 -1 0
1073 38 9 0 1
1074 1 27 1 0
1075 95 14 1 0
1076 37 37 0 1
1077 21 28 1 0
1078 55 25 1 0
1079 37 29 0 1
1080 72 33 0 -1
1081 13 34 0 -1
1082 97 21 0 -1
1083 16 23 0 -1
1084 49 14 1 0
1085 24 37 0 1
1086 18 27 -1 0
1087 44 15 1 0
1088 23 19 -1 0
1089 56 31 0 1
1090 95 30 -1 0
1091 53 36 0 -1
1092 45 13 1 0
1093 26 21 0 -1
1094 55 17 1 0
1095 85 0 0 -1
1096 8 14 0 -1
1097 94 20 0 -1
1098 67 0 0 -1
1099 17 17 1 0
1100 14 32 0 1
1101 3 9 1 0
1102 7 5 0 -1
1103 42 12 1 0
1104 38 34 1 0
1105 54 39 0 1
1106 77 23 1 0
1107 38 8 -1 0
1108 70 35 0 1
1109 89 33 0 -1
1110 47 32 0 1
1111 18 28 0 1
1112 49 6 1 0
1113 99 3 -1 0
1114 28 30 0 1
1115 51 37 0 -1
1116 16 7 -1 0
1117 93 24 0 1
1118 19 22 0 1
1119 27 17 1 0
1120 27 18 -1 0
1121 93 18 1 0
1122 82 17 0 1
1123 49 20 -1 0
1124 81 37 -1 0
1125 83 21 1 0
1126 27 34 1 0
1127 22 31 1 0
1128 3 0 -1 0
1129 22 14 1 0
1130 7 37 0 1
1131 16 13 0 -1
1132 42 19 -1 0
1133 6 2 0 -1
1134 16 35 -1 0
1135 11 36 -1 0
1136 81 22 0 -1
1137 11 14 0 1
1138 60 32 0 -1
1139 11 2 0 -1
1140 27 25 0 1
1141 25 39 0 1
1142 15 38 0 -1
1143 66 2 0 1
1144 17 29 0 1
1145 65 1 0 1
1146 48 39 -1 0
1147 66 32 0 1
1148 13 20 1 0
1149 85 38 -1 0
1150 17 24 0 1
1151 84 5 0 1
1152 18 11 0 -1
1153 98 5 0 1
1154 45 4 1 0
1155 24 14 0 1
1156 15 37 1 0
1157 12 14 0 -1
1158 31 7 0 -1
1159 56 29 -1 0
1160 53 1 0 -1
1161 85 1 0 1
1162 27 37 0 -1
1163 72 10 0 1
1164 49 8 0 1
1165 31 9 1 0
1166 83 25 0 1
1167 63 8 0 1
1168 16 11 -1 0
1169 96 12 1 0
1170 88 4 0 -1
1171 43 5 0 1
1172 43 32 1 0
1173 7 14 0 1
1174 17 4 1 0
1175 44 10 -1 0
1176 25 38 -1 0
1177 37 33 0 1
1178 23 22 0 1
1179 12 17 -1 0
1180 84 13 0 1
1181 10 38 -1 0
1182 23 33 1 0
1183 69 12 0 1
1184 22 7 1 0
1185 45 18 0 1
1186 47 24 -1 0
1187 48 17 1 0
1188 5 31 0 1
1189 25 36 0 1
1190 92 23 -1 0
1191 1 18 0 -1
1192 12 18 0 1
1193 23 27 0 1
1194 74 32 0 1
1195 19 10 1 0
1196 51 38 -1 0
1197 79 39 0 1
1198 25 23 0 -1
1199 10 18 -1 0
1200 72 32 0 1
1201 4 34 1 0
1202 22 6 1 0
1203 56 1 0 1
1204 44 0 -1 0
1205 89 3 -1 0
1206 13 38 1 0
1207 28 39 0 1
1208 55 31 1 0
1209 94 38 1 0
1210 66 0 0 -1
1211 5 27 0 -1
1212 44 6 -1 0
1213 9 16 0 1
1214 22 20 0 1
1215 40 9 -1 0
1216 43 34 1 0
1217 54 16 1 0
1218 25 18 1 0
1219 29 0 0 -1
1220 81 18 0 1
1221 2 4 -1 0
1222 74 5 0 1
1223 94 15 -1 0
1224 9 23 1 0
1225 99 33 0 -1
1226 20 23 0 -1
1227 10 31 0 1
1228 56 32 0 -1
1229 40 24 -1 0
1230 47 15 0 1
1231 67 8 1 0
1232 28 30 1 0
1233 16 37 1 0
1234 17 6 -1 0
1235 57 36 -1 0
1236 10 0 1 0
1237 43 29 0 1
1238 19 24 0 1
1239 73 7 -1 0
1240 53 21 -1 0
1241 45 31 -1 0
1242 52 15 -1 0
1243 49 38 1 0
1244 92 26 1 0
1245 84 11 -1 0
1246 79 39 0 -1
1247 98 25 0 -1
1248 59 0 0 -1
1249 27 6 0 -1
1250 39 12 0 1
1251 62 14 1 0
1252 10 22 0 -1
1253 70 10 0 -1
1254 73 29 1 0
1255 42 10 0 -1
1256 45 38 1 0
1257 90 36 1 0
1258 15 12 0 -1
1259 25 33 0 1
1260 25 5 0 1
1261 46 31 0 1
1262 89 14 0 -1
1263 28 8 0 -1
1264 49 3 -1 0
1265 0 18 0 1
1266 86 35 1 0
1267 22 13 0 1
1268 30 11 1 0
1269 45 7 0 1
1270 92 9 1 0
1271 99 38 -1 0
1272 12 0 0 1
1273 49 15 1 0
1274 20 37 0 -1
1275 7 22 0 -1
1276 7 9 1 0
1277 95 9 -1 0
1278 1 34 0 -1
1279 80 5 0 -1
1280 52 39 0 -1
1281 58 34 0 -1
1282 19 17 1 0
1283 97 25 0 -1
1284 46 10 -1 0
1285 26 15 1 0
1286 52 38 1 0
1287 12 24 -1 0
1288 25 5 0 1
1289 45 20 0 -1
1290 39 6 1 0
1291 8 32 0 1
1292 35 28 1 0
1293 52 24 1 0
1294 20 11 0 1
1295 29 34 0 -1
1296 27 24 -1 0
1297 49 16 1 0
1298 61 15 -1 0
1299 22 11 1 0
1300 84 20 -1 0
1301 77 37 0 1
1302 67 23 -1 0
1303 72 6 1 0
1304 15 11 -1 0
1305 0 6 0 -1
1306 42 1 -1 0
1307 45 18 0 1
1308 1 9 1 0
1309 10 22 1 0
1310 41 20 -1 0
1311 54 16 0 -1
1312 44 15 1 0
1313 25 20 -1 0
1314 24 32 0 -1
1315 22 1 0 1
1316 20 8 0 1
1317 80 29 0 -1
1318 56 29 -1 0
1319 83 8 -1 0
1320 54 39 0 -1
1321 20 4 1 0
1322 29 15 0 1
1323 38 38 0 1
1324 76 25 0 -1
1325 12 34 0 -1
1326 5 23 -1 0
1327 24 10 0 -1
1328 27 32 0 -1
1329 19 17 0 1
1330 84 10 0 -1
1331 98 2 1 0
1332 96 31 -1 0
1333 40 0 1 0
1334 46 32 0 1
1335 20 14 -1 0
1336 18 18 0 1
1337 56 23 1 0
1338 97 20 1 0
1339 13 14 -1 0
1340 77 1 -1 0
1341 39 32 0 1
1342 38 2 0 -1
1343 71 1 1 0
1344 71 16 1 0
1345 9 26 -1 0
1346 39 20 0 1
1347 31 33 -1 0
1348 55 31 0 -1
1349 15 18 0 1
1350 6 26 -1 0
1351 31 28 0 1
1352 26 39 -1 0
1353 40 25 0 1
1354 69 30 -1 0
1355 50 36 1 0
1356 43 33 1 0
1357 43 20 0 1
1358 51 15 1 0
1359 24 7 1 0
1360 41 23 1 0
1361 91 28 1 0
1362 57 28 1 0
1363 32 7 -1 0
1364 82 34 1 0
1365 93 17 1 0
1366 17 32 0 -1
1367 43 34 0 1
1368 45 10 0 1
1369 84 29 0 -1
1370 95 4 0 -1
1371 81 5 -1 0
1372 24 16 0 1
1373 77 7 0 -1
1374 0 15 0 -1
1375 51 9 0 1
1376 92 32 -1 0
1377 79 34 0 -1
1378 95 34 1 0
1379 93 26 1 0
1380 97 38 1 0
1381 23 33 0 -1
1382 37 11 0 -1
1383 22 3 -1 0
1384 29 23 0 -1
1385 22 2 -1 0
1386 95 9 -1 0
1387 53 7 0 -1
1388 2 26 0 1
1389 59 32 1 0
1390 45 35 0 1
1391 42 24 -1 0
1392 18 29 0 -1
1393 82 33 1 0
1394 12 4 0 -1
1395 83 39 0 1
1396 83 3 0 1
1397 14 16 0 1
1398 21 38 0 -1
1399 54 10 1 0
1400 35 5 -1 0
1401 42 15 -1 0
1402 93 27 1 0
1403 28 32 -1 0
1404 66 35 0 -1
1405 23 13 1 0
1406 3 34 -1 0
1407 44 19 0 -1
1408 74 19 1 0
1409 6 30 1 0
1410 62 35 1 0
1411 19 33 0 -1
1412 39 38 1 0
1413 40 15 1 0
1414 80 13 0 1
1415 9 10 1 0
1416 28 24 1 0
1417 94 20 1 0
1418 54 33 -1 0
1419 15 4 0 1
1420 9 26 0 1
1421 21 28 0 -1
1422 52 27 -1 0
1423 27 36 1 0
1424 22 34 1 0
1425 74 32 0 -1
1426 37 7 -1 0
1427 36 34 0 -1
1428 74 24 0 1
1429 62 26 0 1
1430 96 19 0 1
1431 80 12 0 1
1432 46 23 1 0
1433 57 34 1 0
1434 22 28 0 1
1435 43 10 0 1
1436 29 8 0 1
1437 12 30 -1 0
1438 58 25 1 0
1439 17 16 -1 0
1440 66 33 1 0
1441 90 16 -1 0
1442 62 36 1 0
1443 6 4 0 -1
1444 21 6 0 -1
1445 75 16 1 0
1446 20 33 0 1
1447 45 7 1 0
1448 91 3 0 -1
1449 13 0 1 0
1450 56 13 0 1
1451 70 14 -1 0
1452 69 5 1 0
1453 1 2 -1 0
1454 78 39 0 -1
1455 65 1 1 0
1456 23 35 0 1
1457 70 31 -1 0
1458 11 28 1 0
1459 44 5 -1 0
1460 70 4 0 1
1461 26 1 1 0
1462 1 0 -1 0
1463 93 34 0 1
1464 27 39 1 0
1465 24 33 0 1
1466 39 1 1 0
1467 38 39 0 -1
1468 98 1 0 1
1469 43 16 -1 0
1470 13 15 -1 0
1471 24 34 0 -1
1472 50 12 0 1
1473 37 13 1 0
1474 38 36 0 1
1475 24 38 -1 0
1476 44 0 0 -1
1477 22 2 0 1
1478 24 11 1 0
1479 72 22 0 1
1480 51 29 0 1
1481 40 25 0 -1
1482 52 31 -1 0
1483 72 27 0 -1
1484 45 17 0 1
1485 0 35 0 1
1486 64 0 0 -1
1487 37 6 1 0
1488 19 28 1 0
1489 63 2 0 1
1490 41 21 0 -1
1491 17 32 1 0
1492 78 18 -1 0
1493 20 22 0 -1
1494 55 1 0 1
1495 63 23 -1 0
1496 44 16 -1 0
1497 18 15 -1 0
1498 10 37 0 -1
1499 83 31 -1 0
1500 74 39 1 0
1501 63 32 1 0
1502 23 9 1 0
1503 2 19 0 -1
1504 24 23 -1 0
1505 10 6 0 -1
1506 89 25 0 -1
1507 7 4 0 1
1508 7 7 -1 0
1509 79 20 0 -1
1510 83 15 -1 0
1511 83 12 0 -1
1512 42 38 1 0
1513 11 26 1 0
1514 27 37 -1 0
1515 39 18 -1 0
1516 75 9 0 1
1517 39 3 1 0
1518 43 9 0 1
1519 6 7 0 -1
1520 42 20 0 1
1521 8 33 1 0
1522 93 11 -1 0
1523 60 39 -1 0
1524 94 19 1 0
1525 67 17 0 -1
1526 26 0 1 0
1527 79 16 -1 0
1528 15 38 0 1
1529 88 31 0 1
1530 82 1 0 1
1531 75 10 -1 0
1532 24 30 -1 0
1533 20 26 0 1
1534 28 36 0 -1
1535 72 11 -1 0
1536 13 3 1 0
1537 18 17 0 1
1538 95 11 0 1
1539 3 3 0 -1
1540 23 27 0 1
1541 90 0 1 0
1542 48 11 -1 0
1543 20 36 0 1
1544 39 7 -1 0
1545 9 19 0 -1
1546 59 38 -1 0
1547 37 27 0 1
1548 41 14 0 1
1549 22 37 0 1
1550 22 15 0 -1
1551 49 0 1 0
1552 95 23 0 1
1553 75 9 1 0
1554 48 29 0 -1
1555 22 2 0 -1
1556 23 17 0 1
1557 64 13 0 -1
1558 18 10 0 1
1559 47 26 -1 0
1560 20 0 1 0
1561 41 33 -1 0
1562 74 4 -1 0
1563 20 4 0 -1
1564 66 8 -1 0
1565 48 8 0 -1
1566 73 24 -1 0
1567 52 28 -1 0
1568 45 24 1 0
1569 2 24 0 -1
1570 3 5 0 1
1571 18 30 0 -1
1572 16 1 1 0
1573 24 0 0 1
1574 14 13 0 -1
1575 22 27 -1 0
1576 38 28 1 0
1577 72 13 -1 0
1578 18 37 0 -1
1579 3 24 0 1
1580 42 16 -1 0
1581 19 36 1 0
1582 95 23 -1 0
1583 36 22 0 -1
1584 51 16 1 0
1585 17 8 1 0
1586 49 33 -1 0
1587 23 29 0 1
1588 78 10 0 -1
1589 38 38 0 -1
1590 82 24 0 -1
1591 42 25 0 -1
1592 0 19 1 0
1593 82 32 0 1
1594 50 11 1 0
1595 30 26 1 0
1596 19 8 1 0
1597 89 35 1 0
1598 52 35 0 -1
1599 73 11 0 1
1600 29 14 1 0
1601 0 27 1 0
1602 37 0 -1 0
1603 81 21 -1 0
1604 44 38 -1 0
1605 85 9 -1 0
1606 88 27 0 1
1607 39 21 -1 0
1608 6 34 -1 0
1609 47 11 -1 0
1610 95 5 0 -1
1611 38 32 0 -1
1612 41 20 0 1
1613 72 9 0 1
1614 40 11 0 -1
1615 46 32 1 0
1616 77 8 0 1
1617 14 24 1 0
1618 8 8 0 1
1619 46 19 0 -1
1620 89 39 0 1
1621 19 16 -1 0
1622 39 5 0 -1
1623 66 27 0 -1
1624 78 15 0 -1
1625 82 15 1 0
1626 87 0 0 -1
1627 1 14 -1 0
1628 41 32 0 1
1629 97 36 0 -1
1630 51 27 0 1
1631 92 20 1 0
1632 78 2 -1 0
1633 0 33 -1 0
1634 2 28 0 1
1635 43 22 -1 0
1636 95 35 0 1
1637 62 10 1 0
1638 90 5 1 0
1639 18 3 0 -1
1640 89 27 0 1
1641 14 29 0 -1
1642 61 33 0 1
1643 31 17 1 0
1644 23 14 0 1
1645 64 14 0 -1
1646 86 21 0 -1
1647 40 38 0 -1
1648 27 6 -1 0
1649 76 33 0 -1
1650 46 28 1 0
1651 95 15 1 0
1652 54 11 -1 0
1653 64 31 0 1
1654 61 19 0 -1
1655 21 25 0 -1
1656 21 18 -1 0
1657 56 10 1 0
1658 25 28 0 -1
1659 90 5 0 1
1660 88 39 0 1
1661 27 12 1 0
1662 62 22 -1 0
1663 40 11 0 -1
1664 11 7 0 -1
1665 46 23 -1 0
1666 78 22 -1 0
1667 69 34 0 1
1668 3 2 0 1
1669 62 29 -1 0
1670 71 0 0 1
1671 74 9 0 -1
1672 11 15 0 1
1673 73 37 -1 0
1674 41 28 0 1
1675 38 24 0 1
1676 61 16 -1 0
1677 57 24 0 -1
1678 1 30 1 0
1679 12 39 0 1
1680 21 13 -1 0
1681 75 21 0 -1
1682 39 2 -1 0
1683 99 20 0 1
1684 59 16 0 -1
1685 16 30 0 -1
1686 2 19 -1 0
1687 86 0 -1 0
1688 80 13 0 1
1689 9 25 1 0
1690 75 22 1 0
1691 5 21 1 0
1692 23 33 0 -1
1693 94 24 -1 0
1694 26 19 1 0
1695 56 33 1 0
1696 25 24 -1 0
1697 79 20 1 0
1698 37 39 0 1
1699 46 33 -1 0
1700 48 28 0 -1
1701 47 28 1 0
1702 39 13 0 1
1703 93 31 -1 0
1704 32 24 0 -1
1705 22 17 1 0
1706 21 6 -1 0
1707 12 30 0 -1
1708 51 17 -1 0
1709 91 24 -1 0
1710 23 4 0 -1
1711 73 21 -1 0
1712 3 24 0 -1
1713 6 0 1 0
1714 82 12 0 1
1715 87 1 0 1
1716 22 31 1 0
1717 16 24 1 0
1718 41 28 0 -1
1719 60 34 1 0
1720 9 0 -1 0
1721 36 33 0 1
1722 14 17 0 1
1723 73 37 1 0
1724 29 9 1 0
1725 99 25 -1 0
1726 61 34 0 -1
1727 19 18 0 -1
1728 90 28 0 1
1729 11 34 1 0
1730 59 28 0 1
1731 90 16 1 0
1732 86 39 1 0
1733 75 10 1 0
1734 69 19 1 0
1735 52 35 0 1
1736 15 24 0 1
1737 45 6 0 -1
1738 61 31 -1 0
1739 16 23 -1 0
1740 52 39 0 -1
1741 43 36 1 0
1742 86 15 0 1
1743 85 12 0 1
1744 92 14 0 1
1745 52 12 -1 0
1746 45 28 1 0
1747 13 5 0 -1
1748 18 7 0 1
1749 20 30 1 0
1750 75 3 -1 0
1751 90 34 0 -1
1752 92 26 -1 0
1753 41 23 -1 0
1754 95 4 0 1
1755 61 30 0 1
1756 5 4 0 -1
1757 42 35 0 1
1758 88 1 0 -1
1759 72 10 0 1
1760 86 30 0 -1
1761 13 39 0 1
1762 36 5 0 -1
1763 50 12 0 -1
1764 47 13 -1 0
1765 45 18 0 -1
1766 40 26 0 1
1767 71 5 1 0
1768 18 26 1 0
1769 63 7 1 0
1770 3 29 1 0
1771 31 30 0 1
1772 58 2 0 1
1773 42 30 1 0
1774 38 4 0 1
1775 17 0 0 1
1776 19 16 0 -1
1777 79 11 0 1
1778 94 24 0 1
1779 53 3 0 1
1780 93 14 1 0
1781 8 10 -1 0
1782 42 36 0 1
1783 14 30 -1 0
1784 64 27 0 1
1785 46 14 0 1
1786 51 28 1 0
1787 9 38 0 1
1788 65 24 0 -1
1789 15 24 -1 0
1790 69 2 0 1
1791 78 12 0 -1
1792 9 33 1 0
1793 51 23 1 0
1794 49 37 0 1
1795 29 30 0 -1
1796 88 0 0 -1
1797 12 23 0 -1
1798 88 9 0 1
1799 3 2 1 0
1800 1 39 -1 0
1801 82 15 0 -1
1802 3 39 0 1
1803 55 22 0 -1
1804 74 31 0 -1
1805 24 27 -1 0
1806 47 4 0 1
1807 56 2 1 0
1808 45 16 0 -1
1809 19 37 0 -1
1810 16 16 1 0
1811 55 6 0 1
1812 69 38 0 1
1813 19 6 0 -1
1814 77 13 0 1
1815 29 2 -1 0
1816 13 32 0 1
1817 85 20 -1 0
1818 0 5 0 -1
1819 19 35 0 1
1820 77 30 0 -1
1821 91 1 -1 0
1822 67 29 0 1
1823 40 24 -1 0
1824 6 13 1 0
1825 53 19 0 1
1826 43 29 -1 0
1827 12 6 1 0
1828 11 13 0 1
1829 89 16 -1 0
1830 52 25 -1 0
1831 73 13 0 -1
1832 94 25 1 0
1833 41 19 1 0
1834 99 7 0 -1
1835 58 23 0 1
1836 39 14 -1 0
1837 43 15 0 1
1838 47 28 -1 0
1839 61 31 0 -1
1840 45 4 0 -1
1841 92 5 0 -1
1842 14 10 1 0
1843 2 35 0 1
1844 47 16 -1 0
1845 22 22 -1 0
1846 94 34 0 -1
1847 93 20 0 -1
1848 22 29 0 -1
1849 39 25 0 1
1850 45 2 1 0
1851 61 11 -1 0
1852 89 18 1 0
1853 38 4 0 -1
1854 15 6 1 0
1855 28 31 0 1
1856 6 37 0 -1
1857 15 26 0 -1
1858 87 35 -1 0
1859 21 6 0 1
1860 12 11 -1 0
1861 66 9 1 0
1862 27 9 0 -1
1863 39 25 0 -1
1864 92 14 0 1
1865 49 18 0 -1
1866 78 36 1 0
1867 5 0 -1 0
1868 70 0 -1 0
1869 49 32 1 0
1870 82 10 -1 0
1871 25 25 0 -1
1872 44 23 1 0
1873 99 16 0 -1
1874 22 16 1 0
1875 26 20 0 -1
1876 26 2 -1 0
1877 14 34 0 -1
1878 20 29 0 1
1879 45 26 0 -1
1880 22 1 1 0
1881 57 19 1 0
1882 23 26 0 1
1883 77 10 0 -1
1884 54 5 0 1
1885 90 18 0 -1
1886 61 35 -1 0
1887 53 38 -1 0
1888 37 24 0 -1
1889 50 38 0 -1
1890 98 28 0 1
1891 55 12 1 0
1892 27 23 -1 0
1893 40 38 1 0
1894 6 16 -1 0
1895 85 32 -1 0
1896 52 22 0 -1
1897 83 24 0 -1
1898 46 4 -1 0
1899 55 35 1 0
1900 55 13 0 -1
1901 92 24 0 -1
1902 14 20 1 0
1903 45 13 1 0
1904 17 21 -1 0
1905 30 0 1 0
1906 57 25 0 1
1907 35 15 0 1
1908 48 25 1 0
1909 1 27 0 1
1910 60 23 -1 0
1911 56 24 0 -1
1912 75 35 0 -1
1913 19 37 1 0
1914 0 10 0 -1
1915 21 27 0 1
1916 67 27 0 -1
1917 59 39 0 1
1918 46 9 1 0
1919 97 1 1 0
1920 63 21 1 0
1921 18 28 0 -1
1922 63 32 -1 0
1923 5 14 -1 0
1924 51 13 0 1
1925 20 12 0 -1
1926 59 6 1 0
1927 88 15 -1 0
1928 47 19 1 0
1929 78 2 0 1
1930 5 20 0 -1
1931 74 29 1 0
1932 49 10 0 -1
1933 83 14 0 1
1934 8 9 0 1
1935 0 10 0 1
1936 90 25 1 0
1937 53 3 0 -1
1938 29 22 0 -1
1939 43 1 1 0
1940 59 30 -1 0
1941 39 21 1 0
1942 88 24 -1 0
1943 85 29 1 0
1944 41 20 1 0
1945 82 22 -1 0
1946 88 9 0 -1
1947 85 39 0 1
1948 75 23 0 -1
1949 4 35 -1 0
1950 28 14 1 0
1951 82 19 0 1
1952 39 0 1 0
1953 98 30 0 1
1954 70 31 0 1
1955 61 5 0 -1
1956 15 12 0 -1
1957 24 24 1 0
1958 0 1 0 1
1959 49 39 -1 0
1960 83 6 1 0
1961 29 36 0 1
1962 52 33 -1 0
1963 73 28 0 -1
1964 62 29 0 -1
1965 16 6 0 1
1966 6 19 0 -1
1967 86 37 -1 0
1968 85 11 0 1
1969 15 1 -1 0
1970 12 7 1 0
1971 45 37 0 1
1972 56 39 0 1
1973 77 30 -1 0
1974 10 15 1 0
1975 96 8 1 0
1976 2 9 0 -1
1977 99 13 1 0
1978 24 21 0 1
1979 94 35 -1 0
1980 51 38 0 1
1981 29 20 0 -1
1982 5 22 -1 0
1983 53 20 1 0
1984 43 5 1 0
1985 50 21 -1 0
1986 79 17 -1 0
1987 45 32 0 1
1988 28 33 1 0
1989 9 19 1 0
1990 32 11 0 1
1991 97 10 1 0
1992 19 29 0 1
1993 40 18 -1 0
1994 81 7 1 0
1995 22 33 1 0
1996 4 24 0 1
1997 0 2 0 1
1998 32 38 1 0
1999 61 9 1 0
2000 7 27 -1 0
2001 97 8 0 -1
2002 56 9 1 0
2003 63 0 0 -1
2004 58 20 1 0
2005 51 36 0 -1
2006 15 39 -1 0
2007 58 14 0 -1
2008 43 2 -1 0
2009 3 5 1 0
2010 28 15 1 0
2011 45 12 1 0
2012 53 39 0 -1
2013 19 19 -1 0
2014 6 4 1 0
2015 40 15 1 0
2016 3 13 -1 0
2017 20 30 1 0
2018 88 3 1 0
2019 25 38 -1 0
2020 53 25 0 -1
2021 64 5 0 1
2022 86 29 -1 0
2023 67 17 1 0
2024 3 19 0 -1
2025 92 1 0 -1
2026 14 0 0 -1
2027 37 34 0 -1
2028 2 39 -1 0
2029 50 36 0 -1
2030 44 9 -1 0
2031 21 30 0 -1
2032 17 16 0 1
2033 82 11 -1 0
2034 66 16 0 1
2035 44 9 -1 0
2036 73 36 0 1
2037 84 9 1 0
2038 15 12 0 -1
2039 21 36 0 -1
2040 5 0 -1 0
2041 17 0 -1 0
2042 76 12 -1 0
2043 48 32 0 1
2044 13 36 0 1
2045 22 5 0 -1
2046 47 2 1 0
2047 10 7 0 1
2048 6 3 0 -1
2049 68 3 0 1
2050 44 32 0 1
2051 22 22 1 0
2052 74 13 0 -1
2053 0 4 -1 0
2054 16 26 1 0
2055 62 2 0 1
2056 50 5 0 1
2057 8 32 0 1
2058 68 5 -1 0
2059 4 4 1 0
2060 23 28 1 0
2061 39 7 0 -1
2062 57 30 0 1
2063 24 26 0 1
2064 28 13 0 1
2065 46 24 0 -1
2066 96 18 0 1
2067 22 24 1 0
2068 85 8 -1 0
2069 40 17 1 0
2070 83 11 0 -1
2071 26 0 0 1
2072 26 23 1 0
2073 44 36 -1 0
2074 18 39 0 -1
2075 47 17 0 1
2076 66 1 0 -1
2077 47 18 1 0
2078 71 17 -1 0
2079 86 5 -1 0
2080 21 0 0 -1
2081 26 14 0 -1
2082 42 7 1 0
2083 52 3 0 -1
2084 13 27 -1 0
2085 36 37 1 0
2086 19 31 0 -1
2087 6 13 0 -1
2088 12 25 1 0
2089 94 9 0 -1
2090 36 22 0 1
2091 30 36 0 -1
2092 55 28 0 1
2093 25 27 -1 0
2094 44 24 0 1
2095 17 25 -1 0
2096 47 39 0 -1
2097 63 21 -1 0
2098 89 5 -1 0
2099 60 24 -1 0
2100 21 11 0 1
2101 87 23 0 1
2102 93 13 0 1
2103 70 10 0 1
2104 3 27 -1 0
2105 58 1 -1 0
2106 89 28 -1 0
2107 59 14 0 -1
2108 93 37 0 1
2109 40 28 1 0
2110 88 10 0 1
2111 62 23 1 0
2112 10 1 1 0
2113 13 20 0 -1
2114 73 36 -1 0
2115 29 9 -1 0
2116 43 23 1 0
2117 40 12 0 1
2118 38 20 -1 0
2119 18 13 -1 0
2120 19 8 1 0
2121 74 34 0 -1
2122 87 23 0 1
2123 46 29 1 0
2124 83 27 0 1
2125 26 28 1 0
2126 17 32 1 0
2127 29 10 -1 0
2128 65 16 0 1
2129 38 31 -1 0
2130 84 37 -1 0
2131 28 13 1 0
2132 31 31 0 -1
2133 36 20 1 0
2134 89 8 0 1
2135 26 31 -1 0
2136 16 27 1 0
2137 80 21 1 0
2138 52 24 1 0
2139 36 33 0 -1
2140 86 6 -1 0
2141 78 35 0 -1
2142 51 28 0 -1
2143 93 26 0 1
2144 15 9 1 0
2145 21 23 1 0
2146 69 14 1 0
2147 3 13 -1 0
2148 23 37 1 0
2149 19 19 1 0
2150 38 12 -1 0
2151 13 19 0 1
2152 3 25 -1 0
2153 99 32 0 -1
2154 41 5 0 -1
2155 27 10 0 1
2156 28 18 1 0
2157 37 14 1 0
2158 93 24 0 1
2159 41 37 0 -1
2160 94 39 1 0
2161 16 21 0 1
2162 21 23 0 1
2163 94 26 -1 0
2164 94 2 -1 0
2165 86 4 0 1
2166 88 15 1 0
2167 0 33 0 1
2168 1 10 0 1
2169 29 25 1 0
2170 14 17 0 -1
2171 7 6 0 -1
2172 76 35 0 -1
2173 84 37 0 1
2174 37 17 0 1
2175 6 30 1 0
2176 80 0 0 1
2177 85 30 1 0
2178 71 21 1 0
2179 5 22 1 0
2180 99 25 0 -1
2181 50 37 0 1
2182 59 30 0 1
2183 56 35 0 1
2184 21 28 0 1
2185 24 36 0 1
2186 84 5 1 0
2187 4 1 0 -1
2188 80 31 1 0
2189 38 27 -1 0
2190 47 11 0 -1
2191 54 13 1 0
2192 16 31 0 1
2193 97 3 1 0
2194 4 32 -1 0
2195 17 29 0 1
2196 91 16 -1 0
2197 20 1 -1 0
2198 21 24 -1 0
2199 95 31 0 1
2200 76 15 1 0
2201 26 23 0 -1
2202 99 1 0 1
2203 12 31 0 -1
2204 16 27 1 0
2205 17 30 0 -1
2206 19 20 0 -1
2207 38 35 0 -1
2208 59 28 -1 0
2209 68 7 0 1
2210 93 6 0 -1
2211 74 28 0 -1
2212 92 31 0 1
2213 13 36 -1 0
2214 98 19 -1 0
2215 46 28 0 1
2216 31 3 1 0
2217 28 26 -1 0
2218 97 1 0 -1
2219 80 25 1 0
2220 26 21 -1 0
2221 27 9 0 1
2222 39 7 0 1
2223 79 32 -1 0
2224 31 29 -1 0
2225 60 12 0 1
2226 77 32 -1 0
2227 6 26 1 0
2228 96 32 0 1
2229 63 2 0 -1
2230 75 36 -1 0
2231 22 26 -1 0
2232 11 38 1 0
2233 48 39 -1 0
2234 99 17 0 1
2235 46 38 -1 0
2236 28 38 0 1
2237 17 29 0 -1
2238 21 34 1 0
2239 29 17 0 1
2240 48 3 -1 0
2241 71 11 0 -1
2242 57 25 -1 0
2243 72 3 0 1
2244 81 25 0 1
2245 85 12 -1 0
2246 97 18 0 -1
2247 37 20 -1 0
2248 18 30 -1 0
2249 62 38 0 -1
2250 55 16 0 -1
2251 13 34 0 1
2252 94 17 -1 0
2253 91 25 0 1
2254 27 31 1 0
2255 50 5 0 1
2256 20 39 -1 0
2257 66 27 0 1
2258 76 37 0 -1
2259 61 27 1 0
2260 21 3 0 -1
2261 25 26 1 0
2262 55 13 0 -1
2263 63 7 0 -1
2264 91 0 1 0
2265 69 27 1 0
2266 6 2 -1 0
2267 96 34 -1 0
2268 28 31 0 1
2269 20 37 -1 0
2270 66 2 -1 0
2271 40 27 -1 0
2272 12 4 -1 0
2273 92 7 0 1
2274 49 11 1 0
2275 39 23 -1 0
2276 83 7 1 0
2277 93 1 1 0
2278 76 33 1 0
2279 3 5 0 1
2280 27 9 -1 0
2281 41 22 1 0
2282 20 21 0 1
2283 66 29 0 -1
2284 11 9 0 1
2285 44 35 0 1
2286 91 17 0 1
2287 9 25 -1 0
2288 23 23 -1 0
2289 22 24 0 -1
2290 21 7 1 0
2291 70 8 1 0
2292 8 35 0 -1
2293 39 1 1 0
2294 46 13 1 0
2295 88 32 0 1
2296 89 29 -1 0
2297 25 39 0 -1
2298 41 32 0 1
2299 19 19 -1 0
2300 88 35 0 1
2301 88 8 0 1
2302 88 1 1 0
2303 64 10 -1 0
2304 52 35 -1 0
2305 65 10 -1 0
2306 21 29 -1 0
2307 10 36 0 -1
2308 27 4 0 1
2309 14 7 1 0
2310 65 27 -1 0
2311 71 18 0 1
2312 44 38 0 -1
2313 7 1 -1 0
2314 67 16 0 -1
2315 17 15 0 -1
2316 38 26 -1 0
2317 27 3 1 0
2318 55 30 -1 0
2319 19 18 1 0
2320 22 16 1 0
2321 39 26 0 1
2322 52 33 1 0
2323 22 19 -1 0
2324 49 23 1 0
2325 95 4 -1 0
2326 57 29 1 0
2327 77 27 0 -1
2328 26 24 0 1
2329 58 35 0 1
2330 36 12 0 1
2331 85 35 0 -1
2332 9 26 0 1
2333 39 22 1 0
2334 71 0 -1 0
2335 85 33 1 0
2336 75 25 0 -1
2337 91 7 -1 0
2338 48 33 -1 0
2339 66 9 0 1
2340 37 4 -1 0
2341 27 24 1 0
2342 49 14 0 1
2343 78 24 0 -1
2344 24 22 0 1
2345 4 31 1 0
2346 71 8 0 -1
2347 98 25 -1 0
2348 48 5 0 1
2349 27 7 0 -1
2350 87 12 0 1
2351 89 15 0 1
2352 47 10 0 -1
2353 26 7 1 0
2354 87 34 1 0
2355 12 33 1 0
2356 45 33 1 0
2357 41 10 0 -1
2358 22 4 -1 0
2359 88 6 1 0
2360 20 28 1 0
2361 78 5 1 0
2362 86 3 0 -1
2363 27 8 0 -1
2364 29 37 0 -1
2365 5 33 0 -1
2366 0 11 1 0
2367 13 10 -1 0
2368 5 2 0 -1
2369 1 19 -1 0
2370 64 13 0 -1
2371 66 18 -1 0
2372 27 21 1 0
2373 98 34 1 0
2374 74 7 1 0
2375 67 38 -1 0
2376 20 33 0 1
2377 95 6 0 -1
2378 91 19 -1 0
2379 78 8 1 0
2380 9 23 0 -1
2381 49 32 0 -1
2382 49 2 -1 0
2383 17 23 1 0
2384 7 19 -1 0
2385 3 36 0 1
2386 69 16 1 0
2387 54 8 0 1
2388 50 0 -1 0
2389 9 20 -1 0
2390 5 7 -1 0
2391 60 9 -1 0
2392 48 34 0 -1
2393 97 36 0 1
2394 11 28 -1 0
2395 89 34 -1 0
2396 8 12 -1 0
2397 88 36 1 0
2398 91 25 -1 0
2399 99 12 -1 0
2400 18 30 1 0
2401 63 9 0 -1
2402 89 33 -1 0
2403 61 36 1 0
2404 82 28 0 1
2405 43 7 -1 0
2406 13 29 0 1
2407 58 31 1 0
2408 24 31 0 -1
2409 8 10 0 1
2410 89 8 1 0
2411 24 3 0 -1
2412 25 17 -1 0
2413 74 3 1 0
2414 36 20 -1 0
2415 23 5 -1 0
2416 84 37 -1 0
2417 43 25 0 -1
2418 3 31 1 0
2419 52 1 0 -1
2420 11 28 1 0
2421 20 22 1 0
2422 49 15 -1 0
2423 28 6 0 -1
2424 81 17 0 -1
2425 20 19 -1 0
2426 60 6 -1 0
2427 51 13 0 -1
2428 79 38 -1 0
2429 88 28 -1 0
2430 15 23 1 0
2431 23 16 0 -1
2432 96 29 0 -1
2433 94 26 0 -1
2434 42 15 0 1
2435 81 1 0 1
2436 41 16 -1 0
2437 17 31 1 0
2438 17 25 1 0
2439 44 15 0 1
2440 78 38 -1 0
2441 22 4 1 0
2442 16 12 0 -1
2443 42 25 0 -1
2444 79 27 -1 0
2445 26 21 0 -1
2446 22 13 -1 0
2447 14 39 0 1
2448 41 36 0 -1
2449 88 23 -1 0
2450 55 7 0 -1
2451 42 12 0 -1
2452 26 37 0 -1
2453 46 15 -1 0
2454 4 37 -1 0
2455 71 38 1 0
2456 54 38 1 0
2457 12 10 -1 0
2458 13 11 -1 0
2459 37 0 0 1
2460 44 32 1 0
2461 63 26 0 -1
2462 77 10 1 0
2463 2 4 0 1
2464 25 22 1 0
2465 17 17 1 0
2466 22 11 -1 0
2467 87 29 -1 0
2468 47 36 1 0
2469 91 32 -1 0
2470 18 25 0 -1
2471 69 34 0 1
2472 45 33 0 1
2473 11 35 0 1
2474 52 12 0 1
2475 8 0 0 1
2476 25 22 0 -1
2477 96 37 1 0
2478 48 4 0 1
2479 14 30 0 -1
2480 23 35 -1 0
2481 20 23 1 0
2482 59 1 0 -1
2483 86 35 -1 0
2484 47 30 1 0
2485 46 28 0 -1
2486 92 4 1 0
2487 66 4 0 1
2488 46 34 1 0
2489 43 4 -1 0
2490 35 35 1 0
2491 42 38 1 0
2492 55 26 1 0
2493 93 9 -1 0
2494 14 18 1 0
2495 18 34 0 -1
2496 44 21 -1 0
2497 64 1 0 1
2498 82 1 0 1
2499 10 4 -1 0
2500 79 8 0 -1
2501 24 38 1 0
2502 46 1 0 -1
2503 59 8 1 0
2504 45 23 1 0
2505 75 37 0 1
2506 72 7 -1 0
2507 28 34 0 -1
2508 14 17 0 1
2509 13 12 0 -1
2510 90 38 0 -1
2511 51 22 1 0
2512 49 30 1 0
2513 88 23 0 1
2514 64 34 -1 0
2515 61 25 -1 0
2516 48 10 0 1
2517 13 16 0 -1
2518 20 37 -1 0
2519 26 22 0 -1
2520 87 25 -1 0
2521 45 20 -1 0
2522 44 17 0 1
2523 10 25 0 1
2524 93 29 -1 0
2525 81 34 -1 0
2526 64 2 0 -1
2527 7 9 -1 0
2528 20 21 0 1
2529 91 35 -1 0
2530 90 0 1 0
2531 84 1 0 1
2532 97 27 1 0
2533 87 37 0 -1
2534 12 10 0 1
2535 15 11 -1 0
2536 4 27 0 1
2537 60 22 0 -1
2538 21 21 0 -1
2539 27 16 0 -1
2540 51 1 -1 0
2541 38 18 1 0
2542 39 10 1 0
2543 59 23 1 0
2544 5 34 1 0
2545 38 24 1 0
2546 49 33 1 0
2547 40 7 0 -1
2548 39 27 -1 0
2549 40 21 -1 0
2550 84 7 -1 0
2551 28 20 0 -1
2552 36 22 0 1
2553 55 19 -1 0
2554 52 38 -1 0
2555 48 11 0 -1
2556 22 5 1 0
2557 21 22 0 -1
2558 27 23 0 1
2559 39 32 1 0
2560 24 9 1 0
2561 24 5 1 0
2562 14 38 0 -1
2563 91 4 -1 0
2564 39 28 0 -1
2565 82 34 -1 0
2566 68 33 1 0
2567 44 2 0 1
2568 87 18 0 1
2569 0 19 1 0
2570 19 25 1 0
2571 95 34 -1 0
2572 84 0 1 0
2573 15 34 1 0
2574 99 27 1 0
2575 31 23 -1 0
2576 93 14 0 -1
2577 55 10 0 -1
2578 45 19 1 0
2579 11 39 -1 0
2580 41 26 -1 0
2581 14 26 0 -1
2582 85 23 1 0
2583 3 38 -1 0
2584 91 33 0 -1
2585 20 12 0 1
2586 19 30 0 1
2587 51 18 0 -1
2588 40 2 -1 0
2589 86 30 0 1
2590 31 32 0 1
2591 83 1 -1 0
2592 43 10 -1 0
2593 11 32 1 0
2594 76 20 -1 0
2595 43 24 0 1
2596 99 10 0 1
2597 48 7 0 -1
2598 25 15 0 -1
2599 97 6 0 1
2600 28 18 -1 0
2601 22 17 -1 0
2602 26 1 0 -1
2603 76 35 -1 0
2604 12 26 1 0
2605 91 30 1 0
2606 46 19 1 0
2607 3 35 0 1
2608 66 11 1 0
2609 44 11 -1 0
2610 91 0 0 1
2611 58 9 0 -1
2612 22 32 1 0
2613 49 6 0 1
2614 93 36 1 0
2615 24 31 0 1
2616 17 24 1 0
2617 59 33 -1 0
2618 18 13 1 0
2619 78 29 0 1
2620 44 29 -1 0
2621 92 18 0 -1
2622 45 15 0 1
2623 87 31 1 0
2624 39 19 -1 0
2625 4 37 0 -1
2626 77 28 1 0
2627 45 32 -1 0
2628 56 10 1 0
2629 81 35 1 0
2630 30 22 0 -1
2631 20 11 -1 0
2632 89 22 1 0
2633 84 9 0 -1
2634 80 34 1 0
2635 3 32 1 0
2636 66 23 0 -1
2637 39 33 0 -1
2638 55 23 0 1
2639 50 24 0 1
2640 25 39 0 -1
2641 50 21 0 -1
2642 78 33 0 -1
2643 11 4 0 -1
2644 66 6 -1 0
2645 28 16 1 0
2646 17 23 0 -1
2647 23 30 0 1
2648 31 30 -1 0
2649 11 39 0 -1
2650 81 18 0 -1
2651 0 34 1 0
2652 22 23 -1 0
2653 79 0 0 1
2654 3 14 0 1
2655 38 23 -1 0
2656 41 5 0 -1
2657 93 13 0 1
2658 16 37 0 1
2659 11 17 -1 0
2660 45 20 0 -1
2661 58 31 0 -1
2662 27 13 0 -1
2663 89 22 1 0
2664 10 14 0 1
2665 15 15 -1 0
2666 68 22 0 1
2667 24 19 1 0
2668 25 37 0 1
2669 11 34 0 -1
2670 8 27 -1 0
2671 26 7 0 1
2672 91 38 -1 0
2673 20 34 0 -1
2674 3 2 0 -1
2675 57 22 0 -1
2676 48 24 -1 0
2677 86 18 1 0
2678 97 2 1 0
2679 40 29 0 -1
2680 45 22 -1 0
2681 54 24 0 -1
2682 3 10 1 0
2683 14 36 1 0
2684 42 22 -1 0
2685 66 31 1 0
2686 26 29 -1 0
2687 20 20 1 0
2688 20 36 -1 0
2689 27 3 0 1
2690 28 19 -1 0
2691 86 0 0 -1
2692 17 22 0 1
2693 42 17 0 1
2694 88 34 0 1
2695 85 15 0 -1
2696 1 17 -1 0
2697 11 14 0 -1
2698 27 15 0 -1
2699 96 22 0 -1
2700 46 31 -1 0
2701 43 35 0 -1
2702 27 39 0 -1
2703 51 5 0 -1
2704 24 15 -1 0
2705 45 2 0 1
2706 28 34 1 0
2707 75 36 0 1
2708 99 35 -1 0
2709 31 34 0 -1
2710 71 21 0 -1
2711 27 21 0 -1
2712 78 2 0 1
2713 40 8 0 -1
2714 15 21 0 1
2715 41 12 -1 0
2716 26 32 1 0
2717 31 32 1 0
2718 26 23 -1 0
2719 49 32 0 1
2720 24 3 1 0
2721 42 23 -1 0
2722 66 10 -1 0
2723 85 39 1 0
2724 2 11 0 -1
2725 96 9 0 -1
2726 49 25 0 1
2727 52 20 0 -1
2728 94 23 1 0
2729 55 16 -1 0
2730 91 34 0 1
2731 24 14 1 0
2732 28 20 1 0
2733 80 35 0 1
2734 13 9 0 1
2735 10 23 -1 0
2736 20 29 1 0
2737 47 18 0 1
2738 37 38 -1 0
2739 71 12 0 -1
2740 55 13 1 0
2741 23 35 0 -1
2742 13 31 1 0
2743 86 9 0 1
2744 17 28 0 -1
2745 16 30 -1 0
2746 87 14 1 0
2747 43 7 0 -1
2748 71 1 0 1
2749 46 23 1 0
2750 44 18 0 1
2751 43 26 1 0
2752 88 33 0 -1
2753 25 33 1 0
2754 99 31 0 -1
2755 51 5 0 -1
2756 87 18 0 -1
2757 80 31 1 0
2758 87 5 1 0
2759 60 25 0 -1
2760 48 16 0 -1
2761 41 24 1 0
2762 85 26 0 -1
2763 39 17 0 -1
2764 23 29 1 0
2765 24 13 0 1
2766 62 4 0 -1
2767 77 1 -1 0
2768 38 25 -1 0
2769 29 13 0 -1
2770 12 10 0 1
2771 47 24 -1 0
2772 18 29 -1 0
2773 89 1 0 -1
2774 39 39 1 0
2775 67 16 0 1
2776 62 16 0 -1
2777 62 3 -1 0
2778 49 33 0 -1
2779 18 13 0 -1
2780 26 34 0 1
2781 70 10 1 0
2782 53 22 0 1
2783 37 17 -1 0
2784 10 35 1 0
2785 40 32 0 -1
2786 53 32 0 -1
2787 45 27 -1 0
2788 59 15 -1 0
2789 90 1 1 0
2790 13 25 0 1
2791 96 25 0 -1
2792 73 31 0 -1
2793 39 30 0 -1
2794 98 31 0 1
2795 51 9 -1 0
2796 51 2 0 -1
2797 18 29 -1 0
2798 82 21 0 -1
2799 24 4 -1 0
2800 87 11 0 -1
2801 13 19 0 1
2802 19 31 -1 0
2803 23 2 -1 0
2804 22 29 1 0
2805 30 31 -1 0
2806 20 6 0 -1
2807 10 23 -1 0
2808 66 26 0 1
2809 50 29 0 -1
2810 12 23 0 1
2811 85 33 0 -1
2812 77 21 -1 0
2813 16 5 -1 0
2814 93 12 0 1
2815 28 33 0 -1
2816 83 6 0 -1
2817 85 10 1 0
2818 49 15 -1 0
2819 13 15 1 0
2820 6 30 -1 0
2821 39 2 -1 0
2822 4 23 -1 0
2823 39 25 1 0
2824 44 22 -1 0
2825 89 1 -1 0
2826 93 25 0 1
2827 6 29 0 1
2828 47 30 0 1
2829 48 1 -1 0
2830 28 7 1 0
2831 23 11 0 -1
2832 22 0 -1 0
2833 25 31 0 1
2834 69 30 1 0
2835 78 15 -1 0
2836 78 30 1 0
2837 90 5 0 1
2838 92 35 1 0
2839 26 34 0 1
2840 58 14 -1 0
2841 14 19 0 -1
2842 64 25 1 0
2843 62 38 0 1
2844 59 10 -1 0
2845 38 17 -1 0
2846 42 35 0 1
2847 54 4 1 0
2848 67 0 0 -1
2849 21 12 -1 0
2850 6 5 0 -1
2851 92 11 0 1
2852 57 1 0 -1
2853 58 15 -1 0
2854 77 11 0 1
2855 40 7 1 0
2856 94 24 0 1
2857 51 17 -1 0
2858 21 8 1 0
2859 23 23 0 -1
2860 97 4 1 0
2861 85 25 -1 0
2862 25 35 1 0
2863 88 10 0 -1
2864 12 12 0 1
2865 46 17 0 1
2866 23 17 0 -1
2867 20 24 1 0
2868 24 5 -1 0
2869 86 29 0 -1
2870 38 38 0 -1
2871 82 5 -1 0
2872 99 18 1 0
2873 63 24 -1 0
2874 87 37 1 0
2875 50 32 0 1
2876 6 24 1 0
2877 39 27 1 0
2878 88 1 0 -1
2879 64 16 0 1
2880 16 31 -1 0
2881 45 10 -1 0
2882 47 10 1 0
2883 13 27 -1 0
2884 40 28 -1 0
2885 36 15 0 1
2886 14 39 0 1
2887 46 3 -1 0
2888 59 39 1 0
2889 14 29 0 1
2890 48 4 -1 0
2891 94 33 0 -1
2892 18 32 0 -1
2893 21 17 1 0
2894 50 24 1 0
2895 13 36 1 0
2896 91 34 0 -1
2897 59 3 -1 0
2898 77 34 0 -1
2899 82 28 0 -1
2900 6 37 -1 0
2901 9 1 0 1
2902 43 4 0 1
2903 73 22 0 -1
2904 99 13 1 0
2905 27 23 1 0
2906 62 15 1 0
2907 97 19 1 0
2908 45 28 1 0
2909 60 31 -1 0
2910 86 19 -1 0
2911 93 23 -1 0
2912 49 0 -1 0
2913 52 18 -1 0
2914 88 34 1 0
2915 49 27 0 -1
2916 24 23 0 1
2917 47 9 -1 0
2918 49 31 1 0
2919 43 21 0 1
2920 22 20 1 0
2921 98 20 0 1
2922 1 33 0 1
2923 39 1 1 0
2924 26 34 0 1
2925 90 31 1 0
2926 48 3 0 1
2927 21 33 -1 0
2928 22 38 0 -1
2929 22 25 -1 0
2930 49 13 0 1
2931 27 17 0 1
2932 65 7 -1 0
2933 97 4 -1 0
2934 55 17 0 1
2935 2 10 0 -1
2936 78 36 0 -1
2937 21 27 0 1
2938 51 12 1 0
2939 71 5 0 1
2940 83 30 1 0
2941 47 36 0 1
2942 21 29 0 -1
2943 82 13 0 1
2944 2 22 -1 0
2945 82 4 1 0
2946 44 39 0 -1
2947 53 2 1 0
2948 44 6 -1 0
2949 45 31 0 -1
2950 11 36 0 -1
2951 43 1 1 0
2952 49 20 0 -1
2953 81 12 0 -1
2954 44 27 -1 0
2955 68 39 -1 0
2956 80 7 1 0
2957 54 39 0 1
2958 19 8 1 0
2959 91 21 0 -1
2960 92 2 -1 0
2961 11 23 1 0
2962 22 36 0 -1
2963 59 25 1 0
2964 25 0 1 0
2965 38 37 1 0
2966 77 20 0 1
2967 94 29 1 0
2968 4 0 1 0
2969 5 6 1 0
2970 30 36 1 0
2971 58 15 1 0
2972 60 17 1 0
2973 58 14 -1 0
2974 26 39 0 1
2975 83 29 0 1
2976 98 23 1 0
2977 49 10 -1 0
2978 43 17 0 1
2979 15 20 -1 0
2980 97 20 1 0
2981 54 3 0 1
2982 53 31 -1 0
2983 37 1 -1 0
2984 47 23 -1 0
2985 97 23 0 -1
2986 28 36 0 -1
2987 80 34 1 0
2988 82 1 0 1
2989 10 3 0 -1
2990 56 4 -1 0
2991 43 6 0 1
2992 15 21 0 -1
2993 21 0 0 -1
2994 47 10 -1 0
2995 1 4 1 0
2996 10 25 0 1
2997 91 4 1 0
2998 28 38 0 1
2999 20 6 1 0
3000 96 4 1 0
3001 57 9 1 0
3002 46 1 0 1
3003 45 38 -1 0
3004 47 4 0 -1
3005 35 7 0 1
3006 36 5 -1 0
3007 73 18 -1 0
3008 36 32 0 1
3009 90 6 1 0
3010 90 1 -1 0
3011 85 1 1 0
3012 81 39 0 -1
3013 11 35 0 1
3014 62 11 0 1
3015 23 5 0 -1
3016 60 33 -1 0
3017 83 0 1 0
3018 93 29 0 1
3019 18 33 0 1
3020 56 2 0 -1
3021 16 36 0 1
3022 96 10 -1 0
3023 55 29 0 1
3024 91 10 0 -1
3025 81 14 0 -1
3026 45 25 1 0
3027 85 17 1 0
3028 4 15 0 -1
3029 90 1 -1 0
3030 21 34 0 -1
3031 42 16 -1 0
3032 90 19 -1 0
3033 8 38 -1 0
3034 39 23 -1 0
3035 55 15 0 1
3036 87 1 1 0
3037 30 30 0 1
3038 58 35 0 -1
3039 67 8 0 -1
3040 13 9 0 1
3041 23 16 0 1
3042 36 8 -1 0
3043 90 39 0 1
3044 37 7 0 -1
3045 22 28 0 1
3046 40 5 -1 0
3047 15 23 0 1
3048 51 20 0 -1
3049 67 24 0 -1
3050 86 29 0 1
3051 38 20 0 -1
3052 41 1 -1 0
3053 14 12 -1 0
3054 81 13 1 0
3055 39 27 -1 0
3056 3 19 -1 0
3057 88 19 0 -1
3058 19 17 1 0
3059 9 25 0 1
3060 59 9 0 -1
3061 56 24 0 -1
3062 16 4 0 1
3063 56 32 -1 0
3064 21 24 -1 0
3065 7 5 1 0
3066 77 21 1 0
3067 40 16 0 -1
3068 24 18 -1 0
3069 77 11 0 -1
3070 23 4 -1 0
3071 71 3 0 -1
3072 65 16 1 0
3073 47 27 0 1
3074 91 38 1 0
3075 42 13 -1 0
3076 74 11 -1 0
3077 22 30 -1 0
3078 26 35 1 0
3079 44 9 0 -1
3080 18 36 -1 0
3081 95 1 0 1
3082 25 37 0 1
3083 5 22 0 -1
3084 16 10 -1 0
3085 30 22 -1 0
3086 64 15 0 -1
3087 44 35 0 1
3088 51 24 0 -1
3089 6 4 -1 0
3090 43 23 -1 0
3091 22 17 1 0
3092 3 15 1 0
3093 9 11 0 -1
3094 42 36 -1 0
3095 40 36 0 1
3096 75 30 0 -1
3097 49 16 0 -1
3098 55 27 0 1
3099 29 36 1 0
3100 69 26 -1 0
3101 90 4 0 -1
3102 68 16 1 0
3103 42 37 1 0
3104 41 26 0 -1
3105 93 27 0 -1
3106 95 35 0 -1
3107 13 19 1 0
3108 72 4 -1 0
3109 47 2 -1 0
3110 20 29 0 -1
3111 24 37 0 -1
3112 83 35 1 0
3113 10 30 0 -1
3114 41 16 0 1
3115 49 18 0 1
3116 27 6 -1 0
3117 5 28 0 1
3118 22 26 1 0
3119 63 12 0 1
3120 17 10 0 1
3121 24 3 0 1
3122 8 10 1 0
3123 26 14 0 1
3124 6 35 -1 0
3125 98 6 0 1
3126 91 24 0 -1
3127 6 37 0 1
3128 52 9 1 0
3129 41 1 0 -1
3130 13 18 0 -1
3131 77 29 1 0
3132 51 32 -1 0
3133 16 35 -1 0
3134 93 0 1 0
3135 84 31 1 0
3136 39 14 1 0
3137 10 1 -1 0
3138 71 3 -1 0
3139 24 29 -1 0
3140 15 38 -1 0
3141 20 36 0 1
3142 26 1 1 0
3143 14 27 1 0
3144 26 32 1 0
3145 43 5 -1 0
3146 39 20 1 0
3147 38 30 0 -1
3148 17 26 0 1
3149 46 13 0 -1
3150 24 28 -1 0
3151 94 22 0 1
3152 42 11 1 0
3153 25 11 0 1
3154 48 25 0 -1
3155 24 20 -1 0
3156 65 15 1 0
3157 98 19 0 1
3158 40 17 1 0
3159 75 15 1 0
3160 36 39 -1 0
3161 23 25 -1 0
3162 93 10 -1 0
3163 10 39 0 -1
3164 26 19 1 0
3165 94 0 0 1
3166 89 1 0 1
3167 41 38 0 1
3168 90 18 0 1
3169 82 15 0 -1
3170 83 24 0 -1
3171 15 7 1 0
3172 93 2 0 1
3173 73 37 -1 0
3174 95 18 1 0
3175 38 10 1 0
3176 8 38 0 -1
3177 92 9 -1 0
3178 49 19 0 -1
3179 6 25 0 -1
3180 6 22 -1 0
3181 58 29 0 -1
3182 43 14 -1 0
3183 57 38 0 -1
3184 23 4 1 0
3185 49 37 -1 0
3186 52 23 0 -1
3187 45 5 0 -1
3188 65 18 1 0
3189 1 15 0 1
3190 24 24 -1 0
3191 48 14 1 0
3192 79 11 -1 0
3193 15 14 -1 0
3194 5 3 0 -1
3195 76 25 -1 0
3196 38 9 1 0
3197 40 14 -1 0
3198 15 37 0 -1
3199 39 36 0 -1
3200 11 35 0 1
3201 10 16 0 1
3202 17 7 1 0
3203 84 36 0 1
3204 41 32 -1 0
3205 97 25 1 0
3206 38 37 0 1
3207 99 32 1 0
3208 3 8 0 1
3209 26 24 0 1
3210 39 9 1 0
3211 46 7 0 1
3212 91 18 0 1
3213 27 25 -1 0
3214 3 3 0 -1
3215 5 25 0 1
3216 7 28 0 -1
3217 26 5 1 0
3218 91 16 -1 0
3219 35 9 -1 0
3220 20 16 0 -1
3221 38 10 0 -1
3222 17 6 0 1
3223 39 20 1 0
3224 20 15 0 -1
3225 39 23 0 1
3226 13 15 1 0
3227 18 34 -1 0
3228 7 13 0 1
3229 74 7 0 1
3230 63 31 0 1
3231 39 38 0 -1
3232 21 36 -1 0
3233 21 23 0 1
3234 38 15 0 -1
3235 78 29 0 1
3236 56 39 0 -1
3237 30 38 0 -1
3238 18 6 0 -1
3239 50 2 0 -1
3240 83 1 0 1
3241 38 36 1 0
3242 37 39 0 1
3243 27 0 -1 0
3244 22 28 0 1
3245 38 25 1 0
3246 21 24 1 0
3247 54 38 1 0
3248 54 4 0 1
3249 58 31 0 1
3250 20 32 0 -1
3251 79 5 1 0
3252 36 3 1 0
3253 48 2 0 1
3254 58 6 -1 0
3255 39 0 0 -1
3256 4 14 -1 0
3257 5 16 0 1
3258 4 6 0 1
3259 92 32 0 -1
3260 21 9 0 1
3261 40 16 0 1
3262 46 39 -1 0
3263 86 24 0 -1
3264 17 31 1 0
3265 50 12 0 1
3266 94 30 0 1
3267 25 21 0 1
3268 13 34 0 1
3269 4 0 0 -1
3270 89 30 1 0
3271 24 38 0 -1
3272 97 9 0 1
3273 92 27 -1 0
3274 20 26 -1 0
3275 89 8 1 0
3276 98 17 0 -1
3277 67 28 0 1
3278 63 26 0 -1
3279 88 25 0 -1
3280 5 33 1 0
3281 87 8 -1 0
3282 46 15 -1 0
3283 62 36 1 0
3284 70 25 0 1
3285 35 4 -1 0
3286 50 38 0 -1
3287 10 36 -1 0
3288 78 14 -1 0
3289 81 2 0 -1
3290 67 27 -1 0
3291 2 15 0 -1
3292 42 28 0 -1
3293 75 9 1 0
3294 43 37 0 -1
3295 38 20 0 1
3296 39 3 0 1
3297 13 26 -1 0
3298 56 4 1 0
3299 0 31 0 -1
3300 15 16 0 1
3301 26 13 0 -1
3302 18 25 0 1
3303 29 32 -1 0
3304 76 13 0 1
3305 23 16 -1 0
3306 35 28 -1 0
3307 48 26 0 -1
3308 18 37 1 0
3309 46 24 0 -1
3310 28 37 1 0
3311 69 30 0 -1
3312 91 15 0 1
3313 85 10 0 1
3314 84 22 1 0
3315 0 11 0 -1
3316 87 32 0 -1
3317 73 14 0 -1
3318 26 26 0 1
3319 53 9 0 1
3320 38 5 1 0
3321 98 24 1 0
3322 86 6 -1 0
3323 13 37 0 1
3324 23 3 0 1
3325 74 23 0 1
3326 51 38 0 -1
3327 58 8 -1 0
3328 14 20 1 0
3329 85 35 0 -1
3330 78 24 0 1
3331 25 25 0 -1
3332 38 25 0 -1
3333 39 24 0 -1
3334 87 37 0 -1
3335 8 32 1 0
3336 53 11 0 1
3337 67 20 0 -1
3338 6 24 -1 0
3339 10 24 0 -1
3340 5 1 -1 0
3341 25 35 0 1
3342 87 6 1 0
3343 23 26 0 1
3344 46 7 0 1
3345 83 6 0 -1
3346 2 34 0 1
3347 23 3 0 1
3348 18 33 -1 0
3349 54 21 0 1
3350 92 0 0 -1
3351 41 18 0 -1
3352 46 18 0 -1
3353 59 21 0 1
3354 78 32 -1 0
3355 9 21 -1 0
3356 4 31 -1 0
3357 31 27 1 0
3358 28 14 0 -1
3359 80 22 0 1
3360 42 0 0 1
3361 9 18 0 1
3362 5 20 0 1
3363 47 34 0 1
3364 8 28 0 -1
3365 4 26 -1 0
3366 4 6 1 0
3367 25 34 -1 0
3368 29 39 0 1
3369 11 8 0 -1
3370 44 33 1 0
3371 28 7 0 -1
3372 12 16 -1 0
3373 48 30 0 1
3374 54 30 1 0
3375 85 22 1 0
3376 25 37 0 1
3377 31 36 0 1
3378 95 1 1 0
3379 49 25 1 0
3380 20 31 0 1
3381 46 16 0 -1
3382 8 31 -1 0
3383 24 36 0 1
3384 18 33 1 0
3385 10 0 0 -1
3386 9 0 0 1
3387 99 16 1 0
3388 89 24 0 1
3389 98 4 0 -1
3390 77 33 -1 0
3391 5 3 1 0
3392 80 31 0 1
3393 47 0 -1 0
3394 46 22 -1 0
3395 35 27 0 1
3396 92 6 0 -1
3397 39 30 1 0
3398 89 10 0 1
3399 69 5 0 -1
3400 92 13 -1 0
3401 88 39 1 0
3402 17 3 -1 0
3403 82 33 0 1
3404 14 11 1 0
3405 64 6 -1 0
3406 8 37 0 1
3407 39 39 -1 0
3408 42 27 -1 0
3409 1 20 0 1
3410 84 24 0 -1
3411 12 12 0 -1
3412 87 26 -1 0
3413 46 8 1 0
3414 21 29 0 1
3415 54 8 0 -1
3416 68 21 1 0
3417 90 10 1 0
3418 49 22 -1 0
3419 25 1 0 -1
3420 26 22 1 0
3421 53 38 0 -1
3422 36 4 1 0
3423 42 37 0 -1
3424 45 9 0 -1
3425 19 5 1 0
3426 49 14 -1 0
3427 47 31 -1 0
3428 22 29 1 0
3429 42 23 1 0
3430 46 18 -1 0
3431 10 36 0 1
3432 92 29 -1 0
3433 95 32 0 -1
3434 39 29 1 0
3435 68 30 0 1
3436 48 30 -1 0
3437 24 13 0 1
3438 43 26 -1 0
3439 14 38 0 -1
3440 39 28 -1 0
3441 85 37 -1 0
3442 99 0 1 0
3443 44 26 0 1
3444 23 30 0 1
3445 47 13 0 1
3446 7 17 0 1
3447 15 29 0 1
3448 26 19 0 1
3449 74 37 -1 0
3450 93 8 0 -1
3451 71 19 1 0
3452 81 35 -1 0
3453 85 34 -1 0
3454 85 15 0 1
3455 60 21 0 1
3456 47 33 1 0
3457 14 39 1 0
3458 45 21 1 0
3459 18 15 0 1
3460 26 2 1 0
3461 82 24 0 1
3462 32 0 0 1
3463 79 4 0 -1
3464 76 26 -1 0
3465 97 5 1 0
3466 29 26 0 1
3467 42 0 1 0
3468 67 22 -1 0
3469 20 12 0 1
3470 19 1 1 0
3471 45 13 0 -1
3472 91 21 0 1
3473 49 38 0 1
3474 77 38 1 0
3475 15 24 -1 0
3476 20 23 0 1
3477 26 13 0 1
3478 6 21 1 0
3479 19 38 1 0
3480 39 12 1 0
3481 65 3 -1 0
3482 80 18 0 1
3483 44 3 0 -1
3484 27 37 0 -1
3485 48 17 0 -1
3486 32 29 0 1
3487 25 12 0 -1
3488 18 24 -1 0
3489 0 13 0 1
3490 15 2 0 1
3491 51 33 0 1
3492 30 26 1 0
3493 95 38 0 -1
3494 21 37 -1 0
3495 51 19 0 1
3496 89 11 0 -1
3497 70 31 1 0
3498 36 36 1 0
3499 87 27 -1 0
3500 93 9 -1 0
3501 28 19 0 1
3502 96 20 0 -1
3503 86 31 -1 0
3504 8 26 0 -1
3505 42 19 1 0
3506 74 35 -1 0
3507 51 12 -1 0
3508 41 14 0 -1
3509 77 28 -1 0
3510 20 19 0 1
3511 42 33 1 0
3512 11 21 1 0
3513 2 37 0 -1
3514 12 9 -1 0
3515 58 19 -1 0
3516 22 30 0 -1
3517 89 17 0 -1
3518 53 2 0 1
3519 19 30 -1 0
3520 22 9 1 0
3521 44 12 0 1
3522 77 7 0 1
3523 24 16 0 1
3524 27 14 0 1
3525 45 17 0 -1
3526 47 28 0 1
3527 49 9 0 -1
3528 28 7 0 1
3529 62 10 0 -1
3530 44 26 -1 0
3531 5 35 0 -1
3532 50 25 -1 0
3533 0 27 0 -1
3534 98 15 0 -1
3535 17 14 0 -1
3536 92 17 1 0
3537 13 22 0 1
3538 15 4 0 1
3539 9 35 -1 0
3540 16 33 0 -1
3541 25 36 0 1
3542 78 1 1 0
3543 44 24 0 1
3544 11 15 -1 0
3545 79 15 -1 0
3546 84 0 0 -1
3547 98 30 0 -1
3548 7 14 0 1
3549 85 10 -1 0
3550 9 11 0 -1
3551 50 7 1 0
3552 53 18 0 1
3553 96 3 0 1
3554 21 32 0 -1
3555 16 39 1 0
3556 27 27 -1 0
3557 77 37 0 1
3558 69 18 0 1
3559 4 28 1 0
3560 17 36 0 1
3561 99 19 0 1
3562 39 12 0 -1
3563 46 7 0 1
3564 47 4 -1 0
3565 93 8 -1 0
3566 77 14 0 1
3567 84 32 -1 0
3568 42 4 -1 0
3569 39 8 0 -1
3570 42 7 -1 0
3571 51 19 1 0
3572 5 24 0 -1
3573 13 5 0 1
3574 90 31 -1 0
3575 80 21 0 1
3576 2 16 0 -1
3577 81 24 -1 0
3578 36 19 -1 0
3579 4 16 1 0
3580 83 34 0 -1
3581 58 28 0 1
3582 21 36 0 1
3583 82 4 1 0
3584 50 5 -1 0
3585 22 36 -1 0
3586 38 32 0 -1
3587 87 27 1 0
3588 1 1 0 -1
3589 18 20 -1 0
3590 21 1 -1 0
3591 20 27 0 1
3592 85 37 -1 0
3593 28 2 1 0
3594 30 28 1 0
3595 85 5 0 1
3596 77 6 0 -1
3597 24 0 0 1
3598 73 12 -1 0
3599 28 0 0 1
