0 3 26 0 1
1 1 38 0 -1
2 11 32 1 0
3 2 35 0 -1
4 2 20 -1 0
5 2 15 -1 0
6 16 30 1 0
7 24 27 0 1
8 19 34 -1 0
9 73 8 0 -1
10 68 8 1 0
11 24 27 0 -1
12 46 20 -1 0
13 3 6 1 0
14 88 9 0 -1
15 25 2 1 0
16 0 33 -1 0
17 21 24 1 0
18 19 14 1 0
19 23 29 0 -1
20 86 31 0 -1
21 9 21 0 1
22 6 6 0 -1
23 70 15 0 1
24 8 19 0 -1
25 83 2 -1 0
26 22 5 0 -1
27 3 9 -1 0
28 22 24 -1 0
29 69 0 0 -1
30 99 18 0 -1
31 49 4 -1 0
32 23 27 1 0
33 87 39 0 1
34 19 2 0 1
35 91 12 1 0
36 28 21 -1 0
37 68 24 -1 0
38 45 10 0 1
39 14 2 1 0
40 2 4 -1 0
41 16 11 0 -1
42 19 14 1 0
43 59 35 0 1
44 47 24 0 -1
45 75 2 1 0
46 20 13 0 1
47 99 30 0 -1
48 18 24 0 -1
49 75 33 0 -1
50 43 26 1 0
51 20 31 1 0
52 28 4 0 -1
53 0 34 0 -1
54 9 0 0 -1
55 44 16 0 -1
56 30 25 -1 0
57 26 5 -1 0
58 7 1 0 -1
59 55 24 0 -1
60 58 28 0 1
61 23 2 0 1
62 1 31 -1 0
63 15 24 0 -1
64 26 4 -1 0
65 95 24 0 -1
66 38 33 0 1
67 14 1 -1 0
68 43 13 -1 0
69 93 27 0 -1
70 22 26 1 0
71 37 24 -1 0
72 76 12 1 0
73 98 21 1 0
74 53 36 1 0
75 60 13 0 1
76 81 28 0 -1
77 86 8 0 -1
78 50 3 1 0
79 6 21 0 1
80 94 11 0 1
81 2 9 0 -1
82 6 1 1 0
83 41 9 0 1
84 11 11 0 -1
85 16 12 1 0
86 96 30 -1 0
87 1 27 -1 0
88 66 6 -1 0
89 73 13 0 1
90 97 14 0 1
91 40 3 0 1
92 73 27 1 0
93 43 0 -1 0
94 19 31 0 -1
95 98 35 1 0
96 68 35 1 0
97 43 11 1 0
98 55 14 1 0
99 73 23 1 0
100 17 7 1 0
101 46 34 0 1
102 42 14 -1 0
103 1 32 1 0
104 37 30 -1 0
105 51 15 1 0
106 26 26 -1 0
107 17 2 0 -1
108 81 33 -1 0
109 64 23 1 0
110 29 21 0 1
111 20 20 0 1
112 99 38 -1 0
113 29 1 0 1
114 84 25 0 1
115 44 6 0 -1
116 97 35 0 -1
117 89 37 1 0
118 67 1 -1 0
119 81 6 0 1
120 27 31 1 0
121 68 5 1 0
122 56 10 0 1
123 83 11 0 -1
124 84 28 0 1
125 9 12 0 1
126 48 39 -1 0
127 7 35 0 1
128 45 16 -1 0
129 9 8 -1 0
130 62 24 0 1
131 20 10 0 1
132 65 27 0 1
133 41 5 -1 0
134 29 18 -1 0
135 9 36 -1 0
136 89 6 -1 0
137 9 9 0 1
138 63 30 0 1
139 19 32 -1 0
140 76 32 -1 0
141 24 32 0 1
142 0 11 0 -1
143 10 32 1 0
144 0 10 0 1
145 75 25 -1 0
146 55 36 0 1
147 94 18 0 1
148 87 25 -1 0
149 39 11 -1 0
150 47 38 1 0
151 98 0 0 1
152 25 12 0 1
153 41 4 1 0
154 98 2 -1 0
155 91 3 0 1
156 48 5 -1 0
157 83 5 0 -1
158 45 6 -1 0
159 91 13 0 -1
160 91 37 0 1
161 64 24 1 0
162 20 5 -1 0
163 53 25 0 1
164 9 7 -1 0
165 21 8 -1 0
166 93 31 1 0
167 40 34 0 -1
168 87 20 -1 0
169 22 29 -1 0
170 80 4 0 1
171 18 10 0 1
172 23 0 1 0
173 62 24 0 1
174 75 20 -1 0
175 43 34 -1 0
176 15 7 0 -1
177 20 24 0 -1
178 64 18 1 0
179 85 26 1 0
180 11 15 0 -1
181 93 9 0 -1
182 21 23 0 1
183 60 22 0 1
184 56 28 0 1
185 83 19 0 1
186 8 19 -1 0
187 78 17 -1 0
188 96 33 0 -1
189 24 21 0 1
190 72 5 1 0
191 19 27 0 1
192 80 29 0 1
193 40 4 -1 0
194 27 0 -1 0
195 88 39 -1 0
196 85 23 0 1
197 46 6 0 1
198 60 32 1 0
199 27 27 0 -1
200 45 14 0 -1
201 74 5 1 0
202 2 23 1 0
203 17 11 0 -1
204 17 10 1 0
205 68 34 1 0
206 27 22 -1 0
207 6 5 0 1
208 8 6 1 0
209 85 10 0 -1
210 17 6 0 -1
211 22 9 1 0
212 7 17 1 0
213 19 39 0 1
214 81 19 0 1
215 98 28 0 -1
216 86 36 -1 0
217 87 13 0 1
218 39 8 1 0
219 23 9 0 -1
220 53 15 -1 0
221 7 16 -1 0
222 76 0 1 0
223 64 11 0 -1
224 17 9 1 0
225 27 13 -1 0
226 90 16 -1 0
227 11 2 1 0
228 31 33 0 1
229 99 35 -1 0
230 40 23 -1 0
231 76 3 0 1
232 11 7 0 -1
233 26 32 0 1
234 15 28 1 0
235 43 0 -1 0
236 63 2 -1 0
237 88 23 1 0
238 36 11 0 -1
239 20 29 -1 0
240 41 27 -1 0
241 18 16 0 -1
242 76 30 0 1
243 98 9 1 0
244 55 11 -1 0
245 8 2 0 -1
246 11 4 0 1
247 68 20 1 0
248 47 15 -1 0
249 78 17 0 -1
250 53 11 0 -1
251 9 23 0 -1
252 22 29 -1 0
253 27 18 1 0
254 66 4 1 0
255 11 0 0 -1
256 5 15 1 0
257 16 6 1 0
258 29 7 -1 0
259 80 24 -1 0
260 41 15 0 -1
261 22 18 1 0
262 11 9 1 0
263 68 31 -1 0
264 63 20 0 1
265 13 20 0 -1
266 47 29 0 1
267 95 8 0 -1
268 21 25 0 -1
269 8 5 0 -1
270 58 19 1 0
271 15 30 -1 0
272 20 17 1 0
273 43 9 -1 0
274 83 13 0 -1
275 49 36 0 -1
276 37 1 -1 0
277 37 6 0 1
278 81 4 0 1
279 25 20 0 -1
280 19 26 -1 0
281 23 16 1 0
282 72 14 -1 0
283 64 30 1 0
284 23 16 1 0
285 40 12 -1 0
286 1 7 0 1
287 37 26 -1 0
288 26 33 -1 0
289 19 30 -1 0
290 42 37 0 -1
291 9 11 0 -1
292 75 8 -1 0
293 37 34 -1 0
294 24 25 0 1
295 51 23 1 0
296 57 0 1 0
297 20 4 -1 0
298 81 30 -1 0
299 15 22 0 -1
300 49 31 0 1
301 26 13 -1 0
302 0 39 -1 0
303 75 13 0 1
304 82 25 1 0
305 28 14 0 1
306 21 0 0 1
307 98 9 0 -1
308 37 36 0 -1
309 1 12 1 0
310 38 30 -1 0
311 14 38 1 0
312 38 8 0 -1
313 85 36 1 0
314 43 29 1 0
315 89 10 0 1
316 92 23 1 0
317 12 30 0 1
318 22 30 0 1
319 13 15 0 1
320 49 22 0 1
321 96 25 0 -1
322 28 33 0 1
323 45 31 -1 0
324 14 22 1 0
325 16 1 1 0
326 28 6 1 0
327 17 20 0 1
328 21 20 -1 0
329 55 23 -1 0
330 15 10 -1 0
331 71 0 -1 0
332 56 35 1 0
333 29 38 1 0
334 85 30 0 -1
335 42 9 1 0
336 44 32 -1 0
337 87 2 -1 0
338 92 22 0 1
339 51 35 0 -1
340 40 31 0 1
341 16 6 0 1
342 24 10 0 1
343 5 32 -1 0
344 53 12 1 0
345 43 1 0 -1
346 18 6 0 1
347 50 27 0 -1
348 23 39 0 -1
349 15 23 0 1
350 45 3 -1 0
351 13 17 1 0
352 84 31 0 -1
353 23 19 0 1
354 81 30 0 -1
355 53 12 1 0
356 73 22 1 0
357 95 10 -1 0
358 39 25 0 -1
359 50 7 0 -1
360 1 20 -1 0
361 27 39 -1 0
362 72 15 -1 0
363 46 8 0 1
364 20 24 0 1
365 15 0 1 0
366 79 27 1 0
367 41 18 0 1
368 93 27 1 0
369 72 18 0 -1
370 21 30 1 0
371 30 35 1 0
372 66 39 0 -1
373 61 20 -1 0
374 56 19 0 -1
375 90 32 0 -1
376 54 11 0 1
377 42 20 -1 0
378 38 6 -1 0
379 41 5 1 0
380 44 36 0 -1
381 99 17 0 1
382 51 37 -1 0
383 55 23 0 -1
384 83 23 -1 0
385 8 29 1 0
386 19 33 0 1
387 16 22 -1 0
388 87 9 1 0
389 49 15 1 0
390 17 34 0 -1
391 25 38 0 -1
392 98 3 0 -1
393 80 27 0 -1
394 23 31 -1 0
395 30 26 0 -1
396 19 33 1 0
397 60 7 -1 0
398 27 6 1 0
399 92 2 0 1
400 4 36 0 1
401 27 6 1 0
402 39 38 -1 0
403 43 22 -1 0
404 86 5 -1 0
405 47 32 0 1
406 60 21 0 -1
407 71 34 -1 0
408 26 30 -1 0
409 72 1 0 1
410 86 10 0 1
411 43 17 1 0
412 13 12 0 1
413 84 26 1 0
414 92 10 0 1
415 18 8 -1 0
416 59 0 0 1
417 24 5 -1 0
418 54 13 1 0
419 43 34 0 -1
420 56 16 0 1
421 58 36 0 -1
422 81 39 -1 0
423 47 7 -1 0
424 5 8 0 -1
425 98 30 0 1
426 17 30 0 -1
427 65 33 1 0
428 13 39 0 -1
429 82 20 -1 0
430 89 4 1 0
431 54 16 1 0
432 57 20 0 1
433 13 6 -1 0
434 24 24 -1 0
435 90 1 0 -1
436 72 39 1 0
437 46 18 0 -1
438 58 13 0 1
439 67 15 1 0
440 21 1 -1 0
441 1 24 -1 0
442 22 28 1 0
443 8 23 1 0
444 24 38 1 0
445 78 27 -1 0
446 0 7 1 0
447 6 11 0 -1
448 18 39 1 0
449 94 36 1 0
450 51 9 0 1
451 91 15 -1 0
452 23 18 1 0
453 23 20 0 1
454 26 0 0 -1
455 48 0 0 1
456 5 30 -1 0
457 42 34 0 -1
458 67 20 1 0
459 92 13 -1 0
460 29 26 1 0
461 58 35 -1 0
462 2 10 1 0
463 45 37 -1 0
464 43 2 0 -1
465 75 33 0 -1
466 82 6 0 1
467 95 31 1 0
468 51 37 0 -1
469 41 21 0 1
470 95 9 0 1
471 94 32 -1 0
472 30 5 -1 0
473 85 9 0 1
474 93 4 0 1
475 2 11 0 1
476 23 32 1 0
477 79 28 1 0
478 25 25 -1 0
479 33 27 -1 0
480 40 5 0 -1
481 86 15 0 1
482 41 22 0 1
483 98 26 0 -1
484 6 20 1 0
485 17 30 0 1
486 29 30 -1 0
487 43 4 -1 0
488 23 9 1 0
489 83 23 -1 0
490 95 36 0 1
491 75 5 -1 0
492 10 10 -1 0
493 95 32 -1 0
494 38 9 0 -1
495 45 29 0 -1
496 85 34 0 1
497 88 27 0 -1
498 14 7 0 1
499 14 39 0 1
500 86 13 0 -1
501 32 32 -1 0
502 70 3 -1 0
503 24 39 0 -1
504 15 22 1 0
505 9 23 -1 0
506 51 36 1 0
507 47 36 -1 0
508 89 30 -1 0
509 83 35 0 -1
510 47 20 1 0
511 13 37 0 -1
512 13 5 -1 0
513 14 19 1 0
514 79 32 -1 0
515 77 7 0 1
516 39 28 1 0
517 49 13 0 1
518 49 28 1 0
519 58 29 0 -1
520 91 23 0 -1
521 93 9 0 1
522 23 5 1 0
523 65 21 0 -1
524 1 36 -1 0
525 25 25 -1 0
526 55 24 0 1
527 46 17 -1 0
528 58 8 1 0
529 17 22 0 -1
530 87 11 0 1
531 43 37 -1 0
532 0 11 -1 0
533 7 18 1 0
534 0 1 1 0
535 23 4 0 1
536 81 21 1 0
537 51 8 -1 0
538 99 36 0 -1
539 59 19 0 -1
540 26 39 1 0
541 93 20 0 1
542 55 35 0 -1
543 55 4 0 1
544 47 33 -1 0
545 84 29 0 1
546 94 3 0 -1
547 43 1 1 0
548 26 29 0 1
549 53 20 0 1
550 95 29 1 0
551 56 2 0 1
552 15 3 -1 0
553 42 35 0 -1
554 3 6 1 0
555 90 16 1 0
556 43 31 0 1
557 89 38 0 -1
558 29 38 -1 0
559 75 3 0 -1
560 1 10 -1 0
561 19 11 -1 0
562 53 34 0 1
563 22 38 0 1
564 76 38 -1 0
565 59 37 0 1
566 2 38 0 1
567 94 8 0 1
568 60 5 0 -1
569 25 23 1 0
570 93 34 0 -1
571 7 13 -1 0
572 43 38 -1 0
573 37 2 1 0
574 12 18 0 -1
575 47 7 0 1
576 44 10 0 1
577 44 11 0 1
578 7 35 0 1
579 16 37 0 1
580 83 9 -1 0
581 68 4 0 -1
582 23 27 1 0
583 66 27 1 0
584 11 27 0 1
585 24 5 0 1
586 18 39 0 -1
587 89 15 1 0
588 4 20 0 -1
589 61 4 1 0
590 37 22 -1 0
591 97 35 -1 0
592 58 30 0 1
593 26 23 0 1
594 46 9 0 1
595 19 31 1 0
596 41 12 -1 0
597 98 11 0 -1
598 64 23 -1 0
599 66 23 0 1
600 27 34 -1 0
601 22 31 0 1
602 17 8 1 0
603 92 12 0 -1
604 19 32 1 0
605 94 19 0 1
606 30 14 1 0
607 35 19 0 1
608 82 1 1 0
609 9 19 0 -1
610 5 32 0 -1
611 77 17 0 -1
612 68 33 -1 0
613 82 23 0 1
614 94 8 0 -1
615 86 39 1 0
616 47 8 0 -1
617 59 31 1 0
618 7 1 1 0
619 21 27 0 -1
620 47 8 1 0
621 82 12 1 0
622 13 26 0 1
623 4 3 -1 0
624 11 1 0 -1
625 71 26 -1 0
626 9 23 0 -1
627 79 7 0 -1
628 21 26 1 0
629 91 2 0 -1
630 97 30 1 0
631 31 18 -1 0
632 47 4 0 -1
633 42 30 0 1
634 80 16 0 -1
635 53 28 -1 0
636 46 31 0 -1
637 81 19 -1 0
638 4 15 0 1
639 37 33 -1 0
640 96 11 0 -1
641 99 38 1 0
642 39 33 -1 0
643 13 5 -1 0
644 29 34 1 0
645 72 4 0 1
646 91 30 0 -1
647 78 21 0 -1
648 54 22 0 1
649 40 24 0 1
650 36 28 0 -1
651 35 3 -1 0
652 29 35 -1 0
653 41 3 -1 0
654 17 38 1 0
655 47 6 0 1
656 37 36 0 1
657 41 36 0 1
658 1 4 0 -1
659 22 34 0 1
660 8 25 0 1
661 86 18 1 0
662 21 29 0 1
663 69 1 0 -1
664 16 23 1 0
665 56 11 -1 0
666 8 25 1 0
667 63 37 -1 0
668 87 13 1 0
669 84 11 1 0
670 52 28 0 -1
671 43 12 0 -1
672 30 38 1 0
673 21 10 -1 0
674 81 0 0 1
675 15 9 1 0
676 20 1 -1 0
677 27 3 -1 0
678 25 15 0 1
679 50 1 0 1
680 52 30 -1 0
681 21 38 1 0
682 44 14 1 0
683 58 2 0 1
684 46 32 -1 0
685 53 1 0 -1
686 56 21 1 0
687 82 16 -1 0
688 17 33 1 0
689 50 12 -1 0
690 0 0 -1 0
691 73 14 -1 0
692 22 0 0 1
693 16 13 0 -1
694 62 17 0 1
695 2 18 -1 0
696 77 22 -1 0
697 59 11 0 1
698 50 5 0 1
699 40 8 0 -1
700 44 37 -1 0
701 25 11 0 1
702 42 20 0 1
703 16 1 -1 0
704 75 7 0 -1
705 47 29 0 -1
706 1 21 1 0
707 43 29 -1 0
708 24 34 -1 0
709 85 7 0 -1
710 25 5 0 -1
711 18 30 1 0
712 74 31 0 -1
713 22 2 0 -1
714 75 15 1 0
715 9 35 -1 0
716 22 37 1 0
717 77 11 1 0
718 19 19 0 -1
719 88 27 0 -1
720 90 1 0 1
721 8 30 0 1
722 56 14 0 1
723 21 31 0 -1
724 14 4 0 -1
725 79 12 0 1
726 50 3 0 -1
727 28 27 0 -1
728 46 2 1 0
729 69 0 0 -1
730 57 36 0 1
731 5 14 0 -1
732 85 14 0 1
733 20 35 1 0
734 71 16 -1 0
735 39 16 0 -1
736 88 26 1 0
737 25 26 0 -1
738 45 35 -1 0
739 62 19 -1 0
740 31 38 1 0
741 51 4 0 -1
742 27 38 0 1
743 92 12 0 1
744 19 37 0 -1
745 41 17 0 -1
746 99 38 1 0
747 14 39 1 0
748 36 37 -1 0
749 77 18 0 1
750 84 36 -1 0
751 39 34 -1 0
752 40 39 0 -1
753 21 34 -1 0
754 84 35 0 -1
755 3 26 1 0
756 17 35 1 0
757 27 12 0 -1
758 22 16 0 -1
759 87 8 -1 0
760 67 37 -1 0
761 92 10 0 -1
762 0 36 -1 0
763 24 30 0 -1
764 36 36 0 1
765 48 26 0 -1
766 52 17 0 1
767 21 11 0 -1
768 12 12 0 -1
769 46 12 0 1
770 65 31 -1 0
771 1 28 -1 0
772 24 36 0 1
773 37 18 0 -1
774 29 22 0 1
775 6 13 0 1
776 78 23 1 0
777 1 33 -1 0
778 23 11 1 0
779 47 12 0 1
780 1 34 0 -1
781 25 9 0 -1
782 59 28 -1 0
783 10 18 1 0
784 19 39 0 1
785 99 27 0 1
786 96 39 -1 0
787 90 19 1 0
788 17 4 0 -1
789 25 34 -1 0
790 28 29 0 -1
791 98 1 1 0
792 63 19 -1 0
793 2 13 -1 0
794 41 30 1 0
795 6 15 1 0
796 14 38 0 1
797 45 3 0 1
798 39 27 0 1
799 59 39 0 -1
800 73 33 0 1
801 84 24 0 -1
802 11 22 0 -1
803 96 3 1 0
804 16 28 -1 0
805 40 4 0 1
806 51 19 -1 0
807 14 4 0 -1
808 67 14 0 -1
809 9 11 1 0
810 21 27 0 1
811 96 30 1 0
812 8 6 1 0
813 18 29 -1 0
814 43 24 -1 0
815 78 18 0 -1
816 37 20 0 -1
817 64 5 0 1
818 53 10 0 1
819 40 39 -1 0
820 96 29 1 0
821 92 0 0 -1
822 66 32 1 0
823 61 36 0 1
824 89 35 -1 0
825 2 30 1 0
826 5 12 0 -1
827 1 10 0 1
828 8 21 0 -1
829 74 39 0 1
830 76 5 -1 0
831 38 18 -1 0
832 18 32 -1 0
833 98 8 0 1
834 54 27 1 0
835 38 17 -1 0
836 35 24 0 1
837 71 15 1 0
838 31 30 0 -1
839 76 1 1 0
840 71 26 1 0
841 11 26 1 0
842 29 16 0 -1
843 0 27 0 -1
844 19 30 1 0
845 16 2 0 1
846 20 7 0 1
847 72 13 1 0
848 73 1 1 0
849 47 29 0 -1
850 21 17 -1 0
851 45 22 0 -1
852 44 23 0 1
853 80 2 -1 0
854 2 37 0 -1
855 20 4 -1 0
856 54 30 -1 0
857 92 11 -1 0
858 54 37 -1 0
859 73 8 1 0
860 18 38 1 0
861 41 22 1 0
862 25 8 0 -1
863 93 35 0 1
864 25 16 -1 0
865 90 22 0 1
866 58 10 0 1
867 26 13 0 1
868 29 32 0 1
869 19 38 1 0
870 74 31 0 1
871 86 14 -1 0
872 98 29 -1 0
873 58 22 -1 0
874 46 20 0 1
875 53 7 -1 0
876 29 10 -1 0
877 95 22 -1 0
878 54 6 0 1
879 52 34 0 -1
880 41 11 1 0
881 89 26 0 -1
882 23 17 1 0
883 61 35 0 1
884 3 22 0 1
885 65 13 0 1
886 93 11 0 1
887 18 17 1 0
888 48 29 0 -1
889 44 5 1 0
890 21 32 -1 0
891 93 11 1 0
892 5 23 -1 0
893 1 10 0 1
894 85 37 1 0
895 83 25 -1 0
896 41 22 0 1
897 78 18 -1 0
898 85 27 -1 0
899 10 18 0 1
900 13 26 0 1
901 49 35 0 1
902 54 36 1 0
903 26 20 0 -1
904 87 22 -1 0
905 7 16 -1 0
906 86 25 1 0
907 68 31 0 1
908 43 14 0 -1
909 31 2 0 -1
910 27 36 0 -1
911 23 20 1 0
912 43 25 -1 0
913 14 0 -1 0
914 18 11 0 1
915 80 15 1 0
916 30 38 0 -1
917 30 19 0 -1
918 5 14 -1 0
919 44 21 1 0
920 77 1 1 0
921 22 4 0 -1
922 42 11 0 1
923 38 3 -1 0
924 26 23 0 -1
925 17 0 0 -1
926 37 30 0 1
927 7 37 0 -1
928 1 12 1 0
929 47 5 -1 0
930 11 1 1 0
931 48 29 -1 0
932 23 15 1 0
933 30 27 1 0
934 48 31 0 -1
935 12 12 0 -1
936 41 25 0 1
937 27 2 0 1
938 82 23 0 -1
939 41 37 -1 0
940 24 18 0 1
941 25 32 1 0
942 98 25 1 0
943 42 23 -1 0
944 62 38 1 0
945 15 18 0 -1
946 69 4 1 0
947 18 9 1 0
948 72 24 1 0
949 12 28 1 0
950 28 37 0 1
951 26 30 1 0
952 74 3 -1 0
953 51 1 1 0
954 11 18 0 1
955 34 26 0 1
956 22 30 0 -1
957 54 10 0 1
958 54 33 -1 0
959 91 5 0 1
960 18 29 0 1
961 49 22 1 0
962 45 28 1 0
963 18 1 0 1
964 75 10 1 0
965 71 22 -1 0
966 18 28 1 0
967 45 21 0 1
968 5 0 1 0
969 92 28 0 -1
970 10 32 0 -1
971 28 30 1 0
972 49 5 0 -1
973 59 19 -1 0
974 26 14 1 0
975 45 1 1 0
976 21 11 1 0
977 79 23 0 -1
978 20 10 1 0
979 22 20 0 1
980 6 17 1 0
981 57 0 0 1
982 91 11 1 0
983 2 32 0 1
984 81 33 0 -1
985 2 35 0 1
986 42 8 -1 0
987 42 15 -1 0
988 24 31 1 0
989 18 11 0 1
990 39 2 0 1
991 46 30 1 0
992 11 0 1 0
993 14 33 -1 0
994 4 7 0 1
995 43 12 1 0
996 45 26 1 0
997 83 27 1 0
998 74 36 0 1
999 0 5 1 0
1000 99 35 0 -1
1001 21 23 0 -1
1002 53 27 0 1
1003 93 29 1 0
1004 43 2 0 -1
1005 64 9 0 1
1006 46 5 -1 0
1007 53 11 0 1
1008 25 38 0 -1
1009 98 9 1 0
1010 96 20 1 0
1011 17 37 1 0
1012 37 21 0 1
1013 26 4 0 1
1014 5 22 0 -1
1015 64 14 -1 0
1016 0 7 0 -1
1017 95 10 -1 0
1018 23 36 0 1
1019 79 2 1 0
1020 3 22 0 -1
1021 57 1 -1 0
1022 28 17 0 1
1023 19 4 1 0
1024 40 26 1 0
1025 44 12 -1 0
1026 0 18 0 -1
1027 14 5 0 1
1028 50 4 0 -1
1029 52 38 0 -1
1030 26 21 0 -1
1031 21 35 -1 0
1032 93 26 -1 0
1033 47 14 0 -1
1034 14 30 0 -1
1035 47 16 0 -1
1036 9 5 -1 0
1037 97 16 -1 0
1038 93 6 0 -1
1039 14 13 0 -1
1040 87 0 1 0
1041 22 39 0 -1
1042 2 18 -1 0
1043 45 5 1 0
1044 42 4 1 0
1045 76 3 0 1
1046 64 7 0 -1
1047 68 38 -1 0
1048 5 37 0 -1
1049 52 26 -1 0
1050 16 10 0 -1
1051 16 14 0 1
1052 59 35 -1 0
1053 52 30 0 -1
1054 54 6 -1 0
1055 91 0 0 -1
1056 50 17 1 0
1057 16 33 0 -1
1058 7 9 0 -1
1059 76 17 0 1
1060 78 10 0 1
1061 22 13 0 1
1062 76 32 -1 0
1063 91 14 0 1
1064 4 17 0 1
1065 61 36 0 -1
1066 47 19 1 0
1067 30 1 -1 0
1068 15 9 0 1
1069 91 17 0 -1
1070 0 7 1 0
1071 16 18 0 1
1072 91 22 0 -1
1073 37 23 1 0
1074 73 7 -1 0
1075 80 8 0 -1
1076 45 3 0 1
1077 8 27 0 -1
1078 76 31 0 -1
1079 38 28 -1 0
1080 87 3 1 0
1081 86 19 0 -1
1082 87 19 -1 0
1083 25 31 0 -1
1084 91 28 0 -1
1085 19 24 0 -1
1086 0 39 -1 0
1087 43 8 0 1
1088 23 28 0 -1
1089 69 2 -1 0
1090 49 8 0 -1
1091 74 37 1 0
1092 81 33 0 -1
1093 27 12 1 0
1094 48 19 -1 0
1095 47 23 0 -1
1096 19 13 1 0
1097 25 12 0 -1
1098 66 23 1 0
1099 22 19 1 0
1100 21 6 1 0
1101 76 30 0 1
1102 85 22 0 -1
1103 41 16 0 1
1104 39 12 -1 0
1105 93 15 1 0
1106 9 1 -1 0
1107 44 22 -1 0
1108 90 26 1 0
1109 63 30 1 0
1110 91 35 0 1
1111 94 25 1 0
1112 77 23 -1 0
1113 91 21 1 0
1114 25 39 1 0
1115 40 22 0 1
1116 16 27 0 1
1117 12 37 1 0
1118 12 15 0 -1
1119 22 16 0 1
1120 30 39 -1 0
1121 51 23 0 -1
1122 72 31 -1 0
1123 88 18 1 0
1124 49 10 1 0
1125 83 8 0 -1
1126 31 24 0 -1
1127 11 4 -1 0
1128 21 35 0 -1
1129 29 36 0 1
1130 53 30 1 0
1131 70 37 0 1
1132 43 18 0 -1
1133 27 16 -1 0
1134 96 32 -1 0
1135 16 24 0 1
1136 51 31 -1 0
1137 23 18 1 0
1138 8 36 0 -1
1139 8 13 0 1
1140 28 6 0 -1
1141 27 38 -1 0
1142 15 31 0 -1
1143 17 38 -1 0
1144 63 34 -1 0
1145 74 36 1 0
1146 66 26 0 -1
1147 57 9 0 -1
1148 94 25 1 0
1149 78 28 -1 0
1150 82 21 -1 0
1151 6 7 -1 0
1152 86 20 0 -1
1153 1 32 0 1
1154 73 34 0 -1
1155 19 13 1 0
1156 95 5 1 0
1157 18 15 0 -1
1158 22 19 0 1
1159 67 30 1 0
1160 92 9 0 1
1161 60 13 0 1
1162 27 16 -1 0
1163 10 24 1 0
1164 57 16 -1 0
1165 26 19 1 0
1166 55 10 0 -1
1167 44 28 -1 0
1168 43 19 0 -1
1169 5 35 1 0
1170 73 39 1 0
1171 47 2 0 -1
1172 39 16 -1 0
1173 93 33 0 -1
1174 21 20 1 0
1175 48 17 -1 0
1176 19 27 0 1
1177 36 14 0 1
1178 21 22 0 1
1179 10 35 1 0
1180 75 28 1 0
1181 97 5 0 1
1182 14 1 0 -1
1183 87 25 0 -1
1184 20 29 -1 0
1185 98 30 0 -1
1186 42 19 0 1
1187 63 19 -1 0
1188 16 9 1 0
1189 2 37 1 0
1190 96 36 -1 0
1191 15 10 1 0
1192 2 11 -1 0
1193 27 35 1 0
1194 45 16 1 0
1195 9 7 1 0
1196 90 5 -1 0
1197 51 39 0 -1
1198 11 33 -1 0
1199 11 21 -1 0
1200 46 23 0 1
1201 93 30 -1 0
1202 13 31 1 0
1203 45 34 -1 0
1204 42 28 -1 0
1205 19 39 0 -1
1206 11 18 0 1
1207 17 20 1 0
1208 73 22 -1 0
1209 20 13 0 1
1210 71 35 0 1
1211 88 14 0 -1
1212 72 0 -1 0
1213 15 19 1 0
1214 26 38 0 1
1215 56 12 0 1
1216 79 20 0 1
1217 73 30 0 1
1218 82 32 0 1
1219 30 0 1 0
1220 81 21 -1 0
1221 96 5 0 1
1222 87 22 0 -1
1223 15 8 0 1
1224 19 15 -1 0
1225 17 6 0 -1
1226 14 9 0 1
1227 8 37 -1 0
1228 60 38 0 -1
1229 56 7 1 0
1230 68 1 1 0
1231 42 1 1 0
1232 19 8 -1 0
1233 13 14 1 0
1234 4 16 0 -1
1235 56 20 0 1
1236 5 22 1 0
1237 40 33 0 -1
1238 25 29 0 -1
1239 90 12 0 -1
1240 38 38 -1 0
1241 74 9 -1 0
1242 52 24 0 1
1243 78 15 -1 0
1244 0 17 0 -1
1245 92 22 -1 0
1246 76 17 1 0
1247 16 38 1 0
1248 14 2 0 1
1249 29 16 0 -1
1250 56 4 -1 0
1251 2 25 0 1
1252 22 27 1 0
1253 87 34 1 0
1254 48 18 0 -1
1255 47 16 -1 0
1256 84 4 0 -1
1257 55 16 1 0
1258 13 15 1 0
1259 18 36 0 1
1260 21 2 1 0
1261 86 19 0 -1
1262 0 30 1 0
1263 20 6 0 1
1264 95 12 1 0
1265 83 11 -1 0
1266 85 31 -1 0
1267 14 19 0 1
1268 27 4 1 0
1269 48 30 0 1
1270 64 24 0 1
1271 19 27 -1 0
1272 23 13 -1 0
1273 48 31 -1 0
1274 26 14 1 0
1275 95 30 0 1
1276 17 39 0 -1
1277 40 8 0 1
1278 91 0 1 0
1279 41 12 0 -1
1280 81 26 -1 0
1281 41 10 0 1
1282 27 3 -1 0
1283 11 19 0 1
1284 40 27 -1 0
1285 25 10 1 0
1286 67 28 -1 0
1287 24 8 0 1
1288 23 37 1 0
1289 39 2 0 -1
1290 39 39 1 0
1291 52 3 1 0
1292 41 18 0 -1
1293 86 4 0 -1
1294 15 20 0 -1
1295 15 15 0 1
1296 29 19 -1 0
1297 53 32 0 1
1298 45 11 1 0
1299 24 10 0 1
1300 10 13 -1 0
1301 59 38 -1 0
1302 12 36 0 1
1303 48 21 0 -1
1304 4 15 0 1
1305 14 17 -1 0
1306 57 32 0 1
1307 38 13 0 1
1308 53 11 0 -1
1309 82 3 -1 0
1310 41 28 1 0
1311 46 24 0 -1
1312 41 33 -1 0
1313 22 0 -1 0
1314 8 24 1 0
1315 21 0 -1 0
1316 22 30 1 0
1317 49 9 -1 0
1318 58 29 1 0
1319 66 11 0 -1
1320 42 13 -1 0
1321 10 10 1 0
1322 28 33 0 -1
1323 40 9 1 0
1324 39 27 -1 0
1325 6 8 -1 0
1326 17 36 0 -1
1327 19 22 0 1
1328 27 7 0 -1
1329 7 1 1 0
1330 26 34 0 1
1331 24 18 0 1
1332 10 38 0 -1
1333 46 9 -1 0
1334 44 21 -1 0
1335 79 34 0 1
1336 20 8 -1 0
1337 53 24 0 1
1338 88 15 1 0
1339 21 22 0 1
1340 86 32 1 0
1341 37 30 0 1
1342 41 16 1 0
1343 45 0 0 1
1344 43 9 1 0
1345 6 19 1 0
1346 77 9 0 -1
1347 31 9 0 1
1348 95 30 1 0
1349 16 14 0 -1
1350 25 10 0 -1
1351 30 2 0 1
1352 29 19 0 -1
1353 43 9 -1 0
1354 79 26 -1 0
1355 46 5 1 0
1356 60 11 0 -1
1357 82 16 -1 0
1358 82 22 0 1
1359 66 29 0 1
1360 37 24 0 -1
1361 83 32 0 1
1362 51 22 0 -1
1363 32 33 1 0
1364 86 13 0 -1
1365 53 10 0 1
1366 19 11 0 -1
1367 46 35 -1 0
1368 58 9 -1 0
1369 4 21 0 -1
1370 22 34 -1 0
1371 97 23 1 0
1372 24 39 0 -1
1373 40 20 0 1
1374 18 34 0 -1
1375 45 25 1 0
1376 74 19 1 0
1377 21 16 0 -1
1378 75 30 1 0
1379 42 14 -1 0
1380 27 7 0 -1
1381 0 0 1 0
1382 38 1 0 -1
1383 20 14 -1 0
1384 30 9 -1 0
1385 28 13 -1 0
1386 4 4 -1 0
1387 51 6 0 -1
1388 99 23 0 -1
1389 78 16 0 1
1390 61 33 -1 0
1391 54 11 -1 0
1392 25 31 1 0
1393 56 23 0 1
1394 98 31 0 -1
1395 12 16 0 1
1396 82 29 0 -1
1397 7 35 -1 0
1398 14 8 1 0
1399 95 31 1 0
1400 36 19 0 1
1401 91 26 0 -1
1402 66 29 1 0
1403 17 33 0 1
1404 97 39 -1 0
1405 28 39 0 1
1406 96 21 -1 0
1407 36 8 -1 0
1408 64 36 1 0
1409 99 37 0 1
1410 69 37 -1 0
1411 88 25 0 1
1412 37 21 -1 0
1413 77 29 0 -1
1414 39 5 0 1
1415 2 28 -1 0
1416 30 36 0 -1
1417 87 13 0 1
1418 57 2 0 -1
1419 23 21 0 1
1420 2 27 0 -1
1421 21 4 0 1
1422 90 8 1 0
1423 2 21 -1 0
1424 11 36 1 0
1425 49 12 0 -1
1426 38 39 0 -1
1427 45 26 0 -1
1428 44 11 0 1
1429 43 34 0 -1
1430 11 22 1 0
1431 24 30 -1 0
1432 95 20 0 1
1433 42 17 0 1
1434 6 28 0 1
1435 63 8 1 0
1436 27 2 0 1
1437 15 38 0 1
1438 69 38 0 1
1439 19 3 0 -1
1440 96 21 -1 0
1441 63 18 1 0
1442 46 10 0 -1
1443 8 37 0 -1
1444 24 29 0 1
1445 86 32 -1 0
1446 9 30 1 0
1447 48 21 0 -1
1448 1 7 -1 0
1449 91 29 0 -1
1450 67 26 0 1
1451 71 16 0 1
1452 48 38 -1 0
1453 59 29 0 1
1454 76 11 -1 0
1455 75 23 0 1
1456 26 16 0 1
1457 66 5 -1 0
1458 1 15 0 1
1459 74 39 -1 0
1460 47 9 -1 0
1461 26 25 -1 0
1462 98 37 -1 0
1463 79 12 0 1
1464 24 2 0 1
1465 24 7 0 -1
1466 40 18 0 -1
1467 37 0 -1 0
1468 86 12 0 1
1469 85 15 0 1
1470 12 10 -1 0
1471 5 23 -1 0
1472 85 14 1 0
1473 35 23 0 -1
1474 38 8 0 -1
1475 6 9 0 1
1476 95 18 0 -1
1477 29 31 0 1
1478 89 15 -1 0
1479 48 17 1 0
1480 64 3 0 -1
1481 39 6 1 0
1482 54 26 -1 0
1483 82 13 0 -1
1484 37 37 -1 0
1485 0 1 -1 0
1486 50 32 0 1
1487 44 0 1 0
1488 94 3 0 1
1489 43 27 -1 0
1490 44 3 -1 0
1491 96 2 0 1
1492 85 11 1 0
1493 24 4 0 1
1494 99 15 -1 0
1495 88 24 -1 0
1496 49 6 0 -1
1497 7 2 1 0
1498 91 17 1 0
1499 99 9 0 1
1500 89 16 0 -1
1501 56 8 -1 0
1502 22 37 0 -1
1503 73 27 1 0
1504 20 28 0 -1
1505 23 39 -1 0
1506 71 36 0 1
1507 87 27 0 -1
1508 5 33 0 -1
1509 42 18 1 0
1510 13 15 0 -1
1511 92 2 0 1
1512 48 29 0 1
1513 98 31 -1 0
1514 12 20 0 1
1515 41 10 0 1
1516 7 38 0 -1
1517 63 37 -1 0
1518 41 15 0 1
1519 95 21 0 -1
1520 59 7 1 0
1521 1 27 0 1
1522 78 17 0 -1
1523 40 24 0 1
1524 47 17 -1 0
1525 80 17 0 -1
1526 26 12 0 1
1527 83 30 1 0
1528 22 10 1 0
1529 8 12 -1 0
1530 18 25 0 -1
1531 39 10 0 1
1532 5 6 1 0
1533 8 32 -1 0
1534 28 4 0 -1
1535 91 14 -1 0
1536 10 15 0 -1
1537 16 19 1 0
1538 18 25 0 1
1539 20 27 0 1
1540 14 19 1 0
1541 90 25 0 -1
1542 85 3 -1 0
1543 75 28 0 -1
1544 40 36 0 -1
1545 15 19 0 1
1546 73 4 0 -1
1547 39 3 0 -1
1548 39 37 1 0
1549 14 9 1 0
1550 26 10 -1 0
1551 52 24 1 0
1552 13 7 0 1
1553 90 0 1 0
1554 43 21 0 -1
1555 18 23 0 1
1556 15 36 0 1
1557 90 35 0 -1
1558 28 0 -1 0
1559 95 33 1 0
1560 8 10 0 -1
1561 43 5 0 -1
1562 88 12 0 -1
1563 24 1 -1 0
1564 55 31 1 0
1565 44 0 0 -1
1566 98 15 -1 0
1567 39 1 0 -1
1568 11 39 1 0
1569 92 35 0 -1
1570 66 30 1 0
1571 26 18 -1 0
1572 9 38 1 0
1573 27 17 -1 0
1574 21 5 0 1
1575 26 7 1 0
1576 45 35 0 1
1577 98 30 0 1
1578 10 26 0 1
1579 94 21 1 0
1580 16 25 0 -1
1581 5 7 1 0
1582 88 0 0 1
1583 51 30 0 1
1584 90 39 0 1
1585 13 36 1 0
1586 83 14 1 0
1587 19 29 1 0
1588 77 14 0 -1
1589 39 5 0 -1
1590 17 24 1 0
1591 80 26 0 1
1592 51 30 0 -1
1593 4 25 0 -1
1594 46 5 0 1
1595 27 19 0 1
1596 26 15 0 -1
1597 83 6 0 1
1598 68 38 -1 0
1599 44 3 -1 0
1600 30 12 1 0
1601 25 11 0 -1
1602 36 39 0 1
1603 10 32 0 -1
1604 41 33 0 -1
1605 0 26 0 -1
1606 96 20 -1 0
1607 37 27 0 1
1608 88 34 0 1
1609 38 17 1 0
1610 95 15 -1 0
1611 40 9 0 1
1612 41 31 -1 0
1613 47 37 1 0
1614 41 23 1 0
1615 51 34 1 0
1616 86 11 0 -1
1617 20 16 -1 0
1618 11 38 1 0
1619 65 2 -1 0
1620 66 31 1 0
1621 88 23 1 0
1622 37 39 1 0
1623 68 24 1 0
1624 73 8 0 1
1625 59 2 0 -1
1626 72 29 1 0
1627 18 9 0 -1
1628 46 32 0 -1
1629 93 1 0 -1
1630 92 33 0 -1
1631 80 20 -1 0
1632 96 26 0 -1
1633 18 4 0 1
1634 17 27 0 -1
1635 49 14 0 1
1636 84 17 0 1
1637 40 31 0 -1
1638 58 37 -1 0
1639 26 5 0 -1
1640 43 2 0 -1
1641 43 26 0 1
1642 51 0 1 0
1643 28 16 0 -1
1644 26 7 0 1
1645 41 34 0 1
1646 51 36 0 -1
1647 41 4 0 -1
1648 14 0 0 -1
1649 90 19 0 1
1650 54 27 -1 0
1651 11 10 1 0
1652 65 0 0 1
1653 75 27 0 1
1654 41 39 0 1
1655 92 31 -1 0
1656 26 27 -1 0
1657 45 1 0 -1
1658 25 17 1 0
1659 48 27 -1 0
1660 7 23 0 1
1661 27 21 -1 0
1662 82 26 0 -1
1663 57 10 0 -1
1664 90 24 0 -1
1665 44 21 -1 0
1666 61 31 1 0
1667 52 34 -1 0
1668 89 17 1 0
1669 62 28 0 1
1670 56 2 0 -1
1671 78 10 1 0
1672 94 10 1 0
1673 86 23 0 -1
1674 48 7 0 1
1675 46 0 0 -1
1676 6 12 -1 0
1677 62 25 -1 0
1678 17 30 0 1
1679 25 16 0 -1
1680 8 15 1 0
1681 7 2 0 -1
1682 75 23 0 1
1683 79 30 1 0
1684 4 16 1 0
1685 18 12 -1 0
1686 54 24 0 -1
1687 63 34 0 -1
1688 45 0 -1 0
1689 25 20 0 1
1690 75 34 1 0
1691 93 19 -1 0
1692 16 38 -1 0
1693 80 6 0 -1
1694 14 36 -1 0
1695 81 34 -1 0
1696 89 37 0 -1
1697 58 7 0 1
1698 37 21 -1 0
1699 58 5 0 -1
1700 78 27 -1 0
1701 52 12 0 1
1702 46 24 0 1
1703 0 16 -1 0
1704 28 18 0 1
1705 25 30 1 0
1706 23 16 1 0
1707 12 17 0 1
1708 37 18 0 1
1709 86 16 1 0
1710 29 18 0 -1
1711 41 4 0 1
1712 50 14 1 0
1713 9 25 0 1
1714 5 17 -1 0
1715 11 36 -1 0
1716 22 38 0 -1
1717 88 4 0 -1
1718 70 26 1 0
1719 49 15 1 0
1720 2 24 -1 0
1721 38 21 -1 0
1722 0 30 0 -1
1723 42 38 0 1
1724 30 10 -1 0
1725 89 0 0 -1
1726 9 30 -1 0
1727 23 12 -1 0
1728 7 7 0 -1
1729 4 33 0 1
1730 90 15 -1 0
1731 90 29 1 0
1732 77 34 1 0
1733 67 15 0 1
1734 3 38 -1 0
1735 44 13 0 -1
1736 98 28 1 0
1737 55 29 0 -1
1738 5 9 1 0
1739 7 8 -1 0
1740 2 8 -1 0
1741 55 26 -1 0
1742 85 34 0 -1
1743 85 30 0 1
1744 40 38 1 0
1745 94 32 0 -1
1746 55 2 0 -1
1747 8 34 0 1
1748 50 19 1 0
1749 98 0 0 -1
1750 71 15 -1 0
1751 98 18 -1 0
1752 97 7 0 1
1753 42 3 0 -1
1754 23 23 0 -1
1755 6 2 0 -1
1756 3 2 0 1
1757 81 31 0 -1
1758 49 36 1 0
1759 72 18 0 1
1760 61 33 0 -1
1761 20 15 0 1
1762 36 25 0 1
1763 58 24 0 1
1764 95 24 0 -1
1765 50 2 0 1
1766 46 26 0 1
1767 85 35 0 -1
1768 15 8 -1 0
1769 93 27 -1 0
1770 5 8 1 0
1771 30 7 -1 0
1772 69 4 -1 0
1773 41 9 -1 0
1774 42 16 -1 0
1775 10 33 0 -1
1776 95 19 0 -1
1777 64 34 -1 0
1778 12 1 0 1
1779 60 3 0 1
1780 84 34 0 -1
1781 18 24 0 -1
1782 86 8 0 -1
1783 5 35 0 1
1784 42 31 0 1
1785 37 17 1 0
1786 74 33 0 1
1787 95 9 1 0
1788 56 21 0 1
1789 18 11 0 1
1790 45 33 -1 0
1791 45 0 0 -1
1792 98 10 1 0
1793 52 7 1 0
1794 11 20 1 0
1795 26 28 0 1
1796 83 23 0 -1
1797 66 30 1 0
1798 90 12 -1 0
1799 14 14 0 1
1800 81 24 -1 0
1801 89 22 0 -1
1802 14 3 1 0
1803 77 15 1 0
1804 12 36 0 1
1805 23 37 1 0
1806 65 2 0 -1
1807 51 12 0 -1
1808 82 33 -1 0
1809 23 3 1 0
1810 2 1 1 0
1811 40 22 -1 0
1812 64 29 1 0
1813 12 18 0 1
1814 17 25 0 -1
1815 20 27 1 0
1816 10 28 1 0
1817 93 35 0 -1
1818 7 2 0 -1
1819 98 7 0 -1
1820 46 30 0 -1
1821 86 15 -1 0
1822 60 38 0 1
1823 37 1 0 -1
1824 80 12 0 -1
1825 43 15 0 1
1826 72 16 -1 0
1827 79 5 -1 0
1828 17 23 0 1
1829 10 24 0 1
1830 72 24 1 0
1831 82 0 0 1
1832 78 39 0 -1
1833 94 31 0 -1
1834 63 18 0 -1
1835 49 2 -1 0
1836 38 36 -1 0
1837 42 9 0 1
1838 50 6 -1 0
1839 72 21 0 1
1840 69 2 -1 0
1841 77 26 0 -1
1842 21 18 -1 0
1843 93 25 0 1
1844 53 22 0 -1
1845 91 39 0 1
1846 64 29 0 -1
1847 11 32 -1 0
1848 30 0 1 0
1849 45 20 -1 0
1850 45 39 1 0
1851 47 28 0 1
1852 42 12 -1 0
1853 50 2 1 0
1854 26 21 0 -1
1855 28 30 0 1
1856 26 9 0 -1
1857 22 12 0 1
1858 80 15 0 1
1859 28 34 0 -1
1860 18 16 -1 0
1861 72 16 -1 0
1862 12 6 0 1
1863 62 33 0 -1
1864 67 30 1 0
1865 49 4 1 0
1866 74 6 0 -1
1867 62 18 -1 0
1868 73 31 0 1
1869 10 1 0 1
1870 76 23 0 1
1871 96 15 1 0
1872 44 6 -1 0
1873 89 8 0 -1
1874 24 10 -1 0
1875 17 31 0 -1
1876 28 4 -1 0
1877 19 16 1 0
1878 23 36 1 0
1879 78 32 -1 0
1880 81 15 1 0
1881 96 1 -1 0
1882 87 4 0 -1
1883 47 4 -1 0
1884 4 8 -1 0
1885 11 8 0 -1
1886 77 17 -1 0
1887 47 2 -1 0
1888 37 0 0 1
1889 80 18 0 -1
1890 97 33 0 -1
1891 41 17 -1 0
1892 20 30 -1 0
1893 52 39 0 1
1894 23 2 1 0
1895 55 33 0 -1
1896 58 31 0 1
1897 6 30 0 1
1898 45 28 0 1
1899 15 29 0 -1
1900 12 22 -1 0
1901 21 39 1 0
1902 68 35 1 0
1903 78 27 0 -1
1904 25 26 1 0
1905 25 38 1 0
1906 89 4 1 0
1907 37 27 1 0
1908 47 37 0 1
1909 95 4 1 0
1910 4 21 0 -1
1911 51 24 0 -1
1912 89 10 0 1
1913 20 22 -1 0
1914 11 20 -1 0
1915 7 9 0 1
1916 93 1 0 1
1917 3 20 0 -1
1918 40 24 -1 0
1919 75 14 -1 0
1920 44 31 -1 0
1921 23 5 -1 0
1922 4 9 -1 0
1923 0 20 1 0
1924 75 2 -1 0
1925 22 39 0 1
1926 12 30 -1 0
1927 90 30 -1 0
1928 67 36 0 -1
1929 90 26 0 -1
1930 3 18 -1 0
1931 89 4 -1 0
1932 44 17 0 -1
1933 98 6 1 0
1934 26 34 0 1
1935 22 31 0 -1
1936 50 22 0 1
1937 79 0 0 1
1938 29 31 1 0
1939 39 20 0 1
1940 14 20 -1 0
1941 41 8 0 1
1942 5 7 -1 0
1943 96 13 0 -1
1944 38 1 1 0
1945 72 30 1 0
1946 52 21 0 1
1947 64 12 -1 0
1948 73 26 0 -1
1949 1 36 1 0
1950 27 11 0 1
1951 49 18 -1 0
1952 48 3 0 1
1953 89 28 1 0
1954 84 25 1 0
1955 95 19 1 0
1956 99 8 0 1
1957 18 29 1 0
1958 29 14 -1 0
1959 4 20 0 -1
1960 81 24 0 1
1961 18 12 0 -1
1962 45 28 0 -1
1963 39 33 -1 0
1964 93 20 -1 0
1965 11 0 -1 0
1966 20 14 0 -1
1967 89 1 0 -1
1968 84 1 -1 0
1969 15 27 0 1
1970 9 39 1 0
1971 66 37 -1 0
1972 90 9 -1 0
1973 90 10 1 0
1974 21 18 1 0
1975 95 20 0 1
1976 5 21 0 1
1977 85 36 1 0
1978 20 33 0 -1
1979 99 24 -1 0
1980 74 5 -1 0
1981 26 6 1 0
1982 9 35 0 -1
1983 98 10 1 0
1984 67 1 1 0
1985 81 28 0 1
1986 89 16 0 1
1987 67 21 1 0
1988 29 5 0 1
1989 0 25 0 -1
1990 28 24 0 1
1991 22 19 0 1
1992 4 35 1 0
1993 42 11 -1 0
1994 55 22 0 -1
1995 24 27 1 0
1996 10 11 -1 0
1997 0 0 0 -1
1998 31 3 -1 0
1999 89 6 0 -1
2000 11 9 0 1
2001 88 29 0 -1
2002 60 28 -1 0
2003 43 20 -1 0
2004 77 37 1 0
2005 61 6 -1 0
2006 6 22 -1 0
2007 90 19 -1 0
2008 54 21 0 -1
2009 58 6 -1 0
2010 31 29 -1 0
2011 59 18 0 -1
2012 78 8 -1 0
2013 1 0 0 1
2014 10 17 1 0
2015 51 25 1 0
2016 95 4 1 0
2017 16 3 1 0
2018 4 15 -1 0
2019 27 3 1 0
2020 64 14 1 0
2021 48 20 0 1
2022 85 29 0 -1
2023 78 29 1 0
2024 15 29 -1 0
2025 22 33 -1 0
2026 22 16 -1 0
2027 35 32 0 -1
2028 85 32 0 -1
2029 17 21 0 -1
2030 39 32 -1 0
2031 12 19 1 0
2032 21 30 1 0
2033 89 29 0 1
2034 20 19 0 1
2035 38 14 -1 0
2036 93 21 0 -1
2037 60 8 0 -1
2038 87 28 1 0
2039 5 20 1 0
2040 64 28 1 0
2041 1 3 0 -1
2042 84 31 0 1
2043 38 16 0 -1
2044 24 12 1 0
2045 21 14 0 -1
2046 45 25 0 1
2047 24 30 1 0
2048 96 1 -1 0
2049 84 29 -1 0
2050 86 2 -1 0
2051 6 0 -1 0
2052 15 32 -1 0
2053 15 39 1 0
2054 86 0 0 -1
2055 8 17 1 0
2056 47 14 0 1
2057 17 1 0 -1
2058 93 4 0 1
2059 98 18 0 1
2060 4 1 1 0
2061 52 27 -1 0
2062 42 2 1 0
2063 18 27 0 1
2064 24 26 0 1
2065 50 2 1 0
2066 51 27 0 1
2067 25 13 0 -1
2068 80 22 0 -1
2069 51 6 -1 0
2070 83 9 -1 0
2071 25 31 0 1
2072 97 20 0 1
2073 69 22 0 1
2074 21 5 0 1
2075 80 6 0 -1
2076 74 5 0 -1
2077 54 5 0 1
2078 80 0 -1 0
2079 97 35 0 1
2080 0 38 0 -1
2081 30 37 0 1
2082 48 11 1 0
2083 41 6 0 1
2084 41 34 1 0
2085 37 4 0 -1
2086 15 32 0 1
2087 99 3 1 0
2088 20 0 -1 0
2089 87 21 0 -1
2090 36 27 -1 0
2091 12 9 0 1
2092 90 18 0 1
2093 25 14 0 1
2094 69 3 -1 0
2095 6 32 0 1
2096 51 34 -1 0
2097 91 2 1 0
2098 76 19 1 0
2099 72 5 0 -1
2100 26 12 0 -1
2101 12 3 1 0
2102 87 1 0 -1
2103 49 35 0 1
2104 93 26 0 1
2105 56 26 1 0
2106 8 32 0 -1
2107 45 6 0 -1
2108 84 4 -1 0
2109 41 11 0 1
2110 53 5 -1 0
2111 1 8 -1 0
2112 17 17 0 1
2113 0 12 1 0
2114 38 34 0 1
2115 29 8 0 -1
2116 85 20 0 -1
2117 39 38 1 0
2118 44 1 1 0
2119 67 22 0 -1
2120 23 6 0 1
2121 49 14 1 0
2122 66 11 0 -1
2123 36 14 1 0
2124 89 31 0 -1
2125 4 36 0 -1
2126 2 16 0 -1
2127 25 7 0 1
2128 93 23 1 0
2129 37 27 -1 0
2130 21 38 0 1
2131 28 26 1 0
2132 23 9 1 0
2133 35 24 1 0
2134 90 3 -1 0
2135 23 35 0 -1
2136 1 20 -1 0
2137 73 22 0 1
2138 58 34 0 -1
2139 39 25 0 1
2140 46 10 1 0
2141 54 22 0 -1
2142 50 8 0 -1
2143 90 8 0 -1
2144 94 11 -1 0
2145 27 4 1 0
2146 71 37 1 0
2147 87 39 -1 0
2148 10 30 1 0
2149 23 24 0 -1
2150 45 9 0 1
2151 19 6 -1 0
2152 80 27 0 -1
2153 2 19 1 0
2154 39 35 -1 0
2155 20 37 1 0
2156 28 36 -1 0
2157 46 33 -1 0
2158 44 35 0 -1
2159 39 34 0 1
2160 21 15 1 0
2161 5 17 0 1
2162 28 3 -1 0
2163 99 21 1 0
2164 10 23 0 1
2165 74 18 1 0
2166 89 19 0 -1
2167 48 22 0 1
2168 3 19 1 0
2169 23 25 1 0
2170 16 17 0 1
2171 12 17 -1 0
2172 53 0 0 1
2173 87 6 0 -1
2174 79 15 1 0
2175 25 21 -1 0
2176 49 0 1 0
2177 42 18 0 -1
2178 17 1 -1 0
2179 88 21 0 -1
2180 0 21 1 0
2181 46 6 -1 0
2182 95 7 1 0
2183 44 33 1 0
2184 19 23 0 1
2185 26 2 0 -1
2186 80 15 0 -1
2187 88 28 0 1
2188 87 34 0 -1
2189 39 21 0 1
2190 67 21 0 1
2191 45 31 0 1
2192 24 35 -1 0
2193 17 31 1 0
2194 27 23 0 -1
2195 81 10 0 -1
2196 15 17 -1 0
2197 58 30 0 -1
2198 27 34 1 0
2199 11 18 0 1
2200 45 32 1 0
2201 28 31 0 1
2202 20 38 0 1
2203 85 24 1 0
2204 97 33 1 0
2205 27 2 1 0
2206 9 27 0 1
2207 38 0 0 1
2208 43 1 0 1
2209 52 33 1 0
2210 6 26 1 0
2211 97 0 0 1
2212 89 38 0 -1
2213 22 36 0 1
2214 84 24 1 0
2215 46 28 1 0
2216 27 4 0 -1
2217 28 38 -1 0
2218 61 5 1 0
2219 77 30 1 0
2220 22 6 1 0
2221 30 28 -1 0
2222 53 29 0 -1
2223 48 5 0 1
2224 23 8 0 1
2225 46 3 0 1
2226 48 28 0 1
2227 85 21 0 1
2228 43 8 1 0
2229 51 11 -1 0
2230 2 17 0 1
2231 9 17 0 -1
2232 15 20 0 -1
2233 44 26 0 -1
2234 99 10 0 1
2235 37 28 0 -1
2236 29 24 0 -1
2237 97 32 0 -1
2238 24 38 1 0
2239 29 6 1 0
2240 44 1 1 0
2241 4 37 -1 0
2242 55 35 -1 0
2243 69 1 -1 0
2244 57 0 0 -1
2245 48 1 -1 0
2246 87 24 0 -1
2247 41 38 -1 0
2248 24 17 0 -1
2249 51 3 0 -1
2250 65 11 -1 0
2251 26 22 0 1
2252 98 25 1 0
2253 12 1 -1 0
2254 31 25 -1 0
2255 15 28 0 1
2256 91 20 0 -1
2257 60 22 -1 0
2258 24 15 0 1
2259 59 10 0 1
2260 25 34 1 0
2261 0 14 0 1
2262 43 15 1 0
2263 36 17 0 -1
2264 67 27 1 0
2265 70 1 1 0
2266 94 16 -1 0
2267 2 23 0 1
2268 23 14 1 0
2269 14 27 1 0
2270 78 8 -1 0
2271 38 27 0 1
2272 4 19 0 -1
2273 85 6 -1 0
2274 55 0 1 0
2275 42 31 0 -1
2276 76 26 0 1
2277 85 13 -1 0
2278 93 0 -1 0
2279 5 6 0 1
2280 12 22 1 0
2281 48 27 -1 0
2282 23 39 -1 0
2283 48 31 1 0
2284 45 30 0 1
2285 14 4 0 1
2286 28 38 1 0
2287 3 17 -1 0
2288 19 30 -1 0
2289 95 33 -1 0
2290 96 9 -1 0
2291 43 4 1 0
2292 86 39 0 -1
2293 52 21 0 -1
2294 65 3 0 -1
2295 93 29 1 0
2296 78 30 0 1
2297 1 3 1 0
2298 74 37 0 -1
2299 17 10 -1 0
2300 1 0 0 1
2301 43 38 -1 0
2302 53 6 0 1
2303 10 16 0 1
2304 41 8 1 0
2305 90 15 0 1
2306 2 12 0 1
2307 26 26 1 0
2308 29 26 -1 0
2309 95 3 -1 0
2310 60 34 -1 0
2311 50 16 0 -1
2312 41 17 -1 0
2313 18 39 0 -1
2314 18 2 1 0
2315 10 16 0 -1
2316 76 13 -1 0
2317 22 11 -1 0
2318 56 1 1 0
2319 68 17 0 -1
2320 22 15 0 1
2321 39 3 1 0
2322 53 6 -1 0
2323 15 36 0 1
2324 80 8 0 -1
2325 63 32 0 1
2326 47 31 1 0
2327 61 0 -1 0
2328 28 39 1 0
2329 69 22 0 1
2330 90 35 0 1
2331 99 29 0 1
2332 83 21 1 0
2333 42 39 0 -1
2334 40 12 0 1
2335 40 19 1 0
2336 80 28 -1 0
2337 94 23 -1 0
2338 47 13 1 0
2339 97 14 0 -1
2340 39 15 0 1
2341 19 29 0 1
2342 39 24 0 -1
2343 55 36 -1 0
2344 2 28 -1 0
2345 26 21 1 0
2346 58 1 0 -1
2347 20 20 1 0
2348 42 38 0 1
2349 16 24 -1 0
2350 90 16 0 1
2351 16 5 0 1
2352 46 33 0 1
2353 15 0 0 1
2354 48 1 -1 0
2355 53 35 1 0
2356 41 9 -1 0
2357 89 26 -1 0
2358 2 28 1 0
2359 9 36 0 1
2360 25 16 0 1
2361 70 9 0 -1
2362 73 26 1 0
2363 24 5 -1 0
2364 26 8 0 1
2365 8 19 1 0
2366 85 11 0 -1
2367 96 1 0 1
2368 96 31 0 -1
2369 87 20 -1 0
2370 73 36 0 -1
2371 94 5 0 1
2372 21 2 0 1
2373 0 5 0 -1
2374 48 21 1 0
2375 44 22 1 0
2376 15 6 -1 0
2377 73 4 0 -1
2378 12 23 0 -1
2379 78 13 1 0
2380 4 35 0 1
2381 3 39 -1 0
2382 1 15 1 0
2383 5 32 -1 0
2384 93 9 -1 0
2385 2 23 1 0
2386 95 5 0 -1
2387 89 32 0 -1
2388 40 33 0 1
2389 20 4 -1 0
2390 99 5 0 -1
2391 72 24 1 0
2392 45 35 1 0
2393 11 21 0 1
2394 97 36 1 0
2395 99 28 1 0
2396 76 31 0 -1
2397 85 26 0 -1
2398 5 20 0 -1
2399 11 19 0 1
2400 29 16 0 -1
2401 44 3 0 1
2402 52 6 0 -1
2403 47 4 1 0
2404 8 18 0 -1
2405 57 25 0 1
2406 27 32 -1 0
2407 73 36 1 0
2408 27 38 0 1
2409 22 22 1 0
2410 69 3 1 0
2411 28 3 1 0
2412 13 38 0 -1
2413 95 9 -1 0
2414 41 19 -1 0
2415 13 13 1 0
2416 85 35 1 0
2417 64 23 1 0
2418 13 32 0 -1
2419 44 7 -1 0
2420 12 20 0 -1
2421 17 0 -1 0
2422 43 32 0 1
2423 18 24 0 -1
2424 87 30 -1 0
2425 27 17 0 -1
2426 95 25 0 1
2427 37 28 0 -1
2428 56 10 1 0
2429 60 39 1 0
2430 4 25 0 1
2431 20 31 0 -1
2432 14 10 1 0
2433 59 3 0 -1
2434 60 12 -1 0
2435 50 23 0 1
2436 38 28 -1 0
2437 22 24 0 1
2438 25 37 0 1
2439 65 28 -1 0
2440 27 5 0 -1
2441 10 1 0 -1
2442 63 28 -1 0
2443 40 36 0 1
2444 61 24 0 -1
2445 26 31 0 -1
2446 0 10 1 0
2447 19 9 0 -1
2448 51 31 1 0
2449 76 16 0 -1
2450 50 35 0 -1
2451 43 20 -1 0
2452 25 0 1 0
2453 59 14 0 -1
2454 6 26 -1 0
2455 81 6 0 1
2456 62 29 0 1
2457 96 26 0 -1
2458 14 28 1 0
2459 42 10 0 1
2460 39 33 0 1
2461 59 29 0 -1
2462 62 18 -1 0
2463 8 39 -1 0
2464 31 0 -1 0
2465 19 38 1 0
2466 19 17 0 1
2467 84 32 0 1
2468 98 18 1 0
2469 9 28 1 0
2470 19 25 0 1
2471 7 5 1 0
2472 62 11 0 1
2473 92 29 1 0
2474 41 10 -1 0
2475 21 15 0 1
2476 19 23 0 1
2477 87 36 0 -1
2478 96 6 0 -1
2479 98 20 -1 0
2480 22 28 -1 0
2481 28 34 -1 0
2482 58 11 -1 0
2483 68 15 -1 0
2484 86 27 1 0
2485 55 34 1 0
2486 14 27 0 1
2487 82 32 0 1
2488 37 36 0 1
2489 39 13 0 1
2490 35 18 0 1
2491 36 22 0 1
2492 88 14 1 0
2493 94 4 1 0
2494 19 35 0 1
2495 11 26 -1 0
2496 88 11 1 0
2497 85 11 -1 0
2498 43 37 -1 0
2499 20 26 1 0
2500 75 15 0 -1
2501 22 39 1 0
2502 74 10 0 -1
2503 79 2 -1 0
2504 48 18 0 1
2505 97 32 0 -1
2506 17 31 0 -1
2507 19 13 0 1
2508 24 25 0 -1
2509 43 19 0 1
2510 98 26 -1 0
2511 48 8 0 1
2512 39 39 0 -1
2513 79 4 1 0
2514 65 31 0 1
2515 50 10 -1 0
2516 46 12 1 0
2517 10 19 0 1
2518 9 32 0 1
2519 18 34 -1 0
2520 87 0 0 -1
2521 72 20 0 -1
2522 50 16 -1 0
2523 14 7 -1 0
2524 5 14 -1 0
2525 51 20 -1 0
2526 54 25 0 1
2527 75 9 1 0
2528 29 18 0 -1
2529 2 38 -1 0
2530 42 15 -1 0
2531 71 32 0 -1
2532 91 28 0 -1
2533 47 25 -1 0
2534 91 39 0 -1
2535 3 39 0 1
2536 8 35 1 0
2537 62 19 0 1
2538 19 11 1 0
2539 27 21 0 -1
2540 7 20 0 1
2541 36 17 0 1
2542 39 5 -1 0
2543 40 3 0 -1
2544 46 21 1 0
2545 39 6 0 -1
2546 54 9 0 1
2547 39 19 0 -1
2548 65 20 0 1
2549 36 29 0 -1
2550 0 32 1 0
2551 27 0 0 1
2552 39 29 0 -1
2553 45 5 0 1
2554 40 6 -1 0
2555 62 28 0 1
2556 19 10 1 0
2557 6 3 0 -1
2558 10 8 0 1
2559 43 37 0 -1
2560 29 34 0 -1
2561 29 28 1 0
2562 15 31 0 1
2563 89 23 0 1
2564 36 0 -1 0
2565 68 27 1 0
2566 92 39 0 1
2567 0 20 1 0
2568 92 21 0 -1
2569 16 22 0 -1
2570 7 29 -1 0
2571 56 30 -1 0
2572 49 38 1 0
2573 13 38 0 1
2574 21 17 0 -1
2575 30 16 0 -1
2576 79 35 0 1
2577 48 13 0 1
2578 61 20 -1 0
2579 83 35 0 1
2580 49 10 0 -1
2581 8 1 -1 0
2582 83 20 -1 0
2583 10 5 0 -1
2584 46 37 0 -1
2585 27 39 0 -1
2586 25 28 -1 0
2587 14 36 0 1
2588 40 11 0 1
2589 85 19 1 0
2590 28 16 0 1
2591 1 3 0 1
2592 52 17 -1 0
2593 23 27 0 -1
2594 48 33 -1 0
2595 41 36 0 -1
2596 45 27 -1 0
2597 82 20 1 0
2598 24 24 0 1
2599 29 31 0 -1
2600 26 35 1 0
2601 26 39 0 -1
2602 21 26 1 0
2603 84 31 1 0
2604 21 32 1 0
2605 76 29 0 1
2606 69 11 -1 0
2607 95 38 0 1
2608 45 25 1 0
2609 42 39 1 0
2610 58 21 0 1
2611 65 28 0 1
2612 19 23 0 1
2613 54 28 0 -1
2614 55 28 1 0
2615 17 14 -1 0
2616 6 25 0 -1
2617 54 20 -1 0
2618 21 2 1 0
2619 48 18 1 0
2620 62 4 0 1
2621 95 8 -1 0
2622 66 26 0 -1
2623 93 5 -1 0
2624 53 7 0 -1
2625 18 0 0 -1
2626 53 15 -1 0
2627 38 14 0 1
2628 42 12 0 -1
2629 22 12 -1 0
2630 23 17 1 0
2631 18 4 1 0
2632 75 19 0 1
2633 87 12 1 0
2634 88 8 0 1
2635 19 24 0 -1
2636 73 38 -1 0
2637 38 24 0 1
2638 39 38 1 0
2639 97 21 0 1
2640 11 8 1 0
2641 90 7 1 0
2642 81 31 0 -1
2643 85 10 0 1
2644 52 31 -1 0
2645 21 25 0 1
2646 26 23 1 0
2647 27 16 1 0
2648 29 14 0 1
2649 88 31 0 1
2650 41 2 -1 0
2651 91 3 0 -1
2652 5 5 0 1
2653 68 34 0 1
2654 21 1 -1 0
2655 63 2 -1 0
2656 41 39 1 0
2657 59 12 0 -1
2658 8 11 0 -1
2659 3 0 -1 0
2660 52 27 -1 0
2661 67 35 0 -1
2662 24 16 0 -1
2663 75 13 -1 0
2664 7 16 1 0
2665 23 5 0 -1
2666 43 19 0 -1
2667 15 39 1 0
2668 17 12 0 1
2669 24 19 -1 0
2670 25 19 1 0
2671 23 7 1 0
2672 75 22 -1 0
2673 24 38 0 -1
2674 95 24 0 1
2675 78 24 0 -1
2676 50 13 0 -1
2677 46 6 1 0
2678 49 25 -1 0
2679 88 37 -1 0
2680 74 0 0 1
2681 67 33 0 1
2682 70 6 1 0
2683 79 13 0 1
2684 38 31 0 1
2685 2 10 0 1
2686 25 0 0 -1
2687 9 13 0 1
2688 14 31 -1 0
2689 20 2 0 1
2690 28 6 0 -1
2691 90 32 -1 0
2692 14 37 1 0
2693 97 31 -1 0
2694 20 26 1 0
2695 50 7 -1 0
2696 27 1 -1 0
2697 17 35 -1 0
2698 13 23 0 1
2699 97 32 0 1
2700 63 8 0 -1
2701 46 19 1 0
2702 22 29 0 1
2703 44 25 1 0
2704 99 26 -1 0
2705 39 3 1 0
2706 4 31 -1 0
2707 9 37 -1 0
2708 53 37 1 0
2709 28 17 0 -1
2710 20 37 0 1
2711 19 9 -1 0
2712 53 26 0 1
2713 4 6 0 1
2714 20 38 -1 0
2715 70 10 0 -1
2716 10 20 1 0
2717 32 14 -1 0
2718 26 18 1 0
2719 62 13 1 0
2720 25 27 0 1
2721 98 17 -1 0
2722 49 38 0 1
2723 74 16 0 -1
2724 87 9 -1 0
2725 14 31 0 -1
2726 83 27 -1 0
2727 96 30 0 1
2728 99 21 0 -1
2729 18 8 -1 0
2730 52 12 0 1
2731 25 39 0 1
2732 13 26 0 1
2733 16 10 1 0
2734 15 7 1 0
2735 91 16 -1 0
2736 17 25 0 -1
2737 95 22 -1 0
2738 42 26 -1 0
2739 72 2 1 0
2740 67 24 1 0
2741 25 23 0 1
2742 89 37 0 1
2743 58 25 0 1
2744 23 28 0 -1
2745 26 38 1 0
2746 77 14 -1 0
2747 45 29 1 0
2748 78 33 0 -1
2749 61 6 -1 0
2750 39 21 0 -1
2751 58 5 0 -1
2752 4 9 1 0
2753 30 34 0 1
2754 85 25 0 -1
2755 50 25 1 0
2756 84 10 1 0
2757 56 21 0 1
2758 63 3 1 0
2759 64 25 0 -1
2760 76 27 1 0
2761 44 14 0 1
2762 58 7 0 1
2763 40 8 0 1
2764 19 9 -1 0
2765 23 24 -1 0
2766 22 0 0 -1
2767 1 25 0 -1
2768 50 36 0 -1
2769 27 14 0 -1
2770 20 28 -1 0
2771 57 3 0 1
2772 5 13 0 1
2773 7 20 -1 0
2774 38 29 0 -1
2775 40 39 0 1
2776 60 16 1 0
2777 65 2 1 0
2778 40 26 -1 0
2779 14 13 1 0
2780 12 0 -1 0
2781 44 34 0 1
2782 51 27 0 -1
2783 43 29 1 0
2784 98 22 -1 0
2785 61 19 -1 0
2786 3 11 -1 0
2787 49 23 0 -1
2788 47 9 1 0
2789 47 3 1 0
2790 7 24 0 -1
2791 58 20 0 1
2792 78 13 -1 0
2793 35 27 -1 0
2794 97 21 0 -1
2795 40 10 -1 0
2796 43 16 0 -1
2797 16 15 -1 0
2798 88 18 1 0
2799 25 22 1 0
2800 86 18 0 -1
2801 7 9 1 0
2802 19 12 -1 0
2803 8 13 0 -1
2804 7 25 0 1
2805 22 20 0 -1
2806 29 12 1 0
2807 14 21 0 -1
2808 50 26 -1 0
2809 41 23 0 -1
2810 92 13 1 0
2811 3 29 0 -1
2812 84 20 -1 0
2813 21 30 0 -1
2814 50 1 -1 0
2815 28 3 1 0
2816 99 36 1 0
2817 99 31 -1 0
2818 51 14 0 -1
2819 17 13 0 1
2820 20 14 1 0
2821 40 36 -1 0
2822 94 32 -1 0
2823 48 3 1 0
2824 11 31 0 1
2825 92 32 -1 0
2826 84 16 0 -1
2827 13 27 0 -1
2828 64 16 -1 0
2829 36 30 0 1
2830 23 17 0 1
2831 24 21 1 0
2832 1 24 1 0
2833 23 34 0 -1
2834 52 29 -1 0
2835 16 28 -1 0
2836 83 37 0 1
2837 47 38 0 -1
2838 46 10 0 -1
2839 91 29 0 -1
2840 5 33 -1 0
2841 87 38 0 1
2842 44 30 0 -1
2843 54 15 0 1
2844 88 30 -1 0
2845 69 32 1 0
2846 51 30 0 1
2847 96 24 0 -1
2848 4 8 0 -1
2849 7 15 0 1
2850 3 14 -1 0
2851 2 22 0 -1
2852 2 3 0 -1
2853 98 6 0 1
2854 67 29 0 -1
2855 41 16 0 -1
2856 96 12 1 0
2857 47 26 -1 0
2858 97 33 0 -1
2859 22 17 -1 0
2860 24 15 1 0
2861 59 13 1 0
2862 15 26 -1 0
2863 83 16 0 1
2864 8 1 -1 0
2865 40 7 0 -1
2866 15 28 0 1
2867 80 35 0 -1
2868 24 19 0 1
2869 64 21 -1 0
2870 37 20 -1 0
2871 88 23 -1 0
2872 66 22 0 1
2873 74 38 1 0
2874 89 20 -1 0
2875 89 11 1 0
2876 4 5 1 0
2877 40 31 1 0
2878 2 35 0 -1
2879 53 24 -1 0
2880 12 14 -1 0
2881 87 28 -1 0
2882 44 27 0 -1
2883 46 37 1 0
2884 59 24 0 -1
2885 50 7 0 1
2886 3 10 0 -1
2887 90 14 0 1
2888 62 6 0 -1
2889 13 13 0 -1
2890 61 15 0 -1
2891 8 33 0 -1
2892 20 0 -1 0
2893 24 22 -1 0
2894 46 37 0 1
2895 9 16 0 -1
2896 77 25 0 1
2897 80 23 1 0
2898 47 15 1 0
2899 64 22 0 -1
2900 20 16 0 -1
2901 20 7 1 0
2902 47 26 0 1
2903 47 5 0 -1
2904 46 22 0 -1
2905 25 27 1 0
2906 45 21 0 -1
2907 53 6 -1 0
2908 81 22 0 1
2909 70 32 0 1
2910 71 24 1 0
2911 50 36 -1 0
2912 49 13 -1 0
2913 77 10 -1 0
2914 58 16 -1 0
2915 45 23 0 -1
2916 24 1 -1 0
2917 37 18 0 -1
2918 56 30 1 0
2919 54 32 1 0
2920 9 27 0 1
2921 94 34 1 0
2922 96 22 0 -1
2923 88 12 0 1
2924 31 0 0 -1
2925 83 5 -1 0
2926 68 0 0 1
2927 24 16 1 0
2928 26 11 1 0
2929 24 37 -1 0
2930 84 10 1 0
2931 24 37 0 1
2932 62 13 -1 0
2933 67 15 -1 0
2934 56 12 0 1
2935 22 25 1 0
2936 78 34 0 1
2937 1 17 1 0
2938 9 11 0 -1
2939 83 18 1 0
2940 84 38 0 -1
2941 50 6 -1 0
2942 22 21 -1 0
2943 61 32 0 -1
2944 16 24 -1 0
2945 71 21 1 0
2946 19 12 1 0
2947 50 9 0 1
2948 54 9 1 0
2949 41 35 1 0
2950 13 22 0 1
2951 38 32 1 0
2952 56 20 -1 0
2953 47 10 0 1
2954 36 27 0 -1
2955 16 18 0 -1
2956 85 1 0 -1
2957 48 24 -1 0
2958 96 16 1 0
2959 12 19 0 1
2960 7 23 1 0
2961 23 18 1 0
2962 30 25 0 -1
2963 98 28 1 0
2964 18 13 -1 0
2965 42 37 -1 0
2966 57 27 1 0
2967 99 12 0 -1
2968 91 8 -1 0
2969 95 0 -1 0
2970 28 5 0 -1
2971 88 30 -1 0
2972 21 28 0 1
2973 62 3 1 0
2974 30 30 1 0
2975 64 6 -1 0
2976 0 24 0 1
2977 70 19 0 -1
2978 58 12 0 1
2979 79 23 0 1
2980 10 19 0 1
2981 3 13 0 -1
2982 49 26 0 -1
2983 45 31 1 0
2984 56 16 -1 0
2985 70 5 0 -1
2986 21 29 0 1
2987 62 15 1 0
2988 41 3 1 0
2989 95 22 0 -1
2990 59 38 0 -1
2991 50 36 0 1
2992 20 34 -1 0
2993 6 22 1 0
2994 84 34 1 0
2995 81 1 1 0
2996 16 38 0 1
2997 77 35 0 -1
2998 93 38 1 0
2999 9 1 0 -1
3000 82 6 -1 0
3001 69 4 0 1
3002 53 8 0 -1
3003 47 12 -1 0
3004 99 22 -1 0
3005 35 20 1 0
3006 40 9 0 -1
3007 49 15 0 -1
3008 38 5 -1 0
3009 76 17 0 -1
3010 82 12 -1 0
3011 94 22 -1 0
3012 44 6 0 1
3013 80 14 1 0
3014 94 39 0 1
3015 21 35 1 0
3016 20 3 0 -1
3017 9 30 0 -1
3018 99 11 -1 0
3019 11 7 1 0
3020 94 24 -1 0
3021 9 34 -1 0
3022 91 19 0 -1
3023 72 15 0 -1
3024 1 20 -1 0
3025 99 6 1 0
3026 75 23 1 0
3027 6 29 0 1
3028 84 8 0 -1
3029 10 9 0 -1
3030 49 25 -1 0
3031 36 38 -1 0
3032 49 24 0 -1
3033 94 23 0 1
3034 54 30 -1 0
3035 67 33 0 -1
3036 88 24 0 -1
3037 29 6 -1 0
3038 39 19 0 1
3039 53 8 0 1
3040 7 22 -1 0
3041 24 3 0 -1
3042 38 39 0 -1
3043 2 8 0 -1
3044 37 28 0 -1
3045 10 17 -1 0
3046 41 2 -1 0
3047 94 21 0 -1
3048 45 19 -1 0
3049 54 27 0 -1
3050 56 29 -1 0
3051 45 23 0 1
3052 56 18 -1 0
3053 10 10 0 1
3054 98 16 0 1
3055 51 4 0 -1
3056 28 11 -1 0
3057 16 0 0 1
3058 22 36 -1 0
3059 17 27 -1 0
3060 50 0 -1 0
3061 19 10 0 -1
3062 16 31 1 0
3063 59 18 0 1
3064 8 35 0 1
3065 11 15 -1 0
3066 99 33 0 1
3067 37 14 0 1
3068 27 19 1 0
3069 93 13 -1 0
3070 7 6 -1 0
3071 87 20 0 1
3072 46 3 1 0
3073 95 19 -1 0
3074 49 11 -1 0
3075 73 27 0 1
3076 68 29 0 1
3077 22 5 0 -1
3078 27 33 0 1
3079 77 26 0 -1
3080 95 21 0 -1
3081 89 36 0 1
3082 14 11 0 -1
3083 5 22 -1 0
3084 7 39 1 0
3085 32 15 -1 0
3086 41 32 -1 0
3087 51 0 0 -1
3088 83 39 0 -1
3089 22 23 0 -1
3090 69 22 0 -1
3091 16 36 0 -1
3092 65 22 0 -1
3093 11 34 -1 0
3094 42 22 1 0
3095 57 17 -1 0
3096 47 27 0 -1
3097 39 37 0 1
3098 56 19 0 -1
3099 21 26 1 0
3100 95 36 0 -1
3101 73 17 0 -1
3102 80 17 0 -1
3103 56 13 -1 0
3104 70 17 -1 0
3105 94 24 -1 0
3106 91 8 -1 0
3107 9 0 1 0
3108 67 18 1 0
3109 41 23 -1 0
3110 29 29 -1 0
3111 26 14 -1 0
3112 45 12 0 1
3113 27 15 0 1
3114 40 27 0 -1
3115 49 9 -1 0
3116 32 26 0 1
3117 0 21 0 -1
3118 28 26 0 -1
3119 2 13 -1 0
3120 78 15 0 -1
3121 3 2 1 0
3122 8 21 -1 0
3123 90 4 1 0
3124 18 8 1 0
3125 82 19 1 0
3126 58 28 1 0
3127 99 9 1 0
3128 50 21 0 -1
3129 52 26 -1 0
3130 92 19 -1 0
3131 84 30 1 0
3132 88 3 0 -1
3133 11 16 0 1
3134 7 14 -1 0
3135 94 3 0 1
3136 44 9 0 -1
3137 28 33 1 0
3138 88 3 1 0
3139 25 12 0 1
3140 13 17 -1 0
3141 7 28 -1 0
3142 28 5 0 -1
3143 2 12 -1 0
3144 27 22 1 0
3145 47 33 1 0
3146 50 31 0 -1
3147 42 30 0 1
3148 5 39 0 1
3149 45 18 1 0
3150 19 17 1 0
3151 45 5 0 1
3152 41 18 1 0
3153 25 15 -1 0
3154 94 16 -1 0
3155 24 12 -1 0
3156 58 13 0 1
3157 96 24 0 1
3158 40 34 1 0
3159 83 38 0 1
3160 46 0 -1 0
3161 15 5 0 1
3162 85 22 0 -1
3163 19 0 -1 0
3164 21 9 0 -1
3165 0 20 -1 0
3166 1 35 1 0
3167 38 23 1 0
3168 88 32 -1 0
3169 51 24 -1 0
3170 83 14 -1 0
3171 20 28 0 -1
3172 17 27 0 -1
3173 93 35 1 0
3174 73 0 0 -1
3175 40 32 1 0
3176 97 12 1 0
3177 5 35 0 -1
3178 42 38 1 0
3179 19 1 -1 0
3180 92 23 0 -1
3181 50 34 0 -1
3182 58 10 1 0
3183 40 37 0 1
3184 0 35 0 1
3185 46 16 0 1
3186 51 38 -1 0
3187 73 23 0 -1
3188 96 17 0 1
3189 87 30 0 -1
3190 24 19 0 1
3191 40 38 0 1
3192 80 0 1 0
3193 91 7 -1 0
3194 14 12 1 0
3195 38 24 1 0
3196 40 13 1 0
3197 63 35 0 1
3198 24 16 0 1
3199 58 6 1 0
3200 20 15 0 -1
3201 5 23 1 0
3202 20 19 0 1
3203 42 16 -1 0
3204 41 6 0 -1
3205 8 30 -1 0
3206 50 22 1 0
3207 12 33 0 1
3208 98 8 0 1
3209 0 37 -1 0
3210 42 19 0 1
3211 77 3 -1 0
3212 1 32 0 -1
3213 26 13 1 0
3214 10 19 0 -1
3215 5 13 1 0
3216 28 39 1 0
3217 19 16 0 -1
3218 91 24 1 0
3219 35 31 0 -1
3220 10 3 1 0
3221 37 1 1 0
3222 18 38 -1 0
3223 50 33 0 1
3224 2 24 1 0
3225 49 5 0 1
3226 5 9 0 -1
3227 27 25 1 0
3228 93 17 -1 0
3229 0 8 -1 0
3230 85 37 0 -1
3231 61 20 1 0
3232 9 27 0 -1
3233 19 37 0 1
3234 44 30 0 1
3235 79 12 0 -1
3236 61 17 1 0
3237 22 7 1 0
3238 22 26 0 1
3239 58 10 -1 0
3240 68 21 -1 0
3241 45 11 -1 0
3242 35 8 -1 0
3243 27 29 0 -1
3244 8 23 0 1
3245 38 32 0 1
3246 96 27 -1 0
3247 37 34 -1 0
3248 48 6 1 0
3249 65 6 0 1
3250 23 1 0 1
3251 83 5 1 0
3252 37 2 -1 0
3253 55 36 0 -1
3254 51 16 0 -1
3255 38 14 -1 0
3256 12 8 0 -1
3257 85 34 1 0
3258 27 13 0 1
3259 59 18 -1 0
3260 27 18 0 1
3261 43 18 0 -1
3262 43 25 0 -1
3263 81 34 0 -1
3264 19 10 0 1
3265 41 31 0 -1
3266 92 23 1 0
3267 30 5 0 -1
3268 4 26 1 0
3269 18 13 0 1
3270 43 12 0 -1
3271 10 36 -1 0
3272 52 24 1 0
3273 18 34 -1 0
3274 17 21 0 -1
3275 61 31 0 -1
3276 92 39 0 -1
3277 51 22 0 -1
3278 68 35 0 1
3279 87 1 0 1
3280 87 28 0 1
3281 17 38 0 1
3282 15 10 0 -1
3283 43 21 0 1
3284 69 29 0 -1
3285 39 36 -1 0
3286 60 7 1 0
3287 76 16 0 1
3288 97 21 1 0
3289 45 12 0 -1
3290 69 36 1 0
3291 58 21 0 -1
3292 59 6 0 1
3293 43 6 0 1
3294 36 10 -1 0
3295 44 7 0 -1
3296 36 7 0 1
3297 20 8 1 0
3298 84 37 -1 0
3299 17 13 0 1
3300 98 34 -1 0
3301 26 37 -1 0
3302 99 1 1 0
3303 32 23 -1 0
3304 68 9 1 0
3305 31 4 1 0
3306 34 7 1 0
3307 78 29 -1 0
3308 20 10 1 0
3309 42 13 -1 0
3310 30 38 -1 0
3311 80 38 -1 0
3312 51 35 1 0
3313 10 16 1 0
3314 53 4 0 1
3315 48 1 -1 0
3316 17 39 1 0
3317 42 9 0 -1
3318 17 29 1 0
3319 42 7 0 -1
3320 47 34 0 1
3321 93 24 1 0
3322 7 25 1 0
3323 89 33 0 -1
3324 18 14 0 -1
3325 54 18 0 -1
3326 16 11 -1 0
3327 42 10 1 0
3328 28 36 0 1
3329 68 6 1 0
3330 46 20 1 0
3331 12 28 0 -1
3332 38 30 0 1
3333 36 37 1 0
3334 96 19 1 0
3335 17 39 0 -1
3336 57 22 0 1
3337 45 21 -1 0
3338 66 38 1 0
3339 16 21 1 0
3340 87 8 1 0
3341 29 7 0 1
3342 67 5 1 0
3343 53 24 0 1
3344 63 21 0 1
3345 75 21 0 -1
3346 12 2 0 1
3347 3 17 0 -1
3348 15 27 1 0
3349 75 30 1 0
3350 48 8 0 1
3351 37 13 0 -1
3352 68 23 -1 0
3353 80 28 0 -1
3354 73 7 1 0
3355 73 25 -1 0
3356 62 2 0 1
3357 26 33 1 0
3358 21 4 0 -1
3359 95 21 1 0
3360 51 25 -1 0
3361 99 23 0 1
3362 89 6 -1 0
3363 39 22 0 -1
3364 25 25 -1 0
3365 19 24 0 -1
3366 15 26 0 1
3367 22 26 0 1
3368 30 25 0 -1
3369 22 10 0 -1
3370 38 28 0 -1
3371 20 3 -1 0
3372 7 8 0 -1
3373 47 13 -1 0
3374 9 29 -1 0
3375 42 23 0 -1
3376 23 37 -1 0
3377 31 30 0 1
3378 15 20 0 -1
3379 43 21 -1 0
3380 11 19 0 1
3381 23 31 0 -1
3382 19 26 -1 0
3383 12 15 1 0
3384 18 23 1 0
3385 82 13 0 1
3386 8 1 0 1
3387 46 23 -1 0
3388 7 29 -1 0
3389 46 4 0 -1
3390 8 32 1 0
3391 4 6 -1 0
3392 66 21 1 0
3393 86 30 0 -1
3394 41 11 -1 0
3395 37 12 -1 0
3396 14 37 0 -1
3397 67 16 -1 0
3398 58 39 -1 0
3399 98 3 0 -1
3400 91 26 1 0
3401 91 27 1 0
3402 10 23 0 -1
3403 14 28 0 -1
3404 14 35 0 -1
3405 81 22 1 0
3406 97 4 -1 0
3407 58 30 0 1
3408 38 0 1 0
3409 65 33 -1 0
3410 14 5 0 1
3411 23 23 -1 0
3412 71 15 0 1
3413 38 34 -1 0
3414 28 29 1 0
3415 58 3 -1 0
3416 74 14 1 0
3417 77 5 1 0
3418 84 10 0 -1
3419 20 9 0 1
3420 20 37 -1 0
3421 45 13 -1 0
3422 44 16 0 -1
3423 69 19 -1 0
3424 73 37 -1 0
3425 18 27 1 0
3426 90 4 0 -1
3427 72 12 0 1
3428 28 31 0 -1
3429 83 39 -1 0
3430 56 29 0 1
3431 7 7 0 1
3432 85 35 0 -1
3433 47 15 0 1
3434 69 21 -1 0
3435 45 17 0 -1
3436 86 39 1 0
3437 76 9 1 0
3438 84 28 -1 0
3439 11 33 0 1
3440 39 36 0 1
3441 74 33 0 -1
3442 10 7 0 1
3443 38 36 -1 0
3444 31 24 -1 0
3445 7 32 1 0
3446 13 28 -1 0
3447 13 31 0 -1
3448 28 8 0 -1
3449 75 8 0 1
3450 13 2 0 -1
3451 51 16 0 1
3452 1 1 -1 0
3453 78 8 0 -1
3454 69 5 0 -1
3455 96 24 0 -1
3456 37 24 0 1
3457 95 36 1 0
3458 42 37 0 1
3459 46 16 0 -1
3460 13 6 -1 0
3461 59 38 -1 0
3462 32 25 0 -1
3463 43 35 0 -1
3464 88 36 -1 0
3465 92 25 0 1
3466 31 4 0 -1
3467 40 35 0 -1
3468 47 1 0 -1
3469 16 12 1 0
3470 99 31 1 0
3471 40 6 1 0
3472 2 15 0 -1
3473 47 6 0 -1
3474 80 30 0 -1
3475 59 6 0 1
3476 29 38 0 1
3477 30 34 -1 0
3478 2 22 1 0
3479 17 11 1 0
3480 41 25 1 0
3481 42 25 0 1
3482 21 7 1 0
3483 45 14 0 -1
3484 14 21 0 -1
3485 87 35 1 0
3486 32 5 0 -1
3487 28 5 0 1
3488 59 9 0 -1
3489 73 36 0 -1
3490 17 14 -1 0
3491 41 32 1 0
3492 0 23 1 0
3493 0 24 1 0
3494 13 5 -1 0
3495 43 35 1 0
3496 73 7 1 0
3497 81 31 0 -1
3498 38 37 -1 0
3499 24 2 1 0
3500 5 12 -1 0
3501 30 9 1 0
3502 12 19 -1 0
3503 4 32 0 -1
3504 53 9 1 0
3505 41 24 -1 0
3506 54 34 -1 0
3507 56 20 0 -1
3508 55 34 0 1
3509 6 19 0 -1
3510 26 18 1 0
3511 44 11 1 0
3512 92 39 -1 0
3513 76 14 -1 0
3514 87 39 -1 0
3515 59 36 0 1
3516 14 5 0 -1
3517 0 29 1 0
3518 54 22 0 -1
3519 2 17 -1 0
3520 94 2 1 0
3521 91 33 0 1
3522 44 12 -1 0
3523 8 36 0 1
3524 31 4 1 0
3525 93 19 0 -1
3526 53 21 0 -1
3527 37 32 0 1
3528 30 27 0 1
3529 45 12 0 -1
3530 63 12 0 -1
3531 8 36 -1 0
3532 93 25 0 -1
3533 0 33 1 0
3534 94 39 0 -1
3535 97 17 0 -1
3536 79 11 1 0
3537 90 27 0 -1
3538 18 23 0 1
3539 23 33 1 0
3540 0 24 0 -1
3541 19 38 1 0
3542 91 34 -1 0
3543 42 32 0 -1
3544 1 23 0 -1
3545 40 20 0 1
3546 66 25 0 1
3547 49 3 0 -1
3548 76 1 0 1
3549 69 24 1 0
3550 3 37 -1 0
3551 49 20 0 -1
3552 69 17 1 0
3553 87 1 0 -1
3554 10 13 0 -1
3555 20 5 0 -1
3556 19 16 0 -1
3557 20 36 0 -1
3558 76 30 0 1
3559 96 20 1 0
3560 23 23 1 0
3561 59 37 0 1
3562 38 10 0 -1
3563 54 12 0 1
3564 47 11 -1 0
3565 10 17 0 -1
3566 20 21 1 0
3567 92 3 0 -1
3568 88 30 -1 0
3569 36 16 0 1
3570 38 27 -1 0
3571 39 39 -1 0
3572 0 2 -1 0
3573 6 8 0 -1
3574 76 31 0 -1
3575 93 33 0 1
3576 14 21 -1 0
3577 84 12 1 0
3578 45 33 0 1
3579 78 15 1 0
3580 75 0 1 0
3581 3 23 1 0
3582 8 17 0 -1
3583 68 24 0 1
3584 74 28 1 0
3585 24 20 0 -1
3586 38 38 1 0
3587 53 8 1 0
3588 77 25 0 -1
3589 24 15 -1 0
3590 20 16 -1 0
3591 20 6 -1 0
3592 7 13 0 -1
3593 27 6 1 0
3594 24 1 0 1
3595 88 11 -1 0
3596 53 10 1 0
3597 17 34 1 0
3598 88 13 0 -1
3599 23 15 0 1
