0 18 5 -1 0
1 27 9 -1 0
2 78 15 0 1
3 18 32 -1 0
4 59 4 -1 0
5 29 37 0 -1
6 2 9 1 0
7 97 11 1 0
8 10 24 0 1
9 5 34 1 0
10 79 2 -1 0
11 42 16 0 -1
12 85 36 0 1
13 58 15 0 1
14 97 4 0 1
15 30 37 0 -1
16 63 14 -1 0
17 42 8 0 -1
18 5 8 -1 0
19 25 27 0 1
20 5 4 0 -1
21 90 20 0 1
22 15 11 0 -1
23 53 34 1 0
24 49 20 1 0
25 79 22 0 -1
26 21 29 -1 0
27 88 36 0 -1
28 78 25 0 1
29 60 17 -1 0
30 73 11 0 1
31 53 12 -1 0
32 16 2 0 -1
33 82 27 0 1
34 21 19 1 0
35 2 33 0 -1
36 5 3 -1 0
37 56 8 -1 0
38 57 15 0 -1
39 80 2 1 0
40 16 34 0 -1
41 49 19 0 -1
42 88 14 0 1
43 52 34 1 0
44 72 19 0 -1
45 22 19 0 1
46 57 28 1 0
47 27 16 1 0
48 40 29 -1 0
49 41 4 -1 0
50 22 36 0 -1
51 23 30 1 0
52 45 14 0 -1
53 27 9 -1 0
54 23 10 -1 0
55 95 2 0 1
56 70 7 0 -1
57 19 28 0 -1
58 94 11 0 1
59 86 9 1 0
60 44 24 0 -1
61 14 5 1 0
62 75 3 1 0
63 19 16 1 0
64 20 36 0 -1
65 26 33 1 0
66 34 5 0 1
67 23 13 -1 0
68 71 29 0 -1
69 15 17 0 -1
70 19 19 0 1
71 73 10 0 1
72 67 3 -1 0
73 65 1 1 0
74 26 11 1 0
75 2 34 0 -1
76 19 0 0 -1
77 68 27 0 1
78 26 7 1 0
79 15 38 1 0
80 86 34 -1 0
81 25 14 -1 0
82 4 24 0 1
83 43 36 -1 0
84 95 17 -1 0
85 89 7 0 -1
86 18 32 0 -1
87 43 21 -1 0
88 7 7 -1 0
89 42 14 -1 0
90 44 14 0 1
91 63 26 -1 0
92 43 4 -1 0
93 50 5 0 -1
94 91 23 1 0
95 63 39 1 0
96 98 32 0 -1
97 23 7 0 -1
98 1 9 1 0
99 37 7 0 1
100 27 0 -1 0
101 22 35 0 -1
102 97 23 0 -1
103 49 37 -1 0
104 99 0 0 1
105 8 24 -1 0
106 4 9 1 0
107 15 13 0 1
108 6 19 1 0
109 31 38 0 1
110 66 7 -1 0
111 26 31 1 0
112 20 25 1 0
113 59 16 1 0
114 58 27 0 1
115 14 27 -1 0
116 4 16 0 -1
117 86 7 -1 0
118 38 13 0 1
119 71 36 0 1
120 51 24 -1 0
121 59 25 -1 0
122 63 29 -1 0
123 18 33 1 0
124 89 3 0 -1
125 74 17 0 -1
126 57 39 0 1
127 68 9 0 1
128 47 36 1 0
129 74 11 -1 0
130 91 5 0 -1
131 27 13 -1 0
132 74 27 1 0
133 74 0 0 -1
134 15 14 1 0
135 39 12 1 0
136 55 29 0 1
137 1 9 -1 0
138 60 21 1 0
139 52 4 -1 0
140 30 4 0 -1
141 82 27 0 1
142 47 10 0 -1
143 35 28 0 1
144 24 39 1 0
145 59 34 -1 0
146 78 10 0 -1
147 91 10 0 1
148 86 35 0 -1
149 15 0 1 0
150 6 15 1 0
151 78 25 -1 0
152 92 33 -1 0
153 60 22 0 1
154 25 20 -1 0
155 89 33 0 -1
156 46 38 0 -1
157 9 31 -1 0
158 41 38 0 1
159 94 15 0 -1
160 78 10 0 -1
161 86 13 0 -1
162 4 1 1 0
163 45 22 -1 0
164 25 29 0 -1
165 79 16 1 0
166 3 6 1 0
167 91 36 0 -1
168 50 21 -1 0
169 28 3 0 -1
170 78 39 0 -1
171 68 31 1 0
172 90 0 0 -1
173 47 1 0 1
174 17 5 0 1
175 82 8 0 -1
176 18 39 0 1
177 6 7 1 0
178 78 38 1 0
179 64 37 0 -1
180 25 38 0 1
181 18 8 1 0
182 90 24 1 0
183 20 13 0 -1
184 38 12 1 0
185 55 17 0 -1
186 95 31 0 1
187 39 28 -1 0
188 43 30 0 -1
189 41 17 0 -1
190 28 28 0 1
191 23 17 0 1
192 92 5 -1 0
193 39 9 -1 0
194 7 3 0 1
195 25 7 1 0
196 45 11 -1 0
197 79 34 0 -1
198 70 30 -1 0
199 21 0 -1 0
200 39 39 1 0
201 77 12 0 1
202 99 38 -1 0
203 64 32 0 -1
204 89 19 0 1
205 25 6 1 0
206 31 39 0 1
207 19 20 0 -1
208 40 8 1 0
209 27 31 0 -1
210 17 36 1 0
211 16 4 0 1
212 49 33 0 1
213 87 20 0 1
214 99 5 -1 0
215 98 5 0 1
216 57 21 0 -1
217 83 6 0 -1
218 96 33 0 1
219 11 34 1 0
220 10 30 0 -1
221 84 12 0 -1
222 4 18 1 0
223 4 38 0 1
224 42 4 0 1
225 30 7 1 0
226 55 3 -1 0
227 53 35 -1 0
228 17 36 0 -1
229 51 1 -1 0
230 57 34 -1 0
231 17 3 0 -1
232 99 26 0 1
233 80 22 0 -1
234 9 5 0 1
235 45 20 -1 0
236 61 4 0 -1
237 26 17 0 -1
238 30 34 0 -1
239 18 1 -1 0
240 7 21 0 1
241 96 22 -1 0
242 9 10 -1 0
243 14 10 0 -1
244 17 9 0 1
245 51 7 0 1
246 30 26 1 0
247 43 2 1 0
248 66 15 0 1
249 99 2 -1 0
250 22 38 0 1
251 7 0 0 1
252 82 2 0 1
253 73 20 0 -1
254 30 11 -1 0
255 21 34 0 -1
256 64 15 0 -1
257 16 11 0 1
258 87 0 1 0
259 45 35 1 0
260 42 36 0 1
261 70 0 -1 0
262 83 17 0 1
263 26 33 0 -1
264 17 33 0 1
265 26 10 1 0
266 47 19 -1 0
267 50 20 -1 0
268 17 10 0 1
269 86 25 1 0
270 51 7 0 -1
271 0 36 0 1
272 6 34 0 1
273 31 22 -1 0
274 51 13 -1 0
275 95 23 0 1
276 60 4 0 1
277 80 31 1 0
278 64 29 -1 0
279 43 36 0 1
280 92 16 0 -1
281 49 13 -1 0
282 15 15 1 0
283 10 11 0 1
284 8 10 1 0
285 94 27 -1 0
286 91 38 -1 0
287 12 33 -1 0
288 66 2 0 -1
289 86 37 0 1
290 82 1 1 0
291 84 9 0 -1
292 40 1 -1 0
293 16 28 1 0
294 60 28 0 1
295 20 26 1 0
296 64 2 -1 0
297 26 28 0 1
298 23 31 0 1
299 45 24 0 1
300 89 33 1 0
301 25 15 -1 0
302 50 5 0 -1
303 94 27 0 -1
304 75 7 0 1
305 52 19 0 1
306 21 20 0 1
307 65 38 1 0
308 44 34 0 -1
309 21 1 1 0
310 43 15 0 -1
311 55 7 1 0
312 36 27 0 1
313 90 22 -1 0
314 39 25 0 -1
315 20 35 0 -1
316 58 16 1 0
317 96 16 0 1
318 75 7 -1 0
319 14 26 0 1
320 76 24 1 0
321 87 35 1 0
322 88 4 -1 0
323 3 19 -1 0
324 23 39 0 1
325 87 9 1 0
326 92 12 0 -1
327 71 4 0 -1
328 43 1 1 0
329 64 23 0 1
330 78 8 1 0
331 70 34 1 0
332 77 16 1 0
333 29 26 -1 0
334 15 39 1 0
335 13 13 1 0
336 80 7 0 -1
337 27 25 -1 0
338 10 24 0 1
339 51 11 0 -1
340 61 37 1 0
341 27 26 -1 0
342 47 21 1 0
343 57 5 0 1
344 85 38 0 1
345 96 5 0 -1
346 22 21 0 -1
347 5 13 1 0
348 4 19 0 1
349 20 10 1 0
350 26 18 1 0
351 24 1 -1 0
352 83 39 -1 0
353 80 23 1 0
354 4 35 -1 0
355 60 8 -1 0
356 78 23 -1 0
357 52 16 0 1
358 48 15 -1 0
359 24 21 1 0
360 17 26 0 1
361 75 27 -1 0
362 19 29 0 1
363 65 12 0 1
364 95 11 -1 0
365 75 29 -1 0
366 91 39 0 -1
367 13 35 0 1
368 49 19 -1 0
369 22 12 -1 0
370 49 25 0 -1
371 55 8 0 -1
372 17 8 0 1
373 49 12 0 1
374 95 18 0 -1
375 14 28 0 -1
376 13 37 0 1
377 51 21 0 -1
378 80 0 0 -1
379 83 4 1 0
380 97 24 1 0
381 23 10 0 1
382 48 32 0 -1
383 41 25 1 0
384 37 5 0 -1
385 18 38 1 0
386 70 19 1 0
387 16 13 1 0
388 46 3 0 1
389 25 31 0 -1
390 42 23 0 1
391 0 27 1 0
392 38 17 1 0
393 50 5 0 1
394 90 3 0 -1
395 92 1 -1 0
396 88 36 0 -1
397 88 0 0 1
398 2 18 0 1
399 17 8 1 0
400 47 13 -1 0
401 15 7 -1 0
402 21 14 -1 0
403 85 22 1 0
404 22 0 -1 0
405 66 34 0 -1
406 92 24 0 -1
407 4 3 0 1
408 27 21 -1 0
409 75 31 0 1
410 44 15 0 1
411 91 34 1 0
412 94 26 1 0
413 22 33 -1 0
414 75 39 1 0
415 48 10 0 1
416 27 22 1 0
417 94 26 -1 0
418 81 18 1 0
419 10 27 -1 0
420 13 35 0 1
421 28 25 0 1
422 46 12 1 0
423 11 17 1 0
424 5 18 1 0
425 62 17 -1 0
426 46 16 -1 0
427 3 4 0 -1
428 97 10 0 -1
429 57 9 0 1
430 15 38 -1 0
431 99 34 -1 0
432 60 3 0 1
433 74 8 -1 0
434 70 25 0 -1
435 92 17 -1 0
436 41 14 0 1
437 89 22 -1 0
438 79 23 1 0
439 76 10 0 1
440 83 36 0 -1
441 0 32 1 0
442 61 4 0 -1
443 9 14 -1 0
444 0 34 0 -1
445 9 4 0 1
446 16 22 0 1
447 6 1 1 0
448 29 11 0 1
449 88 29 1 0
450 24 28 0 -1
451 52 25 -1 0
452 93 28 -1 0
453 17 17 -1 0
454 76 36 0 -1
455 67 33 0 1
456 0 19 -1 0
457 37 9 0 1
458 16 0 0 1
459 25 12 0 1
460 70 35 -1 0
461 18 3 0 -1
462 16 15 0 1
463 73 1 0 1
464 79 25 0 1
465 6 20 0 -1
466 90 35 0 1
467 72 16 0 -1
468 6 5 0 1
469 63 22 0 1
470 40 4 -1 0
471 51 6 0 1
472 98 21 1 0
473 57 20 -1 0
474 90 7 0 1
475 44 37 1 0
476 90 19 1 0
477 40 5 0 -1
478 29 19 0 1
479 37 18 0 -1
480 86 36 -1 0
481 7 39 -1 0
482 12 5 1 0
483 76 26 1 0
484 48 9 0 1
485 88 17 -1 0
486 10 12 1 0
487 78 7 0 1
488 18 16 1 0
489 46 12 0 -1
490 78 34 1 0
491 48 21 0 1
492 54 13 1 0
493 97 31 0 -1
494 14 30 0 1
495 39 15 1 0
496 61 11 0 1
497 7 27 0 -1
498 87 7 0 1
499 83 27 0 -1
500 10 32 -1 0
501 50 30 -1 0
502 43 20 0 1
503 46 20 0 1
504 25 18 -1 0
505 10 36 0 1
506 16 31 0 1
507 0 7 -1 0
508 75 6 -1 0
509 0 6 0 -1
510 26 35 -1 0
511 41 28 -1 0
512 65 16 1 0
513 7 32 -1 0
514 84 31 1 0
515 7 33 0 1
516 36 33 0 1
517 3 25 -1 0
518 99 15 0 -1
519 12 23 0 1
520 91 8 0 -1
521 38 15 1 0
522 78 33 1 0
523 44 25 0 -1
524 22 22 1 0
525 84 21 -1 0
526 55 28 0 1
527 8 4 -1 0
528 6 18 0 1
529 8 17 1 0
530 26 6 0 1
531 6 25 1 0
532 73 5 0 1
533 21 35 -1 0
534 19 34 1 0
535 51 39 0 -1
536 88 20 0 1
537 67 1 0 1
538 78 11 0 1
539 18 34 0 -1
540 41 2 1 0
541 79 31 1 0
542 20 25 0 1
543 44 29 1 0
544 53 3 -1 0
545 22 2 1 0
546 37 6 0 1
547 92 6 0 1
548 3 36 0 -1
549 30 14 0 -1
550 86 23 1 0
551 50 4 -1 0
552 21 23 -1 0
553 40 3 0 -1
554 39 8 0 -1
555 65 26 1 0
556 98 29 -1 0
557 6 31 -1 0
558 77 17 0 1
559 55 21 1 0
560 14 30 0 -1
561 89 23 1 0
562 44 13 0 -1
563 88 29 1 0
564 62 2 0 1
565 81 37 0 -1
566 24 25 0 1
567 97 9 0 -1
568 97 22 -1 0
569 39 13 -1 0
570 45 2 -1 0
571 89 5 -1 0
572 51 34 0 1
573 22 11 1 0
574 1 25 -1 0
575 31 39 -1 0
576 63 36 0 -1
577 10 32 0 -1
578 29 32 0 1
579 98 33 0 -1
580 50 0 1 0
581 58 17 1 0
582 70 29 1 0
583 48 14 0 1
584 13 36 -1 0
585 79 3 0 -1
586 32 14 0 1
587 98 25 1 0
588 17 19 0 -1
589 12 21 1 0
590 18 38 0 -1
591 66 35 -1 0
592 85 5 1 0
593 29 31 0 -1
594 19 37 -1 0
595 53 39 1 0
596 81 36 -1 0
597 53 33 -1 0
598 52 9 0 1
599 45 14 -1 0
600 40 11 0 -1
601 16 17 -1 0
602 40 28 0 -1
603 8 21 -1 0
604 73 23 -1 0
605 24 18 1 0
606 9 15 0 1
607 52 37 -1 0
608 7 1 1 0
609 64 10 0 -1
610 62 32 0 -1
611 84 1 -1 0
612 59 1 -1 0
613 30 26 0 1
614 27 20 1 0
615 40 18 1 0
616 27 4 0 1
617 8 39 1 0
618 6 5 -1 0
619 24 31 1 0
620 6 32 0 -1
621 45 29 0 -1
622 15 29 0 -1
623 44 12 1 0
624 12 10 0 -1
625 46 9 0 -1
626 84 14 0 1
627 87 28 0 -1
628 45 7 0 -1
629 97 36 0 1
630 67 34 -1 0
631 6 6 0 1
632 94 15 1 0
633 81 23 0 1
634 22 31 0 1
635 7 29 1 0
636 22 36 0 -1
637 17 31 -1 0
638 20 32 0 -1
639 45 35 0 -1
640 19 36 1 0
641 39 22 0 1
642 75 7 1 0
643 27 2 1 0
644 28 13 -1 0
645 56 4 0 -1
646 12 17 -1 0
647 25 19 1 0
648 29 33 -1 0
649 84 11 0 1
650 40 31 0 -1
651 59 24 0 1
652 97 12 1 0
653 22 37 0 1
654 20 21 0 -1
655 3 15 -1 0
656 47 16 0 1
657 38 28 0 -1
658 60 12 -1 0
659 17 25 1 0
660 48 29 0 1
661 47 37 1 0
662 25 21 0 -1
663 11 1 1 0
664 10 10 -1 0
665 28 9 -1 0
666 6 18 0 1
667 14 12 0 1
668 71 22 -1 0
669 96 17 0 1
670 26 30 1 0
671 45 30 0 1
672 82 10 1 0
673 41 16 0 -1
674 12 21 1 0
675 28 22 1 0
676 95 3 0 -1
677 25 34 0 -1
678 45 11 0 -1
679 52 10 0 -1
680 25 38 -1 0
681 15 22 1 0
682 42 0 0 1
683 41 23 -1 0
684 13 26 -1 0
685 76 18 0 1
686 17 37 1 0
687 48 27 0 -1
688 26 0 1 0
689 84 9 0 -1
690 17 30 1 0
691 6 38 1 0
692 37 33 0 1
693 29 3 1 0
694 20 9 -1 0
695 80 1 1 0
696 36 25 -1 0
697 91 20 0 1
698 7 21 1 0
699 44 12 -1 0
700 18 29 0 1
701 7 38 -1 0
702 12 31 0 1
703 81 26 0 1
704 18 3 -1 0
705 12 35 -1 0
706 28 24 0 -1
707 15 7 1 0
708 13 24 0 1
709 60 33 1 0
710 90 30 -1 0
711 20 5 0 -1
712 54 0 1 0
713 92 3 0 1
714 94 26 0 1
715 26 5 0 1
716 3 16 -1 0
717 69 8 1 0
718 3 12 0 1
719 14 26 0 1
720 65 20 0 -1
721 49 29 -1 0
722 12 26 -1 0
723 18 29 0 -1
724 5 9 1 0
725 16 35 0 -1
726 5 20 0 -1
727 85 35 0 -1
728 18 14 -1 0
729 58 24 -1 0
730 39 16 0 -1
731 27 23 0 -1
732 57 3 1 0
733 37 15 -1 0
734 94 13 1 0
735 2 35 1 0
736 91 31 0 -1
737 50 35 1 0
738 17 9 -1 0
739 64 24 -1 0
740 96 31 0 -1
741 69 19 0 -1
742 98 11 0 1
743 43 32 -1 0
744 3 9 -1 0
745 22 18 0 -1
746 41 25 -1 0
747 8 23 -1 0
748 37 16 0 -1
749 57 12 -1 0
750 93 7 0 -1
751 43 37 -1 0
752 41 19 1 0
753 42 2 -1 0
754 89 36 0 1
755 2 23 0 1
756 77 7 0 -1
757 23 12 0 1
758 83 14 -1 0
759 46 35 0 -1
760 90 7 0 1
761 97 16 0 -1
762 49 4 0 -1
763 47 14 -1 0
764 5 13 -1 0
765 11 22 0 -1
766 44 20 1 0
767 83 21 1 0
768 13 34 0 1
769 62 19 0 1
770 89 36 0 -1
771 45 4 1 0
772 22 34 0 1
773 95 26 1 0
774 19 23 1 0
775 67 38 0 1
776 86 21 0 1
777 3 6 0 1
778 37 13 0 1
779 26 26 -1 0
780 82 16 0 -1
781 76 15 1 0
782 52 30 -1 0
783 87 14 0 1
784 49 18 0 1
785 13 33 0 1
786 16 37 -1 0
787 38 36 -1 0
788 80 21 1 0
789 68 17 1 0
790 16 29 1 0
791 6 2 1 0
792 6 31 0 1
793 60 26 1 0
794 0 11 0 -1
795 19 22 0 -1
796 92 22 1 0
797 94 30 1 0
798 56 24 -1 0
799 45 27 0 -1
800 45 19 0 -1
801 64 25 0 1
802 17 1 0 -1
803 5 0 -1 0
804 54 7 -1 0
805 78 24 -1 0
806 59 11 -1 0
807 22 17 0 1
808 52 7 -1 0
809 54 21 0 -1
810 2 39 0 -1
811 17 7 0 1
812 16 28 1 0
813 77 10 0 -1
814 13 12 0 -1
815 96 10 -1 0
816 84 12 1 0
817 5 13 0 -1
818 21 18 0 -1
819 79 33 0 1
820 75 5 1 0
821 92 16 1 0
822 79 19 -1 0
823 88 38 -1 0
824 38 2 -1 0
825 95 35 1 0
826 11 22 0 1
827 91 11 0 1
828 90 19 1 0
829 19 15 0 1
830 59 14 0 -1
831 0 31 0 -1
832 82 3 0 1
833 36 14 0 -1
834 40 10 -1 0
835 93 3 1 0
836 92 26 -1 0
837 1 14 0 1
838 62 29 1 0
839 51 35 -1 0
840 11 12 -1 0
841 19 3 -1 0
842 19 20 0 1
843 1 31 -1 0
844 25 7 1 0
845 88 19 0 1
846 57 3 1 0
847 85 26 0 -1
848 57 38 0 -1
849 87 32 -1 0
850 28 21 1 0
851 81 17 1 0
852 44 17 0 1
853 43 29 -1 0
854 82 0 1 0
855 6 23 0 -1
856 13 26 0 -1
857 73 0 1 0
858 42 19 0 -1
859 25 24 0 -1
860 59 29 0 1
861 97 35 1 0
862 9 28 0 -1
863 6 18 0 1
864 24 18 1 0
865 17 0 -1 0
866 3 15 0 1
867 26 26 -1 0
868 24 11 0 1
869 94 24 -1 0
870 65 25 0 -1
871 38 10 0 -1
872 66 0 0 1
873 5 0 0 -1
874 51 26 -1 0
875 2 29 1 0
876 7 26 0 1
877 8 19 1 0
878 87 23 -1 0
879 66 1 0 1
880 53 9 1 0
881 14 28 0 -1
882 2 13 0 -1
883 26 22 1 0
884 70 33 1 0
885 41 6 -1 0
886 7 34 0 -1
887 26 10 1 0
888 80 29 0 1
889 53 7 0 -1
890 11 31 0 1
891 8 21 0 -1
892 28 13 -1 0
893 40 17 0 1
894 40 29 1 0
895 28 25 0 1
896 14 10 0 1
897 45 4 0 -1
898 49 4 1 0
899 24 26 -1 0
900 26 17 1 0
901 4 25 1 0
902 14 11 0 -1
903 53 5 0 -1
904 21 30 -1 0
905 94 33 1 0
906 54 1 0 -1
907 44 28 0 -1
908 21 24 0 1
909 27 4 0 1
910 21 8 0 1
911 65 24 0 -1
912 89 35 -1 0
913 13 32 1 0
914 81 36 0 -1
915 91 35 1 0
916 13 15 0 1
917 82 17 -1 0
918 0 9 -1 0
919 43 9 0 -1
920 64 12 0 1
921 40 6 1 0
922 54 26 0 1
923 93 9 0 -1
924 63 31 1 0
925 61 27 0 1
926 63 25 0 -1
927 75 17 1 0
928 23 11 0 -1
929 69 8 0 -1
930 3 30 0 1
931 97 28 0 1
932 46 27 0 -1
933 18 22 0 -1
934 53 33 0 1
935 69 33 0 1
936 99 22 1 0
937 51 29 -1 0
938 2 4 -1 0
939 49 0 -1 0
940 11 39 1 0
941 15 1 0 -1
942 40 39 1 0
943 35 35 1 0
944 31 22 1 0
945 75 17 0 1
946 54 13 -1 0
947 6 6 0 -1
948 75 18 0 1
949 53 3 0 -1
950 21 38 1 0
951 27 23 0 -1
952 89 31 0 -1
953 78 25 0 -1
954 94 14 0 -1
955 21 35 -1 0
956 22 17 0 1
957 47 9 -1 0
958 3 15 0 1
959 68 30 0 -1
960 92 23 -1 0
961 95 26 1 0
962 35 4 -1 0
963 16 6 -1 0
964 79 5 0 -1
965 27 35 0 1
966 16 37 1 0
967 9 1 0 1
968 36 9 0 1
969 24 21 -1 0
970 11 30 0 1
971 9 30 0 1
972 45 11 0 -1
973 93 33 0 -1
974 9 8 -1 0
975 93 28 -1 0
976 27 19 0 1
977 23 19 0 -1
978 71 14 0 1
979 29 3 -1 0
980 15 14 -1 0
981 0 17 -1 0
982 12 22 -1 0
983 21 6 -1 0
984 10 37 0 1
985 28 25 1 0
986 46 2 0 1
987 86 8 0 1
988 11 27 1 0
989 54 11 0 1
990 8 29 1 0
991 55 29 0 1
992 89 21 0 1
993 7 25 1 0
994 61 30 0 1
995 74 13 1 0
996 10 12 0 -1
997 39 7 0 1
998 20 29 -1 0
999 24 5 1 0
1000 98 39 1 0
1001 71 8 -1 0
1002 39 13 0 1
1003 31 17 0 -1
1004 17 39 -1 0
1005 23 24 0 1
1006 41 8 1 0
1007 50 24 -1 0
1008 97 28 -1 0
1009 22 35 0 -1
1010 67 16 0 -1
1011 76 39 0 -1
1012 41 4 0 1
1013 11 38 -1 0
1014 38 26 0 -1
1015 1 14 0 1
1016 52 24 0 -1
1017 79 14 1 0
1018 96 23 0 -1
1019 16 10 0 1
1020 98 4 -1 0
1021 50 21 0 1
1022 25 5 -1 0
1023 14 5 0 1
1024 82 8 1 0
1025 92 16 -1 0
1026 92 30 0 1
1027 24 14 0 1
1028 7 23 0 1
1029 74 19 0 -1
1030 86 18 1 0
1031 28 27 -1 0
1032 52 11 0 -1
1033 30 25 0 -1
1034 90 32 -1 0
1035 63 34 1 0
1036 42 20 1 0
1037 8 36 0 1
1038 73 12 0 1
1039 1 33 0 1
1040 54 23 0 1
1041 40 20 1 0
1042 39 9 0 1
1043 97 27 1 0
1044 0 28 -1 0
1045 86 39 0 -1
1046 23 15 1 0
1047 54 0 0 1
1048 58 24 0 1
1049 76 17 1 0
1050 8 37 -1 0
1051 74 16 0 -1
1052 69 26 1 0
1053 40 0 0 1
1054 42 17 0 -1
1055 89 36 1 0
1056 56 6 1 0
1057 5 2 0 1
1058 6 36 1 0
1059 54 13 0 -1
1060 22 34 1 0
1061 48 20 0 -1
1062 72 30 -1 0
1063 2 17 -1 0
1064 77 1 0 -1
1065 25 5 0 -1
1066 63 1 0 -1
1067 38 33 0 1
1068 42 9 -1 0
1069 38 5 0 1
1070 92 26 0 1
1071 74 14 0 -1
1072 71 13 -1 0
1073 61 38 -1 0
1074 28 12 0 1
1075 92 19 -1 0
1076 49 7 -1 0
1077 23 17 -1 0
1078 12 0 0 -1
1079 66 6 1 0
1080 2 31 0 1
1081 43 24 -1 0
1082 69 11 1 0
1083 22 6 0 1
1084 1 20 1 0
1085 19 19 0 1
1086 42 14 0 -1
1087 42 15 0 1
1088 29 12 0 1
1089 98 17 1 0
1090 44 14 0 1
1091 12 13 0 -1
1092 9 13 1 0
1093 24 28 0 1
1094 11 23 0 1
1095 40 30 -1 0
1096 12 19 0 -1
1097 44 24 1 0
1098 71 21 1 0
1099 6 15 1 0
1100 20 28 1 0
1101 69 10 -1 0
1102 95 24 0 -1
1103 49 36 -1 0
1104 38 12 0 1
1105 4 39 -1 0
1106 51 10 1 0
1107 21 0 1 0
1108 65 11 -1 0
1109 42 19 -1 0
1110 84 16 1 0
1111 66 0 0 1
1112 25 11 -1 0
1113 28 24 0 -1
1114 25 28 1 0
1115 11 7 0 -1
1116 93 1 -1 0
1117 92 34 1 0
1118 25 23 1 0
1119 23 8 0 1
1120 43 7 0 1
1121 5 21 0 -1
1122 6 11 0 -1
1123 90 12 -1 0
1124 53 29 -1 0
1125 7 25 0 1
1126 78 12 0 -1
1127 19 2 0 1
1128 93 1 1 0
1129 59 28 0 1
1130 26 23 1 0
1131 37 3 0 -1
1132 47 25 1 0
1133 2 28 0 1
1134 58 23 0 1
1135 23 6 -1 0
1136 46 29 0 1
1137 52 32 0 -1
1138 21 25 1 0
1139 88 31 0 -1
1140 8 9 1 0
1141 64 29 0 -1
1142 7 29 0 1
1143 11 14 0 -1
1144 25 13 0 1
1145 3 24 0 1
1146 77 33 1 0
1147 88 14 1 0
1148 30 10 0 1
1149 52 23 0 1
1150 27 11 1 0
1151 28 38 1 0
1152 26 26 -1 0
1153 13 27 0 1
1154 99 5 -1 0
1155 76 30 0 -1
1156 40 15 0 -1
1157 54 25 -1 0
1158 5 31 -1 0
1159 38 7 -1 0
1160 1 0 -1 0
1161 85 24 1 0
1162 5 7 1 0
1163 24 17 1 0
1164 56 29 0 -1
1165 17 33 -1 0
1166 17 28 0 1
1167 58 5 0 -1
1168 3 25 0 -1
1169 43 11 -1 0
1170 27 32 0 -1
1171 51 1 0 1
1172 67 18 1 0
1173 1 22 0 -1
1174 6 11 -1 0
1175 26 39 0 -1
1176 23 18 -1 0
1177 43 9 0 -1
1178 11 33 1 0
1179 13 9 1 0
1180 8 34 -1 0
1181 1 37 -1 0
1182 92 14 1 0
1183 95 0 0 1
1184 24 30 0 1
1185 9 13 1 0
1186 18 1 -1 0
1187 89 15 -1 0
1188 49 16 0 -1
1189 18 30 1 0
1190 37 25 -1 0
1191 86 11 0 -1
1192 0 5 0 1
1193 29 5 0 -1
1194 50 35 0 -1
1195 15 30 1 0
1196 42 20 1 0
1197 97 3 0 -1
1198 25 11 -1 0
1199 45 7 1 0
1200 86 23 1 0
1201 38 12 1 0
1202 27 12 -1 0
1203 88 27 1 0
1204 10 17 1 0
1205 75 24 0 -1
1206 1 8 0 1
1207 0 5 0 -1
1208 27 17 0 1
1209 80 33 -1 0
1210 24 7 -1 0
1211 27 10 0 -1
1212 14 38 0 -1
1213 98 13 0 1
1214 98 16 0 -1
1215 12 37 0 1
1216 37 25 -1 0
1217 25 29 -1 0
1218 91 7 0 1
1219 43 24 0 1
1220 16 30 0 -1
1221 46 4 0 -1
1222 83 4 -1 0
1223 74 9 -1 0
1224 23 0 1 0
1225 20 32 1 0
1226 54 10 1 0
1227 0 39 0 1
1228 97 7 0 1
1229 44 8 1 0
1230 2 21 0 -1
1231 48 9 1 0
1232 40 14 -1 0
1233 6 11 -1 0
1234 98 19 0 -1
1235 49 31 0 -1
1236 89 27 1 0
1237 28 2 0 -1
1238 90 21 -1 0
1239 48 21 0 -1
1240 18 33 0 -1
1241 50 6 0 -1
1242 46 31 0 -1
1243 99 39 -1 0
1244 55 3 0 1
1245 56 2 -1 0
1246 42 18 1 0
1247 27 21 0 1
1248 0 25 0 1
1249 72 13 0 1
1250 4 27 -1 0
1251 39 22 -1 0
1252 98 7 0 1
1253 24 5 1 0
1254 15 39 0 1
1255 62 23 0 1
1256 18 39 -1 0
1257 49 31 1 0
1258 79 5 0 1
1259 15 4 -1 0
1260 24 11 0 1
1261 49 37 0 1
1262 27 37 1 0
1263 25 13 -1 0
1264 9 0 -1 0
1265 73 3 1 0
1266 7 38 0 -1
1267 86 8 0 -1
1268 24 10 0 -1
1269 19 39 1 0
1270 44 0 1 0
1271 22 32 0 1
1272 96 34 1 0
1273 56 35 0 -1
1274 95 26 -1 0
1275 92 19 1 0
1276 43 1 0 1
1277 61 5 0 -1
1278 62 13 -1 0
1279 38 31 -1 0
1280 49 16 0 -1
1281 86 10 0 -1
1282 49 16 1 0
1283 9 33 1 0
1284 61 28 0 -1
1285 83 26 1 0
1286 1 16 -1 0
1287 51 1 1 0
1288 96 32 -1 0
1289 30 37 -1 0
1290 41 34 0 1
1291 91 10 0 -1
1292 49 9 1 0
1293 26 28 -1 0
1294 40 1 -1 0
1295 11 27 0 -1
1296 9 32 -1 0
1297 29 29 0 1
1298 19 17 1 0
1299 21 31 1 0
1300 38 31 0 -1
1301 81 32 0 -1
1302 82 24 -1 0
1303 46 7 0 1
1304 26 11 0 -1
1305 89 20 1 0
1306 25 27 1 0
1307 28 10 1 0
1308 19 6 0 1
1309 15 22 0 1
1310 67 25 0 1
1311 93 16 -1 0
1312 22 33 0 -1
1313 27 9 0 1
1314 93 35 0 1
1315 27 5 0 1
1316 93 37 1 0
1317 72 36 -1 0
1318 14 19 1 0
1319 82 37 0 1
1320 58 10 0 1
1321 82 22 1 0
1322 22 10 0 -1
1323 48 5 0 1
1324 12 0 1 0
1325 29 28 -1 0
1326 97 0 0 1
1327 92 24 1 0
1328 61 13 0 -1
1329 74 28 0 1
1330 39 16 0 1
1331 56 19 0 -1
1332 72 11 -1 0
1333 99 25 0 -1
1334 23 22 0 1
1335 41 17 0 1
1336 27 4 0 1
1337 27 32 0 -1
1338 76 2 0 -1
1339 19 33 -1 0
1340 46 1 1 0
1341 81 29 -1 0
1342 53 5 1 0
1343 53 17 1 0
1344 47 17 1 0
1345 60 2 -1 0
1346 98 14 1 0
1347 90 5 0 1
1348 64 24 -1 0
1349 6 30 1 0
1350 81 37 0 -1
1351 10 23 0 1
1352 31 19 0 1
1353 57 17 -1 0
1354 98 16 1 0
1355 4 13 1 0
1356 45 8 1 0
1357 12 14 0 1
1358 70 37 0 -1
1359 26 12 0 -1
1360 4 18 0 -1
1361 5 35 1 0
1362 64 27 1 0
1363 23 38 0 1
1364 11 14 1 0
1365 32 13 0 -1
1366 22 38 0 1
1367 37 33 0 1
1368 39 1 -1 0
1369 5 33 -1 0
1370 0 32 -1 0
1371 21 36 -1 0
1372 66 19 1 0
1373 90 13 0 -1
1374 7 35 0 1
1375 17 22 0 1
1376 86 21 -1 0
1377 16 15 -1 0
1378 5 19 -1 0
1379 63 17 -1 0
1380 13 16 -1 0
1381 27 35 1 0
1382 74 8 0 1
1383 4 36 1 0
1384 66 16 0 -1
1385 24 34 0 1
1386 22 10 0 1
1387 79 22 0 1
1388 57 15 0 1
1389 79 20 -1 0
1390 43 8 1 0
1391 74 23 0 1
1392 30 38 0 -1
1393 43 15 0 -1
1394 7 30 0 1
1395 40 5 0 1
1396 13 7 0 1
1397 76 11 0 1
1398 37 13 1 0
1399 52 18 0 -1
1400 83 30 0 -1
1401 77 6 0 1
1402 6 0 1 0
1403 95 29 1 0
1404 32 32 0 1
1405 49 21 0 1
1406 88 31 1 0
1407 98 8 0 1
1408 45 10 0 1
1409 21 16 0 1
1410 41 15 0 1
1411 37 7 0 -1
1412 86 38 0 1
1413 47 1 0 -1
1414 29 35 0 1
1415 0 22 1 0
1416 7 24 0 1
1417 12 39 1 0
1418 95 10 0 1
1419 69 18 1 0
1420 56 0 1 0
1421 85 10 1 0
1422 14 28 0 -1
1423 23 30 -1 0
1424 17 4 0 -1
1425 49 8 0 -1
1426 58 25 -1 0
1427 35 7 -1 0
1428 56 15 1 0
1429 91 24 0 -1
1430 53 31 0 1
1431 26 5 1 0
1432 23 34 -1 0
1433 2 34 0 -1
1434 29 16 0 1
1435 62 3 0 1
1436 5 22 1 0
1437 13 16 -1 0
1438 98 25 1 0
1439 62 12 -1 0
1440 39 33 -1 0
1441 69 19 1 0
1442 41 16 0 1
1443 97 37 0 1
1444 20 6 0 -1
1445 54 3 0 1
1446 47 27 0 1
1447 74 4 -1 0
1448 73 13 0 1
1449 44 27 -1 0
1450 96 15 -1 0
1451 8 10 0 -1
1452 22 11 -1 0
1453 84 8 0 1
1454 42 7 1 0
1455 23 33 0 -1
1456 21 12 0 -1
1457 13 22 -1 0
1458 42 39 -1 0
1459 25 14 1 0
1460 23 18 -1 0
1461 70 4 0 1
1462 70 38 -1 0
1463 17 14 0 1
1464 87 39 1 0
1465 49 9 0 -1
1466 53 31 0 -1
1467 45 8 0 1
1468 93 5 1 0
1469 99 35 0 1
1470 10 4 -1 0
1471 0 13 1 0
1472 39 38 0 -1
1473 48 2 0 -1
1474 52 12 1 0
1475 12 1 1 0
1476 49 1 -1 0
1477 78 9 -1 0
1478 12 17 1 0
1479 91 31 0 -1
1480 82 14 0 1
1481 19 37 -1 0
1482 30 18 0 1
1483 27 1 0 -1
1484 86 15 -1 0
1485 55 12 0 -1
1486 49 35 0 1
1487 97 26 0 -1
1488 96 17 0 1
1489 80 16 0 1
1490 73 8 0 -1
1491 0 30 0 1
1492 40 12 -1 0
1493 58 14 0 -1
1494 90 14 -1 0
1495 87 20 -1 0
1496 9 9 0 1
1497 2 23 0 1
1498 23 33 0 -1
1499 6 14 0 1
1500 27 2 0 -1
1501 46 30 0 -1
1502 68 24 0 1
1503 6 21 0 -1
1504 17 6 0 1
1505 83 27 1 0
1506 40 24 0 1
1507 12 29 0 1
1508 91 0 1 0
1509 3 7 -1 0
1510 60 7 0 -1
1511 16 31 0 -1
1512 38 7 -1 0
1513 17 7 -1 0
1514 26 19 0 1
1515 27 8 1 0
1516 83 9 1 0
1517 59 33 0 -1
1518 40 13 0 -1
1519 14 15 -1 0
1520 86 13 -1 0
1521 11 37 0 -1
1522 30 32 -1 0
1523 21 37 -1 0
1524 41 38 -1 0
1525 14 39 0 -1
1526 16 27 1 0
1527 40 2 1 0
1528 0 2 1 0
1529 70 38 0 -1
1530 61 16 0 -1
1531 84 8 -1 0
1532 18 15 0 -1
1533 76 24 1 0
1534 4 21 0 -1
1535 78 11 0 1
1536 85 29 -1 0
1537 44 5 0 -1
1538 42 16 1 0
1539 3 0 1 0
1540 26 22 0 1
1541 18 9 0 -1
1542 46 15 0 1
1543 85 29 0 -1
1544 93 25 -1 0
1545 79 20 -1 0
1546 40 13 -1 0
1547 44 16 0 1
1548 44 34 0 1
1549 21 34 1 0
1550 13 12 -1 0
1551 86 2 0 1
1552 13 19 0 1
1553 10 15 1 0
1554 27 29 0 1
1555 44 23 0 1
1556 5 29 0 1
1557 0 12 -1 0
1558 5 37 1 0
1559 71 24 0 -1
1560 28 16 0 1
1561 68 35 0 1
1562 47 23 0 1
1563 47 25 0 1
1564 55 28 0 1
1565 2 3 1 0
1566 85 8 1 0
1567 47 13 1 0
1568 58 29 0 1
1569 66 30 0 -1
1570 86 14 0 1
1571 49 20 0 -1
1572 70 37 1 0
1573 21 8 0 -1
1574 39 30 -1 0
1575 56 12 0 1
1576 43 7 1 0
1577 1 24 0 -1
1578 64 14 1 0
1579 5 30 0 -1
1580 46 11 -1 0
1581 66 18 -1 0
1582 1 8 1 0
1583 1 12 0 -1
1584 81 2 -1 0
1585 21 26 0 1
1586 9 19 1 0
1587 6 1 1 0
1588 95 29 0 1
1589 22 13 0 -1
1590 97 26 0 -1
1591 94 36 0 -1
1592 14 18 -1 0
1593 19 7 1 0
1594 65 24 1 0
1595 20 17 0 1
1596 26 23 0 -1
1597 87 39 1 0
1598 47 33 0 -1
1599 17 19 1 0
1600 28 13 1 0
1601 6 28 0 1
1602 69 9 -1 0
1603 6 39 -1 0
1604 24 27 1 0
1605 80 38 -1 0
1606 72 39 0 -1
1607 63 33 0 1
1608 22 23 0 -1
1609 50 16 0 -1
1610 49 2 -1 0
1611 5 5 0 1
1612 8 26 0 -1
1613 39 29 0 -1
1614 3 29 0 1
1615 80 16 0 -1
1616 46 19 0 1
1617 26 34 0 -1
1618 25 13 0 1
1619 18 25 1 0
1620 99 17 0 1
1621 47 7 0 -1
1622 84 9 0 1
1623 92 8 0 -1
1624 38 19 1 0
1625 13 38 0 -1
1626 85 20 -1 0
1627 60 3 -1 0
1628 46 10 0 -1
1629 99 2 0 1
1630 74 13 0 1
1631 42 39 0 1
1632 51 0 -1 0
1633 8 15 0 -1
1634 85 17 0 -1
1635 48 24 0 -1
1636 40 1 0 1
1637 5 22 -1 0
1638 67 26 0 1
1639 92 25 0 -1
1640 0 30 0 1
1641 19 9 1 0
1642 48 24 -1 0
1643 2 25 0 1
1644 25 27 -1 0
1645 14 11 0 -1
1646 22 14 0 1
1647 52 36 1 0
1648 71 9 0 -1
1649 78 32 0 1
1650 61 34 0 -1
1651 1 34 1 0
1652 14 36 -1 0
1653 18 16 0 -1
1654 20 34 0 -1
1655 22 29 -1 0
1656 24 27 0 1
1657 93 32 1 0
1658 26 29 -1 0
1659 4 30 1 0
1660 63 21 0 1
1661 93 12 0 1
1662 47 8 -1 0
1663 40 19 -1 0
1664 23 29 -1 0
1665 18 4 -1 0
1666 60 16 0 1
1667 44 38 0 -1
1668 11 1 1 0
1669 88 30 0 -1
1670 31 38 0 -1
1671 45 25 -1 0
1672 52 11 0 1
1673 1 25 1 0
1674 90 12 1 0
1675 72 8 -1 0
1676 22 32 1 0
1677 9 37 1 0
1678 18 16 0 -1
1679 87 33 0 1
1680 98 38 0 1
1681 18 26 0 1
1682 85 13 -1 0
1683 93 20 0 1
1684 94 32 -1 0
1685 50 17 -1 0
1686 19 12 1 0
1687 48 3 0 1
1688 13 17 1 0
1689 95 4 1 0
1690 40 20 0 -1
1691 65 25 -1 0
1692 95 14 0 1
1693 82 9 1 0
1694 91 3 0 -1
1695 2 37 1 0
1696 27 21 0 -1
1697 90 9 0 1
1698 15 19 1 0
1699 97 2 0 -1
1700 23 32 1 0
1701 17 21 1 0
1702 97 28 1 0
1703 44 22 -1 0
1704 14 32 0 -1
1705 25 4 0 -1
1706 19 11 1 0
1707 39 6 0 1
1708 59 18 0 1
1709 13 17 0 -1
1710 21 32 -1 0
1711 14 29 0 -1
1712 86 25 0 -1
1713 75 19 0 1
1714 6 23 1 0
1715 49 17 1 0
1716 43 37 0 1
1717 46 6 -1 0
1718 22 23 1 0
1719 15 28 0 1
1720 84 7 0 1
1721 80 7 0 -1
1722 53 10 0 1
1723 16 9 1 0
1724 96 23 1 0
1725 81 9 -1 0
1726 39 5 1 0
1727 40 25 0 1
1728 75 16 0 -1
1729 17 32 -1 0
1730 81 18 0 -1
1731 14 27 0 1
1732 27 33 -1 0
1733 79 19 0 1
1734 68 8 1 0
1735 68 29 0 1
1736 47 8 -1 0
1737 50 20 0 1
1738 93 11 -1 0
1739 8 6 0 1
1740 39 30 0 -1
1741 54 9 -1 0
1742 15 8 0 1
1743 67 24 0 1
1744 16 24 1 0
1745 98 15 0 1
1746 8 36 -1 0
1747 12 31 0 -1
1748 27 17 1 0
1749 78 29 0 -1
1750 41 21 0 -1
1751 19 15 -1 0
1752 60 38 1 0
1753 64 6 1 0
1754 0 28 -1 0
1755 77 32 0 1
1756 26 18 0 -1
1757 43 9 1 0
1758 25 37 0 1
1759 80 31 0 1
1760 77 25 1 0
1761 5 37 0 1
1762 50 14 0 -1
1763 80 37 1 0
1764 77 4 0 -1
1765 1 33 1 0
1766 18 28 0 -1
1767 19 34 0 1
1768 31 4 0 -1
1769 56 29 0 1
1770 13 11 0 1
1771 31 31 0 1
1772 87 11 -1 0
1773 7 38 1 0
1774 13 33 -1 0
1775 9 27 0 1
1776 78 4 -1 0
1777 22 29 0 1
1778 96 35 1 0
1779 90 23 0 1
1780 62 14 -1 0
1781 39 15 0 -1
1782 72 19 -1 0
1783 45 34 0 1
1784 14 37 0 1
1785 38 27 1 0
1786 17 31 1 0
1787 17 5 1 0
1788 87 5 -1 0
1789 22 36 0 1
1790 29 3 -1 0
1791 16 21 -1 0
1792 20 36 0 -1
1793 26 16 0 -1
1794 85 1 -1 0
1795 27 12 1 0
1796 0 27 -1 0
1797 29 22 1 0
1798 85 1 1 0
1799 55 37 1 0
1800 17 17 -1 0
1801 39 8 -1 0
1802 96 29 0 -1
1803 5 21 0 1
1804 11 4 -1 0
1805 30 3 0 -1
1806 57 2 0 -1
1807 12 24 0 1
1808 9 38 -1 0
1809 17 26 0 1
1810 23 3 0 1
1811 74 37 1 0
1812 63 12 -1 0
1813 92 5 1 0
1814 97 34 0 1
1815 46 28 -1 0
1816 26 25 0 1
1817 97 21 -1 0
1818 62 31 1 0
1819 5 27 1 0
1820 67 25 0 1
1821 28 20 -1 0
1822 17 29 0 1
1823 70 25 1 0
1824 86 24 1 0
1825 52 5 0 -1
1826 39 38 0 1
1827 48 16 1 0
1828 2 19 0 1
1829 87 0 0 -1
1830 16 20 1 0
1831 51 4 -1 0
1832 4 38 0 -1
1833 22 10 1 0
1834 74 23 1 0
1835 39 13 1 0
1836 50 16 -1 0
1837 54 26 1 0
1838 66 6 0 -1
1839 83 33 -1 0
1840 40 2 0 -1
1841 17 28 1 0
1842 30 35 1 0
1843 45 23 0 -1
1844 15 13 0 1
1845 43 14 1 0
1846 43 11 -1 0
1847 10 31 0 1
1848 3 8 0 1
1849 3 11 0 -1
1850 41 21 0 -1
1851 99 25 0 -1
1852 39 37 -1 0
1853 84 33 0 1
1854 93 11 -1 0
1855 24 7 -1 0
1856 71 2 0 -1
1857 97 11 0 -1
1858 49 5 1 0
1859 13 0 0 -1
1860 77 22 1 0
1861 48 37 0 -1
1862 55 21 0 1
1863 90 35 -1 0
1864 93 23 1 0
1865 50 33 1 0
1866 91 32 -1 0
1867 15 7 0 -1
1868 89 3 0 1
1869 47 11 1 0
1870 72 5 0 1
1871 0 28 0 -1
1872 5 14 0 -1
1873 22 28 1 0
1874 47 6 -1 0
1875 46 7 0 -1
1876 42 13 1 0
1877 90 16 0 1
1878 8 3 0 1
1879 90 34 1 0
1880 15 0 -1 0
1881 95 4 -1 0
1882 67 29 0 1
1883 78 30 0 1
1884 58 26 0 1
1885 12 33 0 1
1886 84 20 0 1
1887 23 4 0 -1
1888 36 30 0 1
1889 23 23 0 -1
1890 28 9 0 1
1891 90 36 0 -1
1892 7 17 1 0
1893 22 2 1 0
1894 9 20 0 1
1895 57 23 -1 0
1896 2 8 -1 0
1897 30 34 -1 0
1898 17 12 0 -1
1899 17 6 0 -1
1900 88 27 0 -1
1901 43 39 0 -1
1902 15 12 -1 0
1903 13 5 0 -1
1904 12 5 -1 0
1905 4 2 0 1
1906 6 7 1 0
1907 10 32 0 1
1908 44 8 0 1
1909 40 20 -1 0
1910 13 6 0 1
1911 71 7 0 1
1912 40 7 -1 0
1913 10 21 -1 0
1914 82 26 -1 0
1915 94 34 0 -1
1916 65 24 0 -1
1917 12 30 1 0
1918 78 19 0 -1
1919 84 35 1 0
1920 71 28 -1 0
1921 1 3 0 1
1922 71 13 1 0
1923 93 37 0 -1
1924 94 21 0 1
1925 10 29 0 1
1926 1 5 0 1
1927 99 9 1 0
1928 2 16 0 -1
1929 60 13 0 1
1930 44 11 1 0
1931 39 4 0 -1
1932 4 7 0 -1
1933 27 39 -1 0
1934 64 19 1 0
1935 45 16 1 0
1936 42 27 0 -1
1937 47 13 -1 0
1938 3 5 0 -1
1939 24 5 0 1
1940 40 15 1 0
1941 66 30 0 1
1942 90 4 0 1
1943 45 24 -1 0
1944 92 17 0 1
1945 21 0 0 1
1946 50 30 -1 0
1947 44 25 0 1
1948 40 33 0 1
1949 44 6 1 0
1950 2 27 -1 0
1951 42 15 0 1
1952 88 32 -1 0
1953 22 11 0 -1
1954 20 34 1 0
1955 28 10 -1 0
1956 52 13 1 0
1957 52 18 -1 0
1958 22 18 1 0
1959 59 20 0 -1
1960 95 20 0 1
1961 71 30 0 1
1962 64 5 -1 0
1963 45 29 0 1
1964 8 10 0 1
1965 26 23 -1 0
1966 22 22 1 0
1967 19 15 0 -1
1968 15 5 1 0
1969 45 31 -1 0
1970 48 28 0 -1
1971 78 16 1 0
1972 15 11 -1 0
1973 66 15 0 -1
1974 99 23 0 1
1975 85 27 0 1
1976 18 12 0 -1
1977 15 36 1 0
1978 97 24 0 -1
1979 20 16 0 -1
1980 53 6 0 -1
1981 65 23 -1 0
1982 92 10 1 0
1983 95 32 -1 0
1984 8 2 1 0
1985 43 38 -1 0
1986 14 35 -1 0
1987 82 15 0 -1
1988 91 27 1 0
1989 45 24 1 0
1990 16 20 0 1
1991 49 0 1 0
1992 0 38 1 0
1993 46 0 0 1
1994 39 28 -1 0
1995 22 7 1 0
1996 89 35 1 0
1997 10 35 0 1
1998 96 39 -1 0
1999 95 23 -1 0
2000 90 24 1 0
2001 19 6 -1 0
2002 8 19 -1 0
2003 53 37 1 0
2004 94 11 0 1
2005 13 24 0 1
2006 22 9 -1 0
2007 74 3 -1 0
2008 28 22 0 1
2009 24 26 1 0
2010 9 23 0 -1
2011 78 28 0 1
2012 39 17 1 0
2013 1 8 -1 0
2014 5 8 -1 0
2015 75 22 1 0
2016 89 39 -1 0
2017 27 20 1 0
2018 48 13 1 0
2019 20 39 0 1
2020 95 35 0 -1
2021 72 13 0 -1
2022 55 39 1 0
2023 57 37 0 -1
2024 90 23 1 0
2025 14 8 0 1
2026 11 13 0 -1
2027 0 18 0 1
2028 2 20 0 -1
2029 5 1 0 -1
2030 51 9 1 0
2031 77 9 0 1
2032 36 35 1 0
2033 81 8 0 -1
2034 49 26 0 -1
2035 38 3 -1 0
2036 43 5 0 -1
2037 3 1 0 -1
2038 92 37 1 0
2039 92 4 -1 0
2040 41 25 -1 0
2041 58 3 -1 0
2042 22 30 -1 0
2043 40 22 1 0
2044 87 9 0 -1
2045 46 23 0 1
2046 99 18 1 0
2047 88 16 0 1
2048 93 8 -1 0
2049 8 38 0 -1
2050 82 25 1 0
2051 85 26 -1 0
2052 26 1 0 -1
2053 20 22 0 1
2054 8 28 -1 0
2055 1 18 -1 0
2056 91 36 0 -1
2057 24 37 1 0
2058 73 34 1 0
2059 41 9 0 1
2060 3 31 0 -1
2061 55 9 1 0
2062 61 24 0 1
2063 99 21 -1 0
2064 22 7 0 1
2065 82 35 0 -1
2066 70 3 0 -1
2067 96 27 0 1
2068 97 8 1 0
2069 63 20 0 1
2070 28 34 -1 0
2071 27 25 -1 0
2072 9 27 0 -1
2073 54 4 0 1
2074 10 33 0 -1
2075 21 30 0 1
2076 92 27 1 0
2077 64 11 0 1
2078 91 33 1 0
2079 46 31 -1 0
2080 97 30 0 -1
2081 95 5 0 -1
2082 12 38 0 1
2083 46 10 0 1
2084 17 34 -1 0
2085 64 31 0 -1
2086 50 32 -1 0
2087 96 13 1 0
2088 23 37 0 1
2089 0 19 1 0
2090 39 21 0 -1
2091 67 12 0 1
2092 12 8 1 0
2093 16 5 1 0
2094 91 19 0 -1
2095 86 6 0 -1
2096 88 22 0 1
2097 97 7 0 1
2098 71 3 1 0
2099 88 14 1 0
2100 87 17 1 0
2101 36 1 1 0
2102 50 32 -1 0
2103 86 16 -1 0
2104 18 21 0 -1
2105 90 2 0 -1
2106 31 35 0 -1
2107 58 10 1 0
2108 9 14 0 -1
2109 79 30 0 -1
2110 46 26 0 1
2111 14 7 1 0
2112 91 0 0 1
2113 42 32 0 -1
2114 25 5 1 0
2115 97 5 0 -1
2116 40 4 -1 0
2117 15 30 0 -1
2118 75 12 -1 0
2119 1 20 0 -1
2120 85 1 -1 0
2121 51 2 -1 0
2122 20 28 0 1
2123 31 4 -1 0
2124 15 12 0 -1
2125 89 14 1 0
2126 53 10 1 0
2127 13 4 1 0
2128 44 13 -1 0
2129 49 3 0 1
2130 38 19 0 -1
2131 26 27 -1 0
2132 28 9 0 1
2133 20 3 0 1
2134 52 28 0 1
2135 21 35 0 -1
2136 95 0 1 0
2137 51 12 0 -1
2138 90 35 1 0
2139 52 20 1 0
2140 98 33 0 1
2141 66 1 0 -1
2142 19 18 -1 0
2143 3 39 -1 0
2144 27 26 0 -1
2145 20 18 0 -1
2146 87 21 0 -1
2147 77 18 1 0
2148 46 11 0 -1
2149 26 34 0 -1
2150 89 15 0 1
2151 24 30 -1 0
2152 10 26 0 1
2153 27 11 1 0
2154 83 26 1 0
2155 76 12 -1 0
2156 76 1 1 0
2157 37 36 1 0
2158 58 6 0 1
2159 43 4 1 0
2160 56 25 -1 0
2161 88 20 -1 0
2162 13 35 -1 0
2163 67 38 0 1
2164 69 33 0 -1
2165 30 30 1 0
2166 6 38 0 1
2167 73 39 -1 0
2168 99 17 0 -1
2169 10 30 0 1
2170 85 27 0 -1
2171 0 25 -1 0
2172 41 19 0 -1
2173 27 30 0 1
2174 45 34 0 -1
2175 11 9 1 0
2176 82 38 0 -1
2177 2 35 -1 0
2178 2 4 1 0
2179 15 34 -1 0
2180 13 21 0 -1
2181 40 26 1 0
2182 36 16 1 0
2183 64 18 -1 0
2184 97 34 -1 0
2185 95 5 -1 0
2186 23 38 1 0
2187 96 21 0 1
2188 53 34 -1 0
2189 51 27 0 1
2190 27 7 0 1
2191 85 18 -1 0
2192 19 33 1 0
2193 26 14 1 0
2194 25 12 0 1
2195 8 23 0 1
2196 16 15 1 0
2197 35 21 1 0
2198 11 38 0 1
2199 39 35 0 -1
2200 90 30 1 0
2201 92 11 1 0
2202 14 29 -1 0
2203 50 14 -1 0
2204 15 30 -1 0
2205 23 28 0 1
2206 47 16 0 1
2207 46 29 0 -1
2208 2 16 0 1
2209 44 32 1 0
2210 15 8 -1 0
2211 7 8 -1 0
2212 15 28 0 1
2213 30 39 1 0
2214 53 9 -1 0
2215 91 11 1 0
2216 3 10 1 0
2217 16 7 0 1
2218 79 2 1 0
2219 42 32 -1 0
2220 29 21 1 0
2221 57 11 0 1
2222 76 33 0 1
2223 60 5 0 -1
2224 75 31 -1 0
2225 13 29 -1 0
2226 39 6 0 -1
2227 87 24 -1 0
2228 78 19 0 -1
2229 57 8 0 1
2230 25 33 0 -1
2231 25 14 -1 0
2232 91 2 0 1
2233 87 33 0 1
2234 41 38 0 1
2235 98 27 0 1
2236 74 33 1 0
2237 20 18 -1 0
2238 20 19 0 1
2239 71 7 0 1
2240 46 27 0 -1
2241 45 5 -1 0
2242 36 4 0 -1
2243 15 34 -1 0
2244 15 25 0 1
2245 40 3 -1 0
2246 72 8 0 1
2247 69 1 0 1
2248 49 9 0 -1
2249 36 35 1 0
2250 15 6 -1 0
2251 62 36 -1 0
2252 53 23 0 -1
2253 18 37 1 0
2254 26 6 0 -1
2255 48 30 -1 0
2256 6 31 0 1
2257 80 30 1 0
2258 18 20 1 0
2259 41 27 0 1
2260 30 3 0 1
2261 93 25 1 0
2262 20 25 1 0
2263 24 0 1 0
2264 25 6 1 0
2265 46 35 0 -1
2266 80 18 0 -1
2267 15 2 -1 0
2268 59 9 0 1
2269 24 38 1 0
2270 51 19 1 0
2271 40 31 0 1
2272 27 35 1 0
2273 27 29 0 -1
2274 60 33 1 0
2275 79 8 0 1
2276 11 30 0 1
2277 43 11 0 1
2278 45 5 0 -1
2279 44 10 1 0
2280 48 34 0 1
2281 7 24 0 -1
2282 73 10 -1 0
2283 51 16 -1 0
2284 10 28 0 -1
2285 16 14 0 1
2286 89 37 -1 0
2287 44 38 0 1
2288 21 17 0 1
2289 20 30 0 1
2290 43 27 0 1
2291 12 30 1 0
2292 79 8 0 1
2293 85 22 -1 0
2294 6 25 0 -1
2295 37 27 1 0
2296 71 11 0 -1
2297 39 29 1 0
2298 16 10 1 0
2299 67 24 1 0
2300 97 1 1 0
2301 78 30 0 1
2302 17 3 0 1
2303 23 8 1 0
2304 89 9 1 0
2305 88 17 -1 0
2306 81 2 1 0
2307 6 15 -1 0
2308 94 12 0 -1
2309 19 7 0 1
2310 42 12 0 1
2311 76 11 0 -1
2312 11 11 -1 0
2313 45 13 -1 0
2314 47 37 0 1
2315 77 8 0 -1
2316 36 15 1 0
2317 4 2 -1 0
2318 68 23 1 0
2319 53 12 1 0
2320 20 7 1 0
2321 65 22 1 0
2322 39 16 0 -1
2323 7 0 0 -1
2324 11 12 -1 0
2325 38 39 -1 0
2326 3 13 -1 0
2327 16 33 0 1
2328 2 10 1 0
2329 54 2 0 -1
2330 55 35 -1 0
2331 19 19 0 1
2332 75 38 0 1
2333 22 32 0 1
2334 21 17 0 1
2335 15 12 0 1
2336 37 18 1 0
2337 11 22 1 0
2338 6 10 0 1
2339 88 5 1 0
2340 48 2 0 -1
2341 3 13 0 1
2342 1 31 -1 0
2343 42 22 0 -1
2344 86 26 0 1
2345 46 12 0 -1
2346 80 7 0 1
2347 72 12 1 0
2348 45 19 -1 0
2349 35 9 -1 0
2350 88 9 1 0
2351 37 2 1 0
2352 93 12 1 0
2353 49 32 -1 0
2354 21 29 0 1
2355 10 11 0 1
2356 3 9 0 -1
2357 99 15 1 0
2358 93 36 1 0
2359 40 3 1 0
2360 9 25 -1 0
2361 89 30 0 1
2362 26 31 0 1
2363 24 29 -1 0
2364 59 4 0 -1
2365 46 21 0 -1
2366 1 31 1 0
2367 92 33 0 1
2368 42 0 1 0
2369 68 33 0 -1
2370 40 10 1 0
2371 40 13 0 -1
2372 21 9 0 -1
2373 70 6 0 -1
2374 23 39 -1 0
2375 38 8 0 1
2376 86 8 0 1
2377 44 11 0 1
2378 40 14 0 1
2379 46 28 -1 0
2380 82 9 1 0
2381 87 15 -1 0
2382 93 38 -1 0
2383 44 2 0 1
2384 80 34 0 -1
2385 8 1 0 1
2386 72 25 0 1
2387 81 2 -1 0
2388 44 22 0 1
2389 13 39 -1 0
2390 97 7 0 1
2391 10 31 1 0
2392 4 26 0 -1
2393 18 2 0 -1
2394 54 2 -1 0
2395 52 0 0 1
2396 35 15 -1 0
2397 3 8 -1 0
2398 92 19 -1 0
2399 5 7 1 0
2400 42 17 -1 0
2401 84 3 0 1
2402 56 16 1 0
2403 16 7 0 -1
2404 61 7 0 1
2405 10 37 -1 0
2406 25 4 0 -1
2407 5 34 0 1
2408 42 1 0 -1
2409 79 19 -1 0
2410 23 9 0 1
2411 15 9 0 -1
2412 81 21 0 1
2413 2 8 0 -1
2414 0 31 0 1
2415 20 17 1 0
2416 65 35 0 -1
2417 98 37 0 1
2418 25 17 -1 0
2419 27 1 1 0
2420 68 27 0 -1
2421 14 23 0 1
2422 39 7 0 1
2423 8 36 0 -1
2424 1 37 1 0
2425 19 5 0 1
2426 42 20 0 1
2427 25 10 0 1
2428 8 26 -1 0
2429 93 21 0 1
2430 76 28 0 -1
2431 24 8 -1 0
2432 1 26 0 -1
2433 49 14 -1 0
2434 46 18 0 -1
2435 30 12 -1 0
2436 53 34 -1 0
2437 19 39 1 0
2438 40 28 0 1
2439 88 30 0 1
2440 21 18 1 0
2441 19 6 1 0
2442 7 27 1 0
2443 10 6 -1 0
2444 72 2 -1 0
2445 28 23 1 0
2446 26 10 0 -1
2447 70 35 -1 0
2448 1 20 -1 0
2449 58 33 1 0
2450 95 7 0 -1
2451 66 38 0 -1
2452 97 11 -1 0
2453 82 28 -1 0
2454 23 5 0 -1
2455 65 35 1 0
2456 94 37 1 0
2457 10 1 -1 0
2458 8 29 -1 0
2459 21 33 1 0
2460 45 13 -1 0
2461 51 8 0 -1
2462 42 8 0 1
2463 36 10 -1 0
2464 51 3 1 0
2465 46 6 0 1
2466 58 37 -1 0
2467 22 13 1 0
2468 17 1 1 0
2469 95 16 1 0
2470 10 29 1 0
2471 89 1 -1 0
2472 37 36 0 1
2473 3 30 0 1
2474 41 4 0 -1
2475 96 20 0 -1
2476 29 37 -1 0
2477 6 1 0 1
2478 8 4 0 -1
2479 82 7 1 0
2480 72 16 0 1
2481 0 6 0 1
2482 60 28 1 0
2483 21 18 0 -1
2484 0 8 -1 0
2485 45 17 0 -1
2486 68 4 1 0
2487 41 32 0 -1
2488 23 25 0 1
2489 18 1 -1 0
2490 52 37 0 -1
2491 28 22 0 1
2492 85 18 -1 0
2493 97 0 -1 0
2494 40 33 1 0
2495 16 30 0 -1
2496 41 12 0 1
2497 72 33 0 -1
2498 80 0 -1 0
2499 29 17 0 1
2500 47 0 -1 0
2501 67 19 0 -1
2502 49 38 0 1
2503 4 27 0 -1
2504 84 18 0 1
2505 8 25 0 1
2506 43 18 0 1
2507 25 33 0 -1
2508 28 15 0 1
2509 20 33 -1 0
2510 23 7 1 0
2511 20 11 0 1
2512 46 5 1 0
2513 23 13 -1 0
2514 3 10 0 -1
2515 85 34 0 -1
2516 52 35 -1 0
2517 61 25 0 1
2518 38 32 -1 0
2519 21 22 1 0
2520 73 25 -1 0
2521 12 18 1 0
2522 96 16 0 -1
2523 1 2 0 1
2524 57 17 1 0
2525 92 22 -1 0
2526 52 4 0 -1
2527 13 1 1 0
2528 15 16 0 1
2529 7 6 1 0
2530 96 23 -1 0
2531 38 18 0 1
2532 84 22 0 1
2533 99 15 0 -1
2534 92 27 0 -1
2535 77 14 1 0
2536 78 18 0 -1
2537 63 19 1 0
2538 4 13 1 0
2539 24 30 0 -1
2540 55 17 0 -1
2541 45 1 1 0
2542 41 18 0 -1
2543 52 32 -1 0
2544 75 24 0 -1
2545 42 35 1 0
2546 29 19 0 1
2547 34 25 0 -1
2548 47 16 0 -1
2549 21 36 0 -1
2550 44 31 -1 0
2551 20 8 -1 0
2552 38 25 -1 0
2553 42 16 0 1
2554 19 36 0 1
2555 48 10 0 -1
2556 38 23 0 1
2557 97 0 1 0
2558 17 4 0 1
2559 18 6 0 -1
2560 16 38 -1 0
2561 37 7 -1 0
2562 94 32 1 0
2563 4 16 0 -1
2564 77 36 1 0
2565 26 28 -1 0
2566 73 6 0 1
2567 0 27 -1 0
2568 92 9 -1 0
2569 23 8 1 0
2570 58 31 -1 0
2571 15 13 1 0
2572 55 8 0 1
2573 22 3 0 -1
2574 5 27 1 0
2575 61 25 0 1
2576 97 37 1 0
2577 40 6 -1 0
2578 7 13 -1 0
2579 98 28 0 -1
2580 4 37 1 0
2581 47 18 1 0
2582 30 35 0 1
2583 21 26 -1 0
2584 38 27 0 1
2585 79 35 -1 0
2586 18 26 1 0
2587 70 19 0 1
2588 91 6 0 1
2589 52 5 1 0
2590 24 18 0 1
2591 88 34 -1 0
2592 86 36 1 0
2593 48 29 -1 0
2594 12 38 1 0
2595 0 36 0 -1
2596 17 4 0 1
2597 1 10 -1 0
2598 89 27 0 -1
2599 85 7 0 -1
2600 96 21 1 0
2601 46 3 1 0
2602 10 16 0 1
2603 8 21 1 0
2604 57 29 0 -1
2605 93 5 -1 0
2606 37 15 -1 0
2607 25 18 0 1
2608 64 4 0 1
2609 60 24 1 0
2610 5 19 0 -1
2611 90 38 -1 0
2612 79 10 0 1
2613 39 19 0 -1
2614 46 6 0 -1
2615 24 39 0 1
2616 67 18 0 -1
2617 5 26 1 0
2618 19 14 -1 0
2619 78 21 0 1
2620 57 12 0 -1
2621 16 29 0 1
2622 77 35 1 0
2623 29 37 1 0
2624 21 20 -1 0
2625 5 1 0 1
2626 14 3 0 1
2627 25 12 1 0
2628 41 18 0 -1
2629 41 30 -1 0
2630 22 39 1 0
2631 5 37 1 0
2632 70 15 0 1
2633 13 37 0 -1
2634 37 19 -1 0
2635 88 29 -1 0
2636 92 32 0 1
2637 50 6 0 -1
2638 38 24 0 1
2639 87 26 0 1
2640 86 31 -1 0
2641 79 1 -1 0
2642 19 20 0 -1
2643 68 7 1 0
2644 10 20 1 0
2645 0 4 0 1
2646 60 12 0 -1
2647 17 11 -1 0
2648 17 12 0 1
2649 86 21 1 0
2650 54 7 0 1
2651 93 33 0 -1
2652 5 0 0 1
2653 3 8 0 -1
2654 16 27 0 -1
2655 28 28 0 1
2656 51 24 0 -1
2657 16 34 -1 0
2658 62 0 1 0
2659 41 22 0 1
2660 87 35 1 0
2661 5 16 -1 0
2662 69 17 0 -1
2663 81 24 1 0
2664 26 2 0 1
2665 80 35 0 1
2666 50 17 1 0
2667 45 25 -1 0
2668 19 16 1 0
2669 4 22 1 0
2670 16 32 -1 0
2671 72 39 0 -1
2672 79 10 1 0
2673 23 24 0 1
2674 10 36 0 1
2675 7 15 -1 0
2676 81 1 0 1
2677 10 24 1 0
2678 53 33 1 0
2679 78 2 0 -1
2680 52 10 -1 0
2681 26 7 -1 0
2682 12 20 0 1
2683 7 34 -1 0
2684 48 14 -1 0
2685 17 2 -1 0
2686 19 37 1 0
2687 8 24 -1 0
2688 44 30 1 0
2689 4 18 0 -1
2690 82 21 0 -1
2691 22 5 0 1
2692 67 25 -1 0
2693 29 13 0 -1
2694 20 1 1 0
2695 50 4 0 -1
2696 66 37 0 1
2697 92 37 0 1
2698 89 35 1 0
2699 12 27 1 0
2700 68 19 1 0
2701 93 33 -1 0
2702 52 0 0 -1
2703 85 10 0 1
2704 92 31 -1 0
2705 84 10 1 0
2706 17 32 1 0
2707 15 16 0 1
2708 84 25 0 1
2709 22 20 0 1
2710 84 24 0 1
2711 30 35 0 -1
2712 28 35 0 1
2713 47 35 0 1
2714 47 23 -1 0
2715 22 9 0 -1
2716 41 39 -1 0
2717 75 19 -1 0
2718 1 30 -1 0
2719 50 38 1 0
2720 16 21 1 0
2721 25 8 0 -1
2722 1 13 0 -1
2723 6 4 0 -1
2724 5 12 0 1
2725 0 3 0 1
2726 53 9 1 0
2727 9 27 -1 0
2728 16 29 0 -1
2729 1 23 1 0
2730 5 3 -1 0
2731 94 30 1 0
2732 51 9 0 1
2733 82 20 -1 0
2734 37 16 0 1
2735 92 38 1 0
2736 10 4 1 0
2737 85 8 1 0
2738 55 29 0 1
2739 90 6 -1 0
2740 88 26 0 -1
2741 2 36 1 0
2742 15 39 0 1
2743 40 38 1 0
2744 52 25 -1 0
2745 0 10 0 1
2746 20 6 1 0
2747 5 17 0 -1
2748 20 24 0 1
2749 49 8 0 1
2750 73 5 1 0
2751 23 11 0 -1
2752 67 14 0 1
2753 21 17 0 -1
2754 20 8 -1 0
2755 52 4 -1 0
2756 26 6 -1 0
2757 28 14 0 -1
2758 57 26 1 0
2759 20 27 -1 0
2760 88 8 0 1
2761 38 37 -1 0
2762 2 32 -1 0
2763 3 37 1 0
2764 57 24 1 0
2765 25 25 0 -1
2766 48 35 1 0
2767 27 20 -1 0
2768 48 2 0 1
2769 84 29 1 0
2770 81 25 1 0
2771 23 27 1 0
2772 17 29 0 -1
2773 16 13 1 0
2774 15 29 0 1
2775 25 38 -1 0
2776 89 11 -1 0
2777 38 38 0 1
2778 12 37 0 -1
2779 63 1 1 0
2780 28 23 -1 0
2781 64 21 -1 0
2782 18 14 -1 0
2783 3 22 0 1
2784 13 26 0 1
2785 89 4 0 -1
2786 85 17 0 1
2787 94 7 1 0
2788 90 27 -1 0
2789 61 29 0 1
2790 89 6 -1 0
2791 72 33 -1 0
2792 94 24 1 0
2793 3 4 0 1
2794 61 27 -1 0
2795 77 18 0 1
2796 39 30 0 1
2797 44 21 -1 0
2798 60 19 1 0
2799 3 39 0 1
2800 91 35 0 1
2801 43 3 0 1
2802 73 38 0 -1
2803 17 20 -1 0
2804 18 20 1 0
2805 85 32 -1 0
2806 66 1 1 0
2807 70 11 -1 0
2808 75 4 0 1
2809 87 24 0 1
2810 24 2 0 -1
2811 49 32 0 1
2812 9 19 1 0
2813 15 9 -1 0
2814 91 11 -1 0
2815 26 14 1 0
2816 4 36 1 0
2817 82 4 -1 0
2818 44 30 -1 0
2819 89 38 0 1
2820 0 1 1 0
2821 7 37 -1 0
2822 51 14 0 -1
2823 2 30 -1 0
2824 83 16 0 1
2825 16 3 1 0
2826 47 23 0 1
2827 1 5 0 -1
2828 15 18 -1 0
2829 44 36 0 1
2830 4 5 -1 0
2831 27 23 1 0
2832 84 37 0 -1
2833 4 20 -1 0
2834 59 37 0 -1
2835 75 22 1 0
2836 93 19 1 0
2837 11 27 0 -1
2838 10 10 1 0
2839 89 15 0 -1
2840 54 5 -1 0
2841 75 13 -1 0
2842 89 1 0 -1
2843 82 28 0 1
2844 94 34 0 1
2845 51 8 -1 0
2846 19 2 0 1
2847 17 5 0 1
2848 46 9 0 1
2849 16 20 1 0
2850 94 17 1 0
2851 21 2 0 -1
2852 55 24 0 -1
2853 64 18 0 1
2854 0 2 0 -1
2855 16 28 -1 0
2856 63 28 0 -1
2857 65 32 1 0
2858 57 32 0 1
2859 91 26 0 1
2860 69 14 0 1
2861 7 33 1 0
2862 93 0 0 1
2863 8 12 1 0
2864 77 29 1 0
2865 56 25 0 -1
2866 12 4 0 1
2867 21 21 -1 0
2868 51 18 0 1
2869 16 9 0 -1
2870 5 16 1 0
2871 60 37 -1 0
2872 67 32 -1 0
2873 98 5 0 -1
2874 59 14 -1 0
2875 18 32 0 1
2876 9 34 1 0
2877 18 12 0 -1
2878 44 37 -1 0
2879 41 17 -1 0
2880 28 36 0 1
2881 23 28 0 -1
2882 39 6 1 0
2883 72 21 -1 0
2884 99 35 1 0
2885 9 35 0 -1
2886 16 9 1 0
2887 50 36 0 -1
2888 99 1 1 0
2889 21 1 0 1
2890 81 11 1 0
2891 93 8 0 -1
2892 28 11 1 0
2893 37 22 1 0
2894 39 8 1 0
2895 21 39 -1 0
2896 92 28 1 0
2897 37 14 0 1
2898 75 34 0 1
2899 63 14 0 -1
2900 59 15 0 -1
2901 20 4 -1 0
2902 1 9 0 -1
2903 44 26 0 -1
2904 18 38 -1 0
2905 46 30 0 1
2906 20 18 0 1
2907 47 37 0 1
2908 92 26 0 -1
2909 81 15 -1 0
2910 14 27 0 1
2911 43 26 0 1
2912 22 20 1 0
2913 24 6 0 -1
2914 99 5 0 1
2915 88 2 0 -1
2916 7 14 0 1
2917 81 39 1 0
2918 16 17 1 0
2919 48 37 0 1
2920 12 28 1 0
2921 22 34 -1 0
2922 38 27 -1 0
2923 85 8 -1 0
2924 54 37 -1 0
2925 77 18 -1 0
2926 97 10 1 0
2927 71 10 0 -1
2928 39 25 0 1
2929 27 22 1 0
2930 19 9 0 1
2931 78 17 0 -1
2932 21 25 1 0
2933 46 19 0 -1
2934 15 16 0 -1
2935 21 14 1 0
2936 6 25 0 1
2937 85 19 1 0
2938 24 29 -1 0
2939 2 20 0 1
2940 30 5 1 0
2941 52 20 0 -1
2942 98 2 0 1
2943 27 18 0 -1
2944 86 34 1 0
2945 13 32 0 1
2946 44 36 -1 0
2947 43 3 0 -1
2948 28 1 1 0
2949 43 7 -1 0
2950 89 16 -1 0
2951 6 5 0 -1
2952 26 27 -1 0
2953 69 20 1 0
2954 11 33 1 0
2955 85 24 1 0
2956 7 10 1 0
2957 8 26 -1 0
2958 1 39 0 1
2959 5 30 0 1
2960 61 13 -1 0
2961 4 22 1 0
2962 4 32 1 0
2963 10 11 0 1
2964 28 30 0 1
2965 3 7 0 1
2966 27 10 -1 0
2967 26 0 0 -1
2968 24 27 0 1
2969 17 17 0 -1
2970 24 8 -1 0
2971 16 30 0 -1
2972 16 3 1 0
2973 83 14 -1 0
2974 37 37 -1 0
2975 30 29 0 -1
2976 37 9 -1 0
2977 20 9 1 0
2978 64 38 0 -1
2979 41 24 0 -1
2980 40 7 0 1
2981 12 23 -1 0
2982 40 34 0 1
2983 45 5 0 -1
2984 40 39 0 1
2985 28 31 1 0
2986 93 11 1 0
2987 24 20 0 -1
2988 28 36 1 0
2989 17 38 1 0
2990 52 22 0 -1
2991 8 13 -1 0
2992 19 21 1 0
2993 46 5 0 1
2994 88 34 1 0
2995 11 11 -1 0
2996 18 10 0 1
2997 9 20 0 -1
2998 30 25 1 0
2999 19 14 -1 0
3000 49 8 0 -1
3001 7 35 -1 0
3002 38 30 1 0
3003 87 5 0 -1
3004 61 12 -1 0
3005 51 16 1 0
3006 57 6 0 -1
3007 84 20 -1 0
3008 38 25 0 1
3009 11 32 -1 0
3010 72 26 1 0
3011 84 39 0 1
3012 55 1 0 1
3013 91 17 0 1
3014 20 12 1 0
3015 76 10 0 -1
3016 72 2 0 1
3017 45 0 0 -1
3018 50 37 0 1
3019 88 2 1 0
3020 16 38 0 1
3021 18 11 0 -1
3022 46 23 -1 0
3023 39 11 1 0
3024 5 38 0 -1
3025 42 8 1 0
3026 29 35 0 -1
3027 94 16 0 1
3028 24 16 1 0
3029 68 22 0 -1
3030 22 26 0 1
3031 23 10 0 -1
3032 18 24 1 0
3033 76 7 0 -1
3034 10 34 0 1
3035 69 5 1 0
3036 21 3 1 0
3037 25 10 -1 0
3038 40 7 1 0
3039 85 12 0 1
3040 25 6 1 0
3041 43 4 1 0
3042 5 8 -1 0
3043 92 9 -1 0
3044 68 8 -1 0
3045 2 11 0 1
3046 22 30 0 -1
3047 17 3 0 -1
3048 91 12 1 0
3049 11 11 -1 0
3050 74 30 0 -1
3051 21 19 0 -1
3052 93 12 1 0
3053 4 24 -1 0
3054 48 32 -1 0
3055 25 22 0 -1
3056 44 18 0 1
3057 24 15 1 0
3058 20 8 0 1
3059 37 8 0 1
3060 5 10 0 -1
3061 14 12 -1 0
3062 69 16 1 0
3063 44 12 0 1
3064 44 5 -1 0
3065 29 26 -1 0
3066 79 25 -1 0
3067 36 2 -1 0
3068 1 16 0 -1
3069 73 23 0 -1
3070 2 11 1 0
3071 44 14 1 0
3072 20 7 0 -1
3073 29 36 0 1
3074 29 34 0 -1
3075 60 20 0 1
3076 53 38 -1 0
3077 19 21 -1 0
3078 9 22 1 0
3079 41 16 1 0
3080 22 38 1 0
3081 21 9 1 0
3082 17 7 0 -1
3083 28 39 -1 0
3084 64 35 0 -1
3085 6 28 -1 0
3086 81 13 0 1
3087 10 10 -1 0
3088 1 16 -1 0
3089 99 3 -1 0
3090 77 30 0 1
3091 30 11 1 0
3092 11 24 -1 0
3093 8 18 0 1
3094 40 17 -1 0
3095 39 27 0 -1
3096 79 32 0 1
3097 82 12 0 -1
3098 25 30 -1 0
3099 24 38 -1 0
3100 9 31 1 0
3101 5 2 1 0
3102 59 25 1 0
3103 94 35 0 1
3104 26 38 -1 0
3105 37 16 1 0
3106 94 19 -1 0
3107 53 7 0 1
3108 71 18 0 -1
3109 15 8 -1 0
3110 73 11 0 1
3111 19 9 0 -1
3112 83 15 0 -1
3113 2 8 1 0
3114 70 30 1 0
3115 77 12 0 -1
3116 46 27 1 0
3117 70 4 0 1
3118 44 10 0 1
3119 11 0 0 1
3120 65 35 0 -1
3121 21 34 -1 0
3122 84 19 1 0
3123 24 20 0 -1
3124 37 14 1 0
3125 49 0 0 -1
3126 4 29 1 0
3127 82 29 0 -1
3128 44 35 1 0
3129 46 20 -1 0
3130 12 13 -1 0
3131 22 13 -1 0
3132 28 39 1 0
3133 60 25 0 1
3134 23 11 -1 0
3135 42 2 0 1
3136 17 1 0 1
3137 83 9 1 0
3138 15 14 1 0
3139 48 16 0 -1
3140 74 23 -1 0
3141 98 16 0 1
3142 45 16 -1 0
3143 1 2 -1 0
3144 50 12 1 0
3145 45 13 0 1
3146 38 20 1 0
3147 59 29 -1 0
3148 22 8 -1 0
3149 26 7 1 0
3150 61 26 0 1
3151 89 27 0 1
3152 43 8 -1 0
3153 44 3 -1 0
3154 48 22 0 -1
3155 44 27 1 0
3156 40 9 1 0
3157 61 5 0 1
3158 21 10 1 0
3159 72 22 0 -1
3160 9 36 0 -1
3161 20 35 1 0
3162 23 28 0 -1
3163 79 8 -1 0
3164 11 12 0 -1
3165 21 5 0 1
3166 62 30 1 0
3167 97 1 0 -1
3168 30 2 -1 0
3169 20 38 1 0
3170 45 26 1 0
3171 51 19 1 0
3172 87 7 -1 0
3173 99 14 0 1
3174 35 23 0 1
3175 39 24 1 0
3176 95 30 -1 0
3177 78 12 0 1
3178 95 3 1 0
3179 6 22 1 0
3180 50 26 1 0
3181 65 32 0 1
3182 12 35 -1 0
3183 37 18 0 -1
3184 95 14 0 1
3185 46 14 0 -1
3186 18 7 0 -1
3187 67 0 -1 0
3188 45 10 1 0
3189 96 35 0 1
3190 11 16 1 0
3191 3 34 -1 0
3192 14 12 1 0
3193 13 24 -1 0
3194 21 19 1 0
3195 47 32 1 0
3196 16 16 1 0
3197 14 29 -1 0
3198 41 32 0 1
3199 96 33 0 1
3200 25 25 -1 0
3201 19 10 0 1
3202 94 19 -1 0
3203 1 32 0 -1
3204 11 39 1 0
3205 19 22 1 0
3206 86 0 0 1
3207 67 39 -1 0
3208 20 17 -1 0
3209 28 10 0 1
3210 74 10 0 -1
3211 98 18 -1 0
3212 45 12 1 0
3213 93 2 -1 0
3214 56 14 -1 0
3215 99 12 0 -1
3216 45 32 1 0
3217 25 37 0 1
3218 96 35 0 1
3219 81 20 -1 0
3220 43 18 -1 0
3221 70 32 0 -1
3222 54 23 -1 0
3223 13 31 1 0
3224 81 15 0 -1
3225 85 24 0 -1
3226 5 39 -1 0
3227 20 34 0 -1
3228 93 32 0 1
3229 72 15 0 -1
3230 25 30 0 -1
3231 12 11 1 0
3232 1 12 0 1
3233 99 8 0 1
3234 0 24 0 1
3235 50 2 0 1
3236 83 18 0 1
3237 55 18 1 0
3238 55 11 1 0
3239 52 12 1 0
3240 48 1 0 1
3241 18 9 0 -1
3242 40 39 -1 0
3243 21 30 -1 0
3244 4 16 0 1
3245 51 26 -1 0
3246 27 24 0 -1
3247 93 0 -1 0
3248 73 6 -1 0
3249 19 7 -1 0
3250 17 14 0 -1
3251 54 23 -1 0
3252 11 15 0 1
3253 25 7 0 -1
3254 87 6 1 0
3255 67 32 -1 0
3256 18 35 0 1
3257 5 26 0 -1
3258 92 8 1 0
3259 68 9 1 0
3260 20 15 0 1
3261 45 29 0 -1
3262 36 28 0 -1
3263 53 26 0 -1
3264 22 12 -1 0
3265 43 5 -1 0
3266 13 31 0 -1
3267 98 12 -1 0
3268 42 35 0 -1
3269 19 21 0 -1
3270 69 12 1 0
3271 54 26 0 1
3272 45 28 -1 0
3273 87 21 -1 0
3274 21 16 0 1
3275 36 8 0 -1
3276 24 31 0 -1
3277 10 13 0 1
3278 1 34 1 0
3279 75 22 0 1
3280 14 9 1 0
3281 7 26 -1 0
3282 37 0 0 -1
3283 49 28 -1 0
3284 16 13 0 1
3285 20 1 -1 0
3286 89 13 0 1
3287 93 17 -1 0
3288 38 7 0 1
3289 22 19 -1 0
3290 93 10 -1 0
3291 45 31 1 0
3292 48 4 -1 0
3293 41 15 0 1
3294 51 21 -1 0
3295 45 33 1 0
3296 99 34 0 1
3297 76 11 0 -1
3298 37 32 0 -1
3299 87 15 1 0
3300 4 28 1 0
3301 49 17 1 0
3302 79 27 -1 0
3303 93 20 1 0
3304 2 14 -1 0
3305 14 5 1 0
3306 69 6 -1 0
3307 21 8 0 -1
3308 7 23 0 -1
3309 54 38 -1 0
3310 24 28 1 0
3311 72 5 0 1
3312 48 38 1 0
3313 6 27 -1 0
3314 39 4 1 0
3315 99 24 1 0
3316 5 23 0 -1
3317 53 32 1 0
3318 17 0 0 1
3319 42 6 1 0
3320 13 5 0 1
3321 45 10 0 1
3322 14 9 -1 0
3323 14 9 0 1
3324 30 37 0 -1
3325 14 3 -1 0
3326 95 12 -1 0
3327 93 6 0 1
3328 91 5 1 0
3329 7 16 -1 0
3330 22 30 -1 0
3331 59 6 -1 0
3332 48 20 1 0
3333 25 25 -1 0
3334 68 9 1 0
3335 57 2 0 -1
3336 10 2 0 1
3337 2 9 -1 0
3338 63 28 0 1
3339 29 36 1 0
3340 97 5 -1 0
3341 95 24 0 -1
3342 29 2 0 1
3343 25 26 0 1
3344 52 25 0 -1
3345 72 25 0 -1
3346 59 10 0 1
3347 95 7 0 1
3348 16 6 -1 0
3349 27 33 1 0
3350 26 22 -1 0
3351 72 13 0 1
3352 74 39 0 1
3353 14 6 1 0
3354 68 29 -1 0
3355 98 20 0 1
3356 14 35 -1 0
3357 31 18 1 0
3358 77 5 0 -1
3359 7 25 -1 0
3360 12 0 1 0
3361 84 10 -1 0
3362 19 25 0 -1
3363 20 39 0 -1
3364 86 16 0 1
3365 98 12 0 -1
3366 0 3 -1 0
3367 2 25 -1 0
3368 13 15 1 0
3369 71 13 1 0
3370 17 30 1 0
3371 1 7 -1 0
3372 86 35 -1 0
3373 77 23 0 -1
3374 99 12 0 1
3375 61 22 0 1
3376 99 4 0 1
3377 17 37 0 1
3378 95 29 0 -1
3379 35 5 -1 0
3380 30 33 0 1
3381 52 5 0 -1
3382 90 31 -1 0
3383 22 17 1 0
3384 80 19 1 0
3385 26 38 0 -1
3386 41 33 0 -1
3387 3 9 1 0
3388 90 29 0 -1
3389 28 26 -1 0
3390 41 39 0 -1
3391 74 33 0 -1
3392 24 37 1 0
3393 2 37 0 1
3394 43 38 1 0
3395 4 9 -1 0
3396 11 13 0 1
3397 20 9 0 -1
3398 58 39 -1 0
3399 25 37 0 -1
3400 51 7 -1 0
3401 56 11 -1 0
3402 90 32 -1 0
3403 7 9 0 1
3404 95 12 0 1
3405 41 5 0 -1
3406 63 20 0 -1
3407 75 27 0 -1
3408 43 12 0 -1
3409 45 14 0 1
3410 87 21 0 1
3411 6 3 1 0
3412 12 19 0 1
3413 73 19 1 0
3414 30 0 1 0
3415 73 21 1 0
3416 14 39 1 0
3417 70 2 0 1
3418 43 15 1 0
3419 81 12 0 -1
3420 72 36 0 -1
3421 88 0 0 -1
3422 47 15 0 -1
3423 44 38 0 -1
3424 59 30 -1 0
3425 38 39 -1 0
3426 10 25 0 -1
3427 54 18 -1 0
3428 71 21 0 1
3429 62 26 0 -1
3430 45 12 0 1
3431 57 2 -1 0
3432 11 14 -1 0
3433 52 35 0 -1
3434 77 32 -1 0
3435 45 39 1 0
3436 36 27 1 0
3437 11 5 0 -1
3438 24 37 -1 0
3439 15 29 0 1
3440 0 26 -1 0
3441 4 3 -1 0
3442 8 35 -1 0
3443 95 8 -1 0
3444 28 19 0 -1
3445 12 22 -1 0
3446 66 18 0 -1
3447 30 10 0 1
3448 29 28 0 -1
3449 52 22 -1 0
3450 42 30 1 0
3451 22 18 -1 0
3452 16 25 1 0
3453 42 21 0 -1
3454 1 29 -1 0
3455 74 7 1 0
3456 2 3 0 -1
3457 12 19 0 -1
3458 39 31 1 0
3459 92 17 0 -1
3460 88 27 0 -1
3461 40 2 0 1
3462 10 34 0 -1
3463 44 5 1 0
3464 24 26 0 1
3465 55 18 -1 0
3466 89 29 -1 0
3467 65 39 -1 0
3468 49 17 1 0
3469 60 26 1 0
3470 23 37 0 1
3471 80 34 0 1
3472 38 2 0 -1
3473 7 14 1 0
3474 48 35 -1 0
3475 39 0 0 1
3476 10 23 1 0
3477 49 33 -1 0
3478 79 35 0 -1
3479 25 20 -1 0
3480 49 39 -1 0
3481 42 9 -1 0
3482 22 12 1 0
3483 3 36 -1 0
3484 45 23 1 0
3485 23 39 0 -1
3486 22 39 0 -1
3487 5 32 0 -1
3488 21 37 1 0
3489 13 8 0 -1
3490 89 21 0 1
3491 59 9 0 -1
3492 28 5 0 1
3493 74 33 0 1
3494 27 2 0 -1
3495 77 31 1 0
3496 56 7 0 -1
3497 36 31 1 0
3498 98 37 0 -1
3499 3 13 -1 0
3500 90 9 0 1
3501 4 35 0 1
3502 89 13 1 0
3503 89 32 0 -1
3504 48 1 0 1
3505 68 15 0 1
3506 97 39 -1 0
3507 17 8 -1 0
3508 78 13 0 1
3509 58 38 1 0
3510 90 4 0 -1
3511 0 14 0 -1
3512 44 25 0 1
3513 0 26 0 -1
3514 9 29 1 0
3515 43 19 1 0
3516 8 16 1 0
3517 86 14 0 1
3518 69 39 1 0
3519 85 31 -1 0
3520 41 14 -1 0
3521 98 30 -1 0
3522 74 6 1 0
3523 7 4 -1 0
3524 94 11 -1 0
3525 26 1 0 1
3526 60 14 -1 0
3527 69 9 0 1
3528 1 28 1 0
3529 62 30 0 1
3530 1 3 0 -1
3531 12 16 -1 0
3532 43 34 1 0
3533 74 39 1 0
3534 68 8 0 1
3535 42 39 -1 0
3536 50 6 -1 0
3537 0 25 0 1
3538 88 19 0 1
3539 5 38 -1 0
3540 30 10 1 0
3541 27 8 1 0
3542 88 5 -1 0
3543 59 37 -1 0
3544 92 3 1 0
3545 71 34 0 -1
3546 85 7 1 0
3547 73 10 0 1
3548 94 27 0 -1
3549 5 22 1 0
3550 57 0 -1 0
3551 18 25 -1 0
3552 87 10 1 0
3553 48 30 -1 0
3554 23 36 1 0
3555 42 21 0 -1
3556 1 5 1 0
3557 8 12 1 0
3558 13 30 1 0
3559 10 17 -1 0
3560 2 24 0 -1
3561 50 38 0 1
3562 52 30 1 0
3563 91 34 1 0
3564 95 17 0 -1
3565 26 20 0 1
3566 48 3 0 1
3567 64 27 -1 0
3568 62 18 0 -1
3569 13 34 -1 0
3570 43 18 1 0
3571 60 18 0 1
3572 54 28 0 -1
3573 23 12 0 1
3574 78 30 0 -1
3575 89 38 0 1
3576 78 13 1 0
3577 29 2 0 1
3578 93 28 -1 0
3579 62 11 1 0
3580 46 4 0 -1
3581 88 21 0 1
3582 50 27 0 -1
3583 27 30 0 -1
3584 77 1 -1 0
3585 75 18 0 -1
3586 67 19 0 1
3587 98 14 0 1
3588 59 16 0 -1
3589 20 32 1 0
3590 60 13 0 1
3591 22 27 0 1
3592 37 12 0 1
3593 76 37 0 -1
3594 14 2 1 0
3595 78 29 0 1
3596 43 36 0 1
3597 38 38 0 -1
3598 24 15 -1 0
3599 28 8 0 1
