0 17 3 0 1
1 28 14 0 -1
2 85 19 0 -1
3 18 28 1 0
4 59 19 1 0
5 28 36 0 1
6 1 4 1 0
7 86 23 0 1
8 2 8 1 0
9 15 32 -1 0
10 99 36 -1 0
11 45 21 0 1
12 87 29 0 -1
13 56 22 0 1
14 92 16 0 1
15 27 33 1 0
16 89 18 1 0
17 67 23 -1 0
18 92 12 -1 0
19 25 22 0 -1
20 23 36 0 1
21 97 26 1 0
22 95 16 0 1
23 57 27 -1 0
24 43 14 1 0
25 89 15 -1 0
26 23 31 1 0
27 61 26 0 1
28 92 34 -1 0
29 60 33 -1 0
30 62 5 -1 0
31 52 34 -1 0
32 11 4 0 -1
33 51 23 0 -1
34 22 9 0 1
35 6 4 0 -1
36 3 10 1 0
37 78 34 0 -1
38 89 9 0 1
39 97 25 0 -1
40 94 1 0 1
41 65 10 1 0
42 5 23 0 -1
43 49 24 -1 0
44 63 3 1 0
45 23 32 -1 0
46 80 26 1 0
47 27 22 1 0
48 44 14 -1 0
49 40 34 0 1
50 26 37 0 1
51 24 22 -1 0
52 45 32 0 -1
53 29 18 1 0
54 26 18 -1 0
55 98 32 0 1
56 65 6 0 -1
57 10 37 1 0
58 1 9 1 0
59 75 1 0 -1
60 43 19 -1 0
61 2 31 0 1
62 45 37 1 0
63 10 26 0 -1
64 24 26 -1 0
65 24 36 1 0
66 34 31 0 1
67 25 15 0 -1
68 75 0 0 -1
69 19 25 0 -1
70 17 16 0 1
71 70 22 0 -1
72 91 2 0 1
73 61 18 0 -1
74 28 8 1 0
75 87 36 0 1
76 21 8 0 -1
77 56 11 0 1
78 27 3 0 -1
79 3 3 1 0
80 89 34 0 1
81 26 26 -1 0
82 78 10 -1 0
83 42 30 0 1
84 1 7 1 0
85 63 16 -1 0
86 18 15 0 1
87 48 21 1 0
88 87 14 1 0
89 43 13 1 0
90 44 37 1 0
91 90 27 0 1
92 42 8 1 0
93 57 7 -1 0
94 81 19 0 -1
95 79 0 -1 0
96 96 32 0 1
97 18 4 0 -1
98 98 4 0 1
99 37 10 0 1
100 27 2 1 0
101 26 34 -1 0
102 5 11 -1 0
103 58 9 -1 0
104 94 26 0 1
105 13 21 -1 0
106 18 12 -1 0
107 11 8 0 1
108 94 30 0 -1
109 31 21 -1 0
110 52 3 0 1
111 24 25 0 1
112 11 36 0 1
113 64 24 0 -1
114 89 9 -1 0
115 0 27 0 1
116 3 32 0 1
117 84 35 0 -1
118 38 8 1 0
119 78 35 1 0
120 65 25 -1 0
121 53 5 -1 0
122 60 3 0 -1
123 6 28 -1 0
124 88 18 1 0
125 88 13 -1 0
126 86 0 1 0
127 64 14 0 -1
128 44 34 1 0
129 73 36 -1 0
130 0 13 -1 0
131 27 39 0 1
132 92 11 0 1
133 65 1 1 0
134 1 22 0 -1
135 44 13 0 1
136 59 33 0 -1
137 93 16 1 0
138 53 14 -1 0
139 45 9 1 0
140 25 37 1 0
141 58 27 1 0
142 46 35 1 0
143 36 11 -1 0
144 26 34 0 1
145 60 36 -1 0
146 91 0 -1 0
147 7 6 -1 0
148 5 14 0 -1
149 20 0 0 1
150 93 27 0 1
151 86 28 0 -1
152 98 31 0 -1
153 44 3 -1 0
154 24 32 0 -1
155 82 16 1 0
156 43 7 1 0
157 17 32 1 0
158 41 29 0 -1
159 86 17 1 0
160 47 3 0 -1
161 65 39 0 1
162 6 39 -1 0
163 44 0 0 -1
164 17 32 1 0
165 83 38 1 0
166 95 34 1 0
167 2 1 -1 0
168 60 29 0 -1
169 28 31 0 1
170 77 34 0 -1
171 74 23 1 0
172 83 5 -1 0
173 64 26 0 -1
174 17 4 0 -1
175 52 3 0 -1
176 19 23 0 1
177 23 14 -1 0
178 65 22 0 1
179 78 38 0 -1
180 24 0 0 1
181 18 0 -1 0
182 62 36 0 1
183 17 39 0 -1
184 38 19 -1 0
185 66 17 -1 0
186 98 34 0 1
187 37 20 -1 0
188 40 26 0 -1
189 45 24 0 -1
190 28 21 1 0
191 17 29 0 -1
192 94 18 0 1
193 41 13 0 -1
194 93 10 -1 0
195 24 1 0 -1
196 50 39 1 0
197 90 18 -1 0
198 89 24 0 -1
199 19 8 -1 0
200 38 24 -1 0
201 77 16 -1 0
202 90 3 0 -1
203 58 35 0 -1
204 92 22 1 0
205 25 32 0 1
206 31 24 0 -1
207 16 26 0 1
208 41 5 -1 0
209 27 37 1 0
210 13 1 0 1
211 17 33 -1 0
212 44 3 1 0
213 2 26 0 1
214 11 9 -1 0
215 94 8 0 -1
216 63 25 0 -1
217 5 35 -1 0
218 92 0 0 -1
219 92 27 0 -1
220 15 32 0 -1
221 84 7 0 1
222 17 34 0 1
223 97 30 -1 0
224 53 6 -1 0
225 30 7 0 1
226 73 0 1 0
227 56 29 0 1
228 3 36 -1 0
229 78 7 -1 0
230 53 9 0 1
231 11 5 -1 0
232 95 8 0 1
233 70 38 0 1
234 2 2 -1 0
235 44 14 -1 0
236 87 12 0 -1
237 22 18 0 1
238 30 37 0 -1
239 16 2 0 1
240 1 39 0 1
241 73 37 0 1
242 17 6 0 1
243 17 15 -1 0
244 97 7 1 0
245 54 1 0 1
246 28 28 0 -1
247 39 9 0 -1
248 51 17 1 0
249 0 18 0 -1
250 26 25 -1 0
251 96 8 1 0
252 92 11 1 0
253 75 20 -1 0
254 28 1 1 0
255 24 31 0 -1
256 63 24 1 0
257 15 8 0 -1
258 0 1 -1 0
259 52 27 1 0
260 42 38 0 -1
261 65 37 1 0
262 0 1 0 1
263 28 9 0 -1
264 22 35 0 -1
265 20 23 -1 0
266 44 34 0 -1
267 74 34 0 1
268 9 5 0 -1
269 89 11 0 -1
270 55 15 0 1
271 8 31 0 1
272 5 26 -1 0
273 29 18 0 -1
274 41 39 0 1
275 99 27 1 0
276 50 11 0 -1
277 81 30 0 -1
278 74 20 1 0
279 41 11 0 -1
280 4 25 1 0
281 53 14 0 -1
282 19 9 -1 0
283 1 15 0 1
284 14 3 1 0
285 69 4 1 0
286 80 33 1 0
287 25 33 0 1
288 70 24 0 1
289 57 33 -1 0
290 70 10 0 1
291 59 9 -1 0
292 48 7 -1 0
293 9 17 1 0
294 96 3 -1 0
295 10 16 -1 0
296 50 33 -1 0
297 30 18 0 -1
298 22 3 0 -1
299 56 13 -1 0
300 81 34 -1 0
301 22 16 1 0
302 60 34 0 1
303 89 21 0 -1
304 72 23 0 -1
305 49 24 0 1
306 20 15 1 0
307 48 28 0 -1
308 42 31 1 0
309 91 10 0 -1
310 43 4 0 -1
311 57 20 -1 0
312 36 23 1 0
313 88 21 1 0
314 42 32 0 -1
315 14 18 0 1
316 47 18 1 0
317 8 20 -1 0
318 6 8 1 0
319 17 37 -1 0
320 70 27 1 0
321 90 12 0 -1
322 9 10 0 1
323 4 0 0 1
324 23 1 0 -1
325 72 12 1 0
326 96 11 1 0
327 52 12 -1 0
328 50 27 -1 0
329 55 9 0 -1
330 53 33 -1 0
331 68 38 0 -1
332 84 30 0 -1
333 28 17 0 1
334 10 12 1 0
335 13 24 1 0
336 13 15 0 -1
337 26 11 0 -1
338 14 11 1 0
339 76 19 0 -1
340 74 29 1 0
341 24 18 -1 0
342 43 22 0 1
343 51 31 -1 0
344 72 27 -1 0
345 80 10 1 0
346 25 19 0 1
347 17 13 0 -1
348 6 24 -1 0
349 16 9 1 0
350 27 38 0 1
351 26 28 1 0
352 74 38 0 -1
353 45 19 0 -1
354 99 2 0 -1
355 78 16 0 1
356 54 24 0 -1
357 64 33 0 -1
358 74 21 1 0
359 24 0 -1 0
360 16 2 -1 0
361 83 29 0 1
362 11 35 -1 0
363 60 39 0 1
364 99 3 0 1
365 81 16 0 1
366 90 36 1 0
367 8 27 0 -1
368 64 24 -1 0
369 22 26 1 0
370 54 29 0 1
371 49 14 1 0
372 18 1 0 -1
373 59 0 1 0
374 89 27 -1 0
375 14 25 -1 0
376 89 0 0 1
377 61 21 1 0
378 68 16 0 1
379 81 8 0 1
380 1 28 0 -1
381 20 3 1 0
382 42 6 0 -1
383 48 17 -1 0
384 37 17 1 0
385 23 0 1 0
386 54 18 1 0
387 14 14 1 0
388 56 14 0 -1
389 25 35 0 -1
390 40 27 -1 0
391 89 30 -1 0
392 39 12 0 1
393 51 32 0 -1
394 7 1 1 0
395 91 2 0 1
396 96 5 -1 0
397 97 1 0 1
398 6 9 0 -1
399 13 3 0 1
400 50 6 0 1
401 18 24 -1 0
402 25 15 -1 0
403 78 24 0 1
404 17 21 1 0
405 61 5 0 -1
406 88 34 1 0
407 11 32 -1 0
408 25 29 0 1
409 85 6 0 -1
410 41 14 0 -1
411 89 13 0 -1
412 88 31 1 0
413 18 8 1 0
414 43 6 0 1
415 66 17 1 0
416 26 32 0 -1
417 5 19 0 -1
418 78 26 1 0
419 19 23 -1 0
420 16 35 1 0
421 25 6 1 0
422 56 30 0 1
423 11 1 0 -1
424 14 22 0 1
425 75 21 -1 0
426 51 14 0 -1
427 12 14 -1 0
428 12 11 -1 0
429 72 38 0 1
430 14 6 -1 0
431 69 36 1 0
432 94 10 -1 0
433 98 10 1 0
434 76 7 0 1
435 92 14 0 -1
436 42 25 -1 0
437 89 27 1 0
438 62 25 0 1
439 84 8 -1 0
440 2 1 0 -1
441 11 25 0 1
442 82 7 1 0
443 11 11 1 0
444 8 4 -1 0
445 20 15 -1 0
446 19 29 -1 0
447 1 6 0 1
448 25 0 0 -1
449 8 33 -1 0
450 20 21 1 0
451 65 26 -1 0
452 97 27 0 -1
453 20 31 0 1
454 75 19 1 0
455 75 13 0 1
456 4 18 1 0
457 37 27 0 1
458 3 4 -1 0
459 27 18 -1 0
460 49 10 1 0
461 8 30 0 1
462 15 10 1 0
463 51 27 1 0
464 2 14 0 1
465 18 29 0 -1
466 6 25 -1 0
467 83 20 0 1
468 17 23 0 -1
469 67 16 -1 0
470 39 3 0 1
471 57 24 0 -1
472 0 16 1 0
473 83 34 0 1
474 0 37 -1 0
475 57 2 -1 0
476 89 5 1 0
477 41 14 1 0
478 24 10 -1 0
479 40 23 -1 0
480 95 20 -1 0
481 16 0 0 1
482 12 11 1 0
483 55 25 0 1
484 45 14 0 -1
485 64 6 -1 0
486 8 10 0 1
487 86 4 -1 0
488 11 19 0 -1
489 58 38 0 -1
490 50 38 0 1
491 65 23 0 -1
492 77 2 -1 0
493 99 1 0 1
494 15 12 0 1
495 39 14 -1 0
496 66 14 1 0
497 94 20 1 0
498 7 12 -1 0
499 13 36 -1 0
500 95 28 -1 0
501 73 30 -1 0
502 42 23 0 -1
503 56 9 0 1
504 28 27 1 0
505 12 25 1 0
506 21 9 1 0
507 80 34 1 0
508 86 5 0 1
509 81 7 0 -1
510 19 37 -1 0
511 41 19 1 0
512 62 25 1 0
513 17 29 0 1
514 71 25 0 1
515 89 34 0 1
516 37 13 0 1
517 11 25 0 1
518 87 2 0 1
519 14 33 0 -1
520 83 17 0 -1
521 38 21 0 1
522 57 5 -1 0
523 57 37 0 1
524 17 20 -1 0
525 87 24 0 -1
526 41 7 1 0
527 0 9 -1 0
528 15 22 1 0
529 14 16 0 1
530 27 4 0 1
531 93 16 0 1
532 64 17 0 -1
533 5 4 -1 0
534 23 1 1 0
535 44 7 0 -1
536 98 18 -1 0
537 72 37 0 1
538 80 38 0 -1
539 18 36 0 1
540 50 38 -1 0
541 62 29 0 1
542 24 15 0 1
543 39 34 1 0
544 52 14 0 -1
545 26 36 1 0
546 38 4 0 1
547 76 33 0 1
548 12 17 -1 0
549 30 8 0 -1
550 88 11 -1 0
551 47 13 -1 0
552 23 27 1 0
553 41 9 -1 0
554 38 18 -1 0
555 64 5 1 0
556 83 27 0 -1
557 7 33 0 -1
558 91 10 1 0
559 64 22 0 1
560 16 29 0 1
561 74 23 1 0
562 44 0 0 -1
563 49 1 0 1
564 51 8 1 0
565 78 5 1 0
566 27 29 -1 0
567 96 28 0 -1
568 5 4 0 -1
569 38 26 -1 0
570 48 5 1 0
571 99 7 0 -1
572 53 38 -1 0
573 25 6 1 0
574 4 22 -1 0
575 31 1 0 1
576 57 6 0 -1
577 21 33 0 -1
578 29 32 1 0
579 92 36 1 0
580 40 34 0 1
581 53 19 0 -1
582 5 23 0 1
583 50 32 0 -1
584 16 34 1 0
585 55 35 1 0
586 32 15 -1 0
587 91 21 1 0
588 13 22 -1 0
589 7 1 -1 0
590 5 2 1 0
591 86 1 1 0
592 86 7 0 1
593 29 12 0 1
594 96 1 -1 0
595 48 31 1 0
596 84 27 0 1
597 55 34 -1 0
598 50 6 0 -1
599 45 23 0 -1
600 38 35 0 1
601 21 29 0 -1
602 44 27 0 -1
603 13 30 1 0
604 77 15 -1 0
605 22 23 -1 0
606 8 7 1 0
607 46 2 0 -1
608 11 33 -1 0
609 47 13 0 1
610 90 0 -1 0
611 86 35 0 -1
612 45 32 -1 0
613 28 19 -1 0
614 28 2 0 1
615 39 23 0 1
616 30 12 1 0
617 91 3 0 1
618 99 6 -1 0
619 23 33 0 -1
620 5 8 1 0
621 55 38 0 -1
622 8 1 0 1
623 42 35 1 0
624 10 9 1 0
625 84 20 0 -1
626 91 17 1 0
627 98 34 0 -1
628 43 34 -1 0
629 8 21 0 -1
630 74 33 1 0
631 93 39 0 1
632 74 32 0 1
633 88 31 0 1
634 24 2 1 0
635 7 32 -1 0
636 19 31 0 1
637 20 27 1 0
638 20 29 0 -1
639 54 17 0 -1
640 21 5 0 1
641 38 13 1 0
642 62 8 1 0
643 28 20 0 -1
644 29 2 1 0
645 45 16 1 0
646 22 15 0 1
647 23 32 1 0
648 27 28 0 -1
649 3 16 0 1
650 39 38 -1 0
651 74 12 -1 0
652 98 16 0 -1
653 26 33 0 1
654 22 3 1 0
655 94 17 0 -1
656 45 18 1 0
657 39 37 0 -1
658 59 36 -1 0
659 19 10 0 -1
660 59 14 -1 0
661 55 1 0 -1
662 19 24 -1 0
663 19 36 -1 0
664 1 13 -1 0
665 28 1 0 1
666 15 10 1 0
667 92 26 -1 0
668 86 33 0 1
669 84 17 0 -1
670 21 38 -1 0
671 47 37 0 1
672 87 3 0 -1
673 41 8 0 -1
674 13 22 1 0
675 28 20 1 0
676 8 36 -1 0
677 26 22 1 0
678 49 19 0 -1
679 58 5 1 0
680 25 31 0 -1
681 2 38 0 -1
682 48 3 1 0
683 47 17 0 1
684 20 35 1 0
685 49 2 -1 0
686 20 25 -1 0
687 65 20 -1 0
688 22 37 0 -1
689 93 35 -1 0
690 8 8 0 -1
691 13 2 1 0
692 37 6 -1 0
693 29 38 0 -1
694 24 6 0 1
695 59 5 -1 0
696 36 22 0 1
697 94 23 0 1
698 0 12 0 1
699 73 0 -1 0
700 10 29 0 -1
701 9 29 0 -1
702 2 20 0 1
703 81 28 -1 0
704 16 35 0 -1
705 17 2 -1 0
706 29 35 -1 0
707 12 4 -1 0
708 13 34 0 1
709 75 21 0 -1
710 96 37 -1 0
711 20 32 0 1
712 52 4 -1 0
713 96 21 1 0
714 81 22 0 1
715 28 5 1 0
716 14 7 0 1
717 60 33 1 0
718 4 31 0 -1
719 15 25 -1 0
720 79 14 0 1
721 62 2 0 -1
722 16 25 -1 0
723 18 16 -1 0
724 98 28 1 0
725 19 38 0 1
726 20 19 0 -1
727 83 2 0 1
728 4 20 1 0
729 46 11 1 0
730 42 32 0 1
731 25 19 0 1
732 54 0 0 -1
733 38 13 -1 0
734 91 1 0 1
735 87 2 -1 0
736 88 22 1 0
737 56 0 0 -1
738 16 0 0 -1
739 87 20 0 1
740 95 21 0 -1
741 51 37 0 -1
742 0 7 0 1
743 47 30 0 1
744 16 8 0 -1
745 16 30 0 1
746 40 26 0 1
747 18 21 -1 0
748 36 22 0 1
749 79 5 -1 0
750 81 31 0 -1
751 47 23 0 -1
752 45 6 -1 0
753 48 2 -1 0
754 84 5 0 1
755 11 16 -1 0
756 83 35 0 1
757 24 8 -1 0
758 93 24 0 -1
759 50 29 0 1
760 88 15 -1 0
761 95 19 0 -1
762 54 20 1 0
763 42 9 -1 0
764 99 7 -1 0
765 13 11 1 0
766 55 11 0 -1
767 86 30 0 1
768 7 22 -1 0
769 50 29 0 1
770 94 3 0 -1
771 52 16 1 0
772 21 11 1 0
773 98 26 0 1
774 22 27 0 -1
775 79 22 -1 0
776 93 27 0 1
777 3 6 0 1
778 36 25 0 1
779 25 26 0 -1
780 89 22 0 -1
781 65 7 0 -1
782 54 15 1 0
783 73 15 0 -1
784 59 19 -1 0
785 6 2 0 -1
786 20 38 -1 0
787 39 17 0 1
788 87 32 0 -1
789 83 36 1 0
790 18 29 0 -1
791 17 39 1 0
792 1 26 1 0
793 80 35 -1 0
794 95 14 -1 0
795 11 26 0 -1
796 94 27 -1 0
797 84 8 0 1
798 58 30 0 1
799 45 9 0 1
800 46 5 -1 0
801 48 5 -1 0
802 19 11 -1 0
803 12 12 -1 0
804 51 17 0 -1
805 71 34 0 1
806 45 27 0 -1
807 18 9 1 0
808 49 4 -1 0
809 49 30 0 -1
810 95 23 0 1
811 18 20 0 1
812 13 33 0 1
813 55 32 0 -1
814 95 13 0 1
815 3 24 0 -1
816 83 15 0 1
817 13 17 0 -1
818 18 3 1 0
819 90 38 -1 0
820 63 36 0 1
821 86 7 1 0
822 95 21 1 0
823 80 6 1 0
824 38 29 1 0
825 3 27 0 1
826 7 4 1 0
827 64 36 1 0
828 72 21 0 1
829 14 11 1 0
830 49 23 1 0
831 2 35 0 -1
832 81 16 0 -1
833 36 33 -1 0
834 42 13 -1 0
835 90 13 0 -1
836 89 3 1 0
837 94 18 -1 0
838 56 18 0 1
839 52 26 0 -1
840 11 16 0 -1
841 15 38 1 0
842 21 25 0 -1
843 17 37 0 1
844 17 2 1 0
845 87 17 -1 0
846 43 5 -1 0
847 66 32 1 0
848 46 33 1 0
849 99 31 0 -1
850 27 10 -1 0
851 68 18 -1 0
852 48 33 0 1
853 44 21 0 1
854 98 15 0 1
855 2 24 -1 0
856 3 35 0 1
857 59 5 -1 0
858 42 24 -1 0
859 23 18 0 1
860 79 22 0 -1
861 83 33 0 1
862 15 26 1 0
863 99 21 0 -1
864 99 9 1 0
865 19 36 0 1
866 3 5 0 1
867 24 29 1 0
868 22 6 0 1
869 91 32 0 1
870 82 23 1 0
871 38 19 1 0
872 73 23 -1 0
873 6 21 1 0
874 53 13 -1 0
875 7 29 0 1
876 99 34 -1 0
877 98 24 0 -1
878 78 8 1 0
879 64 12 -1 0
880 67 1 -1 0
881 0 30 1 0
882 9 13 -1 0
883 26 26 -1 0
884 72 3 1 0
885 45 39 0 1
886 96 10 1 0
887 25 36 1 0
888 75 28 -1 0
889 73 2 0 -1
890 9 0 0 -1
891 21 19 0 1
892 26 12 0 -1
893 37 14 1 0
894 57 18 0 1
895 28 24 0 -1
896 3 18 -1 0
897 54 22 0 -1
898 69 37 0 1
899 19 38 0 -1
900 26 1 0 -1
901 92 7 -1 0
902 99 12 0 -1
903 52 0 0 -1
904 15 35 0 -1
905 93 17 0 -1
906 56 13 0 -1
907 61 16 0 -1
908 18 30 1 0
909 26 38 1 0
910 22 35 0 -1
911 91 11 -1 0
912 68 4 0 -1
913 25 26 0 1
914 77 24 -1 0
915 64 23 1 0
916 21 22 1 0
917 62 13 1 0
918 14 3 -1 0
919 40 12 0 -1
920 71 34 0 -1
921 40 36 -1 0
922 60 34 -1 0
923 99 14 0 1
924 64 6 0 -1
925 50 24 1 0
926 74 20 0 -1
927 74 37 0 1
928 23 26 -1 0
929 88 2 0 -1
930 5 19 0 -1
931 93 29 -1 0
932 43 17 -1 0
933 12 1 0 -1
934 68 37 0 1
935 88 34 0 1
936 97 21 0 -1
937 59 26 -1 0
938 0 5 -1 0
939 53 0 1 0
940 99 8 -1 0
941 7 3 0 1
942 40 1 0 1
943 35 36 1 0
944 29 15 0 1
945 78 6 0 1
946 43 15 -1 0
947 12 2 1 0
948 70 15 -1 0
949 57 11 0 -1
950 4 8 1 0
951 29 24 1 0
952 84 36 0 1
953 71 14 0 1
954 13 11 -1 0
955 24 39 1 0
956 13 7 0 1
957 52 13 0 1
958 3 36 0 -1
959 61 14 -1 0
960 94 28 1 0
961 68 34 0 1
962 35 8 -1 0
963 17 14 1 0
964 62 5 0 -1
965 24 34 0 -1
966 18 17 0 -1
967 12 29 0 -1
968 37 17 0 1
969 20 24 1 0
970 20 33 1 0
971 8 30 0 1
972 48 10 -1 0
973 85 30 1 0
974 13 4 1 0
975 97 32 -1 0
976 29 13 -1 0
977 17 2 0 1
978 70 20 -1 0
979 28 19 1 0
980 18 32 0 1
981 93 12 1 0
982 21 25 0 -1
983 19 7 1 0
984 92 16 0 -1
985 28 31 0 -1
986 46 33 0 -1
987 76 13 0 1
988 92 29 1 0
989 67 17 -1 0
990 3 23 0 -1
991 62 16 0 1
992 88 20 0 -1
993 98 34 0 1
994 63 33 1 0
995 65 9 1 0
996 19 15 0 1
997 44 34 -1 0
998 18 27 1 0
999 20 1 1 0
1000 12 21 1 0
1001 80 22 -1 0
1002 38 10 0 1
1003 30 7 0 -1
1004 98 36 0 1
1005 23 7 0 1
1006 40 9 1 0
1007 55 17 0 1
1008 18 32 0 1
1009 17 33 0 -1
1010 92 18 0 1
1011 82 17 -1 0
1012 50 28 0 1
1013 8 9 -1 0
1014 38 25 0 1
1015 3 25 0 1
1016 55 0 -1 0
1017 82 36 -1 0
1018 73 31 0 -1
1019 15 3 0 1
1020 13 19 0 1
1021 52 31 0 1
1022 25 35 -1 0
1023 6 4 1 0
1024 52 1 -1 0
1025 5 24 1 0
1026 96 32 -1 0
1027 21 33 1 0
1028 4 24 1 0
1029 71 8 1 0
1030 64 31 0 1
1031 26 39 1 0
1032 42 13 -1 0
1033 29 8 0 -1
1034 66 7 -1 0
1035 80 17 0 -1
1036 41 15 -1 0
1037 18 8 1 0
1038 82 27 0 1
1039 12 30 0 1
1040 58 11 1 0
1041 38 12 -1 0
1042 36 35 0 -1
1043 6 27 0 1
1044 18 21 -1 0
1045 85 34 0 1
1046 25 12 0 1
1047 86 18 1 0
1048 50 5 1 0
1049 78 18 0 1
1050 9 31 1 0
1051 85 17 -1 0
1052 45 4 0 -1
1053 40 31 0 1
1054 47 27 -1 0
1055 94 36 0 1
1056 45 9 0 1
1057 3 38 0 1
1058 93 6 1 0
1059 69 4 0 1
1060 18 3 1 0
1061 44 22 -1 0
1062 51 35 -1 0
1063 10 12 -1 0
1064 83 1 1 0
1065 25 9 1 0
1066 54 38 0 -1
1067 39 35 1 0
1068 45 10 0 1
1069 38 36 0 1
1070 88 18 0 -1
1071 89 29 1 0
1072 72 28 -1 0
1073 46 24 -1 0
1074 25 38 1 0
1075 96 25 1 0
1076 44 3 1 0
1077 20 16 0 -1
1078 15 20 1 0
1079 53 6 0 1
1080 4 37 -1 0
1081 39 0 0 -1
1082 69 38 0 -1
1083 25 28 0 -1
1084 82 38 1 0
1085 19 16 0 1
1086 56 5 -1 0
1087 42 22 1 0
1088 29 30 0 -1
1089 3 22 -1 0
1090 44 8 -1 0
1091 97 16 -1 0
1092 4 15 0 1
1093 20 25 0 1
1094 5 37 1 0
1095 42 31 1 0
1096 18 19 1 0
1097 48 27 0 -1
1098 63 24 -1 0
1099 11 12 0 1
1100 10 0 0 -1
1101 65 14 0 -1
1102 92 17 1 0
1103 65 36 0 -1
1104 37 31 0 1
1105 11 7 0 1
1106 47 33 1 0
1107 21 37 -1 0
1108 88 32 0 -1
1109 40 31 1 0
1110 75 22 0 1
1111 74 19 0 1
1112 27 37 0 1
1113 29 30 -1 0
1114 23 34 1 0
1115 14 37 0 1
1116 4 18 1 0
1117 95 31 -1 0
1118 23 18 0 -1
1119 25 2 0 -1
1120 46 35 0 1
1121 11 24 0 -1
1122 1 12 0 1
1123 89 19 1 0
1124 50 23 1 0
1125 17 4 0 1
1126 60 27 0 -1
1127 6 1 0 -1
1128 88 36 0 -1
1129 63 20 0 1
1130 27 26 0 1
1131 38 12 -1 0
1132 58 23 1 0
1133 0 27 1 0
1134 57 25 -1 0
1135 7 4 1 0
1136 68 37 -1 0
1137 51 35 0 1
1138 15 25 -1 0
1139 96 36 0 -1
1140 17 17 -1 0
1141 54 3 -1 0
1142 3 6 1 0
1143 98 12 1 0
1144 25 16 0 1
1145 9 22 1 0
1146 72 22 0 1
1147 92 22 0 -1
1148 28 19 0 1
1149 59 17 1 0
1150 26 11 1 0
1151 28 0 0 -1
1152 26 32 -1 0
1153 13 35 -1 0
1154 96 7 -1 0
1155 56 25 0 -1
1156 39 19 -1 0
1157 50 36 0 -1
1158 6 1 0 -1
1159 35 18 1 0
1160 90 26 0 -1
1161 85 21 1 0
1162 96 4 0 -1
1163 23 7 0 -1
1164 71 25 0 1
1165 10 0 0 -1
1166 99 25 0 -1
1167 55 31 1 0
1168 88 27 0 1
1169 52 0 -1 0
1170 27 36 0 1
1171 54 39 -1 0
1172 77 9 0 -1
1173 95 19 0 1
1174 3 25 -1 0
1175 27 8 0 -1
1176 26 5 -1 0
1177 52 35 0 -1
1178 95 37 1 0
1179 98 7 1 0
1180 16 36 1 0
1181 96 36 -1 0
1182 51 6 0 1
1183 94 38 0 1
1184 15 29 1 0
1185 12 33 0 1
1186 11 9 0 -1
1187 81 14 -1 0
1188 73 8 1 0
1189 19 6 -1 0
1190 38 23 1 0
1191 1 2 0 -1
1192 5 2 0 1
1193 30 23 0 -1
1194 49 34 -1 0
1195 96 19 1 0
1196 40 38 -1 0
1197 9 1 -1 0
1198 27 9 0 -1
1199 37 32 0 -1
1200 10 28 0 -1
1201 40 38 -1 0
1202 30 28 -1 0
1203 75 33 -1 0
1204 23 17 0 1
1205 58 10 0 -1
1206 96 16 0 -1
1207 99 5 0 -1
1208 28 16 1 0
1209 91 35 0 1
1210 26 35 0 -1
1211 28 29 1 0
1212 15 29 1 0
1213 8 17 0 1
1214 3 13 0 1
1215 13 3 0 -1
1216 44 39 -1 0
1217 27 27 0 1
1218 93 33 0 1
1219 40 28 0 -1
1220 89 30 1 0
1221 50 11 0 -1
1222 96 34 0 -1
1223 50 16 0 1
1224 18 10 -1 0
1225 21 37 -1 0
1226 90 20 1 0
1227 1 9 1 0
1228 1 1 -1 0
1229 42 7 0 1
1230 6 32 0 -1
1231 77 13 0 -1
1232 48 14 -1 0
1233 13 11 0 -1
1234 94 3 0 1
1235 53 27 0 1
1236 91 18 1 0
1237 28 6 -1 0
1238 91 27 0 -1
1239 87 30 1 0
1240 20 26 0 -1
1241 49 28 0 1
1242 49 17 0 1
1243 94 8 0 -1
1244 71 27 1 0
1245 41 17 0 -1
1246 43 16 -1 0
1247 27 29 1 0
1248 13 13 0 -1
1249 72 35 0 -1
1250 14 22 0 -1
1251 40 27 0 -1
1252 6 32 0 -1
1253 2 0 1 0
1254 21 25 0 1
1255 79 24 -1 0
1256 19 4 0 -1
1257 45 0 0 1
1258 48 29 1 0
1259 13 5 -1 0
1260 28 14 1 0
1261 48 30 0 1
1262 27 21 -1 0
1263 26 10 0 1
1264 13 28 0 1
1265 81 6 0 -1
1266 14 0 -1 0
1267 96 29 -1 0
1268 19 3 1 0
1269 7 33 -1 0
1270 61 39 1 0
1271 18 36 1 0
1272 96 28 0 -1
1273 69 37 -1 0
1274 83 12 0 1
1275 84 9 1 0
1276 45 34 0 1
1277 42 9 0 1
1278 60 9 0 -1
1279 39 25 0 -1
1280 51 6 0 1
1281 63 17 0 -1
1282 56 32 0 1
1283 6 30 -1 0
1284 81 37 0 1
1285 84 28 1 0
1286 8 6 0 -1
1287 67 31 0 1
1288 95 12 0 1
1289 28 7 0 -1
1290 44 10 0 1
1291 3 2 1 0
1292 59 1 -1 0
1293 26 29 -1 0
1294 54 2 -1 0
1295 97 36 1 0
1296 20 15 -1 0
1297 25 27 1 0
1298 12 12 0 -1
1299 24 34 1 0
1300 38 27 1 0
1301 91 24 1 0
1302 94 17 -1 0
1303 45 13 1 0
1304 27 39 0 1
1305 63 28 -1 0
1306 19 19 0 1
1307 28 20 0 -1
1308 10 7 -1 0
1309 15 9 0 1
1310 93 21 1 0
1311 17 8 1 0
1312 22 33 -1 0
1313 26 0 0 1
1314 87 0 0 1
1315 26 12 -1 0
1316 81 3 1 0
1317 73 1 1 0
1318 79 17 0 1
1319 95 24 1 0
1320 82 10 0 1
1321 77 9 1 0
1322 20 13 1 0
1323 52 14 1 0
1324 12 21 -1 0
1325 26 36 0 -1
1326 92 22 1 0
1327 97 18 -1 0
1328 74 39 0 -1
1329 68 23 -1 0
1330 42 12 0 1
1331 86 23 0 1
1332 49 18 1 0
1333 5 27 1 0
1334 22 21 -1 0
1335 44 15 0 -1
1336 26 6 -1 0
1337 29 31 0 -1
1338 66 2 1 0
1339 18 23 0 1
1340 65 16 -1 0
1341 80 26 -1 0
1342 58 0 -1 0
1343 76 24 -1 0
1344 42 15 1 0
1345 73 15 1 0
1346 0 36 0 -1
1347 75 39 0 1
1348 85 13 -1 0
1349 3 26 1 0
1350 68 2 -1 0
1351 18 18 0 1
1352 31 12 0 -1
1353 57 7 1 0
1354 21 13 -1 0
1355 97 36 -1 0
1356 49 0 -1 0
1357 16 11 0 1
1358 73 26 1 0
1359 26 11 0 -1
1360 12 27 0 1
1361 96 37 0 -1
1362 54 22 0 1
1363 25 32 1 0
1364 12 38 0 1
1365 32 16 -1 0
1366 23 16 0 -1
1367 37 26 1 0
1368 41 22 0 1
1369 13 14 0 -1
1370 82 27 0 -1
1371 21 0 -1 0
1372 45 11 -1 0
1373 96 5 1 0
1374 3 33 1 0
1375 15 24 -1 0
1376 83 33 0 1
1377 7 36 0 1
1378 98 10 -1 0
1379 44 23 0 -1
1380 10 6 -1 0
1381 25 23 1 0
1382 84 35 -1 0
1383 77 3 1 0
1384 84 17 -1 0
1385 18 35 0 1
1386 24 22 0 1
1387 52 17 0 1
1388 69 30 0 1
1389 72 36 0 1
1390 46 20 0 -1
1391 44 24 -1 0
1392 29 39 0 -1
1393 47 15 -1 0
1394 10 22 1 0
1395 41 1 0 1
1396 12 6 0 1
1397 60 8 -1 0
1398 37 20 0 -1
1399 60 22 0 -1
1400 55 35 -1 0
1401 76 11 0 -1
1402 6 0 1 0
1403 96 4 -1 0
1404 32 32 0 -1
1405 71 13 0 1
1406 56 33 -1 0
1407 2 19 1 0
1408 53 12 0 -1
1409 19 6 0 1
1410 40 3 1 0
1411 38 39 0 1
1412 97 10 -1 0
1413 54 34 1 0
1414 29 23 0 1
1415 85 12 0 1
1416 10 16 1 0
1417 26 1 1 0
1418 66 8 0 1
1419 68 31 0 -1
1420 57 36 0 1
1421 4 15 -1 0
1422 23 33 0 1
1423 12 29 0 -1
1424 18 5 0 -1
1425 54 0 0 -1
1426 56 20 1 0
1427 35 20 0 1
1428 77 6 1 0
1429 82 35 1 0
1430 51 19 1 0
1431 25 12 1 0
1432 24 36 1 0
1433 7 12 0 -1
1434 27 28 0 -1
1435 49 3 0 -1
1436 16 24 -1 0
1437 14 20 1 0
1438 88 38 -1 0
1439 83 14 -1 0
1440 39 22 -1 0
1441 54 23 0 -1
1442 42 15 1 0
1443 87 19 -1 0
1444 23 23 1 0
1445 45 1 0 -1
1446 50 27 -1 0
1447 88 7 0 -1
1448 83 35 0 1
1449 50 21 0 1
1450 91 10 0 -1
1451 12 7 0 1
1452 19 10 0 -1
1453 87 37 -1 0
1454 42 7 1 0
1455 25 36 0 -1
1456 15 23 -1 0
1457 13 17 0 -1
1458 44 14 0 -1
1459 25 20 -1 0
1460 19 21 0 -1
1461 87 38 -1 0
1462 92 0 1 0
1463 18 17 0 -1
1464 59 2 0 1
1465 50 18 0 1
1466 50 26 -1 0
1467 48 0 0 -1
1468 85 15 -1 0
1469 94 22 -1 0
1470 0 34 0 1
1471 98 18 -1 0
1472 39 7 -1 0
1473 49 18 1 0
1474 43 1 -1 0
1475 10 28 0 -1
1476 56 3 0 -1
1477 86 27 -1 0
1478 7 25 0 -1
1479 91 0 0 -1
1480 87 7 0 1
1481 16 37 1 0
1482 30 23 0 -1
1483 27 26 0 -1
1484 86 10 0 1
1485 47 18 0 -1
1486 47 36 0 1
1487 3 22 1 0
1488 0 17 0 1
1489 85 6 0 1
1490 92 6 0 -1
1491 17 14 -1 0
1492 56 9 0 1
1493 57 4 -1 0
1494 94 15 0 1
1495 12 30 0 -1
1496 91 17 -1 0
1497 0 15 -1 0
1498 23 24 1 0
1499 10 17 1 0
1500 17 10 0 1
1501 47 19 1 0
1502 76 11 -1 0
1503 11 5 0 1
1504 20 0 1 0
1505 56 0 -1 0
1506 41 30 1 0
1507 0 28 1 0
1508 60 34 1 0
1509 95 19 0 -1
1510 73 28 0 1
1511 6 27 1 0
1512 38 18 0 -1
1513 21 26 1 0
1514 18 14 1 0
1515 23 5 0 1
1516 60 5 -1 0
1517 79 22 0 -1
1518 41 19 -1 0
1519 23 12 1 0
1520 82 19 -1 0
1521 1 35 1 0
1522 30 3 1 0
1523 24 0 1 0
1524 51 1 0 -1
1525 6 34 -1 0
1526 11 26 1 0
1527 42 24 -1 0
1528 5 5 0 -1
1529 75 17 0 -1
1530 87 17 1 0
1531 67 6 0 1
1532 19 11 0 1
1533 73 18 1 0
1534 22 19 0 -1
1535 51 2 -1 0
1536 71 0 -1 0
1537 37 0 0 1
1538 47 10 0 1
1539 8 35 -1 0
1540 25 28 -1 0
1541 19 17 0 -1
1542 54 22 0 -1
1543 94 14 -1 0
1544 87 19 0 -1
1545 98 12 0 1
1546 38 11 0 -1
1547 38 28 0 -1
1548 44 19 0 1
1549 24 8 1 0
1550 15 13 -1 0
1551 84 31 0 1
1552 19 8 0 -1
1553 2 9 0 -1
1554 19 30 0 1
1555 66 32 -1 0
1556 8 18 1 0
1557 97 30 0 -1
1558 16 27 -1 0
1559 47 26 -1 0
1560 23 5 1 0
1561 54 35 0 1
1562 59 26 1 0
1563 54 14 0 -1
1564 52 2 0 -1
1565 95 13 0 -1
1566 62 30 1 0
1567 60 11 0 -1
1568 49 6 0 -1
1569 67 2 0 -1
1570 94 23 0 -1
1571 67 5 0 -1
1572 47 6 -1 0
1573 18 12 0 1
1574 47 27 0 -1
1575 43 11 1 0
1576 44 4 1 0
1577 6 7 0 -1
1578 81 17 0 -1
1579 2 32 0 1
1580 48 9 0 1
1581 84 26 0 1
1582 93 15 -1 0
1583 87 9 0 -1
1584 94 1 0 1
1585 20 17 0 1
1586 7 2 -1 0
1587 12 26 0 -1
1588 5 29 0 -1
1589 15 37 1 0
1590 90 6 0 -1
1591 96 33 1 0
1592 14 20 1 0
1593 16 32 1 0
1594 52 10 -1 0
1595 23 23 0 1
1596 22 17 0 1
1597 76 34 1 0
1598 45 7 -1 0
1599 13 25 0 1
1600 27 9 1 0
1601 97 19 1 0
1602 64 36 0 1
1603 97 15 0 -1
1604 22 20 0 1
1605 60 30 0 -1
1606 58 3 -1 0
1607 48 2 0 1
1608 25 21 0 1
1609 48 34 1 0
1610 52 4 -1 0
1611 3 31 0 1
1612 2 8 -1 0
1613 39 39 0 1
1614 2 4 0 -1
1615 87 17 1 0
1616 57 5 1 0
1617 23 34 -1 0
1618 26 17 0 1
1619 15 21 0 -1
1620 86 16 1 0
1621 40 17 0 1
1622 61 14 0 1
1623 99 16 -1 0
1624 38 6 0 -1
1625 91 14 0 -1
1626 78 22 -1 0
1627 47 7 1 0
1628 66 15 -1 0
1629 99 33 -1 0
1630 78 10 0 1
1631 41 28 0 1
1632 45 7 1 0
1633 5 3 -1 0
1634 97 14 0 1
1635 82 21 0 -1
1636 41 11 -1 0
1637 15 22 1 0
1638 54 26 0 1
1639 79 26 1 0
1640 80 22 -1 0
1641 22 16 0 1
1642 48 32 -1 0
1643 3 18 0 -1
1644 28 34 -1 0
1645 82 14 0 -1
1646 18 23 0 -1
1647 47 0 1 0
1648 88 30 0 -1
1649 93 28 1 0
1650 79 10 1 0
1651 88 18 0 1
1652 7 36 1 0
1653 11 17 -1 0
1654 24 6 0 -1
1655 20 22 0 1
1656 25 3 0 1
1657 90 32 1 0
1658 14 25 0 1
1659 90 27 0 -1
1660 64 28 0 -1
1661 68 17 -1 0
1662 70 37 0 -1
1663 43 28 0 -1
1664 22 24 -1 0
1665 23 1 0 -1
1666 57 34 0 -1
1667 47 17 0 1
1668 8 19 1 0
1669 71 22 0 1
1670 31 1 0 -1
1671 41 33 0 -1
1672 51 37 0 1
1673 85 12 1 0
1674 67 20 1 0
1675 72 9 0 1
1676 25 26 0 1
1677 16 36 1 0
1678 7 18 1 0
1679 0 30 0 -1
1680 92 34 0 1
1681 21 21 -1 0
1682 81 3 1 0
1683 76 12 1 0
1684 14 36 1 0
1685 50 11 0 1
1686 10 13 0 -1
1687 51 18 -1 0
1688 92 28 0 -1
1689 69 35 0 1
1690 39 11 0 -1
1691 70 25 1 0
1692 99 29 0 -1
1693 78 14 1 0
1694 83 5 0 1
1695 90 19 -1 0
1696 27 23 1 0
1697 96 36 0 -1
1698 98 22 0 1
1699 99 9 0 1
1700 12 23 -1 0
1701 21 31 0 -1
1702 97 8 -1 0
1703 60 27 0 1
1704 6 32 1 0
1705 25 37 0 -1
1706 13 7 0 -1
1707 43 2 -1 0
1708 76 39 1 0
1709 22 10 0 1
1710 20 38 1 0
1711 98 31 1 0
1712 5 30 -1 0
1713 46 11 0 -1
1714 0 20 0 1
1715 53 33 0 -1
1716 57 1 0 -1
1717 65 35 0 -1
1718 13 13 0 -1
1719 17 35 1 0
1720 89 38 -1 0
1721 87 38 1 0
1722 65 10 -1 0
1723 20 13 0 -1
1724 83 19 0 -1
1725 89 39 1 0
1726 39 37 -1 0
1727 38 21 0 -1
1728 87 29 1 0
1729 15 30 -1 0
1730 68 14 1 0
1731 5 19 1 0
1732 26 30 0 -1
1733 83 20 0 1
1734 43 13 1 0
1735 66 37 0 -1
1736 54 29 1 0
1737 48 25 1 0
1738 2 4 -1 0
1739 7 5 1 0
1740 47 38 0 1
1741 56 2 1 0
1742 19 9 -1 0
1743 67 18 1 0
1744 11 30 0 1
1745 93 19 1 0
1746 16 21 1 0
1747 21 6 0 1
1748 28 18 0 1
1749 71 24 0 1
1750 42 16 -1 0
1751 19 14 0 -1
1752 73 36 0 1
1753 65 22 0 1
1754 11 19 1 0
1755 79 19 0 -1
1756 29 24 -1 0
1757 44 29 0 1
1758 25 38 0 -1
1759 92 18 0 -1
1760 97 25 -1 0
1761 9 1 -1 0
1762 54 16 1 0
1763 91 30 1 0
1764 84 29 -1 0
1765 17 35 0 1
1766 13 27 0 -1
1767 19 30 0 1
1768 31 39 1 0
1769 45 22 0 1
1770 17 4 -1 0
1771 31 1 1 0
1772 79 32 0 -1
1773 6 15 0 -1
1774 5 26 0 -1
1775 1 11 1 0
1776 86 23 0 -1
1777 24 15 1 0
1778 94 39 0 -1
1779 88 35 1 0
1780 56 6 0 1
1781 43 15 -1 0
1782 82 22 0 1
1783 44 32 0 -1
1784 18 16 1 0
1785 38 27 -1 0
1786 16 12 0 1
1787 9 3 -1 0
1788 75 2 0 1
1789 15 27 0 1
1790 28 11 0 -1
1791 24 33 0 1
1792 20 21 0 1
1793 27 18 -1 0
1794 90 28 0 -1
1795 28 7 1 0
1796 0 36 1 0
1797 29 20 0 1
1798 6 39 1 0
1799 42 33 0 1
1800 4 22 0 -1
1801 40 34 -1 0
1802 85 16 0 -1
1803 95 32 0 -1
1804 22 4 1 0
1805 30 2 0 1
1806 54 5 -1 0
1807 14 19 0 1
1808 16 34 1 0
1809 25 34 -1 0
1810 23 11 1 0
1811 62 33 1 0
1812 51 23 1 0
1813 90 20 1 0
1814 5 37 -1 0
1815 48 29 -1 0
1816 24 16 1 0
1817 98 17 0 1
1818 55 23 0 1
1819 93 32 0 -1
1820 61 4 1 0
1821 31 25 0 1
1822 25 25 0 1
1823 47 24 0 1
1824 46 4 0 -1
1825 68 10 0 1
1826 44 5 -1 0
1827 50 15 0 1
1828 96 6 0 -1
1829 66 35 0 1
1830 11 24 0 1
1831 64 17 0 1
1832 4 31 0 -1
1833 21 11 0 -1
1834 65 31 1 0
1835 38 29 0 -1
1836 77 5 1 0
1837 53 2 0 -1
1838 40 36 1 0
1839 93 39 0 -1
1840 38 37 0 -1
1841 6 14 0 1
1842 28 36 0 1
1843 38 39 0 -1
1844 12 39 0 1
1845 41 12 -1 0
1846 43 10 0 -1
1847 5 37 0 -1
1848 5 32 1 0
1849 16 5 0 1
1850 42 15 1 0
1851 97 24 1 0
1852 41 17 -1 0
1853 85 0 0 1
1854 86 16 -1 0
1855 25 13 0 -1
1856 58 8 -1 0
1857 97 22 0 -1
1858 44 13 1 0
1859 19 34 0 1
1860 70 37 0 1
1861 47 1 0 -1
1862 56 9 0 -1
1863 96 33 1 0
1864 72 28 0 1
1865 66 29 -1 0
1866 75 7 -1 0
1867 93 17 0 -1
1868 85 4 -1 0
1869 47 36 0 1
1870 97 37 -1 0
1871 1 31 -1 0
1872 96 10 0 1
1873 26 34 0 1
1874 49 37 1 0
1875 44 21 0 1
1876 39 20 0 -1
1877 92 4 0 1
1878 9 33 1 0
1879 62 9 -1 0
1880 3 9 0 1
1881 9 8 0 1
1882 74 27 -1 0
1883 60 20 -1 0
1884 67 24 -1 0
1885 88 28 1 0
1886 90 15 1 0
1887 23 39 0 1
1888 36 28 0 1
1889 24 35 -1 0
1890 30 34 0 1
1891 82 34 0 -1
1892 9 21 0 -1
1893 25 3 0 -1
1894 88 22 -1 0
1895 45 24 0 -1
1896 99 36 1 0
1897 28 36 0 1
1898 20 20 1 0
1899 12 13 0 1
1900 53 19 1 0
1901 42 16 -1 0
1902 11 16 0 1
1903 4 38 0 -1
1904 16 31 1 0
1905 0 26 0 1
1906 89 4 0 1
1907 0 2 0 -1
1908 50 1 0 1
1909 37 14 0 1
1910 1 11 1 0
1911 56 17 1 0
1912 43 16 0 1
1913 13 38 -1 0
1914 79 10 0 -1
1915 79 5 0 1
1916 60 18 -1 0
1917 91 22 1 0
1918 60 30 0 -1
1919 77 15 -1 0
1920 70 29 1 0
1921 15 34 0 1
1922 49 12 0 1
1923 87 12 -1 0
1924 92 5 1 0
1925 99 4 -1 0
1926 5 29 0 1
1927 17 3 0 -1
1928 1 19 -1 0
1929 49 38 0 -1
1930 41 36 0 1
1931 38 35 0 -1
1932 95 14 1 0
1933 26 38 1 0
1934 86 24 -1 0
1935 51 26 0 -1
1936 44 38 -1 0
1937 41 6 -1 0
1938 4 37 0 1
1939 26 37 -1 0
1940 44 23 -1 0
1941 49 28 -1 0
1942 5 39 -1 0
1943 43 33 0 -1
1944 87 5 0 1
1945 19 7 0 1
1946 44 1 0 -1
1947 45 22 0 1
1948 41 31 0 1
1949 40 36 1 0
1950 96 26 -1 0
1951 45 24 0 -1
1952 79 28 0 -1
1953 23 11 0 1
1954 22 27 0 1
1955 25 17 0 -1
1956 61 25 0 -1
1957 60 12 0 -1
1958 22 21 0 1
1959 52 24 -1 0
1960 91 0 0 1
1961 84 19 0 -1
1962 71 10 0 1
1963 38 27 -1 0
1964 7 8 1 0
1965 23 24 -1 0
1966 24 24 -1 0
1967 21 19 -1 0
1968 21 10 0 1
1969 40 31 -1 0
1970 68 8 -1 0
1971 61 23 0 -1
1972 7 25 1 0
1973 79 10 0 1
1974 90 26 1 0
1975 87 37 0 1
1976 22 1 0 -1
1977 20 1 0 1
1978 2 28 1 0
1979 12 30 1 0
1980 85 3 0 -1
1981 56 12 -1 0
1982 70 5 1 0
1983 91 30 0 -1
1984 93 29 0 -1
1985 61 26 -1 0
1986 22 34 0 -1
1987 75 36 0 1
1988 80 31 1 0
1989 50 18 0 1
1990 16 20 1 0
1991 44 4 -1 0
1992 11 21 0 -1
1993 42 12 0 -1
1994 44 21 -1 0
1995 24 7 0 -1
1996 77 22 0 -1
1997 10 24 0 -1
1998 9 33 0 1
1999 98 9 1 0
2000 94 26 0 -1
2001 21 17 0 -1
2002 18 28 1 0
2003 48 24 0 -1
2004 0 2 0 -1
2005 17 30 0 -1
2006 25 37 0 -1
2007 74 36 1 0
2008 27 24 1 0
2009 23 19 0 -1
2010 14 22 0 -1
2011 87 29 0 1
2012 40 10 0 1
2013 1 4 -1 0
2014 11 8 1 0
2015 82 1 1 0
2016 9 34 1 0
2017 28 15 0 -1
2018 59 9 0 -1
2019 23 6 1 0
2020 91 15 0 1
2021 50 19 1 0
2022 60 4 -1 0
2023 63 20 0 -1
2024 81 27 -1 0
2025 19 37 1 0
2026 10 18 0 1
2027 14 24 0 -1
2028 14 12 0 1
2029 11 33 0 -1
2030 73 25 0 1
2031 90 29 0 1
2032 36 36 -1 0
2033 57 27 0 -1
2034 49 17 -1 0
2035 40 15 0 1
2036 44 5 0 -1
2037 15 24 0 1
2038 94 18 -1 0
2039 2 6 1 0
2040 39 26 1 0
2041 82 1 0 1
2042 27 28 -1 0
2043 42 22 0 1
2044 93 18 0 -1
2045 55 16 0 1
2046 66 21 0 -1
2047 96 19 0 -1
2048 99 16 0 -1
2049 95 38 1 0
2050 62 19 0 1
2051 79 0 0 -1
2052 26 17 0 -1
2053 18 10 1 0
2054 12 20 0 1
2055 96 23 0 1
2056 6 29 0 1
2057 28 4 0 -1
2058 69 34 0 1
2059 63 6 0 -1
2060 97 35 1 0
2061 51 9 -1 0
2062 48 19 0 1
2063 92 18 0 -1
2064 24 39 1 0
2065 88 34 -1 0
2066 80 18 0 -1
2067 99 18 -1 0
2068 86 25 0 -1
2069 84 17 -1 0
2070 26 37 0 -1
2071 21 2 1 0
2072 12 39 -1 0
2073 58 20 0 1
2074 7 34 0 1
2075 19 32 1 0
2076 98 17 -1 0
2077 50 7 0 -1
2078 57 10 0 -1
2079 42 18 0 1
2080 98 37 -1 0
2081 74 12 -1 0
2082 16 37 0 -1
2083 49 39 -1 0
2084 16 0 0 -1
2085 67 29 -1 0
2086 68 30 0 1
2087 14 36 0 1
2088 24 5 0 -1
2089 81 25 1 0
2090 37 20 0 1
2091 83 27 -1 0
2092 10 14 0 1
2093 11 21 0 -1
2094 64 25 1 0
2095 89 10 -1 0
2096 62 9 1 0
2097 96 12 -1 0
2098 90 12 0 -1
2099 97 12 0 -1
2100 98 28 0 -1
2101 36 15 -1 0
2102 85 39 0 1
2103 87 33 0 -1
2104 19 23 0 -1
2105 82 0 0 1
2106 29 23 0 -1
2107 83 39 0 1
2108 85 8 -1 0
2109 95 27 -1 0
2110 47 17 1 0
2111 3 14 0 1
2112 75 3 1 0
2113 40 23 -1 0
2114 22 2 -1 0
2115 95 3 -1 0
2116 42 27 -1 0
2117 19 0 -1 0
2118 70 14 0 -1
2119 5 6 -1 0
2120 86 8 1 0
2121 41 13 0 1
2122 11 18 1 0
2123 28 38 0 -1
2124 15 17 1 0
2125 90 9 -1 0
2126 48 22 -1 0
2127 11 34 1 0
2128 45 3 0 -1
2129 68 0 0 1
2130 40 12 0 1
2131 26 0 0 -1
2132 30 14 -1 0
2133 20 37 1 0
2134 41 16 0 1
2135 12 36 0 1
2136 89 8 1 0
2137 70 24 1 0
2138 75 36 0 1
2139 58 38 0 -1
2140 7 26 0 -1
2141 66 2 1 0
2142 18 16 -1 0
2143 96 30 0 -1
2144 28 17 1 0
2145 10 35 0 -1
2146 97 29 -1 0
2147 62 17 -1 0
2148 48 37 0 1
2149 25 29 -1 0
2150 88 5 0 -1
2151 25 35 1 0
2152 13 25 1 0
2153 28 16 0 -1
2154 72 25 1 0
2155 81 5 0 -1
2156 75 38 0 1
2157 40 26 -1 0
2158 51 26 -1 0
2159 47 6 -1 0
2160 59 37 0 -1
2161 7 17 1 0
2162 99 38 0 -1
2163 72 4 1 0
2164 49 33 -1 0
2165 30 1 -1 0
2166 3 7 0 1
2167 84 7 -1 0
2168 93 7 1 0
2169 92 14 -1 0
2170 87 32 -1 0
2171 88 16 0 1
2172 44 26 0 1
2173 25 34 0 1
2174 39 35 1 0
2175 13 3 0 -1
2176 66 14 0 1
2177 95 39 1 0
2178 64 11 1 0
2179 25 38 0 -1
2180 19 11 -1 0
2181 38 30 1 0
2182 38 1 0 1
2183 56 33 0 1
2184 94 25 1 0
2185 8 29 -1 0
2186 24 16 0 -1
2187 95 4 1 0
2188 54 38 0 -1
2189 56 30 -1 0
2190 20 11 1 0
2191 84 27 -1 0
2192 14 33 0 1
2193 27 19 0 1
2194 23 4 1 0
2195 93 17 0 1
2196 17 13 -1 0
2197 36 4 0 1
2198 0 0 1 0
2199 39 36 -1 0
2200 90 37 1 0
2201 73 38 -1 0
2202 20 37 0 -1
2203 76 17 -1 0
2204 20 28 -1 0
2205 25 27 0 1
2206 40 11 0 1
2207 50 29 -1 0
2208 0 4 0 1
2209 47 11 1 0
2210 19 16 1 0
2211 18 8 1 0
2212 15 13 -1 0
2213 30 34 0 1
2214 55 13 0 1
2215 99 8 0 -1
2216 5 4 0 1
2217 3 15 0 -1
2218 79 35 -1 0
2219 42 31 -1 0
2220 24 25 -1 0
2221 65 23 0 -1
2222 54 36 -1 0
2223 57 24 -1 0
2224 72 37 0 -1
2225 9 32 0 1
2226 39 21 0 -1
2227 70 28 0 -1
2228 63 27 -1 0
2229 43 3 -1 0
2230 26 29 0 -1
2231 26 13 -1 0
2232 76 34 0 1
2233 86 30 -1 0
2234 41 9 1 0
2235 94 38 0 -1
2236 83 27 1 0
2237 23 15 0 1
2238 21 9 0 -1
2239 83 6 1 0
2240 43 22 1 0
2241 48 22 1 0
2242 37 0 0 -1
2243 1 32 1 0
2244 9 12 1 0
2245 40 28 -1 0
2246 90 10 -1 0
2247 83 37 -1 0
2248 55 0 0 1
2249 37 0 -1 0
2250 15 32 0 1
2251 51 15 0 1
2252 56 15 1 0
2253 18 31 0 1
2254 28 34 0 1
2255 48 31 1 0
2256 9 16 0 1
2257 49 35 1 0
2258 15 7 0 -1
2259 43 6 1 0
2260 29 32 0 1
2261 96 34 1 0
2262 20 19 0 1
2263 24 1 -1 0
2264 25 8 0 1
2265 44 19 0 -1
2266 83 37 0 1
2267 98 33 1 0
2268 88 39 -1 0
2269 28 4 1 0
2270 41 29 1 0
2271 39 23 0 -1
2272 28 39 -1 0
2273 22 20 0 -1
2274 51 11 -1 0
2275 83 15 0 1
2276 21 30 0 1
2277 51 14 -1 0
2278 57 8 -1 0
2279 52 34 1 0
2280 47 7 -1 0
2281 7 38 0 -1
2282 60 36 1 0
2283 42 28 1 0
2284 11 1 -1 0
2285 19 18 1 0
2286 86 29 0 -1
2287 52 29 0 -1
2288 19 10 1 0
2289 18 21 0 1
2290 40 29 0 -1
2291 9 32 0 -1
2292 90 15 0 -1
2293 77 2 0 -1
2294 12 6 1 0
2295 37 30 0 -1
2296 89 20 1 0
2297 42 4 0 -1
2298 22 21 0 1
2299 56 25 0 -1
2300 80 30 0 -1
2301 76 18 0 1
2302 21 35 -1 0
2303 13 8 -1 0
2304 75 35 1 0
2305 80 13 0 1
2306 87 12 1 0
2307 5 24 -1 0
2308 16 16 -1 0
2309 17 8 1 0
2310 39 13 1 0
2311 81 6 1 0
2312 9 16 -1 0
2313 42 38 0 1
2314 42 32 1 0
2315 76 5 1 0
2316 36 8 -1 0
2317 89 1 -1 0
2318 55 4 -1 0
2319 75 30 0 1
2320 21 8 0 1
2321 73 36 0 -1
2322 37 17 0 -1
2323 8 12 0 -1
2324 15 7 0 -1
2325 39 38 0 1
2326 98 32 0 -1
2327 26 26 0 1
2328 3 19 -1 0
2329 61 0 1 0
2330 60 3 0 -1
2331 24 28 0 -1
2332 83 33 0 -1
2333 24 26 0 1
2334 14 21 0 1
2335 5 38 0 1
2336 37 33 1 0
2337 16 1 0 1
2338 18 7 0 -1
2339 48 16 1 0
2340 49 11 0 -1
2341 91 11 0 -1
2342 89 32 0 -1
2343 39 36 -1 0
2344 72 23 1 0
2345 43 10 0 -1
2346 79 9 0 1
2347 80 17 -1 0
2348 45 14 0 -1
2349 36 39 0 -1
2350 90 12 -1 0
2351 38 8 0 -1
2352 93 19 0 1
2353 41 26 0 1
2354 20 24 0 -1
2355 14 34 -1 0
2356 93 18 1 0
2357 5 28 0 -1
2358 66 29 -1 0
2359 47 12 1 0
2360 4 35 0 -1
2361 70 21 1 0
2362 26 30 0 -1
2363 23 39 0 -1
2364 59 9 -1 0
2365 54 16 0 1
2366 95 30 0 1
2367 98 35 1 0
2368 40 0 1 0
2369 68 31 0 1
2370 43 14 1 0
2371 43 17 1 0
2372 14 9 1 0
2373 77 6 0 1
2374 18 35 0 1
2375 38 14 0 -1
2376 91 19 0 -1
2377 60 17 -1 0
2378 40 17 0 -1
2379 74 27 -1 0
2380 54 39 1 0
2381 62 20 -1 0
2382 15 28 1 0
2383 43 35 0 1
2384 89 5 0 1
2385 18 0 0 1
2386 80 23 0 -1
2387 73 34 0 1
2388 40 27 0 -1
2389 96 0 0 -1
2390 99 13 -1 0
2391 20 36 1 0
2392 14 13 -1 0
2393 16 3 1 0
2394 76 2 -1 0
2395 71 39 1 0
2396 35 11 -1 0
2397 97 7 0 1
2398 57 1 0 -1
2399 92 21 1 0
2400 43 1 0 -1
2401 80 35 1 0
2402 70 4 1 0
2403 13 9 1 0
2404 74 21 -1 0
2405 20 2 1 0
2406 16 3 0 1
2407 22 35 0 1
2408 42 5 0 1
2409 80 14 0 1
2410 22 2 1 0
2411 17 34 1 0
2412 85 35 0 -1
2413 3 39 0 1
2414 94 1 -1 0
2415 22 22 1 0
2416 73 13 -1 0
2417 8 25 1 0
2418 26 23 0 1
2419 27 5 1 0
2420 58 1 0 -1
2421 14 35 1 0
2422 42 13 0 1
2423 96 32 1 0
2424 91 35 0 -1
2425 17 9 -1 0
2426 46 27 -1 0
2427 23 14 1 0
2428 15 34 -1 0
2429 72 31 0 -1
2430 83 36 0 1
2431 24 2 0 -1
2432 8 24 -1 0
2433 64 9 -1 0
2434 81 9 0 1
2435 29 14 1 0
2436 63 30 -1 0
2437 9 38 1 0
2438 38 29 -1 0
2439 70 28 1 0
2440 20 37 -1 0
2441 16 3 0 1
2442 10 39 -1 0
2443 13 10 1 0
2444 67 37 0 1
2445 28 18 0 1
2446 29 21 0 1
2447 63 38 0 -1
2448 9 31 0 -1
2449 48 2 0 -1
2450 86 11 0 -1
2451 54 32 0 1
2452 95 31 0 1
2453 92 13 1 0
2454 21 1 0 1
2455 80 13 0 1
2456 8 10 -1 0
2457 6 1 0 -1
2458 14 30 1 0
2459 15 3 0 -1
2460 44 23 1 0
2461 55 9 0 -1
2462 49 39 -1 0
2463 38 38 -1 0
2464 45 34 -1 0
2465 41 1 0 1
2466 76 39 1 0
2467 24 10 -1 0
2468 8 32 1 0
2469 99 5 -1 0
2470 3 39 1 0
2471 88 6 0 -1
2472 38 30 0 -1
2473 99 34 1 0
2474 41 3 0 1
2475 94 24 0 1
2476 30 33 1 0
2477 6 4 0 -1
2478 8 13 -1 0
2479 95 33 1 0
2480 71 35 -1 0
2481 7 3 1 0
2482 84 30 1 0
2483 22 7 -1 0
2484 97 10 1 0
2485 47 4 0 -1
2486 89 0 -1 0
2487 48 36 -1 0
2488 23 31 1 0
2489 21 16 -1 0
2490 54 30 0 1
2491 26 6 -1 0
2492 93 16 -1 0
2493 92 28 0 -1
2494 40 30 0 1
2495 12 27 1 0
2496 45 10 -1 0
2497 82 25 1 0
2498 87 3 0 -1
2499 28 22 0 1
2500 71 36 0 1
2501 63 27 0 -1
2502 53 18 -1 0
2503 1 23 -1 0
2504 89 33 1 0
2505 3 15 1 0
2506 46 21 0 -1
2507 26 28 0 1
2508 28 24 -1 0
2509 20 39 0 1
2510 18 9 0 1
2511 16 19 1 0
2512 43 6 1 0
2513 23 4 0 1
2514 3 17 0 -1
2515 90 0 1 0
2516 50 17 -1 0
2517 94 9 0 1
2518 39 23 -1 0
2519 21 30 1 0
2520 99 20 -1 0
2521 22 13 -1 0
2522 84 23 0 1
2523 11 1 1 0
2524 48 18 0 -1
2525 89 26 1 0
2526 42 30 0 1
2527 92 4 0 1
2528 96 8 0 1
2529 18 20 0 1
2530 0 28 1 0
2531 40 16 1 0
2532 90 30 1 0
2533 91 25 0 -1
2534 62 25 0 -1
2535 82 20 0 -1
2536 88 25 -1 0
2537 64 4 1 0
2538 97 21 1 0
2539 28 34 1 0
2540 44 25 1 0
2541 44 31 0 1
2542 39 24 0 -1
2543 47 26 0 1
2544 59 23 0 1
2545 40 35 -1 0
2546 30 14 0 -1
2547 34 30 0 -1
2548 63 0 0 1
2549 22 33 0 1
2550 45 12 0 -1
2551 28 1 -1 0
2552 38 0 -1 0
2553 44 17 -1 0
2554 10 3 1 0
2555 45 23 0 -1
2556 38 15 1 0
2557 0 25 1 0
2558 18 13 -1 0
2559 15 15 0 -1
2560 19 5 -1 0
2561 46 34 0 -1
2562 77 34 1 0
2563 2 13 0 -1
2564 52 5 0 1
2565 25 36 1 0
2566 65 4 -1 0
2567 98 11 0 -1
2568 0 8 0 -1
2569 18 37 0 1
2570 54 18 1 0
2571 23 20 0 -1
2572 63 14 0 -1
2573 22 9 -1 0
2574 91 38 0 -1
2575 47 16 -1 0
2576 94 0 0 -1
2577 40 37 -1 0
2578 16 24 0 -1
2579 94 17 0 -1
2580 15 1 0 -1
2581 45 22 0 1
2582 30 0 0 -1
2583 8 29 0 1
2584 38 22 1 0
2585 76 39 0 1
2586 18 17 0 -1
2587 50 19 0 -1
2588 51 8 -1 0
2589 50 8 1 0
2590 22 14 1 0
2591 82 32 0 -1
2592 82 34 0 1
2593 61 24 0 -1
2594 3 15 0 -1
2595 83 9 0 -1
2596 13 5 1 0
2597 0 10 1 0
2598 90 30 -1 0
2599 1 10 0 1
2600 91 16 1 0
2601 49 37 1 0
2602 18 31 0 -1
2603 13 26 0 -1
2604 51 6 0 1
2605 9 9 0 1
2606 37 13 0 1
2607 28 4 -1 0
2608 52 8 0 -1
2609 48 14 -1 0
2610 94 25 -1 0
2611 96 24 1 0
2612 91 18 0 1
2613 37 29 0 1
2614 69 3 -1 0
2615 23 4 0 1
2616 49 34 0 -1
2617 97 16 1 0
2618 14 24 0 -1
2619 96 11 0 -1
2620 88 2 0 1
2621 19 28 0 1
2622 75 37 1 0
2623 28 35 1 0
2624 20 14 1 0
2625 0 0 0 1
2626 98 10 0 -1
2627 23 9 0 -1
2628 40 29 0 1
2629 41 35 -1 0
2630 9 32 1 0
2631 97 36 0 1
2632 72 22 1 0
2633 8 25 0 -1
2634 39 12 0 1
2635 90 26 0 1
2636 16 14 -1 0
2637 65 38 0 1
2638 39 8 0 1
2639 11 30 1 0
2640 92 19 1 0
2641 74 2 0 -1
2642 21 13 -1 0
2643 46 24 0 -1
2644 11 15 0 1
2645 7 26 0 1
2646 62 36 -1 0
2647 15 24 0 1
2648 12 3 0 1
2649 71 10 1 0
2650 51 38 0 1
2651 11 31 -1 0
2652 11 32 -1 0
2653 85 4 1 0
2654 4 10 0 1
2655 29 9 -1 0
2656 79 32 0 1
2657 23 21 1 0
2658 79 13 0 -1
2659 39 27 0 -1
2660 49 30 0 -1
2661 11 8 0 1
2662 53 13 1 0
2663 84 27 -1 0
2664 23 10 1 0
2665 79 35 -1 0
2666 52 23 -1 0
2667 46 18 0 1
2668 20 17 0 -1
2669 11 13 0 -1
2670 11 35 0 -1
2671 80 11 1 0
2672 82 29 1 0
2673 23 14 0 1
2674 19 14 0 -1
2675 95 17 -1 0
2676 65 38 -1 0
2677 94 19 1 0
2678 55 9 1 0
2679 57 13 0 1
2680 81 16 0 -1
2681 28 37 1 0
2682 99 8 0 1
2683 85 31 1 0
2684 50 12 -1 0
2685 16 14 1 0
2686 7 39 0 1
2687 9 29 -1 0
2688 51 30 0 1
2689 19 15 0 1
2690 85 37 0 1
2691 20 39 1 0
2692 96 11 0 1
2693 29 12 1 0
2694 18 38 0 1
2695 45 7 0 -1
2696 85 3 -1 0
2697 78 9 0 -1
2698 47 0 1 0
2699 7 24 1 0
2700 54 15 0 -1
2701 89 39 -1 0
2702 62 33 -1 0
2703 88 30 0 -1
2704 86 36 1 0
2705 78 36 1 0
2706 21 31 0 1
2707 13 13 -1 0
2708 50 30 0 -1
2709 12 20 0 1
2710 96 33 0 -1
2711 29 30 -1 0
2712 26 29 -1 0
2713 52 29 0 1
2714 50 20 0 1
2715 20 28 0 -1
2716 42 34 0 1
2717 88 0 0 -1
2718 0 29 1 0
2719 43 29 1 0
2720 9 27 0 -1
2721 22 5 0 -1
2722 14 23 0 1
2723 7 1 1 0
2724 8 12 1 0
2725 8 11 -1 0
2726 65 10 0 -1
2727 9 23 -1 0
2728 22 2 0 1
2729 93 19 0 -1
2730 8 9 -1 0
2731 86 34 -1 0
2732 51 31 1 0
2733 88 20 0 1
2734 37 30 1 0
2735 86 0 0 1
2736 14 34 0 1
2737 87 27 0 -1
2738 62 11 0 -1
2739 85 21 1 0
2740 63 38 1 0
2741 2 2 -1 0
2742 94 27 1 0
2743 45 33 -1 0
2744 88 21 -1 0
2745 89 9 0 -1
2746 21 8 0 1
2747 8 12 -1 0
2748 10 39 0 1
2749 71 38 1 0
2750 67 10 -1 0
2751 26 15 -1 0
2752 52 19 -1 0
2753 25 14 0 -1
2754 17 35 -1 0
2755 72 39 -1 0
2756 23 11 1 0
2757 26 39 0 1
2758 43 28 0 -1
2759 26 25 0 1
2760 94 35 -1 0
2761 43 2 -1 0
2762 94 20 -1 0
2763 6 26 0 1
2764 63 15 -1 0
2765 24 27 1 0
2766 57 3 0 -1
2767 27 17 -1 0
2768 45 23 0 -1
2769 83 29 1 0
2770 93 34 0 1
2771 26 22 1 0
2772 22 9 0 -1
2773 25 15 0 -1
2774 17 33 0 -1
2775 28 37 1 0
2776 1 24 0 -1
2777 37 33 1 0
2778 12 15 1 0
2779 77 9 1 0
2780 27 14 -1 0
2781 63 18 0 1
2782 17 10 0 1
2783 9 1 0 1
2784 22 22 0 -1
2785 3 6 0 1
2786 59 32 1 0
2787 1 34 1 0
2788 82 26 0 -1
2789 47 28 0 -1
2790 86 34 1 0
2791 89 32 0 1
2792 94 14 -1 0
2793 0 33 -1 0
2794 66 32 -1 0
2795 89 12 1 0
2796 41 3 0 1
2797 53 27 0 1
2798 50 13 1 0
2799 7 34 0 -1
2800 5 16 0 1
2801 53 39 -1 0
2802 72 19 1 0
2803 13 22 0 -1
2804 20 24 -1 0
2805 90 9 -1 0
2806 66 34 0 1
2807 81 9 0 -1
2808 89 12 1 0
2809 93 6 -1 0
2810 24 4 0 1
2811 61 18 0 1
2812 17 28 0 1
2813 11 10 1 0
2814 3 8 -1 0
2815 26 21 1 0
2816 0 15 0 1
2817 0 39 0 1
2818 46 32 -1 0
2819 67 3 1 0
2820 71 39 0 1
2821 95 2 1 0
2822 47 16 -1 0
2823 8 20 -1 0
2824 86 20 0 1
2825 3 36 1 0
2826 48 28 1 0
2827 98 23 -1 0
2828 15 15 -1 0
2829 55 33 -1 0
2830 1 2 0 -1
2831 30 5 0 -1
2832 83 34 -1 0
2833 7 35 0 1
2834 53 36 0 -1
2835 92 23 0 -1
2836 89 20 1 0
2837 8 32 0 -1
2838 6 0 0 1
2839 90 23 1 0
2840 42 34 0 1
2841 90 9 0 1
2842 96 3 0 -1
2843 83 15 -1 0
2844 91 17 0 -1
2845 49 29 -1 0
2846 10 23 1 0
2847 19 26 0 1
2848 60 5 1 0
2849 17 18 0 -1
2850 83 21 1 0
2851 14 36 -1 0
2852 77 28 0 1
2853 91 31 0 1
2854 2 30 0 -1
2855 8 37 0 -1
2856 46 36 -1 0
2857 57 11 1 0
2858 69 6 0 -1
2859 84 19 0 -1
2860 66 19 1 0
2861 5 0 0 -1
2862 99 37 0 1
2863 2 26 1 0
2864 78 0 0 -1
2865 86 20 0 1
2866 19 9 -1 0
2867 21 38 0 -1
2868 62 31 1 0
2869 15 17 -1 0
2870 4 20 1 0
2871 75 31 0 -1
2872 84 20 0 1
2873 4 39 -1 0
2874 67 21 -1 0
2875 14 20 1 0
2876 10 23 1 0
2877 16 25 -1 0
2878 46 26 0 -1
2879 42 7 1 0
2880 27 11 0 -1
2881 25 11 0 -1
2882 41 29 0 -1
2883 80 7 1 0
2884 92 10 -1 0
2885 1 10 0 1
2886 3 14 1 0
2887 70 39 1 0
2888 3 7 -1 0
2889 15 5 1 0
2890 81 14 1 0
2891 79 14 1 0
2892 28 12 0 -1
2893 38 22 1 0
2894 39 4 1 0
2895 22 39 0 1
2896 90 10 0 -1
2897 36 23 0 1
2898 83 17 1 0
2899 77 19 -1 0
2900 72 11 1 0
2901 12 32 0 -1
2902 15 5 0 1
2903 55 30 0 -1
2904 21 17 0 1
2905 41 30 1 0
2906 26 15 0 1
2907 48 8 1 0
2908 78 29 0 1
2909 96 13 1 0
2910 17 37 1 0
2911 40 28 0 -1
2912 25 25 0 1
2913 14 6 0 -1
2914 90 17 1 0
2915 97 0 -1 0
2916 13 21 -1 0
2917 70 32 0 -1
2918 97 32 0 -1
2919 75 8 0 -1
2920 8 34 0 -1
2921 24 17 0 -1
2922 41 8 1 0
2923 80 7 0 -1
2924 76 2 -1 0
2925 89 6 0 -1
2926 80 8 1 0
2927 63 19 1 0
2928 37 13 0 1
2929 27 23 0 1
2930 19 27 0 -1
2931 80 14 1 0
2932 13 26 -1 0
2933 44 0 1 0
2934 6 26 0 -1
2935 11 18 0 -1
2936 6 9 0 -1
2937 96 0 -1 0
2938 21 1 0 -1
2939 11 11 -1 0
2940 30 38 0 -1
2941 47 8 -1 0
2942 87 30 0 -1
2943 25 13 -1 0
2944 95 35 0 1
2945 21 23 0 -1
2946 67 32 -1 0
2947 45 37 0 1
2948 23 9 0 -1
2949 52 20 -1 0
2950 85 27 0 -1
2951 18 1 0 -1
2952 28 5 0 -1
2953 69 14 1 0
2954 5 27 0 1
2955 65 32 1 0
2956 3 28 0 -1
2957 10 14 0 -1
2958 83 0 0 -1
2959 6 14 1 0
2960 62 13 1 0
2961 4 19 -1 0
2962 15 0 0 1
2963 10 3 0 1
2964 26 36 0 1
2965 10 4 0 -1
2966 21 28 0 -1
2967 26 1 0 1
2968 22 30 0 -1
2969 17 10 0 -1
2970 23 12 1 0
2971 19 8 0 -1
2972 18 3 0 -1
2973 78 15 1 0
2974 36 35 -1 0
2975 30 6 0 1
2976 38 33 0 1
2977 9 5 1 0
2978 48 7 0 -1
2979 42 20 -1 0
2980 40 5 0 1
2981 21 24 0 1
2982 47 8 -1 0
2983 39 34 0 1
2984 40 2 -1 0
2985 28 8 0 -1
2986 92 13 0 1
2987 16 31 0 -1
2988 26 31 0 1
2989 19 1 0 -1
2990 47 23 1 0
2991 97 37 1 0
2992 23 21 0 -1
2993 48 9 -1 0
2994 83 25 -1 0
2995 7 27 0 -1
2996 17 9 -1 0
2997 14 32 1 0
2998 29 16 0 -1
2999 25 6 0 1
3000 45 21 1 0
3001 15 28 0 1
3002 43 7 0 -1
3003 95 25 0 -1
3004 53 33 -1 0
3005 60 20 -1 0
3006 54 29 -1 0
3007 72 30 1 0
3008 39 21 0 1
3009 8 24 -1 0
3010 86 35 -1 0
3011 88 0 0 1
3012 62 8 -1 0
3013 85 27 -1 0
3014 22 1 -1 0
3015 91 21 -1 0
3016 65 37 0 -1
3017 45 5 1 0
3018 56 38 -1 0
3019 93 4 1 0
3020 5 26 -1 0
3021 18 36 -1 0
3022 50 17 0 -1
3023 38 11 1 0
3024 20 16 -1 0
3025 40 5 -1 0
3026 30 34 -1 0
3027 11 7 -1 0
3028 20 33 0 -1
3029 65 17 0 1
3030 19 30 0 1
3031 12 17 1 0
3032 18 23 0 1
3033 97 5 -1 0
3034 12 31 -1 0
3035 80 16 1 0
3036 13 5 -1 0
3037 24 6 0 -1
3038 51 9 0 1
3039 88 3 0 1
3040 28 23 1 0
3041 43 1 0 1
3042 3 23 0 1
3043 86 1 -1 0
3044 66 17 -1 0
3045 98 20 -1 0
3046 19 33 1 0
3047 13 30 -1 0
3048 95 27 1 0
3049 15 1 0 1
3050 53 1 0 1
3051 13 17 0 1
3052 76 14 -1 0
3053 9 17 1 0
3054 68 3 0 -1
3055 21 28 1 0
3056 38 30 0 -1
3057 23 19 -1 0
3058 20 11 1 0
3059 37 5 0 1
3060 94 16 0 1
3061 21 20 -1 0
3062 77 10 1 0
3063 50 26 0 -1
3064 59 18 1 0
3065 30 31 -1 0
3066 55 25 1 0
3067 37 37 -1 0
3068 1 25 0 1
3069 73 19 0 -1
3070 3 19 -1 0
3071 40 23 -1 0
3072 25 7 0 -1
3073 29 5 0 1
3074 28 25 0 -1
3075 79 34 0 -1
3076 52 17 0 -1
3077 18 22 1 0
3078 4 19 1 0
3079 40 24 0 -1
3080 22 39 0 -1
3081 23 17 -1 0
3082 23 15 1 0
3083 23 34 0 1
3084 79 35 0 -1
3085 11 30 0 1
3086 58 18 1 0
3087 7 6 1 0
3088 96 3 1 0
3089 13 1 1 0
3090 83 31 0 -1
3091 27 15 0 1
3092 10 17 1 0
3093 2 25 0 -1
3094 39 15 0 1
3095 46 33 0 -1
3096 69 14 0 -1
3097 79 33 0 1
3098 24 34 1 0
3099 11 38 0 1
3100 94 22 0 1
3101 17 39 0 -1
3102 47 15 0 1
3103 79 2 0 1
3104 29 26 -1 0
3105 37 7 0 1
3106 3 17 1 0
3107 49 29 0 -1
3108 47 21 1 0
3109 14 9 -1 0
3110 62 4 1 0
3111 13 8 0 -1
3112 82 7 1 0
3113 63 13 1 0
3114 49 14 0 -1
3115 80 35 -1 0
3116 50 22 0 1
3117 53 11 1 0
3118 48 25 -1 0
3119 12 18 0 -1
3120 58 25 0 -1
3121 23 20 -1 0
3122 88 14 1 0
3123 26 28 -1 0
3124 38 22 0 1
3125 50 4 1 0
3126 78 39 0 1
3127 76 31 0 1
3128 44 30 -1 0
3129 59 11 -1 0
3130 14 25 0 1
3131 21 20 -1 0
3132 29 24 0 -1
3133 89 29 -1 0
3134 16 26 1 0
3135 44 12 1 0
3136 16 38 1 0
3137 97 28 0 -1
3138 8 9 0 1
3139 67 24 -1 0
3140 81 24 0 -1
3141 97 8 -1 0
3142 41 12 0 -1
3143 0 1 0 -1
3144 73 11 -1 0
3145 47 8 0 1
3146 37 35 0 -1
3147 53 29 0 1
3148 19 15 0 -1
3149 25 18 -1 0
3150 52 35 0 -1
3151 98 26 -1 0
3152 50 8 1 0
3153 51 18 0 -1
3154 82 17 0 1
3155 62 35 1 0
3156 42 9 0 1
3157 84 1 1 0
3158 15 28 1 0
3159 65 25 1 0
3160 12 1 0 1
3161 20 33 0 -1
3162 25 28 0 1
3163 94 29 -1 0
3164 19 12 -1 0
3165 19 39 0 -1
3166 40 33 1 0
3167 74 4 0 1
3168 30 17 1 0
3169 23 25 1 0
3170 42 30 -1 0
3171 46 17 1 0
3172 3 0 0 1
3173 0 5 0 -1
3174 35 21 1 0
3175 43 15 1 0
3176 97 6 0 1
3177 70 13 1 0
3178 97 4 -1 0
3179 81 22 -1 0
3180 49 26 -1 0
3181 89 33 -1 0
3182 5 28 1 0
3183 38 15 1 0
3184 98 39 0 1
3185 62 4 0 1
3186 17 16 0 1
3187 56 28 1 0
3188 41 12 -1 0
3189 1 31 0 -1
3190 7 9 0 1
3191 4 3 0 -1
3192 15 19 0 1
3193 13 2 0 1
3194 19 25 1 0
3195 39 37 0 1
3196 9 0 0 1
3197 10 4 0 -1
3198 40 18 0 -1
3199 99 11 0 -1
3200 26 35 -1 0
3201 23 39 -1 0
3202 9 5 -1 0
3203 88 33 0 1
3204 5 38 0 -1
3205 9 15 0 1
3206 63 0 0 1
3207 88 29 0 1
3208 21 21 0 -1
3209 29 37 0 1
3210 94 20 0 -1
3211 82 28 1 0
3212 50 21 -1 0
3213 86 13 1 0
3214 82 18 -1 0
3215 99 1 -1 0
3216 44 36 1 0
3217 25 33 0 1
3218 2 8 0 -1
3219 96 22 -1 0
3220 44 11 0 -1
3221 76 20 0 -1
3222 68 23 0 -1
3223 15 15 0 1
3224 64 39 0 1
3225 85 35 0 -1
3226 6 35 0 -1
3227 18 35 1 0
3228 12 36 0 -1
3229 95 18 -1 0
3230 21 2 0 1
3231 2 13 1 0
3232 99 16 -1 0
3233 77 33 1 0
3234 94 28 1 0
3235 59 7 1 0
3236 90 17 0 1
3237 54 12 1 0
3238 82 26 -1 0
3239 47 18 1 0
3240 44 36 0 1
3241 20 38 0 1
3242 44 2 0 1
3243 27 26 -1 0
3244 3 13 0 -1
3245 48 0 0 -1
3246 28 37 1 0
3247 95 38 1 0
3248 61 31 -1 0
3249 21 38 0 -1
3250 14 23 -1 0
3251 54 24 0 1
3252 18 28 1 0
3253 24 25 0 -1
3254 94 5 -1 0
3255 46 2 1 0
3256 16 33 0 1
3257 10 36 -1 0
3258 59 4 1 0
3259 46 19 1 0
3260 22 5 0 1
3261 50 1 0 -1
3262 37 23 1 0
3263 67 27 1 0
3264 20 22 1 0
3265 45 10 0 -1
3266 5 11 0 -1
3267 99 19 0 -1
3268 45 36 0 1
3269 13 20 1 0
3270 56 5 1 0
3271 49 27 -1 0
3272 61 30 0 1
3273 5 27 -1 0
3274 23 6 0 1
3275 36 12 -1 0
3276 26 5 0 1
3277 20 5 -1 0
3278 92 16 1 0
3279 86 8 -1 0
3280 14 26 -1 0
3281 12 17 1 0
3282 39 39 1 0
3283 59 24 -1 0
3284 23 6 0 1
3285 6 22 0 1
3286 95 24 0 -1
3287 8 25 -1 0
3288 42 6 0 1
3289 20 20 0 -1
3290 98 26 0 1
3291 54 36 0 -1
3292 58 35 0 -1
3293 41 20 0 1
3294 57 13 1 0
3295 43 5 -1 0
3296 93 20 0 -1
3297 90 21 -1 0
3298 38 2 0 -1
3299 83 21 1 0
3300 1 21 -1 0
3301 48 18 -1 0
3302 7 34 0 -1
3303 81 22 1 0
3304 7 20 0 -1
3305 95 37 0 1
3306 99 18 0 -1
3307 20 29 -1 0
3308 2 13 0 1
3309 72 34 -1 0
3310 26 32 0 1
3311 53 10 0 1
3312 74 30 -1 0
3313 9 22 1 0
3314 41 37 1 0
3315 8 11 1 0
3316 97 27 -1 0
3317 79 32 0 1
3318 21 5 0 -1
3319 40 11 0 1
3320 21 0 -1 0
3321 54 9 -1 0
3322 15 33 0 -1
3323 11 17 1 0
3324 31 2 0 1
3325 8 34 0 -1
3326 87 24 1 0
3327 95 23 0 -1
3328 73 2 0 -1
3329 3 7 0 1
3330 25 22 1 0
3331 69 10 0 -1
3332 41 27 1 0
3333 24 4 -1 0
3334 57 5 0 -1
3335 48 4 0 -1
3336 9 23 -1 0
3337 1 31 -1 0
3338 86 39 -1 0
3339 27 15 -1 0
3340 11 35 0 1
3341 92 24 0 1
3342 30 14 -1 0
3343 26 20 -1 0
3344 58 12 0 1
3345 89 24 -1 0
3346 68 11 0 -1
3347 15 10 0 -1
3348 21 20 1 0
3349 23 29 -1 0
3350 27 36 1 0
3351 87 9 0 1
3352 96 31 -1 0
3353 7 14 1 0
3354 62 30 -1 0
3355 3 10 1 0
3356 20 32 0 1
3357 31 30 -1 0
3358 9 16 0 1
3359 15 17 0 1
3360 6 0 1 0
3361 93 27 1 0
3362 7 33 1 0
3363 20 2 0 1
3364 78 8 0 1
3365 96 31 0 1
3366 12 3 0 1
3367 12 24 -1 0
3368 16 30 0 1
3369 60 15 1 0
3370 14 38 1 0
3371 9 12 0 -1
3372 59 1 0 -1
3373 84 11 0 -1
3374 95 3 1 0
3375 78 16 0 1
3376 88 30 0 1
3377 19 38 0 1
3378 87 5 -1 0
3379 36 16 1 0
3380 29 28 0 1
3381 82 30 -1 0
3382 2 10 0 -1
3383 24 13 -1 0
3384 97 16 -1 0
3385 25 31 0 1
3386 43 14 0 -1
3387 93 22 1 0
3388 84 2 1 0
3389 27 36 0 -1
3390 42 1 -1 0
3391 84 3 1 0
3392 25 34 1 0
3393 91 28 1 0
3394 46 13 1 0
3395 5 31 -1 0
3396 16 10 0 1
3397 22 4 0 1
3398 44 31 0 1
3399 21 0 -1 0
3400 79 37 -1 0
3401 74 21 0 -1
3402 52 32 1 0
3403 98 17 0 -1
3404 6 9 0 -1
3405 44 6 -1 0
3406 71 13 -1 0
3407 68 38 0 -1
3408 40 22 1 0
3409 38 8 0 1
3410 7 18 -1 0
3411 1 28 -1 0
3412 14 28 -1 0
3413 67 23 0 -1
3414 30 39 0 1
3415 48 11 0 -1
3416 12 0 0 1
3417 77 38 1 0
3418 48 17 -1 0
3419 92 32 0 -1
3420 61 23 0 1
3421 79 11 -1 0
3422 47 25 0 -1
3423 48 29 0 1
3424 73 39 0 1
3425 43 16 0 -1
3426 17 25 0 -1
3427 92 27 0 1
3428 63 24 1 0
3429 60 28 0 -1
3430 52 2 -1 0
3431 70 23 -1 0
3432 15 20 -1 0
3433 52 5 -1 0
3434 66 4 0 -1
3435 39 5 0 -1
3436 38 25 -1 0
3437 20 9 -1 0
3438 21 10 0 -1
3439 16 27 0 1
3440 7 19 0 -1
3441 98 11 0 -1
3442 13 20 0 -1
3443 0 7 0 -1
3444 27 27 -1 0
3445 23 19 1 0
3446 49 0 0 1
3447 31 14 -1 0
3448 29 31 0 -1
3449 47 5 1 0
3450 44 30 -1 0
3451 14 11 0 1
3452 13 15 -1 0
3453 40 39 0 -1
3454 93 30 1 0
3455 63 39 -1 0
3456 1 11 -1 0
3457 16 25 1 0
3458 48 16 0 -1
3459 60 9 0 -1
3460 62 20 0 1
3461 40 35 -1 0
3462 13 37 0 -1
3463 44 13 0 1
3464 26 19 0 -1
3465 49 29 0 -1
3466 62 6 -1 0
3467 77 23 1 0
3468 71 28 0 -1
3469 56 26 0 1
3470 26 5 1 0
3471 71 25 0 1
3472 36 4 0 -1
3473 93 18 0 -1
3474 54 3 -1 0
3475 38 31 1 0
3476 4 14 0 1
3477 52 27 -1 0
3478 82 30 0 -1
3479 26 21 0 1
3480 70 36 0 1
3481 41 15 -1 0
3482 24 8 0 1
3483 79 16 1 0
3484 44 32 0 -1
3485 15 36 -1 0
3486 20 23 0 1
3487 8 28 -1 0
3488 23 24 1 0
3489 21 21 0 -1
3490 90 30 0 -1
3491 77 23 -1 0
3492 30 2 -1 0
3493 79 31 0 1
3494 25 12 1 0
3495 86 35 0 -1
3496 41 39 -1 0
3497 37 10 -1 0
3498 14 34 -1 0
3499 23 15 -1 0
3500 66 4 0 1
3501 88 4 1 0
3502 55 19 -1 0
3503 50 25 1 0
3504 49 6 0 1
3505 48 20 1 0
3506 90 4 1 0
3507 18 6 0 1
3508 50 5 -1 0
3509 51 33 -1 0
3510 91 32 -1 0
3511 92 31 1 0
3512 48 16 0 -1
3513 7 38 -1 0
3514 18 5 0 1
3515 50 19 1 0
3516 14 7 0 1
3517 72 10 -1 0
3518 92 31 0 -1
3519 73 29 1 0
3520 38 15 0 1
3521 99 6 -1 0
3522 81 0 -1 0
3523 90 16 0 1
3524 5 28 1 0
3525 24 1 -1 0
3526 44 22 0 1
3527 81 39 1 0
3528 92 7 0 1
3529 73 28 -1 0
3530 86 13 1 0
3531 13 35 -1 0
3532 39 0 0 -1
3533 66 20 0 1
3534 68 18 0 -1
3535 42 20 0 1
3536 48 35 1 0
3537 15 22 1 0
3538 97 34 -1 0
3539 3 25 0 1
3540 30 9 0 1
3541 24 35 1 0
3542 97 33 0 -1
3543 64 8 -1 0
3544 90 31 0 -1
3545 89 27 0 1
3546 87 1 1 0
3547 87 8 -1 0
3548 99 27 0 1
3549 2 26 0 -1
3550 74 26 1 0
3551 21 29 0 1
3552 92 36 1 0
3553 54 33 -1 0
3554 22 22 -1 0
3555 41 1 -1 0
3556 12 20 0 -1
3557 11 15 0 -1
3558 3 27 1 0
3559 11 37 0 -1
3560 8 20 1 0
3561 74 33 -1 0
3562 65 13 0 1
3563 82 34 1 0
3564 6 26 -1 0
3565 23 35 -1 0
3566 51 8 -1 0
3567 80 12 1 0
3568 65 35 -1 0
3569 5 36 -1 0
3570 38 3 0 1
3571 42 16 -1 0
3572 60 21 1 0
3573 19 3 0 1
3574 80 16 -1 0
3575 91 39 0 -1
3576 64 27 0 -1
3577 29 19 0 -1
3578 4 19 0 -1
3579 75 27 0 -1
3580 39 11 0 -1
3581 76 7 0 1
3582 72 10 -1 0
3583 27 37 1 0
3584 87 3 0 1
3585 86 24 0 -1
3586 96 14 -1 0
3587 95 16 0 -1
3588 59 36 1 0
3589 13 37 1 0
3590 86 22 -1 0
3591 18 0 0 -1
3592 40 25 -1 0
3593 71 22 0 1
3594 7 15 1 0
3595 52 33 0 -1
3596 48 0 0 1
3597 38 7 0 1
3598 20 9 1 0
3599 26 3 1 0
