0 83 39 0 1
1 90 35 -1 0
2 17 29 0 -1
3 89 10 1 0
4 40 18 -1 0
5 18 13 0 -1
6 88 4 0 -1
7 10 2 -1 0
8 93 24 1 0
9 19 19 0 1
10 48 18 -1 0
11 18 14 0 1
12 67 13 0 1
13 6 21 1 0
14 16 37 0 -1
15 19 35 0 1
16 91 28 1 0
17 72 35 0 1
18 99 25 0 -1
19 21 26 1 0
20 54 30 -1 0
21 90 39 1 0
22 94 3 0 -1
23 65 39 0 1
24 50 16 1 0
25 61 25 0 1
26 99 19 1 0
27 98 2 0 1
28 31 20 1 0
29 68 21 0 1
30 29 25 0 1
31 48 33 1 0
32 56 37 1 0
33 24 2 0 -1
34 31 21 0 1
35 48 30 0 -1
36 15 29 0 -1
37 47 34 0 -1
38 24 3 0 -1
39 76 33 0 -1
40 46 28 0 -1
41 96 35 1 0
42 83 38 -1 0
43 75 19 -1 0
44 0 3 0 -1
45 48 30 1 0
46 48 23 0 -1
47 92 34 0 -1
48 96 3 1 0
49 40 2 -1 0
50 50 33 0 -1
51 95 15 1 0
52 32 0 0 1
53 43 23 -1 0
54 44 33 0 -1
55 42 3 1 0
56 24 19 1 0
57 42 34 0 1
58 24 21 1 0
59 41 30 0 1
60 58 11 0 -1
61 18 19 1 0
62 40 9 0 -1
63 62 31 1 0
64 1 2 -1 0
65 92 15 1 0
66 37 25 0 1
67 67 27 1 0
68 92 27 0 1
69 22 2 0 1
70 69 36 0 1
71 35 22 -1 0
72 19 18 -1 0
73 13 20 0 -1
74 5 31 -1 0
75 6 13 -1 0
76 30 32 1 0
77 54 17 0 1
78 28 25 -1 0
79 48 14 -1 0
80 35 0 0 1
81 39 10 -1 0
82 93 21 0 -1
83 15 32 -1 0
84 58 21 0 -1
85 26 26 1 0
86 45 25 1 0
87 38 20 0 1
88 9 8 0 -1
89 21 26 0 1
90 52 11 0 1
91 22 4 -1 0
92 41 5 0 -1
93 96 33 0 1
94 26 24 0 1
95 92 17 0 1
96 8 25 0 -1
97 80 22 0 -1
98 94 21 -1 0
99 40 17 0 1
100 95 24 0 -1
101 67 23 -1 0
102 22 4 1 0
103 56 3 0 -1
104 67 27 0 1
105 99 11 0 1
106 98 12 0 -1
107 48 6 -1 0
108 94 2 0 -1
109 9 36 0 1
110 71 28 0 -1
111 14 35 -1 0
112 47 25 0 1
113 87 33 1 0
114 72 16 -1 0
115 67 29 1 0
116 26 18 -1 0
117 64 26 -1 0
118 52 33 0 1
119 54 19 0 -1
120 24 2 0 -1
121 90 12 0 -1
122 20 31 -1 0
123 94 2 0 1
124 79 1 0 1
125 91 22 0 -1
126 10 10 0 -1
127 44 5 0 1
128 44 22 0 1
129 6 22 0 -1
130 40 29 -1 0
131 54 31 1 0
132 74 29 0 1
133 59 32 0 -1
134 14 15 0 -1
135 73 0 1 0
136 61 19 1 0
137 59 4 1 0
138 93 23 -1 0
139 4 12 -1 0
140 86 8 0 1
141 92 33 0 -1
142 20 1 0 -1
143 93 29 1 0
144 91 3 0 1
145 2 32 1 0
146 43 18 -1 0
147 35 9 0 1
148 21 37 0 -1
149 48 2 0 1
150 86 18 0 -1
151 73 32 1 0
152 3 25 -1 0
153 38 16 0 1
154 69 23 -1 0
155 55 4 0 1
156 45 26 -1 0
157 1 34 0 1
158 13 30 -1 0
159 14 6 1 0
160 36 3 -1 0
161 66 30 0 -1
162 93 1 0 -1
163 9 30 -1 0
164 27 24 0 -1
165 4 22 0 1
166 88 24 -1 0
167 0 32 0 -1
168 12 17 1 0
169 70 26 1 0
170 93 27 0 1
171 6 20 0 1
172 5 20 0 1
173 10 5 -1 0
174 39 38 1 0
175 37 32 -1 0
176 44 31 1 0
177 13 3 0 -1
178 89 16 -1 0
179 43 4 -1 0
180 78 33 0 -1
181 15 35 -1 0
182 20 29 -1 0
183 29 0 -1 0
184 96 39 0 1
185 97 6 0 -1
186 21 15 0 1
187 77 30 0 -1
188 68 5 -1 0
189 13 18 0 1
190 46 2 0 -1
191 92 29 0 1
192 17 34 1 0
193 13 35 -1 0
194 96 10 1 0
195 53 21 0 -1
196 57 32 1 0
197 52 36 0 -1
198 93 30 0 -1
199 48 0 -1 0
200 39 26 1 0
201 79 28 1 0
202 28 6 -1 0
203 24 39 1 0
204 17 14 0 1
205 83 15 -1 0
206 7 2 0 -1
207 45 20 0 -1
208 57 22 -1 0
209 48 34 -1 0
210 26 21 0 -1
211 99 26 0 1
212 17 2 0 1
213 48 24 0 -1
214 63 32 0 -1
215 98 35 0 1
216 19 17 1 0
217 83 16 -1 0
218 81 2 0 -1
219 88 24 -1 0
220 10 37 -1 0
221 46 25 0 -1
222 64 3 0 1
223 17 8 -1 0
224 39 13 -1 0
225 79 11 -1 0
226 17 2 1 0
227 46 30 -1 0
228 54 3 0 1
229 39 11 1 0
230 85 21 1 0
231 82 33 0 1
232 44 39 -1 0
233 10 34 1 0
234 23 36 0 1
235 36 2 0 -1
236 15 21 0 -1
237 29 16 1 0
238 60 10 0 -1
239 24 1 1 0
240 15 8 0 -1
241 53 1 0 -1
242 45 24 -1 0
243 5 28 1 0
244 54 31 0 1
245 21 26 -1 0
246 31 18 0 -1
247 91 30 0 1
248 28 18 0 1
249 25 11 -1 0
250 43 33 0 1
251 87 21 -1 0
252 29 27 0 -1
253 24 10 0 1
254 53 38 1 0
255 69 30 1 0
256 22 30 0 1
257 86 1 0 -1
258 24 18 0 1
259 96 33 0 1
260 71 3 -1 0
261 1 31 1 0
262 9 27 1 0
263 36 13 -1 0
264 29 34 1 0
265 69 17 1 0
266 41 35 -1 0
267 54 11 0 -1
268 11 4 -1 0
269 95 10 1 0
270 66 0 -1 0
271 47 21 0 1
272 99 25 0 1
273 95 20 -1 0
274 16 20 0 -1
275 42 34 -1 0
276 15 26 -1 0
277 98 14 -1 0
278 87 4 0 -1
279 24 28 1 0
280 12 26 1 0
281 20 5 0 -1
282 5 34 -1 0
283 44 6 0 1
284 40 7 1 0
285 24 15 0 1
286 89 31 0 1
287 24 32 0 -1
288 25 28 0 -1
289 38 32 0 -1
290 60 16 0 1
291 77 21 1 0
292 3 21 0 1
293 70 39 -1 0
294 8 23 0 1
295 63 31 -1 0
296 62 25 0 1
297 0 30 -1 0
298 3 28 0 1
299 69 20 0 1
300 70 17 0 -1
301 53 33 1 0
302 12 19 0 -1
303 3 27 0 1
304 93 4 0 -1
305 14 9 -1 0
306 21 16 -1 0
307 52 1 0 -1
308 85 25 1 0
309 62 6 0 1
310 47 20 -1 0
311 27 38 0 1
312 50 33 1 0
313 90 9 1 0
314 93 19 0 -1
315 40 24 1 0
316 15 26 -1 0
317 1 0 1 0
318 5 12 -1 0
319 55 7 1 0
320 54 21 0 1
321 48 1 1 0
322 4 16 -1 0
323 75 31 0 1
324 79 14 -1 0
325 95 34 0 1
326 58 25 0 1
327 9 37 0 -1
328 14 29 1 0
329 38 10 0 1
330 19 38 0 -1
331 11 28 0 -1
332 14 13 0 1
333 0 17 0 1
334 4 16 -1 0
335 37 38 0 -1
336 68 35 -1 0
337 77 20 0 1
338 97 4 1 0
339 88 2 -1 0
340 1 20 1 0
341 40 39 0 1
342 9 23 1 0
343 93 33 -1 0
344 97 25 1 0
345 17 11 -1 0
346 29 21 -1 0
347 48 8 0 -1
348 86 33 1 0
349 92 19 1 0
350 54 22 0 1
351 7 26 1 0
352 21 21 1 0
353 8 9 1 0
354 42 14 0 -1
355 55 33 -1 0
356 47 6 0 1
357 16 38 0 1
358 15 4 1 0
359 24 27 1 0
360 68 6 0 1
361 25 7 0 1
362 8 20 0 -1
363 18 18 0 -1
364 17 30 0 1
365 97 35 -1 0
366 57 18 0 1
367 39 13 -1 0
368 1 29 -1 0
369 43 19 0 1
370 19 31 0 1
371 52 7 0 -1
372 94 15 1 0
373 21 37 1 0
374 38 17 0 -1
375 6 19 1 0
376 22 14 0 -1
377 58 19 0 -1
378 25 16 -1 0
379 58 15 0 -1
380 15 1 0 1
381 88 27 -1 0
382 96 4 0 1
383 49 17 0 1
384 88 24 0 -1
385 19 3 1 0
386 41 12 0 -1
387 16 26 -1 0
388 51 18 -1 0
389 90 32 -1 0
390 49 19 -1 0
391 19 28 0 -1
392 4 9 -1 0
393 24 38 0 1
394 19 4 0 -1
395 19 27 0 -1
396 25 3 1 0
397 10 30 0 -1
398 41 23 1 0
399 70 17 0 -1
400 80 25 0 -1
401 45 27 -1 0
402 40 28 0 -1
403 53 2 -1 0
404 13 16 0 1
405 86 8 0 1
406 89 26 0 1
407 70 36 -1 0
408 61 30 1 0
409 97 27 1 0
410 51 33 -1 0
411 46 36 0 1
412 15 25 -1 0
413 44 19 1 0
414 65 13 0 -1
415 94 6 -1 0
416 93 35 -1 0
417 77 22 0 1
418 20 19 1 0
419 11 30 0 1
420 68 36 0 -1
421 42 29 -1 0
422 46 13 1 0
423 51 16 0 -1
424 42 39 -1 0
425 6 31 -1 0
426 27 14 -1 0
427 98 37 -1 0
428 8 17 -1 0
429 96 30 0 -1
430 5 4 -1 0
431 1 34 0 -1
432 13 24 0 -1
433 23 4 -1 0
434 93 36 0 -1
435 82 21 1 0
436 71 6 1 0
437 94 33 0 1
438 86 28 -1 0
439 78 13 0 1
440 95 32 0 1
441 36 21 -1 0
442 84 2 0 1
443 24 18 0 1
444 99 4 0 -1
445 21 36 -1 0
446 78 19 0 1
447 1 9 -1 0
448 89 38 1 0
449 4 21 0 -1
450 84 33 1 0
451 58 21 0 1
452 22 17 0 -1
453 19 16 1 0
454 69 12 1 0
455 44 14 0 -1
456 42 19 0 1
457 48 5 -1 0
458 41 7 0 1
459 79 1 1 0
460 15 3 0 -1
461 38 24 -1 0
462 30 32 0 -1
463 66 13 0 1
464 45 15 1 0
465 93 18 -1 0
466 11 12 0 1
467 3 18 1 0
468 2 21 1 0
469 97 31 1 0
470 25 19 -1 0
471 89 13 -1 0
472 29 25 -1 0
473 84 38 1 0
474 51 5 0 1
475 42 11 0 1
476 46 32 1 0
477 60 26 1 0
478 50 15 -1 0
479 36 10 -1 0
480 58 18 0 -1
481 25 29 0 1
482 59 17 0 1
483 14 20 -1 0
484 87 9 0 1
485 22 37 1 0
486 98 14 0 1
487 10 30 0 1
488 18 27 1 0
489 71 26 0 1
490 96 25 0 -1
491 66 0 -1 0
492 17 11 1 0
493 43 10 1 0
494 44 26 -1 0
495 20 5 0 1
496 74 26 1 0
497 42 13 0 -1
498 5 2 1 0
499 76 39 -1 0
500 61 36 0 1
501 8 28 -1 0
502 47 13 0 -1
503 21 17 1 0
504 19 36 1 0
505 63 5 1 0
506 21 20 1 0
507 47 33 0 1
508 42 32 0 1
509 41 20 -1 0
510 12 15 1 0
511 23 23 0 1
512 40 39 0 1
513 77 5 0 -1
514 90 38 0 1
515 60 31 -1 0
516 8 2 0 -1
517 1 8 -1 0
518 46 27 0 -1
519 37 2 1 0
520 46 18 1 0
521 99 9 1 0
522 82 19 0 -1
523 5 17 1 0
524 84 12 0 1
525 33 17 1 0
526 59 28 0 -1
527 50 30 0 -1
528 44 16 -1 0
529 90 24 0 1
530 89 34 0 1
531 42 10 0 1
532 20 17 -1 0
533 43 19 -1 0
534 22 30 1 0
535 23 29 -1 0
536 73 23 0 1
537 84 5 1 0
538 67 16 -1 0
539 46 9 1 0
540 1 20 1 0
541 29 14 1 0
542 88 7 0 1
543 43 26 1 0
544 0 16 -1 0
545 19 1 0 -1
546 52 2 0 -1
547 47 2 -1 0
548 18 36 0 -1
549 67 26 -1 0
550 26 19 -1 0
551 1 38 1 0
552 41 11 1 0
553 93 38 1 0
554 37 29 1 0
555 22 16 1 0
556 24 13 -1 0
557 99 16 1 0
558 55 22 0 1
559 0 13 0 1
560 7 22 0 1
561 41 21 0 -1
562 92 24 0 1
563 8 39 1 0
564 90 29 0 -1
565 42 24 1 0
566 31 38 -1 0
567 40 3 0 -1
568 47 14 1 0
569 24 38 1 0
570 20 24 1 0
571 65 32 1 0
572 17 2 0 1
573 59 0 0 1
574 92 25 0 -1
575 73 36 -1 0
576 24 27 0 1
577 44 6 0 -1
578 70 29 0 -1
579 54 11 0 -1
580 46 1 -1 0
581 14 18 1 0
582 96 29 1 0
583 50 9 1 0
584 11 3 1 0
585 73 5 1 0
586 44 35 -1 0
587 51 19 -1 0
588 70 7 -1 0
589 45 34 0 -1
590 45 36 1 0
591 20 16 1 0
592 86 27 1 0
593 10 35 0 -1
594 82 26 1 0
595 64 21 0 -1
596 54 27 1 0
597 17 5 -1 0
598 83 21 1 0
599 37 12 0 1
600 17 26 0 1
601 60 13 0 1
602 47 33 1 0
603 30 35 -1 0
604 2 3 0 -1
605 27 20 1 0
606 2 39 -1 0
607 10 14 -1 0
608 71 13 0 1
609 39 31 1 0
610 51 27 0 1
611 12 15 1 0
612 38 26 0 -1
613 12 6 0 1
614 39 22 0 1
615 99 17 -1 0
616 47 21 0 -1
617 43 14 1 0
618 21 7 1 0
619 55 30 0 -1
620 45 5 -1 0
621 27 4 1 0
622 18 21 -1 0
623 39 7 1 0
624 6 12 1 0
625 81 20 1 0
626 82 7 0 -1
627 81 23 -1 0
628 48 17 0 1
629 52 12 1 0
630 71 5 0 1
631 24 5 0 -1
632 80 3 0 -1
633 61 28 -1 0
634 95 28 1 0
635 82 30 1 0
636 39 36 -1 0
637 63 12 -1 0
638 17 26 0 -1
639 19 3 -1 0
640 23 35 0 -1
641 46 14 0 1
642 91 26 0 1
643 3 35 -1 0
644 91 4 1 0
645 96 4 1 0
646 42 2 1 0
647 81 11 1 0
648 84 0 0 -1
649 99 36 -1 0
650 7 13 0 -1
651 99 8 0 1
652 65 19 0 1
653 64 6 0 1
654 79 5 0 1
655 60 18 -1 0
656 20 23 0 -1
657 95 26 1 0
658 69 12 0 -1
659 26 9 0 1
660 97 12 -1 0
661 69 28 1 0
662 18 12 0 1
663 26 38 -1 0
664 45 32 0 -1
665 39 28 0 -1
666 17 21 -1 0
667 92 26 0 1
668 4 10 0 -1
669 40 23 0 1
670 48 20 -1 0
671 25 21 0 -1
672 27 34 -1 0
673 85 3 0 1
674 60 23 1 0
675 5 38 0 1
676 17 28 -1 0
677 21 32 -1 0
678 26 22 1 0
679 17 15 -1 0
680 65 28 -1 0
681 44 9 -1 0
682 17 26 1 0
683 67 7 -1 0
684 68 13 1 0
685 62 27 1 0
686 37 19 -1 0
687 46 4 0 1
688 12 18 0 -1
689 41 8 -1 0
690 24 29 0 1
691 41 34 0 -1
692 36 21 0 -1
693 28 28 0 -1
694 29 20 -1 0
695 78 4 1 0
696 57 39 -1 0
697 80 30 0 1
698 41 39 1 0
699 39 6 0 -1
700 30 31 0 1
701 8 17 1 0
702 61 27 -1 0
703 21 21 -1 0
704 42 2 0 1
705 99 23 -1 0
706 99 30 0 -1
707 92 30 0 1
708 92 32 -1 0
709 24 22 0 -1
710 46 29 1 0
711 24 2 -1 0
712 92 10 1 0
713 6 5 -1 0
714 0 31 1 0
715 55 14 0 -1
716 38 13 1 0
717 41 22 -1 0
718 13 25 0 1
719 41 31 -1 0
720 68 39 -1 0
721 56 4 1 0
722 54 2 1 0
723 26 27 0 -1
724 59 4 1 0
725 58 33 0 -1
726 37 19 1 0
727 95 24 1 0
728 64 6 0 1
729 25 15 1 0
730 37 13 0 -1
731 5 34 1 0
732 49 9 1 0
733 91 37 0 -1
734 16 29 1 0
735 80 21 0 -1
736 73 24 0 -1
737 78 18 1 0
738 27 31 0 -1
739 99 13 -1 0
740 85 0 -1 0
741 42 35 1 0
742 47 38 0 1
743 1 30 0 1
744 82 34 -1 0
745 12 11 0 -1
746 59 10 -1 0
747 48 36 0 1
748 94 25 1 0
749 21 11 -1 0
750 82 27 0 -1
751 9 3 -1 0
752 65 32 1 0
753 78 3 1 0
754 56 6 0 -1
755 42 8 0 1
756 46 16 1 0
757 55 10 -1 0
758 92 29 -1 0
759 16 28 0 1
760 61 23 -1 0
761 28 38 1 0
762 9 16 -1 0
763 57 2 0 1
764 71 5 1 0
765 46 12 -1 0
766 67 39 1 0
767 40 24 -1 0
768 94 8 0 1
769 83 23 0 1
770 52 6 -1 0
771 58 24 0 1
772 95 20 0 1
773 49 28 -1 0
774 4 35 -1 0
775 30 26 0 -1
776 14 23 0 -1
777 53 3 1 0
778 19 3 -1 0
779 25 38 1 0
780 6 37 -1 0
781 67 39 0 -1
782 42 14 0 1
783 86 3 -1 0
784 28 26 0 -1
785 1 22 0 -1
786 13 34 1 0
787 21 38 1 0
788 57 13 -1 0
789 50 13 0 1
790 90 21 0 1
791 28 31 0 1
792 56 19 -1 0
793 26 22 1 0
794 25 11 0 -1
795 39 23 1 0
796 23 38 0 1
797 58 16 0 -1
798 37 4 1 0
799 98 16 0 1
800 74 31 1 0
801 76 16 0 1
802 79 32 0 -1
803 97 18 1 0
804 89 38 1 0
805 87 19 1 0
806 80 4 -1 0
807 45 38 0 -1
808 96 14 -1 0
809 98 7 0 1
810 18 34 1 0
811 24 28 0 1
812 34 21 -1 0
813 80 37 0 1
814 48 15 0 1
815 87 37 1 0
816 40 14 0 1
817 16 19 -1 0
818 46 30 1 0
819 17 24 0 1
820 56 33 0 -1
821 20 26 -1 0
822 82 7 0 -1
823 43 28 1 0
824 44 20 0 -1
825 80 19 1 0
826 17 22 -1 0
827 76 35 1 0
828 11 18 0 1
829 62 17 1 0
830 81 19 1 0
831 89 4 0 -1
832 91 13 -1 0
833 6 29 1 0
834 49 24 0 1
835 38 36 0 -1
836 58 7 0 1
837 89 27 -1 0
838 15 36 -1 0
839 72 19 0 -1
840 72 14 -1 0
841 84 35 1 0
842 93 21 1 0
843 9 11 0 1
844 16 19 -1 0
845 77 13 -1 0
846 40 13 0 -1
847 41 20 0 -1
848 18 26 -1 0
849 17 5 -1 0
850 54 22 -1 0
851 57 20 0 -1
852 18 32 0 1
853 57 10 0 1
854 64 39 0 1
855 26 3 0 -1
856 4 11 0 1
857 28 2 -1 0
858 89 20 -1 0
859 84 18 -1 0
860 79 24 0 -1
861 77 9 1 0
862 66 9 0 1
863 40 15 1 0
864 50 14 1 0
865 2 22 -1 0
866 35 21 0 -1
867 93 15 0 -1
868 55 18 0 -1
869 43 3 1 0
870 16 2 0 -1
871 42 7 -1 0
872 19 34 1 0
873 48 29 1 0
874 66 9 0 -1
875 90 37 -1 0
876 0 38 0 1
877 18 39 0 1
878 41 24 -1 0
879 50 11 -1 0
880 43 38 1 0
881 49 36 0 1
882 2 10 1 0
883 11 11 -1 0
884 54 34 -1 0
885 97 20 0 -1
886 73 11 0 -1
887 10 0 0 -1
888 26 0 -1 0
889 79 34 0 -1
890 63 17 0 -1
891 29 5 0 1
892 51 14 -1 0
893 99 23 1 0
894 96 34 1 0
895 57 19 0 -1
896 93 4 0 1
897 38 14 0 1
898 47 10 0 1
899 95 2 0 1
900 12 18 1 0
901 88 27 0 -1
902 28 25 -1 0
903 28 22 0 1
904 11 23 1 0
905 4 10 -1 0
906 41 11 0 -1
907 41 32 0 -1
908 50 35 1 0
909 30 9 -1 0
910 49 13 0 -1
911 56 18 -1 0
912 63 20 1 0
913 46 3 -1 0
914 36 9 0 1
915 41 21 0 1
916 25 7 1 0
917 59 27 -1 0
918 66 4 1 0
919 66 25 -1 0
920 42 24 1 0
921 23 2 -1 0
922 20 9 1 0
923 61 13 0 1
924 45 25 0 1
925 16 31 0 -1
926 64 27 1 0
927 19 16 1 0
928 14 29 0 -1
929 46 33 0 1
930 90 34 0 1
931 43 32 0 -1
932 59 20 -1 0
933 20 8 -1 0
934 98 6 1 0
935 63 33 0 -1
936 37 11 0 -1
937 77 6 0 1
938 50 19 0 1
939 21 34 0 -1
940 53 5 1 0
941 20 20 1 0
942 44 13 1 0
943 74 27 -1 0
944 66 18 0 -1
945 0 11 1 0
946 56 18 1 0
947 87 37 -1 0
948 44 17 0 1
949 67 33 0 1
950 45 29 0 -1
951 17 28 1 0
952 72 39 0 1
953 28 26 -1 0
954 19 25 0 1
955 29 29 -1 0
956 18 8 1 0
957 87 32 1 0
958 49 11 1 0
959 38 25 0 -1
960 97 32 -1 0
961 79 33 0 -1
962 48 20 1 0
963 53 14 -1 0
964 52 8 -1 0
965 53 9 0 -1
966 1 29 -1 0
967 98 28 0 1
968 25 1 -1 0
969 80 20 1 0
970 32 34 -1 0
971 89 31 1 0
972 14 33 0 1
973 88 39 -1 0
974 1 21 0 -1
975 5 28 0 1
976 43 25 0 1
977 57 31 0 1
978 17 7 1 0
979 13 16 1 0
980 27 7 -1 0
981 2 15 0 -1
982 16 37 0 1
983 96 12 -1 0
984 49 8 0 1
985 15 8 1 0
986 14 5 1 0
987 79 4 0 -1
988 50 28 0 -1
989 39 24 -1 0
990 92 21 1 0
991 14 7 -1 0
992 10 8 -1 0
993 92 17 -1 0
994 61 34 1 0
995 42 33 0 1
996 65 5 1 0
997 2 21 0 1
998 12 23 1 0
999 15 3 0 -1
1000 2 10 1 0
1001 26 6 1 0
1002 77 0 -1 0
1003 72 35 0 -1
1004 60 28 1 0
1005 45 18 0 -1
1006 91 33 0 -1
1007 89 18 1 0
1008 52 19 0 -1
1009 44 34 0 -1
1010 28 10 1 0
1011 19 4 0 1
1012 18 31 -1 0
1013 96 21 0 1
1014 96 23 -1 0
1015 97 37 0 1
1016 98 20 0 1
1017 49 22 1 0
1018 77 2 0 1
1019 38 16 0 1
1020 57 16 0 1
1021 47 33 0 1
1022 89 24 1 0
1023 43 25 -1 0
1024 40 25 -1 0
1025 13 31 -1 0
1026 67 9 -1 0
1027 14 19 0 1
1028 23 1 0 -1
1029 70 2 1 0
1030 20 30 -1 0
1031 97 9 -1 0
1032 6 1 0 -1
1033 92 3 0 1
1034 22 7 1 0
1035 57 17 1 0
1036 18 23 1 0
1037 38 4 1 0
1038 45 30 0 -1
1039 1 9 0 -1
1040 60 9 1 0
1041 45 8 0 -1
1042 51 22 0 1
1043 26 24 -1 0
1044 1 30 1 0
1045 17 35 -1 0
1046 66 39 0 -1
1047 2 5 1 0
1048 4 23 1 0
1049 45 9 0 1
1050 46 2 0 -1
1051 5 5 0 1
1052 88 6 -1 0
1053 94 24 0 1
1054 59 13 0 -1
1055 99 17 0 -1
1056 81 8 0 1
1057 58 24 0 1
1058 94 17 1 0
1059 4 2 1 0
1060 42 30 1 0
1061 52 20 0 -1
1062 15 6 0 1
1063 86 8 0 -1
1064 94 18 1 0
1065 40 8 1 0
1066 2 37 0 -1
1067 27 25 -1 0
1068 41 7 0 1
1069 5 32 0 -1
1070 44 35 1 0
1071 86 15 1 0
1072 41 32 1 0
1073 97 24 -1 0
1074 62 16 -1 0
1075 41 0 0 1
1076 39 35 0 1
1077 65 13 0 -1
1078 66 26 0 1
1079 29 33 0 -1
1080 8 13 -1 0
1081 61 7 0 1
1082 18 25 -1 0
1083 71 25 -1 0
1084 71 11 -1 0
1085 6 39 0 -1
1086 43 27 0 1
1087 7 15 0 -1
1088 13 6 0 1
1089 84 16 0 -1
1090 3 23 0 -1
1091 14 8 -1 0
1092 2 30 0 1
1093 28 37 -1 0
1094 61 7 0 1
1095 47 14 0 1
1096 63 34 1 0
1097 19 35 0 1
1098 23 6 0 1
1099 38 12 0 1
1100 26 39 0 1
1101 47 32 0 1
1102 2 37 0 -1
1103 35 11 0 1
1104 10 13 0 -1
1105 15 0 0 1
1106 38 38 -1 0
1107 45 10 0 -1
1108 14 21 -1 0
1109 40 35 -1 0
1110 93 18 0 1
1111 70 29 0 1
1112 41 12 0 1
1113 95 23 0 1
1114 41 8 1 0
1115 18 6 0 1
1116 42 29 0 1
1117 42 5 -1 0
1118 37 3 0 -1
1119 87 3 -1 0
1120 10 5 1 0
1121 97 16 0 1
1122 22 21 -1 0
1123 21 10 0 1
1124 99 14 1 0
1125 97 27 0 1
1126 15 22 0 -1
1127 38 35 -1 0
1128 14 15 1 0
1129 75 14 -1 0
1130 64 32 1 0
1131 19 18 -1 0
1132 50 14 1 0
1133 6 1 1 0
1134 90 14 0 1
1135 11 31 -1 0
1136 83 3 0 -1
1137 20 29 1 0
1138 9 37 -1 0
1139 10 27 1 0
1140 16 22 0 1
1141 35 32 1 0
1142 99 18 0 -1
1143 93 38 0 -1
1144 13 24 0 -1
1145 12 19 0 -1
1146 46 34 0 1
1147 62 39 0 1
1148 76 4 1 0
1149 76 16 -1 0
1150 61 21 0 1
1151 5 30 0 1
1152 40 16 -1 0
1153 47 36 0 -1
1154 36 15 -1 0
1155 11 37 -1 0
1156 48 11 -1 0
1157 19 27 0 -1
1158 27 26 0 -1
1159 77 11 0 -1
1160 36 25 -1 0
1161 74 5 0 1
1162 10 15 -1 0
1163 29 6 1 0
1164 8 22 1 0
1165 24 21 0 1
1166 57 2 1 0
1167 12 23 0 1
1168 38 26 0 1
1169 0 21 0 1
1170 5 26 0 1
1171 70 38 0 -1
1172 65 26 -1 0
1173 27 28 1 0
1174 81 37 0 -1
1175 37 38 0 1
1176 83 11 -1 0
1177 75 19 0 1
1178 10 23 1 0
1179 89 22 -1 0
1180 27 8 1 0
1181 90 22 -1 0
1182 52 21 0 -1
1183 44 9 0 1
1184 54 27 0 1
1185 80 1 1 0
1186 46 17 -1 0
1187 56 34 1 0
1188 38 27 0 1
1189 8 8 0 1
1190 13 18 -1 0
1191 77 37 0 -1
1192 53 34 0 1
1193 51 7 0 -1
1194 1 17 0 -1
1195 55 17 0 1
1196 85 11 0 1
1197 56 8 1 0
1198 16 18 1 0
1199 23 1 1 0
1200 8 36 1 0
1201 57 15 -1 0
1202 30 8 0 -1
1203 58 33 -1 0
1204 85 11 -1 0
1205 90 18 1 0
1206 26 22 1 0
1207 32 29 1 0
1208 24 17 -1 0
1209 66 33 0 -1
1210 5 4 -1 0
1211 44 20 -1 0
1212 38 8 1 0
1213 50 22 0 1
1214 17 36 0 -1
1215 38 11 0 -1
1216 97 22 0 1
1217 68 21 0 1
1218 54 6 0 1
1219 46 27 0 1
1220 91 17 1 0
1221 56 25 0 -1
1222 22 8 0 1
1223 30 8 0 -1
1224 46 26 0 -1
1225 39 17 -1 0
1226 16 25 1 0
1227 46 33 1 0
1228 85 18 1 0
1229 61 32 -1 0
1230 12 21 -1 0
1231 95 33 0 -1
1232 25 28 -1 0
1233 45 30 1 0
1234 8 16 1 0
1235 95 9 0 -1
1236 44 9 -1 0
1237 75 34 -1 0
1238 27 30 0 -1
1239 18 38 1 0
1240 64 35 1 0
1241 35 17 0 1
1242 50 1 -1 0
1243 91 16 0 -1
1244 44 27 -1 0
1245 56 38 0 -1
1246 13 32 0 -1
1247 4 3 1 0
1248 6 11 -1 0
1249 92 18 0 -1
1250 18 36 0 -1
1251 66 2 0 -1
1252 24 30 -1 0
1253 56 7 0 -1
1254 6 26 -1 0
1255 14 13 0 1
1256 88 16 1 0
1257 77 4 0 1
1258 21 5 0 1
1259 20 17 0 1
1260 23 19 0 1
1261 16 33 1 0
1262 50 7 1 0
1263 23 6 -1 0
1264 15 22 1 0
1265 16 3 1 0
1266 44 8 0 1
1267 12 2 0 1
1268 0 14 0 1
1269 67 19 0 -1
1270 18 16 0 -1
1271 7 17 0 1
1272 10 36 0 -1
1273 19 1 -1 0
1274 94 0 0 -1
1275 97 38 0 -1
1276 47 32 0 1
1277 58 35 1 0
1278 85 7 0 -1
1279 50 35 0 1
1280 0 13 1 0
1281 59 11 0 -1
1282 26 10 0 1
1283 11 11 -1 0
1284 47 39 1 0
1285 99 10 -1 0
1286 31 10 0 -1
1287 99 18 -1 0
1288 48 6 0 -1
1289 88 8 -1 0
1290 75 13 0 -1
1291 60 34 -1 0
1292 82 24 1 0
1293 45 6 1 0
1294 39 37 -1 0
1295 27 31 -1 0
1296 95 20 0 1
1297 46 12 0 1
1298 57 9 -1 0
1299 61 21 1 0
1300 17 7 -1 0
1301 60 38 0 1
1302 77 33 1 0
1303 48 8 0 1
1304 91 30 -1 0
1305 16 4 0 -1
1306 38 10 -1 0
1307 39 19 0 1
1308 81 18 1 0
1309 36 37 -1 0
1310 43 7 -1 0
1311 5 24 1 0
1312 79 1 0 1
1313 22 33 1 0
1314 85 33 1 0
1315 43 6 -1 0
1316 60 22 0 -1
1317 21 3 -1 0
1318 93 36 -1 0
1319 45 23 -1 0
1320 43 36 0 -1
1321 55 9 -1 0
1322 65 14 1 0
1323 4 5 -1 0
1324 7 34 1 0
1325 19 2 0 -1
1326 16 36 0 -1
1327 48 13 0 -1
1328 91 1 0 -1
1329 58 35 1 0
1330 7 28 -1 0
1331 98 22 0 1
1332 50 35 0 1
1333 16 8 1 0
1334 50 29 -1 0
1335 97 15 -1 0
1336 46 37 0 -1
1337 37 13 0 -1
1338 10 28 1 0
1339 70 30 -1 0
1340 96 34 1 0
1341 50 1 0 1
1342 26 30 0 1
1343 38 28 -1 0
1344 24 6 0 1
1345 33 14 1 0
1346 52 26 1 0
1347 91 10 0 -1
1348 56 35 1 0
1349 28 2 0 -1
1350 39 1 0 1
1351 10 31 0 -1
1352 29 32 0 -1
1353 45 29 1 0
1354 7 16 1 0
1355 18 30 0 1
1356 5 38 1 0
1357 96 14 1 0
1358 23 37 -1 0
1359 11 27 0 -1
1360 38 29 -1 0
1361 83 7 0 -1
1362 46 25 0 -1
1363 16 30 0 -1
1364 69 2 0 -1
1365 9 3 1 0
1366 73 11 0 -1
1367 17 35 0 1
1368 40 18 0 -1
1369 84 37 1 0
1370 50 19 1 0
1371 36 37 0 -1
1372 12 9 -1 0
1373 2 19 -1 0
1374 79 17 1 0
1375 9 2 0 -1
1376 38 35 0 1
1377 52 1 1 0
1378 12 4 0 -1
1379 7 39 0 1
1380 51 6 -1 0
1381 92 4 1 0
1382 36 11 1 0
1383 66 14 1 0
1384 47 7 1 0
1385 22 14 1 0
1386 42 36 -1 0
1387 56 7 1 0
1388 25 20 -1 0
1389 99 11 -1 0
1390 10 8 0 -1
1391 45 39 0 1
1392 99 5 -1 0
1393 41 13 0 -1
1394 43 31 0 1
1395 89 7 0 1
1396 89 34 -1 0
1397 72 10 1 0
1398 30 37 0 -1
1399 21 4 1 0
1400 24 25 -1 0
1401 50 11 -1 0
1402 5 6 0 -1
1403 72 36 0 -1
1404 8 19 0 -1
1405 18 32 0 -1
1406 4 22 -1 0
1407 16 4 0 1
1408 42 30 0 1
1409 64 31 0 1
1410 87 31 0 1
1411 96 28 1 0
1412 55 17 0 -1
1413 95 0 -1 0
1414 94 13 1 0
1415 91 34 0 1
1416 26 31 1 0
1417 41 20 0 1
1418 25 2 1 0
1419 23 33 0 -1
1420 12 14 1 0
1421 0 3 -1 0
1422 27 20 -1 0
1423 3 29 0 1
1424 30 9 -1 0
1425 65 1 0 -1
1426 99 29 -1 0
1427 88 19 1 0
1428 8 12 -1 0
1429 89 37 -1 0
1430 77 33 -1 0
1431 2 5 1 0
1432 83 18 0 1
1433 45 27 1 0
1434 98 30 -1 0
1435 60 21 1 0
1436 75 4 0 -1
1437 10 34 -1 0
1438 45 8 0 -1
1439 26 5 0 -1
1440 40 23 -1 0
1441 53 36 0 -1
1442 17 24 -1 0
1443 59 30 -1 0
1444 23 29 0 1
1445 1 2 1 0
1446 88 8 0 1
1447 4 22 0 1
1448 57 28 0 1
1449 79 28 0 -1
1450 77 24 0 1
1451 42 22 -1 0
1452 9 37 -1 0
1453 43 26 1 0
1454 44 28 0 1
1455 82 6 0 1
1456 50 16 0 -1
1457 5 7 0 1
1458 48 9 0 -1
1459 63 16 -1 0
1460 54 28 1 0
1461 30 17 0 -1
1462 83 13 0 -1
1463 71 31 1 0
1464 99 33 0 -1
1465 5 25 0 1
1466 10 16 0 -1
1467 47 0 -1 0
1468 53 25 -1 0
1469 25 28 0 1
1470 61 13 0 1
1471 74 20 1 0
1472 98 23 1 0
1473 87 36 0 1
1474 26 20 1 0
1475 93 15 0 -1
1476 26 5 0 1
1477 77 8 -1 0
1478 18 37 0 -1
1479 20 27 -1 0
1480 90 10 0 -1
1481 7 22 1 0
1482 0 32 0 -1
1483 37 26 0 -1
1484 28 34 0 1
1485 29 22 -1 0
1486 1 36 0 1
1487 1 17 1 0
1488 62 7 0 -1
1489 88 4 1 0
1490 52 33 0 1
1491 47 24 1 0
1492 97 1 0 -1
1493 24 25 0 1
1494 51 12 0 1
1495 32 36 -1 0
1496 47 3 1 0
1497 49 36 0 -1
1498 1 27 0 -1
1499 49 6 0 -1
1500 79 19 -1 0
1501 70 39 0 1
1502 43 20 -1 0
1503 37 37 -1 0
1504 12 17 0 -1
1505 70 9 0 -1
1506 86 25 -1 0
1507 41 19 -1 0
1508 37 37 0 1
1509 80 8 1 0
1510 49 34 0 1
1511 4 26 -1 0
1512 25 33 1 0
1513 14 17 0 1
1514 22 38 1 0
1515 43 20 0 -1
1516 93 6 0 1
1517 20 15 1 0
1518 30 32 -1 0
1519 45 18 0 -1
1520 61 6 1 0
1521 15 24 -1 0
1522 95 1 0 1
1523 25 3 0 -1
1524 41 30 0 1
1525 81 1 0 1
1526 62 16 -1 0
1527 20 27 0 1
1528 28 39 0 1
1529 16 2 1 0
1530 56 8 1 0
1531 94 5 0 -1
1532 45 16 -1 0
1533 19 10 1 0
1534 17 12 0 1
1535 10 25 0 -1
1536 13 6 0 -1
1537 30 21 0 1
1538 95 12 1 0
1539 99 2 -1 0
1540 27 27 1 0
1541 19 18 0 -1
1542 77 23 -1 0
1543 72 14 -1 0
1544 41 8 -1 0
1545 59 21 0 -1
1546 11 17 1 0
1547 73 22 0 1
1548 8 37 1 0
1549 76 26 0 -1
1550 27 39 -1 0
1551 8 35 0 1
1552 40 8 0 1
1553 5 21 -1 0
1554 62 37 0 1
1555 78 16 0 -1
1556 15 7 1 0
1557 64 13 1 0
1558 61 6 -1 0
1559 9 38 0 -1
1560 8 36 1 0
1561 85 32 1 0
1562 79 16 -1 0
1563 47 37 0 1
1564 16 18 1 0
1565 96 12 0 -1
1566 2 29 1 0
1567 93 21 0 1
1568 27 26 0 -1
1569 83 38 1 0
1570 20 4 1 0
1571 9 19 1 0
1572 32 22 1 0
1573 4 34 0 1
1574 20 15 0 1
1575 50 19 -1 0
1576 2 36 0 1
1577 49 26 -1 0
1578 92 10 0 1
1579 96 20 0 1
1580 49 24 -1 0
1581 96 8 1 0
1582 2 14 -1 0
1583 90 1 1 0
1584 13 5 -1 0
1585 22 37 1 0
1586 17 14 1 0
1587 70 16 0 1
1588 48 2 -1 0
1589 40 17 -1 0
1590 93 17 -1 0
1591 5 1 1 0
1592 40 22 1 0
1593 39 18 0 -1
1594 13 16 0 -1
1595 0 18 -1 0
1596 8 27 0 -1
1597 4 20 0 1
1598 90 9 1 0
1599 49 12 -1 0
1600 21 23 0 -1
1601 25 10 -1 0
1602 23 37 1 0
1603 6 39 0 -1
1604 46 16 0 1
1605 72 35 0 1
1606 87 6 0 1
1607 86 33 0 1
1608 42 4 0 1
1609 63 1 0 1
1610 40 19 -1 0
1611 39 4 -1 0
1612 93 4 0 1
1613 77 17 0 1
1614 40 9 1 0
1615 6 26 1 0
1616 45 38 0 -1
1617 77 3 1 0
1618 37 20 1 0
1619 19 6 1 0
1620 41 39 -1 0
1621 26 11 -1 0
1622 6 23 0 1
1623 58 16 0 1
1624 89 29 1 0
1625 78 39 1 0
1626 4 28 1 0
1627 24 39 0 -1
1628 42 6 -1 0
1629 58 3 0 1
1630 73 5 0 1
1631 27 14 0 -1
1632 56 9 -1 0
1633 27 12 0 -1
1634 19 19 0 -1
1635 43 36 -1 0
1636 84 25 1 0
1637 48 32 -1 0
1638 37 38 0 -1
1639 91 0 1 0
1640 13 4 1 0
1641 31 4 1 0
1642 22 31 -1 0
1643 18 25 -1 0
1644 14 8 1 0
1645 20 14 -1 0
1646 26 23 0 -1
1647 65 39 1 0
1648 45 1 1 0
1649 94 12 1 0
1650 28 9 1 0
1651 89 28 0 -1
1652 17 29 -1 0
1653 55 29 0 1
1654 64 33 1 0
1655 93 2 0 1
1656 51 37 0 -1
1657 78 7 0 -1
1658 99 18 0 1
1659 58 7 -1 0
1660 30 28 0 1
1661 46 24 0 -1
1662 37 14 0 1
1663 24 18 1 0
1664 31 39 0 1
1665 3 0 1 0
1666 11 23 0 -1
1667 93 11 0 1
1668 96 4 -1 0
1669 39 36 0 -1
1670 42 11 0 -1
1671 45 39 0 1
1672 39 12 0 -1
1673 93 30 -1 0
1674 98 32 -1 0
1675 42 24 0 -1
1676 0 1 -1 0
1677 98 17 1 0
1678 89 35 1 0
1679 31 28 -1 0
1680 76 10 0 1
1681 10 31 0 -1
1682 88 29 0 1
1683 19 21 1 0
1684 45 7 1 0
1685 24 16 0 1
1686 60 27 1 0
1687 45 1 0 -1
1688 47 18 1 0
1689 20 23 -1 0
1690 8 4 -1 0
1691 74 26 0 1
1692 55 11 0 1
1693 37 29 0 1
1694 66 34 -1 0
1695 87 19 1 0
1696 28 21 0 1
1697 36 25 -1 0
1698 10 39 1 0
1699 9 21 0 -1
1700 16 31 0 -1
1701 50 34 0 1
1702 53 10 0 1
1703 39 32 -1 0
1704 68 20 0 -1
1705 22 24 -1 0
1706 20 27 1 0
1707 41 38 0 1
1708 47 17 0 1
1709 68 3 0 1
1710 9 32 0 1
1711 24 31 1 0
1712 9 19 0 -1
1713 96 5 0 1
1714 27 20 0 -1
1715 9 27 1 0
1716 42 2 0 -1
1717 37 4 -1 0
1718 58 9 0 -1
1719 40 12 -1 0
1720 27 5 0 1
1721 38 27 -1 0
1722 39 30 -1 0
1723 13 31 0 1
1724 70 11 1 0
1725 37 25 0 1
1726 20 10 1 0
1727 21 13 -1 0
1728 0 6 0 1
1729 11 39 0 -1
1730 95 9 0 1
1731 82 23 0 1
1732 47 30 0 -1
1733 24 17 0 1
1734 46 31 -1 0
1735 31 9 1 0
1736 76 36 -1 0
1737 24 7 1 0
1738 42 23 -1 0
1739 90 29 0 1
1740 84 25 -1 0
1741 69 33 1 0
1742 70 39 0 1
1743 30 37 -1 0
1744 76 10 1 0
1745 41 29 0 1
1746 92 22 0 1
1747 49 33 0 -1
1748 26 17 0 -1
1749 77 14 0 1
1750 21 16 0 1
1751 13 4 0 -1
1752 26 8 0 -1
1753 37 12 -1 0
1754 59 19 0 1
1755 25 16 1 0
1756 82 24 0 -1
1757 46 20 0 -1
1758 70 32 0 -1
1759 40 14 -1 0
1760 56 20 -1 0
1761 10 36 0 -1
1762 59 8 0 -1
1763 19 13 0 -1
1764 44 2 1 0
1765 99 24 0 -1
1766 22 30 1 0
1767 58 16 1 0
1768 21 16 0 -1
1769 15 28 1 0
1770 14 12 0 1
1771 10 28 -1 0
1772 22 3 0 -1
1773 81 1 0 1
1774 4 25 0 1
1775 2 33 1 0
1776 96 39 0 1
1777 97 20 1 0
1778 17 6 1 0
1779 46 12 0 1
1780 96 0 0 1
1781 0 13 0 -1
1782 35 10 1 0
1783 46 39 0 -1
1784 1 39 0 1
1785 81 18 -1 0
1786 19 32 0 -1
1787 2 7 0 1
1788 8 7 0 1
1789 21 1 0 -1
1790 65 6 0 -1
1791 58 0 -1 0
1792 79 20 -1 0
1793 21 24 0 -1
1794 9 22 1 0
1795 55 36 0 -1
1796 81 38 -1 0
1797 47 12 0 -1
1798 75 5 0 1
1799 76 34 -1 0
1800 63 18 0 1
1801 85 4 0 -1
1802 14 36 0 -1
1803 9 9 0 -1
1804 52 31 -1 0
1805 44 35 0 1
1806 93 36 1 0
1807 12 0 0 1
1808 9 34 0 1
1809 13 19 0 -1
1810 28 19 1 0
1811 41 6 1 0
1812 23 34 0 1
1813 98 8 1 0
1814 43 27 1 0
1815 68 26 1 0
1816 74 1 1 0
1817 86 2 0 -1
1818 46 27 -1 0
1819 8 12 0 1
1820 8 31 1 0
1821 59 32 1 0
1822 39 18 0 1
1823 38 23 0 1
1824 97 1 0 1
1825 84 17 -1 0
1826 8 11 1 0
1827 76 38 -1 0
1828 83 9 1 0
1829 23 16 -1 0
1830 71 38 1 0
1831 58 33 1 0
1832 38 10 0 1
1833 97 21 1 0
1834 43 12 1 0
1835 42 14 0 1
1836 19 25 0 1
1837 90 33 -1 0
1838 42 21 1 0
1839 0 6 -1 0
1840 11 12 -1 0
1841 38 24 0 -1
1842 25 38 0 -1
1843 14 11 -1 0
1844 18 8 1 0
1845 39 8 0 1
1846 65 8 0 1
1847 97 22 0 -1
1848 56 37 0 -1
1849 53 34 1 0
1850 26 20 0 1
1851 94 35 -1 0
1852 22 36 0 -1
1853 6 18 1 0
1854 46 4 1 0
1855 78 19 0 1
1856 1 2 1 0
1857 79 6 0 -1
1858 20 38 -1 0
1859 73 15 0 -1
1860 3 22 0 -1
1861 50 2 0 -1
1862 51 20 1 0
1863 56 16 0 1
1864 57 8 -1 0
1865 17 5 -1 0
1866 22 5 0 1
1867 40 20 -1 0
1868 46 11 1 0
1869 85 8 0 -1
1870 45 39 0 1
1871 37 4 0 -1
1872 68 7 -1 0
1873 89 38 0 1
1874 5 24 0 1
1875 49 27 0 1
1876 32 27 -1 0
1877 73 6 -1 0
1878 43 9 1 0
1879 23 11 -1 0
1880 73 13 1 0
1881 73 10 -1 0
1882 47 29 -1 0
1883 94 23 0 -1
1884 94 2 -1 0
1885 43 1 -1 0
1886 38 36 0 1
1887 24 21 0 -1
1888 29 36 0 -1
1889 24 35 0 -1
1890 0 0 0 1
1891 92 31 0 -1
1892 26 26 1 0
1893 37 21 0 1
1894 23 18 -1 0
1895 3 28 -1 0
1896 41 27 -1 0
1897 43 8 0 -1
1898 6 27 0 -1
1899 73 34 0 -1
1900 1 31 0 -1
1901 44 18 0 -1
1902 26 5 1 0
1903 28 34 -1 0
1904 93 33 0 1
1905 5 9 0 1
1906 15 1 -1 0
1907 22 38 1 0
1908 83 19 -1 0
1909 16 33 0 1
1910 79 20 1 0
1911 26 9 -1 0
1912 31 12 1 0
1913 91 29 -1 0
1914 11 4 0 -1
1915 9 28 0 1
1916 8 9 -1 0
1917 44 26 0 1
1918 49 39 0 1
1919 84 22 0 1
1920 37 29 1 0
1921 95 17 1 0
1922 65 36 1 0
1923 88 10 0 1
1924 41 34 1 0
1925 58 26 -1 0
1926 47 6 0 1
1927 43 28 -1 0
1928 41 24 -1 0
1929 43 21 -1 0
1930 49 29 0 1
1931 83 30 1 0
1932 21 6 0 1
1933 51 31 1 0
1934 26 6 0 -1
1935 2 0 1 0
1936 74 11 0 -1
1937 40 15 0 -1
1938 29 36 0 1
1939 90 2 -1 0
1940 21 17 -1 0
1941 77 9 0 1
1942 5 5 0 -1
1943 7 17 1 0
1944 64 1 0 1
1945 72 20 -1 0
1946 2 20 -1 0
1947 92 19 0 1
1948 13 37 0 1
1949 48 19 1 0
1950 98 18 -1 0
1951 39 28 -1 0
1952 31 26 0 -1
1953 39 22 0 1
1954 44 11 -1 0
1955 38 17 -1 0
1956 21 35 -1 0
1957 25 18 0 1
1958 87 25 -1 0
1959 97 30 0 1
1960 95 10 -1 0
1961 47 32 0 1
1962 69 12 0 -1
1963 49 30 0 1
1964 36 20 -1 0
1965 9 25 0 -1
1966 45 19 1 0
1967 53 26 0 -1
1968 72 36 1 0
1969 58 2 0 -1
1970 84 23 0 1
1971 28 10 0 -1
1972 14 34 1 0
1973 96 7 1 0
1974 19 13 0 1
1975 94 11 0 -1
1976 55 18 0 -1
1977 17 19 -1 0
1978 13 20 0 -1
1979 44 32 1 0
1980 56 23 0 1
1981 55 12 0 1
1982 4 11 0 -1
1983 97 13 0 -1
1984 21 25 0 -1
1985 43 19 0 1
1986 0 26 0 -1
1987 23 7 0 -1
1988 75 13 0 -1
1989 16 4 0 1
1990 18 29 0 1
1991 25 37 1 0
1992 64 25 0 -1
1993 53 37 0 -1
1994 67 25 1 0
1995 95 0 1 0
1996 28 18 0 1
1997 13 19 1 0
1998 83 17 1 0
1999 98 39 0 1
2000 42 1 -1 0
2001 20 7 -1 0
2002 6 18 0 1
2003 35 7 0 -1
2004 73 13 1 0
2005 25 29 1 0
2006 30 28 -1 0
2007 26 1 -1 0
2008 58 18 0 -1
2009 65 10 0 1
2010 56 31 0 -1
2011 67 3 0 -1
2012 98 32 0 1
2013 92 15 1 0
2014 79 23 1 0
2015 59 3 -1 0
2016 19 11 0 1
2017 17 38 1 0
2018 99 2 0 1
2019 3 36 0 1
2020 44 34 1 0
2021 66 15 1 0
2022 40 6 1 0
2023 5 2 0 1
2024 87 35 -1 0
2025 14 2 -1 0
2026 23 34 0 -1
2027 54 31 1 0
2028 23 13 1 0
2029 31 7 0 -1
2030 2 12 1 0
2031 9 4 0 -1
2032 23 2 0 1
2033 14 11 0 1
2034 86 11 1 0
2035 62 6 1 0
2036 88 30 -1 0
2037 43 9 1 0
2038 97 5 0 1
2039 92 20 1 0
2040 30 36 0 1
2041 42 26 0 -1
2042 49 28 0 1
2043 48 10 0 -1
2044 37 24 0 -1
2045 47 14 0 1
2046 63 35 1 0
2047 74 7 0 1
2048 30 5 0 -1
2049 77 19 1 0
2050 51 27 1 0
2051 50 37 1 0
2052 27 0 0 -1
2053 64 26 0 -1
2054 27 24 1 0
2055 83 37 0 1
2056 19 26 1 0
2057 87 37 0 -1
2058 19 23 1 0
2059 81 34 0 -1
2060 37 28 0 -1
2061 43 32 0 1
2062 41 22 0 1
2063 95 35 0 -1
2064 7 18 0 -1
2065 1 5 -1 0
2066 38 35 0 1
2067 96 15 0 1
2068 51 20 1 0
2069 92 34 0 1
2070 5 23 0 -1
2071 78 31 0 -1
2072 13 10 0 -1
2073 34 5 -1 0
2074 10 22 1 0
2075 47 10 0 -1
2076 17 25 0 -1
2077 11 32 0 -1
2078 27 37 -1 0
2079 68 4 -1 0
2080 58 17 0 1
2081 56 11 1 0
2082 95 27 0 1
2083 29 18 -1 0
2084 67 23 0 1
2085 49 19 0 1
2086 54 10 0 -1
2087 41 7 1 0
2088 16 27 0 1
2089 72 22 0 -1
2090 25 27 -1 0
2091 89 1 1 0
2092 0 32 0 1
2093 91 35 1 0
2094 2 13 1 0
2095 22 34 1 0
2096 61 31 -1 0
2097 24 38 -1 0
2098 49 9 -1 0
2099 49 10 -1 0
2100 14 21 1 0
2101 18 31 0 1
2102 92 22 -1 0
2103 32 38 1 0
2104 28 9 0 -1
2105 54 2 0 -1
2106 48 2 1 0
2107 20 0 0 -1
2108 89 22 -1 0
2109 42 18 -1 0
2110 14 20 0 1
2111 22 10 -1 0
2112 13 39 1 0
2113 43 39 0 1
2114 20 12 1 0
2115 80 23 1 0
2116 40 11 -1 0
2117 39 39 0 1
2118 42 12 0 -1
2119 43 35 0 -1
2120 66 19 0 1
2121 77 35 0 -1
2122 22 20 -1 0
2123 89 2 0 -1
2124 72 1 1 0
2125 9 10 0 -1
2126 41 36 -1 0
2127 63 36 1 0
2128 54 24 1 0
2129 93 10 0 -1
2130 60 17 1 0
2131 4 35 0 1
2132 15 24 0 1
2133 64 2 0 -1
2134 43 29 0 -1
2135 57 14 0 -1
2136 18 13 1 0
2137 11 11 1 0
2138 83 35 0 1
2139 43 15 0 1
2140 87 5 -1 0
2141 80 39 1 0
2142 68 37 1 0
2143 62 27 0 -1
2144 31 27 -1 0
2145 94 12 0 -1
2146 18 39 0 -1
2147 38 13 1 0
2148 61 12 1 0
2149 62 28 -1 0
2150 93 12 0 -1
2151 20 38 0 -1
2152 19 34 1 0
2153 96 28 0 1
2154 41 35 -1 0
2155 45 9 0 1
2156 86 21 1 0
2157 77 10 -1 0
2158 37 25 0 -1
2159 70 29 -1 0
2160 45 14 1 0
2161 26 13 0 -1
2162 96 13 -1 0
2163 14 26 -1 0
2164 61 5 0 -1
2165 75 34 0 -1
2166 8 39 0 1
2167 20 30 1 0
2168 52 1 0 1
2169 3 25 -1 0
2170 41 23 -1 0
2171 12 11 1 0
2172 2 11 1 0
2173 19 36 -1 0
2174 51 2 0 1
2175 16 6 0 1
2176 93 10 0 -1
2177 6 3 1 0
2178 84 1 -1 0
2179 20 39 1 0
2180 23 21 0 1
2181 0 10 -1 0
2182 82 37 1 0
2183 67 9 0 1
2184 79 34 1 0
2185 41 14 -1 0
2186 7 23 1 0
2187 25 8 -1 0
2188 36 36 0 1
2189 86 14 -1 0
2190 12 39 1 0
2191 51 38 0 -1
2192 15 8 0 -1
2193 84 24 0 1
2194 65 26 0 1
2195 16 9 1 0
2196 19 37 1 0
2197 15 35 0 -1
2198 98 3 1 0
2199 49 23 0 1
2200 65 25 -1 0
2201 52 6 0 1
2202 46 7 0 1
2203 72 8 0 -1
2204 41 31 0 -1
2205 20 13 0 -1
2206 96 23 0 -1
2207 48 16 1 0
2208 64 16 0 -1
2209 42 9 -1 0
2210 25 3 0 1
2211 25 29 -1 0
2212 43 23 -1 0
2213 31 31 0 1
2214 55 36 -1 0
2215 35 16 -1 0
2216 67 28 -1 0
2217 16 39 -1 0
2218 48 34 0 -1
2219 58 38 0 1
2220 1 37 -1 0
2221 28 30 0 -1
2222 37 22 -1 0
2223 22 21 0 1
2224 99 11 1 0
2225 78 1 0 1
2226 10 2 1 0
2227 51 1 0 1
2228 63 21 -1 0
2229 22 31 -1 0
2230 19 0 0 -1
2231 43 3 0 -1
2232 17 16 -1 0
2233 5 37 1 0
2234 95 22 -1 0
2235 22 15 0 -1
2236 44 25 -1 0
2237 43 10 -1 0
2238 31 19 0 1
2239 41 10 0 1
2240 89 24 0 -1
2241 9 1 0 -1
2242 13 39 0 1
2243 12 11 0 -1
2244 16 29 1 0
2245 56 38 -1 0
2246 18 19 -1 0
2247 11 23 0 -1
2248 62 35 0 -1
2249 89 37 1 0
2250 9 34 -1 0
2251 21 1 1 0
2252 70 20 -1 0
2253 26 12 0 -1
2254 84 30 1 0
2255 4 39 0 1
2256 65 16 0 1
2257 6 34 -1 0
2258 67 4 1 0
2259 29 21 0 -1
2260 46 36 1 0
2261 21 12 0 1
2262 42 17 1 0
2263 77 36 0 -1
2264 41 16 0 1
2265 20 36 1 0
2266 46 23 0 1
2267 52 28 1 0
2268 77 3 0 -1
2269 2 19 1 0
2270 11 3 -1 0
2271 87 34 0 1
2272 74 14 0 1
2273 52 6 -1 0
2274 18 22 0 -1
2275 36 24 0 1
2276 44 10 0 -1
2277 23 33 0 1
2278 3 23 0 1
2279 42 5 1 0
2280 20 20 1 0
2281 57 38 -1 0
2282 64 7 0 1
2283 21 20 -1 0
2284 87 28 -1 0
2285 41 4 1 0
2286 17 30 0 -1
2287 99 14 0 -1
2288 8 19 1 0
2289 39 16 0 -1
2290 23 11 0 -1
2291 20 3 0 1
2292 74 0 1 0
2293 72 31 0 -1
2294 93 10 0 1
2295 22 23 -1 0
2296 49 32 -1 0
2297 31 36 0 -1
2298 99 12 0 1
2299 61 36 0 1
2300 20 8 1 0
2301 67 12 0 1
2302 59 22 0 -1
2303 21 12 1 0
2304 35 12 -1 0
2305 17 4 0 1
2306 52 26 0 1
2307 78 21 -1 0
2308 63 33 0 -1
2309 96 19 1 0
2310 83 18 -1 0
2311 6 1 0 -1
2312 43 14 0 1
2313 69 18 0 1
2314 7 36 0 -1
2315 87 10 1 0
2316 25 9 0 1
2317 11 19 0 1
2318 82 38 0 1
2319 19 17 1 0
2320 43 16 -1 0
2321 53 30 1 0
2322 78 23 0 1
2323 79 2 0 -1
2324 57 29 -1 0
2325 24 8 1 0
2326 80 35 1 0
2327 79 27 -1 0
2328 61 0 -1 0
2329 52 7 0 -1
2330 70 9 0 -1
2331 18 30 -1 0
2332 48 3 0 -1
2333 40 3 1 0
2334 27 0 0 1
2335 78 16 1 0
2336 37 17 0 1
2337 65 30 0 1
2338 95 19 0 -1
2339 57 37 0 1
2340 82 11 0 -1
2341 71 35 1 0
2342 29 23 -1 0
2343 69 9 1 0
2344 12 27 0 -1
2345 5 3 1 0
2346 76 29 1 0
2347 27 39 0 1
2348 6 14 0 -1
2349 28 26 1 0
2350 24 12 -1 0
2351 43 13 0 -1
2352 93 7 1 0
2353 18 7 0 -1
2354 43 8 0 1
2355 81 11 -1 0
2356 45 22 -1 0
2357 45 20 0 1
2358 42 37 0 1
2359 26 7 1 0
2360 28 34 0 -1
2361 50 15 0 -1
2362 90 19 -1 0
2363 94 7 1 0
2364 87 13 1 0
2365 47 36 1 0
2366 90 26 -1 0
2367 44 24 -1 0
2368 41 37 -1 0
2369 29 7 0 -1
2370 94 8 -1 0
2371 40 30 0 -1
2372 76 4 1 0
2373 29 25 -1 0
2374 55 20 -1 0
2375 17 18 0 1
2376 40 19 0 -1
2377 2 20 0 -1
2378 89 23 0 1
2379 39 10 0 1
2380 30 18 1 0
2381 98 11 0 -1
2382 93 29 -1 0
2383 15 2 -1 0
2384 20 11 0 1
2385 59 35 0 1
2386 61 12 0 1
2387 25 17 -1 0
2388 95 10 0 -1
2389 84 11 1 0
2390 13 29 0 1
2391 75 34 -1 0
2392 40 11 0 1
2393 40 29 0 -1
2394 40 25 0 -1
2395 21 39 0 1
2396 54 39 0 -1
2397 20 34 0 -1
2398 8 1 -1 0
2399 18 35 -1 0
2400 75 31 0 -1
2401 27 16 0 -1
2402 79 39 1 0
2403 16 23 1 0
2404 41 32 0 -1
2405 9 34 0 -1
2406 16 7 0 -1
2407 43 0 1 0
2408 92 29 0 1
2409 13 39 0 -1
2410 50 33 0 -1
2411 44 8 0 1
2412 48 18 0 1
2413 70 21 0 -1
2414 92 20 -1 0
2415 53 11 0 1
2416 58 21 1 0
2417 41 16 0 -1
2418 54 28 0 -1
2419 45 30 1 0
2420 2 23 0 -1
2421 46 17 1 0
2422 44 26 0 -1
2423 0 39 -1 0
2424 49 15 0 1
2425 26 14 1 0
2426 80 26 1 0
2427 85 5 1 0
2428 29 13 -1 0
2429 59 31 0 1
2430 28 8 0 1
2431 8 17 0 -1
2432 16 38 0 -1
2433 18 24 1 0
2434 42 21 0 -1
2435 43 36 0 1
2436 8 36 1 0
2437 21 29 0 1
2438 72 23 0 1
2439 2 8 0 1
2440 27 39 1 0
2441 26 12 0 1
2442 41 4 0 1
2443 29 36 1 0
2444 93 6 1 0
2445 17 36 1 0
2446 56 4 -1 0
2447 34 34 -1 0
2448 92 27 0 -1
2449 71 4 1 0
2450 94 24 0 1
2451 55 16 1 0
2452 21 2 0 1
2453 18 9 1 0
2454 26 4 -1 0
2455 64 13 0 1
2456 37 37 1 0
2457 24 24 0 1
2458 15 36 0 -1
2459 82 17 0 -1
2460 40 32 0 -1
2461 45 28 1 0
2462 24 35 1 0
2463 26 7 -1 0
2464 79 14 1 0
2465 52 35 1 0
2466 14 7 1 0
2467 39 9 0 -1
2468 5 13 0 1
2469 28 29 0 1
2470 89 12 0 -1
2471 63 35 -1 0
2472 74 2 0 -1
2473 14 22 0 -1
2474 40 28 1 0
2475 99 14 0 1
2476 43 5 -1 0
2477 45 31 0 1
2478 90 32 0 1
2479 49 21 0 1
2480 46 26 1 0
2481 18 15 1 0
2482 96 34 0 -1
2483 40 32 0 -1
2484 68 21 1 0
2485 13 24 -1 0
2486 17 25 0 1
2487 43 9 0 1
2488 12 24 0 -1
2489 10 19 0 1
2490 46 24 -1 0
2491 42 37 0 -1
2492 57 35 0 -1
2493 5 15 0 1
2494 16 24 1 0
2495 21 38 -1 0
2496 45 29 1 0
2497 72 15 0 -1
2498 90 39 0 1
2499 27 5 -1 0
2500 58 3 0 1
2501 49 8 1 0
2502 39 22 -1 0
2503 20 9 1 0
2504 24 3 0 -1
2505 87 30 1 0
2506 39 21 0 -1
2507 12 36 1 0
2508 21 22 0 1
2509 47 30 0 1
2510 47 3 -1 0
2511 87 23 0 -1
2512 23 29 0 1
2513 5 35 0 -1
2514 52 0 -1 0
2515 43 33 1 0
2516 74 16 1 0
2517 78 26 0 1
2518 43 8 0 -1
2519 41 36 0 -1
2520 84 7 0 -1
2521 88 29 -1 0
2522 7 8 0 -1
2523 7 0 -1 0
2524 74 23 -1 0
2525 77 22 0 1
2526 85 36 0 -1
2527 42 1 0 1
2528 21 19 1 0
2529 12 10 0 1
2530 49 36 0 1
2531 61 39 0 1
2532 0 37 1 0
2533 46 24 -1 0
2534 72 33 0 -1
2535 63 5 0 -1
2536 94 9 0 -1
2537 48 19 -1 0
2538 38 13 1 0
2539 64 29 0 -1
2540 98 15 0 1
2541 90 29 -1 0
2542 48 34 1 0
2543 79 20 -1 0
2544 5 1 0 -1
2545 60 30 0 -1
2546 24 26 0 -1
2547 9 18 1 0
2548 55 8 1 0
2549 25 18 1 0
2550 30 31 -1 0
2551 87 39 -1 0
2552 93 37 0 1
2553 53 7 1 0
2554 6 22 0 1
2555 52 25 0 -1
2556 91 34 1 0
2557 6 19 0 -1
2558 83 17 0 -1
2559 23 34 0 1
2560 31 38 0 1
2561 2 24 0 1
2562 78 23 0 -1
2563 21 3 1 0
2564 47 23 1 0
2565 28 0 -1 0
2566 75 37 -1 0
2567 30 12 -1 0
2568 42 12 0 1
2569 34 23 0 1
2570 38 30 0 -1
2571 17 24 -1 0
2572 27 22 0 -1
2573 18 7 0 1
2574 10 18 -1 0
2575 23 15 -1 0
2576 3 37 1 0
2577 78 25 0 1
2578 44 22 0 1
2579 70 18 -1 0
2580 6 13 0 1
2581 89 32 1 0
2582 1 21 1 0
2583 36 37 -1 0
2584 5 27 1 0
2585 48 35 1 0
2586 22 6 0 -1
2587 45 23 0 -1
2588 58 17 0 -1
2589 13 0 -1 0
2590 23 38 0 -1
2591 41 26 0 -1
2592 39 20 1 0
2593 53 35 0 -1
2594 21 23 0 1
2595 39 11 0 1
2596 59 4 0 1
2597 96 29 1 0
2598 88 9 1 0
2599 98 5 1 0
2600 92 36 1 0
2601 39 34 -1 0
2602 79 27 0 1
2603 41 10 0 1
2604 48 14 0 -1
2605 70 21 -1 0
2606 42 5 -1 0
2607 38 30 -1 0
2608 86 18 0 1
2609 21 25 1 0
2610 47 39 0 1
2611 83 19 -1 0
2612 21 14 0 1
2613 16 34 0 -1
2614 21 21 0 -1
2615 50 9 0 1
2616 29 10 0 1
2617 82 18 -1 0
2618 28 29 0 -1
2619 39 18 1 0
2620 91 25 1 0
2621 3 27 1 0
2622 57 10 1 0
2623 55 35 1 0
2624 4 11 0 -1
2625 10 29 0 -1
2626 18 1 -1 0
2627 44 18 1 0
2628 0 15 0 1
2629 23 15 0 -1
2630 7 23 -1 0
2631 98 25 1 0
2632 24 30 0 -1
2633 98 17 1 0
2634 48 5 0 -1
2635 28 17 0 1
2636 21 1 -1 0
2637 63 15 -1 0
2638 17 37 -1 0
2639 67 18 0 -1
2640 40 4 -1 0
2641 35 31 0 1
2642 71 29 -1 0
2643 68 39 1 0
2644 36 13 0 1
2645 93 33 0 -1
2646 65 21 0 1
2647 14 22 -1 0
2648 5 8 -1 0
2649 78 23 0 -1
2650 75 9 -1 0
2651 89 26 1 0
2652 46 13 1 0
2653 97 39 0 1
2654 43 31 0 1
2655 80 17 0 1
2656 38 25 -1 0
2657 45 8 0 1
2658 77 38 0 -1
2659 29 0 0 -1
2660 39 34 -1 0
2661 3 2 0 1
2662 78 39 1 0
2663 5 2 0 -1
2664 55 5 1 0
2665 27 18 0 -1
2666 84 32 1 0
2667 83 17 1 0
2668 49 23 1 0
2669 10 17 0 1
2670 25 23 0 -1
2671 15 28 -1 0
2672 61 30 1 0
2673 93 9 0 -1
2674 71 18 -1 0
2675 15 32 1 0
2676 87 38 -1 0
2677 41 9 1 0
2678 40 24 0 -1
2679 54 25 0 1
2680 71 1 1 0
2681 97 16 -1 0
2682 80 27 1 0
2683 26 27 1 0
2684 61 16 -1 0
2685 24 4 1 0
2686 50 25 -1 0
2687 26 18 1 0
2688 65 33 0 -1
2689 63 17 -1 0
2690 80 16 0 1
2691 86 1 -1 0
2692 50 31 0 1
2693 44 1 0 1
2694 58 4 0 -1
2695 58 32 -1 0
2696 53 33 0 1
2697 5 3 0 1
2698 92 33 1 0
2699 53 9 0 -1
2700 51 2 1 0
2701 52 38 -1 0
2702 38 28 0 1
2703 20 25 0 1
2704 20 26 0 1
2705 88 20 0 -1
2706 23 26 0 1
2707 38 20 -1 0
2708 65 27 1 0
2709 84 39 0 1
2710 83 28 0 -1
2711 89 14 -1 0
2712 93 38 -1 0
2713 17 29 0 1
2714 2 28 -1 0
2715 22 28 0 -1
2716 64 20 0 1
2717 45 37 0 1
2718 17 27 0 1
2719 23 18 1 0
2720 53 12 1 0
2721 67 17 0 -1
2722 20 38 0 -1
2723 24 25 0 1
2724 20 11 1 0
2725 60 25 -1 0
2726 47 13 0 1
2727 56 9 -1 0
2728 26 6 0 1
2729 7 33 0 -1
2730 65 8 0 1
2731 23 4 1 0
2732 84 2 1 0
2733 8 30 -1 0
2734 28 19 0 -1
2735 27 0 0 -1
2736 8 21 0 1
2737 41 30 0 1
2738 82 1 0 1
2739 49 23 0 -1
2740 93 5 0 -1
2741 84 38 0 -1
2742 58 9 0 -1
2743 94 20 1 0
2744 1 19 0 1
2745 93 28 0 1
2746 5 37 1 0
2747 59 19 -1 0
2748 12 19 -1 0
2749 82 17 0 1
2750 41 0 1 0
2751 85 25 -1 0
2752 89 26 0 -1
2753 91 12 0 1
2754 14 28 1 0
2755 30 15 0 1
2756 69 8 1 0
2757 66 32 1 0
2758 91 16 1 0
2759 3 30 0 -1
2760 1 4 -1 0
2761 24 31 1 0
2762 57 31 -1 0
2763 52 5 0 1
2764 37 22 0 1
2765 17 39 0 -1
2766 15 32 1 0
2767 30 36 0 -1
2768 71 12 1 0
2769 20 18 1 0
2770 18 26 -1 0
2771 71 12 -1 0
2772 50 22 -1 0
2773 62 35 1 0
2774 7 29 0 -1
2775 9 3 0 -1
2776 87 2 0 1
2777 60 38 1 0
2778 52 7 -1 0
2779 73 28 1 0
2780 95 7 0 1
2781 44 24 0 1
2782 61 19 -1 0
2783 21 3 -1 0
2784 88 38 0 -1
2785 90 35 1 0
2786 82 2 -1 0
2787 49 1 -1 0
2788 51 26 1 0
2789 18 37 0 -1
2790 14 22 -1 0
2791 6 20 0 1
2792 40 23 1 0
2793 44 36 0 -1
2794 8 11 0 1
2795 87 26 1 0
2796 64 35 -1 0
2797 19 10 0 1
2798 21 17 0 -1
2799 18 24 0 1
2800 17 38 0 1
2801 26 17 0 1
2802 54 5 1 0
2803 43 39 0 1
2804 13 15 0 -1
2805 21 25 1 0
2806 54 16 0 -1
2807 31 13 -1 0
2808 43 22 0 1
2809 21 9 0 1
2810 90 17 0 -1
2811 3 17 1 0
2812 54 16 0 1
2813 31 33 1 0
2814 41 0 0 -1
2815 97 2 1 0
2816 18 23 1 0
2817 96 13 0 1
2818 99 28 -1 0
2819 20 19 0 1
2820 46 16 -1 0
2821 36 15 0 -1
2822 79 32 -1 0
2823 73 37 0 1
2824 11 33 -1 0
2825 69 2 0 1
2826 84 6 0 1
2827 56 37 1 0
2828 52 14 0 1
2829 61 6 -1 0
2830 19 21 0 -1
2831 28 25 0 -1
2832 60 23 -1 0
2833 53 17 0 -1
2834 42 33 -1 0
2835 85 18 -1 0
2836 58 34 -1 0
2837 15 2 1 0
2838 42 30 -1 0
2839 47 0 0 1
2840 77 16 0 -1
2841 64 19 0 -1
2842 69 0 0 -1
2843 8 0 1 0
2844 9 18 1 0
2845 52 29 0 1
2846 56 5 0 1
2847 28 13 -1 0
2848 95 13 1 0
2849 0 38 1 0
2850 69 9 1 0
2851 14 16 1 0
2852 17 9 1 0
2853 58 6 0 -1
2854 44 1 0 1
2855 74 31 -1 0
2856 82 15 1 0
2857 8 4 0 -1
2858 73 5 1 0
2859 10 12 0 -1
2860 26 31 -1 0
2861 23 12 0 1
2862 15 19 0 1
2863 18 14 0 -1
2864 22 16 1 0
2865 14 26 0 1
2866 95 12 -1 0
2867 73 33 0 1
2868 8 15 0 1
2869 44 30 0 -1
2870 59 20 -1 0
2871 42 4 -1 0
2872 38 31 0 1
2873 2 5 0 -1
2874 41 2 0 1
2875 8 33 0 1
2876 8 19 1 0
2877 62 30 -1 0
2878 50 23 -1 0
2879 3 10 -1 0
2880 8 37 1 0
2881 94 37 -1 0
2882 60 22 0 -1
2883 55 26 -1 0
2884 75 26 -1 0
2885 21 27 0 -1
2886 5 37 1 0
2887 89 17 1 0
2888 99 35 0 1
2889 89 23 0 1
2890 67 1 1 0
2891 79 38 1 0
2892 68 5 -1 0
2893 97 10 -1 0
2894 39 17 0 1
2895 60 22 0 -1
2896 78 5 0 1
2897 58 31 0 1
2898 70 16 0 1
2899 15 15 0 -1
2900 12 38 0 -1
2901 41 16 1 0
2902 67 9 -1 0
2903 41 3 0 1
2904 2 1 1 0
2905 0 1 -1 0
2906 18 31 -1 0
2907 18 11 0 -1
2908 94 4 -1 0
2909 58 35 -1 0
2910 3 21 -1 0
2911 21 33 -1 0
2912 18 37 1 0
2913 43 23 0 1
2914 60 21 0 1
2915 20 16 0 -1
2916 32 30 1 0
2917 17 25 0 -1
2918 24 10 -1 0
2919 53 33 -1 0
2920 56 10 -1 0
2921 41 36 0 -1
2922 21 27 -1 0
2923 0 31 -1 0
2924 19 11 1 0
2925 12 9 1 0
2926 46 31 -1 0
2927 89 1 1 0
2928 25 31 -1 0
2929 2 4 1 0
2930 17 21 -1 0
2931 91 6 0 -1
2932 10 18 -1 0
2933 44 12 -1 0
2934 24 7 0 -1
2935 81 32 1 0
2936 40 10 0 -1
2937 20 3 1 0
2938 94 8 1 0
2939 28 19 0 -1
2940 16 18 1 0
2941 41 18 -1 0
2942 45 19 0 -1
2943 0 10 -1 0
2944 71 32 0 1
2945 40 17 -1 0
2946 52 32 0 -1
2947 54 6 1 0
2948 81 4 0 -1
2949 15 35 0 -1
2950 6 19 0 -1
2951 12 0 1 0
2952 10 18 -1 0
2953 83 26 0 -1
2954 55 34 1 0
2955 25 14 1 0
2956 44 16 0 1
2957 10 31 0 -1
2958 62 37 -1 0
2959 52 33 -1 0
2960 3 18 -1 0
2961 27 26 1 0
2962 74 14 -1 0
2963 23 23 0 -1
2964 26 16 0 1
2965 44 28 -1 0
2966 10 12 0 1
2967 23 4 1 0
2968 49 4 0 1
2969 9 17 0 1
2970 41 5 -1 0
2971 50 8 0 1
2972 11 10 1 0
2973 86 31 -1 0
2974 43 13 -1 0
2975 72 26 0 -1
2976 7 35 0 -1
2977 16 20 -1 0
2978 98 7 -1 0
2979 64 4 1 0
2980 85 28 -1 0
2981 43 32 0 1
2982 5 32 -1 0
2983 62 13 1 0
2984 3 2 -1 0
2985 58 7 0 -1
2986 1 20 1 0
2987 57 13 0 1
2988 8 8 0 -1
2989 47 17 1 0
2990 25 32 0 1
2991 65 13 -1 0
2992 1 3 -1 0
2993 54 12 -1 0
2994 38 11 0 -1
2995 44 37 -1 0
2996 20 15 1 0
2997 74 3 0 -1
2998 27 36 0 1
2999 7 3 -1 0
3000 20 13 1 0
3001 92 17 0 -1
3002 54 18 0 -1
3003 46 31 0 -1
3004 28 33 1 0
3005 41 39 1 0
3006 10 38 0 -1
3007 85 25 0 1
3008 49 35 0 -1
3009 61 26 0 1
3010 30 10 1 0
3011 16 34 0 1
3012 65 25 0 1
3013 65 23 0 -1
3014 88 12 0 1
3015 94 12 0 1
3016 73 0 -1 0
3017 55 18 0 -1
3018 90 30 0 1
3019 66 4 -1 0
3020 98 17 1 0
3021 46 2 -1 0
3022 37 32 1 0
3023 24 0 1 0
3024 40 20 0 1
3025 74 3 0 1
3026 51 33 0 1
3027 90 35 1 0
3028 40 26 1 0
3029 19 33 -1 0
3030 78 7 0 -1
3031 37 39 -1 0
3032 59 7 -1 0
3033 90 25 -1 0
3034 84 19 -1 0
3035 48 28 -1 0
3036 45 19 1 0
3037 16 19 1 0
3038 39 38 0 -1
3039 19 6 1 0
3040 13 10 0 -1
3041 51 1 0 -1
3042 97 32 0 1
3043 68 17 -1 0
3044 48 25 0 1
3045 77 17 0 1
3046 27 23 0 1
3047 17 31 1 0
3048 49 2 0 1
3049 63 6 0 -1
3050 22 13 0 1
3051 59 38 -1 0
3052 5 4 1 0
3053 96 35 -1 0
3054 44 4 0 1
3055 28 31 1 0
3056 41 10 0 1
3057 9 1 0 1
3058 3 2 0 1
3059 91 23 0 -1
3060 22 2 0 1
3061 64 22 1 0
3062 39 23 1 0
3063 9 5 -1 0
3064 95 4 0 -1
3065 23 31 0 1
3066 20 4 1 0
3067 26 0 1 0
3068 21 7 0 1
3069 84 5 0 1
3070 57 31 0 -1
3071 91 3 0 -1
3072 5 14 -1 0
3073 56 26 -1 0
3074 42 10 0 1
3075 87 33 0 1
3076 11 28 0 1
3077 95 5 -1 0
3078 72 26 1 0
3079 5 1 1 0
3080 90 6 -1 0
3081 21 23 0 -1
3082 86 33 1 0
3083 21 6 0 -1
3084 4 15 0 1
3085 30 17 0 1
3086 82 35 0 -1
3087 92 35 -1 0
3088 9 30 -1 0
3089 88 20 -1 0
3090 14 30 0 1
3091 64 18 0 1
3092 40 22 0 1
3093 16 20 0 -1
3094 47 30 0 1
3095 40 12 0 1
3096 5 14 0 -1
3097 40 2 -1 0
3098 22 17 0 -1
3099 88 33 0 1
3100 49 0 1 0
3101 76 27 0 -1
3102 19 33 -1 0
3103 2 21 0 1
3104 11 20 0 1
3105 56 12 0 1
3106 26 2 -1 0
3107 89 21 0 1
3108 66 26 -1 0
3109 45 18 -1 0
3110 25 4 0 1
3111 27 3 0 1
3112 91 17 1 0
3113 9 36 0 1
3114 52 29 -1 0
3115 57 36 0 -1
3116 39 35 0 -1
3117 19 20 1 0
3118 59 21 -1 0
3119 24 0 0 -1
3120 38 12 -1 0
3121 84 31 -1 0
3122 20 19 0 1
3123 89 34 -1 0
3124 9 38 0 -1
3125 27 11 1 0
3126 45 32 1 0
3127 58 36 1 0
3128 29 24 1 0
3129 26 21 -1 0
3130 5 18 0 -1
3131 87 25 1 0
3132 28 39 0 -1
3133 90 36 0 -1
3134 39 30 1 0
3135 63 31 0 1
3136 91 24 0 -1
3137 93 27 0 1
3138 9 18 -1 0
3139 42 38 1 0
3140 66 23 1 0
3141 78 35 0 -1
3142 17 10 1 0
3143 60 13 -1 0
3144 66 15 1 0
3145 25 5 0 1
3146 16 24 1 0
3147 83 26 0 1
3148 23 13 0 1
3149 77 18 1 0
3150 30 10 0 1
3151 49 21 -1 0
3152 82 29 1 0
3153 46 29 0 -1
3154 35 34 0 -1
3155 57 14 0 -1
3156 7 27 1 0
3157 15 2 -1 0
3158 53 1 -1 0
3159 13 9 -1 0
3160 43 11 1 0
3161 15 38 -1 0
3162 44 0 0 1
3163 27 12 0 1
3164 58 2 1 0
3165 89 33 0 -1
3166 13 37 0 1
3167 53 9 1 0
3168 30 33 0 -1
3169 16 28 -1 0
3170 9 35 0 1
3171 98 16 0 1
3172 81 32 0 -1
3173 30 21 1 0
3174 62 0 0 -1
3175 39 16 -1 0
3176 96 25 1 0
3177 15 29 0 1
3178 40 8 1 0
3179 54 30 0 -1
3180 23 2 0 -1
3181 14 29 0 1
3182 95 33 1 0
3183 11 22 1 0
3184 46 1 0 1
3185 25 23 -1 0
3186 42 3 0 -1
3187 43 22 0 -1
3188 52 5 0 -1
3189 28 21 1 0
3190 46 32 -1 0
3191 43 10 0 -1
3192 40 10 0 1
3193 18 32 -1 0
3194 59 6 0 -1
3195 24 20 0 1
3196 10 21 0 1
3197 16 7 -1 0
3198 85 22 0 -1
3199 15 36 0 -1
3200 96 9 -1 0
3201 19 31 -1 0
3202 53 38 0 -1
3203 20 3 0 -1
3204 90 24 1 0
3205 42 0 -1 0
3206 22 38 -1 0
3207 48 17 0 -1
3208 93 35 1 0
3209 91 8 1 0
3210 95 5 1 0
3211 53 22 1 0
3212 11 5 0 -1
3213 32 12 1 0
3214 86 22 1 0
3215 23 17 0 1
3216 10 21 1 0
3217 17 38 -1 0
3218 14 19 0 1
3219 70 24 -1 0
3220 30 31 0 -1
3221 52 16 0 1
3222 63 34 1 0
3223 92 28 -1 0
3224 4 20 1 0
3225 91 23 -1 0
3226 17 3 0 -1
3227 23 1 0 1
3228 90 2 0 1
3229 86 27 1 0
3230 88 10 0 1
3231 14 24 1 0
3232 45 15 0 -1
3233 90 22 0 1
3234 36 15 0 1
3235 51 9 0 -1
3236 6 2 1 0
3237 40 12 0 -1
3238 24 39 0 -1
3239 0 5 0 1
3240 87 20 0 -1
3241 47 7 1 0
3242 49 33 1 0
3243 82 32 0 -1
3244 51 3 1 0
3245 30 38 -1 0
3246 99 28 0 1
3247 4 8 -1 0
3248 60 12 0 1
3249 49 4 -1 0
3250 81 36 1 0
3251 32 26 0 1
3252 45 28 1 0
3253 4 5 0 1
3254 1 14 -1 0
3255 13 20 0 1
3256 64 33 -1 0
3257 58 37 1 0
3258 28 24 0 1
3259 92 30 0 -1
3260 22 1 0 1
3261 92 14 0 -1
3262 54 29 0 1
3263 48 30 0 -1
3264 17 23 -1 0
3265 38 8 0 -1
3266 30 24 0 1
3267 95 24 0 -1
3268 36 24 -1 0
3269 42 16 -1 0
3270 11 39 0 -1
3271 8 3 -1 0
3272 37 1 0 -1
3273 79 14 -1 0
3274 56 17 1 0
3275 54 12 0 1
3276 45 28 0 -1
3277 16 11 1 0
3278 52 9 0 -1
3279 73 13 0 -1
3280 86 15 0 -1
3281 46 9 0 -1
3282 17 16 -1 0
3283 50 8 1 0
3284 77 21 0 -1
3285 15 20 0 -1
3286 84 15 0 -1
3287 81 11 1 0
3288 37 28 1 0
3289 39 24 0 -1
3290 6 12 0 -1
3291 26 23 1 0
3292 28 9 1 0
3293 8 29 0 -1
3294 43 33 -1 0
3295 19 11 1 0
3296 56 36 1 0
3297 29 21 -1 0
3298 82 27 1 0
3299 46 37 1 0
3300 22 7 -1 0
3301 22 36 1 0
3302 66 6 1 0
3303 30 9 -1 0
3304 0 9 -1 0
3305 39 23 -1 0
3306 44 20 1 0
3307 2 10 1 0
3308 98 9 0 -1
3309 48 13 0 1
3310 29 17 1 0
3311 25 1 0 1
3312 53 15 1 0
3313 67 34 0 1
3314 61 36 0 1
3315 1 27 0 1
3316 97 31 0 1
3317 39 26 1 0
3318 93 2 1 0
3319 51 4 -1 0
3320 60 23 0 -1
3321 44 8 0 1
3322 0 20 0 1
3323 89 22 0 1
3324 24 12 0 -1
3325 82 22 -1 0
3326 60 38 1 0
3327 15 28 1 0
3328 18 2 1 0
3329 45 1 -1 0
3330 52 13 0 -1
3331 86 5 0 1
3332 19 35 1 0
3333 84 8 0 -1
3334 25 21 1 0
3335 15 7 1 0
3336 62 9 1 0
3337 83 39 0 1
3338 83 11 0 1
3339 46 0 1 0
3340 13 34 0 1
3341 90 22 -1 0
3342 84 16 0 1
3343 41 15 -1 0
3344 23 28 0 -1
3345 48 33 -1 0
3346 58 10 1 0
3347 63 31 0 1
3348 25 11 1 0
3349 76 36 -1 0
3350 57 8 -1 0
3351 63 4 1 0
3352 45 24 1 0
3353 27 22 -1 0
3354 34 18 -1 0
3355 37 13 0 1
3356 27 35 1 0
3357 99 13 0 1
3358 25 4 0 -1
3359 92 28 -1 0
3360 49 7 -1 0
3361 22 20 0 1
3362 52 15 0 -1
3363 22 1 1 0
3364 95 14 0 1
3365 94 7 0 1
3366 49 33 1 0
3367 41 25 1 0
3368 28 33 1 0
3369 74 20 0 1
3370 3 36 -1 0
3371 44 15 0 1
3372 56 18 0 -1
3373 87 36 0 1
3374 47 20 -1 0
3375 14 5 -1 0
3376 19 28 0 -1
3377 16 28 -1 0
3378 31 25 1 0
3379 40 28 1 0
3380 96 5 1 0
3381 22 28 -1 0
3382 98 11 0 1
3383 7 33 1 0
3384 77 9 0 1
3385 93 18 -1 0
3386 2 17 0 -1
3387 21 24 0 -1
3388 53 25 0 -1
3389 41 31 0 -1
3390 44 13 -1 0
3391 24 31 0 1
3392 41 11 -1 0
3393 45 6 0 -1
3394 23 16 -1 0
3395 57 6 -1 0
3396 27 3 -1 0
3397 15 29 -1 0
3398 99 33 -1 0
3399 49 28 0 -1
3400 91 35 0 1
3401 96 12 -1 0
3402 44 7 0 -1
3403 92 23 1 0
3404 11 9 1 0
3405 69 25 0 1
3406 54 9 0 1
3407 84 17 0 -1
3408 41 29 0 1
3409 1 17 -1 0
3410 59 31 -1 0
3411 38 11 0 -1
3412 10 28 -1 0
3413 78 33 0 -1
3414 82 29 0 1
3415 51 34 0 1
3416 26 38 -1 0
3417 44 39 -1 0
3418 24 1 0 -1
3419 94 21 -1 0
3420 16 8 0 1
3421 19 23 0 1
3422 57 29 0 -1
3423 38 12 -1 0
3424 68 14 -1 0
3425 14 2 1 0
3426 26 23 1 0
3427 10 38 0 -1
3428 44 31 0 -1
3429 96 33 1 0
3430 24 12 -1 0
3431 22 21 1 0
3432 99 23 -1 0
3433 12 25 0 1
3434 13 25 -1 0
3435 71 7 1 0
3436 50 9 0 -1
3437 39 27 0 -1
3438 88 37 0 -1
3439 19 26 1 0
3440 24 22 0 -1
3441 88 23 0 1
3442 55 22 1 0
3443 22 23 1 0
3444 96 35 -1 0
3445 78 21 -1 0
3446 81 26 0 -1
3447 26 24 -1 0
3448 75 8 0 -1
3449 46 29 0 -1
3450 8 31 0 -1
3451 94 26 -1 0
3452 62 11 0 1
3453 28 30 1 0
3454 23 17 -1 0
3455 9 28 -1 0
3456 63 25 0 1
3457 17 39 0 1
3458 65 37 0 -1
3459 26 21 1 0
3460 58 20 -1 0
3461 75 18 0 1
3462 17 1 1 0
3463 12 33 1 0
3464 51 2 -1 0
3465 61 7 0 -1
3466 93 15 1 0
3467 94 13 0 -1
3468 25 2 0 1
3469 27 14 -1 0
3470 78 27 -1 0
3471 32 24 0 -1
3472 47 7 0 -1
3473 52 12 0 1
3474 50 8 0 1
3475 15 37 -1 0
3476 41 29 -1 0
3477 72 7 -1 0
3478 55 2 1 0
3479 8 37 0 1
3480 8 16 0 1
3481 40 11 0 1
3482 42 34 0 1
3483 29 20 0 1
3484 56 13 -1 0
3485 14 19 -1 0
3486 44 23 -1 0
3487 26 18 0 1
3488 46 32 1 0
3489 84 17 -1 0
3490 17 1 1 0
3491 44 10 0 -1
3492 58 18 -1 0
3493 85 26 0 -1
3494 78 19 1 0
3495 42 8 -1 0
3496 53 30 -1 0
3497 82 17 0 -1
3498 64 22 1 0
3499 18 19 0 1
3500 80 9 1 0
3501 43 18 -1 0
3502 18 10 0 -1
3503 68 36 0 -1
3504 53 34 -1 0
3505 54 13 -1 0
3506 90 7 1 0
3507 10 36 0 1
3508 64 14 0 1
3509 26 11 0 1
3510 47 39 0 -1
3511 14 20 0 -1
3512 39 31 0 -1
3513 48 20 -1 0
3514 87 4 0 1
3515 87 34 0 1
3516 45 0 0 -1
3517 48 7 -1 0
3518 18 2 -1 0
3519 76 1 0 -1
3520 71 4 0 -1
3521 42 4 0 -1
3522 67 10 -1 0
3523 13 25 0 -1
3524 10 29 0 -1
3525 19 21 0 -1
3526 17 4 0 1
3527 65 5 -1 0
3528 57 14 0 -1
3529 82 23 -1 0
3530 43 34 -1 0
3531 60 3 0 -1
3532 59 26 0 1
3533 38 36 1 0
3534 78 21 1 0
3535 12 5 -1 0
3536 74 34 0 1
3537 23 3 0 1
3538 49 15 0 1
3539 46 30 -1 0
3540 84 32 0 -1
3541 18 18 -1 0
3542 22 25 0 1
3543 94 14 0 1
3544 11 26 0 -1
3545 89 21 1 0
3546 54 24 0 -1
3547 11 21 1 0
3548 95 14 0 -1
3549 92 27 0 -1
3550 1 36 1 0
3551 11 17 0 1
3552 52 9 -1 0
3553 16 12 0 -1
3554 14 16 0 -1
3555 48 17 0 1
3556 97 0 0 -1
3557 51 5 1 0
3558 48 29 0 1
3559 42 19 1 0
3560 43 21 1 0
3561 42 37 0 1
3562 80 11 0 -1
3563 37 12 1 0
3564 42 10 0 -1
3565 14 9 0 1
3566 7 19 0 1
3567 80 32 1 0
3568 37 10 0 1
3569 87 10 0 1
3570 46 13 -1 0
3571 18 36 0 -1
3572 6 9 0 -1
3573 10 14 -1 0
3574 15 0 0 1
3575 46 1 1 0
3576 81 23 0 1
3577 47 17 0 -1
3578 11 0 1 0
3579 48 12 0 -1
3580 39 26 0 -1
3581 21 20 1 0
3582 69 16 1 0
3583 20 4 0 -1
3584 67 23 0 1
3585 12 17 0 1
3586 53 35 1 0
3587 92 26 0 -1
3588 63 39 -1 0
3589 28 18 0 1
3590 67 8 0 1
3591 28 21 1 0
3592 43 28 -1 0
3593 23 9 0 1
3594 19 1 0 1
3595 0 3 0 1
3596 75 16 0 -1
3597 61 27 1 0
3598 48 15 1 0
3599 25 1 0 1
