0 19 33 1 0
1 80 25 0 1
2 25 38 1 0
3 4 18 0 1
4 19 28 1 0
5 15 37 0 -1
6 22 27 -1 0
7 26 19 0 -1
8 8 20 0 1
9 87 35 1 0
10 63 25 1 0
11 21 8 1 0
12 49 20 0 -1
13 0 23 0 -1
14 77 30 0 1
15 25 18 0 -1
16 23 5 -1 0
17 86 20 0 1
18 19 9 1 0
19 14 10 0 -1
20 38 4 0 -1
21 58 14 0 1
22 21 3 1 0
23 74 5 1 0
24 71 35 1 0
25 62 39 0 1
26 29 13 0 1
27 44 26 -1 0
28 20 3 1 0
29 51 27 1 0
30 83 0 0 1
31 88 36 1 0
32 91 7 0 -1
33 1 29 0 -1
34 23 22 0 1
35 43 23 0 1
36 31 22 1 0
37 5 18 0 -1
38 48 6 0 -1
39 64 27 1 0
40 75 27 0 1
41 18 13 1 0
42 12 30 -1 0
43 61 11 0 -1
44 40 9 1 0
45 54 9 0 -1
46 95 22 -1 0
47 99 7 0 1
48 93 36 0 -1
49 53 2 -1 0
50 81 32 -1 0
51 26 1 -1 0
52 31 31 0 -1
53 63 36 0 1
54 4 29 -1 0
55 96 13 -1 0
56 30 9 0 1
57 98 5 -1 0
58 2 0 0 1
59 45 32 1 0
60 46 38 -1 0
61 10 2 1 0
62 16 11 1 0
63 20 39 -1 0
64 29 31 -1 0
65 9 21 0 -1
66 48 16 0 1
67 96 15 -1 0
68 68 33 -1 0
69 22 10 0 1
70 91 2 0 1
71 38 2 0 1
72 50 21 0 1
73 97 2 1 0
74 47 6 1 0
75 93 26 0 -1
76 19 13 -1 0
77 4 23 0 -1
78 78 4 1 0
79 5 27 0 -1
80 84 39 -1 0
81 14 2 0 -1
82 88 17 0 1
83 44 28 0 -1
84 99 30 0 -1
85 22 34 0 1
86 70 34 0 1
87 84 8 0 -1
88 41 37 1 0
89 12 0 -1 0
90 5 18 1 0
91 39 0 0 1
92 45 37 -1 0
93 20 31 0 1
94 20 5 -1 0
95 83 9 0 -1
96 85 21 -1 0
97 35 12 1 0
98 39 28 -1 0
99 44 2 0 1
100 18 20 1 0
101 43 6 0 -1
102 78 37 1 0
103 91 4 0 1
104 35 9 0 1
105 83 29 -1 0
106 9 6 1 0
107 1 7 0 -1
108 39 23 -1 0
109 2 37 0 1
110 14 32 0 -1
111 24 1 1 0
112 27 30 1 0
113 28 10 -1 0
114 1 12 0 1
115 87 31 0 1
116 50 12 0 -1
117 17 31 0 1
118 61 5 0 -1
119 52 35 0 1
120 30 38 1 0
121 89 20 0 1
122 57 31 -1 0
123 56 38 0 1
124 90 4 0 -1
125 29 16 0 1
126 45 4 1 0
127 9 21 0 -1
128 72 31 0 -1
129 4 2 0 -1
130 61 1 -1 0
131 11 33 0 1
132 54 11 0 -1
133 62 35 0 -1
134 8 11 -1 0
135 83 2 1 0
136 9 1 0 1
137 24 7 -1 0
138 81 35 1 0
139 22 28 -1 0
140 85 26 1 0
141 7 25 0 -1
142 94 1 0 1
143 23 28 0 1
144 93 35 1 0
145 98 19 0 -1
146 83 5 0 1
147 92 9 0 1
148 11 21 0 1
149 87 0 0 -1
150 39 18 0 -1
151 90 37 1 0
152 28 5 0 1
153 93 10 1 0
154 65 34 1 0
155 5 0 -1 0
156 84 7 0 -1
157 11 15 -1 0
158 63 21 0 -1
159 17 11 0 1
160 95 15 0 -1
161 51 5 -1 0
162 13 26 -1 0
163 65 28 1 0
164 81 3 1 0
165 13 7 0 1
166 94 6 1 0
167 40 29 1 0
168 86 14 1 0
169 1 25 -1 0
170 97 24 -1 0
171 24 38 0 -1
172 0 4 0 1
173 91 36 0 1
174 22 15 0 1
175 61 19 1 0
176 7 31 0 -1
177 0 12 0 1
178 77 7 1 0
179 41 15 0 -1
180 49 24 1 0
181 54 23 1 0
182 70 15 -1 0
183 1 17 0 -1
184 96 24 1 0
185 13 13 0 1
186 26 28 1 0
187 8 8 0 1
188 94 32 -1 0
189 23 4 0 -1
190 92 38 0 1
191 25 32 1 0
192 16 39 0 1
193 43 22 0 1
194 25 17 1 0
195 99 13 0 -1
196 47 39 -1 0
197 48 25 0 -1
198 2 19 0 1
199 26 29 1 0
200 58 32 -1 0
201 53 34 0 1
202 1 22 0 1
203 16 23 0 1
204 11 27 0 1
205 47 34 0 -1
206 27 11 0 -1
207 78 24 0 -1
208 1 12 1 0
209 4 5 -1 0
210 19 37 1 0
211 25 32 0 -1
212 20 35 0 -1
213 22 31 0 -1
214 90 9 1 0
215 86 15 -1 0
216 5 14 1 0
217 87 24 0 1
218 74 39 1 0
219 21 7 -1 0
220 55 32 0 1
221 20 13 -1 0
222 48 19 0 -1
223 63 9 -1 0
224 3 25 1 0
225 27 0 -1 0
226 23 15 0 -1
227 19 9 -1 0
228 23 35 0 -1
229 8 27 -1 0
230 38 11 1 0
231 74 35 0 1
232 3 33 0 -1
233 21 21 1 0
234 5 35 1 0
235 43 32 1 0
236 68 21 -1 0
237 66 16 -1 0
238 37 39 0 1
239 8 18 1 0
240 40 25 0 -1
241 19 11 0 1
242 63 0 1 0
243 90 30 0 -1
244 71 18 0 -1
245 80 11 0 1
246 13 32 0 -1
247 66 13 -1 0
248 98 17 -1 0
249 44 9 -1 0
250 91 39 0 1
251 19 36 1 0
252 26 12 0 -1
253 22 24 0 1
254 61 17 0 -1
255 70 13 1 0
256 7 36 0 1
257 63 6 0 -1
258 29 2 0 1
259 90 37 0 1
260 37 26 0 1
261 18 37 1 0
262 13 26 -1 0
263 46 34 1 0
264 57 37 0 1
265 5 15 0 1
266 0 37 0 -1
267 82 38 -1 0
268 14 5 0 1
269 95 24 0 1
270 50 11 0 -1
271 87 9 1 0
272 15 18 0 -1
273 57 32 -1 0
274 47 31 0 -1
275 73 1 -1 0
276 37 24 -1 0
277 45 32 0 1
278 3 7 0 1
279 25 36 1 0
280 9 13 0 -1
281 30 22 0 1
282 88 2 0 -1
283 59 15 0 1
284 15 13 1 0
285 45 16 0 -1
286 65 15 0 -1
287 87 17 -1 0
288 22 35 -1 0
289 1 20 -1 0
290 40 3 0 -1
291 93 19 -1 0
292 98 12 -1 0
293 41 34 0 1
294 12 11 -1 0
295 48 3 -1 0
296 40 39 -1 0
297 8 24 0 -1
298 50 1 1 0
299 0 1 1 0
300 93 33 0 1
301 21 30 0 1
302 3 6 -1 0
303 90 17 1 0
304 73 5 0 1
305 31 10 0 1
306 95 31 0 1
307 21 34 1 0
308 41 19 0 1
309 9 38 1 0
310 37 9 1 0
311 13 35 1 0
312 55 9 0 -1
313 49 23 0 1
314 46 24 0 1
315 80 10 -1 0
316 43 21 -1 0
317 95 8 0 -1
318 26 0 0 -1
319 94 27 0 1
320 2 39 -1 0
321 62 2 0 -1
322 16 4 0 1
323 74 29 0 -1
324 97 5 0 1
325 1 26 1 0
326 23 16 -1 0
327 21 36 -1 0
328 6 8 0 1
329 77 5 0 -1
330 8 37 1 0
331 91 22 1 0
332 90 22 1 0
333 30 6 0 1
334 96 6 0 1
335 41 1 0 1
336 41 27 0 1
337 97 15 -1 0
338 18 15 0 -1
339 42 17 1 0
340 44 29 0 1
341 25 15 0 1
342 22 26 0 -1
343 18 2 0 -1
344 59 14 -1 0
345 70 0 0 -1
346 16 8 0 1
347 68 15 0 1
348 12 16 0 1
349 29 25 1 0
350 37 15 0 1
351 17 27 1 0
352 61 39 0 1
353 24 21 1 0
354 51 36 0 -1
355 80 7 1 0
356 58 22 1 0
357 74 3 -1 0
358 45 39 0 -1
359 86 29 0 1
360 97 33 -1 0
361 18 35 0 1
362 99 24 -1 0
363 54 12 0 1
364 13 38 0 -1
365 17 10 -1 0
366 73 11 0 1
367 64 34 0 1
368 85 1 1 0
369 94 39 -1 0
370 25 17 -1 0
371 31 34 0 1
372 0 35 0 1
373 69 24 0 1
374 69 6 -1 0
375 46 11 0 -1
376 85 39 1 0
377 42 36 0 -1
378 6 34 -1 0
379 36 9 -1 0
380 7 19 0 1
381 9 4 1 0
382 75 37 -1 0
383 92 39 0 1
384 91 10 -1 0
385 21 31 -1 0
386 13 9 0 -1
387 12 20 0 -1
388 79 22 1 0
389 39 16 1 0
390 12 0 0 -1
391 28 25 -1 0
392 4 18 0 1
393 74 32 0 1
394 22 35 0 -1
395 20 32 0 -1
396 21 29 0 1
397 50 37 -1 0
398 27 36 0 1
399 64 38 0 -1
400 7 18 0 -1
401 92 35 1 0
402 40 2 0 -1
403 47 26 -1 0
404 52 21 -1 0
405 41 5 0 -1
406 98 6 -1 0
407 68 37 0 1
408 96 15 0 1
409 89 10 0 -1
410 17 16 0 -1
411 55 32 0 1
412 94 32 0 1
413 15 8 1 0
414 99 17 0 1
415 4 20 1 0
416 55 1 1 0
417 93 2 0 -1
418 40 17 -1 0
419 36 13 1 0
420 39 35 0 1
421 61 23 -1 0
422 80 16 0 1
423 1 38 0 -1
424 86 1 1 0
425 78 2 -1 0
426 24 5 -1 0
427 87 28 0 -1
428 8 5 -1 0
429 75 9 1 0
430 61 28 0 1
431 49 20 1 0
432 66 17 -1 0
433 12 27 0 -1
434 28 19 1 0
435 37 7 0 -1
436 43 25 1 0
437 38 31 0 -1
438 59 22 0 -1
439 81 2 0 -1
440 81 13 0 1
441 87 11 0 -1
442 24 20 1 0
443 3 11 0 1
444 24 34 0 1
445 63 14 -1 0
446 83 17 1 0
447 0 6 -1 0
448 20 38 0 -1
449 2 0 0 -1
450 40 35 0 -1
451 3 36 0 1
452 27 8 1 0
453 29 28 0 -1
454 5 3 0 -1
455 45 18 0 -1
456 48 36 -1 0
457 44 23 1 0
458 60 23 1 0
459 43 9 1 0
460 18 1 1 0
461 89 24 -1 0
462 86 10 -1 0
463 44 10 0 -1
464 40 6 0 -1
465 96 19 0 -1
466 15 0 -1 0
467 92 0 0 1
468 85 17 1 0
469 49 2 0 -1
470 54 23 0 1
471 4 16 1 0
472 29 36 0 -1
473 43 6 -1 0
474 95 6 0 1
475 99 36 0 -1
476 8 14 0 1
477 42 31 1 0
478 8 29 -1 0
479 33 11 1 0
480 39 29 1 0
481 47 6 0 -1
482 84 12 0 -1
483 13 15 0 1
484 18 38 -1 0
485 20 1 0 1
486 30 18 -1 0
487 37 4 0 -1
488 92 3 -1 0
489 57 25 -1 0
490 0 22 1 0
491 5 5 0 -1
492 22 9 0 1
493 94 17 1 0
494 36 34 0 1
495 53 11 -1 0
496 93 28 0 1
497 0 12 0 1
498 14 24 0 1
499 50 8 1 0
500 47 2 0 1
501 32 21 0 1
502 68 28 1 0
503 22 38 0 1
504 15 22 -1 0
505 20 24 -1 0
506 42 12 1 0
507 57 36 0 1
508 86 25 0 -1
509 56 15 -1 0
510 46 15 1 0
511 94 16 -1 0
512 4 7 1 0
513 25 38 1 0
514 66 14 1 0
515 46 8 -1 0
516 54 21 0 -1
517 58 15 0 -1
518 62 1 0 -1
519 60 34 -1 0
520 3 33 -1 0
521 95 15 1 0
522 13 12 -1 0
523 99 13 0 1
524 24 15 0 1
525 29 3 1 0
526 54 13 0 1
527 40 15 1 0
528 45 14 0 -1
529 5 33 -1 0
530 61 8 1 0
531 50 24 0 1
532 16 31 1 0
533 93 3 1 0
534 81 11 1 0
535 28 39 1 0
536 71 1 1 0
537 44 4 0 -1
538 62 34 0 -1
539 13 8 -1 0
540 29 27 1 0
541 95 35 0 1
542 54 6 0 1
543 51 16 0 1
544 94 21 0 -1
545 12 5 -1 0
546 79 0 1 0
547 45 17 0 -1
548 7 27 1 0
549 45 23 0 -1
550 74 11 -1 0
551 57 18 -1 0
552 1 1 0 -1
553 71 8 -1 0
554 7 21 -1 0
555 42 34 1 0
556 83 24 1 0
557 3 14 0 -1
558 27 10 1 0
559 98 24 0 -1
560 23 4 0 -1
561 67 17 1 0
562 11 30 -1 0
563 23 7 0 1
564 71 13 0 -1
565 47 11 0 -1
566 6 14 1 0
567 76 29 0 -1
568 79 34 0 1
569 26 39 1 0
570 63 30 0 -1
571 17 28 1 0
572 49 16 -1 0
573 37 8 0 -1
574 7 11 1 0
575 44 5 0 1
576 76 22 -1 0
577 47 10 0 1
578 81 32 -1 0
579 20 21 1 0
580 5 39 -1 0
581 92 30 -1 0
582 23 3 0 1
583 92 18 -1 0
584 79 18 -1 0
585 13 26 -1 0
586 89 14 1 0
587 54 12 1 0
588 19 11 0 1
589 87 26 -1 0
590 38 39 1 0
591 8 16 0 1
592 72 38 0 -1
593 27 25 0 -1
594 68 27 -1 0
595 94 0 0 1
596 46 38 0 1
597 21 7 -1 0
598 48 21 0 1
599 44 26 0 -1
600 24 5 0 -1
601 22 17 0 1
602 98 24 1 0
603 5 17 -1 0
604 79 36 0 1
605 98 15 -1 0
606 24 35 0 -1
607 35 9 0 -1
608 87 35 1 0
609 9 26 1 0
610 79 24 0 -1
611 55 39 1 0
612 69 10 0 -1
613 95 14 1 0
614 51 21 1 0
615 90 37 0 1
616 37 25 0 -1
617 48 15 0 -1
618 79 31 1 0
619 24 17 0 -1
620 69 1 -1 0
621 45 11 -1 0
622 9 34 -1 0
623 12 21 0 -1
624 11 39 0 1
625 91 38 0 1
626 12 29 1 0
627 98 20 0 -1
628 12 7 1 0
629 56 24 -1 0
630 92 34 -1 0
631 28 8 0 1
632 88 34 -1 0
633 47 38 0 1
634 61 29 1 0
635 44 33 0 1
636 62 16 1 0
637 45 28 0 1
638 5 19 0 -1
639 36 25 1 0
640 6 28 1 0
641 61 29 0 -1
642 46 23 1 0
643 77 17 -1 0
644 17 19 -1 0
645 80 3 0 1
646 84 37 -1 0
647 87 1 0 1
648 72 21 -1 0
649 43 2 0 1
650 44 29 -1 0
651 39 17 0 1
652 14 22 0 1
653 49 21 -1 0
654 22 14 1 0
655 50 22 0 1
656 40 21 0 -1
657 40 20 1 0
658 22 5 0 -1
659 20 5 0 1
660 4 19 1 0
661 89 31 0 1
662 24 22 -1 0
663 59 3 0 1
664 85 24 1 0
665 47 16 1 0
666 13 22 1 0
667 43 22 0 -1
668 87 4 0 -1
669 83 17 1 0
670 87 17 -1 0
671 39 12 1 0
672 30 1 -1 0
673 25 34 1 0
674 79 0 1 0
675 27 6 -1 0
676 96 9 1 0
677 15 1 0 -1
678 31 16 0 1
679 38 17 0 -1
680 63 2 0 1
681 3 11 0 1
682 99 34 0 -1
683 47 17 0 1
684 43 33 0 -1
685 73 16 0 -1
686 48 17 -1 0
687 49 2 1 0
688 21 37 1 0
689 88 3 0 1
690 23 11 1 0
691 52 30 -1 0
692 8 15 1 0
693 15 6 -1 0
694 82 11 0 1
695 98 27 -1 0
696 66 20 1 0
697 60 15 -1 0
698 45 11 -1 0
699 40 8 -1 0
700 96 21 0 1
701 28 13 1 0
702 37 32 0 1
703 19 13 0 1
704 74 2 0 1
705 45 34 1 0
706 98 34 0 1
707 39 16 -1 0
708 25 24 1 0
709 64 38 0 -1
710 11 37 -1 0
711 18 24 -1 0
712 97 31 0 -1
713 10 11 0 -1
714 61 23 0 1
715 22 37 -1 0
716 90 38 0 -1
717 93 29 0 -1
718 6 23 1 0
719 53 7 1 0
720 5 30 1 0
721 71 8 0 1
722 40 1 -1 0
723 28 26 0 -1
724 21 32 0 1
725 68 6 -1 0
726 44 27 -1 0
727 23 19 1 0
728 50 10 0 -1
729 88 29 1 0
730 40 14 0 -1
731 15 25 0 -1
732 98 7 0 -1
733 17 4 1 0
734 88 28 0 -1
735 40 16 1 0
736 74 1 0 -1
737 12 4 0 1
738 58 20 0 1
739 5 11 -1 0
740 30 15 1 0
741 44 5 1 0
742 22 5 0 -1
743 84 31 -1 0
744 0 9 0 -1
745 51 33 0 -1
746 15 20 0 -1
747 16 6 -1 0
748 37 31 0 -1
749 4 28 0 1
750 80 36 0 -1
751 38 23 -1 0
752 43 6 0 -1
753 14 21 0 1
754 0 28 0 -1
755 90 36 1 0
756 24 27 -1 0
757 28 35 0 -1
758 21 28 0 1
759 71 12 -1 0
760 11 36 -1 0
761 98 32 0 1
762 20 11 1 0
763 99 22 0 -1
764 35 5 0 -1
765 38 24 0 -1
766 81 14 -1 0
767 17 3 0 -1
768 77 28 1 0
769 41 10 0 -1
770 73 31 1 0
771 20 31 0 1
772 23 22 0 -1
773 42 10 0 -1
774 18 31 1 0
775 24 14 1 0
776 65 13 -1 0
777 92 35 1 0
778 17 5 0 1
779 53 37 -1 0
780 19 38 0 -1
781 19 34 0 1
782 38 14 0 -1
783 27 32 -1 0
784 14 0 0 1
785 43 26 -1 0
786 18 36 1 0
787 45 31 0 1
788 14 20 0 -1
789 24 16 0 -1
790 31 31 1 0
791 87 11 0 1
792 83 24 0 1
793 19 24 -1 0
794 44 36 1 0
795 5 15 0 1
796 26 36 -1 0
797 40 35 1 0
798 38 37 -1 0
799 69 15 -1 0
800 41 17 0 -1
801 4 17 0 1
802 10 39 1 0
803 15 11 0 -1
804 7 9 1 0
805 46 39 0 1
806 47 5 0 -1
807 99 32 -1 0
808 46 9 0 1
809 12 11 0 -1
810 6 0 0 1
811 13 11 0 1
812 84 4 1 0
813 22 27 0 -1
814 38 25 1 0
815 69 16 0 -1
816 37 15 -1 0
817 88 23 -1 0
818 48 11 -1 0
819 53 2 0 1
820 15 17 0 -1
821 22 37 0 -1
822 89 25 -1 0
823 42 17 -1 0
824 1 37 -1 0
825 45 24 0 1
826 62 33 1 0
827 94 15 0 1
828 21 35 1 0
829 37 37 0 1
830 74 26 -1 0
831 39 13 0 -1
832 23 3 1 0
833 5 10 0 1
834 52 6 -1 0
835 42 32 -1 0
836 38 1 0 -1
837 69 21 1 0
838 29 7 1 0
839 72 34 0 -1
840 55 34 0 1
841 21 3 0 1
842 24 22 0 1
843 12 25 0 1
844 96 22 0 -1
845 23 37 1 0
846 63 11 1 0
847 57 22 0 1
848 57 34 1 0
849 53 2 0 1
850 59 18 -1 0
851 81 21 0 1
852 45 15 -1 0
853 41 11 -1 0
854 2 7 0 1
855 15 38 0 -1
856 69 1 -1 0
857 85 0 -1 0
858 41 11 0 -1
859 42 21 0 1
860 98 4 1 0
861 38 38 -1 0
862 22 3 0 -1
863 11 18 0 1
864 25 38 0 -1
865 6 9 1 0
866 38 30 0 1
867 17 31 0 1
868 26 8 1 0
869 77 4 0 -1
870 13 8 0 1
871 87 28 0 -1
872 87 20 0 1
873 44 9 0 1
874 60 30 -1 0
875 43 21 1 0
876 26 38 0 1
877 16 13 -1 0
878 50 13 -1 0
879 55 31 -1 0
880 39 36 0 -1
881 90 4 -1 0
882 3 13 -1 0
883 82 36 0 -1
884 5 18 -1 0
885 44 17 -1 0
886 57 20 0 -1
887 18 20 -1 0
888 71 36 -1 0
889 58 30 0 -1
890 9 26 -1 0
891 54 3 -1 0
892 5 21 1 0
893 76 36 -1 0
894 92 8 -1 0
895 77 5 0 -1
896 87 24 1 0
897 46 3 0 1
898 68 37 0 -1
899 22 36 0 1
900 96 9 0 1
901 39 1 0 -1
902 44 4 0 1
903 24 8 -1 0
904 10 11 0 -1
905 12 18 1 0
906 67 25 0 1
907 76 25 1 0
908 43 20 0 1
909 29 26 0 1
910 14 27 1 0
911 7 22 0 1
912 52 36 1 0
913 18 18 0 1
914 20 38 0 1
915 45 24 0 -1
916 29 27 0 -1
917 26 3 -1 0
918 2 39 1 0
919 48 37 0 1
920 93 14 1 0
921 24 34 -1 0
922 54 37 -1 0
923 63 13 -1 0
924 20 6 1 0
925 26 28 0 1
926 51 29 0 -1
927 87 20 0 -1
928 2 36 1 0
929 62 7 0 1
930 3 8 0 1
931 86 28 1 0
932 22 12 1 0
933 22 31 1 0
934 89 10 0 -1
935 96 5 1 0
936 55 34 0 1
937 25 16 0 -1
938 83 17 1 0
939 40 7 0 -1
940 7 30 1 0
941 11 31 0 -1
942 70 21 -1 0
943 41 29 -1 0
944 49 26 0 1
945 17 11 -1 0
946 6 33 0 1
947 2 20 0 -1
948 53 20 0 1
949 9 8 1 0
950 23 21 1 0
951 12 0 0 1
952 54 12 0 1
953 79 12 0 1
954 26 11 1 0
955 35 34 0 -1
956 22 21 -1 0
957 11 2 -1 0
958 46 9 -1 0
959 63 17 0 1
960 19 8 1 0
961 0 16 0 1
962 75 34 1 0
963 23 30 -1 0
964 65 25 -1 0
965 45 5 -1 0
966 11 37 -1 0
967 77 6 -1 0
968 0 1 0 1
969 94 39 -1 0
970 25 34 1 0
971 27 12 0 1
972 79 16 0 -1
973 90 15 -1 0
974 23 8 1 0
975 49 2 0 1
976 15 8 -1 0
977 13 28 0 -1
978 6 39 -1 0
979 87 18 0 -1
980 75 20 0 -1
981 51 7 1 0
982 25 17 1 0
983 98 37 -1 0
984 58 32 0 1
985 94 26 0 -1
986 40 34 -1 0
987 42 1 0 -1
988 5 13 0 -1
989 23 32 -1 0
990 39 17 0 -1
991 68 13 0 1
992 10 24 0 1
993 8 4 1 0
994 10 36 0 1
995 45 6 0 1
996 50 2 -1 0
997 94 1 0 -1
998 77 29 0 -1
999 93 3 -1 0
1000 78 31 0 -1
1001 18 19 0 -1
1002 64 2 -1 0
1003 59 4 1 0
1004 42 29 1 0
1005 78 39 1 0
1006 50 23 -1 0
1007 87 27 -1 0
1008 28 31 0 1
1009 57 8 -1 0
1010 81 20 -1 0
1011 15 4 0 -1
1012 47 17 1 0
1013 23 5 1 0
1014 16 38 0 -1
1015 80 6 0 1
1016 81 28 -1 0
1017 8 39 1 0
1018 24 36 0 -1
1019 91 0 0 1
1020 85 3 -1 0
1021 2 14 0 1
1022 28 22 0 1
1023 26 15 0 1
1024 39 29 0 -1
1025 36 9 0 1
1026 21 34 0 1
1027 11 9 0 -1
1028 86 24 -1 0
1029 45 37 1 0
1030 27 33 0 -1
1031 25 39 0 -1
1032 46 31 0 1
1033 48 10 -1 0
1034 96 38 0 1
1035 41 18 -1 0
1036 10 28 1 0
1037 74 37 1 0
1038 84 18 0 1
1039 7 38 1 0
1040 0 1 1 0
1041 24 23 0 -1
1042 93 35 1 0
1043 53 21 0 1
1044 62 7 0 1
1045 49 9 0 1
1046 87 12 -1 0
1047 3 18 0 -1
1048 5 3 1 0
1049 1 31 0 -1
1050 25 12 0 1
1051 10 6 0 -1
1052 87 33 0 1
1053 88 15 0 1
1054 49 20 0 1
1055 0 18 -1 0
1056 47 2 -1 0
1057 26 38 0 1
1058 22 24 0 1
1059 86 19 0 1
1060 63 25 1 0
1061 79 2 0 -1
1062 9 5 -1 0
1063 73 16 -1 0
1064 19 19 1 0
1065 40 22 1 0
1066 53 25 0 1
1067 23 30 0 -1
1068 25 29 0 -1
1069 54 17 0 -1
1070 46 0 1 0
1071 97 29 -1 0
1072 55 26 -1 0
1073 39 19 -1 0
1074 1 15 1 0
1075 97 25 0 -1
1076 48 28 1 0
1077 22 19 0 -1
1078 44 25 -1 0
1079 58 10 0 1
1080 0 29 1 0
1081 26 10 0 -1
1082 8 31 -1 0
1083 28 10 1 0
1084 91 24 0 1
1085 59 13 0 1
1086 1 13 -1 0
1087 39 20 0 1
1088 27 4 -1 0
1089 47 37 0 1
1090 51 21 1 0
1091 12 19 1 0
1092 60 38 0 -1
1093 27 16 0 1
1094 77 37 0 1
1095 97 27 0 1
1096 17 37 0 1
1097 16 13 0 -1
1098 42 5 0 -1
1099 22 21 0 -1
1100 12 39 0 -1
1101 5 17 0 1
1102 91 21 -1 0
1103 37 3 1 0
1104 43 23 -1 0
1105 96 28 -1 0
1106 13 29 -1 0
1107 41 21 0 -1
1108 48 25 1 0
1109 84 26 0 1
1110 16 30 0 1
1111 81 9 -1 0
1112 43 33 -1 0
1113 93 10 -1 0
1114 28 36 0 1
1115 63 36 -1 0
1116 19 25 0 -1
1117 14 2 0 1
1118 89 21 1 0
1119 21 20 0 -1
1120 32 14 0 1
1121 47 14 1 0
1122 24 5 0 1
1123 68 3 -1 0
1124 56 18 -1 0
1125 55 22 0 -1
1126 26 14 1 0
1127 22 16 0 1
1128 16 12 0 1
1129 15 3 1 0
1130 50 19 0 1
1131 49 19 0 1
1132 49 10 0 1
1133 26 33 0 1
1134 13 35 1 0
1135 52 28 0 -1
1136 67 15 -1 0
1137 13 22 -1 0
1138 24 2 -1 0
1139 86 33 1 0
1140 24 24 -1 0
1141 18 17 -1 0
1142 15 39 0 -1
1143 96 0 0 1
1144 60 24 -1 0
1145 49 33 1 0
1146 47 4 0 -1
1147 51 3 -1 0
1148 98 22 0 -1
1149 87 35 0 -1
1150 69 10 0 1
1151 94 16 0 -1
1152 62 1 0 -1
1153 74 22 -1 0
1154 50 12 1 0
1155 23 10 -1 0
1156 24 23 1 0
1157 59 20 -1 0
1158 11 21 0 -1
1159 95 23 0 1
1160 43 23 0 -1
1161 63 13 -1 0
1162 30 4 1 0
1163 1 9 0 1
1164 66 35 -1 0
1165 26 5 0 1
1166 74 15 -1 0
1167 42 11 0 1
1168 37 6 1 0
1169 9 23 0 -1
1170 95 36 0 1
1171 40 13 0 1
1172 40 14 0 1
1173 20 11 0 -1
1174 23 26 0 -1
1175 38 27 -1 0
1176 21 7 -1 0
1177 35 36 0 -1
1178 24 6 -1 0
1179 85 21 1 0
1180 19 35 -1 0
1181 21 37 1 0
1182 73 32 1 0
1183 1 22 -1 0
1184 16 10 -1 0
1185 86 33 0 1
1186 71 24 0 -1
1187 42 30 1 0
1188 90 35 1 0
1189 80 5 -1 0
1190 92 18 0 -1
1191 23 31 -1 0
1192 23 34 0 1
1193 25 6 -1 0
1194 55 14 0 1
1195 6 6 -1 0
1196 0 33 0 1
1197 46 29 0 1
1198 55 14 0 -1
1199 10 7 -1 0
1200 56 10 -1 0
1201 45 34 1 0
1202 20 6 -1 0
1203 1 36 0 1
1204 54 3 0 -1
1205 16 20 1 0
1206 8 22 0 -1
1207 24 10 0 1
1208 77 1 0 -1
1209 0 34 -1 0
1210 39 9 1 0
1211 10 29 0 1
1212 95 3 0 1
1213 96 21 0 1
1214 30 8 0 -1
1215 40 37 1 0
1216 53 23 0 -1
1217 36 28 0 1
1218 53 10 1 0
1219 25 31 1 0
1220 1 12 0 -1
1221 43 24 0 -1
1222 84 13 0 1
1223 20 31 -1 0
1224 23 20 0 -1
1225 99 35 0 1
1226 50 23 -1 0
1227 4 23 -1 0
1228 53 27 0 -1
1229 43 21 0 1
1230 7 18 1 0
1231 11 13 0 -1
1232 25 8 0 1
1233 91 23 0 1
1234 6 7 0 -1
1235 60 0 0 -1
1236 23 25 0 1
1237 51 35 0 1
1238 17 13 0 1
1239 97 27 0 1
1240 42 25 1 0
1241 70 21 -1 0
1242 55 15 1 0
1243 86 37 -1 0
1244 21 12 0 1
1245 90 26 -1 0
1246 89 27 0 1
1247 22 25 0 -1
1248 7 6 0 -1
1249 27 20 0 -1
1250 52 22 0 -1
1251 26 14 0 -1
1252 29 33 -1 0
1253 53 19 0 1
1254 41 26 0 1
1255 15 27 0 1
1256 70 29 1 0
1257 87 12 -1 0
1258 57 13 0 -1
1259 80 32 0 1
1260 6 4 0 -1
1261 72 6 0 1
1262 22 12 -1 0
1263 15 0 0 -1
1264 97 25 -1 0
1265 67 29 0 -1
1266 67 37 -1 0
1267 8 15 1 0
1268 99 27 0 -1
1269 55 23 -1 0
1270 61 37 1 0
1271 97 22 0 -1
1272 27 25 0 1
1273 47 12 1 0
1274 24 29 -1 0
1275 3 0 0 -1
1276 99 26 0 -1
1277 43 3 1 0
1278 68 38 -1 0
1279 50 25 0 -1
1280 4 13 0 -1
1281 41 30 0 -1
1282 30 19 1 0
1283 29 7 -1 0
1284 38 34 1 0
1285 24 14 -1 0
1286 79 19 1 0
1287 22 37 -1 0
1288 15 17 0 1
1289 43 38 1 0
1290 38 36 -1 0
1291 58 23 1 0
1292 53 7 1 0
1293 59 3 0 1
1294 62 9 -1 0
1295 20 34 1 0
1296 28 8 0 1
1297 86 38 0 1
1298 43 39 0 -1
1299 19 27 0 -1
1300 85 27 0 1
1301 74 22 0 -1
1302 16 12 0 -1
1303 56 34 0 -1
1304 95 4 0 1
1305 25 0 0 1
1306 57 2 1 0
1307 72 33 1 0
1308 89 29 -1 0
1309 52 22 0 -1
1310 38 1 -1 0
1311 47 35 -1 0
1312 40 13 -1 0
1313 27 17 1 0
1314 12 10 -1 0
1315 12 2 0 -1
1316 98 9 0 1
1317 44 31 0 -1
1318 41 17 0 1
1319 71 20 0 1
1320 46 10 0 1
1321 91 39 -1 0
1322 26 11 -1 0
1323 42 31 0 -1
1324 59 6 0 1
1325 87 27 0 1
1326 99 31 -1 0
1327 27 38 1 0
1328 21 1 0 -1
1329 82 21 1 0
1330 26 19 0 1
1331 26 36 1 0
1332 95 36 1 0
1333 1 28 -1 0
1334 66 29 -1 0
1335 95 24 0 -1
1336 0 26 0 -1
1337 41 22 0 -1
1338 83 23 0 -1
1339 29 6 1 0
1340 13 12 0 -1
1341 35 15 0 1
1342 46 23 0 -1
1343 68 4 0 1
1344 39 20 -1 0
1345 26 16 0 -1
1346 45 7 0 -1
1347 26 29 1 0
1348 52 20 1 0
1349 4 35 -1 0
1350 24 12 0 -1
1351 25 5 0 -1
1352 29 31 0 -1
1353 45 33 -1 0
1354 74 4 0 -1
1355 50 25 0 1
1356 42 10 0 1
1357 54 9 0 -1
1358 16 2 -1 0
1359 86 3 0 1
1360 44 30 0 1
1361 94 5 0 1
1362 92 6 0 -1
1363 31 13 1 0
1364 76 39 0 1
1365 55 7 0 1
1366 6 34 0 -1
1367 69 23 1 0
1368 75 29 0 -1
1369 53 3 -1 0
1370 95 31 1 0
1371 62 25 1 0
1372 29 21 0 1
1373 36 13 0 1
1374 11 25 1 0
1375 4 21 0 1
1376 57 12 0 -1
1377 14 22 1 0
1378 52 38 -1 0
1379 5 22 0 1
1380 15 9 0 -1
1381 30 14 0 1
1382 37 19 -1 0
1383 81 0 -1 0
1384 23 15 0 -1
1385 27 12 1 0
1386 17 10 0 -1
1387 54 1 0 1
1388 69 36 0 -1
1389 70 33 1 0
1390 94 14 -1 0
1391 45 17 -1 0
1392 14 4 1 0
1393 92 21 1 0
1394 68 1 1 0
1395 10 24 0 1
1396 45 11 0 -1
1397 20 14 -1 0
1398 25 18 0 1
1399 95 33 0 1
1400 43 10 0 -1
1401 98 16 0 -1
1402 57 38 0 1
1403 15 2 0 1
1404 9 11 0 1
1405 30 4 0 1
1406 86 3 0 -1
1407 36 10 0 1
1408 85 20 -1 0
1409 2 38 0 -1
1410 46 2 -1 0
1411 98 29 0 1
1412 44 7 1 0
1413 71 3 1 0
1414 46 30 0 -1
1415 15 3 0 -1
1416 28 35 0 1
1417 54 7 0 1
1418 61 22 -1 0
1419 18 15 0 1
1420 91 33 0 -1
1421 98 6 -1 0
1422 98 0 0 -1
1423 49 31 1 0
1424 12 10 0 1
1425 81 17 0 1
1426 52 34 1 0
1427 51 38 1 0
1428 59 15 -1 0
1429 39 12 0 1
1430 17 32 0 -1
1431 23 27 1 0
1432 24 37 0 1
1433 58 25 -1 0
1434 98 28 1 0
1435 44 31 0 -1
1436 22 27 0 1
1437 93 1 0 -1
1438 53 38 0 -1
1439 22 5 -1 0
1440 99 23 1 0
1441 60 2 -1 0
1442 54 33 1 0
1443 68 33 0 1
1444 15 26 0 -1
1445 83 13 0 -1
1446 98 14 -1 0
1447 52 37 1 0
1448 83 31 0 -1
1449 57 36 0 -1
1450 54 33 0 1
1451 83 23 1 0
1452 49 38 0 -1
1453 88 0 0 -1
1454 37 10 1 0
1455 91 12 1 0
1456 22 25 0 1
1457 71 8 1 0
1458 65 1 0 1
1459 89 22 1 0
1460 47 21 0 -1
1461 25 33 -1 0
1462 97 36 0 1
1463 80 19 -1 0
1464 15 38 -1 0
1465 86 2 0 1
1466 70 3 0 -1
1467 47 24 -1 0
1468 42 10 0 -1
1469 8 25 0 -1
1470 24 11 0 -1
1471 18 9 0 -1
1472 84 18 -1 0
1473 35 24 0 1
1474 42 13 1 0
1475 25 10 1 0
1476 5 20 1 0
1477 31 19 0 1
1478 96 1 -1 0
1479 46 10 0 -1
1480 99 15 0 -1
1481 35 34 0 -1
1482 62 15 0 -1
1483 67 39 -1 0
1484 40 32 0 1
1485 13 10 -1 0
1486 38 39 1 0
1487 48 16 -1 0
1488 94 0 -1 0
1489 76 28 0 -1
1490 75 33 1 0
1491 5 22 0 -1
1492 6 4 -1 0
1493 23 22 0 -1
1494 97 1 0 -1
1495 82 3 -1 0
1496 74 30 1 0
1497 95 2 0 1
1498 24 11 -1 0
1499 0 32 0 1
1500 99 11 0 1
1501 71 9 1 0
1502 26 13 0 -1
1503 53 20 -1 0
1504 74 36 -1 0
1505 21 18 0 1
1506 43 30 1 0
1507 87 31 0 -1
1508 14 28 -1 0
1509 56 26 -1 0
1510 79 14 1 0
1511 17 19 -1 0
1512 66 20 0 1
1513 99 14 0 1
1514 43 26 -1 0
1515 40 17 1 0
1516 99 39 1 0
1517 3 13 1 0
1518 57 31 0 1
1519 88 12 0 1
1520 40 33 -1 0
1521 0 13 0 -1
1522 13 8 0 1
1523 59 15 0 -1
1524 48 30 -1 0
1525 44 2 0 1
1526 23 23 1 0
1527 19 14 0 -1
1528 25 29 0 1
1529 15 17 0 -1
1530 55 1 -1 0
1531 39 8 -1 0
1532 80 19 0 -1
1533 65 35 0 -1
1534 30 20 -1 0
1535 83 3 -1 0
1536 98 22 1 0
1537 99 23 0 -1
1538 18 39 -1 0
1539 4 14 0 -1
1540 10 18 1 0
1541 58 37 1 0
1542 19 23 1 0
1543 75 27 -1 0
1544 73 37 1 0
1545 11 10 -1 0
1546 96 9 -1 0
1547 38 15 1 0
1548 37 17 0 -1
1549 48 27 -1 0
1550 25 30 0 1
1551 99 3 0 -1
1552 79 18 0 -1
1553 17 2 0 1
1554 55 21 0 -1
1555 28 17 -1 0
1556 16 36 0 -1
1557 90 29 0 1
1558 99 12 0 1
1559 13 18 0 -1
1560 4 27 0 1
1561 41 1 -1 0
1562 6 24 -1 0
1563 26 12 0 -1
1564 92 36 0 -1
1565 37 23 0 -1
1566 52 20 1 0
1567 43 32 0 1
1568 84 39 0 1
1569 70 38 -1 0
1570 44 16 -1 0
1571 26 12 -1 0
1572 5 16 -1 0
1573 20 29 0 -1
1574 90 12 0 -1
1575 22 4 -1 0
1576 16 38 -1 0
1577 97 8 0 1
1578 11 13 1 0
1579 93 13 0 -1
1580 14 8 1 0
1581 95 36 0 1
1582 95 14 0 1
1583 52 0 0 -1
1584 88 15 0 -1
1585 28 36 0 -1
1586 97 3 0 1
1587 72 26 -1 0
1588 82 6 0 -1
1589 35 30 0 -1
1590 82 26 1 0
1591 13 32 0 -1
1592 42 39 1 0
1593 4 3 -1 0
1594 44 27 0 -1
1595 16 17 -1 0
1596 27 5 1 0
1597 94 11 -1 0
1598 20 34 1 0
1599 72 0 -1 0
1600 29 26 0 1
1601 26 15 -1 0
1602 42 26 0 -1
1603 18 28 0 1
1604 82 31 0 -1
1605 90 14 -1 0
1606 99 37 1 0
1607 37 6 0 1
1608 67 35 -1 0
1609 38 3 -1 0
1610 82 21 -1 0
1611 38 22 1 0
1612 58 18 -1 0
1613 41 8 -1 0
1614 46 13 1 0
1615 0 22 -1 0
1616 46 12 -1 0
1617 58 10 1 0
1618 92 3 1 0
1619 75 33 0 -1
1620 84 21 0 1
1621 17 28 0 1
1622 41 4 -1 0
1623 55 35 -1 0
1624 1 11 -1 0
1625 59 16 1 0
1626 74 19 -1 0
1627 19 9 -1 0
1628 40 22 1 0
1629 13 1 -1 0
1630 58 23 0 -1
1631 73 38 -1 0
1632 86 28 0 1
1633 13 16 0 -1
1634 90 8 0 1
1635 15 32 0 -1
1636 60 29 -1 0
1637 36 21 1 0
1638 79 0 -1 0
1639 21 28 0 -1
1640 61 15 0 1
1641 39 19 0 1
1642 89 7 0 1
1643 30 11 1 0
1644 31 24 1 0
1645 41 20 -1 0
1646 75 24 1 0
1647 48 31 0 1
1648 10 19 -1 0
1649 69 17 0 1
1650 3 0 0 1
1651 95 22 0 1
1652 55 17 -1 0
1653 8 33 0 1
1654 42 36 -1 0
1655 12 30 0 1
1656 19 29 1 0
1657 43 26 1 0
1658 28 0 0 -1
1659 81 35 1 0
1660 5 2 1 0
1661 10 2 0 -1
1662 11 39 0 -1
1663 95 16 0 -1
1664 0 17 0 1
1665 74 34 1 0
1666 43 1 0 1
1667 3 21 1 0
1668 41 39 1 0
1669 55 19 0 1
1670 55 21 0 -1
1671 48 14 0 -1
1672 50 34 0 -1
1673 79 15 0 -1
1674 61 25 0 1
1675 52 4 1 0
1676 99 21 0 1
1677 84 16 0 -1
1678 66 2 0 -1
1679 28 25 0 1
1680 0 20 0 -1
1681 57 37 -1 0
1682 12 4 1 0
1683 88 34 0 1
1684 17 36 1 0
1685 2 31 0 -1
1686 85 22 1 0
1687 13 38 1 0
1688 1 38 0 -1
1689 19 14 0 -1
1690 95 17 -1 0
1691 4 34 1 0
1692 23 12 1 0
1693 66 30 -1 0
1694 76 25 0 1
1695 42 16 1 0
1696 91 30 0 -1
1697 40 26 0 1
1698 41 33 0 -1
1699 56 28 -1 0
1700 20 5 -1 0
1701 56 38 1 0
1702 82 35 0 1
1703 96 4 1 0
1704 22 34 1 0
1705 26 20 1 0
1706 28 15 0 -1
1707 94 14 1 0
1708 39 0 0 1
1709 14 10 0 1
1710 27 37 1 0
1711 63 19 0 1
1712 86 13 0 -1
1713 24 38 1 0
1714 55 22 0 -1
1715 18 16 0 -1
1716 61 11 0 1
1717 58 27 0 -1
1718 37 32 0 -1
1719 44 3 0 1
1720 75 35 0 1
1721 46 16 -1 0
1722 91 7 -1 0
1723 82 35 0 -1
1724 22 21 -1 0
1725 69 19 0 1
1726 24 21 0 -1
1727 30 33 0 -1
1728 89 19 -1 0
1729 19 17 -1 0
1730 99 18 0 -1
1731 12 30 -1 0
1732 54 10 0 1
1733 94 4 1 0
1734 82 2 0 -1
1735 86 36 0 -1
1736 14 33 1 0
1737 69 36 1 0
1738 99 37 -1 0
1739 15 11 0 -1
1740 2 11 1 0
1741 84 19 1 0
1742 94 22 1 0
1743 3 15 1 0
1744 79 10 0 1
1745 2 28 0 1
1746 52 0 -1 0
1747 1 36 1 0
1748 0 34 0 -1
1749 74 36 0 -1
1750 48 38 -1 0
1751 23 25 0 1
1752 90 34 -1 0
1753 53 37 -1 0
1754 20 4 -1 0
1755 76 24 -1 0
1756 82 32 0 -1
1757 92 39 1 0
1758 51 34 1 0
1759 4 14 0 -1
1760 74 23 -1 0
1761 10 12 1 0
1762 53 37 -1 0
1763 85 18 0 -1
1764 4 22 -1 0
1765 45 33 -1 0
1766 43 12 -1 0
1767 68 33 0 1
1768 26 38 0 -1
1769 46 20 1 0
1770 21 29 1 0
1771 29 21 0 1
1772 86 37 -1 0
1773 58 29 0 1
1774 48 33 0 -1
1775 18 8 0 -1
1776 93 14 -1 0
1777 8 26 -1 0
1778 89 6 0 -1
1779 3 33 0 -1
1780 96 0 1 0
1781 25 23 0 1
1782 93 38 0 1
1783 21 36 -1 0
1784 81 1 0 -1
1785 42 21 -1 0
1786 65 17 1 0
1787 60 24 1 0
1788 6 20 -1 0
1789 82 7 1 0
1790 41 17 -1 0
1791 6 31 0 1
1792 8 1 -1 0
1793 91 30 1 0
1794 13 35 -1 0
1795 9 3 1 0
1796 46 6 0 1
1797 84 23 1 0
1798 92 29 1 0
1799 47 30 -1 0
1800 6 0 0 1
1801 87 34 1 0
1802 25 14 0 -1
1803 59 12 -1 0
1804 97 17 0 1
1805 9 30 1 0
1806 8 16 0 -1
1807 96 21 1 0
1808 61 31 0 1
1809 26 10 1 0
1810 93 25 -1 0
1811 56 21 0 -1
1812 61 15 0 1
1813 9 34 1 0
1814 22 7 -1 0
1815 94 36 1 0
1816 46 28 0 1
1817 10 5 0 -1
1818 92 25 0 1
1819 20 38 0 -1
1820 66 39 0 1
1821 25 9 -1 0
1822 45 6 1 0
1823 38 13 1 0
1824 52 28 1 0
1825 40 26 0 1
1826 58 3 1 0
1827 82 27 0 -1
1828 1 36 1 0
1829 15 18 1 0
1830 40 22 0 -1
1831 58 38 0 -1
1832 48 15 0 1
1833 77 27 0 1
1834 79 10 0 -1
1835 50 30 1 0
1836 48 30 1 0
1837 38 36 -1 0
1838 46 32 0 1
1839 72 16 -1 0
1840 78 0 0 1
1841 42 37 0 -1
1842 13 1 1 0
1843 56 2 1 0
1844 91 14 0 1
1845 5 27 -1 0
1846 0 9 -1 0
1847 53 21 0 -1
1848 23 38 -1 0
1849 37 17 -1 0
1850 41 20 0 -1
1851 90 1 0 -1
1852 92 26 -1 0
1853 67 26 1 0
1854 25 35 -1 0
1855 13 9 1 0
1856 22 30 1 0
1857 24 13 0 1
1858 15 37 -1 0
1859 30 6 -1 0
1860 9 25 0 -1
1861 48 20 0 -1
1862 7 27 1 0
1863 55 10 0 1
1864 73 4 0 -1
1865 82 10 0 -1
1866 11 12 0 -1
1867 69 9 1 0
1868 47 1 0 1
1869 16 32 0 1
1870 52 6 -1 0
1871 8 1 1 0
1872 65 29 0 -1
1873 1 28 0 1
1874 29 4 0 1
1875 9 4 -1 0
1876 30 34 0 -1
1877 4 15 0 -1
1878 28 37 1 0
1879 37 22 -1 0
1880 54 15 1 0
1881 78 5 0 1
1882 19 18 -1 0
1883 45 36 0 1
1884 24 16 0 1
1885 24 10 0 -1
1886 6 5 0 -1
1887 45 3 -1 0
1888 40 8 0 1
1889 13 34 0 1
1890 48 25 1 0
1891 51 14 1 0
1892 23 26 1 0
1893 47 37 1 0
1894 15 37 1 0
1895 6 32 0 -1
1896 55 1 0 -1
1897 87 2 -1 0
1898 63 36 1 0
1899 8 13 -1 0
1900 9 10 0 1
1901 26 37 0 1
1902 80 36 0 -1
1903 70 31 0 -1
1904 18 10 1 0
1905 7 3 1 0
1906 81 36 0 -1
1907 41 5 -1 0
1908 46 36 0 -1
1909 51 22 -1 0
1910 7 24 1 0
1911 73 3 0 1
1912 94 16 0 1
1913 93 8 0 -1
1914 13 29 -1 0
1915 22 26 0 -1
1916 7 32 -1 0
1917 18 13 1 0
1918 93 12 0 1
1919 85 15 0 -1
1920 50 35 0 1
1921 13 29 1 0
1922 21 14 -1 0
1923 0 39 1 0
1924 40 13 1 0
1925 7 38 -1 0
1926 49 37 0 1
1927 93 23 1 0
1928 45 29 1 0
1929 23 28 0 -1
1930 94 21 0 -1
1931 97 32 0 -1
1932 45 19 1 0
1933 64 32 0 -1
1934 28 33 0 -1
1935 62 19 0 -1
1936 45 12 1 0
1937 44 26 0 1
1938 29 39 0 1
1939 41 27 -1 0
1940 0 5 0 -1
1941 41 30 0 -1
1942 87 14 1 0
1943 20 34 -1 0
1944 37 20 0 1
1945 99 23 0 -1
1946 53 29 -1 0
1947 70 23 -1 0
1948 60 0 0 -1
1949 26 36 -1 0
1950 25 21 0 1
1951 9 9 0 -1
1952 68 32 0 1
1953 91 16 0 -1
1954 49 30 0 -1
1955 72 23 1 0
1956 8 36 -1 0
1957 19 19 1 0
1958 24 12 0 -1
1959 87 37 -1 0
1960 3 21 0 -1
1961 20 33 1 0
1962 0 25 -1 0
1963 41 32 0 1
1964 48 17 0 -1
1965 69 29 0 1
1966 0 26 1 0
1967 14 9 1 0
1968 5 16 -1 0
1969 22 15 0 -1
1970 73 18 0 1
1971 81 37 1 0
1972 77 9 0 -1
1973 2 19 0 -1
1974 72 17 1 0
1975 13 27 0 1
1976 86 2 0 1
1977 58 8 1 0
1978 26 2 -1 0
1979 60 36 1 0
1980 65 0 -1 0
1981 30 30 -1 0
1982 62 37 0 1
1983 95 0 -1 0
1984 40 15 1 0
1985 85 39 -1 0
1986 84 28 0 1
1987 41 29 0 -1
1988 22 16 0 -1
1989 21 13 1 0
1990 24 7 0 1
1991 25 16 0 -1
1992 83 13 0 1
1993 39 30 1 0
1994 53 10 1 0
1995 2 17 0 -1
1996 97 30 0 1
1997 7 17 1 0
1998 27 14 -1 0
1999 93 10 0 1
2000 21 17 -1 0
2001 69 38 0 1
2002 66 20 0 1
2003 37 19 1 0
2004 48 14 0 1
2005 44 12 0 1
2006 6 5 0 1
2007 85 14 0 1
2008 37 2 0 -1
2009 77 39 -1 0
2010 27 9 0 1
2011 59 2 -1 0
2012 5 2 -1 0
2013 90 21 1 0
2014 11 2 -1 0
2015 84 20 0 1
2016 6 19 0 1
2017 24 11 1 0
2018 74 8 0 1
2019 30 5 0 -1
2020 45 35 1 0
2021 42 38 0 1
2022 45 17 0 1
2023 72 39 1 0
2024 18 29 0 -1
2025 89 3 -1 0
2026 23 29 -1 0
2027 35 30 1 0
2028 62 16 1 0
2029 26 31 0 -1
2030 60 20 1 0
2031 97 25 -1 0
2032 29 10 1 0
2033 5 13 -1 0
2034 23 34 1 0
2035 38 27 -1 0
2036 83 5 0 1
2037 42 21 1 0
2038 98 32 0 -1
2039 84 20 0 -1
2040 72 21 1 0
2041 49 25 0 -1
2042 60 3 1 0
2043 39 33 1 0
2044 6 6 0 -1
2045 13 33 0 1
2046 41 38 1 0
2047 21 19 0 -1
2048 65 23 0 1
2049 0 8 0 -1
2050 50 18 0 1
2051 96 5 -1 0
2052 17 35 1 0
2053 19 13 0 -1
2054 92 21 -1 0
2055 26 0 -1 0
2056 61 3 0 1
2057 80 2 0 -1
2058 56 16 0 1
2059 10 29 0 -1
2060 88 37 0 -1
2061 51 39 0 1
2062 39 9 1 0
2063 8 15 0 -1
2064 30 35 -1 0
2065 58 28 -1 0
2066 39 14 1 0
2067 13 22 -1 0
2068 97 33 -1 0
2069 43 16 1 0
2070 85 30 0 1
2071 6 18 0 -1
2072 83 38 1 0
2073 83 2 0 1
2074 20 27 0 1
2075 91 12 0 1
2076 8 24 1 0
2077 47 33 0 1
2078 13 20 0 -1
2079 86 19 0 1
2080 22 34 0 -1
2081 17 36 1 0
2082 53 26 -1 0
2083 48 27 1 0
2084 39 25 0 1
2085 41 18 0 -1
2086 43 31 1 0
2087 50 38 -1 0
2088 92 8 0 1
2089 49 14 1 0
2090 42 22 1 0
2091 61 24 0 1
2092 9 20 -1 0
2093 17 36 0 1
2094 88 7 -1 0
2095 70 6 0 1
2096 88 28 0 -1
2097 69 7 0 -1
2098 54 21 0 -1
2099 47 27 0 -1
2100 27 7 0 1
2101 16 30 0 -1
2102 92 0 0 -1
2103 48 23 0 -1
2104 13 31 0 1
2105 76 15 1 0
2106 19 7 -1 0
2107 4 39 1 0
2108 96 2 0 1
2109 47 5 0 -1
2110 70 15 0 -1
2111 18 28 1 0
2112 18 6 0 -1
2113 96 13 0 -1
2114 41 33 0 -1
2115 20 2 -1 0
2116 76 1 0 1
2117 39 39 -1 0
2118 87 18 1 0
2119 71 23 -1 0
2120 26 2 1 0
2121 46 33 -1 0
2122 19 18 1 0
2123 38 29 0 -1
2124 41 23 0 1
2125 93 9 1 0
2126 53 28 0 -1
2127 20 32 1 0
2128 91 2 1 0
2129 66 24 -1 0
2130 25 39 0 -1
2131 31 9 0 -1
2132 90 22 0 1
2133 36 19 -1 0
2134 98 22 1 0
2135 91 1 0 1
2136 20 25 -1 0
2137 71 37 0 1
2138 54 2 1 0
2139 40 5 0 1
2140 45 4 0 -1
2141 68 4 0 -1
2142 60 19 0 -1
2143 95 25 0 -1
2144 25 5 0 1
2145 99 29 -1 0
2146 62 39 1 0
2147 83 15 -1 0
2148 18 11 0 -1
2149 8 14 0 1
2150 52 7 -1 0
2151 22 3 -1 0
2152 68 8 0 -1
2153 1 30 0 1
2154 44 15 0 1
2155 90 19 0 1
2156 18 27 1 0
2157 44 7 1 0
2158 45 24 -1 0
2159 37 7 0 -1
2160 96 22 0 -1
2161 89 13 -1 0
2162 28 33 1 0
2163 58 35 -1 0
2164 97 15 0 -1
2165 87 30 -1 0
2166 96 15 0 1
2167 40 11 0 -1
2168 20 12 0 1
2169 25 31 -1 0
2170 18 12 1 0
2171 23 17 0 -1
2172 56 4 0 1
2173 99 12 -1 0
2174 67 18 0 1
2175 17 30 0 -1
2176 95 4 -1 0
2177 40 17 -1 0
2178 6 2 1 0
2179 6 23 -1 0
2180 99 4 -1 0
2181 49 22 1 0
2182 13 31 0 1
2183 40 0 -1 0
2184 28 13 0 1
2185 20 27 0 1
2186 83 5 0 -1
2187 20 9 0 -1
2188 46 11 1 0
2189 37 21 0 1
2190 64 22 1 0
2191 77 15 -1 0
2192 25 24 -1 0
2193 22 39 -1 0
2194 27 34 1 0
2195 5 26 1 0
2196 85 1 1 0
2197 76 20 -1 0
2198 29 11 1 0
2199 15 15 -1 0
2200 65 28 -1 0
2201 24 27 0 -1
2202 17 31 -1 0
2203 46 29 -1 0
2204 75 35 0 -1
2205 27 5 -1 0
2206 85 17 0 -1
2207 45 1 0 -1
2208 73 10 0 -1
2209 50 13 1 0
2210 87 3 1 0
2211 29 28 0 -1
2212 11 15 0 1
2213 30 29 -1 0
2214 70 33 0 -1
2215 48 21 0 -1
2216 79 37 -1 0
2217 28 5 -1 0
2218 45 13 0 1
2219 91 11 0 1
2220 7 33 1 0
2221 30 20 -1 0
2222 48 8 1 0
2223 87 2 0 -1
2224 0 14 1 0
2225 77 39 0 -1
2226 87 12 1 0
2227 54 31 -1 0
2228 77 26 1 0
2229 4 30 0 -1
2230 15 38 1 0
2231 95 37 -1 0
2232 25 18 -1 0
2233 2 32 -1 0
2234 93 19 1 0
2235 42 14 1 0
2236 27 19 0 1
2237 54 32 1 0
2238 31 25 1 0
2239 91 5 0 -1
2240 37 38 0 -1
2241 17 13 -1 0
2242 48 38 -1 0
2243 63 3 1 0
2244 44 3 -1 0
2245 84 16 -1 0
2246 21 33 1 0
2247 40 21 0 1
2248 4 15 0 -1
2249 85 18 -1 0
2250 3 0 -1 0
2251 29 21 0 1
2252 86 1 0 1
2253 16 18 0 -1
2254 29 0 1 0
2255 8 28 1 0
2256 52 15 0 -1
2257 87 29 0 1
2258 70 24 0 -1
2259 10 17 0 -1
2260 6 28 -1 0
2261 16 11 0 -1
2262 38 3 -1 0
2263 54 14 1 0
2264 85 28 0 1
2265 91 39 1 0
2266 83 33 0 1
2267 82 31 -1 0
2268 25 15 1 0
2269 96 24 1 0
2270 17 39 1 0
2271 64 21 -1 0
2272 64 23 0 1
2273 42 27 -1 0
2274 43 16 0 1
2275 45 9 0 1
2276 45 27 0 -1
2277 56 0 0 -1
2278 21 39 0 1
2279 10 31 0 1
2280 4 5 -1 0
2281 60 29 0 1
2282 97 26 0 -1
2283 98 24 -1 0
2284 91 12 1 0
2285 27 16 -1 0
2286 18 27 1 0
2287 21 35 1 0
2288 12 36 0 1
2289 40 23 0 -1
2290 98 28 -1 0
2291 38 12 -1 0
2292 88 2 0 -1
2293 48 0 0 1
2294 72 0 1 0
2295 16 9 0 -1
2296 57 27 0 -1
2297 70 37 -1 0
2298 5 20 0 -1
2299 17 38 0 -1
2300 8 23 1 0
2301 39 7 -1 0
2302 98 34 0 1
2303 7 12 1 0
2304 41 0 1 0
2305 11 12 -1 0
2306 50 9 -1 0
2307 29 7 1 0
2308 28 10 -1 0
2309 90 33 1 0
2310 44 24 -1 0
2311 44 5 0 -1
2312 43 3 0 -1
2313 23 3 0 1
2314 12 35 1 0
2315 95 25 1 0
2316 22 10 0 1
2317 23 1 0 1
2318 48 30 1 0
2319 18 25 -1 0
2320 7 3 0 -1
2321 1 33 -1 0
2322 45 28 -1 0
2323 20 16 1 0
2324 6 9 0 -1
2325 91 15 0 -1
2326 94 5 0 -1
2327 65 1 0 -1
2328 23 30 1 0
2329 97 7 1 0
2330 85 2 1 0
2331 19 4 -1 0
2332 45 29 0 -1
2333 98 25 -1 0
2334 95 33 0 1
2335 48 23 -1 0
2336 52 16 0 1
2337 93 13 0 1
2338 43 9 1 0
2339 83 16 -1 0
2340 99 22 1 0
2341 14 32 0 1
2342 84 17 -1 0
2343 43 30 0 -1
2344 79 24 1 0
2345 26 18 0 -1
2346 52 2 0 1
2347 54 30 1 0
2348 43 37 0 1
2349 17 9 -1 0
2350 84 5 0 1
2351 66 26 0 -1
2352 80 16 0 -1
2353 22 9 -1 0
2354 94 3 0 -1
2355 41 36 1 0
2356 39 14 -1 0
2357 1 5 0 1
2358 0 15 0 -1
2359 0 37 0 -1
2360 15 13 1 0
2361 56 8 0 -1
2362 20 14 0 -1
2363 24 33 1 0
2364 23 31 0 1
2365 21 23 -1 0
2366 13 13 -1 0
2367 72 31 -1 0
2368 59 12 1 0
2369 24 23 0 -1
2370 46 8 0 -1
2371 9 28 0 1
2372 23 32 0 1
2373 93 38 0 1
2374 44 7 -1 0
2375 46 1 0 1
2376 53 15 0 1
2377 51 26 0 -1
2378 3 10 0 1
2379 46 14 1 0
2380 99 19 0 1
2381 26 10 0 1
2382 50 7 -1 0
2383 3 32 0 -1
2384 97 19 0 -1
2385 94 34 -1 0
2386 95 7 -1 0
2387 99 20 0 1
2388 39 30 0 1
2389 1 3 1 0
2390 7 9 -1 0
2391 57 31 0 -1
2392 41 4 1 0
2393 85 25 0 1
2394 90 10 0 -1
2395 25 8 0 -1
2396 76 26 1 0
2397 88 16 -1 0
2398 77 23 0 -1
2399 12 10 1 0
2400 28 26 0 -1
2401 50 32 1 0
2402 38 5 0 1
2403 47 9 1 0
2404 93 14 1 0
2405 74 13 0 1
2406 11 30 -1 0
2407 47 39 0 1
2408 26 13 1 0
2409 21 1 1 0
2410 12 8 0 1
2411 4 3 1 0
2412 87 0 0 -1
2413 96 28 1 0
2414 50 20 -1 0
2415 21 1 1 0
2416 47 19 -1 0
2417 58 17 1 0
2418 89 14 0 1
2419 48 39 0 -1
2420 3 9 1 0
2421 29 32 -1 0
2422 51 27 1 0
2423 23 16 0 -1
2424 53 32 0 -1
2425 28 0 1 0
2426 69 5 1 0
2427 48 34 0 1
2428 60 12 0 1
2429 11 6 0 1
2430 70 31 0 -1
2431 95 35 1 0
2432 7 2 -1 0
2433 44 21 -1 0
2434 48 28 0 1
2435 3 30 -1 0
2436 40 7 0 -1
2437 97 30 0 -1
2438 24 39 -1 0
2439 50 24 1 0
2440 28 15 0 1
2441 27 37 -1 0
2442 40 19 0 -1
2443 67 36 -1 0
2444 95 5 0 1
2445 28 14 0 1
2446 74 2 1 0
2447 15 23 1 0
2448 95 5 1 0
2449 37 31 0 -1
2450 57 25 -1 0
2451 46 35 0 1
2452 23 18 0 1
2453 66 22 0 1
2454 25 14 0 1
2455 53 16 1 0
2456 70 33 -1 0
2457 80 30 -1 0
2458 21 21 0 1
2459 88 24 1 0
2460 43 31 1 0
2461 97 6 1 0
2462 87 22 0 1
2463 6 23 0 -1
2464 31 35 -1 0
2465 98 0 0 1
2466 30 4 0 1
2467 3 39 0 -1
2468 60 20 0 -1
2469 0 7 1 0
2470 18 7 0 1
2471 10 25 -1 0
2472 80 19 0 -1
2473 92 18 0 -1
2474 43 5 0 1
2475 16 3 0 -1
2476 7 8 1 0
2477 86 12 0 1
2478 93 28 -1 0
2479 11 5 0 1
2480 16 30 0 1
2481 28 1 1 0
2482 76 7 0 1
2483 45 8 -1 0
2484 78 19 0 -1
2485 68 26 -1 0
2486 15 13 0 -1
2487 84 7 -1 0
2488 38 5 0 -1
2489 44 11 1 0
2490 36 34 1 0
2491 44 25 0 1
2492 58 32 -1 0
2493 20 33 0 1
2494 2 15 1 0
2495 6 38 -1 0
2496 44 31 0 -1
2497 51 21 1 0
2498 41 31 1 0
2499 20 17 0 -1
2500 93 18 -1 0
2501 18 28 1 0
2502 53 18 1 0
2503 97 24 1 0
2504 44 10 -1 0
2505 55 8 0 -1
2506 78 38 0 1
2507 21 8 1 0
2508 28 25 0 1
2509 12 8 0 -1
2510 19 7 -1 0
2511 39 27 -1 0
2512 86 2 -1 0
2513 78 11 0 -1
2514 0 18 1 0
2515 64 26 0 1
2516 48 2 0 1
2517 87 6 0 -1
2518 31 21 1 0
2519 86 27 -1 0
2520 13 18 0 1
2521 78 29 0 -1
2522 50 32 -1 0
2523 15 10 0 -1
2524 99 24 -1 0
2525 0 11 0 1
2526 99 27 -1 0
2527 38 9 0 1
2528 24 16 1 0
2529 20 32 0 1
2530 37 39 0 1
2531 51 36 0 1
2532 53 27 0 1
2533 80 24 0 1
2534 17 2 0 1
2535 92 22 -1 0
2536 3 24 0 1
2537 40 14 0 -1
2538 16 4 -1 0
2539 17 8 -1 0
2540 9 20 0 1
2541 42 38 -1 0
2542 38 10 -1 0
2543 39 21 -1 0
2544 58 30 0 -1
2545 38 19 0 1
2546 58 18 -1 0
2547 35 27 -1 0
2548 9 17 0 1
2549 37 18 0 1
2550 10 30 0 -1
2551 21 3 0 1
2552 43 15 0 -1
2553 46 24 1 0
2554 41 6 0 1
2555 58 17 0 1
2556 89 39 0 1
2557 19 8 -1 0
2558 16 37 1 0
2559 79 17 1 0
2560 20 17 0 1
2561 27 31 0 -1
2562 9 38 -1 0
2563 15 1 0 1
2564 37 11 -1 0
2565 24 26 1 0
2566 91 32 0 -1
2567 21 30 -1 0
2568 55 5 -1 0
2569 50 16 0 -1
2570 91 20 1 0
2571 86 33 -1 0
2572 11 1 0 1
2573 28 12 0 1
2574 97 6 0 -1
2575 30 1 0 -1
2576 47 35 0 1
2577 42 32 0 -1
2578 47 34 -1 0
2579 7 21 0 1
2580 42 28 0 -1
2581 93 36 0 1
2582 47 23 0 1
2583 66 39 0 1
2584 35 26 0 1
2585 15 39 1 0
2586 27 20 1 0
2587 10 9 0 1
2588 39 31 0 1
2589 44 14 0 -1
2590 19 3 0 -1
2591 0 10 -1 0
2592 70 34 -1 0
2593 20 12 0 -1
2594 42 6 0 1
2595 65 5 -1 0
2596 44 11 1 0
2597 95 5 0 -1
2598 24 33 1 0
2599 30 27 0 1
2600 22 7 0 1
2601 28 31 0 1
2602 28 14 1 0
2603 78 1 1 0
2604 77 20 1 0
2605 58 14 1 0
2606 68 11 -1 0
2607 87 15 1 0
2608 83 39 0 -1
2609 46 39 0 -1
2610 48 10 1 0
2611 45 30 -1 0
2612 22 22 0 -1
2613 70 28 0 1
2614 47 13 0 1
2615 16 25 0 1
2616 19 11 1 0
2617 81 9 0 -1
2618 13 15 -1 0
2619 44 33 0 -1
2620 91 15 0 -1
2621 23 31 1 0
2622 38 2 1 0
2623 95 14 1 0
2624 75 21 0 -1
2625 23 16 0 1
2626 13 0 0 -1
2627 39 35 -1 0
2628 70 13 0 -1
2629 22 28 1 0
2630 20 20 1 0
2631 28 33 -1 0
2632 64 37 -1 0
2633 13 17 0 -1
2634 15 8 0 -1
2635 24 37 0 1
2636 60 23 -1 0
2637 44 29 0 -1
2638 74 6 0 -1
2639 16 7 1 0
2640 44 10 1 0
2641 70 14 0 -1
2642 75 19 0 1
2643 9 10 -1 0
2644 53 28 0 -1
2645 77 14 -1 0
2646 23 15 0 1
2647 11 2 1 0
2648 21 14 0 -1
2649 84 37 0 1
2650 46 23 0 1
2651 46 24 0 -1
2652 21 37 0 -1
2653 66 21 -1 0
2654 24 19 0 -1
2655 83 8 0 -1
2656 36 37 1 0
2657 83 30 0 -1
2658 81 2 1 0
2659 86 38 -1 0
2660 38 16 1 0
2661 24 38 0 1
2662 95 33 -1 0
2663 88 21 0 1
2664 62 31 0 -1
2665 9 7 -1 0
2666 43 25 0 -1
2667 95 20 -1 0
2668 26 37 -1 0
2669 31 3 -1 0
2670 27 4 0 1
2671 8 31 0 -1
2672 50 16 -1 0
2673 26 22 0 1
2674 64 16 1 0
2675 56 16 -1 0
2676 42 0 0 1
2677 45 7 0 -1
2678 56 11 0 -1
2679 45 33 0 1
2680 4 29 -1 0
2681 89 32 0 1
2682 46 26 -1 0
2683 60 30 -1 0
2684 39 18 0 -1
2685 10 33 0 1
2686 21 32 1 0
2687 1 32 -1 0
2688 95 16 -1 0
2689 16 23 -1 0
2690 11 15 0 -1
2691 53 24 0 1
2692 1 16 1 0
2693 92 28 0 1
2694 11 12 0 -1
2695 78 12 0 -1
2696 13 3 1 0
2697 17 7 -1 0
2698 80 35 1 0
2699 42 14 1 0
2700 81 28 -1 0
2701 58 3 0 1
2702 31 18 1 0
2703 0 20 -1 0
2704 88 22 -1 0
2705 39 31 0 1
2706 90 4 0 1
2707 64 30 1 0
2708 74 18 0 -1
2709 29 22 -1 0
2710 18 7 0 -1
2711 19 7 -1 0
2712 73 39 0 -1
2713 87 20 -1 0
2714 10 2 0 1
2715 56 10 0 -1
2716 0 34 0 1
2717 29 25 1 0
2718 23 29 -1 0
2719 87 23 0 -1
2720 27 29 0 1
2721 71 6 0 -1
2722 96 6 0 -1
2723 74 17 -1 0
2724 97 16 0 -1
2725 95 38 0 -1
2726 59 20 -1 0
2727 4 18 0 1
2728 74 34 -1 0
2729 25 16 -1 0
2730 62 8 1 0
2731 30 38 0 -1
2732 93 11 0 1
2733 26 27 1 0
2734 18 31 -1 0
2735 20 37 1 0
2736 11 8 1 0
2737 45 1 -1 0
2738 41 27 -1 0
2739 76 23 0 -1
2740 92 15 -1 0
2741 29 12 1 0
2742 84 34 1 0
2743 49 19 0 1
2744 14 1 0 1
2745 27 6 0 -1
2746 76 0 0 1
2747 89 35 -1 0
2748 76 5 1 0
2749 53 4 1 0
2750 37 1 1 0
2751 42 26 1 0
2752 12 39 1 0
2753 31 27 0 1
2754 75 5 0 -1
2755 49 8 0 -1
2756 68 2 0 1
2757 69 27 0 -1
2758 87 14 1 0
2759 48 2 -1 0
2760 73 20 0 -1
2761 54 8 1 0
2762 42 31 -1 0
2763 43 17 -1 0
2764 25 3 0 1
2765 18 1 0 -1
2766 22 23 0 -1
2767 25 19 0 -1
2768 85 33 1 0
2769 20 13 0 -1
2770 22 16 0 1
2771 85 8 0 1
2772 97 24 1 0
2773 3 27 -1 0
2774 49 6 -1 0
2775 46 14 0 -1
2776 51 10 1 0
2777 83 36 1 0
2778 40 15 0 1
2779 22 39 0 -1
2780 99 26 0 -1
2781 43 9 -1 0
2782 53 21 1 0
2783 53 7 -1 0
2784 0 4 0 -1
2785 45 1 -1 0
2786 26 3 0 -1
2787 48 16 0 1
2788 86 3 -1 0
2789 53 22 0 -1
2790 79 6 1 0
2791 84 14 0 1
2792 51 14 -1 0
2793 36 30 -1 0
2794 45 8 0 -1
2795 53 35 1 0
2796 59 7 0 -1
2797 22 31 0 -1
2798 63 27 0 1
2799 28 24 0 -1
2800 10 31 -1 0
2801 14 12 -1 0
2802 78 22 -1 0
2803 3 14 -1 0
2804 9 4 0 1
2805 24 32 1 0
2806 15 24 0 1
2807 5 1 0 1
2808 39 3 0 -1
2809 44 0 1 0
2810 0 22 -1 0
2811 65 8 0 1
2812 48 36 1 0
2813 23 17 0 -1
2814 77 32 1 0
2815 26 27 0 1
2816 2 32 -1 0
2817 99 14 0 -1
2818 96 37 0 -1
2819 2 28 0 -1
2820 24 30 -1 0
2821 80 33 1 0
2822 86 19 0 -1
2823 60 0 0 -1
2824 26 23 0 -1
2825 53 3 0 1
2826 62 11 0 -1
2827 12 35 -1 0
2828 47 4 0 1
2829 40 1 1 0
2830 16 37 1 0
2831 22 15 -1 0
2832 94 37 0 1
2833 81 28 0 -1
2834 37 21 1 0
2835 22 17 1 0
2836 66 11 0 -1
2837 52 27 -1 0
2838 43 14 -1 0
2839 48 33 1 0
2840 7 22 -1 0
2841 57 17 1 0
2842 81 19 1 0
2843 58 4 0 -1
2844 6 36 0 1
2845 75 13 0 -1
2846 73 17 1 0
2847 30 26 -1 0
2848 13 16 1 0
2849 76 27 -1 0
2850 24 35 1 0
2851 11 4 1 0
2852 55 18 0 -1
2853 0 16 0 1
2854 37 4 1 0
2855 40 5 0 1
2856 12 4 0 -1
2857 57 33 0 1
2858 99 22 -1 0
2859 24 9 0 -1
2860 24 31 0 -1
2861 55 0 1 0
2862 6 33 1 0
2863 89 2 0 -1
2864 17 30 0 1
2865 40 16 0 -1
2866 1 15 -1 0
2867 70 15 0 1
2868 19 26 -1 0
2869 65 10 -1 0
2870 36 20 0 1
2871 74 35 1 0
2872 83 22 0 1
2873 98 7 -1 0
2874 23 9 0 -1
2875 91 6 1 0
2876 22 36 1 0
2877 52 38 -1 0
2878 80 26 1 0
2879 41 15 1 0
2880 26 35 1 0
2881 82 14 1 0
2882 55 6 0 1
2883 67 10 0 -1
2884 10 0 0 -1
2885 49 17 1 0
2886 13 28 1 0
2887 54 13 0 -1
2888 74 9 0 1
2889 5 0 0 1
2890 79 5 0 1
2891 17 4 1 0
2892 5 33 0 1
2893 29 19 1 0
2894 95 24 0 -1
2895 5 29 0 1
2896 39 12 1 0
2897 50 25 -1 0
2898 47 21 0 -1
2899 54 31 0 1
2900 99 33 -1 0
2901 7 22 -1 0
2902 57 9 0 1
2903 90 6 -1 0
2904 91 13 -1 0
2905 26 39 0 1
2906 59 8 1 0
2907 60 13 1 0
2908 59 33 1 0
2909 41 20 1 0
2910 37 32 0 -1
2911 38 34 1 0
2912 81 14 0 1
2913 9 15 -1 0
2914 52 3 -1 0
2915 49 11 1 0
2916 23 5 -1 0
2917 44 0 0 1
2918 74 1 -1 0
2919 42 2 -1 0
2920 8 30 0 -1
2921 69 11 -1 0
2922 1 2 0 -1
2923 21 17 0 -1
2924 30 1 -1 0
2925 75 28 0 -1
2926 45 2 -1 0
2927 16 29 0 -1
2928 12 1 1 0
2929 13 9 1 0
2930 12 9 -1 0
2931 19 8 -1 0
2932 85 26 -1 0
2933 42 25 1 0
2934 66 30 0 -1
2935 29 24 1 0
2936 0 17 -1 0
2937 96 39 1 0
2938 88 33 0 1
2939 43 3 1 0
2940 56 38 -1 0
2941 39 16 0 1
2942 23 11 0 -1
2943 46 18 1 0
2944 25 20 1 0
2945 66 35 0 -1
2946 22 6 -1 0
2947 2 6 1 0
2948 94 38 0 -1
2949 50 2 0 1
2950 3 29 -1 0
2951 49 27 0 1
2952 37 31 0 1
2953 80 36 0 1
2954 39 23 0 -1
2955 2 29 -1 0
2956 54 6 0 -1
2957 87 31 0 1
2958 98 13 0 1
2959 7 25 -1 0
2960 21 15 0 1
2961 25 20 1 0
2962 29 38 0 -1
2963 5 38 0 -1
2964 29 4 1 0
2965 37 6 1 0
2966 42 6 -1 0
2967 91 28 0 -1
2968 57 36 0 1
2969 77 27 0 -1
2970 24 7 0 1
2971 60 36 1 0
2972 94 27 0 -1
2973 71 7 -1 0
2974 19 39 1 0
2975 73 29 -1 0
2976 99 32 0 1
2977 45 31 0 -1
2978 97 3 0 -1
2979 2 17 0 1
2980 18 17 0 1
2981 67 19 -1 0
2982 59 14 1 0
2983 49 32 0 -1
2984 56 25 0 1
2985 78 36 1 0
2986 94 39 -1 0
2987 98 28 0 -1
2988 63 32 1 0
2989 46 39 0 -1
2990 84 38 0 1
2991 94 20 0 -1
2992 18 29 0 -1
2993 82 33 -1 0
2994 45 10 1 0
2995 4 12 0 -1
2996 84 33 0 1
2997 55 25 0 1
2998 2 35 0 1
2999 85 35 -1 0
3000 95 39 0 1
3001 86 32 -1 0
3002 9 27 0 -1
3003 41 26 1 0
3004 28 28 1 0
3005 36 16 0 -1
3006 68 13 0 1
3007 97 19 0 1
3008 37 7 -1 0
3009 91 4 -1 0
3010 7 10 0 -1
3011 81 31 0 -1
3012 45 20 0 -1
3013 47 38 -1 0
3014 52 6 -1 0
3015 73 24 1 0
3016 7 8 1 0
3017 40 4 -1 0
3018 96 7 -1 0
3019 16 1 0 -1
3020 83 39 0 1
3021 9 5 -1 0
3022 4 0 -1 0
3023 68 27 1 0
3024 87 33 -1 0
3025 12 23 1 0
3026 44 8 1 0
3027 2 12 -1 0
3028 46 36 -1 0
3029 7 13 0 1
3030 89 16 -1 0
3031 41 26 0 -1
3032 40 18 -1 0
3033 52 18 1 0
3034 3 12 1 0
3035 6 38 -1 0
3036 70 29 0 -1
3037 19 14 0 -1
3038 44 13 0 1
3039 49 4 -1 0
3040 93 3 1 0
3041 18 35 0 -1
3042 39 20 0 1
3043 15 14 -1 0
3044 37 30 1 0
3045 85 34 0 -1
3046 59 6 0 1
3047 92 11 0 1
3048 4 2 -1 0
3049 62 2 -1 0
3050 89 17 0 -1
3051 46 22 1 0
3052 45 29 0 -1
3053 93 34 0 -1
3054 9 27 -1 0
3055 9 13 1 0
3056 29 8 -1 0
3057 11 20 -1 0
3058 13 31 0 1
3059 22 22 -1 0
3060 53 38 0 -1
3061 6 35 0 -1
3062 18 5 0 1
3063 45 2 0 -1
3064 15 23 -1 0
3065 99 20 0 -1
3066 16 10 0 -1
3067 41 11 -1 0
3068 23 39 0 -1
3069 78 34 1 0
3070 21 20 0 1
3071 98 36 0 -1
3072 59 9 0 -1
3073 84 20 0 -1
3074 52 22 0 1
3075 70 11 1 0
3076 47 28 -1 0
3077 17 21 1 0
3078 15 18 0 -1
3079 94 15 0 1
3080 14 39 1 0
3081 2 19 0 1
3082 0 28 1 0
3083 12 29 0 1
3084 95 31 0 1
3085 32 26 -1 0
3086 53 29 0 -1
3087 44 34 1 0
3088 59 38 -1 0
3089 26 25 0 1
3090 82 19 -1 0
3091 93 36 0 -1
3092 56 34 0 1
3093 15 19 0 -1
3094 70 25 0 -1
3095 92 19 -1 0
3096 90 1 -1 0
3097 66 21 0 -1
3098 46 37 0 1
3099 26 30 0 1
3100 83 22 0 1
3101 72 27 0 -1
3102 91 30 0 -1
3103 48 20 -1 0
3104 78 35 1 0
3105 10 35 0 1
3106 14 31 1 0
3107 21 11 0 1
3108 99 21 0 1
3109 67 6 0 1
3110 29 16 0 -1
3111 28 14 1 0
3112 92 20 0 -1
3113 28 15 1 0
3114 44 6 -1 0
3115 46 29 -1 0
3116 29 28 0 -1
3117 13 6 -1 0
3118 17 37 1 0
3119 11 16 -1 0
3120 54 37 0 1
3121 54 1 -1 0
3122 21 5 -1 0
3123 13 18 1 0
3124 28 23 -1 0
3125 45 15 -1 0
3126 39 29 0 1
3127 98 1 0 1
3128 41 38 0 1
3129 61 31 0 -1
3130 93 7 0 1
3131 90 29 0 -1
3132 76 12 0 1
3133 21 15 0 1
3134 10 27 1 0
3135 10 34 0 -1
3136 44 24 1 0
3137 29 27 1 0
3138 12 7 0 -1
3139 26 19 0 1
3140 20 27 -1 0
3141 72 25 0 -1
3142 25 14 1 0
3143 80 18 0 1
3144 12 14 1 0
3145 82 32 1 0
3146 90 34 1 0
3147 40 29 0 1
3148 64 33 0 -1
3149 47 33 0 1
3150 13 4 0 1
3151 43 24 -1 0
3152 46 11 1 0
3153 21 22 1 0
3154 90 9 0 -1
3155 27 32 0 1
3156 1 23 0 -1
3157 96 28 -1 0
3158 70 28 1 0
3159 73 3 0 -1
3160 59 24 0 -1
3161 89 31 1 0
3162 47 30 1 0
3163 22 18 1 0
3164 25 15 0 1
3165 13 28 0 1
3166 84 28 1 0
3167 96 0 0 1
3168 47 25 -1 0
3169 45 25 -1 0
3170 97 3 0 -1
3171 26 16 0 1
3172 93 21 1 0
3173 42 39 0 -1
3174 70 10 1 0
3175 51 16 -1 0
3176 64 26 -1 0
3177 99 0 0 -1
3178 39 15 1 0
3179 25 5 0 1
3180 96 3 0 -1
3181 93 5 0 1
3182 68 15 -1 0
3183 44 1 0 1
3184 93 35 1 0
3185 89 37 0 1
3186 55 0 0 1
3187 80 14 1 0
3188 97 2 1 0
3189 61 11 1 0
3190 18 15 0 1
3191 64 1 0 -1
3192 0 4 -1 0
3193 81 29 -1 0
3194 9 32 1 0
3195 43 28 0 -1
3196 62 20 0 1
3197 3 24 1 0
3198 23 20 -1 0
3199 75 34 0 1
3200 8 8 0 -1
3201 80 30 -1 0
3202 17 10 -1 0
3203 41 5 0 -1
3204 48 8 0 -1
3205 57 4 1 0
3206 46 36 0 1
3207 96 10 0 -1
3208 67 0 0 -1
3209 26 0 0 1
3210 49 11 -1 0
3211 58 24 0 -1
3212 21 8 -1 0
3213 22 18 -1 0
3214 82 39 1 0
3215 20 10 0 1
3216 26 11 -1 0
3217 22 25 0 -1
3218 13 36 -1 0
3219 40 5 -1 0
3220 25 23 0 -1
3221 37 15 0 -1
3222 21 31 0 1
3223 68 9 0 -1
3224 93 31 0 -1
3225 37 3 1 0
3226 85 9 1 0
3227 22 18 1 0
3228 20 16 1 0
3229 0 5 0 1
3230 38 10 0 1
3231 57 33 -1 0
3232 44 0 1 0
3233 9 3 -1 0
3234 74 1 0 1
3235 70 28 1 0
3236 64 14 0 -1
3237 19 36 0 1
3238 21 33 0 1
3239 71 34 0 1
3240 97 1 0 1
3241 54 16 1 0
3242 39 3 1 0
3243 26 1 0 -1
3244 14 10 0 -1
3245 40 9 1 0
3246 96 24 1 0
3247 39 22 0 1
3248 53 22 -1 0
3249 42 27 1 0
3250 27 13 0 1
3251 61 30 -1 0
3252 42 19 0 1
3253 57 33 0 1
3254 67 14 1 0
3255 39 7 0 -1
3256 22 26 -1 0
3257 88 37 -1 0
3258 29 13 0 -1
3259 47 6 -1 0
3260 17 16 0 -1
3261 68 4 -1 0
3262 67 11 0 -1
3263 82 28 -1 0
3264 12 8 1 0
3265 45 28 0 1
3266 3 17 0 1
3267 29 30 0 1
3268 1 34 1 0
3269 91 33 1 0
3270 54 22 -1 0
3271 77 27 1 0
3272 46 38 1 0
3273 20 23 0 -1
3274 17 15 1 0
3275 50 3 0 1
3276 2 31 0 1
3277 98 12 -1 0
3278 99 38 -1 0
3279 98 21 0 1
3280 55 26 1 0
3281 23 35 1 0
3282 23 4 1 0
3283 50 10 0 1
3284 43 27 0 -1
3285 44 22 0 -1
3286 39 36 0 -1
3287 48 12 0 1
3288 19 6 0 1
3289 68 29 1 0
3290 79 2 1 0
3291 15 9 0 1
3292 70 32 -1 0
3293 56 24 0 -1
3294 36 8 0 -1
3295 47 12 -1 0
3296 37 24 -1 0
3297 20 21 -1 0
3298 46 33 0 -1
3299 17 24 0 -1
3300 16 2 0 1
3301 26 32 0 1
3302 11 14 0 1
3303 33 26 1 0
3304 50 19 0 1
3305 27 29 -1 0
3306 34 33 -1 0
3307 98 36 1 0
3308 8 36 0 1
3309 11 33 0 1
3310 29 26 0 1
3311 55 33 -1 0
3312 41 19 1 0
3313 7 2 -1 0
3314 81 8 1 0
3315 39 21 0 -1
3316 23 32 1 0
3317 35 8 1 0
3318 18 36 0 1
3319 42 14 0 1
3320 66 24 -1 0
3321 49 38 0 1
3322 28 5 -1 0
3323 88 23 -1 0
3324 15 5 0 1
3325 43 12 1 0
3326 1 29 1 0
3327 61 12 1 0
3328 28 4 1 0
3329 61 10 1 0
3330 43 5 -1 0
3331 10 7 0 1
3332 39 17 -1 0
3333 37 5 1 0
3334 20 2 -1 0
3335 13 13 -1 0
3336 87 37 0 -1
3337 44 2 1 0
3338 85 35 0 -1
3339 87 1 0 1
3340 94 0 0 1
3341 25 7 0 -1
3342 99 24 0 1
3343 45 31 -1 0
3344 24 22 -1 0
3345 46 21 1 0
3346 5 36 0 1
3347 19 29 0 1
3348 25 2 0 -1
3349 1 16 -1 0
3350 40 3 0 -1
3351 36 0 0 -1
3352 41 14 1 0
3353 99 8 0 -1
3354 83 13 0 -1
3355 53 26 -1 0
3356 43 33 -1 0
3357 28 22 1 0
3358 24 17 -1 0
3359 79 19 0 -1
3360 80 32 0 1
3361 97 20 0 -1
3362 17 11 0 -1
3363 36 24 0 -1
3364 94 17 0 -1
3365 20 33 -1 0
3366 21 13 0 1
3367 27 36 0 -1
3368 14 1 0 1
3369 11 30 0 1
3370 41 25 0 -1
3371 13 27 0 1
3372 28 26 -1 0
3373 73 39 1 0
3374 9 22 1 0
3375 84 23 1 0
3376 12 22 -1 0
3377 29 2 1 0
3378 7 5 0 -1
3379 47 29 -1 0
3380 76 10 0 -1
3381 27 5 0 1
3382 19 37 -1 0
3383 6 37 0 -1
3384 94 3 0 1
3385 46 3 -1 0
3386 95 39 0 1
3387 42 12 0 -1
3388 92 23 0 -1
3389 86 23 -1 0
3390 78 30 1 0
3391 11 35 1 0
3392 43 13 -1 0
3393 84 4 -1 0
3394 48 11 0 1
3395 93 1 0 1
3396 22 19 1 0
3397 48 36 0 -1
3398 62 35 1 0
3399 20 11 0 -1
3400 45 2 1 0
3401 15 21 0 -1
3402 90 15 0 1
3403 10 37 0 1
3404 25 12 0 1
3405 68 0 -1 0
3406 92 3 1 0
3407 51 36 0 1
3408 46 8 0 1
3409 68 27 -1 0
3410 90 2 -1 0
3411 8 17 0 1
3412 53 19 -1 0
3413 38 14 1 0
3414 26 14 -1 0
3415 83 10 0 -1
3416 83 25 1 0
3417 71 16 1 0
3418 55 11 0 1
3419 23 20 1 0
3420 92 31 0 -1
3421 42 11 0 1
3422 48 31 0 -1
3423 57 15 0 1
3424 84 21 1 0
3425 95 4 1 0
3426 79 39 -1 0
3427 63 28 0 -1
3428 26 2 0 1
3429 64 29 0 1
3430 9 31 -1 0
3431 0 6 0 1
3432 80 27 -1 0
3433 84 22 0 -1
3434 43 27 1 0
3435 38 15 -1 0
3436 69 21 0 -1
3437 52 25 1 0
3438 9 33 -1 0
3439 12 34 1 0
3440 41 0 0 1
3441 5 25 0 -1
3442 86 30 0 -1
3443 40 6 -1 0
3444 29 32 1 0
3445 88 26 0 -1
3446 96 25 0 -1
3447 27 10 1 0
3448 27 33 -1 0
3449 83 31 1 0
3450 0 0 -1 0
3451 43 29 -1 0
3452 18 8 1 0
3453 47 25 0 1
3454 93 31 1 0
3455 59 1 -1 0
3456 36 13 0 -1
3457 13 7 1 0
3458 49 39 1 0
3459 92 23 1 0
3460 71 15 0 -1
3461 49 19 0 1
3462 32 34 0 -1
3463 60 37 -1 0
3464 12 28 -1 0
3465 90 30 -1 0
3466 27 1 0 -1
3467 66 21 -1 0
3468 18 12 0 -1
3469 22 2 1 0
3470 3 29 0 1
3471 74 33 0 -1
3472 20 19 0 -1
3473 53 19 1 0
3474 46 37 -1 0
3475 63 15 0 -1
3476 25 31 -1 0
3477 28 32 0 1
3478 16 14 0 1
3479 87 27 -1 0
3480 71 31 0 1
3481 53 13 -1 0
3482 95 15 1 0
3483 40 7 0 1
3484 25 12 0 -1
3485 44 39 0 1
3486 31 32 -1 0
3487 25 2 -1 0
3488 51 30 -1 0
3489 10 23 -1 0
3490 4 16 -1 0
3491 43 0 0 -1
3492 7 9 1 0
3493 19 12 0 -1
3494 15 27 -1 0
3495 42 20 0 1
3496 82 34 0 1
3497 88 27 1 0
3498 10 30 0 -1
3499 10 31 0 -1
3500 52 39 -1 0
3501 27 36 0 1
3502 13 25 0 1
3503 87 30 0 1
3504 90 0 1 0
3505 58 9 -1 0
3506 64 12 -1 0
3507 79 30 0 -1
3508 58 8 0 1
3509 26 33 -1 0
3510 27 23 1 0
3511 50 31 -1 0
3512 38 30 -1 0
3513 0 26 1 0
3514 51 4 0 -1
3515 80 15 1 0
3516 3 19 -1 0
3517 75 35 1 0
3518 43 34 -1 0
3519 6 18 0 1
3520 57 25 1 0
3521 78 15 0 1
3522 52 37 0 -1
3523 22 4 0 1
3524 29 6 1 0
3525 97 0 0 1
3526 41 14 1 0
3527 48 38 -1 0
3528 18 1 1 0
3529 98 39 1 0
3530 82 37 1 0
3531 11 22 -1 0
3532 6 13 0 -1
3533 2 30 1 0
3534 93 11 0 -1
3535 6 2 1 0
3536 86 29 -1 0
3537 94 15 1 0
3538 11 25 1 0
3539 9 8 0 -1
3540 99 28 0 -1
3541 14 34 0 -1
3542 76 21 0 1
3543 76 20 0 -1
3544 4 21 0 -1
3545 60 19 1 0
3546 63 23 1 0
3547 41 7 -1 0
3548 92 39 1 0
3549 43 29 0 -1
3550 73 24 0 1
3551 43 4 1 0
3552 82 3 -1 0
3553 47 24 0 1
3554 83 27 1 0
3555 13 20 0 -1
3556 73 28 0 -1
3557 24 31 -1 0
3558 86 25 0 -1
3559 56 36 0 -1
3560 10 30 1 0
3561 84 13 -1 0
3562 44 3 1 0
3563 76 7 0 -1
3564 9 39 0 1
3565 3 34 -1 0
3566 3 14 0 1
3567 90 20 0 1
3568 48 13 -1 0
3569 43 39 0 -1
3570 43 30 0 -1
3571 68 35 -1 0
3572 11 18 1 0
3573 10 25 0 1
3574 48 22 0 1
3575 52 10 -1 0
3576 27 8 -1 0
3577 44 1 1 0
3578 41 2 0 -1
3579 47 39 -1 0
3580 42 30 0 1
3581 47 13 0 1
3582 24 26 -1 0
3583 16 20 0 -1
3584 71 2 -1 0
3585 27 20 1 0
3586 72 16 0 -1
3587 71 1 -1 0
3588 47 28 0 -1
3589 7 25 0 -1
3590 9 14 0 1
3591 26 4 1 0
3592 25 0 -1 0
3593 28 16 1 0
3594 28 38 0 1
3595 42 26 0 -1
3596 94 34 0 -1
3597 2 31 -1 0
3598 98 16 -1 0
3599 20 13 0 1
