0 21 12 0 1
1 54 31 1 0
2 6 4 0 1
3 98 1 1 0
4 46 22 0 1
5 94 1 1 0
6 3 23 1 0
7 13 38 0 -1
8 16 21 1 0
9 80 37 0 1
10 85 38 -1 0
11 15 20 0 1
12 82 27 0 -1
13 14 19 1 0
14 78 12 -1 0
15 19 36 0 -1
16 82 6 0 1
17 29 21 1 0
18 91 3 0 1
19 13 29 0 1
20 7 33 0 1
21 2 34 -1 0
22 4 14 -1 0
23 53 0 0 -1
24 19 21 0 -1
25 40 16 0 -1
26 24 8 -1 0
27 57 28 0 -1
28 90 29 0 1
29 47 31 -1 0
30 49 34 0 1
31 63 36 0 1
32 5 30 0 -1
33 56 0 0 1
34 25 25 0 -1
35 76 13 0 -1
36 55 34 1 0
37 73 9 1 0
38 55 4 0 1
39 94 7 0 1
40 65 9 0 1
41 20 0 0 -1
42 26 4 0 1
43 4 0 1 0
44 78 28 0 -1
45 39 18 0 -1
46 14 9 0 -1
47 8 14 0 1
48 47 5 0 -1
49 94 30 1 0
50 85 24 1 0
51 8 6 -1 0
52 15 13 1 0
53 93 2 1 0
54 26 38 0 1
55 20 20 0 1
56 23 0 1 0
57 17 39 0 -1
58 57 23 1 0
59 44 33 -1 0
60 26 8 -1 0
61 13 25 -1 0
62 96 11 0 -1
63 2 12 -1 0
64 67 2 1 0
65 13 13 0 -1
66 42 5 1 0
67 20 21 0 -1
68 39 1 0 1
69 9 18 1 0
70 72 35 -1 0
71 51 29 1 0
72 13 25 0 -1
73 88 13 0 1
74 58 18 0 -1
75 21 23 0 -1
76 35 11 -1 0
77 22 10 0 1
78 18 32 0 1
79 49 39 1 0
80 6 29 1 0
81 7 6 1 0
82 18 20 -1 0
83 3 5 -1 0
84 20 0 1 0
85 46 8 1 0
86 9 24 -1 0
87 94 20 0 1
88 46 24 0 -1
89 63 9 0 -1
90 65 9 0 -1
91 83 3 -1 0
92 36 38 0 -1
93 84 8 0 1
94 22 20 -1 0
95 29 10 -1 0
96 94 17 0 -1
97 7 24 0 1
98 13 5 1 0
99 19 28 1 0
100 6 24 1 0
101 58 23 -1 0
102 70 39 1 0
103 98 11 -1 0
104 83 14 1 0
105 85 25 0 1
106 7 4 -1 0
107 94 18 0 1
108 40 3 0 -1
109 99 15 0 1
110 5 20 0 -1
111 14 22 0 -1
112 90 30 1 0
113 21 21 -1 0
114 10 36 0 -1
115 47 5 1 0
116 26 29 1 0
117 40 33 0 1
118 57 28 1 0
119 16 24 -1 0
120 7 7 0 -1
121 75 18 -1 0
122 60 0 0 -1
123 0 12 1 0
124 37 26 1 0
125 23 14 0 -1
126 87 32 1 0
127 1 27 0 1
128 44 29 -1 0
129 64 32 1 0
130 81 38 0 -1
131 23 5 0 -1
132 7 26 0 1
133 39 28 -1 0
134 8 2 0 -1
135 5 5 -1 0
136 42 30 0 1
137 41 28 -1 0
138 84 32 0 1
139 26 39 0 1
140 59 11 1 0
141 30 35 1 0
142 89 12 0 -1
143 48 33 0 -1
144 96 24 0 -1
145 47 5 -1 0
146 40 27 1 0
147 89 37 1 0
148 41 4 0 -1
149 52 32 0 1
150 46 37 1 0
151 96 12 0 1
152 16 3 1 0
153 43 32 -1 0
154 23 34 0 -1
155 67 0 0 -1
156 51 9 -1 0
157 90 26 0 1
158 49 38 0 -1
159 88 36 1 0
160 57 15 1 0
161 85 33 0 1
162 26 1 -1 0
163 44 3 -1 0
164 25 26 0 1
165 26 23 1 0
166 81 6 -1 0
167 48 33 1 0
168 65 15 0 1
169 29 27 1 0
170 18 30 1 0
171 27 19 -1 0
172 43 3 1 0
173 88 16 0 -1
174 99 27 -1 0
175 75 37 0 -1
176 98 0 0 -1
177 29 32 0 1
178 48 0 0 -1
179 53 12 -1 0
180 20 36 -1 0
181 70 6 0 -1
182 88 38 -1 0
183 66 0 1 0
184 64 35 -1 0
185 56 8 0 -1
186 1 24 -1 0
187 46 18 -1 0
188 68 33 -1 0
189 90 2 0 -1
190 59 22 1 0
191 37 36 -1 0
192 12 11 0 -1
193 42 31 0 -1
194 48 25 1 0
195 94 27 1 0
196 36 29 -1 0
197 39 16 -1 0
198 73 4 0 1
199 21 24 1 0
200 63 7 0 -1
201 21 22 0 -1
202 25 12 1 0
203 84 38 0 -1
204 3 18 0 -1
205 70 16 0 -1
206 29 29 0 -1
207 26 28 0 1
208 62 15 0 1
209 97 36 0 1
210 18 24 0 1
211 28 28 1 0
212 69 15 -1 0
213 16 17 -1 0
214 98 30 0 -1
215 2 34 0 -1
216 93 14 1 0
217 25 36 1 0
218 73 7 1 0
219 51 19 0 -1
220 46 26 0 -1
221 46 0 0 -1
222 16 31 1 0
223 44 30 1 0
224 2 15 0 1
225 5 8 0 1
226 41 21 -1 0
227 97 22 0 -1
228 28 14 -1 0
229 91 33 1 0
230 83 17 0 -1
231 91 0 0 1
232 95 24 1 0
233 27 2 -1 0
234 26 29 0 -1
235 5 25 1 0
236 53 30 0 1
237 13 37 -1 0
238 46 3 -1 0
239 99 19 1 0
240 82 36 0 1
241 93 10 -1 0
242 58 18 -1 0
243 20 24 -1 0
244 76 24 0 1
245 99 13 0 1
246 95 25 0 1
247 65 8 0 -1
248 40 5 0 -1
249 87 13 1 0
250 66 32 -1 0
251 25 14 0 -1
252 26 25 0 1
253 12 5 1 0
254 24 27 0 -1
255 27 4 -1 0
256 13 33 0 -1
257 83 8 1 0
258 15 28 -1 0
259 96 5 0 -1
260 56 23 -1 0
261 81 15 1 0
262 8 13 0 1
263 56 19 0 -1
264 59 24 0 1
265 18 19 0 1
266 41 29 1 0
267 76 0 -1 0
268 94 3 0 -1
269 91 30 0 1
270 19 25 0 1
271 71 30 0 1
272 96 23 -1 0
273 87 13 0 1
274 57 0 1 0
275 59 2 1 0
276 51 9 0 1
277 38 38 0 -1
278 47 13 0 -1
279 43 32 -1 0
280 17 39 0 1
281 68 16 0 -1
282 90 20 0 -1
283 10 38 -1 0
284 21 35 -1 0
285 69 39 1 0
286 50 0 0 1
287 70 23 1 0
288 7 5 1 0
289 27 10 1 0
290 46 7 0 -1
291 17 23 -1 0
292 98 23 -1 0
293 65 5 -1 0
294 98 20 0 1
295 44 32 -1 0
296 74 15 0 1
297 86 19 1 0
298 51 26 1 0
299 22 34 0 1
300 10 15 -1 0
301 92 31 0 -1
302 4 1 1 0
303 69 23 0 -1
304 47 32 -1 0
305 9 14 -1 0
306 97 34 0 -1
307 89 23 0 1
308 41 31 0 1
309 28 3 -1 0
310 50 25 -1 0
311 64 15 1 0
312 34 31 1 0
313 26 34 0 -1
314 46 33 0 1
315 12 34 0 -1
316 19 22 0 -1
317 21 31 1 0
318 24 39 1 0
319 83 32 -1 0
320 44 30 0 1
321 81 28 -1 0
322 19 5 1 0
323 77 20 0 -1
324 94 20 -1 0
325 90 2 0 -1
326 23 39 -1 0
327 53 11 1 0
328 13 30 0 1
329 41 21 1 0
330 18 17 1 0
331 83 39 -1 0
332 3 26 -1 0
333 0 3 0 -1
334 7 1 0 -1
335 14 31 0 1
336 23 27 -1 0
337 20 0 1 0
338 2 23 1 0
339 86 27 0 -1
340 55 23 -1 0
341 25 17 0 1
342 2 24 -1 0
343 88 22 0 1
344 5 14 -1 0
345 70 8 1 0
346 25 23 -1 0
347 47 37 0 1
348 28 23 0 1
349 97 31 0 -1
350 67 0 1 0
351 83 27 -1 0
352 48 34 0 -1
353 91 24 1 0
354 55 25 0 -1
355 43 4 0 -1
356 19 10 0 1
357 41 17 0 1
358 43 33 0 1
359 84 39 1 0
360 26 4 0 1
361 27 34 0 1
362 8 22 -1 0
363 47 2 0 -1
364 25 36 0 1
365 90 33 0 -1
366 59 21 -1 0
367 46 5 1 0
368 1 16 0 -1
369 64 15 -1 0
370 91 25 0 -1
371 32 6 0 1
372 83 30 0 -1
373 52 2 -1 0
374 24 27 -1 0
375 23 17 0 1
376 6 10 0 1
377 42 2 0 -1
378 38 4 1 0
379 40 34 -1 0
380 17 28 0 1
381 66 1 0 1
382 40 10 -1 0
383 80 10 0 -1
384 66 5 0 -1
385 23 7 0 -1
386 18 25 0 1
387 24 37 1 0
388 44 8 0 1
389 60 35 0 -1
390 6 38 1 0
391 0 14 -1 0
392 78 13 -1 0
393 60 36 -1 0
394 93 9 0 -1
395 1 17 0 -1
396 18 2 0 1
397 39 18 1 0
398 25 3 0 1
399 91 27 0 1
400 78 29 1 0
401 17 0 1 0
402 95 21 1 0
403 41 9 0 -1
404 71 22 0 -1
405 86 22 0 -1
406 56 6 -1 0
407 84 30 -1 0
408 25 30 0 -1
409 58 8 1 0
410 19 6 1 0
411 45 2 0 -1
412 94 9 0 -1
413 52 5 1 0
414 75 0 0 -1
415 25 24 -1 0
416 92 4 1 0
417 21 13 -1 0
418 52 30 -1 0
419 62 7 0 -1
420 17 11 0 -1
421 44 32 0 -1
422 45 5 0 1
423 69 37 1 0
424 25 3 -1 0
425 23 36 0 1
426 98 4 -1 0
427 78 27 -1 0
428 56 30 0 -1
429 41 26 1 0
430 24 14 1 0
431 77 39 0 1
432 50 24 0 1
433 55 39 -1 0
434 10 3 1 0
435 53 1 -1 0
436 39 10 -1 0
437 78 1 0 1
438 14 29 0 1
439 70 39 0 -1
440 4 9 0 1
441 2 28 1 0
442 79 1 1 0
443 20 11 0 -1
444 26 30 0 -1
445 75 32 0 1
446 15 9 -1 0
447 84 34 1 0
448 66 4 0 1
449 9 5 0 -1
450 5 18 -1 0
451 95 34 -1 0
452 1 29 0 -1
453 17 11 1 0
454 22 27 -1 0
455 58 9 0 -1
456 21 24 -1 0
457 98 16 0 -1
458 67 3 0 -1
459 16 14 0 -1
460 24 19 0 -1
461 78 30 0 -1
462 7 30 0 1
463 37 24 0 1
464 36 10 -1 0
465 76 31 0 -1
466 45 39 -1 0
467 81 18 1 0
468 42 11 0 1
469 52 13 1 0
470 70 36 0 -1
471 49 37 0 -1
472 3 33 1 0
473 58 13 1 0
474 54 38 1 0
475 86 0 -1 0
476 3 19 0 -1
477 96 2 1 0
478 24 24 0 -1
479 33 13 1 0
480 41 25 0 1
481 92 6 1 0
482 95 13 -1 0
483 42 10 1 0
484 25 37 -1 0
485 81 4 -1 0
486 14 13 0 -1
487 85 6 0 -1
488 22 20 -1 0
489 72 19 1 0
490 20 1 0 -1
491 7 21 0 1
492 19 39 0 1
493 42 18 -1 0
494 72 8 -1 0
495 55 37 0 -1
496 60 0 0 -1
497 8 17 -1 0
498 14 30 -1 0
499 48 3 -1 0
500 8 23 0 -1
501 26 35 0 -1
502 42 7 -1 0
503 27 24 0 -1
504 22 20 0 -1
505 52 30 0 1
506 54 5 0 -1
507 42 22 0 1
508 44 27 1 0
509 5 22 1 0
510 82 16 -1 0
511 26 7 0 1
512 11 5 0 -1
513 18 10 -1 0
514 38 31 1 0
515 77 16 -1 0
516 73 2 0 1
517 52 38 0 -1
518 40 19 1 0
519 3 37 0 1
520 97 9 1 0
521 51 5 0 -1
522 4 26 -1 0
523 21 0 1 0
524 0 34 -1 0
525 79 20 0 -1
526 19 26 0 1
527 47 18 1 0
528 55 27 0 -1
529 61 32 -1 0
530 96 36 0 -1
531 89 21 0 1
532 78 8 1 0
533 8 4 -1 0
534 18 30 0 -1
535 86 4 0 -1
536 16 20 1 0
537 51 10 0 1
538 52 39 0 1
539 96 0 0 -1
540 22 34 1 0
541 39 33 0 1
542 3 38 1 0
543 36 13 0 1
544 20 39 1 0
545 8 5 0 -1
546 61 38 1 0
547 71 25 -1 0
548 24 14 1 0
549 92 23 -1 0
550 16 20 -1 0
551 74 13 0 -1
552 97 19 1 0
553 37 38 1 0
554 99 8 0 1
555 19 39 1 0
556 50 37 -1 0
557 69 25 1 0
558 27 18 1 0
559 54 30 0 1
560 7 16 0 1
561 89 34 0 1
562 42 6 -1 0
563 84 11 0 -1
564 48 25 -1 0
565 44 9 -1 0
566 25 18 0 -1
567 89 3 0 -1
568 71 0 0 1
569 88 7 0 -1
570 22 39 0 -1
571 14 31 0 1
572 37 13 -1 0
573 44 12 0 1
574 19 36 1 0
575 10 6 0 -1
576 59 23 -1 0
577 63 4 0 -1
578 29 21 -1 0
579 5 38 0 -1
580 84 21 0 -1
581 54 34 0 -1
582 7 29 -1 0
583 40 33 0 1
584 1 37 -1 0
585 19 27 0 -1
586 97 9 1 0
587 69 15 1 0
588 90 3 1 0
589 3 20 0 -1
590 65 25 0 1
591 2 33 0 1
592 18 38 0 -1
593 25 9 1 0
594 55 1 1 0
595 8 15 0 1
596 43 23 1 0
597 27 25 1 0
598 44 12 -1 0
599 62 11 -1 0
600 21 18 -1 0
601 80 23 0 1
602 91 16 -1 0
603 89 28 -1 0
604 13 20 1 0
605 24 23 -1 0
606 16 35 -1 0
607 40 5 0 -1
608 62 37 -1 0
609 30 31 -1 0
610 59 2 1 0
611 95 31 0 1
612 60 22 -1 0
613 46 7 -1 0
614 43 39 -1 0
615 54 2 0 -1
616 42 29 1 0
617 6 2 1 0
618 80 31 0 1
619 19 37 1 0
620 62 34 -1 0
621 77 14 0 1
622 16 11 0 1
623 45 27 0 1
624 22 38 -1 0
625 87 29 0 -1
626 40 39 0 1
627 13 10 1 0
628 87 20 0 1
629 47 34 1 0
630 13 3 1 0
631 31 5 0 1
632 86 35 0 -1
633 8 1 0 1
634 23 31 -1 0
635 39 15 -1 0
636 93 38 0 -1
637 3 15 1 0
638 28 21 -1 0
639 43 21 0 1
640 16 9 1 0
641 43 26 1 0
642 43 12 0 1
643 17 37 0 1
644 14 7 -1 0
645 40 36 0 -1
646 21 32 0 -1
647 44 4 0 -1
648 95 6 0 1
649 79 38 1 0
650 40 30 0 -1
651 36 33 1 0
652 24 2 1 0
653 10 32 1 0
654 18 37 1 0
655 75 3 -1 0
656 38 22 1 0
657 43 2 0 1
658 29 28 0 -1
659 18 16 -1 0
660 90 29 -1 0
661 61 38 -1 0
662 20 21 0 -1
663 75 28 -1 0
664 91 26 1 0
665 11 31 0 1
666 15 14 1 0
667 89 16 -1 0
668 26 27 0 1
669 89 21 1 0
670 43 16 1 0
671 65 0 1 0
672 30 23 1 0
673 97 9 0 1
674 52 26 -1 0
675 17 35 1 0
676 85 24 0 1
677 25 25 0 1
678 94 36 0 1
679 12 33 0 -1
680 43 21 0 -1
681 86 29 1 0
682 38 20 1 0
683 16 15 -1 0
684 56 4 -1 0
685 53 22 1 0
686 62 23 1 0
687 44 20 1 0
688 45 14 0 -1
689 9 35 0 1
690 28 1 0 -1
691 8 0 0 1
692 28 25 0 1
693 28 9 0 1
694 10 25 -1 0
695 55 3 1 0
696 49 5 0 1
697 60 16 -1 0
698 65 14 1 0
699 38 35 0 -1
700 90 31 0 -1
701 98 0 0 -1
702 64 7 1 0
703 78 24 0 -1
704 36 30 0 -1
705 54 39 1 0
706 59 23 1 0
707 80 25 1 0
708 13 14 -1 0
709 45 36 -1 0
710 27 19 -1 0
711 0 26 0 -1
712 81 36 1 0
713 7 14 -1 0
714 48 3 0 -1
715 21 19 0 1
716 20 19 0 1
717 99 23 0 1
718 7 27 -1 0
719 62 33 0 1
720 12 36 0 -1
721 73 39 1 0
722 71 12 0 1
723 1 23 1 0
724 2 23 0 -1
725 14 14 0 1
726 82 34 -1 0
727 25 29 0 1
728 37 38 1 0
729 50 13 1 0
730 79 32 1 0
731 52 17 -1 0
732 26 8 0 -1
733 91 28 -1 0
734 38 14 0 1
735 8 19 -1 0
736 99 4 -1 0
737 69 38 0 -1
738 38 3 0 1
739 81 36 0 1
740 10 12 0 1
741 46 13 0 1
742 23 22 -1 0
743 1 12 0 -1
744 60 21 1 0
745 92 35 1 0
746 9 14 1 0
747 18 6 -1 0
748 35 9 -1 0
749 45 3 0 -1
750 55 34 0 -1
751 55 17 0 -1
752 88 39 -1 0
753 28 34 1 0
754 9 20 0 -1
755 40 14 0 -1
756 68 17 0 -1
757 17 6 1 0
758 91 4 -1 0
759 12 19 -1 0
760 54 3 1 0
761 90 11 0 1
762 25 13 0 -1
763 23 17 -1 0
764 35 38 -1 0
765 70 37 0 -1
766 48 20 1 0
767 92 18 0 -1
768 99 7 0 -1
769 81 7 1 0
770 6 1 0 1
771 23 7 0 1
772 91 19 -1 0
773 39 33 -1 0
774 29 34 1 0
775 10 34 -1 0
776 24 14 1 0
777 83 11 0 1
778 72 0 0 -1
779 58 36 0 1
780 20 12 0 1
781 3 33 1 0
782 57 7 1 0
783 26 34 0 1
784 13 13 -1 0
785 85 17 0 1
786 49 17 0 1
787 94 30 0 1
788 5 36 0 -1
789 95 36 1 0
790 22 27 0 -1
791 8 39 0 1
792 84 17 0 -1
793 2 6 1 0
794 88 3 1 0
795 25 6 -1 0
796 10 4 0 -1
797 2 39 0 1
798 82 19 1 0
799 61 32 1 0
800 44 0 0 -1
801 82 18 -1 0
802 91 29 0 1
803 48 33 0 1
804 54 27 -1 0
805 38 16 0 -1
806 71 34 1 0
807 10 19 0 -1
808 71 5 -1 0
809 7 26 0 -1
810 16 10 1 0
811 53 14 0 -1
812 16 2 0 1
813 7 25 1 0
814 50 20 1 0
815 46 11 -1 0
816 54 31 -1 0
817 79 0 0 -1
818 13 28 0 1
819 84 6 0 1
820 38 7 -1 0
821 25 27 -1 0
822 48 21 -1 0
823 40 39 -1 0
824 64 6 0 -1
825 98 5 0 -1
826 97 7 -1 0
827 2 26 0 -1
828 97 14 -1 0
829 8 27 0 1
830 56 31 0 1
831 41 9 -1 0
832 86 31 0 -1
833 6 0 0 -1
834 79 36 0 1
835 88 12 0 -1
836 41 0 1 0
837 44 14 0 1
838 14 18 -1 0
839 15 4 1 0
840 6 36 0 1
841 93 14 0 -1
842 27 0 0 -1
843 77 9 -1 0
844 13 11 -1 0
845 8 29 1 0
846 18 20 0 -1
847 2 36 -1 0
848 45 19 0 1
849 39 31 0 1
850 5 20 0 -1
851 80 27 0 -1
852 51 26 -1 0
853 95 4 0 -1
854 29 11 0 -1
855 86 11 0 -1
856 46 35 0 -1
857 55 6 -1 0
858 69 19 1 0
859 24 27 1 0
860 84 20 1 0
861 46 28 1 0
862 31 4 -1 0
863 18 0 -1 0
864 17 2 -1 0
865 81 26 1 0
866 59 1 0 -1
867 20 15 1 0
868 26 16 0 -1
869 93 39 0 -1
870 2 9 0 -1
871 42 38 0 1
872 69 2 -1 0
873 55 14 0 1
874 68 4 -1 0
875 14 36 -1 0
876 29 38 0 1
877 82 34 1 0
878 62 7 0 1
879 93 32 1 0
880 52 36 1 0
881 75 27 0 -1
882 17 21 1 0
883 88 33 1 0
884 28 35 0 1
885 94 16 0 1
886 76 9 0 -1
887 9 5 -1 0
888 5 18 0 1
889 75 21 1 0
890 89 34 -1 0
891 67 25 1 0
892 93 14 1 0
893 4 22 0 -1
894 76 6 -1 0
895 98 34 1 0
896 0 34 0 -1
897 19 19 0 -1
898 47 31 0 -1
899 11 6 -1 0
900 24 29 0 1
901 92 15 0 -1
902 5 37 1 0
903 21 19 -1 0
904 3 4 -1 0
905 9 18 1 0
906 16 3 0 1
907 41 5 1 0
908 2 16 0 -1
909 96 24 -1 0
910 0 2 -1 0
911 14 28 0 1
912 11 38 0 1
913 88 2 1 0
914 45 32 1 0
915 63 19 0 -1
916 22 13 -1 0
917 29 26 -1 0
918 15 31 0 1
919 39 23 0 1
920 3 0 -1 0
921 12 8 -1 0
922 61 29 0 1
923 10 23 1 0
924 22 39 -1 0
925 69 9 -1 0
926 56 39 -1 0
927 57 23 0 1
928 26 6 -1 0
929 44 11 0 1
930 19 11 1 0
931 25 2 0 -1
932 79 32 0 1
933 3 33 1 0
934 1 36 1 0
935 22 3 -1 0
936 44 19 0 -1
937 23 2 1 0
938 83 13 0 1
939 38 1 -1 0
940 17 20 1 0
941 22 15 -1 0
942 61 19 0 -1
943 77 17 0 1
944 87 22 1 0
945 22 18 -1 0
946 98 34 -1 0
947 97 6 -1 0
948 77 0 -1 0
949 20 19 1 0
950 25 10 0 -1
951 12 38 0 -1
952 84 20 -1 0
953 44 26 0 1
954 14 14 0 -1
955 72 14 1 0
956 6 33 0 1
957 65 20 0 -1
958 90 28 0 1
959 71 21 1 0
960 44 7 0 1
961 76 28 -1 0
962 40 38 0 1
963 23 16 -1 0
964 82 23 -1 0
965 5 4 1 0
966 25 28 -1 0
967 22 11 1 0
968 28 21 1 0
969 91 4 1 0
970 23 17 -1 0
971 17 14 0 -1
972 43 3 1 0
973 89 27 1 0
974 18 38 -1 0
975 9 32 1 0
976 21 1 1 0
977 5 17 0 1
978 74 18 -1 0
979 27 36 -1 0
980 51 28 -1 0
981 74 24 0 -1
982 5 6 0 -1
983 44 15 1 0
984 52 22 -1 0
985 30 21 -1 0
986 5 23 -1 0
987 62 38 1 0
988 88 11 0 1
989 3 31 1 0
990 38 37 -1 0
991 50 1 -1 0
992 19 26 1 0
993 13 38 0 1
994 74 29 0 1
995 66 0 1 0
996 39 1 0 1
997 88 2 -1 0
998 43 27 1 0
999 51 5 1 0
1000 11 19 -1 0
1001 82 13 0 -1
1002 61 37 0 1
1003 15 21 0 1
1004 46 4 1 0
1005 21 20 0 1
1006 42 23 1 0
1007 90 23 0 1
1008 17 6 -1 0
1009 53 9 0 -1
1010 39 36 0 1
1011 42 13 0 -1
1012 41 7 0 -1
1013 27 6 -1 0
1014 75 38 0 1
1015 42 9 0 1
1016 91 37 -1 0
1017 81 21 1 0
1018 7 28 0 1
1019 50 3 -1 0
1020 39 26 0 1
1021 18 34 0 -1
1022 7 35 0 1
1023 21 37 0 1
1024 44 15 0 -1
1025 45 16 -1 0
1026 66 17 0 -1
1027 6 32 1 0
1028 39 4 0 -1
1029 93 21 0 -1
1030 99 34 0 1
1031 24 25 0 -1
1032 88 12 1 0
1033 74 9 0 1
1034 55 38 1 0
1035 97 5 1 0
1036 9 38 1 0
1037 70 8 0 1
1038 88 6 1 0
1039 15 12 1 0
1040 8 0 -1 0
1041 14 34 -1 0
1042 87 21 0 1
1043 63 39 0 1
1044 81 29 -1 0
1045 68 39 1 0
1046 17 13 0 1
1047 40 26 0 -1
1048 12 32 0 1
1049 84 36 0 -1
1050 70 38 0 1
1051 90 28 0 -1
1052 57 31 1 0
1053 98 9 -1 0
1054 76 13 1 0
1055 91 24 0 -1
1056 61 15 1 0
1057 98 25 -1 0
1058 9 4 -1 0
1059 46 14 0 -1
1060 90 15 0 -1
1061 19 34 -1 0
1062 46 29 1 0
1063 5 9 0 -1
1064 10 10 0 -1
1065 83 34 0 -1
1066 69 34 -1 0
1067 21 15 -1 0
1068 23 13 0 -1
1069 9 1 0 1
1070 85 16 0 -1
1071 1 30 1 0
1072 87 25 0 1
1073 38 25 0 1
1074 1 35 -1 0
1075 17 34 0 -1
1076 49 19 1 0
1077 28 22 0 -1
1078 90 34 -1 0
1079 42 7 0 1
1080 9 33 1 0
1081 70 23 0 1
1082 51 37 0 -1
1083 97 0 1 0
1084 55 16 0 -1
1085 17 27 1 0
1086 97 6 0 -1
1087 51 31 1 0
1088 29 13 -1 0
1089 60 28 1 0
1090 85 24 -1 0
1091 61 22 1 0
1092 1 1 1 0
1093 26 28 0 1
1094 83 39 -1 0
1095 41 14 -1 0
1096 52 33 -1 0
1097 51 27 0 -1
1098 41 2 0 1
1099 1 26 -1 0
1100 98 20 1 0
1101 86 29 1 0
1102 54 26 0 -1
1103 39 19 0 -1
1104 44 34 0 -1
1105 81 10 -1 0
1106 95 18 1 0
1107 44 33 1 0
1108 26 18 0 -1
1109 93 35 1 0
1110 39 15 1 0
1111 17 10 -1 0
1112 96 37 1 0
1113 52 25 -1 0
1114 31 29 0 1
1115 70 20 0 1
1116 22 21 -1 0
1117 11 2 -1 0
1118 85 29 0 -1
1119 8 29 -1 0
1120 27 35 0 -1
1121 76 16 0 1
1122 80 36 0 1
1123 45 38 -1 0
1124 53 14 1 0
1125 72 19 -1 0
1126 23 29 0 1
1127 97 3 1 0
1128 80 36 0 -1
1129 49 5 0 -1
1130 81 2 -1 0
1131 81 16 0 -1
1132 36 9 -1 0
1133 54 6 0 1
1134 8 16 0 -1
1135 92 38 -1 0
1136 49 21 1 0
1137 9 25 0 1
1138 52 23 0 -1
1139 41 15 0 1
1140 28 20 0 -1
1141 27 19 0 1
1142 8 2 -1 0
1143 20 11 1 0
1144 8 11 1 0
1145 87 2 1 0
1146 48 8 1 0
1147 54 12 0 -1
1148 10 16 -1 0
1149 44 18 1 0
1150 8 5 0 1
1151 15 17 0 1
1152 8 24 0 1
1153 29 10 -1 0
1154 41 5 0 1
1155 2 30 0 1
1156 22 32 0 -1
1157 73 31 0 -1
1158 29 13 1 0
1159 59 36 1 0
1160 40 29 1 0
1161 90 28 0 -1
1162 17 38 1 0
1163 21 39 0 -1
1164 91 23 -1 0
1165 31 31 0 -1
1166 77 14 1 0
1167 8 9 0 -1
1168 11 22 0 -1
1169 86 27 -1 0
1170 22 0 0 1
1171 40 24 -1 0
1172 66 33 1 0
1173 10 25 0 -1
1174 9 4 0 -1
1175 66 7 -1 0
1176 11 4 0 1
1177 44 20 -1 0
1178 21 28 -1 0
1179 82 19 0 1
1180 92 6 0 -1
1181 5 14 0 -1
1182 16 23 0 -1
1183 40 37 -1 0
1184 29 20 1 0
1185 43 4 1 0
1186 83 2 -1 0
1187 48 30 -1 0
1188 90 9 -1 0
1189 26 13 0 -1
1190 67 6 0 -1
1191 13 25 -1 0
1192 87 23 0 1
1193 26 9 1 0
1194 77 23 -1 0
1195 18 11 1 0
1196 40 20 1 0
1197 76 33 -1 0
1198 14 0 -1 0
1199 68 10 -1 0
1200 41 39 -1 0
1201 43 38 0 1
1202 21 39 0 1
1203 69 12 0 -1
1204 44 14 -1 0
1205 43 26 -1 0
1206 26 21 0 -1
1207 17 16 0 -1
1208 3 13 0 -1
1209 66 13 0 1
1210 77 21 0 1
1211 19 28 1 0
1212 4 2 -1 0
1213 66 26 -1 0
1214 22 1 1 0
1215 43 25 0 -1
1216 82 13 1 0
1217 2 21 0 1
1218 23 18 -1 0
1219 96 30 1 0
1220 7 36 1 0
1221 87 22 0 1
1222 85 30 0 1
1223 93 21 1 0
1224 19 7 -1 0
1225 7 30 1 0
1226 20 24 0 1
1227 94 35 1 0
1228 44 19 0 1
1229 46 6 1 0
1230 92 38 -1 0
1231 75 35 0 1
1232 76 23 -1 0
1233 86 20 1 0
1234 25 13 0 1
1235 97 20 -1 0
1236 4 5 0 1
1237 78 27 -1 0
1238 24 26 -1 0
1239 91 22 -1 0
1240 87 4 0 -1
1241 43 18 -1 0
1242 44 25 0 1
1243 13 12 1 0
1244 21 28 0 1
1245 17 15 -1 0
1246 50 21 1 0
1247 17 25 -1 0
1248 88 37 1 0
1249 23 22 -1 0
1250 43 9 1 0
1251 67 20 1 0
1252 15 13 -1 0
1253 39 33 -1 0
1254 45 28 -1 0
1255 40 30 -1 0
1256 55 26 0 -1
1257 16 11 -1 0
1258 95 35 -1 0
1259 31 22 0 -1
1260 20 25 -1 0
1261 50 9 0 -1
1262 0 4 1 0
1263 30 31 1 0
1264 38 33 0 1
1265 47 20 1 0
1266 1 10 0 1
1267 59 10 -1 0
1268 32 16 0 1
1269 56 6 0 1
1270 9 15 -1 0
1271 44 18 0 -1
1272 14 29 0 1
1273 79 16 0 1
1274 23 1 0 -1
1275 22 31 1 0
1276 97 6 1 0
1277 47 11 0 1
1278 9 11 -1 0
1279 96 27 -1 0
1280 54 17 0 -1
1281 4 8 -1 0
1282 26 17 1 0
1283 89 19 -1 0
1284 43 29 0 -1
1285 9 21 1 0
1286 76 3 -1 0
1287 78 35 0 1
1288 22 38 0 -1
1289 51 37 -1 0
1290 46 33 -1 0
1291 64 19 1 0
1292 36 8 0 1
1293 71 24 1 0
1294 21 9 1 0
1295 27 14 -1 0
1296 26 25 0 1
1297 84 3 -1 0
1298 12 3 -1 0
1299 24 15 0 -1
1300 7 20 0 -1
1301 96 31 0 1
1302 64 21 0 1
1303 95 6 -1 0
1304 17 0 1 0
1305 7 16 0 1
1306 45 21 1 0
1307 80 35 1 0
1308 26 12 0 -1
1309 79 4 1 0
1310 60 16 -1 0
1311 38 38 0 1
1312 60 22 1 0
1313 1 19 0 -1
1314 20 39 0 1
1315 20 34 -1 0
1316 29 5 0 1
1317 38 11 -1 0
1318 86 8 -1 0
1319 61 14 0 1
1320 47 3 1 0
1321 21 25 0 -1
1322 10 8 -1 0
1323 79 25 1 0
1324 58 23 -1 0
1325 20 6 -1 0
1326 9 21 0 1
1327 15 14 1 0
1328 26 8 -1 0
1329 29 29 0 1
1330 70 23 0 1
1331 96 27 0 -1
1332 7 21 1 0
1333 94 15 0 -1
1334 41 34 0 -1
1335 20 16 0 -1
1336 27 36 0 -1
1337 94 23 1 0
1338 94 39 0 1
1339 94 14 -1 0
1340 20 5 0 1
1341 80 5 -1 0
1342 41 6 1 0
1343 87 10 -1 0
1344 84 25 0 -1
1345 97 29 0 -1
1346 41 32 -1 0
1347 20 10 -1 0
1348 45 5 -1 0
1349 28 32 1 0
1350 53 7 0 -1
1351 28 25 0 1
1352 27 22 0 -1
1353 51 23 0 1
1354 67 30 0 -1
1355 67 11 0 -1
1356 41 20 -1 0
1357 50 36 -1 0
1358 99 36 0 -1
1359 25 13 -1 0
1360 69 32 -1 0
1361 88 10 -1 0
1362 45 0 0 1
1363 30 19 0 1
1364 1 25 1 0
1365 9 16 1 0
1366 97 21 -1 0
1367 53 31 0 1
1368 42 26 0 1
1369 43 28 0 1
1370 13 26 0 -1
1371 30 30 1 0
1372 27 7 0 1
1373 74 22 0 1
1374 23 15 0 -1
1375 76 25 1 0
1376 18 18 0 1
1377 42 20 0 1
1378 65 28 0 1
1379 40 24 0 -1
1380 9 4 1 0
1381 92 37 0 -1
1382 45 24 -1 0
1383 23 25 0 -1
1384 27 17 0 1
1385 25 7 1 0
1386 88 31 -1 0
1387 95 30 0 -1
1388 58 33 -1 0
1389 44 36 0 1
1390 83 39 -1 0
1391 43 32 0 1
1392 85 1 0 -1
1393 88 22 0 -1
1394 13 24 0 1
1395 64 21 -1 0
1396 61 33 1 0
1397 4 11 -1 0
1398 19 11 1 0
1399 73 26 1 0
1400 39 5 -1 0
1401 86 17 0 1
1402 86 2 0 -1
1403 1 5 -1 0
1404 17 18 1 0
1405 85 18 1 0
1406 23 11 1 0
1407 38 26 0 1
1408 10 11 0 -1
1409 84 20 0 1
1410 39 25 1 0
1411 24 7 1 0
1412 39 23 1 0
1413 60 7 1 0
1414 85 28 -1 0
1415 11 17 1 0
1416 28 26 0 -1
1417 5 1 -1 0
1418 48 21 0 -1
1419 96 19 1 0
1420 69 5 -1 0
1421 99 5 0 1
1422 57 29 0 1
1423 8 37 0 1
1424 14 12 0 1
1425 7 22 -1 0
1426 40 28 0 1
1427 39 36 0 1
1428 88 19 0 -1
1429 60 3 1 0
1430 83 32 -1 0
1431 49 4 -1 0
1432 54 13 1 0
1433 4 20 -1 0
1434 25 7 0 -1
1435 46 35 -1 0
1436 15 17 0 -1
1437 23 35 0 -1
1438 50 36 1 0
1439 16 16 0 -1
1440 72 17 0 1
1441 83 26 -1 0
1442 43 29 -1 0
1443 73 8 -1 0
1444 14 30 1 0
1445 37 26 0 1
1446 17 12 1 0
1447 88 34 1 0
1448 92 5 1 0
1449 15 27 -1 0
1450 82 20 0 -1
1451 16 13 0 1
1452 57 39 -1 0
1453 47 1 1 0
1454 2 5 -1 0
1455 1 0 0 1
1456 14 36 0 1
1457 71 30 -1 0
1458 20 18 0 -1
1459 20 17 -1 0
1460 80 16 1 0
1461 30 18 0 -1
1462 74 26 0 -1
1463 6 7 0 1
1464 29 13 0 -1
1465 20 32 -1 0
1466 39 32 0 1
1467 41 30 -1 0
1468 86 33 1 0
1469 43 14 0 -1
1470 86 9 0 1
1471 95 22 0 -1
1472 47 18 0 1
1473 94 9 0 -1
1474 42 24 1 0
1475 95 33 -1 0
1476 75 15 0 -1
1477 22 28 0 1
1478 23 30 0 1
1479 19 8 1 0
1480 83 5 0 -1
1481 42 23 -1 0
1482 20 1 1 0
1483 54 1 -1 0
1484 45 39 0 1
1485 94 14 0 1
1486 68 38 1 0
1487 43 2 0 -1
1488 13 19 -1 0
1489 54 19 1 0
1490 39 9 -1 0
1491 92 20 0 1
1492 7 20 0 1
1493 88 11 0 -1
1494 50 17 -1 0
1495 68 38 1 0
1496 50 9 1 0
1497 22 37 1 0
1498 11 24 0 1
1499 79 13 -1 0
1500 65 2 0 1
1501 78 37 0 1
1502 18 21 1 0
1503 23 20 -1 0
1504 84 27 0 -1
1505 77 36 0 1
1506 53 7 0 -1
1507 8 31 1 0
1508 7 25 1 0
1509 0 39 -1 0
1510 44 36 -1 0
1511 17 9 -1 0
1512 46 29 0 -1
1513 2 31 0 -1
1514 25 37 0 1
1515 46 25 0 -1
1516 52 39 -1 0
1517 41 7 0 -1
1518 45 31 0 1
1519 81 0 0 1
1520 47 34 1 0
1521 27 4 0 -1
1522 50 23 -1 0
1523 0 23 -1 0
1524 22 33 1 0
1525 1 39 1 0
1526 12 36 -1 0
1527 63 8 -1 0
1528 19 19 0 1
1529 89 31 0 -1
1530 89 5 0 1
1531 40 11 0 1
1532 9 15 1 0
1533 25 17 1 0
1534 31 11 0 -1
1535 96 34 -1 0
1536 83 0 0 -1
1537 23 5 1 0
1538 8 10 0 1
1539 45 27 1 0
1540 19 37 -1 0
1541 3 19 -1 0
1542 57 8 0 -1
1543 79 34 0 1
1544 54 16 0 1
1545 8 38 -1 0
1546 40 6 -1 0
1547 88 0 0 1
1548 53 31 0 1
1549 22 8 0 1
1550 26 29 -1 0
1551 61 9 -1 0
1552 6 18 0 -1
1553 4 15 0 -1
1554 58 36 -1 0
1555 58 7 -1 0
1556 25 20 1 0
1557 80 4 0 1
1558 27 39 1 0
1559 57 2 1 0
1560 64 32 1 0
1561 36 30 0 1
1562 79 13 1 0
1563 15 30 0 1
1564 56 39 1 0
1565 57 21 0 -1
1566 48 15 0 1
1567 45 28 0 -1
1568 65 30 0 1
1569 57 15 -1 0
1570 83 34 0 -1
1571 5 3 -1 0
1572 19 23 -1 0
1573 26 7 0 -1
1574 8 16 0 1
1575 10 30 -1 0
1576 42 29 0 1
1577 48 24 0 1
1578 16 36 -1 0
1579 65 39 0 1
1580 48 2 0 -1
1581 84 30 -1 0
1582 47 9 0 1
1583 37 35 1 0
1584 63 9 -1 0
1585 20 5 1 0
1586 97 29 1 0
1587 26 28 1 0
1588 57 6 0 -1
1589 90 19 1 0
1590 46 18 1 0
1591 44 37 1 0
1592 73 32 0 1
1593 24 34 1 0
1594 42 1 0 -1
1595 30 6 0 1
1596 25 26 1 0
1597 42 13 0 -1
1598 93 30 -1 0
1599 18 6 0 -1
1600 29 15 0 1
1601 27 32 0 -1
1602 42 28 0 1
1603 55 6 0 -1
1604 84 19 0 1
1605 87 14 -1 0
1606 89 9 -1 0
1607 81 33 -1 0
1608 63 8 0 1
1609 15 12 0 1
1610 79 6 0 1
1611 45 25 0 1
1612 44 17 -1 0
1613 44 9 -1 0
1614 11 37 0 -1
1615 48 1 0 -1
1616 68 16 -1 0
1617 75 23 -1 0
1618 9 37 0 -1
1619 99 14 0 -1
1620 57 7 0 1
1621 62 39 0 1
1622 54 20 0 -1
1623 2 12 0 -1
1624 46 18 0 -1
1625 11 19 -1 0
1626 42 32 1 0
1627 3 4 0 1
1628 37 19 0 -1
1629 54 13 -1 0
1630 98 14 -1 0
1631 98 23 0 1
1632 64 0 0 1
1633 1 25 0 -1
1634 28 8 0 1
1635 86 39 1 0
1636 74 22 1 0
1637 94 15 0 -1
1638 87 14 -1 0
1639 95 16 0 -1
1640 25 20 1 0
1641 11 20 0 -1
1642 98 11 -1 0
1643 32 10 1 0
1644 24 16 -1 0
1645 81 22 0 -1
1646 85 5 0 -1
1647 42 2 0 1
1648 24 4 0 1
1649 76 16 -1 0
1650 44 13 0 1
1651 90 21 0 1
1652 38 13 0 -1
1653 71 6 -1 0
1654 50 18 1 0
1655 27 22 1 0
1656 6 36 1 0
1657 9 24 0 1
1658 26 9 -1 0
1659 42 15 0 1
1660 98 5 -1 0
1661 26 5 0 1
1662 45 20 -1 0
1663 38 31 -1 0
1664 92 16 -1 0
1665 91 8 0 -1
1666 66 35 1 0
1667 83 19 -1 0
1668 99 2 0 1
1669 84 5 0 1
1670 55 32 0 -1
1671 38 0 1 0
1672 10 8 0 -1
1673 3 34 -1 0
1674 41 18 -1 0
1675 84 29 -1 0
1676 93 2 0 1
1677 79 29 1 0
1678 12 38 1 0
1679 22 29 -1 0
1680 3 34 -1 0
1681 10 25 0 -1
1682 41 39 1 0
1683 59 14 1 0
1684 71 25 1 0
1685 17 13 -1 0
1686 5 26 1 0
1687 47 7 -1 0
1688 76 6 1 0
1689 55 39 0 1
1690 94 38 0 -1
1691 88 23 0 1
1692 27 2 0 1
1693 75 26 0 1
1694 27 11 1 0
1695 41 31 -1 0
1696 30 34 0 -1
1697 97 4 0 1
1698 45 21 0 -1
1699 49 21 0 -1
1700 48 7 1 0
1701 63 9 0 -1
1702 40 33 0 1
1703 47 17 0 1
1704 28 5 0 1
1705 11 14 -1 0
1706 20 11 1 0
1707 11 15 1 0
1708 78 19 0 -1
1709 6 39 0 1
1710 16 14 1 0
1711 2 8 0 -1
1712 52 0 0 1
1713 4 12 0 1
1714 93 8 0 1
1715 68 0 0 1
1716 71 24 0 -1
1717 84 19 0 -1
1718 48 35 0 1
1719 71 21 -1 0
1720 90 0 0 -1
1721 41 29 0 -1
1722 14 35 -1 0
1723 18 25 1 0
1724 12 31 0 1
1725 65 21 -1 0
1726 47 25 0 1
1727 28 28 0 1
1728 88 26 0 -1
1729 12 26 0 -1
1730 77 10 -1 0
1731 95 0 1 0
1732 52 36 0 -1
1733 74 15 0 -1
1734 57 5 -1 0
1735 14 18 1 0
1736 10 36 0 1
1737 65 38 0 -1
1738 64 37 0 -1
1739 3 22 -1 0
1740 47 36 1 0
1741 38 29 1 0
1742 57 36 1 0
1743 90 24 0 1
1744 21 9 0 -1
1745 42 37 0 1
1746 47 7 0 1
1747 16 23 -1 0
1748 28 7 -1 0
1749 25 29 1 0
1750 84 6 1 0
1751 7 21 0 -1
1752 75 14 0 -1
1753 45 37 0 1
1754 70 21 1 0
1755 4 11 1 0
1756 82 18 0 -1
1757 36 10 -1 0
1758 11 7 -1 0
1759 66 7 1 0
1760 20 39 0 1
1761 89 12 1 0
1762 43 16 1 0
1763 38 6 1 0
1764 45 15 0 -1
1765 69 5 1 0
1766 37 37 1 0
1767 97 11 -1 0
1768 7 2 1 0
1769 7 0 1 0
1770 7 7 1 0
1771 30 37 0 -1
1772 70 3 -1 0
1773 42 12 1 0
1774 45 8 0 1
1775 91 16 0 -1
1776 80 0 1 0
1777 7 33 1 0
1778 80 31 0 1
1779 58 10 -1 0
1780 46 29 0 1
1781 95 33 -1 0
1782 59 5 0 -1
1783 56 0 -1 0
1784 5 5 0 1
1785 53 21 -1 0
1786 73 4 1 0
1787 28 38 0 -1
1788 40 29 0 1
1789 13 19 -1 0
1790 20 33 -1 0
1791 98 37 -1 0
1792 2 20 -1 0
1793 43 28 0 1
1794 61 33 -1 0
1795 25 34 0 -1
1796 64 6 -1 0
1797 29 7 1 0
1798 82 31 0 -1
1799 9 32 1 0
1800 20 7 0 -1
1801 87 19 0 1
1802 11 28 0 -1
1803 45 13 1 0
1804 46 19 0 -1
1805 29 35 0 -1
1806 49 22 1 0
1807 73 9 0 1
1808 48 31 -1 0
1809 80 29 0 1
1810 96 30 0 -1
1811 52 8 1 0
1812 39 36 1 0
1813 22 31 0 -1
1814 49 33 0 1
1815 7 28 0 -1
1816 24 21 -1 0
1817 10 26 -1 0
1818 51 5 0 1
1819 13 34 1 0
1820 49 26 0 -1
1821 9 11 0 -1
1822 7 37 0 1
1823 37 14 1 0
1824 18 18 1 0
1825 64 39 0 1
1826 85 37 0 1
1827 0 13 -1 0
1828 63 26 0 -1
1829 42 30 0 1
1830 39 4 0 -1
1831 46 39 -1 0
1832 4 12 -1 0
1833 26 12 -1 0
1834 4 7 -1 0
1835 86 8 -1 0
1836 41 6 -1 0
1837 76 2 0 1
1838 43 27 0 1
1839 79 2 0 -1
1840 63 24 -1 0
1841 3 15 -1 0
1842 24 10 0 1
1843 81 39 0 1
1844 45 11 0 -1
1845 4 34 1 0
1846 74 13 0 1
1847 18 9 0 -1
1848 94 38 1 0
1849 42 17 0 1
1850 51 32 1 0
1851 67 3 -1 0
1852 99 19 1 0
1853 42 9 1 0
1854 25 26 0 -1
1855 24 37 1 0
1856 86 2 -1 0
1857 7 15 1 0
1858 17 22 0 -1
1859 14 17 0 -1
1860 8 3 0 1
1861 57 9 1 0
1862 11 22 0 -1
1863 48 36 0 1
1864 86 36 0 -1
1865 94 15 0 1
1866 15 19 -1 0
1867 49 25 0 1
1868 48 23 0 1
1869 39 37 1 0
1870 42 34 0 1
1871 23 38 1 0
1872 19 31 1 0
1873 11 22 -1 0
1874 22 4 0 1
1875 94 21 -1 0
1876 10 37 1 0
1877 4 23 -1 0
1878 4 8 0 -1
1879 86 29 0 1
1880 12 7 0 -1
1881 49 4 1 0
1882 22 17 0 -1
1883 86 1 0 -1
1884 92 29 0 -1
1885 96 0 1 0
1886 97 15 0 -1
1887 61 7 -1 0
1888 35 2 0 1
1889 88 0 1 0
1890 5 21 0 1
1891 61 6 -1 0
1892 18 35 1 0
1893 5 39 1 0
1894 4 17 -1 0
1895 16 17 -1 0
1896 67 27 -1 0
1897 7 23 1 0
1898 75 11 1 0
1899 43 5 0 -1
1900 3 5 1 0
1901 66 11 -1 0
1902 24 39 -1 0
1903 91 14 0 -1
1904 16 19 0 1
1905 30 38 0 -1
1906 51 11 0 -1
1907 37 5 -1 0
1908 61 4 0 -1
1909 48 13 0 -1
1910 88 2 0 1
1911 71 31 0 -1
1912 98 35 0 -1
1913 18 2 -1 0
1914 93 10 1 0
1915 20 21 0 1
1916 50 13 0 -1
1917 46 37 1 0
1918 54 26 -1 0
1919 10 39 0 1
1920 95 32 0 1
1921 12 8 -1 0
1922 86 5 0 1
1923 23 0 1 0
1924 82 22 0 -1
1925 28 34 -1 0
1926 43 29 -1 0
1927 75 1 1 0
1928 81 15 -1 0
1929 41 25 -1 0
1930 95 17 0 1
1931 52 10 0 -1
1932 40 32 -1 0
1933 57 36 -1 0
1934 9 22 0 -1
1935 88 3 -1 0
1936 8 18 -1 0
1937 78 36 0 -1
1938 23 6 0 -1
1939 93 35 -1 0
1940 48 2 -1 0
1941 45 39 -1 0
1942 73 14 0 1
1943 90 7 0 -1
1944 81 35 0 1
1945 92 18 0 1
1946 24 26 0 1
1947 66 17 0 -1
1948 76 5 -1 0
1949 8 33 -1 0
1950 22 11 1 0
1951 43 4 0 -1
1952 52 37 0 -1
1953 2 34 1 0
1954 6 26 1 0
1955 6 34 1 0
1956 94 13 1 0
1957 14 18 1 0
1958 24 16 0 1
1959 48 32 -1 0
1960 81 5 1 0
1961 21 4 -1 0
1962 50 20 -1 0
1963 56 1 0 1
1964 11 29 0 -1
1965 0 13 0 1
1966 23 18 1 0
1967 11 18 0 1
1968 98 13 1 0
1969 5 15 0 -1
1970 17 30 1 0
1971 42 20 0 1
1972 70 34 1 0
1973 54 34 0 1
1974 82 5 0 -1
1975 48 19 -1 0
1976 97 5 0 -1
1977 94 14 -1 0
1978 22 34 1 0
1979 65 13 0 -1
1980 39 25 0 1
1981 22 27 0 -1
1982 1 7 -1 0
1983 0 1 0 -1
1984 38 24 -1 0
1985 70 14 -1 0
1986 52 25 1 0
1987 40 34 1 0
1988 77 0 0 -1
1989 25 31 0 -1
1990 27 35 0 1
1991 51 6 1 0
1992 93 19 1 0
1993 40 16 0 1
1994 47 1 -1 0
1995 3 19 0 1
1996 0 0 1 0
1997 9 28 0 -1
1998 31 18 1 0
1999 17 27 0 1
2000 85 28 -1 0
2001 83 37 -1 0
2002 75 38 0 1
2003 76 32 -1 0
2004 40 6 0 -1
2005 98 15 -1 0
2006 24 25 0 1
2007 94 16 0 -1
2008 44 4 -1 0
2009 19 38 1 0
2010 29 25 0 1
2011 41 30 0 1
2012 74 1 0 -1
2013 14 0 0 1
2014 86 6 1 0
2015 47 19 0 -1
2016 85 21 1 0
2017 29 35 0 -1
2018 79 24 -1 0
2019 15 32 0 1
2020 59 2 0 -1
2021 41 34 0 1
2022 1 32 0 1
2023 81 16 0 -1
2024 92 5 0 -1
2025 67 23 0 -1
2026 99 25 0 -1
2027 43 39 0 1
2028 24 18 -1 0
2029 81 31 0 -1
2030 60 11 0 -1
2031 27 3 -1 0
2032 50 11 1 0
2033 7 22 0 -1
2034 94 25 1 0
2035 70 10 1 0
2036 97 19 0 -1
2037 16 37 -1 0
2038 11 30 0 -1
2039 60 10 1 0
2040 74 14 1 0
2041 48 1 1 0
2042 46 30 0 -1
2043 55 25 0 -1
2044 88 12 -1 0
2045 82 15 -1 0
2046 48 12 0 1
2047 73 37 -1 0
2048 90 21 0 -1
2049 45 7 -1 0
2050 55 28 0 -1
2051 27 34 0 1
2052 52 11 1 0
2053 9 31 -1 0
2054 20 20 -1 0
2055 49 25 1 0
2056 79 9 -1 0
2057 50 24 0 1
2058 9 25 0 1
2059 93 33 0 -1
2060 30 9 0 1
2061 37 13 0 1
2062 81 35 0 1
2063 28 19 -1 0
2064 29 20 -1 0
2065 44 1 -1 0
2066 92 22 0 1
2067 20 22 0 -1
2068 74 0 1 0
2069 67 30 0 1
2070 89 15 0 -1
2071 15 20 0 1
2072 23 32 1 0
2073 72 22 -1 0
2074 1 19 0 -1
2075 45 10 -1 0
2076 91 12 -1 0
2077 70 26 0 1
2078 67 34 0 -1
2079 45 8 -1 0
2080 22 13 0 1
2081 29 18 1 0
2082 78 12 -1 0
2083 43 11 1 0
2084 25 24 1 0
2085 50 6 0 -1
2086 23 11 0 -1
2087 16 8 1 0
2088 3 21 1 0
2089 60 13 -1 0
2090 36 6 1 0
2091 69 30 -1 0
2092 21 20 -1 0
2093 30 20 -1 0
2094 61 18 -1 0
2095 72 38 -1 0
2096 43 31 0 -1
2097 87 36 -1 0
2098 45 6 1 0
2099 96 7 0 -1
2100 25 22 -1 0
2101 19 7 0 1
2102 36 37 -1 0
2103 74 3 -1 0
2104 11 7 0 -1
2105 99 10 1 0
2106 2 13 0 -1
2107 23 3 0 1
2108 22 24 1 0
2109 77 5 -1 0
2110 26 36 -1 0
2111 62 5 1 0
2112 69 27 0 -1
2113 50 9 0 -1
2114 90 22 0 1
2115 97 28 -1 0
2116 79 0 -1 0
2117 71 34 1 0
2118 58 1 0 1
2119 22 36 1 0
2120 96 34 0 -1
2121 47 6 0 1
2122 71 35 -1 0
2123 7 4 1 0
2124 55 1 -1 0
2125 18 18 -1 0
2126 63 16 -1 0
2127 28 38 -1 0
2128 39 32 0 -1
2129 45 23 0 1
2130 39 26 1 0
2131 31 16 -1 0
2132 28 26 0 -1
2133 38 7 1 0
2134 43 26 0 1
2135 32 1 -1 0
2136 79 11 0 1
2137 48 36 -1 0
2138 76 8 1 0
2139 35 38 1 0
2140 61 39 -1 0
2141 40 13 -1 0
2142 39 25 0 1
2143 92 4 0 -1
2144 19 30 0 1
2145 3 21 0 1
2146 95 29 0 -1
2147 40 18 -1 0
2148 20 18 0 -1
2149 19 17 0 -1
2150 55 2 1 0
2151 12 6 -1 0
2152 45 34 0 1
2153 12 14 1 0
2154 48 38 0 1
2155 25 0 -1 0
2156 18 32 0 1
2157 35 20 0 -1
2158 51 14 0 1
2159 53 22 1 0
2160 82 19 -1 0
2161 7 19 1 0
2162 18 23 0 -1
2163 88 37 1 0
2164 22 17 1 0
2165 6 39 0 1
2166 94 12 1 0
2167 19 21 -1 0
2168 45 36 0 1
2169 21 31 -1 0
2170 21 6 1 0
2171 95 11 -1 0
2172 51 9 -1 0
2173 16 15 0 -1
2174 38 3 1 0
2175 17 16 1 0
2176 6 38 -1 0
2177 48 26 1 0
2178 47 2 0 -1
2179 2 31 0 -1
2180 97 3 0 -1
2181 70 3 0 1
2182 74 36 -1 0
2183 6 3 0 -1
2184 21 25 0 -1
2185 11 14 0 1
2186 10 31 0 1
2187 99 4 1 0
2188 10 28 -1 0
2189 36 13 0 1
2190 80 29 0 1
2191 72 35 0 -1
2192 8 29 -1 0
2193 20 36 0 1
2194 46 38 0 -1
2195 10 15 -1 0
2196 68 32 -1 0
2197 96 33 -1 0
2198 0 16 1 0
2199 2 24 0 1
2200 99 7 -1 0
2201 28 29 0 1
2202 95 15 1 0
2203 0 31 -1 0
2204 70 28 -1 0
2205 4 1 0 1
2206 8 28 -1 0
2207 38 11 0 1
2208 76 12 0 -1
2209 38 14 1 0
2210 26 30 1 0
2211 18 33 -1 0
2212 44 8 -1 0
2213 21 30 0 -1
2214 6 29 0 -1
2215 44 39 1 0
2216 31 34 0 -1
2217 23 5 1 0
2218 83 33 0 -1
2219 74 33 0 1
2220 27 8 -1 0
2221 25 20 -1 0
2222 79 18 0 1
2223 8 11 0 1
2224 30 25 0 1
2225 68 38 0 -1
2226 58 18 -1 0
2227 75 25 1 0
2228 44 38 0 -1
2229 63 33 1 0
2230 24 12 1 0
2231 31 29 0 -1
2232 4 7 -1 0
2233 76 20 1 0
2234 43 11 1 0
2235 81 33 1 0
2236 24 17 1 0
2237 4 14 0 1
2238 10 2 0 1
2239 25 22 -1 0
2240 43 38 0 1
2241 92 14 1 0
2242 70 20 0 -1
2243 54 24 1 0
2244 11 12 -1 0
2245 57 0 0 -1
2246 89 5 0 1
2247 50 19 0 1
2248 77 36 0 1
2249 42 30 -1 0
2250 47 0 -1 0
2251 94 3 -1 0
2252 56 18 1 0
2253 55 39 0 -1
2254 29 7 -1 0
2255 53 6 0 1
2256 9 16 0 1
2257 45 2 0 1
2258 47 23 1 0
2259 37 34 -1 0
2260 81 1 -1 0
2261 1 39 0 1
2262 63 34 -1 0
2263 84 35 -1 0
2264 83 18 0 -1
2265 14 9 0 1
2266 80 11 0 1
2267 0 9 1 0
2268 27 34 0 -1
2269 22 23 0 -1
2270 99 7 -1 0
2271 43 27 0 1
2272 22 26 1 0
2273 11 38 0 -1
2274 38 19 -1 0
2275 38 4 -1 0
2276 43 35 0 1
2277 73 31 1 0
2278 79 31 0 -1
2279 19 20 1 0
2280 8 4 0 -1
2281 41 3 -1 0
2282 12 35 -1 0
2283 47 36 0 -1
2284 26 3 0 1
2285 43 24 -1 0
2286 88 37 0 -1
2287 98 34 -1 0
2288 31 38 0 -1
2289 99 18 1 0
2290 24 24 0 1
2291 13 30 0 -1
2292 65 21 0 -1
2293 47 18 0 1
2294 43 8 1 0
2295 66 5 0 -1
2296 21 36 0 -1
2297 12 25 0 1
2298 48 3 -1 0
2299 97 5 0 1
2300 11 36 1 0
2301 46 9 0 -1
2302 4 39 -1 0
2303 45 25 1 0
2304 77 15 0 -1
2305 27 9 1 0
2306 4 9 -1 0
2307 19 12 0 -1
2308 31 3 1 0
2309 20 33 0 1
2310 1 24 -1 0
2311 44 20 0 1
2312 46 1 1 0
2313 25 28 0 -1
2314 61 30 0 1
2315 17 38 0 -1
2316 45 4 1 0
2317 26 3 -1 0
2318 78 23 0 1
2319 24 7 -1 0
2320 8 8 -1 0
2321 53 3 0 -1
2322 91 6 1 0
2323 17 2 0 1
2324 6 22 0 1
2325 62 25 1 0
2326 62 30 0 -1
2327 7 28 0 -1
2328 56 10 1 0
2329 79 28 0 1
2330 36 26 0 -1
2331 38 23 -1 0
2332 19 0 0 1
2333 56 27 -1 0
2334 18 7 -1 0
2335 1 23 0 -1
2336 92 38 0 1
2337 79 31 1 0
2338 8 35 -1 0
2339 41 24 -1 0
2340 36 18 0 1
2341 30 27 0 -1
2342 37 21 0 -1
2343 56 10 -1 0
2344 23 20 -1 0
2345 90 9 -1 0
2346 16 13 1 0
2347 41 10 1 0
2348 66 35 -1 0
2349 4 27 -1 0
2350 99 28 0 1
2351 48 14 1 0
2352 59 27 0 1
2353 0 26 0 1
2354 8 8 -1 0
2355 26 26 -1 0
2356 14 23 0 1
2357 42 27 0 -1
2358 24 13 -1 0
2359 13 2 1 0
2360 3 1 1 0
2361 57 32 0 1
2362 8 24 1 0
2363 82 35 0 -1
2364 28 33 -1 0
2365 46 22 1 0
2366 98 32 0 1
2367 97 10 -1 0
2368 43 16 0 -1
2369 20 27 1 0
2370 37 3 1 0
2371 94 33 1 0
2372 20 7 1 0
2373 64 21 0 -1
2374 52 32 -1 0
2375 57 3 -1 0
2376 10 15 0 -1
2377 97 34 1 0
2378 2 32 0 -1
2379 51 25 0 1
2380 99 13 0 -1
2381 41 28 0 1
2382 42 33 -1 0
2383 15 6 -1 0
2384 22 25 0 -1
2385 16 18 0 -1
2386 53 14 -1 0
2387 52 16 0 1
2388 73 6 0 1
2389 62 26 1 0
2390 60 37 0 1
2391 63 16 1 0
2392 96 37 1 0
2393 18 20 0 1
2394 93 37 1 0
2395 7 6 -1 0
2396 91 39 1 0
2397 49 16 1 0
2398 97 24 1 0
2399 79 31 -1 0
2400 96 31 0 -1
2401 8 28 0 1
2402 65 39 -1 0
2403 80 19 0 1
2404 40 30 1 0
2405 99 14 0 1
2406 19 20 0 -1
2407 49 20 -1 0
2408 68 28 -1 0
2409 13 10 -1 0
2410 0 0 1 0
2411 15 11 1 0
2412 28 18 -1 0
2413 99 17 1 0
2414 37 8 0 1
2415 16 16 -1 0
2416 93 33 -1 0
2417 7 0 0 -1
2418 6 3 1 0
2419 80 23 0 1
2420 2 19 0 -1
2421 88 34 1 0
2422 42 3 1 0
2423 24 2 0 1
2424 91 1 1 0
2425 25 14 0 -1
2426 21 9 -1 0
2427 96 2 -1 0
2428 77 36 1 0
2429 8 38 -1 0
2430 94 16 -1 0
2431 28 24 0 -1
2432 19 38 -1 0
2433 91 18 1 0
2434 42 34 0 -1
2435 46 27 -1 0
2436 73 23 0 -1
2437 27 2 -1 0
2438 50 32 0 -1
2439 55 32 1 0
2440 64 33 -1 0
2441 24 3 0 1
2442 22 24 0 -1
2443 64 38 0 -1
2444 56 16 -1 0
2445 17 32 0 1
2446 17 36 0 -1
2447 24 18 0 -1
2448 83 16 0 1
2449 78 29 0 1
2450 56 27 1 0
2451 59 39 1 0
2452 97 4 -1 0
2453 67 37 1 0
2454 29 26 -1 0
2455 21 6 -1 0
2456 2 14 -1 0
2457 89 37 -1 0
2458 87 2 0 1
2459 45 35 1 0
2460 98 7 0 -1
2461 49 26 -1 0
2462 13 7 -1 0
2463 75 3 1 0
2464 24 13 1 0
2465 24 19 -1 0
2466 97 15 1 0
2467 58 24 1 0
2468 43 0 1 0
2469 66 35 0 1
2470 8 33 -1 0
2471 2 16 0 1
2472 38 29 0 -1
2473 76 33 0 1
2474 50 1 -1 0
2475 2 9 -1 0
2476 92 31 -1 0
2477 16 10 0 -1
2478 56 8 0 1
2479 3 9 -1 0
2480 26 7 1 0
2481 28 7 0 1
2482 57 36 0 -1
2483 21 16 0 -1
2484 17 10 1 0
2485 38 18 0 1
2486 40 29 0 1
2487 68 16 1 0
2488 70 28 0 1
2489 43 14 0 1
2490 37 32 1 0
2491 67 13 0 1
2492 45 11 1 0
2493 15 26 0 -1
2494 97 24 -1 0
2495 85 0 -1 0
2496 47 1 0 1
2497 39 29 -1 0
2498 60 12 0 -1
2499 27 30 0 -1
2500 74 33 0 1
2501 22 16 1 0
2502 44 21 1 0
2503 56 14 0 1
2504 55 0 0 -1
2505 45 30 1 0
2506 40 12 1 0
2507 27 25 0 -1
2508 21 4 0 -1
2509 95 31 0 1
2510 51 34 -1 0
2511 0 10 1 0
2512 44 10 0 -1
2513 91 2 1 0
2514 83 29 0 -1
2515 6 26 0 1
2516 85 32 1 0
2517 3 10 1 0
2518 13 36 0 1
2519 4 24 0 1
2520 56 5 -1 0
2521 39 6 0 -1
2522 37 28 0 1
2523 30 15 0 -1
2524 91 33 1 0
2525 52 2 0 1
2526 67 3 0 1
2527 26 22 -1 0
2528 14 20 0 1
2529 83 32 -1 0
2530 62 20 1 0
2531 38 16 0 -1
2532 77 26 1 0
2533 14 20 -1 0
2534 22 19 1 0
2535 50 23 0 -1
2536 46 4 0 1
2537 51 20 0 1
2538 64 15 1 0
2539 27 26 1 0
2540 50 24 -1 0
2541 40 16 0 1
2542 42 18 1 0
2543 17 22 -1 0
2544 50 19 0 -1
2545 40 13 0 -1
2546 89 1 0 -1
2547 60 4 -1 0
2548 67 1 0 1
2549 71 8 1 0
2550 84 26 0 -1
2551 23 19 0 1
2552 36 5 0 -1
2553 44 9 1 0
2554 42 13 -1 0
2555 40 37 0 1
2556 93 10 -1 0
2557 24 15 0 -1
2558 25 34 0 1
2559 42 24 0 -1
2560 18 12 0 1
2561 6 13 -1 0
2562 83 37 0 -1
2563 2 32 -1 0
2564 51 18 0 -1
2565 50 26 -1 0
2566 17 27 -1 0
2567 87 30 0 -1
2568 73 28 -1 0
2569 99 33 0 1
2570 17 8 1 0
2571 20 9 1 0
2572 39 37 0 -1
2573 10 14 1 0
2574 4 17 1 0
2575 30 33 0 -1
2576 64 29 0 1
2577 53 16 1 0
2578 50 37 0 1
2579 23 18 -1 0
2580 73 2 -1 0
2581 23 10 -1 0
2582 96 15 0 1
2583 15 30 -1 0
2584 54 30 1 0
2585 27 6 1 0
2586 11 28 1 0
2587 90 11 0 -1
2588 42 20 0 1
2589 43 35 0 1
2590 31 33 1 0
2591 70 3 0 -1
2592 44 38 0 1
2593 0 8 -1 0
2594 39 16 0 -1
2595 43 18 0 1
2596 14 36 -1 0
2597 99 26 1 0
2598 26 5 -1 0
2599 5 12 1 0
2600 55 4 1 0
2601 5 30 0 -1
2602 7 3 -1 0
2603 50 27 0 1
2604 99 35 0 -1
2605 17 30 0 1
2606 46 16 -1 0
2607 98 37 1 0
2608 57 22 0 -1
2609 64 34 0 1
2610 43 33 -1 0
2611 96 17 1 0
2612 23 35 0 1
2613 47 16 0 -1
2614 82 14 0 1
2615 26 37 -1 0
2616 90 19 -1 0
2617 53 35 0 -1
2618 29 5 1 0
2619 71 21 -1 0
2620 38 36 1 0
2621 99 34 0 -1
2622 38 25 0 1
2623 24 17 0 -1
2624 10 9 -1 0
2625 83 10 0 -1
2626 81 36 0 1
2627 60 28 0 -1
2628 76 6 0 1
2629 88 36 1 0
2630 14 39 -1 0
2631 19 38 -1 0
2632 10 32 -1 0
2633 61 34 -1 0
2634 79 4 0 -1
2635 92 19 0 -1
2636 65 39 1 0
2637 43 1 1 0
2638 43 25 0 1
2639 97 16 0 -1
2640 22 10 -1 0
2641 85 34 0 1
2642 65 4 0 1
2643 88 13 -1 0
2644 86 2 1 0
2645 15 13 -1 0
2646 23 15 1 0
2647 22 22 -1 0
2648 18 23 -1 0
2649 97 23 -1 0
2650 85 20 0 1
2651 66 10 -1 0
2652 15 37 1 0
2653 87 37 0 1
2654 14 21 0 -1
2655 40 14 -1 0
2656 62 2 0 -1
2657 48 16 -1 0
2658 94 8 0 1
2659 12 17 0 1
2660 42 16 -1 0
2661 69 3 0 1
2662 28 29 1 0
2663 96 8 1 0
2664 25 31 0 -1
2665 75 3 -1 0
2666 46 23 0 1
2667 24 2 -1 0
2668 26 30 1 0
2669 21 29 0 -1
2670 95 37 1 0
2671 26 24 0 1
2672 12 33 0 1
2673 14 39 1 0
2674 3 32 0 1
2675 45 14 -1 0
2676 42 29 -1 0
2677 48 38 0 -1
2678 45 14 0 -1
2679 44 6 -1 0
2680 66 33 0 1
2681 91 26 1 0
2682 19 14 -1 0
2683 93 9 0 1
2684 70 33 1 0
2685 65 7 0 -1
2686 24 12 0 1
2687 94 28 1 0
2688 62 27 -1 0
2689 21 22 1 0
2690 28 32 0 1
2691 49 11 1 0
2692 16 9 0 -1
2693 59 9 1 0
2694 94 33 -1 0
2695 8 3 0 -1
2696 16 9 0 1
2697 16 4 0 -1
2698 24 20 1 0
2699 9 2 0 -1
2700 40 23 0 -1
2701 46 24 1 0
2702 23 39 1 0
2703 38 13 -1 0
2704 14 22 -1 0
2705 46 23 0 -1
2706 29 6 -1 0
2707 39 38 0 -1
2708 0 22 0 1
2709 32 16 1 0
2710 64 34 0 -1
2711 29 17 0 1
2712 51 22 0 -1
2713 40 17 0 -1
2714 94 34 0 -1
2715 41 13 0 -1
2716 25 27 0 -1
2717 25 23 1 0
2718 18 17 0 1
2719 37 25 -1 0
2720 22 26 1 0
2721 39 11 0 1
2722 38 38 -1 0
2723 12 30 0 -1
2724 18 23 0 -1
2725 11 38 -1 0
2726 9 29 0 1
2727 67 2 0 -1
2728 49 22 1 0
2729 65 29 1 0
2730 7 27 -1 0
2731 25 4 0 -1
2732 19 13 0 1
2733 57 5 0 1
2734 12 24 0 1
2735 11 17 -1 0
2736 20 28 -1 0
2737 41 7 0 1
2738 40 21 -1 0
2739 72 33 1 0
2740 43 8 -1 0
2741 25 18 -1 0
2742 99 32 -1 0
2743 41 8 1 0
2744 0 28 1 0
2745 11 31 0 1
2746 92 21 -1 0
2747 48 14 1 0
2748 84 10 -1 0
2749 63 26 0 1
2750 58 38 1 0
2751 98 16 1 0
2752 12 34 -1 0
2753 13 23 0 -1
2754 80 26 0 -1
2755 55 1 -1 0
2756 68 22 1 0
2757 80 11 0 -1
2758 14 35 -1 0
2759 53 15 0 -1
2760 46 30 0 1
2761 42 39 0 -1
2762 71 12 1 0
2763 38 29 1 0
2764 20 28 -1 0
2765 19 30 0 -1
2766 94 34 -1 0
2767 1 5 1 0
2768 46 39 0 -1
2769 10 39 0 -1
2770 20 20 1 0
2771 92 29 0 1
2772 72 0 -1 0
2773 10 1 1 0
2774 54 25 1 0
2775 1 27 -1 0
2776 85 19 0 1
2777 67 12 1 0
2778 44 16 -1 0
2779 19 20 -1 0
2780 2 26 -1 0
2781 82 2 0 1
2782 50 16 -1 0
2783 51 33 0 -1
2784 18 21 0 -1
2785 76 5 1 0
2786 11 34 0 1
2787 73 7 0 1
2788 64 26 1 0
2789 14 12 1 0
2790 12 29 -1 0
2791 25 37 1 0
2792 78 0 1 0
2793 4 9 0 1
2794 19 8 0 1
2795 43 36 -1 0
2796 42 35 -1 0
2797 93 13 1 0
2798 71 4 1 0
2799 28 8 1 0
2800 21 25 0 1
2801 12 14 0 1
2802 1 21 0 1
2803 5 21 0 1
2804 23 33 1 0
2805 11 19 1 0
2806 76 2 0 -1
2807 47 10 0 -1
2808 93 27 0 1
2809 92 30 0 1
2810 98 19 0 1
2811 86 13 -1 0
2812 44 6 0 1
2813 30 34 -1 0
2814 0 1 1 0
2815 27 11 1 0
2816 26 2 0 1
2817 39 12 0 1
2818 1 30 1 0
2819 53 27 0 1
2820 86 15 1 0
2821 36 22 -1 0
2822 99 12 -1 0
2823 41 25 0 1
2824 81 37 0 -1
2825 57 28 -1 0
2826 15 33 0 1
2827 89 28 0 1
2828 91 20 0 1
2829 79 33 1 0
2830 4 22 -1 0
2831 26 36 -1 0
2832 23 0 -1 0
2833 25 14 -1 0
2834 49 28 -1 0
2835 89 34 0 -1
2836 58 32 0 -1
2837 50 15 1 0
2838 44 34 -1 0
2839 19 7 0 -1
2840 65 37 1 0
2841 99 9 0 -1
2842 78 13 1 0
2843 44 14 0 1
2844 97 18 -1 0
2845 36 15 -1 0
2846 39 18 1 0
2847 92 11 -1 0
2848 86 33 1 0
2849 22 17 0 -1
2850 2 3 -1 0
2851 63 5 -1 0
2852 80 26 1 0
2853 85 6 0 1
2854 80 16 0 1
2855 59 32 0 -1
2856 73 39 0 -1
2857 49 26 0 1
2858 65 6 1 0
2859 26 33 -1 0
2860 17 36 -1 0
2861 17 23 0 -1
2862 3 22 0 -1
2863 42 7 0 -1
2864 96 39 1 0
2865 70 2 0 -1
2866 21 12 0 -1
2867 64 18 1 0
2868 13 36 -1 0
2869 98 19 1 0
2870 62 26 0 1
2871 55 11 1 0
2872 18 10 1 0
2873 99 35 -1 0
2874 25 27 1 0
2875 75 38 1 0
2876 77 4 0 1
2877 53 5 0 1
2878 3 12 -1 0
2879 47 19 0 -1
2880 16 3 -1 0
2881 17 34 0 1
2882 92 11 0 1
2883 10 26 0 1
2884 36 7 -1 0
2885 85 13 0 1
2886 31 32 0 1
2887 66 21 1 0
2888 80 39 1 0
2889 95 26 0 1
2890 67 34 -1 0
2891 14 37 -1 0
2892 5 19 -1 0
2893 56 22 0 1
2894 79 4 1 0
2895 10 28 0 -1
2896 67 30 0 1
2897 47 31 0 -1
2898 56 35 0 -1
2899 80 32 1 0
2900 94 28 -1 0
2901 99 16 0 1
2902 44 33 1 0
2903 85 32 1 0
2904 2 12 0 -1
2905 30 14 1 0
2906 41 26 1 0
2907 8 36 0 1
2908 73 12 1 0
2909 76 34 1 0
2910 45 16 1 0
2911 80 6 0 -1
2912 90 24 -1 0
2913 43 33 0 1
2914 0 37 0 1
2915 71 37 0 1
2916 13 4 1 0
2917 46 5 -1 0
2918 51 12 0 -1
2919 82 6 1 0
2920 21 24 0 1
2921 96 1 -1 0
2922 6 8 0 -1
2923 67 23 -1 0
2924 11 34 0 -1
2925 7 13 1 0
2926 98 37 0 1
2927 96 30 0 -1
2928 43 34 -1 0
2929 11 26 1 0
2930 55 23 0 -1
2931 15 11 -1 0
2932 87 26 -1 0
2933 87 32 -1 0
2934 83 15 0 -1
2935 90 4 0 1
2936 50 30 -1 0
2937 94 22 -1 0
2938 85 16 1 0
2939 0 16 1 0
2940 74 0 0 -1
2941 88 23 0 1
2942 97 7 -1 0
2943 25 12 0 1
2944 18 21 1 0
2945 46 4 -1 0
2946 35 25 0 1
2947 85 16 -1 0
2948 58 4 0 -1
2949 37 19 -1 0
2950 26 37 -1 0
2951 38 6 0 1
2952 8 4 -1 0
2953 94 20 0 -1
2954 59 26 0 -1
2955 46 16 0 1
2956 62 2 0 1
2957 46 3 1 0
2958 28 6 1 0
2959 77 0 1 0
2960 92 19 0 -1
2961 13 35 0 1
2962 31 14 1 0
2963 91 8 0 -1
2964 1 26 -1 0
2965 18 30 0 -1
2966 41 29 0 -1
2967 38 27 -1 0
2968 26 9 1 0
2969 99 16 -1 0
2970 32 36 0 1
2971 41 6 0 1
2972 39 2 0 -1
2973 68 20 -1 0
2974 0 36 -1 0
2975 22 4 -1 0
2976 85 23 1 0
2977 70 26 0 1
2978 93 26 0 1
2979 0 38 -1 0
2980 64 1 -1 0
2981 78 2 1 0
2982 43 5 -1 0
2983 52 35 0 1
2984 79 10 1 0
2985 25 15 0 -1
2986 23 32 0 1
2987 0 27 0 -1
2988 95 20 1 0
2989 77 11 1 0
2990 60 12 1 0
2991 52 25 -1 0
2992 23 19 0 -1
2993 19 8 1 0
2994 47 33 0 -1
2995 9 29 0 1
2996 75 10 0 -1
2997 11 27 1 0
2998 21 11 1 0
2999 51 11 0 -1
3000 59 14 -1 0
3001 0 31 -1 0
3002 49 14 0 -1
3003 59 24 0 1
3004 65 15 0 1
3005 42 32 0 -1
3006 48 16 1 0
3007 72 3 1 0
3008 47 26 0 1
3009 82 36 -1 0
3010 43 37 0 1
3011 0 18 0 1
3012 91 39 -1 0
3013 73 36 -1 0
3014 84 6 0 1
3015 96 23 0 1
3016 37 4 -1 0
3017 41 22 0 -1
3018 52 33 0 -1
3019 69 11 1 0
3020 45 17 0 -1
3021 13 12 0 -1
3022 24 13 0 1
3023 70 24 -1 0
3024 10 11 -1 0
3025 46 6 -1 0
3026 91 28 -1 0
3027 40 38 0 1
3028 44 37 0 1
3029 41 27 0 -1
3030 0 7 1 0
3031 40 2 0 -1
3032 68 31 -1 0
3033 19 21 1 0
3034 38 21 1 0
3035 43 1 0 1
3036 94 31 1 0
3037 21 0 0 -1
3038 46 7 1 0
3039 79 29 -1 0
3040 22 28 0 -1
3041 24 11 1 0
3042 68 30 -1 0
3043 53 20 1 0
3044 36 29 1 0
3045 98 2 0 1
3046 79 38 0 1
3047 11 13 0 1
3048 49 4 1 0
3049 88 16 -1 0
3050 45 16 0 -1
3051 44 28 0 1
3052 85 0 1 0
3053 11 9 1 0
3054 46 10 1 0
3055 65 0 -1 0
3056 46 27 1 0
3057 4 22 -1 0
3058 10 18 1 0
3059 3 32 -1 0
3060 68 28 1 0
3061 67 11 0 1
3062 19 18 1 0
3063 49 36 1 0
3064 47 9 0 1
3065 86 24 0 1
3066 96 13 0 1
3067 38 28 -1 0
3068 94 6 1 0
3069 67 36 1 0
3070 26 10 -1 0
3071 52 35 -1 0
3072 49 9 1 0
3073 51 2 1 0
3074 21 3 0 1
3075 58 25 0 1
3076 48 9 -1 0
3077 18 1 -1 0
3078 13 14 0 -1
3079 37 20 1 0
3080 29 32 -1 0
3081 52 26 1 0
3082 6 24 -1 0
3083 12 19 1 0
3084 7 35 1 0
3085 29 23 -1 0
3086 90 35 0 1
3087 41 39 0 -1
3088 58 23 0 -1
3089 5 14 0 1
3090 52 32 0 1
3091 29 17 0 1
3092 99 1 0 -1
3093 58 0 -1 0
3094 44 22 0 1
3095 38 34 1 0
3096 94 22 1 0
3097 57 38 -1 0
3098 76 26 0 1
3099 22 30 0 1
3100 54 33 1 0
3101 39 29 0 1
3102 58 31 0 1
3103 46 14 0 -1
3104 40 4 -1 0
3105 24 29 0 -1
3106 5 31 -1 0
3107 89 0 0 1
3108 49 11 0 -1
3109 48 22 -1 0
3110 99 25 0 1
3111 22 30 1 0
3112 40 37 0 1
3113 61 2 0 -1
3114 69 8 -1 0
3115 38 26 0 1
3116 10 0 0 -1
3117 20 12 0 1
3118 1 21 0 -1
3119 51 21 0 1
3120 24 10 0 -1
3121 25 5 -1 0
3122 8 6 -1 0
3123 17 36 -1 0
3124 92 3 0 -1
3125 6 30 0 1
3126 5 29 0 1
3127 81 3 0 1
3128 43 36 0 -1
3129 40 34 0 1
3130 61 24 -1 0
3131 23 34 0 1
3132 94 6 -1 0
3133 22 24 0 -1
3134 9 12 -1 0
3135 22 39 -1 0
3136 50 14 0 -1
3137 5 21 1 0
3138 97 29 1 0
3139 77 19 -1 0
3140 92 25 0 -1
3141 15 34 1 0
3142 23 34 0 -1
3143 74 1 0 1
3144 84 5 0 -1
3145 60 32 -1 0
3146 37 30 -1 0
3147 39 37 1 0
3148 93 18 0 -1
3149 42 5 0 -1
3150 25 3 1 0
3151 17 14 -1 0
3152 40 6 0 1
3153 19 32 0 1
3154 46 9 -1 0
3155 14 11 -1 0
3156 11 14 -1 0
3157 91 35 1 0
3158 72 32 0 -1
3159 52 0 0 1
3160 35 20 0 1
3161 16 21 -1 0
3162 91 29 0 -1
3163 22 26 1 0
3164 18 12 1 0
3165 16 20 1 0
3166 25 1 0 1
3167 41 32 0 1
3168 11 30 0 1
3169 1 0 0 -1
3170 2 35 1 0
3171 61 34 0 1
3172 40 38 1 0
3173 48 4 0 -1
3174 74 26 -1 0
3175 39 29 1 0
3176 87 19 1 0
3177 8 39 0 -1
3178 59 6 1 0
3179 11 20 -1 0
3180 88 23 0 1
3181 67 15 0 -1
3182 7 19 0 -1
3183 71 7 -1 0
3184 11 10 1 0
3185 71 4 0 -1
3186 86 27 -1 0
3187 71 29 -1 0
3188 59 27 0 -1
3189 26 4 0 -1
3190 13 37 0 -1
3191 49 9 0 1
3192 99 19 -1 0
3193 21 1 1 0
3194 63 2 -1 0
3195 72 1 0 -1
3196 38 4 -1 0
3197 37 25 0 -1
3198 99 18 1 0
3199 40 21 0 -1
3200 95 20 0 1
3201 11 11 0 1
3202 25 7 0 1
3203 42 36 1 0
3204 39 26 -1 0
3205 73 8 0 1
3206 43 3 1 0
3207 75 8 0 1
3208 8 35 0 -1
3209 32 28 1 0
3210 39 15 -1 0
3211 84 26 0 1
3212 95 32 0 -1
3213 30 13 0 -1
3214 76 9 1 0
3215 87 32 -1 0
3216 90 14 -1 0
3217 30 5 0 1
3218 11 3 1 0
3219 34 13 1 0
3220 0 12 0 1
3221 42 12 0 -1
3222 7 20 0 1
3223 35 5 1 0
3224 99 0 -1 0
3225 43 28 -1 0
3226 18 32 0 -1
3227 21 4 1 0
3228 9 15 1 0
3229 15 29 0 1
3230 60 0 0 1
3231 35 33 0 1
3232 26 6 1 0
3233 27 33 -1 0
3234 44 16 -1 0
3235 47 9 1 0
3236 4 23 0 -1
3237 26 35 0 1
3238 13 29 0 -1
3239 47 29 -1 0
3240 81 23 1 0
3241 46 8 -1 0
3242 44 12 1 0
3243 23 6 0 -1
3244 25 22 0 1
3245 59 13 -1 0
3246 15 23 1 0
3247 49 28 1 0
3248 48 5 -1 0
3249 87 15 0 1
3250 24 30 0 -1
3251 41 30 -1 0
3252 43 15 0 1
3253 39 3 0 -1
3254 81 8 0 1
3255 58 19 -1 0
3256 88 26 -1 0
3257 17 21 1 0
3258 96 3 -1 0
3259 19 4 0 1
3260 17 13 -1 0
3261 44 23 -1 0
3262 88 27 1 0
3263 71 4 1 0
3264 24 16 1 0
3265 78 12 -1 0
3266 46 19 -1 0
3267 21 0 -1 0
3268 77 3 1 0
3269 75 2 -1 0
3270 85 22 -1 0
3271 11 10 -1 0
3272 17 22 -1 0
3273 61 25 -1 0
3274 18 33 0 1
3275 48 17 0 -1
3276 27 25 0 1
3277 51 34 1 0
3278 68 12 0 -1
3279 9 35 0 -1
3280 95 7 -1 0
3281 53 9 -1 0
3282 91 37 0 1
3283 40 39 0 -1
3284 16 8 1 0
3285 36 2 1 0
3286 99 18 0 1
3287 21 20 -1 0
3288 13 17 -1 0
3289 83 7 1 0
3290 80 29 1 0
3291 62 26 -1 0
3292 38 12 0 -1
3293 37 5 -1 0
3294 10 18 0 1
3295 69 27 0 -1
3296 41 13 0 1
3297 0 0 -1 0
3298 46 10 -1 0
3299 17 35 0 1
3300 95 17 -1 0
3301 23 32 0 1
3302 89 26 0 1
3303 18 3 -1 0
3304 10 20 -1 0
3305 64 35 -1 0
3306 35 6 1 0
3307 49 13 0 -1
3308 23 39 0 -1
3309 68 30 -1 0
3310 30 18 0 -1
3311 40 10 0 1
3312 99 23 0 1
3313 99 4 -1 0
3314 80 34 -1 0
3315 60 20 -1 0
3316 49 17 -1 0
3317 70 2 1 0
3318 15 18 -1 0
3319 50 31 -1 0
3320 38 15 -1 0
3321 15 12 0 1
3322 10 30 0 1
3323 18 36 1 0
3324 24 9 1 0
3325 44 32 0 1
3326 48 30 1 0
3327 82 31 1 0
3328 18 25 1 0
3329 76 18 1 0
3330 92 10 0 -1
3331 71 39 0 1
3332 43 5 0 -1
3333 87 1 -1 0
3334 44 31 0 1
3335 18 28 0 -1
3336 61 16 1 0
3337 40 8 0 1
3338 82 16 0 -1
3339 21 39 -1 0
3340 20 38 -1 0
3341 95 20 0 1
3342 10 28 0 1
3343 12 5 1 0
3344 39 14 0 -1
3345 68 37 -1 0
3346 20 24 0 -1
3347 18 17 0 1
3348 62 7 0 -1
3349 46 26 0 1
3350 94 31 -1 0
3351 41 22 -1 0
3352 61 15 -1 0
3353 96 35 0 1
3354 55 25 0 1
3355 23 12 0 1
3356 70 13 0 1
3357 32 28 0 -1
3358 29 4 0 1
3359 84 10 -1 0
3360 41 26 -1 0
3361 2 3 0 -1
3362 13 20 1 0
3363 90 21 -1 0
3364 21 1 1 0
3365 89 16 1 0
3366 91 0 -1 0
3367 13 18 0 -1
3368 25 19 1 0
3369 27 6 0 1
3370 96 28 1 0
3371 28 23 0 -1
3372 9 28 -1 0
3373 36 37 0 1
3374 61 21 0 -1
3375 48 0 -1 0
3376 12 17 1 0
3377 30 19 0 -1
3378 98 28 1 0
3379 53 7 0 -1
3380 28 37 -1 0
3381 80 10 -1 0
3382 0 16 -1 0
3383 10 26 0 -1
3384 24 17 -1 0
3385 23 37 -1 0
3386 0 37 0 1
3387 77 19 -1 0
3388 23 19 1 0
3389 16 35 -1 0
3390 51 1 1 0
3391 15 30 -1 0
3392 42 9 0 -1
3393 12 24 0 1
3394 48 7 0 -1
3395 51 25 0 -1
3396 51 6 0 -1
3397 47 8 -1 0
3398 3 8 1 0
3399 83 11 0 1
3400 88 31 1 0
3401 88 39 -1 0
3402 23 35 0 1
3403 43 2 0 1
3404 71 0 -1 0
3405 52 14 1 0
3406 24 36 0 -1
3407 57 23 0 -1
3408 40 14 0 -1
3409 54 1 0 -1
3410 47 6 1 0
3411 17 21 -1 0
3412 50 18 0 -1
3413 68 15 1 0
3414 12 13 0 1
3415 37 17 0 -1
3416 79 21 0 -1
3417 20 19 0 1
3418 67 8 0 1
3419 57 5 1 0
3420 51 31 -1 0
3421 55 27 1 0
3422 44 15 1 0
3423 45 30 1 0
3424 63 28 1 0
3425 98 16 1 0
3426 16 32 1 0
3427 10 37 0 1
3428 7 7 0 -1
3429 49 7 0 1
3430 39 31 1 0
3431 52 0 0 -1
3432 16 14 0 -1
3433 40 3 0 -1
3434 37 12 1 0
3435 45 24 -1 0
3436 41 8 0 -1
3437 17 10 0 -1
3438 79 6 0 1
3439 69 36 1 0
3440 40 3 0 1
3441 84 35 0 -1
3442 0 35 1 0
3443 78 2 -1 0
3444 24 29 1 0
3445 44 4 0 -1
3446 27 18 0 1
3447 15 27 0 -1
3448 29 11 1 0
3449 44 27 0 -1
3450 16 18 -1 0
3451 81 37 0 1
3452 8 23 -1 0
3453 57 9 0 1
3454 70 27 0 1
3455 75 27 -1 0
3456 50 22 -1 0
3457 19 10 1 0
3458 58 33 0 -1
3459 17 38 1 0
3460 19 16 -1 0
3461 7 5 -1 0
3462 24 18 0 -1
3463 83 17 -1 0
3464 22 12 0 -1
3465 12 33 -1 0
3466 91 28 0 -1
3467 91 2 0 -1
3468 47 20 1 0
3469 60 22 -1 0
3470 6 35 0 1
3471 41 8 -1 0
3472 46 17 -1 0
3473 9 16 -1 0
3474 90 23 0 1
3475 4 23 0 -1
3476 17 20 1 0
3477 80 27 0 1
3478 86 16 0 -1
3479 26 25 1 0
3480 39 23 -1 0
3481 84 28 1 0
3482 19 6 -1 0
3483 41 27 -1 0
3484 10 31 0 -1
3485 72 31 0 -1
3486 32 19 0 -1
3487 24 26 1 0
3488 13 28 0 1
3489 89 21 1 0
3490 18 33 -1 0
3491 14 7 0 -1
3492 32 9 0 1
3493 90 3 0 -1
3494 18 5 0 1
3495 10 4 -1 0
3496 88 29 -1 0
3497 39 10 0 1
3498 45 3 -1 0
3499 6 39 0 -1
3500 77 3 0 -1
3501 26 6 1 0
3502 49 5 0 -1
3503 59 21 0 1
3504 0 29 0 1
3505 41 18 -1 0
3506 79 11 0 1
3507 77 31 1 0
3508 55 28 0 -1
3509 50 8 0 1
3510 30 37 0 -1
3511 87 29 0 -1
3512 93 38 1 0
3513 87 13 0 1
3514 27 27 0 1
3515 49 7 0 -1
3516 20 27 1 0
3517 20 16 0 1
3518 97 33 -1 0
3519 16 24 0 1
3520 11 0 0 1
3521 40 19 -1 0
3522 75 10 0 -1
3523 96 24 -1 0
3524 20 31 0 -1
3525 44 31 -1 0
3526 92 30 0 -1
3527 64 13 0 -1
3528 28 6 0 1
3529 41 3 1 0
3530 43 7 -1 0
3531 11 37 -1 0
3532 68 14 0 -1
3533 94 22 -1 0
3534 88 24 -1 0
3535 89 28 0 -1
3536 43 15 0 1
3537 97 15 -1 0
3538 8 24 1 0
3539 15 33 0 1
3540 30 32 0 -1
3541 22 32 0 -1
3542 46 35 0 1
3543 72 39 0 -1
3544 54 36 0 -1
3545 75 28 -1 0
3546 73 31 0 -1
3547 49 9 1 0
3548 8 16 0 1
3549 88 30 0 1
3550 60 35 -1 0
3551 84 30 0 1
3552 97 3 0 1
3553 9 2 0 -1
3554 93 13 1 0
3555 26 14 -1 0
3556 28 10 -1 0
3557 89 11 0 -1
3558 94 3 1 0
3559 23 9 1 0
3560 17 33 0 1
3561 45 38 0 1
3562 46 10 1 0
3563 98 10 0 1
3564 98 0 1 0
3565 6 34 0 -1
3566 47 32 -1 0
3567 66 27 0 -1
3568 87 29 -1 0
3569 58 32 0 -1
3570 47 2 0 -1
3571 75 31 0 1
3572 76 4 0 -1
3573 12 26 0 -1
3574 95 32 1 0
3575 90 32 -1 0
3576 82 25 -1 0
3577 78 11 0 -1
3578 56 27 -1 0
3579 15 22 0 1
3580 1 33 0 1
3581 80 25 0 1
3582 16 15 1 0
3583 6 24 0 -1
3584 82 22 0 1
3585 95 22 -1 0
3586 81 1 1 0
3587 88 25 1 0
3588 66 25 0 1
3589 17 20 -1 0
3590 19 6 -1 0
3591 1 25 -1 0
3592 42 10 -1 0
3593 20 22 0 -1
3594 25 31 0 1
3595 0 10 0 -1
3596 40 13 0 1
3597 82 28 -1 0
3598 43 25 -1 0
3599 27 11 1 0
