0 22 7 1 0
1 6 27 0 -1
2 12 1 1 0
3 18 0 1 0
4 73 19 0 1
5 16 25 1 0
6 13 24 0 -1
7 97 4 0 1
8 99 20 0 1
9 9 27 0 -1
10 74 15 0 -1
11 7 8 1 0
12 89 7 -1 0
13 19 13 0 -1
14 91 19 0 -1
15 22 5 0 1
16 5 37 -1 0
17 19 10 0 1
18 50 39 0 1
19 9 10 0 -1
20 4 19 0 1
21 18 33 0 1
22 45 14 0 1
23 17 12 0 -1
24 6 7 -1 0
25 39 22 0 -1
26 4 30 0 1
27 95 23 1 0
28 67 4 0 1
29 41 16 -1 0
30 40 37 0 1
31 42 36 0 1
32 83 2 -1 0
33 89 35 0 -1
34 25 39 0 1
35 58 11 -1 0
36 98 12 0 1
37 77 23 0 -1
38 0 30 0 -1
39 6 19 -1 0
40 47 30 1 0
41 15 3 0 1
42 26 3 1 0
43 13 33 0 1
44 3 19 0 -1
45 39 6 -1 0
46 1 22 0 1
47 17 25 -1 0
48 82 19 1 0
49 89 25 1 0
50 1 31 -1 0
51 12 32 0 -1
52 5 34 0 -1
53 97 20 0 -1
54 20 26 1 0
55 97 14 -1 0
56 8 33 0 -1
57 3 34 -1 0
58 85 29 1 0
59 43 27 -1 0
60 8 1 0 1
61 22 19 -1 0
62 49 38 -1 0
63 59 12 -1 0
64 83 27 0 -1
65 21 14 -1 0
66 35 15 -1 0
67 17 32 -1 0
68 37 39 -1 0
69 8 19 -1 0
70 47 15 1 0
71 83 13 0 1
72 20 13 0 1
73 2 10 0 1
74 50 34 0 -1
75 18 25 0 -1
76 41 9 0 -1
77 26 2 1 0
78 22 37 1 0
79 81 6 -1 0
80 4 34 0 -1
81 87 22 -1 0
82 10 13 -1 0
83 22 26 0 1
84 96 30 1 0
85 44 30 -1 0
86 24 24 0 -1
87 12 28 0 1
88 86 2 0 1
89 51 8 1 0
90 58 16 -1 0
91 6 36 0 1
92 38 28 1 0
93 80 1 0 -1
94 27 0 0 -1
95 23 14 0 1
96 92 7 -1 0
97 7 18 -1 0
98 22 3 1 0
99 3 4 -1 0
100 21 38 -1 0
101 62 17 -1 0
102 8 38 1 0
103 83 29 0 1
104 59 32 0 1
105 5 10 1 0
106 99 11 0 1
107 76 20 -1 0
108 44 24 0 1
109 83 5 1 0
110 96 7 1 0
111 19 25 0 -1
112 78 4 -1 0
113 20 26 0 1
114 9 12 1 0
115 50 15 0 1
116 30 37 0 1
117 40 37 0 -1
118 90 20 1 0
119 1 32 0 -1
120 79 6 1 0
121 77 14 0 1
122 48 4 0 -1
123 9 2 -1 0
124 38 33 0 1
125 26 35 -1 0
126 92 36 1 0
127 94 22 -1 0
128 47 5 1 0
129 74 21 1 0
130 96 0 0 -1
131 30 6 0 -1
132 20 12 0 -1
133 60 5 0 -1
134 1 0 1 0
135 20 31 0 -1
136 42 6 0 1
137 46 9 -1 0
138 10 18 -1 0
139 29 18 0 -1
140 46 14 1 0
141 32 16 -1 0
142 48 6 0 -1
143 46 15 0 1
144 43 0 -1 0
145 39 39 -1 0
146 54 8 0 1
147 8 22 -1 0
148 46 31 -1 0
149 59 38 1 0
150 88 31 0 -1
151 73 25 0 -1
152 98 33 1 0
153 56 25 0 1
154 20 36 0 1
155 50 1 -1 0
156 46 33 -1 0
157 91 16 0 -1
158 50 25 -1 0
159 45 27 -1 0
160 41 36 1 0
161 63 3 0 1
162 25 5 -1 0
163 47 10 1 0
164 14 23 0 -1
165 28 22 0 -1
166 48 22 0 -1
167 72 23 -1 0
168 74 31 0 -1
169 25 6 -1 0
170 13 35 1 0
171 22 32 -1 0
172 45 38 -1 0
173 9 34 -1 0
174 89 29 0 -1
175 44 23 0 1
176 10 13 0 1
177 31 31 1 0
178 53 10 0 -1
179 56 14 1 0
180 21 24 1 0
181 94 5 0 -1
182 65 18 -1 0
183 50 10 1 0
184 86 8 0 1
185 45 20 0 -1
186 19 13 -1 0
187 68 31 1 0
188 85 28 0 1
189 83 28 0 -1
190 56 16 -1 0
191 40 39 0 -1
192 9 29 0 1
193 38 8 0 1
194 49 38 -1 0
195 14 37 -1 0
196 37 25 -1 0
197 37 27 0 -1
198 64 20 1 0
199 21 3 -1 0
200 61 19 0 1
201 11 1 0 1
202 12 3 0 1
203 80 28 0 1
204 97 16 0 -1
205 51 25 1 0
206 26 37 1 0
207 17 2 0 1
208 68 34 0 -1
209 14 20 -1 0
210 13 11 0 -1
211 26 36 1 0
212 52 1 0 -1
213 4 13 0 -1
214 17 9 1 0
215 17 6 0 -1
216 84 15 1 0
217 15 17 1 0
218 62 3 1 0
219 41 23 -1 0
220 42 29 -1 0
221 45 10 -1 0
222 13 38 0 1
223 94 28 -1 0
224 12 20 0 1
225 15 23 0 1
226 37 25 1 0
227 68 30 -1 0
228 24 23 0 -1
229 4 35 0 1
230 52 39 -1 0
231 59 17 0 -1
232 84 35 0 1
233 17 20 0 1
234 24 22 -1 0
235 60 20 -1 0
236 42 4 0 -1
237 23 19 0 1
238 40 20 0 -1
239 1 34 0 1
240 68 34 0 1
241 8 12 -1 0
242 64 22 0 -1
243 18 31 0 1
244 45 30 1 0
245 10 5 0 -1
246 90 12 0 -1
247 47 28 0 -1
248 41 39 0 1
249 3 5 1 0
250 85 26 1 0
251 0 3 0 -1
252 28 20 1 0
253 98 12 -1 0
254 24 33 1 0
255 22 39 1 0
256 11 19 -1 0
257 86 5 0 1
258 20 9 0 -1
259 68 2 1 0
260 43 25 1 0
261 91 12 0 -1
262 73 29 0 -1
263 93 19 0 1
264 49 20 0 -1
265 17 8 1 0
266 38 34 1 0
267 51 6 -1 0
268 90 13 0 -1
269 98 22 1 0
270 10 0 0 1
271 76 22 -1 0
272 5 21 -1 0
273 0 5 0 1
274 55 9 1 0
275 66 10 -1 0
276 46 16 0 -1
277 38 12 1 0
278 40 12 1 0
279 40 6 0 -1
280 25 36 0 1
281 44 5 0 -1
282 55 20 1 0
283 3 29 0 -1
284 25 33 0 1
285 68 8 1 0
286 50 31 0 -1
287 70 26 0 -1
288 92 24 0 1
289 29 14 0 1
290 39 2 0 -1
291 15 22 1 0
292 83 23 1 0
293 51 39 -1 0
294 8 13 -1 0
295 51 8 -1 0
296 94 13 0 -1
297 91 11 1 0
298 41 3 1 0
299 22 7 1 0
300 97 0 0 -1
301 50 17 1 0
302 2 15 0 -1
303 49 12 0 -1
304 68 7 1 0
305 89 25 0 1
306 10 32 0 1
307 75 13 0 -1
308 39 39 -1 0
309 28 17 1 0
310 53 14 0 1
311 50 8 0 -1
312 34 14 1 0
313 23 1 0 1
314 47 21 0 1
315 23 9 -1 0
316 20 23 0 -1
317 13 9 0 -1
318 25 4 0 1
319 82 1 0 -1
320 54 8 0 1
321 75 28 1 0
322 8 3 0 1
323 69 2 -1 0
324 97 19 -1 0
325 52 39 -1 0
326 26 34 1 0
327 62 27 0 -1
328 15 25 0 1
329 46 20 1 0
330 24 18 0 1
331 45 3 0 -1
332 18 11 0 1
333 98 29 1 0
334 5 3 0 1
335 20 8 0 1
336 21 11 0 1
337 23 36 0 -1
338 75 22 -1 0
339 3 38 0 -1
340 49 38 1 0
341 26 27 0 -1
342 94 38 1 0
343 6 9 0 -1
344 6 23 0 1
345 82 12 1 0
346 22 2 0 1
347 42 31 0 -1
348 28 17 -1 0
349 81 10 -1 0
350 52 5 -1 0
351 64 34 0 -1
352 74 30 0 -1
353 8 1 1 0
354 39 8 -1 0
355 38 27 1 0
356 19 16 -1 0
357 44 21 0 1
358 56 21 -1 0
359 9 9 1 0
360 27 31 -1 0
361 28 2 0 -1
362 91 0 0 -1
363 47 22 0 1
364 28 21 1 0
365 2 12 0 -1
366 47 8 0 -1
367 45 21 0 1
368 95 0 -1 0
369 69 9 0 -1
370 70 3 1 0
371 28 7 -1 0
372 88 33 0 1
373 40 33 1 0
374 21 14 0 -1
375 22 27 1 0
376 86 23 0 -1
377 42 3 0 1
378 37 38 0 1
379 76 24 1 0
380 14 18 1 0
381 70 19 1 0
382 38 13 -1 0
383 85 39 1 0
384 77 3 1 0
385 28 25 -1 0
386 26 24 1 0
387 29 26 0 1
388 54 33 1 0
389 78 21 0 1
390 4 21 0 1
391 98 6 0 1
392 70 1 -1 0
393 82 39 -1 0
394 81 28 0 1
395 18 12 0 -1
396 13 19 0 1
397 37 14 0 1
398 15 31 1 0
399 44 12 0 -1
400 99 13 -1 0
401 26 10 0 1
402 96 8 0 -1
403 44 2 1 0
404 73 31 0 1
405 85 36 -1 0
406 50 34 0 1
407 52 29 0 1
408 25 7 0 -1
409 50 25 0 -1
410 16 5 0 -1
411 69 32 0 1
412 54 5 0 -1
413 46 17 0 1
414 0 17 0 -1
415 24 29 1 0
416 82 9 -1 0
417 21 24 0 1
418 41 27 -1 0
419 51 38 -1 0
420 15 14 1 0
421 42 22 -1 0
422 44 38 0 -1
423 88 32 -1 0
424 26 14 1 0
425 22 19 1 0
426 94 30 1 0
427 53 12 -1 0
428 70 36 0 -1
429 80 37 1 0
430 27 26 0 -1
431 69 4 -1 0
432 76 25 0 1
433 48 20 0 -1
434 12 12 -1 0
435 48 28 0 1
436 42 30 -1 0
437 92 22 0 1
438 2 39 -1 0
439 88 34 1 0
440 95 5 0 1
441 5 2 1 0
442 76 16 1 0
443 14 37 0 -1
444 22 25 1 0
445 77 31 1 0
446 92 0 0 1
447 71 10 1 0
448 77 5 1 0
449 10 39 1 0
450 69 32 0 -1
451 1 1 0 1
452 2 28 0 -1
453 4 9 1 0
454 18 27 -1 0
455 41 5 0 -1
456 23 7 0 1
457 55 31 0 1
458 52 10 -1 0
459 24 33 0 1
460 15 23 0 -1
461 57 30 0 1
462 77 39 0 1
463 37 35 0 -1
464 36 36 -1 0
465 54 20 0 1
466 49 5 -1 0
467 7 31 0 1
468 46 20 0 1
469 39 38 0 1
470 43 28 0 1
471 76 19 0 1
472 85 13 0 -1
473 89 13 1 0
474 44 27 0 -1
475 98 26 -1 0
476 3 27 0 1
477 48 39 0 1
478 29 30 0 1
479 35 30 1 0
480 38 30 0 -1
481 97 25 0 1
482 99 4 1 0
483 39 11 -1 0
484 18 34 0 -1
485 86 28 1 0
486 21 13 0 1
487 2 19 1 0
488 26 11 0 -1
489 74 3 0 1
490 13 20 1 0
491 7 6 0 1
492 73 28 -1 0
493 44 20 1 0
494 47 0 0 -1
495 92 11 -1 0
496 43 17 0 1
497 8 22 1 0
498 12 11 1 0
499 43 27 0 1
500 1 29 0 -1
501 23 5 0 1
502 55 23 1 0
503 26 22 0 -1
504 30 33 0 1
505 47 20 -1 0
506 73 1 1 0
507 39 32 1 0
508 46 32 0 1
509 9 37 -1 0
510 61 11 -1 0
511 15 32 0 1
512 93 30 0 -1
513 90 22 -1 0
514 39 30 1 0
515 11 5 1 0
516 95 18 -1 0
517 63 2 0 1
518 37 34 0 -1
519 93 15 0 1
520 16 16 0 -1
521 44 11 0 1
522 88 36 0 -1
523 14 32 -1 0
524 17 19 -1 0
525 54 35 0 1
526 3 24 0 -1
527 48 12 -1 0
528 44 10 0 -1
529 84 19 0 1
530 85 31 0 -1
531 8 4 0 1
532 63 34 0 -1
533 7 26 -1 0
534 24 21 0 1
535 72 15 1 0
536 19 14 1 0
537 97 1 -1 0
538 46 37 1 0
539 11 16 1 0
540 20 27 0 1
541 40 19 1 0
542 17 9 0 -1
543 38 24 0 1
544 2 30 0 1
545 75 23 1 0
546 67 4 1 0
547 90 28 0 -1
548 17 1 0 -1
549 23 39 1 0
550 8 9 1 0
551 52 4 -1 0
552 47 16 0 -1
553 35 1 0 1
554 85 8 0 1
555 92 1 1 0
556 73 9 0 -1
557 75 19 1 0
558 24 4 1 0
559 42 11 0 -1
560 90 33 -1 0
561 6 34 -1 0
562 43 22 0 1
563 47 27 0 1
564 52 31 -1 0
565 46 35 0 -1
566 25 7 0 1
567 9 17 0 1
568 87 38 1 0
569 92 20 0 1
570 21 4 1 0
571 20 28 1 0
572 38 34 0 -1
573 76 11 1 0
574 16 14 0 -1
575 86 17 0 1
576 87 33 0 1
577 79 29 0 1
578 29 25 1 0
579 15 25 0 -1
580 72 18 1 0
581 46 16 0 -1
582 22 24 -1 0
583 44 5 0 -1
584 7 37 -1 0
585 23 24 1 0
586 18 36 -1 0
587 91 6 -1 0
588 56 34 0 -1
589 15 2 0 1
590 63 18 1 0
591 96 33 -1 0
592 10 3 0 -1
593 26 12 0 -1
594 95 21 1 0
595 0 8 -1 0
596 49 25 -1 0
597 17 33 -1 0
598 1 14 -1 0
599 62 39 0 -1
600 23 13 0 1
601 60 36 1 0
602 82 35 0 -1
603 53 33 1 0
604 13 21 1 0
605 14 17 0 -1
606 91 20 0 1
607 37 28 1 0
608 46 36 0 -1
609 30 36 1 0
610 67 13 0 -1
611 57 6 0 1
612 62 10 0 -1
613 64 1 -1 0
614 52 4 1 0
615 47 19 0 -1
616 59 0 0 1
617 13 25 0 1
618 82 2 1 0
619 4 35 0 -1
620 87 21 0 1
621 56 9 1 0
622 4 36 1 0
623 91 32 0 1
624 21 33 -1 0
625 7 38 0 1
626 41 30 0 -1
627 3 38 0 1
628 55 14 1 0
629 40 12 0 -1
630 7 12 0 1
631 30 2 0 1
632 85 33 -1 0
633 17 21 -1 0
634 93 11 1 0
635 56 27 0 -1
636 56 12 0 1
637 98 10 0 -1
638 29 20 -1 0
639 58 33 0 1
640 2 31 0 1
641 47 35 -1 0
642 45 5 0 -1
643 21 22 0 1
644 27 14 1 0
645 45 33 0 -1
646 4 36 0 -1
647 41 17 -1 0
648 9 7 1 0
649 88 19 0 1
650 43 2 1 0
651 35 25 1 0
652 6 9 1 0
653 18 32 0 1
654 1 8 1 0
655 47 4 1 0
656 39 11 0 1
657 53 32 1 0
658 31 36 0 -1
659 7 20 -1 0
660 49 33 -1 0
661 54 18 0 -1
662 21 26 0 1
663 76 38 0 1
664 7 32 0 -1
665 17 39 -1 0
666 19 15 1 0
667 67 2 0 -1
668 26 9 0 1
669 67 8 0 -1
670 43 12 0 1
671 50 22 0 1
672 29 4 0 1
673 97 12 -1 0
674 51 8 0 1
675 30 27 1 0
676 51 16 -1 0
677 21 31 0 1
678 12 37 1 0
679 17 18 1 0
680 62 15 0 1
681 82 21 0 -1
682 48 7 0 -1
683 8 22 0 1
684 64 33 0 1
685 60 38 1 0
686 59 39 0 -1
687 49 14 -1 0
688 46 15 0 -1
689 10 2 0 1
690 21 24 -1 0
691 4 20 0 -1
692 25 13 0 -1
693 28 31 0 -1
694 6 1 -1 0
695 37 18 -1 0
696 53 10 0 1
697 50 21 -1 0
698 48 36 0 1
699 39 8 0 1
700 83 28 0 1
701 84 24 0 1
702 97 11 0 1
703 64 35 0 1
704 41 23 1 0
705 69 8 0 1
706 72 9 0 1
707 16 3 0 -1
708 5 20 -1 0
709 49 7 1 0
710 23 21 -1 0
711 99 21 0 1
712 71 14 -1 0
713 88 13 0 -1
714 54 1 -1 0
715 21 18 -1 0
716 11 10 -1 0
717 2 24 -1 0
718 18 21 0 -1
719 19 11 0 1
720 15 29 0 1
721 94 35 1 0
722 43 12 -1 0
723 5 6 -1 0
724 85 36 0 -1
725 20 4 0 -1
726 6 24 0 1
727 24 29 1 0
728 42 8 0 1
729 75 23 1 0
730 80 8 0 -1
731 64 29 0 1
732 9 25 0 -1
733 97 6 -1 0
734 37 8 0 1
735 95 10 0 -1
736 58 14 1 0
737 69 17 0 1
738 40 32 1 0
739 81 8 0 -1
740 22 4 -1 0
741 41 18 -1 0
742 25 1 1 0
743 90 37 0 -1
744 74 25 0 -1
745 44 2 0 1
746 69 32 0 -1
747 8 0 1 0
748 35 12 0 -1
749 72 10 0 -1
750 42 32 1 0
751 57 7 0 -1
752 95 6 1 0
753 23 0 0 -1
754 91 5 1 0
755 40 10 -1 0
756 56 30 0 -1
757 26 18 0 -1
758 3 32 0 -1
759 0 19 -1 0
760 9 23 -1 0
761 89 24 1 0
762 13 13 -1 0
763 30 37 -1 0
764 37 16 0 -1
765 65 26 0 1
766 45 25 0 1
767 70 8 -1 0
768 5 29 1 0
769 71 22 -1 0
770 11 18 0 -1
771 17 29 -1 0
772 8 30 0 -1
773 50 33 -1 0
774 27 39 0 1
775 96 31 0 1
776 21 1 1 0
777 14 19 -1 0
778 9 29 0 -1
779 11 13 1 0
780 26 18 0 1
781 2 10 0 -1
782 88 8 -1 0
783 18 15 0 -1
784 6 17 0 -1
785 48 26 0 1
786 41 32 0 -1
787 8 15 0 -1
788 93 27 0 1
789 94 21 1 0
790 14 25 -1 0
791 99 3 0 -1
792 78 20 0 1
793 87 1 1 0
794 5 27 1 0
795 24 3 1 0
796 93 7 -1 0
797 13 2 1 0
798 65 12 0 1
799 73 22 0 -1
800 41 20 0 -1
801 67 23 -1 0
802 45 29 0 1
803 76 10 0 1
804 65 14 -1 0
805 36 34 0 1
806 61 13 -1 0
807 13 17 0 1
808 92 24 0 1
809 91 33 0 1
810 24 12 0 1
811 48 14 1 0
812 17 11 0 1
813 20 35 0 1
814 51 39 0 1
815 75 8 0 -1
816 49 24 1 0
817 82 35 1 0
818 9 20 1 0
819 74 21 0 1
820 37 27 0 1
821 25 18 -1 0
822 52 38 0 -1
823 38 10 1 0
824 58 29 -1 0
825 85 23 0 1
826 91 2 0 -1
827 17 19 1 0
828 10 33 1 0
829 23 26 1 0
830 46 12 0 1
831 44 16 0 -1
832 39 38 1 0
833 93 32 0 1
834 46 34 0 -1
835 18 0 0 1
836 42 14 0 1
837 40 36 0 1
838 23 14 -1 0
839 24 32 0 -1
840 61 12 -1 0
841 0 36 0 -1
842 30 4 -1 0
843 73 2 0 1
844 11 29 0 -1
845 90 7 1 0
846 8 26 0 -1
847 17 25 1 0
848 44 39 -1 0
849 41 34 -1 0
850 25 17 1 0
851 94 34 0 1
852 48 14 0 -1
853 74 33 0 1
854 27 32 0 1
855 85 18 -1 0
856 51 16 1 0
857 72 30 0 1
858 87 32 1 0
859 7 3 0 1
860 73 4 -1 0
861 72 10 0 1
862 30 23 0 1
863 4 15 0 1
864 13 33 0 1
865 64 25 -1 0
866 73 2 0 -1
867 20 1 0 -1
868 26 11 1 0
869 80 13 1 0
870 90 25 -1 0
871 41 9 1 0
872 48 11 0 -1
873 64 28 0 -1
874 90 15 -1 0
875 22 8 0 -1
876 29 25 1 0
877 56 23 -1 0
878 46 0 0 -1
879 57 12 0 1
880 50 33 -1 0
881 57 14 -1 0
882 87 39 0 1
883 83 22 1 0
884 28 28 0 1
885 4 17 0 1
886 68 12 0 1
887 13 28 1 0
888 4 1 0 1
889 97 33 1 0
890 79 26 1 0
891 57 19 -1 0
892 89 31 0 -1
893 85 7 0 -1
894 64 6 0 -1
895 24 16 0 1
896 80 1 -1 0
897 24 25 1 0
898 91 0 0 1
899 18 29 -1 0
900 28 31 -1 0
901 97 8 -1 0
902 92 14 -1 0
903 24 16 -1 0
904 78 8 1 0
905 16 4 0 1
906 22 29 0 -1
907 51 27 1 0
908 1 14 0 1
909 97 38 0 -1
910 21 2 0 -1
911 2 39 0 -1
912 83 32 0 -1
913 76 7 0 -1
914 44 20 1 0
915 61 36 1 0
916 11 11 0 1
917 25 24 0 1
918 22 23 1 0
919 38 24 1 0
920 84 2 -1 0
921 1 4 -1 0
922 94 36 0 -1
923 82 28 -1 0
924 11 0 0 -1
925 73 28 1 0
926 40 19 1 0
927 52 31 -1 0
928 23 33 0 1
929 40 24 0 1
930 20 12 0 -1
931 24 12 0 1
932 80 25 0 1
933 16 27 -1 0
934 97 5 -1 0
935 22 16 1 0
936 43 21 0 1
937 17 10 1 0
938 97 35 1 0
939 37 25 0 -1
940 18 24 1 0
941 18 28 -1 0
942 46 3 0 1
943 60 0 -1 0
944 7 25 1 0
945 7 13 1 0
946 94 20 0 1
947 94 20 1 0
948 93 24 -1 0
949 99 22 0 -1
950 22 10 0 -1
951 1 16 -1 0
952 57 17 1 0
953 66 29 0 1
954 14 31 0 -1
955 53 34 0 1
956 91 12 -1 0
957 50 15 0 1
958 54 19 -1 0
959 96 23 0 -1
960 64 29 0 -1
961 45 29 1 0
962 42 27 0 -1
963 22 33 0 -1
964 83 12 0 -1
965 16 30 0 1
966 20 37 0 1
967 13 38 0 -1
968 26 32 -1 0
969 88 11 -1 0
970 21 7 0 1
971 20 25 0 1
972 40 30 0 -1
973 7 38 0 -1
974 88 4 -1 0
975 98 28 0 1
976 21 19 1 0
977 13 18 1 0
978 10 18 -1 0
979 21 22 -1 0
980 52 4 1 0
981 62 7 0 -1
982 90 25 -1 0
983 78 6 0 1
984 44 1 1 0
985 30 7 0 -1
986 22 16 0 1
987 78 34 -1 0
988 24 37 1 0
989 59 29 -1 0
990 36 37 -1 0
991 42 8 0 1
992 24 15 0 -1
993 6 38 -1 0
994 46 31 0 1
995 48 33 1 0
996 41 1 1 0
997 95 10 1 0
998 41 0 1 0
999 56 1 0 1
1000 8 34 -1 0
1001 65 23 1 0
1002 83 6 0 -1
1003 7 18 0 1
1004 44 4 0 -1
1005 9 38 0 1
1006 46 28 1 0
1007 5 33 -1 0
1008 17 1 1 0
1009 48 4 -1 0
1010 44 28 1 0
1011 90 27 1 0
1012 43 20 -1 0
1013 21 7 -1 0
1014 52 36 1 0
1015 39 13 0 1
1016 74 0 0 -1
1017 47 20 -1 0
1018 15 8 -1 0
1019 63 14 0 -1
1020 39 12 0 1
1021 22 20 -1 0
1022 16 1 -1 0
1023 21 32 0 -1
1024 39 8 0 -1
1025 44 13 0 -1
1026 48 8 0 -1
1027 14 28 0 1
1028 43 6 1 0
1029 51 26 -1 0
1030 91 28 -1 0
1031 17 10 1 0
1032 1 36 -1 0
1033 15 25 0 1
1034 53 30 0 1
1035 90 39 0 -1
1036 12 18 -1 0
1037 95 36 0 1
1038 11 36 0 1
1039 24 7 0 -1
1040 44 23 -1 0
1041 95 4 0 -1
1042 41 36 1 0
1043 97 6 -1 0
1044 45 8 -1 0
1045 93 30 0 1
1046 1 24 1 0
1047 41 26 0 -1
1048 13 29 1 0
1049 87 28 0 -1
1050 43 32 0 -1
1051 90 27 1 0
1052 81 32 1 0
1053 47 31 1 0
1054 77 25 1 0
1055 97 8 -1 0
1056 61 26 -1 0
1057 95 37 -1 0
1058 18 35 1 0
1059 42 39 1 0
1060 70 6 1 0
1061 12 4 0 1
1062 47 9 -1 0
1063 4 22 0 1
1064 89 20 -1 0
1065 94 8 0 1
1066 59 26 -1 0
1067 7 2 0 -1
1068 14 18 -1 0
1069 85 8 -1 0
1070 82 24 0 1
1071 14 30 0 1
1072 63 32 -1 0
1073 39 33 0 1
1074 14 22 0 1
1075 17 33 -1 0
1076 69 10 0 -1
1077 28 33 0 1
1078 95 1 0 -1
1079 49 8 -1 0
1080 22 7 -1 0
1081 43 7 1 0
1082 40 24 0 1
1083 6 39 -1 0
1084 87 27 0 1
1085 27 19 1 0
1086 16 14 -1 0
1087 87 8 0 -1
1088 28 27 -1 0
1089 80 18 -1 0
1090 71 30 -1 0
1091 54 39 0 1
1092 13 5 1 0
1093 24 26 0 -1
1094 64 8 -1 0
1095 43 33 1 0
1096 94 14 0 1
1097 65 8 1 0
1098 39 12 1 0
1099 7 38 0 1
1100 74 24 0 1
1101 95 17 0 -1
1102 71 13 0 1
1103 46 27 0 1
1104 39 25 0 1
1105 95 37 -1 0
1106 17 0 1 0
1107 65 9 0 1
1108 25 12 -1 0
1109 50 33 -1 0
1110 43 24 1 0
1111 4 7 0 1
1112 1 19 0 -1
1113 97 39 0 1
1114 30 27 1 0
1115 46 22 1 0
1116 15 7 0 1
1117 87 32 0 1
1118 7 2 0 -1
1119 13 20 1 0
1120 26 1 0 -1
1121 73 27 -1 0
1122 10 8 0 -1
1123 44 1 1 0
1124 71 21 1 0
1125 79 14 0 1
1126 15 28 -1 0
1127 61 22 0 1
1128 96 23 1 0
1129 47 35 0 -1
1130 92 8 -1 0
1131 62 18 1 0
1132 39 3 0 1
1133 41 17 -1 0
1134 10 28 0 1
1135 74 21 0 -1
1136 45 13 -1 0
1137 0 22 0 -1
1138 47 33 -1 0
1139 39 7 1 0
1140 26 31 0 -1
1141 28 7 0 -1
1142 58 28 0 -1
1143 18 13 0 -1
1144 99 30 1 0
1145 98 26 0 -1
1146 75 1 1 0
1147 0 10 -1 0
1148 13 14 0 1
1149 42 10 0 1
1150 97 22 0 -1
1151 24 21 0 1
1152 11 6 1 0
1153 29 29 -1 0
1154 49 6 1 0
1155 12 38 -1 0
1156 18 11 -1 0
1157 60 3 0 -1
1158 25 12 0 1
1159 38 2 0 1
1160 38 35 -1 0
1161 16 10 0 1
1162 23 5 0 -1
1163 27 24 0 -1
1164 61 10 1 0
1165 28 4 0 1
1166 96 15 1 0
1167 98 2 0 1
1168 19 35 1 0
1169 89 37 1 0
1170 23 3 0 -1
1171 43 8 1 0
1172 46 16 1 0
1173 8 3 0 1
1174 11 18 1 0
1175 51 11 0 -1
1176 4 28 -1 0
1177 58 16 0 -1
1178 3 30 0 -1
1179 78 1 1 0
1180 2 21 1 0
1181 1 35 -1 0
1182 20 5 0 1
1183 38 9 0 1
1184 26 37 0 -1
1185 48 28 1 0
1186 97 35 0 -1
1187 46 6 0 -1
1188 9 10 0 -1
1189 24 37 0 -1
1190 80 15 1 0
1191 12 26 1 0
1192 88 34 0 1
1193 25 16 0 -1
1194 45 23 0 -1
1195 5 14 0 -1
1196 40 20 -1 0
1197 91 24 0 -1
1198 25 37 -1 0
1199 46 18 -1 0
1200 47 15 0 -1
1201 41 13 0 1
1202 25 24 1 0
1203 56 7 0 1
1204 49 3 0 -1
1205 55 36 0 1
1206 28 21 -1 0
1207 2 0 -1 0
1208 23 4 0 1
1209 56 28 -1 0
1210 87 6 -1 0
1211 16 26 -1 0
1212 99 35 0 1
1213 44 25 1 0
1214 21 7 -1 0
1215 68 15 1 0
1216 69 14 1 0
1217 15 22 1 0
1218 28 20 -1 0
1219 46 25 -1 0
1220 10 13 1 0
1221 43 3 0 -1
1222 19 28 0 -1
1223 83 7 1 0
1224 19 24 0 1
1225 24 20 1 0
1226 23 21 0 1
1227 49 0 1 0
1228 76 20 -1 0
1229 43 28 1 0
1230 53 10 0 -1
1231 81 15 1 0
1232 89 3 -1 0
1233 21 28 0 -1
1234 27 5 -1 0
1235 0 1 0 -1
1236 1 27 0 1
1237 2 33 0 1
1238 17 3 0 1
1239 65 4 0 1
1240 65 39 0 1
1241 40 16 0 -1
1242 47 26 0 1
1243 10 19 0 -1
1244 4 1 -1 0
1245 93 18 -1 0
1246 46 21 0 -1
1247 16 37 0 1
1248 11 33 0 -1
1249 23 36 1 0
1250 42 10 -1 0
1251 81 35 0 1
1252 4 9 1 0
1253 38 24 0 1
1254 42 16 0 -1
1255 45 37 1 0
1256 60 21 -1 0
1257 23 22 -1 0
1258 9 13 0 1
1259 27 19 0 -1
1260 22 28 -1 0
1261 73 7 0 1
1262 15 23 0 1
1263 31 0 -1 0
1264 40 7 0 -1
1265 62 14 -1 0
1266 86 7 1 0
1267 3 37 -1 0
1268 31 16 0 1
1269 42 39 1 0
1270 83 15 1 0
1271 77 18 1 0
1272 98 37 -1 0
1273 84 2 -1 0
1274 20 15 -1 0
1275 26 29 1 0
1276 52 13 1 0
1277 60 3 0 1
1278 91 16 -1 0
1279 74 5 -1 0
1280 74 7 0 -1
1281 88 33 0 1
1282 88 36 0 1
1283 10 20 0 -1
1284 63 4 1 0
1285 16 36 -1 0
1286 76 12 0 -1
1287 96 4 1 0
1288 98 2 1 0
1289 67 27 -1 0
1290 43 34 0 -1
1291 57 15 0 -1
1292 39 29 -1 0
1293 0 17 -1 0
1294 13 39 0 1
1295 20 10 0 -1
1296 25 0 -1 0
1297 14 39 1 0
1298 93 0 1 0
1299 26 9 -1 0
1300 92 8 -1 0
1301 45 30 0 -1
1302 72 10 0 1
1303 43 10 0 1
1304 27 33 1 0
1305 82 12 0 1
1306 55 32 -1 0
1307 86 27 1 0
1308 30 13 0 -1
1309 73 17 0 -1
1310 84 38 0 1
1311 38 39 0 1
1312 59 5 -1 0
1313 18 12 0 -1
1314 17 23 0 1
1315 21 33 0 1
1316 29 38 -1 0
1317 36 26 0 -1
1318 88 1 0 1
1319 67 31 0 -1
1320 49 33 -1 0
1321 22 39 0 1
1322 20 5 -1 0
1323 91 29 0 -1
1324 74 36 0 1
1325 1 18 0 1
1326 21 21 1 0
1327 18 29 -1 0
1328 24 15 0 1
1329 29 33 1 0
1330 48 9 -1 0
1331 20 38 0 -1
1332 94 35 0 -1
1333 52 17 0 1
1334 42 21 0 1
1335 23 35 1 0
1336 7 25 0 -1
1337 96 34 -1 0
1338 96 25 0 1
1339 87 8 0 1
1340 20 33 -1 0
1341 54 33 -1 0
1342 56 7 -1 0
1343 48 25 0 1
1344 47 13 -1 0
1345 12 12 1 0
1346 57 3 0 -1
1347 7 31 -1 0
1348 70 9 1 0
1349 25 14 -1 0
1350 43 22 0 1
1351 30 2 0 1
1352 32 35 -1 0
1353 42 28 0 1
1354 49 1 1 0
1355 74 25 -1 0
1356 43 8 -1 0
1357 57 14 0 -1
1358 82 25 0 1
1359 27 28 -1 0
1360 95 6 1 0
1361 76 27 1 0
1362 61 0 0 -1
1363 27 1 0 1
1364 94 23 -1 0
1365 21 5 0 1
1366 84 6 0 1
1367 59 20 0 1
1368 37 13 -1 0
1369 47 36 0 -1
1370 7 33 0 -1
1371 29 34 1 0
1372 24 1 0 -1
1373 93 7 -1 0
1374 21 6 0 1
1375 60 4 0 -1
1376 17 29 0 1
1377 38 29 0 -1
1378 73 23 1 0
1379 42 18 1 0
1380 4 9 -1 0
1381 84 22 0 1
1382 49 20 0 1
1383 13 5 -1 0
1384 26 20 0 -1
1385 15 8 0 1
1386 17 11 0 -1
1387 91 12 0 -1
1388 43 35 -1 0
1389 43 38 1 0
1390 62 31 -1 0
1391 51 5 0 1
1392 86 25 -1 0
1393 54 0 0 1
1394 4 22 -1 0
1395 86 17 0 1
1396 55 20 -1 0
1397 94 33 1 0
1398 1 25 1 0
1399 98 9 0 -1
1400 62 17 0 1
1401 99 13 0 -1
1402 1 16 0 -1
1403 5 23 0 1
1404 21 18 1 0
1405 85 22 1 0
1406 95 20 0 1
1407 37 2 0 -1
1408 89 16 1 0
1409 0 21 -1 0
1410 40 33 0 -1
1411 3 23 0 -1
1412 85 3 0 -1
1413 41 25 0 -1
1414 92 5 0 1
1415 92 25 0 1
1416 29 14 -1 0
1417 17 32 -1 0
1418 57 15 1 0
1419 83 20 -1 0
1420 47 14 0 1
1421 13 8 0 1
1422 45 12 0 -1
1423 6 33 -1 0
1424 19 34 0 -1
1425 20 14 0 -1
1426 42 35 0 -1
1427 37 30 1 0
1428 7 24 -1 0
1429 99 19 0 1
1430 2 36 1 0
1431 55 17 1 0
1432 57 38 1 0
1433 9 12 0 1
1434 19 31 0 -1
1435 60 18 1 0
1436 16 10 1 0
1437 12 35 0 -1
1438 53 0 1 0
1439 96 16 0 1
1440 99 33 -1 0
1441 7 24 0 1
1442 40 25 1 0
1443 40 2 0 -1
1444 12 15 1 0
1445 37 29 1 0
1446 15 22 -1 0
1447 77 4 0 -1
1448 13 19 1 0
1449 18 32 0 1
1450 0 12 0 -1
1451 6 18 0 1
1452 55 33 0 -1
1453 47 22 0 -1
1454 16 29 1 0
1455 9 7 -1 0
1456 19 2 1 0
1457 90 38 -1 0
1458 14 32 -1 0
1459 21 21 0 1
1460 1 30 0 -1
1461 27 10 1 0
1462 89 18 0 -1
1463 98 30 1 0
1464 25 16 0 -1
1465 21 37 0 -1
1466 37 0 -1 0
1467 56 7 0 1
1468 52 5 0 -1
1469 37 19 1 0
1470 58 1 0 1
1471 15 20 0 1
1472 45 4 -1 0
1473 23 8 -1 0
1474 44 0 -1 0
1475 3 36 0 -1
1476 61 18 -1 0
1477 12 14 0 1
1478 9 33 0 -1
1479 21 21 0 1
1480 61 23 0 1
1481 48 11 -1 0
1482 13 31 0 -1
1483 70 13 1 0
1484 69 33 1 0
1485 77 1 -1 0
1486 20 5 0 -1
1487 90 22 1 0
1488 22 20 0 -1
1489 44 10 1 0
1490 41 17 -1 0
1491 49 19 0 1
1492 93 19 0 -1
1493 82 7 -1 0
1494 80 14 1 0
1495 93 26 1 0
1496 43 1 1 0
1497 23 7 -1 0
1498 26 10 0 1
1499 14 13 1 0
1500 62 31 0 -1
1501 58 9 0 -1
1502 22 26 -1 0
1503 25 25 0 -1
1504 99 24 0 -1
1505 41 29 -1 0
1506 66 5 0 1
1507 14 29 -1 0
1508 97 31 1 0
1509 92 15 0 1
1510 79 12 1 0
1511 26 19 1 0
1512 42 31 1 0
1513 0 2 -1 0
1514 22 18 0 1
1515 43 25 -1 0
1516 47 0 -1 0
1517 84 10 0 1
1518 60 19 1 0
1519 61 11 0 -1
1520 46 23 -1 0
1521 30 10 -1 0
1522 57 18 0 1
1523 10 25 1 0
1524 22 4 -1 0
1525 10 2 0 1
1526 15 18 0 1
1527 54 17 0 1
1528 20 9 0 1
1529 67 22 0 1
1530 65 8 -1 0
1531 44 18 -1 0
1532 18 38 0 -1
1533 22 37 -1 0
1534 28 20 -1 0
1535 62 36 0 1
1536 52 35 0 -1
1537 23 28 0 -1
1538 18 20 1 0
1539 43 0 1 0
1540 82 36 -1 0
1541 6 0 0 -1
1542 57 16 1 0
1543 48 12 0 -1
1544 40 22 -1 0
1545 22 10 0 1
1546 38 5 0 1
1547 77 29 -1 0
1548 92 9 0 -1
1549 29 3 1 0
1550 27 35 1 0
1551 95 22 1 0
1552 3 39 -1 0
1553 19 0 0 -1
1554 80 16 1 0
1555 55 35 1 0
1556 30 23 1 0
1557 46 27 -1 0
1558 28 31 0 1
1559 50 26 0 -1
1560 97 0 -1 0
1561 37 29 1 0
1562 85 36 -1 0
1563 22 25 0 -1
1564 47 16 0 1
1565 91 38 0 -1
1566 54 26 0 1
1567 83 3 -1 0
1568 57 20 0 1
1569 44 8 0 -1
1570 96 24 0 -1
1571 87 37 0 -1
1572 11 7 0 -1
1573 27 6 -1 0
1574 80 9 -1 0
1575 8 0 -1 0
1576 56 21 -1 0
1577 53 38 -1 0
1578 94 29 0 1
1579 70 22 0 -1
1580 61 12 0 -1
1581 85 11 0 1
1582 44 12 1 0
1583 38 1 0 1
1584 56 38 0 -1
1585 21 11 -1 0
1586 5 39 1 0
1587 26 13 1 0
1588 10 5 0 1
1589 99 31 0 1
1590 36 10 0 -1
1591 45 13 -1 0
1592 46 7 0 1
1593 22 36 1 0
1594 39 36 0 -1
1595 31 38 -1 0
1596 24 9 -1 0
1597 43 13 0 -1
1598 53 39 0 1
1599 9 4 -1 0
1600 26 0 1 0
1601 26 10 0 -1
1602 53 29 -1 0
1603 62 16 -1 0
1604 51 10 1 0
1605 99 23 0 1
1606 52 33 -1 0
1607 49 14 -1 0
1608 7 20 -1 0
1609 9 1 -1 0
1610 96 31 0 -1
1611 50 11 0 1
1612 45 11 1 0
1613 45 12 -1 0
1614 11 39 0 1
1615 52 24 0 -1
1616 49 7 0 1
1617 46 37 0 1
1618 16 25 -1 0
1619 74 25 1 0
1620 45 7 -1 0
1621 78 29 1 0
1622 91 26 -1 0
1623 10 27 0 1
1624 54 16 1 0
1625 3 16 1 0
1626 40 2 0 1
1627 79 1 1 0
1628 38 30 -1 0
1629 44 4 0 -1
1630 93 9 0 -1
1631 91 11 0 1
1632 41 16 0 1
1633 87 4 -1 0
1634 26 11 0 -1
1635 84 33 0 1
1636 43 33 0 1
1637 84 1 0 1
1638 88 37 1 0
1639 97 35 -1 0
1640 24 34 0 1
1641 27 34 -1 0
1642 98 22 -1 0
1643 30 25 0 1
1644 24 29 0 -1
1645 57 27 1 0
1646 91 13 0 -1
1647 40 39 0 1
1648 25 10 -1 0
1649 92 2 0 1
1650 48 14 1 0
1651 91 24 1 0
1652 36 33 0 -1
1653 96 34 0 1
1654 3 9 1 0
1655 24 19 0 1
1656 16 33 -1 0
1657 4 3 1 0
1658 30 11 1 0
1659 75 16 1 0
1660 97 16 0 -1
1661 19 8 0 1
1662 54 26 -1 0
1663 44 37 0 1
1664 98 6 -1 0
1665 98 4 0 1
1666 54 33 0 1
1667 85 23 1 0
1668 97 28 0 -1
1669 80 34 0 1
1670 39 29 -1 0
1671 38 28 1 0
1672 2 7 -1 0
1673 10 31 -1 0
1674 48 21 -1 0
1675 81 11 0 -1
1676 14 15 0 1
1677 73 1 0 1
1678 2 15 0 -1
1679 22 24 -1 0
1680 6 35 0 1
1681 20 21 -1 0
1682 40 0 -1 0
1683 62 1 0 1
1684 63 22 1 0
1685 20 3 -1 0
1686 21 29 0 -1
1687 44 28 0 -1
1688 56 1 -1 0
1689 43 19 1 0
1690 97 7 0 1
1691 74 16 0 1
1692 21 3 0 -1
1693 65 35 -1 0
1694 30 0 -1 0
1695 43 13 1 0
1696 28 0 0 1
1697 78 29 0 -1
1698 86 1 -1 0
1699 42 32 -1 0
1700 47 23 0 -1
1701 96 33 1 0
1702 42 34 -1 0
1703 62 15 -1 0
1704 22 39 -1 0
1705 8 39 0 1
1706 15 30 1 0
1707 7 8 0 1
1708 88 25 0 1
1709 91 31 -1 0
1710 20 18 -1 0
1711 66 2 -1 0
1712 86 37 1 0
1713 92 10 0 -1
1714 86 11 0 -1
1715 42 1 1 0
1716 73 23 -1 0
1717 64 26 1 0
1718 59 30 0 1
1719 65 20 0 -1
1720 92 20 0 1
1721 50 3 0 -1
1722 10 30 0 -1
1723 14 9 -1 0
1724 20 32 1 0
1725 87 6 -1 0
1726 62 24 0 1
1727 24 35 -1 0
1728 45 35 -1 0
1729 18 29 1 0
1730 76 8 1 0
1731 12 24 1 0
1732 54 20 1 0
1733 48 31 0 -1
1734 40 34 1 0
1735 17 21 0 -1
1736 97 25 1 0
1737 44 0 -1 0
1738 96 13 1 0
1739 96 2 1 0
1740 93 17 -1 0
1741 41 16 0 1
1742 64 2 0 1
1743 5 30 1 0
1744 21 25 1 0
1745 44 4 1 0
1746 62 37 1 0
1747 16 16 0 -1
1748 23 18 0 -1
1749 21 37 0 1
1750 67 1 0 1
1751 99 37 1 0
1752 90 14 -1 0
1753 55 24 -1 0
1754 98 21 1 0
1755 6 23 -1 0
1756 24 10 0 1
1757 36 10 1 0
1758 92 27 -1 0
1759 52 6 -1 0
1760 14 13 0 -1
1761 8 7 0 -1
1762 46 21 -1 0
1763 38 5 0 1
1764 72 0 0 1
1765 54 23 -1 0
1766 37 28 -1 0
1767 99 30 0 1
1768 22 29 1 0
1769 13 21 0 -1
1770 11 20 1 0
1771 32 32 0 -1
1772 46 36 0 1
1773 38 11 -1 0
1774 39 14 0 1
1775 72 24 1 0
1776 48 34 -1 0
1777 81 20 -1 0
1778 92 38 0 -1
1779 51 0 0 1
1780 44 39 0 1
1781 85 29 0 1
1782 65 30 -1 0
1783 2 25 0 1
1784 24 2 -1 0
1785 53 17 -1 0
1786 76 26 1 0
1787 7 37 1 0
1788 39 14 -1 0
1789 11 21 0 -1
1790 25 1 0 -1
1791 0 33 -1 0
1792 23 39 0 -1
1793 58 3 1 0
1794 77 12 1 0
1795 20 10 0 1
1796 58 7 0 1
1797 30 33 0 1
1798 79 37 0 -1
1799 6 39 0 -1
1800 21 0 -1 0
1801 3 12 0 1
1802 92 2 0 -1
1803 40 5 -1 0
1804 61 34 0 1
1805 25 31 0 1
1806 85 25 0 -1
1807 87 3 1 0
1808 52 7 -1 0
1809 73 19 1 0
1810 3 29 -1 0
1811 51 4 0 1
1812 43 24 -1 0
1813 9 9 0 1
1814 73 5 0 1
1815 70 23 -1 0
1816 21 35 0 1
1817 12 25 -1 0
1818 42 13 -1 0
1819 2 7 -1 0
1820 61 11 0 1
1821 18 4 1 0
1822 1 12 0 -1
1823 40 38 0 1
1824 98 14 -1 0
1825 62 29 -1 0
1826 88 20 -1 0
1827 9 12 1 0
1828 52 32 1 0
1829 45 33 -1 0
1830 39 33 -1 0
1831 88 38 0 1
1832 18 13 0 -1
1833 17 14 1 0
1834 98 4 -1 0
1835 55 2 -1 0
1836 36 19 1 0
1837 43 7 1 0
1838 44 5 1 0
1839 78 18 0 -1
1840 71 35 0 1
1841 8 39 0 -1
1842 16 20 0 1
1843 52 14 1 0
1844 39 3 0 1
1845 86 23 0 1
1846 70 1 0 -1
1847 18 34 0 1
1848 4 34 0 1
1849 37 24 -1 0
1850 41 0 0 1
1851 56 30 1 0
1852 25 0 1 0
1853 59 11 -1 0
1854 21 4 0 1
1855 26 36 0 1
1856 67 22 0 -1
1857 3 14 0 1
1858 29 24 0 1
1859 8 37 -1 0
1860 19 4 1 0
1861 39 30 0 -1
1862 77 38 -1 0
1863 44 35 -1 0
1864 2 14 -1 0
1865 95 7 1 0
1866 26 20 -1 0
1867 80 5 1 0
1868 54 32 0 1
1869 49 30 0 -1
1870 41 14 0 -1
1871 30 33 0 -1
1872 27 29 -1 0
1873 8 34 -1 0
1874 21 15 0 1
1875 8 27 1 0
1876 98 11 -1 0
1877 96 33 1 0
1878 6 38 1 0
1879 57 30 -1 0
1880 6 33 0 -1
1881 69 9 -1 0
1882 20 22 1 0
1883 61 35 0 -1
1884 2 30 0 -1
1885 82 26 -1 0
1886 85 27 0 1
1887 95 38 0 -1
1888 34 7 0 -1
1889 24 39 1 0
1890 98 19 0 -1
1891 61 2 0 -1
1892 16 10 -1 0
1893 20 38 0 -1
1894 9 13 0 1
1895 10 4 -1 0
1896 70 39 -1 0
1897 10 6 1 0
1898 61 35 -1 0
1899 43 1 0 -1
1900 92 23 1 0
1901 52 37 0 1
1902 0 1 0 1
1903 2 11 1 0
1904 12 23 -1 0
1905 29 10 0 1
1906 44 22 0 -1
1907 42 38 0 -1
1908 74 35 1 0
1909 42 25 0 1
1910 58 27 -1 0
1911 51 12 -1 0
1912 71 21 1 0
1913 17 11 1 0
1914 49 6 -1 0
1915 93 23 0 1
1916 54 4 -1 0
1917 79 2 0 -1
1918 56 15 0 1
1919 12 21 1 0
1920 95 3 0 -1
1921 96 9 0 1
1922 46 28 -1 0
1923 23 33 -1 0
1924 66 18 1 0
1925 27 36 0 1
1926 78 15 0 -1
1927 18 36 -1 0
1928 53 35 0 1
1929 42 7 1 0
1930 97 23 0 1
1931 57 25 1 0
1932 38 12 -1 0
1933 93 18 1 0
1934 28 8 1 0
1935 39 14 -1 0
1936 7 17 1 0
1937 65 8 -1 0
1938 97 32 1 0
1939 10 39 1 0
1940 47 11 1 0
1941 44 39 0 -1
1942 73 20 0 -1
1943 84 6 -1 0
1944 58 15 0 -1
1945 15 36 1 0
1946 23 20 1 0
1947 57 18 0 -1
1948 92 28 0 -1
1949 87 23 0 1
1950 7 24 -1 0
1951 66 23 0 1
1952 43 6 0 1
1953 53 32 0 1
1954 5 35 0 1
1955 19 31 0 1
1956 70 10 0 1
1957 21 17 -1 0
1958 29 37 0 1
1959 68 6 1 0
1960 12 7 0 -1
1961 16 5 0 1
1962 49 15 0 -1
1963 56 0 0 -1
1964 20 35 0 -1
1965 9 37 1 0
1966 21 10 -1 0
1967 89 15 1 0
1968 12 37 0 1
1969 77 22 -1 0
1970 96 14 1 0
1971 42 16 0 -1
1972 41 11 1 0
1973 85 4 -1 0
1974 6 27 0 -1
1975 97 31 -1 0
1976 7 19 0 -1
1977 23 19 1 0
1978 24 35 0 1
1979 74 2 0 1
1980 40 28 1 0
1981 22 23 0 1
1982 45 2 0 -1
1983 66 10 1 0
1984 36 5 0 -1
1985 67 33 0 1
1986 59 9 0 -1
1987 44 17 0 1
1988 93 28 0 -1
1989 21 25 0 -1
1990 14 36 -1 0
1991 85 3 0 1
1992 9 7 0 1
1993 37 16 -1 0
1994 67 1 -1 0
1995 25 1 0 -1
1996 7 12 -1 0
1997 96 12 0 -1
1998 29 27 1 0
1999 95 0 0 -1
2000 80 7 -1 0
2001 70 33 0 -1
2002 72 5 -1 0
2003 96 10 0 1
2004 45 35 -1 0
2005 8 27 -1 0
2006 26 35 1 0
2007 96 35 1 0
2008 96 38 1 0
2009 26 9 0 1
2010 31 31 0 1
2011 45 25 -1 0
2012 40 13 0 -1
2013 86 8 1 0
2014 75 2 0 -1
2015 44 17 1 0
2016 1 2 1 0
2017 30 38 0 -1
2018 92 15 -1 0
2019 3 29 0 -1
2020 82 19 -1 0
2021 52 15 1 0
2022 79 25 1 0
2023 50 26 0 -1
2024 96 21 -1 0
2025 53 32 1 0
2026 10 0 -1 0
2027 38 21 1 0
2028 22 21 0 1
2029 98 30 0 -1
2030 75 27 0 -1
2031 29 2 -1 0
2032 42 6 -1 0
2033 1 25 -1 0
2034 22 10 0 1
2035 47 18 0 -1
2036 14 2 -1 0
2037 97 39 0 -1
2038 9 8 0 1
2039 80 3 0 1
2040 79 15 1 0
2041 57 31 0 -1
2042 45 34 -1 0
2043 49 22 1 0
2044 75 12 0 1
2045 73 16 -1 0
2046 50 10 0 1
2047 61 12 1 0
2048 62 37 0 1
2049 58 3 0 1
2050 43 23 0 1
2051 92 13 0 1
2052 93 29 1 0
2053 15 24 0 1
2054 12 3 -1 0
2055 89 21 -1 0
2056 54 12 0 1
2057 79 33 1 0
2058 4 0 -1 0
2059 76 1 0 1
2060 29 11 1 0
2061 39 25 1 0
2062 50 13 -1 0
2063 26 34 1 0
2064 32 4 -1 0
2065 73 39 0 -1
2066 20 10 0 1
2067 13 15 -1 0
2068 71 19 0 -1
2069 66 9 0 -1
2070 0 7 0 -1
2071 13 8 0 1
2072 19 24 0 1
2073 55 0 1 0
2074 74 14 1 0
2075 73 6 0 -1
2076 90 19 1 0
2077 57 34 1 0
2078 40 23 1 0
2079 45 2 0 -1
2080 29 32 -1 0
2081 27 24 -1 0
2082 93 8 0 -1
2083 43 23 0 -1
2084 22 18 0 1
2085 45 26 0 1
2086 11 37 0 -1
2087 15 2 0 -1
2088 13 31 0 1
2089 59 3 1 0
2090 35 26 0 -1
2091 53 9 1 0
2092 0 38 0 1
2093 30 11 0 -1
2094 66 6 0 1
2095 42 15 -1 0
2096 40 33 1 0
2097 4 29 0 -1
2098 94 9 1 0
2099 93 19 0 1
2100 30 20 1 0
2101 91 38 0 1
2102 39 36 1 0
2103 2 29 1 0
2104 19 23 1 0
2105 89 23 1 0
2106 57 20 0 -1
2107 11 15 1 0
2108 12 11 -1 0
2109 62 16 1 0
2110 24 0 1 0
2111 99 14 1 0
2112 13 10 1 0
2113 47 13 -1 0
2114 9 8 -1 0
2115 17 22 0 -1
2116 3 26 0 -1
2117 88 33 -1 0
2118 82 9 0 -1
2119 24 30 -1 0
2120 83 30 1 0
2121 50 24 -1 0
2122 60 36 -1 0
2123 14 1 0 -1
2124 96 26 -1 0
2125 20 2 0 1
2126 78 17 -1 0
2127 27 35 1 0
2128 38 33 0 -1
2129 47 30 0 1
2130 42 36 0 1
2131 32 6 0 -1
2132 29 19 1 0
2133 38 11 1 0
2134 73 34 0 1
2135 32 18 1 0
2136 88 35 -1 0
2137 79 6 1 0
2138 59 7 -1 0
2139 35 39 0 1
2140 58 17 -1 0
2141 56 18 0 1
2142 51 9 1 0
2143 0 34 0 1
2144 13 0 0 -1
2145 59 37 0 1
2146 82 33 0 1
2147 41 28 0 1
2148 3 7 -1 0
2149 25 35 1 0
2150 44 37 0 1
2151 11 7 1 0
2152 41 23 1 0
2153 20 28 0 -1
2154 90 22 0 -1
2155 27 0 1 0
2156 22 38 -1 0
2157 36 4 1 0
2158 64 39 0 -1
2159 76 2 0 -1
2160 57 11 1 0
2161 21 36 0 1
2162 16 19 -1 0
2163 9 25 0 1
2164 17 8 0 -1
2165 18 33 0 1
2166 79 31 0 -1
2167 24 20 0 1
2168 47 8 0 1
2169 16 1 1 0
2170 23 20 1 0
2171 90 9 1 0
2172 56 16 1 0
2173 25 39 0 1
2174 39 23 0 1
2175 11 11 0 -1
2176 47 29 0 -1
2177 49 14 0 -1
2178 98 23 0 1
2179 23 37 0 -1
2180 83 14 0 1
2181 58 22 1 0
2182 83 12 0 1
2183 85 7 0 1
2184 11 1 1 0
2185 18 33 -1 0
2186 17 8 -1 0
2187 95 23 -1 0
2188 77 28 0 -1
2189 37 34 0 -1
2190 0 35 0 1
2191 10 7 0 1
2192 82 15 0 1
2193 26 30 -1 0
2194 77 31 0 -1
2195 92 27 0 1
2196 94 4 0 1
2197 47 8 -1 0
2198 19 23 0 -1
2199 6 1 -1 0
2200 51 38 0 -1
2201 22 3 -1 0
2202 17 34 1 0
2203 98 35 0 -1
2204 65 5 0 -1
2205 53 27 1 0
2206 91 37 1 0
2207 50 37 0 -1
2208 96 25 0 -1
2209 41 32 0 1
2210 25 24 1 0
2211 12 27 0 1
2212 46 23 -1 0
2213 24 39 0 1
2214 87 38 1 0
2215 39 4 -1 0
2216 31 7 0 1
2217 25 28 0 1
2218 63 13 1 0
2219 83 25 1 0
2220 25 37 1 0
2221 95 24 0 -1
2222 2 33 0 1
2223 53 14 -1 0
2224 28 10 1 0
2225 52 10 0 -1
2226 93 35 0 -1
2227 51 32 1 0
2228 59 18 1 0
2229 43 27 0 1
2230 26 24 0 -1
2231 28 17 0 1
2232 82 0 0 -1
2233 94 25 0 -1
2234 42 32 -1 0
2235 9 32 1 0
2236 18 26 0 -1
2237 19 34 1 0
2238 11 24 0 1
2239 21 39 0 1
2240 46 30 0 -1
2241 94 21 0 -1
2242 47 20 0 -1
2243 69 28 -1 0
2244 25 11 0 1
2245 60 8 1 0
2246 56 33 -1 0
2247 47 31 0 -1
2248 71 34 1 0
2249 39 34 0 -1
2250 49 9 1 0
2251 71 24 0 1
2252 48 38 0 1
2253 62 38 0 -1
2254 27 34 0 -1
2255 91 13 1 0
2256 10 10 0 1
2257 81 6 1 0
2258 43 10 1 0
2259 37 6 -1 0
2260 82 16 -1 0
2261 14 10 -1 0
2262 51 13 1 0
2263 84 17 1 0
2264 48 28 0 -1
2265 15 8 0 -1
2266 91 33 1 0
2267 71 20 0 1
2268 24 27 -1 0
2269 28 16 -1 0
2270 54 19 0 1
2271 57 12 1 0
2272 26 5 -1 0
2273 16 21 1 0
2274 36 38 0 1
2275 37 6 -1 0
2276 48 15 -1 0
2277 54 4 0 1
2278 56 6 1 0
2279 8 16 0 1
2280 21 4 0 -1
2281 66 1 0 -1
2282 7 7 0 1
2283 41 9 -1 0
2284 28 13 -1 0
2285 42 31 0 1
2286 68 2 -1 0
2287 13 0 0 1
2288 26 30 1 0
2289 6 37 1 0
2290 14 24 0 -1
2291 4 11 0 -1
2292 50 21 0 1
2293 0 6 0 1
2294 81 32 0 -1
2295 42 35 0 -1
2296 18 25 0 1
2297 97 38 1 0
2298 85 7 0 -1
2299 82 13 0 -1
2300 93 20 -1 0
2301 47 23 0 1
2302 99 26 0 1
2303 99 12 -1 0
2304 74 26 0 -1
2305 28 30 1 0
2306 6 13 0 -1
2307 27 7 1 0
2308 30 22 -1 0
2309 27 27 0 1
2310 95 14 0 -1
2311 74 6 -1 0
2312 51 17 0 -1
2313 12 32 1 0
2314 91 11 -1 0
2315 17 23 0 -1
2316 50 34 0 -1
2317 27 34 -1 0
2318 48 27 -1 0
2319 20 16 1 0
2320 97 20 0 -1
2321 48 10 -1 0
2322 77 7 0 1
2323 22 3 0 1
2324 24 12 1 0
2325 50 5 1 0
2326 70 39 1 0
2327 75 11 0 -1
2328 51 26 0 1
2329 56 5 0 -1
2330 36 36 0 -1
2331 41 5 1 0
2332 17 18 0 1
2333 46 34 0 -1
2334 11 38 1 0
2335 71 22 1 0
2336 0 26 0 -1
2337 12 29 1 0
2338 95 3 0 -1
2339 75 13 0 -1
2340 37 27 0 -1
2341 31 9 0 1
2342 38 14 -1 0
2343 41 7 0 -1
2344 21 30 0 1
2345 88 12 1 0
2346 14 6 0 1
2347 41 26 -1 0
2348 56 20 0 1
2349 51 5 0 -1
2350 69 25 -1 0
2351 45 24 -1 0
2352 47 32 0 1
2353 82 30 0 1
2354 7 29 -1 0
2355 29 32 0 -1
2356 0 1 0 -1
2357 66 33 0 -1
2358 98 17 0 1
2359 19 37 1 0
2360 13 18 1 0
2361 45 33 1 0
2362 70 26 0 -1
2363 7 36 0 1
2364 27 9 0 1
2365 42 24 0 -1
2366 16 1 -1 0
2367 50 2 1 0
2368 42 37 0 -1
2369 23 16 -1 0
2370 36 8 0 1
2371 51 17 0 -1
2372 9 9 0 1
2373 80 31 1 0
2374 65 9 0 -1
2375 46 25 0 1
2376 23 6 0 -1
2377 11 24 -1 0
2378 5 29 -1 0
2379 58 32 0 1
2380 3 32 -1 0
2381 40 3 -1 0
2382 40 25 1 0
2383 2 16 0 -1
2384 27 29 1 0
2385 26 4 0 -1
2386 66 28 -1 0
2387 54 19 0 -1
2388 51 12 1 0
2389 87 1 0 1
2390 66 27 1 0
2391 75 34 0 1
2392 15 19 1 0
2393 8 9 1 0
2394 91 9 0 1
2395 2 23 0 -1
2396 53 24 0 1
2397 43 0 1 0
2398 11 28 0 1
2399 78 16 1 0
2400 5 24 0 -1
2401 97 2 0 -1
2402 57 7 0 1
2403 66 37 -1 0
2404 38 38 0 -1
2405 95 31 0 1
2406 13 13 -1 0
2407 40 11 0 1
2408 66 27 -1 0
2409 85 15 1 0
2410 17 23 1 0
2411 28 19 0 1
2412 19 25 -1 0
2413 67 10 -1 0
2414 39 5 0 1
2415 14 18 1 0
2416 51 30 -1 0
2417 56 36 -1 0
2418 24 30 0 -1
2419 97 29 1 0
2420 79 26 -1 0
2421 90 9 0 1
2422 39 15 0 1
2423 21 0 0 1
2424 81 9 1 0
2425 22 15 1 0
2426 25 29 1 0
2427 69 34 0 -1
2428 71 20 0 -1
2429 99 31 0 -1
2430 98 25 1 0
2431 28 28 0 1
2432 18 5 1 0
2433 11 12 0 1
2434 40 6 -1 0
2435 63 37 -1 0
2436 47 16 0 -1
2437 26 21 0 1
2438 48 9 0 -1
2439 68 31 -1 0
2440 64 37 1 0
2441 21 26 -1 0
2442 0 34 1 0
2443 47 6 -1 0
2444 46 17 -1 0
2445 3 16 1 0
2446 2 6 0 -1
2447 28 4 -1 0
2448 88 27 -1 0
2449 85 35 1 0
2450 56 13 -1 0
2451 46 35 0 -1
2452 55 38 0 -1
2453 55 23 1 0
2454 14 35 0 -1
2455 8 13 1 0
2456 91 15 0 1
2457 90 17 -1 0
2458 19 20 0 -1
2459 39 35 0 -1
2460 78 29 0 1
2461 73 36 0 1
2462 18 19 0 1
2463 75 38 0 1
2464 22 2 0 -1
2465 28 19 1 0
2466 2 2 0 -1
2467 69 20 1 0
2468 57 27 -1 0
2469 49 20 -1 0
2470 3 3 1 0
2471 15 19 0 1
2472 38 39 -1 0
2473 87 22 -1 0
2474 90 20 0 1
2475 74 4 0 1
2476 80 5 0 1
2477 83 9 0 -1
2478 52 29 0 -1
2479 96 1 0 -1
2480 24 1 -1 0
2481 31 14 -1 0
2482 41 39 -1 0
2483 21 10 0 1
2484 24 18 -1 0
2485 38 15 1 0
2486 41 27 -1 0
2487 64 32 1 0
2488 68 6 0 -1
2489 65 3 0 1
2490 36 28 1 0
2491 47 28 1 0
2492 88 39 -1 0
2493 95 12 -1 0
2494 24 1 0 -1
2495 92 5 0 -1
2496 70 23 0 -1
2497 41 30 0 -1
2498 48 11 0 1
2499 29 21 1 0
2500 3 12 1 0
2501 23 11 0 -1
2502 85 21 -1 0
2503 49 13 1 0
2504 56 33 1 0
2505 47 33 0 -1
2506 46 39 0 -1
2507 25 29 -1 0
2508 26 36 -1 0
2509 0 29 0 -1
2510 56 13 0 -1
2511 73 20 0 -1
2512 50 26 0 -1
2513 88 18 -1 0
2514 15 14 1 0
2515 8 28 -1 0
2516 84 39 0 -1
2517 23 15 -1 0
2518 13 29 -1 0
2519 26 1 1 0
2520 41 7 -1 0
2521 58 7 0 1
2522 37 29 -1 0
2523 24 13 -1 0
2524 93 1 -1 0
2525 79 28 0 1
2526 46 11 0 1
2527 28 39 0 1
2528 22 1 0 1
2529 8 9 0 1
2530 63 12 -1 0
2531 62 26 0 -1
2532 4 28 0 1
2533 2 36 0 -1
2534 19 28 1 0
2535 91 18 0 1
2536 44 31 -1 0
2537 60 9 -1 0
2538 70 23 0 1
2539 20 27 0 -1
2540 50 32 0 1
2541 48 5 0 -1
2542 47 23 -1 0
2543 11 19 1 0
2544 80 28 1 0
2545 52 34 1 0
2546 89 15 1 0
2547 79 3 0 -1
2548 42 19 -1 0
2549 51 30 0 -1
2550 67 38 0 -1
2551 25 21 1 0
2552 38 38 0 -1
2553 41 19 0 1
2554 61 18 -1 0
2555 42 30 0 -1
2556 48 34 1 0
2557 19 5 1 0
2558 26 25 0 1
2559 41 22 -1 0
2560 19 25 0 -1
2561 15 14 1 0
2562 67 22 0 -1
2563 96 36 -1 0
2564 73 32 1 0
2565 48 29 0 1
2566 10 15 0 -1
2567 82 33 -1 0
2568 53 0 0 -1
2569 10 12 -1 0
2570 23 34 1 0
2571 15 35 -1 0
2572 40 10 -1 0
2573 19 26 1 0
2574 50 32 0 1
2575 30 4 -1 0
2576 81 2 0 1
2577 81 0 1 0
2578 52 24 0 -1
2579 16 7 0 -1
2580 18 30 1 0
2581 12 7 0 1
2582 72 2 0 -1
2583 4 34 0 -1
2584 39 29 1 0
2585 27 37 0 -1
2586 98 38 -1 0
2587 45 18 -1 0
2588 38 30 0 -1
2589 40 0 0 1
2590 29 21 -1 0
2591 2 37 1 0
2592 46 33 1 0
2593 14 29 -1 0
2594 37 26 1 0
2595 38 29 1 0
2596 1 9 -1 0
2597 94 17 -1 0
2598 16 27 -1 0
2599 97 31 -1 0
2600 80 33 0 1
2601 45 39 -1 0
2602 15 34 -1 0
2603 71 30 -1 0
2604 95 34 1 0
2605 15 37 0 1
2606 61 36 1 0
2607 87 14 0 1
2608 4 38 1 0
2609 95 19 1 0
2610 55 14 0 -1
2611 85 14 1 0
2612 98 32 0 1
2613 42 23 0 1
2614 73 24 -1 0
2615 24 8 0 1
2616 86 31 0 -1
2617 86 34 1 0
2618 26 34 -1 0
2619 54 39 -1 0
2620 40 39 0 -1
2621 22 11 0 -1
2622 36 13 -1 0
2623 25 21 0 -1
2624 83 14 0 -1
2625 92 30 0 1
2626 89 35 0 -1
2627 45 12 0 1
2628 83 27 -1 0
2629 97 37 1 0
2630 93 36 -1 0
2631 11 20 -1 0
2632 20 18 1 0
2633 72 36 -1 0
2634 38 27 0 1
2635 8 20 1 0
2636 47 10 1 0
2637 68 17 0 -1
2638 39 12 1 0
2639 16 29 0 1
2640 20 15 1 0
2641 78 32 0 1
2642 41 20 -1 0
2643 63 32 0 -1
2644 11 36 1 0
2645 11 7 1 0
2646 17 4 1 0
2647 10 11 -1 0
2648 18 10 0 1
2649 43 7 -1 0
2650 87 18 0 -1
2651 60 39 0 1
2652 25 12 -1 0
2653 50 12 1 0
2654 9 16 -1 0
2655 47 29 1 0
2656 46 6 0 -1
2657 43 3 1 0
2658 6 4 0 1
2659 13 20 1 0
2660 43 28 1 0
2661 85 16 1 0
2662 27 7 0 -1
2663 7 28 -1 0
2664 28 8 1 0
2665 42 37 0 1
2666 47 17 1 0
2667 9 27 0 1
2668 23 30 0 1
2669 7 30 0 1
2670 49 11 -1 0
2671 24 34 0 1
2672 94 12 1 0
2673 19 14 1 0
2674 4 13 0 -1
2675 36 23 -1 0
2676 42 18 0 1
2677 51 14 0 1
2678 43 20 0 -1
2679 64 1 0 1
2680 45 1 0 -1
2681 8 37 0 -1
2682 10 2 0 -1
2683 11 1 0 -1
2684 44 33 -1 0
2685 55 29 0 1
2686 23 27 0 -1
2687 21 11 1 0
2688 56 35 -1 0
2689 22 29 0 -1
2690 27 13 0 1
2691 45 21 1 0
2692 0 28 -1 0
2693 64 37 1 0
2694 11 31 -1 0
2695 5 3 0 1
2696 88 1 -1 0
2697 18 11 0 -1
2698 21 18 -1 0
2699 3 26 1 0
2700 36 32 -1 0
2701 56 18 0 1
2702 22 4 -1 0
2703 48 18 0 1
2704 75 1 -1 0
2705 46 2 1 0
2706 28 3 1 0
2707 41 22 0 -1
2708 63 37 1 0
2709 30 21 0 -1
2710 59 5 0 -1
2711 28 15 -1 0
2712 49 35 -1 0
2713 79 9 0 1
2714 48 29 0 -1
2715 39 4 1 0
2716 20 30 0 -1
2717 18 34 0 1
2718 21 31 0 1
2719 36 6 1 0
2720 23 6 -1 0
2721 42 29 0 1
2722 36 38 -1 0
2723 24 31 1 0
2724 20 39 0 -1
2725 22 8 0 -1
2726 8 15 0 1
2727 93 29 -1 0
2728 63 19 0 -1
2729 64 34 1 0
2730 2 10 -1 0
2731 19 12 -1 0
2732 24 17 1 0
2733 2 11 1 0
2734 88 0 -1 0
2735 19 36 1 0
2736 7 3 0 -1
2737 43 33 0 1
2738 38 18 0 1
2739 65 1 1 0
2740 39 24 1 0
2741 23 32 0 -1
2742 8 36 1 0
2743 42 19 1 0
2744 78 11 1 0
2745 5 35 0 -1
2746 91 0 -1 0
2747 52 11 -1 0
2748 62 2 1 0
2749 70 12 0 -1
2750 46 2 0 -1
2751 13 7 1 0
2752 6 35 1 0
2753 23 31 -1 0
2754 76 17 -1 0
2755 51 9 0 -1
2756 44 13 0 -1
2757 94 8 0 1
2758 58 14 -1 0
2759 60 6 0 1
2760 51 3 1 0
2761 35 36 -1 0
2762 53 16 0 -1
2763 38 35 1 0
2764 7 7 0 -1
2765 16 32 0 1
2766 56 15 0 -1
2767 93 23 0 1
2768 52 1 1 0
2769 97 12 0 -1
2770 17 39 0 -1
2771 5 30 -1 0
2772 48 1 -1 0
2773 96 1 -1 0
2774 86 4 -1 0
2775 13 19 0 1
2776 3 14 0 1
2777 89 29 -1 0
2778 86 29 0 1
2779 13 26 0 1
2780 86 37 0 -1
2781 89 16 0 -1
2782 74 37 0 1
2783 10 28 0 -1
2784 24 6 0 1
2785 0 2 -1 0
2786 6 39 0 1
2787 56 5 -1 0
2788 55 2 0 1
2789 22 27 0 -1
2790 91 1 0 -1
2791 21 37 -1 0
2792 65 39 0 1
2793 92 17 -1 0
2794 26 27 0 1
2795 70 27 -1 0
2796 52 1 0 -1
2797 8 18 1 0
2798 50 4 1 0
2799 28 7 1 0
2800 84 13 0 -1
2801 97 3 -1 0
2802 99 16 -1 0
2803 9 20 0 1
2804 2 0 -1 0
2805 16 39 1 0
2806 91 4 0 1
2807 79 36 0 1
2808 95 18 -1 0
2809 67 18 0 1
2810 98 35 0 -1
2811 45 3 0 1
2812 59 22 1 0
2813 29 25 1 0
2814 94 26 0 1
2815 27 18 0 1
2816 20 38 -1 0
2817 47 29 1 0
2818 10 29 1 0
2819 44 35 0 1
2820 17 12 1 0
2821 36 24 0 1
2822 6 12 1 0
2823 65 12 1 0
2824 5 10 -1 0
2825 61 31 -1 0
2826 15 26 1 0
2827 91 24 0 -1
2828 94 29 -1 0
2829 89 38 1 0
2830 99 18 1 0
2831 10 29 1 0
2832 19 15 1 0
2833 12 26 -1 0
2834 66 17 1 0
2835 86 17 0 -1
2836 83 6 -1 0
2837 93 24 -1 0
2838 41 36 -1 0
2839 12 16 -1 0
2840 60 12 0 1
2841 18 30 1 0
2842 48 20 0 -1
2843 47 1 1 0
2844 94 7 -1 0
2845 37 31 1 0
2846 52 28 0 1
2847 55 16 1 0
2848 82 2 1 0
2849 27 24 -1 0
2850 96 16 0 -1
2851 91 31 -1 0
2852 86 25 1 0
2853 78 30 -1 0
2854 94 6 -1 0
2855 73 37 0 -1
2856 75 33 -1 0
2857 43 9 0 1
2858 56 6 0 1
2859 27 36 0 -1
2860 16 21 1 0
2861 15 31 -1 0
2862 78 30 -1 0
2863 45 34 0 1
2864 11 38 -1 0
2865 59 39 1 0
2866 15 37 -1 0
2867 57 10 0 1
2868 22 18 -1 0
2869 96 9 0 -1
2870 75 27 1 0
2871 84 37 0 1
2872 24 26 0 1
2873 6 7 0 1
2874 27 31 0 1
2875 81 14 0 1
2876 96 22 0 1
2877 91 33 1 0
2878 91 13 0 -1
2879 54 28 0 1
2880 24 11 1 0
2881 21 34 -1 0
2882 40 19 1 0
2883 18 27 1 0
2884 38 28 1 0
2885 76 19 0 1
2886 30 37 0 1
2887 88 6 1 0
2888 82 25 -1 0
2889 97 25 0 -1
2890 38 39 0 1
2891 12 18 0 1
2892 93 20 0 -1
2893 38 11 0 1
2894 45 14 -1 0
2895 21 31 0 1
2896 51 4 0 1
2897 94 39 0 1
2898 87 27 0 1
2899 55 38 0 -1
2900 3 7 0 -1
2901 46 4 0 -1
2902 45 7 0 -1
2903 41 19 0 -1
2904 99 17 -1 0
2905 23 18 -1 0
2906 95 14 1 0
2907 18 12 1 0
2908 44 15 0 -1
2909 52 9 0 -1
2910 36 24 0 -1
2911 56 27 0 1
2912 90 2 0 1
2913 40 20 -1 0
2914 20 33 1 0
2915 6 0 0 -1
2916 19 0 -1 0
2917 46 8 0 -1
2918 56 9 0 1
2919 80 21 -1 0
2920 18 3 0 1
2921 10 14 1 0
2922 97 22 1 0
2923 53 25 0 1
2924 15 20 0 1
2925 7 36 0 -1
2926 87 32 0 -1
2927 16 37 1 0
2928 41 11 0 -1
2929 13 22 1 0
2930 97 17 1 0
2931 8 33 0 -1
2932 17 9 0 1
2933 7 3 1 0
2934 81 17 1 0
2935 78 32 1 0
2936 50 27 0 -1
2937 12 25 0 -1
2938 17 24 0 -1
2939 19 37 1 0
2940 4 31 1 0
2941 60 37 -1 0
2942 96 2 0 1
2943 24 15 1 0
2944 97 13 0 -1
2945 38 5 0 -1
2946 35 15 1 0
2947 77 24 0 1
2948 59 36 1 0
2949 40 34 1 0
2950 18 35 0 -1
2951 43 11 -1 0
2952 26 0 0 -1
2953 90 24 0 1
2954 67 1 0 -1
2955 42 13 1 0
2956 44 18 0 -1
2957 49 39 -1 0
2958 26 37 0 -1
2959 78 1 0 -1
2960 97 34 -1 0
2961 26 32 0 -1
2962 29 3 0 1
2963 93 38 0 1
2964 94 22 1 0
2965 22 19 1 0
2966 44 23 1 0
2967 39 38 1 0
2968 2 0 1 0
2969 89 5 -1 0
2970 28 4 1 0
2971 54 35 0 1
2972 37 34 0 -1
2973 55 5 -1 0
2974 99 2 -1 0
2975 21 36 -1 0
2976 78 35 0 -1
2977 41 28 -1 0
2978 13 24 0 1
2979 10 12 1 0
2980 40 5 0 -1
2981 79 24 0 -1
2982 45 26 0 1
2983 41 2 -1 0
2984 86 13 0 1
2985 22 0 0 1
2986 7 16 0 1
2987 3 34 0 -1
2988 90 17 -1 0
2989 44 2 -1 0
2990 55 35 -1 0
2991 54 9 0 -1
2992 17 21 -1 0
2993 21 9 0 1
2994 40 35 0 -1
2995 90 0 1 0
2996 84 34 0 1
2997 85 38 1 0
2998 20 28 0 -1
2999 80 16 -1 0
3000 57 25 0 1
3001 4 39 -1 0
3002 41 21 1 0
3003 85 24 0 1
3004 46 19 -1 0
3005 42 22 -1 0
3006 47 13 0 1
3007 91 7 0 1
3008 45 24 0 1
3009 2 2 1 0
3010 41 30 -1 0
3011 85 31 -1 0
3012 4 35 0 -1
3013 92 27 -1 0
3014 92 8 1 0
3015 74 9 0 -1
3016 39 39 0 1
3017 64 23 1 0
3018 68 13 0 -1
3019 97 10 1 0
3020 82 8 0 1
3021 7 34 1 0
3022 18 5 -1 0
3023 42 23 0 -1
3024 93 30 0 1
3025 59 10 0 -1
3026 0 35 0 1
3027 40 8 0 -1
3028 47 36 1 0
3029 39 24 -1 0
3030 17 20 1 0
3031 43 26 -1 0
3032 85 14 1 0
3033 93 23 0 1
3034 36 6 1 0
3035 54 16 0 1
3036 21 30 1 0
3037 20 34 0 -1
3038 41 0 -1 0
3039 75 34 0 1
3040 22 13 1 0
3041 9 8 0 1
3042 85 29 0 1
3043 57 20 -1 0
3044 36 10 1 0
3045 98 24 -1 0
3046 85 14 0 -1
3047 21 27 -1 0
3048 75 35 1 0
3049 77 34 1 0
3050 89 12 1 0
3051 46 1 1 0
3052 87 22 1 0
3053 23 5 1 0
3054 43 32 -1 0
3055 62 0 -1 0
3056 54 10 -1 0
3057 11 36 -1 0
3058 16 31 0 -1
3059 92 38 0 1
3060 52 35 1 0
3061 45 28 -1 0
3062 30 38 -1 0
3063 58 38 0 -1
3064 43 29 -1 0
3065 51 5 -1 0
3066 88 26 0 1
3067 45 5 0 1
3068 93 11 -1 0
3069 72 17 0 -1
3070 20 30 0 1
3071 44 34 0 1
3072 81 11 1 0
3073 52 29 0 1
3074 29 23 -1 0
3075 54 21 1 0
3076 53 7 0 -1
3077 15 35 0 1
3078 14 34 0 -1
3079 54 29 -1 0
3080 26 35 -1 0
3081 62 12 1 0
3082 2 11 -1 0
3083 98 9 -1 0
3084 80 22 0 -1
3085 28 3 -1 0
3086 0 3 0 1
3087 41 38 1 0
3088 83 18 1 0
3089 3 28 1 0
3090 58 16 0 -1
3091 29 2 -1 0
3092 19 16 0 -1
3093 64 5 0 -1
3094 61 8 0 -1
3095 43 32 -1 0
3096 98 31 -1 0
3097 45 28 -1 0
3098 52 27 0 -1
3099 23 25 -1 0
3100 55 27 1 0
3101 38 29 -1 0
3102 60 1 0 -1
3103 41 24 0 -1
3104 45 27 1 0
3105 22 11 -1 0
3106 98 14 0 1
3107 9 36 0 1
3108 62 6 -1 0
3109 68 26 1 0
3110 81 14 -1 0
3111 22 2 0 1
3112 48 23 1 0
3113 76 38 0 1
3114 93 7 1 0
3115 40 32 0 1
3116 2 23 -1 0
3117 12 29 0 -1
3118 4 16 0 1
3119 50 4 0 -1
3120 0 15 1 0
3121 27 22 0 1
3122 14 8 0 -1
3123 28 22 0 -1
3124 62 3 -1 0
3125 6 16 1 0
3126 90 10 0 -1
3127 77 13 1 0
3128 43 5 0 1
3129 44 29 0 -1
3130 53 31 -1 0
3131 18 9 -1 0
3132 69 22 1 0
3133 10 22 0 -1
3134 90 4 0 -1
3135 15 34 0 -1
3136 61 16 0 1
3137 85 13 -1 0
3138 91 2 0 -1
3139 90 33 -1 0
3140 67 3 0 -1
3141 24 35 -1 0
3142 13 33 0 -1
3143 14 5 0 1
3144 41 20 -1 0
3145 62 15 -1 0
3146 36 21 1 0
3147 43 1 1 0
3148 18 10 0 1
3149 48 29 0 -1
3150 22 27 -1 0
3151 17 12 0 -1
3152 40 16 0 1
3153 1 9 -1 0
3154 47 10 0 1
3155 25 26 -1 0
3156 9 26 0 -1
3157 82 11 1 0
3158 12 39 0 1
3159 38 10 -1 0
3160 36 15 -1 0
3161 70 5 -1 0
3162 4 6 -1 0
3163 3 31 0 1
3164 14 2 0 -1
3165 16 19 0 1
3166 29 20 1 0
3167 49 29 -1 0
3168 16 12 1 0
3169 5 28 1 0
3170 14 11 1 0
3171 72 25 1 0
3172 41 12 0 -1
3173 42 8 1 0
3174 55 8 0 1
3175 37 24 -1 0
3176 80 1 -1 0
3177 9 24 0 -1
3178 4 21 -1 0
3179 0 8 0 1
3180 58 10 -1 0
3181 53 34 -1 0
3182 19 0 1 0
3183 13 29 -1 0
3184 92 7 0 1
3185 90 12 0 -1
3186 3 21 -1 0
3187 67 38 -1 0
3188 0 29 1 0
3189 22 1 -1 0
3190 17 10 -1 0
3191 39 34 1 0
3192 1 12 1 0
3193 93 39 0 1
3194 14 15 1 0
3195 50 4 -1 0
3196 42 7 1 0
3197 37 26 1 0
3198 20 33 0 1
3199 41 21 0 -1
3200 17 35 0 -1
3201 5 22 0 1
3202 21 9 1 0
3203 44 32 0 -1
3204 65 33 0 1
3205 44 34 -1 0
3206 45 29 -1 0
3207 77 16 1 0
3208 83 36 -1 0
3209 32 2 -1 0
3210 45 11 -1 0
3211 85 2 0 1
3212 80 33 1 0
3213 27 30 1 0
3214 88 26 1 0
3215 51 2 0 1
3216 51 15 1 0
3217 29 28 -1 0
3218 99 26 0 1
3219 35 15 0 1
3220 97 13 -1 0
3221 56 2 0 -1
3222 73 2 0 1
3223 35 20 0 -1
3224 4 26 0 1
3225 40 23 0 -1
3226 16 39 1 0
3227 25 26 0 1
3228 8 17 0 1
3229 23 27 1 0
3230 85 31 1 0
3231 37 37 0 -1
3232 19 34 0 -1
3233 23 32 0 1
3234 43 29 -1 0
3235 43 16 0 1
3236 83 23 -1 0
3237 28 21 1 0
3238 99 30 -1 0
3239 83 6 0 -1
3240 98 34 -1 0
3241 58 7 1 0
3242 38 21 0 -1
3243 18 2 0 -1
3244 2 28 -1 0
3245 42 12 1 0
3246 14 8 -1 0
3247 40 13 0 1
3248 43 2 -1 0
3249 84 36 1 0
3250 19 24 1 0
3251 39 15 1 0
3252 47 31 -1 0
3253 38 27 0 1
3254 54 29 0 -1
3255 43 35 0 -1
3256 2 33 0 -1
3257 24 8 -1 0
3258 16 7 0 -1
3259 5 25 1 0
3260 23 23 0 1
3261 41 33 1 0
3262 50 0 1 0
3263 64 36 -1 0
3264 24 6 0 1
3265 83 24 0 -1
3266 51 10 1 0
3267 2 6 0 -1
3268 74 13 0 -1
3269 47 24 0 -1
3270 98 18 0 1
3271 9 33 0 1
3272 19 35 0 -1
3273 46 23 0 1
3274 95 13 1 0
3275 44 38 -1 0
3276 23 22 1 0
3277 60 26 0 -1
3278 53 5 1 0
3279 89 38 1 0
3280 75 12 1 0
3281 3 27 1 0
3282 16 9 0 -1
3283 40 37 1 0
3284 12 32 0 -1
3285 38 21 0 1
3286 83 19 -1 0
3287 26 26 1 0
3288 98 30 0 -1
3289 20 36 0 -1
3290 81 38 0 1
3291 75 25 0 -1
3292 65 26 -1 0
3293 41 34 1 0
3294 10 34 0 1
3295 44 37 0 1
3296 50 2 1 0
3297 20 23 1 0
3298 46 24 0 -1
3299 28 33 1 0
3300 68 8 0 -1
3301 12 6 -1 0
3302 57 23 1 0
3303 8 27 0 -1
3304 6 34 0 1
3305 76 15 0 1
3306 35 13 0 -1
3307 42 37 -1 0
3308 16 28 0 1
3309 55 16 0 -1
3310 30 11 0 1
3311 41 32 0 1
3312 82 27 0 -1
3313 19 32 1 0
3314 53 35 -1 0
3315 53 8 0 1
3316 40 18 0 -1
3317 51 24 -1 0
3318 12 4 1 0
3319 46 4 -1 0
3320 50 35 1 0
3321 7 7 1 0
3322 3 6 0 1
3323 21 32 0 -1
3324 3 34 1 0
3325 72 11 1 0
3326 39 22 -1 0
3327 5 5 1 0
3328 20 32 0 1
3329 89 7 1 0
3330 15 16 0 1
3331 49 24 1 0
3332 46 1 -1 0
3333 79 27 0 1
3334 43 19 0 1
3335 13 8 0 1
3336 63 11 -1 0
3337 41 12 -1 0
3338 97 20 -1 0
3339 21 20 1 0
3340 27 6 1 0
3341 14 31 -1 0
3342 23 18 1 0
3343 97 36 0 -1
3344 43 9 0 -1
3345 44 27 1 0
3346 14 24 1 0
3347 25 26 0 -1
3348 61 1 0 1
3349 51 35 -1 0
3350 73 15 0 -1
3351 42 30 0 1
3352 45 7 -1 0
3353 8 32 0 1
3354 62 19 -1 0
3355 26 18 0 -1
3356 85 15 0 -1
3357 32 30 0 1
3358 20 26 -1 0
3359 57 31 0 -1
3360 46 34 0 1
3361 13 0 0 -1
3362 13 6 1 0
3363 74 20 -1 0
3364 0 21 0 -1
3365 93 1 0 1
3366 62 17 0 -1
3367 0 11 0 -1
3368 96 14 0 -1
3369 25 30 -1 0
3370 43 11 0 1
3371 93 26 -1 0
3372 14 11 1 0
3373 35 7 1 0
3374 87 27 1 0
3375 51 28 1 0
3376 19 13 -1 0
3377 30 15 -1 0
3378 94 24 -1 0
3379 82 28 0 1
3380 26 13 0 -1
3381 83 16 -1 0
3382 17 19 -1 0
3383 76 34 0 1
3384 28 12 0 1
3385 24 17 0 1
3386 99 24 -1 0
3387 49 16 -1 0
3388 21 22 0 1
3389 10 33 0 1
3390 44 3 0 -1
3391 19 33 0 -1
3392 58 18 -1 0
3393 9 23 0 1
3394 42 7 0 -1
3395 71 37 0 -1
3396 74 22 0 -1
3397 58 28 0 -1
3398 58 33 1 0
3399 60 36 0 -1
3400 93 29 0 -1
3401 8 28 0 -1
3402 16 16 0 -1
3403 81 28 1 0
3404 70 35 -1 0
3405 42 17 0 1
3406 29 24 0 -1
3407 58 22 0 -1
3408 38 12 0 -1
3409 59 20 0 1
3410 81 1 0 1
3411 21 29 -1 0
3412 43 12 -1 0
3413 93 14 -1 0
3414 93 34 0 -1
3415 51 31 0 1
3416 88 36 -1 0
3417 21 2 1 0
3418 51 16 -1 0
3419 52 8 -1 0
3420 42 22 0 1
3421 77 6 0 -1
3422 46 35 0 -1
3423 40 9 0 -1
3424 55 30 0 1
3425 6 7 1 0
3426 20 32 0 1
3427 77 23 0 1
3428 18 10 0 1
3429 41 8 -1 0
3430 38 0 0 -1
3431 73 28 0 1
3432 20 16 -1 0
3433 76 14 -1 0
3434 36 38 1 0
3435 46 38 0 1
3436 44 38 1 0
3437 3 1 0 -1
3438 0 22 1 0
3439 43 3 -1 0
3440 53 0 -1 0
3441 67 2 0 1
3442 2 7 0 1
3443 91 21 1 0
3444 30 36 0 1
3445 75 1 0 -1
3446 29 38 -1 0
3447 10 24 -1 0
3448 30 17 1 0
3449 42 15 0 -1
3450 13 35 0 -1
3451 91 18 0 -1
3452 21 2 0 1
3453 47 30 0 -1
3454 82 28 0 -1
3455 76 18 -1 0
3456 67 11 0 -1
3457 26 27 0 -1
3458 48 2 -1 0
3459 22 6 1 0
3460 96 9 -1 0
3461 15 20 0 1
3462 18 6 -1 0
3463 71 24 1 0
3464 19 12 0 1
3465 93 11 -1 0
3466 80 19 0 1
3467 57 12 1 0
3468 44 3 0 -1
3469 53 11 -1 0
3470 86 31 -1 0
3471 59 12 1 0
3472 75 21 -1 0
3473 76 4 1 0
3474 64 2 -1 0
3475 96 3 0 1
3476 11 34 -1 0
3477 50 32 1 0
3478 88 7 0 1
3479 29 26 -1 0
3480 53 16 0 -1
3481 19 32 1 0
3482 97 29 0 1
3483 40 31 1 0
3484 0 19 1 0
3485 48 39 0 1
3486 31 8 0 1
3487 17 24 0 -1
3488 6 31 1 0
3489 96 1 1 0
3490 23 8 -1 0
3491 3 11 0 1
3492 32 29 0 -1
3493 67 0 -1 0
3494 8 19 1 0
3495 13 26 1 0
3496 51 3 0 -1
3497 38 33 1 0
3498 44 33 1 0
3499 93 5 -1 0
3500 94 36 1 0
3501 22 32 -1 0
3502 41 38 1 0
3503 43 4 1 0
3504 54 31 -1 0
3505 38 23 0 1
3506 94 36 1 0
3507 4 39 1 0
3508 57 34 0 1
3509 87 2 0 -1
3510 31 22 0 1
3511 82 32 0 -1
3512 97 37 0 1
3513 64 12 0 -1
3514 30 9 0 1
3515 55 37 0 1
3516 21 38 0 -1
3517 6 37 0 1
3518 97 30 1 0
3519 22 20 1 0
3520 19 21 0 -1
3521 46 15 0 1
3522 88 18 0 -1
3523 50 13 1 0
3524 6 34 0 1
3525 48 39 0 -1
3526 5 24 1 0
3527 74 11 0 -1
3528 30 38 0 -1
3529 45 10 -1 0
3530 39 34 1 0
3531 9 22 -1 0
3532 46 33 -1 0
3533 75 14 -1 0
3534 66 31 0 1
3535 80 34 -1 0
3536 65 1 0 -1
3537 22 26 0 -1
3538 7 36 1 0
3539 3 2 -1 0
3540 29 17 1 0
3541 23 19 -1 0
3542 39 36 0 1
3543 47 22 0 1
3544 99 21 0 1
3545 72 18 0 1
3546 56 24 0 -1
3547 38 22 0 1
3548 16 14 -1 0
3549 17 34 -1 0
3550 53 22 0 1
3551 56 15 -1 0
3552 15 17 0 1
3553 99 2 -1 0
3554 97 27 0 1
3555 22 9 -1 0
3556 25 23 -1 0
3557 99 13 0 -1
3558 88 28 0 1
3559 25 22 -1 0
3560 12 6 0 -1
3561 58 9 -1 0
3562 60 9 1 0
3563 96 39 -1 0
3564 92 24 1 0
3565 20 25 -1 0
3566 84 39 0 1
3567 84 2 0 -1
3568 47 37 1 0
3569 45 2 -1 0
3570 37 30 0 -1
3571 53 29 0 1
3572 63 22 -1 0
3573 5 4 -1 0
3574 75 27 -1 0
3575 44 13 1 0
3576 46 36 0 -1
3577 84 1 -1 0
3578 60 11 1 0
3579 91 39 0 -1
3580 11 27 0 -1
3581 46 7 1 0
3582 13 17 1 0
3583 56 18 0 1
3584 1 14 -1 0
3585 2 1 0 1
3586 53 20 -1 0
3587 16 17 0 -1
3588 59 36 0 -1
3589 26 12 -1 0
3590 14 15 1 0
3591 96 23 -1 0
3592 41 4 0 -1
3593 25 8 1 0
3594 27 0 0 -1
3595 8 32 0 1
3596 36 28 -1 0
3597 40 29 1 0
3598 40 12 -1 0
3599 29 6 1 0
