0 43 8 0 -1
1 20 11 -1 0
2 87 6 0 -1
3 64 35 -1 0
4 47 19 0 1
5 22 5 -1 0
6 47 32 0 1
7 47 17 -1 0
8 99 20 0 1
9 81 17 1 0
10 23 15 0 -1
11 7 0 1 0
12 32 17 -1 0
13 49 10 0 -1
14 5 24 0 1
15 56 32 -1 0
16 97 37 0 -1
17 38 8 0 1
18 45 35 0 1
19 23 30 1 0
20 45 33 0 1
21 78 29 0 -1
22 47 4 1 0
23 21 16 0 1
24 66 11 0 -1
25 44 11 0 -1
26 41 9 1 0
27 11 9 0 1
28 28 12 1 0
29 24 28 0 1
30 27 34 0 -1
31 65 37 1 0
32 72 17 -1 0
33 15 32 1 0
34 30 31 0 -1
35 46 37 -1 0
36 87 27 0 -1
37 50 26 -1 0
38 50 24 1 0
39 71 7 1 0
40 98 14 0 1
41 8 16 0 -1
42 85 13 -1 0
43 24 9 0 1
44 51 27 -1 0
45 56 12 0 1
46 39 32 -1 0
47 43 22 0 -1
48 17 37 1 0
49 90 19 -1 0
50 48 11 1 0
51 22 10 0 -1
52 46 9 0 1
53 94 27 -1 0
54 39 16 1 0
55 38 16 0 1
56 72 36 1 0
57 3 3 0 -1
58 50 6 1 0
59 0 33 0 -1
60 26 29 0 -1
61 38 12 0 -1
62 15 16 0 -1
63 26 2 0 -1
64 15 19 1 0
65 26 38 -1 0
66 29 26 0 -1
67 37 29 1 0
68 21 1 0 1
69 28 31 0 -1
70 14 5 0 1
71 37 33 -1 0
72 39 1 -1 0
73 18 2 0 1
74 7 27 0 1
75 0 21 1 0
76 23 0 1 0
77 22 15 0 -1
78 86 16 0 1
79 27 16 -1 0
80 34 18 1 0
81 40 2 0 1
82 61 13 0 1
83 89 20 -1 0
84 74 8 -1 0
85 31 32 1 0
86 84 28 1 0
87 68 15 1 0
88 86 15 1 0
89 38 18 0 1
90 67 32 0 1
91 79 29 -1 0
92 17 35 0 -1
93 69 26 1 0
94 38 23 0 -1
95 60 19 0 1
96 68 7 1 0
97 67 36 0 -1
98 21 18 -1 0
99 64 33 1 0
100 67 9 0 1
101 77 30 -1 0
102 46 2 1 0
103 11 26 1 0
104 16 8 -1 0
105 16 21 0 -1
106 27 12 1 0
107 44 2 0 -1
108 4 38 0 1
109 28 6 1 0
110 44 4 0 1
111 46 26 1 0
112 46 19 1 0
113 65 13 0 1
114 56 35 0 1
115 63 20 -1 0
116 26 38 0 1
117 78 23 0 -1
118 36 22 0 -1
119 20 21 -1 0
120 15 15 1 0
121 88 32 1 0
122 24 7 0 1
123 12 22 1 0
124 40 7 -1 0
125 21 37 1 0
126 21 35 0 -1
127 4 28 -1 0
128 22 23 0 -1
129 31 9 0 1
130 12 3 1 0
131 16 21 0 1
132 66 38 -1 0
133 77 29 -1 0
134 87 18 0 1
135 27 26 0 -1
136 28 24 0 1
137 22 7 -1 0
138 54 16 0 1
139 97 3 0 -1
140 22 9 1 0
141 96 35 0 -1
142 99 12 0 1
143 1 32 -1 0
144 51 33 1 0
145 49 16 1 0
146 5 6 0 1
147 68 29 0 1
148 25 7 0 -1
149 99 20 -1 0
150 16 23 1 0
151 85 36 0 1
152 91 10 0 -1
153 48 3 0 -1
154 78 25 1 0
155 7 21 1 0
156 96 19 1 0
157 29 13 1 0
158 23 11 1 0
159 28 20 0 1
160 98 5 0 1
161 86 10 1 0
162 99 37 1 0
163 95 22 -1 0
164 54 1 0 1
165 90 28 0 -1
166 95 29 -1 0
167 29 36 1 0
168 93 39 0 1
169 62 33 0 -1
170 16 0 0 1
171 4 18 0 -1
172 96 29 0 -1
173 94 7 -1 0
174 22 32 1 0
175 70 38 1 0
176 45 24 0 1
177 43 30 0 1
178 54 32 0 -1
179 13 5 0 1
180 72 11 1 0
181 6 7 -1 0
182 42 25 0 -1
183 33 31 1 0
184 35 21 0 -1
185 11 32 0 -1
186 28 4 0 1
187 15 34 0 1
188 27 9 0 1
189 90 6 0 -1
190 80 34 1 0
191 29 18 0 -1
192 0 30 -1 0
193 87 3 0 1
194 40 38 0 1
195 88 6 0 -1
196 75 7 -1 0
197 22 20 -1 0
198 94 6 1 0
199 96 24 -1 0
200 41 8 0 -1
201 30 34 1 0
202 1 30 0 1
203 92 11 0 -1
204 2 30 -1 0
205 71 13 1 0
206 94 25 1 0
207 48 34 0 1
208 17 24 0 -1
209 83 36 -1 0
210 9 2 0 1
211 51 39 1 0
212 25 4 0 -1
213 98 12 -1 0
214 44 7 0 1
215 40 9 1 0
216 12 11 0 1
217 46 4 0 -1
218 22 28 0 -1
219 72 25 1 0
220 18 5 1 0
221 97 0 1 0
222 64 35 0 -1
223 24 19 0 1
224 8 22 0 -1
225 47 21 1 0
226 42 9 0 1
227 75 39 1 0
228 30 32 0 1
229 51 3 -1 0
230 25 12 0 1
231 1 3 0 -1
232 89 39 0 1
233 29 32 0 1
234 21 33 -1 0
235 50 33 0 1
236 15 5 1 0
237 33 33 0 1
238 35 2 -1 0
239 39 39 1 0
240 50 23 -1 0
241 78 36 0 1
242 25 16 0 -1
243 39 1 -1 0
244 99 37 0 -1
245 31 14 1 0
246 32 36 0 -1
247 81 19 -1 0
248 23 17 0 -1
249 29 8 1 0
250 72 24 -1 0
251 88 38 0 -1
252 68 26 -1 0
253 74 32 1 0
254 35 9 0 1
255 22 21 1 0
256 3 29 1 0
257 57 24 -1 0
258 79 19 1 0
259 65 4 0 1
260 93 39 1 0
261 96 1 0 1
262 3 34 0 1
263 36 31 0 1
264 33 22 1 0
265 91 29 1 0
266 96 27 0 -1
267 96 29 1 0
268 42 27 0 1
269 84 4 1 0
270 97 27 0 1
271 46 10 0 -1
272 17 13 0 -1
273 46 19 0 -1
274 23 4 0 -1
275 91 14 0 -1
276 75 38 0 -1
277 79 33 1 0
278 42 20 0 1
279 76 11 0 1
280 14 22 0 -1
281 23 32 1 0
282 2 22 1 0
283 41 23 -1 0
284 12 26 0 1
285 3 28 -1 0
286 44 13 0 1
287 47 29 1 0
288 16 32 0 -1
289 99 31 0 1
290 82 26 0 -1
291 98 24 0 -1
292 26 16 1 0
293 83 34 1 0
294 27 39 0 1
295 43 6 1 0
296 54 24 0 1
297 11 9 1 0
298 5 39 0 1
299 15 24 -1 0
300 50 26 -1 0
301 2 0 1 0
302 44 34 -1 0
303 21 8 0 1
304 15 36 0 -1
305 74 5 0 -1
306 26 37 0 1
307 4 27 -1 0
308 60 1 0 1
309 41 10 0 -1
310 94 33 -1 0
311 76 15 0 -1
312 3 18 1 0
313 0 13 1 0
314 80 6 0 1
315 55 33 0 -1
316 37 9 0 1
317 39 20 0 -1
318 40 18 1 0
319 45 18 -1 0
320 6 22 -1 0
321 80 8 0 -1
322 20 30 0 -1
323 9 0 0 -1
324 24 12 0 -1
325 77 38 -1 0
326 43 31 -1 0
327 37 10 0 -1
328 66 32 1 0
329 5 30 -1 0
330 37 7 0 -1
331 92 8 0 -1
332 12 17 -1 0
333 72 1 0 1
334 42 28 -1 0
335 28 19 -1 0
336 45 19 0 -1
337 38 38 0 -1
338 98 3 -1 0
339 18 30 -1 0
340 21 33 1 0
341 36 12 0 -1
342 4 15 0 -1
343 58 33 -1 0
344 48 39 1 0
345 12 3 0 -1
346 12 30 -1 0
347 46 31 -1 0
348 22 36 1 0
349 2 21 1 0
350 1 7 -1 0
351 49 36 -1 0
352 18 17 0 -1
353 8 34 0 1
354 55 15 1 0
355 28 15 -1 0
356 8 37 0 1
357 28 10 0 1
358 37 28 0 -1
359 5 6 0 -1
360 43 34 -1 0
361 25 18 -1 0
362 44 6 -1 0
363 14 23 -1 0
364 48 7 1 0
365 15 6 -1 0
366 43 29 0 1
367 7 12 0 1
368 52 6 0 -1
369 30 30 1 0
370 94 19 0 1
371 55 9 -1 0
372 93 22 0 1
373 71 18 0 -1
374 50 22 1 0
375 98 23 0 -1
376 14 30 0 1
377 95 21 0 -1
378 82 38 0 -1
379 41 27 -1 0
380 21 10 -1 0
381 40 28 0 -1
382 10 16 -1 0
383 40 6 0 1
384 95 20 0 -1
385 89 37 1 0
386 70 39 0 1
387 69 14 -1 0
388 75 34 0 -1
389 96 4 1 0
390 57 25 0 1
391 28 27 0 1
392 75 13 0 1
393 41 37 -1 0
394 21 32 0 1
395 22 22 -1 0
396 93 10 0 1
397 19 20 1 0
398 24 17 1 0
399 20 27 0 -1
400 24 28 -1 0
401 96 9 0 -1
402 7 19 0 -1
403 89 13 1 0
404 23 16 1 0
405 27 26 1 0
406 38 6 0 -1
407 14 31 0 1
408 46 37 1 0
409 60 28 0 1
410 17 11 1 0
411 89 0 1 0
412 0 36 0 -1
413 89 0 -1 0
414 45 0 0 1
415 15 29 0 -1
416 61 4 -1 0
417 37 18 0 1
418 26 19 1 0
419 8 18 1 0
420 46 9 1 0
421 51 32 0 1
422 11 1 0 -1
423 46 3 0 -1
424 98 3 0 -1
425 37 6 -1 0
426 17 10 0 -1
427 41 30 -1 0
428 92 6 -1 0
429 79 2 0 1
430 66 32 -1 0
431 83 9 0 -1
432 19 24 0 1
433 80 19 -1 0
434 24 16 -1 0
435 12 31 0 -1
436 13 10 0 1
437 37 11 0 1
438 55 39 1 0
439 82 11 -1 0
440 73 0 1 0
441 34 17 1 0
442 93 2 1 0
443 76 20 1 0
444 73 38 0 1
445 21 32 -1 0
446 58 8 -1 0
447 78 29 0 1
448 65 26 0 1
449 41 23 0 1
450 23 31 0 1
451 43 34 -1 0
452 35 21 -1 0
453 88 34 0 -1
454 61 9 -1 0
455 43 27 0 -1
456 94 22 0 1
457 88 27 0 1
458 19 4 0 -1
459 65 15 0 -1
460 83 8 -1 0
461 39 19 0 1
462 66 21 0 -1
463 10 25 0 -1
464 7 28 0 1
465 22 6 0 1
466 13 6 0 -1
467 89 36 1 0
468 51 28 0 1
469 42 9 0 1
470 42 4 0 1
471 41 25 0 1
472 41 20 1 0
473 45 23 0 -1
474 47 4 1 0
475 45 1 0 -1
476 60 36 0 -1
477 39 4 -1 0
478 5 3 1 0
479 24 9 1 0
480 23 34 1 0
481 26 8 0 -1
482 53 30 0 -1
483 93 1 0 1
484 21 0 0 -1
485 15 4 0 1
486 74 11 0 1
487 45 1 0 1
488 0 34 0 1
489 18 29 0 1
490 5 14 1 0
491 15 2 0 -1
492 90 12 1 0
493 74 25 0 -1
494 79 34 -1 0
495 48 24 -1 0
496 58 29 1 0
497 24 36 0 1
498 30 4 1 0
499 87 32 -1 0
500 45 36 0 1
501 74 16 1 0
502 90 19 -1 0
503 86 31 1 0
504 52 14 0 -1
505 37 12 0 -1
506 59 22 0 1
507 64 17 0 -1
508 36 25 1 0
509 43 14 0 -1
510 46 20 -1 0
511 19 3 1 0
512 89 0 0 1
513 80 8 -1 0
514 96 19 0 1
515 41 19 0 1
516 26 26 0 1
517 8 31 0 -1
518 90 27 0 -1
519 36 9 0 -1
520 4 10 0 -1
521 4 19 0 -1
522 49 8 -1 0
523 41 26 1 0
524 88 24 0 1
525 32 5 1 0
526 66 17 0 -1
527 96 9 0 1
528 1 31 0 -1
529 57 34 0 -1
530 91 3 -1 0
531 49 11 0 -1
532 22 27 0 -1
533 91 34 -1 0
534 24 29 0 -1
535 53 14 -1 0
536 25 32 0 1
537 52 23 -1 0
538 53 26 -1 0
539 49 20 0 -1
540 47 3 0 1
541 32 13 0 -1
542 50 6 1 0
543 43 9 1 0
544 41 1 0 1
545 87 33 -1 0
546 60 0 0 1
547 23 33 0 1
548 23 12 1 0
549 27 26 0 -1
550 27 0 0 -1
551 67 26 0 -1
552 36 32 1 0
553 19 22 0 1
554 44 19 0 1
555 88 18 0 -1
556 4 38 0 1
557 40 27 -1 0
558 88 23 -1 0
559 37 2 -1 0
560 27 7 1 0
561 20 29 0 1
562 10 9 0 1
563 16 15 1 0
564 27 20 0 1
565 79 18 0 -1
566 44 0 0 1
567 89 28 0 -1
568 45 34 1 0
569 79 35 1 0
570 26 36 0 1
571 53 9 0 -1
572 68 16 0 -1
573 16 22 0 -1
574 24 28 -1 0
575 79 18 0 -1
576 87 1 0 1
577 88 23 0 -1
578 30 26 0 -1
579 81 19 -1 0
580 60 38 -1 0
581 5 12 -1 0
582 5 9 0 -1
583 11 18 1 0
584 66 39 -1 0
585 38 4 1 0
586 21 31 1 0
587 28 5 -1 0
588 24 34 -1 0
589 9 7 0 1
590 47 29 0 -1
591 42 18 1 0
592 31 32 -1 0
593 24 24 0 1
594 28 17 0 -1
595 46 24 -1 0
596 55 2 1 0
597 36 32 -1 0
598 38 7 0 1
599 42 22 0 -1
600 89 11 0 1
601 85 4 1 0
602 26 37 1 0
603 96 20 1 0
604 85 1 -1 0
605 27 15 1 0
606 44 18 0 -1
607 2 19 -1 0
608 27 17 -1 0
609 35 5 0 -1
610 22 15 1 0
611 38 38 0 -1
612 82 6 0 -1
613 17 29 0 -1
614 47 27 0 1
615 94 25 -1 0
616 97 3 1 0
617 5 2 1 0
618 50 7 0 -1
619 39 0 -1 0
620 61 36 0 -1
621 49 35 0 -1
622 48 35 0 1
623 37 6 1 0
624 25 13 0 -1
625 5 14 0 1
626 54 35 0 -1
627 93 22 -1 0
628 37 11 0 -1
629 19 12 0 1
630 80 16 -1 0
631 51 34 0 -1
632 14 14 1 0
633 40 35 0 -1
634 92 9 -1 0
635 1 30 -1 0
636 32 17 0 -1
637 28 31 0 1
638 16 22 1 0
639 29 7 0 1
640 12 23 1 0
641 90 19 0 -1
642 71 10 -1 0
643 43 14 1 0
644 48 15 -1 0
645 49 14 1 0
646 64 31 0 1
647 42 19 -1 0
648 16 18 0 -1
649 92 31 1 0
650 28 31 1 0
651 75 14 0 -1
652 40 0 1 0
653 10 21 -1 0
654 66 27 -1 0
655 13 20 1 0
656 33 7 -1 0
657 72 19 -1 0
658 22 19 1 0
659 55 20 0 1
660 92 29 -1 0
661 41 23 1 0
662 41 10 -1 0
663 22 0 1 0
664 17 28 1 0
665 95 18 0 -1
666 35 26 1 0
667 3 30 0 1
668 82 2 0 1
669 5 32 -1 0
670 40 32 1 0
671 44 24 0 1
672 30 9 0 1
673 44 26 -1 0
674 90 12 0 -1
675 16 20 -1 0
676 39 12 -1 0
677 39 23 0 1
678 33 18 1 0
679 55 29 0 -1
680 9 3 0 1
681 50 39 0 1
682 41 16 0 -1
683 23 19 0 -1
684 46 22 0 1
685 51 38 0 1
686 35 34 -1 0
687 34 4 0 1
688 46 29 -1 0
689 41 27 1 0
690 90 28 -1 0
691 44 17 -1 0
692 71 21 0 -1
693 33 26 0 1
694 22 26 1 0
695 75 10 0 1
696 44 23 1 0
697 26 14 0 1
698 94 31 1 0
699 85 19 0 -1
700 9 33 0 1
701 25 12 1 0
702 40 34 -1 0
703 21 5 -1 0
704 35 20 1 0
705 47 25 0 1
706 10 31 -1 0
707 83 28 0 1
708 36 39 0 1
709 69 29 0 -1
710 57 13 0 1
711 94 34 0 1
712 2 34 -1 0
713 24 2 -1 0
714 43 37 0 -1
715 38 35 0 -1
716 18 3 -1 0
717 61 39 1 0
718 31 26 -1 0
719 38 39 -1 0
720 26 39 -1 0
721 66 29 0 -1
722 56 2 0 1
723 93 7 0 1
724 92 15 1 0
725 44 5 1 0
726 16 33 0 1
727 45 34 0 1
728 43 2 -1 0
729 83 18 0 -1
730 44 15 0 1
731 22 31 -1 0
732 1 3 -1 0
733 93 32 -1 0
734 7 24 0 -1
735 3 9 -1 0
736 21 14 -1 0
737 27 31 1 0
738 0 20 -1 0
739 89 10 -1 0
740 16 33 0 -1
741 3 28 -1 0
742 26 2 0 -1
743 72 33 0 -1
744 74 9 0 -1
745 26 33 1 0
746 15 33 -1 0
747 28 28 1 0
748 41 2 0 1
749 91 19 0 -1
750 42 6 1 0
751 20 27 1 0
752 83 37 0 -1
753 94 26 0 1
754 65 28 1 0
755 19 1 0 -1
756 4 20 0 -1
757 57 33 1 0
758 12 6 0 -1
759 18 16 -1 0
760 37 32 -1 0
761 8 8 1 0
762 33 32 1 0
763 9 35 1 0
764 32 22 0 -1
765 55 22 0 -1
766 0 6 0 1
767 36 15 0 1
768 17 7 0 1
769 27 0 0 -1
770 7 8 0 1
771 95 25 0 1
772 43 14 -1 0
773 87 3 0 1
774 55 26 -1 0
775 42 22 0 1
776 39 24 0 1
777 99 25 0 1
778 3 19 0 -1
779 93 29 0 1
780 24 31 1 0
781 26 39 1 0
782 17 4 -1 0
783 31 21 0 -1
784 49 25 -1 0
785 26 6 -1 0
786 96 7 0 -1
787 26 12 1 0
788 78 34 0 -1
789 21 16 1 0
790 81 27 1 0
791 1 6 -1 0
792 44 39 0 -1
793 91 37 0 -1
794 13 35 1 0
795 35 7 0 1
796 6 25 0 -1
797 37 30 -1 0
798 73 33 -1 0
799 61 28 1 0
800 17 33 1 0
801 8 33 1 0
802 67 4 1 0
803 43 0 1 0
804 91 8 -1 0
805 55 5 0 1
806 87 9 0 1
807 26 6 -1 0
808 99 21 1 0
809 20 2 0 1
810 32 5 0 -1
811 97 17 0 -1
812 34 4 -1 0
813 28 18 0 -1
814 94 14 -1 0
815 43 15 1 0
816 45 2 -1 0
817 55 7 0 1
818 88 15 0 1
819 53 34 1 0
820 23 2 1 0
821 24 26 1 0
822 94 9 1 0
823 46 21 1 0
824 34 9 1 0
825 87 38 -1 0
826 61 4 -1 0
827 8 19 0 1
828 83 17 1 0
829 44 1 0 -1
830 41 15 0 1
831 46 6 0 1
832 19 39 0 1
833 63 10 0 -1
834 97 20 -1 0
835 97 37 1 0
836 34 20 0 -1
837 10 20 0 1
838 81 27 0 1
839 50 31 0 -1
840 45 27 1 0
841 53 35 1 0
842 53 17 0 1
843 70 16 0 -1
844 17 25 0 1
845 82 13 1 0
846 36 9 -1 0
847 48 25 1 0
848 22 31 0 1
849 80 30 -1 0
850 63 6 1 0
851 24 12 1 0
852 16 9 -1 0
853 46 12 0 -1
854 85 9 0 1
855 40 6 0 1
856 42 36 -1 0
857 23 5 1 0
858 95 22 -1 0
859 0 35 1 0
860 42 21 -1 0
861 96 39 0 1
862 29 16 -1 0
863 41 25 -1 0
864 12 22 0 1
865 27 21 1 0
866 46 17 0 -1
867 4 38 0 -1
868 68 38 1 0
869 79 0 1 0
870 21 15 1 0
871 3 23 -1 0
872 9 10 0 1
873 85 39 0 1
874 91 15 0 1
875 30 4 0 1
876 97 6 -1 0
877 98 18 0 -1
878 61 33 -1 0
879 70 25 -1 0
880 40 4 0 1
881 47 18 -1 0
882 16 5 1 0
883 38 21 0 -1
884 27 6 0 1
885 84 2 1 0
886 81 8 1 0
887 45 10 1 0
888 11 10 1 0
889 36 21 1 0
890 10 37 0 1
891 46 22 0 1
892 25 24 -1 0
893 68 25 0 1
894 47 15 0 -1
895 33 16 0 1
896 96 18 -1 0
897 5 30 -1 0
898 24 39 1 0
899 37 11 -1 0
900 30 32 -1 0
901 98 10 0 1
902 65 26 0 1
903 17 33 0 -1
904 95 0 0 -1
905 29 15 -1 0
906 9 24 0 1
907 92 17 0 -1
908 18 39 1 0
909 90 4 1 0
910 81 31 -1 0
911 82 1 1 0
912 54 19 0 -1
913 23 19 0 1
914 36 34 -1 0
915 85 1 1 0
916 41 36 -1 0
917 75 12 -1 0
918 70 21 1 0
919 96 21 -1 0
920 26 25 0 1
921 11 2 0 1
922 36 27 0 -1
923 40 27 0 1
924 0 5 0 1
925 40 7 -1 0
926 48 8 -1 0
927 40 12 -1 0
928 84 1 1 0
929 41 19 0 -1
930 41 31 0 -1
931 35 37 0 -1
932 61 36 0 1
933 44 38 0 -1
934 31 15 -1 0
935 24 27 1 0
936 60 17 -1 0
937 88 3 0 1
938 75 0 1 0
939 33 33 1 0
940 53 9 1 0
941 26 1 1 0
942 29 39 1 0
943 35 22 1 0
944 29 29 0 -1
945 46 33 -1 0
946 47 26 -1 0
947 44 1 0 1
948 97 18 0 -1
949 20 0 1 0
950 19 17 1 0
951 13 14 1 0
952 21 11 0 1
953 10 36 0 1
954 25 35 1 0
955 17 21 0 -1
956 92 32 0 1
957 43 13 0 -1
958 57 6 0 1
959 35 12 1 0
960 93 12 1 0
961 90 4 0 -1
962 10 10 0 -1
963 21 1 0 1
964 79 6 0 -1
965 51 2 -1 0
966 47 10 0 1
967 64 24 1 0
968 31 4 0 -1
969 41 27 -1 0
970 33 7 1 0
971 38 30 1 0
972 87 4 -1 0
973 23 35 1 0
974 8 27 0 1
975 41 32 1 0
976 91 35 -1 0
977 96 1 0 1
978 9 9 0 -1
979 48 5 1 0
980 99 36 0 -1
981 10 19 0 -1
982 22 33 1 0
983 13 12 0 1
984 35 13 0 -1
985 20 26 1 0
986 17 39 0 -1
987 22 38 0 1
988 88 1 0 1
989 36 6 0 1
990 42 35 0 -1
991 24 27 0 -1
992 84 18 -1 0
993 48 26 1 0
994 10 21 0 1
995 78 24 -1 0
996 37 10 0 1
997 22 37 0 1
998 20 17 1 0
999 28 13 1 0
1000 75 36 0 -1
1001 42 1 -1 0
1002 41 37 0 1
1003 27 19 0 -1
1004 15 1 0 1
1005 27 22 0 -1
1006 14 25 0 1
1007 39 31 0 1
1008 45 24 1 0
1009 24 5 0 1
1010 93 12 -1 0
1011 25 1 0 1
1012 66 11 0 -1
1013 44 32 0 1
1014 74 35 0 1
1015 16 28 1 0
1016 84 6 0 1
1017 59 4 0 -1
1018 4 1 -1 0
1019 46 5 0 -1
1020 35 2 1 0
1021 84 4 0 -1
1022 40 25 0 1
1023 4 14 1 0
1024 88 30 0 1
1025 28 36 -1 0
1026 24 0 -1 0
1027 10 8 1 0
1028 22 26 0 -1
1029 19 36 0 1
1030 11 35 1 0
1031 52 8 0 -1
1032 89 15 0 -1
1033 26 26 0 -1
1034 63 32 0 -1
1035 18 15 0 -1
1036 58 22 0 -1
1037 82 25 0 -1
1038 69 5 0 -1
1039 43 29 0 1
1040 35 8 -1 0
1041 47 33 1 0
1042 86 38 0 -1
1043 31 36 0 1
1044 24 25 0 -1
1045 88 20 1 0
1046 16 21 0 1
1047 16 33 0 1
1048 37 9 1 0
1049 47 38 0 1
1050 38 25 0 1
1051 27 2 0 1
1052 6 5 -1 0
1053 42 12 -1 0
1054 51 9 0 -1
1055 67 12 0 1
1056 45 2 1 0
1057 10 3 0 1
1058 99 20 0 -1
1059 86 25 1 0
1060 84 13 1 0
1061 56 22 1 0
1062 38 1 1 0
1063 21 5 1 0
1064 74 31 0 1
1065 11 35 1 0
1066 44 12 0 1
1067 12 0 0 1
1068 62 20 -1 0
1069 89 15 1 0
1070 50 16 1 0
1071 89 11 0 -1
1072 39 16 1 0
1073 26 39 0 1
1074 40 10 0 1
1075 36 22 1 0
1076 60 27 -1 0
1077 38 31 0 -1
1078 41 33 1 0
1079 80 16 0 1
1080 56 37 0 1
1081 98 27 -1 0
1082 37 7 -1 0
1083 25 21 1 0
1084 23 4 0 1
1085 25 36 1 0
1086 83 14 0 -1
1087 94 20 0 1
1088 69 34 0 -1
1089 42 13 -1 0
1090 91 21 1 0
1091 20 9 -1 0
1092 88 35 -1 0
1093 32 13 1 0
1094 52 13 0 1
1095 47 36 0 -1
1096 44 23 0 1
1097 91 29 0 1
1098 84 3 0 1
1099 36 18 0 -1
1100 23 34 0 1
1101 90 6 0 1
1102 93 32 -1 0
1103 41 9 0 1
1104 35 12 0 -1
1105 19 16 1 0
1106 38 19 -1 0
1107 52 4 -1 0
1108 29 23 1 0
1109 40 1 -1 0
1110 0 3 0 -1
1111 37 12 0 -1
1112 69 10 0 -1
1113 51 36 0 1
1114 42 13 -1 0
1115 28 22 0 -1
1116 24 36 -1 0
1117 21 2 0 -1
1118 0 13 1 0
1119 80 9 -1 0
1120 85 25 -1 0
1121 10 23 0 1
1122 45 13 0 1
1123 36 35 0 -1
1124 41 29 0 -1
1125 82 6 0 1
1126 18 33 -1 0
1127 95 39 0 -1
1128 22 29 -1 0
1129 44 24 -1 0
1130 6 23 -1 0
1131 27 14 0 1
1132 11 11 0 1
1133 20 9 1 0
1134 92 30 1 0
1135 12 14 0 1
1136 54 20 -1 0
1137 83 17 1 0
1138 11 1 0 1
1139 23 19 0 1
1140 45 7 -1 0
1141 86 10 0 -1
1142 14 26 1 0
1143 1 22 1 0
1144 91 1 1 0
1145 25 38 0 1
1146 40 35 1 0
1147 13 13 0 1
1148 78 3 0 1
1149 91 37 -1 0
1150 44 1 1 0
1151 30 6 0 -1
1152 42 20 1 0
1153 79 15 1 0
1154 28 0 1 0
1155 25 17 1 0
1156 63 18 0 1
1157 38 6 -1 0
1158 28 27 0 1
1159 5 8 1 0
1160 94 39 0 -1
1161 91 6 -1 0
1162 11 29 -1 0
1163 97 13 0 -1
1164 85 35 -1 0
1165 33 22 0 1
1166 19 5 0 1
1167 26 13 1 0
1168 62 10 0 -1
1169 45 14 1 0
1170 78 25 -1 0
1171 51 34 1 0
1172 6 24 1 0
1173 0 38 -1 0
1174 29 11 -1 0
1175 60 0 1 0
1176 99 21 -1 0
1177 66 38 1 0
1178 49 6 0 -1
1179 26 1 0 -1
1180 1 34 -1 0
1181 71 7 0 1
1182 38 22 -1 0
1183 91 9 0 1
1184 98 33 0 -1
1185 40 26 0 1
1186 59 19 1 0
1187 80 24 -1 0
1188 44 13 0 -1
1189 11 11 1 0
1190 72 6 0 1
1191 86 30 0 -1
1192 88 26 0 -1
1193 58 8 0 -1
1194 90 31 -1 0
1195 53 8 0 -1
1196 49 14 0 -1
1197 38 34 0 -1
1198 87 12 0 -1
1199 10 0 0 -1
1200 20 5 0 -1
1201 4 2 1 0
1202 29 1 -1 0
1203 24 31 0 1
1204 19 34 0 -1
1205 62 8 0 1
1206 43 9 1 0
1207 31 34 1 0
1208 22 8 1 0
1209 40 3 0 -1
1210 10 0 -1 0
1211 82 25 -1 0
1212 57 27 1 0
1213 6 1 0 -1
1214 81 25 1 0
1215 91 13 0 1
1216 1 28 0 1
1217 88 24 0 1
1218 8 11 0 -1
1219 42 34 1 0
1220 4 25 -1 0
1221 76 37 1 0
1222 39 32 -1 0
1223 25 21 0 1
1224 20 35 0 1
1225 51 14 0 -1
1226 12 37 0 -1
1227 40 1 1 0
1228 21 30 0 1
1229 89 16 0 -1
1230 23 30 1 0
1231 97 35 0 1
1232 91 11 -1 0
1233 95 37 -1 0
1234 57 39 1 0
1235 26 37 0 1
1236 2 31 1 0
1237 19 10 -1 0
1238 25 24 1 0
1239 87 14 1 0
1240 26 22 -1 0
1241 76 22 0 1
1242 64 26 0 1
1243 46 39 1 0
1244 80 5 0 1
1245 49 1 1 0
1246 8 16 1 0
1247 14 37 0 1
1248 23 24 0 -1
1249 2 26 -1 0
1250 23 14 1 0
1251 72 23 -1 0
1252 20 0 0 -1
1253 72 14 1 0
1254 30 23 0 -1
1255 37 33 -1 0
1256 41 24 0 -1
1257 79 2 1 0
1258 66 18 0 1
1259 80 35 0 1
1260 42 27 0 -1
1261 53 2 0 1
1262 41 32 -1 0
1263 23 39 1 0
1264 16 22 0 1
1265 30 31 1 0
1266 77 27 -1 0
1267 90 11 -1 0
1268 26 30 -1 0
1269 11 22 1 0
1270 15 6 -1 0
1271 69 30 1 0
1272 48 2 1 0
1273 23 5 0 1
1274 20 19 0 1
1275 12 21 -1 0
1276 37 5 0 1
1277 2 22 -1 0
1278 38 36 0 1
1279 26 13 0 1
1280 83 21 1 0
1281 28 2 0 -1
1282 42 34 0 -1
1283 28 12 1 0
1284 62 4 -1 0
1285 11 18 -1 0
1286 42 0 0 -1
1287 94 23 0 1
1288 34 6 0 1
1289 92 12 0 -1
1290 25 8 -1 0
1291 90 21 1 0
1292 97 17 0 -1
1293 15 3 0 1
1294 97 21 1 0
1295 28 8 -1 0
1296 8 38 1 0
1297 60 3 1 0
1298 26 24 -1 0
1299 84 3 -1 0
1300 41 25 -1 0
1301 50 5 0 1
1302 53 17 0 1
1303 6 6 0 1
1304 51 8 -1 0
1305 94 35 1 0
1306 53 5 0 -1
1307 44 31 1 0
1308 19 34 0 1
1309 50 31 1 0
1310 38 9 -1 0
1311 20 27 0 1
1312 88 22 0 1
1313 50 31 0 1
1314 20 38 0 1
1315 35 23 -1 0
1316 39 6 0 1
1317 13 36 0 1
1318 44 22 -1 0
1319 17 19 0 1
1320 59 15 0 1
1321 17 14 0 1
1322 48 21 0 1
1323 38 36 1 0
1324 20 0 0 1
1325 10 11 1 0
1326 11 24 0 1
1327 36 20 -1 0
1328 50 2 0 1
1329 34 12 0 -1
1330 17 5 0 -1
1331 20 35 0 -1
1332 63 23 0 1
1333 46 15 0 -1
1334 85 21 1 0
1335 92 19 -1 0
1336 57 18 1 0
1337 34 30 0 -1
1338 21 28 0 1
1339 94 10 0 -1
1340 84 22 0 1
1341 26 35 1 0
1342 24 3 -1 0
1343 91 18 0 -1
1344 97 31 -1 0
1345 32 30 0 -1
1346 11 17 0 -1
1347 27 16 1 0
1348 49 18 0 -1
1349 7 25 0 1
1350 63 26 1 0
1351 91 9 0 1
1352 45 4 -1 0
1353 35 39 1 0
1354 64 1 1 0
1355 23 9 1 0
1356 29 32 -1 0
1357 26 17 0 -1
1358 31 11 1 0
1359 95 6 1 0
1360 22 5 0 -1
1361 22 16 -1 0
1362 58 14 0 1
1363 15 10 1 0
1364 88 39 -1 0
1365 2 4 0 -1
1366 36 23 0 -1
1367 32 15 1 0
1368 60 12 0 -1
1369 37 12 0 -1
1370 42 26 0 1
1371 50 27 1 0
1372 23 38 1 0
1373 46 20 1 0
1374 5 23 0 -1
1375 40 28 1 0
1376 41 3 1 0
1377 97 35 -1 0
1378 42 34 0 -1
1379 39 15 -1 0
1380 40 3 0 1
1381 60 28 -1 0
1382 39 35 0 1
1383 42 5 1 0
1384 99 26 0 1
1385 88 2 1 0
1386 35 4 0 1
1387 46 18 -1 0
1388 16 9 1 0
1389 63 25 1 0
1390 91 16 -1 0
1391 37 5 0 1
1392 2 7 0 -1
1393 17 35 0 -1
1394 41 17 0 -1
1395 89 27 0 -1
1396 25 13 1 0
1397 36 35 1 0
1398 24 7 0 1
1399 49 4 -1 0
1400 25 28 1 0
1401 6 38 0 1
1402 60 20 0 -1
1403 38 11 1 0
1404 1 19 1 0
1405 42 18 0 -1
1406 99 31 0 1
1407 22 10 0 1
1408 95 34 0 1
1409 41 11 -1 0
1410 32 1 -1 0
1411 89 32 0 1
1412 91 24 -1 0
1413 7 22 1 0
1414 92 31 -1 0
1415 9 30 -1 0
1416 13 37 0 -1
1417 18 27 0 -1
1418 27 39 -1 0
1419 31 8 0 1
1420 1 6 1 0
1421 18 4 0 1
1422 81 32 1 0
1423 49 34 1 0
1424 99 10 -1 0
1425 30 36 0 -1
1426 40 5 0 1
1427 38 8 -1 0
1428 39 12 0 1
1429 23 22 0 1
1430 77 39 1 0
1431 18 38 1 0
1432 81 11 -1 0
1433 34 4 0 -1
1434 58 28 1 0
1435 96 18 0 -1
1436 40 15 0 -1
1437 6 26 1 0
1438 74 15 0 -1
1439 20 32 0 -1
1440 3 27 1 0
1441 37 0 0 1
1442 12 8 0 -1
1443 51 26 0 1
1444 44 21 0 1
1445 70 5 1 0
1446 48 2 1 0
1447 8 1 0 -1
1448 12 28 1 0
1449 54 32 0 -1
1450 38 7 0 1
1451 2 23 0 1
1452 32 3 0 -1
1453 90 9 0 1
1454 37 34 1 0
1455 43 10 0 1
1456 22 0 -1 0
1457 49 13 0 -1
1458 50 22 1 0
1459 73 20 1 0
1460 39 20 1 0
1461 3 8 0 -1
1462 23 26 0 1
1463 39 0 0 1
1464 0 11 1 0
1465 39 9 0 -1
1466 48 34 1 0
1467 37 21 1 0
1468 39 32 -1 0
1469 13 28 0 -1
1470 87 7 1 0
1471 89 30 1 0
1472 7 7 0 -1
1473 31 15 0 -1
1474 45 24 0 1
1475 21 4 0 -1
1476 53 6 0 1
1477 42 3 -1 0
1478 84 34 0 -1
1479 60 2 1 0
1480 40 15 0 1
1481 18 15 0 -1
1482 23 32 0 1
1483 64 17 -1 0
1484 25 8 -1 0
1485 31 9 1 0
1486 43 9 0 1
1487 20 29 0 1
1488 27 6 1 0
1489 67 6 0 1
1490 71 23 -1 0
1491 75 22 1 0
1492 41 31 0 -1
1493 27 21 1 0
1494 42 24 -1 0
1495 34 27 0 1
1496 44 17 -1 0
1497 7 5 -1 0
1498 45 27 1 0
1499 39 38 0 1
1500 88 8 0 -1
1501 98 27 0 -1
1502 47 11 0 1
1503 39 33 0 -1
1504 43 6 1 0
1505 41 15 1 0
1506 40 25 0 1
1507 43 13 0 1
1508 35 19 0 -1
1509 12 5 1 0
1510 39 38 1 0
1511 20 20 0 1
1512 30 28 -1 0
1513 81 5 0 -1
1514 29 22 0 -1
1515 47 30 -1 0
1516 54 1 0 -1
1517 18 26 0 1
1518 50 22 0 -1
1519 54 33 0 -1
1520 53 31 0 1
1521 61 15 -1 0
1522 55 26 0 -1
1523 96 8 0 -1
1524 89 34 0 1
1525 47 10 1 0
1526 83 37 0 1
1527 54 33 0 -1
1528 26 31 1 0
1529 77 2 0 1
1530 20 37 1 0
1531 95 32 0 -1
1532 16 8 0 -1
1533 18 18 1 0
1534 1 0 -1 0
1535 39 14 0 -1
1536 19 36 0 1
1537 24 8 1 0
1538 7 34 1 0
1539 40 2 1 0
1540 58 7 -1 0
1541 76 2 0 -1
1542 94 37 -1 0
1543 38 29 0 -1
1544 14 4 1 0
1545 21 23 1 0
1546 23 39 -1 0
1547 30 33 -1 0
1548 26 22 0 1
1549 90 5 -1 0
1550 49 20 0 -1
1551 91 32 0 -1
1552 66 2 -1 0
1553 60 23 0 -1
1554 85 34 1 0
1555 0 33 0 -1
1556 39 20 0 -1
1557 90 12 1 0
1558 95 32 -1 0
1559 91 7 0 -1
1560 85 2 0 -1
1561 79 20 0 -1
1562 8 35 0 -1
1563 68 3 1 0
1564 72 14 -1 0
1565 62 1 0 -1
1566 24 6 -1 0
1567 73 23 1 0
1568 13 5 -1 0
1569 40 26 0 1
1570 40 6 -1 0
1571 13 0 1 0
1572 30 5 1 0
1573 11 9 -1 0
1574 39 33 -1 0
1575 42 28 0 1
1576 30 38 1 0
1577 5 34 -1 0
1578 38 34 -1 0
1579 28 16 -1 0
1580 80 2 0 1
1581 81 21 0 1
1582 24 39 0 1
1583 26 1 1 0
1584 26 28 0 -1
1585 19 2 0 -1
1586 12 10 0 -1
1587 77 15 0 -1
1588 48 37 0 1
1589 39 34 1 0
1590 52 22 0 -1
1591 96 11 1 0
1592 99 31 1 0
1593 60 27 -1 0
1594 0 10 0 -1
1595 38 29 1 0
1596 20 36 -1 0
1597 38 25 0 1
1598 43 13 -1 0
1599 79 5 0 1
1600 44 20 -1 0
1601 31 10 0 -1
1602 88 36 -1 0
1603 37 35 1 0
1604 40 9 0 -1
1605 44 25 1 0
1606 87 14 0 -1
1607 29 11 0 1
1608 17 21 0 1
1609 40 2 0 -1
1610 48 15 0 1
1611 75 10 1 0
1612 38 31 1 0
1613 88 33 0 -1
1614 10 28 0 1
1615 93 17 1 0
1616 70 21 0 1
1617 89 21 -1 0
1618 36 28 0 -1
1619 99 8 0 -1
1620 98 30 0 1
1621 21 15 1 0
1622 78 21 0 1
1623 28 32 1 0
1624 41 7 0 -1
1625 79 33 -1 0
1626 7 32 0 -1
1627 43 29 -1 0
1628 89 7 -1 0
1629 17 34 -1 0
1630 40 14 0 -1
1631 30 32 1 0
1632 97 13 0 1
1633 33 13 1 0
1634 16 36 0 1
1635 83 24 0 1
1636 37 3 -1 0
1637 0 7 -1 0
1638 32 28 0 -1
1639 99 33 1 0
1640 27 13 0 1
1641 90 38 0 -1
1642 46 13 1 0
1643 19 38 0 -1
1644 94 31 0 1
1645 88 13 1 0
1646 23 1 -1 0
1647 23 32 -1 0
1648 42 9 0 -1
1649 30 7 0 -1
1650 30 38 1 0
1651 57 38 -1 0
1652 1 30 0 -1
1653 43 27 -1 0
1654 89 20 1 0
1655 97 21 0 -1
1656 2 18 1 0
1657 50 37 -1 0
1658 93 15 0 -1
1659 11 34 -1 0
1660 19 31 0 -1
1661 45 28 1 0
1662 6 17 0 1
1663 21 15 0 1
1664 26 19 0 -1
1665 19 15 0 -1
1666 14 32 0 -1
1667 57 24 1 0
1668 20 33 0 1
1669 27 15 0 -1
1670 1 37 1 0
1671 9 7 0 -1
1672 26 34 0 -1
1673 34 37 1 0
1674 74 11 0 1
1675 86 21 0 1
1676 70 15 -1 0
1677 9 10 1 0
1678 56 15 0 -1
1679 82 11 1 0
1680 86 20 -1 0
1681 36 31 0 1
1682 66 24 0 -1
1683 15 39 1 0
1684 89 23 0 1
1685 54 30 -1 0
1686 39 18 1 0
1687 5 35 0 1
1688 37 8 1 0
1689 41 24 -1 0
1690 0 38 0 1
1691 85 28 1 0
1692 21 7 0 -1
1693 44 18 1 0
1694 3 20 1 0
1695 28 17 -1 0
1696 21 19 1 0
1697 55 6 0 -1
1698 24 2 -1 0
1699 87 25 0 1
1700 13 23 1 0
1701 6 33 0 1
1702 88 3 0 1
1703 54 6 0 -1
1704 86 31 0 1
1705 40 23 -1 0
1706 49 19 0 -1
1707 5 5 1 0
1708 38 24 -1 0
1709 56 29 0 -1
1710 51 9 -1 0
1711 88 11 1 0
1712 22 37 0 -1
1713 30 19 -1 0
1714 31 34 0 -1
1715 40 5 0 -1
1716 59 25 1 0
1717 57 9 1 0
1718 35 32 0 -1
1719 97 31 0 1
1720 54 34 1 0
1721 98 16 0 -1
1722 85 12 -1 0
1723 11 14 0 -1
1724 1 25 0 -1
1725 38 14 -1 0
1726 50 26 -1 0
1727 28 35 0 -1
1728 42 33 0 -1
1729 15 21 1 0
1730 44 29 -1 0
1731 94 4 -1 0
1732 15 37 1 0
1733 78 35 0 -1
1734 40 7 0 -1
1735 91 32 0 1
1736 85 28 0 -1
1737 50 29 1 0
1738 90 38 0 1
1739 51 32 0 -1
1740 3 37 0 -1
1741 0 25 -1 0
1742 0 35 0 -1
1743 11 36 0 1
1744 5 17 -1 0
1745 3 21 1 0
1746 46 1 0 1
1747 82 8 0 1
1748 13 37 0 1
1749 40 11 0 -1
1750 28 18 0 1
1751 19 6 0 -1
1752 94 38 1 0
1753 47 5 0 1
1754 45 14 0 1
1755 15 19 1 0
1756 65 27 -1 0
1757 56 25 1 0
1758 40 34 -1 0
1759 40 32 -1 0
1760 45 12 1 0
1761 29 33 0 1
1762 58 4 0 -1
1763 70 28 0 -1
1764 25 34 -1 0
1765 24 8 1 0
1766 22 32 0 1
1767 25 38 -1 0
1768 87 22 0 1
1769 24 22 1 0
1770 27 10 1 0
1771 1 11 0 -1
1772 21 33 0 -1
1773 88 35 -1 0
1774 18 10 0 -1
1775 89 14 1 0
1776 38 22 0 1
1777 24 2 0 -1
1778 25 15 -1 0
1779 19 8 0 -1
1780 31 11 0 -1
1781 54 14 -1 0
1782 34 21 0 -1
1783 48 12 -1 0
1784 93 11 1 0
1785 31 5 0 1
1786 45 26 1 0
1787 41 9 0 1
1788 85 3 1 0
1789 17 19 -1 0
1790 88 0 0 1
1791 36 17 -1 0
1792 4 35 0 1
1793 92 29 0 -1
1794 86 18 1 0
1795 44 5 0 -1
1796 15 38 0 1
1797 46 0 0 -1
1798 0 39 1 0
1799 55 23 0 1
1800 43 25 -1 0
1801 90 39 1 0
1802 99 27 0 -1
1803 22 15 0 1
1804 83 30 0 1
1805 61 0 0 1
1806 23 21 1 0
1807 8 26 1 0
1808 50 11 -1 0
1809 20 36 0 1
1810 26 38 0 1
1811 24 12 0 1
1812 2 2 -1 0
1813 7 20 0 1
1814 42 6 -1 0
1815 39 25 1 0
1816 13 37 0 1
1817 47 19 -1 0
1818 12 15 -1 0
1819 15 17 1 0
1820 59 8 0 1
1821 15 35 0 -1
1822 38 38 0 -1
1823 92 26 -1 0
1824 99 11 1 0
1825 82 19 0 -1
1826 49 2 -1 0
1827 43 37 -1 0
1828 40 1 1 0
1829 33 30 -1 0
1830 18 3 -1 0
1831 98 34 -1 0
1832 55 32 -1 0
1833 48 29 0 1
1834 89 36 0 -1
1835 75 11 1 0
1836 9 15 0 1
1837 38 13 0 1
1838 38 24 0 1
1839 43 8 0 1
1840 39 6 0 -1
1841 22 18 1 0
1842 96 13 0 -1
1843 42 4 0 -1
1844 30 29 0 1
1845 86 33 0 1
1846 43 33 0 1
1847 93 16 1 0
1848 40 28 1 0
1849 95 26 -1 0
1850 49 25 1 0
1851 29 16 0 1
1852 39 15 0 1
1853 42 20 0 1
1854 5 32 0 1
1855 77 34 0 -1
1856 38 31 -1 0
1857 29 29 1 0
1858 16 11 0 -1
1859 26 34 0 1
1860 18 5 -1 0
1861 16 28 -1 0
1862 97 4 1 0
1863 58 6 0 -1
1864 22 3 0 -1
1865 33 12 -1 0
1866 15 24 1 0
1867 14 25 0 1
1868 88 9 0 1
1869 47 9 0 -1
1870 36 32 -1 0
1871 33 7 1 0
1872 27 7 1 0
1873 97 2 -1 0
1874 26 21 1 0
1875 81 24 0 -1
1876 33 34 1 0
1877 36 10 0 -1
1878 40 25 0 1
1879 97 34 0 -1
1880 28 26 0 -1
1881 40 26 0 1
1882 91 17 0 -1
1883 17 30 0 1
1884 23 16 1 0
1885 72 24 0 -1
1886 38 14 0 -1
1887 71 16 0 1
1888 45 0 -1 0
1889 45 20 0 -1
1890 7 18 0 -1
1891 51 6 -1 0
1892 11 28 -1 0
1893 40 27 1 0
1894 51 36 -1 0
1895 95 22 0 -1
1896 37 5 -1 0
1897 41 16 1 0
1898 47 1 -1 0
1899 97 37 0 -1
1900 77 13 0 -1
1901 83 34 -1 0
1902 11 2 1 0
1903 2 32 -1 0
1904 85 15 -1 0
1905 24 37 0 1
1906 82 9 1 0
1907 65 18 -1 0
1908 38 27 -1 0
1909 12 14 1 0
1910 24 8 0 1
1911 9 14 0 -1
1912 23 28 -1 0
1913 38 16 -1 0
1914 41 30 0 1
1915 20 32 0 -1
1916 73 13 0 -1
1917 45 22 0 -1
1918 68 8 -1 0
1919 54 37 -1 0
1920 88 9 0 -1
1921 7 25 -1 0
1922 38 22 -1 0
1923 86 14 0 -1
1924 72 26 0 -1
1925 38 17 0 1
1926 95 7 1 0
1927 98 12 0 1
1928 89 19 -1 0
1929 55 26 0 1
1930 29 31 -1 0
1931 45 11 0 1
1932 28 3 -1 0
1933 95 16 0 -1
1934 7 12 0 -1
1935 25 18 0 1
1936 27 36 0 -1
1937 48 38 0 1
1938 33 33 0 1
1939 26 19 1 0
1940 30 24 0 -1
1941 42 6 0 -1
1942 29 12 -1 0
1943 77 30 0 -1
1944 6 7 -1 0
1945 19 0 -1 0
1946 94 17 0 1
1947 82 24 1 0
1948 18 27 1 0
1949 39 25 0 1
1950 87 12 1 0
1951 42 27 0 -1
1952 14 5 1 0
1953 0 1 0 1
1954 17 0 0 1
1955 80 0 -1 0
1956 12 20 1 0
1957 28 38 -1 0
1958 89 32 0 -1
1959 23 15 0 1
1960 25 36 0 1
1961 73 39 0 1
1962 2 12 0 1
1963 23 22 -1 0
1964 48 14 1 0
1965 3 13 0 1
1966 42 23 -1 0
1967 86 11 0 -1
1968 2 36 0 -1
1969 18 35 0 -1
1970 0 18 1 0
1971 43 0 0 -1
1972 49 23 -1 0
1973 64 17 1 0
1974 75 20 0 -1
1975 93 13 0 1
1976 4 10 1 0
1977 25 24 0 -1
1978 27 7 1 0
1979 98 14 0 -1
1980 39 16 0 -1
1981 77 35 -1 0
1982 4 2 -1 0
1983 30 29 0 1
1984 18 19 0 1
1985 13 20 0 -1
1986 7 3 -1 0
1987 91 21 1 0
1988 21 6 0 -1
1989 49 20 0 1
1990 27 35 1 0
1991 87 21 1 0
1992 47 17 -1 0
1993 58 15 0 -1
1994 11 3 0 -1
1995 27 8 -1 0
1996 38 30 0 1
1997 9 3 0 -1
1998 80 4 0 1
1999 91 16 1 0
