0 44 31 0 1
1 94 34 0 -1
2 84 6 0 1
3 39 35 0 1
4 94 0 -1 0
5 2 29 0 -1
6 31 6 0 1
7 36 32 0 1
8 51 22 -1 0
9 97 36 -1 0
10 40 20 1 0
11 26 27 0 1
12 13 19 0 -1
13 40 11 -1 0
14 27 37 -1 0
15 41 34 1 0
16 11 12 -1 0
17 55 1 1 0
18 10 6 0 1
19 9 34 0 1
20 45 30 -1 0
21 40 1 0 1
22 43 20 1 0
23 51 3 0 1
24 90 38 0 1
25 36 32 0 1
26 81 24 0 1
27 29 16 1 0
28 29 25 0 -1
29 56 32 0 -1
30 87 33 -1 0
31 9 31 0 1
32 41 1 -1 0
33 36 12 0 -1
34 25 30 1 0
35 63 15 1 0
36 95 15 0 -1
37 5 23 1 0
38 39 2 0 -1
39 3 5 -1 0
40 31 28 0 -1
41 38 35 0 -1
42 35 4 0 1
43 37 38 -1 0
44 52 5 1 0
45 22 16 0 1
46 43 33 0 -1
47 68 32 0 1
48 39 9 -1 0
49 41 12 1 0
50 69 7 0 -1
51 48 11 1 0
52 19 33 0 -1
53 43 23 0 1
54 21 5 -1 0
55 41 15 -1 0
56 43 27 0 -1
57 49 32 0 -1
58 55 20 -1 0
59 60 24 0 1
60 28 31 0 -1
61 41 28 1 0
62 24 39 0 -1
63 30 30 0 -1
64 28 39 1 0
65 31 32 -1 0
66 69 1 0 -1
67 45 2 0 -1
68 84 39 -1 0
69 49 29 -1 0
70 91 33 0 1
71 28 37 0 -1
72 65 17 -1 0
73 55 8 -1 0
74 98 12 1 0
75 8 35 1 0
76 31 35 0 1
77 41 0 0 -1
78 91 19 -1 0
79 22 27 0 -1
80 46 21 -1 0
81 75 23 -1 0
82 51 39 0 -1
83 17 25 0 1
84 22 24 0 1
85 29 25 -1 0
86 87 37 0 -1
87 38 17 1 0
88 26 35 -1 0
89 72 8 1 0
90 37 1 0 1
91 49 6 1 0
92 26 10 0 -1
93 2 27 0 1
94 4 3 1 0
95 24 32 -1 0
96 95 29 1 0
97 97 20 1 0
98 79 31 1 0
99 2 37 1 0
100 44 7 0 -1
101 65 16 -1 0
102 45 21 0 1
103 22 23 -1 0
104 2 26 0 -1
105 48 15 0 -1
106 30 1 -1 0
107 37 20 0 1
108 19 1 -1 0
109 49 12 0 1
110 38 29 0 -1
111 45 6 0 -1
112 75 17 1 0
113 36 39 0 1
114 42 8 -1 0
115 26 30 0 1
116 38 39 -1 0
117 40 7 -1 0
118 74 18 1 0
119 67 26 -1 0
120 33 17 1 0
121 37 21 0 -1
122 51 4 0 1
123 25 4 0 1
124 52 5 0 1
125 97 1 0 -1
126 86 6 -1 0
127 87 9 -1 0
128 31 25 -1 0
129 18 21 1 0
130 27 13 -1 0
131 40 30 0 -1
132 68 20 1 0
133 46 28 0 -1
134 28 26 1 0
135 15 21 1 0
136 27 8 1 0
137 53 11 0 1
138 67 24 1 0
139 5 25 1 0
140 77 35 0 -1
141 45 29 -1 0
142 55 21 -1 0
143 73 38 1 0
144 71 4 0 1
145 46 10 1 0
146 61 35 1 0
147 2 15 1 0
148 41 20 0 -1
149 79 19 0 1
150 22 3 1 0
151 18 4 1 0
152 16 19 0 1
153 37 33 0 1
154 20 15 0 1
155 29 20 0 1
156 92 20 0 1
157 21 1 0 -1
158 19 18 0 1
159 18 11 0 1
160 74 38 -1 0
161 15 32 0 1
162 29 1 0 1
163 46 37 -1 0
164 28 14 -1 0
165 41 24 0 1
166 92 6 0 -1
167 85 19 -1 0
168 95 38 1 0
169 91 9 -1 0
170 29 5 -1 0
171 19 3 0 1
172 21 17 0 -1
173 51 17 0 -1
174 47 39 -1 0
175 12 4 1 0
176 27 9 -1 0
177 24 27 1 0
178 23 6 0 -1
179 19 12 0 -1
180 37 25 0 1
181 30 32 -1 0
182 39 28 1 0
183 22 8 1 0
184 53 39 -1 0
185 21 6 1 0
186 28 20 0 -1
187 29 9 0 -1
188 25 15 0 -1
189 65 10 -1 0
190 29 24 0 -1
191 42 32 0 -1
192 47 7 -1 0
193 91 7 1 0
194 49 31 0 1
195 64 29 -1 0
196 23 2 -1 0
197 57 2 -1 0
198 4 20 0 -1
199 89 9 -1 0
200 69 7 1 0
201 98 29 0 1
202 43 20 0 -1
203 30 16 -1 0
204 82 4 0 -1
205 7 14 0 1
206 36 8 -1 0
207 40 10 0 1
208 39 37 0 1
209 40 27 -1 0
210 99 28 0 1
211 96 38 0 1
212 39 17 -1 0
213 86 9 -1 0
214 0 36 0 1
215 98 39 1 0
216 76 21 0 1
217 6 5 0 -1
218 80 30 0 1
219 42 4 -1 0
220 52 23 1 0
221 71 6 -1 0
222 20 38 1 0
223 37 30 -1 0
224 47 19 0 -1
225 23 32 0 1
226 3 19 0 1
227 20 15 0 -1
228 93 10 0 -1
229 53 22 0 1
230 45 18 0 -1
231 21 0 0 1
232 85 6 1 0
233 29 3 0 -1
234 27 39 1 0
235 99 30 0 1
236 28 11 0 1
237 31 32 0 1
238 66 29 1 0
239 95 21 0 1
240 44 27 0 1
241 3 23 1 0
242 98 34 0 1
243 44 7 0 -1
244 54 23 0 -1
245 25 17 1 0
246 35 21 0 -1
247 73 34 0 1
248 18 34 0 1
249 2 34 0 1
250 34 2 0 1
251 84 30 0 1
252 47 25 0 -1
253 21 18 0 -1
254 13 9 -1 0
255 36 19 -1 0
256 10 34 0 1
257 42 5 0 1
258 41 1 -1 0
259 96 14 -1 0
260 90 25 0 1
261 12 1 -1 0
262 75 29 0 1
263 27 30 1 0
264 48 8 0 -1
265 42 31 0 -1
266 42 19 0 1
267 45 13 1 0
268 80 24 0 -1
269 81 28 1 0
270 8 20 1 0
271 43 11 0 1
272 8 39 0 1
273 36 37 0 1
274 19 22 1 0
275 41 11 0 1
276 39 37 -1 0
277 41 4 0 -1
278 51 33 -1 0
279 23 37 1 0
280 12 25 -1 0
281 95 15 1 0
282 80 9 -1 0
283 58 31 0 1
284 1 14 0 1
285 42 33 0 -1
286 52 33 0 1
287 21 34 0 -1
288 27 23 0 -1
289 93 5 0 -1
290 30 16 0 -1
291 43 13 -1 0
292 31 37 0 -1
293 38 37 0 1
294 32 37 1 0
295 46 16 0 -1
296 45 9 -1 0
297 8 11 -1 0
298 13 11 1 0
299 84 11 -1 0
300 52 37 0 -1
301 22 0 0 1
302 23 24 0 1
303 9 10 1 0
304 16 17 -1 0
305 5 11 1 0
306 43 6 -1 0
307 73 28 1 0
308 72 39 -1 0
309 48 37 0 -1
310 16 37 1 0
311 2 22 1 0
312 54 13 0 1
313 42 9 1 0
314 41 9 1 0
315 45 24 0 1
316 99 36 -1 0
317 16 30 0 1
318 46 26 0 1
319 99 28 1 0
320 65 12 1 0
321 65 34 -1 0
322 23 22 1 0
323 41 19 1 0
324 90 25 0 -1
325 23 31 0 1
326 73 9 0 -1
327 86 25 0 1
328 42 15 1 0
329 43 31 1 0
330 41 3 0 -1
331 95 14 -1 0
332 46 35 0 1
333 63 2 1 0
334 43 29 1 0
335 87 26 -1 0
336 50 6 -1 0
337 41 19 1 0
338 19 5 -1 0
339 6 29 1 0
340 43 33 1 0
341 42 26 -1 0
342 96 11 -1 0
343 69 2 1 0
344 22 5 -1 0
345 81 6 0 -1
346 58 31 -1 0
347 10 33 0 -1
348 42 30 0 -1
349 26 15 0 -1
350 15 14 0 -1
351 93 10 0 1
352 0 27 0 -1
353 21 29 0 -1
354 44 24 1 0
355 25 14 -1 0
356 10 1 0 -1
357 30 30 -1 0
358 49 4 0 1
359 22 18 0 -1
360 74 28 0 1
361 29 29 1 0
362 24 1 -1 0
363 26 0 1 0
364 38 7 0 1
365 20 8 1 0
366 13 0 -1 0
367 74 19 0 1
368 24 37 1 0
369 90 13 0 1
370 19 13 0 -1
371 66 38 0 1
372 88 17 -1 0
373 83 10 -1 0
374 21 12 1 0
375 38 12 1 0
376 15 31 0 -1
377 24 33 1 0
378 61 18 -1 0
379 48 26 -1 0
380 10 3 1 0
381 81 31 1 0
382 46 4 -1 0
383 54 30 0 1
384 59 31 -1 0
385 26 9 0 1
386 63 10 -1 0
387 19 11 -1 0
388 3 8 -1 0
389 25 15 -1 0
390 9 34 1 0
391 42 24 0 1
392 26 8 0 1
393 42 27 0 1
394 88 33 -1 0
395 48 29 0 1
396 73 0 1 0
397 31 33 1 0
398 43 11 0 1
399 58 34 1 0
400 38 14 -1 0
401 77 30 0 -1
402 2 16 0 1
403 7 27 0 1
404 26 33 -1 0
405 69 29 0 -1
406 95 28 0 -1
407 91 33 0 1
408 58 25 1 0
409 26 15 0 -1
410 23 25 1 0
411 76 0 0 -1
412 29 31 0 1
413 82 11 -1 0
414 68 31 1 0
415 23 33 0 1
416 28 3 1 0
417 89 12 1 0
418 22 32 1 0
419 4 25 0 1
420 60 17 0 -1
421 28 17 0 -1
422 83 31 0 1
423 10 10 1 0
424 42 36 0 -1
425 40 4 -1 0
426 46 27 -1 0
427 57 32 -1 0
428 97 30 0 1
429 37 36 0 1
430 87 38 0 1
431 25 22 0 1
432 48 6 -1 0
433 28 30 -1 0
434 23 39 0 1
435 12 26 -1 0
436 87 17 0 1
437 73 1 0 1
438 6 2 1 0
439 16 20 -1 0
440 60 27 1 0
441 5 0 0 -1
442 5 25 0 -1
443 32 35 -1 0
444 46 6 0 -1
445 18 19 1 0
446 14 12 0 -1
447 93 11 1 0
448 40 32 0 -1
449 87 26 -1 0
450 41 15 0 -1
451 83 13 1 0
452 34 24 1 0
453 98 19 1 0
454 28 29 1 0
455 99 15 1 0
456 37 26 1 0
457 99 32 0 -1
458 98 8 1 0
459 37 36 -1 0
460 3 27 1 0
461 35 2 1 0
462 75 7 -1 0
463 29 0 0 1
464 19 34 1 0
465 17 5 1 0
466 27 36 0 1
467 24 12 0 1
468 46 0 0 1
469 40 33 0 1
470 17 12 -1 0
471 88 23 1 0
472 42 1 0 1
473 20 15 0 1
474 45 26 -1 0
475 48 12 0 -1
476 18 23 0 1
477 27 9 0 1
478 38 20 -1 0
479 93 9 0 -1
480 40 27 1 0
481 20 39 0 1
482 1 33 -1 0
483 45 27 -1 0
484 41 14 1 0
485 24 12 -1 0
486 90 28 0 -1
487 57 6 -1 0
488 39 18 -1 0
489 21 31 0 -1
490 46 35 0 -1
491 23 35 0 -1
492 29 32 1 0
493 40 18 1 0
494 62 28 1 0
495 77 32 0 -1
496 8 5 0 1
497 61 14 -1 0
498 50 18 0 -1
499 48 0 0 -1
500 15 11 -1 0
501 40 24 -1 0
502 44 4 -1 0
503 38 4 -1 0
504 37 36 0 1
505 86 26 1 0
506 83 30 0 -1
507 31 11 0 -1
508 35 15 0 1
509 60 32 0 1
510 44 3 0 1
511 28 6 -1 0
512 6 0 -1 0
513 7 4 -1 0
514 0 35 1 0
515 27 1 -1 0
516 3 35 1 0
517 12 5 1 0
518 75 25 0 -1
519 44 25 -1 0
520 99 37 1 0
521 27 10 0 -1
522 24 36 0 -1
523 11 9 0 1
524 87 16 0 1
525 28 21 0 1
526 78 29 0 1
527 54 27 0 -1
528 17 1 1 0
529 37 35 0 1
530 79 0 1 0
531 74 25 0 1
532 87 9 -1 0
533 15 10 -1 0
534 21 13 -1 0
535 70 37 0 1
536 3 0 0 -1
537 46 12 0 -1
538 42 5 1 0
539 39 19 0 -1
540 21 19 0 -1
541 31 28 -1 0
542 88 38 0 1
543 19 19 0 1
544 23 6 1 0
545 6 8 0 -1
546 28 23 0 -1
547 29 5 0 -1
548 72 14 1 0
549 25 26 1 0
550 53 25 -1 0
551 65 6 0 1
552 24 36 1 0
553 6 0 0 -1
554 40 20 0 1
555 3 9 -1 0
556 12 25 0 -1
557 36 1 -1 0
558 18 8 0 -1
559 56 10 -1 0
560 19 10 0 -1
561 22 5 1 0
562 96 38 1 0
563 26 9 1 0
564 42 29 -1 0
565 97 33 0 1
566 3 13 0 -1
567 70 17 0 1
568 45 34 0 1
569 40 16 0 1
570 30 8 0 1
571 49 27 0 -1
572 17 16 0 -1
573 89 39 0 1
574 41 24 0 1
575 84 2 0 1
576 97 34 1 0
577 86 22 1 0
578 24 3 1 0
579 21 14 -1 0
580 37 3 0 -1
581 99 35 -1 0
582 18 20 0 -1
583 42 6 -1 0
584 29 1 0 1
585 24 11 1 0
586 26 32 0 -1
587 66 22 0 -1
588 28 38 1 0
589 62 9 0 -1
590 17 3 0 1
591 38 3 0 -1
592 1 4 0 -1
593 23 36 1 0
594 29 4 0 -1
595 51 24 0 -1
596 74 38 0 -1
597 36 37 -1 0
598 22 15 1 0
599 30 16 0 1
600 97 30 1 0
601 96 7 0 -1
602 91 28 1 0
603 42 22 1 0
604 37 2 0 -1
605 21 20 0 -1
606 56 3 -1 0
607 85 33 -1 0
608 25 13 1 0
609 36 24 0 -1
610 48 17 -1 0
611 18 8 0 1
612 38 27 0 1
613 22 7 0 1
614 37 20 1 0
615 89 1 0 -1
616 85 16 0 1
617 97 6 0 -1
618 42 0 0 1
619 45 27 0 -1
620 45 0 -1 0
621 43 10 0 1
622 81 29 0 -1
623 37 31 -1 0
624 24 39 -1 0
625 30 9 0 1
626 20 1 1 0
627 29 17 0 -1
628 40 21 0 -1
629 41 38 -1 0
630 46 39 -1 0
631 41 15 0 -1
632 66 4 0 -1
633 56 21 0 1
634 25 6 -1 0
635 80 30 -1 0
636 45 33 0 -1
637 63 4 0 1
638 30 13 -1 0
639 29 7 0 1
640 80 12 0 1
641 8 34 0 -1
642 95 1 0 -1
643 19 6 0 1
644 40 28 1 0
645 37 2 0 -1
646 18 11 -1 0
647 47 14 0 -1
648 27 29 1 0
649 92 19 1 0
650 97 10 0 -1
651 7 33 1 0
652 38 24 0 -1
653 49 10 0 -1
654 50 36 -1 0
655 80 10 -1 0
656 32 35 1 0
657 41 29 1 0
658 45 11 0 1
659 31 5 -1 0
660 61 24 -1 0
661 56 28 0 1
662 95 37 1 0
663 92 8 1 0
664 42 16 -1 0
665 29 37 0 -1
666 38 34 0 1
667 56 33 0 -1
668 10 32 0 1
669 48 19 1 0
670 41 13 0 1
671 14 4 0 -1
672 31 7 1 0
673 45 30 0 1
674 37 27 0 -1
675 57 34 0 1
676 30 35 -1 0
677 90 37 0 1
678 30 4 1 0
679 4 24 1 0
680 44 32 0 1
681 37 22 0 -1
682 83 14 0 1
683 29 18 0 -1
684 48 6 1 0
685 30 31 -1 0
686 37 5 0 1
687 40 17 0 -1
688 55 26 0 -1
689 0 24 1 0
690 62 27 0 1
691 42 37 1 0
692 47 31 0 -1
693 10 5 1 0
694 31 16 1 0
695 97 31 0 1
696 27 7 0 1
697 44 4 0 -1
698 28 13 0 -1
699 50 8 -1 0
700 51 17 0 -1
701 26 30 -1 0
702 14 24 0 -1
703 20 39 0 -1
704 39 0 -1 0
705 19 33 -1 0
706 75 10 1 0
707 80 37 -1 0
708 36 25 0 -1
709 38 22 0 1
710 56 23 1 0
711 71 34 -1 0
712 71 6 1 0
713 1 10 1 0
714 18 6 -1 0
715 31 33 0 -1
716 25 34 1 0
717 37 19 0 1
718 30 25 0 -1
719 42 2 0 1
720 40 7 0 1
721 17 39 0 1
722 36 11 0 1
723 21 24 0 1
724 8 1 -1 0
725 46 0 0 1
726 30 9 -1 0
727 13 35 0 1
728 61 23 1 0
729 46 38 -1 0
730 21 34 1 0
731 19 28 0 -1
732 57 5 0 -1
733 47 6 -1 0
734 30 14 1 0
735 28 4 0 1
736 83 1 0 1
737 48 2 1 0
738 42 19 0 -1
739 92 15 -1 0
740 82 15 0 1
741 99 15 -1 0
742 7 4 0 1
743 49 16 -1 0
744 1 8 0 -1
745 98 12 0 -1
746 29 35 1 0
747 21 18 0 -1
748 25 31 0 -1
749 20 14 -1 0
750 95 19 0 1
751 70 4 0 -1
752 40 22 -1 0
753 52 7 1 0
754 30 30 0 1
755 41 10 0 1
756 41 35 -1 0
757 52 36 0 -1
758 9 8 1 0
759 64 13 -1 0
760 88 31 0 -1
761 30 4 0 1
762 28 10 0 1
763 71 31 -1 0
764 6 39 -1 0
765 14 27 0 -1
766 58 29 1 0
767 41 2 -1 0
768 10 9 1 0
769 50 31 1 0
770 92 24 0 -1
771 98 32 1 0
772 21 16 0 1
773 43 34 -1 0
774 67 15 -1 0
775 99 13 -1 0
776 43 22 -1 0
777 75 38 -1 0
778 57 7 -1 0
779 26 32 0 -1
780 15 29 0 1
781 10 36 -1 0
782 98 6 0 -1
783 44 3 -1 0
784 6 31 0 -1
785 62 29 -1 0
786 64 1 -1 0
787 53 38 1 0
788 44 26 1 0
789 71 34 0 1
790 44 30 0 -1
791 81 13 -1 0
792 55 32 0 1
793 19 27 -1 0
794 44 2 1 0
795 82 7 1 0
796 50 14 -1 0
797 39 25 0 -1
798 29 34 0 1
799 41 30 -1 0
800 56 31 -1 0
801 49 32 0 1
802 97 36 0 1
803 20 35 0 -1
804 31 34 0 -1
805 46 7 0 1
806 12 30 0 -1
807 87 5 1 0
808 25 31 0 -1
809 11 32 0 1
810 30 18 0 -1
811 94 19 1 0
812 38 10 1 0
813 82 14 -1 0
814 23 2 0 1
815 47 37 0 1
816 20 38 0 1
817 35 21 0 1
818 51 9 -1 0
819 49 0 -1 0
820 24 11 -1 0
821 17 4 0 -1
822 23 5 -1 0
823 27 35 0 1
824 34 6 0 1
825 12 28 0 -1
826 45 6 1 0
827 46 16 1 0
828 43 1 0 1
829 20 18 -1 0
830 43 5 1 0
831 24 38 0 1
832 95 7 0 -1
833 46 5 0 1
834 40 1 1 0
835 39 38 0 1
836 86 5 1 0
837 59 6 -1 0
838 95 4 0 -1
839 52 31 0 1
840 49 17 1 0
841 16 17 1 0
842 44 30 1 0
843 3 12 1 0
844 29 11 0 -1
845 53 29 1 0
846 98 10 -1 0
847 39 10 1 0
848 92 35 0 -1
849 59 18 0 1
850 84 33 0 -1
851 60 22 1 0
852 18 19 -1 0
853 6 5 -1 0
854 38 18 -1 0
855 85 23 0 -1
856 51 12 0 -1
857 78 20 1 0
858 9 31 1 0
859 48 0 -1 0
860 45 27 0 -1
861 46 2 -1 0
862 30 24 0 1
863 36 22 0 1
864 41 5 1 0
865 26 36 0 -1
866 36 15 -1 0
867 29 11 1 0
868 42 11 1 0
869 37 0 0 -1
870 84 13 1 0
871 41 14 -1 0
872 53 25 0 1
873 97 29 0 -1
874 40 32 1 0
875 28 16 1 0
876 42 29 -1 0
877 25 31 0 1
878 24 34 0 -1
879 95 0 0 1
880 87 7 1 0
881 67 31 0 -1
882 89 15 0 -1
883 50 13 0 -1
884 24 18 -1 0
885 38 10 0 -1
886 9 22 0 1
887 84 38 0 1
888 27 34 0 1
889 36 22 0 1
890 22 18 0 -1
891 22 0 -1 0
892 44 2 1 0
893 8 30 1 0
894 46 11 -1 0
895 47 2 0 -1
896 26 14 -1 0
897 6 24 0 -1
898 43 0 0 1
899 37 37 0 1
900 47 7 0 1
901 9 39 0 1
902 35 24 -1 0
903 19 11 -1 0
904 79 24 -1 0
905 29 31 0 -1
906 85 6 0 -1
907 27 4 0 -1
908 92 11 -1 0
909 47 38 -1 0
910 23 13 0 1
911 28 27 1 0
912 43 34 0 1
913 88 27 0 1
914 37 37 0 1
915 9 14 0 -1
916 36 36 -1 0
917 41 31 -1 0
918 19 34 0 -1
919 16 10 0 -1
920 23 30 0 -1
921 46 13 0 1
922 84 20 1 0
923 17 4 1 0
924 26 34 1 0
925 7 36 -1 0
926 90 5 1 0
927 8 20 -1 0
928 16 9 0 1
929 42 7 0 -1
930 30 15 1 0
931 43 18 -1 0
932 25 7 1 0
933 48 10 1 0
934 20 27 -1 0
935 39 30 -1 0
936 6 19 -1 0
937 22 13 1 0
938 79 7 -1 0
939 31 39 0 -1
940 40 22 0 -1
941 36 32 0 1
942 21 26 1 0
943 48 30 0 -1
944 91 3 0 1
945 8 29 1 0
946 86 7 0 1
947 46 13 1 0
948 86 7 1 0
949 25 33 1 0
950 14 0 -1 0
951 30 2 0 1
952 45 34 0 -1
953 15 11 -1 0
954 13 29 0 1
955 28 9 -1 0
956 88 7 1 0
957 57 9 -1 0
958 31 3 -1 0
959 65 21 1 0
960 44 16 0 -1
961 27 33 0 1
962 84 31 -1 0
963 54 37 1 0
964 72 1 1 0
965 0 7 -1 0
966 31 19 0 1
967 85 7 1 0
968 52 10 -1 0
969 85 11 0 -1
970 27 13 0 1
971 27 36 -1 0
972 20 0 1 0
973 28 0 0 -1
974 23 4 -1 0
975 91 17 -1 0
976 7 0 1 0
977 24 25 0 1
978 42 3 0 1
979 12 6 1 0
980 46 14 0 -1
981 26 35 1 0
982 30 22 1 0
983 87 5 0 -1
984 27 37 0 -1
985 19 21 0 -1
986 54 34 -1 0
987 95 37 0 1
988 40 25 0 -1
989 36 8 -1 0
990 22 34 -1 0
991 91 1 0 1
992 13 21 0 1
993 10 31 0 -1
994 38 19 1 0
995 25 26 0 -1
996 21 32 0 1
997 39 12 -1 0
998 73 39 1 0
999 89 35 -1 0
1000 31 35 0 -1
1001 73 22 0 -1
1002 25 15 1 0
1003 98 13 0 -1
1004 30 31 -1 0
1005 38 35 0 -1
1006 19 20 -1 0
1007 29 29 0 1
1008 54 7 -1 0
1009 97 17 -1 0
1010 59 39 0 1
1011 26 31 0 1
1012 90 5 1 0
1013 3 7 -1 0
1014 75 29 1 0
1015 40 19 0 -1
1016 63 6 -1 0
1017 91 14 0 -1
1018 63 33 1 0
1019 61 5 -1 0
1020 44 36 -1 0
1021 86 21 1 0
1022 45 1 0 1
1023 36 2 0 -1
1024 65 11 -1 0
1025 81 12 -1 0
1026 31 26 0 -1
1027 18 25 1 0
1028 8 27 0 -1
1029 60 30 0 1
1030 9 17 -1 0
1031 44 28 0 1
1032 42 2 1 0
1033 32 23 0 1
1034 43 4 0 -1
1035 36 7 0 1
1036 30 2 -1 0
1037 39 17 0 1
1038 93 22 -1 0
1039 9 19 0 -1
1040 38 3 -1 0
1041 81 35 1 0
1042 37 27 -1 0
1043 22 17 0 -1
1044 92 21 1 0
1045 55 0 0 -1
1046 23 25 0 1
1047 26 7 1 0
1048 35 24 1 0
1049 40 19 0 1
1050 38 28 0 -1
1051 26 11 0 1
1052 39 37 1 0
1053 11 32 0 -1
1054 26 24 0 1
1055 69 21 1 0
1056 38 15 0 -1
1057 26 3 0 1
1058 39 32 0 -1
1059 62 26 1 0
1060 99 21 0 -1
1061 29 37 1 0
1062 59 25 0 -1
1063 6 35 0 -1
1064 51 7 0 1
1065 1 34 1 0
1066 8 25 0 1
1067 21 15 0 1
1068 28 33 0 1
1069 41 18 0 1
1070 43 28 -1 0
1071 22 26 0 -1
1072 3 17 1 0
1073 93 0 -1 0
1074 14 30 0 1
1075 45 31 0 1
1076 41 6 0 -1
1077 35 21 1 0
1078 99 8 1 0
1079 29 14 -1 0
1080 28 36 -1 0
1081 20 14 1 0
1082 69 28 1 0
1083 86 19 0 1
1084 40 17 0 1
1085 31 25 -1 0
1086 26 35 0 -1
1087 97 7 0 1
1088 66 3 0 1
1089 39 20 -1 0
1090 57 6 0 -1
1091 67 7 0 1
1092 71 1 0 -1
1093 23 24 0 1
1094 9 3 1 0
1095 42 7 -1 0
1096 92 0 0 -1
1097 41 26 1 0
1098 40 25 -1 0
1099 89 17 0 -1
1100 48 25 0 -1
1101 37 14 -1 0
1102 25 0 -1 0
1103 38 27 0 1
1104 37 12 0 1
1105 85 37 0 -1
1106 93 15 1 0
1107 91 3 1 0
1108 54 20 -1 0
1109 3 13 0 1
1110 0 36 1 0
1111 55 31 0 -1
1112 95 4 1 0
1113 51 34 0 1
1114 1 30 0 -1
1115 54 20 0 1
1116 84 30 0 -1
1117 99 7 0 1
1118 56 24 0 -1
1119 24 29 -1 0
1120 1 28 0 -1
1121 39 7 -1 0
1122 83 16 0 1
1123 68 2 0 -1
1124 24 20 1 0
1125 89 10 0 1
1126 24 2 -1 0
1127 5 27 -1 0
1128 85 4 0 1
1129 11 26 -1 0
1130 50 12 0 -1
1131 49 24 -1 0
1132 39 14 0 1
1133 31 37 1 0
1134 85 34 0 -1
1135 54 7 -1 0
1136 83 37 0 -1
1137 23 0 -1 0
1138 60 26 0 -1
1139 23 14 0 -1
1140 28 2 0 1
1141 34 8 -1 0
1142 1 32 1 0
1143 36 38 0 -1
1144 23 17 1 0
1145 70 37 0 1
1146 49 20 0 -1
1147 25 13 0 -1
1148 28 19 -1 0
1149 72 24 -1 0
1150 53 2 1 0
1151 22 1 0 1
1152 25 27 0 1
1153 25 21 0 -1
1154 44 29 -1 0
1155 55 1 1 0
1156 87 35 0 -1
1157 20 10 0 -1
1158 19 15 0 1
1159 39 15 0 -1
1160 93 24 0 1
1161 58 20 0 1
1162 26 34 0 1
1163 16 33 0 -1
1164 86 13 0 -1
1165 37 4 -1 0
1166 26 14 1 0
1167 21 4 0 1
1168 21 9 -1 0
1169 47 1 1 0
1170 43 6 -1 0
1171 49 37 0 -1
1172 4 3 1 0
1173 49 7 1 0
1174 29 11 0 1
1175 45 21 1 0
1176 42 0 -1 0
1177 38 20 -1 0
1178 16 10 0 1
1179 67 37 0 -1
1180 2 3 1 0
1181 40 13 -1 0
1182 38 11 0 1
1183 23 25 0 -1
1184 43 15 -1 0
1185 99 17 1 0
1186 40 38 0 -1
1187 17 20 0 -1
1188 93 31 0 -1
1189 34 5 1 0
1190 87 23 -1 0
1191 68 10 0 1
1192 64 2 1 0
1193 73 19 0 -1
1194 18 36 0 1
1195 19 27 0 1
1196 21 34 -1 0
1197 65 17 0 1
1198 38 17 0 1
1199 83 23 1 0
1200 42 25 0 -1
1201 29 24 1 0
1202 46 27 0 -1
1203 70 34 1 0
1204 46 22 1 0
1205 47 12 -1 0
1206 20 17 -1 0
1207 25 11 -1 0
1208 54 30 0 -1
1209 35 13 1 0
1210 24 16 0 1
1211 85 7 0 1
1212 0 6 0 -1
1213 23 30 0 -1
1214 89 19 1 0
1215 55 35 1 0
1216 16 25 0 1
1217 86 5 -1 0
1218 3 14 1 0
1219 77 1 -1 0
1220 63 4 0 -1
1221 43 21 1 0
1222 23 5 0 1
1223 23 27 0 -1
1224 22 0 -1 0
1225 21 2 0 -1
1226 43 36 0 -1
1227 76 35 -1 0
1228 41 11 -1 0
1229 90 8 0 1
1230 90 4 0 1
1231 0 20 0 1
1232 1 26 0 1
1233 76 26 0 -1
1234 16 22 -1 0
1235 94 15 0 -1
1236 48 30 1 0
1237 9 17 0 -1
1238 40 12 0 -1
1239 39 22 1 0
1240 32 36 0 -1
1241 37 39 0 -1
1242 77 3 0 -1
1243 42 2 -1 0
1244 75 20 -1 0
1245 29 10 0 1
1246 44 36 0 -1
1247 96 12 1 0
1248 37 27 0 -1
1249 27 36 -1 0
1250 24 37 0 1
1251 96 18 -1 0
1252 10 23 1 0
1253 42 37 -1 0
1254 70 34 1 0
1255 87 2 0 1
1256 54 24 1 0
1257 92 10 0 1
1258 47 3 0 1
1259 39 39 1 0
1260 56 32 -1 0
1261 40 6 -1 0
1262 25 21 -1 0
1263 22 24 -1 0
1264 66 29 -1 0
1265 69 34 -1 0
1266 98 2 1 0
1267 39 31 0 -1
1268 40 27 0 1
1269 47 2 0 1
1270 20 22 0 -1
1271 93 7 1 0
1272 4 28 0 1
1273 52 10 -1 0
1274 17 30 -1 0
1275 21 7 1 0
1276 60 18 1 0
1277 3 12 0 -1
1278 0 19 0 1
1279 87 8 0 1
1280 99 31 0 -1
1281 3 39 1 0
1282 71 21 0 -1
1283 43 5 -1 0
1284 25 32 0 -1
1285 24 16 0 1
1286 64 10 -1 0
1287 99 24 -1 0
1288 40 22 1 0
1289 25 32 -1 0
1290 43 14 -1 0
1291 2 2 0 -1
1292 15 23 0 -1
1293 25 21 1 0
1294 24 7 0 -1
1295 27 15 0 1
1296 18 22 0 -1
1297 13 24 -1 0
1298 42 14 0 1
1299 39 29 0 1
1300 98 10 1 0
1301 7 38 1 0
1302 95 15 -1 0
1303 85 13 0 1
1304 49 35 0 1
1305 5 14 0 -1
1306 38 2 0 -1
1307 89 36 -1 0
1308 46 36 1 0
1309 29 18 0 1
1310 13 36 1 0
1311 20 20 1 0
1312 36 1 0 1
1313 31 17 0 1
1314 42 31 -1 0
1315 58 21 -1 0
1316 67 1 -1 0
1317 28 32 1 0
1318 13 22 1 0
1319 28 26 0 -1
1320 51 39 1 0
1321 98 15 0 1
1322 15 22 0 1
1323 2 27 0 -1
1324 25 17 0 -1
1325 77 16 1 0
1326 79 26 0 1
1327 23 26 0 -1
1328 2 29 1 0
1329 10 29 0 1
1330 94 3 -1 0
1331 36 12 -1 0
1332 21 14 0 1
1333 46 29 0 -1
1334 76 23 1 0
1335 46 26 0 1
1336 44 5 -1 0
1337 87 16 -1 0
1338 81 12 0 -1
1339 43 9 -1 0
1340 42 11 0 -1
1341 32 5 0 -1
1342 28 9 -1 0
1343 50 15 -1 0
1344 16 31 0 -1
1345 33 36 -1 0
1346 47 11 1 0
1347 43 15 0 -1
1348 77 11 0 -1
1349 50 28 -1 0
1350 4 8 1 0
1351 52 28 0 1
1352 96 6 1 0
1353 45 19 1 0
1354 25 36 1 0
1355 20 7 0 1
1356 45 29 0 -1
1357 16 20 -1 0
1358 32 4 0 -1
1359 67 33 0 1
1360 13 20 1 0
1361 18 25 0 -1
1362 28 36 1 0
1363 84 18 0 1
1364 4 39 0 -1
1365 16 7 1 0
1366 38 23 1 0
1367 94 9 1 0
1368 2 38 0 -1
1369 88 11 1 0
1370 18 31 0 1
1371 22 28 0 -1
1372 76 4 1 0
1373 85 15 -1 0
1374 88 3 0 -1
1375 67 13 0 1
1376 82 13 -1 0
1377 18 18 1 0
1378 5 16 0 -1
1379 51 13 0 1
1380 96 22 0 1
1381 42 16 0 -1
1382 84 2 1 0
1383 93 8 1 0
1384 3 38 0 -1
1385 28 6 0 -1
1386 45 3 -1 0
1387 21 30 1 0
1388 21 17 0 1
1389 93 1 0 -1
1390 28 5 0 -1
1391 41 22 0 1
1392 91 18 0 -1
1393 37 33 0 -1
1394 30 1 0 -1
1395 71 7 1 0
1396 43 31 -1 0
1397 44 37 0 -1
1398 23 3 0 1
1399 36 3 -1 0
1400 79 2 1 0
1401 79 35 0 1
1402 26 16 0 -1
1403 34 13 -1 0
1404 62 1 0 1
1405 40 32 0 1
1406 48 28 1 0
1407 71 2 1 0
1408 24 30 0 1
1409 76 19 1 0
1410 26 5 0 -1
1411 8 23 0 -1
1412 17 37 0 -1
1413 69 14 0 1
1414 40 4 0 -1
1415 42 20 0 -1
1416 19 14 0 -1
1417 3 13 0 -1
1418 19 17 0 -1
1419 91 4 1 0
1420 38 37 1 0
1421 94 0 0 1
1422 97 10 0 -1
1423 73 12 1 0
1424 95 36 -1 0
1425 45 21 0 -1
1426 35 33 0 -1
1427 3 17 0 -1
1428 1 10 0 1
1429 41 16 0 -1
1430 87 38 1 0
1431 94 35 0 1
1432 71 24 0 1
1433 45 22 1 0
1434 41 0 1 0
1435 96 17 1 0
1436 3 33 0 -1
1437 0 39 0 1
1438 82 23 -1 0
1439 89 22 0 1
1440 46 8 -1 0
1441 97 9 0 1
1442 56 33 0 -1
1443 31 35 1 0
1444 9 39 1 0
1445 65 19 0 -1
1446 46 11 0 1
1447 32 35 0 -1
1448 26 38 1 0
1449 65 24 1 0
1450 11 28 -1 0
1451 92 13 0 -1
1452 28 24 0 -1
1453 79 1 1 0
1454 58 19 0 1
1455 71 18 1 0
1456 43 4 -1 0
1457 99 34 1 0
1458 81 23 0 1
1459 57 19 -1 0
1460 37 33 -1 0
1461 43 12 1 0
1462 55 36 -1 0
1463 45 37 0 -1
1464 46 17 0 -1
1465 62 37 -1 0
1466 57 34 -1 0
1467 37 0 1 0
1468 17 10 1 0
1469 4 39 1 0
1470 38 28 1 0
1471 77 6 0 1
1472 23 33 0 1
1473 27 10 0 -1
1474 2 14 0 -1
1475 47 31 -1 0
1476 75 23 0 -1
1477 21 31 -1 0
1478 36 1 0 1
1479 44 0 0 1
1480 22 19 -1 0
1481 44 28 1 0
1482 18 39 0 -1
1483 27 18 0 1
1484 37 21 1 0
1485 23 14 0 -1
1486 54 24 -1 0
1487 41 6 -1 0
1488 25 35 1 0
1489 37 0 0 -1
1490 31 19 0 -1
1491 11 31 0 -1
1492 23 26 1 0
1493 42 1 1 0
1494 23 7 0 -1
1495 77 31 -1 0
1496 62 8 1 0
1497 43 9 0 1
1498 75 1 0 1
1499 37 23 0 -1
1500 16 2 0 1
1501 15 37 1 0
1502 43 12 1 0
1503 43 18 0 1
1504 55 0 0 1
1505 39 1 -1 0
1506 28 38 1 0
1507 36 24 0 -1
1508 36 31 -1 0
1509 45 12 0 1
1510 36 7 -1 0
1511 40 24 1 0
1512 30 17 0 -1
1513 43 3 0 -1
1514 27 6 -1 0
1515 39 7 -1 0
1516 6 30 0 -1
1517 39 20 -1 0
1518 43 32 -1 0
1519 30 28 0 -1
1520 18 9 0 1
1521 52 34 0 -1
1522 98 1 0 -1
1523 47 6 -1 0
1524 30 8 1 0
1525 46 25 -1 0
1526 84 21 0 1
1527 43 14 -1 0
1528 5 26 1 0
1529 12 2 -1 0
1530 98 5 0 -1
1531 73 4 0 1
1532 23 22 0 -1
1533 96 14 1 0
1534 22 10 1 0
1535 36 31 0 1
1536 57 5 0 -1
1537 24 14 0 1
1538 47 9 -1 0
1539 80 2 -1 0
1540 89 10 0 -1
1541 93 3 1 0
1542 78 31 0 -1
1543 27 16 1 0
1544 29 34 1 0
1545 10 2 -1 0
1546 41 25 -1 0
1547 27 5 1 0
1548 4 31 0 -1
1549 40 14 0 -1
1550 49 37 0 1
1551 95 14 1 0
1552 39 13 0 -1
1553 19 38 1 0
1554 68 7 -1 0
1555 41 23 0 1
1556 41 30 0 -1
1557 87 18 -1 0
1558 27 3 0 -1
1559 46 3 1 0
1560 94 19 0 1
1561 29 36 0 1
1562 27 8 1 0
1563 16 23 -1 0
1564 10 34 -1 0
1565 71 19 1 0
1566 12 30 1 0
1567 69 22 1 0
1568 2 1 0 1
1569 52 26 1 0
1570 73 29 0 1
1571 45 13 0 -1
1572 96 20 0 -1
1573 1 20 0 -1
1574 11 23 0 1
1575 8 23 -1 0
1576 30 19 1 0
1577 46 34 0 1
1578 39 30 -1 0
1579 99 4 0 1
1580 92 36 -1 0
1581 46 31 0 1
1582 34 26 1 0
1583 36 22 0 1
1584 14 32 0 1
1585 13 35 1 0
1586 28 29 0 -1
1587 20 21 0 -1
1588 93 3 -1 0
1589 23 21 1 0
1590 94 7 0 -1
1591 28 2 0 1
1592 54 28 0 -1
1593 22 26 1 0
1594 45 29 0 -1
1595 38 23 -1 0
1596 4 20 0 1
1597 86 2 0 1
1598 86 13 -1 0
1599 89 15 0 1
1600 27 32 0 1
1601 24 15 1 0
1602 77 4 1 0
1603 98 38 -1 0
1604 26 39 1 0
1605 47 30 0 1
1606 45 38 0 -1
1607 16 33 1 0
1608 12 10 -1 0
1609 93 1 0 -1
1610 88 37 -1 0
1611 69 34 0 1
1612 58 36 0 -1
1613 1 30 -1 0
1614 63 38 -1 0
1615 90 7 0 1
1616 0 1 0 -1
1617 22 37 0 1
1618 67 36 1 0
1619 87 38 0 -1
1620 66 2 0 1
1621 44 34 -1 0
1622 23 26 1 0
1623 27 10 -1 0
1624 98 8 -1 0
1625 92 10 1 0
1626 18 16 1 0
1627 29 18 -1 0
1628 71 13 -1 0
1629 64 25 0 -1
1630 25 35 0 -1
1631 92 11 0 1
1632 52 2 0 -1
1633 32 32 1 0
1634 45 0 -1 0
1635 47 16 0 1
1636 83 32 -1 0
1637 91 11 -1 0
1638 30 21 0 1
1639 44 27 0 1
1640 1 21 1 0
1641 37 26 1 0
1642 27 30 -1 0
1643 40 28 -1 0
1644 84 33 0 -1
1645 99 13 -1 0
1646 94 6 0 -1
1647 91 20 -1 0
1648 59 13 1 0
1649 37 25 0 1
1650 24 9 0 1
1651 97 1 0 -1
1652 56 7 0 1
1653 4 31 0 1
1654 46 29 0 1
1655 18 13 1 0
1656 40 2 1 0
1657 96 1 0 1
1658 40 19 0 -1
1659 37 16 0 -1
1660 86 12 1 0
1661 38 29 0 -1
1662 24 14 1 0
1663 9 33 0 -1
1664 31 21 0 -1
1665 19 10 1 0
1666 22 6 -1 0
1667 80 33 0 -1
1668 89 7 1 0
1669 27 21 0 1
1670 36 2 0 1
1671 45 37 0 1
1672 29 9 0 1
1673 36 23 -1 0
1674 65 3 0 -1
1675 92 2 0 -1
1676 22 15 -1 0
1677 15 2 1 0
1678 10 34 1 0
1679 85 38 0 -1
1680 43 5 0 -1
1681 41 27 0 -1
1682 79 39 -1 0
1683 53 39 1 0
1684 20 20 -1 0
1685 24 36 -1 0
1686 40 13 0 1
1687 77 32 -1 0
1688 23 34 1 0
1689 50 9 0 1
1690 89 8 1 0
1691 44 31 1 0
1692 18 2 0 -1
1693 98 5 0 1
1694 38 8 1 0
1695 11 25 -1 0
1696 15 4 -1 0
1697 97 14 0 -1
1698 97 17 0 -1
1699 82 17 0 1
1700 41 6 0 -1
1701 39 21 0 -1
1702 98 25 0 -1
1703 77 11 0 -1
1704 38 34 0 -1
1705 75 3 1 0
1706 23 9 0 -1
1707 46 34 0 1
1708 90 5 1 0
1709 20 1 1 0
1710 43 34 0 1
1711 21 32 0 1
1712 64 10 1 0
1713 26 6 0 -1
1714 28 4 0 1
1715 47 8 -1 0
1716 27 11 0 -1
1717 93 1 -1 0
1718 47 23 0 -1
1719 23 1 0 1
1720 21 35 0 -1
1721 59 5 0 1
1722 22 17 0 -1
1723 8 27 1 0
1724 28 19 0 -1
1725 39 19 -1 0
1726 1 24 -1 0
1727 39 31 -1 0
1728 42 27 0 1
1729 89 6 1 0
1730 31 14 0 -1
1731 41 34 -1 0
1732 19 16 1 0
1733 72 37 1 0
1734 75 35 0 -1
1735 49 33 0 1
1736 53 11 0 -1
1737 94 35 1 0
1738 74 12 1 0
1739 92 28 -1 0
1740 23 14 -1 0
1741 30 7 0 1
1742 10 11 1 0
1743 1 14 0 -1
1744 79 38 1 0
1745 20 3 0 1
1746 40 31 -1 0
1747 54 21 0 -1
1748 22 17 0 -1
1749 61 8 1 0
1750 96 29 -1 0
1751 50 3 -1 0
1752 29 24 -1 0
1753 23 4 1 0
1754 91 12 0 -1
1755 41 26 0 -1
1756 84 21 1 0
1757 9 14 0 -1
1758 44 15 1 0
1759 87 19 -1 0
1760 93 19 0 1
1761 99 33 1 0
1762 53 7 0 1
1763 42 30 1 0
1764 42 6 1 0
1765 83 8 0 1
1766 29 2 1 0
1767 31 32 1 0
1768 51 7 0 -1
1769 93 23 0 1
1770 29 31 -1 0
1771 45 31 0 -1
1772 11 23 -1 0
1773 36 3 1 0
1774 6 35 1 0
1775 52 1 0 1
1776 79 31 0 -1
1777 42 5 1 0
1778 42 29 0 1
1779 27 35 0 1
1780 29 0 -1 0
1781 8 31 0 -1
1782 90 37 0 1
1783 62 17 1 0
1784 24 17 1 0
1785 21 8 0 -1
1786 40 5 -1 0
1787 30 11 0 -1
1788 28 34 1 0
1789 42 6 1 0
1790 43 29 0 1
1791 27 39 1 0
1792 23 20 0 1
1793 86 8 -1 0
1794 42 13 -1 0
1795 1 29 0 -1
1796 60 39 0 1
1797 43 2 0 -1
1798 50 31 0 -1
1799 40 37 -1 0
1800 45 10 1 0
1801 39 24 0 -1
1802 98 24 1 0
1803 56 33 1 0
1804 14 17 1 0
1805 29 21 0 1
1806 8 16 1 0
1807 23 20 -1 0
1808 63 15 1 0
1809 98 31 1 0
1810 90 4 0 -1
1811 16 7 0 1
1812 13 28 0 -1
1813 24 17 0 -1
1814 55 21 1 0
1815 37 26 -1 0
1816 23 0 0 1
1817 98 16 1 0
1818 50 15 0 -1
1819 38 6 -1 0
1820 60 20 -1 0
1821 42 32 -1 0
1822 57 39 0 1
1823 20 17 1 0
1824 36 0 -1 0
1825 98 3 0 1
1826 43 28 0 1
1827 93 30 0 -1
1828 88 5 0 -1
1829 30 6 0 1
1830 19 20 1 0
1831 38 29 0 -1
1832 76 20 0 1
1833 36 20 0 1
1834 41 2 0 -1
1835 41 11 0 1
1836 44 28 0 -1
1837 39 30 -1 0
1838 44 35 0 1
1839 19 38 -1 0
1840 0 4 0 -1
1841 22 11 1 0
1842 41 19 1 0
1843 35 26 -1 0
1844 22 13 0 1
1845 90 26 1 0
1846 3 0 0 -1
1847 39 31 0 -1
1848 38 36 -1 0
1849 45 17 0 1
1850 24 34 1 0
1851 30 15 0 1
1852 37 35 0 1
1853 1 14 -1 0
1854 20 31 1 0
1855 40 34 0 -1
1856 60 37 0 -1
1857 59 33 0 1
1858 43 3 -1 0
1859 40 2 0 1
1860 28 32 0 -1
1861 69 39 0 1
1862 25 36 -1 0
1863 69 1 1 0
1864 97 24 0 -1
1865 12 8 -1 0
1866 28 20 0 1
1867 52 3 1 0
1868 43 2 1 0
1869 81 4 -1 0
1870 72 39 1 0
1871 32 13 1 0
1872 0 12 0 1
1873 50 37 -1 0
1874 96 26 0 1
1875 1 8 1 0
1876 32 23 0 1
1877 25 36 0 -1
1878 84 26 0 -1
1879 37 23 -1 0
1880 73 7 0 1
1881 82 11 0 1
1882 74 6 0 -1
1883 78 24 -1 0
1884 20 19 0 1
1885 21 16 -1 0
1886 39 29 -1 0
1887 13 28 0 1
1888 19 22 0 1
1889 37 3 0 -1
1890 45 24 0 1
1891 36 23 0 1
1892 83 10 0 1
1893 37 8 0 1
1894 70 31 0 1
1895 94 32 -1 0
1896 96 12 0 -1
1897 38 26 0 1
1898 85 3 1 0
1899 0 37 0 -1
1900 29 17 -1 0
1901 44 1 0 1
1902 1 9 1 0
1903 42 24 0 1
1904 16 32 0 -1
1905 38 1 0 -1
1906 44 37 -1 0
1907 42 25 0 -1
1908 45 32 1 0
1909 27 31 0 1
1910 28 3 0 1
1911 28 16 1 0
1912 46 38 1 0
1913 44 26 1 0
1914 94 25 0 -1
1915 40 8 1 0
1916 45 3 -1 0
1917 57 24 0 1
1918 41 14 -1 0
1919 20 0 1 0
1920 55 20 0 -1
1921 99 37 1 0
1922 16 38 1 0
1923 0 39 1 0
1924 49 5 1 0
1925 97 14 0 -1
1926 55 9 1 0
1927 18 16 0 -1
1928 52 26 -1 0
1929 24 22 0 1
1930 55 39 0 1
1931 54 4 0 1
1932 41 33 0 1
1933 73 16 0 1
1934 97 13 -1 0
1935 1 38 0 -1
1936 15 38 1 0
1937 45 2 0 1
1938 32 30 0 -1
1939 62 24 -1 0
1940 25 29 0 1
1941 24 14 -1 0
1942 32 9 0 1
1943 42 16 0 1
1944 28 18 0 1
1945 0 29 1 0
1946 17 27 1 0
1947 5 25 0 -1
1948 39 36 -1 0
1949 25 16 1 0
1950 55 1 -1 0
1951 13 39 1 0
1952 47 30 0 1
1953 52 7 0 -1
1954 28 5 1 0
1955 79 31 -1 0
1956 29 17 0 1
1957 30 6 0 1
1958 91 27 0 -1
1959 26 0 0 -1
1960 19 16 0 -1
1961 53 33 1 0
1962 20 33 1 0
1963 37 18 0 1
1964 84 6 -1 0
1965 41 33 -1 0
1966 52 21 0 1
1967 18 1 0 -1
1968 37 22 0 -1
1969 22 19 0 -1
1970 61 36 -1 0
1971 36 21 -1 0
1972 38 18 0 -1
1973 70 30 0 1
1974 17 38 0 1
1975 39 0 0 1
1976 15 26 -1 0
1977 17 9 0 -1
1978 42 32 0 -1
1979 16 26 1 0
1980 22 16 0 1
1981 43 38 1 0
1982 82 1 1 0
1983 87 18 0 -1
1984 2 18 0 -1
1985 59 22 0 1
1986 54 11 -1 0
1987 28 35 1 0
1988 12 8 0 -1
1989 23 15 0 -1
1990 71 27 1 0
1991 30 3 1 0
1992 85 0 -1 0
1993 41 25 -1 0
1994 74 3 1 0
1995 22 3 0 1
1996 3 27 0 -1
1997 40 15 0 -1
1998 18 30 1 0
1999 26 16 -1 0
2000 11 39 0 -1
2001 31 8 0 -1
2002 58 38 0 -1
2003 85 21 -1 0
2004 41 2 0 1
2005 39 3 0 -1
2006 45 6 1 0
2007 99 37 -1 0
2008 13 32 -1 0
2009 43 30 -1 0
2010 43 17 1 0
2011 47 38 -1 0
2012 5 36 0 -1
2013 66 29 0 -1
2014 46 24 0 1
2015 3 38 0 1
2016 12 14 1 0
2017 43 25 1 0
2018 48 27 -1 0
2019 27 32 0 -1
2020 61 17 -1 0
2021 43 21 0 1
2022 18 11 0 1
2023 1 4 1 0
2024 48 13 1 0
2025 49 26 0 -1
2026 17 17 0 -1
2027 94 31 0 1
2028 97 26 0 -1
2029 63 7 0 1
2030 22 25 0 -1
2031 42 33 0 -1
2032 52 24 -1 0
2033 85 20 1 0
2034 53 31 0 1
2035 32 5 0 -1
2036 39 33 0 -1
2037 4 35 0 -1
2038 26 34 0 -1
2039 29 32 -1 0
2040 23 16 0 -1
2041 6 7 1 0
2042 37 28 0 1
2043 4 37 0 1
2044 53 16 -1 0
2045 18 0 0 -1
2046 62 15 -1 0
2047 38 18 -1 0
2048 46 35 -1 0
2049 44 24 0 1
2050 47 38 -1 0
2051 41 36 0 -1
2052 56 19 0 -1
2053 84 33 -1 0
2054 9 15 -1 0
2055 40 18 -1 0
2056 84 37 -1 0
2057 13 19 0 -1
2058 44 34 0 1
2059 29 3 0 -1
2060 39 2 1 0
2061 84 8 1 0
2062 41 31 0 1
2063 52 11 1 0
2064 18 38 1 0
2065 67 15 0 1
2066 35 1 0 1
2067 16 25 1 0
2068 44 23 0 1
2069 88 19 0 1
2070 99 35 0 -1
2071 49 7 0 -1
2072 46 10 1 0
2073 91 26 1 0
2074 97 36 0 1
2075 10 39 1 0
2076 25 5 0 -1
2077 38 13 1 0
2078 28 11 1 0
2079 95 29 0 -1
2080 11 38 1 0
2081 82 0 0 1
2082 24 25 0 -1
2083 29 19 -1 0
2084 75 22 0 1
2085 36 34 1 0
2086 44 33 0 1
2087 43 35 -1 0
2088 29 35 1 0
2089 42 39 -1 0
2090 43 33 1 0
2091 24 18 1 0
2092 7 23 0 -1
2093 91 8 0 -1
2094 73 36 0 1
2095 40 26 0 1
2096 98 38 1 0
2097 21 33 0 1
2098 51 0 -1 0
2099 36 5 1 0
2100 16 25 0 -1
2101 26 37 0 -1
2102 13 27 1 0
2103 40 5 0 -1
2104 22 35 0 -1
2105 39 27 0 1
2106 54 27 0 1
2107 75 16 1 0
2108 22 19 0 -1
2109 98 21 1 0
2110 68 14 0 -1
2111 1 1 0 1
2112 16 36 1 0
2113 37 23 -1 0
2114 14 12 0 -1
2115 11 19 1 0
2116 4 28 0 -1
2117 37 2 -1 0
2118 45 17 0 -1
2119 97 19 1 0
2120 37 8 1 0
2121 64 16 0 -1
2122 38 28 -1 0
2123 22 30 0 -1
2124 54 38 -1 0
2125 46 1 0 1
2126 78 3 0 -1
2127 26 1 -1 0
2128 77 18 1 0
2129 99 14 -1 0
2130 39 18 0 1
2131 1 30 1 0
2132 35 4 0 1
2133 14 23 1 0
2134 38 0 -1 0
2135 4 34 0 -1
2136 45 26 -1 0
2137 41 0 1 0
2138 17 24 1 0
2139 25 35 0 1
2140 59 13 1 0
2141 35 32 -1 0
2142 53 18 0 -1
2143 89 15 0 -1
2144 27 33 0 -1
2145 21 12 -1 0
2146 45 38 0 -1
2147 81 20 1 0
2148 41 5 -1 0
2149 42 4 0 1
2150 50 29 1 0
2151 16 34 1 0
2152 19 14 0 1
2153 21 37 -1 0
2154 12 5 0 -1
2155 42 36 0 -1
2156 73 12 1 0
2157 3 26 1 0
2158 17 24 0 -1
2159 1 7 1 0
2160 71 18 1 0
2161 20 38 0 1
2162 25 23 1 0
2163 45 37 0 1
2164 41 28 -1 0
2165 40 26 0 -1
2166 83 32 0 -1
2167 5 17 0 1
2168 45 28 1 0
2169 45 32 -1 0
2170 39 21 0 -1
2171 10 0 1 0
2172 39 38 0 1
2173 42 35 0 -1
2174 26 36 1 0
2175 38 22 1 0
2176 85 20 0 -1
2177 30 28 0 1
2178 23 35 1 0
2179 18 10 0 -1
2180 78 6 0 -1
2181 20 3 1 0
2182 4 11 1 0
2183 70 30 0 1
2184 72 9 -1 0
2185 17 14 1 0
2186 46 3 0 1
2187 94 18 1 0
2188 38 24 0 -1
2189 81 4 0 1
2190 15 27 0 1
2191 31 4 1 0
2192 14 15 0 1
2193 10 23 1 0
2194 38 7 1 0
2195 26 32 0 -1
2196 23 19 1 0
2197 40 15 0 1
2198 20 34 0 1
2199 77 11 1 0
2200 49 10 -1 0
2201 85 33 -1 0
2202 88 34 0 1
2203 59 32 1 0
2204 18 32 -1 0
2205 8 17 0 -1
2206 96 7 -1 0
2207 81 36 0 1
2208 15 1 0 -1
2209 42 1 0 -1
2210 96 39 0 -1
2211 88 13 0 1
2212 31 7 -1 0
2213 19 20 1 0
2214 43 25 0 1
2215 35 3 0 1
2216 43 24 -1 0
2217 43 9 0 -1
2218 39 22 0 1
2219 17 10 -1 0
2220 18 37 0 -1
2221 7 8 -1 0
2222 55 33 0 -1
2223 32 12 1 0
2224 55 11 0 -1
2225 14 28 -1 0
2226 23 23 0 1
2227 62 21 1 0
2228 67 11 0 -1
2229 29 30 0 1
2230 93 26 0 1
2231 44 33 0 -1
2232 55 14 0 -1
2233 49 19 0 1
2234 19 8 1 0
2235 24 33 -1 0
2236 22 16 -1 0
2237 42 23 0 1
2238 61 37 0 -1
2239 40 28 1 0
2240 6 16 0 1
2241 22 27 1 0
2242 24 37 0 -1
2243 38 27 0 1
2244 27 31 0 -1
2245 42 38 0 1
2246 53 35 0 -1
2247 38 37 0 1
2248 46 37 -1 0
2249 17 31 0 -1
2250 9 13 1 0
2251 20 35 1 0
2252 43 1 0 -1
2253 83 24 -1 0
2254 24 39 1 0
2255 7 20 -1 0
2256 43 14 0 -1
2257 22 31 -1 0
2258 79 27 0 1
2259 16 26 0 1
2260 18 19 0 -1
2261 47 1 1 0
2262 29 4 -1 0
2263 25 34 1 0
2264 24 16 0 -1
2265 79 21 0 -1
2266 21 16 1 0
2267 37 24 0 -1
2268 35 34 0 -1
2269 28 24 0 1
2270 19 18 1 0
2271 36 14 0 -1
2272 15 30 0 1
2273 84 23 -1 0
2274 93 19 0 -1
2275 38 23 -1 0
2276 52 11 -1 0
2277 92 36 1 0
2278 59 31 0 1
2279 18 24 1 0
2280 62 25 1 0
2281 40 12 1 0
2282 55 35 -1 0
2283 85 37 -1 0
2284 5 2 -1 0
2285 47 36 -1 0
2286 51 29 0 1
2287 44 2 -1 0
2288 45 4 0 -1
2289 28 29 1 0
2290 8 37 0 -1
2291 25 24 1 0
2292 27 8 1 0
2293 72 21 -1 0
2294 69 24 1 0
2295 22 2 0 1
2296 36 0 -1 0
2297 67 32 0 1
2298 23 1 1 0
2299 98 34 0 1
2300 53 30 1 0
2301 81 5 1 0
2302 68 3 0 1
2303 0 39 0 1
2304 42 3 0 1
2305 3 33 -1 0
2306 78 1 1 0
2307 58 17 -1 0
2308 28 28 1 0
2309 73 23 1 0
2310 15 14 0 1
2311 46 21 0 1
2312 37 39 1 0
2313 72 22 1 0
2314 44 16 0 1
2315 8 34 0 -1
2316 3 17 0 1
2317 99 27 0 1
2318 43 32 0 -1
2319 91 25 0 -1
2320 40 0 0 1
2321 36 33 0 1
2322 46 39 -1 0
2323 38 35 -1 0
2324 90 2 0 1
2325 92 3 -1 0
2326 47 24 0 -1
2327 45 28 0 -1
2328 38 9 1 0
2329 43 22 -1 0
2330 47 14 -1 0
2331 6 28 -1 0
2332 1 19 0 -1
2333 49 6 0 -1
2334 45 33 0 1
2335 17 39 0 1
2336 6 13 0 -1
2337 86 30 0 1
2338 79 9 0 -1
2339 42 14 1 0
2340 59 29 1 0
2341 74 38 1 0
2342 26 17 1 0
2343 63 4 -1 0
2344 3 25 0 -1
2345 44 26 -1 0
2346 38 6 1 0
2347 60 19 1 0
2348 44 25 -1 0
2349 18 5 -1 0
2350 18 22 1 0
2351 96 21 0 -1
2352 24 27 1 0
2353 2 35 -1 0
2354 74 23 -1 0
2355 21 19 0 -1
2356 7 7 -1 0
2357 4 11 -1 0
2358 90 37 0 1
2359 26 16 0 -1
2360 25 29 1 0
2361 24 38 -1 0
2362 13 19 1 0
2363 37 35 -1 0
2364 38 16 -1 0
2365 44 39 -1 0
2366 0 18 0 1
2367 38 9 -1 0
2368 56 23 0 -1
2369 45 12 0 1
2370 64 23 1 0
2371 87 39 0 -1
2372 32 8 0 1
2373 49 32 0 1
2374 22 5 0 -1
2375 43 3 0 -1
2376 76 29 0 1
2377 4 38 -1 0
2378 97 12 1 0
2379 44 29 -1 0
2380 16 23 1 0
2381 43 27 0 1
2382 87 4 1 0
2383 84 13 0 -1
2384 29 39 0 1
2385 10 19 0 1
2386 41 17 1 0
2387 5 12 0 -1
2388 43 24 -1 0
2389 53 38 0 1
2390 31 19 1 0
2391 1 1 1 0
2392 78 36 1 0
2393 40 9 1 0
2394 41 32 1 0
2395 47 19 0 1
2396 42 15 -1 0
2397 14 26 -1 0
2398 30 35 1 0
2399 73 39 0 1
2400 70 14 1 0
2401 17 15 1 0
2402 81 9 0 1
2403 5 13 -1 0
2404 74 31 0 -1
2405 19 15 1 0
2406 72 32 0 1
2407 27 15 1 0
2408 9 27 0 1
2409 23 34 0 -1
2410 80 12 1 0
2411 38 33 0 1
2412 63 12 0 -1
2413 25 33 -1 0
2414 37 38 0 1
2415 23 39 0 -1
2416 25 16 0 1
2417 39 39 1 0
2418 41 31 -1 0
2419 49 11 1 0
2420 97 4 1 0
2421 1 23 1 0
2422 66 14 1 0
2423 23 30 -1 0
2424 94 2 0 -1
2425 66 7 0 1
2426 95 13 0 1
2427 55 27 0 -1
2428 56 36 0 1
2429 45 14 1 0
2430 18 38 0 -1
2431 23 11 0 1
2432 96 36 0 -1
2433 51 39 0 -1
2434 45 9 0 -1
2435 1 16 1 0
2436 69 25 0 -1
2437 46 27 -1 0
2438 28 8 1 0
2439 49 28 -1 0
2440 7 2 1 0
2441 11 38 1 0
2442 38 21 -1 0
2443 19 16 1 0
2444 2 0 -1 0
2445 37 7 1 0
2446 71 5 0 -1
2447 34 3 1 0
2448 49 12 1 0
2449 20 23 0 -1
2450 22 26 0 1
2451 48 39 0 1
2452 30 17 1 0
2453 45 18 1 0
2454 26 13 -1 0
2455 40 14 -1 0
2456 54 14 -1 0
2457 8 2 0 -1
2458 18 15 0 -1
2459 28 34 0 -1
2460 9 20 0 1
2461 61 18 0 -1
2462 37 9 -1 0
2463 98 6 0 1
2464 21 1 0 -1
2465 42 12 -1 0
2466 36 2 1 0
2467 0 17 0 -1
2468 20 20 0 1
2469 23 17 1 0
2470 30 3 0 -1
2471 23 4 1 0
2472 26 14 -1 0
2473 75 33 0 -1
2474 74 19 0 -1
2475 43 26 1 0
2476 45 25 0 1
2477 42 19 -1 0
2478 76 0 0 1
2479 65 34 1 0
2480 77 31 0 -1
2481 30 7 0 1
2482 22 33 0 1
2483 27 20 -1 0
2484 40 38 -1 0
2485 39 11 0 -1
2486 20 5 0 -1
2487 87 34 -1 0
2488 24 13 0 1
2489 23 6 1 0
2490 23 15 0 -1
2491 25 16 0 -1
2492 68 19 0 -1
2493 21 9 0 -1
2494 41 5 1 0
2495 8 14 -1 0
2496 5 24 0 1
2497 39 1 0 -1
2498 99 36 0 -1
2499 94 27 -1 0
2500 44 4 -1 0
2501 9 29 -1 0
2502 58 37 0 1
2503 29 34 1 0
2504 27 34 0 -1
2505 96 20 1 0
2506 81 13 -1 0
2507 30 32 -1 0
2508 6 27 1 0
2509 4 3 -1 0
2510 20 34 0 1
2511 65 23 0 -1
2512 25 24 0 1
2513 9 29 0 1
2514 25 3 0 -1
2515 38 31 0 1
2516 35 11 0 1
2517 96 21 0 -1
2518 26 38 0 1
2519 46 12 1 0
2520 86 2 -1 0
2521 81 38 -1 0
2522 99 32 0 -1
2523 40 18 -1 0
2524 44 23 -1 0
2525 26 36 0 -1
2526 24 11 1 0
2527 47 33 -1 0
2528 30 7 1 0
2529 24 31 1 0
2530 28 17 1 0
2531 20 22 0 1
2532 3 7 0 1
2533 13 10 1 0
2534 56 29 0 -1
2535 69 20 1 0
2536 91 37 0 -1
2537 49 16 -1 0
2538 28 10 -1 0
2539 94 29 1 0
2540 16 27 0 -1
2541 68 38 0 1
2542 43 4 0 -1
2543 98 23 0 -1
2544 41 32 0 1
2545 2 9 0 1
2546 54 19 0 -1
2547 4 4 0 -1
2548 12 24 -1 0
2549 44 25 1 0
2550 32 18 0 -1
2551 39 2 1 0
2552 20 36 1 0
2553 52 22 1 0
2554 68 14 -1 0
2555 49 19 1 0
2556 87 12 -1 0
2557 5 7 0 1
2558 27 34 0 -1
2559 97 21 0 -1
2560 28 12 -1 0
2561 16 12 0 1
2562 60 9 0 1
2563 85 17 0 -1
2564 18 5 1 0
2565 29 30 0 1
2566 78 1 0 -1
2567 44 17 1 0
2568 41 3 0 -1
2569 36 3 -1 0
2570 44 32 0 1
2571 15 35 1 0
2572 41 24 0 -1
2573 52 4 -1 0
2574 11 27 0 -1
2575 1 38 0 1
2576 3 29 1 0
2577 86 7 -1 0
2578 46 30 0 -1
2579 69 9 -1 0
2580 36 23 0 -1
2581 29 33 0 1
2582 22 39 0 -1
2583 81 2 1 0
2584 84 19 1 0
2585 79 23 -1 0
2586 24 6 1 0
2587 40 3 0 -1
2588 59 25 0 -1
2589 30 2 0 1
2590 73 17 0 -1
2591 88 21 0 1
2592 42 35 1 0
2593 99 18 0 -1
2594 41 4 0 1
2595 26 27 0 -1
2596 62 37 0 -1
2597 98 35 1 0
2598 29 2 0 1
2599 85 14 0 1
2600 39 23 -1 0
2601 20 0 0 1
2602 0 15 0 1
2603 24 31 0 1
2604 41 10 1 0
2605 24 28 0 -1
2606 35 33 1 0
2607 72 29 0 1
2608 11 31 -1 0
2609 38 26 0 1
2610 45 25 -1 0
2611 95 9 0 -1
2612 13 24 0 1
2613 31 6 1 0
2614 82 10 -1 0
2615 44 37 -1 0
2616 10 10 0 1
2617 29 37 0 -1
2618 31 5 -1 0
2619 86 22 -1 0
2620 25 30 -1 0
2621 1 25 0 -1
2622 93 28 0 1
2623 38 38 0 1
2624 28 36 -1 0
2625 32 32 0 1
2626 43 28 -1 0
2627 86 19 0 1
2628 12 10 -1 0
2629 27 11 0 -1
2630 40 14 0 -1
2631 93 23 -1 0
2632 92 14 -1 0
2633 28 10 0 -1
2634 0 34 0 1
2635 4 13 0 -1
2636 17 13 0 -1
2637 24 38 1 0
2638 85 5 -1 0
2639 41 12 0 1
2640 92 20 1 0
2641 47 11 0 -1
2642 18 22 -1 0
2643 38 25 0 1
2644 84 2 -1 0
2645 38 39 0 -1
2646 36 21 0 1
2647 89 8 0 -1
2648 44 17 1 0
2649 23 34 -1 0
2650 96 5 0 -1
2651 16 19 1 0
2652 89 20 0 1
2653 21 19 0 -1
2654 37 17 0 -1
2655 28 18 1 0
2656 40 21 1 0
2657 20 21 1 0
2658 91 15 0 1
2659 14 35 1 0
2660 52 22 1 0
2661 26 19 -1 0
2662 40 24 -1 0
2663 24 6 1 0
2664 35 22 1 0
2665 84 35 -1 0
2666 41 28 -1 0
2667 45 0 -1 0
2668 18 10 -1 0
2669 20 5 0 1
2670 99 22 1 0
2671 80 14 -1 0
2672 86 9 0 1
2673 19 2 -1 0
2674 9 19 0 -1
2675 28 15 1 0
2676 29 36 -1 0
2677 27 39 0 -1
2678 22 15 -1 0
2679 43 35 -1 0
2680 23 33 0 1
2681 35 16 -1 0
2682 86 35 0 1
2683 22 37 1 0
2684 44 35 0 1
2685 44 36 1 0
2686 84 4 0 -1
2687 40 13 0 1
2688 56 12 1 0
2689 42 34 1 0
2690 71 0 -1 0
2691 37 19 -1 0
2692 6 0 1 0
2693 38 38 0 1
2694 37 20 0 1
2695 0 7 -1 0
2696 84 14 -1 0
2697 83 36 -1 0
2698 27 7 0 1
2699 73 31 0 1
2700 95 33 0 1
2701 37 28 -1 0
2702 71 15 1 0
2703 75 39 -1 0
2704 2 22 0 1
2705 56 23 0 1
2706 60 35 0 1
2707 29 16 0 -1
2708 17 9 0 1
2709 74 15 0 1
2710 39 16 0 1
2711 28 18 0 -1
2712 5 21 0 1
2713 63 7 -1 0
2714 64 19 1 0
2715 21 10 0 -1
2716 1 25 0 1
2717 87 9 -1 0
2718 40 16 -1 0
2719 29 1 0 1
2720 7 37 0 -1
2721 45 11 0 -1
2722 23 39 0 1
2723 19 29 1 0
2724 8 23 0 1
2725 87 15 0 1
2726 40 15 1 0
2727 39 23 0 1
2728 15 35 -1 0
2729 52 11 -1 0
2730 86 1 0 -1
2731 69 37 0 -1
2732 25 14 1 0
2733 9 29 1 0
2734 69 24 1 0
2735 9 9 0 -1
2736 30 37 0 -1
2737 17 9 1 0
2738 54 1 0 -1
2739 41 17 0 -1
2740 55 24 0 1
2741 88 10 0 1
2742 98 12 1 0
2743 93 30 1 0
2744 37 22 1 0
2745 29 35 0 -1
2746 43 29 1 0
2747 30 39 0 1
2748 43 13 -1 0
2749 59 39 1 0
2750 23 1 0 -1
2751 13 27 0 -1
2752 21 39 -1 0
2753 12 21 -1 0
2754 16 15 0 -1
2755 27 5 1 0
2756 87 14 0 1
2757 27 31 0 -1
2758 88 1 0 -1
2759 81 35 -1 0
2760 44 11 0 -1
2761 42 13 1 0
2762 54 22 0 -1
2763 59 3 0 -1
2764 28 39 0 -1
2765 78 33 0 -1
2766 91 0 1 0
2767 49 21 -1 0
2768 72 19 0 1
2769 39 17 0 1
2770 29 20 1 0
2771 91 32 1 0
2772 74 4 1 0
2773 11 32 -1 0
2774 39 0 0 1
2775 14 24 -1 0
2776 21 39 0 1
2777 39 39 -1 0
2778 22 21 0 -1
2779 86 15 1 0
2780 20 6 1 0
2781 80 24 0 1
2782 67 3 1 0
2783 19 3 -1 0
2784 42 23 1 0
2785 46 30 -1 0
2786 93 38 1 0
2787 56 31 -1 0
2788 24 26 0 1
2789 89 13 0 -1
2790 42 33 0 -1
2791 42 15 0 -1
2792 47 18 0 1
2793 42 34 1 0
2794 57 30 0 1
2795 57 22 0 -1
2796 29 3 1 0
2797 89 7 -1 0
2798 5 10 0 -1
2799 24 0 0 -1
2800 79 29 0 1
2801 43 1 0 1
2802 82 30 0 1
2803 10 9 -1 0
2804 46 9 -1 0
2805 17 15 -1 0
2806 97 16 1 0
2807 61 14 1 0
2808 41 39 -1 0
2809 8 26 -1 0
2810 96 14 0 1
2811 79 27 -1 0
2812 22 12 0 1
2813 85 7 1 0
2814 52 26 0 1
2815 9 13 -1 0
2816 19 36 0 1
2817 44 18 1 0
2818 19 30 0 -1
2819 39 27 0 1
2820 43 26 1 0
2821 96 32 1 0
2822 40 35 0 1
2823 82 5 0 1
2824 23 12 0 1
2825 24 13 -1 0
2826 84 9 -1 0
2827 77 38 0 1
2828 56 7 -1 0
2829 22 14 0 -1
2830 59 38 0 -1
2831 37 38 0 -1
2832 18 26 1 0
2833 27 28 -1 0
2834 96 0 1 0
2835 21 27 0 1
2836 40 23 0 -1
2837 20 24 0 -1
2838 48 1 0 -1
2839 21 0 1 0
2840 73 5 0 1
2841 40 2 -1 0
2842 99 35 -1 0
2843 38 38 1 0
2844 36 27 0 1
2845 22 33 1 0
2846 19 8 0 1
2847 76 23 0 1
2848 16 30 0 -1
2849 87 12 1 0
2850 40 25 1 0
2851 8 11 0 1
2852 19 2 1 0
2853 38 19 0 -1
2854 9 38 0 -1
2855 55 17 0 1
2856 42 35 0 -1
2857 92 9 -1 0
2858 85 39 1 0
2859 74 31 -1 0
2860 25 30 0 1
2861 28 4 -1 0
2862 93 2 0 -1
2863 14 2 1 0
2864 41 18 -1 0
2865 26 10 1 0
2866 74 37 0 1
2867 37 37 1 0
2868 45 25 0 1
2869 64 16 -1 0
2870 42 11 1 0
2871 87 15 -1 0
2872 78 28 -1 0
2873 18 39 1 0
2874 12 5 0 -1
2875 20 11 0 1
2876 44 3 -1 0
2877 61 14 0 -1
2878 52 3 0 -1
2879 30 12 1 0
2880 83 32 1 0
2881 29 30 -1 0
2882 85 8 -1 0
2883 0 4 1 0
2884 30 17 -1 0
2885 37 25 0 -1
2886 27 30 0 1
2887 40 38 -1 0
2888 83 39 1 0
2889 90 38 0 -1
2890 27 9 0 -1
2891 20 9 0 1
2892 47 0 -1 0
2893 3 12 0 1
2894 43 25 0 1
2895 93 15 -1 0
2896 41 21 0 -1
2897 21 10 0 -1
2898 43 8 1 0
2899 52 28 0 1
2900 29 23 0 1
2901 28 31 0 -1
2902 96 35 1 0
2903 64 6 -1 0
2904 25 9 0 -1
2905 50 27 0 -1
2906 41 34 -1 0
2907 75 27 1 0
2908 78 2 0 -1
2909 23 13 0 1
2910 10 16 0 1
2911 29 4 1 0
2912 5 4 -1 0
2913 25 19 1 0
2914 11 11 1 0
2915 30 9 -1 0
2916 10 26 0 -1
2917 85 19 0 -1
2918 31 34 0 -1
2919 20 5 0 1
2920 25 17 -1 0
2921 40 6 0 1
2922 4 5 -1 0
2923 95 35 0 -1
2924 24 1 -1 0
2925 36 10 1 0
2926 13 39 -1 0
2927 21 17 1 0
2928 28 17 0 1
2929 53 4 -1 0
2930 42 38 -1 0
2931 5 0 0 1
2932 24 19 -1 0
2933 38 39 0 -1
2934 91 33 1 0
2935 18 39 0 -1
2936 37 1 -1 0
2937 82 27 0 -1
2938 1 10 0 -1
2939 82 12 1 0
2940 12 35 1 0
2941 80 27 -1 0
2942 3 26 1 0
2943 41 12 0 1
2944 36 4 1 0
2945 45 22 -1 0
2946 2 2 -1 0
2947 81 0 1 0
2948 37 39 0 1
2949 59 13 -1 0
2950 42 10 -1 0
2951 71 33 0 1
2952 98 32 -1 0
2953 48 23 -1 0
2954 12 25 1 0
2955 33 25 0 -1
2956 43 12 0 1
2957 22 2 0 -1
2958 1 26 0 -1
2959 26 28 0 1
2960 56 2 0 -1
2961 12 2 0 1
2962 25 1 1 0
2963 41 26 1 0
2964 83 15 -1 0
2965 63 34 1 0
2966 40 21 0 -1
2967 26 11 -1 0
2968 27 33 1 0
2969 38 26 1 0
2970 98 37 1 0
2971 10 28 0 1
2972 51 3 -1 0
2973 41 4 0 -1
2974 71 7 1 0
2975 42 30 0 1
2976 15 0 0 1
2977 73 3 0 1
2978 23 32 -1 0
2979 45 31 0 1
2980 20 30 0 1
2981 79 36 0 -1
2982 11 31 -1 0
2983 58 19 1 0
2984 11 16 1 0
2985 83 34 0 1
2986 24 18 0 -1
2987 24 29 0 1
2988 38 2 0 -1
2989 44 29 0 -1
2990 27 7 0 1
2991 85 38 1 0
2992 39 3 -1 0
2993 41 8 1 0
2994 87 29 1 0
2995 23 23 1 0
2996 20 16 0 -1
2997 57 21 0 -1
2998 32 1 0 1
2999 27 0 1 0
3000 13 0 1 0
3001 27 6 -1 0
3002 22 32 1 0
3003 96 20 1 0
3004 12 10 0 1
3005 44 9 0 1
3006 71 20 1 0
3007 44 8 0 -1
3008 84 17 0 1
3009 3 39 -1 0
3010 77 28 1 0
3011 26 10 1 0
3012 39 36 0 1
3013 42 17 0 1
3014 46 39 0 -1
3015 17 22 0 1
3016 22 25 1 0
3017 17 15 0 1
3018 99 1 0 1
3019 40 33 1 0
3020 5 38 0 -1
3021 45 12 0 1
3022 42 0 0 1
3023 52 14 -1 0
3024 19 8 1 0
3025 69 28 0 -1
3026 3 27 -1 0
3027 19 24 0 -1
3028 2 9 0 -1
3029 11 29 0 1
3030 82 29 0 1
3031 55 11 -1 0
3032 29 23 0 1
3033 9 15 -1 0
3034 86 28 1 0
3035 20 9 0 1
3036 69 9 -1 0
3037 20 22 0 -1
3038 84 34 0 -1
3039 24 32 0 -1
3040 44 5 0 -1
3041 37 8 1 0
3042 59 34 0 -1
3043 3 10 0 1
3044 9 1 -1 0
3045 74 39 0 -1
3046 10 12 1 0
3047 25 0 1 0
3048 72 13 1 0
3049 25 25 -1 0
3050 9 37 0 1
3051 83 2 1 0
3052 57 29 -1 0
3053 79 23 1 0
3054 25 12 1 0
3055 62 33 0 1
3056 4 39 0 -1
3057 92 13 -1 0
3058 83 13 0 1
3059 46 0 0 -1
3060 20 28 0 -1
3061 28 37 1 0
3062 80 2 1 0
3063 15 19 1 0
3064 77 1 1 0
3065 25 18 1 0
3066 22 12 0 1
3067 54 21 0 1
3068 47 5 0 -1
3069 84 32 0 1
3070 79 7 1 0
3071 42 25 -1 0
3072 17 30 0 -1
3073 18 15 -1 0
3074 16 5 0 -1
3075 45 34 -1 0
3076 9 17 -1 0
3077 36 4 0 -1
3078 75 18 0 -1
3079 20 39 0 1
3080 25 25 -1 0
3081 24 4 -1 0
3082 39 18 -1 0
3083 94 34 0 1
3084 23 28 1 0
3085 36 24 0 1
3086 74 28 0 1
3087 51 6 1 0
3088 37 24 0 1
3089 42 17 -1 0
3090 28 2 1 0
3091 27 16 1 0
3092 93 17 -1 0
3093 46 33 0 -1
3094 20 37 -1 0
3095 16 29 -1 0
3096 93 36 -1 0
3097 38 6 -1 0
3098 47 22 0 -1
3099 53 14 0 1
3100 99 18 0 -1
3101 53 33 -1 0
3102 6 9 0 -1
3103 48 8 -1 0
3104 54 19 -1 0
3105 58 13 1 0
3106 43 31 -1 0
3107 41 35 1 0
3108 75 30 1 0
3109 55 2 0 -1
3110 25 13 0 1
3111 24 6 0 -1
3112 89 6 1 0
3113 35 24 0 1
3114 63 31 0 1
3115 9 13 -1 0
3116 71 24 1 0
3117 8 11 0 -1
3118 70 31 0 -1
3119 42 24 0 1
3120 48 33 0 -1
3121 9 26 1 0
3122 41 32 -1 0
3123 49 10 -1 0
3124 26 0 0 1
3125 49 26 1 0
3126 49 26 0 1
3127 61 20 -1 0
3128 15 38 1 0
3129 73 30 1 0
3130 38 19 0 1
3131 29 0 0 1
3132 76 9 1 0
3133 96 23 0 -1
3134 60 18 1 0
3135 18 28 1 0
3136 37 3 -1 0
3137 21 39 0 1
3138 92 33 -1 0
3139 28 8 -1 0
3140 51 0 0 -1
3141 27 29 1 0
3142 85 26 -1 0
3143 10 27 0 -1
3144 41 35 -1 0
3145 42 13 0 1
3146 72 34 0 -1
3147 80 37 0 -1
3148 26 15 -1 0
3149 99 24 0 -1
3150 65 39 -1 0
3151 73 38 0 -1
3152 30 18 0 1
3153 10 27 1 0
3154 72 18 0 1
3155 72 33 0 -1
3156 53 32 0 -1
3157 26 31 -1 0
3158 43 0 0 1
3159 43 22 0 1
3160 24 15 -1 0
3161 40 37 1 0
3162 16 2 1 0
3163 20 8 -1 0
3164 82 39 0 -1
3165 48 23 1 0
3166 46 38 0 1
3167 11 11 1 0
3168 50 11 1 0
3169 72 14 1 0
3170 17 12 0 -1
3171 30 15 0 1
3172 93 14 0 -1
3173 38 33 -1 0
3174 15 13 0 1
3175 26 28 -1 0
3176 14 26 0 -1
3177 29 16 1 0
3178 84 8 -1 0
3179 51 32 0 -1
3180 55 17 1 0
3181 68 38 0 1
3182 5 24 0 1
3183 29 25 0 -1
3184 84 5 0 -1
3185 54 5 0 -1
3186 58 28 0 1
3187 99 25 -1 0
3188 49 2 -1 0
3189 22 1 1 0
3190 61 0 -1 0
3191 23 0 -1 0
3192 43 30 0 -1
3193 18 35 -1 0
3194 5 24 -1 0
3195 87 13 0 -1
3196 16 24 1 0
3197 40 3 0 -1
3198 91 32 1 0
3199 26 6 0 -1
3200 43 10 -1 0
3201 88 16 0 -1
3202 46 12 -1 0
3203 24 24 1 0
3204 82 32 1 0
3205 36 37 1 0
3206 98 32 0 1
3207 51 37 0 1
3208 0 13 1 0
3209 45 39 1 0
3210 0 5 0 -1
3211 48 0 0 1
3212 24 31 1 0
3213 17 37 0 1
3214 84 38 -1 0
3215 93 22 0 -1
3216 22 24 1 0
3217 19 4 0 1
3218 18 30 0 1
3219 21 24 1 0
3220 28 5 1 0
3221 22 33 1 0
3222 22 2 0 -1
3223 90 31 0 1
3224 47 28 1 0
3225 43 0 0 1
3226 57 24 0 1
3227 91 39 -1 0
3228 17 38 0 1
3229 40 9 -1 0
3230 46 3 0 -1
3231 69 39 -1 0
3232 18 34 -1 0
3233 88 11 1 0
3234 80 20 1 0
3235 14 38 0 -1
3236 28 37 0 -1
3237 69 7 0 -1
3238 90 2 -1 0
3239 28 30 0 -1
3240 44 35 0 1
3241 6 24 -1 0
3242 99 34 1 0
3243 98 2 -1 0
3244 43 18 0 -1
3245 23 35 0 -1
3246 40 37 0 1
3247 48 4 1 0
3248 53 5 0 1
3249 5 27 -1 0
3250 36 0 -1 0
3251 79 14 -1 0
3252 52 5 0 1
3253 26 3 -1 0
3254 19 6 0 -1
3255 65 29 1 0
3256 49 17 0 1
3257 93 2 -1 0
3258 31 8 -1 0
3259 50 24 -1 0
3260 92 16 -1 0
3261 29 38 1 0
3262 17 18 0 1
3263 24 15 -1 0
3264 26 31 -1 0
3265 86 38 0 1
3266 24 35 -1 0
3267 81 32 -1 0
3268 86 33 0 -1
3269 4 17 -1 0
3270 42 3 0 1
3271 39 19 0 -1
3272 90 34 -1 0
3273 87 18 1 0
3274 44 0 -1 0
3275 22 10 1 0
3276 43 35 1 0
3277 25 22 -1 0
3278 94 16 -1 0
3279 44 32 0 1
3280 80 25 0 -1
3281 37 17 -1 0
3282 48 32 0 1
3283 26 13 0 -1
3284 41 29 0 1
3285 13 30 0 1
3286 26 8 1 0
3287 85 25 -1 0
3288 35 39 0 -1
3289 68 0 0 -1
3290 43 19 0 -1
3291 76 5 0 1
3292 88 35 1 0
3293 75 33 -1 0
3294 48 19 0 1
3295 52 10 0 -1
3296 37 6 -1 0
3297 47 12 -1 0
3298 36 38 -1 0
3299 3 25 0 1
3300 26 29 0 1
3301 40 11 -1 0
3302 8 28 1 0
3303 2 22 0 -1
3304 52 28 -1 0
3305 59 29 -1 0
3306 58 23 1 0
3307 56 4 0 -1
3308 51 31 0 -1
3309 44 34 1 0
3310 45 32 1 0
3311 38 2 1 0
3312 2 7 0 -1
3313 38 20 -1 0
3314 69 19 0 1
3315 10 8 -1 0
3316 35 5 1 0
3317 40 33 0 -1
3318 26 33 0 1
3319 94 34 -1 0
3320 20 21 0 -1
3321 63 7 -1 0
3322 11 9 0 -1
3323 24 32 -1 0
3324 75 33 0 -1
3325 36 39 0 1
3326 20 4 0 1
3327 8 7 1 0
3328 20 10 0 1
3329 23 24 0 1
3330 90 23 0 -1
3331 85 32 1 0
3332 22 21 0 -1
3333 84 31 0 1
3334 31 33 0 -1
3335 25 34 0 1
3336 92 7 0 1
3337 37 1 0 -1
3338 45 26 0 1
3339 96 10 0 1
3340 2 10 -1 0
3341 15 34 -1 0
3342 19 35 -1 0
3343 7 12 0 1
3344 45 28 0 -1
3345 82 34 1 0
3346 46 9 -1 0
3347 21 0 -1 0
3348 5 4 1 0
3349 59 33 -1 0
3350 86 34 -1 0
3351 20 25 0 -1
3352 13 2 1 0
3353 47 18 0 -1
3354 35 27 -1 0
3355 36 20 0 -1
3356 10 23 0 1
3357 36 5 -1 0
3358 41 39 0 1
3359 53 21 0 -1
3360 38 0 0 1
3361 35 37 0 -1
3362 45 39 1 0
3363 40 4 0 1
3364 44 12 0 1
3365 76 35 1 0
3366 99 24 0 -1
3367 98 22 1 0
3368 82 27 -1 0
3369 24 13 -1 0
3370 21 18 1 0
3371 97 16 1 0
3372 81 34 0 -1
3373 61 23 0 -1
3374 44 1 1 0
3375 23 16 0 -1
3376 61 0 -1 0
3377 29 23 -1 0
3378 25 20 0 1
3379 53 38 0 -1
3380 23 31 0 1
3381 3 37 0 -1
3382 92 27 -1 0
3383 11 15 -1 0
3384 91 26 0 1
3385 21 9 -1 0
3386 47 23 1 0
3387 0 30 0 -1
3388 42 4 0 1
3389 47 12 -1 0
3390 15 3 0 -1
3391 39 38 0 1
3392 62 19 -1 0
3393 26 13 0 1
3394 4 11 0 -1
3395 77 19 0 1
3396 74 32 -1 0
3397 13 14 1 0
3398 81 26 -1 0
3399 36 8 1 0
3400 58 19 0 1
3401 9 0 -1 0
3402 22 34 -1 0
3403 85 17 -1 0
3404 28 21 -1 0
3405 41 39 1 0
3406 24 28 0 -1
3407 44 33 -1 0
3408 39 27 -1 0
3409 3 25 0 1
3410 44 7 -1 0
3411 7 29 -1 0
3412 39 25 0 -1
3413 20 2 -1 0
3414 25 29 0 1
3415 34 19 -1 0
3416 99 13 0 1
3417 85 17 1 0
3418 69 30 0 -1
3419 38 34 1 0
3420 49 16 0 1
3421 95 2 0 1
3422 25 14 1 0
3423 26 9 1 0
3424 6 12 1 0
3425 49 2 0 -1
3426 70 14 -1 0
3427 1 2 1 0
3428 26 17 1 0
3429 74 28 -1 0
3430 17 18 0 1
3431 46 37 0 1
3432 11 12 0 -1
3433 60 12 0 -1
3434 9 26 1 0
3435 37 21 0 1
3436 41 33 -1 0
3437 40 34 0 -1
3438 36 20 0 1
3439 31 7 1 0
3440 83 3 1 0
3441 49 24 0 1
3442 96 11 1 0
3443 48 15 -1 0
3444 16 16 0 -1
3445 80 8 0 -1
3446 83 24 0 1
3447 28 22 0 -1
3448 57 32 1 0
3449 72 30 -1 0
3450 42 28 0 1
3451 43 2 0 1
3452 11 35 0 1
3453 15 12 0 1
3454 20 2 0 1
3455 21 15 1 0
3456 22 1 0 -1
3457 12 9 -1 0
3458 29 2 0 1
3459 28 35 0 1
3460 22 9 -1 0
3461 38 24 0 -1
3462 38 1 0 -1
3463 13 8 0 -1
3464 70 34 0 1
3465 4 1 0 1
3466 62 4 0 -1
3467 13 10 0 -1
3468 97 2 1 0
3469 46 28 -1 0
3470 61 38 -1 0
3471 28 15 0 1
3472 14 31 0 1
3473 92 7 0 -1
3474 38 32 1 0
3475 89 31 0 -1
3476 53 18 1 0
3477 21 29 -1 0
3478 43 20 0 1
3479 45 2 0 -1
3480 20 32 0 1
3481 51 30 0 1
3482 76 25 0 -1
3483 24 28 0 1
3484 7 15 -1 0
3485 30 8 0 -1
3486 12 17 1 0
3487 15 17 -1 0
3488 18 15 -1 0
3489 49 7 0 -1
3490 99 3 0 -1
3491 20 36 0 -1
3492 30 26 0 1
3493 67 35 1 0
3494 25 2 -1 0
3495 4 36 0 1
3496 84 16 0 1
3497 93 29 -1 0
3498 91 3 1 0
3499 43 36 -1 0
3500 22 11 0 1
3501 67 6 0 -1
3502 24 26 0 1
3503 44 17 -1 0
3504 36 19 0 1
3505 41 10 0 1
3506 50 10 0 -1
3507 39 11 0 -1
3508 39 16 0 1
3509 34 31 -1 0
3510 19 9 1 0
3511 39 23 0 1
3512 80 32 1 0
3513 75 26 0 -1
3514 96 9 -1 0
3515 17 26 1 0
3516 92 0 0 -1
3517 43 32 0 -1
3518 38 0 -1 0
3519 13 20 0 -1
3520 90 3 0 -1
3521 48 28 1 0
3522 25 11 -1 0
3523 59 11 -1 0
3524 16 26 0 -1
3525 9 36 0 -1
3526 88 14 0 -1
3527 45 36 -1 0
3528 49 33 0 1
3529 56 0 1 0
3530 25 38 1 0
3531 9 11 0 -1
3532 98 18 0 1
3533 67 23 1 0
3534 24 17 0 1
3535 44 27 0 1
3536 24 25 0 -1
3537 60 20 1 0
3538 86 22 1 0
3539 37 11 0 -1
3540 55 12 -1 0
3541 52 37 0 1
3542 13 39 -1 0
3543 43 30 0 1
3544 91 28 0 -1
3545 85 10 0 -1
3546 25 25 0 1
3547 42 34 0 1
3548 85 8 0 -1
3549 47 6 1 0
3550 38 17 1 0
3551 46 5 1 0
3552 46 30 0 1
3553 9 39 0 1
3554 56 13 0 1
3555 36 21 0 1
3556 83 35 1 0
3557 68 32 0 1
3558 69 10 0 1
3559 9 28 -1 0
3560 7 32 -1 0
3561 90 13 0 1
3562 90 24 0 1
3563 56 13 0 -1
3564 43 21 1 0
3565 50 5 1 0
3566 41 13 0 1
3567 84 3 0 -1
3568 70 35 0 1
3569 78 35 1 0
3570 18 38 0 1
3571 54 14 0 -1
3572 27 25 1 0
3573 25 33 0 1
3574 97 37 0 -1
3575 6 21 0 -1
3576 41 3 0 -1
3577 53 33 0 1
3578 28 3 1 0
3579 44 5 0 -1
3580 42 14 0 1
3581 27 18 -1 0
3582 11 9 1 0
3583 93 22 1 0
3584 15 38 1 0
3585 42 28 -1 0
3586 47 7 0 -1
3587 44 1 0 1
3588 27 3 0 1
3589 47 10 1 0
3590 41 13 0 1
3591 5 10 0 1
3592 17 17 0 -1
3593 23 13 -1 0
3594 93 9 -1 0
3595 46 26 0 1
3596 21 13 -1 0
3597 55 22 0 1
3598 4 2 1 0
3599 40 9 0 1
