0 74 30 0 1
1 49 15 0 1
2 41 17 -1 0
3 42 19 -1 0
4 28 5 1 0
5 3 5 1 0
6 84 9 -1 0
7 62 10 0 -1
8 25 5 1 0
9 83 39 -1 0
10 22 6 0 -1
11 28 8 0 -1
12 54 9 -1 0
13 40 17 0 -1
14 57 19 1 0
15 3 4 -1 0
16 39 37 0 -1
17 74 34 0 -1
18 11 11 1 0
19 47 1 0 -1
20 44 26 0 1
21 48 36 -1 0
22 77 26 1 0
23 9 4 0 -1
24 60 11 0 -1
25 37 9 1 0
26 19 38 0 -1
27 23 22 0 1
28 26 23 1 0
29 28 15 0 -1
30 25 16 1 0
31 35 10 0 -1
32 29 6 0 -1
33 96 32 0 1
34 36 7 0 1
35 53 7 -1 0
36 39 31 -1 0
37 16 12 1 0
38 45 27 0 -1
39 46 11 0 -1
40 12 3 0 1
41 26 16 0 -1
42 68 22 0 -1
43 38 34 0 1
44 36 20 1 0
45 45 15 0 -1
46 25 36 1 0
47 91 28 0 1
48 13 27 1 0
49 22 11 -1 0
50 45 9 0 -1
51 56 30 0 1
52 78 31 0 -1
53 29 27 0 1
54 77 13 -1 0
55 43 9 0 -1
56 32 2 1 0
57 27 19 0 1
58 24 11 0 1
59 40 29 0 1
60 24 0 0 -1
61 3 10 0 1
62 65 13 0 1
63 85 22 1 0
64 43 36 -1 0
65 42 17 0 1
66 14 10 1 0
67 7 23 0 -1
68 61 6 0 1
69 41 25 -1 0
70 81 22 0 1
71 15 30 -1 0
72 54 7 0 1
73 1 2 1 0
74 1 2 -1 0
75 27 17 1 0
76 15 29 0 1
77 60 6 1 0
78 2 23 -1 0
79 24 33 0 -1
80 41 24 -1 0
81 36 32 0 1
82 16 3 0 -1
83 35 31 0 1
84 40 29 -1 0
85 56 31 -1 0
86 44 27 1 0
87 36 9 0 -1
88 25 16 1 0
89 27 10 0 1
90 23 9 0 -1
91 63 32 -1 0
92 83 17 -1 0
93 26 10 0 -1
94 43 34 1 0
95 93 2 -1 0
96 16 11 1 0
97 40 36 -1 0
98 92 5 -1 0
99 65 30 0 -1
100 52 7 -1 0
101 49 5 0 1
102 49 21 1 0
103 41 6 0 1
104 84 13 0 -1
105 94 14 0 -1
106 9 14 -1 0
107 67 10 0 1
108 41 31 -1 0
109 73 24 -1 0
110 15 22 -1 0
111 9 29 1 0
112 16 35 -1 0
113 29 21 1 0
114 21 29 0 1
115 52 13 -1 0
116 23 13 0 -1
117 17 28 0 1
118 38 18 1 0
119 57 38 -1 0
120 56 23 1 0
121 23 11 -1 0
122 28 20 0 1
123 20 8 -1 0
124 95 20 0 -1
125 10 12 1 0
126 38 22 0 -1
127 87 38 -1 0
128 45 27 -1 0
129 53 10 -1 0
130 73 10 0 1
131 23 15 -1 0
132 51 17 0 -1
133 56 10 -1 0
134 45 9 -1 0
135 92 5 1 0
136 21 21 1 0
137 45 15 1 0
138 90 31 1 0
139 14 11 -1 0
140 52 11 1 0
141 13 5 0 -1
142 30 3 0 -1
143 27 31 1 0
144 31 11 0 -1
145 36 36 0 1
146 98 25 1 0
147 20 23 -1 0
148 28 5 1 0
149 93 27 0 -1
150 79 39 1 0
151 71 36 1 0
152 31 4 0 -1
153 39 24 0 -1
154 28 22 1 0
155 26 1 -1 0
156 37 24 1 0
157 47 35 0 1
158 47 36 -1 0
159 12 27 0 -1
160 22 4 -1 0
161 28 35 1 0
162 25 12 1 0
163 28 5 1 0
164 37 23 1 0
165 75 26 0 1
166 75 29 0 1
167 19 5 0 1
168 40 11 1 0
169 13 39 0 1
170 13 35 1 0
171 28 4 0 1
172 94 20 0 1
173 63 33 0 -1
174 24 14 1 0
175 39 5 -1 0
176 60 22 -1 0
177 60 7 -1 0
178 99 33 1 0
179 23 39 0 -1
180 45 12 0 -1
181 35 14 -1 0
182 42 39 0 -1
183 91 34 -1 0
184 30 22 0 1
185 8 34 1 0
186 14 35 1 0
187 37 9 1 0
188 37 29 0 -1
189 84 3 -1 0
190 7 31 -1 0
191 94 3 -1 0
192 40 2 0 1
193 26 1 0 1
194 41 12 0 -1
195 43 27 0 -1
196 4 21 0 1
197 11 19 0 1
198 92 16 0 -1
199 77 18 0 1
200 94 30 1 0
201 80 24 -1 0
202 22 29 -1 0
203 65 11 0 -1
204 59 16 1 0
205 22 36 1 0
206 36 31 0 -1
207 22 34 1 0
208 12 22 0 1
209 27 22 1 0
210 28 18 1 0
211 28 6 -1 0
212 35 16 -1 0
213 47 5 1 0
214 36 23 -1 0
215 37 13 0 -1
216 95 26 1 0
217 24 10 1 0
218 91 39 0 -1
219 67 9 0 -1
220 43 27 0 -1
221 39 14 -1 0
222 7 11 0 -1
223 91 0 1 0
224 20 33 0 1
225 4 10 -1 0
226 36 24 -1 0
227 4 33 -1 0
228 25 20 -1 0
229 64 0 1 0
230 13 39 0 -1
231 30 39 0 1
232 26 14 1 0
233 19 31 0 1
234 44 39 1 0
235 25 6 -1 0
236 29 39 1 0
237 27 9 1 0
238 28 6 1 0
239 27 3 -1 0
240 27 7 1 0
241 42 30 -1 0
242 3 12 0 1
243 37 24 1 0
244 22 10 0 1
245 25 33 0 -1
246 98 33 1 0
247 33 7 1 0
248 87 34 0 1
249 34 16 0 1
250 68 25 0 -1
251 21 19 1 0
252 50 19 0 1
253 42 38 -1 0
254 47 16 0 1
255 12 11 1 0
256 78 33 -1 0
257 91 36 0 -1
258 25 20 0 -1
259 25 13 0 -1
260 6 24 1 0
261 70 5 0 1
262 88 33 0 -1
263 11 37 -1 0
264 44 12 0 1
265 25 8 0 1
266 30 23 0 -1
267 4 15 0 -1
268 1 21 0 1
269 48 12 0 1
270 19 13 0 1
271 25 24 -1 0
272 16 9 -1 0
273 49 24 0 -1
274 13 26 0 1
275 47 7 0 -1
276 44 11 -1 0
277 37 37 -1 0
278 82 0 -1 0
279 50 21 0 1
280 11 10 0 1
281 17 6 -1 0
282 83 22 0 1
283 37 7 0 1
284 92 9 -1 0
285 40 34 0 -1
286 21 24 1 0
287 21 20 1 0
288 15 11 0 1
289 79 37 -1 0
290 28 17 -1 0
291 84 38 -1 0
292 9 35 0 1
293 23 16 0 -1
294 28 4 0 1
295 74 34 0 1
296 15 13 0 -1
297 10 11 0 -1
298 28 0 1 0
299 40 30 0 1
300 46 30 0 1
301 23 33 0 1
302 19 32 0 1
303 95 28 -1 0
304 21 25 0 -1
305 87 38 0 1
306 99 30 -1 0
307 44 26 0 1
308 43 21 0 -1
309 73 35 -1 0
310 19 38 0 1
311 93 30 1 0
312 48 15 1 0
313 66 15 -1 0
314 57 14 0 -1
315 24 15 1 0
316 29 33 1 0
317 49 34 0 -1
318 39 35 0 1
319 51 2 1 0
320 27 29 0 1
321 41 33 -1 0
322 36 6 0 1
323 43 18 1 0
324 26 8 0 1
325 19 7 0 -1
326 7 1 -1 0
327 90 16 1 0
328 27 8 0 -1
329 19 16 1 0
330 3 1 0 -1
331 85 5 0 -1
332 15 17 -1 0
333 40 35 -1 0
334 38 6 0 -1
335 84 10 -1 0
336 44 9 0 1
337 90 31 1 0
338 98 15 1 0
339 26 11 1 0
340 45 2 1 0
341 18 1 -1 0
342 40 6 1 0
343 46 15 -1 0
344 29 4 1 0
345 89 13 1 0
346 58 39 -1 0
347 19 16 -1 0
348 97 15 1 0
349 91 35 -1 0
350 26 33 -1 0
351 40 24 0 -1
352 19 30 0 -1
353 25 2 0 1
354 20 14 0 -1
355 96 12 -1 0
356 75 20 0 -1
357 36 28 1 0
358 24 4 0 1
359 30 7 0 1
360 72 28 1 0
361 38 5 -1 0
362 39 17 1 0
363 69 30 0 -1
364 83 38 1 0
365 88 10 1 0
366 23 36 0 -1
367 31 15 0 -1
368 23 36 0 -1
369 1 1 0 -1
370 86 15 -1 0
371 93 28 0 1
372 40 33 1 0
373 27 35 0 -1
374 39 6 0 -1
375 97 38 0 -1
376 31 13 0 -1
377 16 25 1 0
378 36 8 -1 0
379 43 14 0 -1
380 14 19 0 1
381 24 2 0 -1
382 48 35 0 1
383 53 12 0 -1
384 78 17 0 1
385 22 27 1 0
386 44 31 1 0
387 23 27 1 0
388 24 11 1 0
389 3 13 -1 0
390 85 1 -1 0
391 3 27 0 -1
392 80 2 0 -1
393 14 19 1 0
394 29 21 1 0
395 39 19 -1 0
396 92 27 -1 0
397 36 17 1 0
398 27 16 0 1
399 4 13 -1 0
400 51 37 1 0
401 36 17 0 -1
402 93 25 1 0
403 63 31 0 -1
404 40 15 0 1
405 85 9 0 1
406 27 14 1 0
407 22 11 1 0
408 19 11 0 1
409 25 17 0 -1
410 29 6 0 -1
411 12 24 1 0
412 41 14 0 1
413 40 8 -1 0
414 19 32 -1 0
415 7 34 1 0
416 54 17 0 -1
417 44 6 -1 0
418 21 12 -1 0
419 17 18 0 1
420 0 14 0 1
421 27 29 -1 0
422 27 20 0 -1
423 37 26 0 1
424 14 18 0 1
425 64 21 1 0
426 36 13 1 0
427 18 8 1 0
428 21 7 -1 0
429 22 27 -1 0
430 24 22 1 0
431 45 12 0 -1
432 40 33 0 1
433 38 28 0 -1
434 75 26 0 1
435 52 25 1 0
436 70 27 -1 0
437 43 6 1 0
438 29 27 -1 0
439 20 4 0 -1
440 45 1 1 0
441 54 37 0 1
442 23 7 0 1
443 29 12 -1 0
444 13 9 1 0
445 21 35 -1 0
446 22 33 1 0
447 72 34 0 -1
448 82 38 1 0
449 82 39 1 0
450 44 7 0 -1
451 90 5 1 0
452 22 39 0 -1
453 23 35 1 0
454 82 39 0 1
455 48 11 0 -1
456 85 6 0 1
457 61 32 0 -1
458 26 38 0 -1
459 8 10 0 1
460 60 5 -1 0
461 24 27 1 0
462 44 27 0 -1
463 24 36 1 0
464 45 17 -1 0
465 71 5 0 1
466 23 11 0 1
467 1 8 -1 0
468 99 14 1 0
469 86 5 0 1
470 4 25 -1 0
471 31 0 -1 0
472 20 16 0 -1
473 5 20 0 1
474 26 7 0 1
475 88 4 -1 0
476 79 32 -1 0
477 22 25 -1 0
478 63 1 -1 0
479 85 30 0 1
480 43 6 1 0
481 10 36 0 -1
482 18 5 1 0
483 96 5 0 -1
484 91 29 1 0
485 25 30 -1 0
486 38 30 1 0
487 87 14 0 -1
488 21 12 -1 0
489 21 6 0 1
490 96 4 0 1
491 88 5 0 1
492 66 18 0 1
493 41 8 -1 0
494 12 7 -1 0
495 52 32 0 1
496 83 28 1 0
497 37 32 0 -1
498 41 17 0 -1
499 36 34 0 1
500 94 8 0 -1
501 35 31 -1 0
502 39 38 -1 0
503 44 29 1 0
504 88 12 -1 0
505 22 2 0 -1
506 3 19 0 -1
507 29 34 -1 0
508 26 9 0 -1
509 3 9 0 1
510 22 20 -1 0
511 77 18 -1 0
512 4 29 1 0
513 45 27 0 -1
514 44 32 -1 0
515 12 18 -1 0
516 22 30 1 0
517 31 22 -1 0
518 26 3 -1 0
519 16 22 0 -1
520 94 16 -1 0
521 29 22 -1 0
522 1 9 1 0
523 25 9 1 0
524 57 24 0 -1
525 10 33 0 1
526 39 30 0 -1
527 44 27 0 -1
528 40 8 1 0
529 78 19 0 1
530 49 22 -1 0
531 52 16 0 1
532 28 6 0 -1
533 29 12 -1 0
534 81 22 -1 0
535 18 14 0 -1
536 22 9 -1 0
537 14 14 0 -1
538 40 31 1 0
539 21 9 1 0
540 43 26 0 1
541 2 18 -1 0
542 91 25 1 0
543 85 17 1 0
544 44 16 0 -1
545 78 29 1 0
546 76 30 0 1
547 45 5 -1 0
548 62 31 0 -1
549 4 10 1 0
550 41 23 1 0
551 35 7 1 0
552 59 13 0 1
553 54 10 0 -1
554 89 37 1 0
555 49 21 1 0
556 10 0 0 1
557 79 15 0 -1
558 28 38 0 1
559 39 34 1 0
560 6 30 1 0
561 95 30 1 0
562 77 23 0 -1
563 48 37 0 -1
564 40 11 0 1
565 46 5 -1 0
566 41 30 0 1
567 24 13 0 -1
568 15 12 0 1
569 94 16 0 -1
570 41 16 1 0
571 27 38 1 0
572 80 17 1 0
573 43 18 0 -1
574 82 29 0 1
575 61 13 -1 0
576 46 3 0 1
577 31 10 1 0
578 49 31 -1 0
579 11 38 -1 0
580 93 30 0 -1
581 41 2 -1 0
582 76 24 0 -1
583 89 33 0 1
584 95 16 0 1
585 47 23 1 0
586 23 37 0 1
587 84 7 -1 0
588 28 37 0 1
589 25 15 0 1
590 22 4 0 -1
591 39 9 1 0
592 6 31 1 0
593 75 37 0 1
594 71 31 -1 0
595 59 21 -1 0
596 25 16 0 1
597 88 0 0 1
598 44 12 0 1
599 60 22 -1 0
600 47 33 -1 0
601 25 0 0 1
602 22 38 0 1
603 76 2 0 1
604 42 11 0 -1
605 85 30 0 1
606 41 8 0 -1
607 39 5 -1 0
608 72 7 0 -1
609 97 1 0 1
610 0 25 0 -1
611 26 17 1 0
612 96 2 -1 0
613 91 6 0 1
614 40 13 0 -1
615 42 5 1 0
616 20 6 0 -1
617 26 39 -1 0
618 45 38 1 0
619 43 16 0 -1
620 91 8 -1 0
621 40 16 0 1
622 8 38 0 -1
623 40 22 0 1
624 10 6 1 0
625 46 36 1 0
626 17 31 1 0
627 60 31 -1 0
628 40 31 -1 0
629 46 10 1 0
630 38 16 1 0
631 74 26 -1 0
632 84 13 0 1
633 12 7 0 -1
634 2 19 -1 0
635 41 10 0 1
636 67 7 -1 0
637 43 8 0 -1
638 94 23 -1 0
639 28 2 1 0
640 36 29 0 1
641 38 4 0 1
642 42 38 0 1
643 44 34 -1 0
644 45 30 -1 0
645 44 19 0 -1
646 43 26 -1 0
647 42 35 0 1
648 24 38 -1 0
649 36 7 -1 0
650 38 11 1 0
651 25 5 1 0
652 25 4 0 1
653 15 4 -1 0
654 17 22 -1 0
655 19 8 0 -1
656 29 37 -1 0
657 48 36 0 -1
658 52 26 0 -1
659 22 19 0 1
660 38 27 -1 0
661 36 8 0 -1
662 27 24 0 1
663 8 10 0 -1
664 10 37 0 -1
665 12 24 0 -1
666 19 21 -1 0
667 28 12 -1 0
668 18 4 -1 0
669 72 13 0 1
670 26 15 0 1
671 37 35 0 -1
672 35 19 0 1
673 83 15 -1 0
674 43 8 1 0
675 1 11 0 -1
676 49 12 -1 0
677 6 36 1 0
678 24 14 -1 0
679 95 32 -1 0
680 55 5 -1 0
681 21 9 0 1
682 63 29 0 1
683 80 22 1 0
684 2 37 -1 0
685 20 9 0 -1
686 96 10 1 0
687 26 26 0 1
688 2 23 1 0
689 41 9 0 -1
690 41 10 0 1
691 25 26 0 -1
692 85 18 0 1
693 21 14 0 1
694 75 7 0 1
695 20 28 0 1
696 16 12 1 0
697 77 15 1 0
698 4 29 0 -1
699 43 39 1 0
700 45 26 -1 0
701 47 5 -1 0
702 27 38 1 0
703 93 8 0 -1
704 48 25 1 0
705 13 6 -1 0
706 27 1 -1 0
707 47 6 0 -1
708 19 6 0 -1
709 38 31 0 1
710 78 17 0 -1
711 47 7 0 -1
712 14 12 1 0
713 60 8 0 1
714 40 26 1 0
715 87 7 -1 0
716 12 31 0 -1
717 45 10 -1 0
718 16 25 -1 0
719 17 11 1 0
720 3 38 0 -1
721 99 15 -1 0
722 46 3 0 1
723 0 36 1 0
724 39 34 0 1
725 13 1 0 1
726 3 17 1 0
727 26 20 -1 0
728 28 22 0 1
729 36 15 1 0
730 90 10 0 1
731 70 12 1 0
732 22 16 1 0
733 35 23 0 1
734 21 12 -1 0
735 43 30 0 -1
736 39 8 0 1
737 72 24 0 1
738 27 3 -1 0
739 91 28 1 0
740 16 27 -1 0
741 78 30 0 -1
742 32 15 0 1
743 73 38 0 -1
744 30 25 1 0
745 77 33 -1 0
746 65 11 0 1
747 14 39 1 0
748 27 1 0 -1
749 53 4 1 0
750 45 11 1 0
751 26 28 -1 0
752 29 5 0 -1
753 26 30 0 -1
754 10 10 1 0
755 41 36 -1 0
756 42 32 -1 0
757 38 24 0 -1
758 6 8 0 -1
759 47 33 1 0
760 55 37 1 0
761 21 38 -1 0
762 55 16 1 0
763 16 3 0 1
764 50 27 0 -1
765 14 24 0 -1
766 41 0 0 1
767 43 27 0 -1
768 75 3 0 -1
769 70 24 0 1
770 66 30 1 0
771 4 34 0 1
772 56 5 0 -1
773 36 35 1 0
774 64 3 1 0
775 19 33 0 -1
776 43 28 0 -1
777 88 26 -1 0
778 99 17 0 -1
779 17 13 -1 0
780 39 33 1 0
781 48 4 -1 0
782 4 5 0 1
783 3 18 0 1
784 31 32 -1 0
785 71 37 0 -1
786 26 24 0 1
787 91 18 -1 0
788 45 33 0 1
789 7 12 0 1
790 74 35 -1 0
791 94 12 1 0
792 44 5 0 -1
793 95 2 0 -1
794 85 2 0 -1
795 58 16 0 1
796 43 12 0 -1
797 23 9 0 -1
798 24 21 1 0
799 41 3 -1 0
800 43 10 0 -1
801 98 7 0 -1
802 95 21 -1 0
803 46 27 1 0
804 91 7 -1 0
805 21 16 0 -1
806 48 13 0 1
807 21 8 1 0
808 94 18 0 -1
809 68 30 -1 0
810 92 7 -1 0
811 27 27 1 0
812 28 26 -1 0
813 38 30 0 -1
814 42 7 -1 0
815 41 18 1 0
816 47 5 -1 0
817 83 9 1 0
818 28 18 1 0
819 87 10 1 0
820 37 0 0 1
821 80 17 0 -1
822 83 17 0 1
823 54 33 -1 0
824 37 23 0 -1
825 47 37 0 -1
826 15 12 0 -1
827 43 8 0 1
828 15 6 1 0
829 85 8 0 1
830 25 23 0 1
831 30 16 1 0
832 36 19 0 -1
833 25 26 0 1
834 50 36 -1 0
835 95 4 0 1
836 30 16 1 0
837 80 32 1 0
838 46 16 1 0
839 48 25 -1 0
840 36 29 0 -1
841 66 39 -1 0
842 39 33 0 1
843 20 7 0 1
844 23 1 0 -1
845 29 10 0 -1
846 63 23 -1 0
847 24 9 1 0
848 44 26 -1 0
849 3 21 0 -1
850 19 13 1 0
851 6 9 1 0
852 14 9 1 0
853 39 35 1 0
854 18 32 -1 0
855 75 35 0 -1
856 6 13 0 1
857 25 28 1 0
858 54 21 0 1
859 98 26 1 0
860 26 15 -1 0
861 6 33 1 0
862 12 19 1 0
863 23 17 -1 0
864 26 24 1 0
865 22 20 0 -1
866 2 3 0 -1
867 88 36 0 1
868 45 37 0 1
869 19 31 0 -1
870 1 25 0 1
871 8 23 0 1
872 41 19 -1 0
873 10 6 1 0
874 40 15 1 0
875 68 34 0 -1
876 12 37 1 0
877 24 9 0 1
878 55 36 0 -1
879 38 29 0 1
880 72 17 -1 0
881 22 4 0 -1
882 75 22 0 1
883 27 17 0 -1
884 20 15 1 0
885 40 4 1 0
886 30 18 1 0
887 87 19 -1 0
888 23 18 -1 0
889 32 32 1 0
890 18 36 1 0
891 46 4 1 0
892 44 2 -1 0
893 62 34 0 -1
894 39 6 1 0
895 28 1 0 -1
896 94 36 1 0
897 6 16 1 0
898 20 39 0 -1
899 38 20 0 1
900 30 22 -1 0
901 39 20 0 -1
902 98 27 1 0
903 26 0 1 0
904 25 1 0 -1
905 10 13 -1 0
906 72 35 0 -1
907 46 21 -1 0
908 45 38 1 0
909 41 32 0 -1
910 37 21 0 1
911 67 35 -1 0
912 45 11 -1 0
913 31 7 0 1
914 18 38 1 0
915 86 21 0 -1
916 95 8 -1 0
917 29 18 -1 0
918 15 6 1 0
919 15 38 1 0
920 69 16 0 -1
921 98 16 -1 0
922 99 16 0 1
923 98 38 -1 0
924 2 12 -1 0
925 10 11 0 -1
926 24 9 1 0
927 77 20 -1 0
928 47 35 -1 0
929 97 8 -1 0
930 29 8 0 1
931 86 35 0 1
932 42 7 1 0
933 47 7 0 1
934 21 3 1 0
935 95 1 1 0
936 32 0 0 1
937 8 34 0 1
938 29 14 1 0
939 26 32 -1 0
940 13 1 -1 0
941 23 10 -1 0
942 24 35 1 0
943 19 15 0 1
944 26 21 0 1
945 1 10 0 -1
946 66 12 1 0
947 21 6 1 0
948 37 28 1 0
949 43 38 1 0
950 39 31 1 0
951 19 4 1 0
952 91 36 0 1
953 97 35 0 -1
954 68 6 1 0
955 17 5 1 0
956 19 38 -1 0
957 12 9 1 0
958 30 21 0 1
959 47 9 -1 0
960 27 33 -1 0
961 95 16 0 1
962 28 9 -1 0
963 98 28 0 1
964 99 33 -1 0
965 11 6 0 -1
966 35 28 -1 0
967 42 24 -1 0
968 10 18 0 1
969 26 7 0 -1
970 39 24 0 1
971 23 2 1 0
972 5 26 1 0
973 42 8 0 -1
974 30 10 1 0
975 38 5 0 -1
976 42 9 1 0
977 56 29 0 1
978 10 8 -1 0
979 2 32 -1 0
980 22 24 1 0
981 85 18 0 -1
982 39 19 -1 0
983 84 38 -1 0
984 91 12 0 1
985 29 8 0 1
986 30 35 0 1
987 32 33 0 -1
988 24 6 0 1
989 15 19 0 -1
990 28 0 0 -1
991 35 2 0 1
992 80 28 0 -1
993 57 17 1 0
994 46 15 -1 0
995 29 1 0 1
996 23 5 -1 0
997 21 28 1 0
998 93 8 0 -1
999 95 24 -1 0
1000 29 5 -1 0
1001 71 28 0 -1
1002 90 22 0 1
1003 45 34 0 -1
1004 42 22 -1 0
1005 37 7 -1 0
1006 31 14 0 1
1007 17 17 -1 0
1008 67 39 1 0
1009 70 3 -1 0
1010 46 22 -1 0
1011 27 6 0 1
1012 45 5 -1 0
1013 95 10 0 1
1014 35 25 0 1
1015 51 22 0 -1
1016 49 2 0 -1
1017 22 33 0 1
1018 0 15 0 1
1019 38 16 -1 0
1020 19 8 1 0
1021 22 12 -1 0
1022 41 28 0 1
1023 22 8 -1 0
1024 12 24 -1 0
1025 24 38 -1 0
1026 59 31 1 0
1027 79 19 0 -1
1028 75 9 -1 0
1029 39 17 0 1
1030 35 24 -1 0
1031 40 29 0 1
1032 16 38 0 -1
1033 27 15 0 -1
1034 39 13 -1 0
1035 82 33 -1 0
1036 22 9 1 0
1037 18 28 1 0
1038 28 7 1 0
1039 37 21 0 1
1040 39 7 1 0
1041 15 8 0 1
1042 45 14 -1 0
1043 11 31 1 0
1044 11 0 0 1
1045 35 8 1 0
1046 32 34 0 1
1047 47 31 -1 0
1048 45 5 1 0
1049 50 28 0 1
1050 19 4 0 -1
1051 18 35 0 -1
1052 58 7 1 0
1053 44 37 0 -1
1054 42 37 1 0
1055 35 21 0 1
1056 60 18 0 -1
1057 24 5 -1 0
1058 77 11 0 1
1059 80 20 -1 0
1060 4 13 0 -1
1061 99 23 0 -1
1062 23 29 0 1
1063 11 5 0 -1
1064 37 6 0 1
1065 45 2 1 0
1066 29 9 0 -1
1067 42 13 0 -1
1068 57 29 -1 0
1069 24 25 0 -1
1070 11 18 -1 0
1071 74 37 -1 0
1072 39 18 0 1
1073 1 15 1 0
1074 24 12 1 0
1075 98 31 -1 0
1076 27 5 0 1
1077 1 13 0 1
1078 41 30 -1 0
1079 37 8 -1 0
1080 31 24 0 1
1081 87 33 -1 0
1082 29 21 0 -1
1083 6 15 0 -1
1084 7 10 -1 0
1085 29 33 1 0
1086 40 28 -1 0
1087 88 2 1 0
1088 26 38 0 1
1089 60 12 0 1
1090 20 37 0 -1
1091 41 30 -1 0
1092 40 8 1 0
1093 89 32 0 -1
1094 31 8 -1 0
1095 81 5 0 -1
1096 50 24 1 0
1097 96 21 -1 0
1098 62 27 0 1
1099 26 13 0 1
1100 29 3 1 0
1101 24 13 0 1
1102 19 26 1 0
1103 61 24 -1 0
1104 10 3 0 -1
1105 29 4 1 0
1106 24 31 -1 0
1107 27 36 0 -1
1108 70 34 1 0
1109 0 28 0 -1
1110 26 13 0 1
1111 41 32 -1 0
1112 44 36 0 -1
1113 99 0 0 -1
1114 14 10 -1 0
1115 41 37 0 -1
1116 0 26 -1 0
1117 27 13 0 1
1118 70 13 0 -1
1119 84 3 -1 0
1120 1 0 -1 0
1121 7 24 -1 0
1122 1 22 1 0
1123 0 1 0 -1
1124 41 15 1 0
1125 46 10 -1 0
1126 63 31 0 1
1127 15 23 -1 0
1128 26 5 -1 0
1129 25 19 0 -1
1130 55 26 0 -1
1131 46 13 0 1
1132 36 31 1 0
1133 88 12 0 -1
1134 40 39 0 -1
1135 41 7 0 1
1136 19 35 0 1
1137 28 2 0 -1
1138 41 14 -1 0
1139 93 12 -1 0
1140 24 17 0 1
1141 86 4 0 1
1142 20 8 0 1
1143 14 0 0 1
1144 10 33 -1 0
1145 6 37 1 0
1146 41 9 1 0
1147 29 18 0 1
1148 16 10 0 -1
1149 9 4 0 1
1150 19 36 0 -1
1151 46 16 1 0
1152 13 8 1 0
1153 83 11 1 0
1154 76 15 0 -1
1155 25 39 1 0
1156 38 23 0 1
1157 5 20 0 1
1158 37 22 0 1
1159 16 15 0 -1
1160 52 28 0 1
1161 88 38 0 -1
1162 27 24 1 0
1163 95 6 -1 0
1164 38 9 1 0
1165 30 37 -1 0
1166 95 30 1 0
1167 62 2 1 0
1168 2 32 1 0
1169 15 17 1 0
1170 68 20 -1 0
1171 82 17 0 1
1172 51 38 -1 0
1173 77 1 0 1
1174 13 25 1 0
1175 9 2 -1 0
1176 30 13 0 1
1177 40 27 1 0
1178 38 25 0 -1
1179 44 38 -1 0
1180 74 14 -1 0
1181 17 11 -1 0
1182 23 16 0 -1
1183 4 22 0 1
1184 61 36 0 -1
1185 28 32 -1 0
1186 26 39 1 0
1187 22 15 0 1
1188 60 16 1 0
1189 30 23 1 0
1190 51 20 -1 0
1191 35 4 1 0
1192 84 9 0 1
1193 83 29 0 1
1194 37 19 0 1
1195 29 0 -1 0
1196 96 26 -1 0
1197 40 9 -1 0
1198 48 1 -1 0
1199 42 14 0 -1
1200 94 31 0 -1
1201 6 26 0 1
1202 42 27 0 1
1203 80 22 -1 0
1204 23 20 -1 0
1205 42 0 -1 0
1206 41 12 0 -1
1207 30 35 0 -1
1208 83 24 1 0
1209 26 2 -1 0
1210 89 8 0 -1
1211 24 23 0 1
1212 87 9 0 1
1213 30 19 -1 0
1214 41 12 0 1
1215 6 32 0 1
1216 43 0 0 1
1217 20 27 0 -1
1218 27 24 1 0
1219 61 15 -1 0
1220 28 39 -1 0
1221 17 10 0 -1
1222 82 20 0 -1
1223 96 10 -1 0
1224 6 14 0 1
1225 50 21 1 0
1226 66 8 0 1
1227 29 23 1 0
1228 41 29 1 0
1229 86 4 1 0
1230 40 13 -1 0
1231 17 18 0 -1
1232 20 12 1 0
1233 16 29 0 1
1234 79 19 -1 0
1235 25 25 -1 0
1236 30 15 1 0
1237 53 0 0 1
1238 36 35 1 0
1239 24 6 1 0
1240 49 31 0 1
1241 21 10 -1 0
1242 90 8 -1 0
1243 40 10 0 -1
1244 40 26 1 0
1245 24 32 -1 0
1246 27 33 0 -1
1247 3 26 -1 0
1248 97 26 1 0
1249 19 13 1 0
1250 24 37 -1 0
1251 1 9 0 1
1252 16 31 1 0
1253 66 28 0 1
1254 19 10 1 0
1255 10 28 -1 0
1256 57 25 0 1
1257 50 39 0 1
1258 27 17 -1 0
1259 11 22 -1 0
1260 36 19 0 -1
1261 21 17 0 -1
1262 13 20 0 -1
1263 27 35 0 1
1264 14 11 1 0
1265 63 7 -1 0
1266 29 0 0 1
1267 23 6 0 -1
1268 35 21 -1 0
1269 73 24 -1 0
1270 9 34 0 -1
1271 15 33 -1 0
1272 51 8 0 -1
1273 37 20 0 1
1274 42 28 0 1
1275 65 30 -1 0
1276 14 28 0 -1
1277 27 36 0 -1
1278 66 9 1 0
1279 30 24 0 -1
1280 24 14 0 -1
1281 27 8 1 0
1282 13 0 -1 0
1283 9 33 0 -1
1284 48 20 -1 0
1285 26 38 -1 0
1286 94 2 0 1
1287 55 38 0 -1
1288 23 8 0 1
1289 73 35 1 0
1290 26 22 -1 0
1291 43 25 1 0
1292 62 21 0 1
1293 20 29 1 0
1294 53 6 1 0
1295 21 11 1 0
1296 60 4 -1 0
1297 43 22 0 1
1298 18 11 -1 0
1299 3 32 -1 0
1300 62 15 1 0
1301 23 19 -1 0
1302 48 9 0 1
1303 14 3 0 1
1304 13 15 0 1
1305 15 14 0 1
1306 44 5 1 0
1307 52 23 1 0
1308 14 16 -1 0
1309 57 21 0 -1
1310 25 22 1 0
1311 40 0 0 -1
1312 93 8 1 0
1313 88 33 0 1
1314 30 1 0 1
1315 40 1 0 1
1316 30 4 -1 0
1317 94 8 0 1
1318 24 8 1 0
1319 29 7 0 1
1320 90 4 0 -1
1321 96 26 1 0
1322 31 1 0 -1
1323 26 27 -1 0
1324 40 0 0 -1
1325 91 27 0 1
1326 61 31 1 0
1327 0 35 -1 0
1328 43 12 -1 0
1329 45 22 1 0
1330 19 32 0 1
1331 96 16 0 -1
1332 45 17 -1 0
1333 0 7 -1 0
1334 27 19 0 1
1335 90 34 0 -1
1336 88 31 0 1
1337 30 21 -1 0
1338 10 37 0 -1
1339 3 5 1 0
1340 3 34 0 1
1341 15 0 1 0
1342 43 5 0 1
1343 5 30 0 1
1344 26 24 -1 0
1345 42 18 1 0
1346 12 21 0 1
1347 14 2 1 0
1348 17 39 0 1
1349 24 3 0 1
1350 98 33 0 1
1351 24 34 0 -1
1352 39 21 1 0
1353 78 4 0 1
1354 23 12 0 1
1355 58 23 0 -1
1356 43 7 1 0
1357 47 21 0 1
1358 27 31 1 0
1359 25 8 0 1
1360 41 13 0 1
1361 59 21 0 1
1362 35 29 -1 0
1363 24 17 -1 0
1364 52 39 1 0
1365 88 19 1 0
1366 39 36 0 -1
1367 35 19 1 0
1368 22 23 -1 0
1369 28 1 0 -1
1370 76 32 0 1
1371 14 12 0 1
1372 86 5 0 -1
1373 8 28 0 -1
1374 71 39 -1 0
1375 46 24 0 -1
1376 47 16 -1 0
1377 14 10 0 1
1378 42 16 1 0
1379 19 14 0 -1
1380 22 23 0 -1
1381 37 30 1 0
1382 79 10 -1 0
1383 22 37 0 1
1384 20 6 0 1
1385 23 14 0 -1
1386 82 17 0 1
1387 23 35 0 1
1388 15 13 0 -1
1389 75 35 1 0
1390 74 16 1 0
1391 35 18 -1 0
1392 71 34 0 -1
1393 11 11 0 -1
1394 99 8 0 -1
1395 11 28 -1 0
1396 38 22 0 1
1397 40 18 1 0
1398 38 23 0 -1
1399 37 7 0 1
1400 35 32 1 0
1401 38 26 0 -1
1402 99 11 -1 0
1403 28 11 0 -1
1404 39 23 -1 0
1405 19 5 -1 0
1406 81 39 1 0
1407 27 30 0 1
1408 18 5 1 0
1409 42 18 1 0
1410 94 15 1 0
1411 13 20 0 1
1412 85 12 1 0
1413 60 27 0 -1
1414 21 18 1 0
1415 4 16 0 1
1416 27 7 0 -1
1417 25 34 1 0
1418 29 18 1 0
1419 94 16 -1 0
1420 35 9 -1 0
1421 21 9 -1 0
1422 5 21 0 1
1423 45 8 -1 0
1424 42 35 -1 0
1425 24 26 0 1
1426 98 14 0 -1
1427 27 26 -1 0
1428 43 13 0 1
1429 25 28 1 0
1430 0 18 -1 0
1431 37 29 0 -1
1432 29 30 0 1
1433 69 29 -1 0
1434 29 36 1 0
1435 9 35 0 1
1436 11 29 0 -1
1437 30 18 1 0
1438 28 17 0 1
1439 95 36 0 -1
1440 17 9 1 0
1441 12 1 -1 0
1442 90 3 0 -1
1443 98 27 0 -1
1444 27 1 0 1
1445 67 20 0 -1
1446 91 33 -1 0
1447 27 20 0 1
1448 10 0 0 -1
1449 40 17 1 0
1450 96 25 0 -1
1451 38 14 0 -1
1452 0 10 1 0
1453 50 5 -1 0
1454 7 37 -1 0
1455 51 23 1 0
1456 40 16 1 0
1457 81 21 0 1
1458 40 36 1 0
1459 20 1 1 0
1460 75 38 0 -1
1461 39 20 0 -1
1462 34 1 0 1
1463 20 16 0 -1
1464 7 3 1 0
1465 17 37 0 1
1466 5 7 1 0
1467 75 8 -1 0
1468 18 32 1 0
1469 76 14 0 -1
1470 38 24 0 -1
1471 87 4 0 1
1472 14 14 0 -1
1473 68 11 0 -1
1474 14 11 -1 0
1475 44 14 -1 0
1476 44 39 1 0
1477 41 38 -1 0
1478 21 21 0 -1
1479 35 17 0 1
1480 15 28 1 0
1481 27 14 1 0
1482 30 3 -1 0
1483 57 22 -1 0
1484 75 30 -1 0
1485 45 36 0 1
1486 26 31 -1 0
1487 90 12 -1 0
1488 39 16 -1 0
1489 27 11 -1 0
1490 23 15 1 0
1491 22 11 -1 0
1492 31 17 0 -1
1493 32 37 0 1
1494 20 32 -1 0
1495 83 4 0 1
1496 39 35 0 1
1497 40 23 1 0
1498 38 4 -1 0
1499 98 8 0 1
1500 10 27 0 1
1501 50 39 0 1
1502 6 24 0 -1
1503 94 10 1 0
1504 79 10 0 -1
1505 10 28 1 0
1506 41 36 0 1
1507 17 38 1 0
1508 5 36 -1 0
1509 19 8 1 0
1510 70 13 1 0
1511 94 2 1 0
1512 95 26 0 -1
1513 83 15 1 0
1514 48 25 0 1
1515 98 23 -1 0
1516 25 6 1 0
1517 12 38 -1 0
1518 27 27 1 0
1519 16 19 0 -1
1520 39 39 0 -1
1521 41 39 -1 0
1522 97 22 1 0
1523 17 13 0 1
1524 28 14 0 -1
1525 6 33 0 1
1526 9 9 0 -1
1527 30 20 0 -1
1528 58 17 1 0
1529 27 0 -1 0
1530 11 1 -1 0
1531 31 31 0 -1
1532 31 35 1 0
1533 45 18 1 0
1534 25 13 0 -1
1535 96 30 0 1
1536 99 1 0 1
1537 3 24 0 -1
1538 16 13 0 -1
1539 22 13 0 -1
1540 10 36 1 0
1541 18 0 0 -1
1542 48 17 0 1
1543 19 35 -1 0
1544 25 26 0 -1
1545 92 32 0 1
1546 86 3 0 1
1547 63 12 0 -1
1548 38 31 0 -1
1549 51 19 1 0
1550 61 13 0 -1
1551 91 26 -1 0
1552 67 19 1 0
1553 31 7 0 -1
1554 23 6 1 0
1555 85 37 0 -1
1556 41 34 1 0
1557 18 6 0 -1
1558 24 7 1 0
1559 1 16 0 1
1560 13 11 0 -1
1561 92 7 1 0
1562 48 38 0 -1
1563 77 11 0 -1
1564 18 5 -1 0
1565 26 2 0 1
1566 18 6 0 1
1567 67 39 0 1
1568 38 9 -1 0
1569 27 28 0 1
1570 10 4 0 -1
1571 70 3 0 1
1572 20 15 1 0
1573 29 22 0 -1
1574 36 18 1 0
1575 36 18 1 0
1576 12 32 0 -1
1577 43 7 0 1
1578 4 35 0 -1
1579 19 5 1 0
1580 73 10 1 0
1581 68 9 0 -1
1582 44 5 0 -1
1583 26 5 0 1
1584 45 37 0 1
1585 95 9 1 0
1586 95 36 0 1
1587 22 22 0 1
1588 4 19 0 1
1589 1 13 1 0
1590 94 35 0 -1
1591 30 39 0 -1
1592 18 35 0 1
1593 68 22 0 -1
1594 87 28 0 1
1595 41 19 -1 0
1596 22 36 0 -1
1597 5 16 0 1
1598 40 21 -1 0
1599 38 28 -1 0
1600 14 32 1 0
1601 18 14 1 0
1602 45 16 1 0
1603 22 34 0 -1
1604 23 38 0 -1
1605 15 14 0 -1
1606 35 18 0 -1
1607 92 24 -1 0
1608 86 5 -1 0
1609 43 5 1 0
1610 53 11 0 1
1611 26 36 1 0
1612 93 6 0 1
1613 44 13 1 0
1614 71 31 1 0
1615 28 26 0 -1
1616 37 9 1 0
1617 30 2 1 0
1618 45 4 0 1
1619 9 25 0 1
1620 64 21 1 0
1621 36 2 0 1
1622 49 37 0 1
1623 45 8 0 1
1624 3 17 0 1
1625 46 34 -1 0
1626 45 10 1 0
1627 18 11 0 -1
1628 29 16 0 -1
1629 3 28 0 1
1630 99 34 0 1
1631 29 4 1 0
1632 75 9 1 0
1633 18 13 0 -1
1634 26 31 -1 0
1635 82 16 0 -1
1636 18 28 -1 0
1637 47 26 1 0
1638 45 10 0 1
1639 20 10 0 1
1640 42 8 0 1
1641 38 34 0 1
1642 40 28 0 1
1643 37 37 1 0
1644 11 10 0 -1
1645 17 10 0 -1
1646 50 3 0 -1
1647 88 29 -1 0
1648 34 24 -1 0
1649 10 32 -1 0
1650 82 21 0 -1
1651 25 24 -1 0
1652 6 5 0 -1
1653 55 28 0 1
1654 49 4 -1 0
1655 25 35 -1 0
1656 98 8 0 -1
1657 38 29 0 1
1658 71 1 0 -1
1659 68 31 0 -1
1660 39 13 -1 0
1661 98 24 0 1
1662 45 7 0 1
1663 70 11 0 1
1664 36 28 1 0
1665 73 1 0 -1
1666 17 28 1 0
1667 47 15 -1 0
1668 90 14 0 -1
1669 86 24 1 0
1670 36 27 0 1
1671 28 15 -1 0
1672 30 15 1 0
1673 19 19 -1 0
1674 99 36 1 0
1675 39 38 -1 0
1676 24 4 1 0
1677 20 13 0 -1
1678 67 21 1 0
1679 22 17 0 -1
1680 43 37 0 1
1681 40 30 0 1
1682 66 32 1 0
1683 99 9 0 1
1684 11 28 -1 0
1685 48 8 -1 0
1686 25 39 0 -1
1687 30 1 0 1
1688 23 37 0 1
1689 43 33 0 -1
1690 83 15 0 1
1691 51 10 0 -1
1692 61 12 -1 0
1693 46 34 -1 0
1694 62 37 0 1
1695 14 8 1 0
1696 23 9 0 -1
1697 74 5 -1 0
1698 29 37 1 0
1699 47 26 0 1
1700 45 14 0 1
1701 66 13 0 -1
1702 5 5 -1 0
1703 88 6 1 0
1704 23 33 -1 0
1705 27 9 1 0
1706 40 11 0 1
1707 88 19 0 1
1708 52 30 0 -1
1709 28 24 1 0
1710 23 7 -1 0
1711 29 17 0 1
1712 5 11 1 0
1713 83 38 1 0
1714 11 6 -1 0
1715 26 12 0 1
1716 36 7 0 1
1717 43 12 1 0
1718 41 25 0 1
1719 77 4 0 1
1720 41 4 -1 0
1721 44 21 0 1
1722 29 2 -1 0
1723 76 25 0 1
1724 30 19 0 -1
1725 15 38 0 -1
1726 30 3 0 1
1727 71 37 1 0
1728 7 4 0 -1
1729 52 25 0 1
1730 92 33 -1 0
1731 68 28 0 1
1732 63 20 1 0
1733 9 39 -1 0
1734 90 36 0 -1
1735 31 27 0 1
1736 29 8 1 0
1737 11 28 1 0
1738 13 6 0 1
1739 40 27 0 -1
1740 44 22 1 0
1741 23 11 0 -1
1742 24 0 0 -1
1743 27 32 1 0
1744 41 16 0 -1
1745 28 38 -1 0
1746 0 7 0 1
1747 90 26 0 -1
1748 42 36 0 1
1749 37 31 -1 0
1750 0 16 1 0
1751 40 18 0 -1
1752 36 26 0 1
1753 18 11 -1 0
1754 42 36 1 0
1755 14 31 1 0
1756 73 29 0 -1
1757 37 28 -1 0
1758 19 26 0 1
1759 99 13 0 1
1760 20 26 1 0
1761 23 37 0 1
1762 18 12 0 -1
1763 98 23 0 -1
1764 27 11 0 -1
1765 41 38 1 0
1766 40 38 -1 0
1767 60 32 1 0
1768 40 12 1 0
1769 28 23 0 1
1770 5 34 -1 0
1771 87 16 -1 0
1772 97 7 0 -1
1773 24 15 -1 0
1774 19 6 -1 0
1775 9 33 1 0
1776 44 30 1 0
1777 70 13 0 -1
1778 41 9 0 -1
1779 90 13 1 0
1780 11 14 0 1
1781 61 31 -1 0
1782 29 1 -1 0
1783 23 34 -1 0
1784 88 25 0 1
1785 23 38 -1 0
1786 45 25 0 -1
1787 46 30 0 1
1788 37 25 -1 0
1789 2 27 -1 0
1790 36 4 0 1
1791 23 4 1 0
1792 97 36 0 1
1793 49 29 -1 0
1794 88 39 -1 0
1795 65 14 1 0
1796 0 28 0 1
1797 22 14 0 -1
1798 31 9 -1 0
1799 12 36 0 1
1800 4 26 0 1
1801 44 4 1 0
1802 39 7 0 1
1803 21 6 1 0
1804 22 30 -1 0
1805 42 5 0 -1
1806 97 6 0 1
1807 98 19 0 -1
1808 22 32 0 1
1809 31 24 0 1
1810 3 32 -1 0
1811 5 4 -1 0
1812 25 34 -1 0
1813 32 23 0 -1
1814 46 35 0 1
1815 84 4 0 -1
1816 43 15 0 1
1817 83 10 0 1
1818 41 31 0 1
1819 39 37 0 -1
1820 36 27 -1 0
1821 36 25 -1 0
1822 66 28 1 0
1823 7 29 -1 0
1824 22 16 1 0
1825 50 20 0 1
1826 75 29 -1 0
1827 96 16 -1 0
1828 22 24 0 1
1829 15 23 0 -1
1830 31 34 0 -1
1831 3 11 -1 0
1832 26 4 0 -1
1833 76 36 0 1
1834 76 22 0 -1
1835 24 30 1 0
1836 43 16 0 1
1837 13 13 1 0
1838 98 11 1 0
1839 2 7 -1 0
1840 2 11 0 1
1841 25 9 1 0
1842 43 11 -1 0
1843 47 33 1 0
1844 30 20 0 1
1845 24 12 1 0
1846 46 38 1 0
1847 39 12 -1 0
1848 12 28 0 -1
1849 39 26 1 0
1850 56 3 0 1
1851 16 30 1 0
1852 25 11 0 1
1853 89 23 0 -1
1854 28 20 0 1
1855 58 19 -1 0
1856 52 4 0 1
1857 78 36 -1 0
1858 11 0 0 -1
1859 51 13 -1 0
1860 39 20 1 0
1861 27 34 0 -1
1862 65 11 1 0
1863 65 27 0 -1
1864 21 30 0 1
1865 31 15 0 -1
1866 43 11 0 1
1867 37 2 0 -1
1868 87 39 0 -1
1869 90 10 0 1
1870 55 39 0 -1
1871 68 1 -1 0
1872 88 34 1 0
1873 21 24 1 0
1874 11 6 -1 0
1875 28 22 -1 0
1876 85 11 0 -1
1877 3 9 0 1
1878 40 38 1 0
1879 44 25 0 -1
1880 64 24 0 1
1881 69 24 0 1
1882 91 2 0 -1
1883 99 18 -1 0
1884 85 17 1 0
1885 19 12 1 0
1886 39 26 1 0
1887 6 19 0 1
1888 31 11 0 -1
1889 22 39 1 0
1890 30 17 0 -1
1891 60 23 0 -1
1892 24 10 0 1
1893 16 9 -1 0
1894 31 16 -1 0
1895 21 7 0 1
1896 41 17 1 0
1897 32 14 1 0
1898 1 19 1 0
1899 42 7 1 0
1900 21 37 -1 0
1901 44 4 -1 0
1902 43 34 0 -1
1903 46 11 0 1
1904 39 0 1 0
1905 44 34 -1 0
1906 70 21 1 0
1907 50 26 -1 0
1908 50 27 0 1
1909 44 17 -1 0
1910 42 15 0 1
1911 93 16 0 -1
1912 85 3 0 -1
1913 95 24 0 -1
1914 38 29 0 1
1915 34 18 -1 0
1916 26 15 -1 0
1917 29 19 1 0
1918 8 7 -1 0
1919 39 38 0 -1
1920 52 29 1 0
1921 55 0 1 0
1922 53 28 0 -1
1923 57 35 1 0
1924 66 39 0 -1
1925 42 10 0 1
1926 21 13 0 -1
1927 6 24 1 0
1928 46 22 1 0
1929 12 27 1 0
1930 76 24 -1 0
1931 31 39 0 -1
1932 83 29 0 1
1933 25 37 0 -1
1934 26 14 1 0
1935 26 28 0 1
1936 97 14 0 -1
1937 23 34 0 -1
1938 92 26 0 -1
1939 85 10 0 -1
1940 32 28 0 1
1941 65 25 0 -1
1942 2 9 1 0
1943 27 16 0 -1
1944 40 32 1 0
1945 88 32 0 1
1946 39 18 -1 0
1947 17 28 0 1
1948 16 1 0 1
1949 42 19 1 0
1950 22 8 1 0
1951 18 31 1 0
1952 35 18 1 0
1953 79 21 0 -1
1954 4 26 0 1
1955 44 24 1 0
1956 28 23 0 1
1957 24 33 0 1
1958 23 8 0 1
1959 38 18 0 1
1960 46 24 0 -1
1961 74 24 1 0
1962 42 4 1 0
1963 59 8 0 1
1964 54 34 0 -1
1965 16 12 -1 0
1966 16 10 1 0
1967 91 10 1 0
1968 35 1 0 -1
1969 38 30 0 -1
1970 30 7 0 -1
1971 39 31 1 0
1972 80 19 -1 0
1973 5 19 0 1
1974 61 15 0 -1
1975 13 17 1 0
1976 79 4 0 1
1977 31 3 1 0
1978 23 38 0 1
1979 42 33 -1 0
1980 39 29 0 1
1981 85 2 0 -1
1982 25 35 0 1
1983 23 22 0 1
1984 14 9 0 1
1985 21 36 0 -1
1986 45 30 -1 0
1987 61 34 -1 0
1988 26 9 0 1
1989 46 2 0 1
1990 38 7 0 -1
1991 8 24 1 0
1992 94 14 0 -1
1993 28 11 -1 0
1994 37 26 0 1
1995 28 37 0 1
1996 55 37 0 1
1997 9 25 -1 0
1998 21 39 0 1
1999 28 24 1 0
2000 47 37 1 0
2001 13 11 0 1
2002 82 0 0 1
2003 76 19 0 1
2004 26 16 1 0
2005 31 21 -1 0
2006 21 20 1 0
2007 14 6 0 -1
2008 40 4 0 1
2009 0 11 1 0
2010 63 1 1 0
2011 53 6 1 0
2012 13 19 -1 0
2013 2 36 0 -1
2014 45 32 -1 0
2015 18 20 0 -1
2016 74 26 0 -1
2017 69 0 1 0
2018 31 35 0 -1
2019 46 12 -1 0
2020 61 36 -1 0
2021 36 8 -1 0
2022 25 7 0 1
2023 11 4 -1 0
2024 25 1 0 -1
2025 8 26 1 0
2026 82 35 1 0
2027 98 19 0 -1
2028 48 32 -1 0
2029 11 36 -1 0
2030 45 24 0 1
2031 60 20 -1 0
2032 66 22 -1 0
2033 14 15 0 -1
2034 38 22 -1 0
2035 22 37 0 1
2036 22 38 0 1
2037 45 37 -1 0
2038 15 8 0 1
2039 82 16 0 -1
2040 21 13 0 -1
2041 39 4 -1 0
2042 42 9 0 -1
2043 76 33 -1 0
2044 31 31 1 0
2045 52 11 0 1
2046 46 6 0 1
2047 51 35 1 0
2048 4 24 0 1
2049 30 18 1 0
2050 29 36 0 1
2051 9 26 1 0
2052 38 21 1 0
2053 27 7 -1 0
2054 9 14 1 0
2055 32 31 1 0
2056 27 28 1 0
2057 82 2 -1 0
2058 14 26 0 1
2059 58 35 0 -1
2060 72 13 1 0
2061 89 35 0 1
2062 76 6 1 0
2063 39 37 0 -1
2064 5 4 0 -1
2065 62 26 0 -1
2066 79 32 1 0
2067 49 33 -1 0
2068 25 12 -1 0
2069 82 13 0 1
2070 42 32 -1 0
2071 5 9 0 1
2072 86 7 1 0
2073 91 23 0 1
2074 66 16 0 1
2075 41 10 0 -1
2076 2 21 -1 0
2077 38 15 0 -1
2078 22 12 1 0
2079 46 12 0 -1
2080 89 17 -1 0
2081 41 3 0 1
2082 89 32 0 -1
2083 20 30 0 -1
2084 72 9 0 1
2085 32 36 0 1
2086 30 0 1 0
2087 11 10 -1 0
2088 43 15 1 0
2089 28 26 0 1
2090 92 37 -1 0
2091 72 0 1 0
2092 87 13 0 1
2093 30 36 1 0
2094 7 28 0 -1
2095 40 18 0 -1
2096 25 27 0 1
2097 15 15 0 -1
2098 48 5 -1 0
2099 23 16 1 0
2100 20 9 1 0
2101 87 34 0 1
2102 50 6 0 -1
2103 38 19 -1 0
2104 42 11 0 1
2105 76 17 1 0
2106 5 15 0 -1
2107 12 15 0 1
2108 61 13 -1 0
2109 55 31 1 0
2110 0 9 0 -1
2111 28 0 -1 0
2112 27 38 -1 0
2113 39 16 0 -1
2114 12 32 0 1
2115 76 20 -1 0
2116 50 21 1 0
2117 36 29 -1 0
2118 80 32 0 -1
2119 15 10 1 0
2120 90 33 0 -1
2121 65 2 0 -1
2122 26 28 1 0
2123 45 12 0 -1
2124 27 2 -1 0
2125 43 17 0 -1
2126 46 3 0 1
2127 71 11 1 0
2128 63 26 0 1
2129 32 18 0 1
2130 15 22 1 0
2131 46 8 1 0
2132 64 19 0 -1
2133 99 22 1 0
2134 94 4 1 0
2135 35 17 0 1
2136 83 4 1 0
2137 94 24 0 1
2138 83 39 1 0
2139 71 12 1 0
2140 15 36 0 -1
2141 86 8 -1 0
2142 46 6 0 -1
2143 15 10 0 1
2144 28 17 0 1
2145 23 6 1 0
2146 29 30 0 1
2147 62 33 0 -1
2148 56 2 1 0
2149 55 19 1 0
2150 49 11 0 1
2151 91 29 0 1
2152 47 11 1 0
2153 65 10 1 0
2154 52 18 0 -1
2155 94 34 0 -1
2156 16 16 0 1
2157 44 28 0 -1
2158 37 26 1 0
2159 42 1 1 0
2160 49 23 -1 0
2161 71 30 0 -1
2162 2 13 1 0
2163 42 16 -1 0
2164 28 35 0 -1
2165 39 13 1 0
2166 22 17 -1 0
2167 53 5 0 1
2168 35 1 0 1
2169 89 35 -1 0
2170 54 12 0 1
2171 74 35 0 -1
2172 7 24 -1 0
2173 79 19 0 1
2174 46 23 -1 0
2175 40 34 0 -1
2176 84 3 1 0
2177 86 16 1 0
2178 21 16 1 0
2179 17 19 -1 0
2180 39 0 -1 0
2181 46 13 1 0
2182 14 6 0 1
2183 46 12 0 -1
2184 71 25 -1 0
2185 23 4 -1 0
2186 37 37 0 1
2187 55 24 0 1
2188 40 37 0 -1
2189 37 32 0 -1
2190 93 36 0 -1
2191 52 15 0 1
2192 46 1 0 -1
2193 24 35 1 0
2194 23 31 -1 0
2195 21 8 0 -1
2196 51 22 -1 0
2197 20 13 0 -1
2198 50 18 -1 0
2199 52 31 1 0
2200 88 6 0 -1
2201 90 30 1 0
2202 60 1 1 0
2203 74 24 0 1
2204 43 6 0 -1
2205 41 36 0 -1
2206 97 0 0 -1
2207 26 3 1 0
2208 75 2 0 1
2209 98 26 -1 0
2210 97 25 1 0
2211 39 15 0 1
2212 28 13 1 0
2213 26 23 1 0
2214 17 29 0 1
2215 16 9 0 1
2216 67 21 0 1
2217 36 26 1 0
2218 75 36 0 -1
2219 99 14 0 -1
2220 26 4 0 -1
2221 34 38 1 0
2222 52 32 -1 0
2223 1 27 1 0
2224 23 14 0 -1
2225 36 28 0 1
2226 20 27 1 0
2227 30 28 -1 0
2228 44 28 0 -1
2229 88 19 0 1
2230 8 35 -1 0
2231 3 30 -1 0
2232 13 3 -1 0
2233 42 10 -1 0
2234 40 16 0 -1
2235 35 19 1 0
2236 47 28 0 1
2237 66 5 -1 0
2238 22 13 -1 0
2239 78 15 -1 0
2240 28 28 0 -1
2241 19 12 1 0
2242 27 36 1 0
2243 19 12 0 -1
2244 48 13 1 0
2245 40 35 0 -1
2246 27 10 0 1
2247 64 27 0 1
2248 26 10 1 0
2249 38 34 0 1
2250 47 10 1 0
2251 44 19 -1 0
2252 22 35 0 1
2253 50 22 1 0
2254 42 26 1 0
2255 9 4 0 -1
2256 18 8 0 1
2257 3 31 0 1
2258 17 4 0 -1
2259 15 9 0 1
2260 18 13 1 0
2261 74 28 1 0
2262 15 0 -1 0
2263 29 35 0 1
2264 59 16 -1 0
2265 26 10 -1 0
2266 25 13 0 -1
2267 30 19 0 -1
2268 30 36 0 1
2269 96 12 0 1
2270 48 37 -1 0
2271 44 9 1 0
2272 28 13 1 0
2273 3 36 0 -1
2274 9 35 0 -1
2275 32 38 0 -1
2276 45 17 1 0
2277 8 25 0 1
2278 85 8 -1 0
2279 69 31 1 0
2280 45 8 -1 0
2281 37 17 -1 0
2282 12 28 -1 0
2283 37 34 0 -1
2284 50 35 1 0
2285 40 32 0 -1
2286 87 27 0 1
2287 40 26 0 1
2288 69 2 0 -1
2289 75 10 0 1
2290 76 13 0 1
2291 57 13 0 -1
2292 93 26 0 -1
2293 6 22 0 1
2294 5 8 0 1
2295 59 4 -1 0
2296 68 35 -1 0
2297 67 10 0 -1
2298 42 33 0 -1
2299 2 22 0 1
2300 89 13 -1 0
2301 7 27 1 0
2302 42 16 -1 0
2303 51 23 0 1
2304 79 29 0 -1
2305 46 8 -1 0
2306 84 1 0 1
2307 92 25 1 0
2308 54 7 0 -1
2309 91 0 -1 0
2310 99 38 0 -1
2311 90 32 1 0
2312 42 12 1 0
2313 26 2 0 1
2314 25 25 0 1
2315 2 21 0 1
2316 44 0 0 -1
2317 95 36 0 1
2318 84 22 1 0
2319 39 28 0 1
2320 41 18 1 0
2321 41 20 0 -1
2322 20 4 1 0
2323 25 27 0 -1
2324 44 8 -1 0
2325 44 30 1 0
2326 24 0 1 0
2327 13 6 0 1
2328 21 14 1 0
2329 28 1 -1 0
2330 20 12 0 -1
2331 36 9 -1 0
2332 19 16 -1 0
2333 88 10 0 1
2334 85 12 1 0
2335 99 0 0 -1
2336 27 8 1 0
2337 83 13 -1 0
2338 28 38 -1 0
2339 51 39 0 1
2340 49 30 0 1
2341 70 9 -1 0
2342 29 0 0 1
2343 12 6 -1 0
2344 22 21 1 0
2345 29 38 -1 0
2346 39 19 0 -1
2347 46 22 -1 0
2348 15 0 -1 0
2349 93 23 0 -1
2350 90 16 -1 0
2351 38 7 0 -1
2352 9 18 0 -1
2353 44 0 0 1
2354 99 5 0 -1
2355 27 0 1 0
2356 49 25 -1 0
2357 37 27 0 -1
2358 26 29 0 -1
2359 69 28 0 -1
2360 68 13 0 1
2361 77 12 0 -1
2362 17 29 -1 0
2363 42 1 0 1
2364 58 11 -1 0
2365 26 19 -1 0
2366 86 7 -1 0
2367 24 11 1 0
2368 46 28 0 -1
2369 29 39 1 0
2370 40 22 0 1
2371 54 29 0 -1
2372 37 27 0 1
2373 72 19 0 -1
2374 38 14 1 0
2375 42 22 -1 0
2376 23 23 -1 0
2377 39 8 0 -1
2378 86 2 1 0
2379 53 37 0 1
2380 4 9 -1 0
2381 31 15 0 1
2382 26 6 1 0
2383 67 12 0 -1
2384 43 28 1 0
2385 94 17 1 0
2386 45 6 -1 0
2387 46 5 0 -1
2388 40 21 0 1
2389 66 5 -1 0
2390 30 0 -1 0
2391 8 1 0 1
2392 44 6 0 1
2393 24 28 1 0
2394 59 23 0 1
2395 42 15 0 1
2396 25 24 0 1
2397 41 25 0 1
2398 23 39 -1 0
2399 87 32 1 0
2400 90 20 0 1
2401 74 36 0 -1
2402 17 31 0 -1
2403 13 10 0 1
2404 5 31 1 0
2405 44 7 0 -1
2406 90 14 1 0
2407 37 31 -1 0
2408 5 2 -1 0
2409 20 30 1 0
2410 58 7 -1 0
2411 49 10 0 1
2412 44 20 1 0
2413 14 32 0 1
2414 74 11 -1 0
2415 14 35 0 1
2416 29 15 1 0
2417 25 20 1 0
2418 22 27 -1 0
2419 39 1 1 0
2420 75 25 1 0
2421 23 5 1 0
2422 9 37 1 0
2423 29 29 -1 0
2424 86 39 0 -1
2425 27 37 1 0
2426 64 28 1 0
2427 38 38 1 0
2428 20 36 0 1
2429 93 2 0 -1
2430 26 35 1 0
2431 46 36 -1 0
2432 15 36 0 1
2433 16 2 1 0
2434 90 17 0 1
2435 41 26 0 -1
2436 40 3 0 -1
2437 25 28 1 0
2438 73 5 1 0
2439 7 6 0 1
2440 11 16 1 0
2441 47 34 0 1
2442 1 28 -1 0
2443 40 19 1 0
2444 94 39 0 -1
2445 1 32 0 -1
2446 38 0 0 -1
2447 3 30 -1 0
2448 95 37 1 0
2449 58 17 -1 0
2450 85 9 1 0
2451 42 14 -1 0
2452 24 13 1 0
2453 44 12 0 1
2454 7 38 0 -1
2455 45 25 0 -1
2456 44 14 0 1
2457 54 2 0 1
2458 8 38 1 0
2459 38 13 0 1
2460 40 13 0 -1
2461 99 16 1 0
2462 73 21 -1 0
2463 0 38 0 1
2464 38 38 1 0
2465 73 27 1 0
2466 72 9 1 0
2467 39 36 -1 0
2468 26 7 0 1
2469 52 34 -1 0
2470 6 30 0 -1
2471 27 0 0 1
2472 28 12 0 1
2473 94 25 0 -1
2474 27 26 0 -1
2475 80 30 -1 0
2476 35 33 0 1
2477 28 29 1 0
2478 25 2 0 -1
2479 1 4 0 -1
2480 94 36 -1 0
2481 10 14 0 -1
2482 21 11 0 1
2483 16 28 1 0
2484 2 34 1 0
2485 95 27 0 1
2486 30 17 0 1
2487 91 7 1 0
2488 21 15 0 1
2489 45 9 0 -1
2490 7 31 0 -1
2491 36 37 -1 0
2492 62 7 0 1
2493 29 17 0 1
2494 84 15 -1 0
2495 16 14 0 1
2496 45 32 -1 0
2497 47 14 1 0
2498 13 13 1 0
2499 12 32 1 0
2500 41 8 1 0
2501 89 37 1 0
2502 20 13 1 0
2503 12 20 -1 0
2504 43 23 0 -1
2505 74 4 0 1
2506 89 0 0 1
2507 37 39 0 -1
2508 7 18 1 0
2509 28 28 0 1
2510 29 17 0 1
2511 21 37 0 -1
2512 13 10 0 1
2513 45 3 0 -1
2514 35 38 0 -1
2515 28 31 -1 0
2516 4 2 -1 0
2517 58 31 0 1
2518 69 23 -1 0
2519 13 24 0 -1
2520 15 31 0 1
2521 44 15 0 -1
2522 86 15 0 -1
2523 42 29 0 -1
2524 30 5 1 0
2525 21 5 0 1
2526 39 11 -1 0
2527 24 15 0 -1
2528 77 31 -1 0
2529 18 15 0 -1
2530 46 10 -1 0
2531 53 39 1 0
2532 29 37 0 -1
2533 42 12 0 1
2534 20 3 0 -1
2535 70 31 0 -1
2536 69 4 0 1
2537 60 3 0 1
2538 46 2 0 -1
2539 19 36 0 1
2540 27 12 -1 0
2541 66 16 0 1
2542 41 14 1 0
2543 14 38 1 0
2544 22 26 1 0
2545 64 20 0 -1
2546 86 17 0 -1
2547 90 15 0 1
2548 90 36 1 0
2549 92 16 0 -1
2550 4 36 0 1
2551 22 1 1 0
2552 80 30 -1 0
2553 27 28 -1 0
2554 21 20 1 0
2555 20 34 -1 0
2556 87 35 0 -1
2557 88 7 0 -1
2558 24 34 1 0
2559 25 15 1 0
2560 10 26 0 1
2561 38 8 -1 0
2562 19 34 -1 0
2563 23 36 1 0
2564 11 34 1 0
2565 36 11 0 -1
2566 20 30 -1 0
2567 41 11 1 0
2568 30 4 1 0
2569 28 14 0 -1
2570 22 12 -1 0
2571 24 37 0 1
2572 9 20 0 -1
2573 26 3 1 0
2574 71 24 0 -1
2575 57 32 -1 0
2576 49 22 -1 0
2577 18 12 -1 0
2578 20 15 1 0
2579 3 5 -1 0
2580 16 30 -1 0
2581 78 16 0 -1
2582 17 8 -1 0
2583 23 13 1 0
2584 4 4 -1 0
2585 12 11 1 0
2586 54 4 0 -1
2587 35 17 -1 0
2588 81 25 0 1
2589 21 7 0 1
2590 43 29 -1 0
2591 64 39 0 -1
2592 93 13 -1 0
2593 46 37 -1 0
2594 19 34 -1 0
2595 76 38 0 -1
2596 76 25 0 -1
2597 31 17 -1 0
2598 63 35 -1 0
2599 47 30 0 -1
2600 92 3 0 -1
2601 30 9 1 0
2602 6 10 0 -1
2603 52 27 0 1
2604 15 8 -1 0
2605 9 21 1 0
2606 2 22 -1 0
2607 10 0 1 0
2608 21 13 -1 0
2609 66 21 0 1
2610 17 38 1 0
2611 30 22 0 -1
2612 60 15 0 1
2613 27 14 -1 0
2614 42 10 0 -1
2615 6 8 0 -1
2616 87 9 1 0
2617 61 9 1 0
2618 1 20 0 -1
2619 71 0 -1 0
2620 42 14 0 -1
2621 74 20 1 0
2622 17 6 -1 0
2623 15 10 0 -1
2624 21 8 0 1
2625 59 22 0 1
2626 23 34 -1 0
2627 51 13 0 1
2628 68 9 -1 0
2629 73 33 1 0
2630 41 18 -1 0
2631 45 20 0 1
2632 42 34 1 0
2633 43 9 0 -1
2634 40 32 1 0
2635 86 24 0 1
2636 19 33 0 1
2637 44 13 0 1
2638 47 18 0 1
2639 38 8 0 -1
2640 44 15 0 -1
2641 22 6 -1 0
2642 92 9 0 1
2643 12 18 1 0
2644 90 24 1 0
2645 14 28 0 1
2646 37 4 0 -1
2647 2 18 0 1
2648 53 17 1 0
2649 58 39 0 -1
2650 91 4 0 1
2651 19 25 -1 0
2652 77 39 0 1
2653 16 6 0 -1
2654 37 32 1 0
2655 8 38 -1 0
2656 52 10 0 -1
2657 25 11 -1 0
2658 89 9 1 0
2659 81 34 -1 0
2660 70 6 -1 0
2661 0 24 0 -1
2662 5 18 0 1
2663 84 6 1 0
2664 36 13 -1 0
2665 28 39 1 0
2666 7 37 1 0
2667 29 26 0 -1
2668 23 13 0 1
2669 78 23 1 0
2670 7 19 -1 0
2671 40 34 0 1
2672 59 15 -1 0
2673 29 9 0 -1
2674 10 33 1 0
2675 19 15 0 1
2676 3 28 -1 0
2677 92 27 0 1
2678 23 20 1 0
2679 27 4 1 0
2680 23 19 0 1
2681 59 30 0 -1
2682 37 35 0 1
2683 78 0 0 -1
2684 29 23 0 -1
2685 58 24 0 1
2686 9 22 0 -1
2687 81 9 1 0
2688 6 1 0 -1
2689 24 24 1 0
2690 17 9 -1 0
2691 0 10 1 0
2692 69 20 -1 0
2693 0 36 1 0
2694 98 4 1 0
2695 26 23 0 1
2696 27 20 0 1
2697 44 25 -1 0
2698 58 26 0 -1
2699 14 13 1 0
2700 37 8 -1 0
2701 43 28 0 -1
2702 41 13 1 0
2703 88 18 -1 0
2704 29 7 0 1
2705 87 5 0 1
2706 96 32 -1 0
2707 19 11 1 0
2708 0 6 0 1
2709 31 28 -1 0
2710 13 34 0 -1
2711 24 29 1 0
2712 62 29 -1 0
2713 18 12 1 0
2714 46 9 0 -1
2715 94 32 0 1
2716 24 38 1 0
2717 3 9 1 0
2718 43 14 0 -1
2719 16 20 1 0
2720 17 5 1 0
2721 39 5 1 0
2722 62 10 -1 0
2723 90 23 0 1
2724 46 9 -1 0
2725 43 25 0 1
2726 16 10 0 -1
2727 76 27 0 -1
2728 24 7 1 0
2729 50 7 -1 0
2730 43 37 0 -1
2731 17 4 1 0
2732 26 0 -1 0
2733 40 12 0 -1
2734 7 16 0 1
2735 61 6 0 -1
2736 46 18 1 0
2737 25 14 1 0
2738 61 28 0 -1
2739 32 39 0 1
2740 31 33 -1 0
2741 52 29 -1 0
2742 51 16 1 0
2743 77 22 0 1
2744 42 21 0 1
2745 29 28 0 1
2746 79 15 1 0
2747 83 24 -1 0
2748 75 19 -1 0
2749 93 38 1 0
2750 88 36 0 -1
2751 10 5 0 1
2752 48 24 -1 0
2753 91 6 1 0
2754 46 11 1 0
2755 16 17 0 -1
2756 46 8 -1 0
2757 83 38 -1 0
2758 6 6 0 -1
2759 21 10 -1 0
2760 78 17 0 -1
2761 1 31 -1 0
2762 44 23 0 -1
2763 22 13 0 -1
2764 21 1 0 -1
2765 66 18 1 0
2766 24 39 0 -1
2767 14 32 -1 0
2768 97 33 -1 0
2769 30 24 0 -1
2770 27 13 0 1
2771 99 36 0 1
2772 43 21 0 1
2773 37 22 -1 0
2774 14 36 0 1
2775 87 2 -1 0
2776 27 25 -1 0
2777 41 1 0 -1
2778 25 14 0 1
2779 73 29 0 1
2780 41 20 0 -1
2781 41 31 -1 0
2782 36 27 0 1
2783 43 18 0 1
2784 22 8 -1 0
2785 4 20 1 0
2786 84 4 0 -1
2787 45 28 0 -1
2788 93 22 -1 0
2789 52 18 0 1
2790 20 16 0 -1
2791 42 12 1 0
2792 48 21 1 0
2793 52 29 -1 0
2794 97 7 0 1
2795 80 20 1 0
2796 97 21 -1 0
2797 47 13 0 1
2798 57 11 0 1
2799 17 3 1 0
2800 45 0 1 0
2801 5 24 0 -1
2802 51 32 1 0
2803 10 5 1 0
2804 94 35 0 1
2805 39 6 0 -1
2806 5 16 -1 0
2807 27 27 0 1
2808 36 6 0 1
2809 21 11 0 -1
2810 40 33 -1 0
2811 17 2 0 1
2812 6 39 1 0
2813 25 25 -1 0
2814 88 17 0 -1
2815 41 29 0 1
2816 49 39 0 -1
2817 25 10 0 1
2818 43 16 1 0
2819 4 20 -1 0
2820 26 26 0 1
2821 96 15 -1 0
2822 20 35 0 -1
2823 63 9 1 0
2824 63 38 1 0
2825 58 16 1 0
2826 13 11 1 0
2827 46 31 1 0
2828 83 14 1 0
2829 96 13 0 -1
2830 91 27 0 1
2831 44 11 1 0
2832 43 13 0 -1
2833 43 36 0 -1
2834 22 18 0 1
2835 25 36 0 -1
2836 0 28 0 1
2837 59 12 -1 0
2838 29 16 1 0
2839 13 34 1 0
2840 12 15 0 1
2841 36 6 0 -1
2842 83 31 0 1
2843 27 29 1 0
2844 42 28 0 -1
2845 74 14 0 1
2846 21 34 0 -1
2847 35 38 -1 0
2848 46 9 0 -1
2849 71 0 0 -1
2850 24 3 1 0
2851 61 36 1 0
2852 16 28 0 -1
2853 14 2 0 1
2854 28 2 0 1
2855 38 5 0 -1
2856 24 39 1 0
2857 23 14 1 0
2858 53 12 0 1
2859 25 15 1 0
2860 47 13 -1 0
2861 97 31 0 -1
2862 41 1 1 0
2863 51 30 1 0
2864 58 1 1 0
2865 77 8 1 0
2866 44 2 0 -1
2867 62 30 0 -1
2868 36 10 0 -1
2869 41 33 -1 0
2870 51 5 1 0
2871 43 35 0 1
2872 89 33 0 -1
2873 11 5 1 0
2874 77 11 1 0
2875 15 9 0 1
2876 43 39 -1 0
2877 37 27 0 -1
2878 16 14 0 -1
2879 52 31 0 -1
2880 2 29 0 -1
2881 22 5 1 0
2882 25 10 0 1
2883 24 17 0 -1
2884 29 19 1 0
2885 89 19 0 1
2886 39 33 -1 0
2887 42 20 0 -1
2888 2 22 1 0
2889 39 25 0 -1
2890 21 26 -1 0
2891 50 16 0 -1
2892 99 31 1 0
2893 92 11 0 -1
2894 8 15 -1 0
2895 3 26 1 0
2896 43 5 0 1
2897 37 30 1 0
2898 21 16 0 -1
2899 7 13 0 1
2900 44 22 -1 0
2901 9 31 -1 0
2902 19 22 -1 0
2903 45 13 -1 0
2904 24 5 1 0
2905 51 13 0 1
2906 9 37 1 0
2907 17 1 0 -1
2908 16 26 0 -1
2909 2 3 -1 0
2910 32 10 1 0
2911 51 24 1 0
2912 40 35 0 -1
2913 15 11 -1 0
2914 42 9 -1 0
2915 9 18 0 1
2916 24 12 0 1
2917 52 5 -1 0
2918 37 18 0 1
2919 49 35 -1 0
2920 49 11 0 -1
2921 25 35 0 1
2922 30 16 -1 0
2923 20 14 0 1
2924 29 5 0 -1
2925 8 6 -1 0
2926 41 7 0 1
2927 29 36 0 1
2928 91 1 -1 0
2929 3 22 -1 0
2930 99 20 0 1
2931 38 7 1 0
2932 50 1 0 1
2933 40 36 0 -1
2934 16 19 0 1
2935 26 8 0 -1
2936 16 1 0 -1
2937 85 10 -1 0
2938 52 7 -1 0
2939 37 36 1 0
2940 28 36 0 1
2941 41 32 0 -1
2942 67 16 1 0
2943 43 11 0 1
2944 28 21 0 1
2945 25 29 0 -1
2946 27 31 0 1
2947 29 26 1 0
2948 91 28 1 0
2949 20 35 -1 0
2950 49 31 0 -1
2951 25 5 -1 0
2952 4 6 0 1
2953 72 26 1 0
2954 38 18 0 -1
2955 9 1 -1 0
2956 38 36 0 1
2957 38 6 1 0
2958 47 6 -1 0
2959 29 14 0 1
2960 91 5 0 1
2961 79 22 0 -1
2962 13 30 0 -1
2963 18 39 0 1
2964 13 9 1 0
2965 98 27 0 1
2966 18 7 -1 0
2967 85 21 0 1
2968 53 7 1 0
2969 16 13 0 1
2970 83 31 1 0
2971 59 17 1 0
2972 21 38 1 0
2973 85 37 0 -1
2974 22 39 1 0
2975 48 7 1 0
2976 52 37 0 1
2977 41 35 1 0
2978 5 12 -1 0
2979 24 21 0 1
2980 75 18 -1 0
2981 52 12 0 -1
2982 51 24 0 -1
2983 47 2 -1 0
2984 21 24 0 1
2985 55 6 0 -1
2986 67 17 -1 0
2987 9 17 1 0
2988 56 22 0 -1
2989 10 23 -1 0
2990 46 25 0 -1
2991 11 31 0 1
2992 50 22 1 0
2993 86 2 0 -1
2994 28 20 -1 0
2995 92 33 0 -1
2996 61 23 0 -1
2997 17 22 1 0
2998 30 9 1 0
2999 40 12 0 -1
3000 4 30 1 0
3001 15 23 0 -1
3002 29 35 0 1
3003 9 39 -1 0
3004 38 1 -1 0
3005 31 21 0 -1
3006 42 1 1 0
3007 67 35 -1 0
3008 44 1 0 -1
3009 25 29 1 0
3010 46 27 -1 0
3011 77 12 -1 0
3012 47 24 1 0
3013 98 7 0 1
3014 41 24 0 -1
3015 14 13 1 0
3016 37 3 1 0
3017 25 17 -1 0
3018 43 14 1 0
3019 91 10 0 -1
3020 93 14 0 1
3021 15 19 0 -1
3022 76 17 0 1
3023 43 36 -1 0
3024 23 25 1 0
3025 40 22 0 1
3026 95 4 1 0
3027 8 9 1 0
3028 1 6 0 1
3029 91 36 -1 0
3030 23 15 1 0
3031 6 17 0 -1
3032 24 26 0 1
3033 38 25 1 0
3034 24 16 -1 0
3035 96 3 0 -1
3036 36 20 0 -1
3037 23 7 0 1
3038 35 20 0 -1
3039 25 29 0 -1
3040 91 30 0 -1
3041 22 33 -1 0
3042 83 6 1 0
3043 90 3 0 1
3044 76 7 0 -1
3045 40 19 -1 0
3046 98 32 1 0
3047 1 39 0 1
3048 37 34 0 -1
3049 17 4 0 1
3050 20 10 0 -1
3051 39 32 0 1
3052 8 15 0 1
3053 49 21 0 1
3054 88 39 -1 0
3055 64 5 0 1
3056 30 23 -1 0
3057 41 15 -1 0
3058 63 32 1 0
3059 14 26 -1 0
3060 43 25 1 0
3061 28 25 0 1
3062 87 12 1 0
3063 15 12 0 1
3064 4 11 1 0
3065 25 18 1 0
3066 34 9 -1 0
3067 95 18 0 1
3068 28 25 1 0
3069 40 20 1 0
3070 49 34 -1 0
3071 67 28 -1 0
3072 18 0 1 0
3073 56 32 -1 0
3074 27 35 -1 0
3075 82 21 -1 0
3076 89 16 -1 0
3077 45 32 0 -1
3078 17 3 1 0
3079 7 11 0 -1
3080 82 26 0 -1
3081 79 12 0 1
3082 34 28 0 -1
3083 68 22 0 -1
3084 86 1 0 1
3085 76 21 -1 0
3086 47 28 1 0
3087 1 0 -1 0
3088 92 35 -1 0
3089 19 14 0 -1
3090 4 22 -1 0
3091 24 34 0 1
3092 22 10 -1 0
3093 48 10 -1 0
3094 25 12 -1 0
3095 95 12 1 0
3096 26 12 -1 0
3097 64 18 1 0
3098 30 15 1 0
3099 80 11 0 1
3100 44 15 0 -1
3101 39 30 0 1
3102 67 19 -1 0
3103 45 0 -1 0
3104 31 34 -1 0
3105 52 13 0 1
3106 27 5 0 1
3107 7 16 0 1
3108 21 10 1 0
3109 44 14 0 1
3110 28 13 -1 0
3111 58 39 1 0
3112 65 30 -1 0
3113 10 1 -1 0
3114 27 2 0 -1
3115 41 5 0 -1
3116 41 11 0 1
3117 5 32 -1 0
3118 48 18 0 -1
3119 14 35 0 1
3120 79 2 0 1
3121 8 35 -1 0
3122 38 21 -1 0
3123 19 3 1 0
3124 46 17 -1 0
3125 30 25 1 0
3126 69 36 -1 0
3127 18 23 0 -1
3128 21 19 0 1
3129 37 36 -1 0
3130 88 11 1 0
3131 27 16 1 0
3132 29 3 0 1
3133 45 29 0 -1
3134 84 5 0 -1
3135 32 15 1 0
3136 25 27 1 0
3137 54 0 0 -1
3138 29 10 -1 0
3139 11 20 0 1
3140 4 34 1 0
3141 36 31 -1 0
3142 28 7 0 -1
3143 42 18 0 1
3144 51 14 1 0
3145 39 10 -1 0
3146 1 35 0 -1
3147 69 1 0 1
3148 45 15 -1 0
3149 4 28 1 0
3150 36 30 0 1
3151 62 15 0 -1
3152 29 19 1 0
3153 29 15 0 -1
3154 47 32 1 0
3155 24 28 1 0
3156 26 27 0 1
3157 37 17 0 -1
3158 2 21 0 -1
3159 72 29 0 -1
3160 99 14 0 1
3161 72 2 0 1
3162 96 7 1 0
3163 21 30 0 -1
3164 25 11 -1 0
3165 0 32 0 -1
3166 91 15 0 -1
3167 2 32 1 0
3168 91 8 1 0
3169 1 33 0 1
3170 19 11 0 1
3171 95 38 1 0
3172 44 11 0 1
3173 17 12 -1 0
3174 2 34 0 -1
3175 20 11 -1 0
3176 27 15 -1 0
3177 99 35 0 1
3178 29 3 0 1
3179 63 32 0 -1
3180 27 32 0 1
3181 42 6 0 -1
3182 21 37 0 -1
3183 40 3 0 1
3184 36 30 0 1
3185 40 38 0 -1
3186 30 38 0 -1
3187 22 19 1 0
3188 46 28 1 0
3189 45 6 0 1
3190 44 9 1 0
3191 95 33 1 0
3192 83 37 0 1
3193 83 18 0 -1
3194 60 39 0 -1
3195 74 23 1 0
3196 11 5 0 1
3197 97 12 0 -1
3198 65 21 -1 0
3199 26 6 -1 0
3200 40 5 1 0
3201 27 39 0 1
3202 28 18 1 0
3203 24 23 0 -1
3204 31 24 0 -1
3205 19 21 0 1
3206 27 33 0 -1
3207 4 34 0 1
3208 20 29 0 -1
3209 23 5 -1 0
3210 81 29 1 0
3211 61 20 0 -1
3212 73 27 0 -1
3213 81 29 0 -1
3214 66 36 1 0
3215 54 29 0 1
3216 45 13 0 -1
3217 28 14 0 -1
3218 77 5 1 0
3219 37 23 0 1
3220 27 25 1 0
3221 86 19 0 1
3222 20 23 0 -1
3223 5 17 0 -1
3224 18 14 -1 0
3225 80 2 1 0
3226 23 4 -1 0
3227 90 8 0 -1
3228 13 21 0 -1
3229 68 33 0 1
3230 46 15 -1 0
3231 54 18 0 -1
3232 19 21 0 -1
3233 19 33 0 -1
3234 25 36 0 -1
3235 28 8 1 0
3236 40 23 -1 0
3237 38 4 1 0
3238 24 10 0 -1
3239 23 24 0 1
3240 54 16 1 0
3241 82 28 1 0
3242 7 27 1 0
3243 24 37 -1 0
3244 46 34 -1 0
3245 19 9 -1 0
3246 40 4 0 1
3247 26 14 0 1
3248 35 7 0 1
3249 8 1 1 0
3250 39 7 0 1
3251 41 34 0 -1
3252 17 22 -1 0
3253 29 39 -1 0
3254 7 32 0 -1
3255 37 8 -1 0
3256 8 24 1 0
3257 93 34 0 1
3258 22 30 -1 0
3259 1 33 1 0
3260 36 26 0 1
3261 40 15 -1 0
3262 86 24 1 0
3263 82 17 1 0
3264 20 12 -1 0
3265 94 35 0 -1
3266 83 0 0 -1
3267 25 1 0 -1
3268 99 0 0 1
3269 42 36 1 0
3270 17 10 -1 0
3271 41 34 0 -1
3272 37 33 -1 0
3273 27 15 0 -1
3274 14 12 0 -1
3275 18 26 -1 0
3276 50 39 0 1
3277 26 1 1 0
3278 75 35 0 1
3279 38 11 0 -1
3280 6 18 1 0
3281 44 31 0 1
3282 49 29 0 -1
3283 46 26 1 0
3284 24 24 0 -1
3285 17 27 0 1
3286 24 31 -1 0
3287 36 3 0 -1
3288 41 16 0 -1
3289 27 23 0 1
3290 38 15 1 0
3291 21 15 -1 0
3292 74 12 0 -1
3293 71 21 1 0
3294 7 24 -1 0
3295 19 2 0 -1
3296 39 16 0 -1
3297 19 9 1 0
3298 20 36 0 -1
3299 42 25 0 -1
3300 15 13 0 1
3301 17 13 1 0
3302 6 28 1 0
3303 58 4 -1 0
3304 25 39 1 0
3305 81 11 1 0
3306 55 26 0 1
3307 23 32 0 1
3308 16 30 0 -1
3309 37 21 0 1
3310 86 18 0 -1
3311 79 35 0 -1
3312 4 5 -1 0
3313 35 36 0 -1
3314 5 8 0 1
3315 41 23 1 0
3316 43 17 1 0
3317 0 18 -1 0
3318 87 4 -1 0
3319 22 35 -1 0
3320 76 36 0 1
3321 96 35 0 -1
3322 26 6 -1 0
3323 6 34 1 0
3324 7 29 0 1
3325 5 10 0 -1
3326 43 26 1 0
3327 16 32 1 0
3328 43 7 0 -1
3329 36 30 1 0
3330 81 34 0 -1
3331 92 13 -1 0
3332 29 2 1 0
3333 15 11 -1 0
3334 50 6 0 -1
3335 98 5 0 1
3336 31 28 0 1
3337 40 31 -1 0
3338 29 7 0 1
3339 21 15 -1 0
3340 2 0 1 0
3341 52 34 0 1
3342 92 29 1 0
3343 47 12 0 1
3344 51 29 -1 0
3345 25 4 -1 0
3346 58 34 0 -1
3347 13 10 1 0
3348 15 14 -1 0
3349 39 9 -1 0
3350 40 17 1 0
3351 23 33 0 1
3352 20 10 1 0
3353 22 38 -1 0
3354 18 13 0 -1
3355 26 4 0 1
3356 20 35 -1 0
3357 42 21 -1 0
3358 16 6 0 -1
3359 23 39 1 0
3360 37 33 1 0
3361 20 3 0 1
3362 18 15 1 0
3363 5 36 0 -1
3364 94 0 1 0
3365 19 0 1 0
3366 37 34 1 0
3367 53 4 0 -1
3368 97 7 1 0
3369 53 26 0 1
3370 86 25 0 -1
3371 5 11 1 0
3372 9 36 0 -1
3373 44 16 0 1
3374 93 10 0 -1
3375 20 6 0 -1
3376 45 30 1 0
3377 10 30 1 0
3378 32 32 0 1
3379 72 2 1 0
3380 14 19 -1 0
3381 47 2 -1 0
3382 13 17 -1 0
3383 95 19 1 0
3384 94 12 -1 0
3385 20 34 0 1
3386 94 23 -1 0
3387 27 39 0 1
3388 15 9 0 1
3389 58 24 0 -1
3390 42 39 0 1
3391 51 1 1 0
3392 84 17 1 0
3393 66 30 0 1
3394 60 37 1 0
3395 64 3 1 0
3396 17 9 1 0
3397 22 14 0 1
3398 36 32 0 -1
3399 52 23 0 -1
3400 47 35 0 -1
3401 90 4 0 1
3402 44 18 -1 0
3403 85 4 -1 0
3404 9 7 -1 0
3405 9 15 -1 0
3406 22 7 1 0
3407 22 15 -1 0
3408 13 33 0 -1
3409 99 31 0 -1
3410 45 34 0 -1
3411 43 13 0 -1
3412 13 29 0 1
3413 76 37 0 -1
3414 79 36 -1 0
3415 53 37 0 1
3416 37 30 -1 0
3417 76 2 0 1
3418 37 4 -1 0
3419 55 33 -1 0
3420 20 11 1 0
3421 44 30 1 0
3422 70 30 0 1
3423 56 1 0 -1
3424 48 36 1 0
3425 94 0 0 -1
3426 3 31 0 -1
3427 39 12 1 0
3428 38 19 0 -1
3429 70 32 1 0
3430 35 21 0 -1
3431 94 28 0 1
3432 55 37 0 -1
3433 36 5 -1 0
3434 39 17 1 0
3435 16 17 1 0
3436 17 20 -1 0
3437 79 3 0 -1
3438 38 10 0 -1
3439 29 9 1 0
3440 36 38 0 1
3441 17 29 0 1
3442 13 22 -1 0
3443 10 28 1 0
3444 22 23 1 0
3445 20 5 0 1
3446 90 2 0 1
3447 13 20 0 -1
3448 23 12 0 1
3449 30 13 0 1
3450 29 15 -1 0
3451 81 8 -1 0
3452 83 9 0 1
3453 63 35 1 0
3454 85 4 0 1
3455 27 6 0 1
3456 67 10 0 1
3457 56 21 0 -1
3458 74 15 -1 0
3459 99 28 0 1
3460 30 24 0 -1
3461 37 31 0 1
3462 71 19 1 0
3463 64 23 -1 0
3464 47 34 -1 0
3465 71 38 0 1
3466 42 13 0 1
3467 43 30 0 -1
3468 21 25 0 -1
3469 55 24 1 0
3470 26 16 0 -1
3471 20 7 0 -1
3472 10 37 0 1
3473 31 22 0 1
3474 28 12 0 1
3475 30 2 0 1
3476 75 14 -1 0
3477 60 28 -1 0
3478 26 9 0 1
3479 25 10 -1 0
3480 67 1 0 1
3481 14 9 0 1
3482 23 20 -1 0
3483 32 30 1 0
3484 40 30 0 -1
3485 96 30 -1 0
3486 5 32 0 -1
3487 68 37 0 -1
3488 36 17 0 1
3489 96 25 -1 0
3490 30 17 1 0
3491 27 6 0 1
3492 82 23 0 -1
3493 39 4 0 1
3494 68 32 1 0
3495 41 19 0 -1
3496 41 33 -1 0
3497 17 3 0 1
3498 20 11 0 -1
3499 20 8 1 0
3500 50 6 0 -1
3501 3 15 1 0
3502 37 13 -1 0
3503 14 8 -1 0
3504 4 35 0 1
3505 35 29 1 0
3506 43 24 1 0
3507 86 33 -1 0
3508 39 8 0 -1
3509 27 19 1 0
3510 20 28 0 -1
3511 37 28 0 1
3512 25 14 -1 0
3513 72 27 1 0
3514 42 13 0 -1
3515 40 23 1 0
3516 92 15 1 0
3517 95 7 0 1
3518 23 8 1 0
3519 16 3 1 0
3520 97 32 0 1
3521 12 6 0 1
3522 76 19 0 -1
3523 22 10 0 -1
3524 4 9 1 0
3525 22 9 0 1
3526 85 11 0 -1
3527 83 9 1 0
3528 14 23 0 -1
3529 2 35 -1 0
3530 21 26 0 -1
3531 44 4 -1 0
3532 44 29 -1 0
3533 89 29 0 1
3534 66 5 0 -1
3535 36 2 0 1
3536 46 37 0 1
3537 29 2 0 1
3538 64 13 1 0
3539 1 9 0 1
3540 37 29 -1 0
3541 92 30 0 -1
3542 25 3 1 0
3543 24 27 1 0
3544 21 14 0 1
3545 91 35 0 1
3546 27 10 -1 0
3547 27 25 0 -1
3548 44 1 -1 0
3549 81 34 0 -1
3550 45 38 0 -1
3551 20 5 -1 0
3552 71 23 1 0
3553 42 19 -1 0
3554 27 23 0 1
3555 15 26 1 0
3556 81 23 0 1
3557 91 18 1 0
3558 30 2 0 1
3559 81 33 1 0
3560 98 3 0 1
3561 86 14 0 1
3562 99 4 -1 0
3563 38 19 0 -1
3564 37 10 0 -1
3565 37 22 0 1
3566 39 28 0 -1
3567 51 10 1 0
3568 94 3 0 1
3569 39 22 1 0
3570 37 33 0 1
3571 49 19 0 1
3572 31 1 1 0
3573 26 26 -1 0
3574 39 34 1 0
3575 87 37 0 1
3576 41 15 0 -1
3577 27 11 0 -1
3578 31 26 -1 0
3579 28 7 0 -1
3580 81 36 -1 0
3581 12 6 1 0
3582 48 4 -1 0
3583 62 31 -1 0
3584 17 36 0 1
3585 85 2 -1 0
3586 5 31 -1 0
3587 51 15 0 -1
3588 1 23 1 0
3589 17 11 0 -1
3590 32 12 0 -1
3591 60 19 -1 0
3592 88 9 0 -1
3593 44 17 1 0
3594 5 19 0 -1
3595 96 38 1 0
3596 68 37 -1 0
3597 17 15 1 0
3598 1 10 -1 0
3599 79 15 0 -1
