0 91 29 0 1
1 53 19 0 -1
2 60 24 1 0
3 37 7 0 -1
4 11 28 -1 0
5 80 6 0 -1
6 30 13 0 -1
7 37 22 -1 0
8 44 7 0 1
9 1 0 0 -1
10 47 19 0 -1
11 84 32 -1 0
12 25 14 0 1
13 41 39 -1 0
14 29 7 0 -1
15 8 37 0 1
16 24 1 0 -1
17 49 37 0 1
18 14 13 -1 0
19 98 34 -1 0
20 0 39 -1 0
21 45 14 0 1
22 39 15 0 -1
23 78 37 0 -1
24 43 4 0 -1
25 35 6 -1 0
26 26 10 -1 0
27 28 39 0 1
28 26 12 0 -1
29 42 13 -1 0
30 46 4 0 1
31 9 27 1 0
32 19 32 0 1
33 37 36 -1 0
34 12 37 -1 0
35 0 34 0 -1
36 26 13 0 -1
37 89 3 -1 0
38 48 11 0 1
39 19 6 1 0
40 23 18 1 0
41 36 3 0 1
42 34 14 0 1
43 37 1 1 0
44 51 5 0 1
45 27 2 1 0
46 67 22 -1 0
47 27 17 0 -1
48 60 34 1 0
49 41 34 1 0
50 48 20 -1 0
51 57 3 0 1
52 99 35 0 -1
53 18 11 1 0
54 60 30 0 -1
55 40 5 0 1
56 40 11 -1 0
57 15 38 0 -1
58 65 1 0 1
59 44 19 0 -1
60 27 37 0 1
61 70 25 0 1
62 15 31 -1 0
63 31 16 -1 0
64 26 0 0 -1
65 30 5 1 0
66 86 13 0 -1
67 39 5 0 -1
68 72 25 -1 0
69 83 18 0 -1
70 18 14 0 1
71 18 6 0 1
72 61 27 0 -1
73 72 27 1 0
74 98 16 0 -1
75 59 15 0 -1
76 30 8 0 1
77 40 17 0 1
78 52 26 1 0
79 19 14 -1 0
80 37 12 -1 0
81 15 8 0 1
82 41 19 0 1
83 17 1 -1 0
84 24 12 -1 0
85 28 8 0 1
86 79 19 0 1
87 38 34 1 0
88 25 15 0 1
89 4 9 1 0
90 39 4 1 0
91 40 13 0 1
92 16 19 1 0
93 4 17 1 0
94 87 29 1 0
95 26 33 1 0
96 25 19 0 1
97 53 30 0 -1
98 36 3 -1 0
99 68 18 0 1
100 73 34 -1 0
101 49 29 -1 0
102 44 34 -1 0
103 27 13 -1 0
104 48 10 0 -1
105 25 20 0 -1
106 27 38 1 0
107 38 18 1 0
108 27 18 0 -1
109 80 2 -1 0
110 43 5 0 -1
111 14 1 1 0
112 7 12 1 0
113 37 37 -1 0
114 70 33 1 0
115 28 36 0 1
116 44 26 0 -1
117 76 23 -1 0
118 66 12 -1 0
119 10 7 0 1
120 33 39 0 -1
121 95 10 0 1
122 41 13 1 0
123 22 10 0 1
124 77 11 0 1
125 66 3 0 -1
126 21 3 -1 0
127 8 34 -1 0
128 31 24 1 0
129 22 24 -1 0
130 26 13 0 -1
131 52 14 -1 0
132 15 22 0 -1
133 44 21 -1 0
134 91 29 -1 0
135 9 3 1 0
136 29 31 0 1
137 44 2 0 -1
138 22 14 0 1
139 42 36 1 0
140 45 27 0 1
141 95 32 0 -1
142 17 28 0 1
143 75 38 0 1
144 40 3 0 1
145 74 3 0 1
146 24 39 0 1
147 38 6 0 -1
148 45 4 0 1
149 44 38 0 1
150 27 27 1 0
151 91 5 -1 0
152 96 6 0 -1
153 37 16 1 0
154 42 14 -1 0
155 25 18 0 -1
156 41 11 0 -1
157 27 37 -1 0
158 22 4 -1 0
159 2 12 -1 0
160 65 2 0 1
161 45 15 -1 0
162 27 22 -1 0
163 99 36 0 1
164 15 31 0 -1
165 59 20 -1 0
166 12 19 -1 0
167 78 15 -1 0
168 14 15 0 1
169 94 9 0 1
170 29 21 0 -1
171 21 11 0 1
172 28 30 0 -1
173 52 18 1 0
174 90 13 0 1
175 72 32 1 0
176 26 24 0 1
177 72 10 -1 0
178 72 12 -1 0
179 23 14 0 1
180 35 11 0 -1
181 29 32 1 0
182 38 22 -1 0
183 30 0 -1 0
184 88 36 1 0
185 24 32 0 -1
186 24 26 0 -1
187 30 16 -1 0
188 26 17 0 -1
189 6 33 0 1
190 27 38 0 -1
191 42 3 1 0
192 57 31 1 0
193 83 36 1 0
194 40 5 0 1
195 66 22 0 1
196 12 6 -1 0
197 46 7 0 1
198 15 10 1 0
199 22 19 -1 0
200 85 31 1 0
201 44 8 0 1
202 50 2 0 -1
203 26 24 1 0
204 3 27 -1 0
205 45 8 0 -1
206 36 2 -1 0
207 57 5 0 -1
208 37 26 0 -1
209 42 23 0 -1
210 45 17 1 0
211 60 31 -1 0
212 39 19 1 0
213 82 28 0 -1
214 90 39 -1 0
215 24 25 -1 0
216 45 24 1 0
217 38 36 1 0
218 95 32 1 0
219 88 18 -1 0
220 87 29 -1 0
221 86 9 -1 0
222 22 36 1 0
223 37 24 0 -1
224 58 36 -1 0
225 47 9 0 -1
226 42 12 -1 0
227 84 18 1 0
228 54 35 0 -1
229 48 26 0 -1
230 6 19 -1 0
231 13 0 1 0
232 0 4 0 -1
233 27 25 1 0
234 2 7 1 0
235 47 4 0 1
236 26 15 1 0
237 33 31 0 1
238 65 2 -1 0
239 83 17 0 -1
240 61 18 0 -1
241 31 2 -1 0
242 22 1 1 0
243 76 36 0 1
244 47 4 1 0
245 28 2 0 -1
246 36 22 0 -1
247 43 33 0 1
248 23 13 -1 0
249 20 3 -1 0
250 35 19 -1 0
251 11 32 -1 0
252 92 17 1 0
253 8 16 -1 0
254 29 10 0 -1
255 36 19 -1 0
256 16 31 -1 0
257 39 18 -1 0
258 40 39 0 1
259 2 15 0 1
260 7 0 1 0
261 25 16 1 0
262 86 24 1 0
263 8 35 0 -1
264 43 22 -1 0
265 40 32 0 -1
266 39 39 1 0
267 63 3 1 0
268 62 17 0 -1
269 60 0 -1 0
270 22 28 0 1
271 48 1 0 1
272 86 20 0 -1
273 40 19 -1 0
274 97 11 -1 0
275 38 10 0 1
276 72 10 0 -1
277 86 35 -1 0
278 15 30 -1 0
279 17 29 0 1
280 76 11 -1 0
281 2 26 0 -1
282 22 9 0 1
283 5 3 -1 0
284 98 22 0 -1
285 39 11 0 1
286 50 19 1 0
287 4 18 0 1
288 24 17 1 0
289 98 26 -1 0
290 27 12 1 0
291 43 18 0 1
292 31 23 0 1
293 38 10 0 1
294 29 22 -1 0
295 76 25 1 0
296 85 2 1 0
297 75 0 1 0
298 7 31 1 0
299 15 24 -1 0
300 88 30 1 0
301 40 6 0 1
302 46 4 0 1
303 25 17 -1 0
304 7 2 0 -1
305 47 4 1 0
306 42 3 -1 0
307 81 34 1 0
308 47 5 0 1
309 74 1 1 0
310 5 3 0 1
311 18 10 0 1
312 5 24 1 0
313 42 39 1 0
314 81 33 -1 0
315 3 15 0 1
316 42 7 0 1
317 46 28 1 0
318 45 27 0 -1
319 88 39 0 -1
320 27 16 -1 0
321 25 16 -1 0
322 13 9 1 0
323 38 21 0 -1
324 91 22 1 0
325 96 23 0 1
326 74 37 -1 0
327 54 14 -1 0
328 41 20 -1 0
329 96 5 0 1
330 42 39 -1 0
331 48 8 0 1
332 50 16 0 1
333 44 7 1 0
334 38 12 1 0
335 95 26 1 0
336 21 7 -1 0
337 37 16 0 -1
338 28 27 0 1
339 99 18 0 -1
340 5 19 0 1
341 40 26 0 1
342 17 5 0 -1
343 40 38 -1 0
344 25 38 -1 0
345 58 39 1 0
346 46 23 -1 0
347 93 11 0 1
348 43 29 0 -1
349 27 20 0 -1
350 21 32 1 0
351 53 31 -1 0
352 99 27 -1 0
353 65 3 1 0
354 90 4 -1 0
355 2 23 1 0
356 18 12 1 0
357 30 2 -1 0
358 51 33 0 -1
359 29 18 1 0
360 51 12 0 -1
361 27 1 -1 0
362 27 4 -1 0
363 28 34 0 1
364 59 27 0 1
365 24 5 0 1
366 1 6 1 0
367 42 3 0 1
368 9 21 -1 0
369 72 14 -1 0
370 5 8 -1 0
371 22 35 0 1
372 14 20 -1 0
373 72 18 0 1
374 26 3 0 -1
375 60 25 0 -1
376 98 19 0 -1
377 25 32 0 -1
378 55 13 0 1
379 90 35 0 1
380 42 36 0 -1
381 42 8 1 0
382 84 21 0 1
383 4 34 0 1
384 39 20 0 1
385 27 30 0 -1
386 84 18 0 -1
387 75 22 0 1
388 73 22 0 -1
389 86 25 0 -1
390 21 36 1 0
391 48 2 0 1
392 66 1 0 1
393 43 31 -1 0
394 51 13 1 0
395 87 10 0 -1
396 93 26 0 -1
397 31 4 0 1
398 44 0 -1 0
399 91 36 1 0
400 38 5 1 0
401 90 35 0 1
402 25 5 1 0
403 43 2 -1 0
404 21 24 1 0
405 25 34 0 1
406 0 38 -1 0
407 17 20 0 1
408 54 8 -1 0
409 24 21 0 -1
410 1 27 0 -1
411 21 0 1 0
412 29 29 0 1
413 56 34 1 0
414 63 20 -1 0
415 13 22 0 1
416 27 24 1 0
417 93 19 1 0
418 27 3 0 -1
419 73 18 -1 0
420 94 18 -1 0
421 29 19 1 0
422 43 20 -1 0
423 7 16 0 -1
424 47 33 0 1
425 36 14 0 1
426 89 6 0 -1
427 8 39 0 1
428 87 5 0 1
429 39 32 0 1
430 20 18 0 -1
431 14 18 0 1
432 74 33 1 0
433 92 8 1 0
434 27 6 0 1
435 18 8 0 1
436 24 3 0 -1
437 61 35 1 0
438 1 4 -1 0
439 25 35 -1 0
440 40 17 1 0
441 49 32 1 0
442 47 18 -1 0
443 31 35 0 1
444 12 5 -1 0
445 13 15 -1 0
446 62 10 0 -1
447 0 15 1 0
448 41 29 -1 0
449 13 0 1 0
450 41 21 -1 0
451 49 30 1 0
452 34 39 0 1
453 11 2 -1 0
454 23 19 0 -1
455 23 19 0 -1
456 39 3 1 0
457 60 8 -1 0
458 15 24 0 -1
459 36 29 0 1
460 31 27 -1 0
461 35 25 0 -1
462 48 21 0 -1
463 28 15 1 0
464 24 29 0 -1
465 88 22 0 -1
466 18 24 -1 0
467 80 0 0 -1
468 43 6 0 -1
469 62 28 -1 0
470 23 36 -1 0
471 92 35 0 -1
472 40 1 0 -1
473 8 39 1 0
474 68 23 -1 0
475 14 27 0 -1
476 95 17 1 0
477 28 16 0 -1
478 38 38 0 1
479 4 32 0 1
480 6 18 0 -1
481 46 20 -1 0
482 64 37 1 0
483 42 2 0 1
484 39 18 0 -1
485 22 23 0 -1
486 11 38 0 1
487 44 8 0 -1
488 37 12 0 -1
489 20 7 1 0
490 81 38 1 0
491 0 12 0 -1
492 26 17 0 1
493 37 30 1 0
494 45 8 -1 0
495 59 25 1 0
496 78 2 0 -1
497 85 11 -1 0
498 39 13 0 -1
499 84 7 1 0
500 73 18 0 1
501 68 17 1 0
502 61 13 0 1
503 53 33 0 1
504 39 6 0 1
505 51 8 1 0
506 24 9 -1 0
507 29 5 0 -1
508 39 30 -1 0
509 61 0 1 0
510 74 20 0 1
511 14 26 1 0
512 25 12 0 -1
513 19 38 0 -1
514 25 9 1 0
515 28 14 1 0
516 24 17 -1 0
517 39 35 0 -1
518 20 28 0 -1
519 93 17 0 1
520 9 33 0 -1
521 95 22 1 0
522 74 8 0 -1
523 62 7 1 0
524 26 34 -1 0
525 33 37 -1 0
526 43 18 0 1
527 45 9 0 -1
528 21 15 1 0
529 37 9 0 -1
530 51 32 0 1
531 90 5 1 0
532 61 18 -1 0
533 3 10 0 1
534 1 38 0 -1
535 57 15 0 -1
536 4 31 0 -1
537 10 23 0 -1
538 49 26 0 1
539 34 27 0 1
540 97 20 -1 0
541 31 18 0 1
542 17 12 1 0
543 22 29 1 0
544 16 25 0 1
545 52 4 0 -1
546 26 35 -1 0
547 31 30 1 0
548 2 12 1 0
549 17 22 -1 0
550 46 15 1 0
551 62 18 0 -1
552 26 20 0 1
553 67 32 1 0
554 46 31 0 1
555 65 23 0 -1
556 80 28 0 -1
557 37 24 -1 0
558 99 0 1 0
559 47 23 -1 0
560 93 23 0 -1
561 25 35 0 -1
562 19 18 0 -1
563 23 13 0 -1
564 60 25 -1 0
565 24 9 -1 0
566 66 21 0 1
567 79 4 0 -1
568 63 15 0 1
569 99 23 1 0
570 31 36 1 0
571 44 15 -1 0
572 19 6 0 -1
573 27 12 0 1
574 51 26 0 1
575 68 0 0 1
576 58 28 0 -1
577 92 18 0 -1
578 14 38 0 -1
579 15 26 1 0
580 49 13 0 -1
581 91 1 1 0
582 25 39 0 -1
583 42 15 -1 0
584 21 36 1 0
585 22 37 1 0
586 24 37 0 1
587 98 0 0 1
588 23 20 1 0
589 42 12 -1 0
590 52 39 -1 0
591 35 21 1 0
592 91 21 0 -1
593 24 19 -1 0
594 30 2 0 -1
595 70 19 0 1
596 83 36 0 1
597 35 15 1 0
598 23 20 -1 0
599 29 16 0 -1
600 68 6 -1 0
601 43 20 0 1
602 60 23 0 1
603 65 15 0 -1
604 39 29 0 -1
605 64 5 -1 0
606 78 1 -1 0
607 28 5 1 0
608 22 24 0 -1
609 37 31 0 -1
610 94 23 -1 0
611 67 9 1 0
612 38 14 0 1
613 18 13 0 -1
614 52 7 0 -1
615 53 1 0 1
616 21 32 -1 0
617 63 18 1 0
618 43 16 -1 0
619 98 32 0 -1
620 86 38 1 0
621 70 11 0 1
622 60 34 0 1
623 37 32 -1 0
624 67 19 -1 0
625 29 36 0 1
626 43 3 1 0
627 28 17 1 0
628 40 14 1 0
629 63 0 0 -1
630 40 18 0 -1
631 66 25 1 0
632 44 7 1 0
633 25 11 0 -1
634 89 39 0 -1
635 58 9 1 0
636 11 10 1 0
637 21 21 0 1
638 30 29 0 1
639 22 1 -1 0
640 13 0 0 1
641 7 31 0 -1
642 61 25 0 -1
643 27 10 -1 0
644 37 23 1 0
645 36 13 1 0
646 23 2 -1 0
647 84 29 -1 0
648 88 17 0 1
649 20 8 0 -1
650 82 34 0 1
651 57 22 0 1
652 43 27 1 0
653 40 18 -1 0
654 96 16 0 -1
655 45 8 -1 0
656 33 11 0 1
657 40 18 0 -1
658 1 11 -1 0
659 28 14 1 0
660 91 39 1 0
661 3 6 -1 0
662 17 23 0 -1
663 73 28 -1 0
664 67 4 0 -1
665 29 23 1 0
666 39 34 0 1
667 44 2 1 0
668 0 37 0 -1
669 57 24 0 1
670 40 12 -1 0
671 11 11 0 -1
672 32 38 0 1
673 40 30 1 0
674 36 18 1 0
675 46 17 0 1
676 24 18 0 1
677 3 37 0 1
678 29 3 1 0
679 23 11 0 -1
680 43 3 -1 0
681 42 16 1 0
682 41 10 -1 0
683 20 36 -1 0
684 45 2 -1 0
685 30 9 0 1
686 37 7 -1 0
687 39 36 1 0
688 80 0 0 1
689 24 30 0 -1
690 42 30 -1 0
691 42 34 -1 0
692 66 23 -1 0
693 29 6 1 0
694 32 26 1 0
695 22 36 1 0
696 14 15 1 0
697 53 38 0 1
698 20 13 1 0
699 54 11 1 0
700 21 35 0 1
701 31 27 -1 0
702 99 4 1 0
703 77 23 0 1
704 36 13 1 0
705 22 5 -1 0
706 51 17 0 -1
707 15 20 -1 0
708 35 0 1 0
709 37 14 1 0
710 43 7 -1 0
711 1 17 1 0
712 15 25 -1 0
713 95 5 0 1
714 11 39 1 0
715 22 18 0 -1
716 21 8 1 0
717 44 5 0 -1
718 30 30 1 0
719 37 11 -1 0
720 51 17 0 -1
721 19 3 -1 0
722 36 29 0 -1
723 23 31 1 0
724 24 10 0 -1
725 45 33 0 1
726 22 22 0 -1
727 23 18 1 0
728 76 16 1 0
729 43 1 1 0
730 52 17 0 -1
731 29 6 0 1
732 45 19 0 1
733 48 20 0 -1
734 28 15 0 -1
735 10 5 -1 0
736 52 36 0 1
737 17 32 1 0
738 17 14 0 1
739 51 3 1 0
740 86 6 -1 0
741 89 4 1 0
742 22 11 0 -1
743 39 3 0 -1
744 42 23 1 0
745 26 10 1 0
746 24 38 -1 0
747 24 15 0 1
748 17 0 0 -1
749 20 24 -1 0
750 43 21 -1 0
751 31 29 0 1
752 86 17 -1 0
753 90 29 0 -1
754 28 17 -1 0
755 77 37 0 -1
756 48 33 -1 0
757 50 21 1 0
758 62 37 0 1
759 5 19 0 1
760 42 0 0 -1
761 29 31 1 0
762 32 7 1 0
763 86 15 0 1
764 25 4 -1 0
765 24 13 1 0
766 81 20 0 1
767 38 20 0 -1
768 15 8 1 0
769 73 32 0 -1
770 5 7 -1 0
771 7 22 0 1
772 4 33 1 0
773 96 30 1 0
774 10 6 -1 0
775 89 28 -1 0
776 80 33 1 0
777 57 11 0 1
778 45 6 -1 0
779 7 3 0 -1
780 60 17 0 -1
781 48 2 -1 0
782 75 13 -1 0
783 74 16 0 1
784 45 1 -1 0
785 4 19 -1 0
786 39 21 1 0
787 15 9 0 -1
788 40 16 0 1
789 67 21 -1 0
790 38 15 -1 0
791 43 13 1 0
792 30 13 0 1
793 28 29 0 -1
794 68 36 0 1
795 42 26 1 0
796 10 27 0 -1
797 39 37 -1 0
798 27 11 0 1
799 43 37 1 0
800 62 14 1 0
801 84 1 -1 0
802 64 31 1 0
803 9 1 0 -1
804 31 13 1 0
805 41 1 0 -1
806 70 36 1 0
807 83 11 0 -1
808 25 28 0 -1
809 7 35 -1 0
810 28 7 1 0
811 40 23 1 0
812 37 3 -1 0
813 45 25 0 1
814 28 34 0 1
815 9 27 1 0
816 65 0 -1 0
817 36 33 1 0
818 59 37 0 -1
819 46 5 1 0
820 28 28 0 -1
821 23 13 0 1
822 21 29 1 0
823 32 32 0 -1
824 34 29 -1 0
825 97 2 1 0
826 57 34 0 1
827 83 23 1 0
828 85 7 0 -1
829 21 36 0 -1
830 38 28 1 0
831 11 14 0 1
832 42 13 0 -1
833 2 14 1 0
834 39 19 1 0
835 40 1 -1 0
836 55 21 0 -1
837 43 39 0 -1
838 92 18 0 -1
839 82 35 -1 0
840 2 25 -1 0
841 49 13 0 1
842 91 11 1 0
843 93 26 -1 0
844 31 12 -1 0
845 7 33 0 -1
846 57 12 -1 0
847 96 33 0 -1
848 41 18 1 0
849 48 19 -1 0
850 20 12 -1 0
851 78 3 -1 0
852 23 32 1 0
853 64 11 1 0
854 39 18 1 0
855 49 35 1 0
856 40 20 1 0
857 10 26 0 -1
858 16 10 1 0
859 46 37 1 0
860 59 14 0 -1
861 19 20 -1 0
862 25 13 1 0
863 35 6 1 0
864 45 37 -1 0
865 26 15 0 1
866 43 11 0 -1
867 30 37 0 -1
868 93 6 -1 0
869 38 19 0 1
870 7 34 -1 0
871 44 15 -1 0
872 0 25 -1 0
873 45 39 0 1
874 44 24 0 1
875 29 36 1 0
876 43 33 1 0
877 6 2 0 -1
878 18 10 0 -1
879 0 13 0 -1
880 10 14 0 1
881 38 1 0 -1
882 64 24 0 1
883 90 11 -1 0
884 7 21 -1 0
885 41 15 0 -1
886 98 18 0 -1
887 92 31 0 -1
888 30 20 1 0
889 35 31 0 -1
890 89 5 0 1
891 45 35 0 1
892 42 34 0 1
893 47 28 -1 0
894 78 29 0 -1
895 43 9 -1 0
896 10 6 0 1
897 83 36 0 -1
898 3 23 0 1
899 39 25 -1 0
900 57 29 1 0
901 6 25 0 1
902 37 22 0 1
903 18 29 0 -1
904 95 7 -1 0
905 32 19 -1 0
906 16 12 1 0
907 26 2 1 0
908 17 20 -1 0
909 46 1 -1 0
910 29 14 -1 0
911 53 35 1 0
912 41 0 0 1
913 43 12 0 1
914 37 7 0 -1
915 45 30 0 1
916 35 20 1 0
917 73 6 0 -1
918 98 21 0 -1
919 3 28 1 0
920 27 26 0 -1
921 38 11 0 1
922 99 34 -1 0
923 68 37 1 0
924 94 15 0 1
925 93 6 0 1
926 6 25 0 1
927 9 13 0 -1
928 61 34 0 -1
929 10 23 -1 0
930 88 39 1 0
931 36 38 0 1
932 23 12 0 1
933 95 9 0 1
934 23 31 -1 0
935 50 16 0 1
936 9 23 0 -1
937 18 26 0 -1
938 82 28 0 1
939 31 8 0 1
940 43 1 0 -1
941 41 1 0 -1
942 20 32 0 1
943 43 26 0 -1
944 73 7 0 -1
945 93 4 1 0
946 72 12 -1 0
947 44 37 -1 0
948 4 23 0 -1
949 28 36 0 -1
950 16 37 -1 0
951 30 39 0 1
952 47 35 0 -1
953 8 11 -1 0
954 14 11 1 0
955 27 7 0 -1
956 42 33 0 1
957 0 28 0 -1
958 30 12 -1 0
959 68 4 0 1
960 44 19 0 1
961 78 11 1 0
962 58 38 -1 0
963 92 16 0 -1
964 40 35 0 -1
965 41 28 0 -1
966 26 30 -1 0
967 46 6 0 -1
968 99 10 0 -1
969 9 1 0 1
970 32 37 0 1
971 14 34 1 0
972 23 14 1 0
973 31 12 0 -1
974 10 12 0 1
975 12 12 0 -1
976 24 15 0 1
977 18 11 -1 0
978 46 22 0 -1
979 67 38 -1 0
980 10 12 1 0
981 79 0 0 -1
982 30 22 -1 0
983 39 10 1 0
984 15 0 0 1
985 96 32 1 0
986 54 39 -1 0
987 84 8 0 -1
988 50 28 1 0
989 35 16 0 1
990 95 4 1 0
991 5 20 -1 0
992 21 6 1 0
993 91 19 0 -1
994 46 8 -1 0
995 25 19 0 -1
996 92 13 0 1
997 39 28 0 -1
998 94 17 -1 0
999 15 38 0 -1
1000 25 5 1 0
1001 5 25 0 -1
1002 3 37 1 0
1003 21 10 0 1
1004 32 34 1 0
1005 37 25 1 0
1006 3 22 0 -1
1007 29 17 0 -1
1008 90 25 0 -1
1009 0 2 0 -1
1010 75 21 -1 0
1011 31 10 0 1
1012 51 19 0 -1
1013 94 25 0 1
1014 14 20 0 -1
1015 44 17 -1 0
1016 94 10 1 0
1017 92 34 -1 0
1018 39 15 1 0
1019 80 32 0 1
1020 42 28 -1 0
1021 41 19 0 1
1022 41 9 -1 0
1023 36 30 -1 0
1024 18 27 -1 0
1025 55 7 0 1
1026 29 32 0 -1
1027 4 23 -1 0
1028 28 30 0 -1
1029 44 20 -1 0
1030 90 30 0 1
1031 51 6 -1 0
1032 48 25 0 1
1033 27 19 0 -1
1034 3 2 0 1
1035 36 21 0 1
1036 0 28 0 1
1037 43 35 0 1
1038 63 32 0 1
1039 7 34 0 -1
1040 48 4 -1 0
1041 40 16 0 -1
1042 45 7 0 1
1043 30 12 1 0
1044 41 38 0 1
1045 71 28 0 -1
1046 25 34 -1 0
1047 21 24 1 0
1048 40 27 1 0
1049 87 20 1 0
1050 38 4 0 -1
1051 31 37 0 -1
1052 42 16 1 0
1053 99 10 0 1
1054 25 15 -1 0
1055 47 5 1 0
1056 50 13 -1 0
1057 23 6 -1 0
1058 41 32 0 -1
1059 54 33 0 1
1060 61 38 0 -1
1061 30 21 0 1
1062 42 17 1 0
1063 17 31 0 -1
1064 65 26 0 -1
1065 83 13 -1 0
1066 48 3 -1 0
1067 16 39 0 -1
1068 29 28 1 0
1069 64 14 0 -1
1070 86 36 0 -1
1071 20 39 0 -1
1072 25 31 0 1
1073 48 13 0 -1
1074 4 33 1 0
1075 52 39 0 -1
1076 39 0 0 -1
1077 77 32 -1 0
1078 19 39 0 1
1079 30 27 0 1
1080 30 8 -1 0
1081 87 13 0 -1
1082 38 25 0 -1
1083 12 21 -1 0
1084 36 23 0 -1
1085 30 7 1 0
1086 25 10 0 1
1087 76 39 -1 0
1088 75 14 1 0
1089 36 23 -1 0
1090 45 5 1 0
1091 41 27 0 1
1092 10 19 0 1
1093 28 7 1 0
1094 5 33 0 1
1095 82 10 1 0
1096 43 9 0 1
1097 44 0 0 1
1098 36 1 0 -1
1099 44 9 0 1
1100 94 35 -1 0
1101 41 16 0 -1
1102 22 33 1 0
1103 40 4 -1 0
1104 43 17 -1 0
1105 22 2 -1 0
1106 90 6 -1 0
1107 59 10 -1 0
1108 70 26 -1 0
1109 23 19 1 0
1110 41 4 -1 0
1111 13 16 1 0
1112 78 36 1 0
1113 42 29 1 0
1114 21 32 1 0
1115 72 2 1 0
1116 14 11 -1 0
1117 9 5 1 0
1118 15 27 1 0
1119 25 24 -1 0
1120 97 10 1 0
1121 41 14 -1 0
1122 44 28 0 -1
1123 90 3 0 -1
1124 83 39 -1 0
1125 72 16 0 1
1126 12 13 1 0
1127 89 38 -1 0
1128 6 23 -1 0
1129 62 22 1 0
1130 46 10 -1 0
1131 10 5 -1 0
1132 39 2 -1 0
1133 30 11 0 1
1134 45 6 -1 0
1135 87 3 1 0
1136 83 38 -1 0
1137 18 29 1 0
1138 22 25 0 1
1139 25 1 -1 0
1140 96 13 0 1
1141 34 15 -1 0
1142 21 39 0 -1
1143 38 35 0 -1
1144 21 3 0 1
1145 42 38 0 -1
1146 2 26 0 -1
1147 83 27 0 1
1148 24 26 1 0
1149 56 23 -1 0
1150 52 19 0 1
1151 28 5 0 1
1152 10 28 0 1
1153 28 29 1 0
1154 43 34 -1 0
1155 82 13 0 1
1156 1 11 0 -1
1157 77 3 0 -1
1158 16 13 1 0
1159 39 0 0 1
1160 12 26 0 -1
1161 81 22 0 -1
1162 13 28 0 -1
1163 52 35 0 1
1164 20 2 0 -1
1165 36 30 0 -1
1166 27 17 0 -1
1167 19 39 0 -1
1168 23 12 0 1
1169 49 26 0 -1
1170 50 22 0 1
1171 73 9 -1 0
1172 43 30 -1 0
1173 67 11 1 0
1174 27 0 0 1
1175 41 25 0 1
1176 53 39 0 1
1177 48 33 0 -1
1178 91 23 0 -1
1179 62 21 0 1
1180 24 13 -1 0
1181 17 3 0 1
1182 37 15 -1 0
1183 23 3 1 0
1184 68 25 -1 0
1185 75 34 -1 0
1186 43 37 0 1
1187 23 2 1 0
1188 89 39 0 1
1189 35 1 0 -1
1190 11 10 -1 0
1191 59 12 1 0
1192 87 17 0 -1
1193 62 34 1 0
1194 21 27 0 1
1195 8 10 0 -1
1196 3 19 0 1
1197 81 23 0 -1
1198 39 2 0 1
1199 0 25 -1 0
1200 42 26 -1 0
1201 31 11 -1 0
1202 90 8 0 -1
1203 41 4 1 0
1204 42 28 0 1
1205 44 39 0 -1
1206 4 16 1 0
1207 25 35 1 0
1208 42 7 -1 0
1209 35 20 1 0
1210 28 12 -1 0
1211 1 23 0 1
1212 84 25 0 -1
1213 26 38 0 -1
1214 5 37 1 0
1215 44 1 -1 0
1216 22 15 1 0
1217 42 4 0 -1
1218 44 10 0 -1
1219 43 12 1 0
1220 70 14 1 0
1221 43 20 1 0
1222 27 30 -1 0
1223 28 39 1 0
1224 48 30 0 1
1225 56 12 1 0
1226 73 8 1 0
1227 53 15 0 -1
1228 41 9 0 1
1229 44 20 0 -1
1230 23 16 0 1
1231 81 23 1 0
1232 44 29 -1 0
1233 45 25 0 1
1234 20 2 -1 0
1235 7 2 0 -1
1236 62 4 -1 0
1237 87 13 0 1
1238 45 18 0 1
1239 36 26 0 1
1240 28 2 1 0
1241 36 26 0 -1
1242 52 22 -1 0
1243 68 24 0 -1
1244 98 8 0 1
1245 31 10 0 1
1246 43 19 0 1
1247 75 21 0 -1
1248 91 28 -1 0
1249 26 0 0 -1
1250 21 37 0 -1
1251 77 39 0 1
1252 6 26 0 -1
1253 44 36 -1 0
1254 28 37 0 1
1255 71 9 1 0
1256 41 34 0 -1
1257 12 12 -1 0
1258 45 22 0 -1
1259 40 0 0 -1
1260 42 6 0 1
1261 50 0 0 -1
1262 18 38 1 0
1263 24 18 0 -1
1264 52 32 0 -1
1265 85 6 -1 0
1266 76 14 0 -1
1267 39 35 0 -1
1268 14 12 -1 0
1269 40 13 -1 0
1270 25 20 1 0
1271 88 25 -1 0
1272 25 12 1 0
1273 43 36 1 0
1274 20 18 0 1
1275 96 6 1 0
1276 44 37 0 1
1277 18 8 -1 0
1278 89 14 0 -1
1279 24 11 0 -1
1280 18 32 0 -1
1281 22 16 1 0
1282 94 23 0 1
1283 38 35 -1 0
1284 64 16 1 0
1285 0 15 0 1
1286 47 3 0 1
1287 23 38 1 0
1288 43 36 -1 0
1289 21 6 0 1
1290 80 27 -1 0
1291 21 39 0 -1
1292 74 21 -1 0
1293 9 0 0 1
1294 95 8 0 -1
1295 95 19 0 1
1296 18 37 0 1
1297 29 36 0 -1
1298 88 24 1 0
1299 39 38 0 -1
1300 50 6 0 1
1301 19 16 0 1
1302 6 9 0 1
1303 67 1 -1 0
1304 48 9 -1 0
1305 41 11 -1 0
1306 39 35 0 -1
1307 97 2 1 0
1308 52 23 -1 0
1309 29 15 1 0
1310 10 3 1 0
1311 17 3 0 -1
1312 42 31 -1 0
1313 0 20 0 1
1314 43 34 0 1
1315 5 19 -1 0
1316 47 22 0 1
1317 28 32 0 1
1318 28 28 0 -1
1319 27 17 1 0
1320 20 30 -1 0
1321 4 32 0 -1
1322 46 22 0 1
1323 79 8 0 1
1324 20 21 0 1
1325 45 1 0 -1
1326 62 33 1 0
1327 86 11 -1 0
1328 7 27 0 1
1329 54 13 -1 0
1330 22 25 -1 0
1331 39 38 -1 0
1332 90 22 1 0
1333 45 18 -1 0
1334 52 13 0 1
1335 13 36 -1 0
1336 56 20 0 1
1337 65 16 0 -1
1338 91 3 0 -1
1339 43 28 -1 0
1340 41 2 -1 0
1341 31 12 -1 0
1342 28 28 0 1
1343 42 17 -1 0
1344 24 35 1 0
1345 33 30 -1 0
1346 93 0 0 1
1347 91 7 1 0
1348 13 13 0 -1
1349 21 5 1 0
1350 52 30 0 1
1351 12 30 1 0
1352 16 25 -1 0
1353 39 17 1 0
1354 22 30 -1 0
1355 19 23 1 0
1356 42 9 0 -1
1357 26 27 -1 0
1358 31 33 0 -1
1359 76 8 0 1
1360 3 5 1 0
1361 29 15 0 -1
1362 23 7 0 1
1363 1 16 1 0
1364 25 15 1 0
1365 98 29 0 1
1366 36 0 -1 0
1367 92 11 1 0
1368 24 33 0 1
1369 85 27 0 1
1370 62 18 -1 0
1371 28 35 0 1
1372 17 16 0 -1
1373 10 27 0 1
1374 11 30 1 0
1375 53 24 -1 0
1376 51 37 0 -1
1377 62 28 0 -1
1378 9 39 0 1
1379 85 6 1 0
1380 12 21 0 1
1381 47 8 1 0
1382 2 2 0 1
1383 45 1 0 1
1384 24 38 0 -1
1385 29 16 1 0
1386 44 18 -1 0
1387 71 30 0 -1
1388 19 15 0 1
1389 50 20 1 0
1390 17 31 0 -1
1391 38 14 0 -1
1392 92 18 1 0
1393 47 28 1 0
1394 16 39 0 -1
1395 39 13 0 1
1396 9 20 1 0
1397 50 0 -1 0
1398 9 1 0 1
1399 35 21 1 0
1400 29 2 0 -1
1401 87 26 0 1
1402 28 18 0 -1
1403 35 13 1 0
1404 20 13 0 -1
1405 52 25 -1 0
1406 55 7 0 1
1407 45 25 1 0
1408 19 35 0 1
1409 10 26 0 -1
1410 30 28 0 -1
1411 78 3 1 0
1412 24 14 1 0
1413 11 38 0 1
1414 38 18 0 1
1415 16 35 0 1
1416 85 13 0 1
1417 7 7 0 -1
1418 7 9 1 0
1419 44 33 0 1
1420 39 14 1 0
1421 77 26 1 0
1422 0 14 0 1
1423 38 39 1 0
1424 8 36 -1 0
1425 43 7 1 0
1426 38 32 -1 0
1427 6 12 1 0
1428 11 37 0 1
1429 83 29 -1 0
1430 3 24 -1 0
1431 73 20 1 0
1432 83 31 1 0
1433 39 13 1 0
1434 79 30 -1 0
1435 26 37 0 -1
1436 45 5 0 1
1437 1 25 -1 0
1438 98 35 -1 0
1439 0 32 -1 0
1440 21 1 0 -1
1441 45 15 0 -1
1442 58 35 -1 0
1443 29 33 0 -1
1444 88 10 0 1
1445 49 21 -1 0
1446 43 7 0 -1
1447 29 34 0 -1
1448 29 28 0 1
1449 49 23 1 0
1450 86 30 -1 0
1451 0 38 0 1
1452 17 2 -1 0
1453 46 1 1 0
1454 38 3 0 1
1455 66 3 -1 0
1456 43 30 1 0
1457 12 24 0 1
1458 23 33 -1 0
1459 47 35 0 1
1460 37 30 -1 0
1461 44 18 1 0
1462 76 2 0 1
1463 0 39 0 -1
1464 44 19 1 0
1465 85 14 0 -1
1466 6 27 1 0
1467 42 38 -1 0
1468 1 36 0 1
1469 41 28 1 0
1470 52 24 -1 0
1471 88 33 -1 0
1472 0 34 0 1
1473 26 17 1 0
1474 49 16 0 1
1475 87 38 -1 0
1476 42 29 0 -1
1477 94 24 1 0
1478 38 37 -1 0
1479 41 36 1 0
1480 97 17 0 -1
1481 40 35 -1 0
1482 23 29 0 -1
1483 24 21 1 0
1484 38 12 1 0
1485 20 2 0 1
1486 40 36 0 -1
1487 39 16 0 1
1488 25 8 -1 0
1489 35 7 1 0
1490 27 13 0 -1
1491 70 34 1 0
1492 55 2 -1 0
1493 6 38 -1 0
1494 29 22 0 -1
1495 28 7 -1 0
1496 44 15 0 -1
1497 42 38 1 0
1498 49 32 1 0
1499 40 30 -1 0
1500 67 30 -1 0
1501 26 2 1 0
1502 44 9 1 0
1503 95 29 1 0
1504 46 8 0 1
1505 46 24 -1 0
1506 21 24 0 1
1507 70 39 1 0
1508 37 32 1 0
1509 61 3 1 0
1510 61 9 -1 0
1511 41 8 0 1
1512 30 7 1 0
1513 69 6 0 1
1514 27 24 0 1
1515 40 3 1 0
1516 46 25 -1 0
1517 36 28 1 0
1518 39 12 0 1
1519 24 7 0 1
1520 99 1 0 -1
1521 83 35 0 1
1522 16 29 1 0
1523 79 17 0 1
1524 27 36 -1 0
1525 44 5 0 -1
1526 11 0 -1 0
1527 42 5 1 0
1528 26 31 1 0
1529 15 12 0 -1
1530 50 17 0 -1
1531 96 24 1 0
1532 95 7 0 -1
1533 2 14 1 0
1534 17 20 0 1
1535 38 33 0 -1
1536 56 14 -1 0
1537 85 14 0 -1
1538 93 6 0 -1
1539 61 31 -1 0
1540 70 28 -1 0
1541 15 32 0 1
1542 16 18 1 0
1543 17 33 0 -1
1544 18 12 1 0
1545 99 0 -1 0
1546 49 30 1 0
1547 24 39 1 0
1548 17 11 0 1
1549 38 8 -1 0
1550 90 31 -1 0
1551 85 33 0 1
1552 36 10 1 0
1553 24 35 0 -1
1554 71 7 -1 0
1555 47 23 -1 0
1556 44 34 -1 0
1557 25 26 0 -1
1558 27 37 0 1
1559 40 11 0 1
1560 23 1 0 -1
1561 25 0 1 0
1562 31 2 -1 0
1563 27 32 0 -1
1564 99 16 0 -1
1565 39 11 1 0
1566 24 39 0 -1
1567 39 19 -1 0
1568 72 7 -1 0
1569 59 23 1 0
1570 97 35 1 0
1571 91 30 0 -1
1572 1 0 0 -1
1573 72 11 0 1
1574 25 32 0 -1
1575 24 4 0 -1
1576 28 13 0 1
1577 74 21 -1 0
1578 72 12 0 -1
1579 82 3 0 -1
1580 20 36 1 0
1581 10 30 1 0
1582 39 21 1 0
1583 36 13 0 1
1584 86 37 -1 0
1585 27 16 -1 0
1586 24 19 0 -1
1587 37 32 1 0
1588 99 38 -1 0
1589 67 5 1 0
1590 91 30 0 -1
1591 28 36 0 1
1592 11 11 -1 0
1593 51 2 1 0
1594 2 23 1 0
1595 87 10 1 0
1596 22 13 0 1
1597 14 15 0 1
1598 43 6 0 1
1599 91 2 0 -1
1600 18 13 0 1
1601 28 22 0 1
1602 21 4 0 -1
1603 20 1 0 1
1604 6 17 0 1
1605 45 34 0 1
1606 57 39 1 0
1607 17 13 1 0
1608 16 12 0 1
1609 43 0 1 0
1610 46 22 0 -1
1611 49 3 0 1
1612 99 4 1 0
1613 72 9 0 1
1614 47 2 0 -1
1615 87 36 0 -1
1616 58 35 0 1
1617 22 11 0 -1
1618 48 9 1 0
1619 89 14 0 1
1620 67 39 0 -1
1621 79 8 -1 0
1622 96 25 1 0
1623 27 1 0 1
1624 49 18 -1 0
1625 0 14 0 1
1626 10 33 1 0
1627 13 35 0 -1
1628 26 22 1 0
1629 96 28 0 -1
1630 16 13 1 0
1631 6 11 -1 0
1632 0 6 0 -1
1633 32 32 0 -1
1634 85 31 -1 0
1635 72 5 0 1
1636 46 34 0 -1
1637 50 21 0 1
1638 30 9 1 0
1639 41 20 0 1
1640 4 23 1 0
1641 39 28 0 1
1642 77 33 1 0
1643 43 23 -1 0
1644 54 39 0 -1
1645 20 32 0 -1
1646 20 6 -1 0
1647 94 29 0 1
1648 20 21 1 0
1649 40 10 -1 0
1650 19 34 -1 0
1651 62 7 1 0
1652 42 14 -1 0
1653 9 25 0 1
1654 41 29 -1 0
1655 99 19 0 1
1656 45 0 -1 0
1657 24 15 0 -1
1658 60 5 1 0
1659 36 21 -1 0
1660 29 31 0 1
1661 44 24 0 1
1662 88 23 -1 0
1663 28 17 0 -1
1664 31 1 0 1
1665 2 12 -1 0
1666 69 22 0 -1
1667 45 26 0 1
1668 17 19 0 -1
1669 27 23 -1 0
1670 39 37 0 1
1671 74 35 -1 0
1672 27 7 0 1
1673 35 29 0 1
1674 43 35 0 1
1675 56 22 0 1
1676 24 36 0 1
1677 19 1 0 1
1678 28 13 -1 0
1679 6 7 0 1
1680 80 34 0 1
1681 47 2 0 1
1682 97 26 -1 0
1683 45 38 1 0
1684 22 10 1 0
1685 20 0 1 0
1686 80 2 0 1
1687 11 3 0 -1
1688 73 1 1 0
1689 76 15 0 -1
1690 51 15 0 1
1691 84 9 -1 0
1692 22 3 0 -1
1693 89 15 1 0
1694 54 13 0 1
1695 24 31 0 -1
1696 54 20 0 -1
1697 26 4 0 -1
1698 72 4 0 1
1699 51 10 0 1
1700 23 8 -1 0
1701 38 39 0 1
1702 60 34 1 0
1703 80 19 1 0
1704 37 21 0 1
1705 52 23 0 1
1706 94 39 1 0
1707 39 6 0 -1
1708 47 33 1 0
1709 88 5 1 0
1710 37 24 0 -1
1711 25 10 0 1
1712 67 30 1 0
1713 26 37 1 0
1714 30 23 -1 0
1715 11 39 1 0
1716 24 20 0 -1
1717 46 12 0 1
1718 88 12 1 0
1719 94 36 0 -1
1720 25 19 1 0
1721 46 25 -1 0
1722 25 25 -1 0
1723 53 21 0 1
1724 28 25 1 0
1725 40 2 0 1
1726 10 33 0 -1
1727 36 32 0 -1
1728 38 13 -1 0
1729 95 30 0 1
1730 27 32 1 0
1731 38 26 -1 0
1732 42 29 0 1
1733 46 11 1 0
1734 99 0 -1 0
1735 0 29 0 1
1736 15 14 1 0
1737 79 16 0 1
1738 43 0 -1 0
1739 22 22 1 0
1740 27 3 -1 0
1741 32 0 0 1
1742 25 3 -1 0
1743 0 39 -1 0
1744 9 2 1 0
1745 97 33 0 1
1746 44 26 -1 0
1747 59 38 0 1
1748 28 38 0 1
1749 50 13 1 0
1750 23 3 0 -1
1751 2 15 1 0
1752 29 29 -1 0
1753 41 13 0 -1
1754 45 20 0 -1
1755 88 17 0 1
1756 63 31 0 1
1757 23 18 0 -1
1758 42 20 1 0
1759 1 6 1 0
1760 55 11 1 0
1761 13 18 0 1
1762 44 10 0 -1
1763 14 13 0 1
1764 46 5 1 0
1765 44 16 -1 0
1766 22 38 1 0
1767 31 39 1 0
1768 82 26 0 -1
1769 50 26 -1 0
1770 32 30 1 0
1771 99 27 1 0
1772 29 22 -1 0
1773 37 9 1 0
1774 15 23 -1 0
1775 20 4 0 -1
1776 23 24 0 1
1777 40 7 -1 0
1778 50 16 0 1
1779 29 38 -1 0
1780 22 7 1 0
1781 68 7 -1 0
1782 39 16 0 1
1783 5 5 0 -1
1784 28 35 0 1
1785 29 8 1 0
1786 57 3 -1 0
1787 29 15 0 1
1788 17 4 0 -1
1789 59 35 1 0
1790 35 34 1 0
1791 18 11 0 1
1792 3 38 0 1
1793 81 39 0 -1
1794 42 2 0 1
1795 23 31 0 1
1796 49 36 -1 0
1797 41 0 0 -1
1798 84 34 0 1
1799 39 9 -1 0
1800 42 14 1 0
1801 45 7 0 1
1802 20 0 0 -1
1803 45 34 1 0
1804 77 29 1 0
1805 11 36 0 -1
1806 68 28 1 0
1807 11 29 1 0
1808 93 38 0 1
1809 95 3 0 -1
1810 43 19 1 0
1811 12 32 1 0
1812 12 27 0 1
1813 23 2 0 -1
1814 74 12 1 0
1815 35 19 1 0
1816 25 31 0 1
1817 18 20 1 0
1818 2 29 0 -1
1819 38 7 0 -1
1820 18 14 1 0
1821 37 38 0 1
1822 83 10 1 0
1823 5 25 1 0
1824 36 3 -1 0
1825 75 16 0 1
1826 74 9 0 1
1827 38 14 -1 0
1828 48 29 0 -1
1829 25 24 1 0
1830 12 29 0 -1
1831 37 16 -1 0
1832 63 25 0 1
1833 40 7 1 0
1834 51 5 0 1
1835 39 0 0 -1
1836 43 19 1 0
1837 67 23 -1 0
1838 43 5 0 -1
1839 24 10 1 0
1840 80 20 0 -1
1841 2 31 1 0
1842 84 30 0 1
1843 41 31 0 -1
1844 30 11 -1 0
1845 49 38 0 1
1846 84 12 0 1
1847 38 33 0 -1
1848 39 25 -1 0
1849 92 15 -1 0
1850 18 26 0 1
1851 30 37 -1 0
1852 35 20 1 0
1853 92 16 -1 0
1854 14 29 0 1
1855 40 37 -1 0
1856 87 35 -1 0
1857 43 5 -1 0
1858 83 11 -1 0
1859 62 11 0 1
1860 7 23 1 0
1861 43 22 1 0
1862 27 25 1 0
1863 66 31 -1 0
1864 92 37 0 -1
1865 23 27 -1 0
1866 22 17 0 -1
1867 96 33 -1 0
1868 22 37 0 -1
1869 48 6 -1 0
1870 46 32 1 0
1871 33 19 -1 0
1872 24 9 -1 0
1873 19 2 1 0
1874 18 34 0 -1
1875 5 36 -1 0
1876 33 28 0 1
1877 0 38 1 0
1878 20 23 0 -1
1879 38 12 -1 0
1880 24 2 1 0
1881 87 12 -1 0
1882 55 8 -1 0
1883 14 24 1 0
1884 30 11 -1 0
1885 12 12 -1 0
1886 37 23 0 1
1887 24 20 0 -1
1888 14 3 0 1
1889 99 26 0 -1
1890 41 31 -1 0
1891 38 29 0 1
1892 41 30 -1 0
1893 36 17 -1 0
1894 45 37 -1 0
1895 21 1 1 0
1896 86 11 0 -1
1897 35 0 1 0
1898 94 30 -1 0
1899 12 4 -1 0
1900 31 2 0 -1
1901 86 8 1 0
1902 96 29 0 1
1903 68 27 1 0
1904 16 11 0 1
1905 46 1 0 -1
1906 12 27 1 0
1907 44 32 -1 0
1908 40 15 0 -1
1909 30 31 -1 0
1910 32 36 0 1
1911 14 5 -1 0
1912 76 11 1 0
1913 81 14 -1 0
1914 51 36 -1 0
1915 46 26 -1 0
1916 74 19 0 1
1917 86 19 1 0
1918 40 26 -1 0
1919 95 2 -1 0
1920 38 3 -1 0
1921 24 16 0 -1
1922 45 9 1 0
1923 90 33 1 0
1924 7 31 0 -1
1925 54 5 -1 0
1926 91 35 0 1
1927 28 33 1 0
1928 6 5 1 0
1929 20 8 0 -1
1930 20 24 -1 0
1931 52 9 1 0
1932 87 2 0 -1
1933 26 13 -1 0
1934 69 34 -1 0
1935 79 17 0 1
1936 25 36 0 -1
1937 67 37 0 1
1938 33 35 1 0
1939 45 7 0 1
1940 26 3 1 0
1941 7 32 -1 0
1942 31 11 -1 0
1943 51 21 0 -1
1944 25 6 0 1
1945 3 8 0 -1
1946 29 24 0 -1
1947 23 38 1 0
1948 40 24 -1 0
1949 25 34 1 0
1950 50 19 0 -1
1951 25 0 0 1
1952 71 29 0 1
1953 41 21 0 -1
1954 28 22 0 1
1955 59 16 1 0
1956 22 15 0 1
1957 26 3 1 0
1958 77 0 0 1
1959 28 29 -1 0
1960 13 35 0 1
1961 52 10 0 1
1962 9 31 -1 0
1963 36 19 -1 0
1964 22 27 0 -1
1965 46 38 0 -1
1966 58 29 1 0
1967 28 0 0 -1
1968 37 15 -1 0
1969 7 25 1 0
1970 20 6 1 0
1971 36 2 0 1
1972 36 17 1 0
1973 73 22 1 0
1974 87 1 0 -1
1975 43 23 -1 0
1976 93 9 0 1
1977 10 7 -1 0
1978 42 33 0 1
1979 15 3 -1 0
1980 21 7 0 -1
1981 39 24 -1 0
1982 81 37 0 -1
1983 75 31 -1 0
1984 11 21 0 1
1985 44 10 0 -1
1986 55 8 1 0
1987 20 16 1 0
1988 89 23 0 1
1989 22 30 0 -1
1990 84 26 0 1
1991 29 21 0 1
1992 44 35 0 -1
1993 65 23 0 -1
1994 46 10 0 1
1995 19 13 -1 0
1996 97 15 0 -1
1997 81 13 1 0
1998 14 23 -1 0
1999 17 19 0 -1
2000 12 24 0 -1
2001 23 23 1 0
2002 65 13 0 1
2003 48 3 1 0
2004 41 6 1 0
2005 97 32 0 -1
2006 51 8 -1 0
2007 3 27 0 -1
2008 27 36 -1 0
2009 43 14 -1 0
2010 39 22 0 1
2011 51 31 0 -1
2012 93 24 0 1
2013 87 27 1 0
2014 95 17 0 -1
2015 27 26 0 -1
2016 18 9 0 -1
2017 96 20 0 1
2018 48 17 1 0
2019 28 21 0 1
2020 4 6 -1 0
2021 39 23 -1 0
2022 7 9 0 1
2023 21 22 1 0
2024 6 29 -1 0
2025 17 26 0 1
2026 26 23 -1 0
2027 88 2 1 0
2028 77 33 0 1
2029 88 5 1 0
2030 24 16 1 0
2031 43 0 1 0
2032 22 0 0 1
2033 85 37 -1 0
2034 37 23 -1 0
2035 25 26 1 0
2036 43 35 0 1
2037 66 10 -1 0
2038 21 28 1 0
2039 30 27 1 0
2040 20 7 1 0
2041 97 20 0 1
2042 41 3 1 0
2043 6 35 1 0
2044 46 18 0 -1
2045 73 20 0 -1
2046 60 38 -1 0
2047 37 31 -1 0
2048 69 25 -1 0
2049 21 8 0 -1
2050 94 5 1 0
2051 39 14 1 0
2052 70 28 1 0
2053 28 21 0 -1
2054 84 32 1 0
2055 35 26 0 1
2056 43 36 -1 0
2057 97 21 0 1
2058 41 15 -1 0
2059 89 6 1 0
2060 74 10 1 0
2061 61 27 -1 0
2062 39 3 0 1
2063 48 35 0 1
2064 99 18 -1 0
2065 3 0 0 1
2066 36 19 1 0
2067 26 14 -1 0
2068 16 11 0 1
2069 90 20 1 0
2070 91 13 0 -1
2071 46 30 1 0
2072 98 33 0 1
2073 66 25 0 1
2074 88 33 0 -1
2075 24 16 0 1
2076 29 11 1 0
2077 40 28 -1 0
2078 97 39 0 1
2079 74 9 -1 0
2080 15 8 0 1
2081 25 36 1 0
2082 24 3 -1 0
2083 5 23 0 -1
2084 46 32 0 1
2085 36 39 0 1
2086 41 35 0 -1
2087 40 38 0 1
2088 11 31 -1 0
2089 57 10 0 -1
2090 41 27 -1 0
2091 5 37 0 1
2092 49 28 0 1
2093 84 17 -1 0
2094 47 7 0 1
2095 37 8 0 -1
2096 62 28 0 -1
2097 5 2 0 -1
2098 45 38 -1 0
2099 38 37 0 -1
2100 56 12 1 0
2101 30 7 1 0
2102 85 20 0 -1
2103 96 22 1 0
2104 22 39 1 0
2105 40 11 0 -1
2106 57 6 -1 0
2107 19 19 0 1
2108 6 10 -1 0
2109 22 36 -1 0
2110 79 30 -1 0
2111 13 11 0 1
2112 93 16 0 -1
2113 36 16 0 -1
2114 8 16 0 -1
2115 15 32 0 -1
2116 78 27 1 0
2117 35 1 0 1
2118 36 0 -1 0
2119 3 7 0 1
2120 37 39 1 0
2121 42 15 1 0
2122 40 13 0 -1
2123 89 15 0 -1
2124 92 8 0 1
2125 43 32 0 -1
2126 95 6 1 0
2127 19 25 0 -1
2128 45 23 0 -1
2129 46 20 -1 0
2130 41 0 -1 0
2131 54 34 0 -1
2132 35 18 -1 0
2133 12 1 1 0
2134 37 19 0 -1
2135 11 2 1 0
2136 42 20 1 0
2137 40 25 0 -1
2138 15 26 -1 0
2139 21 8 0 -1
2140 51 17 0 1
2141 40 30 1 0
2142 40 0 1 0
2143 97 11 0 -1
2144 30 37 0 1
2145 26 36 -1 0
2146 47 0 0 -1
2147 37 21 0 1
2148 43 26 0 1
2149 40 12 -1 0
2150 39 30 0 -1
2151 0 13 1 0
2152 12 34 0 -1
2153 98 36 1 0
2154 52 19 0 1
2155 73 33 0 1
2156 58 29 -1 0
2157 46 15 0 -1
2158 27 0 1 0
2159 50 4 0 1
2160 42 20 1 0
2161 99 30 1 0
2162 25 1 -1 0
2163 45 16 0 -1
2164 38 32 -1 0
2165 36 6 0 -1
2166 66 9 0 -1
2167 27 9 -1 0
2168 0 35 0 -1
2169 86 2 -1 0
2170 84 13 0 1
2171 94 38 0 -1
2172 41 20 1 0
2173 43 39 0 -1
2174 29 11 1 0
2175 41 38 1 0
2176 51 34 -1 0
2177 31 8 0 -1
2178 94 5 -1 0
2179 43 15 0 -1
2180 96 6 0 -1
2181 6 3 0 1
2182 98 26 -1 0
2183 79 33 0 -1
2184 52 39 0 1
2185 19 4 0 1
2186 41 19 1 0
2187 52 27 0 1
2188 36 15 0 -1
2189 24 38 0 1
2190 4 22 1 0
2191 28 16 0 -1
2192 98 24 0 1
2193 74 26 0 -1
2194 80 21 -1 0
2195 30 10 0 1
2196 27 14 0 -1
2197 49 1 0 1
2198 48 35 0 -1
2199 11 4 -1 0
2200 42 8 0 -1
2201 9 15 1 0
2202 1 7 0 -1
2203 45 10 0 -1
2204 13 16 0 1
2205 75 15 -1 0
2206 20 3 0 1
2207 99 25 0 1
2208 23 35 0 -1
2209 87 16 -1 0
2210 78 22 0 -1
2211 52 25 0 -1
2212 31 21 0 -1
2213 28 6 -1 0
2214 43 16 0 1
2215 35 6 1 0
2216 54 37 0 1
2217 75 37 0 1
2218 41 35 1 0
2219 26 16 1 0
2220 50 29 0 -1
2221 12 4 0 1
2222 4 30 1 0
2223 25 30 -1 0
2224 72 7 0 -1
2225 3 30 0 1
2226 1 25 0 -1
2227 19 3 -1 0
2228 62 21 0 -1
2229 29 10 -1 0
2230 25 31 1 0
2231 95 34 1 0
2232 91 16 -1 0
2233 58 38 1 0
2234 85 21 0 1
2235 45 10 1 0
2236 27 29 0 1
2237 38 24 -1 0
2238 56 10 0 1
2239 42 19 1 0
2240 94 1 0 -1
2241 30 5 -1 0
2242 26 1 1 0
2243 41 34 -1 0
2244 30 38 -1 0
2245 45 9 -1 0
2246 46 36 0 1
2247 48 12 -1 0
2248 44 9 0 1
2249 26 23 0 1
2250 38 22 1 0
2251 23 1 -1 0
2252 52 6 -1 0
2253 39 10 -1 0
2254 27 14 0 -1
2255 41 35 1 0
2256 25 13 -1 0
2257 18 23 -1 0
2258 84 14 -1 0
2259 17 29 1 0
2260 53 27 -1 0
2261 94 0 -1 0
2262 24 24 1 0
2263 97 26 0 1
2264 1 2 1 0
2265 19 13 -1 0
2266 23 37 1 0
2267 34 32 0 -1
2268 37 31 0 -1
2269 31 11 -1 0
2270 9 20 1 0
2271 36 2 0 -1
2272 20 27 1 0
2273 71 11 0 -1
2274 67 30 1 0
2275 39 16 0 1
2276 11 34 -1 0
2277 92 12 0 -1
2278 18 13 0 -1
2279 88 18 -1 0
2280 19 10 -1 0
2281 46 24 -1 0
2282 58 0 1 0
2283 28 1 0 1
2284 5 7 1 0
2285 71 6 1 0
2286 79 29 0 1
2287 41 3 -1 0
2288 91 5 0 1
2289 30 25 1 0
2290 61 30 0 1
2291 12 23 -1 0
2292 25 0 1 0
2293 73 28 0 1
2294 66 30 0 1
2295 27 39 -1 0
2296 36 20 0 1
2297 19 4 -1 0
2298 29 14 -1 0
2299 19 24 1 0
2300 44 37 -1 0
2301 81 35 0 1
2302 42 33 -1 0
2303 59 22 0 1
2304 38 18 0 -1
2305 90 34 -1 0
2306 3 19 0 1
2307 77 28 -1 0
2308 85 34 1 0
2309 41 13 0 1
2310 56 22 0 -1
2311 78 9 -1 0
2312 35 27 0 -1
2313 60 24 -1 0
2314 38 5 0 -1
2315 70 6 -1 0
2316 91 18 0 1
2317 91 39 0 1
2318 46 27 0 1
2319 48 34 1 0
2320 84 28 0 1
2321 36 28 0 1
2322 80 9 -1 0
2323 40 6 0 -1
2324 8 10 0 -1
2325 99 8 0 -1
2326 11 5 1 0
2327 49 33 0 -1
2328 39 29 1 0
2329 48 18 -1 0
2330 42 39 -1 0
2331 93 4 -1 0
2332 83 20 1 0
2333 96 19 -1 0
2334 52 15 0 1
2335 28 27 0 1
2336 18 0 0 1
2337 17 17 -1 0
2338 44 38 -1 0
2339 81 17 0 1
2340 22 13 0 1
2341 8 36 0 -1
2342 58 39 0 -1
2343 54 33 1 0
2344 60 27 0 -1
2345 84 16 0 1
2346 56 25 1 0
2347 8 29 -1 0
2348 11 17 -1 0
2349 5 36 -1 0
2350 21 26 1 0
2351 27 4 0 -1
2352 26 30 -1 0
2353 4 38 -1 0
2354 48 28 0 -1
2355 22 5 -1 0
2356 15 39 0 1
2357 99 12 0 -1
2358 64 1 -1 0
2359 22 38 0 -1
2360 76 8 0 -1
2361 16 4 -1 0
2362 42 35 0 -1
2363 36 14 0 -1
2364 43 32 -1 0
2365 40 1 0 1
2366 15 35 -1 0
2367 42 35 0 -1
2368 71 35 1 0
2369 39 39 0 -1
2370 46 4 -1 0
2371 96 8 1 0
2372 18 39 0 -1
2373 1 13 -1 0
2374 13 20 0 1
2375 48 17 -1 0
2376 43 18 1 0
2377 12 26 0 1
2378 47 9 0 1
2379 44 39 -1 0
2380 5 25 0 -1
2381 51 14 1 0
2382 67 7 0 1
2383 93 13 0 1
2384 16 38 -1 0
2385 15 20 0 -1
2386 78 36 -1 0
2387 15 36 1 0
2388 1 18 0 1
2389 3 24 -1 0
2390 30 38 0 -1
2391 86 14 0 1
2392 27 14 0 -1
2393 40 0 1 0
2394 36 39 1 0
2395 83 24 1 0
2396 38 23 1 0
2397 28 39 -1 0
2398 31 5 0 1
2399 8 31 0 1
2400 55 11 0 1
2401 90 7 0 1
2402 48 14 -1 0
2403 98 6 0 1
2404 95 15 0 1
2405 16 24 0 -1
2406 5 23 0 -1
2407 18 33 1 0
2408 27 15 1 0
2409 9 33 -1 0
2410 62 1 0 1
2411 39 25 -1 0
2412 47 0 0 1
2413 16 27 -1 0
2414 39 38 -1 0
2415 23 16 0 -1
2416 96 38 0 1
2417 48 35 -1 0
2418 43 2 0 1
2419 44 35 0 -1
2420 40 31 0 -1
2421 87 4 0 1
2422 81 22 -1 0
2423 24 37 1 0
2424 1 22 1 0
2425 48 16 -1 0
2426 92 26 0 1
2427 61 17 0 -1
2428 54 30 0 1
2429 46 35 -1 0
2430 17 1 0 1
2431 21 28 1 0
2432 97 29 -1 0
2433 42 9 0 -1
2434 38 19 0 -1
2435 44 14 0 -1
2436 52 3 0 -1
2437 0 19 1 0
2438 25 3 1 0
2439 12 5 0 1
2440 13 5 0 1
2441 19 32 -1 0
2442 93 29 0 -1
2443 16 20 0 1
2444 10 8 1 0
2445 37 21 1 0
2446 38 1 1 0
2447 34 29 -1 0
2448 47 35 1 0
2449 99 14 0 1
2450 54 21 0 -1
2451 41 27 -1 0
2452 28 0 -1 0
2453 54 36 1 0
2454 10 38 -1 0
2455 37 33 -1 0
2456 62 30 1 0
2457 29 13 0 1
2458 2 8 -1 0
2459 22 32 0 1
2460 20 5 -1 0
2461 88 12 0 1
2462 41 5 1 0
2463 43 26 -1 0
2464 9 0 1 0
2465 42 21 1 0
2466 36 33 -1 0
2467 74 24 0 -1
2468 29 33 -1 0
2469 22 16 0 -1
2470 22 2 1 0
2471 20 15 1 0
2472 85 6 1 0
2473 24 5 0 1
2474 13 28 -1 0
2475 42 10 0 -1
2476 49 0 0 -1
2477 41 39 -1 0
2478 23 17 -1 0
2479 38 38 -1 0
2480 50 22 0 -1
2481 29 8 0 -1
2482 9 4 -1 0
2483 28 38 -1 0
2484 88 9 0 1
2485 40 28 0 -1
2486 24 26 1 0
2487 70 3 0 -1
2488 83 39 0 -1
2489 30 10 0 1
2490 3 34 1 0
2491 27 19 0 1
2492 55 10 0 -1
2493 26 8 0 1
2494 65 27 0 -1
2495 44 34 -1 0
2496 73 36 1 0
2497 48 15 -1 0
2498 22 28 1 0
2499 10 3 0 -1
2500 69 27 0 -1
2501 7 26 0 -1
2502 50 22 -1 0
2503 29 35 0 1
2504 26 9 0 1
2505 22 13 0 1
2506 96 17 -1 0
2507 29 0 1 0
2508 99 16 1 0
2509 17 27 1 0
2510 2 27 1 0
2511 22 15 -1 0
2512 20 34 0 -1
2513 92 37 -1 0
2514 9 13 0 1
2515 36 30 0 -1
2516 35 37 0 -1
2517 8 4 1 0
2518 27 12 -1 0
2519 35 10 1 0
2520 80 27 0 1
2521 59 32 -1 0
2522 5 13 0 -1
2523 43 21 -1 0
2524 41 36 0 -1
2525 18 23 1 0
2526 84 28 0 -1
2527 43 22 0 1
2528 30 35 1 0
2529 84 0 0 1
2530 25 14 1 0
2531 12 3 0 1
2532 27 5 0 -1
2533 24 29 0 1
2534 1 5 -1 0
2535 7 1 0 -1
2536 79 34 -1 0
2537 86 7 1 0
2538 90 6 0 1
2539 23 32 0 1
2540 94 11 0 1
2541 50 29 0 1
2542 50 3 -1 0
2543 87 35 1 0
2544 37 5 0 1
2545 65 15 0 1
2546 45 23 1 0
2547 42 21 0 -1
2548 24 11 -1 0
2549 73 5 -1 0
2550 33 11 0 -1
2551 37 0 0 -1
2552 24 23 0 -1
2553 43 10 0 1
2554 12 4 0 1
2555 76 39 -1 0
2556 48 18 0 -1
2557 25 11 0 1
2558 29 20 0 1
2559 16 34 0 1
2560 4 3 0 1
2561 89 22 0 1
2562 50 11 0 -1
2563 43 8 0 -1
2564 14 28 -1 0
2565 28 18 0 -1
2566 42 35 -1 0
2567 14 18 1 0
2568 44 6 0 1
2569 36 5 0 -1
2570 68 19 1 0
2571 3 16 -1 0
2572 39 39 0 -1
2573 38 3 0 -1
2574 14 33 0 1
2575 47 38 -1 0
2576 24 2 -1 0
2577 45 3 1 0
2578 91 20 0 -1
2579 44 33 0 1
2580 39 9 0 1
2581 11 25 0 1
2582 80 38 1 0
2583 52 30 0 -1
2584 42 1 0 1
2585 95 13 1 0
2586 23 29 1 0
2587 41 1 0 -1
2588 89 6 1 0
2589 26 31 -1 0
2590 99 19 0 -1
2591 21 29 0 -1
2592 6 12 0 -1
2593 45 5 0 -1
2594 41 2 -1 0
2595 18 21 1 0
2596 91 24 0 1
2597 75 24 1 0
2598 21 21 -1 0
2599 45 16 0 -1
2600 75 8 1 0
2601 16 1 0 -1
2602 20 24 1 0
2603 81 2 -1 0
2604 44 23 -1 0
2605 81 38 0 1
2606 36 4 0 -1
2607 90 31 -1 0
2608 90 13 -1 0
2609 40 34 0 1
2610 77 0 -1 0
2611 92 25 1 0
2612 58 9 1 0
2613 30 17 -1 0
2614 63 10 -1 0
2615 47 34 0 -1
2616 23 11 -1 0
2617 31 24 1 0
2618 30 9 1 0
2619 41 14 1 0
2620 26 39 1 0
2621 10 38 -1 0
2622 25 2 0 -1
2623 38 13 1 0
2624 23 16 -1 0
2625 32 6 1 0
2626 58 32 0 -1
2627 68 12 -1 0
2628 21 7 -1 0
2629 28 22 0 -1
2630 20 1 0 -1
2631 85 13 0 1
2632 87 19 0 1
2633 29 21 0 1
2634 76 27 -1 0
2635 30 8 0 1
2636 29 39 1 0
2637 19 26 0 -1
2638 48 8 -1 0
2639 71 29 1 0
2640 70 38 0 1
2641 38 11 -1 0
2642 20 14 -1 0
2643 41 3 0 -1
2644 17 39 0 1
2645 36 11 -1 0
2646 41 14 1 0
2647 23 39 -1 0
2648 51 15 0 -1
2649 13 35 0 -1
2650 25 11 -1 0
2651 20 37 1 0
2652 99 37 -1 0
2653 0 0 -1 0
2654 38 25 0 -1
2655 26 27 0 1
2656 35 22 0 -1
2657 6 19 0 1
2658 37 14 0 1
2659 98 28 -1 0
2660 45 38 0 1
2661 29 16 0 -1
2662 40 26 0 -1
2663 25 37 0 -1
2664 42 34 1 0
2665 18 5 -1 0
2666 40 15 0 1
2667 51 37 0 -1
2668 22 8 1 0
2669 94 12 0 1
2670 25 37 0 -1
2671 23 0 0 1
2672 92 15 0 1
2673 24 14 0 1
2674 90 13 0 -1
2675 23 14 1 0
2676 31 25 1 0
2677 26 11 0 -1
2678 16 26 -1 0
2679 51 1 0 1
2680 5 34 -1 0
2681 35 19 -1 0
2682 61 32 1 0
2683 77 5 -1 0
2684 57 15 -1 0
2685 95 39 0 1
2686 58 33 0 1
2687 37 30 0 1
2688 71 10 -1 0
2689 78 35 0 1
2690 43 28 0 -1
2691 40 3 1 0
2692 49 6 0 -1
2693 42 16 0 -1
2694 36 29 0 -1
2695 20 38 0 1
2696 19 0 1 0
2697 18 18 0 1
2698 12 33 1 0
2699 96 24 0 -1
2700 45 17 1 0
2701 46 5 0 -1
2702 90 14 0 -1
2703 45 0 -1 0
2704 96 19 0 -1
2705 4 26 0 1
2706 46 33 0 1
2707 27 2 0 -1
2708 68 33 1 0
2709 16 3 -1 0
2710 40 28 -1 0
2711 16 35 0 -1
2712 73 6 1 0
2713 42 27 -1 0
2714 45 2 -1 0
2715 3 23 0 1
2716 21 2 -1 0
2717 19 11 0 1
2718 52 0 0 -1
2719 29 29 -1 0
2720 69 12 0 -1
2721 37 13 0 -1
2722 16 20 0 1
2723 94 16 1 0
2724 19 4 0 1
2725 18 26 -1 0
2726 40 31 1 0
2727 24 8 0 -1
2728 26 11 -1 0
2729 64 17 0 1
2730 5 20 -1 0
2731 78 2 -1 0
2732 23 25 -1 0
2733 75 20 -1 0
2734 42 0 0 1
2735 18 34 0 1
2736 29 14 1 0
2737 3 28 0 1
2738 28 30 0 -1
2739 39 17 0 1
2740 16 9 -1 0
2741 47 28 0 1
2742 92 15 -1 0
2743 13 7 0 1
2744 36 22 -1 0
2745 15 24 0 1
2746 42 4 1 0
2747 32 10 0 -1
2748 41 10 -1 0
2749 42 27 -1 0
2750 26 29 1 0
2751 40 35 -1 0
2752 61 2 1 0
2753 69 3 0 1
2754 58 32 1 0
2755 28 3 0 -1
2756 45 3 1 0
2757 25 16 0 -1
2758 80 9 1 0
2759 83 20 0 1
2760 42 5 0 -1
2761 44 3 -1 0
2762 13 25 -1 0
2763 52 28 0 -1
2764 21 6 0 1
2765 58 28 -1 0
2766 14 14 0 -1
2767 49 14 -1 0
2768 99 15 0 1
2769 42 22 -1 0
2770 30 4 1 0
2771 96 27 0 -1
2772 54 16 -1 0
2773 23 0 -1 0
2774 39 2 1 0
2775 29 20 0 1
2776 20 7 0 -1
2777 42 22 0 -1
2778 27 16 1 0
2779 47 23 1 0
2780 19 15 0 -1
2781 8 27 0 1
2782 47 27 -1 0
2783 91 15 1 0
2784 39 17 0 1
2785 42 30 0 -1
2786 59 34 1 0
2787 52 4 0 -1
2788 45 39 1 0
2789 95 1 -1 0
2790 45 30 1 0
2791 45 20 0 -1
2792 66 24 0 1
2793 91 7 -1 0
2794 47 2 1 0
2795 98 26 0 -1
2796 23 28 1 0
2797 27 36 0 1
2798 23 15 -1 0
2799 23 7 1 0
2800 0 26 -1 0
2801 95 21 -1 0
2802 45 36 0 1
2803 29 5 0 1
2804 18 18 0 -1
2805 88 36 1 0
2806 19 35 0 -1
2807 78 14 1 0
2808 39 4 1 0
2809 9 35 0 -1
2810 94 16 -1 0
2811 70 20 1 0
2812 27 38 0 -1
2813 62 18 0 1
2814 97 4 -1 0
2815 13 12 0 -1
2816 19 12 0 1
2817 74 11 1 0
2818 68 23 0 -1
2819 39 34 1 0
2820 39 1 0 -1
2821 20 17 0 1
2822 47 22 -1 0
2823 4 3 0 -1
2824 87 37 -1 0
2825 22 3 0 -1
2826 2 13 -1 0
2827 70 11 -1 0
2828 81 25 -1 0
2829 97 36 1 0
2830 79 22 1 0
2831 38 2 1 0
2832 19 17 0 1
2833 28 15 1 0
2834 94 25 0 -1
2835 27 5 0 1
2836 38 15 -1 0
2837 18 30 1 0
2838 42 1 -1 0
2839 16 23 0 -1
2840 85 34 0 -1
2841 43 39 -1 0
2842 82 0 0 -1
2843 38 0 1 0
2844 37 15 0 -1
2845 91 30 0 1
2846 25 9 0 1
2847 4 14 0 1
2848 17 30 0 1
2849 44 12 0 1
2850 50 39 0 1
2851 3 9 0 1
2852 4 28 0 -1
2853 38 4 0 -1
2854 21 34 1 0
2855 40 17 0 -1
2856 42 4 1 0
2857 47 30 1 0
2858 98 12 1 0
2859 68 23 1 0
2860 28 8 0 -1
2861 22 25 0 1
2862 41 29 1 0
2863 22 22 1 0
2864 91 0 -1 0
2865 22 11 -1 0
2866 53 3 0 1
2867 51 23 0 1
2868 73 24 1 0
2869 95 27 -1 0
2870 28 38 1 0
2871 25 27 1 0
2872 17 21 0 -1
2873 83 14 1 0
2874 42 0 -1 0
2875 10 34 0 -1
2876 3 16 1 0
2877 65 28 0 -1
2878 97 30 0 1
2879 27 39 1 0
2880 44 30 0 -1
2881 21 5 -1 0
2882 81 20 0 -1
2883 77 32 -1 0
2884 2 22 0 1
2885 37 8 0 -1
2886 55 17 -1 0
2887 39 34 0 1
2888 22 37 0 1
2889 59 18 0 1
2890 22 1 0 1
2891 47 12 -1 0
2892 43 37 0 1
2893 74 36 1 0
2894 58 19 0 1
2895 42 13 -1 0
2896 46 24 1 0
2897 65 16 1 0
2898 45 3 0 1
2899 96 22 1 0
2900 28 9 1 0
2901 6 24 0 -1
2902 75 5 0 -1
2903 94 34 -1 0
2904 23 15 1 0
2905 97 16 1 0
2906 39 32 1 0
2907 77 5 1 0
2908 16 18 0 1
2909 72 23 -1 0
2910 80 7 1 0
2911 10 0 0 1
2912 50 7 0 -1
2913 25 3 -1 0
2914 46 19 -1 0
2915 30 10 0 -1
2916 16 22 0 1
2917 5 17 0 -1
2918 26 30 0 1
2919 17 17 0 -1
2920 12 19 -1 0
2921 92 13 0 -1
2922 40 32 1 0
2923 10 2 0 1
2924 23 30 0 1
2925 45 19 0 1
2926 78 33 0 -1
2927 27 0 0 1
2928 31 7 0 1
2929 81 1 0 -1
2930 57 39 -1 0
2931 45 36 0 1
2932 8 18 1 0
2933 36 22 0 -1
2934 18 6 0 1
2935 65 17 0 -1
2936 43 3 0 1
2937 52 14 0 -1
2938 17 6 1 0
2939 40 31 0 -1
2940 96 23 -1 0
2941 78 7 1 0
2942 11 4 -1 0
2943 11 26 0 1
2944 37 34 1 0
2945 43 34 0 1
2946 18 29 1 0
2947 60 30 0 1
2948 41 30 -1 0
2949 44 16 0 1
2950 47 31 -1 0
2951 62 22 0 1
2952 49 4 -1 0
2953 53 15 0 1
2954 22 39 -1 0
2955 33 16 -1 0
2956 91 33 0 1
2957 91 10 0 -1
2958 92 22 0 -1
2959 15 12 0 1
2960 39 26 0 -1
2961 12 33 -1 0
2962 22 8 0 -1
2963 63 27 -1 0
2964 52 11 -1 0
2965 42 6 -1 0
2966 39 26 -1 0
2967 29 30 -1 0
2968 28 14 1 0
2969 41 30 0 -1
2970 6 30 0 -1
2971 1 30 0 1
2972 45 16 0 1
2973 44 21 -1 0
2974 21 12 -1 0
2975 43 24 -1 0
2976 28 37 1 0
2977 94 2 1 0
2978 26 9 1 0
2979 17 29 0 -1
2980 23 1 1 0
2981 62 7 1 0
2982 45 20 0 1
2983 40 27 1 0
2984 87 33 1 0
2985 41 31 1 0
2986 65 24 -1 0
2987 27 33 0 -1
2988 41 21 0 -1
2989 25 36 -1 0
2990 29 6 0 -1
2991 91 13 0 -1
2992 38 4 1 0
2993 72 13 0 1
2994 70 39 0 1
2995 19 21 0 1
2996 10 34 -1 0
2997 96 1 1 0
2998 28 3 0 1
2999 29 5 0 1
3000 40 7 0 -1
3001 29 1 0 -1
3002 75 20 -1 0
3003 46 26 0 -1
3004 92 4 0 -1
3005 19 5 1 0
3006 62 1 0 -1
3007 89 17 0 -1
3008 19 34 1 0
3009 86 1 0 -1
3010 49 17 1 0
3011 13 16 -1 0
3012 37 6 0 -1
3013 39 4 1 0
3014 37 22 -1 0
3015 0 17 0 -1
3016 56 10 0 1
3017 59 23 0 1
3018 65 37 1 0
3019 43 38 -1 0
3020 22 16 1 0
3021 73 35 0 -1
3022 42 9 0 -1
3023 50 33 0 1
3024 19 39 1 0
3025 62 1 0 1
3026 14 14 0 1
3027 13 27 1 0
3028 40 25 -1 0
3029 22 14 1 0
3030 38 20 0 1
3031 5 6 0 -1
3032 30 15 1 0
3033 84 33 0 -1
3034 18 3 -1 0
3035 25 37 -1 0
3036 39 1 -1 0
3037 7 36 0 -1
3038 92 36 0 -1
3039 13 25 1 0
3040 93 17 1 0
3041 76 39 1 0
3042 94 19 0 -1
3043 96 16 1 0
3044 16 4 0 -1
3045 45 37 0 -1
3046 83 12 -1 0
3047 21 4 0 1
3048 0 29 0 1
3049 29 39 1 0
3050 7 2 -1 0
3051 9 15 -1 0
3052 99 7 1 0
3053 52 38 0 1
3054 20 25 1 0
3055 95 2 0 -1
3056 50 9 0 1
3057 90 4 0 1
3058 37 12 1 0
3059 37 13 1 0
3060 88 11 1 0
3061 22 10 1 0
3062 0 24 0 -1
3063 2 31 0 -1
3064 50 5 0 -1
3065 14 13 1 0
3066 22 2 1 0
3067 0 13 0 1
3068 88 30 1 0
3069 91 23 0 -1
3070 50 39 -1 0
3071 99 38 0 -1
3072 88 38 0 -1
3073 1 32 -1 0
3074 57 36 0 -1
3075 44 18 0 1
3076 44 3 1 0
3077 40 2 0 1
3078 95 12 -1 0
3079 12 6 -1 0
3080 27 39 -1 0
3081 26 1 -1 0
3082 78 6 -1 0
3083 14 30 0 1
3084 72 16 1 0
3085 40 39 1 0
3086 16 35 0 -1
3087 91 37 1 0
3088 37 14 1 0
3089 92 20 0 1
3090 6 34 0 -1
3091 32 2 0 -1
3092 15 9 1 0
3093 47 8 -1 0
3094 26 36 0 1
3095 12 10 -1 0
3096 99 32 1 0
3097 41 7 -1 0
3098 19 19 0 -1
3099 64 35 -1 0
3100 42 10 0 1
3101 41 4 -1 0
3102 53 6 -1 0
3103 58 0 -1 0
3104 47 36 0 -1
3105 70 26 0 -1
3106 60 31 0 -1
3107 38 32 0 -1
3108 0 5 0 1
3109 11 0 0 1
3110 29 3 0 1
3111 2 16 1 0
3112 42 6 0 -1
3113 35 21 -1 0
3114 24 22 1 0
3115 15 17 0 1
3116 23 33 0 -1
3117 14 5 0 1
3118 6 2 -1 0
3119 46 36 0 1
3120 53 24 1 0
3121 6 38 0 1
3122 83 19 0 -1
3123 71 11 0 1
3124 24 12 0 1
3125 61 5 1 0
3126 90 11 0 1
3127 79 31 0 1
3128 18 24 1 0
3129 12 6 0 -1
3130 82 37 0 1
3131 96 30 0 1
3132 41 28 0 -1
3133 82 27 -1 0
3134 91 36 0 -1
3135 48 28 0 1
3136 35 10 1 0
3137 13 3 0 -1
3138 84 34 0 -1
3139 23 32 0 -1
3140 1 19 -1 0
3141 29 11 1 0
3142 95 6 0 -1
3143 27 7 -1 0
3144 92 32 0 1
3145 39 14 0 -1
3146 47 26 0 -1
3147 42 23 0 -1
3148 31 18 0 -1
3149 23 15 -1 0
3150 69 32 0 -1
3151 93 25 -1 0
3152 26 39 0 -1
3153 54 14 0 -1
3154 66 36 0 1
3155 52 23 0 -1
3156 40 2 0 1
3157 26 16 1 0
3158 39 11 0 1
3159 21 2 0 -1
3160 0 17 1 0
3161 61 12 1 0
3162 54 14 0 1
3163 25 12 -1 0
3164 98 22 0 -1
3165 94 0 0 1
3166 10 6 0 -1
3167 8 27 0 -1
3168 56 39 0 1
3169 48 4 -1 0
3170 7 21 0 -1
3171 30 3 -1 0
3172 16 13 -1 0
3173 37 25 0 -1
3174 55 2 1 0
3175 27 6 0 1
3176 10 4 0 -1
3177 31 17 -1 0
3178 83 31 0 -1
3179 21 11 1 0
3180 0 23 0 -1
3181 3 17 -1 0
3182 11 10 0 1
3183 12 3 0 1
3184 77 2 0 -1
3185 96 5 1 0
3186 40 39 1 0
3187 50 25 0 -1
3188 46 27 -1 0
3189 24 30 0 1
3190 66 29 1 0
3191 20 4 0 -1
3192 58 34 0 -1
3193 97 27 -1 0
3194 84 35 1 0
3195 19 6 0 -1
3196 0 30 -1 0
3197 47 1 0 -1
3198 74 21 0 1
3199 31 26 -1 0
3200 72 19 1 0
3201 22 0 0 -1
3202 21 12 0 -1
3203 43 1 0 1
3204 92 11 -1 0
3205 35 12 1 0
3206 14 4 0 1
3207 62 5 1 0
3208 6 29 0 1
3209 45 21 0 1
3210 71 21 1 0
3211 38 13 0 -1
3212 23 17 0 -1
3213 25 14 0 1
3214 1 17 -1 0
3215 58 21 0 1
3216 74 29 1 0
3217 24 30 1 0
3218 29 13 1 0
3219 42 30 0 -1
3220 29 1 0 1
3221 22 21 1 0
3222 91 38 0 1
3223 43 4 -1 0
3224 39 27 -1 0
3225 38 2 0 -1
3226 66 33 -1 0
3227 55 19 1 0
3228 27 33 -1 0
3229 44 17 0 -1
3230 46 6 1 0
3231 44 25 0 -1
3232 76 6 -1 0
3233 46 13 0 1
3234 11 31 0 1
3235 3 39 0 1
3236 31 9 0 -1
3237 24 0 1 0
3238 59 10 0 1
3239 24 13 0 1
3240 52 14 0 1
3241 13 38 0 -1
3242 51 38 0 -1
3243 81 24 1 0
3244 38 5 0 -1
3245 15 23 0 1
3246 51 31 0 -1
3247 89 30 -1 0
3248 40 36 1 0
3249 17 2 1 0
3250 36 14 0 -1
3251 96 2 0 1
3252 41 11 0 -1
3253 23 25 0 -1
3254 24 19 0 1
3255 44 0 0 -1
3256 11 1 1 0
3257 26 38 -1 0
3258 31 9 1 0
3259 95 7 0 -1
3260 40 22 1 0
3261 25 17 0 -1
3262 44 30 -1 0
3263 25 17 -1 0
3264 28 37 1 0
3265 42 22 1 0
3266 26 11 0 -1
3267 99 35 1 0
3268 58 9 -1 0
3269 6 34 1 0
3270 20 4 -1 0
3271 38 17 -1 0
3272 79 9 1 0
3273 42 15 -1 0
3274 25 10 0 1
3275 3 39 0 -1
3276 49 15 0 1
3277 29 4 0 1
3278 50 21 1 0
3279 39 1 0 1
3280 53 39 -1 0
3281 37 13 -1 0
3282 99 39 0 -1
3283 15 33 0 -1
3284 44 1 0 1
3285 27 13 -1 0
3286 22 27 0 -1
3287 97 27 0 -1
3288 35 18 0 1
3289 66 1 -1 0
3290 73 23 0 1
3291 88 12 -1 0
3292 3 7 1 0
3293 8 19 0 1
3294 22 23 1 0
3295 20 38 0 -1
3296 37 33 -1 0
3297 88 29 1 0
3298 54 9 -1 0
3299 28 19 -1 0
3300 23 39 1 0
3301 10 33 1 0
3302 48 15 0 1
3303 86 24 1 0
3304 9 13 -1 0
3305 61 21 0 -1
3306 24 25 0 1
3307 41 38 -1 0
3308 41 17 0 -1
3309 76 18 0 1
3310 86 30 0 -1
3311 40 34 0 -1
3312 69 31 1 0
3313 37 25 0 -1
3314 0 25 -1 0
3315 90 34 -1 0
3316 35 30 0 1
3317 56 39 1 0
3318 25 33 0 1
3319 43 2 0 1
3320 13 34 0 -1
3321 17 32 0 1
3322 13 8 1 0
3323 26 9 1 0
3324 39 28 0 -1
3325 40 25 0 1
3326 2 38 -1 0
3327 27 6 0 1
3328 20 5 0 -1
3329 83 30 1 0
3330 99 3 0 1
3331 41 9 1 0
3332 99 27 0 1
3333 13 11 0 -1
3334 29 34 0 1
3335 1 10 0 -1
3336 20 23 0 1
3337 39 12 0 1
3338 64 30 0 1
3339 24 31 0 -1
3340 51 7 0 1
3341 19 5 0 1
3342 95 22 1 0
3343 27 29 1 0
3344 2 0 0 1
3345 53 8 -1 0
3346 53 28 -1 0
3347 41 36 0 -1
3348 99 34 1 0
3349 83 17 0 1
3350 18 28 0 1
3351 10 20 -1 0
3352 91 23 1 0
3353 95 24 1 0
3354 36 8 1 0
3355 40 20 0 -1
3356 26 36 1 0
3357 36 0 -1 0
3358 46 21 0 1
3359 1 24 1 0
3360 38 30 0 -1
3361 38 1 1 0
3362 69 22 -1 0
3363 42 18 -1 0
3364 45 36 0 1
3365 9 10 -1 0
3366 79 5 -1 0
3367 2 9 0 -1
3368 97 28 0 1
3369 21 13 1 0
3370 2 25 1 0
3371 89 4 0 -1
3372 17 6 -1 0
3373 60 38 0 1
3374 40 4 -1 0
3375 26 15 0 -1
3376 39 12 -1 0
3377 22 28 -1 0
3378 6 33 -1 0
3379 56 35 0 -1
3380 2 31 0 1
3381 73 39 0 1
3382 13 29 0 1
3383 26 23 0 -1
3384 56 16 0 1
3385 22 3 0 -1
3386 80 20 0 -1
3387 10 15 -1 0
3388 41 2 1 0
3389 40 5 0 1
3390 99 16 -1 0
3391 42 31 0 -1
3392 44 20 -1 0
3393 24 1 1 0
3394 64 6 1 0
3395 56 17 1 0
3396 24 18 0 1
3397 59 8 1 0
3398 41 5 0 -1
3399 42 8 -1 0
3400 16 20 1 0
3401 13 22 -1 0
3402 89 26 0 1
3403 4 29 0 -1
3404 90 11 1 0
3405 42 37 0 1
3406 24 14 0 1
3407 80 26 0 -1
3408 42 32 1 0
3409 27 35 0 1
3410 26 31 0 -1
3411 18 7 0 -1
3412 40 38 -1 0
3413 8 5 -1 0
3414 26 26 -1 0
3415 37 5 0 1
3416 18 1 -1 0
3417 40 32 -1 0
3418 62 19 0 -1
3419 73 17 0 -1
3420 99 32 0 -1
3421 41 17 0 1
3422 16 12 0 1
3423 26 10 0 1
3424 23 25 -1 0
3425 76 22 0 -1
3426 69 4 0 -1
3427 76 33 -1 0
3428 31 1 0 1
3429 46 37 0 -1
3430 25 30 0 1
3431 77 24 0 -1
3432 0 31 -1 0
3433 39 26 0 -1
3434 96 7 0 1
3435 38 15 0 -1
3436 15 1 -1 0
3437 99 34 0 1
3438 48 11 0 1
3439 25 25 1 0
3440 50 11 0 -1
3441 39 20 1 0
3442 15 33 1 0
3443 63 4 0 1
3444 21 11 0 1
3445 66 9 1 0
3446 66 12 -1 0
3447 26 1 0 -1
3448 38 11 0 1
3449 20 3 0 1
3450 48 18 0 1
3451 5 30 0 -1
3452 26 21 0 1
3453 12 15 1 0
3454 26 38 0 -1
3455 44 39 0 1
3456 21 21 0 -1
3457 82 37 1 0
3458 29 2 0 -1
3459 13 4 -1 0
3460 42 21 1 0
3461 35 5 -1 0
3462 40 9 0 1
3463 45 26 0 -1
3464 39 36 0 -1
3465 55 16 1 0
3466 38 0 -1 0
3467 11 12 0 -1
3468 13 5 -1 0
3469 84 27 0 1
3470 85 2 -1 0
3471 27 2 0 -1
3472 61 25 -1 0
3473 57 9 0 1
3474 99 22 0 -1
3475 94 34 -1 0
3476 36 21 0 1
3477 26 37 0 -1
3478 52 11 0 -1
3479 44 31 0 1
3480 27 1 0 -1
3481 40 4 0 1
3482 75 19 -1 0
3483 26 8 0 1
3484 44 2 0 1
3485 17 24 1 0
3486 24 17 1 0
3487 72 13 -1 0
3488 93 4 0 1
3489 54 1 0 1
3490 83 13 -1 0
3491 20 21 0 -1
3492 27 5 0 1
3493 59 38 1 0
3494 1 1 -1 0
3495 23 8 1 0
3496 82 27 0 1
3497 19 13 0 1
3498 4 14 0 -1
3499 39 24 0 1
3500 22 14 1 0
3501 41 39 -1 0
3502 1 14 0 -1
3503 42 5 -1 0
3504 39 5 1 0
3505 90 23 -1 0
3506 71 24 0 -1
3507 41 23 0 -1
3508 43 8 0 -1
3509 34 20 -1 0
3510 26 12 1 0
3511 4 38 1 0
3512 38 37 0 1
3513 7 0 -1 0
3514 82 16 -1 0
3515 46 30 0 -1
3516 9 34 0 -1
3517 57 22 -1 0
3518 47 32 0 -1
3519 15 20 -1 0
3520 23 39 1 0
3521 42 19 1 0
3522 26 12 -1 0
3523 41 8 0 1
3524 94 35 1 0
3525 24 20 1 0
3526 26 39 0 -1
3527 46 10 -1 0
3528 18 23 0 1
3529 20 0 -1 0
3530 2 27 0 -1
3531 24 37 0 1
3532 1 6 -1 0
3533 45 33 0 1
3534 18 1 1 0
3535 63 0 1 0
3536 17 2 1 0
3537 54 24 0 1
3538 52 6 -1 0
3539 35 18 1 0
3540 39 6 1 0
3541 40 33 -1 0
3542 97 6 0 1
3543 43 15 0 1
3544 15 25 0 -1
3545 49 4 0 1
3546 25 20 0 -1
3547 40 33 -1 0
3548 27 11 0 1
3549 41 25 1 0
3550 38 2 1 0
3551 2 2 -1 0
3552 23 37 0 -1
3553 23 23 1 0
3554 64 35 -1 0
3555 43 4 -1 0
3556 42 2 0 1
3557 64 1 0 1
3558 41 16 0 1
3559 22 4 0 -1
3560 21 13 1 0
3561 82 31 1 0
3562 79 6 0 -1
3563 2 18 1 0
3564 58 28 0 1
3565 39 10 0 1
3566 54 18 1 0
3567 49 37 0 1
3568 95 0 0 1
3569 45 18 -1 0
3570 83 13 0 -1
3571 47 34 1 0
3572 18 28 0 1
3573 24 1 -1 0
3574 17 39 -1 0
3575 40 6 1 0
3576 51 9 0 1
3577 16 30 1 0
3578 29 30 0 1
3579 56 30 0 1
3580 40 16 0 1
3581 23 3 1 0
3582 92 24 -1 0
3583 55 1 1 0
3584 71 18 0 1
3585 55 7 0 1
3586 38 0 0 1
3587 26 0 0 -1
3588 25 30 -1 0
3589 43 38 1 0
3590 42 36 -1 0
3591 7 39 0 1
3592 26 8 0 1
3593 96 39 0 1
3594 84 19 0 1
3595 49 25 1 0
3596 21 26 0 -1
3597 42 7 0 1
3598 63 21 0 1
3599 40 8 0 -1
