0 26 5 0 1
1 14 29 -1 0
2 99 8 0 1
3 52 36 1 0
4 40 25 1 0
5 86 3 0 1
6 51 21 1 0
7 49 29 -1 0
8 46 6 -1 0
9 93 23 1 0
10 42 7 0 -1
11 91 28 0 1
12 32 20 0 1
13 85 31 0 1
14 27 37 1 0
15 18 12 0 -1
16 21 12 0 1
17 58 31 0 1
18 48 25 1 0
19 96 37 0 -1
20 9 3 0 1
21 67 10 0 1
22 48 25 0 -1
23 2 39 0 -1
24 40 2 0 -1
25 39 8 0 -1
26 5 4 0 1
27 29 2 -1 0
28 25 13 0 1
29 17 19 -1 0
30 20 0 0 -1
31 57 23 0 -1
32 76 38 1 0
33 66 18 -1 0
34 30 39 0 -1
35 51 11 -1 0
36 79 19 0 -1
37 24 39 -1 0
38 87 34 0 -1
39 48 4 0 -1
40 44 9 0 1
41 80 7 0 -1
42 38 20 0 -1
43 38 31 0 -1
44 12 31 0 1
45 72 33 0 1
46 67 32 0 -1
47 5 7 0 -1
48 95 28 0 1
49 49 23 1 0
50 41 28 0 -1
51 65 5 -1 0
52 12 2 1 0
53 45 4 0 -1
54 38 20 -1 0
55 36 8 0 -1
56 95 34 0 1
57 1 26 0 1
58 89 10 1 0
59 69 15 0 1
60 28 31 0 1
61 21 30 1 0
62 16 19 -1 0
63 31 8 -1 0
64 27 9 -1 0
65 30 0 1 0
66 42 27 0 1
67 41 29 -1 0
68 59 16 0 1
69 64 36 1 0
70 20 8 1 0
71 56 14 0 -1
72 93 32 -1 0
73 42 22 0 1
74 25 5 -1 0
75 60 32 -1 0
76 15 11 0 1
77 38 19 1 0
78 13 35 0 1
79 23 4 1 0
80 35 19 -1 0
81 64 17 1 0
82 45 23 -1 0
83 75 14 1 0
84 69 30 -1 0
85 22 37 0 1
86 41 5 -1 0
87 37 13 0 1
88 2 22 1 0
89 36 36 0 1
90 45 38 0 1
91 68 0 0 -1
92 98 14 0 -1
93 20 27 -1 0
94 54 0 0 -1
95 0 19 1 0
96 81 26 -1 0
97 52 37 0 -1
98 38 5 -1 0
99 70 28 0 -1
100 6 13 -1 0
101 72 8 1 0
102 25 22 -1 0
103 10 15 1 0
104 94 5 0 1
105 14 13 0 1
106 22 7 0 1
107 88 20 0 1
108 19 21 0 1
109 18 5 1 0
110 77 0 -1 0
111 12 11 1 0
112 1 14 0 1
113 43 7 -1 0
114 70 10 1 0
115 60 28 0 -1
116 26 37 0 1
117 41 39 0 1
118 99 10 0 -1
119 99 4 0 -1
120 32 24 0 1
121 64 16 0 -1
122 91 1 0 1
123 18 9 0 1
124 52 10 1 0
125 16 20 -1 0
126 25 14 0 1
127 96 22 0 -1
128 29 37 0 1
129 29 9 0 -1
130 57 38 0 -1
131 47 34 -1 0
132 48 9 0 1
133 96 5 -1 0
134 47 22 0 1
135 23 22 0 -1
136 76 1 1 0
137 10 20 0 1
138 90 36 0 1
139 70 11 -1 0
140 50 34 0 1
141 25 22 0 1
142 19 24 -1 0
143 3 4 0 -1
144 37 2 0 1
145 95 13 -1 0
146 13 19 1 0
147 72 12 -1 0
148 69 35 1 0
149 14 27 1 0
150 59 21 1 0
151 43 12 0 -1
152 19 23 0 1
153 44 8 1 0
154 2 6 1 0
155 98 5 0 -1
156 42 39 -1 0
157 23 7 1 0
158 19 12 0 -1
159 90 36 0 1
160 47 25 0 1
161 47 4 0 1
162 92 33 0 1
163 91 23 1 0
164 80 12 1 0
165 16 32 -1 0
166 24 18 1 0
167 39 24 0 1
168 45 6 0 1
169 92 33 0 -1
170 24 22 0 1
171 19 28 0 -1
172 17 1 1 0
173 83 24 0 1
174 85 1 1 0
175 43 23 -1 0
176 72 14 0 1
177 61 20 0 1
178 3 14 1 0
179 20 30 1 0
180 48 24 0 -1
181 84 15 -1 0
182 38 10 -1 0
183 33 32 0 1
184 52 6 -1 0
185 9 4 -1 0
186 96 6 0 -1
187 26 15 -1 0
188 28 8 0 -1
189 15 19 0 1
190 19 34 0 -1
191 60 2 0 -1
192 11 24 0 1
193 98 17 0 -1
194 57 16 -1 0
195 25 25 0 1
196 49 21 0 1
197 51 3 0 1
198 10 11 1 0
199 25 4 1 0
200 97 27 0 -1
201 18 19 1 0
202 13 10 -1 0
203 45 18 0 1
204 24 17 0 1
205 4 14 0 -1
206 67 19 0 -1
207 59 23 -1 0
208 74 6 0 -1
209 19 4 -1 0
210 90 20 0 -1
211 42 5 1 0
212 70 18 1 0
213 27 1 0 1
214 44 0 0 -1
215 90 22 0 -1
216 53 35 -1 0
217 36 32 -1 0
218 79 2 0 -1
219 96 20 0 1
220 40 29 -1 0
221 89 16 -1 0
222 49 34 1 0
223 19 8 1 0
224 10 25 1 0
225 44 24 -1 0
226 62 6 1 0
227 49 8 -1 0
228 16 20 0 1
229 0 12 -1 0
230 82 36 -1 0
231 14 38 -1 0
232 74 24 -1 0
233 30 29 0 -1
234 15 27 -1 0
235 87 1 0 -1
236 8 3 0 1
237 33 13 1 0
238 36 21 -1 0
239 18 35 -1 0
240 14 38 0 -1
241 26 5 0 1
242 30 5 1 0
243 49 3 0 -1
244 39 6 0 -1
245 32 25 1 0
246 33 13 -1 0
247 39 35 0 -1
248 28 24 0 1
249 22 19 0 -1
250 39 39 0 -1
251 23 19 -1 0
252 62 34 0 1
253 15 8 -1 0
254 93 5 1 0
255 41 1 0 1
256 24 7 1 0
257 80 26 0 1
258 38 25 0 -1
259 84 35 1 0
260 62 16 0 -1
261 12 13 0 -1
262 14 26 0 1
263 40 18 -1 0
264 35 35 0 -1
265 73 33 0 -1
266 92 2 -1 0
267 48 17 -1 0
268 94 18 0 1
269 43 25 0 1
270 26 7 1 0
271 51 4 0 1
272 11 31 0 -1
273 44 5 -1 0
274 92 13 0 1
275 58 27 0 1
276 44 36 1 0
277 92 5 -1 0
278 66 35 0 -1
279 53 13 -1 0
280 81 15 -1 0
281 39 5 1 0
282 79 25 1 0
283 44 6 0 1
284 80 34 0 1
285 54 37 1 0
286 49 37 1 0
287 26 10 1 0
288 8 33 0 -1
289 91 16 0 1
290 13 2 -1 0
291 24 26 0 -1
292 5 39 0 -1
293 54 11 -1 0
294 29 28 0 -1
295 40 26 0 -1
296 82 7 0 1
297 49 24 0 1
298 70 30 -1 0
299 23 30 1 0
300 9 8 0 -1
301 39 22 -1 0
302 43 15 -1 0
303 59 11 1 0
304 13 2 0 1
305 72 21 1 0
306 48 31 1 0
307 53 9 0 -1
308 43 33 0 1
309 50 36 1 0
310 17 26 0 -1
311 46 32 -1 0
312 15 37 0 1
313 80 38 0 -1
314 15 26 0 1
315 66 13 0 1
316 37 11 0 1
317 94 35 0 1
318 39 17 0 -1
319 40 18 1 0
320 27 31 1 0
321 98 9 0 1
322 11 31 -1 0
323 45 21 1 0
324 11 24 0 1
325 29 32 0 1
326 46 5 1 0
327 65 38 0 1
328 41 28 1 0
329 88 11 -1 0
330 49 26 1 0
331 99 22 -1 0
332 73 12 -1 0
333 67 2 1 0
334 71 23 0 1
335 1 5 1 0
336 3 33 0 -1
337 45 12 0 -1
338 26 17 0 -1
339 18 11 1 0
340 19 24 0 -1
341 46 36 1 0
342 65 30 1 0
343 69 18 1 0
344 9 30 0 -1
345 27 12 -1 0
346 12 6 -1 0
347 46 27 1 0
348 41 13 0 -1
349 77 3 1 0
350 51 5 1 0
351 68 37 0 1
352 13 31 1 0
353 55 35 0 1
354 52 8 -1 0
355 15 3 0 -1
356 99 7 0 1
357 32 19 0 1
358 53 6 -1 0
359 22 25 -1 0
360 42 13 0 1
361 15 15 0 1
362 18 31 0 1
363 58 5 0 -1
364 49 11 -1 0
365 99 11 0 -1
366 4 29 0 -1
367 55 31 1 0
368 26 34 0 1
369 99 31 0 1
370 29 32 0 1
371 3 21 0 -1
372 76 39 1 0
373 56 28 -1 0
374 23 11 0 -1
375 64 25 0 -1
376 61 12 0 1
377 91 17 0 -1
378 68 7 1 0
379 56 31 0 1
380 41 3 -1 0
381 39 11 1 0
382 70 11 0 -1
383 15 8 0 -1
384 38 36 1 0
385 86 39 1 0
386 38 18 0 -1
387 79 5 0 1
388 15 12 0 1
389 46 3 1 0
390 45 22 1 0
391 22 20 1 0
392 1 4 -1 0
393 46 18 -1 0
394 21 36 1 0
395 20 29 0 1
396 58 37 0 -1
397 25 36 0 -1
398 84 4 0 1
399 87 36 0 -1
400 88 24 -1 0
401 82 15 1 0
402 25 25 0 1
403 51 11 1 0
404 57 37 1 0
405 75 20 1 0
406 87 18 1 0
407 3 30 0 -1
408 46 29 0 1
409 83 21 1 0
410 65 11 1 0
411 10 26 0 -1
412 26 0 0 -1
413 23 9 0 -1
414 83 32 0 1
415 85 8 -1 0
416 16 16 0 -1
417 35 2 0 1
418 26 7 0 1
419 71 14 1 0
420 38 28 0 1
421 25 14 0 -1
422 39 38 -1 0
423 47 21 0 1
424 70 33 0 -1
425 35 10 0 -1
426 21 39 1 0
427 42 28 -1 0
428 19 26 0 -1
429 39 30 1 0
430 13 39 0 -1
431 42 33 0 -1
432 7 6 -1 0
433 45 13 0 -1
434 17 7 0 1
435 98 7 0 1
436 99 29 -1 0
437 15 0 0 1
438 91 32 -1 0
439 81 21 0 1
440 88 9 -1 0
441 35 22 -1 0
442 59 10 1 0
443 12 2 0 1
444 0 2 1 0
445 68 15 0 -1
446 74 9 -1 0
447 57 0 1 0
448 70 39 0 -1
449 54 8 0 1
450 11 6 -1 0
451 44 36 0 -1
452 36 21 0 1
453 42 24 1 0
454 43 11 0 -1
455 74 22 -1 0
456 78 36 -1 0
457 62 35 1 0
458 66 22 1 0
459 71 39 0 1
460 29 32 0 1
461 34 12 0 -1
462 93 25 0 1
463 26 28 -1 0
464 3 27 0 1
465 19 2 0 1
466 13 1 -1 0
467 68 32 0 1
468 38 35 1 0
469 1 37 0 1
470 52 18 -1 0
471 83 14 0 -1
472 52 21 1 0
473 7 28 0 -1
474 86 39 -1 0
475 23 10 1 0
476 84 30 0 1
477 98 30 -1 0
478 8 22 0 -1
479 97 33 1 0
480 93 14 -1 0
481 23 8 1 0
482 20 25 0 1
483 46 20 -1 0
484 40 14 -1 0
485 77 13 -1 0
486 40 15 0 1
487 49 19 0 -1
488 37 20 0 -1
489 16 18 -1 0
490 37 22 0 -1
491 26 35 -1 0
492 67 10 0 -1
493 53 28 -1 0
494 44 6 1 0
495 83 0 0 -1
496 48 13 -1 0
497 17 14 -1 0
498 25 2 -1 0
499 27 39 1 0
500 13 21 -1 0
501 0 23 -1 0
502 43 9 0 1
503 93 21 0 1
504 19 36 -1 0
505 40 32 1 0
506 4 7 -1 0
507 6 16 0 -1
508 37 32 0 -1
509 2 7 0 -1
510 38 36 0 -1
511 73 17 0 1
512 12 20 0 -1
513 13 8 0 -1
514 61 20 0 1
515 56 21 1 0
516 49 6 0 -1
517 38 8 0 1
518 18 19 1 0
519 87 6 1 0
520 11 18 1 0
521 63 13 -1 0
522 69 17 0 1
523 55 29 0 1
524 24 33 0 -1
525 33 22 0 1
526 43 36 0 -1
527 1 18 0 -1
528 20 30 1 0
529 36 32 0 -1
530 88 28 0 1
531 47 31 -1 0
532 76 39 0 1
533 50 31 -1 0
534 1 23 -1 0
535 11 25 -1 0
536 21 5 0 1
537 75 0 0 -1
538 95 5 1 0
539 35 24 0 -1
540 82 13 -1 0
541 32 23 -1 0
542 85 25 0 -1
543 96 14 0 -1
544 40 26 0 1
545 39 21 1 0
546 19 17 -1 0
547 27 38 0 1
548 22 8 1 0
549 24 37 0 -1
550 52 7 0 -1
551 44 8 1 0
552 44 13 0 1
553 7 17 1 0
554 36 30 0 -1
555 11 7 1 0
556 99 6 -1 0
557 42 26 0 1
558 56 0 0 -1
559 41 16 0 1
560 8 1 0 1
561 84 17 0 -1
562 2 28 -1 0
563 94 21 -1 0
564 7 23 -1 0
565 43 30 0 -1
566 22 0 0 1
567 11 32 1 0
568 79 32 0 1
569 20 9 0 -1
570 30 29 1 0
571 87 23 1 0
572 21 39 0 1
573 3 38 0 -1
574 28 16 -1 0
575 6 22 0 1
576 56 5 1 0
577 66 8 0 1
578 24 12 0 -1
579 11 2 -1 0
580 94 0 0 1
581 70 14 1 0
582 8 4 1 0
583 5 3 0 1
584 26 31 1 0
585 38 30 1 0
586 98 11 0 -1
587 49 5 -1 0
588 6 16 0 -1
589 48 10 1 0
590 50 16 0 -1
591 55 16 -1 0
592 96 31 -1 0
593 26 22 0 -1
594 27 35 1 0
595 78 5 0 1
596 41 31 0 1
597 36 15 1 0
598 88 10 -1 0
599 52 33 1 0
600 59 18 -1 0
601 94 14 0 -1
602 11 25 -1 0
603 53 1 -1 0
604 52 13 0 1
605 29 20 0 -1
606 4 30 0 1
607 48 19 -1 0
608 26 13 0 -1
609 36 29 1 0
610 85 34 -1 0
611 91 37 0 -1
612 37 18 -1 0
613 26 31 -1 0
614 25 28 -1 0
615 83 17 -1 0
616 28 1 1 0
617 97 12 0 1
618 25 39 1 0
619 93 19 0 -1
620 75 33 1 0
621 42 31 -1 0
622 41 34 0 1
623 35 0 1 0
624 22 25 0 1
625 17 37 0 1
626 46 2 0 1
627 41 30 -1 0
628 39 8 -1 0
629 24 8 -1 0
630 87 28 1 0
631 82 8 -1 0
632 71 2 1 0
633 24 1 1 0
634 44 39 1 0
635 14 23 -1 0
636 28 3 -1 0
637 12 8 0 1
638 29 26 0 -1
639 25 29 0 -1
640 29 8 -1 0
641 24 32 1 0
642 50 0 0 -1
643 21 5 -1 0
644 46 16 1 0
645 38 2 1 0
646 48 25 0 -1
647 81 16 -1 0
648 0 8 -1 0
649 15 7 0 -1
650 58 12 1 0
651 44 18 -1 0
652 99 32 0 -1
653 48 35 1 0
654 92 11 1 0
655 27 26 1 0
656 33 37 1 0
657 41 26 -1 0
658 47 9 -1 0
659 12 12 0 1
660 47 2 -1 0
661 91 35 1 0
662 77 12 -1 0
663 26 25 0 1
664 48 10 0 1
665 60 28 1 0
666 34 32 1 0
667 47 12 -1 0
668 97 1 0 1
669 48 29 0 1
670 76 1 -1 0
671 49 11 0 -1
672 25 27 -1 0
673 9 15 0 -1
674 39 34 0 -1
675 81 0 0 -1
676 19 26 0 -1
677 84 38 0 -1
678 33 15 -1 0
679 20 39 -1 0
680 58 5 0 -1
681 26 29 1 0
682 42 24 -1 0
683 11 36 0 -1
684 87 18 0 1
685 24 20 -1 0
686 36 4 1 0
687 34 28 1 0
688 72 39 -1 0
689 30 30 0 1
690 24 25 0 1
691 46 35 -1 0
692 43 7 1 0
693 32 1 -1 0
694 31 6 0 1
695 21 14 1 0
696 91 21 1 0
697 73 30 0 -1
698 82 35 0 1
699 22 11 -1 0
700 94 33 0 1
701 31 2 1 0
702 80 1 -1 0
703 9 18 1 0
704 34 14 1 0
705 52 29 -1 0
706 20 8 -1 0
707 52 33 -1 0
708 59 4 1 0
709 83 37 0 -1
710 46 7 0 -1
711 90 33 1 0
712 16 37 -1 0
713 50 20 -1 0
714 40 5 0 1
715 93 7 1 0
716 19 3 1 0
717 53 0 -1 0
718 32 13 -1 0
719 37 33 1 0
720 5 14 0 1
721 0 17 1 0
722 37 1 0 1
723 26 26 1 0
724 6 28 1 0
725 74 13 0 1
726 41 33 0 1
727 40 14 -1 0
728 43 12 0 -1
729 12 9 -1 0
730 51 2 0 1
731 27 20 1 0
732 42 4 -1 0
733 65 15 0 -1
734 55 34 0 -1
735 20 29 0 1
736 55 31 1 0
737 97 16 -1 0
738 74 27 -1 0
739 41 3 -1 0
740 30 28 0 -1
741 81 14 0 -1
742 99 13 -1 0
743 64 32 -1 0
744 38 33 0 1
745 26 14 0 -1
746 85 20 0 -1
747 21 34 0 -1
748 39 34 0 -1
749 9 6 -1 0
750 77 22 0 -1
751 30 15 0 1
752 70 0 0 1
753 45 28 0 1
754 24 29 1 0
755 12 10 1 0
756 38 30 1 0
757 0 10 0 1
758 6 30 0 -1
759 3 7 -1 0
760 35 32 0 1
761 4 19 0 -1
762 30 16 -1 0
763 51 5 -1 0
764 20 39 1 0
765 51 24 1 0
766 97 36 -1 0
767 35 13 -1 0
768 83 29 1 0
769 3 4 0 -1
770 26 29 -1 0
771 22 27 1 0
772 98 1 -1 0
773 67 28 -1 0
774 12 31 0 1
775 70 22 0 -1
776 64 5 1 0
777 92 13 1 0
778 43 32 0 1
779 83 17 1 0
780 41 16 0 -1
781 14 15 1 0
782 26 0 1 0
783 27 27 -1 0
784 74 33 0 -1
785 82 26 1 0
786 3 3 0 1
787 10 36 0 -1
788 60 29 -1 0
789 18 18 1 0
790 18 24 1 0
791 42 7 0 -1
792 23 28 0 -1
793 58 7 1 0
794 40 3 0 -1
795 39 31 1 0
796 25 35 -1 0
797 53 38 1 0
798 8 27 1 0
799 45 2 -1 0
800 89 30 -1 0
801 75 35 1 0
802 86 0 1 0
803 66 7 -1 0
804 26 26 0 -1
805 84 37 1 0
806 39 30 -1 0
807 50 5 0 1
808 29 14 1 0
809 13 14 1 0
810 32 12 1 0
811 51 35 -1 0
812 34 24 -1 0
813 25 34 1 0
814 29 1 1 0
815 66 11 0 1
816 86 10 0 1
817 41 16 0 1
818 5 16 0 1
819 44 22 -1 0
820 54 10 -1 0
821 22 24 1 0
822 50 5 1 0
823 24 9 0 -1
824 34 33 1 0
825 90 2 1 0
826 49 4 0 -1
827 43 34 -1 0
828 17 6 -1 0
829 24 22 -1 0
830 36 13 0 -1
831 72 27 0 1
832 11 29 1 0
833 54 7 0 -1
834 8 2 -1 0
835 37 4 0 -1
836 34 12 -1 0
837 19 5 0 -1
838 47 4 1 0
839 88 29 0 -1
840 14 2 1 0
841 3 1 0 -1
842 38 28 0 1
843 29 3 0 1
844 26 38 0 -1
845 24 0 0 1
846 43 26 -1 0
847 47 3 1 0
848 13 20 -1 0
849 5 20 0 -1
850 83 39 1 0
851 13 22 0 -1
852 26 27 1 0
853 94 38 -1 0
854 38 35 1 0
855 96 20 0 -1
856 69 24 -1 0
857 72 37 0 1
858 8 27 1 0
859 93 22 0 -1
860 60 15 1 0
861 11 8 1 0
862 28 31 1 0
863 36 0 0 1
864 16 37 0 1
865 30 6 0 -1
866 40 20 0 -1
867 17 13 0 -1
868 23 3 0 -1
869 47 30 0 1
870 27 5 0 -1
871 54 12 1 0
872 94 19 0 1
873 82 11 -1 0
874 43 10 1 0
875 31 25 1 0
876 3 14 0 1
877 83 25 0 -1
878 6 6 1 0
879 96 30 1 0
880 6 28 0 1
881 61 3 0 1
882 88 18 0 -1
883 63 10 -1 0
884 24 39 1 0
885 85 3 0 -1
886 6 18 0 -1
887 9 6 0 1
888 29 5 0 1
889 36 21 -1 0
890 38 33 0 1
891 84 17 0 -1
892 43 13 0 -1
893 52 36 -1 0
894 75 16 -1 0
895 28 37 0 -1
896 45 5 0 1
897 79 1 0 1
898 1 34 -1 0
899 37 1 0 1
900 94 8 0 1
901 75 11 0 -1
902 45 33 0 1
903 27 29 -1 0
904 3 33 1 0
905 31 21 1 0
906 79 0 -1 0
907 22 24 1 0
908 2 1 0 1
909 4 25 0 1
910 25 15 1 0
911 37 14 -1 0
912 61 0 0 -1
913 56 22 0 -1
914 35 37 0 1
915 50 8 0 1
916 37 2 0 -1
917 40 28 0 -1
918 94 25 1 0
919 94 30 1 0
920 23 39 1 0
921 42 13 0 -1
922 46 7 -1 0
923 57 6 0 1
924 1 31 1 0
925 7 1 0 1
926 44 14 1 0
927 1 10 0 1
928 0 14 1 0
929 81 21 0 1
930 53 9 1 0
931 37 35 0 -1
932 47 25 -1 0
933 3 25 1 0
934 30 39 0 -1
935 8 2 0 1
936 94 1 0 1
937 45 16 1 0
938 16 30 1 0
939 32 18 0 1
940 37 13 0 -1
941 28 34 -1 0
942 28 23 1 0
943 73 24 1 0
944 18 18 0 1
945 9 26 0 1
946 6 1 -1 0
947 82 30 -1 0
948 67 23 0 1
949 2 11 1 0
950 80 35 1 0
951 30 19 0 1
952 40 26 0 -1
953 43 35 1 0
954 13 22 0 1
955 16 33 1 0
956 93 35 -1 0
957 50 3 -1 0
958 77 20 1 0
959 39 15 0 -1
960 40 16 0 1
961 97 31 0 1
962 23 24 -1 0
963 26 33 0 1
964 17 22 0 1
965 48 11 1 0
966 27 1 0 -1
967 45 5 0 1
968 24 4 1 0
969 6 37 -1 0
970 33 20 -1 0
971 42 10 0 1
972 5 4 0 1
973 30 9 1 0
974 56 17 -1 0
975 80 17 -1 0
976 78 10 0 1
977 83 14 -1 0
978 58 24 0 -1
979 12 3 1 0
980 5 3 0 1
981 79 17 1 0
982 0 24 0 -1
983 46 7 0 -1
984 35 31 1 0
985 76 28 0 1
986 69 39 0 -1
987 85 26 -1 0
988 38 32 0 1
989 34 32 0 1
990 66 39 -1 0
991 20 0 1 0
992 86 11 1 0
993 60 4 1 0
994 58 38 0 -1
995 39 18 0 1
996 41 21 0 -1
997 70 8 1 0
998 17 18 -1 0
999 24 1 1 0
1000 12 8 0 1
1001 20 4 1 0
1002 22 11 -1 0
1003 87 38 0 -1
1004 25 3 0 -1
1005 41 34 0 -1
1006 14 13 0 -1
1007 21 21 0 1
1008 22 18 1 0
1009 7 29 -1 0
1010 97 15 0 1
1011 25 30 0 -1
1012 15 30 1 0
1013 80 19 0 1
1014 19 37 1 0
1015 91 37 0 1
1016 44 5 -1 0
1017 67 1 -1 0
1018 42 3 0 1
1019 19 36 1 0
1020 35 13 0 1
1021 95 35 0 -1
1022 40 34 0 -1
1023 43 3 -1 0
1024 75 10 1 0
1025 29 22 0 -1
1026 26 13 0 1
1027 22 7 1 0
1028 26 5 1 0
1029 46 31 0 1
1030 73 11 0 1
1031 16 24 -1 0
1032 60 18 0 1
1033 5 34 0 -1
1034 78 17 1 0
1035 98 0 1 0
1036 19 39 -1 0
1037 28 25 0 1
1038 44 16 0 -1
1039 4 21 0 -1
1040 35 26 -1 0
1041 84 38 0 -1
1042 9 3 1 0
1043 32 19 -1 0
1044 3 20 0 -1
1045 45 35 -1 0
1046 5 8 0 -1
1047 28 6 1 0
1048 36 1 0 -1
1049 43 35 -1 0
1050 52 20 0 -1
1051 88 19 1 0
1052 10 25 0 -1
1053 12 15 1 0
1054 20 1 -1 0
1055 45 34 0 1
1056 57 21 1 0
1057 85 28 1 0
1058 86 26 0 1
1059 76 33 0 1
1060 39 19 1 0
1061 95 2 0 1
1062 94 15 0 -1
1063 99 4 0 1
1064 50 24 0 1
1065 91 15 -1 0
1066 81 25 1 0
1067 99 27 1 0
1068 26 2 1 0
1069 10 18 0 -1
1070 73 31 1 0
1071 5 4 -1 0
1072 78 7 1 0
1073 22 38 1 0
1074 2 19 -1 0
1075 46 34 0 1
1076 95 5 -1 0
1077 52 10 1 0
1078 52 27 0 -1
1079 13 38 1 0
1080 31 23 1 0
1081 14 0 -1 0
1082 40 9 -1 0
1083 85 29 -1 0
1084 21 6 0 -1
1085 29 18 1 0
1086 26 8 -1 0
1087 45 8 0 -1
1088 94 16 1 0
1089 41 27 1 0
1090 10 28 0 1
1091 24 14 1 0
1092 23 19 0 -1
1093 33 20 0 1
1094 72 26 0 1
1095 46 3 0 1
1096 45 3 1 0
1097 55 39 -1 0
1098 39 33 -1 0
1099 41 14 0 1
1100 21 27 1 0
1101 47 10 -1 0
1102 3 7 1 0
1103 34 37 0 1
1104 70 39 0 1
1105 22 35 0 -1
1106 9 17 -1 0
1107 73 11 -1 0
1108 28 34 -1 0
1109 85 32 1 0
1110 42 32 0 1
1111 43 21 1 0
1112 66 19 -1 0
1113 44 24 1 0
1114 89 32 1 0
1115 98 24 1 0
1116 11 12 -1 0
1117 88 4 0 -1
1118 23 18 1 0
1119 78 35 1 0
1120 69 24 1 0
1121 72 13 1 0
1122 37 33 1 0
1123 80 31 -1 0
1124 92 39 -1 0
1125 52 20 -1 0
1126 78 32 1 0
1127 69 19 0 -1
1128 53 37 0 -1
1129 96 16 1 0
1130 46 25 -1 0
1131 17 19 0 -1
1132 95 8 1 0
1133 13 1 0 1
1134 45 7 0 1
1135 46 6 0 1
1136 46 38 -1 0
1137 97 32 -1 0
1138 3 2 0 -1
1139 26 39 0 1
1140 15 7 0 1
1141 34 39 0 -1
1142 85 16 1 0
1143 12 10 -1 0
1144 88 21 0 -1
1145 95 27 0 1
1146 95 7 1 0
1147 61 23 0 -1
1148 7 9 0 -1
1149 48 21 1 0
1150 80 15 0 1
1151 31 7 1 0
1152 68 15 0 1
1153 93 38 1 0
1154 0 24 0 1
1155 80 39 0 -1
1156 99 10 -1 0
1157 6 1 -1 0
1158 94 32 0 1
1159 42 32 0 -1
1160 87 34 1 0
1161 22 38 -1 0
1162 89 21 -1 0
1163 47 26 1 0
1164 18 10 0 1
1165 35 10 1 0
1166 43 31 -1 0
1167 75 27 0 1
1168 95 23 -1 0
1169 41 38 -1 0
1170 86 23 -1 0
1171 79 36 -1 0
1172 58 26 1 0
1173 71 0 -1 0
1174 29 5 1 0
1175 43 26 1 0
1176 76 37 1 0
1177 99 25 -1 0
1178 72 35 0 1
1179 4 5 -1 0
1180 24 11 1 0
1181 57 4 0 1
1182 45 10 1 0
1183 99 19 0 1
1184 44 2 -1 0
1185 7 7 1 0
1186 42 16 0 -1
1187 21 14 1 0
1188 62 27 1 0
1189 40 18 -1 0
1190 15 29 1 0
1191 44 16 1 0
1192 40 9 1 0
1193 47 20 -1 0
1194 28 3 1 0
1195 83 27 -1 0
1196 30 20 -1 0
1197 39 21 1 0
1198 26 36 1 0
1199 44 26 0 -1
1200 12 29 -1 0
1201 30 6 0 -1
1202 31 16 0 -1
1203 22 6 -1 0
1204 78 7 0 -1
1205 79 32 -1 0
1206 83 27 0 1
1207 24 38 -1 0
1208 45 24 0 1
1209 40 33 0 -1
1210 27 36 0 1
1211 2 11 1 0
1212 75 29 1 0
1213 28 32 1 0
1214 80 17 0 -1
1215 52 33 0 1
1216 19 36 0 1
1217 41 7 0 -1
1218 70 33 0 1
1219 43 3 -1 0
1220 4 17 1 0
1221 63 37 1 0
1222 43 17 0 -1
1223 29 8 0 -1
1224 47 32 0 -1
1225 95 31 1 0
1226 1 3 0 1
1227 73 30 -1 0
1228 70 6 -1 0
1229 59 11 -1 0
1230 31 8 -1 0
1231 67 38 0 -1
1232 51 6 1 0
1233 86 13 0 -1
1234 67 19 1 0
1235 27 39 0 1
1236 24 23 0 -1
1237 24 14 1 0
1238 78 36 1 0
1239 38 1 0 1
1240 8 15 -1 0
1241 41 2 1 0
1242 99 20 0 -1
1243 60 33 0 1
1244 48 26 0 -1
1245 93 29 0 -1
1246 94 26 0 1
1247 26 7 0 -1
1248 27 15 0 -1
1249 68 36 0 1
1250 98 11 -1 0
1251 39 6 -1 0
1252 28 32 0 -1
1253 75 1 0 -1
1254 29 8 -1 0
1255 46 28 -1 0
1256 40 28 -1 0
1257 53 4 -1 0
1258 17 17 0 -1
1259 39 6 -1 0
1260 41 11 -1 0
1261 90 38 0 -1
1262 23 26 -1 0
1263 21 19 -1 0
1264 77 5 -1 0
1265 22 13 0 1
1266 54 18 0 -1
1267 57 28 -1 0
1268 30 13 0 1
1269 96 27 1 0
1270 38 39 0 -1
1271 3 5 -1 0
1272 81 10 1 0
1273 46 4 0 1
1274 15 28 -1 0
1275 98 39 1 0
1276 40 12 0 -1
1277 7 11 0 1
1278 41 19 1 0
1279 25 9 0 1
1280 65 17 0 -1
1281 25 18 -1 0
1282 91 10 0 -1
1283 80 32 -1 0
1284 45 12 0 -1
1285 81 0 1 0
1286 16 27 0 -1
1287 14 5 1 0
1288 39 13 0 1
1289 23 37 -1 0
1290 54 29 0 1
1291 79 4 0 -1
1292 11 36 0 -1
1293 43 3 -1 0
1294 50 35 -1 0
1295 96 37 1 0
1296 81 29 0 1
1297 78 31 0 -1
1298 82 27 0 1
1299 40 39 0 -1
1300 14 7 0 -1
1301 22 2 -1 0
1302 93 6 0 1
1303 1 33 0 1
1304 80 23 0 1
1305 53 39 0 1
1306 45 7 0 -1
1307 55 18 0 1
1308 44 31 0 -1
1309 49 2 1 0
1310 96 0 1 0
1311 96 13 -1 0
1312 49 31 0 -1
1313 21 3 1 0
1314 99 32 0 -1
1315 81 32 -1 0
1316 62 2 0 1
1317 22 6 1 0
1318 43 5 -1 0
1319 87 17 0 -1
1320 27 16 1 0
1321 99 32 0 1
1322 92 3 0 1
1323 38 35 0 -1
1324 25 39 0 1
1325 11 5 1 0
1326 49 35 -1 0
1327 3 11 0 1
1328 71 13 -1 0
1329 40 22 -1 0
1330 30 20 0 1
1331 50 17 0 1
1332 9 30 -1 0
1333 74 23 0 1
1334 95 5 -1 0
1335 23 35 -1 0
1336 97 17 0 -1
1337 37 22 -1 0
1338 1 2 0 1
1339 38 34 0 1
1340 95 8 0 1
1341 4 27 0 1
1342 31 34 1 0
1343 59 27 1 0
1344 39 37 1 0
1345 33 0 0 -1
1346 27 15 1 0
1347 26 23 -1 0
1348 42 20 -1 0
1349 95 16 0 -1
1350 80 0 0 -1
1351 40 21 0 -1
1352 84 32 0 1
1353 37 18 0 -1
1354 80 3 0 -1
1355 25 39 -1 0
1356 25 27 1 0
1357 27 14 -1 0
1358 27 25 0 1
1359 94 10 0 1
1360 45 21 1 0
1361 30 5 -1 0
1362 2 16 1 0
1363 14 36 0 -1
1364 97 25 1 0
1365 25 5 0 1
1366 35 15 0 1
1367 29 17 1 0
1368 24 7 0 1
1369 66 13 -1 0
1370 43 27 -1 0
1371 79 39 -1 0
1372 28 34 0 -1
1373 1 20 -1 0
1374 13 5 0 -1
1375 59 34 -1 0
1376 63 34 0 -1
1377 45 11 -1 0
1378 44 7 0 1
1379 69 23 1 0
1380 69 32 0 -1
1381 28 0 0 1
1382 40 38 1 0
1383 59 32 0 -1
1384 84 10 0 1
1385 30 37 1 0
1386 48 10 1 0
1387 38 10 0 -1
1388 41 26 -1 0
1389 42 21 -1 0
1390 5 13 1 0
1391 40 17 0 1
1392 97 17 -1 0
1393 77 8 0 1
1394 8 3 1 0
1395 41 22 -1 0
1396 6 16 -1 0
1397 49 10 -1 0
1398 17 27 -1 0
1399 42 6 0 -1
1400 18 39 0 1
1401 43 27 -1 0
1402 91 39 1 0
1403 35 7 1 0
1404 18 7 0 1
1405 53 33 0 1
1406 1 11 0 1
1407 1 7 0 -1
1408 41 12 0 1
1409 10 32 1 0
1410 31 37 -1 0
1411 63 10 -1 0
1412 83 3 -1 0
1413 68 25 1 0
1414 91 27 0 -1
1415 25 23 -1 0
1416 64 1 0 1
1417 18 3 0 1
1418 5 22 -1 0
1419 25 10 1 0
1420 21 31 -1 0
1421 10 26 -1 0
1422 76 15 1 0
1423 95 6 1 0
1424 28 21 0 1
1425 28 2 0 1
1426 41 32 0 1
1427 56 17 0 -1
1428 18 11 1 0
1429 47 10 0 -1
1430 52 26 0 -1
1431 6 28 1 0
1432 86 17 -1 0
1433 35 23 -1 0
1434 23 7 0 1
1435 26 6 1 0
1436 52 37 0 1
1437 99 6 -1 0
1438 44 10 0 -1
1439 23 20 -1 0
1440 60 12 0 1
1441 43 8 1 0
1442 52 32 0 1
1443 21 35 0 1
1444 45 32 -1 0
1445 42 25 1 0
1446 87 0 0 -1
1447 86 24 -1 0
1448 80 36 -1 0
1449 18 36 1 0
1450 85 12 1 0
1451 86 28 1 0
1452 28 24 0 -1
1453 46 20 0 1
1454 38 18 0 1
1455 2 23 1 0
1456 27 16 0 -1
1457 70 13 1 0
1458 21 14 0 -1
1459 42 22 1 0
1460 39 4 -1 0
1461 45 1 0 1
1462 43 38 -1 0
1463 93 14 -1 0
1464 22 21 0 1
1465 40 2 0 -1
1466 7 6 0 -1
1467 38 3 0 1
1468 37 39 -1 0
1469 99 31 0 1
1470 44 10 0 -1
1471 39 9 0 1
1472 59 29 0 -1
1473 11 4 1 0
1474 88 23 0 1
1475 18 17 0 1
1476 44 8 0 -1
1477 86 6 0 1
1478 41 29 0 -1
1479 37 3 0 -1
1480 16 32 1 0
1481 17 15 0 1
1482 16 10 -1 0
1483 50 10 -1 0
1484 84 30 0 1
1485 29 14 1 0
1486 48 36 0 -1
1487 47 29 -1 0
1488 6 15 0 1
1489 45 18 -1 0
1490 4 13 0 1
1491 73 29 0 -1
1492 42 33 -1 0
1493 27 20 0 1
1494 95 21 1 0
1495 31 35 1 0
1496 60 16 1 0
1497 38 3 0 -1
1498 90 18 0 1
1499 62 13 0 1
1500 10 38 0 -1
1501 20 35 0 -1
1502 37 33 0 -1
1503 37 16 1 0
1504 70 15 -1 0
1505 2 4 1 0
1506 63 7 0 -1
1507 43 1 0 -1
1508 34 16 -1 0
1509 99 18 1 0
1510 40 23 1 0
1511 87 30 0 1
1512 31 24 0 -1
1513 21 13 1 0
1514 12 24 1 0
1515 86 37 0 -1
1516 96 1 -1 0
1517 48 29 0 1
1518 88 9 -1 0
1519 95 13 0 1
1520 82 29 0 -1
1521 76 26 1 0
1522 26 3 1 0
1523 84 37 0 -1
1524 25 1 0 1
1525 81 13 -1 0
1526 22 23 0 1
1527 18 23 -1 0
1528 31 33 -1 0
1529 90 38 1 0
1530 49 5 0 1
1531 19 20 -1 0
1532 83 31 0 1
1533 22 10 0 1
1534 99 28 -1 0
1535 38 30 -1 0
1536 99 10 -1 0
1537 87 16 -1 0
1538 8 11 1 0
1539 21 15 0 1
1540 61 31 1 0
1541 48 33 1 0
1542 51 21 -1 0
1543 49 22 0 -1
1544 94 23 0 1
1545 5 29 0 -1
1546 27 13 0 -1
1547 30 35 0 -1
1548 15 29 0 -1
1549 42 21 0 -1
1550 54 14 1 0
1551 88 37 0 -1
1552 41 7 1 0
1553 0 3 -1 0
1554 55 7 0 -1
1555 90 22 1 0
1556 43 8 1 0
1557 40 13 -1 0
1558 88 21 0 1
1559 42 7 0 -1
1560 21 26 0 -1
1561 9 19 1 0
1562 29 27 1 0
1563 22 18 0 1
1564 54 36 1 0
1565 37 23 0 -1
1566 24 6 0 1
1567 80 11 0 -1
1568 42 35 0 -1
1569 72 12 1 0
1570 81 31 1 0
1571 76 2 -1 0
1572 28 29 0 1
1573 26 29 1 0
1574 70 0 -1 0
1575 5 15 1 0
1576 31 19 0 1
1577 93 36 -1 0
1578 76 38 0 1
1579 84 0 0 1
1580 99 8 1 0
1581 17 18 -1 0
1582 42 34 1 0
1583 36 29 0 -1
1584 27 4 1 0
1585 26 1 -1 0
1586 79 9 -1 0
1587 52 19 -1 0
1588 28 8 1 0
1589 78 7 0 -1
1590 27 2 0 -1
1591 97 28 0 1
1592 21 15 0 -1
1593 66 39 0 -1
1594 15 10 0 1
1595 9 23 0 -1
1596 5 12 -1 0
1597 28 19 0 1
1598 43 22 1 0
1599 11 29 -1 0
1600 40 21 -1 0
1601 31 13 1 0
1602 98 2 -1 0
1603 86 31 0 1
1604 58 12 0 -1
1605 44 27 -1 0
1606 99 37 0 1
1607 67 10 0 -1
1608 38 24 -1 0
1609 85 24 1 0
1610 52 3 -1 0
1611 91 30 1 0
1612 85 30 0 -1
1613 67 35 0 -1
1614 17 35 0 1
1615 60 12 1 0
1616 43 15 1 0
1617 17 34 -1 0
1618 48 29 -1 0
1619 19 39 1 0
1620 46 9 0 1
1621 26 14 0 1
1622 77 0 1 0
1623 30 16 0 1
1624 37 35 0 -1
1625 92 19 0 1
1626 79 33 0 1
1627 60 21 0 1
1628 94 14 0 1
1629 80 35 1 0
1630 48 11 1 0
1631 15 12 1 0
1632 24 35 0 1
1633 31 4 1 0
1634 27 13 0 1
1635 6 6 1 0
1636 48 12 -1 0
1637 47 23 0 -1
1638 33 18 -1 0
1639 82 23 0 1
1640 23 37 -1 0
1641 24 22 -1 0
1642 76 37 0 -1
1643 10 7 0 -1
1644 80 35 -1 0
1645 25 21 -1 0
1646 18 39 1 0
1647 67 30 0 -1
1648 77 11 0 1
1649 2 2 1 0
1650 30 20 1 0
1651 88 13 0 1
1652 6 12 -1 0
1653 39 33 0 1
1654 10 36 0 -1
1655 23 34 -1 0
1656 40 19 0 -1
1657 62 32 1 0
1658 59 7 1 0
1659 41 0 0 1
1660 26 8 1 0
1661 43 34 -1 0
1662 95 38 -1 0
1663 17 38 1 0
1664 30 26 0 1
1665 86 21 1 0
1666 96 10 0 -1
1667 42 33 -1 0
1668 40 33 0 1
1669 31 34 1 0
1670 36 7 0 1
1671 85 33 0 1
1672 24 36 1 0
1673 34 6 -1 0
1674 1 14 -1 0
1675 39 18 -1 0
1676 61 31 -1 0
1677 26 30 0 -1
1678 17 30 1 0
1679 1 0 1 0
1680 67 36 1 0
1681 37 36 1 0
1682 18 32 0 -1
1683 51 17 0 -1
1684 95 0 0 -1
1685 41 6 1 0
1686 14 27 0 -1
1687 15 36 0 -1
1688 35 0 0 1
1689 0 9 -1 0
1690 43 38 1 0
1691 98 17 0 1
1692 25 34 1 0
1693 40 31 0 1
1694 77 9 0 1
1695 54 29 0 -1
1696 39 31 0 -1
1697 25 31 0 -1
1698 97 30 0 1
1699 65 9 -1 0
1700 23 11 -1 0
1701 65 36 1 0
1702 39 10 0 -1
1703 43 23 -1 0
1704 38 3 1 0
1705 91 13 -1 0
1706 74 34 1 0
1707 45 1 0 -1
1708 56 22 -1 0
1709 73 33 0 1
1710 38 31 0 1
1711 30 26 1 0
1712 24 8 0 -1
1713 29 4 -1 0
1714 31 30 1 0
1715 24 36 -1 0
1716 90 34 -1 0
1717 80 17 0 -1
1718 36 25 -1 0
1719 74 27 0 -1
1720 29 1 0 -1
1721 45 14 0 1
1722 44 19 0 1
1723 91 21 0 -1
1724 90 21 1 0
1725 36 33 1 0
1726 77 15 -1 0
1727 43 25 -1 0
1728 93 2 0 -1
1729 39 8 0 1
1730 18 24 0 -1
1731 44 15 0 -1
1732 8 39 0 -1
1733 90 16 1 0
1734 45 18 0 1
1735 89 36 -1 0
1736 46 4 -1 0
1737 37 12 -1 0
1738 39 15 1 0
1739 82 13 0 -1
1740 6 9 0 1
1741 29 0 0 -1
1742 19 18 1 0
1743 23 6 1 0
1744 26 36 0 -1
1745 84 24 1 0
1746 40 4 0 -1
1747 67 36 1 0
1748 20 14 0 -1
1749 44 7 -1 0
1750 25 38 0 1
1751 7 11 0 1
1752 28 7 1 0
1753 10 34 1 0
1754 47 6 1 0
1755 46 37 0 1
1756 87 4 -1 0
1757 4 19 0 1
1758 59 37 0 -1
1759 81 32 -1 0
1760 79 35 1 0
1761 71 31 0 1
1762 56 4 0 1
1763 61 20 -1 0
1764 38 29 -1 0
1765 63 16 -1 0
1766 40 38 1 0
1767 7 38 1 0
1768 25 2 0 1
1769 50 23 0 1
1770 30 15 1 0
1771 20 5 0 -1
1772 30 23 -1 0
1773 92 34 1 0
1774 19 11 -1 0
1775 66 25 1 0
1776 13 26 -1 0
1777 44 7 1 0
1778 53 39 1 0
1779 31 23 1 0
1780 31 30 -1 0
1781 39 12 0 1
1782 34 31 0 -1
1783 47 12 -1 0
1784 22 30 1 0
1785 32 39 0 -1
1786 5 30 1 0
1787 98 15 0 1
1788 9 17 -1 0
1789 85 32 -1 0
1790 35 12 0 1
1791 1 33 0 1
1792 25 38 0 1
1793 72 11 -1 0
1794 21 18 0 1
1795 56 3 1 0
1796 41 33 -1 0
1797 46 35 -1 0
1798 44 31 -1 0
1799 45 11 -1 0
1800 7 33 0 -1
1801 66 16 0 1
1802 74 21 1 0
1803 39 15 1 0
1804 92 32 1 0
1805 42 11 0 -1
1806 5 9 0 1
1807 91 10 1 0
1808 21 30 0 1
1809 8 28 0 -1
1810 46 9 1 0
1811 24 24 1 0
1812 61 6 -1 0
1813 43 19 -1 0
1814 17 15 0 -1
1815 36 31 -1 0
1816 46 34 -1 0
1817 42 9 0 -1
1818 13 6 1 0
1819 48 2 -1 0
1820 77 36 -1 0
1821 41 38 -1 0
1822 41 6 1 0
1823 9 19 -1 0
1824 65 37 1 0
1825 39 7 0 1
1826 20 16 0 -1
1827 99 26 0 -1
1828 37 20 1 0
1829 32 38 0 -1
1830 17 10 0 -1
1831 38 22 -1 0
1832 46 19 0 -1
1833 49 9 -1 0
1834 66 14 1 0
1835 46 10 1 0
1836 82 3 0 1
1837 39 3 0 1
1838 98 18 0 -1
1839 60 3 0 -1
1840 2 8 1 0
1841 4 23 0 -1
1842 65 34 1 0
1843 55 15 0 -1
1844 31 0 1 0
1845 46 19 0 1
1846 23 16 -1 0
1847 78 30 -1 0
1848 47 27 0 1
1849 88 20 0 -1
1850 48 26 0 1
1851 29 38 -1 0
1852 40 7 -1 0
1853 19 6 -1 0
1854 73 9 1 0
1855 39 34 -1 0
1856 35 39 -1 0
1857 60 3 -1 0
1858 98 32 1 0
1859 2 4 1 0
1860 26 27 -1 0
1861 69 23 -1 0
1862 26 4 -1 0
1863 13 38 0 -1
1864 50 12 0 1
1865 29 4 0 -1
1866 23 21 1 0
1867 12 1 1 0
1868 14 22 0 1
1869 41 11 0 1
1870 95 10 0 1
1871 33 38 -1 0
1872 77 10 1 0
1873 84 9 1 0
1874 7 22 1 0
1875 50 22 1 0
1876 33 26 -1 0
1877 64 16 -1 0
1878 84 12 1 0
1879 54 35 -1 0
1880 23 9 0 -1
1881 42 8 -1 0
1882 2 22 0 -1
1883 45 12 0 -1
1884 21 37 -1 0
1885 17 38 -1 0
1886 36 7 -1 0
1887 48 31 -1 0
1888 41 37 0 -1
1889 96 13 -1 0
1890 86 29 0 1
1891 56 20 1 0
1892 62 5 0 1
1893 36 26 0 1
1894 50 15 1 0
1895 52 22 0 -1
1896 39 1 1 0
1897 35 26 0 -1
1898 13 38 0 1
1899 47 31 -1 0
1900 30 34 0 -1
1901 39 20 -1 0
1902 21 10 -1 0
1903 18 19 0 -1
1904 2 26 0 -1
1905 43 26 1 0
1906 62 11 1 0
1907 41 31 1 0
1908 2 17 1 0
1909 29 28 0 1
1910 21 2 -1 0
1911 63 31 -1 0
1912 65 14 1 0
1913 7 23 0 -1
1914 21 0 1 0
1915 98 19 0 -1
1916 20 37 0 -1
1917 45 8 1 0
1918 80 37 0 1
1919 73 38 1 0
1920 42 12 0 1
1921 56 4 0 -1
1922 39 10 0 1
1923 43 29 -1 0
1924 92 14 0 -1
1925 60 5 0 -1
1926 50 30 0 -1
1927 79 4 -1 0
1928 96 5 -1 0
1929 39 19 -1 0
1930 32 39 0 -1
1931 39 9 -1 0
1932 28 38 1 0
1933 82 38 1 0
1934 89 1 0 1
1935 46 12 0 -1
1936 76 33 -1 0
1937 92 15 0 1
1938 33 5 0 -1
1939 97 26 1 0
1940 29 25 1 0
1941 70 19 -1 0
1942 29 39 0 1
1943 49 27 -1 0
1944 13 21 1 0
1945 80 21 0 1
1946 10 32 1 0
1947 70 0 0 -1
1948 78 19 0 -1
1949 92 38 0 -1
1950 75 31 0 1
1951 40 12 1 0
1952 53 18 -1 0
1953 8 3 0 1
1954 30 27 1 0
1955 39 20 0 -1
1956 72 15 1 0
1957 32 0 -1 0
1958 46 0 1 0
1959 20 38 1 0
1960 23 10 0 -1
1961 44 30 0 1
1962 81 6 1 0
1963 45 34 0 1
1964 15 18 1 0
1965 20 37 0 1
1966 45 13 1 0
1967 1 39 0 -1
1968 51 13 0 1
1969 81 5 -1 0
1970 89 7 1 0
1971 74 0 -1 0
1972 37 18 1 0
1973 23 13 1 0
1974 10 6 1 0
1975 68 3 0 1
1976 47 9 -1 0
1977 87 22 0 -1
1978 94 8 1 0
1979 53 22 1 0
1980 99 7 0 1
1981 38 22 -1 0
1982 45 10 1 0
1983 23 34 1 0
1984 15 6 -1 0
1985 13 29 -1 0
1986 90 23 1 0
1987 11 9 0 -1
1988 27 38 0 -1
1989 92 32 0 1
1990 20 36 0 1
1991 25 4 -1 0
1992 61 23 0 1
1993 20 32 0 -1
1994 47 33 0 1
1995 24 33 1 0
1996 97 18 0 1
1997 76 36 0 1
1998 28 0 0 1
1999 24 7 0 1
2000 97 20 1 0
2001 3 35 1 0
2002 80 37 0 -1
2003 44 1 0 1
2004 49 9 0 -1
2005 25 0 0 -1
2006 97 14 0 1
2007 85 14 1 0
2008 22 21 0 1
2009 46 36 0 1
2010 45 26 1 0
2011 70 33 -1 0
2012 16 4 1 0
2013 17 18 0 -1
2014 82 7 0 1
2015 31 36 1 0
2016 94 24 0 -1
2017 82 2 0 1
2018 79 8 -1 0
2019 98 30 0 -1
2020 13 18 0 1
2021 63 22 -1 0
2022 75 22 0 -1
2023 23 28 0 -1
2024 86 10 -1 0
2025 26 0 -1 0
2026 50 7 1 0
2027 42 12 0 1
2028 12 2 1 0
2029 10 35 0 -1
2030 28 18 0 1
2031 22 27 -1 0
2032 38 18 0 -1
2033 52 13 -1 0
2034 62 30 -1 0
2035 79 19 0 1
2036 49 36 0 1
2037 55 8 -1 0
2038 63 7 0 -1
2039 95 18 1 0
2040 22 18 0 1
2041 40 16 -1 0
2042 69 9 0 1
2043 9 3 0 -1
2044 91 2 1 0
2045 60 25 -1 0
2046 98 3 0 1
2047 47 17 -1 0
2048 23 16 1 0
2049 18 3 0 -1
2050 36 0 1 0
2051 35 27 -1 0
2052 45 34 1 0
2053 28 26 0 1
2054 25 6 -1 0
2055 40 14 1 0
2056 51 2 0 -1
2057 16 37 -1 0
2058 82 3 0 1
2059 52 29 -1 0
2060 54 2 0 1
2061 21 6 0 1
2062 37 22 -1 0
2063 47 9 -1 0
2064 92 39 0 -1
2065 27 3 1 0
2066 40 35 -1 0
2067 76 16 1 0
2068 27 12 0 1
2069 4 24 0 1
2070 14 21 1 0
2071 59 0 0 1
2072 10 13 1 0
2073 35 4 1 0
2074 12 30 0 1
2075 25 0 0 -1
2076 31 7 0 -1
2077 56 38 -1 0
2078 14 22 1 0
2079 63 17 0 1
2080 88 4 1 0
2081 24 26 0 1
2082 27 2 1 0
2083 73 25 0 1
2084 80 15 1 0
2085 37 31 -1 0
2086 42 20 -1 0
2087 40 33 -1 0
2088 96 25 0 -1
2089 88 34 0 -1
2090 77 14 -1 0
2091 11 25 0 -1
2092 92 22 0 1
2093 18 20 -1 0
2094 42 2 -1 0
2095 60 11 0 1
2096 91 13 1 0
2097 23 2 0 1
2098 9 35 -1 0
2099 39 36 1 0
2100 43 5 0 1
2101 11 39 -1 0
2102 19 37 -1 0
2103 77 2 0 1
2104 9 11 0 -1
2105 39 12 -1 0
2106 42 4 -1 0
2107 0 5 0 1
2108 22 38 0 1
2109 47 37 0 1
2110 73 13 1 0
2111 2 12 0 1
2112 42 13 0 -1
2113 40 15 -1 0
2114 71 30 0 -1
2115 85 22 0 -1
2116 24 9 1 0
2117 35 26 0 -1
2118 34 10 0 -1
2119 13 16 0 1
2120 43 6 1 0
2121 52 37 -1 0
2122 36 11 1 0
2123 24 34 0 1
2124 84 29 0 -1
2125 61 11 1 0
2126 71 12 0 -1
2127 14 19 1 0
2128 44 2 -1 0
2129 1 30 1 0
2130 78 3 1 0
2131 0 12 -1 0
2132 41 8 0 -1
2133 28 31 -1 0
2134 99 21 1 0
2135 77 24 1 0
2136 85 22 0 1
2137 51 2 -1 0
2138 57 22 -1 0
2139 40 23 1 0
2140 8 19 0 1
2141 99 8 0 1
2142 47 37 -1 0
2143 24 13 1 0
2144 32 32 0 -1
2145 28 14 0 -1
2146 56 17 0 -1
2147 44 32 -1 0
2148 44 26 1 0
2149 18 29 1 0
2150 94 19 0 1
2151 7 4 1 0
2152 13 12 0 -1
2153 86 19 0 1
2154 6 29 0 -1
2155 14 3 1 0
2156 63 2 0 1
2157 48 30 0 -1
2158 83 35 1 0
2159 46 8 -1 0
2160 81 4 0 1
2161 40 4 0 1
2162 18 28 -1 0
2163 99 26 1 0
2164 42 9 -1 0
2165 38 20 0 -1
2166 69 18 0 -1
2167 29 37 1 0
2168 97 2 0 -1
2169 72 24 1 0
2170 49 38 -1 0
2171 9 16 0 1
2172 38 39 0 -1
2173 93 7 0 -1
2174 86 24 -1 0
2175 36 16 1 0
2176 98 10 -1 0
2177 31 19 0 1
2178 27 37 0 -1
2179 74 26 -1 0
2180 25 14 0 1
2181 82 3 0 -1
2182 43 15 1 0
2183 22 20 -1 0
2184 76 4 0 1
2185 11 30 0 1
2186 38 12 -1 0
2187 5 5 0 1
2188 36 36 0 -1
2189 16 13 0 -1
2190 43 11 -1 0
2191 13 0 1 0
2192 28 20 -1 0
2193 23 5 0 1
2194 70 28 0 1
2195 28 6 -1 0
2196 89 0 1 0
2197 46 18 -1 0
2198 72 32 1 0
2199 55 27 0 -1
2200 53 36 0 -1
2201 43 9 0 1
2202 91 35 -1 0
2203 3 3 1 0
2204 36 22 1 0
2205 95 25 0 1
2206 25 29 0 1
2207 17 26 0 1
2208 46 5 0 1
2209 74 21 1 0
2210 42 35 0 -1
2211 46 3 0 1
2212 7 3 1 0
2213 32 14 0 1
2214 81 36 1 0
2215 37 31 0 -1
2216 55 38 -1 0
2217 42 5 1 0
2218 90 24 -1 0
2219 85 14 0 1
2220 31 33 0 1
2221 14 29 -1 0
2222 60 36 1 0
2223 53 34 1 0
2224 89 38 0 1
2225 98 0 0 1
2226 21 34 1 0
2227 23 22 0 -1
2228 98 5 -1 0
2229 27 10 -1 0
2230 28 15 1 0
2231 65 14 0 -1
2232 20 8 -1 0
2233 42 6 1 0
2234 55 36 -1 0
2235 2 15 -1 0
2236 21 13 0 1
2237 39 12 0 1
2238 48 12 -1 0
2239 68 9 -1 0
2240 95 23 1 0
2241 27 11 1 0
2242 17 13 0 1
2243 37 24 1 0
2244 28 36 -1 0
2245 95 2 1 0
2246 25 23 -1 0
2247 12 30 -1 0
2248 53 3 1 0
2249 23 8 0 -1
2250 72 2 -1 0
2251 11 0 -1 0
2252 40 13 -1 0
2253 3 13 -1 0
2254 17 23 1 0
2255 75 12 -1 0
2256 92 38 -1 0
2257 21 30 -1 0
2258 74 31 0 -1
2259 22 2 0 -1
2260 41 12 1 0
2261 3 31 0 1
2262 43 8 0 -1
2263 26 37 1 0
2264 46 26 -1 0
2265 6 15 0 1
2266 32 4 -1 0
2267 40 8 -1 0
2268 39 3 1 0
2269 30 3 0 -1
2270 40 6 0 -1
2271 35 23 1 0
2272 21 20 0 -1
2273 12 24 -1 0
2274 29 28 -1 0
2275 47 20 0 -1
2276 9 37 0 -1
2277 2 3 1 0
2278 96 12 1 0
2279 22 8 0 -1
2280 92 37 1 0
2281 39 10 -1 0
2282 95 31 1 0
2283 5 6 0 -1
2284 90 15 -1 0
2285 19 35 0 1
2286 21 2 0 -1
2287 44 27 1 0
2288 47 12 -1 0
2289 27 9 1 0
2290 15 2 -1 0
2291 23 5 0 1
2292 63 24 0 1
2293 93 33 1 0
2294 2 10 -1 0
2295 74 1 1 0
2296 36 14 0 1
2297 28 39 -1 0
2298 27 8 -1 0
2299 56 18 0 -1
2300 98 5 1 0
2301 56 26 1 0
2302 39 5 1 0
2303 10 17 0 -1
2304 36 1 0 -1
2305 25 28 0 1
2306 19 19 0 1
2307 79 11 -1 0
2308 2 11 -1 0
2309 85 16 1 0
2310 55 17 0 1
2311 43 22 1 0
2312 35 11 -1 0
2313 89 33 1 0
2314 41 6 -1 0
2315 12 8 -1 0
2316 58 17 -1 0
2317 43 4 -1 0
2318 9 1 1 0
2319 36 1 0 -1
2320 19 23 1 0
2321 34 33 1 0
2322 22 25 0 -1
2323 38 32 0 -1
2324 91 37 -1 0
2325 2 20 0 -1
2326 8 23 1 0
2327 43 10 1 0
2328 44 32 -1 0
2329 15 8 -1 0
2330 37 14 1 0
2331 42 21 0 1
2332 93 0 1 0
2333 37 35 1 0
2334 99 12 0 -1
2335 5 15 1 0
2336 98 18 0 1
2337 14 33 0 1
2338 14 17 0 1
2339 96 21 -1 0
2340 27 19 1 0
2341 68 13 1 0
2342 8 4 -1 0
2343 49 13 -1 0
2344 80 38 0 1
2345 92 2 0 -1
2346 42 2 -1 0
2347 22 19 0 -1
2348 26 12 0 1
2349 25 25 -1 0
2350 11 22 0 -1
2351 18 29 -1 0
2352 28 39 0 -1
2353 89 21 1 0
2354 6 11 0 1
2355 77 38 0 -1
2356 69 9 0 -1
2357 44 31 0 -1
2358 44 9 -1 0
2359 30 21 0 -1
2360 68 33 -1 0
2361 52 8 1 0
2362 65 38 0 -1
2363 88 8 0 -1
2364 81 25 0 -1
2365 50 30 0 1
2366 61 39 1 0
2367 95 14 0 -1
2368 41 15 -1 0
2369 63 6 -1 0
2370 46 32 0 -1
2371 41 12 -1 0
2372 1 15 0 -1
2373 24 8 0 -1
2374 5 27 -1 0
2375 91 10 0 1
2376 40 8 0 1
2377 15 5 0 1
2378 38 21 0 1
2379 36 22 -1 0
2380 16 16 0 1
2381 5 12 -1 0
2382 27 25 1 0
2383 25 19 0 1
2384 17 34 0 -1
2385 26 12 0 -1
2386 38 2 0 1
2387 4 12 0 -1
2388 28 37 0 -1
2389 0 19 0 -1
2390 32 15 0 1
2391 67 21 0 1
2392 43 4 0 1
2393 54 21 0 1
2394 37 39 -1 0
2395 40 34 -1 0
2396 38 36 0 -1
2397 92 0 0 1
2398 28 15 0 1
2399 19 2 -1 0
2400 61 32 -1 0
2401 77 9 0 -1
2402 54 15 0 1
2403 39 4 0 1
2404 24 39 1 0
2405 11 30 0 -1
2406 21 29 -1 0
2407 8 14 1 0
2408 72 36 0 1
2409 64 15 1 0
2410 38 8 0 -1
2411 45 19 0 -1
2412 48 3 1 0
2413 70 29 0 1
2414 37 8 1 0
2415 46 12 -1 0
2416 10 29 -1 0
2417 84 33 0 1
2418 45 6 1 0
2419 76 19 1 0
2420 61 6 0 -1
2421 48 35 -1 0
2422 45 3 0 -1
2423 30 6 0 -1
2424 66 14 -1 0
2425 11 18 0 1
2426 12 34 0 1
2427 22 5 1 0
2428 7 33 0 -1
2429 66 13 0 -1
2430 94 4 0 1
2431 46 9 0 1
2432 54 0 -1 0
2433 44 36 -1 0
2434 12 20 -1 0
2435 40 2 1 0
2436 16 11 0 1
2437 9 18 -1 0
2438 6 20 -1 0
2439 12 30 0 -1
2440 61 19 -1 0
2441 13 13 0 -1
2442 48 22 -1 0
2443 79 38 -1 0
2444 20 29 1 0
2445 39 14 -1 0
2446 45 20 0 -1
2447 34 13 -1 0
2448 88 0 0 -1
2449 22 6 -1 0
2450 11 19 0 -1
2451 45 7 0 -1
2452 32 18 0 -1
2453 45 36 1 0
2454 11 22 0 1
2455 44 26 1 0
2456 75 1 -1 0
2457 21 36 0 1
2458 83 0 1 0
2459 25 24 0 -1
2460 23 2 0 -1
2461 80 29 0 -1
2462 53 0 0 1
2463 30 30 0 -1
2464 90 39 -1 0
2465 40 15 -1 0
2466 51 8 0 1
2467 64 38 1 0
2468 95 17 -1 0
2469 0 19 -1 0
2470 54 38 0 1
2471 22 12 0 1
2472 7 30 0 -1
2473 28 9 1 0
2474 60 22 1 0
2475 41 27 0 1
2476 38 5 1 0
2477 71 18 1 0
2478 56 7 0 -1
2479 78 32 -1 0
2480 36 18 0 1
2481 32 18 1 0
2482 44 5 -1 0
2483 32 24 1 0
2484 19 5 0 -1
2485 87 20 0 -1
2486 26 8 0 -1
2487 89 22 1 0
2488 50 37 1 0
2489 28 39 -1 0
2490 44 35 -1 0
2491 25 1 -1 0
2492 19 9 0 -1
2493 29 1 0 1
2494 17 2 0 -1
2495 73 24 0 -1
2496 69 17 1 0
2497 9 11 1 0
2498 11 11 0 -1
2499 26 13 0 1
2500 56 37 0 1
2501 98 25 1 0
2502 83 2 -1 0
2503 31 33 0 1
2504 31 6 0 -1
2505 76 9 0 1
2506 86 17 0 -1
2507 17 28 0 1
2508 20 30 1 0
2509 51 7 0 1
2510 18 20 0 -1
2511 43 33 0 -1
2512 8 25 -1 0
2513 47 6 -1 0
2514 0 23 0 1
2515 36 26 -1 0
2516 38 38 1 0
2517 38 37 0 1
2518 22 8 1 0
2519 36 39 0 -1
2520 20 23 1 0
2521 79 0 1 0
2522 30 25 1 0
2523 24 6 1 0
2524 37 15 -1 0
2525 90 26 1 0
2526 74 3 0 1
2527 69 33 0 1
2528 30 25 -1 0
2529 40 17 0 1
2530 45 3 0 -1
2531 41 11 0 1
2532 29 36 1 0
2533 47 29 0 1
2534 15 27 0 -1
2535 91 5 1 0
2536 99 24 0 1
2537 56 33 -1 0
2538 98 26 0 -1
2539 97 11 0 1
2540 13 5 0 1
2541 40 8 0 1
2542 51 24 0 1
2543 48 8 1 0
2544 44 9 0 1
2545 46 8 -1 0
2546 24 32 0 1
2547 21 18 0 -1
2548 90 11 0 1
2549 89 33 -1 0
2550 33 35 -1 0
2551 41 34 1 0
2552 47 17 -1 0
2553 12 38 0 -1
2554 84 36 -1 0
2555 73 35 0 -1
2556 51 30 0 1
2557 24 3 0 1
2558 27 29 -1 0
2559 32 36 0 1
2560 16 16 0 -1
2561 75 26 -1 0
2562 52 31 0 -1
2563 89 1 1 0
2564 2 33 0 -1
2565 31 36 0 -1
2566 90 32 -1 0
2567 1 8 -1 0
2568 52 11 0 -1
2569 34 22 0 1
2570 25 13 0 -1
2571 95 7 -1 0
2572 42 30 1 0
2573 41 27 0 1
2574 22 31 -1 0
2575 60 3 -1 0
2576 4 33 0 -1
2577 96 4 1 0
2578 26 15 0 -1
2579 53 21 0 -1
2580 93 4 0 1
2581 45 0 1 0
2582 26 21 1 0
2583 68 22 -1 0
2584 20 36 -1 0
2585 54 24 -1 0
2586 25 30 0 1
2587 93 26 0 -1
2588 62 3 0 -1
2589 3 35 0 1
2590 28 10 0 1
2591 87 23 -1 0
2592 56 12 0 -1
2593 54 14 0 1
2594 42 14 -1 0
2595 20 4 1 0
2596 49 13 -1 0
2597 60 24 0 1
2598 63 14 0 1
2599 11 7 0 1
2600 26 16 1 0
2601 60 18 1 0
2602 53 25 0 1
2603 27 13 1 0
2604 57 2 1 0
2605 53 8 0 -1
2606 35 28 0 -1
2607 12 29 0 -1
2608 23 36 0 -1
2609 97 21 -1 0
2610 47 36 0 -1
2611 17 33 0 1
2612 42 30 1 0
2613 27 36 0 1
2614 3 8 -1 0
2615 4 12 -1 0
2616 26 39 0 1
2617 25 29 1 0
2618 29 18 1 0
2619 37 37 1 0
2620 30 33 0 -1
2621 94 33 1 0
2622 27 37 1 0
2623 46 30 -1 0
2624 93 13 -1 0
2625 29 36 1 0
2626 57 7 1 0
2627 37 3 1 0
2628 7 25 -1 0
2629 13 33 0 1
2630 18 14 0 1
2631 46 11 -1 0
2632 89 38 -1 0
2633 31 25 1 0
2634 30 27 1 0
2635 31 25 0 1
2636 20 1 -1 0
2637 17 7 1 0
2638 25 10 0 -1
2639 55 1 0 1
2640 90 29 1 0
2641 38 33 0 -1
2642 84 27 0 1
2643 60 11 0 1
2644 41 21 0 1
2645 67 28 -1 0
2646 39 33 1 0
2647 30 12 -1 0
2648 54 0 0 -1
2649 80 18 1 0
2650 22 3 1 0
2651 22 22 0 1
2652 98 26 0 1
2653 44 28 -1 0
2654 41 1 0 -1
2655 66 31 0 -1
2656 35 31 0 -1
2657 93 18 0 1
2658 34 20 0 -1
2659 28 33 0 1
2660 40 19 1 0
2661 59 17 0 1
2662 48 32 0 1
2663 16 14 0 1
2664 43 30 0 -1
2665 24 5 1 0
2666 46 13 -1 0
2667 4 27 0 1
2668 46 23 0 1
2669 84 18 0 -1
2670 94 35 0 1
2671 98 15 1 0
2672 68 1 1 0
2673 23 0 -1 0
2674 52 39 -1 0
2675 14 20 0 1
2676 31 35 -1 0
2677 98 10 1 0
2678 50 32 1 0
2679 22 10 0 1
2680 30 21 0 -1
2681 38 16 0 1
2682 96 35 0 1
2683 24 38 1 0
2684 28 23 1 0
2685 28 16 -1 0
2686 42 8 0 1
2687 54 4 0 -1
2688 41 22 1 0
2689 56 8 0 1
2690 70 16 0 -1
2691 78 39 0 -1
2692 1 11 1 0
2693 40 12 0 -1
2694 41 25 -1 0
2695 28 1 1 0
2696 55 8 -1 0
2697 88 8 1 0
2698 3 37 0 -1
2699 49 6 0 1
2700 9 2 0 -1
2701 41 20 1 0
2702 46 1 -1 0
2703 96 1 0 -1
2704 27 25 0 1
2705 15 38 -1 0
2706 55 2 0 -1
2707 25 38 -1 0
2708 48 15 -1 0
2709 44 19 1 0
2710 70 14 0 1
2711 40 13 0 1
2712 12 4 0 -1
2713 17 3 0 -1
2714 45 37 -1 0
2715 77 17 0 -1
2716 99 25 1 0
2717 46 13 1 0
2718 96 24 -1 0
2719 30 26 -1 0
2720 1 24 -1 0
2721 46 26 1 0
2722 45 19 0 -1
2723 44 30 0 -1
2724 68 14 -1 0
2725 92 9 1 0
2726 39 32 1 0
2727 43 5 -1 0
2728 30 23 -1 0
2729 1 31 0 1
2730 14 19 0 1
2731 64 6 -1 0
2732 28 3 0 1
2733 22 9 -1 0
2734 48 8 -1 0
2735 99 25 -1 0
2736 22 7 0 1
2737 50 28 0 1
2738 29 9 0 -1
2739 92 20 -1 0
2740 31 35 0 1
2741 48 19 1 0
2742 51 4 1 0
2743 11 5 0 1
2744 64 19 0 1
2745 20 11 0 -1
2746 69 9 0 -1
2747 30 16 0 1
2748 71 30 0 1
2749 77 28 1 0
2750 89 6 1 0
2751 64 32 1 0
2752 43 7 -1 0
2753 47 30 -1 0
2754 88 2 0 1
2755 89 34 1 0
2756 49 23 1 0
2757 93 12 -1 0
2758 56 25 -1 0
2759 40 31 0 -1
2760 95 27 1 0
2761 86 3 0 1
2762 58 24 0 1
2763 40 11 0 1
2764 14 1 -1 0
2765 74 19 -1 0
2766 12 14 1 0
2767 24 6 1 0
2768 19 6 0 -1
2769 88 7 1 0
2770 26 10 0 -1
2771 43 37 0 -1
2772 38 29 0 -1
2773 9 27 1 0
2774 83 27 0 1
2775 25 20 0 -1
2776 85 19 -1 0
2777 41 30 1 0
2778 72 8 0 -1
2779 72 18 -1 0
2780 82 12 0 1
2781 86 36 1 0
2782 31 8 0 -1
2783 40 37 0 1
2784 75 6 -1 0
2785 42 2 -1 0
2786 98 26 -1 0
2787 90 19 0 -1
2788 41 14 0 -1
2789 98 32 1 0
2790 59 21 0 -1
2791 46 11 0 -1
2792 48 38 0 -1
2793 26 27 0 -1
2794 43 27 0 -1
2795 83 23 0 1
2796 30 13 0 -1
2797 6 36 1 0
2798 5 20 1 0
2799 97 22 0 1
2800 40 32 0 -1
2801 66 17 1 0
2802 68 2 -1 0
2803 40 11 1 0
2804 58 11 0 -1
2805 15 39 0 1
2806 22 39 -1 0
2807 22 5 0 1
2808 41 19 0 1
2809 95 6 0 -1
2810 52 11 0 -1
2811 54 20 -1 0
2812 24 4 0 1
2813 46 10 -1 0
2814 97 35 1 0
2815 93 23 0 1
2816 20 17 0 1
2817 40 11 0 1
2818 20 2 0 1
2819 83 23 0 1
2820 98 25 0 1
2821 93 16 1 0
2822 77 5 1 0
2823 54 22 0 1
2824 3 27 0 1
2825 51 18 0 1
2826 92 22 1 0
2827 51 7 1 0
2828 93 14 -1 0
2829 72 21 0 -1
2830 38 31 0 -1
2831 53 35 -1 0
2832 71 2 1 0
2833 2 25 0 -1
2834 30 9 1 0
2835 31 22 1 0
2836 48 17 1 0
2837 8 26 -1 0
2838 62 25 0 -1
2839 21 16 0 1
2840 38 13 0 1
2841 89 12 -1 0
2842 70 25 0 1
2843 38 24 0 1
2844 39 13 -1 0
2845 44 35 -1 0
2846 0 34 0 -1
2847 42 34 0 1
2848 22 37 -1 0
2849 61 19 -1 0
2850 8 22 0 1
2851 25 31 0 1
2852 65 3 1 0
2853 85 38 0 -1
2854 56 25 1 0
2855 87 12 0 -1
2856 92 26 0 -1
2857 22 37 0 1
2858 48 28 0 1
2859 30 33 1 0
2860 10 30 0 1
2861 42 27 -1 0
2862 44 24 0 1
2863 40 10 -1 0
2864 69 32 1 0
2865 23 12 1 0
2866 90 38 1 0
2867 99 19 1 0
2868 6 14 0 1
2869 40 10 0 -1
2870 16 6 1 0
2871 1 26 0 1
2872 29 20 -1 0
2873 41 26 1 0
2874 37 19 1 0
2875 69 0 0 1
2876 42 32 0 -1
2877 76 23 0 1
2878 52 30 -1 0
2879 29 35 0 1
2880 73 6 0 1
2881 96 23 -1 0
2882 98 33 0 -1
2883 55 2 -1 0
2884 96 15 0 -1
2885 37 11 0 1
2886 46 4 1 0
2887 47 1 0 -1
2888 62 17 0 -1
2889 67 4 1 0
2890 31 34 -1 0
2891 17 36 0 1
2892 43 32 0 -1
2893 81 38 -1 0
2894 34 12 0 -1
2895 77 0 0 -1
2896 24 18 1 0
2897 46 8 -1 0
2898 37 13 0 -1
2899 39 16 1 0
2900 29 7 -1 0
2901 5 15 1 0
2902 0 33 0 -1
2903 18 23 1 0
2904 21 29 0 1
2905 12 13 0 1
2906 38 12 1 0
2907 68 14 0 1
2908 94 5 1 0
2909 82 4 0 -1
2910 80 16 0 1
2911 26 20 0 -1
2912 62 35 0 1
2913 22 20 1 0
2914 1 9 1 0
2915 30 36 1 0
2916 47 33 1 0
2917 41 35 1 0
2918 32 24 0 1
2919 11 16 1 0
2920 90 24 0 -1
2921 87 18 1 0
2922 12 31 0 1
2923 46 22 -1 0
2924 13 32 -1 0
2925 27 28 -1 0
2926 22 32 0 -1
2927 47 4 -1 0
2928 29 30 1 0
2929 67 30 0 1
2930 23 7 0 1
2931 65 16 0 -1
2932 0 21 0 -1
2933 47 14 0 -1
2934 43 1 -1 0
2935 17 34 1 0
2936 91 23 0 1
2937 24 34 0 -1
2938 81 38 0 -1
2939 31 10 1 0
2940 5 14 1 0
2941 74 22 0 -1
2942 81 24 0 -1
2943 9 21 0 1
2944 37 0 1 0
2945 8 14 0 -1
2946 10 14 0 -1
2947 44 22 0 -1
2948 46 18 -1 0
2949 15 21 1 0
2950 3 16 0 1
2951 80 2 -1 0
2952 84 7 0 -1
2953 84 7 0 -1
2954 62 2 0 1
2955 33 20 0 1
2956 70 27 0 1
2957 99 17 0 1
2958 85 19 -1 0
2959 18 22 0 -1
2960 39 17 0 1
2961 63 30 0 -1
2962 40 24 -1 0
2963 4 4 1 0
2964 90 7 0 -1
2965 6 15 0 1
2966 49 1 0 1
2967 70 2 0 1
2968 86 22 1 0
2969 49 23 1 0
2970 87 6 -1 0
2971 66 5 0 1
2972 92 12 -1 0
2973 17 14 0 -1
2974 45 35 -1 0
2975 49 0 1 0
2976 22 27 -1 0
2977 42 31 0 1
2978 26 37 0 -1
2979 39 30 0 -1
2980 99 20 0 -1
2981 40 6 -1 0
2982 7 14 0 1
2983 38 10 1 0
2984 3 19 1 0
2985 15 17 1 0
2986 94 23 0 -1
2987 4 26 1 0
2988 47 5 1 0
2989 97 24 -1 0
2990 17 13 1 0
2991 56 16 0 1
2992 41 28 1 0
2993 47 10 0 -1
2994 97 21 1 0
2995 53 5 1 0
2996 28 1 -1 0
2997 15 1 -1 0
2998 17 14 1 0
2999 32 21 1 0
3000 35 25 -1 0
3001 28 24 1 0
3002 46 10 -1 0
3003 46 36 0 -1
3004 81 0 0 -1
3005 27 33 1 0
3006 73 34 1 0
3007 91 16 0 1
3008 49 33 0 1
3009 44 4 -1 0
3010 73 3 0 -1
3011 15 22 0 -1
3012 37 4 0 -1
3013 38 0 -1 0
3014 37 12 0 1
3015 8 9 -1 0
3016 17 8 0 -1
3017 25 7 -1 0
3018 27 14 -1 0
3019 22 24 -1 0
3020 24 14 0 -1
3021 6 37 1 0
3022 21 12 0 -1
3023 66 37 -1 0
3024 97 30 0 -1
3025 9 24 1 0
3026 7 36 0 -1
3027 2 25 -1 0
3028 70 1 0 -1
3029 90 28 0 -1
3030 35 27 0 1
3031 89 3 -1 0
3032 63 31 0 -1
3033 69 36 1 0
3034 19 9 0 1
3035 25 13 0 1
3036 36 2 0 -1
3037 26 35 1 0
3038 55 3 -1 0
3039 13 6 -1 0
3040 26 30 0 -1
3041 50 37 0 -1
3042 47 31 0 1
3043 52 15 1 0
3044 45 32 -1 0
3045 2 23 0 -1
3046 85 9 0 -1
3047 1 11 1 0
3048 77 3 -1 0
3049 23 9 1 0
3050 6 20 1 0
3051 85 15 1 0
3052 17 27 0 1
3053 22 19 -1 0
3054 63 18 -1 0
3055 93 21 -1 0
3056 89 2 -1 0
3057 42 34 0 -1
3058 39 18 0 1
3059 38 0 0 1
3060 44 3 1 0
3061 96 13 0 -1
3062 43 28 0 -1
3063 95 38 0 1
3064 49 18 0 1
3065 51 6 0 1
3066 82 28 1 0
3067 59 6 -1 0
3068 96 29 0 1
3069 38 16 -1 0
3070 11 13 -1 0
3071 37 3 1 0
3072 0 5 0 1
3073 41 7 -1 0
3074 58 2 -1 0
3075 41 36 1 0
3076 94 10 -1 0
3077 56 2 -1 0
3078 83 9 0 1
3079 23 15 -1 0
3080 21 38 0 -1
3081 30 27 0 1
3082 64 0 0 1
3083 55 34 -1 0
3084 68 18 -1 0
3085 90 1 0 1
3086 13 35 0 1
3087 50 30 0 -1
3088 91 11 0 1
3089 28 6 0 -1
3090 89 25 0 1
3091 9 34 0 1
3092 39 22 0 -1
3093 22 34 1 0
3094 27 21 0 1
3095 45 6 0 1
3096 88 2 1 0
3097 40 32 -1 0
3098 42 26 0 1
3099 60 39 0 1
3100 91 8 0 -1
3101 36 10 0 1
3102 21 19 0 1
3103 39 0 1 0
3104 93 35 0 1
3105 10 12 0 -1
3106 36 4 0 1
3107 45 19 0 -1
3108 23 37 0 -1
3109 76 5 0 1
3110 91 32 0 1
3111 85 31 -1 0
3112 18 15 0 -1
3113 48 37 0 -1
3114 69 27 0 -1
3115 48 16 1 0
3116 48 37 1 0
3117 97 35 0 -1
3118 0 3 -1 0
3119 41 1 1 0
3120 17 36 -1 0
3121 23 13 0 1
3122 18 20 0 1
3123 91 36 -1 0
3124 26 1 1 0
3125 29 38 0 -1
3126 56 2 1 0
3127 91 32 0 -1
3128 14 14 -1 0
3129 92 21 -1 0
3130 43 17 0 -1
3131 81 30 1 0
3132 36 20 1 0
3133 4 13 0 1
3134 38 32 0 -1
3135 18 39 1 0
3136 76 32 1 0
3137 5 5 0 -1
3138 11 16 0 1
3139 30 31 0 -1
3140 6 6 -1 0
3141 49 10 0 1
3142 25 9 0 -1
3143 10 24 0 -1
3144 48 19 0 -1
3145 39 20 0 -1
3146 16 17 0 -1
3147 92 4 1 0
3148 24 13 -1 0
3149 99 4 -1 0
3150 23 8 1 0
3151 67 7 0 -1
3152 83 34 0 1
3153 51 18 1 0
3154 2 17 0 -1
3155 15 39 -1 0
3156 38 13 -1 0
3157 13 10 1 0
3158 54 2 0 -1
3159 10 29 0 -1
3160 57 26 0 -1
3161 91 35 0 -1
3162 65 27 -1 0
3163 16 39 1 0
3164 48 23 0 1
3165 99 28 1 0
3166 24 32 0 1
3167 55 32 0 -1
3168 63 4 0 1
3169 9 0 0 -1
3170 92 8 1 0
3171 15 9 0 1
3172 89 31 1 0
3173 39 31 0 -1
3174 41 35 -1 0
3175 89 13 0 1
3176 25 15 0 -1
3177 26 14 -1 0
3178 90 31 1 0
3179 2 17 0 1
3180 83 12 -1 0
3181 13 2 1 0
3182 25 0 0 -1
3183 19 3 1 0
3184 9 18 1 0
3185 11 34 1 0
3186 62 30 1 0
3187 37 19 0 1
3188 43 10 1 0
3189 25 37 1 0
3190 62 17 -1 0
3191 39 16 -1 0
3192 39 14 1 0
3193 39 4 -1 0
3194 48 35 0 -1
3195 12 19 1 0
3196 12 1 0 -1
3197 29 34 -1 0
3198 15 33 1 0
3199 33 27 0 1
3200 43 34 -1 0
3201 80 16 1 0
3202 26 26 0 -1
3203 9 35 1 0
3204 80 27 1 0
3205 41 23 0 1
3206 81 9 -1 0
3207 56 12 0 1
3208 21 20 0 1
3209 2 13 0 1
3210 43 35 0 -1
3211 80 16 0 -1
3212 23 29 1 0
3213 30 3 0 1
3214 10 12 1 0
3215 38 16 0 1
3216 23 10 0 -1
3217 26 35 0 -1
3218 29 5 0 1
3219 69 22 0 1
3220 65 28 0 1
3221 85 27 -1 0
3222 44 18 1 0
3223 44 32 -1 0
3224 38 34 0 1
3225 38 29 0 1
3226 3 16 0 -1
3227 83 7 0 1
3228 53 19 1 0
3229 96 0 0 1
3230 84 24 0 1
3231 19 4 0 -1
3232 13 39 1 0
3233 43 18 -1 0
3234 48 21 0 1
3235 24 9 0 -1
3236 24 34 -1 0
3237 25 17 0 1
3238 25 32 1 0
3239 79 29 1 0
3240 97 33 0 -1
3241 28 5 1 0
3242 19 4 0 1
3243 15 2 -1 0
3244 52 34 -1 0
3245 86 11 1 0
3246 37 4 1 0
3247 16 38 -1 0
3248 39 19 -1 0
3249 78 23 1 0
3250 43 36 -1 0
3251 30 11 1 0
3252 40 27 0 -1
3253 13 21 0 1
3254 98 25 1 0
3255 98 12 1 0
3256 81 26 0 1
3257 8 9 0 -1
3258 33 11 0 1
3259 81 33 1 0
3260 77 4 -1 0
3261 75 2 0 -1
3262 40 4 0 -1
3263 57 27 0 -1
3264 18 21 -1 0
3265 98 32 0 -1
3266 28 5 0 1
3267 41 33 0 1
3268 39 16 1 0
3269 99 19 0 1
3270 28 0 -1 0
3271 35 19 0 -1
3272 50 37 -1 0
3273 38 0 0 -1
3274 19 15 1 0
3275 25 36 0 1
3276 10 1 0 1
3277 31 14 0 1
3278 23 23 0 -1
3279 65 5 0 1
3280 65 1 1 0
3281 37 19 1 0
3282 77 18 0 1
3283 73 7 0 1
3284 40 24 0 1
3285 92 25 -1 0
3286 52 22 0 -1
3287 2 32 0 1
3288 42 31 0 1
3289 39 11 0 -1
3290 3 28 1 0
3291 90 30 0 -1
3292 23 3 0 1
3293 23 18 -1 0
3294 24 21 -1 0
3295 71 15 0 1
3296 41 9 -1 0
3297 87 5 0 1
3298 23 22 0 -1
3299 25 15 0 -1
3300 29 18 1 0
3301 8 5 -1 0
3302 39 5 -1 0
3303 32 20 1 0
3304 54 26 0 1
3305 23 21 1 0
3306 47 11 0 1
3307 4 8 1 0
3308 49 38 0 1
3309 94 5 1 0
3310 48 3 -1 0
3311 41 22 0 -1
3312 42 4 -1 0
3313 41 18 1 0
3314 68 39 0 1
3315 96 6 -1 0
3316 39 28 1 0
3317 99 29 0 1
3318 97 0 1 0
3319 47 30 0 1
3320 50 1 0 -1
3321 41 17 -1 0
3322 26 3 1 0
3323 21 34 1 0
3324 70 6 1 0
3325 36 20 0 1
3326 65 13 1 0
3327 49 11 0 -1
3328 28 4 0 -1
3329 16 17 -1 0
3330 42 28 -1 0
3331 46 28 0 -1
3332 49 4 0 1
3333 50 2 1 0
3334 27 14 0 -1
3335 87 2 1 0
3336 42 26 0 1
3337 11 37 0 -1
3338 76 28 -1 0
3339 2 33 1 0
3340 50 39 -1 0
3341 0 2 0 1
3342 20 39 -1 0
3343 92 14 1 0
3344 87 36 1 0
3345 97 15 1 0
3346 44 30 0 1
3347 22 39 0 -1
3348 10 36 -1 0
3349 58 19 1 0
3350 22 39 -1 0
3351 97 26 0 1
3352 93 19 0 1
3353 2 16 -1 0
3354 36 25 0 1
3355 8 26 1 0
3356 22 17 -1 0
3357 8 35 1 0
3358 53 5 1 0
3359 48 31 0 1
3360 41 32 -1 0
3361 39 0 0 1
3362 98 4 0 1
3363 81 1 1 0
3364 21 0 -1 0
3365 45 10 1 0
3366 96 6 0 1
3367 40 16 -1 0
3368 19 24 1 0
3369 21 0 0 1
3370 80 20 0 -1
3371 49 39 -1 0
3372 90 9 0 1
3373 83 16 -1 0
3374 90 31 1 0
3375 27 0 -1 0
3376 36 24 -1 0
3377 86 21 0 1
3378 27 6 -1 0
3379 46 11 0 -1
3380 41 30 0 1
3381 1 17 -1 0
3382 45 0 1 0
3383 21 38 -1 0
3384 22 0 0 -1
3385 18 12 0 1
3386 65 32 0 -1
3387 26 39 1 0
3388 37 12 1 0
3389 97 11 0 1
3390 42 27 -1 0
3391 48 30 -1 0
3392 36 10 1 0
3393 4 27 0 1
3394 91 27 -1 0
3395 45 8 0 -1
3396 11 6 0 -1
3397 54 30 1 0
3398 36 37 -1 0
3399 42 5 0 1
3400 8 19 0 1
3401 28 5 1 0
3402 27 28 0 1
3403 20 14 0 1
3404 80 20 -1 0
3405 40 9 -1 0
3406 10 1 0 1
3407 40 17 0 1
3408 46 30 1 0
3409 91 13 0 1
3410 28 29 0 1
3411 70 22 0 -1
3412 46 6 0 1
3413 16 26 0 -1
3414 22 0 -1 0
3415 39 13 -1 0
3416 31 26 0 1
3417 93 15 0 -1
3418 11 12 0 1
3419 13 20 -1 0
3420 10 11 -1 0
3421 4 0 1 0
3422 89 31 1 0
3423 53 8 0 1
3424 52 1 0 -1
3425 44 6 1 0
3426 43 6 0 -1
3427 55 11 1 0
3428 2 4 -1 0
3429 42 35 1 0
3430 47 8 0 1
3431 43 6 -1 0
3432 22 33 1 0
3433 78 15 0 -1
3434 88 24 0 1
3435 2 13 0 -1
3436 45 15 -1 0
3437 28 4 0 -1
3438 22 21 0 -1
3439 79 5 1 0
3440 52 29 1 0
3441 45 21 1 0
3442 97 0 -1 0
3443 28 35 -1 0
3444 48 18 1 0
3445 28 38 0 1
3446 58 9 -1 0
3447 23 21 1 0
3448 37 26 0 1
3449 11 34 -1 0
3450 84 7 0 1
3451 92 10 0 -1
3452 10 7 1 0
3453 46 23 0 -1
3454 3 9 -1 0
3455 92 0 0 -1
3456 95 31 0 -1
3457 24 10 0 -1
3458 26 12 0 -1
3459 24 15 -1 0
3460 56 23 -1 0
3461 41 2 -1 0
3462 1 5 0 1
3463 14 2 1 0
3464 69 0 1 0
3465 16 5 1 0
3466 79 0 0 -1
3467 53 11 1 0
3468 59 22 1 0
3469 93 30 1 0
3470 42 16 0 1
3471 31 37 0 1
3472 21 9 -1 0
3473 2 34 0 -1
3474 15 12 1 0
3475 41 25 0 1
3476 36 32 1 0
3477 23 33 -1 0
3478 87 2 1 0
3479 10 28 0 1
3480 99 9 0 -1
3481 39 3 0 1
3482 59 34 0 1
3483 25 17 1 0
3484 25 35 1 0
3485 14 12 0 -1
3486 95 23 0 1
3487 64 6 -1 0
3488 70 21 0 1
3489 6 25 0 1
3490 12 23 0 -1
3491 12 37 0 -1
3492 50 34 0 1
3493 9 1 1 0
3494 43 33 1 0
3495 41 5 0 -1
3496 38 38 0 1
3497 18 4 0 1
3498 94 0 0 -1
3499 40 22 0 1
3500 21 1 0 -1
3501 44 10 1 0
3502 42 11 0 -1
3503 42 24 1 0
3504 39 1 -1 0
3505 42 6 0 1
3506 18 11 0 -1
3507 9 39 0 -1
3508 41 19 0 -1
3509 33 31 1 0
3510 30 3 -1 0
3511 41 15 0 1
3512 57 29 0 1
3513 98 21 0 1
3514 12 35 -1 0
3515 96 18 0 -1
3516 38 38 1 0
3517 53 29 0 1
3518 39 2 -1 0
3519 83 25 0 1
3520 9 5 0 1
3521 60 39 -1 0
3522 13 22 1 0
3523 87 12 0 1
3524 83 1 -1 0
3525 99 28 1 0
3526 23 20 0 1
3527 66 2 0 1
3528 6 12 0 1
3529 96 23 -1 0
3530 8 2 1 0
3531 92 17 -1 0
3532 7 30 0 1
3533 9 14 0 -1
3534 72 39 -1 0
3535 8 19 1 0
3536 17 37 1 0
3537 17 17 -1 0
3538 81 36 0 -1
3539 37 2 1 0
3540 40 1 -1 0
3541 6 9 0 -1
3542 17 3 0 1
3543 45 11 0 -1
3544 20 28 1 0
3545 99 3 1 0
3546 17 15 0 -1
3547 45 32 -1 0
3548 7 39 0 1
3549 19 16 0 -1
3550 56 34 0 -1
3551 82 6 -1 0
3552 49 14 -1 0
3553 11 32 0 -1
3554 17 2 0 1
3555 71 29 -1 0
3556 43 11 0 -1
3557 76 25 1 0
3558 86 22 0 -1
3559 73 15 1 0
3560 39 38 -1 0
3561 65 13 0 1
3562 14 16 0 -1
3563 7 36 -1 0
3564 95 14 0 1
3565 58 20 1 0
3566 18 33 0 -1
3567 82 9 0 -1
3568 54 13 -1 0
3569 76 15 -1 0
3570 45 4 1 0
3571 12 1 0 1
3572 16 26 1 0
3573 27 36 0 1
3574 64 31 0 -1
3575 37 32 0 1
3576 42 30 0 -1
3577 49 2 1 0
3578 4 5 0 1
3579 94 23 -1 0
3580 12 29 0 1
3581 23 30 0 1
3582 95 34 0 1
3583 17 19 0 -1
3584 11 1 -1 0
3585 45 35 0 -1
3586 41 0 1 0
3587 61 7 -1 0
3588 5 39 -1 0
3589 9 6 0 -1
3590 37 20 0 -1
3591 14 20 0 -1
3592 89 29 0 -1
3593 32 25 0 1
3594 20 9 0 -1
3595 81 31 0 -1
3596 27 39 1 0
3597 44 35 -1 0
3598 54 9 1 0
3599 42 36 -1 0
