0 53 5 -1 0
1 21 37 0 1
2 47 0 0 1
3 47 8 -1 0
4 63 37 1 0
5 12 24 0 -1
6 25 36 0 -1
7 37 39 0 -1
8 22 28 1 0
9 75 3 1 0
10 84 5 0 1
11 24 35 0 1
12 26 21 0 1
13 68 17 1 0
14 44 27 0 1
15 47 28 0 1
16 6 24 1 0
17 10 4 1 0
18 26 8 1 0
19 47 5 -1 0
20 39 5 0 1
21 42 1 1 0
22 99 36 1 0
23 63 21 1 0
24 42 31 -1 0
25 77 15 0 -1
26 18 26 0 1
27 9 34 0 1
28 27 22 0 -1
29 9 13 0 -1
30 31 17 -1 0
31 86 16 -1 0
32 28 30 0 -1
33 37 9 -1 0
34 80 19 1 0
35 81 9 0 -1
36 35 29 -1 0
37 21 20 -1 0
38 43 20 0 -1
39 85 29 0 1
40 89 1 -1 0
41 24 0 1 0
42 93 7 1 0
43 1 22 0 -1
44 84 4 0 1
45 30 14 0 1
46 82 5 -1 0
47 44 21 0 1
48 1 12 1 0
49 55 28 0 1
50 83 2 0 1
51 27 11 -1 0
52 22 13 -1 0
53 95 0 1 0
54 62 19 0 -1
55 44 30 -1 0
56 78 2 -1 0
57 90 39 0 1
58 24 4 1 0
59 9 26 -1 0
60 43 26 0 -1
61 43 12 0 -1
62 46 2 1 0
63 91 22 -1 0
64 18 19 0 1
65 97 15 0 -1
66 57 2 0 -1
67 91 3 0 -1
68 84 5 0 1
69 19 0 0 1
70 9 3 1 0
71 65 3 0 1
72 26 19 0 -1
73 57 1 1 0
74 4 27 0 -1
75 20 37 1 0
76 23 32 1 0
77 91 22 0 -1
78 93 35 0 -1
79 51 21 1 0
80 5 38 -1 0
81 60 23 -1 0
82 17 23 -1 0
83 51 14 0 1
84 25 17 0 -1
85 60 31 0 1
86 43 16 0 1
87 47 7 0 -1
88 21 27 1 0
89 50 26 1 0
90 93 20 0 -1
91 37 10 -1 0
92 74 23 -1 0
93 17 8 0 -1
94 67 0 1 0
95 30 12 0 -1
96 41 24 0 1
97 41 10 -1 0
98 62 31 1 0
99 23 36 0 1
100 57 17 0 1
101 43 21 0 -1
102 36 21 0 1
103 9 11 -1 0
104 95 7 1 0
105 62 19 0 1
106 93 4 0 1
107 37 4 0 -1
108 87 22 1 0
109 0 24 1 0
110 94 2 -1 0
111 30 7 0 1
112 24 12 -1 0
113 47 0 -1 0
114 18 31 0 -1
115 1 38 0 1
116 81 17 0 -1
117 90 21 1 0
118 38 2 0 -1
119 41 4 -1 0
120 41 4 1 0
121 42 15 0 -1
122 97 39 -1 0
123 1 28 0 1
124 38 10 0 1
125 24 32 -1 0
126 45 2 0 1
127 13 24 0 -1
128 24 38 0 -1
129 5 8 -1 0
130 96 7 0 -1
131 24 5 0 -1
132 17 18 0 -1
133 80 32 0 1
134 28 1 0 -1
135 20 28 0 -1
136 25 31 0 1
137 23 11 0 1
138 67 12 0 -1
139 24 38 1 0
140 12 6 0 -1
141 11 37 1 0
142 32 4 -1 0
143 15 34 1 0
144 9 1 -1 0
145 39 1 0 -1
146 11 3 1 0
147 60 11 -1 0
148 35 33 0 1
149 62 10 -1 0
150 20 24 1 0
151 94 23 -1 0
152 20 34 -1 0
153 40 33 1 0
154 85 15 -1 0
155 6 21 0 1
156 19 1 0 -1
157 28 17 0 1
158 17 14 0 1
159 20 38 0 1
160 11 20 -1 0
161 30 15 0 -1
162 20 29 0 -1
163 53 27 0 -1
164 36 20 0 -1
165 49 34 0 -1
166 41 20 1 0
167 55 9 1 0
168 20 38 0 -1
169 27 15 -1 0
170 90 22 -1 0
171 24 35 1 0
172 55 1 0 1
173 11 6 0 1
174 96 19 -1 0
175 52 12 1 0
176 42 18 0 -1
177 45 38 1 0
178 42 34 0 1
179 25 26 -1 0
180 67 19 0 1
181 41 1 0 1
182 55 30 0 -1
183 19 25 1 0
184 27 10 0 1
185 41 0 0 1
186 23 21 -1 0
187 81 22 -1 0
188 2 13 0 -1
189 37 25 0 -1
190 47 27 -1 0
191 36 8 1 0
192 67 23 1 0
193 15 22 0 -1
194 25 28 -1 0
195 22 5 0 1
196 38 31 0 -1
197 80 24 1 0
198 69 39 1 0
199 90 9 1 0
200 23 12 0 1
201 71 20 0 -1
202 95 27 -1 0
203 24 8 1 0
204 9 36 0 -1
205 48 7 1 0
206 69 6 0 1
207 9 22 0 1
208 3 21 0 1
209 83 10 -1 0
210 25 37 -1 0
211 8 20 0 -1
212 85 4 -1 0
213 20 13 0 1
214 37 34 -1 0
215 82 9 -1 0
216 24 34 1 0
217 93 6 0 -1
218 16 14 0 -1
219 37 25 1 0
220 19 8 0 1
221 32 12 -1 0
222 14 29 0 -1
223 37 1 1 0
224 6 29 0 -1
225 68 31 0 -1
226 47 36 -1 0
227 51 28 -1 0
228 40 10 0 1
229 36 19 -1 0
230 3 6 -1 0
231 88 7 -1 0
232 24 12 0 -1
233 16 22 -1 0
234 21 4 0 1
235 27 14 0 1
236 2 33 1 0
237 30 4 1 0
238 28 25 -1 0
239 87 21 0 1
240 25 20 1 0
241 22 10 -1 0
242 6 15 -1 0
243 39 20 1 0
244 24 20 0 -1
245 46 2 0 1
246 35 2 0 1
247 51 4 0 1
248 9 15 1 0
249 60 30 0 -1
250 36 1 -1 0
251 24 36 1 0
252 93 9 0 1
253 46 38 0 1
254 42 14 0 1
255 30 15 0 -1
256 21 24 -1 0
257 41 21 0 -1
258 24 14 1 0
259 28 23 -1 0
260 92 14 0 1
261 94 38 0 1
262 40 4 1 0
263 59 24 0 1
264 48 13 0 1
265 23 29 0 1
266 86 10 0 1
267 70 3 0 -1
268 16 28 0 -1
269 85 36 0 -1
270 54 9 1 0
271 76 30 1 0
272 14 31 0 1
273 48 1 1 0
274 75 3 0 1
275 87 28 1 0
276 36 26 1 0
277 73 30 0 -1
278 89 34 0 1
279 25 19 -1 0
280 54 30 0 -1
281 39 26 0 1
282 1 29 0 -1
283 21 27 1 0
284 68 13 1 0
285 45 35 -1 0
286 36 37 0 -1
287 84 20 0 1
288 12 6 1 0
289 43 22 0 -1
290 26 9 1 0
291 45 27 -1 0
292 88 2 0 1
293 81 13 0 -1
294 29 19 1 0
295 41 7 0 -1
296 47 39 -1 0
297 65 29 1 0
298 3 25 -1 0
299 41 28 -1 0
300 11 35 -1 0
301 71 12 1 0
302 15 14 0 -1
303 26 15 0 1
304 93 39 0 -1
305 70 11 -1 0
306 48 20 0 -1
307 40 28 0 -1
308 0 7 1 0
309 41 19 -1 0
310 44 13 0 -1
311 93 12 1 0
312 81 31 1 0
313 47 29 1 0
314 20 26 0 1
315 51 10 1 0
316 81 36 1 0
317 52 8 0 1
318 54 37 -1 0
319 28 2 0 -1
320 42 28 1 0
321 79 9 0 1
322 39 0 -1 0
323 24 31 0 1
324 5 11 0 -1
325 7 26 1 0
326 46 7 0 1
327 9 16 0 1
328 25 19 -1 0
329 96 24 0 -1
330 59 18 0 1
331 71 21 0 1
332 22 32 1 0
333 42 1 1 0
334 25 9 1 0
335 6 12 -1 0
336 17 15 0 -1
337 52 21 0 1
338 5 7 0 1
339 22 38 1 0
340 10 17 0 -1
341 81 20 0 1
342 42 17 0 1
343 5 27 0 -1
344 8 24 -1 0
345 42 1 -1 0
346 24 31 0 1
347 30 23 -1 0
348 68 0 0 1
349 63 1 0 -1
350 26 39 0 1
351 41 28 0 -1
352 45 18 -1 0
353 40 18 0 -1
354 45 7 0 1
355 23 9 1 0
356 46 22 -1 0
357 74 0 0 1
358 24 25 0 1
359 85 31 1 0
360 24 36 1 0
361 42 35 0 -1
362 64 7 0 -1
363 50 4 -1 0
364 36 1 1 0
365 20 32 -1 0
366 4 27 1 0
367 30 26 0 -1
368 23 10 0 1
369 56 13 1 0
370 38 18 0 -1
371 59 5 0 1
372 48 31 0 1
373 1 9 0 1
374 89 39 0 -1
375 99 16 0 -1
376 0 21 1 0
377 13 7 0 1
378 29 3 -1 0
379 15 4 0 -1
380 12 17 0 1
381 98 12 -1 0
382 96 8 -1 0
383 41 18 0 1
384 27 2 1 0
385 30 9 0 -1
386 65 32 0 1
387 92 10 -1 0
388 64 35 0 1
389 94 11 0 1
390 36 26 0 1
391 65 4 -1 0
392 64 17 0 1
393 59 25 1 0
394 90 37 -1 0
395 18 27 0 -1
396 42 21 0 -1
397 5 29 1 0
398 76 4 0 -1
399 81 39 0 -1
400 36 8 0 -1
401 38 37 0 -1
402 16 24 -1 0
403 52 34 0 1
404 28 4 0 1
405 49 28 0 1
406 73 23 0 1
407 98 27 0 1
408 99 11 0 -1
409 15 12 0 -1
410 29 0 1 0
411 43 2 0 1
412 22 30 1 0
413 12 3 0 -1
414 27 28 0 -1
415 44 9 0 1
416 28 27 -1 0
417 7 19 0 -1
418 71 1 -1 0
419 0 12 1 0
420 44 31 -1 0
421 26 8 -1 0
422 20 18 0 1
423 23 22 -1 0
424 17 6 1 0
425 52 36 0 -1
426 35 29 0 -1
427 44 0 -1 0
428 29 2 0 -1
429 45 28 -1 0
430 88 7 -1 0
431 0 37 1 0
432 42 23 0 1
433 93 34 0 1
434 31 22 0 1
435 92 18 1 0
436 43 2 1 0
437 95 30 0 -1
438 64 3 0 -1
439 37 10 -1 0
440 92 11 0 -1
441 96 14 1 0
442 68 27 1 0
443 23 31 0 -1
444 61 1 0 -1
445 31 19 -1 0
446 41 12 -1 0
447 48 21 1 0
448 2 13 0 -1
449 21 20 1 0
450 37 0 -1 0
451 93 17 0 1
452 84 36 -1 0
453 50 36 -1 0
454 1 16 0 -1
455 2 13 1 0
456 36 14 1 0
457 49 24 -1 0
458 52 29 0 1
459 27 2 0 1
460 74 33 -1 0
461 19 34 1 0
462 37 4 -1 0
463 31 28 0 1
464 88 28 0 -1
465 79 18 0 1
466 42 7 0 -1
467 27 6 0 -1
468 10 1 0 -1
469 93 29 1 0
470 77 12 0 -1
471 23 6 1 0
472 89 25 1 0
473 9 30 0 1
474 96 25 0 -1
475 42 35 0 1
476 3 33 -1 0
477 93 30 0 1
478 49 1 0 -1
479 85 32 -1 0
480 16 28 0 1
481 86 6 1 0
482 50 10 0 -1
483 16 30 1 0
484 29 16 0 1
485 28 29 -1 0
486 40 3 1 0
487 47 18 -1 0
488 15 7 0 1
489 98 2 1 0
490 40 12 -1 0
491 1 34 1 0
492 14 15 0 1
493 46 9 -1 0
494 21 36 0 1
495 40 0 1 0
496 3 6 0 1
497 0 30 0 1
498 18 37 1 0
499 43 31 -1 0
500 88 23 1 0
501 90 38 0 1
502 5 20 0 -1
503 18 38 -1 0
504 88 24 1 0
505 16 18 0 -1
506 30 29 0 1
507 32 13 1 0
508 38 39 -1 0
509 49 36 -1 0
510 5 32 0 1
511 26 12 -1 0
512 3 33 -1 0
513 48 14 -1 0
514 44 13 -1 0
515 47 38 0 1
516 42 11 -1 0
517 66 14 -1 0
518 76 19 0 -1
519 5 11 0 1
520 25 24 -1 0
521 29 15 0 1
522 13 32 0 -1
523 97 14 0 -1
524 38 28 0 1
525 82 5 0 -1
526 45 33 0 -1
527 4 9 0 1
528 86 15 0 -1
529 50 25 1 0
530 93 18 0 -1
531 51 36 0 1
532 74 16 0 -1
533 28 9 0 1
534 76 37 1 0
535 46 32 1 0
536 93 39 -1 0
537 37 0 1 0
538 44 32 0 -1
539 16 9 1 0
540 93 24 0 1
541 18 3 1 0
542 11 1 0 -1
543 44 26 -1 0
544 68 22 0 -1
545 42 15 1 0
546 27 31 1 0
547 91 34 0 -1
548 40 1 0 -1
549 28 18 0 -1
550 49 18 -1 0
551 48 8 -1 0
552 12 14 -1 0
553 87 33 -1 0
554 72 21 0 -1
555 9 38 0 -1
556 64 17 0 1
557 37 9 -1 0
558 21 35 1 0
559 44 38 0 1
560 23 8 -1 0
561 22 36 -1 0
562 71 3 -1 0
563 21 31 0 -1
564 45 39 -1 0
565 27 20 0 1
566 17 12 -1 0
567 21 24 0 -1
568 18 26 -1 0
569 63 24 -1 0
570 42 26 1 0
571 96 4 0 -1
572 49 6 1 0
573 98 15 1 0
574 3 20 0 1
575 56 17 1 0
576 18 27 0 1
577 4 35 0 1
578 44 25 1 0
579 65 17 0 1
580 26 21 1 0
581 21 4 0 1
582 22 7 0 -1
583 28 22 0 -1
584 75 24 -1 0
585 21 22 0 -1
586 31 29 1 0
587 13 24 0 1
588 40 18 1 0
589 83 21 0 1
590 13 25 1 0
591 81 35 1 0
592 42 3 -1 0
593 28 10 0 -1
594 25 37 0 1
595 28 27 1 0
596 41 38 1 0
597 18 34 0 -1
598 59 25 0 1
599 62 38 0 -1
600 38 31 1 0
601 92 13 0 -1
602 98 7 0 1
603 89 3 0 1
604 40 21 1 0
605 91 25 -1 0
606 43 33 0 -1
607 5 25 1 0
608 18 25 0 1
609 37 28 1 0
610 18 32 0 -1
611 5 20 0 -1
612 40 14 0 -1
613 16 24 0 -1
614 94 19 0 -1
615 38 31 -1 0
616 83 16 1 0
617 20 4 1 0
618 42 18 -1 0
619 43 27 0 -1
620 10 9 0 -1
621 45 36 0 1
622 65 28 1 0
623 97 35 1 0
624 76 8 -1 0
625 39 38 0 1
626 25 6 1 0
627 30 3 0 -1
628 37 37 1 0
629 94 31 0 1
630 81 2 0 -1
631 36 7 0 1
632 15 22 -1 0
633 31 7 0 -1
634 22 35 0 -1
635 12 19 0 -1
636 14 38 0 -1
637 29 16 0 1
638 27 0 1 0
639 32 38 0 -1
640 36 15 -1 0
641 26 18 1 0
642 58 28 1 0
643 45 24 0 1
644 10 11 1 0
645 61 5 1 0
646 24 19 1 0
647 40 30 0 -1
648 78 16 0 1
649 24 9 0 -1
650 22 15 1 0
651 25 5 0 1
652 56 12 -1 0
653 40 6 -1 0
654 17 28 -1 0
655 29 0 1 0
656 30 4 0 -1
657 4 39 0 -1
658 47 11 0 1
659 7 1 1 0
660 41 14 0 -1
661 38 24 0 1
662 92 16 0 -1
663 3 13 -1 0
664 54 4 0 1
665 61 29 0 1
666 70 17 1 0
667 56 25 -1 0
668 85 36 0 1
669 49 38 0 -1
670 44 19 0 1
671 98 25 1 0
672 32 17 0 1
673 42 27 0 -1
674 12 6 1 0
675 0 31 0 -1
676 61 19 -1 0
677 81 7 1 0
678 21 5 0 1
679 8 39 0 1
680 97 39 1 0
681 27 36 -1 0
682 12 4 1 0
683 3 7 -1 0
684 25 25 -1 0
685 39 25 0 -1
686 82 17 0 -1
687 48 28 0 -1
688 43 32 0 -1
689 82 31 -1 0
690 93 27 -1 0
691 79 39 1 0
692 37 38 -1 0
693 98 28 1 0
694 39 23 0 -1
695 77 12 -1 0
696 0 31 0 -1
697 22 6 0 1
698 89 28 -1 0
699 2 23 0 1
700 90 39 0 -1
701 71 2 -1 0
702 78 5 1 0
703 22 21 0 1
704 79 8 0 -1
705 44 20 0 1
706 54 22 -1 0
707 48 35 0 1
708 40 12 1 0
709 53 8 0 -1
710 24 21 -1 0
711 83 23 0 -1
712 44 39 1 0
713 38 19 1 0
714 31 22 0 -1
715 4 26 0 -1
716 5 32 0 1
717 40 9 -1 0
718 26 34 0 1
719 94 6 0 1
720 22 20 0 1
721 51 3 -1 0
722 44 0 -1 0
723 27 18 -1 0
724 21 27 0 -1
725 58 17 -1 0
726 30 14 0 -1
727 26 36 0 1
728 57 35 0 -1
729 48 13 0 1
730 11 24 1 0
731 13 28 0 -1
732 53 11 -1 0
733 38 6 1 0
734 16 29 1 0
735 58 22 1 0
736 81 1 -1 0
737 14 23 0 -1
738 27 28 1 0
739 54 27 0 -1
740 50 22 1 0
741 26 14 1 0
742 79 3 0 -1
743 48 37 -1 0
744 19 32 0 -1
745 44 23 0 -1
746 26 2 0 -1
747 9 1 0 -1
748 27 30 0 -1
749 70 31 0 -1
750 1 2 -1 0
751 90 3 1 0
752 86 20 0 1
753 17 11 1 0
754 26 36 -1 0
755 20 0 -1 0
756 58 17 0 1
757 21 16 -1 0
758 47 28 0 -1
759 10 1 0 1
760 78 26 0 1
761 62 18 -1 0
762 23 12 1 0
763 75 20 0 -1
764 56 10 1 0
765 29 26 1 0
766 37 32 -1 0
767 17 32 0 1
768 19 30 0 1
769 29 22 1 0
770 45 6 0 -1
771 62 16 0 1
772 21 10 1 0
773 35 1 1 0
774 95 3 0 -1
775 21 11 1 0
776 41 37 0 1
777 13 35 0 1
778 55 2 0 -1
779 29 25 1 0
780 22 17 0 -1
781 26 6 1 0
782 23 28 0 -1
783 18 9 0 1
784 54 17 0 1
785 27 31 0 -1
786 38 30 0 -1
787 93 12 0 -1
788 52 16 0 -1
789 38 4 0 -1
790 57 33 0 -1
791 45 22 -1 0
792 26 34 1 0
793 57 37 -1 0
794 42 37 -1 0
795 98 32 -1 0
796 99 32 -1 0
797 26 25 -1 0
798 28 13 1 0
799 37 38 0 1
800 18 19 0 -1
801 52 14 -1 0
802 44 32 0 -1
803 38 28 0 1
804 9 32 1 0
805 87 12 0 1
806 30 10 0 1
807 83 24 0 1
808 16 5 1 0
809 59 8 -1 0
810 5 16 -1 0
811 19 36 -1 0
812 66 3 -1 0
813 41 3 -1 0
814 44 1 0 -1
815 94 1 0 -1
816 57 33 -1 0
817 36 27 0 1
818 13 26 1 0
819 78 15 0 -1
820 81 16 0 1
821 77 34 0 1
822 94 28 -1 0
823 24 33 0 1
824 39 29 1 0
825 6 17 0 -1
826 37 18 1 0
827 42 37 -1 0
828 44 28 0 1
829 97 7 1 0
830 47 14 1 0
831 52 9 1 0
832 63 29 -1 0
833 24 22 1 0
834 15 28 -1 0
835 36 14 -1 0
836 32 38 1 0
837 83 8 1 0
838 84 17 0 -1
839 90 26 0 -1
840 38 0 0 -1
841 99 16 0 1
842 43 26 0 1
843 58 3 -1 0
844 16 18 1 0
845 50 37 -1 0
846 29 25 0 -1
847 35 25 0 1
848 30 20 0 -1
849 23 20 1 0
850 16 32 0 1
851 86 17 0 -1
852 56 16 0 -1
853 1 27 0 -1
854 41 22 0 -1
855 66 23 0 -1
856 19 8 -1 0
857 88 33 0 1
858 64 26 1 0
859 53 4 1 0
860 26 28 0 1
861 40 38 -1 0
862 29 1 -1 0
863 58 16 1 0
864 30 27 -1 0
865 50 1 0 -1
866 35 24 -1 0
867 25 17 0 1
868 87 18 0 1
869 31 8 0 -1
870 96 3 1 0
871 43 23 -1 0
872 13 18 1 0
873 17 2 -1 0
874 90 37 1 0
875 75 22 0 -1
876 69 3 1 0
877 81 18 0 -1
878 83 8 1 0
879 39 15 0 1
880 1 21 1 0
881 11 17 -1 0
882 37 3 1 0
883 45 6 0 1
884 86 1 -1 0
885 96 31 0 1
886 1 36 -1 0
887 76 20 1 0
888 29 24 -1 0
889 11 1 0 1
890 18 4 1 0
891 21 28 0 1
892 64 2 0 1
893 43 20 0 1
894 75 27 0 1
895 44 10 0 -1
896 38 8 0 1
897 25 5 0 1
898 12 8 0 -1
899 37 22 1 0
900 43 11 0 1
901 45 18 0 1
902 35 2 0 1
903 14 23 0 1
904 80 29 0 1
905 29 24 1 0
906 44 26 1 0
907 28 25 0 1
908 73 18 0 -1
909 73 23 1 0
910 21 32 0 1
911 16 25 0 -1
912 95 23 0 -1
913 27 22 1 0
914 11 20 1 0
915 16 10 0 1
916 88 32 0 -1
917 19 32 0 1
918 80 9 1 0
919 96 20 0 1
920 19 2 0 -1
921 4 24 -1 0
922 26 5 -1 0
923 20 32 1 0
924 22 22 -1 0
925 99 2 0 -1
926 97 16 0 -1
927 45 3 -1 0
928 77 9 1 0
929 49 22 1 0
930 29 25 0 -1
931 1 23 0 -1
932 91 17 0 1
933 89 6 -1 0
934 90 35 0 1
935 49 31 0 1
936 55 5 0 -1
937 28 23 0 -1
938 48 22 -1 0
939 10 28 1 0
940 37 11 1 0
941 1 14 0 1
942 29 35 -1 0
943 50 19 0 -1
944 50 22 -1 0
945 99 18 0 -1
946 42 39 1 0
947 75 22 0 -1
948 36 38 0 1
949 44 12 0 -1
950 24 25 -1 0
951 1 4 -1 0
952 30 14 1 0
953 40 2 0 1
954 39 9 0 1
955 28 8 0 1
956 26 1 0 -1
957 27 0 0 -1
958 89 9 1 0
959 55 37 1 0
960 16 13 1 0
961 30 25 -1 0
962 23 39 0 -1
963 10 36 -1 0
964 30 27 0 -1
965 6 39 -1 0
966 24 27 -1 0
967 43 13 -1 0
968 24 14 1 0
969 65 10 -1 0
970 42 28 1 0
971 98 15 0 1
972 20 11 1 0
973 87 11 0 -1
974 30 23 0 -1
975 48 37 0 1
976 69 9 0 -1
977 42 28 0 1
978 45 39 0 -1
979 87 16 1 0
980 2 36 1 0
981 89 36 0 -1
982 20 14 -1 0
983 26 6 -1 0
984 92 20 1 0
985 45 36 0 1
986 27 8 1 0
987 95 18 -1 0
988 92 6 0 1
989 39 25 1 0
990 60 10 -1 0
991 37 24 0 1
992 53 34 -1 0
993 39 7 1 0
994 39 16 0 1
995 98 33 -1 0
996 38 12 1 0
997 83 26 0 -1
998 40 35 -1 0
999 20 39 0 1
1000 17 37 0 -1
1001 22 31 1 0
1002 69 15 0 1
1003 28 20 0 1
1004 7 9 0 -1
1005 35 29 0 -1
1006 91 12 -1 0
1007 42 39 0 -1
1008 17 16 0 1
1009 89 28 -1 0
1010 55 28 0 -1
1011 23 37 1 0
1012 74 22 1 0
1013 40 39 0 1
1014 17 11 -1 0
1015 75 0 -1 0
1016 37 26 1 0
1017 42 13 -1 0
1018 68 28 0 1
1019 42 31 -1 0
1020 50 10 1 0
1021 70 6 -1 0
1022 39 0 0 -1
1023 87 1 -1 0
1024 21 30 0 -1
1025 43 28 -1 0
1026 19 39 0 1
1027 72 1 -1 0
1028 9 11 1 0
1029 22 37 -1 0
1030 40 12 0 1
1031 42 36 -1 0
1032 40 11 1 0
1033 27 8 1 0
1034 20 24 1 0
1035 37 26 0 -1
1036 31 36 0 -1
1037 75 8 0 -1
1038 2 2 1 0
1039 52 34 -1 0
1040 52 2 0 1
1041 85 38 -1 0
1042 59 38 -1 0
1043 14 17 1 0
1044 27 2 1 0
1045 51 31 1 0
1046 92 26 0 -1
1047 14 14 0 -1
1048 79 3 0 -1
1049 79 8 0 1
1050 63 31 0 -1
1051 29 2 0 1
1052 43 1 0 1
1053 65 12 0 1
1054 90 19 0 1
1055 52 0 0 1
1056 88 28 0 1
1057 74 38 0 -1
1058 30 36 1 0
1059 43 12 1 0
1060 24 39 -1 0
1061 23 23 1 0
1062 56 16 1 0
1063 15 21 -1 0
1064 25 31 0 1
1065 27 13 -1 0
1066 20 37 1 0
1067 48 27 -1 0
1068 24 35 0 1
1069 0 31 1 0
1070 30 20 1 0
1071 56 7 0 -1
1072 15 22 0 1
1073 51 5 -1 0
1074 51 30 1 0
1075 57 28 0 1
1076 66 16 0 -1
1077 42 39 -1 0
1078 47 25 1 0
1079 23 1 0 -1
1080 55 26 1 0
1081 86 4 1 0
1082 5 9 1 0
1083 34 5 -1 0
1084 27 12 0 1
1085 22 7 0 -1
1086 77 15 0 -1
1087 20 21 1 0
1088 87 28 1 0
1089 79 13 -1 0
1090 53 9 1 0
1091 22 29 0 1
1092 1 27 0 1
1093 38 28 1 0
1094 29 16 0 -1
1095 41 25 -1 0
1096 23 7 1 0
1097 41 36 1 0
1098 36 3 -1 0
1099 20 39 -1 0
1100 26 37 -1 0
1101 30 26 -1 0
1102 42 33 -1 0
1103 11 31 0 -1
1104 44 9 0 1
1105 18 32 1 0
1106 25 25 1 0
1107 24 10 -1 0
1108 76 4 0 -1
1109 5 5 0 -1
1110 89 23 1 0
1111 81 7 0 -1
1112 76 24 1 0
1113 1 13 1 0
1114 52 7 0 1
1115 87 1 0 1
1116 43 10 -1 0
1117 70 1 -1 0
1118 93 8 -1 0
1119 82 26 0 1
1120 84 26 -1 0
1121 37 39 0 1
1122 37 35 1 0
1123 25 32 -1 0
1124 49 25 -1 0
1125 93 10 0 -1
1126 15 11 -1 0
1127 16 12 1 0
1128 99 31 0 -1
1129 26 14 0 1
1130 25 32 0 -1
1131 68 29 0 1
1132 37 38 0 1
1133 75 36 0 1
1134 21 7 -1 0
1135 12 34 1 0
1136 30 35 0 1
1137 23 8 1 0
1138 2 35 0 1
1139 7 24 0 1
1140 11 25 0 1
1141 58 10 0 1
1142 21 5 1 0
1143 42 32 1 0
1144 41 27 0 -1
1145 5 20 0 -1
1146 41 13 -1 0
1147 26 30 -1 0
1148 41 28 0 -1
1149 12 30 0 1
1150 35 31 0 -1
1151 7 10 -1 0
1152 28 9 -1 0
1153 46 0 0 -1
1154 12 5 -1 0
1155 28 8 -1 0
1156 41 0 1 0
1157 29 4 1 0
1158 79 26 -1 0
1159 3 16 0 1
1160 41 19 -1 0
1161 42 6 0 -1
1162 2 3 1 0
1163 51 2 1 0
1164 22 14 0 1
1165 75 3 -1 0
1166 25 39 1 0
1167 29 34 -1 0
1168 81 13 -1 0
1169 28 29 1 0
1170 8 14 1 0
1171 38 32 0 -1
1172 18 0 -1 0
1173 41 11 0 -1
1174 24 30 0 1
1175 88 15 1 0
1176 23 9 0 1
1177 93 28 0 -1
1178 36 18 0 1
1179 84 15 0 -1
1180 8 2 0 1
1181 44 22 0 1
1182 2 15 0 -1
1183 88 26 0 1
1184 85 20 -1 0
1185 24 18 1 0
1186 68 19 1 0
1187 6 4 0 1
1188 24 39 0 -1
1189 48 22 0 -1
1190 56 25 0 1
1191 77 38 -1 0
1192 21 21 1 0
1193 12 8 -1 0
1194 42 12 -1 0
1195 20 19 0 1
1196 41 1 1 0
1197 50 31 1 0
1198 7 20 1 0
1199 50 20 0 -1
1200 18 5 0 1
1201 88 32 0 -1
1202 40 19 -1 0
1203 22 25 1 0
1204 49 28 0 -1
1205 43 32 1 0
1206 10 29 1 0
1207 29 3 0 -1
1208 41 2 1 0
1209 40 16 0 -1
1210 38 29 0 -1
1211 28 1 1 0
1212 93 22 0 1
1213 23 24 0 -1
1214 25 16 0 1
1215 44 32 0 -1
1216 18 1 1 0
1217 24 38 -1 0
1218 94 22 0 -1
1219 92 33 0 1
1220 70 26 0 -1
1221 44 33 0 -1
1222 65 14 1 0
1223 84 12 0 -1
1224 42 25 0 -1
1225 5 19 0 1
1226 47 2 1 0
1227 93 36 -1 0
1228 52 15 0 -1
1229 20 31 1 0
1230 97 7 1 0
1231 21 17 1 0
1232 37 24 -1 0
1233 39 20 -1 0
1234 46 13 0 1
1235 13 3 -1 0
1236 1 6 1 0
1237 20 7 1 0
1238 59 6 1 0
1239 96 1 0 -1
1240 22 27 0 1
1241 41 30 -1 0
1242 13 37 0 1
1243 79 0 0 -1
1244 41 25 -1 0
1245 18 25 -1 0
1246 50 38 -1 0
1247 25 18 1 0
1248 37 3 0 -1
1249 11 28 -1 0
1250 41 22 1 0
1251 54 3 -1 0
1252 23 36 1 0
1253 26 18 0 -1
1254 22 32 1 0
1255 80 35 0 1
1256 43 30 0 1
1257 2 11 0 -1
1258 35 5 0 -1
1259 55 0 0 -1
1260 38 17 0 1
1261 36 34 0 -1
1262 44 13 0 -1
1263 92 30 0 -1
1264 25 20 -1 0
1265 40 21 1 0
1266 16 18 -1 0
1267 41 8 -1 0
1268 38 9 1 0
1269 40 20 0 -1
1270 38 1 0 1
1271 8 38 0 1
1272 74 32 -1 0
1273 43 24 -1 0
1274 44 39 0 1
1275 42 6 0 -1
1276 28 33 0 -1
1277 82 12 1 0
1278 27 39 0 1
1279 11 3 0 1
1280 46 19 -1 0
1281 0 27 0 1
1282 22 31 1 0
1283 93 0 -1 0
1284 15 5 0 -1
1285 30 3 0 -1
1286 46 36 0 -1
1287 78 4 1 0
1288 0 30 -1 0
1289 54 12 -1 0
1290 27 27 0 -1
1291 85 1 0 1
1292 40 19 -1 0
1293 26 30 0 -1
1294 0 33 0 1
1295 9 7 0 -1
1296 16 21 0 -1
1297 90 36 -1 0
1298 46 15 0 -1
1299 97 3 0 1
1300 33 5 0 -1
1301 23 33 1 0
1302 45 0 1 0
1303 97 8 0 -1
1304 2 20 0 -1
1305 20 37 0 1
1306 40 38 1 0
1307 13 16 0 1
1308 14 15 0 -1
1309 21 21 1 0
1310 1 30 0 -1
1311 27 0 0 1
1312 36 1 1 0
1313 57 22 0 1
1314 60 8 1 0
1315 71 34 0 -1
1316 26 17 1 0
1317 22 37 1 0
1318 95 32 1 0
1319 23 23 0 1
1320 73 18 0 1
1321 66 6 -1 0
1322 27 26 -1 0
1323 31 36 0 1
1324 6 22 -1 0
1325 40 10 -1 0
1326 28 6 0 1
1327 11 36 0 1
1328 29 11 0 -1
1329 20 25 1 0
1330 38 33 0 -1
1331 47 11 0 1
1332 90 17 0 1
1333 73 38 0 -1
1334 93 6 -1 0
1335 7 28 0 1
1336 97 9 1 0
1337 26 3 1 0
1338 62 19 0 -1
1339 69 8 1 0
1340 46 37 0 -1
1341 6 31 -1 0
1342 6 10 0 -1
1343 12 39 0 -1
1344 47 14 1 0
1345 20 22 -1 0
1346 87 24 0 1
1347 21 28 -1 0
1348 13 11 0 -1
1349 12 15 1 0
1350 96 3 1 0
1351 23 14 1 0
1352 42 17 1 0
1353 36 29 -1 0
1354 5 2 0 -1
1355 46 1 0 -1
1356 15 3 0 -1
1357 72 3 0 -1
1358 27 12 0 -1
1359 24 7 -1 0
1360 43 34 -1 0
1361 20 25 0 1
1362 45 36 0 1
1363 30 28 1 0
1364 27 24 0 -1
1365 38 3 0 1
1366 41 26 1 0
1367 95 11 0 1
1368 28 21 0 1
1369 95 29 1 0
1370 23 4 -1 0
1371 22 3 1 0
1372 41 24 0 1
1373 90 10 0 1
1374 74 28 -1 0
1375 95 26 1 0
1376 35 4 0 -1
1377 40 39 1 0
1378 19 16 0 1
1379 20 22 -1 0
1380 76 1 -1 0
1381 43 18 0 -1
1382 38 27 0 1
1383 30 5 0 1
1384 13 15 0 -1
1385 19 29 1 0
1386 19 28 0 -1
1387 19 1 1 0
1388 41 37 0 -1
1389 43 15 0 1
1390 16 31 0 1
1391 46 34 -1 0
1392 70 38 1 0
1393 70 35 1 0
1394 25 7 0 1
1395 25 33 0 1
1396 54 18 -1 0
1397 25 35 -1 0
1398 8 19 0 -1
1399 41 21 -1 0
1400 37 23 0 1
1401 40 32 0 1
1402 92 7 0 1
1403 35 28 1 0
1404 1 36 1 0
1405 41 16 -1 0
1406 17 1 0 -1
1407 98 29 -1 0
1408 30 26 -1 0
1409 21 37 0 1
1410 39 1 0 -1
1411 89 21 0 1
1412 18 17 1 0
1413 12 11 0 -1
1414 45 17 -1 0
1415 71 14 0 -1
1416 67 26 1 0
1417 70 2 1 0
1418 1 22 0 1
1419 38 14 0 1
1420 35 3 0 -1
1421 12 4 1 0
1422 5 16 0 1
1423 20 34 0 -1
1424 18 18 1 0
1425 42 26 -1 0
1426 41 29 0 -1
1427 23 26 -1 0
1428 42 12 -1 0
1429 99 3 0 -1
1430 86 36 0 1
1431 82 31 0 1
1432 43 5 0 1
1433 49 22 -1 0
1434 22 11 1 0
1435 28 5 -1 0
1436 58 34 -1 0
1437 39 8 0 -1
1438 5 25 -1 0
1439 23 18 1 0
1440 51 18 0 -1
1441 39 19 1 0
1442 47 39 1 0
1443 81 3 0 -1
1444 8 8 1 0
1445 84 20 0 -1
1446 44 5 0 1
1447 30 31 0 -1
1448 6 2 1 0
1449 96 6 0 1
1450 28 32 0 -1
1451 90 27 -1 0
1452 18 11 0 1
1453 42 27 -1 0
1454 42 13 0 -1
1455 55 34 0 1
1456 44 39 0 1
1457 95 34 1 0
1458 90 25 0 1
1459 45 28 0 -1
1460 86 30 0 -1
1461 18 10 1 0
1462 63 10 0 -1
1463 46 22 -1 0
1464 63 26 0 1
1465 82 24 -1 0
1466 42 14 0 1
1467 38 15 0 -1
1468 43 3 -1 0
1469 67 3 0 -1
1470 49 22 0 1
1471 43 35 -1 0
1472 71 9 0 1
1473 20 0 0 -1
1474 43 11 0 1
1475 40 36 0 1
1476 37 0 -1 0
1477 40 10 0 1
1478 38 16 0 1
1479 36 31 -1 0
1480 16 23 -1 0
1481 72 7 1 0
1482 77 19 1 0
1483 65 38 0 -1
1484 70 25 0 1
1485 22 9 -1 0
1486 16 3 -1 0
1487 72 28 1 0
1488 86 25 0 -1
1489 47 18 0 -1
1490 93 6 0 -1
1491 0 25 0 -1
1492 22 22 0 -1
1493 26 17 0 -1
1494 83 26 0 1
1495 45 17 0 1
1496 6 15 0 -1
1497 45 25 0 1
1498 87 6 -1 0
1499 36 16 1 0
1500 1 13 0 1
1501 17 25 1 0
1502 29 28 -1 0
1503 35 8 0 -1
1504 20 33 1 0
1505 5 34 1 0
1506 27 15 0 -1
1507 39 37 -1 0
1508 29 31 0 -1
1509 45 22 -1 0
1510 52 27 0 1
1511 40 11 0 -1
1512 21 35 0 -1
1513 20 33 -1 0
1514 24 0 -1 0
1515 19 7 -1 0
1516 21 33 0 -1
1517 40 38 0 -1
1518 47 37 -1 0
1519 67 2 0 -1
1520 18 9 1 0
1521 44 11 -1 0
1522 66 22 -1 0
1523 11 19 0 1
1524 26 7 0 -1
1525 22 30 0 -1
1526 21 9 0 -1
1527 12 38 0 -1
1528 30 2 0 1
1529 31 35 0 1
1530 25 36 0 -1
1531 35 3 -1 0
1532 28 28 0 1
1533 96 17 1 0
1534 30 28 0 -1
1535 36 32 -1 0
1536 58 24 0 1
1537 51 15 1 0
1538 71 13 0 1
1539 89 19 0 -1
1540 81 20 0 1
1541 43 31 -1 0
1542 51 2 0 1
1543 26 25 0 -1
1544 40 34 0 1
1545 39 28 1 0
1546 82 19 0 1
1547 22 38 -1 0
1548 35 4 0 1
1549 39 4 0 1
1550 92 26 1 0
1551 28 19 0 -1
1552 47 32 1 0
1553 45 12 1 0
1554 50 17 0 -1
1555 5 24 -1 0
1556 37 39 -1 0
1557 39 33 0 -1
1558 42 11 -1 0
1559 1 26 0 -1
1560 23 16 -1 0
1561 27 4 1 0
1562 20 30 -1 0
1563 17 13 1 0
1564 11 30 0 -1
1565 45 2 1 0
1566 29 9 1 0
1567 8 13 -1 0
1568 13 37 0 1
1569 96 22 -1 0
1570 56 39 1 0
1571 19 38 0 -1
1572 41 11 0 1
1573 25 34 0 1
1574 88 35 1 0
1575 17 33 -1 0
1576 25 6 0 -1
1577 19 12 0 -1
1578 83 21 0 -1
1579 25 14 -1 0
1580 43 30 -1 0
1581 38 18 0 1
1582 37 2 1 0
1583 47 27 1 0
1584 24 24 0 1
1585 28 3 -1 0
1586 80 36 -1 0
1587 40 21 -1 0
1588 58 4 0 1
1589 18 10 0 -1
1590 95 33 0 1
1591 29 5 0 -1
1592 24 3 0 1
1593 22 5 0 1
1594 5 1 1 0
1595 41 25 0 -1
1596 24 6 0 1
1597 23 37 1 0
1598 78 12 0 -1
1599 98 20 1 0
1600 29 8 -1 0
1601 29 26 1 0
1602 41 11 0 1
1603 88 8 0 -1
1604 92 18 1 0
1605 38 25 -1 0
1606 82 11 -1 0
1607 22 7 0 -1
1608 46 16 0 1
1609 42 30 0 1
1610 7 26 1 0
1611 23 34 1 0
1612 30 19 0 1
1613 21 26 0 -1
1614 11 5 1 0
1615 22 14 1 0
1616 40 27 -1 0
1617 16 7 0 -1
1618 42 29 0 1
1619 27 1 0 1
1620 84 37 0 1
1621 36 18 -1 0
1622 26 8 0 -1
1623 39 23 1 0
1624 55 2 1 0
1625 7 38 0 1
1626 22 6 0 1
1627 30 21 0 -1
1628 23 25 1 0
1629 20 30 1 0
1630 2 28 1 0
1631 28 10 0 -1
1632 56 31 0 -1
1633 47 9 0 -1
1634 16 37 0 1
1635 27 13 0 1
1636 21 5 0 -1
1637 21 1 0 1
1638 0 26 -1 0
1639 81 27 1 0
1640 56 34 1 0
1641 94 38 -1 0
1642 79 32 -1 0
1643 12 32 -1 0
1644 15 8 0 -1
1645 32 36 -1 0
1646 30 23 0 1
1647 41 13 1 0
1648 92 38 -1 0
1649 48 9 0 -1
1650 19 33 0 -1
1651 25 23 -1 0
1652 48 12 0 1
1653 37 8 1 0
1654 99 31 1 0
1655 24 6 0 1
1656 97 18 -1 0
1657 19 21 -1 0
1658 97 35 0 1
1659 5 37 0 -1
1660 2 10 0 -1
1661 5 15 0 1
1662 84 34 1 0
1663 61 12 -1 0
1664 46 0 0 -1
1665 45 37 0 1
1666 67 6 -1 0
1667 47 35 0 1
1668 5 17 1 0
1669 96 5 0 -1
1670 38 11 -1 0
1671 98 4 -1 0
1672 28 22 1 0
1673 38 7 0 -1
1674 83 5 0 1
1675 98 6 0 1
1676 71 19 1 0
1677 40 15 1 0
1678 17 30 0 -1
1679 22 37 0 -1
1680 95 17 1 0
1681 34 21 0 1
1682 49 31 -1 0
1683 71 29 0 1
1684 0 25 0 -1
1685 22 29 0 1
1686 79 12 1 0
1687 30 8 0 -1
1688 21 29 0 -1
1689 74 39 -1 0
1690 94 22 -1 0
1691 42 16 -1 0
1692 86 1 0 1
1693 24 8 0 -1
1694 46 12 0 -1
1695 18 37 1 0
1696 25 10 -1 0
1697 63 8 -1 0
1698 17 30 0 -1
1699 42 13 0 -1
1700 46 1 0 -1
1701 40 26 1 0
1702 19 35 0 -1
1703 93 12 0 1
1704 55 39 0 1
1705 54 9 1 0
1706 94 19 1 0
1707 1 15 0 1
1708 95 31 0 1
1709 64 30 -1 0
1710 10 16 1 0
1711 31 9 -1 0
1712 93 15 0 -1
1713 31 12 1 0
1714 57 17 0 1
1715 68 33 0 -1
1716 25 18 0 -1
1717 98 24 0 1
1718 47 31 -1 0
1719 53 37 1 0
1720 42 29 -1 0
1721 42 36 -1 0
1722 28 31 1 0
1723 39 12 0 1
1724 89 12 -1 0
1725 27 29 0 -1
1726 40 0 1 0
1727 51 33 0 1
1728 53 1 0 -1
1729 9 5 0 1
1730 25 13 0 -1
1731 86 25 -1 0
1732 3 33 1 0
1733 39 23 -1 0
1734 50 28 1 0
1735 3 4 1 0
1736 24 9 0 -1
1737 1 15 1 0
1738 61 22 1 0
1739 35 25 0 -1
1740 6 13 1 0
1741 29 21 0 -1
1742 63 16 -1 0
1743 17 1 0 1
1744 40 2 1 0
1745 42 3 -1 0
1746 39 13 0 -1
1747 7 31 0 -1
1748 69 13 -1 0
1749 82 5 -1 0
1750 20 27 1 0
1751 25 24 0 -1
1752 70 12 0 1
1753 56 9 1 0
1754 45 3 1 0
1755 28 1 0 -1
1756 71 33 -1 0
1757 12 11 0 1
1758 21 28 -1 0
1759 95 25 0 -1
1760 39 0 -1 0
1761 19 32 0 1
1762 88 26 -1 0
1763 83 18 -1 0
1764 24 11 1 0
1765 43 22 -1 0
1766 19 13 0 -1
1767 41 12 0 -1
1768 97 12 1 0
1769 49 5 0 1
1770 20 1 0 -1
1771 17 31 0 -1
1772 41 14 0 -1
1773 1 3 0 1
1774 23 35 -1 0
1775 92 6 0 -1
1776 54 35 0 -1
1777 31 29 0 1
1778 47 13 -1 0
1779 53 36 0 1
1780 39 5 0 1
1781 85 22 -1 0
1782 17 5 0 -1
1783 1 34 0 -1
1784 19 7 1 0
1785 55 34 -1 0
1786 43 15 0 1
1787 25 6 0 -1
1788 67 20 0 -1
1789 83 27 1 0
1790 90 7 -1 0
1791 25 31 -1 0
1792 59 33 0 -1
1793 18 5 0 1
1794 60 8 1 0
1795 0 1 0 -1
1796 46 27 0 -1
1797 73 4 0 -1
1798 31 4 0 -1
1799 42 38 1 0
1800 29 27 -1 0
1801 50 18 0 1
1802 7 9 1 0
1803 26 7 0 -1
1804 43 16 0 1
1805 51 34 0 1
1806 20 23 1 0
1807 24 26 1 0
1808 22 23 1 0
1809 39 12 1 0
1810 20 0 0 -1
1811 42 27 0 1
1812 39 12 0 1
1813 31 18 0 -1
1814 93 11 1 0
1815 46 1 1 0
1816 19 9 -1 0
1817 27 21 1 0
1818 5 35 0 1
1819 35 28 -1 0
1820 68 7 0 -1
1821 35 30 0 -1
1822 80 38 0 -1
1823 17 15 -1 0
1824 14 27 -1 0
1825 9 14 1 0
1826 95 34 0 1
1827 56 1 -1 0
1828 7 20 0 1
1829 42 20 0 1
1830 7 1 0 1
1831 52 30 1 0
1832 25 1 1 0
1833 94 3 0 1
1834 99 21 -1 0
1835 38 14 0 -1
1836 60 2 0 -1
1837 71 18 0 -1
1838 94 8 0 -1
1839 63 26 1 0
1840 39 19 0 -1
1841 38 37 0 1
1842 26 35 0 1
1843 44 4 0 1
1844 18 12 0 -1
1845 25 20 -1 0
1846 78 1 -1 0
1847 21 19 -1 0
1848 65 4 1 0
1849 76 32 1 0
1850 17 10 0 1
1851 28 21 0 1
1852 37 27 0 -1
1853 70 19 1 0
1854 30 3 1 0
1855 36 4 -1 0
1856 84 21 1 0
1857 3 10 0 1
1858 74 16 1 0
1859 47 30 1 0
1860 98 25 1 0
1861 17 26 0 1
1862 49 38 1 0
1863 1 12 0 1
1864 65 25 1 0
1865 28 6 1 0
1866 41 18 0 1
1867 99 34 0 1
1868 41 35 0 1
1869 6 13 1 0
1870 58 21 1 0
1871 44 35 0 1
1872 47 38 0 1
1873 27 39 0 1
1874 17 24 0 -1
1875 22 0 1 0
1876 29 28 0 -1
1877 27 25 1 0
1878 20 6 -1 0
1879 43 13 -1 0
1880 37 6 0 -1
1881 18 19 0 -1
1882 15 29 0 1
1883 9 14 0 1
1884 22 14 0 1
1885 10 9 -1 0
1886 42 23 0 -1
1887 6 12 0 1
1888 28 11 1 0
1889 37 7 1 0
1890 97 6 -1 0
1891 42 0 -1 0
1892 81 12 1 0
1893 37 18 0 -1
1894 80 12 -1 0
1895 52 36 1 0
1896 12 4 1 0
1897 35 25 1 0
1898 23 2 -1 0
1899 8 21 1 0
1900 42 25 -1 0
1901 70 5 0 1
1902 43 36 0 1
1903 22 25 0 -1
1904 21 30 1 0
1905 41 17 1 0
1906 99 37 0 -1
1907 21 31 0 -1
1908 25 5 0 1
1909 9 7 0 1
1910 78 35 0 -1
1911 13 11 0 -1
1912 17 14 -1 0
1913 30 1 0 1
1914 93 17 -1 0
1915 78 36 0 1
1916 30 27 0 -1
1917 48 12 -1 0
1918 22 5 0 1
1919 44 25 -1 0
1920 96 12 0 1
1921 94 24 1 0
1922 4 33 0 1
1923 52 24 0 -1
1924 53 34 -1 0
1925 35 8 0 -1
1926 73 35 0 1
1927 51 13 -1 0
1928 36 5 1 0
1929 90 39 -1 0
1930 40 7 0 1
1931 0 18 0 1
1932 43 28 0 1
1933 2 38 1 0
1934 26 35 -1 0
1935 19 27 1 0
1936 23 29 0 1
1937 22 27 -1 0
1938 29 27 0 -1
1939 22 16 0 -1
1940 21 25 0 1
1941 24 37 0 -1
1942 9 2 0 -1
1943 27 3 0 -1
1944 16 4 -1 0
1945 48 16 0 -1
1946 97 14 1 0
1947 47 24 -1 0
1948 36 6 0 1
1949 25 0 0 -1
1950 26 37 0 1
1951 9 39 -1 0
1952 90 2 0 -1
1953 31 36 -1 0
1954 18 26 0 -1
1955 89 8 0 1
1956 28 27 -1 0
1957 99 25 0 -1
1958 43 18 1 0
1959 88 30 0 -1
1960 24 19 1 0
1961 15 15 0 -1
1962 14 33 0 1
1963 7 28 1 0
1964 43 17 0 1
1965 90 9 0 1
1966 22 28 -1 0
1967 37 2 0 1
1968 40 33 -1 0
1969 80 30 1 0
1970 55 25 -1 0
1971 35 23 -1 0
1972 36 36 0 -1
1973 93 39 -1 0
1974 2 18 1 0
1975 45 13 0 -1
1976 56 14 0 -1
1977 86 38 0 1
1978 76 21 0 1
1979 56 30 1 0
1980 47 33 -1 0
1981 80 28 0 -1
1982 26 20 0 -1
1983 43 32 -1 0
1984 29 26 0 1
1985 68 23 -1 0
1986 67 13 0 -1
1987 47 36 -1 0
1988 25 8 0 -1
1989 14 0 0 1
1990 43 7 0 1
1991 91 26 1 0
1992 39 34 0 -1
1993 21 2 1 0
1994 19 0 1 0
1995 26 13 1 0
1996 95 29 1 0
1997 41 35 -1 0
1998 52 10 0 -1
1999 29 19 1 0
2000 23 19 0 1
2001 9 20 0 1
2002 40 9 1 0
2003 90 1 1 0
2004 24 28 0 1
2005 37 37 0 -1
2006 99 13 -1 0
2007 40 24 0 -1
2008 53 25 1 0
2009 95 13 0 -1
2010 93 23 1 0
2011 11 5 0 -1
2012 93 36 0 -1
2013 43 39 0 1
2014 49 5 0 -1
2015 29 29 0 -1
2016 31 8 -1 0
2017 84 36 1 0
2018 22 21 -1 0
2019 13 18 0 -1
2020 24 33 -1 0
2021 14 9 -1 0
2022 47 6 0 -1
2023 47 33 -1 0
2024 61 3 1 0
2025 53 11 0 1
2026 9 12 0 -1
2027 96 3 -1 0
2028 23 38 0 -1
2029 85 15 0 1
2030 40 13 -1 0
2031 74 15 0 1
2032 39 26 1 0
2033 30 2 -1 0
2034 40 39 1 0
2035 28 17 1 0
2036 74 17 -1 0
2037 13 22 0 -1
2038 1 34 1 0
2039 30 1 -1 0
2040 32 31 0 1
2041 12 2 0 1
2042 39 17 -1 0
2043 44 22 0 1
2044 31 12 0 -1
2045 91 12 1 0
2046 8 33 -1 0
2047 61 9 1 0
2048 24 5 0 1
2049 27 16 -1 0
2050 37 17 0 -1
2051 47 15 0 -1
2052 22 30 -1 0
2053 73 10 0 -1
2054 48 3 -1 0
2055 93 1 0 -1
2056 92 2 0 1
2057 42 15 1 0
2058 41 36 -1 0
2059 36 27 1 0
2060 79 30 1 0
2061 26 6 -1 0
2062 9 34 -1 0
2063 40 20 1 0
2064 92 28 0 1
2065 47 19 -1 0
2066 38 5 1 0
2067 17 0 0 1
2068 66 11 -1 0
2069 26 27 0 1
2070 90 4 1 0
2071 23 28 1 0
2072 47 22 -1 0
2073 96 30 1 0
2074 90 9 1 0
2075 52 31 0 -1
2076 16 5 1 0
2077 37 2 -1 0
2078 30 29 0 -1
2079 30 15 0 -1
2080 59 19 0 1
2081 28 28 0 1
2082 39 1 0 -1
2083 42 26 -1 0
2084 0 24 0 1
2085 21 9 1 0
2086 22 38 0 1
2087 39 39 -1 0
2088 43 35 0 -1
2089 10 30 1 0
2090 43 24 -1 0
2091 6 9 1 0
2092 6 33 -1 0
2093 40 11 1 0
2094 25 34 0 1
2095 23 30 -1 0
2096 48 28 1 0
2097 89 12 0 1
2098 27 29 0 -1
2099 40 3 0 -1
2100 85 30 1 0
2101 23 31 1 0
2102 15 37 -1 0
2103 40 17 0 1
2104 98 31 0 1
2105 94 18 1 0
2106 45 8 0 1
2107 99 6 0 -1
2108 27 29 0 -1
2109 38 2 0 -1
2110 23 26 -1 0
2111 39 32 -1 0
2112 81 10 1 0
2113 40 1 1 0
2114 18 27 -1 0
2115 11 7 -1 0
2116 49 30 0 1
2117 12 11 0 -1
2118 50 1 -1 0
2119 23 4 0 1
2120 28 6 0 1
2121 98 28 0 -1
2122 78 39 1 0
2123 79 17 1 0
2124 10 22 0 1
2125 91 38 0 -1
2126 59 18 -1 0
2127 29 37 1 0
2128 55 0 0 -1
2129 41 27 -1 0
2130 20 31 -1 0
2131 22 28 -1 0
2132 84 11 -1 0
2133 49 4 -1 0
2134 85 16 0 1
2135 12 19 -1 0
2136 43 3 0 -1
2137 23 25 0 1
2138 26 29 0 -1
2139 29 15 1 0
2140 51 34 1 0
2141 36 29 0 -1
2142 56 16 -1 0
2143 17 28 -1 0
2144 24 21 0 -1
2145 25 1 0 -1
2146 21 6 0 -1
2147 48 30 -1 0
2148 36 13 0 1
2149 24 37 -1 0
2150 26 16 1 0
2151 50 9 0 1
2152 45 3 1 0
2153 41 0 0 1
2154 21 1 0 1
2155 8 0 0 1
2156 71 31 -1 0
2157 61 26 0 -1
2158 59 10 0 -1
2159 44 31 0 -1
2160 41 31 0 1
2161 8 15 1 0
2162 31 1 0 -1
2163 52 28 1 0
2164 38 4 1 0
2165 22 12 1 0
2166 30 16 0 -1
2167 51 15 1 0
2168 41 29 -1 0
2169 2 24 0 1
2170 54 20 0 1
2171 72 21 1 0
2172 1 5 0 1
2173 67 27 0 -1
2174 2 22 0 -1
2175 43 29 0 1
2176 95 20 -1 0
2177 51 16 -1 0
2178 63 22 0 -1
2179 29 22 0 -1
2180 90 19 0 1
2181 21 36 1 0
2182 58 2 -1 0
2183 0 7 0 -1
2184 75 39 0 -1
2185 31 11 1 0
2186 20 2 1 0
2187 25 2 -1 0
2188 45 33 1 0
2189 59 38 0 1
2190 61 4 1 0
2191 82 14 0 1
2192 19 6 0 1
2193 39 6 -1 0
2194 57 10 0 1
2195 37 8 -1 0
2196 25 16 0 1
2197 16 0 1 0
2198 18 21 1 0
2199 51 12 -1 0
2200 6 28 1 0
2201 14 16 0 -1
2202 81 9 0 1
2203 35 0 0 1
2204 99 5 -1 0
2205 54 36 -1 0
2206 38 2 -1 0
2207 50 37 1 0
2208 24 7 1 0
2209 5 33 0 1
2210 26 33 0 1
2211 42 25 -1 0
2212 22 27 -1 0
2213 80 39 0 1
2214 44 5 -1 0
2215 40 22 0 -1
2216 99 5 0 1
2217 78 35 -1 0
2218 95 5 1 0
2219 48 2 -1 0
2220 15 28 0 1
2221 45 12 0 -1
2222 19 31 1 0
2223 32 0 0 1
2224 40 20 1 0
2225 24 26 0 -1
2226 74 39 0 -1
2227 3 30 -1 0
2228 47 20 -1 0
2229 23 37 1 0
2230 23 22 0 1
2231 42 2 -1 0
2232 38 23 1 0
2233 91 19 -1 0
2234 14 31 0 -1
2235 15 10 0 -1
2236 61 0 1 0
2237 46 39 0 -1
2238 40 37 1 0
2239 94 24 0 1
2240 3 13 1 0
2241 24 5 0 1
2242 59 16 0 1
2243 24 28 -1 0
2244 16 26 1 0
2245 97 12 1 0
2246 47 28 -1 0
2247 80 32 -1 0
2248 17 9 1 0
2249 95 39 0 -1
2250 28 32 1 0
2251 68 6 1 0
2252 86 39 1 0
2253 16 15 -1 0
2254 30 30 -1 0
2255 66 8 -1 0
2256 7 13 1 0
2257 55 1 0 -1
2258 39 38 0 -1
2259 77 14 1 0
2260 43 9 1 0
2261 88 8 0 -1
2262 66 39 0 1
2263 57 5 -1 0
2264 87 30 -1 0
2265 82 31 0 1
2266 76 0 0 1
2267 35 17 0 1
2268 38 1 0 -1
2269 63 22 0 -1
2270 75 1 0 -1
2271 97 23 0 -1
2272 32 22 0 -1
2273 25 38 0 -1
2274 23 6 0 1
2275 18 25 1 0
2276 39 20 0 1
2277 10 16 1 0
2278 31 29 1 0
2279 3 4 1 0
2280 36 7 0 -1
2281 39 35 0 -1
2282 39 6 0 -1
2283 42 14 0 1
2284 59 8 0 1
2285 40 26 0 -1
2286 46 16 -1 0
2287 12 26 1 0
2288 73 33 -1 0
2289 42 34 1 0
2290 21 1 0 -1
2291 77 39 1 0
2292 44 0 0 1
2293 42 29 -1 0
2294 84 21 0 1
2295 44 20 -1 0
2296 38 30 -1 0
2297 58 3 1 0
2298 71 15 0 1
2299 20 13 0 -1
2300 23 14 0 -1
2301 55 16 1 0
2302 60 24 1 0
2303 91 39 0 -1
2304 45 18 -1 0
2305 38 13 1 0
2306 1 22 0 1
2307 14 29 -1 0
2308 24 27 -1 0
2309 27 18 0 -1
2310 19 9 1 0
2311 24 4 0 -1
2312 66 15 0 1
2313 29 12 -1 0
2314 82 3 1 0
2315 50 9 0 -1
2316 94 24 0 -1
2317 8 7 1 0
2318 67 5 -1 0
2319 5 28 1 0
2320 65 39 0 1
2321 41 17 -1 0
2322 40 7 1 0
2323 3 31 1 0
2324 50 28 0 1
2325 97 7 -1 0
2326 11 25 1 0
2327 45 21 1 0
2328 9 8 0 1
2329 23 17 0 -1
2330 36 28 0 -1
2331 80 37 0 1
2332 90 5 1 0
2333 36 32 0 1
2334 53 37 1 0
2335 38 25 0 -1
2336 49 16 0 1
2337 39 38 -1 0
2338 28 22 0 -1
2339 75 22 1 0
2340 13 17 0 1
2341 16 13 -1 0
2342 38 39 0 1
2343 78 10 0 1
2344 27 30 -1 0
2345 40 17 0 1
2346 10 5 1 0
2347 21 23 0 -1
2348 43 25 1 0
2349 23 14 1 0
2350 59 6 0 -1
2351 40 17 -1 0
2352 27 30 -1 0
2353 0 32 -1 0
2354 34 6 0 -1
2355 8 7 0 -1
2356 46 17 0 -1
2357 87 17 1 0
2358 90 27 -1 0
2359 3 36 1 0
2360 78 8 0 1
2361 26 26 0 1
2362 23 16 0 -1
2363 82 9 0 -1
2364 2 3 0 -1
2365 48 30 0 -1
2366 51 24 0 1
2367 43 18 0 -1
2368 15 23 0 -1
2369 59 10 0 1
2370 36 5 1 0
2371 17 0 -1 0
2372 86 37 -1 0
2373 41 6 -1 0
2374 20 29 1 0
2375 82 3 0 1
2376 26 35 0 -1
2377 47 1 0 -1
2378 41 10 0 1
2379 39 4 0 1
2380 26 3 -1 0
2381 25 35 1 0
2382 24 6 1 0
2383 19 0 -1 0
2384 83 18 0 1
2385 29 14 -1 0
2386 13 18 0 1
2387 19 23 1 0
2388 88 1 -1 0
2389 64 11 0 -1
2390 27 27 0 1
2391 10 0 1 0
2392 22 8 0 -1
2393 47 29 1 0
2394 1 29 1 0
2395 80 2 0 1
2396 92 29 1 0
2397 13 38 0 1
2398 22 36 1 0
2399 58 22 -1 0
2400 73 5 1 0
2401 76 5 1 0
2402 50 28 1 0
2403 3 30 1 0
2404 17 12 0 1
2405 12 24 1 0
2406 4 22 0 -1
2407 29 10 0 -1
2408 13 23 -1 0
2409 87 34 1 0
2410 46 38 1 0
2411 38 33 -1 0
2412 91 32 -1 0
2413 32 27 0 -1
2414 76 22 -1 0
2415 19 33 -1 0
2416 51 3 -1 0
2417 37 36 -1 0
2418 66 24 0 1
2419 37 15 -1 0
2420 24 25 -1 0
2421 93 32 0 -1
2422 56 20 -1 0
2423 63 15 0 -1
2424 38 17 1 0
2425 35 24 -1 0
2426 63 19 1 0
2427 38 23 -1 0
2428 29 11 -1 0
2429 89 9 1 0
2430 22 34 1 0
2431 4 36 0 -1
2432 42 31 0 -1
2433 21 16 0 1
2434 0 4 -1 0
2435 28 10 1 0
2436 5 6 0 1
2437 41 38 -1 0
2438 84 38 0 1
2439 83 24 1 0
2440 26 29 1 0
2441 65 39 1 0
2442 63 28 0 -1
2443 11 31 -1 0
2444 8 20 0 -1
2445 69 28 0 1
2446 65 17 0 1
2447 38 26 -1 0
2448 30 38 0 1
2449 92 23 -1 0
2450 79 21 0 1
2451 40 8 0 -1
2452 31 1 -1 0
2453 17 22 0 -1
2454 23 5 1 0
2455 23 32 1 0
2456 43 31 0 -1
2457 44 8 0 1
2458 81 4 -1 0
2459 30 38 -1 0
2460 28 33 0 -1
2461 14 22 0 1
2462 84 2 1 0
2463 79 24 0 1
2464 83 0 1 0
2465 93 16 1 0
2466 88 16 1 0
2467 56 3 0 -1
2468 61 22 1 0
2469 26 26 0 1
2470 26 16 -1 0
2471 81 21 0 -1
2472 8 11 1 0
2473 24 33 0 -1
2474 72 28 0 -1
2475 48 14 -1 0
2476 49 35 1 0
2477 98 36 0 1
2478 16 3 0 1
2479 28 21 -1 0
2480 23 15 -1 0
2481 5 22 0 1
2482 41 6 -1 0
2483 20 23 0 -1
2484 36 21 -1 0
2485 35 13 0 -1
2486 59 24 0 -1
2487 85 23 0 -1
2488 29 28 1 0
2489 28 36 0 1
2490 36 15 0 -1
2491 29 36 1 0
2492 17 0 0 -1
2493 27 38 1 0
2494 49 31 1 0
2495 23 30 -1 0
2496 3 36 1 0
2497 38 3 0 -1
2498 13 34 1 0
2499 75 13 -1 0
2500 39 29 0 -1
2501 29 17 -1 0
2502 27 10 0 -1
2503 25 24 0 1
2504 39 18 -1 0
2505 28 7 0 -1
2506 82 15 0 1
2507 8 13 1 0
2508 46 39 -1 0
2509 49 4 1 0
2510 8 27 0 -1
2511 43 2 0 -1
2512 87 20 -1 0
2513 51 15 0 -1
2514 77 22 0 1
2515 43 39 0 -1
2516 57 29 0 -1
2517 14 37 1 0
2518 27 4 0 -1
2519 24 20 -1 0
2520 81 29 -1 0
2521 11 23 -1 0
2522 88 23 1 0
2523 1 15 0 1
2524 13 16 0 1
2525 17 32 1 0
2526 45 12 1 0
2527 93 36 -1 0
2528 47 13 1 0
2529 16 2 0 1
2530 22 6 1 0
2531 23 7 -1 0
2532 0 12 0 1
2533 28 36 0 1
2534 15 39 -1 0
2535 44 12 -1 0
2536 16 36 0 1
2537 3 1 -1 0
2538 15 13 -1 0
2539 96 0 0 1
2540 89 26 0 1
2541 98 10 1 0
2542 36 25 0 1
2543 21 26 -1 0
2544 25 3 0 1
2545 41 2 0 -1
2546 29 15 0 1
2547 24 30 0 1
2548 30 20 1 0
2549 43 37 0 -1
2550 84 25 0 -1
2551 68 27 0 -1
2552 37 16 0 -1
2553 46 23 0 -1
2554 31 24 1 0
2555 92 5 0 1
2556 43 1 1 0
2557 44 16 0 1
2558 87 20 0 1
2559 23 34 -1 0
2560 20 14 1 0
2561 14 34 0 -1
2562 26 4 1 0
2563 15 19 0 -1
2564 37 34 0 -1
2565 98 34 0 1
2566 19 14 1 0
2567 47 29 0 1
2568 25 35 1 0
2569 24 34 0 1
2570 98 24 -1 0
2571 29 24 0 1
2572 0 32 0 -1
2573 27 28 -1 0
2574 2 26 0 -1
2575 52 21 0 1
2576 18 5 0 1
2577 41 16 -1 0
2578 96 16 1 0
2579 29 30 1 0
2580 25 12 1 0
2581 85 38 0 -1
2582 23 7 0 -1
2583 27 18 0 1
2584 90 26 0 1
2585 21 35 1 0
2586 37 36 -1 0
2587 35 3 0 1
2588 94 12 -1 0
2589 50 36 0 -1
2590 45 11 0 1
2591 48 16 1 0
2592 36 33 -1 0
2593 37 13 0 -1
2594 88 5 -1 0
2595 71 19 -1 0
2596 55 12 0 -1
2597 79 1 -1 0
2598 8 27 0 -1
2599 8 35 -1 0
2600 21 15 -1 0
2601 92 35 0 1
2602 5 14 0 1
2603 84 18 -1 0
2604 23 19 1 0
2605 60 10 0 -1
2606 42 38 -1 0
2607 40 23 1 0
2608 21 29 1 0
2609 32 33 1 0
2610 38 34 0 -1
2611 16 7 1 0
2612 41 27 -1 0
2613 73 4 0 -1
2614 22 26 0 -1
2615 20 1 1 0
2616 36 18 0 1
2617 30 24 0 -1
2618 23 39 1 0
2619 93 4 0 1
2620 63 3 0 1
2621 84 22 0 1
2622 99 29 1 0
2623 35 5 0 -1
2624 28 5 0 1
2625 6 13 -1 0
2626 59 28 0 1
2627 44 1 -1 0
2628 26 22 1 0
2629 17 34 1 0
2630 54 13 0 -1
2631 18 32 0 -1
2632 98 18 0 -1
2633 9 36 -1 0
2634 39 31 0 -1
2635 76 14 0 1
2636 43 0 -1 0
2637 26 23 1 0
2638 66 33 0 1
2639 61 30 0 -1
2640 36 10 0 1
2641 38 30 0 -1
2642 2 18 -1 0
2643 47 5 1 0
2644 27 32 0 -1
2645 41 26 1 0
2646 35 4 1 0
2647 60 20 0 1
2648 18 15 0 1
2649 36 7 0 1
2650 29 21 0 1
2651 11 35 0 1
2652 48 14 1 0
2653 45 8 0 -1
2654 42 16 0 1
2655 95 6 0 1
2656 89 1 1 0
2657 40 5 0 -1
2658 52 16 0 1
2659 14 25 0 -1
2660 78 36 1 0
2661 43 21 0 1
2662 64 38 1 0
2663 31 37 1 0
2664 35 15 1 0
2665 27 23 0 -1
2666 23 26 1 0
2667 60 0 0 1
2668 91 34 -1 0
2669 28 2 -1 0
2670 43 17 -1 0
2671 43 0 0 1
2672 45 35 -1 0
2673 27 34 -1 0
2674 75 25 1 0
2675 26 31 -1 0
2676 24 32 0 1
2677 36 6 0 1
2678 23 36 1 0
2679 44 18 0 1
2680 43 37 0 -1
2681 47 39 -1 0
2682 65 23 0 -1
2683 48 3 0 1
2684 29 4 -1 0
2685 24 10 -1 0
2686 40 37 0 -1
2687 13 36 -1 0
2688 52 27 -1 0
2689 44 35 1 0
2690 97 21 -1 0
2691 42 32 0 -1
2692 57 21 1 0
2693 41 34 0 1
2694 36 19 0 -1
2695 98 18 -1 0
2696 24 22 0 -1
2697 46 12 -1 0
2698 30 36 1 0
2699 22 4 0 1
2700 26 15 1 0
2701 41 3 0 -1
2702 0 11 0 -1
2703 18 6 1 0
2704 30 24 -1 0
2705 30 25 0 1
2706 86 37 1 0
2707 3 12 1 0
2708 76 32 0 -1
2709 72 31 1 0
2710 24 0 0 -1
2711 81 15 0 1
2712 43 1 0 -1
2713 17 4 1 0
2714 50 15 0 -1
2715 5 29 -1 0
2716 3 18 1 0
2717 38 27 0 1
2718 43 30 0 1
2719 20 29 1 0
2720 29 27 -1 0
2721 39 5 0 1
2722 28 28 1 0
2723 27 21 0 1
2724 16 33 0 -1
2725 2 20 -1 0
2726 12 5 0 1
2727 70 32 1 0
2728 5 5 1 0
2729 57 17 0 1
2730 39 32 1 0
2731 25 3 -1 0
2732 61 5 -1 0
2733 46 26 0 1
2734 40 13 1 0
2735 31 30 1 0
2736 3 11 0 1
2737 31 4 -1 0
2738 78 3 1 0
2739 62 26 1 0
2740 31 30 0 1
2741 40 16 0 1
2742 1 21 -1 0
2743 98 21 0 1
2744 36 15 -1 0
2745 8 20 0 1
2746 88 19 1 0
2747 60 17 -1 0
2748 72 31 0 1
2749 24 31 0 1
2750 45 15 1 0
2751 42 32 0 -1
2752 39 32 0 1
2753 80 17 0 -1
2754 98 26 0 1
2755 32 17 0 -1
2756 25 8 0 -1
2757 84 15 0 -1
2758 45 0 0 -1
2759 20 27 0 -1
2760 93 10 -1 0
2761 86 16 -1 0
2762 30 32 1 0
2763 20 34 0 -1
2764 64 26 0 1
2765 39 6 0 -1
2766 19 29 1 0
2767 64 21 0 -1
2768 54 37 0 1
2769 25 34 0 -1
2770 10 34 -1 0
2771 31 38 0 1
2772 98 24 1 0
2773 57 15 1 0
2774 4 21 1 0
2775 97 29 -1 0
2776 7 18 0 1
2777 45 4 0 -1
2778 5 10 0 1
2779 4 34 1 0
2780 10 5 1 0
2781 44 30 -1 0
2782 74 15 1 0
2783 57 31 1 0
2784 68 12 0 -1
2785 86 24 -1 0
2786 65 17 -1 0
2787 51 34 -1 0
2788 25 9 0 1
2789 44 10 0 -1
2790 25 27 0 1
2791 48 28 0 -1
2792 10 13 -1 0
2793 27 7 0 1
2794 25 32 0 1
2795 87 2 -1 0
2796 99 29 -1 0
2797 86 27 -1 0
2798 11 10 1 0
2799 17 13 0 1
2800 21 30 1 0
2801 86 0 0 -1
2802 61 26 0 1
2803 2 20 0 1
2804 28 7 0 -1
2805 47 4 -1 0
2806 23 5 0 -1
2807 37 8 -1 0
2808 34 12 0 1
2809 94 35 -1 0
2810 70 6 1 0
2811 52 5 1 0
2812 46 27 0 1
2813 22 24 0 -1
2814 1 4 1 0
2815 57 13 0 -1
2816 28 12 0 -1
2817 47 34 -1 0
2818 38 8 0 -1
2819 41 39 0 1
2820 44 10 0 1
2821 1 23 0 -1
2822 81 3 -1 0
2823 67 17 1 0
2824 45 1 1 0
2825 18 24 0 1
2826 39 16 1 0
2827 3 3 -1 0
2828 61 23 0 -1
2829 26 38 -1 0
2830 18 23 -1 0
2831 42 17 0 -1
2832 93 33 0 -1
2833 27 3 0 -1
2834 56 27 0 -1
2835 73 36 1 0
2836 27 8 1 0
2837 40 30 1 0
2838 51 32 0 -1
2839 15 38 0 -1
2840 90 3 1 0
2841 40 2 0 -1
2842 35 12 0 1
2843 64 3 -1 0
2844 38 34 1 0
2845 16 7 0 1
2846 80 24 1 0
2847 93 26 1 0
2848 72 1 1 0
2849 20 17 1 0
2850 99 1 1 0
2851 24 36 0 1
2852 62 16 0 -1
2853 75 0 1 0
2854 31 31 1 0
2855 38 33 0 -1
2856 37 15 1 0
2857 67 3 0 1
2858 38 32 -1 0
2859 62 2 0 -1
2860 59 3 0 -1
2861 51 26 0 -1
2862 29 23 1 0
2863 16 14 0 1
2864 40 16 0 1
2865 89 7 1 0
2866 24 30 1 0
2867 13 1 0 -1
2868 45 22 1 0
2869 6 11 -1 0
2870 36 33 1 0
2871 39 33 0 -1
2872 39 13 1 0
2873 49 33 1 0
2874 74 25 -1 0
2875 39 39 0 -1
2876 38 29 0 1
2877 14 24 0 -1
2878 9 17 1 0
2879 78 20 1 0
2880 40 36 -1 0
2881 0 23 1 0
2882 6 30 0 -1
2883 78 24 -1 0
2884 99 22 0 -1
2885 17 4 1 0
2886 65 13 -1 0
2887 91 8 1 0
2888 76 36 0 1
2889 54 39 0 -1
2890 19 30 1 0
2891 16 39 0 1
2892 45 39 0 -1
2893 41 29 -1 0
2894 97 27 0 1
2895 74 25 0 -1
2896 39 2 0 1
2897 66 3 -1 0
2898 38 34 1 0
2899 40 35 0 1
2900 25 30 1 0
2901 26 29 1 0
2902 39 22 1 0
2903 34 11 0 1
2904 31 34 0 1
2905 69 6 0 1
2906 13 5 0 1
2907 43 16 0 1
2908 15 18 0 -1
2909 60 20 -1 0
2910 88 38 -1 0
2911 53 17 -1 0
2912 42 8 0 -1
2913 41 8 1 0
2914 43 36 0 1
2915 12 9 -1 0
2916 26 2 1 0
2917 23 28 0 1
2918 94 2 0 -1
2919 97 36 0 1
2920 45 10 -1 0
2921 37 17 -1 0
2922 23 33 1 0
2923 77 7 0 1
2924 25 38 0 1
2925 63 1 1 0
2926 44 38 1 0
2927 27 26 0 1
2928 1 19 0 -1
2929 85 4 0 1
2930 89 26 -1 0
2931 91 15 0 1
2932 10 21 0 1
2933 36 26 -1 0
2934 45 34 -1 0
2935 26 39 -1 0
2936 18 2 -1 0
2937 25 28 1 0
2938 44 27 0 -1
2939 41 39 1 0
2940 49 33 1 0
2941 80 31 -1 0
2942 41 13 1 0
2943 63 25 0 -1
2944 74 33 0 -1
2945 20 14 1 0
2946 26 10 0 -1
2947 8 37 1 0
2948 59 0 0 -1
2949 57 28 -1 0
2950 36 27 -1 0
2951 19 17 1 0
2952 85 18 -1 0
2953 19 21 1 0
2954 81 37 0 -1
2955 26 10 1 0
2956 44 11 0 -1
2957 15 38 0 1
2958 88 36 0 -1
2959 23 38 0 -1
2960 60 0 1 0
2961 48 29 0 -1
2962 49 28 1 0
2963 42 33 0 -1
2964 90 1 0 1
2965 6 10 0 1
2966 14 26 1 0
2967 29 23 0 1
2968 24 11 -1 0
2969 43 38 0 1
2970 24 8 0 1
2971 29 7 -1 0
2972 72 37 0 -1
2973 39 25 -1 0
2974 39 17 0 -1
2975 38 11 0 1
2976 21 36 1 0
2977 37 23 0 1
2978 19 3 0 1
2979 58 34 1 0
2980 77 13 0 -1
2981 28 34 0 1
2982 51 25 1 0
2983 24 39 -1 0
2984 23 34 0 -1
2985 8 12 -1 0
2986 21 31 0 -1
2987 29 11 1 0
2988 71 28 1 0
2989 65 39 0 -1
2990 86 39 1 0
2991 44 31 -1 0
2992 95 6 1 0
2993 41 3 1 0
2994 7 32 0 -1
2995 23 6 0 -1
2996 21 39 -1 0
2997 83 14 1 0
2998 27 27 1 0
2999 4 29 1 0
3000 11 25 1 0
3001 48 30 0 1
3002 23 22 1 0
3003 31 32 1 0
3004 25 4 1 0
3005 93 18 0 1
3006 4 17 1 0
3007 46 0 0 -1
3008 70 5 -1 0
3009 17 22 1 0
3010 29 34 0 -1
3011 23 24 0 -1
3012 26 14 -1 0
3013 99 11 0 -1
3014 41 10 0 1
3015 6 28 0 -1
3016 92 0 0 1
3017 14 9 0 1
3018 99 2 0 1
3019 8 5 1 0
3020 53 39 -1 0
3021 26 28 -1 0
3022 38 20 1 0
3023 87 36 0 -1
3024 24 21 1 0
3025 63 4 0 1
3026 60 12 0 1
3027 28 23 0 -1
3028 31 35 -1 0
3029 8 11 0 1
3030 13 32 0 -1
3031 35 2 1 0
3032 68 15 0 -1
3033 10 32 0 -1
3034 40 3 0 -1
3035 52 33 1 0
3036 45 26 1 0
3037 40 27 1 0
3038 14 36 1 0
3039 30 4 0 -1
3040 29 10 0 1
3041 20 32 -1 0
3042 12 32 0 -1
3043 23 32 0 -1
3044 40 22 0 -1
3045 90 25 -1 0
3046 43 17 -1 0
3047 18 7 1 0
3048 64 3 1 0
3049 22 15 0 -1
3050 93 26 1 0
3051 7 22 -1 0
3052 46 4 1 0
3053 24 3 0 1
3054 14 12 -1 0
3055 28 36 0 -1
3056 25 39 0 -1
3057 10 32 1 0
3058 49 29 -1 0
3059 40 23 0 1
3060 73 9 -1 0
3061 82 18 1 0
3062 49 37 -1 0
3063 93 16 0 1
3064 88 26 1 0
3065 2 10 0 -1
3066 15 20 1 0
3067 47 35 -1 0
3068 25 36 -1 0
3069 39 3 0 1
3070 8 0 0 -1
3071 38 7 1 0
3072 91 14 1 0
3073 37 24 0 -1
3074 28 18 0 -1
3075 91 1 0 1
3076 99 32 0 -1
3077 44 12 1 0
3078 3 8 -1 0
3079 43 23 1 0
3080 86 2 0 1
3081 49 7 0 1
3082 36 28 0 -1
3083 47 8 1 0
3084 25 25 0 -1
3085 47 5 0 1
3086 2 4 0 -1
3087 27 1 1 0
3088 16 15 -1 0
3089 22 16 0 -1
3090 18 29 1 0
3091 21 39 1 0
3092 77 34 1 0
3093 40 18 0 -1
3094 40 34 1 0
3095 95 33 0 -1
3096 9 39 -1 0
3097 47 13 -1 0
3098 73 24 0 -1
3099 12 23 0 -1
3100 20 9 0 -1
3101 42 0 0 1
3102 21 33 0 -1
3103 41 7 -1 0
3104 49 19 0 -1
3105 18 1 -1 0
3106 24 32 -1 0
3107 20 10 0 -1
3108 42 19 0 1
3109 16 10 -1 0
3110 22 10 0 -1
3111 18 22 0 1
3112 86 11 -1 0
3113 36 20 0 1
3114 40 32 -1 0
3115 25 33 1 0
3116 36 32 -1 0
3117 47 1 0 1
3118 38 18 0 -1
3119 5 16 0 -1
3120 37 14 0 1
3121 5 12 0 -1
3122 72 6 1 0
3123 41 20 1 0
3124 20 26 -1 0
3125 24 20 1 0
3126 10 17 0 -1
3127 52 37 -1 0
3128 13 29 0 1
3129 47 30 0 -1
3130 36 6 0 1
3131 31 24 -1 0
3132 41 20 0 -1
3133 96 12 1 0
3134 14 27 0 1
3135 27 5 0 -1
3136 72 28 0 1
3137 25 7 0 -1
3138 48 29 0 -1
3139 48 36 0 -1
3140 36 33 -1 0
3141 38 0 0 -1
3142 27 21 0 1
3143 67 15 0 1
3144 23 5 0 1
3145 77 8 -1 0
3146 97 39 0 1
3147 48 1 0 1
3148 48 12 -1 0
3149 21 11 0 -1
3150 48 27 0 1
3151 26 34 1 0
3152 23 4 0 1
3153 21 24 0 1
3154 20 33 1 0
3155 25 4 -1 0
3156 95 26 1 0
3157 12 15 1 0
3158 42 30 -1 0
3159 10 22 1 0
3160 77 32 0 1
3161 1 32 -1 0
3162 60 6 1 0
3163 40 34 1 0
3164 26 7 -1 0
3165 99 4 0 1
3166 55 36 -1 0
3167 29 9 -1 0
3168 6 33 -1 0
3169 76 17 1 0
3170 83 5 0 1
3171 71 14 1 0
3172 37 14 0 1
3173 49 21 -1 0
3174 14 24 -1 0
3175 72 17 0 1
3176 31 11 1 0
3177 42 10 0 1
3178 28 3 0 1
3179 27 12 0 1
3180 12 10 1 0
3181 87 8 -1 0
3182 24 24 -1 0
3183 20 3 0 -1
3184 94 16 -1 0
3185 26 24 0 -1
3186 10 28 1 0
3187 94 27 0 -1
3188 7 23 -1 0
3189 51 22 -1 0
3190 22 11 1 0
3191 24 28 -1 0
3192 45 38 0 1
3193 98 38 -1 0
3194 0 30 0 -1
3195 24 27 1 0
3196 99 35 -1 0
3197 30 0 0 1
3198 79 35 -1 0
3199 83 33 -1 0
3200 95 39 1 0
3201 22 29 0 1
3202 41 38 0 -1
3203 24 19 1 0
3204 92 13 0 -1
3205 36 22 0 -1
3206 1 3 0 -1
3207 2 11 1 0
3208 38 25 -1 0
3209 18 1 0 1
3210 39 17 -1 0
3211 44 22 0 -1
3212 21 26 0 1
3213 40 14 0 -1
3214 85 27 -1 0
3215 26 23 1 0
3216 1 8 -1 0
3217 25 33 1 0
3218 75 15 -1 0
3219 26 28 1 0
3220 31 32 0 1
3221 58 13 1 0
3222 23 15 0 -1
3223 66 5 0 -1
3224 77 14 0 1
3225 66 2 1 0
3226 18 28 -1 0
3227 21 20 0 1
3228 28 29 1 0
3229 62 33 0 1
3230 63 29 0 -1
3231 22 8 1 0
3232 92 35 1 0
3233 28 17 0 1
3234 27 23 1 0
3235 11 23 -1 0
3236 94 27 1 0
3237 79 1 1 0
3238 26 38 -1 0
3239 3 32 -1 0
3240 60 7 0 1
3241 38 1 0 1
3242 27 22 0 -1
3243 63 13 -1 0
3244 44 29 0 1
3245 21 37 0 -1
3246 74 32 1 0
3247 22 22 -1 0
3248 42 2 1 0
3249 18 31 -1 0
3250 44 2 1 0
3251 70 11 0 -1
3252 7 0 1 0
3253 98 12 -1 0
3254 18 38 1 0
3255 60 31 0 1
3256 23 13 0 1
3257 17 33 0 1
3258 85 5 1 0
3259 41 26 0 1
3260 87 36 -1 0
3261 91 10 0 -1
3262 45 34 -1 0
3263 2 23 1 0
3264 14 20 1 0
3265 28 7 -1 0
3266 29 10 0 -1
3267 88 39 0 1
3268 83 20 0 -1
3269 82 27 1 0
3270 89 34 1 0
3271 55 37 0 -1
3272 43 11 1 0
3273 76 16 -1 0
3274 21 6 0 -1
3275 20 27 1 0
3276 98 12 -1 0
3277 21 21 1 0
3278 99 39 0 1
3279 75 25 1 0
3280 11 28 1 0
3281 43 35 1 0
3282 74 31 0 -1
3283 46 25 1 0
3284 99 37 1 0
3285 28 16 0 1
3286 53 6 0 1
3287 57 22 0 -1
3288 12 7 0 1
3289 1 11 -1 0
3290 84 10 1 0
3291 27 26 0 1
3292 17 26 1 0
3293 26 36 -1 0
3294 54 19 -1 0
3295 76 20 0 -1
3296 46 7 -1 0
3297 38 0 0 -1
3298 84 34 0 -1
3299 14 24 1 0
3300 24 3 0 -1
3301 47 23 0 1
3302 84 38 0 1
3303 15 24 0 1
3304 71 20 0 1
3305 18 21 0 -1
3306 6 7 0 1
3307 13 7 1 0
3308 38 4 1 0
3309 39 16 1 0
3310 14 14 0 1
3311 27 7 -1 0
3312 38 38 0 1
3313 39 13 -1 0
3314 46 14 -1 0
3315 78 38 0 -1
3316 24 7 1 0
3317 37 16 -1 0
3318 45 27 1 0
3319 19 29 0 -1
3320 39 14 1 0
3321 99 0 0 -1
3322 29 19 0 1
3323 15 23 0 -1
3324 67 1 1 0
3325 72 27 0 1
3326 40 19 0 -1
3327 30 24 -1 0
3328 40 13 1 0
3329 43 8 0 -1
3330 9 21 1 0
3331 91 0 0 -1
3332 6 23 0 -1
3333 49 35 -1 0
3334 24 34 0 1
3335 25 4 1 0
3336 30 36 1 0
3337 56 6 1 0
3338 27 17 0 1
3339 70 11 0 1
3340 89 12 0 -1
3341 32 14 -1 0
3342 47 21 -1 0
3343 23 29 1 0
3344 38 39 0 1
3345 41 1 -1 0
3346 37 19 0 -1
3347 97 23 1 0
3348 99 24 -1 0
3349 24 37 1 0
3350 41 24 -1 0
3351 29 9 0 1
3352 26 26 -1 0
3353 21 18 -1 0
3354 29 8 0 1
3355 39 22 0 1
3356 88 15 1 0
3357 99 2 0 1
3358 21 32 1 0
3359 23 35 0 -1
3360 38 17 1 0
3361 14 3 0 -1
3362 9 27 0 -1
3363 89 33 -1 0
3364 39 21 0 1
3365 64 32 0 1
3366 85 37 -1 0
3367 17 19 0 1
3368 6 33 0 -1
3369 41 17 0 1
3370 89 22 0 -1
3371 43 23 1 0
3372 40 8 -1 0
3373 18 24 1 0
3374 47 6 -1 0
3375 87 28 -1 0
3376 63 37 -1 0
3377 73 31 0 -1
3378 68 37 1 0
3379 83 39 0 1
3380 31 4 1 0
3381 90 10 0 1
3382 42 12 0 1
3383 85 19 -1 0
3384 29 29 1 0
3385 86 7 0 1
3386 39 36 1 0
3387 26 0 -1 0
3388 37 21 0 1
3389 90 21 -1 0
3390 48 0 0 -1
3391 28 31 1 0
3392 20 26 0 1
3393 47 6 0 1
3394 39 4 0 1
3395 91 36 1 0
3396 22 24 -1 0
3397 46 37 0 1
3398 93 23 -1 0
3399 44 17 0 1
3400 43 15 0 1
3401 26 16 0 -1
3402 55 4 0 1
3403 95 16 0 -1
3404 93 7 0 1
3405 92 17 1 0
3406 71 21 0 1
3407 92 22 0 -1
3408 24 16 1 0
3409 29 3 1 0
3410 55 13 0 1
3411 55 7 -1 0
3412 45 33 -1 0
3413 75 36 1 0
3414 24 22 -1 0
3415 38 3 0 1
3416 93 18 1 0
3417 56 35 -1 0
3418 63 32 0 1
3419 62 20 -1 0
3420 37 22 1 0
3421 41 37 -1 0
3422 41 18 0 -1
3423 44 29 1 0
3424 31 14 -1 0
3425 80 39 1 0
3426 88 2 1 0
3427 97 22 0 1
3428 37 15 -1 0
3429 39 21 -1 0
3430 50 9 -1 0
3431 45 28 0 -1
3432 23 18 0 -1
3433 38 20 -1 0
3434 81 30 -1 0
3435 86 16 1 0
3436 13 20 0 -1
3437 34 31 -1 0
3438 66 16 -1 0
3439 30 7 1 0
3440 44 28 0 1
3441 16 32 0 -1
3442 25 17 0 1
3443 40 25 1 0
3444 91 2 0 1
3445 41 2 0 1
3446 7 2 1 0
3447 28 18 0 -1
3448 40 7 1 0
3449 37 32 1 0
3450 21 7 0 1
3451 94 39 1 0
3452 22 21 1 0
3453 97 29 1 0
3454 80 1 -1 0
3455 24 4 0 1
3456 6 4 -1 0
3457 38 29 0 1
3458 78 39 -1 0
3459 41 19 0 -1
3460 30 28 0 -1
3461 0 23 -1 0
3462 45 31 -1 0
3463 26 15 0 -1
3464 15 14 0 -1
3465 29 2 1 0
3466 46 38 0 -1
3467 73 1 -1 0
3468 39 39 0 1
3469 47 38 0 -1
3470 48 11 0 1
3471 20 16 1 0
3472 29 17 1 0
3473 27 3 0 -1
3474 56 38 0 -1
3475 0 9 0 1
3476 43 3 -1 0
3477 57 13 -1 0
3478 22 8 -1 0
3479 50 6 0 1
3480 95 5 1 0
3481 45 38 0 -1
3482 23 15 1 0
3483 29 14 0 -1
3484 70 7 1 0
3485 23 33 0 1
3486 78 30 0 1
3487 81 4 1 0
3488 26 38 -1 0
3489 24 13 1 0
3490 25 23 0 1
3491 4 18 -1 0
3492 5 10 0 1
3493 20 11 0 1
3494 41 8 -1 0
3495 86 6 -1 0
3496 80 36 0 -1
3497 94 14 1 0
3498 48 18 0 1
3499 37 4 0 1
3500 7 32 0 -1
3501 28 39 0 1
3502 19 33 0 -1
3503 99 23 0 1
3504 12 1 -1 0
3505 43 14 0 -1
3506 47 2 0 1
3507 87 12 1 0
3508 39 9 0 1
3509 9 12 0 -1
3510 41 4 0 -1
3511 38 13 0 1
3512 51 17 0 1
3513 99 12 0 1
3514 87 35 0 -1
3515 96 38 -1 0
3516 72 21 -1 0
3517 29 8 0 1
3518 40 0 0 -1
3519 67 15 0 -1
3520 45 37 0 1
3521 85 36 0 1
3522 44 35 1 0
3523 27 39 1 0
3524 20 30 1 0
3525 19 2 0 -1
3526 49 26 -1 0
3527 38 32 -1 0
3528 29 29 0 -1
3529 0 22 0 -1
3530 80 9 -1 0
3531 39 22 0 -1
3532 39 30 0 -1
3533 42 16 0 1
3534 28 9 0 -1
3535 35 28 0 -1
3536 45 37 0 1
3537 2 34 1 0
3538 11 32 0 1
3539 66 26 1 0
3540 36 14 0 1
3541 64 35 0 1
3542 0 37 1 0
3543 65 4 0 1
3544 7 3 0 -1
3545 25 28 1 0
3546 28 26 1 0
3547 45 5 1 0
3548 72 7 0 -1
3549 4 21 -1 0
3550 41 12 -1 0
3551 85 30 1 0
3552 25 18 0 1
3553 29 17 0 -1
3554 50 32 1 0
3555 44 25 1 0
3556 40 37 1 0
3557 23 10 0 -1
3558 22 31 1 0
3559 83 35 0 1
3560 39 14 1 0
3561 38 27 -1 0
3562 21 29 1 0
3563 23 38 1 0
3564 92 35 0 1
3565 45 15 -1 0
3566 81 8 0 1
3567 82 26 1 0
3568 98 0 -1 0
3569 29 36 0 -1
3570 48 37 1 0
3571 25 19 0 -1
3572 87 18 0 -1
3573 37 25 1 0
3574 15 27 -1 0
3575 53 25 0 -1
3576 38 20 -1 0
3577 30 2 1 0
3578 30 33 1 0
3579 58 30 0 -1
3580 49 23 0 -1
3581 25 21 0 1
3582 45 8 -1 0
3583 20 28 -1 0
3584 21 34 0 1
3585 96 10 0 1
3586 37 12 -1 0
3587 37 36 -1 0
3588 42 30 0 1
3589 24 9 1 0
3590 53 31 0 1
3591 36 9 0 1
3592 30 21 0 -1
3593 22 24 1 0
3594 14 21 1 0
3595 3 21 0 -1
3596 30 9 1 0
3597 49 15 0 1
3598 31 24 0 -1
3599 45 10 -1 0
