0 27 5 0 1
1 12 34 0 1
2 97 18 -1 0
3 49 36 0 1
4 41 23 1 0
5 86 5 1 0
6 69 21 1 0
7 48 33 0 1
8 48 8 0 1
9 4 23 1 0
10 42 13 1 0
11 86 30 1 0
12 32 21 0 -1
13 85 35 0 -1
14 27 37 0 1
15 19 12 0 1
16 20 20 0 1
17 59 34 0 1
18 51 26 0 1
19 96 33 0 -1
20 9 6 0 1
21 67 19 0 1
22 48 35 0 1
23 0 0 -1 0
24 40 2 0 1
25 39 5 0 -1
26 5 12 0 1
27 29 39 0 -1
28 25 14 1 0
29 13 19 -1 0
30 20 31 0 -1
31 57 33 0 1
32 87 38 1 0
33 54 18 1 0
34 30 30 0 -1
35 46 11 1 0
36 84 15 0 1
37 21 39 -1 0
38 75 36 -1 0
39 48 37 0 1
40 44 12 0 1
41 82 38 0 -1
42 38 12 1 0
43 37 33 -1 0
44 16 27 0 -1
45 79 0 1 0
46 56 36 -1 0
47 8 2 1 0
48 1 31 -1 0
49 49 29 0 1
50 41 28 -1 0
51 54 5 1 0
52 16 4 1 0
53 45 0 0 -1
54 38 19 1 0
55 36 6 -1 0
56 95 4 -1 0
57 5 27 0 -1
58 93 4 -1 0
59 80 16 0 -1
60 28 33 1 0
61 25 30 1 0
62 10 18 0 -1
63 31 8 1 0
64 25 9 -1 0
65 31 4 0 1
66 42 28 0 -1
67 41 33 0 1
68 74 17 1 0
69 62 2 -1 0
70 20 9 0 1
71 56 8 0 -1
72 84 32 -1 0
73 42 27 0 -1
74 21 5 1 0
75 49 32 -1 0
76 12 15 -1 0
77 38 18 -1 0
78 16 37 0 -1
79 23 4 -1 0
80 35 13 -1 0
81 73 26 0 1
82 44 21 0 -1
83 83 11 0 -1
84 68 37 0 1
85 24 38 1 0
86 41 5 -1 0
87 37 18 1 0
88 6 25 1 0
89 36 9 0 1
90 45 38 1 0
91 80 37 1 0
92 98 17 0 1
93 18 33 0 1
94 54 2 1 0
95 93 19 1 0
96 75 26 1 0
97 52 26 0 -1
98 38 1 -1 0
99 85 26 1 0
100 7 13 1 0
101 69 9 0 1
102 22 22 -1 0
103 17 16 1 0
104 99 13 1 0
105 14 18 0 1
106 21 7 1 0
107 76 22 -1 0
108 18 24 0 1
109 20 6 0 1
110 67 5 -1 0
111 20 11 1 0
112 1 17 0 -1
113 43 7 -1 0
114 77 2 0 -1
115 63 30 -1 0
116 26 7 0 1
117 40 0 0 -1
118 3 7 1 0
119 93 36 0 -1
120 32 35 0 1
121 52 15 -1 0
122 90 4 -1 0
123 18 15 0 1
124 55 10 0 -1
125 19 21 1 0
126 24 15 1 0
127 96 28 0 1
128 29 4 0 1
129 29 4 0 -1
130 57 34 0 -1
131 44 34 -1 0
132 48 10 1 0
133 95 36 0 -1
134 47 16 0 -1
135 23 23 0 1
136 78 34 0 -1
137 7 25 -1 0
138 92 36 0 1
139 60 15 1 0
140 57 39 1 0
141 26 25 0 1
142 16 27 0 1
143 4 35 0 -1
144 37 4 0 1
145 90 13 -1 0
146 20 19 1 0
147 52 12 -1 0
148 71 35 0 1
149 22 27 1 0
150 75 20 0 -1
151 42 16 0 1
152 16 34 -1 0
153 44 14 0 1
154 96 9 0 1
155 98 6 0 1
156 40 39 0 -1
157 23 7 1 0
158 18 8 -1 0
159 90 2 0 -1
160 44 26 0 1
161 47 3 1 0
162 96 39 1 0
163 94 22 0 -1
164 87 10 -1 0
165 10 33 0 1
166 25 15 0 -1
167 39 20 0 1
168 45 6 0 1
169 92 28 0 -1
170 24 31 0 1
171 15 24 -1 0
172 12 0 0 -1
173 86 23 0 -1
174 91 1 1 0
175 45 23 1 0
176 72 27 -1 0
177 65 31 1 0
178 5 14 0 1
179 23 31 0 1
180 47 17 0 -1
181 83 19 0 1
182 38 10 -1 0
183 33 34 -1 0
184 46 6 -1 0
185 2 4 -1 0
186 5 2 1 0
187 29 15 1 0
188 28 13 1 0
189 15 27 0 1
190 16 31 -1 0
191 60 34 0 -1
192 11 34 -1 0
193 98 5 0 -1
194 45 16 -1 0
195 25 32 1 0
196 49 33 0 1
197 51 12 0 1
198 11 1 0 -1
199 25 8 -1 0
200 97 17 0 -1
201 16 18 0 -1
202 4 10 -1 0
203 45 18 0 1
204 24 19 1 0
205 8 13 -1 0
206 67 6 0 -1
207 64 23 1 0
208 74 35 0 -1
209 15 4 -1 0
210 90 18 1 0
211 42 5 1 0
212 81 19 0 1
213 27 4 0 -1
214 43 39 -1 0
215 90 13 0 -1
216 45 35 -1 0
217 36 29 0 -1
218 79 32 0 -1
219 0 26 1 0
220 40 31 1 0
221 81 19 0 1
222 60 37 0 1
223 21 8 -1 0
224 10 27 0 1
225 44 27 0 1
226 59 0 0 -1
227 46 8 -1 0
228 16 19 0 -1
229 97 16 0 1
230 81 6 0 1
231 10 0 0 1
232 85 24 1 0
233 30 28 1 0
234 12 27 1 0
235 91 38 0 1
236 6 6 0 -1
237 33 13 0 -1
238 36 21 -1 0
239 17 2 0 1
240 14 33 -1 0
241 26 13 0 1
242 30 1 0 1
243 49 30 0 -1
244 39 5 1 0
245 32 25 1 0
246 33 13 1 0
247 39 33 1 0
248 28 32 0 1
249 22 19 -1 0
250 39 33 0 1
251 26 19 1 0
252 56 39 -1 0
253 9 8 0 -1
254 95 2 0 -1
255 41 2 -1 0
256 24 5 1 0
257 81 33 0 1
258 37 21 -1 0
259 97 35 -1 0
260 62 7 0 -1
261 9 9 0 1
262 14 34 0 1
263 40 18 1 0
264 35 25 0 -1
265 73 34 0 1
266 81 2 0 1
267 46 17 1 0
268 94 29 0 1
269 43 26 0 1
270 27 7 0 1
271 51 36 0 -1
272 10 28 0 -1
273 44 2 0 -1
274 92 20 -1 0
275 58 32 0 -1
276 49 35 -1 0
277 82 5 -1 0
278 78 32 1 0
279 51 19 0 1
280 80 15 1 0
281 40 4 0 -1
282 91 25 1 0
283 44 6 0 -1
284 69 38 -1 0
285 72 37 1 0
286 51 36 0 -1
287 26 10 1 0
288 8 22 0 -1
289 82 19 -1 0
290 10 38 1 0
291 23 25 0 1
292 11 35 1 0
293 51 13 0 1
294 29 23 0 -1
295 40 19 0 -1
296 89 8 -1 0
297 49 14 0 -1
298 67 32 -1 0
299 25 30 0 -1
300 9 2 0 -1
301 39 30 0 1
302 41 15 -1 0
303 56 6 -1 0
304 13 38 0 -1
305 87 21 1 0
306 51 34 0 1
307 58 4 1 0
308 45 33 -1 0
309 59 2 0 1
310 17 24 0 1
311 44 32 -1 0
312 15 5 0 -1
313 80 29 0 -1
314 15 36 0 1
315 68 24 0 1
316 37 15 -1 0
317 83 34 -1 0
318 39 15 0 -1
319 44 18 0 -1
320 27 31 0 1
321 95 14 -1 0
322 9 31 1 0
323 45 20 0 -1
324 7 21 0 -1
325 29 32 0 -1
326 48 2 0 -1
327 65 28 0 -1
328 41 28 0 -1
329 79 10 -1 0
330 49 26 -1 0
331 93 20 0 -1
332 66 4 0 -1
333 61 2 1 0
334 57 27 -1 0
335 3 5 -1 0
336 7 35 0 1
337 45 11 1 0
338 26 15 -1 0
339 19 5 0 -1
340 22 22 1 0
341 51 38 0 1
342 74 37 0 1
343 82 20 0 1
344 10 25 1 0
345 23 16 0 1
346 12 4 0 1
347 49 30 0 1
348 41 16 0 1
349 88 3 1 0
350 67 4 1 0
351 72 2 1 0
352 19 31 -1 0
353 50 2 0 1
354 50 6 0 -1
355 15 33 0 -1
356 5 9 1 0
357 32 27 1 0
358 46 6 -1 0
359 19 24 -1 0
360 42 20 0 1
361 8 20 -1 0
362 19 32 0 1
363 71 5 -1 0
364 47 11 -1 0
365 97 15 0 1
366 10 28 0 -1
367 45 31 -1 0
368 26 35 0 1
369 97 27 0 -1
370 27 35 -1 0
371 98 20 -1 0
372 69 0 -1 0
373 45 28 -1 0
374 21 9 -1 0
375 63 19 -1 0
376 77 13 0 -1
377 1 15 1 0
378 78 7 -1 0
379 49 35 -1 0
380 41 5 0 1
381 41 11 1 0
382 53 11 -1 0
383 15 12 0 1
384 40 36 1 0
385 82 39 -1 0
386 38 20 0 1
387 64 5 -1 0
388 11 18 -1 0
389 49 38 1 0
390 45 25 -1 0
391 26 20 0 -1
392 96 4 -1 0
393 46 18 -1 0
394 24 34 0 -1
395 20 38 0 1
396 51 35 -1 0
397 25 36 0 -1
398 75 7 -1 0
399 87 32 -1 0
400 83 22 0 -1
401 95 15 1 0
402 25 32 0 1
403 61 11 -1 0
404 70 38 0 1
405 84 21 0 1
406 98 20 1 0
407 5 23 0 -1
408 46 37 0 1
409 82 21 -1 0
410 80 11 0 -1
411 9 27 0 1
412 26 35 0 -1
413 23 7 0 1
414 83 39 -1 0
415 82 10 0 -1
416 16 7 0 -1
417 35 7 1 0
418 26 12 0 1
419 86 15 0 1
420 38 26 0 -1
421 25 6 0 1
422 38 38 1 0
423 47 28 0 1
424 70 21 0 -1
425 35 5 -1 0
426 22 39 0 -1
427 42 28 0 -1
428 19 20 0 -1
429 40 31 1 0
430 10 38 0 -1
431 42 33 0 -1
432 99 6 0 1
433 45 14 0 1
434 16 11 -1 0
435 99 10 1 0
436 94 36 0 1
437 15 39 -1 0
438 79 32 -1 0
439 88 27 1 0
440 69 9 -1 0
441 35 16 0 -1
442 52 10 -1 0
443 14 7 1 0
444 10 2 1 0
445 68 8 0 1
446 72 11 0 1
447 65 0 1 0
448 72 37 0 1
449 54 19 0 1
450 0 6 -1 0
451 44 1 0 1
452 36 32 0 1
453 42 22 0 -1
454 42 11 -1 0
455 55 22 -1 0
456 60 36 -1 0
457 81 35 1 0
458 64 26 -1 0
459 59 1 0 -1
460 29 38 0 1
461 34 11 1 0
462 90 32 0 1
463 26 29 0 1
464 3 21 0 -1
465 19 10 0 1
466 4 1 -1 0
467 71 35 0 -1
468 37 35 -1 0
469 94 39 -1 0
470 47 18 -1 0
471 91 10 1 0
472 72 21 1 0
473 7 23 0 -1
474 74 35 0 -1
475 27 10 1 0
476 78 36 0 1
477 92 25 0 -1
478 8 25 0 1
479 6 33 0 1
480 91 22 -1 0
481 23 8 1 0
482 13 26 -1 0
483 43 20 -1 0
484 40 15 0 1
485 67 13 1 0
486 40 16 0 1
487 51 19 1 0
488 37 19 0 -1
489 12 18 0 -1
490 37 19 0 -1
491 21 33 -1 0
492 68 5 -1 0
493 51 30 0 1
494 44 4 1 0
495 83 29 0 -1
496 46 14 1 0
497 12 15 0 1
498 23 2 -1 0
499 27 0 0 1
500 15 21 1 0
501 88 23 -1 0
502 43 11 0 1
503 93 27 0 1
504 19 32 0 -1
505 39 32 -1 0
506 98 7 1 0
507 6 12 0 1
508 37 26 1 0
509 2 36 0 -1
510 38 36 0 1
511 68 10 0 -1
512 17 20 1 0
513 2 8 0 -1
514 62 15 1 0
515 74 21 1 0
516 46 5 -1 0
517 38 14 -1 0
518 20 23 1 0
519 90 38 0 -1
520 15 15 1 0
521 47 13 -1 0
522 64 20 0 -1
523 52 29 1 0
524 24 24 0 -1
525 33 29 0 1
526 43 35 1 0
527 1 16 0 1
528 18 30 -1 0
529 36 29 1 0
530 88 37 0 -1
531 46 27 0 -1
532 79 2 1 0
533 46 33 0 1
534 98 25 0 1
535 18 23 0 -1
536 22 11 -1 0
537 75 33 0 -1
538 99 5 -1 0
539 35 27 0 1
540 75 4 0 -1
541 32 23 1 0
542 94 25 0 1
543 95 16 -1 0
544 43 31 1 0
545 41 21 -1 0
546 15 18 0 1
547 27 3 -1 0
548 22 17 0 1
549 24 30 0 -1
550 50 39 -1 0
551 44 10 0 -1
552 49 13 1 0
553 9 9 0 1
554 36 24 0 -1
555 14 3 0 -1
556 5 6 1 0
557 42 29 0 -1
558 56 37 0 -1
559 40 19 1 0
560 6 37 -1 0
561 84 4 0 -1
562 13 28 1 0
563 95 21 -1 0
564 5 25 0 -1
565 43 21 0 -1
566 22 5 0 1
567 13 1 0 1
568 79 33 0 1
569 17 7 -1 0
570 30 29 1 0
571 93 28 0 1
572 21 8 0 1
573 3 35 0 1
574 26 19 1 0
575 6 30 0 1
576 71 5 1 0
577 66 18 0 1
578 22 14 -1 0
579 99 2 -1 0
580 94 4 0 1
581 84 14 -1 0
582 13 0 0 -1
583 8 3 1 0
584 27 31 1 0
585 38 28 -1 0
586 98 12 0 1
587 54 6 1 0
588 5 18 -1 0
589 57 7 1 0
590 64 16 0 1
591 46 16 -1 0
592 93 27 0 -1
593 26 27 0 1
594 28 35 1 0
595 78 13 0 1
596 41 28 1 0
597 36 15 -1 0
598 91 4 1 0
599 69 32 0 -1
600 49 18 0 1
601 89 19 -1 0
602 98 25 -1 0
603 49 5 0 1
604 58 18 1 0
605 29 26 0 1
606 2 35 -1 0
607 46 19 -1 0
608 26 12 -1 0
609 36 30 0 1
610 71 34 -1 0
611 91 6 0 1
612 38 19 1 0
613 25 34 0 1
614 25 28 0 1
615 65 17 -1 0
616 28 1 1 0
617 97 12 0 -1
618 25 39 -1 0
619 93 17 0 1
620 79 2 0 1
621 42 31 1 0
622 41 38 -1 0
623 35 36 -1 0
624 21 22 -1 0
625 17 5 0 1
626 45 4 -1 0
627 40 30 -1 0
628 39 8 -1 0
629 24 5 0 -1
630 0 28 0 1
631 88 6 0 -1
632 81 6 0 1
633 24 39 0 -1
634 50 36 0 -1
635 12 17 0 -1
636 28 2 0 -1
637 12 9 0 1
638 29 16 0 -1
639 22 30 0 -1
640 29 10 1 0
641 20 32 -1 0
642 50 8 0 1
643 17 3 -1 0
644 44 16 1 0
645 38 38 0 -1
646 47 27 -1 0
647 72 17 -1 0
648 92 8 -1 0
649 15 35 0 -1
650 75 13 0 1
651 45 18 0 1
652 88 31 0 -1
653 52 3 0 1
654 3 11 1 0
655 27 32 0 1
656 33 37 1 0
657 41 22 0 -1
658 47 5 0 -1
659 16 16 0 -1
660 47 1 1 0
661 93 1 1 0
662 74 12 -1 0
663 27 31 0 1
664 49 12 0 1
665 67 29 0 1
666 34 30 -1 0
667 45 12 -1 0
668 96 5 -1 0
669 56 29 0 1
670 80 1 1 0
671 49 3 0 -1
672 21 23 0 -1
673 9 5 0 1
674 39 32 0 -1
675 81 29 0 -1
676 19 35 0 1
677 84 1 0 1
678 33 15 1 0
679 20 32 0 -1
680 58 2 0 1
681 25 29 -1 0
682 43 24 1 0
683 17 36 0 1
684 90 27 1 0
685 26 20 0 -1
686 36 4 -1 0
687 34 32 0 1
688 63 39 1 0
689 30 3 1 0
690 24 32 1 0
691 44 0 0 1
692 43 10 0 1
693 32 39 0 1
694 31 5 1 0
695 21 21 0 1
696 87 20 0 -1
697 59 25 -1 0
698 84 35 -1 0
699 21 17 0 1
700 94 37 1 0
701 31 2 1 0
702 62 1 -1 0
703 15 18 -1 0
704 34 8 0 -1
705 46 33 -1 0
706 14 8 -1 0
707 51 37 1 0
708 71 8 1 0
709 85 28 1 0
710 45 7 0 1
711 99 33 1 0
712 12 3 0 1
713 45 20 -1 0
714 40 9 0 -1
715 99 5 0 1
716 23 3 0 -1
717 49 3 0 1
718 32 13 -1 0
719 37 3 -1 0
720 10 18 1 0
721 2 17 -1 0
722 37 2 0 -1
723 28 26 1 0
724 13 28 1 0
725 76 22 0 1
726 41 34 0 1
727 40 13 0 -1
728 44 17 0 1
729 12 39 0 -1
730 51 4 0 -1
731 27 17 0 -1
732 41 4 0 1
733 64 17 0 1
734 63 32 1 0
735 20 34 -1 0
736 64 37 1 0
737 84 16 0 -1
738 68 35 0 1
739 40 3 1 0
740 30 26 0 -1
741 65 12 -1 0
742 8 15 1 0
743 66 32 1 0
744 38 33 0 -1
745 26 8 0 -1
746 86 16 1 0
747 19 32 0 -1
748 39 34 -1 0
749 8 8 0 -1
750 76 15 -1 0
751 30 22 0 -1
752 70 9 0 1
753 45 26 0 -1
754 25 29 1 0
755 21 10 1 0
756 39 31 1 0
757 0 3 0 -1
758 6 25 -1 0
759 10 7 1 0
760 35 2 0 1
761 4 17 1 0
762 30 14 1 0
763 47 0 -1 0
764 20 7 0 1
765 67 24 1 0
766 96 27 0 -1
767 35 12 0 -1
768 81 26 0 1
769 3 39 0 -1
770 28 31 0 1
771 25 25 0 -1
772 86 1 -1 0
773 52 25 -1 0
774 12 2 0 1
775 70 9 0 -1
776 73 11 0 1
777 94 7 0 -1
778 43 33 0 1
779 92 17 1 0
780 42 13 1 0
781 15 21 0 1
782 27 7 0 1
783 27 36 1 0
784 74 32 0 1
785 92 26 1 0
786 3 13 0 1
787 10 27 0 -1
788 72 27 0 -1
789 20 15 0 -1
790 20 24 -1 0
791 42 7 0 -1
792 24 24 1 0
793 76 7 0 1
794 40 5 1 0
795 39 31 1 0
796 25 33 0 1
797 61 32 0 -1
798 11 22 1 0
799 43 39 0 -1
800 83 30 1 0
801 79 36 0 1
802 93 37 1 0
803 56 4 1 0
804 26 17 0 -1
805 92 37 1 0
806 39 30 0 -1
807 50 10 0 1
808 29 6 0 -1
809 17 14 1 0
810 32 12 0 1
811 44 35 -1 0
812 34 24 -1 0
813 23 34 -1 0
814 29 2 -1 0
815 65 11 0 1
816 90 15 1 0
817 41 18 0 1
818 5 16 0 -1
819 44 22 1 0
820 56 5 -1 0
821 24 18 1 0
822 65 8 0 1
823 25 8 1 0
824 34 25 0 1
825 93 37 0 -1
826 47 1 -1 0
827 43 34 0 1
828 20 6 1 0
829 27 26 0 1
830 36 0 0 -1
831 72 35 -1 0
832 12 20 -1 0
833 54 2 0 -1
834 96 2 0 -1
835 37 2 0 1
836 34 14 1 0
837 11 4 -1 0
838 48 39 0 -1
839 83 26 -1 0
840 15 7 0 -1
841 3 5 0 1
842 39 27 0 1
843 29 6 0 1
844 26 37 1 0
845 25 1 1 0
846 42 27 0 1
847 57 3 1 0
848 10 26 -1 0
849 5 26 0 1
850 92 38 0 1
851 13 14 0 -1
852 27 27 -1 0
853 89 36 0 -1
854 39 35 0 -1
855 96 20 0 1
856 75 26 0 1
857 83 38 1 0
858 10 20 -1 0
859 84 17 -1 0
860 47 16 0 1
861 12 5 0 -1
862 28 31 -1 0
863 36 13 0 -1
864 12 3 0 -1
865 30 36 0 -1
866 40 18 -1 0
867 17 7 0 -1
868 23 39 0 -1
869 49 35 1 0
870 27 2 -1 0
871 57 11 0 -1
872 94 21 0 -1
873 81 11 1 0
874 44 9 0 -1
875 31 30 0 1
876 3 14 -1 0
877 83 17 0 -1
878 13 6 1 0
879 7 30 1 0
880 10 33 1 0
881 61 11 0 1
882 86 15 -1 0
883 49 10 -1 0
884 24 4 1 0
885 87 35 0 -1
886 9 12 1 0
887 11 7 -1 0
888 29 5 1 0
889 36 21 -1 0
890 38 28 0 1
891 77 13 0 -1
892 44 11 1 0
893 56 36 1 0
894 56 16 -1 0
895 28 38 0 1
896 50 5 -1 0
897 81 11 0 1
898 98 0 0 1
899 37 1 -1 0
900 94 21 0 1
901 75 15 0 1
902 45 37 -1 0
903 26 30 0 1
904 96 34 0 1
905 31 23 0 1
906 61 0 -1 0
907 22 21 1 0
908 3 5 0 1
909 4 35 0 1
910 25 15 1 0
911 37 7 0 -1
912 61 31 0 1
913 52 24 -1 0
914 35 5 0 1
915 51 12 1 0
916 36 0 -1 0
917 40 22 -1 0
918 4 25 1 0
919 6 30 1 0
920 23 0 1 0
921 42 8 0 -1
922 46 7 0 -1
923 57 12 0 1
924 7 31 1 0
925 6 39 0 -1
926 54 14 1 0
927 96 9 -1 0
928 0 19 -1 0
929 81 22 0 -1
930 58 10 0 1
931 37 29 0 -1
932 46 25 -1 0
933 11 25 1 0
934 30 39 0 -1
935 7 2 -1 0
936 92 38 0 -1
937 52 16 1 0
938 20 32 0 1
939 32 20 -1 0
940 37 13 -1 0
941 27 36 0 1
942 28 23 0 1
943 78 27 1 0
944 20 18 1 0
945 2 29 -1 0
946 12 1 1 0
947 82 25 0 -1
948 74 33 1 0
949 12 11 0 1
950 86 0 1 0
951 30 23 0 1
952 40 30 0 1
953 43 3 0 1
954 13 32 0 1
955 20 33 0 -1
956 93 37 1 0
957 49 8 0 1
958 80 10 0 -1
959 39 12 0 -1
960 40 17 -1 0
961 93 33 -1 0
962 19 24 -1 0
963 25 35 -1 0
964 17 29 -1 0
965 61 11 1 0
966 27 9 0 1
967 45 5 0 1
968 26 2 1 0
969 2 37 0 -1
970 33 20 -1 0
971 42 7 1 0
972 3 6 0 -1
973 30 9 1 0
974 50 22 -1 0
975 86 13 1 0
976 80 14 0 -1
977 65 14 -1 0
978 54 24 1 0
979 14 38 0 -1
980 6 5 0 -1
981 82 11 0 -1
982 11 23 1 0
983 46 5 0 -1
984 36 23 0 -1
985 66 28 1 0
986 51 39 -1 0
987 75 24 0 1
988 38 32 0 -1
989 34 33 0 -1
990 56 2 1 0
991 23 2 -1 0
992 96 11 1 0
993 61 10 0 1
994 58 31 0 -1
995 39 17 0 -1
996 41 13 0 -1
997 83 10 0 1
998 17 18 1 0
999 27 1 1 0
1000 14 5 1 0
1001 21 2 0 -1
1002 20 11 -1 0
1003 88 27 1 0
1004 25 5 0 1
1005 41 30 -1 0
1006 13 10 0 1
1007 21 25 -1 0
1008 24 18 1 0
1009 6 32 0 -1
1010 92 19 -1 0
1011 25 28 0 1
1012 20 31 0 1
1013 80 21 0 -1
1014 20 30 0 1
1015 92 4 0 1
1016 44 2 0 -1
1017 54 1 1 0
1018 42 4 0 1
1019 23 36 1 0
1020 35 17 -1 0
1021 88 35 -1 0
1022 41 34 1 0
1023 41 3 0 -1
1024 70 10 1 0
1025 29 25 0 1
1026 24 12 -1 0
1027 20 4 -1 0
1028 26 8 1 0
1029 43 33 -1 0
1030 58 13 -1 0
1031 7 26 -1 0
1032 60 18 -1 0
1033 5 37 0 1
1034 83 17 1 0
1035 92 0 -1 0
1036 17 39 1 0
1037 28 29 0 1
1038 43 15 -1 0
1039 4 24 0 1
1040 35 29 -1 0
1041 80 30 -1 0
1042 5 0 -1 0
1043 32 19 -1 0
1044 3 29 0 1
1045 45 29 0 -1
1046 5 5 0 1
1047 23 6 -1 0
1048 36 36 1 0
1049 42 35 1 0
1050 56 21 0 1
1051 99 19 1 0
1052 10 22 -1 0
1053 7 9 -1 0
1054 19 4 0 1
1055 45 39 0 1
1056 74 23 0 1
1057 99 28 1 0
1058 89 27 1 0
1059 76 3 0 1
1060 39 19 1 0
1061 95 5 0 -1
1062 94 5 0 -1
1063 99 14 0 1
1064 50 32 0 1
1065 83 15 1 0
1066 93 25 1 0
1067 2 28 1 0
1068 26 4 0 1
1069 11 23 -1 0
1070 80 31 -1 0
1071 95 4 -1 0
1072 88 12 1 0
1073 23 38 1 0
1074 98 16 -1 0
1075 50 39 1 0
1076 87 7 0 1
1077 68 10 1 0
1078 53 21 -1 0
1079 16 4 0 1
1080 31 29 0 1
1081 6 37 -1 0
1082 40 9 1 0
1083 70 29 0 -1
1084 22 2 1 0
1085 29 16 1 0
1086 26 12 0 -1
1087 45 8 0 -1
1088 6 17 1 0
1089 41 27 0 1
1090 9 32 0 1
1091 25 17 -1 0
1092 23 8 0 -1
1093 33 10 0 -1
1094 70 28 0 1
1095 46 39 0 -1
1096 50 36 0 -1
1097 55 7 0 -1
1098 40 33 1 0
1099 41 20 0 1
1100 22 28 1 0
1101 47 10 -1 0
1102 4 14 0 1
1103 34 4 1 0
1104 81 35 0 -1
1105 22 37 0 1
1106 17 17 1 0
1107 55 11 -1 0
1108 27 34 1 0
1109 92 24 0 -1
1110 42 32 0 -1
1111 43 21 0 1
1112 76 19 -1 0
1113 47 28 0 1
1114 89 34 -1 0
1115 95 24 -1 0
1116 9 2 0 -1
1117 88 0 0 1
1118 22 19 -1 0
1119 87 35 1 0
1120 79 28 0 1
1121 66 13 -1 0
1122 37 33 1 0
1123 80 31 1 0
1124 80 39 -1 0
1125 53 12 0 -1
1126 92 32 -1 0
1127 64 12 0 -1
1128 53 30 -1 0
1129 1 16 -1 0
1130 42 25 -1 0
1131 19 16 1 0
1132 3 8 1 0
1133 17 4 1 0
1134 45 8 0 1
1135 46 8 0 1
1136 44 36 0 1
1137 6 32 1 0
1138 3 36 0 -1
1139 26 6 0 1
1140 13 10 -1 0
1141 34 30 0 -1
1142 90 17 1 0
1143 10 5 0 -1
1144 88 10 0 -1
1145 97 31 1 0
1146 99 15 -1 0
1147 63 15 0 -1
1148 2 4 1 0
1149 63 21 1 0
1150 85 16 1 0
1151 32 9 1 0
1152 68 6 0 -1
1153 8 38 1 0
1154 0 35 0 1
1155 80 30 0 -1
1156 99 3 1 0
1157 98 39 0 -1
1158 97 32 1 0
1159 41 32 -1 0
1160 89 34 1 0
1161 21 37 0 1
1162 74 21 -1 0
1163 48 30 0 1
1164 18 18 0 1
1165 35 10 -1 0
1166 43 28 0 1
1167 82 28 0 -1
1168 94 27 0 1
1169 40 38 -1 0
1170 71 22 -1 0
1171 72 0 0 1
1172 76 28 0 1
1173 63 35 -1 0
1174 28 8 -1 0
1175 47 26 1 0
1176 60 35 -1 0
1177 91 27 0 1
1178 72 2 0 1
1179 2 6 -1 0
1180 25 11 0 1
1181 55 15 -1 0
1182 45 9 0 -1
1183 0 25 1 0
1184 46 2 1 0
1185 6 3 -1 0
1186 42 10 1 0
1187 19 19 0 1
1188 69 20 1 0
1189 39 17 -1 0
1190 19 29 1 0
1191 40 16 -1 0
1192 42 9 1 0
1193 42 20 -1 0
1194 29 4 -1 0
1195 86 33 0 1
1196 30 24 0 1
1197 40 19 0 -1
1198 26 34 -1 0
1199 44 20 0 -1
1200 9 30 1 0
1201 30 3 0 -1
1202 31 25 0 -1
1203 15 6 1 0
1204 61 4 -1 0
1205 70 29 0 -1
1206 69 28 -1 0
1207 17 38 -1 0
1208 44 28 -1 0
1209 40 37 0 1
1210 26 36 -1 0
1211 3 6 0 -1
1212 80 23 1 0
1213 29 33 0 1
1214 69 17 1 0
1215 55 35 1 0
1216 22 38 1 0
1217 42 3 0 1
1218 68 35 -1 0
1219 42 4 0 1
1220 8 13 0 1
1221 61 37 1 0
1222 43 11 0 1
1223 29 2 0 -1
1224 44 30 0 -1
1225 95 0 0 1
1226 5 5 1 0
1227 57 29 0 -1
1228 55 4 0 -1
1229 48 11 -1 0
1230 30 6 0 -1
1231 68 27 1 0
1232 51 11 0 1
1233 86 0 0 -1
1234 84 19 1 0
1235 27 6 0 1
1236 25 21 1 0
1237 24 17 1 0
1238 74 1 -1 0
1239 38 9 0 1
1240 5 12 0 -1
1241 42 2 1 0
1242 99 33 0 1
1243 68 32 1 0
1244 48 26 0 -1
1245 98 24 0 1
1246 97 32 0 1
1247 25 4 -1 0
1248 27 14 0 -1
1249 72 33 0 -1
1250 89 11 -1 0
1251 38 8 -1 0
1252 28 36 0 1
1253 78 33 1 0
1254 29 12 0 1
1255 44 28 0 -1
1256 39 28 0 -1
1257 48 2 -1 0
1258 15 10 -1 0
1259 39 6 1 0
1260 41 11 -1 0
1261 85 33 0 1
1262 17 26 0 1
1263 19 19 -1 0
1264 81 5 -1 0
1265 21 18 -1 0
1266 59 22 1 0
1267 56 35 1 0
1268 30 22 0 -1
1269 98 26 1 0
1270 38 39 0 -1
1271 7 4 -1 0
1272 88 9 0 -1
1273 49 5 1 0
1274 14 38 0 1
1275 0 2 0 -1
1276 40 10 0 -1
1277 7 20 0 1
1278 44 19 1 0
1279 25 7 0 -1
1280 66 13 -1 0
1281 24 18 -1 0
1282 94 4 1 0
1283 77 39 0 1
1284 45 17 0 1
1285 84 3 0 1
1286 16 21 0 -1
1287 17 12 0 1
1288 39 11 0 -1
1289 24 37 1 0
1290 54 39 0 1
1291 79 35 0 -1
1292 11 25 0 1
1293 47 39 1 0
1294 51 38 0 1
1295 6 37 1 0
1296 81 38 0 1
1297 69 33 0 1
1298 83 28 0 -1
1299 40 38 -1 0
1300 9 7 -1 0
1301 20 3 0 1
1302 93 1 0 -1
1303 5 36 1 0
1304 90 26 1 0
1305 53 36 0 -1
1306 45 7 -1 0
1307 53 14 0 -1
1308 49 31 1 0
1309 51 10 0 1
1310 94 5 0 1
1311 88 16 -1 0
1312 57 32 1 0
1313 21 5 0 1
1314 98 26 -1 0
1315 87 33 1 0
1316 65 7 0 -1
1317 23 3 0 -1
1318 43 6 0 1
1319 87 9 0 -1
1320 28 16 1 0
1321 99 0 0 -1
1322 88 6 -1 0
1323 38 35 -1 0
1324 26 39 1 0
1325 11 39 0 -1
1326 52 35 1 0
1327 3 16 -1 0
1328 78 10 1 0
1329 39 21 0 -1
1330 30 24 0 1
1331 50 29 1 0
1332 6 30 -1 0
1333 74 30 0 1
1334 97 4 1 0
1335 19 33 -1 0
1336 97 7 0 -1
1337 37 23 0 -1
1338 1 11 0 1
1339 38 34 0 1
1340 95 17 0 1
1341 12 25 0 -1
1342 31 36 0 1
1343 66 33 0 -1
1344 40 39 0 -1
1345 33 32 0 -1
1346 26 16 -1 0
1347 26 23 1 0
1348 42 22 0 1
1349 95 22 0 1
1350 87 35 1 0
1351 40 18 0 1
1352 84 2 1 0
1353 37 17 0 1
1354 83 35 1 0
1355 25 39 -1 0
1356 26 27 1 0
1357 25 14 1 0
1358 28 30 -1 0
1359 91 13 -1 0
1360 61 21 1 0
1361 30 7 -1 0
1362 3 24 0 1
1363 14 34 -1 0
1364 1 21 1 0
1365 25 7 0 1
1366 35 23 0 1
1367 29 17 1 0
1368 24 6 0 -1
1369 63 22 0 1
1370 43 27 -1 0
1371 64 39 -1 0
1372 29 29 1 0
1373 98 16 1 0
1374 11 10 -1 0
1375 46 34 -1 0
1376 80 35 0 -1
1377 45 9 0 1
1378 43 9 0 1
1379 70 23 -1 0
1380 69 23 0 -1
1381 28 0 0 -1
1382 39 0 -1 0
1383 63 20 -1 0
1384 79 14 0 1
1385 30 33 0 -1
1386 56 7 -1 0
1387 38 12 0 1
1388 41 21 0 -1
1389 41 21 0 -1
1390 13 12 1 0
1391 40 15 -1 0
1392 85 17 -1 0
1393 60 10 -1 0
1394 14 4 0 1
1395 39 22 -1 0
1396 3 13 -1 0
1397 48 6 0 -1
1398 20 25 0 1
1399 42 6 -1 0
1400 18 10 0 -1
1401 43 27 -1 0
1402 96 39 1 0
1403 35 3 -1 0
1404 18 18 0 1
1405 68 35 1 0
1406 98 12 -1 0
1407 6 1 1 0
1408 41 19 1 0
1409 13 32 0 -1
1410 31 36 -1 0
1411 54 15 0 1
1412 81 36 -1 0
1413 61 25 -1 0
1414 89 34 0 1
1415 26 19 1 0
1416 64 13 1 0
1417 17 10 0 -1
1418 11 23 1 0
1419 24 10 -1 0
1420 18 24 0 -1
1421 6 26 1 0
1422 85 15 0 -1
1423 2 6 1 0
1424 27 27 -1 0
1425 28 2 -1 0
1426 41 34 0 1
1427 56 11 0 -1
1428 21 11 0 1
1429 47 10 0 -1
1430 50 20 -1 0
1431 15 28 1 0
1432 86 19 1 0
1433 35 23 0 1
1434 21 10 0 1
1435 27 6 0 -1
1436 62 39 1 0
1437 94 11 0 1
1438 41 10 -1 0
1439 24 21 0 1
1440 72 15 1 0
1441 44 8 1 0
1442 52 5 0 -1
1443 21 4 0 1
1444 45 38 0 1
1445 43 26 0 1
1446 87 32 0 -1
1447 71 24 -1 0
1448 66 33 0 -1
1449 20 1 0 1
1450 82 16 -1 0
1451 97 28 1 0
1452 28 17 0 -1
1453 46 32 0 1
1454 38 19 0 -1
1455 97 23 0 1
1456 27 14 -1 0
1457 79 7 0 -1
1458 21 12 1 0
1459 41 22 -1 0
1460 39 4 -1 0
1461 49 5 1 0
1462 42 38 -1 0
1463 94 12 0 1
1464 22 32 1 0
1465 40 1 0 1
1466 97 5 -1 0
1467 38 5 0 -1
1468 37 36 0 -1
1469 99 39 0 1
1470 44 16 0 1
1471 39 9 1 0
1472 61 21 0 -1
1473 8 8 0 1
1474 88 29 -1 0
1475 12 23 -1 0
1476 44 8 1 0
1477 86 38 0 1
1478 41 29 -1 0
1479 37 39 -1 0
1480 5 32 -1 0
1481 17 17 0 -1
1482 10 10 0 -1
1483 49 9 0 1
1484 84 1 0 1
1485 29 20 0 1
1486 52 33 1 0
1487 42 29 -1 0
1488 10 9 0 -1
1489 44 18 1 0
1490 6 15 1 0
1491 73 18 0 -1
1492 42 33 0 -1
1493 27 25 1 0
1494 7 21 1 0
1495 31 36 0 1
1496 62 23 0 1
1497 38 0 -1 0
1498 91 24 1 0
1499 70 8 1 0
1500 11 5 0 1
1501 13 36 -1 0
1502 37 0 0 1
1503 37 16 -1 0
1504 56 13 0 -1
1505 16 4 1 0
1506 63 36 0 -1
1507 43 4 0 1
1508 34 14 -1 0
1509 7 16 1 0
1510 41 22 0 -1
1511 86 33 -1 0
1512 31 16 0 1
1513 24 13 1 0
1514 13 29 -1 0
1515 88 30 1 0
1516 94 11 -1 0
1517 48 35 1 0
1518 76 9 1 0
1519 98 22 1 0
1520 82 19 0 -1
1521 88 26 0 -1
1522 26 6 -1 0
1523 92 32 1 0
1524 24 5 0 1
1525 72 13 1 0
1526 22 15 0 -1
1527 13 23 1 0
1528 31 33 -1 0
1529 91 6 0 1
1530 49 13 0 1
1531 15 20 -1 0
1532 83 37 0 1
1533 22 19 0 1
1534 89 28 -1 0
1535 37 30 -1 0
1536 91 9 1 0
1537 88 22 0 1
1538 9 3 0 -1
1539 21 21 0 -1
1540 69 28 0 -1
1541 65 33 1 0
1542 52 21 -1 0
1543 49 13 0 1
1544 94 34 0 1
1545 1 32 -1 0
1546 27 9 -1 0
1547 30 30 0 -1
1548 15 19 0 -1
1549 44 19 1 0
1550 73 14 1 0
1551 83 39 0 1
1552 41 7 1 0
1553 93 9 0 1
1554 55 38 0 -1
1555 97 22 1 0
1556 43 7 -1 0
1557 40 13 -1 0
1558 88 20 0 -1
1559 42 7 1 0
1560 21 16 0 -1
1561 11 17 0 -1
1562 28 27 -1 0
1563 22 18 1 0
1564 60 36 0 -1
1565 37 21 -1 0
1566 24 8 0 1
1567 80 7 0 1
1568 41 35 1 0
1569 63 9 0 -1
1570 88 30 1 0
1571 83 2 1 0
1572 28 35 -1 0
1573 26 22 0 -1
1574 76 35 0 -1
1575 5 25 0 1
1576 31 22 0 -1
1577 96 36 1 0
1578 77 3 1 0
1579 91 0 1 0
1580 2 10 0 1
1581 18 17 1 0
1582 42 34 0 -1
1583 36 18 0 -1
1584 27 4 1 0
1585 24 1 1 0
1586 74 9 1 0
1587 46 19 0 1
1588 28 14 0 1
1589 70 4 -1 0
1590 27 39 -1 0
1591 97 35 0 -1
1592 25 12 1 0
1593 59 34 -1 0
1594 16 18 0 1
1595 9 12 0 -1
1596 2 12 -1 0
1597 28 30 0 1
1598 43 20 0 1
1599 2 30 -1 0
1600 40 21 -1 0
1601 32 13 -1 0
1602 86 2 -1 0
1603 89 33 1 0
1604 62 18 1 0
1605 43 27 -1 0
1606 96 38 0 -1
1607 83 9 1 0
1608 38 32 0 1
1609 90 24 1 0
1610 44 3 -1 0
1611 0 30 1 0
1612 89 22 0 -1
1613 69 37 -1 0
1614 15 31 -1 0
1615 79 12 -1 0
1616 43 14 0 -1
1617 15 32 0 -1
1618 45 21 0 -1
1619 21 0 0 1
1620 46 9 0 1
1621 26 24 1 0
1622 85 39 0 1
1623 30 24 0 1
1624 37 24 0 -1
1625 87 24 0 1
1626 85 38 1 0
1627 62 26 0 -1
1628 90 15 -1 0
1629 84 34 0 -1
1630 50 11 -1 0
1631 20 12 1 0
1632 24 28 0 -1
1633 31 38 0 -1
1634 27 13 -1 0
1635 17 6 0 -1
1636 45 12 -1 0
1637 43 22 0 1
1638 33 18 -1 0
1639 80 16 -1 0
1640 20 34 0 -1
1641 24 21 0 -1
1642 81 2 1 0
1643 10 1 0 -1
1644 61 35 -1 0
1645 25 21 0 -1
1646 19 0 0 1
1647 72 24 0 1
1648 75 5 0 -1
1649 9 2 1 0
1650 30 20 1 0
1651 88 25 0 1
1652 5 14 0 1
1653 39 33 0 -1
1654 10 30 0 1
1655 24 35 0 -1
1656 40 14 1 0
1657 79 32 1 0
1658 73 10 1 0
1659 41 3 0 1
1660 26 7 0 -1
1661 43 34 0 1
1662 85 38 -1 0
1663 21 39 0 1
1664 30 27 -1 0
1665 88 24 0 -1
1666 98 12 0 1
1667 42 33 1 0
1668 40 36 -1 0
1669 31 39 0 1
1670 36 11 0 -1
1671 85 34 0 -1
1672 23 36 -1 0
1673 34 6 1 0
1674 1 10 -1 0
1675 39 18 -1 0
1676 61 31 1 0
1677 26 30 1 0
1678 21 33 1 0
1679 10 2 0 1
1680 69 7 0 1
1681 37 32 0 -1
1682 15 26 -1 0
1683 52 16 0 -1
1684 87 0 -1 0
1685 41 6 1 0
1686 14 19 0 -1
1687 21 35 1 0
1688 35 7 0 1
1689 92 9 0 1
1690 43 36 0 -1
1691 98 23 0 1
1692 25 34 1 0
1693 41 32 0 1
1694 77 18 0 -1
1695 67 25 1 0
1696 39 29 0 1
1697 25 24 0 -1
1698 97 27 0 -1
1699 71 6 1 0
1700 22 11 1 0
1701 72 35 -1 0
1702 39 10 -1 0
1703 43 14 0 -1
1704 38 3 -1 0
1705 85 13 0 -1
1706 71 32 0 -1
1707 45 36 -1 0
1708 46 22 -1 0
1709 69 34 1 0
1710 38 27 0 -1
1711 29 26 -1 0
1712 24 7 0 -1
1713 28 4 -1 0
1714 31 30 1 0
1715 22 36 1 0
1716 86 38 0 -1
1717 80 3 0 -1
1718 36 25 0 -1
1719 81 28 1 0
1720 29 33 -1 0
1721 45 17 0 1
1722 44 27 0 1
1723 97 18 1 0
1724 96 21 0 1
1725 36 27 0 -1
1726 82 18 0 1
1727 41 26 0 1
1728 91 37 -1 0
1729 39 11 0 1
1730 18 17 1 0
1731 44 11 -1 0
1732 8 22 0 -1
1733 90 26 0 1
1734 45 18 0 -1
1735 89 31 -1 0
1736 44 4 -1 0
1737 37 13 0 1
1738 39 14 0 -1
1739 88 7 0 -1
1740 6 12 0 -1
1741 29 37 -1 0
1742 19 18 0 1
1743 23 6 1 0
1744 26 32 0 -1
1745 89 30 -1 0
1746 41 1 1 0
1747 60 0 -1 0
1748 19 16 0 1
1749 44 7 -1 0
1750 25 36 0 -1
1751 7 21 0 1
1752 29 8 1 0
1753 13 35 0 1
1754 57 6 1 0
1755 46 5 0 1
1756 69 4 -1 0
1757 13 21 0 -1
1758 74 37 1 0
1759 70 34 0 -1
1760 83 34 1 0
1761 71 38 -1 0
1762 52 8 0 1
1763 57 20 -1 0
1764 37 29 -1 0
1765 50 16 -1 0
1766 40 34 0 -1
1767 13 37 0 -1
1768 25 2 0 1
1769 50 33 0 1
1770 30 18 0 -1
1771 20 39 0 1
1772 29 23 -1 0
1773 95 24 0 -1
1774 19 17 0 1
1775 83 25 1 0
1776 13 32 0 1
1777 44 7 1 0
1778 70 39 1 0
1779 31 23 -1 0
1780 31 32 0 1
1781 39 13 0 1
1782 34 19 0 -1
1783 46 11 0 -1
1784 23 29 0 -1
1785 31 39 1 0
1786 13 30 1 0
1787 98 21 0 1
1788 2 17 -1 0
1789 66 32 -1 0
1790 35 12 0 -1
1791 98 36 0 1
1792 25 2 0 1
1793 69 18 -1 0
1794 22 23 1 0
1795 65 35 1 0
1796 41 33 1 0
1797 46 37 0 1
1798 43 28 -1 0
1799 44 18 -1 0
1800 12 33 1 0
1801 70 17 1 0
1802 80 16 0 -1
1803 39 15 -1 0
1804 89 32 1 0
1805 42 11 0 -1
1806 5 15 0 -1
1807 95 10 0 -1
1808 25 32 0 -1
1809 6 24 0 -1
1810 48 9 1 0
1811 27 24 1 0
1812 57 6 0 1
1813 45 21 0 1
1814 18 16 0 1
1815 35 26 1 0
1816 46 4 1 0
1817 42 8 1 0
1818 11 4 -1 0
1819 47 11 -1 0
1820 64 32 -1 0
1821 40 38 0 1
1822 40 4 0 -1
1823 12 19 1 0
1824 71 36 0 -1
1825 39 10 0 1
1826 24 15 1 0
1827 96 21 -1 0
1828 37 20 1 0
1829 32 31 0 -1
1830 18 18 0 1
1831 38 25 0 -1
1832 46 19 -1 0
1833 48 16 1 0
1834 76 14 -1 0
1835 46 10 0 -1
1836 82 10 0 1
1837 39 38 1 0
1838 0 10 1 0
1839 60 9 0 1
1840 6 16 0 1
1841 7 18 1 0
1842 67 39 -1 0
1843 55 5 0 -1
1844 30 0 -1 0
1845 46 22 0 -1
1846 24 16 1 0
1847 78 29 0 1
1848 46 21 0 1
1849 88 26 0 1
1850 48 22 1 0
1851 28 38 1 0
1852 39 9 0 1
1853 13 5 0 -1
1854 86 9 1 0
1855 39 34 -1 0
1856 35 39 -1 0
1857 65 1 -1 0
1858 2 29 1 0
1859 8 2 0 -1
1860 25 25 0 -1
1861 65 14 0 -1
1862 25 5 0 1
1863 13 25 0 -1
1864 50 11 0 1
1865 29 38 0 -1
1866 22 13 -1 0
1867 20 39 1 0
1868 14 28 0 1
1869 41 6 1 0
1870 93 18 -1 0
1871 33 3 1 0
1872 90 10 1 0
1873 98 9 1 0
1874 2 25 -1 0
1875 62 24 0 -1
1876 33 26 1 0
1877 70 19 1 0
1878 93 15 0 1
1879 46 35 -1 0
1880 24 8 0 -1
1881 40 8 -1 0
1882 2 14 -1 0
1883 44 14 -1 0
1884 20 1 1 0
1885 14 0 0 -1
1886 36 37 0 -1
1887 47 25 0 1
1888 41 29 0 -1
1889 94 16 0 1
1890 86 38 0 1
1891 60 26 0 1
1892 68 2 1 0
1893 36 33 -1 0
1894 62 15 1 0
1895 57 20 1 0
1896 39 1 1 0
1897 35 23 1 0
1898 13 29 0 -1
1899 51 31 1 0
1900 30 28 0 1
1901 38 25 0 1
1902 14 10 -1 0
1903 18 12 1 0
1904 1 16 -1 0
1905 46 25 0 -1
1906 69 6 1 0
1907 44 29 0 -1
1908 13 17 1 0
1909 29 35 1 0
1910 15 2 -1 0
1911 59 35 1 0
1912 80 13 0 -1
1913 3 20 -1 0
1914 22 39 0 1
1915 1 19 0 1
1916 22 31 -1 0
1917 48 8 1 0
1918 89 1 1 0
1919 85 38 1 0
1920 42 21 0 1
1921 62 37 0 -1
1922 39 11 -1 0
1923 43 29 0 -1
1924 92 4 0 -1
1925 50 4 -1 0
1926 54 19 1 0
1927 77 34 0 -1
1928 92 11 -1 0
1929 39 18 0 -1
1930 32 39 1 0
1931 38 7 0 -1
1932 29 36 0 1
1933 85 4 0 1
1934 88 7 0 -1
1935 46 13 0 1
1936 63 35 0 1
1937 98 18 1 0
1938 33 34 0 -1
1939 98 27 0 -1
1940 30 25 -1 0
1941 60 12 0 -1
1942 29 3 -1 0
1943 44 27 -1 0
1944 14 22 0 1
1945 76 19 -1 0
1946 5 32 -1 0
1947 70 6 0 1
1948 90 18 1 0
1949 92 27 1 0
1950 75 30 0 -1
1951 43 13 0 1
1952 46 18 -1 0
1953 8 10 0 -1
1954 31 27 1 0
1955 39 18 0 -1
1956 74 9 0 -1
1957 32 0 -1 0
1958 49 36 0 -1
1959 23 37 0 1
1960 25 10 1 0
1961 44 39 0 1
1962 92 6 1 0
1963 44 32 -1 0
1964 18 16 1 0
1965 20 3 0 -1
1966 47 13 0 1
1967 93 0 0 1
1968 51 14 0 -1
1969 72 9 0 1
1970 97 8 1 0
1971 77 32 0 -1
1972 37 18 1 0
1973 25 13 -1 0
1974 15 6 1 0
1975 61 1 1 0
1976 47 11 0 1
1977 94 23 1 0
1978 95 5 -1 0
1979 56 15 0 -1
1980 99 20 0 1
1981 37 22 0 1
1982 46 15 1 0
1983 24 34 -1 0
1984 14 14 0 1
1985 15 35 1 0
1986 91 17 0 -1
1987 11 10 0 1
1988 27 0 0 1
1989 86 33 -1 0
1990 18 35 0 -1
1991 25 6 0 -1
1992 61 21 -1 0
1993 18 31 0 -1
1994 49 37 1 0
1995 26 33 1 0
1996 97 30 0 1
1997 85 36 0 1
1998 28 0 0 1
1999 23 7 -1 0
2000 7 22 0 1
2001 5 4 0 1
2002 79 33 0 -1
2003 44 8 0 1
2004 49 10 0 -1
2005 25 0 0 -1
2006 88 15 -1 0
2007 97 14 1 0
2008 22 27 1 0
2009 46 39 0 -1
2010 48 21 0 -1
2011 62 37 0 1
2012 22 4 1 0
2013 17 14 0 -1
2014 70 8 -1 0
2015 31 3 0 1
2016 95 30 0 1
2017 77 3 -1 0
2018 67 4 0 -1
2019 98 18 0 -1
2020 8 13 -1 0
2021 48 22 -1 0
2022 68 15 0 1
2023 23 20 0 -1
2024 84 9 -1 0
2025 26 1 1 0
2026 65 7 1 0
2027 42 19 0 1
2028 1 2 -1 0
2029 10 2 0 1
2030 28 28 0 1
2031 16 27 -1 0
2032 38 12 0 1
2033 44 13 -1 0
2034 71 25 0 -1
2035 84 25 0 -1
2036 46 37 -1 0
2037 50 1 0 -1
2038 59 12 0 1
2039 8 18 1 0
2040 20 18 -1 0
2041 40 14 0 -1
2042 69 18 0 1
2043 9 32 1 0
2044 95 0 0 1
2045 62 34 0 1
2046 97 10 -1 0
2047 45 17 1 0
2048 24 13 0 -1
2049 18 38 0 -1
2050 36 1 0 1
2051 35 27 1 0
2052 46 22 0 -1
2053 29 30 0 1
2054 25 9 -1 0
2055 40 14 0 1
2056 51 36 0 1
2057 15 37 0 -1
2058 79 9 -1 0
2059 44 29 -1 0
2060 71 2 1 0
2061 21 19 0 1
2062 37 22 0 -1
2063 46 9 -1 0
2064 93 35 1 0
2065 27 4 0 1
2066 40 32 -1 0
2067 92 16 1 0
2068 27 12 0 1
2069 4 37 0 1
2070 19 28 0 1
2071 63 39 0 -1
2072 10 14 0 -1
2073 35 12 0 1
2074 17 36 -1 0
2075 25 0 -1 0
2076 31 3 -1 0
2077 46 38 0 1
2078 18 23 0 1
2079 72 22 1 0
2080 82 4 0 -1
2081 24 29 1 0
2082 27 2 -1 0
2083 74 30 0 1
2084 88 15 1 0
2085 37 25 -1 0
2086 41 25 0 1
2087 40 36 0 1
2088 99 15 1 0
2089 98 34 -1 0
2090 62 14 0 1
2091 19 24 1 0
2092 92 31 -1 0
2093 16 20 -1 0
2094 41 2 -1 0
2095 49 15 -1 0
2096 96 13 0 -1
2097 23 4 1 0
2098 99 34 0 -1
2099 43 36 1 0
2100 43 9 -1 0
2101 4 39 -1 0
2102 12 37 -1 0
2103 79 12 0 1
2104 9 5 0 1
2105 39 12 1 0
2106 40 4 -1 0
2107 2 14 0 1
2108 19 1 0 1
2109 47 6 0 1
2110 77 11 0 1
2111 2 24 0 1
2112 42 19 0 1
2113 39 15 -1 0
2114 71 17 0 -1
2115 83 13 -1 0
2116 28 10 1 0
2117 35 30 0 1
2118 34 3 0 -1
2119 13 20 0 -1
2120 43 6 1 0
2121 44 0 0 -1
2122 37 6 -1 0
2123 24 38 -1 0
2124 89 24 1 0
2125 79 11 1 0
2126 71 2 0 -1
2127 14 22 0 1
2128 43 1 0 -1
2129 11 30 0 1
2130 79 1 -1 0
2131 94 8 0 -1
2132 41 4 1 0
2133 28 32 0 1
2134 4 21 -1 0
2135 78 12 0 -1
2136 88 30 -1 0
2137 47 2 -1 0
2138 55 30 0 1
2139 44 23 -1 0
2140 4 25 -1 0
2141 0 12 0 1
2142 43 37 -1 0
2143 25 13 1 0
2144 32 31 -1 0
2145 28 12 -1 0
2146 59 5 1 0
2147 48 32 0 -1
2148 49 26 1 0
2149 18 25 -1 0
2150 94 12 0 -1
2151 15 4 1 0
2152 16 10 1 0
2153 86 27 0 1
2154 1 25 -1 0
2155 16 8 0 1
2156 52 1 0 -1
2157 48 31 0 1
2158 91 31 0 -1
2159 53 4 0 -1
2160 78 12 -1 0
2161 40 8 -1 0
2162 17 31 -1 0
2163 1 18 0 -1
2164 41 9 1 0
2165 38 20 0 -1
2166 69 16 0 1
2167 29 37 -1 0
2168 2 34 1 0
2169 65 31 0 1
2170 43 38 -1 0
2171 12 23 1 0
2172 38 38 -1 0
2173 94 14 1 0
2174 80 21 1 0
2175 36 14 0 1
2176 93 8 -1 0
2177 31 27 0 1
2178 27 38 0 1
2179 66 20 0 -1
2180 25 20 0 1
2181 82 33 0 -1
2182 43 13 -1 0
2183 18 20 -1 0
2184 74 10 1 0
2185 0 32 -1 0
2186 38 10 -1 0
2187 3 9 -1 0
2188 36 35 -1 0
2189 16 17 1 0
2190 43 12 0 1
2191 18 4 0 1
2192 28 18 1 0
2193 23 9 0 1
2194 63 33 0 -1
2195 28 6 -1 0
2196 90 12 0 1
2197 51 18 1 0
2198 75 31 1 0
2199 63 26 -1 0
2200 66 32 1 0
2201 43 10 0 1
2202 88 35 0 1
2203 8 3 -1 0
2204 37 22 -1 0
2205 95 22 0 -1
2206 26 34 1 0
2207 11 30 -1 0
2208 52 6 0 1
2209 85 21 0 1
2210 41 35 -1 0
2211 46 4 -1 0
2212 10 7 -1 0
2213 32 12 0 -1
2214 91 36 1 0
2215 37 28 0 1
2216 46 38 0 1
2217 42 5 0 1
2218 82 26 -1 0
2219 82 20 -1 0
2220 31 33 -1 0
2221 14 30 0 1
2222 80 36 1 0
2223 64 39 1 0
2224 81 2 0 1
2225 97 9 0 1
2226 25 34 1 0
2227 23 19 1 0
2228 91 10 0 1
2229 27 10 -1 0
2230 28 12 0 -1
2231 59 11 -1 0
2232 18 12 0 1
2233 42 6 1 0
2234 45 36 -1 0
2235 97 15 1 0
2236 21 23 0 1
2237 43 12 -1 0
2238 46 14 0 1
2239 51 9 -1 0
2240 6 23 -1 0
2241 29 11 1 0
2242 15 22 -1 0
2243 37 24 1 0
2244 28 34 1 0
2245 95 2 1 0
2246 25 30 0 1
2247 7 34 0 1
2248 54 32 0 -1
2249 23 9 -1 0
2250 56 2 -1 0
2251 7 0 -1 0
2252 41 13 1 0
2253 3 11 0 1
2254 21 23 1 0
2255 57 12 -1 0
2256 90 30 0 -1
2257 21 30 -1 0
2258 81 25 1 0
2259 20 39 -1 0
2260 40 12 -1 0
2261 3 3 0 1
2262 43 10 0 1
2263 25 35 0 -1
2264 40 26 0 1
2265 5 15 -1 0
2266 32 7 0 1
2267 41 8 1 0
2268 40 3 1 0
2269 30 37 -1 0
2270 40 39 0 -1
2271 36 23 -1 0
2272 17 15 -1 0
2273 12 18 0 -1
2274 29 27 -1 0
2275 45 22 1 0
2276 9 35 0 1
2277 6 9 -1 0
2278 7 12 1 0
2279 22 6 0 -1
2280 0 37 1 0
2281 39 10 -1 0
2282 96 21 0 -1
2283 97 4 -1 0
2284 76 15 -1 0
2285 16 2 -1 0
2286 16 0 -1 0
2287 51 27 1 0
2288 46 12 -1 0
2289 27 12 1 0
2290 11 2 -1 0
2291 23 39 0 -1
2292 73 29 1 0
2293 88 33 -1 0
2294 2 2 1 0
2295 68 2 1 0
2296 36 20 0 1
2297 28 38 0 -1
2298 27 7 0 -1
2299 56 7 0 -1
2300 92 5 -1 0
2301 56 26 -1 0
2302 39 9 -1 0
2303 13 12 0 -1
2304 36 30 0 -1
2305 25 28 -1 0
2306 19 31 0 1
2307 65 12 0 -1
2308 7 11 1 0
2309 93 16 1 0
2310 55 20 0 1
2311 44 22 -1 0
2312 35 11 -1 0
2313 92 30 0 1
2314 40 3 1 0
2315 7 8 0 -1
2316 58 17 1 0
2317 43 5 0 1
2318 13 38 1 0
2319 36 38 -1 0
2320 9 23 -1 0
2321 34 0 1 0
2322 21 20 -1 0
2323 38 35 0 -1
2324 90 29 0 -1
2325 2 13 0 -1
2326 3 25 0 1
2327 45 10 1 0
2328 43 32 -1 0
2329 12 13 0 -1
2330 37 15 -1 0
2331 42 20 0 -1
2332 99 36 0 -1
2333 37 35 -1 0
2334 98 21 0 1
2335 7 12 0 -1
2336 2 28 1 0
2337 14 4 1 0
2338 12 17 -1 0
2339 92 29 0 1
2340 27 20 0 1
2341 85 13 1 0
2342 98 3 0 -1
2343 48 8 0 -1
2344 80 10 0 1
2345 87 37 -1 0
2346 42 3 0 1
2347 21 19 1 0
2348 26 18 0 1
2349 22 24 1 0
2350 9 16 0 -1
2351 13 28 0 -1
2352 28 31 0 -1
2353 92 14 0 -1
2354 6 23 0 1
2355 71 35 0 1
2356 70 38 0 1
2357 44 28 -1 0
2358 42 9 -1 0
2359 30 21 1 0
2360 67 36 1 0
2361 69 8 1 0
2362 56 32 -1 0
2363 88 3 0 -1
2364 88 19 1 0
2365 46 36 -1 0
2366 78 39 1 0
2367 1 14 -1 0
2368 41 18 1 0
2369 51 4 -1 0
2370 46 34 0 1
2371 41 12 0 -1
2372 1 18 0 1
2373 23 8 -1 0
2374 2 36 0 1
2375 91 18 0 1
2376 40 9 0 1
2377 11 8 1 0
2378 38 30 -1 0
2379 36 22 1 0
2380 16 24 0 -1
2381 99 9 0 -1
2382 28 26 0 1
2383 25 19 1 0
2384 17 26 0 -1
2385 27 8 -1 0
2386 38 10 0 1
2387 3 2 0 1
2388 28 33 1 0
2389 2 8 1 0
2390 32 14 0 1
2391 68 31 1 0
2392 43 6 0 1
2393 68 20 1 0
2394 37 39 -1 0
2395 39 34 -1 0
2396 38 36 0 -1
2397 97 37 0 -1
2398 27 19 1 0
2399 18 2 1 0
2400 57 39 0 1
2401 77 5 0 1
2402 69 17 1 0
2403 39 5 0 -1
2404 24 39 1 0
2405 13 27 1 0
2406 20 30 1 0
2407 17 14 -1 0
2408 59 39 -1 0
2409 70 15 -1 0
2410 37 4 -1 0
2411 51 15 0 -1
2412 61 3 0 1
2413 80 30 1 0
2414 38 8 1 0
2415 47 12 0 1
2416 98 29 -1 0
2417 84 39 0 1
2418 44 6 -1 0
2419 90 19 1 0
2420 61 39 0 -1
2421 45 37 0 1
2422 45 1 0 1
2423 30 6 1 0
2424 68 13 0 -1
2425 11 28 0 1
2426 15 36 0 -1
2427 24 4 0 -1
2428 7 22 0 -1
2429 61 8 0 -1
2430 94 5 0 -1
2431 46 9 0 1
2432 51 34 0 -1
2433 41 36 -1 0
2434 8 20 0 1
2435 40 2 1 0
2436 13 15 -1 0
2437 3 15 0 -1
2438 99 22 -1 0
2439 12 21 0 -1
2440 50 19 -1 0
2441 13 6 0 -1
2442 43 22 -1 0
2443 88 38 1 0
2444 24 29 1 0
2445 39 14 -1 0
2446 45 19 0 -1
2447 34 13 -1 0
2448 88 1 0 1
2449 22 6 1 0
2450 7 12 0 1
2451 45 7 0 -1
2452 32 7 -1 0
2453 47 36 0 1
2454 2 22 0 1
2455 45 26 0 -1
2456 70 4 0 -1
2457 22 33 0 -1
2458 93 0 1 0
2459 24 24 1 0
2460 23 38 -1 0
2461 66 27 -1 0
2462 64 39 0 1
2463 29 30 -1 0
2464 80 4 0 1
2465 42 15 0 -1
2466 51 7 0 -1
2467 66 30 -1 0
2468 2 17 1 0
2469 93 19 -1 0
2470 55 5 0 -1
2471 22 17 0 1
2472 7 23 0 1
2473 29 9 1 0
2474 69 21 0 -1
2475 41 27 0 -1
2476 38 7 0 1
2477 80 11 0 -1
2478 60 37 0 1
2479 74 24 1 0
2480 36 20 -1 0
2481 32 18 1 0
2482 44 4 0 -1
2483 32 18 0 -1
2484 21 2 1 0
2485 88 20 0 1
2486 26 5 -1 0
2487 96 22 -1 0
2488 52 2 0 1
2489 29 39 -1 0
2490 43 35 -1 0
2491 25 4 0 1
2492 17 18 1 0
2493 29 5 0 1
2494 17 31 1 0
2495 73 14 0 -1
2496 79 21 0 1
2497 10 9 0 -1
2498 11 5 0 -1
2499 26 11 1 0
2500 68 36 0 -1
2501 0 29 0 -1
2502 75 36 0 -1
2503 31 37 0 1
2504 31 39 0 -1
2505 90 9 1 0
2506 86 10 0 -1
2507 12 30 -1 0
2508 20 38 0 1
2509 60 9 1 0
2510 16 13 0 -1
2511 43 29 -1 0
2512 4 29 0 1
2513 46 6 1 0
2514 3 26 0 -1
2515 36 34 0 1
2516 38 35 0 -1
2517 38 37 1 0
2518 22 9 1 0
2519 36 38 0 1
2520 20 24 0 1
2521 93 0 1 0
2522 30 25 0 1
2523 24 0 0 1
2524 36 16 -1 0
2525 94 26 -1 0
2526 74 14 0 1
2527 69 6 0 1
2528 30 26 0 1
2529 41 17 0 -1
2530 48 2 1 0
2531 41 13 0 -1
2532 29 1 0 1
2533 47 37 0 1
2534 8 21 0 -1
2535 93 5 -1 0
2536 99 35 0 1
2537 47 32 1 0
2538 95 32 -1 0
2539 2 15 0 1
2540 16 15 0 1
2541 40 5 0 -1
2542 45 28 -1 0
2543 53 9 0 -1
2544 44 17 0 1
2545 45 8 0 -1
2546 24 36 0 -1
2547 21 14 0 -1
2548 90 20 -1 0
2549 78 30 0 -1
2550 33 32 0 1
2551 40 34 -1 0
2552 53 17 1 0
2553 7 35 -1 0
2554 78 1 0 1
2555 73 3 0 1
2556 64 32 1 0
2557 28 4 1 0
2558 27 36 0 1
2559 32 4 1 0
2560 16 16 0 1
2561 67 18 0 -1
2562 46 30 -1 0
2563 95 2 0 1
2564 2 37 0 1
2565 31 35 -1 0
2566 83 31 1 0
2567 93 10 0 -1
2568 52 4 -1 0
2569 34 34 0 1
2570 25 0 0 -1
2571 90 10 0 1
2572 40 30 -1 0
2573 41 27 -1 0
2574 20 31 -1 0
2575 48 3 -1 0
2576 96 31 0 -1
2577 5 4 1 0
2578 26 13 -1 0
2579 60 13 1 0
2580 93 13 0 1
2581 54 0 1 0
2582 25 21 -1 0
2583 61 16 0 -1
2584 9 35 0 -1
2585 44 24 -1 0
2586 25 39 0 1
2587 93 32 0 1
2588 60 3 -1 0
2589 3 2 0 1
2590 28 20 0 -1
2591 92 23 0 -1
2592 65 6 1 0
2593 50 15 -1 0
2594 44 15 1 0
2595 24 3 0 -1
2596 44 13 0 1
2597 50 24 -1 0
2598 57 12 0 -1
2599 9 14 1 0
2600 25 15 -1 0
2601 78 18 1 0
2602 67 27 1 0
2603 27 13 1 0
2604 66 2 -1 0
2605 56 14 0 1
2606 35 22 -1 0
2607 14 17 1 0
2608 25 36 1 0
2609 92 21 -1 0
2610 46 34 0 1
2611 17 1 0 1
2612 43 29 0 -1
2613 27 39 0 1
2614 94 10 -1 0
2615 94 12 -1 0
2616 26 9 0 1
2617 25 33 0 1
2618 29 18 1 0
2619 38 37 0 -1
2620 30 29 1 0
2621 98 38 0 1
2622 27 0 -1 0
2623 45 35 0 1
2624 93 23 0 1
2625 29 2 1 0
2626 64 3 0 1
2627 37 3 1 0
2628 5 27 0 1
2629 6 33 0 1
2630 18 20 0 -1
2631 47 12 0 1
2632 81 1 0 1
2633 31 32 1 0
2634 30 27 0 1
2635 31 28 -1 0
2636 17 38 0 -1
2637 21 7 -1 0
2638 25 10 0 -1
2639 55 5 0 1
2640 86 29 1 0
2641 38 28 -1 0
2642 90 29 1 0
2643 60 22 0 1
2644 41 23 0 -1
2645 66 28 1 0
2646 40 33 1 0
2647 30 17 1 0
2648 54 29 0 -1
2649 93 18 1 0
2650 23 3 1 0
2651 17 23 -1 0
2652 97 36 0 1
2653 47 29 1 0
2654 41 0 -1 0
2655 66 22 0 -1
2656 35 38 0 1
2657 93 24 0 1
2658 34 10 0 -1
2659 26 35 -1 0
2660 42 21 0 1
2661 69 20 -1 0
2662 48 4 0 1
2663 22 14 0 -1
2664 43 28 -1 0
2665 25 5 0 -1
2666 44 12 0 -1
2667 4 31 0 -1
2668 46 21 0 1
2669 73 17 -1 0
2670 97 38 -1 0
2671 4 17 1 0
2672 84 1 1 0
2673 22 5 0 1
2674 50 1 0 1
2675 12 20 0 -1
2676 31 38 0 -1
2677 4 13 1 0
2678 65 32 0 1
2679 25 11 1 0
2680 30 18 0 1
2681 38 17 1 0
2682 96 37 0 1
2683 24 38 1 0
2684 29 23 1 0
2685 26 16 -1 0
2686 42 19 0 1
2687 51 3 -1 0
2688 43 14 0 -1
2689 58 15 -1 0
2690 65 21 1 0
2691 78 29 0 -1
2692 11 13 0 1
2693 40 12 -1 0
2694 38 25 -1 0
2695 28 1 -1 0
2696 48 9 0 1
2697 96 7 1 0
2698 9 36 1 0
2699 53 7 1 0
2700 9 34 -1 0
2701 41 20 -1 0
2702 43 2 -1 0
2703 98 0 0 1
2704 27 33 1 0
2705 11 2 0 1
2706 55 4 0 1
2707 22 35 -1 0
2708 43 15 -1 0
2709 44 13 0 -1
2710 63 17 -1 0
2711 40 17 0 1
2712 12 9 0 1
2713 15 7 -1 0
2714 43 37 -1 0
2715 88 15 1 0
2716 6 25 1 0
2717 43 13 -1 0
2718 87 24 -1 0
2719 30 26 -1 0
2720 94 24 0 -1
2721 48 26 -1 0
2722 45 19 0 -1
2723 43 23 -1 0
2724 77 14 1 0
2725 87 9 -1 0
2726 39 32 1 0
2727 43 4 0 -1
2728 30 23 0 1
2729 3 0 0 1
2730 14 30 0 1
2731 57 9 0 1
2732 27 6 -1 0
2733 21 14 0 1
2734 53 11 1 0
2735 92 28 0 1
2736 22 12 0 1
2737 51 34 -1 0
2738 29 14 0 1
2739 76 20 -1 0
2740 31 3 0 -1
2741 56 16 0 -1
2742 64 5 0 1
2743 4 5 0 -1
2744 64 30 0 1
2745 23 6 1 0
2746 69 38 0 1
2747 30 9 0 -1
2748 53 31 -1 0
2749 91 28 1 0
2750 93 12 0 1
2751 80 32 1 0
2752 43 7 0 -1
2753 48 30 1 0
2754 88 12 0 1
2755 82 35 -1 0
2756 49 22 0 1
2757 82 12 -1 0
2758 45 25 -1 0
2759 40 24 0 -1
2760 96 22 0 -1
2761 86 6 0 -1
2762 58 32 0 1
2763 40 12 -1 0
2764 7 1 0 1
2765 81 19 1 0
2766 15 19 0 -1
2767 22 5 0 -1
2768 21 5 1 0
2769 97 7 1 0
2770 26 9 1 0
2771 43 2 0 -1
2772 38 23 1 0
2773 14 24 1 0
2774 88 31 -1 0
2775 25 11 0 -1
2776 82 21 1 0
2777 42 29 0 -1
2778 89 8 1 0
2779 55 18 -1 0
2780 82 7 0 -1
2781 90 32 1 0
2782 31 5 -1 0
2783 40 0 1 0
2784 63 9 0 1
2785 44 1 -1 0
2786 94 32 0 1
2787 85 12 0 1
2788 40 13 1 0
2789 5 29 0 1
2790 59 12 0 1
2791 45 11 -1 0
2792 56 37 1 0
2793 23 29 0 1
2794 43 15 0 -1
2795 72 26 -1 0
2796 30 17 0 1
2797 9 36 -1 0
2798 16 20 1 0
2799 97 20 0 -1
2800 40 32 -1 0
2801 57 17 -1 0
2802 66 36 0 -1
2803 41 11 0 -1
2804 62 9 1 0
2805 19 0 1 0
2806 19 39 1 0
2807 17 5 -1 0
2808 40 22 0 -1
2809 94 4 -1 0
2810 52 39 0 -1
2811 55 17 1 0
2812 24 6 0 -1
2813 46 10 -1 0
2814 3 38 0 1
2815 94 29 1 0
2816 13 18 -1 0
2817 40 11 0 1
2818 19 11 -1 0
2819 76 19 -1 0
2820 2 26 0 -1
2821 5 16 1 0
2822 90 5 1 0
2823 62 26 0 -1
2824 3 23 -1 0
2825 51 30 0 1
2826 93 22 -1 0
2827 70 7 1 0
2828 84 16 -1 0
2829 72 15 -1 0
2830 38 31 0 -1
2831 67 35 -1 0
2832 81 0 1 0
2833 2 20 0 -1
2834 30 12 0 1
2835 31 21 -1 0
2836 46 15 0 -1
2837 10 28 0 1
2838 62 16 0 -1
2839 21 17 1 0
2840 38 22 0 1
2841 81 12 0 -1
2842 70 15 0 -1
2843 37 25 -1 0
2844 38 13 -1 0
2845 46 35 1 0
2846 0 24 0 1
2847 42 34 0 -1
2848 25 31 -1 0
2849 49 18 0 1
2850 8 19 0 -1
2851 24 37 -1 0
2852 82 3 1 0
2853 85 29 0 -1
2854 57 16 0 -1
2855 89 6 0 1
2856 92 18 0 -1
2857 22 38 0 -1
2858 48 37 0 -1
2859 29 33 1 0
2860 13 30 0 -1
2861 42 27 -1 0
2862 45 27 -1 0
2863 40 10 1 0
2864 84 33 1 0
2865 24 12 1 0
2866 94 38 -1 0
2867 11 19 1 0
2868 4 19 0 1
2869 41 10 1 0
2870 10 6 -1 0
2871 1 34 0 1
2872 29 18 0 -1
2873 41 26 0 1
2874 36 17 0 -1
2875 74 6 1 0
2876 43 32 -1 0
2877 65 22 -1 0
2878 49 33 0 -1
2879 30 37 1 0
2880 73 6 0 -1
2881 98 23 1 0
2882 93 27 -1 0
2883 47 2 -1 0
2884 3 15 1 0
2885 37 12 -1 0
2886 44 3 -1 0
2887 47 0 0 -1
2888 51 17 -1 0
2889 75 10 0 1
2890 30 34 -1 0
2891 17 3 0 1
2892 40 31 0 1
2893 66 38 1 0
2894 34 8 1 0
2895 77 36 0 1
2896 26 18 1 0
2897 47 7 0 -1
2898 37 11 -1 0
2899 39 16 0 1
2900 29 7 1 0
2901 7 24 1 0
2902 88 33 -1 0
2903 19 17 0 -1
2904 21 30 0 1
2905 7 14 -1 0
2906 39 12 0 1
2907 68 8 0 -1
2908 97 39 0 -1
2909 80 35 0 1
2910 72 21 -1 0
2911 26 10 0 -1
2912 62 33 0 1
2913 25 20 1 0
2914 5 13 0 1
2915 30 36 -1 0
2916 46 36 0 1
2917 41 35 0 1
2918 32 20 1 0
2919 16 16 -1 0
2920 91 17 0 -1
2921 83 18 -1 0
2922 14 30 0 -1
2923 43 22 -1 0
2924 3 32 1 0
2925 25 31 -1 0
2926 22 29 0 1
2927 44 7 0 1
2928 29 1 0 1
2929 67 0 0 1
2930 25 8 1 0
2931 66 1 1 0
2932 1 12 1 0
2933 47 14 0 1
2934 43 5 0 1
2935 18 3 0 1
2936 90 17 0 -1
2937 22 33 0 1
2938 83 6 0 1
2939 31 10 1 0
2940 12 14 1 0
2941 74 26 -1 0
2942 79 22 0 -1
2943 9 32 0 1
2944 38 0 1 0
2945 2 10 -1 0
2946 1 14 1 0
2947 44 14 0 -1
2948 46 18 0 1
2949 8 21 -1 0
2950 3 25 0 1
2951 76 13 0 1
2952 91 6 1 0
2953 78 6 -1 0
2954 62 1 0 -1
2955 33 21 0 -1
2956 70 26 0 -1
2957 0 22 1 0
2958 82 17 0 1
2959 18 7 0 -1
2960 39 17 1 0
2961 58 24 -1 0
2962 44 23 0 -1
2963 5 2 0 -1
2964 94 6 1 0
2965 6 24 0 1
2966 49 6 0 1
2967 70 35 0 -1
2968 90 22 1 0
2969 60 22 0 -1
2970 75 6 -1 0
2971 67 6 -1 0
2972 91 7 1 0
2973 13 10 1 0
2974 44 35 1 0
2975 50 0 1 0
2976 24 29 0 1
2977 42 32 0 1
2978 23 36 -1 0
2979 39 21 0 1
2980 99 19 0 1
2981 41 6 1 0
2982 7 9 0 -1
2983 37 10 -1 0
2984 12 19 1 0
2985 19 20 0 1
2986 93 25 0 -1
2987 15 26 1 0
2988 47 8 -1 0
2989 91 29 0 1
2990 22 13 1 0
2991 60 24 0 1
2992 40 28 1 0
2993 47 9 -1 0
2994 3 23 0 1
2995 70 5 1 0
2996 28 3 0 -1
2997 7 3 0 1
2998 22 14 1 0
2999 32 21 -1 0
3000 35 24 -1 0
3001 29 24 0 1
3002 46 10 -1 0
3003 48 31 1 0
3004 81 27 0 -1
3005 27 29 0 -1
3006 69 38 -1 0
3007 91 25 0 1
3008 49 3 1 0
3009 51 4 1 0
3010 56 3 -1 0
3011 16 18 -1 0
3012 37 2 -1 0
3013 39 4 0 -1
3014 37 18 0 1
3015 16 9 1 0
3016 17 10 0 1
3017 26 7 -1 0
3018 27 13 0 1
3019 20 24 -1 0
3020 24 13 1 0
3021 99 37 -1 0
3022 21 4 -1 0
3023 53 37 -1 0
3024 0 26 1 0
3025 6 24 0 1
3026 12 39 1 0
3027 96 25 1 0
3028 54 0 0 1
3029 90 22 0 1
3030 35 30 -1 0
3031 86 3 -1 0
3032 63 28 -1 0
3033 81 37 0 1
3034 19 15 0 1
3035 25 12 0 1
3036 36 9 0 1
3037 26 38 0 1
3038 52 5 0 1
3039 8 1 0 -1
3040 26 28 0 1
3041 50 29 0 -1
3042 47 31 0 -1
3043 57 23 -1 0
3044 44 37 0 1
3045 3 22 0 -1
3046 83 4 -1 0
3047 8 11 1 0
3048 59 3 -1 0
3049 24 9 1 0
3050 7 13 0 -1
3051 83 14 0 -1
3052 15 29 -1 0
3053 24 20 0 1
3054 73 12 1 0
3055 90 27 0 1
3056 74 1 0 -1
3057 42 34 0 -1
3058 39 21 0 1
3059 38 1 0 1
3060 43 1 0 -1
3061 96 9 0 -1
3062 41 24 -1 0
3063 95 32 0 -1
3064 49 25 0 1
3065 51 9 0 -1
3066 78 28 -1 0
3067 56 13 0 1
3068 88 26 -1 0
3069 38 16 -1 0
3070 5 9 0 -1
3071 37 6 0 1
3072 2 0 0 -1
3073 39 7 -1 0
3074 52 0 0 -1
3075 41 36 -1 0
3076 87 7 0 -1
3077 46 2 -1 0
3078 85 9 0 -1
3079 24 15 1 0
3080 21 37 1 0
3081 29 28 -1 0
3082 64 38 0 1
3083 52 0 0 1
3084 56 23 0 1
3085 90 9 0 1
3086 19 39 -1 0
3087 51 20 1 0
3088 90 23 -1 0
3089 28 3 1 0
3090 97 27 1 0
3091 9 1 0 1
3092 39 20 0 -1
3093 23 34 0 -1
3094 27 29 1 0
3095 45 6 1 0
3096 94 2 1 0
3097 39 30 0 -1
3098 42 24 -1 0
3099 60 6 0 1
3100 91 1 0 -1
3101 36 14 -1 0
3102 16 20 -1 0
3103 40 1 0 1
3104 93 4 0 1
3105 11 8 1 0
3106 36 6 -1 0
3107 45 19 -1 0
3108 23 38 -1 0
3109 80 14 1 0
3110 91 2 1 0
3111 74 27 -1 0
3112 19 11 1 0
3113 48 1 1 0
3114 78 23 1 0
3115 58 17 0 1
3116 47 37 -1 0
3117 97 29 0 -1
3118 97 3 1 0
3119 48 1 1 0
3120 19 35 1 0
3121 19 14 -1 0
3122 18 27 0 1
3123 91 36 1 0
3124 27 1 1 0
3125 29 35 -1 0
3126 74 1 0 -1
3127 91 26 0 -1
3128 10 16 0 1
3129 91 17 0 1
3130 43 12 0 -1
3131 83 30 -1 0
3132 36 20 1 0
3133 4 22 1 0
3134 38 32 0 -1
3135 20 2 0 1
3136 87 30 0 -1
3137 2 0 0 -1
3138 14 22 0 1
3139 30 28 0 -1
3140 98 6 -1 0
3141 48 9 0 -1
3142 25 4 1 0
3143 17 24 1 0
3144 48 10 0 -1
3145 39 19 0 -1
3146 16 8 0 -1
3147 92 6 0 1
3148 24 12 0 1
3149 1 37 1 0
3150 23 15 0 1
3151 52 8 0 1
3152 71 36 -1 0
3153 68 18 1 0
3154 3 22 0 1
3155 11 2 0 -1
3156 37 13 -1 0
3157 20 10 1 0
3158 49 2 0 1
3159 17 28 1 0
3160 57 30 0 1
3161 91 24 0 -1
3162 53 26 0 1
3163 21 38 0 -1
3164 48 35 0 1
3165 1 36 0 1
3166 24 32 -1 0
3167 51 31 1 0
3168 66 1 0 -1
3169 4 32 -1 0
3170 95 0 0 -1
3171 15 4 0 -1
3172 0 30 -1 0
3173 39 22 0 -1
3174 41 39 1 0
3175 89 19 0 -1
3176 25 9 -1 0
3177 27 14 0 -1
3178 97 36 0 1
3179 3 26 1 0
3180 67 12 -1 0
3181 19 2 1 0
3182 23 1 1 0
3183 22 3 1 0
3184 14 18 1 0
3185 12 29 0 -1
3186 69 30 1 0
3187 37 20 0 1
3188 44 10 0 1
3189 26 37 -1 0
3190 74 13 1 0
3191 39 16 1 0
3192 39 14 -1 0
3193 41 4 1 0
3194 48 28 0 -1
3195 7 19 0 -1
3196 10 37 -1 0
3197 29 34 -1 0
3198 17 34 -1 0
3199 33 30 -1 0
3200 43 34 -1 0
3201 89 16 -1 0
3202 26 25 0 1
3203 7 31 0 -1
3204 84 22 -1 0
3205 41 26 -1 0
3206 93 9 1 0
3207 56 7 0 -1
3208 19 26 0 1
3209 98 5 -1 0
3210 43 35 0 -1
3211 80 18 0 1
3212 19 31 0 1
3213 30 2 0 -1
3214 21 14 1 0
3215 38 22 0 1
3216 25 10 1 0
3217 26 26 0 -1
3218 29 6 1 0
3219 64 29 0 1
3220 78 30 0 -1
3221 74 26 1 0
3222 44 20 0 1
3223 42 30 1 0
3224 37 34 -1 0
3225 37 29 1 0
3226 10 17 1 0
3227 85 15 1 0
3228 50 16 0 1
3229 95 3 1 0
3230 84 33 0 1
3231 21 1 1 0
3232 17 39 -1 0
3233 42 16 0 -1
3234 48 13 0 -1
3235 24 9 0 -1
3236 24 30 0 -1
3237 21 22 -1 0
3238 25 37 0 1
3239 80 32 0 -1
3240 93 29 -1 0
3241 28 7 1 0
3242 15 5 0 1
3243 15 3 0 1
3244 49 31 0 1
3245 86 16 0 1
3246 38 4 -1 0
3247 10 38 0 -1
3248 38 24 0 1
3249 78 29 0 1
3250 44 35 1 0
3251 30 7 0 -1
3252 40 29 0 1
3253 13 17 0 -1
3254 4 18 1 0
3255 91 12 0 1
3256 78 25 -1 0
3257 8 38 0 -1
3258 33 15 -1 0
3259 93 33 0 -1
3260 59 4 -1 0
3261 83 39 1 0
3262 40 1 1 0
3263 57 13 0 -1
3264 16 17 0 -1
3265 93 30 0 1
3266 28 10 0 1
3267 41 33 1 0
3268 39 13 0 -1
3269 91 20 0 1
3270 30 36 1 0
3271 35 8 0 -1
3272 44 37 -1 0
3273 38 36 0 -1
3274 21 13 0 1
3275 23 37 -1 0
3276 10 6 1 0
3277 31 12 0 1
3278 20 25 -1 0
3279 73 1 1 0
3280 74 37 0 -1
3281 37 19 0 -1
3282 77 11 0 -1
3283 73 12 -1 0
3284 40 29 -1 0
3285 96 19 0 -1
3286 52 14 0 -1
3287 2 28 0 -1
3288 42 32 0 1
3289 37 9 -1 0
3290 4 24 0 1
3291 90 27 -1 0
3292 22 7 -1 0
3293 20 18 -1 0
3294 24 21 -1 0
3295 72 17 -1 0
3296 41 9 0 -1
3297 95 8 1 0
3298 23 29 0 1
3299 24 16 0 -1
3300 29 18 0 1
3301 5 5 1 0
3302 38 5 1 0
3303 32 20 1 0
3304 60 21 1 0
3305 22 20 -1 0
3306 47 13 0 1
3307 9 7 0 1
3308 49 9 0 1
3309 93 39 -1 0
3310 46 4 0 1
3311 41 25 0 1
3312 42 4 0 1
3313 43 18 1 0
3314 68 7 0 1
3315 90 10 1 0
3316 39 27 -1 0
3317 99 0 0 1
3318 11 0 1 0
3319 47 39 0 1
3320 54 37 1 0
3321 40 20 1 0
3322 27 3 1 0
3323 24 34 1 0
3324 54 6 -1 0
3325 36 21 0 -1
3326 73 17 0 1
3327 50 9 1 0
3328 28 3 0 -1
3329 12 12 0 -1
3330 42 28 0 -1
3331 49 37 0 1
3332 54 2 0 -1
3333 62 2 1 0
3334 27 12 0 1
3335 92 11 0 1
3336 42 21 0 -1
3337 11 35 0 1
3338 85 28 1 0
3339 10 33 1 0
3340 48 6 0 1
3341 0 8 0 1
3342 18 3 0 -1
3343 94 9 0 -1
3344 92 28 0 -1
3345 5 15 1 0
3346 43 31 0 1
3347 22 8 1 0
3348 5 36 1 0
3349 77 19 1 0
3350 22 39 0 -1
3351 97 24 0 -1
3352 93 28 0 1
3353 96 16 -1 0
3354 36 33 0 1
3355 13 25 0 -1
3356 21 18 1 0
3357 99 35 -1 0
3358 47 5 -1 0
3359 47 37 0 1
3360 40 32 0 -1
3361 39 0 1 0
3362 2 5 0 1
3363 87 37 0 -1
3364 16 0 -1 0
3365 45 11 0 1
3366 97 9 0 -1
3367 44 17 1 0
3368 23 24 1 0
3369 21 11 0 1
3370 80 10 0 -1
3371 51 39 1 0
3372 85 10 0 -1
3373 76 22 0 1
3374 94 30 0 1
3375 26 0 -1 0
3376 36 24 1 0
3377 83 28 0 1
3378 25 6 -1 0
3379 46 11 0 1
3380 41 29 0 -1
3381 3 17 -1 0
3382 45 4 0 1
3383 19 2 0 -1
3384 22 30 0 -1
3385 18 20 0 1
3386 62 31 1 0
3387 28 39 1 0
3388 37 5 0 -1
3389 87 14 -1 0
3390 42 31 -1 0
3391 47 38 0 1
3392 37 10 -1 0
3393 4 37 0 1
3394 91 39 0 1
3395 45 9 -1 0
3396 11 37 0 -1
3397 65 27 1 0
3398 36 35 0 -1
3399 42 5 1 0
3400 9 27 0 1
3401 28 5 -1 0
3402 28 34 0 1
3403 20 19 0 -1
3404 62 20 -1 0
3405 40 11 0 1
3406 7 6 -1 0
3407 40 21 1 0
3408 46 33 0 1
3409 91 20 0 1
3410 28 30 -1 0
3411 72 20 1 0
3412 46 38 0 1
3413 16 30 0 1
3414 19 4 0 1
3415 39 13 -1 0
3416 31 34 0 -1
3417 93 4 0 -1
3418 12 14 0 -1
3419 12 26 0 1
3420 1 11 -1 0
3421 12 0 1 0
3422 89 2 0 1
3423 48 10 -1 0
3424 52 29 0 -1
3425 45 6 1 0
3426 43 4 1 0
3427 60 8 0 -1
3428 0 8 0 -1
3429 41 37 0 -1
3430 54 8 1 0
3431 43 5 0 -1
3432 23 33 1 0
3433 78 3 0 -1
3434 91 27 0 -1
3435 2 10 1 0
3436 46 15 0 1
3437 28 2 0 1
3438 21 20 1 0
3439 82 14 0 1
3440 70 29 1 0
3441 55 22 0 1
3442 89 0 -1 0
3443 27 37 0 1
3444 54 18 -1 0
3445 28 39 1 0
3446 51 10 0 1
3447 24 23 0 1
3448 37 24 0 1
3449 8 28 -1 0
3450 84 16 0 -1
3451 94 6 1 0
3452 6 7 -1 0
3453 51 23 1 0
3454 94 9 -1 0
3455 92 39 1 0
3456 98 36 0 1
3457 24 9 0 -1
3458 26 1 0 -1
3459 18 15 0 1
3460 55 27 0 1
3461 41 2 1 0
3462 98 13 -1 0
3463 13 3 0 1
3464 77 6 0 1
3465 20 5 1 0
3466 79 4 0 1
3467 67 13 1 0
3468 64 31 0 1
3469 98 26 0 -1
3470 42 24 0 1
3471 31 1 0 -1
3472 14 9 -1 0
3473 2 31 0 1
3474 19 19 0 1
3475 43 26 1 0
3476 36 30 0 -1
3477 22 38 -1 0
3478 89 7 0 1
3479 10 37 -1 0
3480 99 5 0 1
3481 38 4 -1 0
3482 56 38 -1 0
3483 25 12 0 -1
3484 25 35 1 0
3485 14 14 -1 0
3486 93 21 1 0
3487 59 1 0 -1
3488 57 23 -1 0
3489 12 29 1 0
3490 12 12 1 0
3491 18 33 1 0
3492 63 38 1 0
3493 17 5 1 0
3494 47 35 0 1
3495 41 3 0 -1
3496 38 39 -1 0
3497 10 6 1 0
3498 93 31 -1 0
3499 40 28 0 -1
3500 21 34 0 -1
3501 43 8 -1 0
3502 41 9 -1 0
3503 46 24 -1 0
3504 39 1 -1 0
3505 42 6 1 0
3506 18 1 0 -1
3507 9 33 0 1
3508 41 17 -1 0
3509 33 28 0 -1
3510 30 3 -1 0
3511 41 20 0 1
3512 57 2 0 1
3513 98 31 0 1
3514 15 35 1 0
3515 96 7 0 -1
3516 39 37 0 -1
3517 53 37 0 1
3518 39 2 0 -1
3519 83 21 0 -1
3520 6 14 -1 0
3521 49 39 -1 0
3522 18 24 0 1
3523 87 21 0 1
3524 66 1 -1 0
3525 5 28 1 0
3526 15 22 -1 0
3527 68 33 0 -1
3528 6 15 0 -1
3529 93 25 0 -1
3530 13 37 -1 0
3531 79 17 -1 0
3532 3 37 0 1
3533 3 18 -1 0
3534 59 0 0 1
3535 9 17 0 1
3536 17 39 1 0
3537 6 17 -1 0
3538 81 24 0 -1
3539 37 39 -1 0
3540 42 1 1 0
3541 5 10 -1 0
3542 16 5 0 -1
3543 45 12 0 -1
3544 22 28 -1 0
3545 93 3 -1 0
3546 22 13 1 0
3547 43 31 0 -1
3548 4 7 -1 0
3549 20 11 0 -1
3550 56 26 0 -1
3551 64 6 -1 0
3552 44 10 0 -1
3553 12 0 1 0
3554 17 8 0 1
3555 57 24 -1 0
3556 45 10 1 0
3557 82 19 0 -1
3558 88 17 -1 0
3559 85 18 1 0
3560 39 2 0 1
3561 59 14 -1 0
3562 14 13 0 -1
3563 3 35 -1 0
3564 87 18 -1 0
3565 74 22 0 1
3566 18 26 0 -1
3567 67 7 -1 0
3568 48 13 0 -1
3569 74 20 0 1
3570 52 4 -1 0
3571 12 35 0 1
3572 13 26 -1 0
3573 27 37 1 0
3574 68 30 0 -1
3575 37 35 1 0
3576 42 22 0 -1
3577 52 10 1 0
3578 4 13 0 1
3579 87 23 1 0
3580 12 39 0 1
3581 24 35 -1 0
3582 95 25 0 -1
3583 19 16 1 0
3584 10 34 0 -1
3585 44 36 -1 0
3586 45 0 1 0
3587 48 7 -1 0
3588 5 32 0 -1
3589 9 37 0 -1
3590 37 21 -1 0
3591 14 11 0 -1
3592 82 27 -1 0
3593 32 29 0 1
3594 22 6 1 0
3595 69 26 -1 0
3596 27 38 -1 0
3597 44 0 1 0
3598 73 9 1 0
3599 41 36 0 -1
