0 62 9 1 0
1 8 20 0 -1
2 73 34 0 1
3 40 26 -1 0
4 22 24 -1 0
5 51 32 0 -1
6 24 8 0 1
7 36 27 0 1
8 43 23 0 1
9 11 16 1 0
10 56 2 1 0
11 87 1 0 1
12 27 5 0 -1
13 41 1 0 1
14 31 9 0 -1
15 15 33 0 1
16 27 2 0 -1
17 91 16 -1 0
18 72 11 1 0
19 17 30 0 -1
20 23 22 0 -1
21 48 16 0 -1
22 37 5 0 1
23 41 27 0 1
24 40 17 -1 0
25 37 35 0 1
26 28 5 -1 0
27 25 9 0 1
28 28 11 1 0
29 76 7 -1 0
30 3 17 0 1
31 44 20 1 0
32 91 17 1 0
33 40 36 0 -1
34 27 25 0 1
35 67 19 0 -1
36 98 12 1 0
37 76 13 0 -1
38 42 3 0 1
39 2 4 -1 0
40 83 39 1 0
41 39 10 0 1
42 34 17 -1 0
43 37 15 0 -1
44 78 16 0 1
45 28 1 -1 0
46 80 24 0 1
47 29 32 0 1
48 47 32 -1 0
49 41 38 0 -1
50 55 10 0 -1
51 49 9 0 -1
52 23 7 -1 0
53 53 6 -1 0
54 40 20 0 -1
55 39 1 0 1
56 42 2 1 0
57 7 9 0 -1
58 43 3 0 1
59 46 15 1 0
60 27 38 0 -1
61 82 28 1 0
62 11 24 -1 0
63 31 39 0 -1
64 11 22 1 0
65 27 20 0 -1
66 86 14 0 -1
67 38 15 0 -1
68 5 17 1 0
69 42 36 -1 0
70 83 38 -1 0
71 85 33 1 0
72 87 17 0 1
73 11 17 -1 0
74 16 14 -1 0
75 74 34 0 -1
76 28 33 -1 0
77 40 17 0 1
78 24 29 -1 0
79 12 3 -1 0
80 36 26 1 0
81 16 27 -1 0
82 42 33 0 1
83 0 0 0 1
84 86 38 -1 0
85 28 28 -1 0
86 95 24 0 1
87 38 11 0 1
88 23 23 0 1
89 95 9 1 0
90 40 17 0 -1
91 56 27 0 1
92 94 13 1 0
93 8 5 0 1
94 62 24 -1 0
95 25 30 0 1
96 25 24 0 -1
97 52 9 1 0
98 40 10 1 0
99 68 4 1 0
100 73 32 0 -1
101 22 20 0 -1
102 42 36 1 0
103 27 14 0 -1
104 2 31 -1 0
105 21 3 0 1
106 27 15 0 -1
107 39 18 1 0
108 21 18 1 0
109 5 5 0 1
110 62 5 0 -1
111 16 6 0 1
112 9 12 0 -1
113 40 39 1 0
114 56 33 0 -1
115 93 15 0 1
116 81 37 0 1
117 41 12 1 0
118 3 15 1 0
119 20 37 0 -1
120 32 13 1 0
121 73 4 -1 0
122 75 35 -1 0
123 17 7 1 0
124 45 38 0 -1
125 5 4 0 1
126 25 3 0 -1
127 25 17 -1 0
128 30 0 0 1
129 24 0 1 0
130 22 24 0 -1
131 92 36 1 0
132 24 32 0 1
133 57 24 0 -1
134 12 12 1 0
135 24 19 0 -1
136 29 38 -1 0
137 92 31 1 0
138 99 22 1 0
139 41 31 0 -1
140 48 28 0 1
141 23 2 0 1
142 13 12 -1 0
143 41 32 0 1
144 41 12 0 -1
145 80 32 1 0
146 28 38 0 -1
147 38 37 1 0
148 61 33 0 1
149 47 29 -1 0
150 25 1 1 0
151 13 13 0 1
152 27 13 1 0
153 40 22 -1 0
154 40 37 0 -1
155 22 5 0 -1
156 39 0 -1 0
157 30 20 0 1
158 26 25 1 0
159 2 30 1 0
160 71 22 0 -1
161 42 8 0 -1
162 27 9 1 0
163 1 26 -1 0
164 3 14 0 1
165 96 20 -1 0
166 25 12 0 1
167 42 28 0 -1
168 15 30 -1 0
169 22 16 -1 0
170 28 13 1 0
171 14 25 -1 0
172 27 27 0 -1
173 51 15 1 0
174 20 21 -1 0
175 67 10 1 0
176 8 9 1 0
177 4 25 -1 0
178 18 3 -1 0
179 25 35 -1 0
180 35 5 -1 0
181 23 24 -1 0
182 37 35 0 -1
183 31 5 0 -1
184 57 22 0 1
185 24 16 0 1
186 25 4 -1 0
187 30 30 0 1
188 26 1 1 0
189 8 11 0 1
190 24 3 0 1
191 42 5 1 0
192 63 27 1 0
193 50 10 -1 0
194 39 39 0 1
195 21 37 0 1
196 9 0 1 0
197 55 28 1 0
198 92 22 0 -1
199 24 13 0 1
200 23 5 1 0
201 46 8 0 -1
202 52 15 -1 0
203 13 6 0 1
204 21 8 -1 0
205 52 7 -1 0
206 39 22 0 -1
207 40 6 0 1
208 44 28 0 1
209 77 24 1 0
210 98 26 -1 0
211 40 15 0 1
212 40 30 0 1
213 71 34 1 0
214 88 0 1 0
215 25 16 1 0
216 53 8 0 1
217 37 32 1 0
218 15 30 0 -1
219 45 34 -1 0
220 97 35 0 1
221 10 8 1 0
222 65 17 1 0
223 97 21 -1 0
224 83 4 -1 0
225 45 34 -1 0
226 50 33 0 1
227 42 8 0 -1
228 82 22 0 1
229 62 35 0 1
230 76 38 1 0
231 85 35 0 1
232 61 25 0 1
233 26 36 0 1
234 10 34 0 1
235 80 22 0 -1
236 27 12 0 -1
237 33 8 0 1
238 41 24 0 -1
239 47 14 -1 0
240 9 18 1 0
241 31 33 1 0
242 25 36 -1 0
243 84 38 0 -1
244 39 25 1 0
245 30 8 -1 0
246 35 24 -1 0
247 47 24 -1 0
248 30 27 -1 0
249 25 4 -1 0
250 35 37 0 1
251 2 6 0 1
252 96 22 0 1
253 20 38 -1 0
254 29 3 -1 0
255 36 19 1 0
256 24 27 1 0
257 41 15 0 1
258 42 13 0 -1
259 99 0 -1 0
260 93 21 1 0
261 16 9 0 1
262 92 36 1 0
263 96 4 -1 0
264 67 24 0 1
265 45 32 -1 0
266 47 26 -1 0
267 45 24 1 0
268 55 8 1 0
269 91 20 -1 0
270 28 37 0 -1
271 46 2 -1 0
272 58 34 0 -1
273 38 2 -1 0
274 51 0 0 1
275 37 11 0 1
276 53 14 1 0
277 86 34 0 1
278 21 24 1 0
279 20 23 0 1
280 92 17 0 1
281 40 13 0 -1
282 15 3 0 1
283 60 22 1 0
284 85 19 -1 0
285 41 16 -1 0
286 39 9 1 0
287 16 22 0 -1
288 21 15 -1 0
289 61 12 -1 0
290 27 12 1 0
291 51 20 0 -1
292 29 10 0 1
293 54 35 1 0
294 25 24 -1 0
295 48 35 -1 0
296 41 23 1 0
297 44 12 1 0
298 69 4 1 0
299 24 28 1 0
300 48 37 0 -1
301 38 0 -1 0
302 49 24 0 1
303 0 4 1 0
304 99 26 0 -1
305 43 1 -1 0
306 80 15 1 0
307 47 0 1 0
308 45 1 0 1
309 42 33 0 -1
310 92 30 0 1
311 27 21 1 0
312 20 4 -1 0
313 42 37 -1 0
314 49 1 0 1
315 93 17 -1 0
316 58 6 -1 0
317 42 0 0 -1
318 46 25 -1 0
319 57 21 0 -1
320 28 12 -1 0
321 24 32 -1 0
322 16 6 1 0
323 35 26 0 1
324 46 17 0 1
325 4 2 0 1
326 44 35 -1 0
327 3 32 1 0
328 42 19 -1 0
329 75 28 0 -1
330 44 35 -1 0
331 58 20 0 -1
332 49 18 1 0
333 81 12 -1 0
334 39 11 0 -1
335 54 12 0 -1
336 24 2 0 1
337 38 19 -1 0
338 31 13 1 0
339 3 31 -1 0
340 86 2 0 -1
341 46 31 0 1
342 96 25 1 0
343 42 13 0 -1
344 63 20 1 0
345 48 26 0 1
346 98 9 0 -1
347 2 18 0 -1
348 45 21 0 -1
349 9 5 0 1
350 1 39 -1 0
351 85 29 0 1
352 9 28 -1 0
353 0 28 0 1
354 70 1 0 1
355 84 16 1 0
356 99 3 -1 0
357 28 10 1 0
358 76 7 -1 0
359 26 26 -1 0
360 92 14 1 0
361 28 8 0 1
362 27 22 -1 0
363 21 15 1 0
364 45 35 -1 0
365 22 9 0 -1
366 22 6 0 1
367 41 3 0 -1
368 19 3 -1 0
369 48 29 0 -1
370 21 13 -1 0
371 15 38 0 1
372 18 27 0 -1
373 6 7 -1 0
374 26 22 0 1
375 39 18 1 0
376 49 1 -1 0
377 16 32 1 0
378 92 24 -1 0
379 70 11 -1 0
380 43 37 0 -1
381 40 0 1 0
382 90 5 -1 0
383 7 33 0 1
384 39 22 0 -1
385 26 36 0 1
386 23 39 0 1
387 97 25 -1 0
388 81 16 0 1
389 43 20 0 -1
390 87 6 0 -1
391 4 4 -1 0
392 45 20 0 -1
393 50 27 1 0
394 44 25 -1 0
395 69 1 0 -1
396 8 4 0 -1
397 31 34 0 1
398 47 8 1 0
399 84 4 1 0
400 43 8 -1 0
401 48 22 0 -1
402 24 10 0 1
403 54 3 -1 0
404 98 10 -1 0
405 16 34 0 1
406 17 29 0 -1
407 2 16 0 -1
408 44 17 0 1
409 20 9 0 -1
410 99 35 0 1
411 6 28 1 0
412 27 19 1 0
413 44 16 0 1
414 54 6 -1 0
415 71 32 0 1
416 23 3 0 1
417 42 31 0 1
418 27 10 0 -1
419 75 20 0 1
420 80 25 1 0
421 27 12 0 -1
422 36 1 -1 0
423 4 9 -1 0
424 82 1 1 0
425 37 2 -1 0
426 20 3 0 1
427 14 25 1 0
428 0 28 -1 0
429 39 11 0 -1
430 25 13 0 1
431 23 26 -1 0
432 14 7 -1 0
433 63 12 -1 0
434 28 15 0 -1
435 75 6 0 1
436 29 5 0 -1
437 1 11 0 -1
438 15 36 1 0
439 26 12 1 0
440 43 25 0 1
441 41 38 0 1
442 41 39 1 0
443 31 1 1 0
444 24 8 0 -1
445 43 34 -1 0
446 71 33 1 0
447 81 33 0 -1
448 40 29 0 -1
449 87 11 0 -1
450 39 23 -1 0
451 70 2 -1 0
452 35 39 0 1
453 48 36 1 0
454 89 27 0 1
455 4 13 0 -1
456 41 15 0 1
457 17 30 1 0
458 19 6 -1 0
459 40 14 0 1
460 30 16 1 0
461 36 1 1 0
462 62 14 0 -1
463 29 10 0 1
464 67 29 -1 0
465 88 6 -1 0
466 23 21 1 0
467 73 21 -1 0
468 47 38 -1 0
469 91 2 0 -1
470 24 20 0 1
471 8 15 1 0
472 40 2 0 -1
473 7 39 -1 0
474 48 18 0 -1
475 21 21 1 0
476 47 29 0 -1
477 26 35 0 1
478 39 37 1 0
479 87 34 0 1
480 96 20 0 1
481 76 4 -1 0
482 88 31 1 0
483 40 9 -1 0
484 40 29 1 0
485 28 14 0 -1
486 9 22 0 -1
487 63 34 0 -1
488 37 3 0 1
489 27 17 -1 0
490 53 39 0 1
491 25 22 0 -1
492 2 5 -1 0
493 38 30 1 0
494 43 33 0 1
495 50 6 0 1
496 74 2 1 0
497 81 22 0 1
498 42 18 -1 0
499 7 6 0 1
500 53 15 0 -1
501 44 1 0 1
502 62 23 1 0
503 84 23 0 1
504 92 18 -1 0
505 51 22 0 -1
506 21 12 1 0
507 28 35 0 -1
508 40 26 0 1
509 72 10 -1 0
510 46 17 0 1
511 1 31 0 -1
512 25 13 -1 0
513 12 28 1 0
514 13 8 1 0
515 27 7 0 1
516 24 13 1 0
517 39 31 0 1
518 12 9 0 -1
519 51 14 0 1
520 82 13 1 0
521 76 16 1 0
522 13 7 0 -1
523 69 39 0 -1
524 24 37 0 1
525 33 37 0 -1
526 46 5 0 1
527 64 28 -1 0
528 25 18 0 1
529 36 36 -1 0
530 75 9 -1 0
531 82 34 1 0
532 41 37 0 1
533 3 33 1 0
534 2 7 -1 0
535 77 24 1 0
536 41 33 -1 0
537 3 21 1 0
538 43 32 1 0
539 34 0 -1 0
540 50 36 0 1
541 31 31 1 0
542 9 10 -1 0
543 93 31 -1 0
544 16 10 1 0
545 80 5 -1 0
546 90 17 0 -1
547 31 32 -1 0
548 89 10 0 1
549 25 28 1 0
550 7 25 1 0
551 1 11 0 -1
552 26 29 -1 0
553 48 26 0 -1
554 50 14 1 0
555 85 27 0 1
556 21 14 0 -1
557 38 16 -1 0
558 45 12 0 1
559 76 20 0 -1
560 69 7 0 1
561 25 35 0 -1
562 23 7 0 -1
563 8 13 -1 0
564 43 5 1 0
565 26 26 0 -1
566 82 27 0 -1
567 0 38 0 -1
568 62 15 -1 0
569 65 30 -1 0
570 31 22 0 -1
571 90 34 -1 0
572 47 11 0 1
573 26 10 0 -1
574 21 24 -1 0
575 45 14 0 -1
576 79 3 1 0
577 70 16 0 1
578 97 17 -1 0
579 21 25 1 0
580 94 39 0 1
581 77 18 1 0
582 27 4 1 0
583 45 13 0 1
584 22 22 0 -1
585 87 38 1 0
586 19 1 0 -1
587 92 4 0 1
588 17 36 0 1
589 92 23 -1 0
590 64 11 0 1
591 37 15 -1 0
592 14 14 -1 0
593 18 5 -1 0
594 31 15 1 0
595 53 30 1 0
596 91 18 0 -1
597 35 38 0 -1
598 12 3 1 0
599 27 27 0 -1
600 9 23 0 1
601 86 28 0 -1
602 13 38 0 -1
603 88 23 1 0
604 38 24 -1 0
605 97 19 0 1
606 49 39 0 1
607 16 11 1 0
608 11 19 0 1
609 39 35 0 1
610 14 33 0 -1
611 82 9 -1 0
612 42 23 -1 0
613 19 8 0 1
614 93 14 0 1
615 84 15 0 1
616 28 22 -1 0
617 68 6 -1 0
618 42 24 0 -1
619 25 34 0 1
620 59 27 0 1
621 81 38 0 1
622 54 21 0 1
623 37 31 0 1
624 3 28 -1 0
625 27 5 0 1
626 46 37 0 1
627 45 1 0 1
628 38 8 1 0
629 93 29 -1 0
630 41 31 -1 0
631 94 28 1 0
632 47 14 1 0
633 19 23 0 -1
634 78 12 0 1
635 81 7 0 1
636 20 11 -1 0
637 23 28 0 1
638 31 17 1 0
639 23 7 0 1
640 21 3 -1 0
641 3 38 0 1
642 54 6 -1 0
643 28 25 0 -1
644 38 12 0 1
645 36 17 1 0
646 13 4 -1 0
647 53 0 0 -1
648 91 1 0 1
649 86 32 1 0
650 56 16 -1 0
651 78 31 0 1
652 99 12 -1 0
653 43 29 -1 0
654 23 1 1 0
655 83 3 0 1
656 33 18 0 -1
657 42 19 -1 0
658 47 10 1 0
659 28 16 1 0
660 47 10 1 0
661 13 22 0 -1
662 14 4 -1 0
663 23 8 1 0
664 43 14 0 1
665 27 26 -1 0
666 37 27 0 -1
667 53 2 0 -1
668 0 29 0 1
669 57 32 -1 0
670 41 7 1 0
671 48 26 0 1
672 31 9 1 0
673 40 1 0 -1
674 37 30 -1 0
675 42 39 -1 0
676 23 6 -1 0
677 65 10 0 1
678 32 18 -1 0
679 20 6 0 -1
680 39 5 0 -1
681 47 33 -1 0
682 40 9 -1 0
683 23 0 0 -1
684 9 10 -1 0
685 28 11 -1 0
686 36 28 0 1
687 36 17 0 1
688 78 15 0 1
689 26 30 0 -1
690 60 33 -1 0
691 53 20 0 1
692 78 34 0 -1
693 30 17 0 -1
694 32 24 -1 0
695 25 10 0 -1
696 60 15 -1 0
697 42 15 1 0
698 6 25 1 0
699 20 8 1 0
700 67 17 0 -1
701 32 33 0 -1
702 89 14 0 1
703 43 19 0 1
704 36 8 -1 0
705 2 21 0 1
706 66 3 1 0
707 77 6 0 1
708 35 27 -1 0
709 41 22 1 0
710 76 38 0 1
711 15 11 0 -1
712 47 28 1 0
713 92 18 0 -1
714 96 37 -1 0
715 25 17 -1 0
716 25 15 -1 0
717 49 20 1 0
718 30 23 0 -1
719 37 22 -1 0
720 73 29 0 -1
721 19 4 -1 0
722 36 32 0 1
723 29 0 0 -1
724 25 1 0 -1
725 57 38 -1 0
726 76 29 1 0
727 84 15 0 -1
728 75 0 0 -1
729 95 12 -1 0
730 76 35 1 0
731 28 10 0 1
732 42 38 0 1
733 21 27 0 1
734 29 25 -1 0
735 22 2 0 -1
736 42 28 0 -1
737 97 34 0 -1
738 23 35 0 -1
739 43 7 -1 0
740 68 19 0 -1
741 97 9 -1 0
742 21 14 -1 0
743 43 1 -1 0
744 37 22 0 -1
745 30 4 -1 0
746 18 6 1 0
747 13 38 0 1
748 83 12 0 1
749 93 5 0 1
750 44 34 0 -1
751 29 12 1 0
752 1 12 1 0
753 93 16 0 -1
754 30 24 -1 0
755 8 36 1 0
756 40 33 1 0
757 70 27 0 1
758 89 32 0 1
759 19 3 -1 0
760 40 39 0 1
761 27 14 -1 0
762 31 36 0 -1
763 55 14 0 -1
764 28 2 0 -1
765 12 10 1 0
766 91 3 0 -1
767 37 9 0 1
768 2 35 0 1
769 40 16 -1 0
770 19 6 0 -1
771 22 1 0 1
772 22 7 0 1
773 3 12 0 1
774 11 21 1 0
775 10 15 1 0
776 54 27 0 1
777 7 6 0 -1
778 84 1 1 0
779 46 26 1 0
780 41 31 -1 0
781 2 14 1 0
782 20 24 1 0
783 84 13 0 1
784 50 9 -1 0
785 60 26 -1 0
786 81 28 -1 0
787 80 14 0 1
788 51 6 0 1
789 87 9 1 0
790 47 23 -1 0
791 41 18 0 1
792 27 9 0 1
793 18 25 1 0
794 40 29 0 1
795 3 24 -1 0
796 24 2 0 -1
797 39 37 0 -1
798 23 4 -1 0
799 40 36 0 1
800 74 15 0 1
801 6 16 0 -1
802 43 25 -1 0
803 88 3 1 0
804 25 10 0 -1
805 48 8 0 -1
806 40 28 0 1
807 42 25 0 -1
808 23 4 0 -1
809 3 36 -1 0
810 26 25 1 0
811 73 38 -1 0
812 34 32 -1 0
813 84 14 0 1
814 28 32 0 -1
815 64 6 1 0
816 50 33 -1 0
817 39 7 -1 0
818 61 35 1 0
819 38 2 1 0
820 25 0 0 1
821 16 16 1 0
822 88 32 1 0
823 32 0 0 1
824 34 1 -1 0
825 21 17 0 1
826 74 22 0 1
827 82 5 1 0
828 17 6 0 1
829 21 36 1 0
830 35 29 -1 0
831 7 18 -1 0
832 53 14 1 0
833 14 5 1 0
834 41 25 -1 0
835 41 10 0 -1
836 43 35 0 -1
837 47 10 0 -1
838 45 12 0 1
839 38 8 0 1
840 19 24 1 0
841 99 23 0 1
842 71 26 0 -1
843 17 39 0 1
844 32 3 1 0
845 45 4 -1 0
846 12 20 1 0
847 92 18 0 1
848 58 33 0 -1
849 51 0 0 -1
850 2 17 0 -1
851 0 20 1 0
852 21 3 0 1
853 60 4 0 1
854 43 28 0 -1
855 58 23 0 1
856 46 25 0 -1
857 19 33 -1 0
858 23 9 0 -1
859 48 27 -1 0
860 45 27 0 1
861 2 29 0 1
862 23 23 0 1
863 35 26 -1 0
864 47 14 0 -1
865 26 13 -1 0
866 41 8 0 -1
867 29 31 0 -1
868 46 0 1 0
869 38 21 0 -1
870 4 20 1 0
871 41 13 -1 0
872 20 10 1 0
873 86 20 0 -1
874 43 35 0 1
875 27 38 1 0
876 37 32 0 -1
877 15 23 -1 0
878 98 30 0 1
879 87 19 0 -1
880 11 1 1 0
881 39 3 0 -1
882 63 28 0 1
883 57 14 1 0
884 23 20 0 1
885 92 34 -1 0
886 21 26 1 0
887 95 13 -1 0
888 31 3 1 0
889 36 4 0 -1
890 89 30 0 1
891 38 10 0 1
892 66 2 1 0
893 55 27 0 -1
894 43 22 -1 0
895 49 10 1 0
896 3 22 0 1
897 9 16 0 1
898 94 22 0 -1
899 39 30 -1 0
900 68 23 0 -1
901 92 25 0 -1
902 36 22 1 0
903 7 37 1 0
904 15 21 1 0
905 31 8 0 1
906 9 5 -1 0
907 24 4 -1 0
908 5 20 -1 0
909 83 38 0 1
910 29 10 1 0
911 48 36 0 -1
912 41 35 1 0
913 42 15 0 -1
914 37 3 0 1
915 46 21 1 0
916 35 37 0 1
917 42 31 1 0
918 9 22 0 -1
919 8 3 -1 0
920 30 12 -1 0
921 38 36 0 1
922 60 37 1 0
923 85 26 -1 0
924 21 2 0 1
925 14 8 0 -1
926 46 1 -1 0
927 23 16 0 1
928 45 39 1 0
929 86 24 1 0
930 77 7 0 1
931 36 35 0 -1
932 22 29 -1 0
933 16 21 1 0
934 27 36 0 1
935 62 39 -1 0
936 76 3 0 -1
937 6 6 1 0
938 94 32 0 -1
939 32 1 0 -1
940 42 36 -1 0
941 44 5 -1 0
942 27 18 0 1
943 39 15 0 -1
944 89 18 0 -1
945 24 39 0 1
946 81 17 1 0
947 45 0 -1 0
948 97 7 1 0
949 25 5 0 -1
950 3 5 0 1
951 29 15 1 0
952 53 7 1 0
953 3 5 0 1
954 10 12 0 -1
955 6 10 1 0
956 43 34 0 1
957 11 23 0 -1
958 26 32 1 0
959 72 11 -1 0
960 39 33 1 0
961 42 0 0 -1
962 23 10 -1 0
963 28 13 1 0
964 45 30 0 1
965 40 20 0 1
966 23 21 0 1
967 50 4 -1 0
968 64 2 -1 0
969 18 22 0 1
970 32 5 0 -1
971 18 16 0 1
972 12 20 -1 0
973 32 18 0 -1
974 53 27 -1 0
975 54 26 1 0
976 25 23 0 -1
977 17 25 0 -1
978 94 4 -1 0
979 41 19 0 -1
980 65 30 -1 0
981 70 14 -1 0
982 30 14 -1 0
983 37 23 -1 0
984 71 5 0 -1
985 58 34 1 0
986 83 8 -1 0
987 91 14 0 1
988 41 36 -1 0
989 37 37 0 1
990 7 34 0 1
991 24 17 1 0
992 23 5 -1 0
993 78 33 0 1
994 52 4 -1 0
995 20 4 0 -1
996 78 30 1 0
997 40 23 0 1
998 3 10 -1 0
999 97 27 1 0
1000 15 6 -1 0
1001 2 16 -1 0
1002 96 12 0 -1
1003 96 6 0 -1
1004 30 10 -1 0
1005 37 22 0 -1
1006 9 0 0 -1
1007 25 8 0 -1
1008 20 29 0 1
1009 14 4 -1 0
1010 76 28 0 -1
1011 30 35 0 1
1012 43 6 0 1
1013 66 39 0 1
1014 1 33 -1 0
1015 47 30 -1 0
1016 78 7 0 1
1017 8 36 1 0
1018 38 24 0 1
1019 44 36 -1 0
1020 38 29 0 1
1021 40 18 1 0
1022 39 39 1 0
1023 36 6 0 1
1024 98 11 1 0
1025 19 38 1 0
1026 29 6 -1 0
1027 4 7 1 0
1028 29 30 0 -1
1029 45 26 0 1
1030 74 25 0 -1
1031 42 28 1 0
1032 41 35 1 0
1033 21 19 0 -1
1034 95 36 -1 0
1035 36 18 -1 0
1036 22 17 -1 0
1037 64 27 0 -1
1038 91 3 1 0
1039 89 30 1 0
1040 43 16 0 -1
1041 38 3 0 -1
1042 52 24 0 -1
1043 32 16 1 0
1044 84 31 0 -1
1045 44 15 0 1
1046 27 29 0 -1
1047 19 20 0 1
1048 39 29 0 1
1049 90 16 1 0
1050 37 7 0 -1
1051 29 37 0 1
1052 43 21 0 1
1053 14 33 1 0
1054 27 23 0 -1
1055 57 18 0 -1
1056 49 8 -1 0
1057 1 12 1 0
1058 42 37 -1 0
1059 51 30 0 -1
1060 42 32 0 1
1061 31 13 1 0
1062 47 35 -1 0
1063 17 11 1 0
1064 58 18 0 -1
1065 91 8 0 -1
1066 68 27 0 -1
1067 12 28 1 0
1068 31 1 0 -1
1069 97 35 1 0
1070 85 10 0 1
1071 21 28 0 -1
1072 7 34 0 -1
1073 70 19 0 -1
1074 18 12 1 0
1075 51 32 1 0
1076 39 13 -1 0
1077 54 30 -1 0
1078 13 6 1 0
1079 28 17 1 0
1080 30 13 -1 0
1081 21 12 0 1
1082 37 24 -1 0
1083 19 34 0 -1
1084 37 31 -1 0
1085 30 38 1 0
1086 21 24 -1 0
1087 59 22 -1 0
1088 80 28 1 0
1089 36 18 0 -1
1090 58 19 0 1
1091 61 11 1 0
1092 20 26 1 0
1093 32 1 1 0
1094 98 21 1 0
1095 81 24 0 1
1096 41 11 -1 0
1097 48 6 0 -1
1098 38 28 0 1
1099 81 18 -1 0
1100 83 25 0 1
1101 44 7 0 1
1102 78 35 -1 0
1103 37 1 0 1
1104 49 3 0 -1
1105 85 15 0 1
1106 21 7 0 -1
1107 46 15 1 0
1108 81 17 1 0
1109 27 16 1 0
1110 53 37 0 1
1111 89 28 0 1
1112 57 39 -1 0
1113 37 32 1 0
1114 11 3 0 1
1115 49 16 -1 0
1116 7 14 -1 0
1117 53 34 0 1
1118 23 24 0 -1
1119 18 19 1 0
1120 6 26 0 -1
1121 64 35 0 -1
1122 38 39 1 0
1123 49 5 1 0
1124 72 8 1 0
1125 13 23 0 1
1126 24 17 1 0
1127 48 0 0 -1
1128 42 27 1 0
1129 94 15 0 1
1130 43 32 0 1
1131 88 38 0 -1
1132 40 7 -1 0
1133 25 4 1 0
1134 44 22 0 -1
1135 82 34 0 -1
1136 82 10 0 1
1137 83 5 1 0
1138 92 32 -1 0
1139 29 26 1 0
1140 17 9 -1 0
1141 34 9 -1 0
1142 25 12 0 -1
1143 46 1 -1 0
1144 23 9 1 0
1145 43 27 -1 0
1146 15 25 0 1
1147 46 27 0 1
1148 27 0 0 1
1149 49 15 -1 0
1150 92 36 -1 0
1151 31 20 1 0
1152 91 5 0 -1
1153 28 27 0 1
1154 84 1 1 0
1155 43 4 -1 0
1156 24 28 -1 0
1157 90 32 0 1
1158 20 37 -1 0
1159 41 37 -1 0
1160 91 19 0 1
1161 94 31 -1 0
1162 99 3 0 1
1163 42 2 0 -1
1164 27 36 -1 0
1165 36 31 -1 0
1166 27 20 1 0
1167 23 2 0 -1
1168 24 3 0 -1
1169 61 14 1 0
1170 44 34 1 0
1171 72 33 1 0
1172 79 38 -1 0
1173 41 0 0 1
1174 27 18 1 0
1175 42 17 -1 0
1176 15 39 1 0
1177 77 34 -1 0
1178 7 5 -1 0
1179 58 2 -1 0
1180 25 14 1 0
1181 7 0 1 0
1182 41 26 0 -1
1183 23 13 1 0
1184 2 14 -1 0
1185 42 8 -1 0
1186 67 38 1 0
1187 12 26 0 -1
1188 98 28 0 1
1189 36 35 1 0
1190 14 8 -1 0
1191 14 38 -1 0
1192 90 36 1 0
1193 46 0 0 1
1194 19 39 1 0
1195 24 7 1 0
1196 29 31 -1 0
1197 99 13 0 -1
1198 48 14 -1 0
1199 0 26 0 -1
1200 44 33 1 0
1201 31 14 1 0
1202 0 21 0 1
1203 80 3 -1 0
1204 91 1 1 0
1205 42 7 0 1
1206 93 29 0 -1
1207 27 11 0 1
1208 44 21 0 -1
1209 38 1 1 0
1210 30 1 -1 0
1211 0 8 0 1
1212 73 21 -1 0
1213 29 25 -1 0
1214 99 39 -1 0
1215 53 0 1 0
1216 6 25 1 0
1217 45 30 0 1
1218 43 2 0 1
1219 37 11 -1 0
1220 62 10 1 0
1221 49 22 0 1
1222 18 22 0 1
1223 29 2 0 -1
1224 18 11 0 1
1225 82 16 0 1
1226 83 29 0 -1
1227 1 16 0 1
1228 42 16 -1 0
1229 42 22 0 1
1230 32 29 0 -1
1231 42 19 -1 0
1232 90 32 0 -1
1233 43 3 -1 0
1234 12 19 1 0
1235 76 3 -1 0
1236 67 26 1 0
1237 87 31 0 -1
1238 48 35 0 1
1239 37 13 -1 0
1240 30 15 1 0
1241 36 32 0 -1
1242 77 10 0 1
1243 53 24 0 1
1244 99 21 0 -1
1245 29 38 -1 0
1246 44 32 0 -1
1247 59 3 -1 0
1248 81 2 -1 0
1249 22 6 0 1
1250 46 39 0 -1
1251 37 30 1 0
1252 9 11 0 -1
1253 64 17 0 1
1254 16 5 -1 0
1255 93 16 -1 0
1256 39 30 -1 0
1257 20 25 0 -1
1258 57 13 0 1
1259 39 16 0 -1
1260 39 9 0 1
1261 21 23 0 1
1262 95 21 1 0
1263 16 26 0 1
1264 92 21 -1 0
1265 71 3 1 0
1266 98 4 -1 0
1267 40 14 0 1
1268 18 8 1 0
1269 45 2 -1 0
1270 20 16 1 0
1271 73 5 -1 0
1272 24 20 0 -1
1273 87 36 -1 0
1274 0 33 1 0
1275 44 16 0 -1
1276 41 22 0 1
1277 25 27 1 0
1278 89 10 0 -1
1279 26 3 -1 0
1280 96 37 0 1
1281 24 14 0 -1
1282 19 5 -1 0
1283 40 38 1 0
1284 45 9 1 0
1285 51 38 0 -1
1286 48 29 -1 0
1287 20 15 -1 0
1288 41 37 0 -1
1289 26 11 0 1
1290 45 22 1 0
1291 98 35 0 -1
1292 90 34 0 -1
1293 51 18 1 0
1294 22 31 -1 0
1295 17 26 0 -1
1296 18 9 -1 0
1297 25 2 0 -1
1298 77 37 1 0
1299 38 32 0 1
1300 96 39 1 0
1301 16 29 -1 0
1302 8 39 -1 0
1303 92 34 0 -1
1304 90 39 0 -1
1305 41 5 0 1
1306 43 0 1 0
1307 90 23 -1 0
1308 85 16 -1 0
1309 23 33 1 0
1310 5 21 0 1
1311 93 25 0 -1
1312 40 32 0 1
1313 92 14 0 -1
1314 48 23 -1 0
1315 73 29 -1 0
1316 80 10 -1 0
1317 26 1 1 0
1318 76 36 1 0
1319 27 39 1 0
1320 26 35 0 -1
1321 53 16 1 0
1322 78 29 1 0
1323 42 15 1 0
1324 26 0 0 -1
1325 1 23 -1 0
1326 74 33 0 1
1327 20 5 0 -1
1328 17 23 -1 0
1329 41 24 0 -1
1330 28 25 0 -1
1331 40 35 -1 0
1332 73 19 1 0
1333 56 27 -1 0
1334 57 6 -1 0
1335 15 34 -1 0
1336 62 8 0 1
1337 5 8 -1 0
1338 4 39 1 0
1339 41 36 1 0
1340 40 3 1 0
1341 31 24 -1 0
1342 27 33 0 -1
1343 42 14 -1 0
1344 24 6 -1 0
1345 33 15 -1 0
1346 89 1 -1 0
1347 0 28 -1 0
1348 86 1 1 0
1349 25 37 0 -1
1350 17 7 0 1
1351 43 9 0 -1
1352 89 7 1 0
1353 38 13 0 1
1354 15 30 -1 0
1355 11 5 0 1
1356 40 15 0 1
1357 26 14 1 0
1358 31 23 1 0
1359 98 14 0 -1
1360 46 37 0 1
1361 29 14 -1 0
1362 16 36 0 -1
1363 48 17 1 0
1364 14 17 1 0
1365 16 5 0 -1
1366 38 10 0 -1
1367 83 35 1 0
1368 18 5 0 1
1369 42 10 -1 0
1370 76 30 0 1
1371 95 18 1 0
1372 23 14 1 0
1373 22 39 1 0
1374 97 16 0 -1
1375 92 19 0 -1
1376 42 16 -1 0
1377 23 22 -1 0
1378 86 15 1 0
1379 5 18 -1 0
1380 92 27 0 -1
1381 49 17 -1 0
1382 11 25 0 1
1383 41 38 0 -1
1384 22 27 1 0
1385 31 35 1 0
1386 46 21 0 1
1387 41 7 0 1
1388 19 16 0 -1
1389 56 37 0 1
1390 19 14 -1 0
1391 39 28 0 1
1392 63 32 0 1
1393 98 3 0 -1
1394 76 39 0 -1
1395 39 29 0 1
1396 45 13 0 1
1397 40 11 0 -1
1398 23 17 1 0
1399 35 16 1 0
1400 27 33 1 0
1401 44 0 0 -1
1402 28 15 -1 0
1403 35 27 0 -1
1404 16 9 0 1
1405 64 10 -1 0
1406 86 26 -1 0
1407 43 8 0 1
1408 22 36 1 0
1409 22 31 0 -1
1410 29 2 -1 0
1411 41 34 0 -1
1412 5 8 0 -1
1413 11 23 1 0
1414 38 14 0 -1
1415 16 34 0 -1
1416 99 6 -1 0
1417 64 9 1 0
1418 11 39 0 1
1419 42 30 0 1
1420 44 23 0 -1
1421 89 14 0 -1
1422 86 21 0 1
1423 39 34 -1 0
1424 95 1 -1 0
1425 60 11 -1 0
1426 39 35 -1 0
1427 96 14 0 1
1428 69 36 -1 0
1429 61 34 -1 0
1430 86 21 -1 0
1431 52 31 0 -1
1432 97 35 0 -1
1433 36 7 1 0
1434 17 2 -1 0
1435 26 27 1 0
1436 55 38 1 0
1437 21 10 0 -1
1438 14 26 0 1
1439 1 27 -1 0
1440 5 10 -1 0
1441 76 32 0 -1
1442 51 21 -1 0
1443 29 29 0 1
1444 96 19 -1 0
1445 49 32 0 1
1446 47 1 0 -1
1447 28 26 0 1
1448 27 24 0 1
1449 96 30 0 1
1450 92 19 -1 0
1451 94 16 1 0
1452 26 0 0 1
1453 47 27 0 1
1454 37 39 1 0
1455 54 34 0 1
1456 19 11 -1 0
1457 25 26 -1 0
1458 26 1 -1 0
1459 40 16 0 -1
1460 35 25 -1 0
1461 44 21 -1 0
1462 52 0 1 0
1463 18 0 1 0
1464 41 19 1 0
1465 0 12 0 -1
1466 6 23 -1 0
1467 41 0 0 1
1468 44 2 1 0
1469 45 17 -1 0
1470 61 9 0 -1
1471 64 20 -1 0
1472 9 11 0 1
1473 21 31 1 0
1474 42 35 0 -1
1475 97 14 0 1
1476 53 24 0 1
1477 78 10 -1 0
1478 38 33 1 0
1479 39 37 -1 0
1480 71 14 0 1
1481 41 0 -1 0
1482 22 2 0 1
1483 25 9 0 -1
1484 38 4 -1 0
1485 25 19 0 -1
1486 38 38 -1 0
1487 41 15 0 1
1488 24 5 -1 0
1489 35 10 1 0
1490 23 9 0 -1
1491 95 22 0 1
1492 83 34 1 0
1493 19 7 0 1
1494 23 32 -1 0
1495 29 25 0 -1
1496 42 17 1 0
1497 40 39 0 -1
1498 40 32 1 0
1499 54 11 0 -1
1500 96 8 -1 0
1501 26 5 0 -1
1502 40 13 0 1
1503 44 14 0 -1
1504 0 5 0 1
1505 99 26 0 1
1506 94 35 1 0
1507 76 32 0 1
1508 38 0 0 -1
1509 20 6 0 -1
1510 56 27 -1 0
1511 56 29 -1 0
1512 32 16 0 -1
1513 89 1 -1 0
1514 22 14 0 1
1515 38 1 -1 0
1516 83 0 -1 0
1517 35 3 0 -1
1518 39 4 0 -1
1519 27 6 1 0
1520 86 38 1 0
1521 20 16 0 1
1522 17 38 -1 0
1523 15 11 0 1
1524 27 37 -1 0
1525 43 3 -1 0
1526 9 38 0 -1
1527 49 7 -1 0
1528 30 13 0 1
1529 18 23 1 0
1530 79 18 0 1
1531 27 24 0 1
1532 46 37 -1 0
1533 22 3 1 0
1534 10 34 0 1
1535 38 37 -1 0
1536 83 18 0 1
1537 87 36 0 1
1538 50 35 -1 0
1539 1 15 0 -1
1540 43 20 -1 0
1541 3 38 0 -1
1542 13 9 -1 0
1543 21 1 0 -1
1544 19 29 1 0
1545 6 13 0 -1
1546 6 15 1 0
1547 29 2 0 -1
1548 94 14 0 -1
1549 37 13 0 -1
1550 56 33 1 0
1551 3 22 0 1
1552 37 27 1 0
1553 24 18 0 -1
1554 44 33 1 0
1555 10 11 0 1
1556 51 39 -1 0
1557 93 21 0 1
1558 16 20 0 1
1559 38 7 0 -1
1560 26 9 1 0
1561 25 24 1 0
1562 29 34 -1 0
1563 28 1 1 0
1564 94 0 1 0
1565 39 1 -1 0
1566 28 6 1 0
1567 65 17 0 -1
1568 66 31 0 -1
1569 42 1 0 1
1570 23 24 0 -1
1571 84 30 0 1
1572 12 19 0 -1
1573 95 2 -1 0
1574 15 4 1 0
1575 21 31 0 1
1576 28 38 1 0
1577 84 32 0 1
1578 66 39 1 0
1579 92 27 1 0
1580 8 29 0 1
1581 22 7 1 0
1582 38 28 -1 0
1583 37 29 0 1
1584 95 34 0 1
1585 27 0 1 0
1586 24 14 -1 0
1587 41 4 -1 0
1588 21 25 0 -1
1589 43 24 -1 0
1590 97 31 0 -1
1591 21 38 0 1
1592 0 23 0 1
1593 43 4 0 -1
1594 18 17 0 -1
1595 74 9 1 0
1596 26 7 -1 0
1597 29 23 0 1
1598 69 23 0 1
1599 84 12 0 -1
1600 25 2 0 1
1601 32 14 0 1
1602 23 12 -1 0
1603 93 11 0 1
1604 92 1 0 -1
1605 44 3 -1 0
1606 21 5 1 0
1607 23 1 0 -1
1608 1 37 1 0
1609 54 37 -1 0
1610 77 30 0 -1
1611 42 26 1 0
1612 98 10 0 1
1613 42 2 -1 0
1614 58 28 0 1
1615 84 33 -1 0
1616 45 33 0 1
1617 21 37 0 -1
1618 46 31 -1 0
1619 90 14 -1 0
1620 86 5 0 -1
1621 78 21 0 1
1622 6 2 0 1
1623 29 1 -1 0
1624 41 17 0 1
1625 5 21 0 1
1626 11 8 0 1
1627 10 7 0 -1
1628 19 16 0 1
1629 16 22 1 0
1630 3 21 1 0
1631 25 37 1 0
1632 26 15 0 -1
1633 32 15 -1 0
1634 78 28 0 -1
1635 55 38 0 -1
1636 43 38 -1 0
1637 2 10 0 1
1638 30 9 1 0
1639 59 23 1 0
1640 23 22 -1 0
1641 95 1 -1 0
1642 4 0 1 0
1643 43 34 0 1
1644 82 31 0 1
1645 22 5 -1 0
1646 70 19 0 1
1647 46 31 0 -1
1648 88 10 0 1
1649 7 24 0 -1
1650 31 34 0 -1
1651 17 20 0 -1
1652 50 10 -1 0
1653 74 27 0 -1
1654 39 33 0 1
1655 0 39 0 -1
1656 11 13 1 0
1657 98 20 0 1
1658 48 4 -1 0
1659 37 14 0 1
1660 29 32 0 -1
1661 38 17 1 0
1662 77 26 1 0
1663 22 26 0 1
1664 31 1 0 1
1665 92 29 0 1
1666 97 31 1 0
1667 49 9 1 0
1668 92 15 -1 0
1669 28 24 1 0
1670 38 34 0 -1
1671 62 31 -1 0
1672 24 16 0 1
1673 35 2 1 0
1674 42 18 1 0
1675 82 27 -1 0
1676 24 38 0 1
1677 17 0 1 0
1678 29 29 0 1
1679 6 7 -1 0
1680 16 8 0 1
1681 37 20 1 0
1682 70 7 0 -1
1683 40 37 -1 0
1684 92 2 0 1
1685 19 6 1 0
1686 20 35 0 1
1687 21 25 1 0
1688 82 3 0 1
1689 81 20 1 0
1690 91 10 -1 0
1691 74 27 1 0
1692 24 8 1 0
1693 19 23 0 1
1694 51 38 0 -1
1695 21 28 0 -1
1696 51 38 -1 0
1697 27 39 0 -1
1698 4 5 -1 0
1699 2 33 -1 0
1700 57 10 1 0
1701 45 34 0 1
1702 42 12 0 -1
1703 44 17 1 0
1704 37 19 0 1
1705 48 37 0 -1
1706 0 34 -1 0
1707 79 13 0 -1
1708 50 27 1 0
1709 68 30 -1 0
1710 37 39 0 -1
1711 13 15 1 0
1712 20 25 1 0
1713 9 31 -1 0
1714 30 9 1 0
1715 20 14 0 -1
1716 12 9 1 0
1717 40 7 1 0
1718 41 18 -1 0
1719 95 37 1 0
1720 31 26 0 -1
1721 83 27 0 -1
1722 87 39 1 0
1723 84 7 0 -1
1724 28 6 0 -1
1725 38 0 1 0
1726 98 33 -1 0
1727 38 29 -1 0
1728 56 31 -1 0
1729 45 9 1 0
1730 25 8 1 0
1731 38 16 1 0
1732 69 4 0 1
1733 90 9 0 1
1734 62 37 1 0
1735 10 32 1 0
1736 92 31 1 0
1737 49 37 0 1
1738 42 39 -1 0
1739 6 32 1 0
1740 27 8 0 1
1741 31 17 1 0
1742 20 3 -1 0
1743 66 33 0 1
1744 86 32 0 1
1745 78 13 0 -1
1746 49 39 1 0
1747 93 9 0 1
1748 30 1 0 -1
1749 54 10 0 1
1750 24 5 -1 0
1751 11 31 -1 0
1752 28 34 0 -1
1753 88 28 1 0
1754 50 9 1 0
1755 50 24 1 0
1756 59 33 1 0
1757 13 2 0 1
1758 39 22 1 0
1759 15 0 0 -1
1760 45 15 1 0
1761 2 3 1 0
1762 47 34 0 -1
1763 19 19 0 -1
1764 41 39 0 -1
1765 48 15 0 1
1766 19 11 1 0
1767 30 12 0 1
1768 58 10 -1 0
1769 41 10 1 0
1770 30 12 0 -1
1771 18 30 -1 0
1772 32 35 -1 0
1773 39 2 0 1
1774 10 3 -1 0
1775 16 2 1 0
1776 9 25 1 0
1777 38 11 0 1
1778 47 25 0 1
1779 29 7 0 -1
1780 11 7 0 1
1781 91 23 0 1
1782 37 29 0 1
1783 15 22 0 -1
1784 23 0 1 0
1785 30 16 -1 0
1786 77 37 0 -1
1787 24 26 0 -1
1788 12 20 0 -1
1789 48 18 -1 0
1790 35 5 -1 0
1791 94 7 0 -1
1792 23 38 1 0
1793 85 35 0 1
1794 43 5 0 -1
1795 20 7 -1 0
1796 73 32 0 1
1797 41 5 -1 0
1798 93 17 -1 0
1799 42 9 0 -1
1800 40 9 -1 0
1801 44 12 1 0
1802 0 39 1 0
1803 53 22 1 0
1804 77 7 -1 0
1805 91 30 0 -1
1806 40 15 0 1
1807 92 35 -1 0
1808 4 6 -1 0
1809 47 7 0 1
1810 42 22 -1 0
1811 20 11 1 0
1812 96 20 1 0
1813 16 11 0 -1
1814 82 36 0 -1
1815 35 35 1 0
1816 99 3 0 -1
1817 20 23 1 0
1818 46 20 0 1
1819 59 29 1 0
1820 94 34 -1 0
1821 37 34 0 -1
1822 45 17 -1 0
1823 20 4 1 0
1824 35 9 -1 0
1825 38 23 0 -1
1826 12 1 -1 0
1827 37 14 0 -1
1828 91 20 1 0
1829 24 31 1 0
1830 97 31 0 1
1831 37 13 0 1
1832 52 21 0 1
1833 38 10 -1 0
1834 55 1 0 -1
1835 40 0 -1 0
1836 47 37 0 1
1837 43 20 1 0
1838 41 9 0 1
1839 28 39 1 0
1840 18 3 -1 0
1841 18 27 0 1
1842 16 30 0 -1
1843 48 32 1 0
1844 27 16 -1 0
1845 39 14 0 -1
1846 88 39 1 0
1847 40 33 1 0
1848 46 27 0 1
1849 2 28 -1 0
1850 23 5 1 0
1851 30 23 0 1
1852 36 14 0 1
1853 92 4 0 1
1854 54 39 0 1
1855 40 37 -1 0
1856 39 34 0 -1
1857 43 18 1 0
1858 62 27 1 0
1859 88 17 1 0
1860 87 2 -1 0
1861 91 23 -1 0
1862 29 18 0 1
1863 64 24 1 0
1864 58 10 1 0
1865 25 11 0 -1
1866 7 32 0 -1
1867 45 5 1 0
1868 22 10 0 -1
1869 42 23 1 0
1870 64 27 0 -1
1871 33 7 0 1
1872 85 39 1 0
1873 14 1 0 1
1874 25 37 1 0
1875 2 11 -1 0
1876 33 0 1 0
1877 39 14 -1 0
1878 21 27 1 0
1879 38 8 0 1
1880 19 4 0 1
1881 22 17 1 0
1882 55 20 0 -1
1883 23 17 0 1
1884 26 17 1 0
1885 22 35 0 -1
1886 35 27 0 -1
1887 23 23 -1 0
1888 11 1 0 1
1889 16 6 1 0
1890 41 18 1 0
1891 37 18 1 0
1892 40 27 0 1
1893 37 0 1 0
1894 88 32 -1 0
1895 21 4 0 -1
1896 42 25 0 -1
1897 35 11 0 -1
1898 63 34 1 0
1899 4 27 -1 0
1900 31 14 0 -1
1901 80 33 0 -1
1902 8 9 0 1
1903 0 25 -1 0
1904 20 18 0 1
1905 46 28 -1 0
1906 42 23 0 -1
1907 57 30 -1 0
1908 39 19 -1 0
1909 29 34 1 0
1910 31 39 0 1
1911 12 11 0 -1
1912 49 34 -1 0
1913 75 1 0 1
1914 84 4 0 -1
1915 41 29 -1 0
1916 10 12 1 0
1917 40 19 1 0
1918 45 12 0 1
1919 12 13 0 -1
1920 38 38 0 1
1921 19 5 -1 0
1922 45 18 -1 0
1923 86 35 0 1
1924 92 20 0 1
1925 18 5 0 1
1926 89 14 0 -1
1927 16 9 1 0
1928 66 28 0 1
1929 13 29 1 0
1930 29 34 0 -1
1931 45 26 -1 0
1932 27 0 -1 0
1933 20 5 1 0
1934 3 5 1 0
1935 41 23 0 -1
1936 24 4 0 1
1937 5 27 0 -1
1938 33 24 1 0
1939 15 39 0 -1
1940 24 11 -1 0
1941 99 0 0 -1
1942 31 4 1 0
1943 57 7 0 1
1944 26 2 0 -1
1945 21 1 -1 0
1946 29 17 0 -1
1947 12 34 1 0
1948 43 33 0 1
1949 22 26 0 -1
1950 41 11 -1 0
1951 14 23 0 1
1952 47 37 0 -1
1953 68 13 0 -1
1954 32 1 1 0
1955 88 16 0 -1
1956 2 36 0 1
1957 26 39 0 1
1958 95 17 -1 0
1959 28 0 1 0
1960 25 10 -1 0
1961 48 25 1 0
1962 88 2 0 -1
1963 44 37 0 -1
1964 23 6 1 0
1965 23 15 1 0
1966 90 39 -1 0
1967 22 39 0 1
1968 36 31 0 -1
1969 14 31 0 1
1970 16 8 -1 0
1971 37 9 1 0
1972 36 25 -1 0
1973 97 13 0 -1
1974 46 19 -1 0
1975 78 31 1 0
1976 48 1 0 -1
1977 21 5 -1 0
1978 58 25 0 1
1979 19 35 -1 0
1980 55 5 1 0
1981 38 14 0 1
1982 46 29 1 0
1983 45 13 1 0
1984 21 6 1 0
1985 85 23 0 1
1986 61 28 1 0
1987 90 33 1 0
1988 13 7 0 -1
1989 12 32 0 1
1990 70 10 1 0
1991 27 15 1 0
1992 71 32 0 1
1993 54 39 0 1
1994 51 36 -1 0
1995 20 28 0 1
1996 17 25 0 1
1997 94 26 1 0
1998 17 39 0 -1
1999 22 21 0 1
2000 14 19 -1 0
2001 9 2 -1 0
2002 70 35 -1 0
2003 50 12 1 0
2004 36 19 0 -1
2005 23 34 0 -1
2006 51 14 0 1
2007 93 21 0 -1
2008 31 3 0 -1
2009 54 30 1 0
2010 52 31 -1 0
2011 97 26 0 -1
2012 98 4 0 -1
2013 5 38 0 -1
2014 22 26 1 0
2015 28 14 -1 0
2016 23 12 0 -1
2017 94 39 1 0
2018 45 33 0 1
2019 24 18 0 -1
2020 95 18 0 -1
2021 37 25 1 0
2022 2 37 0 1
2023 16 38 0 -1
2024 13 23 1 0
2025 23 38 1 0
2026 30 33 0 -1
2027 81 35 0 1
2028 58 33 0 -1
2029 22 16 -1 0
2030 17 2 0 -1
2031 42 37 1 0
2032 8 28 0 -1
2033 82 6 0 -1
2034 44 8 1 0
2035 22 10 -1 0
2036 50 5 0 -1
2037 3 34 0 1
2038 55 9 0 1
2039 29 37 0 1
2040 99 28 0 1
2041 17 28 1 0
2042 47 1 -1 0
2043 2 1 0 1
2044 84 3 0 -1
2045 81 17 1 0
2046 78 0 0 -1
2047 39 29 0 1
2048 52 38 -1 0
2049 21 0 1 0
2050 25 3 1 0
2051 38 26 -1 0
2052 93 0 0 -1
2053 31 13 0 1
2054 44 39 0 -1
2055 36 19 0 1
2056 74 22 -1 0
2057 53 3 -1 0
2058 41 30 0 1
2059 87 38 0 1
2060 19 10 0 -1
2061 88 31 0 1
2062 42 22 1 0
2063 40 31 1 0
2064 11 33 1 0
2065 17 32 0 -1
2066 37 1 1 0
2067 27 26 1 0
2068 22 4 0 -1
2069 80 2 1 0
2070 12 24 0 -1
2071 49 22 -1 0
2072 1 14 0 -1
2073 43 32 0 1
2074 19 14 1 0
2075 23 17 0 -1
2076 31 4 0 1
2077 41 20 0 -1
2078 86 37 0 1
2079 6 35 1 0
2080 8 1 1 0
2081 43 24 1 0
2082 25 34 0 -1
2083 6 29 1 0
2084 56 13 -1 0
2085 36 37 0 -1
2086 38 27 -1 0
2087 39 4 1 0
2088 24 0 -1 0
2089 71 4 0 -1
2090 78 21 0 -1
2091 5 5 -1 0
2092 40 7 -1 0
2093 86 2 0 1
2094 49 35 0 -1
2095 37 12 1 0
2096 90 2 0 -1
2097 25 7 0 1
2098 53 6 1 0
2099 39 0 -1 0
2100 69 38 -1 0
2101 23 0 1 0
2102 85 20 0 1
2103 47 17 -1 0
2104 26 26 0 -1
2105 39 17 1 0
2106 40 11 -1 0
2107 9 10 1 0
2108 19 38 0 1
2109 19 3 1 0
2110 12 37 -1 0
2111 78 36 0 -1
2112 5 28 -1 0
2113 36 34 0 1
2114 20 28 1 0
2115 1 31 0 1
2116 90 36 1 0
2117 35 15 1 0
2118 35 7 0 1
2119 26 14 0 -1
2120 38 36 0 1
2121 48 21 -1 0
2122 39 21 1 0
2123 96 11 -1 0
2124 4 29 0 -1
2125 89 33 1 0
2126 97 16 1 0
2127 7 29 0 -1
2128 42 21 1 0
2129 44 36 -1 0
2130 43 38 -1 0
2131 79 30 -1 0
2132 35 26 -1 0
2133 91 30 -1 0
2134 38 30 0 -1
2135 95 16 -1 0
2136 37 29 0 1
2137 71 21 0 1
2138 20 39 -1 0
2139 57 8 1 0
2140 43 15 1 0
2141 41 32 0 1
2142 39 0 0 -1
2143 27 13 1 0
2144 30 33 1 0
2145 30 0 -1 0
2146 88 35 0 1
2147 38 9 0 1
2148 47 37 0 1
2149 42 16 0 -1
2150 38 30 0 -1
2151 10 20 -1 0
2152 13 17 -1 0
2153 22 20 0 1
2154 58 26 -1 0
2155 97 24 0 1
2156 38 36 0 1
2157 44 2 1 0
2158 21 27 0 1
2159 79 36 0 -1
2160 87 18 0 -1
2161 83 22 0 -1
2162 17 6 1 0
2163 49 37 0 1
2164 40 35 -1 0
2165 35 21 1 0
2166 45 8 -1 0
2167 26 19 1 0
2168 25 0 -1 0
2169 7 23 0 1
2170 45 0 0 1
2171 9 12 1 0
2172 39 13 1 0
2173 42 34 0 1
2174 29 12 0 1
2175 42 30 1 0
2176 7 1 -1 0
2177 30 15 0 -1
2178 15 38 -1 0
2179 41 13 0 -1
2180 98 27 0 1
2181 15 38 0 1
2182 84 16 0 -1
2183 83 5 1 0
2184 18 6 0 -1
2185 60 5 0 1
2186 40 4 -1 0
2187 45 6 0 1
2188 38 37 -1 0
2189 24 15 -1 0
2190 92 21 1 0
2191 22 16 1 0
2192 20 14 0 -1
2193 56 13 -1 0
2194 65 37 1 0
2195 26 8 0 1
2196 25 28 0 -1
2197 44 36 -1 0
2198 22 0 0 1
2199 14 1 1 0
2200 68 12 -1 0
2201 68 20 1 0
2202 98 20 1 0
2203 80 32 0 -1
2204 13 27 1 0
2205 62 12 0 -1
2206 7 33 0 -1
2207 15 10 0 1
2208 87 18 0 1
2209 82 28 0 1
2210 44 32 -1 0
2211 40 2 -1 0
2212 29 14 0 -1
2213 29 0 0 1
2214 49 16 0 -1
2215 35 5 0 -1
2216 58 17 1 0
2217 94 13 -1 0
2218 40 19 0 -1
2219 26 37 -1 0
2220 84 16 0 -1
2221 3 36 0 1
2222 24 21 0 1
2223 24 7 0 -1
2224 66 38 0 -1
2225 24 15 0 -1
2226 68 8 -1 0
2227 88 12 0 1
2228 43 2 0 1
2229 30 1 -1 0
2230 19 2 1 0
2231 6 36 0 1
2232 15 7 0 1
2233 44 5 -1 0
2234 50 8 0 -1
2235 74 26 -1 0
2236 29 38 -1 0
2237 39 1 -1 0
2238 45 1 0 1
2239 62 28 0 1
2240 42 25 0 -1
2241 28 6 0 -1
2242 26 39 0 1
2243 42 38 0 -1
2244 27 26 1 0
2245 50 20 0 -1
2246 98 23 -1 0
2247 24 14 -1 0
2248 6 5 -1 0
2249 26 9 1 0
2250 38 18 -1 0
2251 18 9 0 1
2252 45 16 0 -1
2253 55 14 -1 0
2254 23 8 1 0
2255 68 18 0 -1
2256 25 21 0 -1
2257 13 30 1 0
2258 49 32 -1 0
2259 17 33 0 -1
2260 53 7 0 -1
2261 73 33 1 0
2262 5 0 0 1
2263 22 11 0 1
2264 59 6 0 -1
2265 16 33 1 0
2266 28 11 0 1
2267 34 15 -1 0
2268 37 37 0 -1
2269 30 11 0 1
2270 45 2 0 -1
2271 35 17 0 1
2272 99 28 1 0
2273 79 20 0 1
2274 95 21 0 1
2275 38 28 0 1
2276 14 32 1 0
2277 88 26 -1 0
2278 24 19 0 1
2279 16 29 0 1
2280 24 11 0 -1
2281 94 33 -1 0
2282 46 21 -1 0
2283 21 36 1 0
2284 5 0 -1 0
2285 20 6 -1 0
2286 12 24 0 1
2287 63 25 0 1
2288 51 18 0 1
2289 28 5 1 0
2290 88 10 1 0
2291 10 29 -1 0
2292 23 2 1 0
2293 91 28 0 1
2294 47 28 0 -1
2295 20 21 0 -1
2296 37 35 1 0
2297 1 11 1 0
2298 30 13 -1 0
2299 1 37 0 1
2300 46 12 0 1
2301 54 3 -1 0
2302 37 2 1 0
2303 1 17 -1 0
2304 39 32 0 -1
2305 4 6 0 -1
2306 83 5 0 1
2307 95 33 -1 0
2308 95 31 -1 0
2309 48 7 -1 0
2310 60 13 -1 0
2311 78 14 1 0
2312 35 1 1 0
2313 51 36 1 0
2314 39 3 0 -1
2315 82 16 0 -1
2316 19 8 1 0
2317 3 8 0 1
2318 49 7 -1 0
2319 39 27 0 -1
2320 99 24 0 -1
2321 35 17 -1 0
2322 80 37 0 1
2323 37 11 0 -1
2324 4 10 0 1
2325 60 10 1 0
2326 25 19 0 1
2327 40 34 0 -1
2328 40 6 0 1
2329 46 24 0 1
2330 73 38 0 1
2331 74 37 1 0
2332 99 31 1 0
2333 44 2 1 0
2334 61 38 1 0
2335 24 39 0 1
2336 21 33 1 0
2337 26 28 0 -1
2338 56 30 0 1
2339 42 26 0 -1
2340 16 10 0 -1
2341 52 29 -1 0
2342 7 24 0 -1
2343 81 14 0 1
2344 80 16 -1 0
2345 97 15 0 1
2346 5 14 0 1
2347 0 21 -1 0
2348 24 0 -1 0
2349 88 19 -1 0
2350 16 4 0 1
2351 20 11 -1 0
2352 24 34 1 0
2353 21 8 0 1
2354 49 7 0 1
2355 23 3 0 -1
2356 12 4 1 0
2357 82 0 -1 0
2358 78 29 1 0
2359 24 1 0 1
2360 44 33 0 -1
2361 11 15 0 1
2362 41 32 1 0
2363 39 27 -1 0
2364 44 14 0 -1
2365 38 9 0 -1
2366 92 37 0 1
2367 40 18 -1 0
2368 44 3 -1 0
2369 41 6 0 1
2370 51 30 0 -1
2371 74 15 0 1
2372 93 12 0 -1
2373 19 20 0 -1
2374 11 30 -1 0
2375 84 2 -1 0
2376 45 39 -1 0
2377 86 33 1 0
2378 43 0 0 1
2379 41 35 1 0
2380 22 33 0 1
2381 54 22 1 0
2382 62 37 1 0
2383 21 7 -1 0
2384 25 39 1 0
2385 99 26 -1 0
2386 48 16 1 0
2387 18 11 0 -1
2388 69 14 0 -1
2389 2 20 0 1
2390 29 15 0 1
2391 71 15 0 -1
2392 26 7 -1 0
2393 38 5 1 0
2394 36 15 1 0
2395 4 24 1 0
2396 37 37 0 -1
2397 28 3 0 1
2398 28 12 -1 0
2399 27 30 -1 0
2400 68 23 -1 0
2401 80 5 -1 0
2402 96 21 0 1
2403 45 3 0 1
2404 25 13 1 0
2405 24 12 -1 0
2406 4 2 1 0
2407 16 14 0 1
2408 18 22 1 0
2409 23 14 0 -1
2410 39 17 1 0
2411 79 14 0 -1
2412 84 25 0 -1
2413 12 10 0 -1
2414 38 2 -1 0
2415 7 17 1 0
2416 92 23 0 -1
2417 58 10 0 1
2418 41 1 0 -1
2419 43 36 -1 0
2420 41 33 0 -1
2421 48 6 0 -1
2422 85 18 -1 0
2423 27 8 0 1
2424 4 31 1 0
2425 46 16 0 -1
2426 43 35 0 -1
2427 82 10 -1 0
2428 56 22 0 1
2429 62 17 0 -1
2430 49 16 1 0
2431 24 9 0 -1
2432 46 0 0 1
2433 41 27 -1 0
2434 44 30 -1 0
2435 50 17 1 0
2436 8 20 0 1
2437 8 7 0 -1
2438 99 17 1 0
2439 49 27 1 0
2440 95 23 0 -1
2441 94 32 1 0
2442 47 7 -1 0
2443 21 29 0 -1
2444 19 25 -1 0
2445 36 15 0 1
2446 40 1 -1 0
2447 34 29 -1 0
2448 65 24 0 1
2449 2 12 -1 0
2450 39 5 -1 0
2451 68 34 -1 0
2452 30 0 0 1
2453 95 32 0 1
2454 10 37 -1 0
2455 37 17 0 -1
2456 94 36 1 0
2457 29 11 0 -1
2458 88 30 -1 0
2459 20 2 0 1
2460 5 12 0 1
2461 2 2 0 -1
2462 48 2 0 -1
2463 13 11 -1 0
2464 48 32 -1 0
2465 42 14 0 1
2466 40 27 0 1
2467 44 10 -1 0
2468 28 12 1 0
2469 26 37 1 0
2470 26 10 0 -1
2471 99 33 -1 0
2472 44 8 0 1
2473 22 12 -1 0
2474 55 38 0 -1
2475 43 19 0 1
2476 3 25 1 0
2477 40 38 0 -1
2478 25 12 0 -1
2479 38 39 -1 0
2480 41 25 1 0
2481 29 12 0 -1
2482 44 26 1 0
2483 28 37 -1 0
2484 18 35 0 1
2485 39 36 0 1
2486 28 21 0 1
2487 45 38 0 1
2488 62 13 1 0
2489 28 24 0 1
2490 99 14 0 1
2491 29 30 1 0
2492 93 24 0 1
2493 21 8 1 0
2494 22 17 0 -1
2495 63 1 -1 0
2496 16 7 0 1
2497 45 9 1 0
2498 10 9 -1 0
2499 23 11 0 -1
2500 71 23 0 -1
2501 7 33 1 0
2502 44 4 1 0
2503 29 15 -1 0
2504 27 8 0 -1
2505 18 11 0 1
2506 89 26 -1 0
2507 26 7 0 -1
2508 1 9 0 -1
2509 17 5 0 1
2510 20 10 0 1
2511 22 25 -1 0
2512 86 22 0 -1
2513 95 13 0 1
2514 16 31 1 0
2515 36 31 1 0
2516 36 32 -1 0
2517 11 21 -1 0
2518 27 25 -1 0
2519 36 33 0 -1
2520 17 34 1 0
2521 90 11 0 1
2522 1 27 0 -1
2523 55 20 -1 0
2524 40 34 -1 0
2525 22 13 0 -1
2526 82 39 0 1
2527 41 1 1 0
2528 27 21 0 -1
2529 52 0 0 1
2530 25 16 0 1
2531 10 10 -1 0
2532 25 7 1 0
2533 12 5 0 -1
2534 0 17 -1 0
2535 11 1 1 0
2536 19 18 0 -1
2537 6 0 0 1
2538 50 32 1 0
2539 88 19 -1 0
2540 88 25 -1 0
2541 41 12 1 0
2542 98 32 0 1
2543 14 37 0 -1
2544 38 11 0 1
2545 83 38 1 0
2546 49 36 1 0
2547 44 22 -1 0
2548 67 27 0 -1
2549 80 18 -1 0
2550 34 14 0 -1
2551 37 0 1 0
2552 10 4 -1 0
2553 40 14 0 1
2554 16 4 0 1
2555 91 15 -1 0
2556 93 1 0 -1
2557 27 15 -1 0
2558 28 1 0 -1
2559 31 20 1 0
2560 3 34 -1 0
2561 60 30 -1 0
2562 54 27 0 -1
2563 46 2 0 -1
2564 17 5 0 1
2565 29 13 1 0
2566 76 36 1 0
2567 78 27 0 -1
2568 43 19 -1 0
2569 35 25 0 -1
2570 55 3 1 0
2571 56 0 1 0
2572 38 1 1 0
2573 37 4 -1 0
2574 25 35 -1 0
2575 66 5 1 0
2576 25 7 0 1
2577 2 39 -1 0
2578 81 7 0 1
2579 50 11 -1 0
2580 39 6 0 -1
2581 0 12 -1 0
2582 15 6 1 0
2583 41 28 -1 0
2584 57 39 -1 0
2585 68 22 0 -1
2586 22 30 0 1
2587 42 35 0 1
2588 74 28 -1 0
2589 19 26 -1 0
2590 1 9 0 -1
2591 95 30 0 -1
2592 19 14 0 1
2593 43 9 0 -1
2594 39 16 0 1
2595 27 25 0 -1
2596 8 8 -1 0
2597 48 25 1 0
2598 15 19 -1 0
2599 41 21 0 1
2600 62 3 1 0
2601 54 6 1 0
2602 14 22 0 1
2603 49 32 -1 0
2604 56 4 1 0
2605 81 10 -1 0
2606 37 4 -1 0
2607 99 23 0 -1
2608 19 36 0 1
2609 41 34 0 1
2610 47 18 -1 0
2611 93 30 0 -1
2612 2 30 -1 0
2613 29 13 0 -1
2614 77 14 0 -1
2615 74 3 0 -1
2616 28 23 0 1
2617 30 3 0 -1
2618 25 6 1 0
2619 38 12 0 1
2620 27 28 -1 0
2621 2 14 1 0
2622 27 9 1 0
2623 37 16 0 -1
2624 16 22 0 1
2625 31 35 0 -1
2626 42 32 1 0
2627 45 7 0 1
2628 6 8 -1 0
2629 29 28 0 1
2630 15 35 0 -1
2631 79 5 0 -1
2632 79 37 0 1
2633 28 10 -1 0
2634 61 18 1 0
2635 30 14 0 -1
2636 27 7 0 1
2637 67 5 -1 0
2638 4 12 0 -1
2639 64 3 0 -1
2640 87 18 0 1
2641 37 4 0 -1
2642 45 28 1 0
2643 42 5 0 1
2644 92 38 1 0
2645 36 10 0 1
2646 43 4 1 0
2647 27 6 1 0
2648 47 31 0 1
2649 2 5 1 0
2650 23 10 0 -1
2651 19 24 -1 0
2652 9 26 1 0
2653 2 22 1 0
2654 38 32 1 0
2655 25 2 -1 0
2656 35 12 -1 0
2657 20 24 0 -1
2658 34 18 1 0
2659 9 3 0 -1
2660 43 36 0 -1
2661 19 24 1 0
2662 39 20 0 -1
2663 25 28 0 1
2664 38 35 1 0
2665 23 21 0 1
2666 41 14 0 1
2667 68 30 -1 0
2668 22 0 0 1
2669 74 39 -1 0
2670 26 39 1 0
2671 6 24 0 1
2672 16 3 0 -1
2673 19 25 -1 0
2674 83 19 0 -1
2675 22 20 0 -1
2676 31 14 1 0
2677 26 11 0 -1
2678 18 33 1 0
2679 62 21 -1 0
2680 21 18 -1 0
2681 36 35 0 -1
2682 82 22 -1 0
2683 91 7 0 1
2684 23 36 -1 0
2685 88 19 0 -1
2686 81 31 -1 0
2687 38 39 1 0
2688 51 23 1 0
2689 87 16 -1 0
2690 45 19 0 -1
2691 72 8 0 1
2692 47 6 -1 0
2693 39 18 1 0
2694 36 34 0 1
2695 26 25 1 0
2696 73 12 1 0
2697 15 13 0 -1
2698 19 1 0 1
2699 90 20 1 0
2700 45 14 0 -1
2701 65 31 1 0
2702 91 26 1 0
2703 40 28 1 0
2704 24 19 0 1
2705 85 5 1 0
2706 46 39 -1 0
2707 22 7 1 0
2708 41 16 0 -1
2709 22 27 -1 0
2710 38 13 1 0
2711 46 1 -1 0
2712 15 6 1 0
2713 83 0 0 -1
2714 54 38 1 0
2715 2 9 0 1
2716 97 12 0 1
2717 59 13 0 1
2718 74 16 0 1
2719 31 15 1 0
2720 46 15 0 1
2721 44 19 1 0
2722 93 30 1 0
2723 43 1 -1 0
2724 17 37 0 1
2725 4 9 0 1
2726 39 39 -1 0
2727 20 29 1 0
2728 26 37 -1 0
2729 0 36 0 -1
2730 17 27 1 0
2731 56 29 1 0
2732 30 3 0 -1
2733 48 14 -1 0
2734 42 3 -1 0
2735 14 19 0 1
2736 29 27 0 1
2737 48 14 0 -1
2738 29 32 0 1
2739 66 35 -1 0
2740 26 10 1 0
2741 77 33 0 -1
2742 17 13 0 1
2743 5 1 1 0
2744 35 24 0 -1
2745 92 27 1 0
2746 46 14 -1 0
2747 30 11 -1 0
2748 46 35 0 1
2749 45 27 0 -1
2750 30 33 0 -1
2751 39 33 0 -1
2752 43 37 -1 0
2753 55 18 -1 0
2754 43 8 0 1
2755 24 39 1 0
2756 65 0 -1 0
2757 20 5 1 0
2758 85 17 1 0
2759 40 33 -1 0
2760 41 6 1 0
2761 80 22 -1 0
2762 72 15 1 0
2763 43 36 0 -1
2764 22 8 0 1
2765 86 18 1 0
2766 25 32 -1 0
2767 1 38 -1 0
2768 14 5 1 0
2769 47 4 0 -1
2770 31 32 1 0
2771 50 33 0 -1
2772 67 26 1 0
2773 24 38 -1 0
2774 42 6 1 0
2775 30 19 -1 0
2776 8 8 1 0
2777 41 8 0 1
2778 24 34 1 0
2779 89 15 -1 0
2780 89 8 1 0
2781 94 36 -1 0
2782 23 3 0 -1
2783 64 4 1 0
2784 38 13 0 -1
2785 72 22 0 1
2786 44 23 -1 0
2787 43 17 0 1
2788 44 37 -1 0
2789 26 6 1 0
2790 5 27 -1 0
2791 75 39 0 1
2792 68 14 1 0
2793 66 4 0 -1
2794 85 39 -1 0
2795 96 13 0 -1
2796 25 18 0 -1
2797 26 35 0 -1
2798 7 28 0 -1
2799 22 1 0 -1
2800 46 10 -1 0
2801 49 20 -1 0
2802 78 32 0 1
2803 29 16 1 0
2804 10 21 0 -1
2805 55 5 0 -1
2806 4 10 -1 0
2807 8 22 0 1
2808 37 36 0 -1
2809 95 19 -1 0
2810 20 28 0 1
2811 13 33 0 -1
2812 26 29 -1 0
2813 61 10 0 -1
2814 11 23 0 1
2815 3 26 1 0
2816 25 22 0 -1
2817 57 0 0 -1
2818 82 36 0 1
2819 36 1 -1 0
2820 41 7 -1 0
2821 9 33 0 1
2822 66 36 -1 0
2823 7 19 1 0
2824 62 13 -1 0
2825 96 11 1 0
2826 26 20 0 1
2827 42 7 0 1
2828 90 14 0 -1
2829 0 17 0 1
2830 64 36 1 0
2831 39 4 -1 0
2832 20 24 0 -1
2833 23 12 0 -1
2834 28 17 0 -1
2835 27 37 -1 0
2836 39 31 0 1
2837 88 38 0 -1
2838 42 1 1 0
2839 19 19 1 0
2840 42 17 1 0
2841 57 33 0 1
2842 72 13 1 0
2843 36 23 0 -1
2844 36 33 0 -1
2845 43 17 1 0
2846 22 9 0 1
2847 81 39 1 0
2848 12 26 0 1
2849 49 15 0 1
2850 40 1 0 -1
2851 15 23 0 1
2852 85 15 1 0
2853 39 14 1 0
2854 19 28 1 0
2855 41 39 0 1
2856 44 1 1 0
2857 78 9 1 0
2858 40 27 0 -1
2859 91 3 -1 0
2860 29 16 -1 0
2861 24 16 1 0
2862 39 23 0 -1
2863 14 1 0 1
2864 67 12 0 -1
2865 22 0 0 -1
2866 17 4 -1 0
2867 12 32 -1 0
2868 86 7 0 -1
2869 78 15 0 -1
2870 25 8 0 1
2871 16 27 1 0
2872 28 38 0 1
2873 61 34 0 1
2874 39 2 0 -1
2875 26 27 0 1
2876 77 18 1 0
2877 89 27 0 1
2878 87 22 0 1
2879 75 4 1 0
2880 43 23 1 0
2881 11 0 1 0
2882 78 1 0 1
2883 2 32 0 -1
2884 95 34 0 -1
2885 37 20 -1 0
2886 83 11 1 0
2887 54 24 0 -1
2888 92 31 1 0
2889 58 38 0 1
2890 7 0 0 1
2891 72 22 -1 0
2892 53 5 0 1
2893 73 19 -1 0
2894 40 24 1 0
2895 43 12 -1 0
2896 0 20 -1 0
2897 41 2 0 -1
2898 50 3 -1 0
2899 21 6 0 -1
2900 27 16 0 -1
2901 82 5 0 -1
2902 56 25 0 1
2903 13 32 1 0
2904 7 9 0 1
2905 87 14 -1 0
2906 40 36 -1 0
2907 8 27 1 0
2908 94 2 1 0
2909 44 38 0 1
2910 41 6 0 1
2911 26 12 0 -1
2912 43 21 -1 0
2913 26 22 -1 0
2914 45 19 -1 0
2915 29 13 0 1
2916 95 38 1 0
2917 79 12 -1 0
2918 25 29 0 -1
2919 18 7 0 -1
2920 18 34 1 0
2921 17 28 0 -1
2922 43 15 0 1
2923 3 24 1 0
2924 22 29 1 0
2925 6 19 -1 0
2926 87 24 -1 0
2927 11 25 -1 0
2928 29 11 0 1
2929 66 13 0 -1
2930 17 2 0 -1
2931 66 35 1 0
2932 0 13 -1 0
2933 44 21 0 1
2934 12 7 1 0
2935 22 25 0 -1
2936 75 6 -1 0
2937 8 20 0 1
2938 21 6 -1 0
2939 96 33 -1 0
2940 43 33 0 -1
2941 36 11 -1 0
2942 91 31 1 0
2943 87 3 0 -1
2944 38 19 -1 0
2945 43 15 -1 0
2946 22 5 0 1
2947 45 18 0 1
2948 45 17 -1 0
2949 82 37 1 0
2950 47 4 -1 0
2951 81 6 1 0
2952 42 24 -1 0
2953 87 27 0 1
2954 77 29 -1 0
2955 33 6 -1 0
2956 2 2 1 0
2957 73 27 0 -1
2958 72 17 -1 0
2959 4 21 0 -1
2960 39 32 0 -1
2961 88 20 -1 0
2962 92 20 -1 0
2963 73 24 -1 0
2964 41 26 0 -1
2965 83 14 -1 0
2966 40 12 1 0
2967 28 23 1 0
2968 27 11 -1 0
2969 38 32 0 1
2970 24 4 0 1
2971 99 12 0 -1
2972 44 13 0 1
2973 48 33 0 -1
2974 18 4 0 1
2975 59 23 0 -1
2976 29 14 -1 0
2977 42 24 0 1
2978 23 4 0 -1
2979 1 24 1 0
2980 26 8 1 0
2981 2 2 0 -1
2982 54 37 0 1
2983 37 28 1 0
2984 64 16 0 -1
2985 45 33 -1 0
2986 77 5 0 -1
2987 22 18 -1 0
2988 59 23 0 1
2989 26 23 1 0
2990 29 27 -1 0
2991 42 1 0 1
2992 41 10 -1 0
2993 41 33 -1 0
2994 8 31 0 -1
2995 22 21 0 1
2996 13 7 0 1
2997 80 6 1 0
2998 28 24 0 1
2999 30 11 -1 0
3000 78 10 -1 0
3001 29 29 1 0
3002 56 21 0 1
3003 52 9 0 -1
3004 4 0 -1 0
3005 22 3 1 0
3006 42 12 -1 0
3007 45 20 0 -1
3008 18 10 0 1
3009 56 11 1 0
3010 41 17 0 -1
3011 16 19 0 -1
3012 36 37 0 -1
3013 39 10 -1 0
3014 37 30 0 -1
3015 95 35 0 1
3016 95 18 0 -1
3017 46 16 0 -1
3018 75 29 -1 0
3019 43 30 0 -1
3020 20 12 -1 0
3021 41 19 1 0
3022 90 23 -1 0
3023 73 4 0 -1
3024 22 27 -1 0
3025 43 39 -1 0
3026 14 8 0 -1
3027 8 9 0 -1
3028 59 5 0 1
3029 19 7 0 -1
3030 34 25 0 -1
3031 49 8 -1 0
3032 26 21 -1 0
3033 2 0 0 1
3034 28 32 0 -1
3035 27 11 0 -1
3036 39 3 0 -1
3037 1 29 -1 0
3038 24 38 -1 0
3039 20 19 0 -1
3040 83 20 1 0
3041 83 18 0 1
3042 13 27 1 0
3043 48 23 -1 0
3044 94 35 0 1
3045 42 12 -1 0
3046 22 8 0 -1
3047 14 18 -1 0
3048 68 38 -1 0
3049 27 37 1 0
3050 97 6 0 -1
3051 9 3 0 1
3052 8 12 -1 0
3053 12 2 0 -1
3054 0 39 -1 0
3055 40 38 0 -1
3056 50 0 0 -1
3057 79 26 1 0
3058 37 33 -1 0
3059 36 15 1 0
3060 41 29 1 0
3061 92 2 1 0
3062 94 29 0 1
3063 58 37 0 -1
3064 94 20 1 0
3065 6 17 0 1
3066 7 21 -1 0
3067 3 34 -1 0
3068 44 29 0 -1
3069 69 26 0 -1
3070 91 20 0 -1
3071 84 13 0 1
3072 14 14 0 -1
3073 21 2 0 1
3074 48 25 0 -1
3075 42 20 -1 0
3076 49 8 -1 0
3077 40 8 0 -1
3078 8 33 -1 0
3079 10 2 0 1
3080 28 13 -1 0
3081 26 0 1 0
3082 18 6 1 0
3083 61 16 0 -1
3084 49 6 1 0
3085 42 34 0 1
3086 20 31 1 0
3087 65 27 0 -1
3088 36 34 1 0
3089 14 34 1 0
3090 98 38 -1 0
3091 32 27 1 0
3092 22 8 0 -1
3093 42 13 -1 0
3094 27 10 1 0
3095 20 21 0 -1
3096 93 3 1 0
3097 43 17 1 0
3098 12 7 -1 0
3099 83 16 1 0
3100 43 11 -1 0
3101 40 3 1 0
3102 68 11 0 -1
3103 0 5 1 0
3104 41 20 0 -1
3105 95 29 1 0
3106 68 35 1 0
3107 38 34 1 0
3108 22 39 -1 0
3109 17 38 -1 0
3110 27 22 -1 0
3111 12 17 1 0
3112 44 18 0 -1
3113 36 37 -1 0
3114 16 25 0 -1
3115 76 24 1 0
3116 22 4 -1 0
3117 21 5 -1 0
3118 96 25 0 1
3119 42 38 0 -1
3120 95 24 0 1
3121 14 20 0 -1
3122 80 27 0 -1
3123 44 0 1 0
3124 27 14 1 0
3125 16 24 1 0
3126 84 32 -1 0
3127 60 4 0 -1
3128 80 1 0 -1
3129 24 27 -1 0
3130 44 0 0 -1
3131 20 34 0 1
3132 38 29 1 0
3133 96 11 -1 0
3134 45 23 1 0
3135 76 1 0 1
3136 39 38 1 0
3137 87 0 -1 0
3138 44 18 -1 0
3139 11 25 1 0
3140 90 38 1 0
3141 25 17 1 0
3142 91 23 1 0
3143 26 4 0 -1
3144 61 15 -1 0
3145 36 16 -1 0
3146 66 26 1 0
3147 40 34 0 1
3148 28 18 0 1
3149 19 9 0 -1
3150 24 9 0 -1
3151 68 11 -1 0
3152 11 37 0 -1
3153 57 0 1 0
3154 49 17 -1 0
3155 1 3 1 0
3156 38 38 0 1
3157 27 3 0 -1
3158 44 14 0 1
3159 24 11 -1 0
3160 8 16 0 1
3161 4 14 0 1
3162 56 15 1 0
3163 17 10 1 0
3164 62 2 0 1
3165 3 18 -1 0
3166 22 23 1 0
3167 7 35 0 1
3168 74 15 -1 0
3169 46 29 0 1
3170 13 31 -1 0
3171 24 36 1 0
3172 23 15 0 1
3173 37 33 0 -1
3174 94 30 0 -1
3175 19 37 1 0
3176 22 2 0 1
3177 30 14 0 -1
3178 95 20 0 1
3179 18 23 -1 0
3180 50 7 0 1
3181 19 4 -1 0
3182 16 11 -1 0
3183 23 1 -1 0
3184 48 27 1 0
3185 1 38 0 -1
3186 40 0 0 -1
3187 62 5 -1 0
3188 45 20 0 -1
3189 16 34 0 -1
3190 65 28 0 1
3191 5 35 -1 0
3192 45 23 0 -1
3193 90 17 0 -1
3194 44 32 0 1
3195 23 8 0 -1
3196 94 26 1 0
3197 91 9 1 0
3198 26 27 0 -1
3199 31 18 0 -1
3200 56 39 1 0
3201 80 37 1 0
3202 25 3 0 1
3203 46 36 0 1
3204 68 22 0 1
3205 36 14 0 1
3206 4 1 0 1
3207 93 4 -1 0
3208 15 18 0 -1
3209 92 25 0 1
3210 57 19 -1 0
3211 36 16 0 -1
3212 25 15 0 1
3213 20 7 0 -1
3214 19 8 0 1
3215 35 10 1 0
3216 57 29 -1 0
3217 27 28 1 0
3218 29 39 0 -1
3219 40 24 1 0
3220 29 11 0 1
3221 20 26 0 -1
3222 45 0 0 1
3223 44 3 0 -1
3224 37 28 0 1
3225 36 36 0 -1
3226 11 0 1 0
3227 96 37 0 1
3228 9 14 0 -1
3229 52 3 -1 0
3230 97 36 0 -1
3231 22 1 0 1
3232 11 37 0 -1
3233 54 16 1 0
3234 11 2 1 0
3235 12 9 -1 0
3236 29 23 -1 0
3237 24 9 -1 0
3238 95 35 1 0
3239 91 8 1 0
3240 43 14 0 1
3241 12 26 -1 0
3242 76 32 -1 0
3243 44 17 0 1
3244 38 12 0 -1
3245 23 31 0 -1
3246 68 17 -1 0
3247 99 32 0 -1
3248 39 35 0 1
3249 92 1 0 -1
3250 37 7 -1 0
3251 17 9 -1 0
3252 94 3 0 1
3253 17 4 0 1
3254 20 18 1 0
3255 89 35 1 0
3256 82 14 0 -1
3257 19 5 0 1
3258 30 2 -1 0
3259 98 0 0 -1
3260 39 32 0 1
3261 16 19 1 0
3262 74 33 -1 0
3263 20 12 -1 0
3264 27 19 0 -1
3265 42 34 1 0
3266 28 5 0 1
3267 47 5 -1 0
3268 47 39 0 1
3269 76 0 0 1
3270 22 4 -1 0
3271 36 26 0 1
3272 5 15 0 -1
3273 45 37 0 1
3274 23 6 1 0
3275 20 23 0 -1
3276 16 35 0 1
3277 28 8 0 -1
3278 53 30 0 -1
3279 41 8 -1 0
3280 50 7 0 -1
3281 37 33 0 1
3282 16 16 -1 0
3283 23 26 1 0
3284 40 6 0 1
3285 28 25 1 0
3286 17 0 0 1
3287 90 27 1 0
3288 38 9 0 1
3289 9 4 -1 0
3290 79 35 0 1
3291 50 4 0 -1
3292 46 16 1 0
3293 24 2 -1 0
3294 9 3 -1 0
3295 96 16 1 0
3296 37 36 0 -1
3297 76 30 -1 0
3298 18 27 -1 0
3299 28 14 0 -1
3300 25 15 0 -1
3301 2 13 -1 0
3302 44 10 0 -1
3303 18 21 0 1
3304 21 17 0 1
3305 87 6 0 1
3306 22 12 1 0
3307 42 33 0 1
3308 45 22 0 1
3309 94 28 0 -1
3310 92 3 0 -1
3311 38 33 -1 0
3312 76 30 0 -1
3313 40 30 0 1
3314 67 37 1 0
3315 92 7 0 -1
3316 35 24 -1 0
3317 98 16 -1 0
3318 30 16 0 -1
3319 89 10 0 -1
3320 24 28 1 0
3321 87 27 0 -1
3322 13 34 0 -1
3323 24 33 0 1
3324 49 2 0 1
3325 37 31 0 1
3326 17 6 0 -1
3327 21 4 1 0
3328 7 32 0 1
3329 95 8 0 -1
3330 4 16 0 -1
3331 49 36 0 1
3332 88 2 0 1
3333 65 30 1 0
3334 29 39 1 0
3335 19 33 0 1
3336 7 29 1 0
3337 43 16 0 1
3338 1 28 -1 0
3339 51 21 0 -1
3340 60 35 1 0
3341 21 4 0 1
3342 25 16 0 -1
3343 17 29 0 -1
3344 22 24 0 1
3345 10 14 0 1
3346 43 22 1 0
3347 41 30 -1 0
3348 17 23 0 -1
3349 97 9 1 0
3350 27 30 1 0
3351 0 35 0 -1
3352 92 19 -1 0
3353 70 4 0 1
3354 40 31 0 1
3355 44 15 0 -1
3356 27 27 1 0
3357 64 6 -1 0
3358 46 10 -1 0
3359 41 2 0 1
3360 38 33 0 -1
3361 39 10 0 -1
3362 74 36 0 1
3363 52 35 0 -1
3364 50 1 -1 0
3365 7 32 1 0
3366 64 16 0 1
3367 17 7 -1 0
3368 0 15 0 -1
3369 19 32 0 -1
3370 89 3 0 1
3371 7 30 1 0
3372 18 12 0 1
3373 85 22 1 0
3374 38 14 -1 0
3375 24 15 1 0
3376 39 13 -1 0
3377 24 17 0 -1
3378 26 19 1 0
3379 45 28 0 1
3380 81 18 0 -1
3381 75 30 0 -1
3382 41 3 0 -1
3383 27 10 0 1
3384 74 30 1 0
3385 21 11 1 0
3386 91 14 0 1
3387 11 8 1 0
3388 43 12 0 -1
3389 89 31 0 1
3390 11 20 1 0
3391 41 30 -1 0
3392 39 30 1 0
3393 20 14 0 -1
3394 46 12 -1 0
3395 58 29 1 0
3396 22 28 1 0
3397 44 19 -1 0
3398 39 2 0 1
3399 43 10 0 -1
3400 15 7 1 0
3401 28 4 1 0
3402 21 2 1 0
3403 14 2 1 0
3404 50 35 0 1
3405 37 34 0 -1
3406 26 6 -1 0
3407 81 6 1 0
3408 40 18 1 0
3409 17 14 1 0
3410 27 29 -1 0
3411 14 29 1 0
3412 37 5 0 -1
3413 21 13 1 0
3414 26 13 0 -1
3415 36 36 1 0
3416 27 38 0 -1
3417 45 37 0 -1
3418 46 17 0 -1
3419 50 5 0 1
3420 87 19 0 -1
3421 44 23 -1 0
3422 88 5 0 -1
3423 3 39 0 -1
3424 83 37 0 1
3425 89 39 0 1
3426 56 23 1 0
3427 56 6 1 0
3428 28 8 0 -1
3429 95 32 -1 0
3430 23 19 0 1
3431 47 18 0 -1
3432 23 36 -1 0
3433 39 36 1 0
3434 18 4 1 0
3435 39 19 0 -1
3436 20 30 0 -1
3437 21 28 -1 0
3438 73 35 0 1
3439 91 24 1 0
3440 55 6 -1 0
3441 61 34 0 1
3442 10 20 0 1
3443 2 12 -1 0
3444 94 21 0 -1
3445 60 8 0 1
3446 72 37 0 1
3447 24 37 1 0
3448 37 12 0 1
3449 5 15 1 0
3450 50 15 0 -1
3451 19 29 -1 0
3452 26 28 -1 0
3453 83 27 0 -1
3454 26 15 0 -1
3455 40 32 0 1
3456 25 27 1 0
3457 51 0 1 0
3458 25 34 0 1
3459 22 37 0 1
3460 42 32 0 1
3461 37 28 0 1
3462 41 4 -1 0
3463 38 22 0 1
3464 39 36 0 1
3465 68 22 1 0
3466 37 36 0 -1
3467 23 34 0 1
3468 88 0 -1 0
3469 9 32 0 -1
3470 47 34 -1 0
3471 30 5 -1 0
3472 1 9 1 0
3473 37 3 1 0
3474 68 11 0 1
3475 94 38 0 1
3476 37 15 -1 0
3477 22 10 -1 0
3478 44 18 1 0
3479 50 29 0 -1
3480 27 36 1 0
3481 41 3 -1 0
3482 40 20 1 0
3483 25 11 0 -1
3484 58 33 1 0
3485 77 20 -1 0
3486 26 12 1 0
3487 81 9 0 1
3488 92 21 0 -1
3489 82 17 0 1
3490 12 28 -1 0
3491 21 30 -1 0
3492 24 12 1 0
3493 80 7 1 0
3494 94 5 0 -1
3495 81 12 1 0
3496 60 33 0 -1
3497 5 39 -1 0
3498 79 22 0 -1
3499 38 27 0 -1
3500 17 5 1 0
3501 48 37 1 0
3502 95 27 0 1
3503 37 38 -1 0
3504 39 9 -1 0
3505 9 25 1 0
3506 80 31 0 1
3507 53 25 -1 0
3508 43 10 0 1
3509 33 32 0 1
3510 30 39 0 1
3511 75 13 0 1
3512 40 35 1 0
3513 24 5 0 -1
3514 5 3 -1 0
3515 57 5 0 -1
3516 47 24 0 1
3517 92 8 0 1
3518 50 36 0 1
3519 83 16 1 0
3520 13 28 1 0
3521 41 22 1 0
3522 22 25 1 0
3523 44 8 -1 0
3524 46 24 1 0
3525 24 13 1 0
3526 27 7 0 1
3527 43 6 1 0
3528 91 25 0 -1
3529 23 15 1 0
3530 14 7 1 0
3531 26 11 0 -1
3532 24 22 -1 0
3533 2 37 0 1
3534 19 7 0 -1
3535 43 22 0 -1
3536 21 10 0 1
3537 95 23 0 1
3538 95 26 -1 0
3539 35 25 -1 0
3540 41 2 0 -1
3541 41 27 0 -1
3542 14 17 0 1
3543 56 8 0 -1
3544 18 32 0 1
3545 47 3 -1 0
3546 26 18 -1 0
3547 39 31 0 -1
3548 27 13 -1 0
3549 88 29 0 -1
3550 37 34 0 1
3551 91 16 -1 0
3552 21 18 1 0
3553 26 13 1 0
3554 80 17 1 0
3555 61 24 0 1
3556 40 2 0 1
3557 47 26 -1 0
3558 41 16 0 -1
3559 22 37 1 0
3560 66 3 0 1
3561 44 19 0 -1
3562 14 35 -1 0
3563 70 29 0 -1
3564 93 26 0 1
3565 45 18 -1 0
3566 44 20 -1 0
3567 62 29 1 0
3568 73 21 0 1
3569 83 20 -1 0
3570 56 34 0 -1
3571 83 16 0 1
3572 89 23 0 1
3573 22 13 -1 0
3574 25 31 1 0
3575 43 7 -1 0
3576 53 14 1 0
3577 0 9 1 0
3578 14 32 1 0
3579 52 24 1 0
3580 39 11 1 0
3581 16 37 -1 0
3582 68 5 0 1
3583 46 24 -1 0
3584 43 23 0 -1
3585 43 37 -1 0
3586 37 14 -1 0
3587 23 32 1 0
3588 28 29 1 0
3589 42 35 0 1
3590 41 36 0 -1
3591 72 20 0 1
3592 26 9 -1 0
3593 96 14 -1 0
3594 68 5 0 1
3595 41 9 0 -1
3596 22 3 0 1
3597 43 31 0 1
3598 44 34 0 -1
3599 45 5 0 -1
