0 28 6 -1 0
1 23 22 0 -1
2 18 17 -1 0
3 45 1 0 -1
4 40 18 0 -1
5 87 15 1 0
6 87 12 1 0
7 43 6 0 1
8 45 18 0 -1
9 2 16 0 -1
10 63 4 1 0
11 7 19 1 0
12 29 1 -1 0
13 60 2 -1 0
14 28 38 1 0
15 24 1 0 1
16 84 11 -1 0
17 69 21 0 1
18 49 7 0 -1
19 81 10 0 1
20 23 15 0 -1
21 77 23 -1 0
22 82 5 0 1
23 81 39 -1 0
24 41 35 1 0
25 38 6 0 1
26 24 16 0 -1
27 24 29 -1 0
28 24 28 0 -1
29 19 8 -1 0
30 17 9 1 0
31 62 30 1 0
32 62 11 0 1
33 55 26 0 -1
34 30 31 0 1
35 85 26 0 1
36 99 5 1 0
37 25 6 1 0
38 61 38 0 1
39 53 18 0 -1
40 83 10 0 1
41 60 30 -1 0
42 38 7 -1 0
43 36 33 1 0
44 18 29 0 1
45 86 37 -1 0
46 75 6 -1 0
47 14 12 1 0
48 82 39 1 0
49 43 1 -1 0
50 53 29 1 0
51 45 10 -1 0
52 19 30 1 0
53 43 6 0 1
54 39 19 0 1
55 36 22 -1 0
56 96 29 -1 0
57 64 23 1 0
58 89 15 0 -1
59 52 1 0 1
60 31 10 0 1
61 23 2 0 1
62 51 38 1 0
63 31 3 0 1
64 24 9 0 -1
65 30 36 0 -1
66 45 0 -1 0
67 38 1 1 0
68 7 20 0 1
69 99 28 1 0
70 17 32 0 1
71 97 20 1 0
72 43 1 1 0
73 54 1 -1 0
74 23 38 0 1
75 42 37 -1 0
76 4 13 0 -1
77 40 24 0 -1
78 13 28 -1 0
79 27 8 0 -1
80 35 25 0 -1
81 50 21 1 0
82 41 18 0 -1
83 97 31 0 1
84 66 28 1 0
85 24 33 -1 0
86 65 31 0 -1
87 37 7 -1 0
88 84 3 0 1
89 39 4 0 1
90 42 4 -1 0
91 77 32 0 1
92 49 13 -1 0
93 16 21 0 -1
94 52 17 0 -1
95 20 30 0 1
96 55 12 0 1
97 59 10 0 1
98 38 16 0 -1
99 69 29 0 -1
100 22 6 1 0
101 85 13 0 1
102 90 25 0 1
103 26 3 1 0
104 99 16 0 -1
105 11 35 1 0
106 28 0 1 0
107 68 24 0 1
108 5 25 0 -1
109 63 35 0 -1
110 91 35 0 1
111 18 0 -1 0
112 96 10 0 1
113 43 39 -1 0
114 91 24 1 0
115 46 3 1 0
116 2 15 -1 0
117 46 6 0 -1
118 9 1 -1 0
119 95 17 -1 0
120 32 7 0 1
121 3 24 0 1
122 51 3 -1 0
123 11 1 -1 0
124 72 36 -1 0
125 22 6 0 -1
126 22 16 0 -1
127 3 25 0 -1
128 28 10 0 -1
129 21 32 1 0
130 3 36 0 1
131 73 13 0 1
132 55 4 1 0
133 3 8 -1 0
134 43 25 1 0
135 26 17 0 -1
136 9 4 1 0
137 96 32 0 1
138 89 18 0 1
139 42 24 0 1
140 99 2 1 0
141 24 8 -1 0
142 17 35 -1 0
143 99 10 -1 0
144 37 16 0 1
145 66 33 0 -1
146 25 13 0 1
147 43 13 1 0
148 44 30 -1 0
149 21 19 1 0
150 77 39 1 0
151 51 38 0 -1
152 25 27 0 -1
153 42 19 1 0
154 83 33 0 1
155 19 4 1 0
156 39 35 0 -1
157 21 13 0 -1
158 26 4 -1 0
159 50 39 1 0
160 44 7 1 0
161 55 21 -1 0
162 12 22 0 -1
163 2 33 0 -1
164 45 11 0 -1
165 23 32 -1 0
166 18 26 -1 0
167 41 22 1 0
168 81 24 0 1
169 86 13 1 0
170 27 27 1 0
171 24 26 0 -1
172 23 19 1 0
173 16 14 -1 0
174 21 11 -1 0
175 44 15 0 1
176 53 1 1 0
177 67 21 0 -1
178 4 8 0 1
179 21 16 0 1
180 41 19 -1 0
181 4 34 0 1
182 41 7 -1 0
183 32 0 -1 0
184 54 7 1 0
185 97 22 -1 0
186 92 5 0 1
187 28 7 -1 0
188 26 2 0 1
189 19 10 0 1
190 7 16 -1 0
191 11 25 0 -1
192 47 16 -1 0
193 0 35 0 -1
194 41 15 0 1
195 24 39 -1 0
196 10 1 0 -1
197 43 30 1 0
198 1 8 -1 0
199 19 34 0 -1
200 18 37 1 0
201 25 23 1 0
202 94 27 1 0
203 80 11 0 -1
204 25 19 0 1
205 60 14 0 1
206 58 33 0 1
207 49 24 0 -1
208 43 23 -1 0
209 3 19 0 -1
210 18 26 0 1
211 43 35 0 -1
212 84 16 1 0
213 21 17 -1 0
214 89 1 1 0
215 17 4 1 0
216 41 32 0 1
217 38 33 0 -1
218 88 33 0 -1
219 0 16 0 -1
220 49 8 1 0
221 49 25 -1 0
222 67 39 0 -1
223 3 18 -1 0
224 99 25 -1 0
225 85 29 -1 0
226 50 15 0 -1
227 46 1 1 0
228 2 27 0 -1
229 45 35 1 0
230 17 5 -1 0
231 75 24 0 -1
232 85 26 -1 0
233 28 22 -1 0
234 18 25 0 1
235 99 31 -1 0
236 20 35 0 -1
237 33 32 -1 0
238 38 7 1 0
239 21 39 -1 0
240 26 27 1 0
241 28 0 1 0
242 30 33 -1 0
243 74 0 -1 0
244 40 5 1 0
245 32 5 0 1
246 33 31 -1 0
247 41 20 1 0
248 31 14 1 0
249 22 23 0 1
250 41 29 -1 0
251 19 38 -1 0
252 50 29 0 -1
253 6 0 0 1
254 27 7 0 -1
255 46 10 0 1
256 16 23 0 -1
257 88 28 0 1
258 40 21 0 -1
259 52 7 1 0
260 92 27 0 -1
261 12 5 1 0
262 21 35 -1 0
263 42 30 -1 0
264 37 23 0 1
265 95 6 0 -1
266 82 38 1 0
267 59 3 -1 0
268 48 16 0 -1
269 41 13 -1 0
270 29 35 0 1
271 91 25 0 -1
272 18 12 0 -1
273 42 15 1 0
274 14 13 0 1
275 42 16 1 0
276 52 28 0 -1
277 49 18 -1 0
278 96 13 1 0
279 96 19 1 0
280 1 24 0 -1
281 41 2 0 1
282 9 28 -1 0
283 44 24 1 0
284 41 33 0 1
285 41 3 1 0
286 70 35 -1 0
287 27 4 0 1
288 19 13 -1 0
289 68 7 0 -1
290 25 11 0 -1
291 21 31 0 -1
292 14 13 0 1
293 59 31 -1 0
294 23 36 -1 0
295 40 33 1 0
296 73 20 1 0
297 42 0 0 1
298 91 23 -1 0
299 12 15 1 0
300 97 35 1 0
301 43 33 -1 0
302 41 14 1 0
303 62 33 0 -1
304 14 9 0 1
305 73 21 0 -1
306 74 9 -1 0
307 80 5 0 1
308 43 35 0 -1
309 78 14 1 0
310 11 37 0 1
311 59 19 -1 0
312 6 10 1 0
313 53 17 -1 0
314 81 16 0 1
315 90 23 0 1
316 35 4 -1 0
317 95 0 -1 0
318 43 36 0 -1
319 66 30 1 0
320 19 21 0 -1
321 76 9 -1 0
322 6 39 0 1
323 39 25 1 0
324 16 9 -1 0
325 27 35 1 0
326 42 38 -1 0
327 58 12 -1 0
328 40 35 0 -1
329 82 34 0 1
330 63 15 1 0
331 77 1 -1 0
332 59 24 1 0
333 66 36 1 0
334 43 17 -1 0
335 7 30 0 -1
336 17 26 1 0
337 40 9 -1 0
338 25 10 1 0
339 25 15 0 -1
340 29 30 1 0
341 48 25 0 -1
342 72 9 -1 0
343 43 12 -1 0
344 13 11 -1 0
345 7 14 1 0
346 19 7 -1 0
347 45 14 -1 0
348 48 29 0 -1
349 2 34 0 1
350 86 3 1 0
351 68 15 1 0
352 24 33 1 0
353 48 25 -1 0
354 56 8 1 0
355 97 3 1 0
356 92 32 0 1
357 32 3 0 -1
358 56 5 0 1
359 23 15 0 -1
360 44 35 -1 0
361 94 5 1 0
362 27 28 1 0
363 60 38 0 1
364 42 16 0 -1
365 3 31 -1 0
366 1 6 0 1
367 72 18 1 0
368 28 5 0 1
369 16 37 1 0
370 25 38 1 0
371 19 36 0 -1
372 43 0 0 -1
373 57 38 1 0
374 22 9 0 -1
375 46 39 1 0
376 14 11 1 0
377 3 27 0 1
378 8 34 1 0
379 40 8 0 -1
380 45 6 1 0
381 41 38 0 -1
382 91 30 -1 0
383 91 32 0 -1
384 42 39 1 0
385 90 3 0 -1
386 40 23 0 1
387 95 21 0 -1
388 65 37 0 1
389 54 20 0 1
390 83 1 1 0
391 24 21 1 0
392 54 12 1 0
393 48 28 1 0
394 14 1 0 -1
395 12 8 -1 0
396 62 32 0 1
397 20 4 1 0
398 20 14 1 0
399 70 32 -1 0
400 78 1 1 0
401 81 17 0 1
402 23 14 1 0
403 41 22 0 1
404 69 1 1 0
405 0 20 1 0
406 78 30 -1 0
407 21 14 1 0
408 51 9 0 1
409 51 23 1 0
410 72 2 0 -1
411 82 18 0 -1
412 30 16 1 0
413 14 0 -1 0
414 43 31 -1 0
415 79 21 1 0
416 15 9 1 0
417 37 28 0 -1
418 28 14 0 1
419 47 11 0 -1
420 37 1 1 0
421 6 11 -1 0
422 39 20 -1 0
423 66 20 0 -1
424 83 21 -1 0
425 38 31 -1 0
426 26 14 0 -1
427 51 4 -1 0
428 27 32 1 0
429 49 19 1 0
430 24 25 0 1
431 47 4 0 1
432 90 1 0 1
433 63 30 -1 0
434 22 16 0 -1
435 90 23 1 0
436 96 24 0 -1
437 85 5 0 1
438 98 33 1 0
439 99 21 0 1
440 81 28 1 0
441 35 35 -1 0
442 45 27 1 0
443 25 28 -1 0
444 20 30 0 1
445 7 25 0 1
446 48 32 0 1
447 7 10 -1 0
448 39 34 1 0
449 83 16 1 0
450 87 26 -1 0
451 47 17 0 1
452 36 38 -1 0
453 39 24 -1 0
454 43 8 1 0
455 85 10 1 0
456 38 39 1 0
457 68 37 1 0
458 84 22 0 1
459 45 16 0 1
460 28 7 -1 0
461 34 12 -1 0
462 47 38 0 -1
463 26 37 1 0
464 0 4 0 -1
465 88 5 -1 0
466 15 11 0 -1
467 15 21 0 -1
468 37 7 0 -1
469 45 33 0 1
470 59 4 0 -1
471 7 28 0 1
472 44 21 -1 0
473 17 1 -1 0
474 52 10 0 -1
475 30 19 0 -1
476 50 35 0 -1
477 79 11 0 1
478 8 26 0 1
479 88 21 -1 0
480 59 32 1 0
481 75 27 -1 0
482 9 8 0 -1
483 76 38 0 1
484 39 18 -1 0
485 83 19 1 0
486 43 17 0 1
487 57 35 1 0
488 37 26 0 1
489 23 14 0 1
490 36 18 1 0
491 4 2 1 0
492 44 8 -1 0
493 41 1 -1 0
494 46 3 0 -1
495 85 14 -1 0
496 42 8 0 -1
497 60 24 1 0
498 99 12 0 -1
499 24 11 0 1
500 13 33 0 1
501 63 22 -1 0
502 44 9 1 0
503 12 22 0 1
504 87 2 0 -1
505 46 16 -1 0
506 6 13 -1 0
507 27 38 1 0
508 36 15 -1 0
509 2 6 -1 0
510 37 16 1 0
511 75 35 -1 0
512 27 20 1 0
513 7 9 0 1
514 94 15 -1 0
515 91 15 0 -1
516 64 23 0 -1
517 38 16 1 0
518 24 19 1 0
519 13 15 -1 0
520 22 24 0 1
521 81 14 0 -1
522 75 22 1 0
523 45 19 -1 0
524 21 15 0 -1
525 33 5 1 0
526 44 31 -1 0
527 8 23 1 0
528 24 22 0 -1
529 35 14 0 -1
530 63 36 0 -1
531 84 9 0 -1
532 95 11 1 0
533 40 24 -1 0
534 14 38 1 0
535 25 21 -1 0
536 92 37 0 -1
537 84 33 0 -1
538 87 13 1 0
539 35 28 0 -1
540 72 11 0 -1
541 32 26 -1 0
542 95 35 0 1
543 10 9 0 -1
544 44 24 1 0
545 47 9 0 1
546 79 27 -1 0
547 14 8 0 1
548 18 18 -1 0
549 27 28 -1 0
550 72 35 1 0
551 44 14 -1 0
552 15 20 1 0
553 73 36 0 1
554 42 31 1 0
555 17 16 0 1
556 23 39 1 0
557 43 16 0 -1
558 86 1 -1 0
559 49 15 1 0
560 16 20 0 1
561 95 1 0 1
562 27 24 -1 0
563 87 2 -1 0
564 68 32 0 -1
565 72 35 0 -1
566 22 23 -1 0
567 18 11 1 0
568 84 21 -1 0
569 23 10 -1 0
570 31 17 0 1
571 3 32 0 -1
572 12 3 1 0
573 23 31 1 0
574 28 3 -1 0
575 90 28 0 1
576 7 11 0 1
577 69 10 -1 0
578 26 10 0 1
579 3 4 1 0
580 1 26 0 1
581 82 39 0 1
582 99 29 -1 0
583 92 24 0 1
584 22 10 0 -1
585 41 34 0 1
586 14 19 1 0
587 58 13 0 1
588 4 6 -1 0
589 87 35 0 1
590 39 5 -1 0
591 40 37 0 -1
592 74 4 0 1
593 16 39 0 1
594 27 3 1 0
595 69 21 -1 0
596 43 32 0 -1
597 37 22 0 -1
598 98 24 0 -1
599 96 2 -1 0
600 55 27 1 0
601 9 15 1 0
602 8 3 1 0
603 70 17 0 -1
604 59 36 1 0
605 21 26 -1 0
606 13 28 1 0
607 93 13 1 0
608 25 11 0 -1
609 36 10 0 1
610 95 38 -1 0
611 6 38 0 -1
612 40 17 -1 0
613 23 12 1 0
614 17 8 1 0
615 62 24 0 -1
616 28 12 1 0
617 76 24 0 1
618 22 2 -1 0
619 18 30 -1 0
620 48 16 0 1
621 42 23 0 -1
622 42 32 0 -1
623 37 38 0 1
624 17 16 -1 0
625 25 4 0 -1
626 41 33 0 -1
627 43 29 1 0
628 40 17 0 1
629 9 16 0 1
630 9 0 0 -1
631 46 30 0 1
632 86 21 1 0
633 28 34 0 -1
634 64 34 -1 0
635 11 12 -1 0
636 26 0 0 1
637 16 21 -1 0
638 28 1 0 -1
639 18 19 0 -1
640 23 38 0 1
641 3 28 -1 0
642 52 6 1 0
643 26 17 0 -1
644 40 5 1 0
645 37 16 1 0
646 85 20 0 1
647 52 36 0 -1
648 11 4 1 0
649 23 28 1 0
650 44 16 1 0
651 48 4 0 1
652 22 25 1 0
653 55 2 -1 0
654 15 33 0 1
655 22 1 1 0
656 33 34 0 1
657 45 24 -1 0
658 50 2 -1 0
659 18 0 1 0
660 92 5 1 0
661 1 19 0 -1
662 98 23 1 0
663 28 38 1 0
664 76 7 0 -1
665 90 4 -1 0
666 35 37 0 -1
667 40 21 -1 0
668 23 25 -1 0
669 77 6 -1 0
670 93 23 -1 0
671 54 0 -1 0
672 30 33 -1 0
673 84 10 0 1
674 37 2 -1 0
675 99 4 0 -1
676 22 14 0 1
677 6 14 1 0
678 33 7 1 0
679 21 35 0 -1
680 50 14 -1 0
681 19 39 0 1
682 40 23 0 -1
683 88 19 1 0
684 70 39 1 0
685 22 27 1 0
686 35 28 0 1
687 34 11 1 0
688 52 14 0 -1
689 23 16 0 -1
690 21 4 1 0
691 42 35 1 0
692 41 17 0 1
693 32 11 1 0
694 32 10 0 1
695 23 39 -1 0
696 84 37 1 0
697 45 29 1 0
698 44 10 0 -1
699 18 16 -1 0
700 69 2 -1 0
701 32 3 0 -1
702 64 16 0 1
703 8 15 1 0
704 34 7 1 0
705 75 4 1 0
706 96 22 1 0
707 91 10 -1 0
708 49 4 0 1
709 8 2 0 1
710 77 24 -1 0
711 88 26 0 -1
712 80 39 0 1
713 43 19 0 1
714 41 16 1 0
715 22 32 0 1
716 27 19 0 -1
717 46 29 0 1
718 31 13 1 0
719 39 19 -1 0
720 85 26 0 1
721 80 32 -1 0
722 39 23 0 1
723 29 36 0 1
724 21 17 0 -1
725 50 8 0 -1
726 66 15 0 -1
727 40 21 0 1
728 49 20 -1 0
729 53 32 0 1
730 46 4 0 1
731 27 23 1 0
732 41 39 0 -1
733 87 27 0 -1
734 6 10 1 0
735 25 35 -1 0
736 83 13 0 -1
737 0 33 -1 0
738 88 8 0 -1
739 42 35 1 0
740 28 27 1 0
741 83 0 1 0
742 27 5 0 -1
743 76 1 1 0
744 42 26 0 1
745 27 19 0 1
746 8 36 0 -1
747 1 3 -1 0
748 56 19 0 -1
749 20 12 0 -1
750 77 5 1 0
751 30 6 1 0
752 79 3 1 0
753 50 21 -1 0
754 27 0 0 1
755 23 30 0 1
756 40 35 0 -1
757 86 14 -1 0
758 15 24 0 1
759 99 17 0 1
760 38 37 1 0
761 20 20 -1 0
762 32 8 1 0
763 62 14 -1 0
764 21 20 1 0
765 19 23 1 0
766 89 12 -1 0
767 35 4 -1 0
768 16 16 0 1
769 50 16 1 0
770 27 13 0 1
771 26 19 0 -1
772 71 21 1 0
773 69 30 -1 0
774 3 20 -1 0
775 94 32 1 0
776 43 15 1 0
777 22 35 1 0
778 40 32 0 1
779 3 21 0 -1
780 83 32 0 1
781 10 20 0 -1
782 27 22 -1 0
783 28 12 0 1
784 84 25 0 1
785 1 31 0 1
786 14 19 -1 0
787 8 7 1 0
788 82 19 1 0
789 2 1 0 1
790 96 3 1 0
791 41 14 0 1
792 26 4 0 -1
793 2 22 -1 0
794 41 37 0 -1
795 40 14 -1 0
796 28 2 0 -1
797 42 2 -1 0
798 19 20 -1 0
799 53 18 0 1
800 0 30 0 -1
801 77 21 0 1
802 82 21 0 1
803 5 16 1 0
804 26 19 0 -1
805 79 25 0 1
806 39 33 1 0
807 50 11 -1 0
808 26 33 0 -1
809 28 4 0 -1
810 30 11 0 -1
811 44 2 0 1
812 34 32 0 1
813 24 3 -1 0
814 26 15 0 -1
815 81 35 0 -1
816 48 8 0 1
817 39 16 -1 0
818 8 8 1 0
819 38 21 -1 0
820 57 2 -1 0
821 20 28 -1 0
822 86 33 0 1
823 27 3 0 1
824 34 35 0 -1
825 5 14 1 0
826 45 35 1 0
827 45 31 -1 0
828 20 13 0 1
829 26 26 0 1
830 35 32 0 1
831 92 36 0 -1
832 0 29 1 0
833 7 36 1 0
834 96 28 0 1
835 37 11 -1 0
836 37 17 1 0
837 15 17 0 1
838 45 24 -1 0
839 74 2 -1 0
840 22 8 0 1
841 11 6 1 0
842 39 29 0 1
843 21 10 0 1
844 27 6 1 0
845 22 0 1 0
846 44 11 -1 0
847 1 15 1 0
848 51 6 -1 0
849 15 29 -1 0
850 96 12 1 0
851 92 8 0 1
852 22 8 0 -1
853 60 23 -1 0
854 41 31 1 0
855 78 39 0 1
856 70 29 -1 0
857 79 11 0 -1
858 21 16 1 0
859 69 13 -1 0
860 47 11 1 0
861 20 33 0 -1
862 21 24 1 0
863 37 21 0 1
864 60 30 0 -1
865 28 20 -1 0
866 39 0 0 1
867 9 18 0 1
868 19 27 -1 0
869 40 34 -1 0
870 21 18 0 -1
871 43 33 0 -1
872 84 0 0 -1
873 67 29 0 1
874 45 8 -1 0
875 31 29 -1 0
876 83 2 1 0
877 85 33 1 0
878 12 33 0 -1
879 7 20 0 -1
880 4 13 0 -1
881 75 17 0 -1
882 54 37 0 1
883 86 25 0 -1
884 18 20 -1 0
885 1 32 0 1
886 22 19 1 0
887 57 12 0 1
888 30 5 -1 0
889 35 9 -1 0
890 42 36 0 -1
891 51 22 -1 0
892 41 37 0 -1
893 43 33 -1 0
894 49 34 1 0
895 24 14 0 -1
896 93 33 1 0
897 61 18 1 0
898 72 14 -1 0
899 39 33 -1 0
900 77 25 -1 0
901 61 35 1 0
902 40 36 0 1
903 28 19 1 0
904 0 27 0 -1
905 31 28 0 -1
906 53 26 1 0
907 18 14 0 1
908 10 22 0 1
909 95 2 0 1
910 26 1 0 -1
911 37 27 0 -1
912 61 22 -1 0
913 43 24 1 0
914 34 22 0 1
915 43 2 -1 0
916 35 10 0 1
917 38 33 0 1
918 14 27 1 0
919 7 25 1 0
920 25 4 0 -1
921 38 6 0 1
922 44 33 -1 0
923 89 2 -1 0
924 18 2 1 0
925 20 21 -1 0
926 51 2 0 1
927 49 37 -1 0
928 8 4 1 0
929 65 12 0 1
930 52 26 -1 0
931 36 3 1 0
932 45 25 0 -1
933 5 25 0 1
934 30 35 0 -1
935 92 33 0 1
936 88 13 0 -1
937 43 18 -1 0
938 26 22 0 1
939 32 33 0 -1
940 37 21 -1 0
941 25 13 -1 0
942 27 13 1 0
943 42 21 0 1
944 19 21 0 -1
945 8 15 0 -1
946 93 38 0 -1
947 75 19 0 -1
948 50 24 -1 0
949 8 8 0 -1
950 99 25 0 -1
951 30 27 0 -1
952 38 27 1 0
953 44 32 -1 0
954 88 15 1 0
955 22 28 1 0
956 63 35 0 1
957 48 33 0 1
958 79 22 0 1
959 38 13 0 1
960 38 31 -1 0
961 92 29 -1 0
962 14 24 0 -1
963 27 34 1 0
964 20 35 0 1
965 49 18 1 0
966 26 6 -1 0
967 38 3 -1 0
968 26 33 -1 0
969 17 2 0 -1
970 33 16 0 1
971 81 9 1 0
972 95 34 0 -1
973 30 11 1 0
974 59 23 0 1
975 98 33 1 0
976 60 17 1 0
977 98 0 0 -1
978 87 5 1 0
979 85 13 -1 0
980 15 10 0 -1
981 48 34 1 0
982 22 0 1 0
983 41 1 0 -1
984 37 25 1 0
985 45 36 0 1
986 87 37 1 0
987 82 32 0 -1
988 37 33 1 0
989 34 27 -1 0
990 92 12 -1 0
991 16 3 0 -1
992 4 37 -1 0
993 59 19 0 1
994 53 1 0 1
995 38 12 -1 0
996 41 20 1 0
997 52 26 -1 0
998 6 2 1 0
999 21 25 0 1
1000 20 20 0 1
1001 19 16 0 -1
1002 95 25 0 1
1003 98 19 0 1
1004 30 16 1 0
1005 41 23 0 -1
1006 91 38 0 1
1007 23 8 -1 0
1008 25 37 1 0
1009 97 21 1 0
1010 9 17 0 -1
1011 23 0 0 -1
1012 20 27 0 1
1013 46 6 -1 0
1014 25 19 0 -1
1015 61 37 1 0
1016 42 3 1 0
1017 3 8 0 -1
1018 42 4 0 -1
1019 19 33 -1 0
1020 36 28 -1 0
1021 54 16 -1 0
1022 45 18 1 0
1023 38 37 1 0
1024 52 19 -1 0
1025 18 2 0 -1
1026 27 2 0 1
1027 90 1 0 -1
1028 29 23 0 -1
1029 47 9 0 -1
1030 43 19 0 1
1031 86 9 0 1
1032 43 18 -1 0
1033 19 28 0 -1
1034 82 12 1 0
1035 41 11 -1 0
1036 26 33 0 -1
1037 19 32 -1 0
1038 57 14 1 0
1039 19 23 0 1
1040 38 0 0 -1
1041 66 15 0 1
1042 21 17 0 -1
1043 32 21 -1 0
1044 7 18 0 -1
1045 41 9 0 1
1046 98 26 -1 0
1047 25 39 0 1
1048 37 27 0 -1
1049 38 9 -1 0
1050 44 25 0 -1
1051 78 11 -1 0
1052 7 12 0 1
1053 13 27 1 0
1054 23 27 0 1
1055 61 4 -1 0
1056 91 27 1 0
1057 14 18 0 -1
1058 85 33 -1 0
1059 77 22 1 0
1060 38 15 -1 0
1061 3 30 1 0
1062 95 22 1 0
1063 9 12 -1 0
1064 59 5 -1 0
1065 97 9 0 1
1066 54 20 -1 0
1067 17 21 0 -1
1068 23 35 -1 0
1069 81 11 0 -1
1070 46 12 0 -1
1071 93 11 0 -1
1072 21 5 0 1
1073 23 2 0 1
1074 1 11 -1 0
1075 97 38 0 -1
1076 79 22 -1 0
1077 81 15 0 1
1078 80 26 1 0
1079 88 17 -1 0
1080 30 4 1 0
1081 7 4 -1 0
1082 43 9 0 -1
1083 83 27 -1 0
1084 10 1 0 1
1085 30 30 0 -1
1086 25 3 -1 0
1087 74 19 1 0
1088 14 7 1 0
1089 41 30 1 0
1090 23 14 0 -1
1091 14 23 -1 0
1092 21 36 0 -1
1093 33 32 1 0
1094 74 21 -1 0
1095 56 15 0 1
1096 41 21 0 1
1097 48 22 0 -1
1098 42 34 -1 0
1099 42 33 0 -1
1100 91 1 -1 0
1101 43 16 0 1
1102 11 35 1 0
1103 35 33 1 0
1104 85 28 -1 0
1105 19 26 -1 0
1106 17 19 0 1
1107 42 7 1 0
1108 24 1 -1 0
1109 81 33 1 0
1110 40 19 -1 0
1111 44 27 0 -1
1112 73 9 1 0
1113 39 30 1 0
1114 82 7 0 -1
1115 83 35 0 1
1116 20 16 1 0
1117 49 9 1 0
1118 19 37 0 -1
1119 89 38 0 1
1120 7 25 0 -1
1121 49 38 1 0
1122 36 28 0 -1
1123 84 3 -1 0
1124 48 33 1 0
1125 80 30 0 -1
1126 99 23 1 0
1127 49 5 1 0
1128 73 18 -1 0
1129 2 38 0 1
1130 38 25 0 -1
1131 0 28 0 -1
1132 91 12 0 1
1133 27 14 0 -1
1134 45 29 0 -1
1135 45 13 0 1
1136 45 22 0 1
1137 27 36 1 0
1138 93 19 0 -1
1139 22 20 -1 0
1140 13 8 0 1
1141 34 23 0 1
1142 66 26 0 -1
1143 99 24 1 0
1144 49 37 0 1
1145 8 34 0 1
1146 21 25 0 1
1147 43 36 -1 0
1148 9 24 0 -1
1149 94 38 0 -1
1150 51 17 1 0
1151 32 13 0 -1
1152 44 3 0 1
1153 24 15 0 -1
1154 84 18 0 1
1155 8 30 1 0
1156 16 22 0 -1
1157 1 24 0 -1
1158 99 37 0 1
1159 43 31 0 1
1160 86 10 0 1
1161 25 5 0 1
1162 56 18 0 1
1163 72 29 1 0
1164 25 18 0 -1
1165 36 26 -1 0
1166 0 21 0 1
1167 75 6 1 0
1168 19 6 0 1
1169 38 32 0 1
1170 82 12 -1 0
1171 72 36 0 -1
1172 98 3 1 0
1173 42 30 0 1
1174 19 32 0 -1
1175 42 20 -1 0
1176 50 13 1 0
1177 83 20 0 -1
1178 85 38 0 1
1179 5 15 -1 0
1180 21 10 0 -1
1181 45 6 0 1
1182 42 13 0 1
1183 27 17 0 -1
1184 8 7 -1 0
1185 81 26 -1 0
1186 42 16 0 1
1187 22 29 1 0
1188 6 29 1 0
1189 39 21 0 1
1190 8 9 1 0
1191 45 5 0 1
1192 75 38 0 1
1193 38 13 0 -1
1194 26 13 0 -1
1195 18 7 -1 0
1196 27 28 0 -1
1197 48 8 -1 0
1198 10 11 -1 0
1199 73 24 0 -1
1200 4 29 0 -1
1201 30 15 0 -1
1202 31 23 0 -1
1203 20 22 0 1
1204 44 14 0 -1
1205 60 3 -1 0
1206 82 24 0 -1
1207 8 0 0 1
1208 50 32 -1 0
1209 41 0 1 0
1210 24 39 0 1
1211 16 36 1 0
1212 89 25 0 -1
1213 29 26 1 0
1214 86 14 0 1
1215 60 2 0 -1
1216 27 24 1 0
1217 37 2 1 0
1218 42 28 -1 0
1219 40 2 1 0
1220 11 27 -1 0
1221 85 32 0 1
1222 43 0 0 -1
1223 28 35 -1 0
1224 61 16 0 -1
1225 79 23 -1 0
1226 46 39 -1 0
1227 87 5 0 1
1228 45 19 -1 0
1229 42 4 0 1
1230 30 12 0 1
1231 89 18 -1 0
1232 75 24 -1 0
1233 63 32 0 -1
1234 95 11 0 1
1235 29 37 -1 0
1236 18 1 1 0
1237 14 10 0 -1
1238 82 2 0 1
1239 39 15 0 -1
1240 23 29 1 0
1241 39 10 -1 0
1242 15 22 0 -1
1243 97 31 0 1
1244 55 28 -1 0
1245 27 7 1 0
1246 55 2 1 0
1247 25 9 1 0
1248 29 14 1 0
1249 84 38 1 0
1250 79 23 1 0
1251 41 4 1 0
1252 26 29 0 -1
1253 18 11 1 0
1254 28 23 -1 0
1255 69 1 -1 0
1256 37 30 1 0
1257 79 11 0 1
1258 1 15 1 0
1259 42 8 1 0
1260 42 7 -1 0
1261 12 19 0 1
1262 98 3 -1 0
1263 4 26 0 1
1264 3 3 -1 0
1265 3 25 -1 0
1266 80 4 -1 0
1267 45 15 -1 0
1268 26 27 0 1
1269 56 6 0 -1
1270 37 14 0 -1
1271 10 34 -1 0
1272 22 26 0 -1
1273 49 39 0 -1
1274 4 31 -1 0
1275 14 0 1 0
1276 41 15 1 0
1277 69 17 0 -1
1278 56 4 0 1
1279 28 19 0 1
1280 82 22 0 -1
1281 25 16 1 0
1282 13 10 -1 0
1283 93 39 0 1
1284 41 38 -1 0
1285 87 35 -1 0
1286 14 30 1 0
1287 4 30 0 -1
1288 43 21 0 -1
1289 19 7 0 -1
1290 44 23 -1 0
1291 90 5 1 0
1292 93 6 0 -1
1293 47 5 -1 0
1294 91 8 1 0
1295 19 4 0 -1
1296 56 33 -1 0
1297 86 27 0 1
1298 92 23 0 -1
1299 40 3 0 1
1300 79 32 0 1
1301 19 36 0 1
1302 47 34 -1 0
1303 13 11 0 -1
1304 86 28 0 -1
1305 95 2 -1 0
1306 40 30 1 0
1307 44 10 -1 0
1308 11 11 1 0
1309 65 39 -1 0
1310 92 28 0 1
1311 48 10 0 -1
1312 43 32 -1 0
1313 18 38 0 -1
1314 99 14 0 1
1315 99 32 1 0
1316 1 20 -1 0
1317 15 12 0 1
1318 46 7 -1 0
1319 88 28 1 0
1320 29 31 0 1
1321 81 4 -1 0
1322 81 11 0 1
1323 36 27 -1 0
1324 29 6 -1 0
1325 96 2 0 -1
1326 14 28 0 -1
1327 9 2 0 -1
1328 46 29 0 -1
1329 44 16 0 1
1330 29 13 -1 0
1331 43 32 -1 0
1332 98 21 0 1
1333 90 16 0 1
1334 84 23 0 -1
1335 23 4 1 0
1336 20 14 0 -1
1337 40 33 0 -1
1338 91 12 -1 0
1339 41 23 0 -1
1340 77 22 0 1
1341 18 14 1 0
1342 31 33 0 1
1343 66 3 -1 0
1344 47 4 0 1
1345 33 13 0 -1
1346 14 21 1 0
1347 16 13 0 1
1348 41 30 0 1
1349 15 36 0 -1
1350 10 10 1 0
1351 40 22 0 -1
1352 68 3 0 1
1353 36 3 -1 0
1354 92 24 1 0
1355 22 24 -1 0
1356 30 28 0 -1
1357 27 18 0 -1
1358 28 9 0 1
1359 12 35 -1 0
1360 49 6 1 0
1361 29 5 1 0
1362 22 28 -1 0
1363 67 0 0 1
1364 19 22 0 1
1365 28 33 0 -1
1366 35 18 0 1
1367 20 20 0 1
1368 16 16 0 -1
1369 54 31 1 0
1370 95 17 -1 0
1371 74 25 0 -1
1372 30 33 0 1
1373 20 35 0 1
1374 19 3 1 0
1375 41 3 -1 0
1376 90 20 0 1
1377 56 6 1 0
1378 52 12 0 -1
1379 1 16 0 -1
1380 69 31 0 -1
1381 24 2 0 -1
1382 40 10 0 -1
1383 46 7 0 1
1384 20 9 1 0
1385 29 15 0 -1
1386 50 30 1 0
1387 38 14 0 -1
1388 39 6 0 -1
1389 45 2 -1 0
1390 18 21 0 1
1391 40 7 0 -1
1392 44 23 0 1
1393 60 24 0 1
1394 16 9 -1 0
1395 40 22 0 -1
1396 3 22 -1 0
1397 47 11 1 0
1398 9 28 0 -1
1399 39 38 0 -1
1400 19 34 0 1
1401 43 38 1 0
1402 23 12 1 0
1403 35 25 0 -1
1404 8 36 0 -1
1405 87 11 0 1
1406 82 22 0 1
1407 90 31 0 1
1408 42 19 0 1
1409 5 17 1 0
1410 25 39 1 0
1411 48 13 0 -1
1412 6 25 0 -1
1413 90 13 0 -1
1414 59 31 0 1
1415 29 8 -1 0
1416 44 4 0 1
1417 10 6 1 0
1418 0 25 0 -1
1419 21 11 0 -1
1420 94 4 0 -1
1421 53 24 -1 0
1422 40 30 0 -1
1423 71 29 0 -1
1424 8 23 -1 0
1425 31 21 -1 0
1426 41 32 0 -1
1427 45 38 0 -1
1428 6 39 1 0
1429 66 1 -1 0
1430 97 5 1 0
1431 6 9 0 -1
1432 6 12 0 -1
1433 35 23 0 -1
1434 19 2 0 1
1435 5 20 0 1
1436 19 2 0 -1
1437 15 4 0 1
1438 43 20 0 1
1439 26 19 -1 0
1440 51 27 -1 0
1441 47 23 -1 0
1442 44 35 -1 0
1443 22 25 0 -1
1444 42 6 0 1
1445 43 22 0 -1
1446 57 30 0 -1
1447 68 12 -1 0
1448 96 31 1 0
1449 77 1 0 -1
1450 99 21 0 -1
1451 94 15 1 0
1452 26 18 1 0
1453 46 38 0 1
1454 38 23 -1 0
1455 65 5 0 -1
1456 24 15 0 -1
1457 94 17 1 0
1458 22 37 -1 0
1459 39 29 1 0
1460 40 32 0 1
1461 53 0 0 1
1462 50 31 0 -1
1463 2 21 1 0
1464 20 2 1 0
1465 45 11 0 -1
1466 13 18 0 -1
1467 40 5 -1 0
1468 37 25 0 1
1469 69 17 -1 0
1470 65 14 0 -1
1471 39 6 -1 0
1472 47 10 -1 0
1473 49 4 1 0
1474 50 28 0 1
1475 66 4 0 -1
1476 80 15 0 1
1477 52 12 1 0
1478 41 31 -1 0
1479 38 12 0 1
1480 98 13 0 1
1481 95 10 0 -1
1482 18 12 1 0
1483 87 11 0 -1
1484 38 34 0 -1
1485 31 10 -1 0
1486 45 2 0 1
1487 42 37 -1 0
1488 24 18 -1 0
1489 40 20 0 1
1490 24 38 0 1
1491 56 3 1 0
1492 42 21 0 1
1493 27 39 0 1
1494 23 28 1 0
1495 31 0 0 1
1496 48 26 1 0
1497 37 10 0 -1
1498 48 39 -1 0
1499 43 10 0 -1
1500 17 24 1 0
1501 25 20 -1 0
1502 37 26 1 0
1503 38 2 -1 0
1504 48 17 0 1
1505 17 10 1 0
1506 70 19 0 -1
1507 45 5 -1 0
1508 34 7 1 0
1509 20 29 -1 0
1510 84 28 1 0
1511 49 38 1 0
1512 31 27 1 0
1513 14 30 0 -1
1514 50 27 1 0
1515 74 23 0 1
1516 79 32 -1 0
1517 43 30 -1 0
1518 58 30 0 1
1519 0 18 0 -1
1520 68 29 -1 0
1521 10 4 1 0
1522 27 0 -1 0
1523 18 9 1 0
1524 21 37 0 1
1525 49 5 -1 0
1526 23 26 0 1
1527 85 18 0 -1
1528 32 9 0 1
1529 87 10 0 -1
1530 51 17 1 0
1531 17 10 1 0
1532 11 16 1 0
1533 24 12 0 1
1534 97 14 -1 0
1535 37 29 -1 0
1536 12 11 -1 0
1537 82 13 0 1
1538 96 16 -1 0
1539 25 2 0 1
1540 68 20 -1 0
1541 88 0 0 -1
1542 91 25 -1 0
1543 7 36 0 -1
1544 0 16 0 -1
1545 1 37 -1 0
1546 17 24 0 1
1547 30 27 -1 0
1548 23 36 -1 0
1549 38 10 -1 0
1550 6 34 0 1
1551 63 11 0 1
1552 38 19 -1 0
1553 7 15 0 -1
1554 51 31 1 0
1555 99 22 1 0
1556 44 36 0 1
1557 48 17 1 0
1558 87 20 1 0
1559 38 15 -1 0
1560 21 27 1 0
1561 15 23 -1 0
1562 28 21 1 0
1563 11 13 0 -1
1564 93 21 0 -1
1565 38 21 0 -1
1566 23 3 -1 0
1567 68 29 1 0
1568 54 36 0 1
1569 59 14 0 1
1570 15 7 1 0
1571 60 38 -1 0
1572 27 30 0 1
1573 25 27 -1 0
1574 20 16 0 -1
1575 5 24 1 0
1576 30 26 -1 0
1577 5 9 1 0
1578 44 7 0 1
1579 93 14 1 0
1580 87 38 -1 0
1581 14 17 -1 0
1582 62 32 0 1
1583 36 25 -1 0
1584 22 26 1 0
1585 25 25 0 -1
1586 88 7 0 -1
1587 43 5 -1 0
1588 26 39 -1 0
1589 46 34 0 -1
1590 7 7 -1 0
1591 92 0 -1 0
1592 27 26 0 1
1593 60 33 1 0
1594 10 5 -1 0
1595 83 7 -1 0
1596 78 26 0 1
1597 26 7 1 0
1598 41 20 -1 0
1599 48 29 0 1
1600 38 16 0 -1
1601 32 12 -1 0
1602 78 15 1 0
1603 12 36 0 1
1604 89 3 0 -1
1605 44 30 -1 0
1606 73 16 0 -1
1607 0 18 0 1
1608 40 2 -1 0
1609 50 37 0 1
1610 46 4 -1 0
1611 70 35 -1 0
1612 46 5 -1 0
1613 41 38 1 0
1614 77 3 -1 0
1615 71 25 -1 0
1616 70 17 0 1
1617 16 29 -1 0
1618 45 32 0 -1
1619 16 36 0 1
1620 44 11 0 -1
1621 10 29 0 -1
1622 4 19 1 0
1623 31 27 0 -1
1624 39 24 1 0
1625 8 16 0 -1
1626 76 33 0 1
1627 0 11 1 0
1628 92 23 0 -1
1629 4 18 0 -1
1630 48 26 -1 0
1631 18 14 1 0
1632 20 29 0 -1
1633 31 19 0 1
1634 19 30 1 0
1635 23 5 0 -1
1636 39 20 -1 0
1637 80 9 0 1
1638 31 28 -1 0
1639 99 8 -1 0
1640 26 0 1 0
1641 21 20 -1 0
1642 77 19 0 -1
1643 1 18 -1 0
1644 91 22 -1 0
1645 24 20 0 1
1646 10 32 -1 0
1647 42 37 0 1
1648 7 16 1 0
1649 76 24 -1 0
1650 31 18 1 0
1651 10 11 0 -1
1652 12 11 0 -1
1653 37 26 -1 0
1654 8 19 -1 0
1655 21 20 0 -1
1656 55 21 0 -1
1657 20 21 0 -1
1658 90 18 0 1
1659 38 36 0 1
1660 30 32 0 1
1661 39 2 1 0
1662 50 1 1 0
1663 23 7 0 -1
1664 31 32 1 0
1665 48 13 1 0
1666 90 20 0 1
1667 59 3 1 0
1668 45 6 1 0
1669 31 25 0 1
1670 36 37 0 1
1671 17 11 1 0
1672 23 39 0 1
1673 34 16 -1 0
1674 84 15 -1 0
1675 44 20 -1 0
1676 78 19 0 1
1677 27 29 1 0
1678 26 30 0 -1
1679 9 24 0 -1
1680 42 21 0 1
1681 37 35 -1 0
1682 20 17 1 0
1683 43 14 0 1
1684 18 38 0 -1
1685 44 4 0 1
1686 3 3 0 -1
1687 19 37 0 -1
1688 38 22 1 0
1689 55 0 0 1
1690 48 10 1 0
1691 16 17 0 1
1692 25 1 1 0
1693 48 18 1 0
1694 78 12 -1 0
1695 45 30 0 -1
1696 42 22 0 -1
1697 23 4 1 0
1698 99 17 1 0
1699 88 22 1 0
1700 19 30 -1 0
1701 92 7 0 -1
1702 39 14 -1 0
1703 42 13 0 1
1704 38 18 0 -1
1705 88 24 1 0
1706 60 34 -1 0
1707 40 31 0 -1
1708 45 24 -1 0
1709 93 0 0 -1
1710 38 22 -1 0
1711 30 17 0 -1
1712 21 29 -1 0
1713 29 1 0 -1
1714 31 26 0 -1
1715 98 35 0 1
1716 16 20 0 1
1717 45 2 -1 0
1718 37 13 0 1
1719 91 24 -1 0
1720 30 34 0 1
1721 43 4 -1 0
1722 42 24 0 -1
1723 47 35 1 0
1724 19 21 -1 0
1725 37 20 0 1
1726 91 36 0 1
1727 41 29 0 1
1728 75 33 0 1
1729 44 13 -1 0
1730 19 31 1 0
1731 45 38 0 -1
1732 96 8 0 1
1733 6 5 -1 0
1734 61 2 0 1
1735 6 37 1 0
1736 47 39 1 0
1737 38 17 0 -1
1738 37 10 -1 0
1739 61 5 0 -1
1740 25 3 -1 0
1741 30 30 0 1
1742 20 26 0 1
1743 20 8 -1 0
1744 11 17 -1 0
1745 78 23 0 1
1746 41 23 0 -1
1747 65 37 -1 0
1748 28 24 1 0
1749 42 0 0 -1
1750 27 0 0 -1
1751 97 25 1 0
1752 27 32 0 -1
1753 74 16 -1 0
1754 49 9 -1 0
1755 45 8 1 0
1756 44 9 0 -1
1757 11 26 -1 0
1758 45 9 0 -1
1759 48 0 0 1
1760 66 15 0 -1
1761 80 33 1 0
1762 57 24 -1 0
1763 91 33 1 0
1764 35 25 0 -1
1765 44 16 -1 0
1766 39 21 0 1
1767 25 30 0 1
1768 26 30 -1 0
1769 65 29 0 -1
1770 28 6 1 0
1771 24 4 0 -1
1772 29 11 0 1
1773 53 19 0 1
1774 7 10 0 1
1775 94 20 -1 0
1776 17 0 1 0
1777 43 7 0 1
1778 40 24 0 -1
1779 31 26 0 1
1780 28 22 0 -1
1781 38 20 0 -1
1782 34 31 1 0
1783 60 12 0 -1
1784 20 39 0 1
1785 31 26 0 -1
1786 22 6 0 1
1787 21 11 0 -1
1788 95 28 0 1
1789 46 10 0 -1
1790 35 13 0 1
1791 4 34 0 -1
1792 25 3 1 0
1793 5 33 1 0
1794 17 22 -1 0
1795 87 30 0 -1
1796 43 1 1 0
1797 44 6 0 1
1798 55 18 0 -1
1799 42 17 -1 0
1800 11 18 0 -1
1801 89 7 1 0
1802 73 4 0 -1
1803 39 7 0 -1
1804 93 21 1 0
1805 55 8 1 0
1806 5 13 -1 0
1807 97 19 -1 0
1808 22 39 1 0
1809 2 24 -1 0
1810 39 35 0 1
1811 4 9 0 -1
1812 78 38 0 1
1813 85 31 -1 0
1814 2 17 -1 0
1815 35 16 0 1
1816 44 4 0 -1
1817 41 18 1 0
1818 12 15 -1 0
1819 78 23 -1 0
1820 69 33 0 1
1821 44 37 -1 0
1822 44 39 1 0
1823 27 19 -1 0
1824 77 37 1 0
1825 36 36 0 -1
1826 18 21 0 -1
1827 59 11 0 -1
1828 39 32 0 -1
1829 31 31 0 -1
1830 0 37 0 -1
1831 41 35 -1 0
1832 44 15 0 1
1833 43 13 -1 0
1834 70 29 1 0
1835 43 13 0 1
1836 44 36 -1 0
1837 39 32 1 0
1838 2 14 0 -1
1839 61 16 0 1
1840 19 10 1 0
1841 81 25 1 0
1842 91 31 0 1
1843 84 0 0 1
1844 29 30 -1 0
1845 40 22 0 1
1846 10 16 -1 0
1847 82 24 1 0
1848 45 20 1 0
1849 71 10 1 0
1850 8 11 1 0
1851 27 2 0 1
1852 42 34 -1 0
1853 18 16 1 0
1854 74 30 1 0
1855 39 30 0 1
1856 38 34 -1 0
1857 55 3 0 1
1858 7 26 0 1
1859 7 26 0 1
1860 23 27 0 -1
1861 15 20 0 1
1862 27 11 -1 0
1863 94 32 1 0
1864 61 8 0 -1
1865 30 34 0 -1
1866 21 26 0 -1
1867 19 0 1 0
1868 25 14 0 1
1869 37 12 -1 0
1870 89 15 0 1
1871 33 5 0 -1
1872 58 24 -1 0
1873 5 19 0 1
1874 20 33 1 0
1875 69 32 0 -1
1876 33 6 1 0
1877 41 19 0 -1
1878 8 37 0 -1
1879 38 3 -1 0
1880 17 4 0 1
1881 43 39 -1 0
1882 3 2 -1 0
1883 48 0 0 1
1884 24 13 -1 0
1885 0 8 0 1
1886 39 34 0 -1
1887 45 7 0 -1
1888 51 31 1 0
1889 2 35 0 1
1890 74 31 0 1
1891 41 26 -1 0
1892 74 4 -1 0
1893 37 33 1 0
1894 59 23 -1 0
1895 62 36 0 -1
1896 41 2 -1 0
1897 35 33 -1 0
1898 18 13 0 1
1899 46 27 0 -1
1900 31 15 1 0
1901 41 36 1 0
1902 68 4 0 -1
1903 8 14 -1 0
1904 82 6 1 0
1905 47 19 -1 0
1906 47 22 -1 0
1907 54 22 -1 0
1908 6 35 0 -1
1909 27 27 0 1
1910 23 0 1 0
1911 89 21 0 1
1912 88 18 1 0
1913 19 14 0 1
1914 21 3 -1 0
1915 10 28 -1 0
1916 21 0 1 0
1917 67 3 0 1
1918 66 34 -1 0
1919 6 0 -1 0
1920 41 8 0 -1
1921 82 0 1 0
1922 61 13 0 -1
1923 79 1 0 1
1924 7 17 0 1
1925 9 7 0 1
1926 85 31 1 0
1927 96 38 0 1
1928 61 39 1 0
1929 38 14 0 -1
1930 32 30 1 0
1931 40 36 -1 0
1932 30 38 -1 0
1933 85 16 0 -1
1934 91 12 -1 0
1935 47 19 0 1
1936 43 7 1 0
1937 52 10 -1 0
1938 33 1 1 0
1939 98 31 1 0
1940 27 7 0 -1
1941 44 6 -1 0
1942 29 10 0 1
1943 89 35 0 1
1944 7 17 0 1
1945 46 36 -1 0
1946 22 9 1 0
1947 96 39 -1 0
1948 71 28 -1 0
1949 97 17 -1 0
1950 91 9 -1 0
1951 46 9 0 -1
1952 57 29 -1 0
1953 78 13 0 -1
1954 31 10 -1 0
1955 41 25 1 0
1956 56 32 0 -1
1957 32 38 1 0
1958 44 17 0 -1
1959 23 3 0 -1
1960 25 16 0 1
1961 41 35 1 0
1962 84 14 0 -1
1963 45 10 0 -1
1964 26 28 -1 0
1965 22 34 0 1
1966 44 0 1 0
1967 94 25 0 1
1968 46 35 -1 0
1969 79 10 0 1
1970 12 2 0 -1
1971 64 1 0 -1
1972 36 13 1 0
1973 16 18 1 0
1974 2 12 -1 0
1975 83 2 0 -1
1976 62 8 0 1
1977 99 8 -1 0
1978 67 19 0 -1
1979 42 22 0 -1
1980 89 9 1 0
1981 37 23 -1 0
1982 73 34 -1 0
1983 81 17 -1 0
1984 25 36 0 -1
1985 1 19 0 1
1986 5 17 0 -1
1987 3 22 0 1
1988 28 2 -1 0
1989 91 19 0 -1
1990 30 29 -1 0
1991 25 2 0 1
1992 42 26 -1 0
1993 18 7 0 -1
1994 69 39 -1 0
1995 22 3 1 0
1996 10 10 0 1
1997 68 28 0 -1
1998 25 0 1 0
1999 98 1 0 -1
2000 19 1 0 1
2001 18 27 0 -1
2002 55 25 0 -1
2003 43 14 0 1
2004 51 20 0 1
2005 25 5 0 -1
2006 68 26 -1 0
2007 13 34 1 0
2008 29 2 0 1
2009 42 5 0 1
2010 43 20 1 0
2011 66 10 0 -1
2012 18 39 1 0
2013 24 21 -1 0
2014 57 18 -1 0
2015 30 9 -1 0
2016 91 32 0 -1
2017 82 33 0 -1
2018 88 22 0 -1
2019 16 16 0 -1
2020 21 31 0 1
2021 39 22 -1 0
2022 47 30 -1 0
2023 27 6 0 1
2024 95 2 1 0
2025 26 0 -1 0
2026 1 10 0 -1
2027 55 18 -1 0
2028 91 8 0 1
2029 84 13 0 1
2030 28 1 0 -1
2031 3 23 0 -1
2032 43 31 0 -1
2033 47 0 1 0
2034 45 0 1 0
2035 60 15 0 1
2036 42 5 -1 0
2037 43 4 0 1
2038 62 15 0 1
2039 20 13 -1 0
2040 23 28 1 0
2041 42 22 0 -1
2042 43 23 1 0
2043 94 24 -1 0
2044 71 27 1 0
2045 52 1 0 -1
2046 92 18 -1 0
2047 42 7 0 1
2048 22 33 0 -1
2049 8 31 0 1
2050 38 33 1 0
2051 35 1 1 0
2052 68 13 0 -1
2053 29 14 0 -1
2054 12 38 -1 0
2055 41 8 -1 0
2056 82 20 1 0
2057 5 10 -1 0
2058 56 15 -1 0
2059 47 7 0 -1
2060 95 9 0 1
2061 8 8 1 0
2062 38 30 1 0
2063 46 17 1 0
2064 99 17 0 -1
2065 21 4 -1 0
2066 41 4 1 0
2067 21 10 0 1
2068 25 36 0 -1
2069 20 37 0 -1
2070 23 13 1 0
2071 46 16 0 -1
2072 19 6 -1 0
2073 35 34 -1 0
2074 86 12 1 0
2075 27 39 0 1
2076 32 2 0 1
2077 94 15 0 -1
2078 20 17 1 0
2079 76 5 1 0
2080 65 7 0 1
2081 22 11 0 -1
2082 24 35 0 -1
2083 77 35 0 -1
2084 86 31 0 -1
2085 36 9 -1 0
2086 40 37 1 0
2087 37 34 1 0
2088 20 5 1 0
2089 93 17 0 -1
2090 43 29 0 1
2091 12 35 0 -1
2092 81 7 0 -1
2093 95 22 -1 0
2094 75 0 0 1
2095 43 9 -1 0
2096 62 15 0 -1
2097 28 0 -1 0
2098 20 37 0 1
2099 39 9 -1 0
2100 48 12 1 0
2101 90 36 1 0
2102 86 5 1 0
2103 47 32 1 0
2104 99 3 -1 0
2105 39 3 0 -1
2106 39 37 -1 0
2107 81 3 0 1
2108 23 1 0 -1
2109 0 0 1 0
2110 86 3 -1 0
2111 98 22 -1 0
2112 44 20 0 1
2113 42 38 0 1
2114 90 3 0 1
2115 65 31 1 0
2116 20 9 0 -1
2117 34 4 -1 0
2118 34 37 1 0
2119 99 2 0 -1
2120 49 8 0 1
2121 46 0 0 1
2122 38 39 -1 0
2123 25 39 1 0
2124 3 0 0 1
2125 96 29 0 1
2126 1 34 0 -1
2127 16 0 1 0
2128 44 0 0 1
2129 0 6 0 -1
2130 47 5 -1 0
2131 97 13 1 0
2132 37 38 0 -1
2133 25 6 -1 0
2134 93 2 0 -1
2135 0 8 0 -1
2136 52 20 1 0
2137 93 32 0 -1
2138 74 0 0 -1
2139 45 21 0 -1
2140 50 1 0 1
2141 78 39 1 0
2142 45 4 1 0
2143 28 39 0 1
2144 32 5 0 -1
2145 29 15 -1 0
2146 98 37 0 -1
2147 39 0 0 -1
2148 98 3 -1 0
2149 22 10 -1 0
2150 48 30 -1 0
2151 26 12 1 0
2152 89 29 1 0
2153 98 13 0 1
2154 78 16 0 1
2155 7 3 -1 0
2156 41 25 -1 0
2157 45 34 -1 0
2158 47 5 0 -1
2159 56 8 0 1
2160 6 23 -1 0
2161 40 9 1 0
2162 16 28 1 0
2163 43 12 0 1
2164 39 18 1 0
2165 39 23 1 0
2166 47 20 1 0
2167 27 36 0 -1
2168 23 6 0 1
2169 7 7 0 1
2170 41 36 -1 0
2171 98 32 1 0
2172 38 13 0 1
2173 12 3 0 -1
2174 15 20 1 0
2175 37 5 -1 0
2176 18 29 0 -1
2177 31 18 0 -1
2178 27 27 0 1
2179 42 19 0 1
2180 18 9 0 -1
2181 76 31 0 1
2182 41 6 -1 0
2183 4 26 -1 0
2184 85 11 -1 0
2185 46 16 -1 0
2186 38 0 -1 0
2187 47 33 1 0
2188 36 16 0 -1
2189 18 23 -1 0
2190 52 29 1 0
2191 24 22 0 1
2192 16 18 -1 0
2193 13 24 0 -1
2194 84 28 1 0
2195 30 39 1 0
2196 4 25 1 0
2197 56 37 -1 0
2198 99 38 1 0
2199 63 26 0 1
2200 91 4 -1 0
2201 73 16 0 -1
2202 93 19 1 0
2203 47 24 1 0
2204 42 31 1 0
2205 1 31 0 -1
2206 18 19 0 1
2207 12 36 0 -1
2208 59 0 0 1
2209 93 18 1 0
2210 43 21 0 1
2211 49 1 1 0
2212 99 20 -1 0
2213 30 20 0 -1
2214 83 17 -1 0
2215 35 33 0 1
2216 60 20 0 -1
2217 41 5 0 -1
2218 92 28 1 0
2219 98 2 1 0
2220 31 18 -1 0
2221 25 20 -1 0
2222 19 5 1 0
2223 58 18 0 -1
2224 49 9 0 1
2225 99 27 0 1
2226 16 1 0 -1
2227 24 0 1 0
2228 70 1 1 0
2229 27 8 0 1
2230 27 32 1 0
2231 43 35 0 1
2232 1 18 0 1
2233 54 22 0 1
2234 44 29 1 0
2235 20 24 -1 0
2236 25 0 0 -1
2237 40 13 -1 0
2238 63 26 1 0
2239 56 32 0 1
2240 50 5 -1 0
2241 26 11 -1 0
2242 23 12 0 1
2243 37 19 0 1
2244 24 5 -1 0
2245 73 5 -1 0
2246 25 28 0 -1
2247 69 14 0 -1
2248 66 6 1 0
2249 22 15 0 -1
2250 42 10 -1 0
2251 12 12 -1 0
2252 74 30 0 -1
2253 0 34 0 1
2254 22 29 -1 0
2255 46 11 0 1
2256 93 26 -1 0
2257 22 21 -1 0
2258 7 33 1 0
2259 15 26 0 1
2260 42 6 -1 0
2261 10 4 1 0
2262 55 1 0 1
2263 24 1 0 -1
2264 41 28 0 1
2265 81 32 1 0
2266 32 6 -1 0
2267 37 1 0 -1
2268 39 15 -1 0
2269 31 33 1 0
2270 41 30 1 0
2271 36 36 0 -1
2272 27 25 1 0
2273 18 34 0 -1
2274 16 7 0 1
2275 46 8 1 0
2276 23 0 0 -1
2277 22 24 1 0
2278 17 20 1 0
2279 10 11 0 1
2280 95 19 0 1
2281 48 1 1 0
2282 46 15 0 1
2283 22 15 0 1
2284 84 2 0 -1
2285 9 15 1 0
2286 97 15 -1 0
2287 61 4 0 -1
2288 45 26 -1 0
2289 28 11 0 -1
2290 76 17 1 0
2291 19 26 0 -1
2292 75 14 1 0
2293 97 6 0 -1
2294 19 20 0 1
2295 6 26 -1 0
2296 36 18 0 -1
2297 24 3 0 1
2298 31 34 -1 0
2299 59 0 0 -1
2300 58 25 0 1
2301 54 34 -1 0
2302 37 20 0 1
2303 16 39 0 -1
2304 36 16 -1 0
2305 24 28 1 0
2306 0 5 -1 0
2307 87 17 0 -1
2308 11 1 0 -1
2309 61 2 1 0
2310 46 28 0 1
2311 39 32 -1 0
2312 35 10 0 -1
2313 19 6 1 0
2314 42 5 -1 0
2315 23 27 -1 0
2316 49 35 0 -1
2317 89 12 0 1
2318 24 33 0 1
2319 36 20 -1 0
2320 48 4 0 -1
2321 35 12 0 1
2322 5 17 0 1
2323 37 35 0 -1
2324 4 7 0 1
2325 15 33 -1 0
2326 90 13 1 0
2327 44 8 0 -1
2328 45 39 -1 0
2329 91 34 0 1
2330 39 7 0 -1
2331 91 6 0 -1
2332 13 19 1 0
2333 36 28 1 0
2334 6 8 0 -1
2335 10 20 0 1
2336 80 1 0 1
2337 20 11 0 1
2338 21 21 1 0
2339 80 1 1 0
2340 15 0 -1 0
2341 7 27 -1 0
2342 15 17 0 1
2343 45 22 0 -1
2344 85 10 0 1
2345 74 17 1 0
2346 40 33 1 0
2347 27 20 -1 0
2348 29 13 1 0
2349 26 2 -1 0
2350 11 11 0 -1
2351 19 23 0 -1
2352 28 1 0 -1
2353 1 30 0 1
2354 98 24 0 -1
2355 5 34 0 1
2356 97 8 1 0
2357 48 32 0 1
2358 41 21 -1 0
2359 30 32 1 0
2360 90 4 0 1
2361 98 28 0 -1
2362 43 18 0 -1
2363 54 3 -1 0
2364 89 4 1 0
2365 52 2 0 -1
2366 62 20 -1 0
2367 57 28 0 1
2368 43 39 -1 0
2369 86 34 0 -1
2370 63 2 0 1
2371 51 22 1 0
2372 71 30 0 -1
2373 12 9 1 0
2374 14 16 1 0
2375 53 29 0 -1
2376 42 18 0 1
2377 93 16 -1 0
2378 38 26 0 -1
2379 36 16 0 -1
2380 24 14 0 -1
2381 57 12 0 -1
2382 23 11 0 1
2383 26 4 0 -1
2384 19 5 0 1
2385 21 31 0 -1
2386 38 24 -1 0
2387 56 4 -1 0
2388 13 27 -1 0
2389 18 34 0 -1
2390 32 19 -1 0
2391 81 28 0 -1
2392 46 3 0 -1
2393 45 16 0 -1
2394 36 23 0 1
2395 41 33 -1 0
2396 41 3 0 1
2397 23 13 0 1
2398 24 15 -1 0
2399 21 18 0 -1
2400 72 23 0 -1
2401 63 34 0 1
2402 60 5 0 -1
2403 41 4 0 -1
2404 24 12 0 1
2405 24 9 -1 0
2406 82 36 -1 0
2407 22 15 0 -1
2408 83 20 -1 0
2409 74 1 1 0
2410 36 37 1 0
2411 61 8 1 0
2412 47 0 1 0
2413 93 0 1 0
2414 37 19 -1 0
2415 79 37 0 -1
2416 87 0 0 1
2417 2 16 0 -1
2418 39 13 0 1
2419 92 3 1 0
2420 60 12 1 0
2421 51 18 -1 0
2422 44 39 1 0
2423 29 13 0 1
2424 86 32 0 1
2425 11 5 0 -1
2426 12 9 1 0
2427 0 0 -1 0
2428 21 34 -1 0
2429 49 17 0 1
2430 72 25 -1 0
2431 87 12 -1 0
2432 71 25 0 1
2433 41 5 -1 0
2434 93 36 0 -1
2435 44 3 0 1
2436 16 2 0 1
2437 16 26 0 1
2438 14 23 0 -1
2439 22 27 0 1
2440 49 3 -1 0
2441 24 27 0 1
2442 80 6 -1 0
2443 79 5 1 0
2444 16 21 0 -1
2445 42 15 -1 0
2446 44 17 0 -1
2447 34 32 1 0
2448 91 34 0 -1
2449 3 6 1 0
2450 95 37 1 0
2451 72 38 1 0
2452 32 15 0 -1
2453 42 30 0 1
2454 19 11 -1 0
2455 39 13 0 1
2456 82 33 1 0
2457 22 32 0 -1
2458 3 3 -1 0
2459 29 11 0 1
2460 29 9 0 1
2461 70 7 -1 0
2462 64 32 -1 0
2463 27 26 0 -1
2464 51 17 -1 0
2465 38 31 0 -1
2466 68 35 1 0
2467 45 37 0 1
2468 10 29 0 1
2469 5 7 1 0
2470 75 18 -1 0
2471 23 8 0 -1
2472 8 19 0 1
2473 30 7 1 0
2474 42 14 -1 0
2475 52 10 1 0
2476 37 21 0 -1
2477 44 18 -1 0
2478 78 31 1 0
2479 72 28 0 -1
2480 36 8 0 -1
2481 31 27 0 1
2482 41 34 -1 0
2483 31 4 1 0
2484 17 21 0 -1
2485 45 10 -1 0
2486 29 12 0 1
2487 59 29 -1 0
2488 61 12 0 -1
2489 29 27 1 0
2490 42 6 -1 0
2491 24 11 0 1
2492 10 14 0 1
2493 27 13 1 0
2494 18 32 0 -1
2495 87 1 -1 0
2496 93 10 0 -1
2497 10 30 0 1
2498 19 24 0 1
2499 26 36 -1 0
2500 93 39 1 0
2501 63 22 1 0
2502 18 8 1 0
2503 28 22 1 0
2504 30 29 -1 0
2505 18 32 0 -1
2506 82 24 0 1
2507 16 7 1 0
2508 21 9 0 -1
2509 92 0 1 0
2510 17 21 0 -1
2511 44 21 -1 0
2512 5 16 0 1
2513 57 4 -1 0
2514 77 1 1 0
2515 36 18 0 1
2516 41 37 -1 0
2517 38 2 0 1
2518 28 17 0 1
2519 37 2 -1 0
2520 17 3 -1 0
2521 3 29 0 1
2522 3 26 -1 0
2523 16 20 0 1
2524 37 4 1 0
2525 89 4 0 -1
2526 69 6 0 -1
2527 80 16 -1 0
2528 25 20 0 -1
2529 42 23 -1 0
2530 87 14 -1 0
2531 42 14 -1 0
2532 30 35 1 0
2533 90 36 -1 0
2534 17 3 1 0
2535 54 15 -1 0
2536 3 38 0 -1
2537 45 18 -1 0
2538 1 29 -1 0
2539 4 29 -1 0
2540 20 15 0 1
2541 41 36 0 -1
2542 1 25 -1 0
2543 48 0 0 -1
2544 39 24 -1 0
2545 42 3 0 1
2546 20 5 1 0
2547 23 1 1 0
2548 79 18 0 1
2549 57 10 0 -1
2550 33 9 -1 0
2551 40 26 1 0
2552 75 32 1 0
2553 46 10 0 1
2554 87 23 1 0
2555 78 11 0 -1
2556 17 16 0 1
2557 29 12 0 1
2558 27 31 1 0
2559 32 36 0 1
2560 94 2 1 0
2561 9 6 0 1
2562 45 39 0 1
2563 6 33 -1 0
2564 91 25 -1 0
2565 31 25 1 0
2566 19 3 0 1
2567 77 0 0 -1
2568 62 4 0 1
2569 34 3 0 -1
2570 20 13 -1 0
2571 79 25 1 0
2572 39 23 0 -1
2573 42 20 0 1
2574 17 22 1 0
2575 39 36 0 -1
2576 89 34 0 -1
2577 11 39 0 1
2578 6 26 -1 0
2579 70 26 0 1
2580 91 38 0 -1
2581 88 12 1 0
2582 25 35 1 0
2583 48 2 1 0
2584 15 27 1 0
2585 43 38 0 1
2586 26 29 0 -1
2587 1 18 -1 0
2588 1 21 0 1
2589 8 25 1 0
2590 26 21 1 0
2591 53 38 1 0
2592 98 14 -1 0
2593 64 7 -1 0
2594 43 9 0 -1
2595 26 38 -1 0
2596 59 15 0 1
2597 4 13 0 1
2598 57 36 0 -1
2599 90 7 -1 0
2600 17 29 -1 0
2601 8 30 0 -1
2602 79 21 0 1
2603 24 4 1 0
2604 76 23 -1 0
2605 43 24 -1 0
2606 35 11 -1 0
2607 2 13 -1 0
2608 26 34 0 -1
2609 78 7 1 0
2610 45 8 0 -1
2611 13 16 0 -1
2612 42 17 1 0
2613 28 20 1 0
2614 5 26 1 0
2615 45 34 -1 0
2616 11 24 1 0
2617 29 28 1 0
2618 29 16 0 -1
2619 38 36 0 1
2620 30 11 0 1
2621 17 6 1 0
2622 29 7 0 1
2623 43 34 0 1
2624 94 16 1 0
2625 29 9 -1 0
2626 95 15 -1 0
2627 35 2 -1 0
2628 73 28 -1 0
2629 27 29 0 1
2630 21 7 -1 0
2631 42 18 1 0
2632 81 12 0 -1
2633 31 9 -1 0
2634 25 11 -1 0
2635 28 38 -1 0
2636 28 34 0 -1
2637 20 7 -1 0
2638 24 20 1 0
2639 64 19 -1 0
2640 63 23 0 1
2641 38 25 1 0
2642 41 26 -1 0
2643 77 26 -1 0
2644 46 27 0 1
2645 76 26 0 -1
2646 42 32 -1 0
2647 29 11 0 -1
2648 63 31 1 0
2649 97 29 -1 0
2650 24 0 0 1
2651 13 4 0 1
2652 97 12 1 0
2653 42 3 -1 0
2654 38 23 -1 0
2655 14 37 1 0
2656 35 39 -1 0
2657 94 17 -1 0
2658 34 31 0 -1
2659 27 34 0 -1
2660 44 17 0 -1
2661 53 35 0 1
2662 43 4 -1 0
2663 17 20 -1 0
2664 42 28 0 -1
2665 26 13 0 1
2666 45 7 -1 0
2667 25 34 0 1
2668 40 28 0 -1
2669 54 35 -1 0
2670 2 37 -1 0
2671 12 13 0 -1
2672 6 27 -1 0
2673 18 32 -1 0
2674 91 6 -1 0
2675 9 7 -1 0
2676 30 24 0 -1
2677 22 14 -1 0
2678 10 6 1 0
2679 18 37 0 1
2680 30 4 1 0
2681 39 22 1 0
2682 95 33 -1 0
2683 19 19 -1 0
2684 31 25 0 1
2685 26 28 -1 0
2686 42 11 1 0
2687 52 11 1 0
2688 48 29 -1 0
2689 59 3 1 0
2690 45 39 0 1
2691 53 7 -1 0
2692 5 7 0 1
2693 38 12 0 1
2694 38 24 1 0
2695 20 25 0 -1
2696 67 13 1 0
2697 79 27 0 -1
2698 99 20 1 0
2699 95 12 0 -1
2700 72 28 1 0
2701 40 6 0 -1
2702 47 39 0 1
2703 2 16 1 0
2704 28 34 0 1
2705 13 25 1 0
2706 99 35 1 0
2707 18 5 0 1
2708 41 15 1 0
2709 53 23 0 1
2710 53 32 -1 0
2711 42 8 1 0
2712 4 24 1 0
2713 92 0 1 0
2714 42 33 0 -1
2715 17 1 1 0
2716 12 12 -1 0
2717 48 1 1 0
2718 44 32 0 -1
2719 30 14 0 -1
2720 43 38 0 1
2721 40 15 1 0
2722 69 38 0 -1
2723 42 20 1 0
2724 2 15 1 0
2725 73 33 1 0
2726 38 32 1 0
2727 50 37 -1 0
2728 30 16 0 -1
2729 13 30 -1 0
2730 94 36 0 1
2731 81 17 0 1
2732 26 39 0 1
2733 10 34 -1 0
2734 73 29 0 1
2735 13 7 0 -1
2736 15 22 0 1
2737 43 2 1 0
2738 29 10 1 0
2739 81 7 0 1
2740 30 8 0 -1
2741 69 11 0 -1
2742 98 8 1 0
2743 9 6 0 -1
2744 43 5 1 0
2745 25 14 0 1
2746 91 34 -1 0
2747 29 4 -1 0
2748 47 31 -1 0
2749 90 4 1 0
2750 17 26 -1 0
2751 94 30 0 1
2752 39 3 -1 0
2753 46 12 1 0
2754 69 3 0 -1
2755 47 35 1 0
2756 73 28 0 -1
2757 84 12 1 0
2758 69 0 1 0
2759 42 23 -1 0
2760 83 15 0 1
2761 7 19 -1 0
2762 64 1 0 -1
2763 37 14 1 0
2764 94 12 1 0
2765 12 11 1 0
2766 14 31 1 0
2767 15 6 0 1
2768 19 22 -1 0
2769 17 4 -1 0
2770 30 10 -1 0
2771 41 16 0 1
2772 35 21 0 -1
2773 15 21 1 0
2774 64 0 0 1
2775 7 10 -1 0
2776 44 25 1 0
2777 40 29 1 0
2778 18 24 -1 0
2779 68 23 0 1
2780 46 8 1 0
2781 99 8 0 1
2782 30 1 -1 0
2783 68 24 -1 0
2784 99 29 0 -1
2785 69 34 0 1
2786 82 34 0 1
2787 45 25 -1 0
2788 42 14 -1 0
2789 25 10 1 0
2790 45 9 0 -1
2791 41 18 0 1
2792 44 31 0 1
2793 22 4 -1 0
2794 60 27 0 -1
2795 93 9 1 0
2796 29 12 0 -1
2797 23 3 1 0
2798 27 5 0 1
2799 9 23 0 -1
2800 40 34 1 0
2801 44 37 0 1
2802 47 33 -1 0
2803 40 38 -1 0
2804 92 18 0 1
2805 18 37 0 -1
2806 20 18 0 -1
2807 23 34 1 0
2808 38 20 0 1
2809 93 30 1 0
2810 82 18 0 -1
2811 83 11 0 1
2812 23 19 0 1
2813 48 30 -1 0
2814 25 19 1 0
2815 55 22 0 -1
2816 20 5 0 1
2817 40 13 1 0
2818 73 7 0 1
2819 42 13 0 1
2820 61 20 1 0
2821 21 33 0 1
2822 91 11 -1 0
2823 80 30 0 -1
2824 55 35 -1 0
2825 73 17 0 -1
2826 55 3 0 1
2827 57 18 -1 0
2828 73 11 1 0
2829 44 1 -1 0
2830 40 8 0 -1
2831 47 29 0 -1
2832 97 26 0 1
2833 21 36 0 -1
2834 30 15 1 0
2835 31 22 0 1
2836 86 11 0 1
2837 11 8 -1 0
2838 60 1 -1 0
2839 17 2 0 1
2840 47 14 1 0
2841 44 15 -1 0
2842 73 17 1 0
2843 35 31 0 -1
2844 40 6 0 -1
2845 6 22 -1 0
2846 16 29 1 0
2847 41 2 0 1
2848 25 2 1 0
2849 65 20 -1 0
2850 76 21 1 0
2851 13 2 -1 0
2852 84 5 -1 0
2853 81 21 1 0
2854 58 15 1 0
2855 42 39 1 0
2856 82 25 -1 0
2857 15 17 0 1
2858 41 7 0 1
2859 28 15 0 1
2860 21 34 1 0
2861 72 9 1 0
2862 43 20 0 1
2863 43 15 -1 0
2864 2 3 0 1
2865 22 16 1 0
2866 99 19 0 1
2867 98 23 -1 0
2868 90 1 0 1
2869 46 18 1 0
2870 19 35 0 -1
2871 13 34 1 0
2872 29 37 -1 0
2873 68 30 0 -1
2874 36 10 -1 0
2875 5 27 -1 0
2876 48 32 0 1
2877 81 26 1 0
2878 53 13 1 0
2879 30 7 1 0
2880 94 0 0 1
2881 96 6 0 1
2882 0 14 0 1
2883 52 34 1 0
2884 1 8 0 1
2885 38 7 0 -1
2886 81 38 -1 0
2887 46 7 -1 0
2888 3 16 0 1
2889 65 35 -1 0
2890 27 20 0 -1
2891 22 14 -1 0
2892 55 22 0 1
2893 48 20 0 1
2894 36 23 1 0
2895 6 24 0 -1
2896 18 36 0 1
2897 66 31 -1 0
2898 38 1 0 1
2899 40 20 0 1
2900 30 32 0 1
2901 14 22 0 1
2902 67 11 0 -1
2903 22 11 0 -1
2904 21 28 1 0
2905 91 21 1 0
2906 40 3 0 1
2907 66 28 0 -1
2908 7 23 -1 0
2909 99 4 -1 0
2910 93 20 0 1
2911 7 6 0 -1
2912 56 10 1 0
2913 29 20 0 -1
2914 3 1 0 -1
2915 28 25 0 -1
2916 40 3 0 1
2917 73 2 0 1
2918 32 25 0 -1
2919 5 26 -1 0
2920 94 23 1 0
2921 47 10 -1 0
2922 16 23 0 -1
2923 67 10 1 0
2924 3 17 0 -1
2925 28 24 -1 0
2926 7 26 0 -1
2927 47 22 0 1
2928 27 6 -1 0
2929 89 17 1 0
2930 16 17 0 1
2931 96 13 1 0
2932 76 25 0 -1
2933 67 30 0 1
2934 45 19 -1 0
2935 25 35 1 0
2936 86 30 1 0
2937 19 9 0 1
2938 83 3 1 0
2939 28 39 -1 0
2940 7 2 0 -1
2941 44 28 -1 0
2942 68 35 0 1
2943 21 0 0 -1
2944 42 38 0 -1
2945 22 7 -1 0
2946 11 8 0 1
2947 41 29 -1 0
2948 81 1 0 1
2949 99 4 -1 0
2950 72 11 0 -1
2951 67 18 0 1
2952 92 18 -1 0
2953 1 4 0 1
2954 74 9 1 0
2955 33 9 0 1
2956 44 14 0 1
2957 97 36 0 1
2958 50 5 1 0
2959 27 5 0 1
2960 42 17 1 0
2961 81 21 0 1
2962 74 30 0 -1
2963 85 16 -1 0
2964 85 37 1 0
2965 0 28 0 1
2966 43 12 -1 0
2967 84 5 -1 0
2968 19 28 -1 0
2969 66 5 -1 0
2970 1 33 0 1
2971 52 9 0 1
2972 2 37 0 1
2973 9 6 1 0
2974 76 34 1 0
2975 84 31 -1 0
2976 25 17 0 1
2977 45 27 -1 0
2978 27 35 1 0
2979 41 22 1 0
2980 17 18 0 1
2981 79 25 1 0
2982 68 25 0 -1
2983 38 32 1 0
2984 18 20 0 -1
2985 0 32 0 1
2986 4 25 1 0
2987 28 21 0 1
2988 88 22 1 0
2989 47 0 0 -1
2990 23 9 0 1
2991 80 19 0 1
2992 39 26 1 0
2993 43 7 1 0
2994 1 39 0 -1
2995 69 8 0 -1
2996 30 10 0 -1
2997 88 36 -1 0
2998 25 18 1 0
2999 32 15 0 -1
3000 35 12 -1 0
3001 25 4 0 -1
3002 62 8 0 1
3003 44 20 0 1
3004 75 34 0 -1
3005 23 37 0 -1
3006 56 30 -1 0
3007 88 25 -1 0
3008 98 20 0 -1
3009 60 12 0 1
3010 43 14 1 0
3011 23 31 0 -1
3012 37 20 -1 0
3013 45 0 0 -1
3014 36 24 -1 0
3015 80 21 0 -1
3016 1 38 -1 0
3017 17 7 1 0
3018 27 15 -1 0
3019 97 0 1 0
3020 8 18 1 0
3021 96 14 -1 0
3022 18 24 0 1
3023 59 9 -1 0
3024 94 14 0 1
3025 18 0 0 1
3026 24 29 0 -1
3027 93 23 0 1
3028 43 34 -1 0
3029 12 5 0 1
3030 35 29 1 0
3031 45 14 -1 0
3032 0 0 1 0
3033 45 25 -1 0
3034 14 2 0 -1
3035 20 4 0 1
3036 37 19 0 1
3037 27 12 1 0
3038 81 14 0 1
3039 16 11 0 -1
3040 18 13 0 1
3041 42 31 1 0
3042 90 7 0 1
3043 57 36 1 0
3044 5 26 1 0
3045 72 11 -1 0
3046 4 26 1 0
3047 9 7 -1 0
3048 44 7 -1 0
3049 24 28 -1 0
3050 14 11 0 -1
3051 96 32 0 -1
3052 5 31 0 -1
3053 24 4 0 -1
3054 48 2 0 -1
3055 85 0 0 -1
3056 87 21 1 0
3057 44 36 -1 0
3058 37 27 1 0
3059 35 4 1 0
3060 40 23 0 1
3061 50 6 -1 0
3062 40 16 0 -1
3063 11 10 0 1
3064 44 8 -1 0
3065 46 36 -1 0
3066 49 24 0 1
3067 47 38 0 1
3068 91 1 0 1
3069 39 35 0 -1
3070 8 14 -1 0
3071 57 32 0 -1
3072 25 38 0 1
3073 40 12 1 0
3074 85 38 1 0
3075 41 7 0 1
3076 65 13 0 1
3077 39 6 1 0
3078 50 6 -1 0
3079 14 38 -1 0
3080 30 0 0 1
3081 30 35 1 0
3082 67 0 0 1
3083 45 28 0 1
3084 88 2 -1 0
3085 43 15 0 -1
3086 77 0 0 1
3087 80 22 0 -1
3088 39 26 -1 0
3089 23 4 -1 0
3090 84 5 -1 0
3091 19 18 1 0
3092 54 21 0 -1
3093 20 17 -1 0
3094 26 3 1 0
3095 17 6 0 -1
3096 21 33 1 0
3097 39 5 1 0
3098 62 17 0 1
3099 60 9 1 0
3100 86 28 -1 0
3101 39 16 -1 0
3102 94 9 0 1
3103 40 34 1 0
3104 71 25 0 1
3105 20 22 -1 0
3106 35 15 0 1
3107 43 29 1 0
3108 25 38 0 1
3109 7 35 0 1
3110 55 37 0 1
3111 81 21 -1 0
3112 10 4 0 1
3113 45 29 1 0
3114 85 22 1 0
3115 73 23 -1 0
3116 93 26 0 1
3117 99 28 1 0
3118 10 15 0 1
3119 53 16 0 1
3120 19 20 0 1
3121 16 3 0 -1
3122 3 39 1 0
3123 80 24 0 1
3124 26 10 0 -1
3125 31 35 1 0
3126 72 28 0 1
3127 90 33 -1 0
3128 13 18 1 0
3129 13 35 1 0
3130 43 3 -1 0
3131 60 35 0 1
3132 36 25 0 1
3133 24 14 0 -1
3134 39 21 0 1
3135 13 16 0 -1
3136 66 20 -1 0
3137 91 36 -1 0
3138 13 13 1 0
3139 28 33 0 1
3140 24 24 0 -1
3141 68 39 1 0
3142 17 25 -1 0
3143 18 33 1 0
3144 42 35 -1 0
3145 38 15 0 -1
3146 98 11 -1 0
3147 62 27 1 0
3148 19 17 0 -1
3149 97 39 0 1
3150 1 3 1 0
3151 59 35 -1 0
3152 43 0 0 1
3153 71 8 -1 0
3154 23 13 0 1
3155 99 1 -1 0
3156 39 20 0 -1
3157 26 29 0 1
3158 46 5 0 1
3159 11 24 0 1
3160 89 25 0 1
3161 89 25 -1 0
3162 41 6 -1 0
3163 25 26 0 -1
3164 53 38 1 0
3165 88 28 0 -1
3166 24 2 0 1
3167 4 3 1 0
3168 48 27 0 1
3169 11 38 -1 0
3170 49 16 -1 0
3171 13 19 0 1
3172 46 30 1 0
3173 38 27 -1 0
3174 80 1 0 -1
3175 18 35 1 0
3176 24 32 0 1
3177 30 6 0 -1
3178 97 10 0 -1
3179 99 25 0 1
3180 64 27 0 1
3181 19 35 0 -1
3182 27 38 0 1
3183 21 8 0 1
3184 14 24 1 0
3185 87 6 -1 0
3186 50 36 1 0
3187 39 13 0 1
3188 59 5 1 0
3189 21 36 1 0
3190 81 24 0 -1
3191 39 19 0 1
3192 41 19 0 1
3193 45 12 1 0
3194 43 36 -1 0
3195 15 22 -1 0
3196 95 3 1 0
3197 23 17 -1 0
3198 26 2 1 0
3199 33 8 1 0
3200 45 35 -1 0
3201 95 15 0 -1
3202 2 9 1 0
3203 97 35 0 1
3204 46 18 0 -1
3205 39 31 -1 0
3206 18 21 0 1
3207 72 0 1 0
3208 16 22 1 0
3209 63 6 0 -1
3210 41 31 -1 0
3211 71 3 0 -1
3212 25 37 -1 0
3213 30 37 -1 0
3214 7 7 0 1
3215 40 18 0 -1
3216 19 13 0 -1
3217 31 37 1 0
3218 31 38 1 0
3219 41 5 0 -1
3220 93 7 1 0
3221 48 21 -1 0
3222 87 2 1 0
3223 40 6 1 0
3224 38 34 0 -1
3225 35 17 1 0
3226 3 29 0 -1
3227 90 26 0 1
3228 72 33 -1 0
3229 99 20 0 1
3230 44 37 0 -1
3231 26 3 0 1
3232 14 38 -1 0
3233 43 16 -1 0
3234 41 34 -1 0
3235 21 16 0 1
3236 28 2 0 -1
3237 19 34 0 1
3238 28 25 0 -1
3239 72 3 -1 0
3240 68 22 0 -1
3241 27 2 -1 0
3242 24 12 0 1
3243 92 32 0 -1
3244 39 34 0 -1
3245 77 10 1 0
3246 40 4 0 -1
3247 5 30 1 0
3248 74 29 1 0
3249 10 17 1 0
3250 43 8 0 1
3251 28 39 -1 0
3252 43 37 -1 0
3253 20 7 -1 0
3254 8 26 -1 0
3255 16 26 -1 0
3256 88 1 1 0
3257 21 25 0 1
3258 31 32 0 1
3259 2 38 0 1
3260 43 5 -1 0
3261 68 0 -1 0
3262 38 24 0 -1
3263 63 7 -1 0
3264 15 19 0 1
3265 46 29 1 0
3266 29 7 0 1
3267 44 5 -1 0
3268 43 8 1 0
3269 84 23 1 0
3270 29 0 1 0
3271 35 23 1 0
3272 43 21 0 -1
3273 38 35 -1 0
3274 9 27 1 0
3275 18 35 0 1
3276 1 23 1 0
3277 30 30 1 0
3278 84 27 0 1
3279 49 7 1 0
3280 46 5 0 1
3281 37 11 0 -1
3282 94 32 0 1
3283 16 34 -1 0
3284 37 18 0 1
3285 23 15 0 -1
3286 1 24 0 1
3287 6 25 0 -1
3288 40 36 0 -1
3289 38 36 0 -1
3290 78 9 0 -1
3291 42 33 1 0
3292 95 4 0 1
3293 20 38 0 -1
3294 21 35 0 1
3295 90 3 0 -1
3296 42 15 -1 0
3297 26 13 0 -1
3298 24 20 1 0
3299 27 31 1 0
3300 26 32 1 0
3301 1 7 1 0
3302 38 14 1 0
3303 32 10 1 0
3304 63 13 0 -1
3305 21 21 -1 0
3306 53 33 0 1
3307 19 14 0 1
3308 52 12 -1 0
3309 22 1 0 -1
3310 64 12 0 -1
3311 43 30 -1 0
3312 54 27 0 1
3313 40 20 1 0
3314 54 3 1 0
3315 1 37 1 0
3316 39 31 0 1
3317 11 29 1 0
3318 21 13 0 -1
3319 97 27 0 1
3320 43 22 -1 0
3321 43 37 0 1
3322 27 16 -1 0
3323 20 22 0 -1
3324 49 13 0 -1
3325 36 26 1 0
3326 13 3 0 1
3327 1 7 0 -1
3328 22 30 0 -1
3329 87 13 0 -1
3330 40 7 0 -1
3331 44 18 0 -1
3332 58 31 -1 0
3333 6 2 1 0
3334 26 17 0 1
3335 93 9 0 1
3336 77 13 0 1
3337 80 24 0 -1
3338 73 26 1 0
3339 21 39 -1 0
3340 44 27 -1 0
3341 74 31 0 -1
3342 11 0 0 -1
3343 42 2 -1 0
3344 82 10 0 -1
3345 94 33 -1 0
3346 42 32 1 0
3347 14 34 0 -1
3348 16 29 1 0
3349 73 21 -1 0
3350 24 13 1 0
3351 97 35 1 0
3352 15 34 0 1
3353 72 23 0 -1
3354 37 35 1 0
3355 5 19 -1 0
3356 25 12 1 0
3357 56 15 -1 0
3358 55 34 1 0
3359 46 37 1 0
3360 40 26 1 0
3361 40 29 0 -1
3362 93 37 0 1
3363 15 18 1 0
3364 8 31 1 0
3365 64 31 1 0
3366 92 6 0 -1
3367 76 24 0 -1
3368 26 20 0 -1
3369 25 18 0 1
3370 46 19 0 1
3371 64 34 1 0
3372 18 20 1 0
3373 42 34 -1 0
3374 11 19 1 0
3375 26 14 0 1
3376 37 13 0 -1
3377 3 34 0 -1
3378 24 13 0 1
3379 51 0 -1 0
3380 55 6 0 -1
3381 8 16 -1 0
3382 42 2 -1 0
3383 16 0 0 1
3384 22 4 0 1
3385 10 27 0 1
3386 14 16 0 -1
3387 29 29 1 0
3388 39 14 -1 0
3389 11 19 1 0
3390 95 20 0 1
3391 47 4 0 1
3392 39 14 1 0
3393 3 26 0 1
3394 97 15 1 0
3395 42 12 0 1
3396 12 21 0 -1
3397 89 15 -1 0
3398 35 30 -1 0
3399 40 37 0 -1
3400 25 21 0 -1
3401 27 26 1 0
3402 26 7 0 1
3403 20 26 -1 0
3404 69 20 0 1
3405 40 19 0 1
3406 17 5 1 0
3407 83 3 0 -1
3408 40 29 0 -1
3409 16 24 1 0
3410 27 29 0 -1
3411 77 18 -1 0
3412 41 8 1 0
3413 20 32 1 0
3414 26 11 0 1
3415 39 15 -1 0
3416 31 9 -1 0
3417 59 8 1 0
3418 7 17 0 -1
3419 18 38 -1 0
3420 82 14 -1 0
3421 6 10 0 -1
3422 63 36 0 1
3423 54 3 0 1
3424 55 6 1 0
3425 44 1 -1 0
3426 47 30 -1 0
3427 45 7 0 -1
3428 19 19 0 1
3429 44 29 1 0
3430 54 14 0 -1
3431 43 6 -1 0
3432 19 22 1 0
3433 85 17 0 -1
3434 95 9 1 0
3435 11 8 0 -1
3436 65 0 0 -1
3437 28 24 1 0
3438 21 9 -1 0
3439 13 11 0 -1
3440 66 38 0 1
3441 46 34 0 1
3442 95 13 0 -1
3443 18 11 0 1
3444 44 29 0 1
3445 25 10 -1 0
3446 42 36 1 0
3447 24 37 1 0
3448 37 22 -1 0
3449 6 11 0 -1
3450 84 31 1 0
3451 5 24 0 1
3452 88 21 0 1
3453 0 25 0 -1
3454 86 35 1 0
3455 66 4 0 1
3456 80 10 -1 0
3457 23 2 0 1
3458 24 3 -1 0
3459 25 7 -1 0
3460 5 1 1 0
3461 41 17 1 0
3462 46 6 0 -1
3463 65 8 -1 0
3464 44 25 -1 0
3465 6 19 0 -1
3466 42 9 1 0
3467 71 0 0 -1
3468 96 39 1 0
3469 68 29 0 1
3470 42 18 -1 0
3471 29 35 -1 0
3472 12 4 0 -1
3473 72 24 -1 0
3474 17 24 0 -1
3475 47 33 -1 0
3476 36 23 -1 0
3477 20 14 0 1
3478 73 2 1 0
3479 14 36 1 0
3480 1 35 -1 0
3481 39 7 0 -1
3482 90 31 0 -1
3483 12 14 1 0
3484 23 35 1 0
3485 93 38 1 0
3486 11 15 -1 0
3487 63 38 1 0
3488 44 24 0 1
3489 12 3 -1 0
3490 27 18 0 1
3491 21 32 -1 0
3492 74 13 0 -1
3493 21 24 1 0
3494 83 31 0 -1
3495 51 18 0 -1
3496 39 36 1 0
3497 88 7 1 0
3498 78 15 -1 0
3499 39 22 0 1
3500 22 0 1 0
3501 44 9 0 -1
3502 40 4 0 1
3503 41 25 -1 0
3504 36 8 1 0
3505 40 38 0 -1
3506 21 27 -1 0
3507 2 33 0 1
3508 41 13 1 0
3509 33 19 1 0
3510 28 10 -1 0
3511 55 27 1 0
3512 51 20 -1 0
3513 16 31 0 -1
3514 4 5 -1 0
3515 97 36 0 1
3516 38 28 -1 0
3517 49 34 1 0
3518 39 33 -1 0
3519 15 21 -1 0
3520 3 38 0 -1
3521 63 38 0 -1
3522 25 26 1 0
3523 79 29 0 1
3524 44 28 0 1
3525 26 35 1 0
3526 3 21 -1 0
3527 95 14 -1 0
3528 95 31 0 -1
3529 13 17 0 1
3530 91 33 0 1
3531 48 7 -1 0
3532 22 22 1 0
3533 96 32 0 1
3534 41 39 1 0
3535 26 11 -1 0
3536 95 10 0 1
3537 99 14 1 0
3538 44 5 -1 0
3539 37 7 1 0
3540 45 5 -1 0
3541 77 18 1 0
3542 99 26 0 1
3543 47 14 -1 0
3544 2 34 1 0
3545 3 7 0 1
3546 26 18 0 1
3547 43 27 -1 0
3548 15 33 0 1
3549 24 19 1 0
3550 62 26 1 0
3551 47 28 1 0
3552 53 9 1 0
3553 24 39 1 0
3554 20 11 -1 0
3555 51 9 0 1
3556 61 32 0 -1
3557 53 10 -1 0
3558 0 37 0 1
3559 84 32 0 -1
3560 40 4 0 -1
3561 49 3 0 -1
3562 17 0 0 -1
3563 62 38 -1 0
3564 98 11 0 -1
3565 82 11 0 1
3566 15 2 0 1
3567 54 19 1 0
3568 44 21 0 -1
3569 52 17 0 -1
3570 79 33 0 -1
3571 15 38 0 1
3572 11 27 1 0
3573 30 37 0 -1
3574 6 15 1 0
3575 40 38 -1 0
3576 40 18 0 1
3577 57 33 0 -1
3578 17 11 0 1
3579 53 16 1 0
3580 49 0 1 0
3581 17 20 0 1
3582 82 27 0 1
3583 97 20 -1 0
3584 47 31 0 1
3585 41 32 1 0
3586 38 6 0 -1
3587 83 6 0 -1
3588 9 3 0 1
3589 1 35 0 1
3590 37 29 0 1
3591 17 23 0 -1
3592 82 20 0 1
3593 32 26 0 1
3594 94 26 0 -1
3595 91 29 0 -1
3596 28 36 1 0
3597 64 1 1 0
3598 55 29 -1 0
3599 37 38 1 0
