0 87 17 1 0
1 38 3 -1 0
2 44 6 -1 0
3 38 12 0 -1
4 96 1 0 -1
5 21 34 0 -1
6 51 23 -1 0
7 7 37 1 0
8 31 0 -1 0
9 90 11 0 1
10 5 3 0 1
11 30 12 0 -1
12 95 29 0 -1
13 46 36 0 1
14 46 27 1 0
15 22 33 0 -1
16 39 35 0 1
17 67 36 -1 0
18 77 0 1 0
19 81 19 -1 0
20 60 2 0 1
21 47 18 0 1
22 38 4 1 0
23 23 15 0 1
24 41 25 -1 0
25 39 24 -1 0
26 23 13 0 -1
27 18 35 -1 0
28 26 31 1 0
29 29 16 0 -1
30 9 38 1 0
31 40 8 1 0
32 30 29 0 -1
33 80 11 -1 0
34 41 11 0 -1
35 38 34 -1 0
36 35 36 -1 0
37 25 21 0 1
38 42 9 0 1
39 46 39 1 0
40 40 15 0 -1
41 27 12 0 -1
42 9 12 -1 0
43 42 2 -1 0
44 41 21 -1 0
45 25 20 1 0
46 7 1 0 1
47 1 3 1 0
48 81 15 0 1
49 3 28 0 -1
50 8 37 -1 0
51 25 38 0 -1
52 43 21 1 0
53 29 21 0 -1
54 82 0 1 0
55 88 7 0 1
56 29 4 1 0
57 23 9 1 0
58 26 36 -1 0
59 47 24 0 -1
60 22 36 0 -1
61 87 11 1 0
62 62 21 -1 0
63 94 1 -1 0
64 99 11 0 -1
65 23 9 1 0
66 80 6 0 1
67 26 25 -1 0
68 80 8 1 0
69 7 30 0 -1
70 11 13 -1 0
71 26 34 -1 0
72 18 35 0 1
73 44 15 0 1
74 10 0 0 -1
75 21 27 0 -1
76 62 33 0 -1
77 51 16 1 0
78 45 36 -1 0
79 60 4 1 0
80 43 11 0 1
81 41 32 -1 0
82 80 32 0 -1
83 35 12 0 -1
84 21 4 -1 0
85 61 13 -1 0
86 37 38 -1 0
87 43 14 -1 0
88 28 20 1 0
89 30 8 1 0
90 99 10 0 1
91 78 34 0 -1
92 53 26 -1 0
93 92 31 1 0
94 80 30 -1 0
95 53 1 -1 0
96 24 10 -1 0
97 37 38 0 1
98 96 24 0 -1
99 39 0 1 0
100 46 30 0 1
101 76 17 1 0
102 96 35 -1 0
103 50 12 0 1
104 83 3 1 0
105 16 8 -1 0
106 54 11 0 1
107 42 39 0 1
108 79 15 0 -1
109 89 11 1 0
110 16 20 0 1
111 16 27 1 0
112 23 23 1 0
113 94 39 0 1
114 91 16 0 -1
115 37 30 0 1
116 18 4 -1 0
117 92 12 -1 0
118 37 16 -1 0
119 40 6 -1 0
120 47 12 -1 0
121 17 5 -1 0
122 99 32 0 -1
123 11 39 0 -1
124 42 10 -1 0
125 19 25 -1 0
126 37 33 0 1
127 77 32 0 1
128 44 3 -1 0
129 20 29 0 -1
130 50 29 0 -1
131 23 37 -1 0
132 40 15 0 1
133 45 21 1 0
134 16 36 -1 0
135 43 4 1 0
136 27 36 -1 0
137 40 13 -1 0
138 18 37 1 0
139 16 7 1 0
140 89 34 0 -1
141 0 1 0 1
142 31 39 -1 0
143 25 29 1 0
144 26 37 1 0
145 36 21 0 -1
146 19 9 0 -1
147 30 24 -1 0
148 24 21 0 1
149 62 33 1 0
150 0 7 -1 0
151 2 17 0 1
152 31 22 0 -1
153 43 35 -1 0
154 27 29 0 1
155 68 21 0 1
156 54 30 1 0
157 16 5 1 0
158 90 32 1 0
159 9 0 0 -1
160 27 30 0 -1
161 29 14 -1 0
162 20 3 1 0
163 42 5 1 0
164 36 27 0 1
165 41 24 0 1
166 51 30 0 -1
167 8 18 1 0
168 95 10 0 -1
169 4 21 0 -1
170 9 27 0 1
171 8 17 0 -1
172 5 0 0 -1
173 55 10 0 1
174 22 31 0 1
175 53 2 -1 0
176 37 22 0 1
177 52 11 1 0
178 63 19 0 -1
179 81 33 -1 0
180 11 25 0 1
181 36 38 0 1
182 78 35 1 0
183 28 3 0 -1
184 30 13 1 0
185 25 26 0 -1
186 26 0 0 1
187 39 12 0 -1
188 38 27 0 -1
189 99 29 0 1
190 51 23 -1 0
191 8 22 0 1
192 41 16 0 -1
193 27 7 0 1
194 57 31 0 -1
195 21 21 0 -1
196 75 35 1 0
197 42 28 0 -1
198 14 22 0 -1
199 15 36 0 1
200 0 19 1 0
201 7 6 0 -1
202 27 1 1 0
203 40 20 -1 0
204 93 30 0 1
205 43 16 -1 0
206 37 4 0 -1
207 38 28 0 1
208 44 17 -1 0
209 82 32 0 -1
210 25 12 0 -1
211 28 9 -1 0
212 40 32 0 1
213 41 5 0 -1
214 35 6 0 -1
215 36 1 0 -1
216 23 33 0 1
217 28 0 0 -1
218 43 37 1 0
219 52 8 0 -1
220 66 6 0 -1
221 44 15 -1 0
222 98 23 0 1
223 63 11 1 0
224 26 32 0 -1
225 77 14 -1 0
226 36 33 1 0
227 92 19 0 -1
228 26 21 1 0
229 75 30 -1 0
230 2 34 0 -1
231 29 25 0 1
232 29 35 0 -1
233 2 19 -1 0
234 1 23 0 -1
235 27 3 -1 0
236 29 35 0 -1
237 15 18 -1 0
238 27 38 -1 0
239 45 24 -1 0
240 29 2 0 1
241 28 37 -1 0
242 47 36 0 -1
243 59 35 0 -1
244 64 1 -1 0
245 44 30 0 1
246 83 9 0 1
247 33 30 0 -1
248 9 2 0 -1
249 37 22 -1 0
250 41 26 0 1
251 45 4 -1 0
252 72 4 1 0
253 56 33 1 0
254 39 35 0 -1
255 29 22 -1 0
256 75 26 -1 0
257 49 6 -1 0
258 92 26 0 1
259 30 12 1 0
260 38 11 -1 0
261 24 32 -1 0
262 21 34 -1 0
263 9 19 1 0
264 11 36 -1 0
265 19 5 0 -1
266 26 13 0 -1
267 69 14 1 0
268 46 34 -1 0
269 38 36 0 1
270 42 7 0 1
271 10 30 0 -1
272 24 14 1 0
273 13 1 1 0
274 86 23 -1 0
275 22 34 0 -1
276 43 14 1 0
277 40 14 0 1
278 16 18 0 1
279 46 33 -1 0
280 99 28 0 -1
281 66 26 -1 0
282 46 14 0 -1
283 46 11 0 1
284 83 5 1 0
285 42 32 0 -1
286 47 2 0 1
287 27 27 0 -1
288 39 25 1 0
289 53 26 -1 0
290 27 11 0 -1
291 91 35 -1 0
292 20 32 0 -1
293 71 27 -1 0
294 28 23 0 -1
295 42 17 1 0
296 18 32 -1 0
297 89 22 0 1
298 26 0 0 -1
299 45 20 0 1
300 10 33 0 1
301 83 14 1 0
302 21 20 0 1
303 95 32 1 0
304 11 21 -1 0
305 0 8 0 -1
306 20 16 1 0
307 11 32 0 -1
308 68 27 1 0
309 0 18 0 -1
310 21 15 1 0
311 82 28 -1 0
312 45 20 0 1
313 1 1 -1 0
314 50 28 0 -1
315 75 9 1 0
316 14 0 0 1
317 91 31 0 1
318 36 21 -1 0
319 25 36 0 -1
320 67 39 0 1
321 38 5 -1 0
322 36 18 0 -1
323 76 35 -1 0
324 26 20 0 1
325 18 36 0 1
326 43 38 0 1
327 12 37 0 -1
328 23 19 0 1
329 46 37 1 0
330 24 1 0 -1
331 72 5 -1 0
332 93 24 0 1
333 42 22 0 -1
334 44 7 0 1
335 5 3 1 0
336 40 12 1 0
337 74 0 1 0
338 47 37 -1 0
339 14 17 0 1
340 44 21 1 0
341 21 22 0 -1
342 40 3 -1 0
343 22 14 0 1
344 26 2 1 0
345 70 15 0 1
346 60 2 0 -1
347 24 23 -1 0
348 64 26 -1 0
349 23 5 0 -1
350 97 29 0 -1
351 37 20 -1 0
352 18 28 0 -1
353 48 35 1 0
354 50 26 1 0
355 22 15 1 0
356 54 33 1 0
357 36 19 0 1
358 23 7 1 0
359 31 21 -1 0
360 20 16 0 -1
361 37 34 -1 0
362 37 11 -1 0
363 95 24 0 1
364 98 8 -1 0
365 93 12 0 1
366 10 7 0 -1
367 31 21 0 -1
368 27 9 1 0
369 50 1 0 -1
370 43 30 1 0
371 0 12 0 1
372 37 3 -1 0
373 10 8 0 -1
374 64 37 -1 0
375 96 32 -1 0
376 27 25 0 -1
377 23 2 0 1
378 44 6 0 1
379 45 13 -1 0
380 72 9 0 1
381 10 11 0 1
382 53 32 0 -1
383 38 37 -1 0
384 76 32 0 -1
385 94 0 1 0
386 43 12 1 0
387 97 31 -1 0
388 19 34 0 1
389 73 4 0 -1
390 60 6 0 -1
391 4 29 0 1
392 2 39 1 0
393 68 21 0 -1
394 14 13 1 0
395 39 19 1 0
396 45 17 0 -1
397 41 11 1 0
398 22 7 1 0
399 20 6 1 0
400 71 21 0 1
401 36 15 0 -1
402 21 31 1 0
403 48 10 -1 0
404 50 10 0 1
405 65 11 0 -1
406 15 10 1 0
407 12 3 1 0
408 32 31 0 1
409 22 25 0 -1
410 28 10 0 -1
411 23 4 1 0
412 47 36 -1 0
413 75 28 0 1
414 20 13 1 0
415 85 5 0 -1
416 43 15 0 -1
417 55 35 0 1
418 87 32 1 0
419 21 33 0 -1
420 23 27 -1 0
421 28 21 -1 0
422 22 22 1 0
423 42 12 1 0
424 97 36 0 1
425 3 10 0 1
426 37 26 -1 0
427 85 22 0 -1
428 27 10 0 -1
429 22 26 0 -1
430 58 29 0 -1
431 87 35 0 1
432 40 9 1 0
433 58 39 -1 0
434 14 39 1 0
435 54 3 -1 0
436 38 17 1 0
437 44 13 0 1
438 24 3 1 0
439 82 22 -1 0
440 40 2 0 -1
441 11 12 0 -1
442 89 39 0 1
443 28 17 1 0
444 52 5 0 1
445 24 31 0 1
446 11 2 -1 0
447 42 10 -1 0
448 60 26 0 1
449 59 25 1 0
450 39 9 0 1
451 20 39 -1 0
452 90 16 1 0
453 23 16 0 -1
454 94 5 0 1
455 41 25 0 1
456 7 20 -1 0
457 88 31 1 0
458 22 3 1 0
459 22 16 0 -1
460 47 1 1 0
461 17 32 1 0
462 38 6 0 -1
463 12 16 0 -1
464 46 21 -1 0
465 27 19 -1 0
466 79 13 0 1
467 79 25 1 0
468 42 34 -1 0
469 82 38 0 1
470 19 23 0 -1
471 26 31 -1 0
472 11 34 0 1
473 37 24 0 -1
474 26 31 1 0
475 42 10 0 1
476 47 29 -1 0
477 30 4 0 1
478 47 21 0 1
479 40 17 1 0
480 88 24 1 0
481 19 7 0 -1
482 22 8 0 -1
483 62 11 1 0
484 1 32 -1 0
485 30 15 0 1
486 45 4 -1 0
487 55 29 1 0
488 11 10 0 1
489 99 36 1 0
490 41 27 1 0
491 26 30 0 -1
492 39 31 -1 0
493 83 3 -1 0
494 11 6 0 1
495 41 13 -1 0
496 24 11 -1 0
497 40 31 0 -1
498 56 24 0 -1
499 38 15 0 1
500 11 6 0 -1
501 36 20 1 0
502 44 15 0 1
503 48 2 -1 0
504 17 39 0 -1
505 25 12 1 0
506 27 3 -1 0
507 12 23 -1 0
508 26 7 -1 0
509 72 31 -1 0
510 24 36 0 1
511 93 39 -1 0
512 62 1 1 0
513 16 19 0 1
514 76 39 0 -1
515 27 23 1 0
516 46 29 0 -1
517 24 30 -1 0
518 25 11 0 1
519 65 39 -1 0
520 17 4 0 -1
521 30 30 1 0
522 22 37 0 -1
523 23 6 -1 0
524 70 31 0 -1
525 47 9 -1 0
526 55 21 0 -1
527 41 22 1 0
528 7 23 0 -1
529 47 9 0 1
530 85 30 0 1
531 41 35 1 0
532 14 39 1 0
533 28 20 0 1
534 43 26 0 1
535 11 27 0 -1
536 23 5 1 0
537 51 3 1 0
538 42 7 1 0
539 58 21 0 1
540 46 30 -1 0
541 9 25 0 -1
542 78 18 -1 0
543 70 9 0 -1
544 35 20 0 1
545 37 12 1 0
546 29 37 0 1
547 92 18 0 1
548 41 37 0 -1
549 26 8 0 -1
550 42 12 0 -1
551 36 19 1 0
552 19 31 1 0
553 42 1 0 1
554 48 6 1 0
555 24 16 0 -1
556 17 8 0 -1
557 39 32 -1 0
558 29 24 -1 0
559 38 36 0 1
560 44 16 0 -1
561 91 33 0 1
562 24 26 1 0
563 3 26 -1 0
564 42 26 -1 0
565 12 20 -1 0
566 40 33 1 0
567 97 6 1 0
568 21 15 1 0
569 88 7 0 1
570 49 31 0 -1
571 31 36 0 -1
572 66 25 0 -1
573 67 17 0 -1
574 97 22 0 -1
575 92 23 0 -1
576 86 5 1 0
577 30 21 0 -1
578 68 31 -1 0
579 20 8 1 0
580 28 25 1 0
581 19 21 0 1
582 77 30 0 1
583 51 4 1 0
584 17 1 0 -1
585 45 36 0 -1
586 30 13 -1 0
587 56 29 -1 0
588 15 34 0 1
589 97 18 1 0
590 18 2 1 0
591 56 36 0 1
592 44 18 0 1
593 6 33 1 0
594 51 2 0 -1
595 46 29 1 0
596 11 17 0 1
597 15 4 1 0
598 14 1 -1 0
599 24 14 1 0
600 38 12 1 0
601 98 5 0 -1
602 29 37 1 0
603 38 22 -1 0
604 73 23 0 1
605 82 34 1 0
606 90 14 -1 0
607 39 21 0 -1
608 46 14 -1 0
609 84 32 1 0
610 75 0 0 1
611 29 13 1 0
612 46 35 0 -1
613 19 2 -1 0
614 40 35 0 -1
615 41 4 0 -1
616 0 25 0 -1
617 27 22 0 -1
618 10 9 0 -1
619 37 1 -1 0
620 38 12 -1 0
621 42 16 -1 0
622 17 8 -1 0
623 39 14 0 -1
624 88 18 0 -1
625 44 9 0 1
626 65 36 -1 0
627 88 3 -1 0
628 36 4 0 -1
629 1 27 0 -1
630 39 30 0 -1
631 56 27 0 1
632 40 33 -1 0
633 27 30 1 0
634 10 36 1 0
635 57 35 -1 0
636 44 14 1 0
637 13 19 0 1
638 46 18 1 0
639 23 20 0 1
640 35 38 0 -1
641 39 16 -1 0
642 35 9 1 0
643 42 22 -1 0
644 84 5 0 1
645 45 15 -1 0
646 92 33 0 1
647 40 10 1 0
648 47 35 -1 0
649 54 26 -1 0
650 37 9 1 0
651 25 27 0 -1
652 27 22 0 -1
653 90 38 -1 0
654 14 16 -1 0
655 87 12 1 0
656 28 27 1 0
657 43 0 0 -1
658 17 18 0 1
659 79 29 0 -1
660 57 18 0 1
661 37 19 0 -1
662 30 2 0 1
663 7 10 1 0
664 79 26 0 1
665 26 29 -1 0
666 81 28 0 -1
667 30 19 0 1
668 23 20 -1 0
669 12 24 1 0
670 73 7 0 -1
671 38 39 0 -1
672 49 27 -1 0
673 86 3 1 0
674 63 11 0 -1
675 26 19 0 1
676 79 18 0 -1
677 68 36 1 0
678 28 13 0 -1
679 16 25 -1 0
680 43 14 1 0
681 28 28 1 0
682 73 4 0 -1
683 41 33 0 1
684 4 7 0 -1
685 25 7 0 -1
686 86 15 0 1
687 25 5 1 0
688 66 1 0 -1
689 42 33 -1 0
690 19 22 -1 0
691 13 31 -1 0
692 39 37 0 -1
693 63 6 1 0
694 38 24 -1 0
695 1 30 0 -1
696 24 16 1 0
697 80 34 -1 0
698 38 9 0 1
699 3 23 1 0
700 1 29 -1 0
701 85 7 0 -1
702 95 21 1 0
703 1 28 0 -1
704 73 35 0 -1
705 27 2 0 -1
706 24 23 -1 0
707 70 19 -1 0
708 23 11 0 1
709 48 19 0 1
710 48 23 0 1
711 46 10 -1 0
712 12 14 0 1
713 38 35 -1 0
714 50 37 -1 0
715 12 8 0 1
716 94 12 0 1
717 75 12 0 1
718 23 13 -1 0
719 42 33 0 -1
720 56 1 0 1
721 62 32 -1 0
722 42 13 1 0
723 72 10 0 1
724 40 39 -1 0
725 23 35 0 1
726 10 18 0 1
727 22 19 1 0
728 30 26 0 -1
729 42 18 -1 0
730 10 0 0 -1
731 93 31 0 1
732 2 27 0 1
733 35 16 1 0
734 51 19 1 0
735 40 17 0 1
736 40 5 0 -1
737 14 8 -1 0
738 30 13 0 -1
739 42 25 0 1
740 18 27 1 0
741 23 12 0 1
742 31 5 1 0
743 17 1 -1 0
744 25 28 0 1
745 88 34 -1 0
746 60 23 -1 0
747 86 37 -1 0
748 40 25 0 1
749 63 37 0 1
750 43 33 -1 0
751 20 25 0 1
752 27 32 1 0
753 26 12 -1 0
754 94 34 0 1
755 91 10 0 1
756 42 30 -1 0
757 88 37 1 0
758 88 15 1 0
759 45 18 0 1
760 45 33 0 1
761 15 30 0 -1
762 81 25 0 1
763 4 29 -1 0
764 90 5 0 -1
765 18 5 0 1
766 38 33 0 1
767 94 32 -1 0
768 56 10 0 1
769 72 15 -1 0
770 70 22 -1 0
771 13 5 -1 0
772 49 38 0 1
773 38 10 0 1
774 41 12 1 0
775 89 17 -1 0
776 66 13 1 0
777 59 8 0 -1
778 98 36 1 0
779 23 31 -1 0
780 43 8 0 1
781 39 20 0 -1
782 23 8 0 1
783 25 23 0 1
784 24 15 -1 0
785 23 38 0 -1
786 90 1 0 -1
787 16 0 -1 0
788 16 7 0 -1
789 17 1 1 0
790 59 6 0 -1
791 89 36 0 1
792 70 28 -1 0
793 53 7 1 0
794 44 14 0 1
795 25 4 0 -1
796 39 13 0 1
797 21 7 1 0
798 31 31 0 -1
799 39 38 1 0
800 99 23 -1 0
801 45 32 -1 0
802 59 12 0 -1
803 42 16 1 0
804 5 10 1 0
805 54 30 -1 0
806 96 13 0 -1
807 25 6 0 1
808 11 19 0 1
809 88 32 0 -1
810 76 31 0 -1
811 31 12 0 1
812 23 30 0 1
813 37 17 -1 0
814 21 24 0 -1
815 65 19 1 0
816 81 4 0 1
817 15 2 0 -1
818 31 5 0 1
819 2 15 0 1
820 42 9 -1 0
821 77 7 0 -1
822 53 4 0 1
823 2 11 0 -1
824 35 36 -1 0
825 96 8 0 -1
826 23 14 0 -1
827 95 10 -1 0
828 88 27 1 0
829 43 28 -1 0
830 27 20 -1 0
831 12 6 0 -1
832 38 35 0 1
833 61 38 0 -1
834 58 21 0 -1
835 84 0 0 1
836 29 3 0 1
837 98 1 1 0
838 45 22 -1 0
839 25 17 0 1
840 44 7 -1 0
841 55 26 1 0
842 38 19 1 0
843 22 17 -1 0
844 56 12 0 1
845 31 18 0 -1
846 63 31 -1 0
847 93 12 0 -1
848 24 15 1 0
849 38 18 0 1
850 89 12 0 1
851 53 18 1 0
852 83 10 1 0
853 46 34 0 -1
854 10 33 0 -1
855 1 12 0 -1
856 7 36 -1 0
857 10 13 1 0
858 95 33 0 -1
859 93 15 0 1
860 26 12 0 -1
861 44 3 -1 0
862 23 32 0 1
863 19 35 0 1
864 20 9 0 1
865 15 17 -1 0
866 92 8 0 -1
867 7 28 1 0
868 99 9 -1 0
869 19 39 0 -1
870 56 23 -1 0
871 11 10 0 1
872 38 4 0 -1
873 17 38 0 1
874 68 29 1 0
875 82 36 1 0
876 18 22 -1 0
877 71 32 1 0
878 92 39 -1 0
879 38 14 -1 0
880 97 5 1 0
881 61 11 -1 0
882 41 0 -1 0
883 22 31 0 -1
884 54 8 -1 0
885 38 13 -1 0
886 30 10 0 1
887 44 12 0 -1
888 28 4 -1 0
889 32 25 1 0
890 21 12 -1 0
891 45 23 0 1
892 52 17 -1 0
893 16 33 0 1
894 38 27 -1 0
895 31 4 0 1
896 92 1 0 1
897 15 17 0 -1
898 3 8 1 0
899 40 15 0 1
900 98 12 1 0
901 37 1 0 1
902 43 29 0 -1
903 23 25 0 -1
904 13 16 1 0
905 27 15 0 -1
906 5 11 -1 0
907 17 14 -1 0
908 10 23 0 1
909 46 2 -1 0
910 42 16 0 -1
911 79 20 -1 0
912 52 26 1 0
913 29 4 -1 0
914 19 39 0 -1
915 54 21 1 0
916 22 16 1 0
917 22 15 0 -1
918 95 1 1 0
919 66 24 -1 0
920 18 38 0 -1
921 72 31 -1 0
922 80 29 -1 0
923 92 11 -1 0
924 38 29 0 -1
925 43 36 -1 0
926 27 9 0 -1
927 61 16 1 0
928 52 7 -1 0
929 20 10 0 -1
930 27 14 -1 0
931 14 24 -1 0
932 41 8 1 0
933 39 4 0 1
934 11 31 0 -1
935 24 22 1 0
936 31 27 0 1
937 96 25 0 1
938 19 7 0 -1
939 25 34 0 1
940 14 19 0 -1
941 78 27 1 0
942 44 10 0 1
943 25 29 1 0
944 27 20 0 -1
945 22 32 0 -1
946 54 9 -1 0
947 96 22 0 -1
948 46 31 0 1
949 45 8 0 -1
950 36 16 0 1
951 9 12 0 -1
952 9 24 0 -1
953 79 4 1 0
954 39 10 1 0
955 87 29 0 1
956 20 36 0 -1
957 9 1 -1 0
958 30 34 0 -1
959 23 37 0 1
960 31 25 0 -1
961 91 27 0 1
962 25 15 0 -1
963 3 25 -1 0
964 6 31 0 1
965 89 38 1 0
966 35 23 1 0
967 43 25 -1 0
968 95 27 0 -1
969 21 14 -1 0
970 44 33 0 -1
971 24 13 -1 0
972 67 20 0 -1
973 59 5 1 0
974 29 15 1 0
975 39 3 -1 0
976 42 17 -1 0
977 2 8 -1 0
978 9 11 -1 0
979 12 21 1 0
980 75 30 0 -1
981 97 21 1 0
982 43 28 1 0
983 58 36 1 0
984 24 12 1 0
985 27 13 0 -1
986 26 24 1 0
987 27 33 0 -1
988 15 36 0 -1
989 11 26 0 -1
990 30 4 0 -1
991 36 15 0 -1
992 63 23 0 -1
993 0 8 -1 0
994 36 33 -1 0
995 25 36 -1 0
996 25 13 0 1
997 84 22 -1 0
998 98 36 0 1
999 20 14 0 -1
1000 28 26 0 -1
1001 45 29 0 1
1002 12 17 0 1
1003 84 18 1 0
1004 39 5 0 -1
1005 46 4 0 1
1006 23 19 1 0
1007 81 0 0 1
1008 39 24 0 -1
1009 52 7 0 1
1010 44 39 -1 0
1011 28 0 -1 0
1012 42 0 -1 0
1013 15 10 0 -1
1014 37 31 0 -1
1015 87 27 0 -1
1016 46 12 1 0
1017 2 5 0 1
1018 8 5 0 1
1019 68 2 1 0
1020 80 22 0 -1
1021 26 1 0 1
1022 43 32 0 -1
1023 97 13 -1 0
1024 84 24 0 1
1025 59 29 0 1
1026 93 39 1 0
1027 21 26 0 1
1028 4 39 -1 0
1029 41 32 0 -1
1030 35 30 -1 0
1031 63 23 1 0
1032 82 12 -1 0
1033 22 2 0 1
1034 41 0 -1 0
1035 55 8 0 -1
1036 10 22 1 0
1037 5 25 1 0
1038 30 11 0 1
1039 36 12 -1 0
1040 38 23 1 0
1041 29 8 0 1
1042 70 12 -1 0
1043 71 30 -1 0
1044 23 4 1 0
1045 41 38 0 -1
1046 30 29 0 1
1047 62 25 0 -1
1048 47 5 0 1
1049 26 28 -1 0
1050 0 30 0 1
1051 26 4 1 0
1052 96 8 0 1
1053 40 20 0 -1
1054 75 10 1 0
1055 36 0 -1 0
1056 80 5 0 1
1057 26 3 -1 0
1058 44 8 1 0
1059 42 27 0 1
1060 60 8 -1 0
1061 12 24 0 -1
1062 24 1 0 1
1063 93 18 0 1
1064 36 14 0 1
1065 51 9 -1 0
1066 30 23 -1 0
1067 2 15 1 0
1068 72 2 1 0
1069 41 2 -1 0
1070 23 15 1 0
1071 58 23 0 -1
1072 46 20 0 -1
1073 78 17 1 0
1074 29 0 1 0
1075 9 20 -1 0
1076 28 28 1 0
1077 81 35 0 -1
1078 59 20 -1 0
1079 0 22 1 0
1080 18 38 0 -1
1081 70 25 -1 0
1082 83 32 0 1
1083 13 29 0 1
1084 4 20 0 -1
1085 25 26 0 -1
1086 59 33 1 0
1087 16 2 1 0
1088 22 12 1 0
1089 63 35 -1 0
1090 13 1 1 0
1091 38 1 -1 0
1092 42 29 0 -1
1093 49 17 -1 0
1094 28 4 0 -1
1095 43 39 1 0
1096 28 24 1 0
1097 25 4 0 1
1098 81 10 0 -1
1099 66 33 1 0
1100 32 19 0 1
1101 9 26 0 -1
1102 87 3 1 0
1103 42 11 1 0
1104 87 17 -1 0
1105 31 20 0 -1
1106 19 1 0 1
1107 76 9 0 1
1108 21 18 -1 0
1109 3 19 0 -1
1110 24 20 1 0
1111 58 7 1 0
1112 50 1 0 1
1113 24 13 0 1
1114 67 25 1 0
1115 36 14 -1 0
1116 42 21 -1 0
1117 19 3 0 -1
1118 27 5 -1 0
1119 90 15 -1 0
1120 13 21 1 0
1121 82 32 1 0
1122 87 36 1 0
1123 12 8 1 0
1124 57 3 -1 0
1125 99 0 0 -1
1126 55 36 1 0
1127 12 10 0 1
1128 28 12 1 0
1129 21 7 0 1
1130 38 39 -1 0
1131 39 25 1 0
1132 37 13 0 1
1133 70 38 0 -1
1134 76 11 0 1
1135 59 17 -1 0
1136 89 22 0 -1
1137 18 20 0 1
1138 44 39 0 1
1139 47 33 -1 0
1140 93 29 0 -1
1141 20 5 0 1
1142 8 24 -1 0
1143 28 32 1 0
1144 24 36 0 1
1145 11 20 0 -1
1146 40 19 -1 0
1147 20 28 1 0
1148 9 23 -1 0
1149 72 28 1 0
1150 81 4 0 -1
1151 16 39 -1 0
1152 3 24 0 -1
1153 3 11 0 -1
1154 72 5 0 -1
1155 92 31 -1 0
1156 94 9 -1 0
1157 85 34 0 1
1158 45 6 -1 0
1159 76 14 -1 0
1160 42 28 1 0
1161 20 25 0 -1
1162 11 5 -1 0
1163 7 17 0 1
1164 91 13 0 1
1165 29 7 0 1
1166 41 27 0 1
1167 95 24 -1 0
1168 10 32 -1 0
1169 24 39 0 1
1170 54 28 0 -1
1171 98 2 1 0
1172 76 1 -1 0
1173 38 31 -1 0
1174 60 15 0 -1
1175 10 13 0 -1
1176 26 34 -1 0
1177 53 28 0 1
1178 35 23 -1 0
1179 46 7 0 -1
1180 18 37 0 1
1181 21 26 -1 0
1182 28 31 1 0
1183 18 39 0 -1
1184 43 30 -1 0
1185 27 31 0 1
1186 23 7 0 -1
1187 29 27 -1 0
1188 87 16 1 0
1189 13 28 -1 0
1190 76 11 -1 0
1191 38 20 1 0
1192 38 32 -1 0
1193 86 2 1 0
1194 40 25 0 -1
1195 29 23 -1 0
1196 3 20 1 0
1197 14 34 -1 0
1198 38 20 1 0
1199 38 37 0 -1
1200 86 38 0 -1
1201 91 5 0 1
1202 48 29 0 1
1203 93 9 -1 0
1204 25 10 -1 0
1205 78 14 -1 0
1206 50 27 -1 0
1207 29 3 -1 0
1208 38 4 1 0
1209 9 26 0 1
1210 94 37 1 0
1211 68 5 0 1
1212 22 17 0 -1
1213 30 9 0 1
1214 49 31 0 1
1215 16 25 1 0
1216 40 2 -1 0
1217 95 1 0 1
1218 41 26 1 0
1219 5 28 1 0
1220 28 26 -1 0
1221 24 8 1 0
1222 39 4 0 1
1223 78 17 0 1
1224 24 38 -1 0
1225 5 0 0 1
1226 20 38 1 0
1227 28 29 0 1
1228 37 23 1 0
1229 24 2 0 1
1230 36 17 0 -1
1231 56 22 -1 0
1232 89 0 0 1
1233 66 14 0 1
1234 10 9 0 1
1235 3 18 1 0
1236 30 25 -1 0
1237 4 7 1 0
1238 42 36 -1 0
1239 11 39 -1 0
1240 22 34 -1 0
1241 52 4 -1 0
1242 25 33 -1 0
1243 45 22 0 1
1244 38 36 -1 0
1245 18 9 0 -1
1246 31 27 0 -1
1247 1 5 1 0
1248 43 5 0 -1
1249 18 14 1 0
1250 29 15 0 1
1251 7 0 0 -1
1252 41 16 0 -1
1253 48 23 -1 0
1254 2 28 1 0
1255 81 27 0 -1
1256 28 20 1 0
1257 42 26 0 -1
1258 49 37 0 1
1259 63 0 1 0
1260 37 35 0 -1
1261 2 31 1 0
1262 85 14 0 -1
1263 49 21 0 -1
1264 30 31 1 0
1265 71 38 1 0
1266 27 31 -1 0
1267 38 33 -1 0
1268 39 8 -1 0
1269 16 13 1 0
1270 56 6 1 0
1271 30 27 0 -1
1272 40 18 0 1
1273 39 7 0 1
1274 98 11 1 0
1275 41 27 1 0
1276 19 1 0 -1
1277 24 17 1 0
1278 91 7 -1 0
1279 28 2 0 1
1280 95 14 1 0
1281 70 32 1 0
1282 92 14 -1 0
1283 16 15 0 1
1284 42 39 0 1
1285 16 21 -1 0
1286 26 35 -1 0
1287 19 29 1 0
1288 20 4 0 1
1289 54 8 0 -1
1290 28 33 0 -1
1291 55 14 0 -1
1292 71 17 1 0
1293 62 31 0 -1
1294 36 23 -1 0
1295 26 38 0 -1
1296 79 15 -1 0
1297 38 37 0 -1
1298 20 3 -1 0
1299 20 5 -1 0
1300 92 24 1 0
1301 28 29 -1 0
1302 58 23 0 1
1303 86 13 1 0
1304 23 8 1 0
1305 13 13 0 -1
1306 38 39 1 0
1307 21 10 0 -1
1308 20 3 -1 0
1309 25 7 0 1
1310 13 15 1 0
1311 51 4 0 -1
1312 40 28 0 1
1313 66 10 1 0
1314 30 20 1 0
1315 40 19 1 0
1316 29 21 1 0
1317 86 8 0 -1
1318 30 24 -1 0
1319 28 9 0 1
1320 25 37 1 0
1321 83 16 0 -1
1322 32 7 -1 0
1323 29 1 0 1
1324 42 13 0 -1
1325 61 36 0 -1
1326 57 15 -1 0
1327 4 29 -1 0
1328 47 21 -1 0
1329 85 25 0 1
1330 99 19 0 -1
1331 22 24 1 0
1332 78 3 1 0
1333 62 26 0 1
1334 44 36 0 -1
1335 2 10 0 -1
1336 89 18 0 -1
1337 24 8 1 0
1338 9 31 1 0
1339 16 21 0 1
1340 12 28 0 1
1341 21 25 1 0
1342 89 39 0 -1
1343 14 4 0 -1
1344 24 25 1 0
1345 46 10 -1 0
1346 4 4 1 0
1347 82 36 0 1
1348 21 5 0 -1
1349 74 35 0 -1
1350 88 33 1 0
1351 54 36 0 -1
1352 47 2 0 1
1353 2 1 -1 0
1354 24 37 0 -1
1355 38 1 -1 0
1356 46 33 -1 0
1357 37 23 1 0
1358 28 34 0 1
1359 23 27 -1 0
1360 52 37 0 -1
1361 22 21 -1 0
1362 37 18 1 0
1363 29 8 -1 0
1364 21 24 0 -1
1365 39 25 0 -1
1366 39 11 0 -1
1367 41 14 1 0
1368 4 35 0 -1
1369 26 36 0 1
1370 44 26 0 1
1371 72 23 0 1
1372 69 13 0 1
1373 25 4 1 0
1374 50 28 -1 0
1375 9 39 0 -1
1376 86 0 0 1
1377 31 17 0 -1
1378 41 9 0 1
1379 71 31 0 -1
1380 90 39 1 0
1381 37 0 0 -1
1382 51 38 -1 0
1383 19 33 -1 0
1384 16 3 0 -1
1385 22 3 -1 0
1386 42 33 0 -1
1387 65 30 0 -1
1388 66 12 0 -1
1389 98 31 0 1
1390 43 10 0 1
1391 36 13 0 1
1392 50 25 0 1
1393 25 8 -1 0
1394 70 25 0 -1
1395 11 18 0 -1
1396 87 30 1 0
1397 99 6 0 -1
1398 38 17 0 -1
1399 37 9 -1 0
1400 39 39 0 -1
1401 40 26 0 -1
1402 65 36 1 0
1403 25 36 1 0
1404 41 0 0 1
1405 27 14 1 0
1406 26 27 1 0
1407 99 35 -1 0
1408 15 2 1 0
1409 44 29 0 1
1410 7 32 0 1
1411 26 3 -1 0
1412 44 28 -1 0
1413 10 14 1 0
1414 24 30 1 0
1415 22 36 -1 0
1416 10 9 0 -1
1417 7 23 0 -1
1418 22 6 1 0
1419 90 25 0 -1
1420 36 3 1 0
1421 5 39 0 -1
1422 19 2 0 -1
1423 44 9 -1 0
1424 60 17 -1 0
1425 17 26 0 1
1426 42 3 -1 0
1427 32 8 0 1
1428 53 3 0 -1
1429 19 36 1 0
1430 46 32 1 0
1431 96 17 1 0
1432 29 9 0 -1
1433 38 16 0 1
1434 30 35 -1 0
1435 26 11 0 -1
1436 60 3 1 0
1437 23 18 1 0
1438 29 7 1 0
1439 46 5 0 -1
1440 96 37 1 0
1441 1 20 -1 0
1442 12 9 1 0
1443 78 34 0 -1
1444 11 33 0 -1
1445 67 23 -1 0
1446 90 9 0 1
1447 28 18 0 -1
1448 41 39 1 0
1449 37 17 0 1
1450 26 3 1 0
1451 40 16 0 -1
1452 80 28 0 1
1453 51 12 0 -1
1454 44 0 0 -1
1455 38 11 0 -1
1456 43 22 0 -1
1457 74 31 -1 0
1458 97 3 1 0
1459 8 36 -1 0
1460 12 10 1 0
1461 39 33 0 -1
1462 34 30 -1 0
1463 45 29 0 1
1464 85 37 1 0
1465 9 2 0 -1
1466 85 25 1 0
1467 76 1 0 -1
1468 97 4 0 -1
1469 41 33 0 -1
1470 10 4 1 0
1471 43 16 -1 0
1472 83 21 0 -1
1473 94 21 0 -1
1474 82 3 0 -1
1475 79 7 1 0
1476 35 10 0 -1
1477 85 19 0 1
1478 6 10 0 1
1479 36 34 0 -1
1480 23 12 1 0
1481 16 2 0 -1
1482 25 27 0 1
1483 43 20 0 1
1484 43 35 -1 0
1485 21 28 -1 0
1486 27 29 -1 0
1487 1 31 0 1
1488 39 35 0 -1
1489 27 13 -1 0
1490 5 23 1 0
1491 97 34 0 -1
1492 31 34 1 0
1493 29 9 0 1
1494 20 39 1 0
1495 8 33 1 0
1496 40 38 -1 0
1497 70 35 0 -1
1498 42 36 0 -1
1499 83 23 0 1
1500 29 23 0 -1
1501 0 6 -1 0
1502 98 33 -1 0
1503 36 31 1 0
1504 42 27 -1 0
1505 96 33 0 1
1506 22 39 1 0
1507 40 4 1 0
1508 5 13 -1 0
1509 13 13 -1 0
1510 44 7 -1 0
1511 44 6 -1 0
1512 89 28 0 -1
1513 42 25 1 0
1514 70 21 -1 0
1515 0 11 0 -1
1516 28 30 -1 0
1517 49 6 0 -1
1518 46 22 0 1
1519 77 6 0 -1
1520 18 9 -1 0
1521 95 21 0 1
1522 95 19 0 -1
1523 23 23 0 1
1524 25 10 0 1
1525 17 18 -1 0
1526 95 32 0 -1
1527 28 18 1 0
1528 55 19 0 -1
1529 97 6 0 1
1530 71 17 -1 0
1531 24 37 1 0
1532 32 24 0 -1
1533 67 36 -1 0
1534 24 22 0 -1
1535 19 26 -1 0
1536 15 33 0 1
1537 96 21 1 0
1538 89 5 0 1
1539 27 26 1 0
1540 93 22 1 0
1541 84 6 0 1
1542 51 1 0 1
1543 20 28 1 0
1544 22 14 0 1
1545 44 0 0 -1
1546 92 25 1 0
1547 0 22 -1 0
1548 37 19 0 1
1549 57 39 -1 0
1550 68 7 1 0
1551 21 8 1 0
1552 38 2 1 0
1553 29 27 0 -1
1554 1 7 0 -1
1555 24 26 0 -1
1556 39 38 0 -1
1557 55 22 0 1
1558 24 3 1 0
1559 22 5 0 -1
1560 24 9 -1 0
1561 55 3 0 1
1562 43 21 1 0
1563 2 10 0 1
1564 45 39 -1 0
1565 14 33 0 1
1566 25 3 -1 0
1567 39 18 0 1
1568 36 39 1 0
1569 27 4 0 -1
1570 87 28 0 -1
1571 86 0 1 0
1572 11 20 0 1
1573 28 13 0 -1
1574 43 30 0 1
1575 37 24 0 -1
1576 28 11 -1 0
1577 47 31 0 -1
1578 72 7 0 -1
1579 24 29 1 0
1580 55 36 0 -1
1581 56 25 0 1
1582 45 30 -1 0
1583 99 1 -1 0
1584 40 34 -1 0
1585 81 38 1 0
1586 42 31 0 1
1587 7 16 0 -1
1588 94 1 1 0
1589 66 4 1 0
1590 17 7 -1 0
1591 31 5 0 -1
1592 28 19 -1 0
1593 14 17 1 0
1594 1 37 0 1
1595 51 13 0 1
1596 67 0 1 0
1597 14 30 1 0
1598 43 31 1 0
1599 47 16 0 1
1600 25 38 0 1
1601 82 11 0 -1
1602 44 33 0 1
1603 28 34 0 1
1604 26 10 0 1
1605 42 34 0 1
1606 35 29 -1 0
1607 26 35 -1 0
1608 8 28 1 0
1609 38 10 -1 0
1610 17 20 -1 0
1611 66 14 0 -1
1612 22 16 0 1
1613 12 25 1 0
1614 25 32 0 -1
1615 52 24 0 -1
1616 36 18 -1 0
1617 30 17 0 -1
1618 42 27 -1 0
1619 30 19 0 1
1620 39 33 -1 0
1621 34 24 0 -1
1622 21 16 0 1
1623 51 16 0 -1
1624 86 28 -1 0
1625 10 31 1 0
1626 42 9 -1 0
1627 79 23 0 1
1628 28 11 -1 0
1629 1 24 -1 0
1630 42 14 0 1
1631 26 27 -1 0
1632 70 3 0 1
1633 79 27 0 -1
1634 9 7 1 0
1635 56 8 -1 0
1636 87 39 1 0
1637 47 3 -1 0
1638 50 4 0 1
1639 97 3 0 1
1640 37 22 1 0
1641 41 31 1 0
1642 42 26 0 1
1643 42 12 0 -1
1644 52 23 -1 0
1645 99 0 0 1
1646 44 28 -1 0
1647 46 16 -1 0
1648 34 10 1 0
1649 42 39 0 1
1650 1 36 0 1
1651 7 15 0 -1
1652 16 5 -1 0
1653 97 21 0 1
1654 99 9 0 1
1655 31 27 1 0
1656 42 15 0 1
1657 6 24 -1 0
1658 85 2 0 -1
1659 38 16 0 1
1660 66 13 -1 0
1661 21 17 -1 0
1662 38 16 0 1
1663 46 30 1 0
1664 69 26 0 -1
1665 48 31 -1 0
1666 41 32 -1 0
1667 90 24 0 -1
1668 39 34 1 0
1669 3 29 0 1
1670 39 10 0 1
1671 30 27 1 0
1672 31 13 -1 0
1673 57 11 -1 0
1674 3 24 0 1
1675 54 29 -1 0
1676 31 26 -1 0
1677 89 9 1 0
1678 90 20 0 -1
1679 26 18 0 1
1680 80 17 0 1
1681 39 1 0 -1
1682 23 12 0 1
1683 56 22 0 1
1684 10 15 -1 0
1685 46 32 -1 0
1686 43 17 0 -1
1687 22 28 1 0
1688 41 7 -1 0
1689 16 3 -1 0
1690 62 38 -1 0
1691 42 14 1 0
1692 47 3 -1 0
1693 85 34 -1 0
1694 37 32 1 0
1695 8 3 1 0
1696 99 33 0 1
1697 72 3 -1 0
1698 21 29 1 0
1699 53 38 0 1
1700 14 13 0 1
1701 65 25 0 -1
1702 47 15 1 0
1703 61 15 0 1
1704 23 25 0 1
1705 13 37 1 0
1706 40 1 0 1
1707 41 8 0 -1
1708 41 8 0 -1
1709 7 20 0 1
1710 92 4 1 0
1711 31 6 0 -1
1712 98 28 0 1
1713 3 12 0 -1
1714 43 13 0 1
1715 14 19 0 1
1716 36 16 1 0
1717 54 10 -1 0
1718 75 29 1 0
1719 90 16 -1 0
1720 40 8 -1 0
1721 76 15 0 -1
1722 30 17 0 -1
1723 49 11 1 0
1724 54 0 1 0
1725 22 3 0 -1
1726 26 20 1 0
1727 4 32 0 1
1728 54 23 -1 0
1729 75 6 0 1
1730 10 4 -1 0
1731 89 31 0 1
1732 1 30 -1 0
1733 88 37 0 -1
1734 5 35 -1 0
1735 19 26 -1 0
1736 31 6 -1 0
1737 23 26 0 1
1738 26 27 1 0
1739 63 32 1 0
1740 85 10 0 1
1741 22 13 1 0
1742 23 9 1 0
1743 26 4 0 1
1744 12 27 0 1
1745 51 7 0 -1
1746 24 4 0 -1
1747 20 31 0 -1
1748 43 27 -1 0
1749 62 5 1 0
1750 2 9 -1 0
1751 45 16 1 0
1752 35 3 0 1
1753 82 26 1 0
1754 81 25 -1 0
1755 24 10 0 1
1756 7 31 0 -1
1757 60 11 0 1
1758 6 3 1 0
1759 97 0 0 -1
1760 8 28 0 1
1761 0 39 1 0
1762 7 30 0 -1
1763 87 10 0 1
1764 30 25 0 -1
1765 47 1 0 -1
1766 67 27 0 1
1767 94 12 0 -1
1768 42 19 0 -1
1769 19 11 -1 0
1770 89 17 0 -1
1771 93 19 0 1
1772 44 32 0 1
1773 20 0 0 1
1774 22 23 1 0
1775 49 8 0 -1
1776 42 15 0 -1
1777 38 28 -1 0
1778 46 20 0 1
1779 51 3 0 1
1780 28 13 0 -1
1781 96 16 0 -1
1782 98 27 1 0
1783 25 3 -1 0
1784 7 6 0 -1
1785 25 20 1 0
1786 27 21 1 0
1787 10 39 0 1
1788 38 13 0 -1
1789 88 16 0 -1
1790 37 3 0 -1
1791 32 9 0 -1
1792 42 6 1 0
1793 20 13 0 1
1794 56 24 1 0
1795 6 12 0 1
1796 92 22 0 -1
1797 19 0 -1 0
1798 30 3 0 1
1799 95 20 0 -1
1800 59 28 0 -1
1801 43 27 0 1
1802 38 6 0 1
1803 59 7 1 0
1804 23 24 -1 0
1805 95 12 0 1
1806 94 35 -1 0
1807 26 1 0 1
1808 72 24 0 -1
1809 21 7 1 0
1810 69 30 0 -1
1811 16 31 0 -1
1812 91 2 0 1
1813 30 28 1 0
1814 18 9 1 0
1815 46 24 1 0
1816 48 8 0 -1
1817 49 6 -1 0
1818 18 11 0 -1
1819 96 3 -1 0
1820 37 35 -1 0
1821 36 16 0 -1
1822 56 10 -1 0
1823 74 8 -1 0
1824 27 3 0 -1
1825 21 6 1 0
1826 99 5 -1 0
1827 63 9 0 1
1828 3 18 -1 0
1829 4 16 0 1
1830 25 2 1 0
1831 22 24 0 1
1832 26 35 -1 0
1833 28 30 -1 0
1834 88 7 -1 0
1835 28 9 1 0
1836 44 20 0 1
1837 37 23 1 0
1838 21 28 0 -1
1839 46 34 0 -1
1840 97 7 -1 0
1841 14 7 1 0
1842 55 37 0 -1
1843 43 33 -1 0
1844 31 17 0 1
1845 27 13 -1 0
1846 38 23 -1 0
1847 40 31 0 1
1848 3 7 0 -1
1849 41 33 0 -1
1850 69 35 0 1
1851 42 28 0 1
1852 25 13 1 0
1853 70 29 -1 0
1854 26 21 0 -1
1855 19 10 0 1
1856 88 31 1 0
1857 52 5 0 1
1858 91 22 1 0
1859 97 10 1 0
1860 45 2 -1 0
1861 18 0 -1 0
1862 95 14 1 0
1863 44 12 1 0
1864 27 32 0 1
1865 27 28 -1 0
1866 57 25 0 -1
1867 35 12 0 -1
1868 55 6 0 -1
1869 45 13 -1 0
1870 77 21 -1 0
1871 54 6 1 0
1872 25 5 0 -1
1873 97 36 1 0
1874 16 4 0 -1
1875 28 22 0 -1
1876 23 22 1 0
1877 16 6 0 1
1878 90 34 -1 0
1879 4 39 -1 0
1880 40 30 0 1
1881 54 7 0 1
1882 26 28 0 -1
1883 93 5 0 -1
1884 48 23 0 1
1885 89 25 1 0
1886 49 33 0 1
1887 77 34 1 0
1888 30 3 0 1
1889 18 34 0 -1
1890 25 20 0 1
1891 55 25 -1 0
1892 27 11 -1 0
1893 41 10 0 1
1894 30 24 -1 0
1895 26 23 0 -1
1896 39 18 0 -1
1897 22 4 -1 0
1898 45 29 -1 0
1899 43 25 -1 0
1900 17 21 -1 0
1901 41 36 0 1
1902 47 39 0 -1
1903 50 8 0 1
1904 99 0 0 1
1905 69 9 0 -1
1906 50 33 0 -1
1907 26 13 0 -1
1908 45 14 -1 0
1909 45 15 -1 0
1910 39 8 -1 0
1911 42 0 1 0
1912 20 33 0 1
1913 16 16 -1 0
1914 40 25 -1 0
1915 36 37 -1 0
1916 28 18 0 1
1917 98 33 1 0
1918 78 22 1 0
1919 10 31 0 1
1920 70 21 0 -1
1921 93 1 -1 0
1922 44 36 -1 0
1923 15 3 1 0
1924 22 24 1 0
1925 38 15 0 -1
1926 12 26 0 -1
1927 7 39 -1 0
1928 39 32 1 0
1929 24 16 0 -1
1930 47 20 0 -1
1931 24 22 0 1
1932 88 34 1 0
1933 81 32 0 1
1934 17 33 1 0
1935 17 5 0 1
1936 90 19 0 1
1937 60 7 1 0
1938 28 24 -1 0
1939 71 14 0 1
1940 31 24 0 -1
1941 65 2 1 0
1942 10 16 -1 0
1943 28 11 0 1
1944 5 9 0 -1
1945 43 13 0 1
1946 24 26 1 0
1947 20 6 1 0
1948 24 12 0 1
1949 22 6 0 1
1950 26 29 -1 0
1951 7 37 -1 0
1952 35 38 -1 0
1953 15 20 1 0
1954 25 14 0 -1
1955 43 12 0 -1
1956 29 6 0 1
1957 24 2 1 0
1958 69 38 0 -1
1959 40 32 1 0
1960 0 15 0 -1
1961 78 33 0 1
1962 46 24 -1 0
1963 12 31 -1 0
1964 60 28 -1 0
1965 39 38 0 1
1966 27 15 0 -1
1967 45 14 1 0
1968 38 38 0 -1
1969 42 37 0 -1
1970 30 22 1 0
1971 36 0 0 1
1972 11 0 -1 0
1973 45 39 -1 0
1974 17 4 -1 0
1975 23 16 1 0
1976 83 19 0 1
1977 29 18 0 1
1978 28 19 -1 0
1979 50 31 1 0
1980 43 12 -1 0
1981 16 21 0 -1
1982 27 31 0 1
1983 25 28 1 0
1984 4 38 -1 0
1985 26 8 1 0
1986 40 36 1 0
1987 10 1 0 -1
1988 29 10 -1 0
1989 52 2 -1 0
1990 36 34 0 -1
1991 14 7 0 -1
1992 58 23 -1 0
1993 30 12 1 0
1994 39 22 -1 0
1995 26 25 0 1
1996 61 29 1 0
1997 26 26 0 -1
1998 50 4 0 1
1999 32 19 0 1
2000 59 17 -1 0
2001 48 4 -1 0
2002 54 13 1 0
2003 15 6 0 -1
2004 24 12 0 -1
2005 19 20 0 -1
2006 71 1 1 0
2007 8 19 0 1
2008 38 20 1 0
2009 3 28 -1 0
2010 87 19 1 0
2011 93 32 0 -1
2012 28 16 0 -1
2013 59 3 -1 0
2014 37 36 1 0
2015 25 28 1 0
2016 93 39 1 0
2017 56 37 0 -1
2018 31 26 1 0
2019 40 36 0 1
2020 40 18 -1 0
2021 39 33 1 0
2022 17 20 1 0
2023 1 6 0 -1
2024 9 17 -1 0
2025 49 0 1 0
2026 8 35 1 0
2027 99 7 1 0
2028 41 15 -1 0
2029 20 25 0 -1
2030 44 29 -1 0
2031 93 10 0 -1
2032 64 32 -1 0
2033 24 5 1 0
2034 7 25 0 1
2035 8 2 0 -1
2036 3 3 0 -1
2037 11 0 1 0
2038 49 10 1 0
2039 60 13 1 0
2040 28 17 0 -1
2041 81 37 0 1
2042 81 22 0 -1
2043 93 4 0 -1
2044 31 4 1 0
2045 21 17 0 -1
2046 45 19 -1 0
2047 2 39 1 0
2048 0 13 0 1
2049 23 20 1 0
2050 28 16 1 0
2051 44 4 1 0
2052 44 16 0 -1
2053 41 25 -1 0
2054 16 15 0 -1
2055 24 32 1 0
2056 8 2 0 1
2057 67 4 1 0
2058 20 15 0 -1
2059 3 5 0 -1
2060 18 19 -1 0
2061 96 9 1 0
2062 82 29 1 0
2063 36 33 0 -1
2064 7 33 0 -1
2065 4 10 0 -1
2066 41 36 0 -1
2067 79 18 0 -1
2068 17 31 0 1
2069 97 36 1 0
2070 43 5 -1 0
2071 19 2 0 -1
2072 10 24 0 -1
2073 89 37 0 -1
2074 19 36 0 -1
2075 49 29 -1 0
2076 24 6 -1 0
2077 34 23 0 -1
2078 17 7 0 1
2079 97 31 1 0
2080 79 13 0 1
2081 37 6 0 1
2082 62 30 0 1
2083 20 29 0 -1
2084 44 31 0 1
2085 31 17 0 1
2086 27 32 1 0
2087 12 12 1 0
2088 12 39 0 1
2089 25 21 0 -1
2090 94 4 1 0
2091 23 6 0 1
2092 50 2 -1 0
2093 28 14 0 1
2094 0 17 -1 0
2095 39 30 0 -1
2096 56 39 1 0
2097 38 19 1 0
2098 28 38 0 -1
2099 98 0 0 1
2100 26 10 0 -1
2101 28 22 0 -1
2102 23 32 0 1
2103 37 31 1 0
2104 44 8 1 0
2105 25 1 0 -1
2106 8 17 1 0
2107 99 30 0 -1
2108 14 23 1 0
2109 47 6 -1 0
2110 46 33 0 1
2111 25 19 0 -1
2112 29 31 0 1
2113 60 16 0 -1
2114 26 1 -1 0
2115 36 14 -1 0
2116 54 39 0 1
2117 46 13 0 -1
2118 80 18 0 -1
2119 26 32 1 0
2120 60 33 -1 0
2121 78 23 -1 0
2122 24 7 1 0
2123 46 4 0 -1
2124 13 18 1 0
2125 46 26 0 1
2126 85 8 0 1
2127 53 21 -1 0
2128 42 37 0 -1
2129 32 28 -1 0
2130 0 21 -1 0
2131 63 4 0 -1
2132 55 6 0 -1
2133 45 14 -1 0
2134 42 23 0 -1
2135 41 10 -1 0
2136 17 33 0 1
2137 29 14 1 0
2138 91 17 1 0
2139 15 38 -1 0
2140 98 35 0 -1
2141 0 2 0 1
2142 40 34 0 -1
2143 25 2 0 1
2144 26 37 0 1
2145 18 2 1 0
2146 31 19 -1 0
2147 67 17 1 0
2148 22 8 0 -1
2149 7 7 0 1
2150 42 24 -1 0
2151 22 25 0 -1
2152 46 12 1 0
2153 16 2 0 1
2154 13 4 0 -1
2155 45 34 0 1
2156 43 26 0 1
2157 65 34 -1 0
2158 37 19 1 0
2159 40 19 1 0
2160 43 19 1 0
2161 94 1 -1 0
2162 23 4 0 1
2163 69 26 0 1
2164 22 10 -1 0
2165 41 30 0 1
2166 41 23 1 0
2167 96 13 0 1
2168 35 1 1 0
2169 26 2 1 0
2170 2 19 0 1
2171 41 5 -1 0
2172 85 21 1 0
2173 88 36 1 0
2174 29 38 -1 0
2175 39 12 -1 0
2176 78 35 0 1
2177 40 33 0 1
2178 84 12 1 0
2179 25 12 0 1
2180 39 21 1 0
2181 53 4 0 1
2182 10 8 1 0
2183 43 10 1 0
2184 45 18 1 0
2185 24 31 1 0
2186 39 0 -1 0
2187 30 23 1 0
2188 17 34 0 -1
2189 37 2 -1 0
2190 84 26 1 0
2191 57 1 -1 0
2192 82 2 -1 0
2193 24 27 1 0
2194 69 27 0 1
2195 56 38 1 0
2196 39 20 -1 0
2197 19 19 -1 0
2198 43 0 0 -1
2199 2 12 1 0
2200 41 35 1 0
2201 52 30 0 -1
2202 51 11 0 -1
2203 51 2 0 1
2204 3 21 1 0
2205 42 34 1 0
2206 92 30 0 -1
2207 72 16 0 1
2208 89 25 -1 0
2209 19 31 0 -1
2210 82 30 0 -1
2211 37 2 1 0
2212 26 13 1 0
2213 80 0 0 -1
2214 27 33 0 -1
2215 44 38 -1 0
2216 59 3 -1 0
2217 85 20 -1 0
2218 67 24 -1 0
2219 82 0 -1 0
2220 51 38 0 1
2221 36 13 0 1
2222 39 36 0 -1
2223 27 4 -1 0
2224 95 17 1 0
2225 36 38 -1 0
2226 15 8 -1 0
2227 23 10 1 0
2228 70 6 1 0
2229 43 37 1 0
2230 87 31 0 -1
2231 57 21 -1 0
2232 98 37 0 1
2233 36 10 1 0
2234 86 3 -1 0
2235 40 24 0 1
2236 58 22 0 1
2237 43 38 -1 0
2238 22 25 1 0
2239 66 7 1 0
2240 44 28 -1 0
2241 28 25 0 -1
2242 8 17 1 0
2243 24 23 0 -1
2244 26 14 -1 0
2245 37 39 1 0
2246 25 8 0 1
2247 82 7 -1 0
2248 25 26 0 1
2249 49 30 0 1
2250 70 24 0 -1
2251 83 18 -1 0
2252 4 25 0 -1
2253 44 35 0 -1
2254 37 11 0 -1
2255 24 6 0 1
2256 50 3 1 0
2257 7 22 1 0
2258 45 32 0 1
2259 93 18 0 1
2260 93 37 0 1
2261 5 14 1 0
2262 24 14 1 0
2263 28 4 -1 0
2264 41 6 1 0
2265 17 19 0 1
2266 26 21 1 0
2267 94 37 0 1
2268 17 0 1 0
2269 21 19 0 -1
2270 54 13 0 -1
2271 82 11 0 -1
2272 30 11 -1 0
2273 30 17 0 -1
2274 26 26 -1 0
2275 30 7 0 1
2276 3 20 -1 0
2277 95 20 0 1
2278 58 25 1 0
2279 64 27 1 0
2280 41 17 0 1
2281 52 33 1 0
2282 95 2 0 1
2283 40 10 1 0
2284 86 25 1 0
2285 38 32 1 0
2286 41 30 -1 0
2287 41 12 1 0
2288 26 4 0 -1
2289 95 7 0 -1
2290 52 18 0 -1
2291 23 5 1 0
2292 27 12 1 0
2293 50 38 1 0
2294 46 35 0 -1
2295 94 3 -1 0
2296 47 0 -1 0
2297 21 0 1 0
2298 20 15 1 0
2299 65 23 1 0
2300 29 16 0 -1
2301 16 32 1 0
2302 43 19 0 1
2303 11 15 -1 0
2304 6 31 1 0
2305 81 28 0 1
2306 88 33 0 1
2307 95 15 1 0
2308 87 37 -1 0
2309 12 19 -1 0
2310 96 9 -1 0
2311 79 35 -1 0
2312 37 6 -1 0
2313 27 11 -1 0
2314 20 14 0 1
2315 49 19 0 -1
2316 98 39 0 1
2317 41 7 0 1
2318 9 22 0 1
2319 35 21 0 1
2320 39 9 -1 0
2321 61 0 0 1
2322 27 27 0 -1
2323 18 3 1 0
2324 59 34 1 0
2325 87 34 1 0
2326 21 32 -1 0
2327 41 1 -1 0
2328 90 23 0 -1
2329 27 24 1 0
2330 72 37 0 -1
2331 44 19 -1 0
2332 23 22 0 -1
2333 55 3 0 1
2334 48 19 0 1
2335 41 34 1 0
2336 21 22 0 -1
2337 50 7 -1 0
2338 31 13 0 -1
2339 57 19 1 0
2340 59 6 -1 0
2341 1 6 0 -1
2342 24 8 0 -1
2343 25 27 -1 0
2344 31 11 -1 0
2345 30 5 0 -1
2346 37 38 0 -1
2347 21 23 0 1
2348 72 0 0 -1
2349 13 29 1 0
2350 95 13 0 1
2351 37 21 0 1
2352 25 25 -1 0
2353 83 36 -1 0
2354 45 11 1 0
2355 24 18 1 0
2356 44 27 0 -1
2357 42 35 0 1
2358 43 11 0 1
2359 71 22 1 0
2360 97 9 1 0
2361 44 14 0 -1
2362 79 14 0 1
2363 47 18 1 0
2364 85 34 1 0
2365 21 38 -1 0
2366 21 22 1 0
2367 10 29 1 0
2368 94 19 0 1
2369 23 22 0 1
2370 42 14 1 0
2371 22 2 0 1
2372 43 36 0 1
2373 73 9 0 1
2374 38 10 0 1
2375 24 24 -1 0
2376 2 36 -1 0
2377 81 10 -1 0
2378 44 34 0 -1
2379 8 34 0 1
2380 27 6 0 1
2381 28 21 1 0
2382 29 11 0 -1
2383 11 2 0 1
2384 41 35 -1 0
2385 2 39 -1 0
2386 39 36 0 1
2387 99 15 1 0
2388 23 6 0 -1
2389 15 16 1 0
2390 30 28 0 1
2391 17 5 0 -1
2392 69 29 -1 0
2393 98 25 -1 0
2394 58 38 0 1
2395 58 27 0 -1
2396 3 39 0 -1
2397 45 28 0 1
2398 22 21 0 -1
2399 89 21 0 1
2400 48 13 1 0
2401 15 4 1 0
2402 9 15 0 -1
2403 71 9 0 1
2404 53 32 0 1
2405 38 33 0 1
2406 45 21 0 1
2407 84 8 -1 0
2408 51 24 0 -1
2409 23 25 0 -1
2410 76 12 0 -1
2411 54 22 0 1
2412 45 16 -1 0
2413 9 17 0 1
2414 12 0 0 1
2415 9 39 0 -1
2416 29 20 0 1
2417 15 27 0 1
2418 23 21 0 1
2419 37 4 1 0
2420 81 17 0 1
2421 26 6 1 0
2422 11 26 -1 0
2423 31 38 1 0
2424 39 13 0 -1
2425 22 17 0 -1
2426 1 6 1 0
2427 36 19 -1 0
2428 1 20 0 1
2429 45 30 -1 0
2430 24 15 -1 0
2431 84 28 1 0
2432 20 27 -1 0
2433 17 27 -1 0
2434 27 19 1 0
2435 43 10 -1 0
2436 91 24 1 0
2437 21 1 0 1
2438 91 27 -1 0
2439 44 10 0 1
2440 92 27 0 1
2441 52 15 1 0
2442 23 36 -1 0
2443 79 17 -1 0
2444 43 19 -1 0
2445 72 36 0 1
2446 37 21 1 0
2447 73 7 -1 0
2448 90 0 1 0
2449 48 34 -1 0
2450 19 30 1 0
2451 41 13 0 -1
2452 26 23 0 -1
2453 47 15 0 1
2454 17 38 0 1
2455 43 31 0 -1
2456 42 15 0 1
2457 42 2 -1 0
2458 50 7 0 1
2459 16 33 0 1
2460 86 32 1 0
2461 21 24 1 0
2462 70 18 0 1
2463 97 5 0 1
2464 56 33 0 1
2465 82 11 0 1
2466 94 31 0 -1
2467 38 32 0 -1
2468 28 10 -1 0
2469 82 36 1 0
2470 19 23 1 0
2471 4 5 -1 0
2472 29 18 1 0
2473 88 11 0 1
2474 81 5 0 -1
2475 4 17 -1 0
2476 35 5 0 -1
2477 26 29 1 0
2478 29 7 1 0
2479 16 18 0 -1
2480 52 6 0 1
2481 18 20 0 1
2482 85 3 0 1
2483 73 17 -1 0
2484 51 37 0 1
2485 15 6 1 0
2486 27 10 0 -1
2487 48 5 -1 0
2488 29 15 0 -1
2489 0 27 0 -1
2490 80 15 0 -1
2491 38 15 0 1
2492 88 27 -1 0
2493 25 1 -1 0
2494 71 1 0 -1
2495 10 29 0 1
2496 96 30 0 1
2497 47 4 0 -1
2498 23 26 1 0
2499 1 29 -1 0
2500 44 29 -1 0
2501 82 34 0 -1
2502 96 34 0 -1
2503 25 14 0 -1
2504 47 6 0 -1
2505 44 33 0 -1
2506 79 30 1 0
2507 8 0 1 0
2508 56 5 -1 0
2509 27 6 0 1
2510 2 23 0 1
2511 5 8 0 1
2512 95 32 0 1
2513 10 30 0 1
2514 38 5 -1 0
2515 11 0 -1 0
2516 15 18 0 1
2517 52 13 0 -1
2518 43 22 0 1
2519 24 0 0 -1
2520 50 11 0 1
2521 48 2 -1 0
2522 65 30 1 0
2523 38 19 0 1
2524 31 30 0 -1
2525 3 33 0 -1
2526 56 8 0 1
2527 25 31 -1 0
2528 60 25 0 1
2529 90 7 -1 0
2530 9 3 0 1
2531 75 14 0 1
2532 30 3 1 0
2533 4 14 -1 0
2534 51 24 1 0
2535 86 15 1 0
2536 42 35 -1 0
2537 43 16 -1 0
2538 2 38 1 0
2539 26 12 -1 0
2540 48 22 1 0
2541 51 0 0 1
2542 38 11 -1 0
2543 10 37 -1 0
2544 10 24 1 0
2545 51 24 0 -1
2546 8 7 0 1
2547 94 22 0 -1
2548 9 2 1 0
2549 37 18 -1 0
2550 19 3 1 0
2551 3 26 0 1
2552 89 19 1 0
2553 86 4 1 0
2554 14 14 -1 0
2555 17 15 1 0
2556 15 37 -1 0
2557 88 10 0 -1
2558 23 24 0 -1
2559 12 18 0 -1
2560 24 19 0 1
2561 44 1 1 0
2562 13 0 -1 0
2563 90 31 1 0
2564 52 25 1 0
2565 43 6 0 1
2566 25 37 0 -1
2567 46 17 0 1
2568 25 23 1 0
2569 30 4 0 -1
2570 81 29 1 0
2571 26 5 -1 0
2572 52 4 0 1
2573 28 26 -1 0
2574 45 33 0 -1
2575 97 13 1 0
2576 77 23 0 1
2577 46 0 -1 0
2578 94 39 1 0
2579 3 32 -1 0
2580 25 10 0 1
2581 43 27 0 1
2582 24 24 0 -1
2583 29 25 -1 0
2584 83 23 1 0
2585 48 36 0 -1
2586 44 31 0 1
2587 36 17 0 -1
2588 20 17 1 0
2589 13 14 1 0
2590 42 31 1 0
2591 92 31 -1 0
2592 45 31 0 -1
2593 63 2 0 -1
2594 92 22 -1 0
2595 65 36 0 -1
2596 38 35 0 -1
2597 32 28 0 1
2598 87 27 -1 0
2599 12 6 1 0
2600 3 7 1 0
2601 21 23 1 0
2602 17 6 0 -1
2603 38 23 0 1
2604 16 1 1 0
2605 3 14 1 0
2606 77 3 0 -1
2607 64 17 -1 0
2608 29 21 0 1
2609 50 2 -1 0
2610 26 37 0 -1
2611 29 0 0 -1
2612 49 34 -1 0
2613 26 20 -1 0
2614 2 6 0 -1
2615 4 0 0 -1
2616 43 0 -1 0
2617 52 3 0 -1
2618 7 24 1 0
2619 71 29 1 0
2620 50 10 0 1
2621 88 10 0 1
2622 3 14 -1 0
2623 78 30 -1 0
2624 81 20 1 0
2625 50 10 0 1
2626 21 19 1 0
2627 42 1 0 -1
2628 62 24 0 -1
2629 23 33 -1 0
2630 69 11 1 0
2631 9 0 1 0
2632 48 16 0 -1
2633 15 14 1 0
2634 41 36 1 0
2635 24 25 0 -1
2636 26 6 -1 0
2637 68 26 0 1
2638 39 20 1 0
2639 40 12 0 1
2640 83 11 0 1
2641 27 25 0 1
2642 50 37 0 -1
2643 84 35 0 -1
2644 48 12 0 -1
2645 81 30 0 -1
2646 37 12 0 1
2647 5 28 1 0
2648 6 34 1 0
2649 37 34 1 0
2650 47 4 0 -1
2651 0 30 -1 0
2652 38 38 1 0
2653 9 11 0 -1
2654 36 36 0 -1
2655 44 31 0 -1
2656 44 30 0 -1
2657 9 37 1 0
2658 67 35 -1 0
2659 3 17 0 1
2660 29 38 -1 0
2661 15 19 -1 0
2662 67 21 0 -1
2663 28 5 0 -1
2664 35 29 0 1
2665 30 10 -1 0
2666 23 18 1 0
2667 7 14 0 -1
2668 41 13 -1 0
2669 21 21 0 1
2670 73 0 -1 0
2671 40 24 -1 0
2672 90 1 -1 0
2673 30 10 -1 0
2674 97 38 0 1
2675 19 3 0 -1
2676 41 15 0 1
2677 93 0 -1 0
2678 91 29 1 0
2679 26 0 1 0
2680 11 24 -1 0
2681 13 10 1 0
2682 35 32 0 -1
2683 73 33 0 1
2684 23 29 1 0
2685 12 22 0 1
2686 42 7 -1 0
2687 82 39 0 1
2688 6 6 0 -1
2689 4 22 -1 0
2690 0 21 0 1
2691 25 2 0 -1
2692 15 28 0 -1
2693 89 30 0 -1
2694 19 30 0 1
2695 21 27 0 -1
2696 24 3 1 0
2697 87 11 0 1
2698 5 9 0 -1
2699 6 16 -1 0
2700 45 22 0 1
2701 44 34 0 -1
2702 38 34 0 1
2703 66 25 0 1
2704 29 13 0 1
2705 2 11 1 0
2706 46 18 0 -1
2707 9 39 -1 0
2708 67 10 1 0
2709 26 24 0 1
2710 30 26 0 -1
2711 16 10 1 0
2712 41 34 -1 0
2713 72 12 0 1
2714 90 26 0 -1
2715 26 22 0 -1
2716 75 9 1 0
2717 43 7 0 -1
2718 43 26 0 1
2719 93 15 -1 0
2720 43 13 0 1
2721 36 18 1 0
2722 47 3 -1 0
2723 82 37 -1 0
2724 10 39 0 1
2725 78 9 0 1
2726 94 4 0 1
2727 3 6 -1 0
2728 30 34 1 0
2729 13 7 0 -1
2730 11 15 1 0
2731 24 2 0 -1
2732 17 27 -1 0
2733 37 24 0 -1
2734 20 8 0 -1
2735 41 4 0 1
2736 13 26 -1 0
2737 25 11 -1 0
2738 42 1 0 -1
2739 32 28 -1 0
2740 32 29 0 -1
2741 21 6 1 0
2742 40 38 0 -1
2743 88 13 -1 0
2744 58 18 1 0
2745 31 15 0 -1
2746 43 9 -1 0
2747 14 11 0 1
2748 45 31 0 -1
2749 23 24 0 1
2750 40 12 -1 0
2751 19 1 0 1
2752 3 29 -1 0
2753 10 29 0 1
2754 90 17 1 0
2755 28 32 1 0
2756 6 12 0 1
2757 93 12 -1 0
2758 44 0 0 -1
2759 28 38 0 1
2760 39 23 -1 0
2761 80 32 0 1
2762 86 27 1 0
2763 2 37 0 1
2764 8 2 0 1
2765 39 9 1 0
2766 80 35 0 -1
2767 49 11 -1 0
2768 41 28 0 -1
2769 30 20 0 -1
2770 7 21 0 -1
2771 20 4 0 -1
2772 38 27 0 1
2773 38 0 0 -1
2774 20 36 -1 0
2775 9 5 1 0
2776 18 35 0 1
2777 76 25 0 -1
2778 22 35 -1 0
2779 97 6 0 -1
2780 81 15 -1 0
2781 40 37 -1 0
2782 36 29 0 1
2783 40 36 1 0
2784 17 19 1 0
2785 40 37 -1 0
2786 88 4 0 1
2787 63 29 0 -1
2788 47 27 1 0
2789 93 35 0 1
2790 21 3 0 1
2791 46 28 -1 0
2792 82 28 0 1
2793 39 8 0 1
2794 14 14 0 -1
2795 43 33 1 0
2796 84 24 1 0
2797 92 32 0 -1
2798 7 36 0 -1
2799 25 35 0 1
2800 59 14 -1 0
2801 25 6 0 -1
2802 44 32 -1 0
2803 83 11 -1 0
2804 99 23 0 -1
2805 57 24 1 0
2806 24 20 1 0
2807 93 21 -1 0
2808 37 17 -1 0
2809 45 30 -1 0
2810 36 9 0 -1
2811 40 4 1 0
2812 87 37 -1 0
2813 25 9 0 1
2814 40 23 1 0
2815 69 33 0 1
2816 44 19 0 1
2817 21 39 0 1
2818 69 8 -1 0
2819 20 31 0 1
2820 27 10 0 1
2821 38 7 0 -1
2822 9 20 0 -1
2823 84 35 0 -1
2824 41 12 -1 0
2825 43 18 1 0
2826 74 39 -1 0
2827 18 36 0 -1
2828 24 13 0 -1
2829 44 21 1 0
2830 16 7 0 -1
2831 86 4 1 0
2832 22 0 0 -1
2833 19 11 1 0
2834 5 23 1 0
2835 97 31 0 -1
2836 70 37 -1 0
2837 47 30 0 -1
2838 28 35 0 -1
2839 5 17 0 1
2840 19 25 0 -1
2841 38 28 1 0
2842 25 31 -1 0
2843 41 11 1 0
2844 96 2 1 0
2845 39 11 1 0
2846 10 25 0 1
2847 38 18 0 -1
2848 40 11 1 0
2849 41 10 0 1
2850 10 32 0 1
2851 40 16 1 0
2852 26 11 0 -1
2853 26 5 -1 0
2854 32 9 1 0
2855 39 21 -1 0
2856 92 34 0 1
2857 7 28 0 1
2858 37 37 0 -1
2859 5 5 0 1
2860 90 39 0 1
2861 91 0 0 -1
2862 15 27 0 -1
2863 88 27 0 -1
2864 46 0 1 0
2865 11 21 0 1
2866 55 28 1 0
2867 76 21 -1 0
2868 43 11 1 0
2869 37 39 0 -1
2870 36 32 0 1
2871 38 26 1 0
2872 21 32 1 0
2873 59 15 1 0
2874 9 14 0 1
2875 13 17 1 0
2876 37 39 1 0
2877 39 19 0 1
2878 29 14 0 1
2879 36 13 0 1
2880 44 17 0 -1
2881 89 36 -1 0
2882 27 8 0 1
2883 2 30 1 0
2884 27 14 0 -1
2885 91 16 0 1
2886 44 11 0 -1
2887 43 21 1 0
2888 10 39 0 1
2889 36 37 1 0
2890 92 27 1 0
2891 99 1 1 0
2892 41 37 0 -1
2893 8 10 1 0
2894 0 23 0 -1
2895 26 25 0 -1
2896 45 34 0 -1
2897 90 18 0 -1
2898 22 32 -1 0
2899 97 20 -1 0
2900 46 15 0 1
2901 66 24 0 1
2902 4 7 1 0
2903 35 35 0 1
2904 22 14 1 0
2905 21 9 0 1
2906 2 27 1 0
2907 13 18 0 -1
2908 94 16 -1 0
2909 16 3 1 0
2910 31 2 -1 0
2911 43 38 -1 0
2912 40 35 0 -1
2913 5 19 -1 0
2914 89 38 1 0
2915 86 39 1 0
2916 19 0 1 0
2917 92 30 0 1
2918 45 25 -1 0
2919 23 29 0 -1
2920 0 16 -1 0
2921 20 10 0 1
2922 30 28 0 -1
2923 8 6 -1 0
2924 26 30 0 -1
2925 83 13 0 1
2926 2 11 0 1
2927 25 25 0 1
2928 96 12 1 0
2929 82 18 -1 0
2930 48 2 0 -1
2931 40 5 1 0
2932 54 33 0 1
2933 34 24 0 1
2934 29 24 1 0
2935 28 21 1 0
2936 49 15 -1 0
2937 0 5 0 -1
2938 52 22 0 -1
2939 39 36 1 0
2940 25 11 0 -1
2941 48 25 0 1
2942 99 9 0 -1
2943 2 9 1 0
2944 23 13 0 -1
2945 22 22 0 -1
2946 66 6 -1 0
2947 16 0 0 1
2948 96 6 1 0
2949 26 38 0 -1
2950 52 10 0 -1
2951 18 22 -1 0
2952 24 21 0 1
2953 10 3 -1 0
2954 36 32 -1 0
2955 25 30 0 -1
2956 58 14 1 0
2957 37 37 0 1
2958 0 9 -1 0
2959 29 27 -1 0
2960 47 13 1 0
2961 17 15 1 0
2962 23 8 0 1
2963 89 33 1 0
2964 97 2 1 0
2965 97 34 1 0
2966 25 30 1 0
2967 93 32 0 1
2968 98 23 0 -1
2969 39 34 0 1
2970 45 8 1 0
2971 6 22 1 0
2972 20 23 0 1
2973 74 30 1 0
2974 13 19 -1 0
2975 37 7 -1 0
2976 51 11 1 0
2977 39 12 -1 0
2978 14 0 0 -1
2979 84 34 1 0
2980 3 19 0 1
2981 42 11 1 0
2982 23 21 -1 0
2983 86 34 0 1
2984 65 12 0 -1
2985 95 29 1 0
2986 17 7 -1 0
2987 6 10 0 -1
2988 11 27 0 -1
2989 89 23 1 0
2990 90 9 1 0
2991 46 4 -1 0
2992 46 31 0 -1
2993 48 4 0 1
2994 17 27 1 0
2995 50 13 -1 0
2996 44 20 0 1
2997 38 21 1 0
2998 29 28 -1 0
2999 45 9 -1 0
3000 6 15 0 -1
3001 69 9 -1 0
3002 30 9 0 1
3003 28 29 0 1
3004 71 34 -1 0
3005 29 1 1 0
3006 48 38 -1 0
3007 51 29 0 1
3008 36 34 1 0
3009 27 12 -1 0
3010 46 32 -1 0
3011 95 14 0 -1
3012 20 1 -1 0
3013 25 18 -1 0
3014 1 2 0 -1
3015 96 37 0 -1
3016 88 24 0 -1
3017 29 18 1 0
3018 65 24 1 0
3019 5 37 0 -1
3020 22 30 1 0
3021 11 32 1 0
3022 94 30 0 1
3023 49 27 0 1
3024 31 19 0 1
3025 12 32 -1 0
3026 22 13 -1 0
3027 79 4 1 0
3028 28 22 0 1
3029 5 3 0 -1
3030 22 18 0 -1
3031 44 10 -1 0
3032 64 20 0 -1
3033 6 39 0 -1
3034 20 31 -1 0
3035 80 12 0 1
3036 42 24 -1 0
3037 74 24 0 1
3038 38 38 -1 0
3039 27 30 1 0
3040 86 7 1 0
3041 25 14 0 1
3042 66 7 0 -1
3043 39 3 1 0
3044 39 37 0 -1
3045 39 10 1 0
3046 41 6 0 1
3047 11 30 0 1
3048 38 18 0 1
3049 24 11 0 -1
3050 24 11 -1 0
3051 67 16 0 -1
3052 8 9 0 -1
3053 89 33 0 1
3054 76 2 0 -1
3055 49 38 0 1
3056 32 15 0 -1
3057 36 12 0 1
3058 50 15 -1 0
3059 93 16 0 -1
3060 99 15 -1 0
3061 26 16 0 1
3062 23 30 1 0
3063 5 12 -1 0
3064 50 19 1 0
3065 21 31 0 1
3066 40 14 -1 0
3067 92 34 0 1
3068 29 12 0 1
3069 37 15 -1 0
3070 44 1 0 -1
3071 35 36 0 1
3072 83 0 0 -1
3073 43 34 -1 0
3074 21 15 -1 0
3075 20 24 1 0
3076 44 21 1 0
3077 66 32 1 0
3078 26 10 0 1
3079 41 29 1 0
3080 42 37 -1 0
3081 27 19 0 1
3082 34 27 -1 0
3083 18 19 0 1
3084 77 33 0 1
3085 7 7 0 1
3086 86 9 0 1
3087 93 5 0 -1
3088 9 13 -1 0
3089 21 14 -1 0
3090 92 12 1 0
3091 62 6 0 1
3092 61 37 0 -1
3093 19 13 1 0
3094 98 25 -1 0
3095 4 31 0 1
3096 26 7 1 0
3097 89 39 0 1
3098 26 17 0 1
3099 61 25 0 1
3100 91 10 0 1
3101 37 20 1 0
3102 71 4 1 0
3103 39 37 -1 0
3104 25 38 0 1
3105 40 3 0 -1
3106 31 12 0 1
3107 24 10 1 0
3108 8 5 0 1
3109 24 37 0 -1
3110 31 20 1 0
3111 45 28 -1 0
3112 15 29 0 1
3113 77 3 1 0
3114 16 24 -1 0
3115 26 2 0 1
3116 40 38 1 0
3117 22 5 0 1
3118 40 32 0 1
3119 20 4 -1 0
3120 88 33 1 0
3121 37 21 1 0
3122 78 11 0 -1
3123 46 2 0 -1
3124 89 25 0 -1
3125 32 31 0 1
3126 41 38 -1 0
3127 19 17 -1 0
3128 64 16 -1 0
3129 45 21 -1 0
3130 43 2 -1 0
3131 29 22 0 -1
3132 29 11 0 1
3133 90 5 -1 0
3134 21 16 0 1
3135 30 23 0 1
3136 27 9 -1 0
3137 87 17 0 1
3138 28 15 1 0
3139 23 23 0 1
3140 52 20 1 0
3141 41 26 1 0
3142 22 15 1 0
3143 42 32 -1 0
3144 54 37 -1 0
3145 36 37 0 -1
3146 27 7 0 1
3147 41 14 1 0
3148 53 37 1 0
3149 1 4 0 -1
3150 36 20 1 0
3151 10 11 0 1
3152 28 12 0 1
3153 29 9 0 1
3154 50 13 1 0
3155 17 31 1 0
3156 23 28 0 1
3157 44 16 -1 0
3158 27 4 0 -1
3159 5 16 0 -1
3160 60 33 -1 0
3161 28 3 0 1
3162 17 21 0 -1
3163 77 32 1 0
3164 24 36 0 1
3165 43 6 1 0
3166 22 7 -1 0
3167 31 13 1 0
3168 99 2 0 1
3169 26 7 -1 0
3170 23 16 0 -1
3171 86 21 0 1
3172 10 25 0 -1
3173 41 2 1 0
3174 22 36 0 1
3175 28 12 1 0
3176 28 19 1 0
3177 37 20 -1 0
3178 4 5 0 1
3179 17 19 -1 0
3180 28 30 1 0
3181 50 19 -1 0
3182 23 30 -1 0
3183 40 18 -1 0
3184 36 0 0 -1
3185 38 17 1 0
3186 23 36 0 1
3187 17 6 1 0
3188 49 2 -1 0
3189 12 1 0 1
3190 41 37 -1 0
3191 20 38 1 0
3192 16 14 0 -1
3193 6 39 0 -1
3194 49 10 1 0
3195 56 38 0 -1
3196 61 19 0 1
3197 91 33 0 1
3198 20 38 0 -1
3199 28 32 0 1
3200 68 17 0 1
3201 32 14 1 0
3202 89 11 0 -1
3203 3 12 1 0
3204 21 2 0 -1
3205 14 35 0 -1
3206 51 39 0 -1
3207 86 20 1 0
3208 18 33 1 0
3209 4 2 0 -1
3210 18 5 -1 0
3211 37 0 0 -1
3212 52 31 1 0
3213 90 33 0 1
3214 22 31 0 -1
3215 21 35 0 1
3216 57 38 -1 0
3217 29 16 0 -1
3218 52 15 -1 0
3219 49 38 0 1
3220 23 21 -1 0
3221 38 8 0 -1
3222 29 31 0 1
3223 7 23 0 -1
3224 38 34 0 1
3225 6 19 0 1
3226 41 9 1 0
3227 86 0 0 -1
3228 87 0 -1 0
3229 94 15 1 0
3230 41 16 -1 0
3231 65 31 1 0
3232 97 3 0 -1
3233 55 35 1 0
3234 18 38 -1 0
3235 30 18 1 0
3236 41 24 0 1
3237 40 34 -1 0
3238 28 2 0 1
3239 99 31 1 0
3240 43 1 -1 0
3241 46 5 1 0
3242 25 15 -1 0
3243 24 9 -1 0
3244 56 19 -1 0
3245 72 11 1 0
3246 43 15 1 0
3247 29 10 0 1
3248 43 24 0 -1
3249 9 7 1 0
3250 93 37 -1 0
3251 39 23 0 1
3252 23 15 0 -1
3253 29 22 1 0
3254 5 34 0 1
3255 37 32 0 -1
3256 39 11 1 0
3257 25 29 1 0
3258 24 1 -1 0
3259 20 33 0 1
3260 43 15 -1 0
3261 36 32 -1 0
3262 0 11 1 0
3263 52 0 -1 0
3264 22 6 0 -1
3265 49 5 0 1
3266 86 11 -1 0
3267 10 30 1 0
3268 48 21 -1 0
3269 45 35 0 1
3270 20 8 1 0
3271 96 21 -1 0
3272 42 22 -1 0
3273 28 2 0 1
3274 19 31 1 0
3275 51 8 0 -1
3276 96 27 1 0
3277 78 4 1 0
3278 84 29 0 -1
3279 66 14 1 0
3280 16 6 0 1
3281 42 0 1 0
3282 59 1 0 -1
3283 39 17 0 -1
3284 43 29 0 -1
3285 71 32 0 1
3286 97 10 0 -1
3287 38 21 0 -1
3288 58 1 0 1
3289 89 11 0 1
3290 42 32 0 1
3291 25 25 0 1
3292 11 16 1 0
3293 5 18 1 0
3294 94 14 0 -1
3295 18 36 0 -1
3296 43 31 0 -1
3297 78 38 0 -1
3298 29 11 0 -1
3299 39 19 0 1
3300 44 34 -1 0
3301 8 3 1 0
3302 50 32 -1 0
3303 1 37 0 -1
3304 24 21 0 1
3305 8 34 1 0
3306 89 12 1 0
3307 24 31 0 -1
3308 96 24 0 1
3309 81 4 0 -1
3310 25 18 -1 0
3311 3 38 0 -1
3312 10 2 1 0
3313 35 10 -1 0
3314 5 8 0 1
3315 40 26 0 -1
3316 73 16 -1 0
3317 49 21 1 0
3318 56 16 1 0
3319 19 28 -1 0
3320 46 11 0 -1
3321 26 30 -1 0
3322 31 15 1 0
3323 55 4 0 1
3324 14 35 0 -1
3325 62 24 1 0
3326 39 30 0 1
3327 45 6 1 0
3328 44 30 -1 0
3329 43 34 0 -1
3330 4 5 0 1
3331 20 7 1 0
3332 29 17 -1 0
3333 91 18 0 -1
3334 50 12 1 0
3335 46 36 1 0
3336 31 4 -1 0
3337 68 21 0 1
3338 28 3 0 1
3339 23 14 0 -1
3340 23 7 -1 0
3341 12 21 0 -1
3342 96 23 0 -1
3343 66 19 0 1
3344 7 26 1 0
3345 29 13 1 0
3346 90 21 -1 0
3347 29 5 -1 0
3348 27 28 0 1
3349 83 23 1 0
3350 39 34 0 1
3351 25 13 1 0
3352 22 22 0 1
3353 94 34 0 -1
3354 27 21 0 1
3355 53 39 1 0
3356 97 32 1 0
3357 60 34 1 0
3358 30 25 0 1
3359 20 14 0 -1
3360 35 3 0 -1
3361 8 25 0 -1
3362 29 38 1 0
3363 58 10 -1 0
3364 1 5 0 -1
3365 27 1 0 1
3366 37 32 0 -1
3367 26 33 -1 0
3368 18 18 0 -1
3369 74 13 -1 0
3370 46 10 -1 0
3371 66 35 -1 0
3372 8 1 0 -1
3373 23 33 1 0
3374 12 16 0 -1
3375 25 15 0 -1
3376 90 31 0 1
3377 88 12 1 0
3378 10 21 0 1
3379 14 16 1 0
3380 86 30 0 -1
3381 85 19 0 -1
3382 78 22 1 0
3383 91 31 1 0
3384 15 38 0 -1
3385 91 4 0 -1
3386 5 19 0 1
3387 48 33 0 1
3388 40 14 0 1
3389 20 15 0 1
3390 95 29 1 0
3391 81 7 0 -1
3392 95 20 -1 0
3393 63 14 -1 0
3394 51 8 -1 0
3395 66 2 0 -1
3396 69 10 -1 0
3397 57 26 1 0
3398 38 9 1 0
3399 44 32 0 1
3400 43 2 0 -1
3401 65 35 0 1
3402 39 2 -1 0
3403 94 24 1 0
3404 20 24 0 1
3405 8 6 -1 0
3406 84 26 1 0
3407 22 20 0 -1
3408 25 24 0 1
3409 39 23 0 -1
3410 11 14 -1 0
3411 43 39 -1 0
3412 45 28 0 1
3413 46 26 1 0
3414 3 24 -1 0
3415 58 27 1 0
3416 40 26 1 0
3417 42 36 -1 0
3418 37 3 -1 0
3419 64 16 0 -1
3420 38 0 -1 0
3421 45 2 0 -1
3422 44 11 0 -1
3423 48 26 -1 0
3424 76 10 0 1
3425 71 17 0 1
3426 14 16 -1 0
3427 47 31 -1 0
3428 39 13 0 -1
3429 51 23 0 -1
3430 75 9 -1 0
3431 42 31 0 -1
3432 1 15 0 1
3433 42 11 -1 0
3434 35 7 0 -1
3435 62 19 0 -1
3436 19 28 0 -1
3437 55 29 -1 0
3438 68 14 0 1
3439 28 37 1 0
3440 40 35 1 0
3441 14 8 -1 0
3442 6 7 -1 0
3443 15 32 0 -1
3444 30 26 0 -1
3445 51 1 -1 0
3446 18 28 -1 0
3447 12 37 1 0
3448 45 34 0 1
3449 76 5 0 1
3450 21 30 1 0
3451 73 28 0 -1
3452 73 22 0 1
3453 58 22 0 1
3454 16 23 -1 0
3455 13 25 0 -1
3456 18 39 -1 0
3457 63 2 -1 0
3458 71 30 0 -1
3459 43 36 -1 0
3460 26 11 -1 0
3461 37 2 1 0
3462 19 32 1 0
3463 58 37 -1 0
3464 96 21 -1 0
3465 43 35 1 0
3466 58 4 0 1
3467 39 39 0 -1
3468 84 3 1 0
3469 48 27 0 -1
3470 90 31 -1 0
3471 77 21 0 1
3472 12 10 0 -1
3473 29 5 -1 0
3474 29 28 -1 0
3475 27 2 0 -1
3476 36 4 1 0
3477 82 26 1 0
3478 23 39 -1 0
3479 26 6 -1 0
3480 48 9 1 0
3481 98 23 0 1
3482 21 4 1 0
3483 32 30 1 0
3484 37 37 0 1
3485 25 5 0 -1
3486 96 27 1 0
3487 43 32 -1 0
3488 36 21 0 -1
3489 17 20 0 1
3490 27 7 1 0
3491 27 33 1 0
3492 24 5 1 0
3493 6 13 -1 0
3494 22 34 0 -1
3495 48 39 0 1
3496 43 9 0 -1
3497 62 1 0 -1
3498 97 19 0 1
3499 63 37 1 0
3500 93 28 -1 0
3501 19 17 0 -1
3502 37 30 0 1
3503 53 28 -1 0
3504 81 35 0 1
3505 36 22 1 0
3506 16 6 -1 0
3507 53 3 1 0
3508 40 2 1 0
3509 23 36 1 0
3510 90 32 1 0
3511 37 31 0 1
3512 24 7 1 0
3513 81 27 0 1
3514 54 18 -1 0
3515 37 33 0 1
3516 56 15 -1 0
3517 64 24 1 0
3518 58 8 0 1
3519 21 8 1 0
3520 21 36 0 1
3521 89 31 0 -1
3522 84 26 1 0
3523 87 33 -1 0
3524 16 13 1 0
3525 30 5 0 -1
3526 79 31 0 -1
3527 39 4 -1 0
3528 37 1 0 -1
3529 15 26 1 0
3530 23 17 0 -1
3531 1 27 0 1
3532 40 7 -1 0
3533 59 27 1 0
3534 60 20 0 -1
3535 37 34 1 0
3536 10 27 0 1
3537 27 8 0 1
3538 21 27 -1 0
3539 62 26 0 -1
3540 36 20 1 0
3541 23 37 1 0
3542 83 37 0 -1
3543 26 28 0 1
3544 26 16 0 1
3545 40 37 0 -1
3546 27 2 1 0
3547 28 8 0 1
3548 91 34 -1 0
3549 60 29 1 0
3550 86 26 0 -1
3551 29 10 1 0
3552 50 36 -1 0
3553 24 19 0 1
3554 20 16 0 -1
3555 41 2 0 -1
3556 95 38 -1 0
3557 91 16 0 1
3558 24 35 1 0
3559 43 28 -1 0
3560 43 39 -1 0
3561 66 17 0 1
3562 44 12 0 -1
3563 81 27 1 0
3564 37 16 -1 0
3565 36 2 0 -1
3566 40 9 0 1
3567 2 28 -1 0
3568 98 19 0 1
3569 89 10 -1 0
3570 78 30 1 0
3571 36 15 1 0
3572 27 8 0 1
3573 29 4 -1 0
3574 43 34 0 1
3575 91 33 1 0
3576 38 9 -1 0
3577 29 12 -1 0
3578 26 5 0 -1
3579 13 7 0 1
3580 86 11 1 0
3581 98 20 -1 0
3582 88 4 0 -1
3583 43 37 0 -1
3584 22 1 0 -1
3585 41 28 1 0
3586 12 28 0 -1
3587 25 35 1 0
3588 21 16 1 0
3589 20 11 -1 0
3590 30 11 0 1
3591 45 32 -1 0
3592 21 35 0 -1
3593 50 24 1 0
3594 12 38 0 1
3595 58 5 0 1
3596 19 26 0 1
3597 99 26 -1 0
3598 90 33 1 0
3599 15 14 1 0
