0 93 30 -1 0
1 96 39 0 -1
2 50 23 -1 0
3 13 0 0 -1
4 20 15 0 -1
5 95 9 0 -1
6 12 37 1 0
7 88 13 0 1
8 31 14 0 -1
9 12 29 1 0
10 61 16 0 1
11 31 31 0 1
12 30 13 0 -1
13 82 39 1 0
14 91 0 0 1
15 42 3 0 -1
16 81 11 1 0
17 59 14 0 -1
18 5 15 1 0
19 55 32 -1 0
20 59 24 0 -1
21 81 28 -1 0
22 38 19 1 0
23 85 0 0 -1
24 61 9 0 -1
25 54 31 1 0
26 27 24 -1 0
27 53 27 0 1
28 27 33 1 0
29 28 26 0 1
30 9 26 0 1
31 51 5 0 -1
32 27 20 -1 0
33 39 2 -1 0
34 57 12 0 1
35 66 9 0 -1
36 34 2 0 -1
37 21 7 0 1
38 23 16 1 0
39 66 32 -1 0
40 11 13 0 1
41 30 8 0 1
42 23 8 -1 0
43 42 27 0 -1
44 64 21 1 0
45 10 20 0 -1
46 20 4 1 0
47 6 6 0 1
48 65 37 0 -1
49 86 6 0 1
50 23 15 1 0
51 87 36 0 1
52 91 22 -1 0
53 23 37 1 0
54 59 23 1 0
55 80 29 0 1
56 98 21 0 1
57 29 1 0 1
58 29 21 0 -1
59 52 4 -1 0
60 1 17 -1 0
61 45 22 0 -1
62 7 9 1 0
63 94 7 -1 0
64 72 36 1 0
65 23 4 0 1
66 50 27 1 0
67 21 23 1 0
68 21 7 0 1
69 16 14 -1 0
70 69 35 0 -1
71 67 8 0 1
72 11 38 1 0
73 56 23 0 -1
74 54 31 0 -1
75 12 34 -1 0
76 74 12 0 1
77 50 0 1 0
78 94 8 0 1
79 38 26 -1 0
80 85 15 0 -1
81 38 27 -1 0
82 71 18 0 -1
83 7 4 1 0
84 82 5 0 -1
85 46 10 -1 0
86 22 36 0 1
87 24 15 1 0
88 93 18 1 0
89 9 9 1 0
90 4 38 -1 0
91 44 21 1 0
92 93 6 0 1
93 1 4 -1 0
94 53 33 -1 0
95 20 11 -1 0
96 11 11 1 0
97 13 20 -1 0
98 15 3 0 -1
99 21 35 1 0
100 46 3 1 0
101 10 26 0 -1
102 37 25 0 -1
103 81 31 0 -1
104 90 29 0 -1
105 60 39 -1 0
106 12 21 0 -1
107 37 9 1 0
108 40 22 0 -1
109 19 30 0 -1
110 28 2 0 1
111 30 37 0 1
112 1 32 -1 0
113 26 31 0 -1
114 41 22 0 1
115 95 32 1 0
116 59 4 -1 0
117 16 20 0 -1
118 37 25 0 -1
119 43 29 0 -1
120 48 18 -1 0
121 45 5 -1 0
122 62 37 0 -1
123 16 6 1 0
124 35 36 1 0
125 22 16 -1 0
126 73 5 1 0
127 45 17 0 -1
128 4 22 1 0
129 22 23 0 -1
130 72 33 0 -1
131 31 32 1 0
132 0 20 -1 0
133 42 37 -1 0
134 15 15 0 1
135 6 2 0 -1
136 74 3 0 1
137 94 1 1 0
138 75 35 0 -1
139 28 19 1 0
140 18 15 0 -1
141 10 3 -1 0
142 31 3 0 -1
143 91 35 1 0
144 0 0 0 -1
145 37 17 1 0
146 88 4 1 0
147 20 9 0 -1
148 41 18 0 1
149 78 12 1 0
150 69 35 1 0
151 18 11 -1 0
152 26 10 1 0
153 25 35 -1 0
154 15 17 1 0
155 23 2 1 0
156 26 15 0 -1
157 27 1 1 0
158 98 21 0 -1
159 99 7 1 0
160 28 28 -1 0
161 30 26 0 1
162 91 6 -1 0
163 48 37 -1 0
164 76 17 -1 0
165 96 16 -1 0
166 40 35 0 1
167 9 10 -1 0
168 0 16 0 1
169 93 38 -1 0
170 65 3 0 -1
171 31 16 1 0
172 80 3 0 1
173 99 37 -1 0
174 21 31 0 -1
175 9 2 0 -1
176 23 21 0 -1
177 41 2 0 1
178 65 36 -1 0
179 95 19 -1 0
180 5 25 -1 0
181 37 36 1 0
182 57 12 0 1
183 23 35 1 0
184 30 36 0 -1
185 93 34 -1 0
186 23 22 0 1
187 44 33 0 -1
188 95 16 0 -1
189 57 0 0 -1
190 43 8 -1 0
191 78 30 0 1
192 51 11 1 0
193 28 11 1 0
194 98 31 0 1
195 25 12 0 1
196 53 19 -1 0
197 16 10 -1 0
198 70 21 0 1
199 11 22 1 0
200 15 34 1 0
201 25 1 0 -1
202 15 28 0 1
203 79 0 0 1
204 98 38 0 1
205 41 10 0 1
206 39 28 0 1
207 6 26 0 -1
208 8 5 0 -1
209 94 24 0 1
210 27 13 0 1
211 84 18 0 -1
212 41 8 0 1
213 45 4 -1 0
214 38 6 0 -1
215 80 19 1 0
216 29 10 0 -1
217 28 8 0 -1
218 70 36 0 1
219 38 4 1 0
220 95 9 -1 0
221 26 35 0 -1
222 81 37 -1 0
223 45 38 0 1
224 46 22 -1 0
225 50 6 -1 0
226 90 19 -1 0
227 26 28 0 1
228 6 28 1 0
229 55 23 1 0
230 22 0 0 1
231 77 22 1 0
232 27 21 -1 0
233 46 28 -1 0
234 26 6 1 0
235 21 22 0 -1
236 26 14 0 1
237 30 2 0 -1
238 22 34 0 -1
239 53 30 1 0
240 11 16 0 1
241 97 23 0 -1
242 41 6 -1 0
243 81 11 1 0
244 50 29 -1 0
245 19 37 1 0
246 36 5 0 -1
247 0 10 -1 0
248 21 12 0 1
249 73 23 0 -1
250 35 5 -1 0
251 9 36 -1 0
252 87 21 0 -1
253 79 39 1 0
254 53 15 0 1
255 28 15 0 -1
256 44 9 1 0
257 59 17 1 0
258 31 14 0 1
259 27 21 0 -1
260 54 33 0 1
261 16 5 1 0
262 43 38 1 0
263 49 34 -1 0
264 8 37 -1 0
265 26 19 0 1
266 1 8 0 1
267 78 4 0 1
268 3 8 0 -1
269 45 18 0 -1
270 36 30 0 -1
271 24 22 0 1
272 27 27 -1 0
273 49 39 0 -1
274 46 39 0 1
275 7 18 0 1
276 39 20 0 -1
277 43 30 0 -1
278 29 0 0 1
279 19 29 0 -1
280 42 13 -1 0
281 46 6 0 -1
282 44 20 0 1
283 8 0 0 -1
284 58 7 -1 0
285 45 26 -1 0
286 37 13 1 0
287 18 34 -1 0
288 88 17 0 -1
289 56 33 1 0
290 25 18 0 1
291 93 36 1 0
292 19 8 -1 0
293 47 13 -1 0
294 28 1 0 -1
295 49 10 -1 0
296 18 30 0 1
297 69 16 0 -1
298 77 7 0 -1
299 90 24 0 1
300 63 22 0 -1
301 15 13 0 -1
302 9 19 1 0
303 23 38 1 0
304 88 37 -1 0
305 59 37 -1 0
306 98 13 0 1
307 20 17 1 0
308 40 0 0 1
309 74 1 0 1
310 39 6 1 0
311 21 22 1 0
312 26 13 1 0
313 69 23 1 0
314 94 15 1 0
315 92 5 -1 0
316 75 36 1 0
317 42 26 1 0
318 63 25 1 0
319 24 30 1 0
320 43 9 -1 0
321 42 30 0 -1
322 37 15 0 -1
323 26 12 0 1
324 6 27 0 1
325 68 3 1 0
326 47 27 -1 0
327 18 19 -1 0
328 92 9 1 0
329 69 20 0 -1
330 25 34 0 -1
331 84 3 -1 0
332 90 36 0 -1
333 40 25 -1 0
334 13 2 0 -1
335 8 17 0 -1
336 44 24 1 0
337 39 13 0 1
338 99 31 1 0
339 3 12 1 0
340 13 31 1 0
341 38 0 0 1
342 39 15 0 1
343 19 32 -1 0
344 23 35 -1 0
345 52 32 0 1
346 77 29 0 -1
347 30 10 0 -1
348 56 10 0 1
349 24 33 1 0
350 25 38 0 -1
351 36 1 0 1
352 87 6 -1 0
353 94 18 0 1
354 8 8 -1 0
355 24 20 0 -1
356 84 9 1 0
357 53 3 -1 0
358 23 29 -1 0
359 97 33 -1 0
360 19 14 0 1
361 38 20 1 0
362 40 35 0 -1
363 60 9 0 -1
364 40 6 0 1
365 17 34 1 0
366 53 10 0 -1
367 32 13 0 1
368 26 29 0 -1
369 50 39 0 -1
370 36 11 -1 0
371 97 34 1 0
372 38 11 0 1
373 89 17 1 0
374 15 35 1 0
375 74 23 -1 0
376 30 31 0 -1
377 52 3 0 1
378 27 30 -1 0
379 29 34 1 0
380 89 23 0 -1
381 20 21 0 1
382 14 13 0 -1
383 36 8 0 -1
384 28 5 0 -1
385 28 2 0 -1
386 66 10 0 -1
387 10 9 0 1
388 23 3 -1 0
389 82 15 1 0
390 39 2 0 1
391 20 31 1 0
392 75 9 0 1
393 80 11 0 -1
394 14 23 0 -1
395 89 9 1 0
396 50 24 1 0
397 76 33 0 1
398 54 29 0 1
399 2 16 0 -1
400 48 34 0 -1
401 44 34 0 1
402 78 24 1 0
403 99 18 1 0
404 22 10 -1 0
405 83 24 0 -1
406 22 39 0 -1
407 91 19 0 -1
408 29 32 0 1
409 25 10 -1 0
410 31 17 -1 0
411 48 25 0 1
412 22 37 -1 0
413 42 39 1 0
414 28 15 0 1
415 84 1 -1 0
416 27 23 1 0
417 15 31 0 1
418 5 16 1 0
419 94 34 -1 0
420 89 31 -1 0
421 19 18 0 1
422 28 20 0 -1
423 15 24 0 1
424 63 35 -1 0
425 90 6 -1 0
426 35 9 1 0
427 1 37 0 -1
428 29 34 0 1
429 93 23 0 1
430 45 16 0 -1
431 22 5 -1 0
432 39 32 -1 0
433 30 11 0 1
434 28 39 0 1
435 4 9 0 1
436 53 39 0 1
437 91 18 -1 0
438 9 24 1 0
439 41 37 1 0
440 85 19 0 1
441 77 3 0 -1
442 59 8 0 1
443 29 39 -1 0
444 46 11 -1 0
445 29 35 0 -1
446 50 9 0 -1
447 73 18 1 0
448 27 29 0 1
449 89 22 0 1
450 36 37 1 0
451 18 36 1 0
452 0 8 -1 0
453 7 11 1 0
454 93 4 1 0
455 42 32 -1 0
456 12 20 0 -1
457 95 35 -1 0
458 51 35 -1 0
459 26 17 0 -1
460 30 17 0 1
461 12 3 1 0
462 37 2 0 1
463 26 32 1 0
464 77 17 -1 0
465 96 29 0 1
466 42 13 1 0
467 72 25 0 -1
468 96 12 0 -1
469 36 25 -1 0
470 12 12 0 1
471 29 13 1 0
472 41 30 1 0
473 79 24 0 1
474 19 5 -1 0
475 42 19 1 0
476 39 34 1 0
477 90 8 1 0
478 24 14 1 0
479 90 33 -1 0
480 96 0 1 0
481 80 20 1 0
482 96 2 1 0
483 88 27 1 0
484 32 39 1 0
485 25 37 0 -1
486 36 25 -1 0
487 20 21 0 1
488 54 30 0 1
489 44 8 1 0
490 39 26 1 0
491 91 24 -1 0
492 41 14 0 1
493 61 39 0 -1
494 78 3 -1 0
495 41 27 0 1
496 24 21 -1 0
497 95 26 1 0
498 85 33 0 -1
499 57 20 1 0
500 6 8 1 0
501 61 25 0 -1
502 42 25 -1 0
503 46 31 -1 0
504 72 20 0 -1
505 25 24 1 0
506 31 21 -1 0
507 26 22 -1 0
508 92 38 -1 0
509 83 22 1 0
510 22 15 0 -1
511 27 35 1 0
512 38 12 -1 0
513 40 18 -1 0
514 45 15 0 -1
515 40 11 1 0
516 73 16 -1 0
517 44 24 0 -1
518 61 11 0 -1
519 12 34 1 0
520 21 19 0 1
521 27 20 0 -1
522 98 8 -1 0
523 95 16 0 -1
524 37 37 -1 0
525 8 26 -1 0
526 36 20 -1 0
527 6 23 0 -1
528 39 10 0 -1
529 88 6 0 -1
530 50 4 -1 0
531 8 28 0 -1
532 20 11 -1 0
533 23 22 1 0
534 71 36 0 -1
535 22 30 0 1
536 53 1 1 0
537 38 2 0 1
538 39 17 0 1
539 36 16 0 1
540 66 3 0 -1
541 88 22 0 -1
542 22 31 0 -1
543 96 8 -1 0
544 37 9 0 1
545 39 25 0 1
546 31 4 1 0
547 7 4 0 -1
548 35 1 -1 0
549 30 32 0 -1
550 61 28 1 0
551 40 39 0 1
552 22 32 0 -1
553 0 37 0 -1
554 44 27 -1 0
555 26 14 1 0
556 85 17 -1 0
557 35 26 1 0
558 30 15 0 -1
559 47 36 -1 0
560 3 20 0 -1
561 8 39 -1 0
562 97 13 0 1
563 5 35 1 0
564 92 32 -1 0
565 27 39 1 0
566 69 16 -1 0
567 95 28 0 1
568 24 30 0 -1
569 1 33 1 0
570 77 11 1 0
571 28 13 0 -1
572 62 6 0 1
573 6 37 0 1
574 8 6 -1 0
575 17 36 -1 0
576 11 27 0 -1
577 23 21 0 -1
578 54 23 1 0
579 75 38 -1 0
580 27 15 0 1
581 0 33 -1 0
582 43 27 -1 0
583 65 34 1 0
584 89 8 0 1
585 8 13 0 -1
586 26 31 0 -1
587 5 10 1 0
588 3 8 0 -1
589 78 21 0 1
590 19 28 0 -1
591 12 15 0 -1
592 47 24 -1 0
593 31 16 0 -1
594 23 20 -1 0
595 20 19 0 -1
596 37 35 0 1
597 4 34 0 1
598 79 23 0 -1
599 22 24 1 0
600 41 15 -1 0
601 17 22 0 1
602 26 22 0 -1
603 40 1 0 -1
604 39 34 -1 0
605 45 28 -1 0
606 43 17 1 0
607 74 39 0 1
608 52 33 -1 0
609 50 2 -1 0
610 22 27 -1 0
611 19 20 0 1
612 44 13 -1 0
613 22 11 0 1
614 48 13 0 1
615 39 8 -1 0
616 39 29 1 0
617 18 34 0 1
618 37 1 -1 0
619 42 37 0 -1
620 53 38 1 0
621 44 8 -1 0
622 37 14 0 -1
623 50 7 1 0
624 21 11 0 -1
625 49 28 1 0
626 23 9 1 0
627 30 23 0 -1
628 36 6 -1 0
629 75 13 0 1
630 87 8 0 -1
631 36 4 0 -1
632 9 32 0 1
633 23 28 -1 0
634 74 18 1 0
635 52 0 -1 0
636 25 38 -1 0
637 95 29 0 -1
638 52 18 1 0
639 32 31 1 0
640 39 15 -1 0
641 24 25 0 -1
642 37 9 -1 0
643 38 23 -1 0
644 87 37 0 -1
645 51 0 0 1
646 99 39 -1 0
647 91 2 1 0
648 15 11 0 -1
649 16 28 -1 0
650 27 35 -1 0
651 64 8 1 0
652 10 4 1 0
653 38 38 0 -1
654 13 17 0 1
655 13 29 0 1
656 32 29 1 0
657 45 34 -1 0
658 40 9 0 1
659 75 12 0 -1
660 40 7 0 -1
661 37 10 0 -1
662 29 28 0 1
663 98 27 0 -1
664 80 30 0 1
665 19 35 -1 0
666 49 38 -1 0
667 10 7 1 0
668 1 7 1 0
669 66 23 0 -1
670 21 36 0 1
671 63 29 1 0
672 21 9 0 1
673 92 23 0 -1
674 44 27 0 1
675 54 0 0 -1
676 47 26 -1 0
677 21 27 1 0
678 21 22 0 -1
679 96 6 0 -1
680 71 10 0 1
681 27 10 1 0
682 5 3 -1 0
683 97 15 1 0
684 93 12 0 -1
685 44 18 0 1
686 23 14 -1 0
687 53 18 -1 0
688 38 34 -1 0
689 72 9 -1 0
690 21 16 0 -1
691 82 34 0 1
692 39 3 -1 0
693 79 8 1 0
694 37 8 0 1
695 5 34 -1 0
696 22 21 0 1
697 62 15 1 0
698 95 18 -1 0
699 9 18 -1 0
700 71 36 -1 0
701 39 1 0 1
702 95 23 -1 0
703 10 35 1 0
704 92 11 0 1
705 52 33 -1 0
706 7 12 0 1
707 98 7 -1 0
708 96 31 -1 0
709 89 5 0 -1
710 16 25 0 -1
711 74 4 0 1
712 78 27 1 0
713 36 13 0 1
714 18 39 0 1
715 15 5 0 1
716 60 11 -1 0
717 54 29 0 1
718 25 15 -1 0
719 89 4 -1 0
720 2 34 -1 0
721 48 33 0 -1
722 74 18 -1 0
723 13 36 -1 0
724 84 32 -1 0
725 23 26 1 0
726 32 18 0 1
727 18 13 0 1
728 45 9 0 -1
729 80 0 0 1
730 37 33 0 1
731 20 28 1 0
732 75 22 0 1
733 38 19 0 1
734 20 12 -1 0
735 94 10 0 -1
736 66 28 -1 0
737 27 28 0 1
738 27 2 0 1
739 38 7 1 0
740 51 35 1 0
741 26 36 1 0
742 36 30 0 -1
743 7 17 0 -1
744 30 22 0 1
745 97 14 0 1
746 29 4 0 -1
747 74 36 0 1
748 19 35 1 0
749 52 3 0 1
750 42 19 -1 0
751 24 20 0 -1
752 27 9 1 0
753 51 34 0 -1
754 28 35 0 -1
755 5 25 1 0
756 40 18 0 1
757 24 31 -1 0
758 42 6 0 1
759 17 7 0 1
760 57 27 -1 0
761 46 5 -1 0
762 25 37 -1 0
763 48 31 -1 0
764 39 1 1 0
765 26 27 -1 0
766 40 23 1 0
767 23 24 -1 0
768 50 12 1 0
769 29 3 0 -1
770 78 18 -1 0
771 73 2 -1 0
772 28 9 1 0
773 35 12 1 0
774 40 7 0 1
775 22 30 -1 0
776 40 8 -1 0
777 2 36 0 1
778 49 17 1 0
779 20 32 -1 0
780 18 4 0 -1
781 24 16 0 -1
782 97 18 -1 0
783 78 20 -1 0
784 99 39 -1 0
785 20 1 0 1
786 44 22 1 0
787 78 16 1 0
788 44 11 1 0
789 55 1 1 0
790 91 15 0 1
791 67 6 1 0
792 6 11 -1 0
793 42 33 0 1
794 51 16 1 0
795 78 24 0 1
796 23 13 0 -1
797 19 8 0 -1
798 32 18 -1 0
799 41 4 1 0
800 25 36 0 1
801 12 22 1 0
802 79 4 1 0
803 60 36 -1 0
804 27 12 0 1
805 22 1 1 0
806 10 13 -1 0
807 13 26 0 1
808 82 39 -1 0
809 99 21 0 -1
810 43 27 0 1
811 0 36 0 1
812 82 32 -1 0
813 90 39 0 1
814 75 13 0 1
815 75 7 0 -1
816 98 30 1 0
817 36 2 0 1
818 74 15 -1 0
819 18 33 1 0
820 44 7 -1 0
821 23 17 0 -1
822 5 10 0 1
823 19 13 0 1
824 38 38 0 -1
825 3 10 1 0
826 54 27 0 1
827 60 27 0 1
828 1 15 0 -1
829 19 7 1 0
830 75 8 0 -1
831 45 37 0 -1
832 94 39 0 -1
833 29 39 1 0
834 81 33 0 1
835 54 32 0 -1
836 31 8 -1 0
837 23 27 0 1
838 71 37 1 0
839 24 15 0 1
840 46 14 0 -1
841 47 2 0 -1
842 40 29 0 -1
843 3 31 0 1
844 59 23 -1 0
845 25 36 -1 0
846 26 28 0 -1
847 42 28 0 1
848 31 23 0 1
849 82 9 -1 0
850 7 39 0 1
851 16 29 -1 0
852 24 10 -1 0
853 1 7 -1 0
854 79 34 0 1
855 49 27 0 -1
856 24 13 -1 0
857 59 29 0 -1
858 92 28 1 0
859 43 33 0 1
860 26 15 0 1
861 48 23 0 -1
862 31 30 0 1
863 45 2 -1 0
864 28 36 0 1
865 9 27 0 -1
866 45 7 1 0
867 28 1 0 -1
868 64 39 0 -1
869 29 0 0 1
870 21 20 0 1
871 40 7 0 1
872 38 30 1 0
873 19 22 0 -1
874 85 10 1 0
875 40 31 0 1
876 25 33 -1 0
877 42 33 0 1
878 67 17 -1 0
879 36 24 -1 0
880 11 31 -1 0
881 13 31 1 0
882 35 12 0 1
883 97 31 0 1
884 84 18 0 1
885 69 2 0 1
886 75 12 0 -1
887 95 37 1 0
888 25 7 0 -1
889 93 19 0 -1
890 9 39 1 0
891 14 34 -1 0
892 16 8 1 0
893 46 4 0 -1
894 82 19 0 1
895 10 6 0 -1
896 38 37 0 -1
897 21 24 0 1
898 28 3 -1 0
899 36 9 0 1
900 40 0 0 1
901 37 6 1 0
902 38 19 -1 0
903 21 14 -1 0
904 22 20 0 1
905 31 26 0 -1
906 22 18 1 0
907 26 25 0 -1
908 24 13 -1 0
909 46 16 -1 0
910 15 2 -1 0
911 27 37 0 1
912 5 39 0 1
913 28 23 -1 0
914 30 35 0 -1
915 6 7 -1 0
916 19 13 -1 0
917 42 21 0 -1
918 86 13 0 1
919 77 35 -1 0
920 83 8 0 1
921 4 21 0 1
922 11 17 -1 0
923 20 23 0 1
924 38 17 0 -1
925 97 26 0 -1
926 24 0 0 -1
927 41 10 -1 0
928 13 16 0 -1
929 21 33 1 0
930 31 25 0 1
931 10 35 -1 0
932 40 36 1 0
933 81 6 0 1
934 69 13 1 0
935 56 12 0 1
936 43 22 1 0
937 30 38 0 1
938 24 0 1 0
939 92 0 0 -1
940 11 13 -1 0
941 71 30 -1 0
942 29 38 1 0
943 1 34 0 -1
944 81 31 0 1
945 18 30 0 -1
946 42 17 1 0
947 72 35 -1 0
948 37 16 0 1
949 15 12 -1 0
950 61 17 -1 0
951 80 7 0 1
952 23 30 0 1
953 95 26 0 -1
954 47 5 0 -1
955 55 4 0 -1
956 20 36 1 0
957 20 15 0 -1
958 14 14 -1 0
959 74 21 0 1
960 27 0 0 1
961 23 21 1 0
962 96 19 -1 0
963 71 19 1 0
964 27 1 0 1
965 83 20 -1 0
966 57 38 0 1
967 40 35 -1 0
968 97 31 0 -1
969 18 0 1 0
970 72 12 0 1
971 88 9 0 -1
972 84 0 0 -1
973 75 1 0 -1
974 29 9 0 1
975 39 35 0 -1
976 10 0 0 1
977 87 23 1 0
978 0 32 0 -1
979 90 24 0 -1
980 17 21 -1 0
981 85 34 0 -1
982 58 17 0 1
983 45 20 0 -1
984 23 38 0 1
985 15 28 -1 0
986 25 18 -1 0
987 13 15 0 -1
988 23 10 1 0
989 84 15 1 0
990 26 9 1 0
991 37 7 1 0
992 9 6 0 1
993 37 3 0 -1
994 36 3 -1 0
995 94 10 1 0
996 36 5 1 0
997 27 26 0 1
998 40 38 0 1
999 22 34 1 0
1000 23 20 0 1
1001 16 10 0 -1
1002 38 35 -1 0
1003 18 14 -1 0
1004 27 18 -1 0
1005 37 14 1 0
1006 66 17 0 -1
1007 87 21 -1 0
1008 37 12 -1 0
1009 42 10 -1 0
1010 46 16 0 1
1011 18 31 1 0
1012 47 38 0 -1
1013 51 15 0 1
1014 75 10 0 1
1015 11 14 0 -1
1016 6 29 0 1
1017 50 12 -1 0
1018 52 29 0 -1
1019 40 3 -1 0
1020 44 32 0 1
1021 85 15 0 1
1022 91 25 0 -1
1023 13 19 0 1
1024 64 19 0 -1
1025 42 12 1 0
1026 23 30 0 1
1027 74 32 -1 0
1028 69 35 0 -1
1029 41 6 1 0
1030 39 14 1 0
1031 51 15 0 -1
1032 38 5 0 1
1033 9 14 0 -1
1034 46 34 -1 0
1035 41 13 -1 0
1036 31 30 0 -1
1037 68 4 0 -1
1038 21 23 1 0
1039 40 11 0 1
1040 43 28 0 1
1041 27 15 -1 0
1042 59 8 -1 0
1043 19 16 1 0
1044 16 35 0 -1
1045 97 33 -1 0
1046 45 33 -1 0
1047 21 30 0 1
1048 90 18 1 0
1049 41 21 0 1
1050 8 20 0 1
1051 29 23 0 -1
1052 56 3 0 1
1053 90 29 -1 0
1054 7 1 -1 0
1055 37 6 -1 0
1056 50 32 1 0
1057 58 11 0 1
1058 1 21 0 1
1059 93 16 -1 0
1060 5 37 -1 0
1061 60 15 0 -1
1062 13 12 1 0
1063 59 33 -1 0
1064 10 5 0 1
1065 94 11 0 1
1066 18 18 -1 0
1067 23 18 0 -1
1068 5 29 1 0
1069 12 22 0 -1
1070 29 32 1 0
1071 23 12 0 1
1072 95 6 -1 0
1073 44 17 1 0
1074 87 37 0 1
1075 21 25 0 1
1076 9 5 -1 0
1077 41 34 -1 0
1078 76 4 1 0
1079 25 23 -1 0
1080 19 10 0 1
1081 3 7 1 0
1082 55 17 1 0
1083 34 1 0 -1
1084 4 24 -1 0
1085 71 2 0 -1
1086 8 38 1 0
1087 27 32 0 1
1088 28 14 0 1
1089 42 7 1 0
1090 12 7 1 0
1091 75 37 0 -1
1092 17 12 0 1
1093 41 17 -1 0
1094 55 37 0 1
1095 51 9 0 -1
1096 26 3 0 -1
1097 13 0 0 1
1098 39 19 -1 0
1099 4 7 -1 0
1100 28 13 0 1
1101 25 21 0 1
1102 59 3 0 -1
1103 6 24 1 0
1104 64 32 0 -1
1105 32 16 -1 0
1106 97 9 -1 0
1107 21 21 0 -1
1108 27 18 -1 0
1109 9 36 0 -1
1110 39 20 -1 0
1111 87 13 -1 0
1112 51 7 0 1
1113 24 19 -1 0
1114 37 11 1 0
1115 36 28 -1 0
1116 39 9 -1 0
1117 77 25 -1 0
1118 46 28 -1 0
1119 48 20 0 -1
1120 42 36 0 -1
1121 39 25 0 -1
1122 52 26 1 0
1123 7 27 -1 0
1124 40 6 0 1
1125 40 27 0 -1
1126 19 13 0 1
1127 30 38 0 -1
1128 10 27 1 0
1129 17 1 0 1
1130 83 15 1 0
1131 74 21 0 -1
1132 38 14 0 -1
1133 58 4 0 -1
1134 26 22 1 0
1135 95 29 0 1
1136 26 26 0 -1
1137 24 36 -1 0
1138 19 10 0 1
1139 64 7 1 0
1140 4 38 -1 0
1141 37 6 -1 0
1142 2 1 0 1
1143 93 9 0 1
1144 13 38 -1 0
1145 11 18 1 0
1146 42 34 0 -1
1147 22 19 -1 0
1148 79 15 0 1
1149 24 19 0 1
1150 40 14 0 -1
1151 85 12 0 1
1152 28 16 0 1
1153 40 30 1 0
1154 53 10 0 -1
1155 29 35 0 1
1156 21 24 0 -1
1157 25 35 0 -1
1158 41 38 0 1
1159 12 21 0 1
1160 87 2 1 0
1161 38 16 1 0
1162 0 16 0 -1
1163 42 9 -1 0
1164 99 32 -1 0
1165 12 24 -1 0
1166 21 37 0 -1
1167 25 25 0 -1
1168 44 19 -1 0
1169 97 30 1 0
1170 95 27 0 -1
1171 41 34 0 -1
1172 44 38 -1 0
1173 38 38 0 -1
1174 22 38 0 -1
1175 4 15 0 1
1176 48 15 0 1
1177 5 28 0 -1
1178 36 26 1 0
1179 4 39 1 0
1180 69 27 0 1
1181 87 20 -1 0
1182 11 7 0 1
1183 59 6 -1 0
1184 42 35 -1 0
1185 58 19 -1 0
1186 66 19 -1 0
1187 28 19 1 0
1188 25 22 0 1
1189 66 9 0 -1
1190 43 30 0 -1
1191 41 9 1 0
1192 47 8 -1 0
1193 40 32 0 -1
1194 46 27 0 1
1195 25 14 0 1
1196 95 18 1 0
1197 24 37 -1 0
1198 50 21 0 1
1199 18 13 1 0
1200 81 34 0 -1
1201 83 19 0 1
1202 74 2 0 -1
1203 27 14 0 1
1204 87 9 -1 0
1205 20 38 1 0
1206 10 26 1 0
1207 24 39 -1 0
1208 92 2 1 0
1209 41 37 0 1
1210 40 13 0 1
1211 28 29 -1 0
1212 29 13 0 -1
1213 30 6 1 0
1214 14 14 0 1
1215 88 6 1 0
1216 1 36 0 1
1217 94 15 0 1
1218 26 14 0 1
1219 10 19 0 -1
1220 91 27 -1 0
1221 96 14 0 -1
1222 90 1 0 -1
1223 20 35 0 -1
1224 97 22 1 0
1225 23 6 0 -1
1226 14 1 1 0
1227 16 18 1 0
1228 4 3 1 0
1229 24 21 0 -1
1230 89 15 0 1
1231 95 30 -1 0
1232 39 17 0 1
1233 36 2 0 1
1234 90 5 1 0
1235 44 36 1 0
1236 81 7 0 1
1237 43 31 -1 0
1238 47 39 0 1
1239 45 11 -1 0
1240 27 29 1 0
1241 43 8 0 1
1242 84 14 0 1
1243 15 18 0 -1
1244 38 3 -1 0
1245 11 24 1 0
1246 75 33 0 -1
1247 20 11 0 1
1248 41 8 0 1
1249 72 4 1 0
1250 6 7 -1 0
1251 43 37 0 -1
1252 92 31 0 1
1253 30 8 1 0
1254 99 38 0 1
1255 29 36 -1 0
1256 44 12 0 1
1257 70 13 -1 0
1258 40 16 1 0
1259 40 30 0 1
1260 40 38 0 -1
1261 39 10 0 -1
1262 38 10 0 1
1263 44 6 1 0
1264 29 34 1 0
1265 94 32 -1 0
1266 3 8 0 1
1267 48 1 1 0
1268 37 34 1 0
1269 57 3 -1 0
1270 35 10 -1 0
1271 83 29 -1 0
1272 44 12 0 -1
1273 35 14 0 1
1274 41 19 0 1
1275 41 31 0 -1
1276 27 22 0 1
1277 75 7 -1 0
1278 21 29 1 0
1279 99 9 0 1
1280 42 24 -1 0
1281 96 19 1 0
1282 26 28 0 -1
1283 21 10 0 -1
1284 9 4 0 -1
1285 25 33 -1 0
1286 66 28 -1 0
1287 73 8 0 1
1288 43 13 -1 0
1289 43 33 -1 0
1290 26 21 0 1
1291 7 10 -1 0
1292 47 30 -1 0
1293 28 17 -1 0
1294 38 13 1 0
1295 12 38 1 0
1296 64 33 1 0
1297 90 7 1 0
1298 13 13 -1 0
1299 22 13 0 -1
1300 27 27 -1 0
1301 25 18 0 1
1302 40 10 0 1
1303 29 39 0 1
1304 21 17 0 1
1305 23 24 -1 0
1306 13 20 -1 0
1307 20 26 0 1
1308 13 16 0 -1
1309 28 30 -1 0
1310 61 31 -1 0
1311 23 31 0 -1
1312 36 28 0 -1
1313 82 38 0 -1
1314 95 1 0 1
1315 61 17 0 1
1316 26 11 0 -1
1317 12 21 0 -1
1318 30 28 0 -1
1319 30 33 0 -1
1320 20 27 -1 0
1321 37 36 0 -1
1322 29 13 -1 0
1323 30 0 -1 0
1324 97 13 0 1
1325 40 38 1 0
1326 20 18 -1 0
1327 9 24 1 0
1328 28 14 -1 0
1329 57 27 -1 0
1330 37 34 1 0
1331 39 18 1 0
1332 50 20 0 1
1333 86 20 -1 0
1334 27 14 0 1
1335 46 27 -1 0
1336 7 16 -1 0
1337 27 34 1 0
1338 93 16 0 1
1339 36 29 0 -1
1340 92 8 0 -1
1341 15 22 0 1
1342 64 33 0 -1
1343 97 7 0 1
1344 51 9 0 1
1345 26 15 0 1
1346 44 16 0 -1
1347 89 29 0 1
1348 19 35 1 0
1349 47 21 1 0
1350 46 15 0 -1
1351 85 26 0 -1
1352 93 29 -1 0
1353 56 36 -1 0
1354 42 16 0 1
1355 42 23 -1 0
1356 7 5 0 1
1357 43 33 0 -1
1358 30 34 0 1
1359 24 17 -1 0
1360 7 21 -1 0
1361 28 15 -1 0
1362 36 25 1 0
1363 26 17 1 0
1364 28 31 0 1
1365 39 7 0 1
1366 35 0 1 0
1367 71 27 0 1
1368 29 36 1 0
1369 14 34 1 0
1370 93 34 1 0
1371 14 7 1 0
1372 43 24 0 -1
1373 50 2 0 1
1374 47 1 0 -1
1375 42 35 -1 0
1376 42 24 -1 0
1377 41 35 -1 0
1378 15 35 -1 0
1379 20 18 0 1
1380 8 3 0 -1
1381 57 7 -1 0
1382 5 37 0 -1
1383 29 16 -1 0
1384 16 11 0 -1
1385 14 2 1 0
1386 94 4 1 0
1387 44 28 1 0
1388 21 18 0 1
1389 48 23 1 0
1390 92 28 -1 0
1391 35 28 0 1
1392 5 24 0 -1
1393 92 24 1 0
1394 95 33 1 0
1395 23 39 1 0
1396 45 7 0 -1
1397 22 35 1 0
1398 37 35 0 -1
1399 81 29 -1 0
1400 38 14 -1 0
1401 71 36 0 -1
1402 48 29 -1 0
1403 39 9 1 0
1404 56 39 0 -1
1405 15 6 0 -1
1406 17 15 0 1
1407 92 24 0 -1
1408 27 16 0 -1
1409 90 10 0 1
1410 38 5 0 -1
1411 5 23 1 0
1412 92 7 1 0
1413 90 4 1 0
1414 53 4 -1 0
1415 13 35 0 -1
1416 3 38 -1 0
1417 79 19 -1 0
1418 63 18 1 0
1419 13 23 0 -1
1420 36 28 0 -1
1421 24 17 0 -1
1422 52 35 0 -1
1423 7 13 1 0
1424 22 24 -1 0
1425 15 32 0 -1
1426 0 15 1 0
1427 26 34 1 0
1428 40 22 0 -1
1429 14 37 -1 0
1430 47 1 0 1
1431 37 24 -1 0
1432 89 37 1 0
1433 47 32 1 0
1434 10 27 0 1
1435 28 4 0 -1
1436 3 3 0 1
1437 61 13 0 -1
1438 7 20 0 1
1439 39 29 1 0
1440 96 9 0 -1
1441 2 1 1 0
1442 44 18 0 1
1443 38 13 0 -1
1444 28 34 1 0
1445 18 21 -1 0
1446 52 11 -1 0
1447 31 27 0 -1
1448 54 0 1 0
1449 27 36 0 -1
1450 26 39 0 1
1451 74 10 -1 0
1452 17 23 0 1
1453 47 18 1 0
1454 37 4 0 -1
1455 38 8 0 1
1456 83 25 0 -1
1457 11 27 0 1
1458 6 28 1 0
1459 99 21 -1 0
1460 99 23 -1 0
1461 8 2 -1 0
1462 38 33 1 0
1463 40 19 0 -1
1464 99 7 0 1
1465 96 30 1 0
1466 24 21 1 0
1467 49 27 -1 0
1468 40 9 -1 0
1469 20 26 1 0
1470 14 21 0 1
1471 59 22 1 0
1472 93 7 0 1
1473 73 14 -1 0
1474 44 39 0 1
1475 95 8 -1 0
1476 39 24 0 1
1477 54 4 0 1
1478 75 9 -1 0
1479 36 3 -1 0
1480 66 26 0 -1
1481 0 39 -1 0
1482 96 30 1 0
1483 74 6 1 0
1484 42 27 0 -1
1485 28 6 0 -1
1486 8 21 0 -1
1487 25 27 0 -1
1488 42 15 1 0
1489 20 33 0 1
1490 42 4 -1 0
1491 63 10 1 0
1492 27 33 0 1
1493 45 30 0 1
1494 20 19 1 0
1495 25 32 0 1
1496 96 8 0 1
1497 86 3 -1 0
1498 42 35 0 -1
1499 35 18 -1 0
1500 13 18 1 0
1501 51 17 0 -1
1502 29 31 0 -1
1503 38 21 0 -1
1504 64 1 0 1
1505 89 34 0 -1
1506 30 37 0 1
1507 38 31 0 1
1508 26 36 1 0
1509 89 12 1 0
1510 10 24 1 0
1511 51 17 0 -1
1512 2 9 -1 0
1513 21 5 0 1
1514 46 23 0 1
1515 41 27 0 1
1516 31 28 0 -1
1517 13 10 0 1
1518 35 18 0 -1
1519 67 12 -1 0
1520 13 13 0 1
1521 46 30 0 -1
1522 4 28 0 1
1523 49 9 1 0
1524 25 17 -1 0
1525 16 13 -1 0
1526 24 34 1 0
1527 93 31 -1 0
1528 22 22 0 1
1529 99 19 0 1
1530 14 35 -1 0
1531 35 30 0 -1
1532 29 18 0 1
1533 41 8 1 0
1534 23 29 0 1
1535 36 6 0 -1
1536 10 24 0 -1
1537 40 20 -1 0
1538 21 28 -1 0
1539 20 16 1 0
1540 14 31 -1 0
1541 39 33 1 0
1542 51 8 1 0
1543 23 19 0 -1
1544 10 36 0 -1
1545 66 39 -1 0
1546 23 13 1 0
1547 80 18 0 1
1548 41 2 0 -1
1549 43 16 -1 0
1550 47 11 1 0
1551 29 33 0 1
1552 14 28 1 0
1553 12 30 -1 0
1554 18 29 -1 0
1555 98 21 1 0
1556 37 26 0 1
1557 36 24 -1 0
1558 37 3 0 -1
1559 94 25 1 0
1560 58 39 1 0
1561 23 30 0 1
1562 45 39 1 0
1563 71 1 0 -1
1564 6 10 -1 0
1565 69 6 -1 0
1566 28 22 0 1
1567 29 27 0 1
1568 66 31 0 1
1569 1 7 0 1
1570 97 18 0 1
1571 97 19 -1 0
1572 50 25 0 1
1573 24 29 1 0
1574 25 24 -1 0
1575 87 29 -1 0
1576 2 27 0 -1
1577 21 23 0 -1
1578 25 30 0 1
1579 28 22 1 0
1580 39 12 -1 0
1581 36 29 1 0
1582 52 2 0 -1
1583 9 24 0 -1
1584 7 2 1 0
1585 14 35 1 0
1586 5 8 0 1
1587 41 24 0 -1
1588 71 20 1 0
1589 50 7 0 -1
1590 9 33 1 0
1591 32 26 1 0
1592 89 5 -1 0
1593 95 15 0 1
1594 20 29 0 -1
1595 46 2 1 0
1596 83 18 0 1
1597 20 12 1 0
1598 11 38 0 -1
1599 2 31 0 1
1600 16 28 1 0
1601 25 32 0 1
1602 41 23 1 0
1603 41 5 1 0
1604 22 2 0 1
1605 37 1 0 1
1606 39 12 0 -1
1607 28 7 1 0
1608 42 39 0 -1
1609 38 31 0 1
1610 84 39 -1 0
1611 18 32 1 0
1612 29 11 0 -1
1613 28 16 0 1
1614 20 9 1 0
1615 96 20 -1 0
1616 40 33 -1 0
1617 23 17 -1 0
1618 47 18 -1 0
1619 29 38 -1 0
1620 39 6 -1 0
1621 37 3 -1 0
1622 28 36 -1 0
1623 52 28 0 -1
1624 62 39 1 0
1625 27 32 1 0
1626 23 5 -1 0
1627 17 23 0 -1
1628 28 33 -1 0
1629 82 6 -1 0
1630 22 7 0 1
1631 28 2 0 -1
1632 67 20 1 0
1633 44 31 0 1
1634 8 29 1 0
1635 27 21 0 -1
1636 43 34 0 -1
1637 52 30 0 -1
1638 24 26 0 1
1639 43 14 0 1
1640 37 16 -1 0
1641 40 30 0 -1
1642 22 25 0 -1
1643 25 6 -1 0
1644 96 9 0 -1
1645 30 39 -1 0
1646 20 22 0 1
1647 70 31 1 0
1648 93 23 -1 0
1649 94 33 -1 0
1650 15 21 1 0
1651 41 32 0 1
1652 42 10 0 -1
1653 85 39 0 -1
1654 11 32 0 -1
1655 30 39 0 -1
1656 43 26 -1 0
1657 20 37 0 -1
1658 41 24 0 -1
1659 20 0 1 0
1660 39 19 1 0
1661 29 22 1 0
1662 50 10 -1 0
1663 46 3 0 1
1664 19 7 0 -1
1665 80 16 0 -1
1666 0 35 1 0
1667 19 32 0 1
1668 40 39 1 0
1669 54 13 0 -1
1670 41 7 -1 0
1671 85 36 -1 0
1672 30 28 -1 0
1673 37 22 1 0
1674 98 7 -1 0
1675 24 20 1 0
1676 95 13 -1 0
1677 20 15 0 -1
1678 64 10 -1 0
1679 14 28 0 -1
1680 48 34 0 1
1681 34 1 0 -1
1682 87 38 1 0
1683 54 20 1 0
1684 8 21 1 0
1685 24 36 0 1
1686 80 39 1 0
1687 29 3 -1 0
1688 86 11 -1 0
1689 85 23 1 0
1690 82 38 1 0
1691 41 0 0 1
1692 69 6 -1 0
1693 12 34 0 1
1694 44 39 1 0
1695 21 17 1 0
1696 91 28 1 0
1697 9 4 0 -1
1698 20 6 0 -1
1699 74 10 1 0
1700 20 16 1 0
1701 40 1 -1 0
1702 24 11 0 -1
1703 22 1 0 -1
1704 38 22 0 -1
1705 87 19 1 0
1706 23 31 -1 0
1707 5 33 -1 0
1708 71 31 1 0
1709 90 19 1 0
1710 52 10 0 1
1711 29 22 0 -1
1712 99 33 0 -1
1713 30 22 1 0
1714 60 1 1 0
1715 39 35 -1 0
1716 62 13 1 0
1717 45 30 0 -1
1718 59 20 1 0
1719 75 14 1 0
1720 64 24 -1 0
1721 47 16 -1 0
1722 32 13 0 1
1723 63 33 1 0
1724 89 29 0 1
1725 30 35 0 1
1726 98 5 -1 0
1727 51 0 0 1
1728 15 30 0 -1
1729 92 25 -1 0
1730 31 9 1 0
1731 99 30 1 0
1732 27 13 0 1
1733 96 27 -1 0
1734 15 19 1 0
1735 22 32 0 -1
1736 20 34 0 1
1737 19 15 1 0
1738 37 12 0 1
1739 58 15 1 0
1740 45 39 -1 0
1741 29 19 0 -1
1742 51 13 1 0
1743 11 10 0 1
1744 60 24 0 -1
1745 44 29 -1 0
1746 13 30 0 -1
1747 24 37 0 -1
1748 46 20 -1 0
1749 63 6 0 -1
1750 24 11 0 1
1751 22 39 0 1
1752 78 31 -1 0
1753 74 30 0 -1
1754 3 13 0 -1
1755 27 26 -1 0
1756 30 15 -1 0
1757 63 24 0 1
1758 18 10 0 1
1759 87 35 0 -1
1760 90 13 -1 0
1761 22 23 0 1
1762 24 1 0 -1
1763 15 15 0 1
1764 69 37 -1 0
1765 62 22 0 -1
1766 71 31 0 -1
1767 36 0 -1 0
1768 17 32 -1 0
1769 27 17 1 0
1770 70 3 1 0
1771 93 24 0 -1
1772 53 12 0 -1
1773 30 2 0 -1
1774 27 2 0 -1
1775 3 30 0 1
1776 41 21 1 0
1777 28 5 -1 0
1778 38 9 1 0
1779 90 17 0 -1
1780 81 14 0 1
1781 6 25 0 1
1782 88 19 0 1
1783 16 5 1 0
1784 19 20 0 -1
1785 19 31 0 1
1786 50 25 -1 0
1787 31 22 -1 0
1788 38 28 1 0
1789 12 19 -1 0
1790 42 16 0 -1
1791 25 20 1 0
1792 52 33 0 1
1793 93 17 0 -1
1794 96 21 0 1
1795 21 39 0 1
1796 55 32 0 1
1797 44 5 0 1
1798 30 0 1 0
1799 18 9 0 1
1800 26 2 0 1
1801 45 31 0 1
1802 85 32 1 0
1803 23 26 -1 0
1804 93 13 0 -1
1805 92 33 0 1
1806 12 18 0 1
1807 29 3 -1 0
1808 98 11 1 0
1809 64 34 0 -1
1810 0 10 0 1
1811 1 36 -1 0
1812 41 26 0 -1
1813 30 9 0 1
1814 22 12 0 1
1815 18 12 0 1
1816 26 17 1 0
1817 23 9 1 0
1818 64 33 -1 0
1819 37 4 0 -1
1820 89 22 1 0
1821 36 26 0 1
1822 84 8 1 0
1823 71 16 -1 0
1824 21 10 1 0
1825 19 26 0 1
1826 89 3 -1 0
1827 86 25 0 -1
1828 95 31 0 1
1829 47 25 0 -1
1830 26 16 0 1
1831 24 13 0 1
1832 29 23 0 -1
1833 20 10 0 -1
1834 61 1 0 -1
1835 68 2 1 0
1836 91 31 1 0
1837 75 12 1 0
1838 99 20 1 0
1839 74 33 1 0
1840 36 4 0 -1
1841 78 33 0 -1
1842 28 1 0 1
1843 41 16 -1 0
1844 89 24 0 1
1845 23 32 -1 0
1846 1 27 -1 0
1847 42 8 0 -1
1848 93 14 -1 0
1849 85 34 1 0
1850 0 13 -1 0
1851 29 15 -1 0
1852 42 15 -1 0
1853 84 3 -1 0
1854 30 0 0 -1
1855 37 26 1 0
1856 44 21 -1 0
1857 61 34 0 -1
1858 9 6 1 0
1859 57 14 1 0
1860 48 0 0 1
1861 15 34 0 -1
1862 89 13 1 0
1863 82 32 0 -1
1864 15 5 0 -1
1865 30 34 0 1
1866 58 32 0 1
1867 64 31 -1 0
1868 81 35 1 0
1869 85 15 1 0
1870 87 10 1 0
1871 12 26 -1 0
1872 91 1 0 1
1873 28 33 0 1
1874 25 1 1 0
1875 1 39 -1 0
1876 30 1 -1 0
1877 32 4 0 1
1878 3 24 1 0
1879 52 22 1 0
1880 37 27 -1 0
1881 45 26 0 -1
1882 26 37 0 -1
1883 59 14 1 0
1884 91 6 0 -1
1885 40 29 1 0
1886 43 6 1 0
1887 6 22 -1 0
1888 28 17 0 -1
1889 37 30 0 -1
1890 43 8 -1 0
1891 41 9 1 0
1892 60 36 -1 0
1893 40 34 1 0
1894 26 18 -1 0
1895 45 21 -1 0
1896 6 5 0 1
1897 46 10 0 1
1898 92 33 0 1
1899 52 3 -1 0
1900 38 1 1 0
1901 52 35 1 0
1902 6 21 1 0
1903 42 10 -1 0
1904 83 31 -1 0
1905 71 24 0 -1
1906 43 7 0 1
1907 20 22 -1 0
1908 7 36 0 1
1909 91 39 1 0
1910 40 6 0 1
1911 47 33 1 0
1912 4 31 1 0
1913 27 19 -1 0
1914 23 27 0 -1
1915 42 34 0 -1
1916 30 37 0 -1
1917 91 7 -1 0
1918 6 21 1 0
1919 21 20 0 1
1920 41 28 -1 0
1921 56 28 0 -1
1922 42 20 0 -1
1923 20 26 1 0
1924 21 34 0 1
1925 35 37 1 0
1926 49 28 0 -1
1927 70 30 -1 0
1928 43 15 0 1
1929 20 7 -1 0
1930 41 16 0 -1
1931 30 13 -1 0
1932 84 22 0 -1
1933 96 29 0 1
1934 88 8 1 0
1935 24 22 1 0
1936 25 24 -1 0
1937 28 11 0 -1
1938 29 38 0 -1
1939 82 2 0 -1
1940 30 31 0 1
1941 23 37 1 0
1942 19 16 -1 0
1943 25 15 0 -1
1944 21 17 -1 0
1945 53 37 1 0
1946 53 16 0 1
1947 77 37 0 -1
1948 41 14 -1 0
1949 25 35 -1 0
1950 32 18 1 0
1951 22 29 0 1
1952 38 37 0 -1
1953 27 37 -1 0
1954 14 30 1 0
1955 57 16 1 0
1956 32 29 -1 0
1957 16 17 0 -1
1958 15 6 -1 0
1959 66 13 0 1
1960 5 16 1 0
1961 75 9 1 0
1962 83 30 0 -1
1963 21 29 -1 0
1964 13 10 0 1
1965 93 19 -1 0
1966 90 34 -1 0
1967 41 27 0 1
1968 45 39 0 -1
1969 36 4 0 1
1970 89 6 -1 0
1971 35 27 0 1
1972 69 15 -1 0
1973 80 36 1 0
1974 12 3 1 0
1975 44 28 1 0
1976 47 8 0 1
1977 7 26 0 1
1978 9 0 1 0
1979 87 7 -1 0
1980 41 3 1 0
1981 26 3 -1 0
1982 97 15 0 1
1983 97 36 0 -1
1984 25 28 0 -1
1985 46 4 -1 0
1986 44 11 1 0
1987 94 22 1 0
1988 29 2 0 -1
1989 18 1 0 1
1990 88 0 0 1
1991 23 23 0 -1
1992 56 8 0 -1
1993 22 13 0 -1
1994 25 14 1 0
1995 10 23 0 -1
1996 22 24 1 0
1997 12 32 1 0
1998 37 32 -1 0
1999 31 18 0 -1
2000 66 33 0 1
2001 87 36 -1 0
2002 42 32 -1 0
2003 58 18 0 1
2004 30 33 1 0
2005 5 31 0 1
2006 29 37 1 0
2007 36 3 1 0
2008 39 26 0 -1
2009 93 22 -1 0
2010 5 18 0 1
2011 26 35 -1 0
2012 74 13 -1 0
2013 78 26 0 -1
2014 40 1 1 0
2015 30 1 0 -1
2016 27 0 0 -1
2017 59 19 0 -1
2018 13 29 -1 0
2019 49 24 0 -1
2020 22 10 -1 0
2021 97 38 -1 0
2022 79 4 0 1
2023 24 27 0 1
2024 42 8 0 -1
2025 25 39 1 0
2026 81 21 -1 0
2027 79 21 0 -1
2028 20 30 -1 0
2029 93 17 -1 0
2030 44 34 -1 0
2031 20 36 0 -1
2032 6 33 0 1
2033 31 19 -1 0
2034 40 17 0 1
2035 22 37 -1 0
2036 24 23 0 1
2037 15 15 0 -1
2038 85 34 0 1
2039 28 7 0 -1
2040 31 27 0 -1
2041 26 34 0 1
2042 37 4 0 -1
2043 2 9 1 0
2044 30 36 0 -1
2045 26 5 -1 0
2046 27 7 1 0
2047 66 21 1 0
2048 17 39 -1 0
2049 29 32 1 0
2050 43 9 0 -1
2051 41 18 1 0
2052 3 2 0 1
2053 91 24 -1 0
2054 21 36 -1 0
2055 41 22 -1 0
2056 38 22 1 0
2057 89 0 0 -1
2058 38 32 -1 0
2059 42 26 0 1
2060 56 16 0 -1
2061 0 26 0 -1
2062 93 16 0 -1
2063 39 16 1 0
2064 46 23 -1 0
2065 27 3 -1 0
2066 37 13 0 1
2067 42 0 0 -1
2068 87 23 0 -1
2069 93 9 1 0
2070 46 15 0 -1
2071 29 33 0 -1
2072 96 34 0 1
2073 17 0 0 1
2074 54 21 0 1
2075 76 33 0 -1
2076 86 12 1 0
2077 36 14 -1 0
2078 26 38 0 -1
2079 31 3 1 0
2080 38 33 0 -1
2081 23 3 0 1
2082 49 38 1 0
2083 83 26 -1 0
2084 25 16 0 -1
2085 24 25 -1 0
2086 31 31 -1 0
2087 53 3 -1 0
2088 88 8 1 0
2089 98 29 0 1
2090 42 36 0 -1
2091 62 1 0 -1
2092 26 35 0 -1
2093 17 30 0 -1
2094 30 31 0 1
2095 61 22 0 -1
2096 43 31 0 -1
2097 77 8 -1 0
2098 27 8 1 0
2099 65 3 0 1
2100 41 26 1 0
2101 9 3 1 0
2102 20 32 1 0
2103 36 6 -1 0
2104 82 4 -1 0
2105 24 39 0 -1
2106 44 33 -1 0
2107 49 5 1 0
2108 27 18 0 -1
2109 89 5 0 1
2110 10 20 1 0
2111 82 0 0 -1
2112 73 21 1 0
2113 38 3 1 0
2114 26 23 0 1
2115 48 19 1 0
2116 19 12 0 1
2117 41 15 0 -1
2118 40 12 0 -1
2119 78 36 0 1
2120 21 34 0 1
2121 79 19 0 1
2122 9 20 0 -1
2123 19 30 0 -1
2124 2 9 1 0
2125 39 2 -1 0
2126 78 37 0 1
2127 96 38 0 1
2128 42 27 1 0
2129 85 12 1 0
2130 3 18 -1 0
2131 90 5 -1 0
2132 38 10 -1 0
2133 16 21 -1 0
2134 41 9 0 1
2135 22 13 -1 0
2136 64 19 0 -1
2137 26 24 -1 0
2138 98 39 -1 0
2139 31 4 0 -1
2140 38 14 0 -1
2141 39 18 0 1
2142 95 32 0 1
2143 20 25 0 1
2144 29 1 0 1
2145 19 34 1 0
2146 32 11 1 0
2147 38 3 1 0
2148 39 32 -1 0
2149 56 7 0 -1
2150 23 18 0 -1
2151 42 8 0 -1
2152 39 26 0 -1
2153 44 34 0 1
2154 17 4 0 -1
2155 23 36 0 1
2156 88 23 -1 0
2157 23 15 -1 0
2158 57 36 -1 0
2159 85 7 0 -1
2160 44 38 1 0
2161 87 5 0 1
2162 31 39 -1 0
2163 98 24 0 -1
2164 41 6 0 1
2165 6 24 0 -1
2166 15 9 -1 0
2167 42 36 1 0
2168 38 34 0 1
2169 89 31 1 0
2170 14 2 0 1
2171 37 34 0 -1
2172 51 6 1 0
2173 18 24 1 0
2174 99 37 0 1
2175 51 18 -1 0
2176 40 8 -1 0
2177 70 23 0 -1
2178 77 24 0 1
2179 28 35 0 1
2180 68 9 0 -1
2181 22 14 0 -1
2182 9 23 -1 0
2183 45 38 -1 0
2184 53 27 0 -1
2185 29 15 0 1
2186 73 3 -1 0
2187 21 31 1 0
2188 39 22 -1 0
2189 42 30 -1 0
2190 93 20 0 -1
2191 86 36 0 1
2192 55 20 0 -1
2193 39 3 0 1
2194 41 26 0 1
2195 36 27 0 -1
2196 30 10 0 -1
2197 97 20 -1 0
2198 48 4 0 -1
2199 61 10 1 0
2200 14 22 1 0
2201 46 33 -1 0
2202 86 14 -1 0
2203 35 26 1 0
2204 81 20 1 0
2205 41 12 -1 0
2206 63 30 -1 0
2207 64 35 0 -1
2208 23 36 1 0
2209 26 36 0 -1
2210 24 23 0 1
2211 40 25 0 1
2212 28 0 0 1
2213 43 16 1 0
2214 39 7 0 -1
2215 76 36 0 -1
2216 10 21 1 0
2217 55 16 -1 0
2218 47 33 -1 0
2219 74 31 0 -1
2220 41 39 -1 0
2221 58 11 0 -1
2222 0 13 0 1
2223 32 37 0 -1
2224 62 22 -1 0
2225 26 18 1 0
2226 58 21 0 -1
2227 44 13 1 0
2228 44 30 0 1
2229 26 19 -1 0
2230 13 39 -1 0
2231 56 27 0 1
2232 8 19 0 -1
2233 22 19 -1 0
2234 21 4 0 -1
2235 83 39 1 0
2236 70 12 -1 0
2237 47 37 1 0
2238 89 33 0 -1
2239 52 1 -1 0
2240 5 39 0 -1
2241 10 7 0 -1
2242 40 37 -1 0
2243 12 36 0 -1
2244 30 23 1 0
2245 45 30 0 -1
2246 21 14 0 -1
2247 85 0 -1 0
2248 3 28 0 1
2249 14 39 0 -1
2250 23 36 1 0
2251 19 36 -1 0
2252 8 31 0 1
2253 63 1 0 -1
2254 24 31 -1 0
2255 51 14 0 1
2256 51 39 0 -1
2257 44 14 1 0
2258 48 3 1 0
2259 12 6 -1 0
2260 71 29 1 0
2261 77 23 0 1
2262 7 7 0 1
2263 97 31 1 0
2264 43 12 1 0
2265 27 16 0 1
2266 16 1 1 0
2267 38 12 1 0
2268 63 5 0 1
2269 15 17 0 1
2270 42 24 0 1
2271 6 2 1 0
2272 32 19 1 0
2273 31 18 0 -1
2274 95 7 1 0
2275 87 33 -1 0
2276 17 7 0 -1
2277 7 38 -1 0
2278 20 33 0 1
2279 48 12 0 1
2280 7 31 1 0
2281 41 7 0 1
2282 66 26 0 1
2283 40 24 -1 0
2284 47 23 -1 0
2285 39 28 1 0
2286 12 13 -1 0
2287 92 26 1 0
2288 60 10 0 -1
2289 47 25 1 0
2290 23 28 0 -1
2291 20 29 0 1
2292 40 0 1 0
2293 38 2 -1 0
2294 3 19 0 1
2295 53 1 0 -1
2296 95 14 1 0
2297 85 27 0 1
2298 4 26 1 0
2299 22 31 1 0
2300 15 2 1 0
2301 19 12 0 1
2302 39 0 0 1
2303 42 21 0 1
2304 25 34 -1 0
2305 48 0 1 0
2306 66 32 -1 0
2307 25 25 0 -1
2308 31 3 -1 0
2309 20 39 0 1
2310 21 9 -1 0
2311 28 14 0 1
2312 43 6 -1 0
2313 29 5 0 -1
2314 12 39 1 0
2315 8 2 0 -1
2316 12 19 0 -1
2317 71 14 0 1
2318 86 21 0 -1
2319 26 2 1 0
2320 36 38 1 0
2321 40 23 0 1
2322 52 6 1 0
2323 24 2 0 1
2324 38 23 0 -1
2325 3 23 -1 0
2326 6 18 -1 0
2327 37 11 -1 0
2328 13 38 0 1
2329 29 23 1 0
2330 36 17 0 1
2331 41 23 0 -1
2332 43 30 0 -1
2333 35 25 0 -1
2334 26 13 -1 0
2335 37 26 -1 0
2336 38 32 0 -1
2337 38 9 -1 0
2338 29 28 1 0
2339 46 20 0 1
2340 27 19 1 0
2341 30 16 0 -1
2342 35 24 0 1
2343 91 14 0 -1
2344 28 20 -1 0
2345 74 35 1 0
2346 24 32 0 -1
2347 93 25 -1 0
2348 56 16 -1 0
2349 22 17 0 1
2350 12 10 0 -1
2351 54 34 -1 0
2352 28 34 -1 0
2353 92 28 0 1
2354 36 2 -1 0
2355 11 25 0 1
2356 86 35 0 1
2357 21 26 0 -1
2358 25 5 -1 0
2359 52 21 0 1
2360 22 7 0 -1
2361 99 7 0 -1
2362 16 12 -1 0
2363 9 32 0 1
2364 42 9 1 0
2365 21 8 0 1
2366 89 15 -1 0
2367 73 24 1 0
2368 20 30 1 0
2369 42 16 -1 0
2370 85 23 1 0
2371 12 25 0 -1
2372 51 34 0 1
2373 43 14 -1 0
2374 57 4 0 -1
2375 86 22 -1 0
2376 21 13 1 0
2377 5 3 1 0
2378 40 22 0 -1
2379 46 26 0 1
2380 27 36 -1 0
2381 29 25 1 0
2382 28 18 0 -1
2383 62 22 0 1
2384 80 11 -1 0
2385 24 26 0 -1
2386 3 9 0 -1
2387 85 19 -1 0
2388 90 6 -1 0
2389 75 21 0 -1
2390 29 4 0 -1
2391 26 23 0 -1
2392 14 39 -1 0
2393 11 7 1 0
2394 18 7 1 0
2395 87 17 0 -1
2396 72 0 0 -1
2397 99 22 0 -1
2398 27 33 0 -1
2399 67 22 0 -1
2400 98 14 -1 0
2401 45 22 0 1
2402 52 11 0 1
2403 25 20 0 -1
2404 21 35 1 0
2405 59 13 0 -1
2406 95 27 -1 0
2407 28 18 0 -1
2408 22 33 -1 0
2409 64 25 -1 0
2410 70 38 0 1
2411 39 34 1 0
2412 97 11 1 0
2413 32 19 0 1
2414 15 0 -1 0
2415 95 27 0 -1
2416 12 26 -1 0
2417 49 14 0 1
2418 52 38 0 1
2419 37 7 -1 0
2420 52 4 -1 0
2421 42 18 0 1
2422 87 37 1 0
2423 12 18 -1 0
2424 36 27 0 1
2425 35 14 0 -1
2426 42 29 1 0
2427 39 17 0 1
2428 92 10 -1 0
2429 78 20 1 0
2430 28 37 -1 0
2431 56 34 0 -1
2432 80 3 1 0
2433 13 5 0 -1
2434 9 38 1 0
2435 21 19 0 1
2436 56 0 1 0
2437 50 1 0 1
2438 86 2 -1 0
2439 20 22 0 -1
2440 2 20 -1 0
2441 48 33 -1 0
2442 59 13 1 0
2443 19 14 0 1
2444 41 32 -1 0
2445 86 3 1 0
2446 39 24 1 0
2447 36 8 1 0
2448 88 34 1 0
2449 10 19 -1 0
2450 59 9 0 -1
2451 1 38 1 0
2452 27 37 -1 0
2453 8 11 0 1
2454 5 2 1 0
2455 98 1 0 -1
2456 41 30 0 -1
2457 19 5 0 -1
2458 39 0 0 1
2459 23 12 0 1
2460 29 8 -1 0
2461 79 21 1 0
2462 97 19 0 -1
2463 23 14 -1 0
2464 15 39 1 0
2465 81 0 1 0
2466 83 1 0 1
2467 84 26 0 -1
2468 90 10 -1 0
2469 23 18 1 0
2470 6 3 0 1
2471 3 25 -1 0
2472 95 36 0 1
2473 26 20 0 -1
2474 70 1 0 1
2475 47 31 -1 0
2476 3 5 0 -1
2477 98 20 -1 0
2478 31 30 -1 0
2479 1 17 0 -1
2480 25 25 1 0
2481 17 24 1 0
2482 40 37 0 1
2483 24 24 0 1
2484 37 8 0 1
2485 58 3 0 -1
2486 42 33 0 1
2487 17 35 1 0
2488 29 1 0 1
2489 0 7 1 0
2490 79 16 1 0
2491 12 22 0 -1
2492 24 14 0 1
2493 21 1 1 0
2494 22 1 1 0
2495 21 14 1 0
2496 6 36 0 1
2497 36 9 1 0
2498 15 28 0 1
2499 28 38 0 -1
2500 45 29 -1 0
2501 28 37 1 0
2502 92 18 -1 0
2503 26 24 1 0
2504 17 37 -1 0
2505 10 16 -1 0
2506 10 30 -1 0
2507 82 4 0 1
2508 70 31 -1 0
2509 87 7 0 -1
2510 72 17 0 1
2511 37 18 -1 0
2512 63 15 -1 0
2513 57 11 0 1
2514 11 6 1 0
2515 76 2 1 0
2516 45 38 1 0
2517 12 39 0 -1
2518 26 20 -1 0
2519 23 19 1 0
2520 52 16 -1 0
2521 23 6 0 -1
2522 93 23 0 1
2523 20 35 0 -1
2524 21 37 1 0
2525 40 39 0 1
2526 60 12 -1 0
2527 3 37 0 1
2528 39 33 1 0
2529 13 1 1 0
2530 15 37 -1 0
2531 5 33 0 -1
2532 25 15 0 -1
2533 25 23 -1 0
2534 81 17 0 -1
2535 42 9 -1 0
2536 25 28 0 1
2537 42 18 0 1
2538 97 8 0 -1
2539 11 19 1 0
2540 39 13 0 -1
2541 11 6 0 -1
2542 38 16 1 0
2543 26 19 0 -1
2544 76 18 0 1
2545 62 34 0 -1
2546 21 24 1 0
2547 25 22 -1 0
2548 99 34 -1 0
2549 74 16 1 0
2550 15 27 0 1
2551 98 20 0 1
2552 41 22 0 1
2553 48 8 0 -1
2554 30 38 -1 0
2555 16 38 0 1
2556 94 26 1 0
2557 51 20 -1 0
2558 47 1 0 1
2559 7 15 -1 0
2560 21 8 1 0
2561 44 29 0 -1
2562 29 37 0 -1
2563 26 38 1 0
2564 55 16 -1 0
2565 45 31 0 -1
2566 21 35 0 1
2567 42 28 1 0
2568 19 1 0 1
2569 28 16 -1 0
2570 19 23 -1 0
2571 21 31 1 0
2572 41 29 0 -1
2573 22 18 0 1
2574 42 21 0 1
2575 43 28 1 0
2576 24 27 1 0
2577 2 8 0 -1
2578 50 17 0 -1
2579 28 18 0 -1
2580 3 4 1 0
2581 2 17 -1 0
2582 26 21 0 -1
2583 28 10 0 -1
2584 45 11 0 1
2585 6 10 -1 0
2586 49 21 1 0
2587 39 29 0 -1
2588 81 3 0 1
2589 84 38 -1 0
2590 38 4 -1 0
2591 63 14 -1 0
2592 40 28 0 1
2593 41 23 0 -1
2594 37 10 -1 0
2595 21 13 -1 0
2596 77 36 0 -1
2597 48 13 -1 0
2598 85 14 0 1
2599 21 5 -1 0
2600 3 2 -1 0
2601 17 7 1 0
2602 94 14 0 1
2603 81 6 1 0
2604 26 27 1 0
2605 42 38 1 0
2606 92 1 1 0
2607 99 18 0 -1
2608 1 32 1 0
2609 32 9 1 0
2610 41 33 0 -1
2611 30 12 0 1
2612 35 8 0 1
2613 24 28 1 0
2614 91 1 -1 0
2615 19 16 0 1
2616 36 23 0 1
2617 69 2 1 0
2618 26 39 0 1
2619 46 28 0 -1
2620 51 12 1 0
2621 96 38 -1 0
2622 27 1 0 -1
2623 37 1 0 1
2624 26 39 -1 0
2625 41 33 -1 0
2626 42 25 1 0
2627 65 29 0 -1
2628 27 19 0 1
2629 5 18 0 1
2630 2 12 0 -1
2631 30 16 0 -1
2632 18 2 -1 0
2633 27 38 0 1
2634 35 32 0 -1
2635 42 32 1 0
2636 14 26 -1 0
2637 19 25 0 1
2638 99 11 -1 0
2639 83 9 0 1
2640 39 8 0 1
2641 72 34 0 1
2642 9 13 0 1
2643 1 30 0 -1
2644 26 13 1 0
2645 38 15 0 -1
2646 34 21 0 1
2647 55 6 0 1
2648 26 8 0 1
2649 35 24 0 -1
2650 25 17 0 -1
2651 24 9 1 0
2652 88 26 0 1
2653 80 1 0 -1
2654 38 10 0 -1
2655 40 34 1 0
2656 7 30 -1 0
2657 46 38 0 1
2658 49 29 1 0
2659 48 31 -1 0
2660 49 38 -1 0
2661 41 1 -1 0
2662 38 24 1 0
2663 30 32 1 0
2664 35 13 0 1
2665 22 38 0 1
2666 93 1 0 -1
2667 84 35 -1 0
2668 38 26 0 -1
2669 29 12 0 1
2670 69 24 1 0
2671 48 2 0 -1
2672 4 25 1 0
2673 29 35 -1 0
2674 49 28 1 0
2675 4 15 0 1
2676 28 35 -1 0
2677 41 3 0 -1
2678 6 39 -1 0
2679 1 39 1 0
2680 20 34 1 0
2681 41 3 0 -1
2682 43 26 -1 0
2683 74 7 0 1
2684 17 33 1 0
2685 93 15 1 0
2686 37 23 -1 0
2687 52 28 -1 0
2688 8 0 0 1
2689 95 1 0 -1
2690 53 16 1 0
2691 79 6 0 1
2692 65 34 0 -1
2693 52 20 1 0
2694 37 30 0 -1
2695 53 4 -1 0
2696 27 14 1 0
2697 91 36 0 -1
2698 23 5 -1 0
2699 22 22 0 1
2700 21 25 0 1
2701 41 1 0 1
2702 18 9 0 1
2703 96 28 -1 0
2704 27 34 0 -1
2705 29 2 -1 0
2706 47 18 0 -1
2707 40 28 -1 0
2708 11 2 0 1
2709 19 12 0 1
2710 22 20 0 1
2711 84 21 -1 0
2712 40 14 0 1
2713 21 15 0 -1
2714 38 35 1 0
2715 12 12 0 -1
2716 48 38 0 1
2717 38 33 -1 0
2718 42 2 -1 0
2719 24 35 -1 0
2720 31 38 -1 0
2721 38 12 1 0
2722 29 33 0 1
2723 27 22 0 -1
2724 93 7 1 0
2725 87 29 0 -1
2726 94 26 0 -1
2727 21 21 0 1
2728 84 15 0 -1
2729 94 24 1 0
2730 93 20 0 1
2731 19 33 -1 0
2732 0 37 1 0
2733 17 26 -1 0
2734 60 21 1 0
2735 31 23 1 0
2736 84 4 1 0
2737 30 16 1 0
2738 97 28 1 0
2739 87 20 1 0
2740 28 25 -1 0
2741 39 9 1 0
2742 77 15 0 -1
2743 21 26 1 0
2744 75 24 0 1
2745 24 25 0 1
2746 47 21 0 -1
2747 42 39 -1 0
2748 94 24 -1 0
2749 96 15 -1 0
2750 9 3 1 0
2751 43 28 0 1
2752 74 25 0 1
2753 18 6 0 -1
2754 44 12 1 0
2755 32 20 0 -1
2756 14 8 0 1
2757 90 4 0 -1
2758 70 26 0 -1
2759 8 11 -1 0
2760 4 16 -1 0
2761 24 15 0 1
2762 85 27 0 1
2763 87 19 0 1
2764 15 38 1 0
2765 38 9 1 0
2766 98 7 0 -1
2767 76 37 0 -1
2768 43 1 -1 0
2769 30 30 0 1
2770 24 12 1 0
2771 29 20 0 1
2772 47 22 1 0
2773 8 25 0 1
2774 16 29 -1 0
2775 42 1 -1 0
2776 16 20 0 1
2777 21 13 1 0
2778 20 25 -1 0
2779 23 31 0 -1
2780 1 0 1 0
2781 42 17 0 1
2782 24 28 0 -1
2783 92 20 1 0
2784 41 12 0 -1
2785 48 4 1 0
2786 4 27 0 -1
2787 93 24 0 1
2788 23 26 0 1
2789 70 29 0 1
2790 44 29 -1 0
2791 72 37 1 0
2792 94 26 0 1
2793 18 19 1 0
2794 29 2 0 1
2795 89 28 0 1
2796 93 29 0 -1
2797 93 0 0 -1
2798 39 20 -1 0
2799 96 0 0 1
2800 44 14 1 0
2801 24 18 1 0
2802 81 13 -1 0
2803 2 27 0 -1
2804 31 4 0 -1
2805 39 16 0 1
2806 25 29 1 0
2807 82 2 0 1
2808 36 18 0 -1
2809 84 17 0 1
2810 44 21 1 0
2811 97 25 -1 0
2812 94 6 -1 0
2813 25 19 0 -1
2814 15 22 1 0
2815 88 22 0 -1
2816 25 20 1 0
2817 84 1 -1 0
2818 38 11 -1 0
2819 11 17 0 -1
2820 23 25 0 1
2821 27 16 -1 0
2822 93 4 1 0
2823 66 10 1 0
2824 44 30 -1 0
2825 10 15 1 0
2826 37 8 0 1
2827 43 9 -1 0
2828 52 36 0 1
2829 31 29 0 1
2830 18 27 0 -1
2831 38 8 1 0
2832 2 8 1 0
2833 27 31 -1 0
2834 78 4 0 1
2835 6 14 0 1
2836 17 31 -1 0
2837 41 15 0 -1
2838 16 38 0 -1
2839 92 4 1 0
2840 20 34 0 -1
2841 45 31 0 1
2842 10 0 0 1
2843 92 21 1 0
2844 42 7 1 0
2845 94 16 -1 0
2846 21 9 1 0
2847 37 38 -1 0
2848 93 27 1 0
2849 30 39 0 -1
2850 7 22 -1 0
2851 84 7 -1 0
2852 26 0 0 1
2853 23 27 0 1
2854 31 5 0 -1
2855 36 14 0 1
2856 40 18 -1 0
2857 28 32 -1 0
2858 37 2 0 1
2859 42 7 -1 0
2860 90 11 0 -1
2861 46 31 0 1
2862 22 25 -1 0
2863 2 0 0 1
2864 25 12 -1 0
2865 7 23 -1 0
2866 36 27 -1 0
2867 18 23 -1 0
2868 43 32 -1 0
2869 87 28 -1 0
2870 39 36 0 -1
2871 34 18 0 1
2872 38 27 0 1
2873 40 14 1 0
2874 80 35 0 -1
2875 41 11 0 1
2876 45 9 0 1
2877 17 25 1 0
2878 1 21 0 -1
2879 4 34 0 1
2880 51 31 0 -1
2881 21 21 0 1
2882 57 8 0 1
2883 59 6 0 -1
2884 22 23 0 -1
2885 1 2 1 0
2886 42 38 0 1
2887 43 35 -1 0
2888 38 24 -1 0
2889 68 19 0 -1
2890 91 14 0 1
2891 41 13 0 -1
2892 40 15 -1 0
2893 23 17 1 0
2894 41 0 0 -1
2895 41 10 0 -1
2896 36 5 0 -1
2897 83 27 0 1
2898 36 24 -1 0
2899 91 38 -1 0
2900 95 2 -1 0
2901 50 32 1 0
2902 50 14 -1 0
2903 34 38 0 -1
2904 17 15 -1 0
2905 77 10 1 0
2906 86 2 0 1
2907 41 37 0 1
2908 5 26 0 -1
2909 68 8 1 0
2910 9 30 0 1
2911 39 1 -1 0
2912 38 28 1 0
2913 52 23 0 -1
2914 74 18 0 1
2915 18 12 -1 0
2916 24 16 1 0
2917 27 35 0 -1
2918 53 17 0 -1
2919 29 28 0 1
2920 48 39 0 -1
2921 40 31 0 1
2922 97 3 0 -1
2923 95 0 0 1
2924 53 7 -1 0
2925 90 14 0 1
2926 81 34 0 -1
2927 26 18 0 1
2928 0 24 -1 0
2929 0 8 0 1
2930 42 34 -1 0
2931 85 6 0 -1
2932 46 30 0 1
2933 35 23 0 1
2934 48 28 0 -1
2935 28 37 0 -1
2936 86 38 0 -1
2937 19 36 0 -1
2938 77 24 0 1
2939 25 13 1 0
2940 46 36 1 0
2941 45 17 0 1
2942 0 22 -1 0
2943 95 16 1 0
2944 0 32 1 0
2945 24 19 1 0
2946 60 17 0 1
2947 11 24 1 0
2948 3 24 0 -1
2949 12 24 -1 0
2950 36 7 1 0
2951 27 28 0 1
2952 29 17 0 -1
2953 57 13 0 1
2954 43 26 -1 0
2955 19 11 1 0
2956 95 10 0 1
2957 45 20 0 -1
2958 40 13 0 1
2959 29 17 -1 0
2960 72 11 0 1
2961 65 9 1 0
2962 39 30 0 -1
2963 17 0 -1 0
2964 96 13 0 -1
2965 49 11 0 1
2966 5 8 1 0
2967 29 20 1 0
2968 22 19 0 1
2969 61 4 0 1
2970 7 25 -1 0
2971 22 21 -1 0
2972 26 20 0 -1
2973 24 18 0 -1
2974 62 16 0 -1
2975 38 18 1 0
2976 81 12 -1 0
2977 36 26 -1 0
2978 18 31 -1 0
2979 50 36 1 0
2980 47 6 -1 0
2981 9 5 0 1
2982 53 23 -1 0
2983 85 12 1 0
2984 7 37 -1 0
2985 10 23 0 1
2986 85 33 1 0
2987 24 18 -1 0
2988 87 23 1 0
2989 3 5 1 0
2990 84 22 1 0
2991 23 38 0 -1
2992 25 16 1 0
2993 37 36 1 0
2994 3 14 0 -1
2995 21 10 0 -1
2996 42 12 -1 0
2997 84 32 1 0
2998 18 4 0 -1
2999 11 12 -1 0
3000 30 2 0 1
3001 56 19 0 -1
3002 28 30 0 1
3003 32 22 1 0
3004 21 28 0 1
3005 81 15 0 1
3006 14 12 -1 0
3007 22 12 0 1
3008 49 13 -1 0
3009 22 32 0 -1
3010 21 33 1 0
3011 50 35 -1 0
3012 28 9 0 -1
3013 24 24 1 0
3014 40 19 0 -1
3015 91 37 0 -1
3016 96 11 -1 0
3017 25 33 -1 0
3018 81 21 -1 0
3019 29 36 -1 0
3020 7 30 1 0
3021 24 29 0 -1
3022 43 20 0 -1
3023 99 23 -1 0
3024 30 36 -1 0
3025 16 37 -1 0
3026 9 36 0 -1
3027 21 34 0 1
3028 31 22 -1 0
3029 24 14 -1 0
3030 79 28 -1 0
3031 47 13 -1 0
3032 10 16 0 1
3033 63 3 0 -1
3034 45 22 0 -1
3035 45 2 -1 0
3036 35 17 0 1
3037 40 16 0 1
3038 56 9 0 1
3039 22 8 0 -1
3040 18 22 1 0
3041 22 33 0 1
3042 52 19 1 0
3043 21 8 0 1
3044 52 13 0 1
3045 45 37 -1 0
3046 38 6 0 -1
3047 23 23 1 0
3048 39 19 0 -1
3049 13 39 1 0
3050 15 12 1 0
3051 40 28 -1 0
3052 86 33 0 -1
3053 95 2 -1 0
3054 50 30 -1 0
3055 23 24 1 0
3056 30 22 0 1
3057 40 11 0 1
3058 97 15 -1 0
3059 43 23 1 0
3060 61 26 1 0
3061 87 26 0 -1
3062 46 29 -1 0
3063 38 28 0 -1
3064 63 21 -1 0
3065 50 25 1 0
3066 91 37 1 0
3067 40 17 0 1
3068 22 31 1 0
3069 42 38 1 0
3070 43 23 -1 0
3071 37 2 -1 0
3072 95 36 0 1
3073 46 38 0 -1
3074 28 17 0 -1
3075 0 27 0 -1
3076 92 11 0 -1
3077 58 15 -1 0
3078 24 1 0 -1
3079 40 5 -1 0
3080 52 20 0 1
3081 24 9 1 0
3082 35 1 0 -1
3083 72 1 0 -1
3084 16 27 1 0
3085 27 28 1 0
3086 40 31 0 -1
3087 16 37 0 -1
3088 19 25 -1 0
3089 25 13 0 -1
3090 79 24 -1 0
3091 97 1 0 1
3092 42 5 0 -1
3093 71 8 1 0
3094 39 13 0 1
3095 39 11 0 1
3096 32 39 1 0
3097 15 10 0 1
3098 58 20 -1 0
3099 22 2 -1 0
3100 21 25 0 1
3101 39 3 0 -1
3102 37 19 0 1
3103 39 7 0 -1
3104 97 19 1 0
3105 96 32 -1 0
3106 19 24 1 0
3107 26 25 -1 0
3108 38 16 -1 0
3109 42 22 0 -1
3110 23 16 1 0
3111 20 36 0 -1
3112 91 7 0 1
3113 41 1 0 -1
3114 52 13 0 1
3115 26 12 0 1
3116 38 37 -1 0
3117 41 34 1 0
3118 37 15 -1 0
3119 18 11 0 1
3120 38 5 0 -1
3121 5 20 0 1
3122 13 0 0 1
3123 38 6 -1 0
3124 6 16 1 0
3125 30 23 0 -1
3126 86 34 0 -1
3127 85 18 1 0
3128 89 8 1 0
3129 41 30 -1 0
3130 41 0 0 -1
3131 30 35 0 1
3132 24 34 0 1
3133 19 23 0 -1
3134 25 13 0 1
3135 32 8 0 -1
3136 53 5 1 0
3137 51 26 -1 0
3138 10 4 0 -1
3139 47 9 0 1
3140 37 27 1 0
3141 39 12 1 0
3142 14 15 -1 0
3143 23 13 1 0
3144 23 2 0 1
3145 49 35 0 -1
3146 15 37 0 -1
3147 44 30 0 -1
3148 81 5 0 -1
3149 13 31 1 0
3150 45 29 0 -1
3151 29 4 0 -1
3152 28 0 0 1
3153 29 37 0 -1
3154 12 6 0 -1
3155 13 29 0 1
3156 99 34 1 0
3157 15 14 -1 0
3158 23 0 1 0
3159 12 0 1 0
3160 43 34 1 0
3161 24 17 -1 0
3162 22 8 -1 0
3163 39 18 0 1
3164 79 0 -1 0
3165 76 13 0 1
3166 96 27 -1 0
3167 26 16 -1 0
3168 8 36 1 0
3169 95 36 -1 0
3170 3 6 0 -1
3171 9 17 -1 0
3172 40 8 1 0
3173 41 32 0 -1
3174 23 15 1 0
3175 9 32 1 0
3176 31 16 0 -1
3177 3 24 -1 0
3178 31 10 -1 0
3179 24 8 1 0
3180 25 7 1 0
3181 20 8 0 -1
3182 27 10 0 -1
3183 16 0 0 1
3184 16 22 1 0
3185 87 36 0 1
3186 26 24 1 0
3187 83 4 1 0
3188 5 9 0 1
3189 52 11 0 1
3190 91 37 0 -1
3191 81 1 0 1
3192 95 1 0 1
3193 92 4 0 1
3194 96 18 -1 0
3195 15 31 0 1
3196 88 30 1 0
3197 28 5 -1 0
3198 16 0 0 1
3199 25 30 0 -1
3200 64 14 1 0
3201 29 18 0 -1
3202 63 38 1 0
3203 55 31 1 0
3204 10 19 -1 0
3205 35 14 0 1
3206 75 19 0 1
3207 43 5 0 -1
3208 43 29 1 0
3209 9 23 0 1
3210 49 17 0 -1
3211 87 34 0 1
3212 18 14 0 1
3213 41 16 -1 0
3214 51 20 1 0
3215 27 4 0 1
3216 1 15 -1 0
3217 18 0 0 -1
3218 88 35 0 -1
3219 11 38 -1 0
3220 30 24 1 0
3221 14 39 0 -1
3222 4 9 0 1
3223 24 16 0 -1
3224 47 2 0 -1
3225 96 10 1 0
3226 17 35 0 -1
3227 26 16 1 0
3228 21 36 -1 0
3229 41 2 0 -1
3230 60 17 -1 0
3231 45 32 -1 0
3232 22 20 0 -1
3233 7 14 -1 0
3234 24 23 1 0
3235 4 23 -1 0
3236 24 38 -1 0
3237 87 6 0 1
3238 30 4 1 0
3239 44 5 1 0
3240 81 15 0 -1
3241 43 34 0 -1
3242 23 20 -1 0
3243 20 35 1 0
3244 53 28 -1 0
3245 18 16 0 -1
3246 25 14 0 1
3247 30 34 -1 0
3248 61 27 1 0
3249 23 14 0 -1
3250 39 6 -1 0
3251 38 32 -1 0
3252 97 38 0 -1
3253 25 8 -1 0
3254 26 26 1 0
3255 49 16 0 -1
3256 87 39 0 1
3257 41 39 -1 0
3258 42 19 0 -1
3259 43 4 1 0
3260 19 37 0 1
3261 81 18 -1 0
3262 39 11 1 0
3263 95 24 1 0
3264 25 19 -1 0
3265 27 17 0 -1
3266 44 26 0 1
3267 43 32 1 0
3268 42 0 -1 0
3269 98 22 -1 0
3270 15 21 1 0
3271 64 6 -1 0
3272 87 12 0 -1
3273 15 29 0 -1
3274 25 31 0 1
3275 20 37 -1 0
3276 90 21 1 0
3277 27 20 1 0
3278 98 2 0 1
3279 38 13 1 0
3280 61 13 1 0
3281 8 29 0 -1
3282 51 15 -1 0
3283 99 2 0 -1
3284 97 25 0 -1
3285 0 31 1 0
3286 3 12 -1 0
3287 58 10 1 0
3288 83 33 1 0
3289 90 12 0 1
3290 67 39 0 1
3291 22 16 0 -1
3292 6 20 0 1
3293 14 29 -1 0
3294 7 37 -1 0
3295 22 14 0 -1
3296 50 32 0 1
3297 97 30 0 1
3298 14 34 0 1
3299 22 22 1 0
3300 97 14 0 -1
3301 8 11 0 -1
3302 9 21 -1 0
3303 76 34 0 1
3304 78 26 1 0
3305 25 8 0 -1
3306 8 1 1 0
3307 22 14 1 0
3308 2 3 0 1
3309 46 19 0 1
3310 2 2 0 1
3311 25 11 -1 0
3312 66 33 0 -1
3313 36 23 0 -1
3314 12 36 0 1
3315 69 11 0 1
3316 92 0 1 0
3317 47 25 1 0
3318 46 29 0 1
3319 68 15 0 -1
3320 60 14 0 1
3321 29 7 1 0
3322 27 34 -1 0
3323 82 12 1 0
3324 38 26 1 0
3325 46 15 0 1
3326 41 12 -1 0
3327 25 36 0 -1
3328 52 12 0 1
3329 90 37 0 1
3330 2 18 0 -1
3331 55 32 0 1
3332 31 20 0 -1
3333 76 9 0 -1
3334 25 37 1 0
3335 94 37 0 -1
3336 27 6 1 0
3337 38 36 0 1
3338 31 9 1 0
3339 22 30 0 1
3340 27 12 1 0
3341 12 18 0 1
3342 44 32 -1 0
3343 52 37 0 1
3344 57 0 0 -1
3345 86 0 -1 0
3346 37 23 -1 0
3347 0 4 1 0
3348 84 7 0 -1
3349 82 7 0 1
3350 13 30 -1 0
3351 28 29 0 1
3352 25 22 0 1
3353 4 19 1 0
3354 25 11 0 1
3355 37 27 0 -1
3356 75 22 0 -1
3357 19 33 -1 0
3358 96 13 1 0
3359 24 4 0 1
3360 37 22 0 1
3361 12 5 0 -1
3362 1 32 0 -1
3363 25 28 -1 0
3364 38 36 -1 0
3365 27 39 0 -1
3366 96 32 -1 0
3367 6 16 0 1
3368 10 5 -1 0
3369 40 12 0 1
3370 92 23 0 -1
3371 49 14 1 0
3372 92 33 0 1
3373 25 16 0 -1
3374 40 32 0 -1
3375 23 23 0 1
3376 43 14 1 0
3377 86 10 1 0
3378 92 23 0 1
3379 20 38 0 1
3380 27 26 0 1
3381 43 15 -1 0
3382 39 25 0 1
3383 20 2 -1 0
3384 22 5 0 1
3385 15 3 0 1
3386 58 3 0 1
3387 50 23 0 -1
3388 56 2 0 1
3389 17 26 -1 0
3390 90 30 0 -1
3391 29 10 1 0
3392 63 12 0 -1
3393 79 28 0 -1
3394 48 0 -1 0
3395 87 28 0 1
3396 28 34 -1 0
3397 83 12 0 -1
3398 38 1 1 0
3399 19 32 -1 0
3400 45 24 1 0
3401 28 33 0 1
3402 82 0 1 0
3403 5 37 0 -1
3404 21 18 1 0
3405 8 13 0 1
3406 37 25 1 0
3407 88 13 -1 0
3408 87 3 0 -1
3409 29 11 -1 0
3410 53 18 1 0
3411 74 15 0 1
3412 40 10 0 1
3413 44 28 -1 0
3414 90 13 0 1
3415 10 16 0 -1
3416 55 19 0 -1
3417 16 37 -1 0
3418 43 27 -1 0
3419 42 18 0 1
3420 46 31 -1 0
3421 40 17 0 1
3422 45 28 0 -1
3423 17 29 -1 0
3424 28 22 -1 0
3425 42 0 -1 0
3426 91 31 -1 0
3427 11 11 0 1
3428 48 8 -1 0
3429 39 8 0 1
3430 51 31 0 -1
3431 82 15 -1 0
3432 39 31 0 1
3433 77 18 -1 0
3434 42 26 0 1
3435 20 7 1 0
3436 77 19 1 0
3437 40 26 1 0
3438 85 14 -1 0
3439 27 17 -1 0
3440 43 15 -1 0
3441 14 1 1 0
3442 15 21 0 1
3443 43 29 0 -1
3444 21 16 -1 0
3445 12 11 -1 0
3446 29 17 1 0
3447 28 38 -1 0
3448 93 37 -1 0
3449 35 5 0 1
3450 17 17 1 0
3451 59 1 -1 0
3452 22 15 1 0
3453 97 13 -1 0
3454 58 20 -1 0
3455 10 25 0 1
3456 93 19 0 -1
3457 40 20 0 1
3458 11 3 0 1
3459 39 33 1 0
3460 31 23 0 -1
3461 63 18 -1 0
3462 22 10 0 -1
3463 23 22 -1 0
3464 16 19 0 -1
3465 91 4 0 -1
3466 90 27 -1 0
3467 35 0 0 -1
3468 45 33 -1 0
3469 48 31 -1 0
3470 51 16 1 0
3471 27 31 0 1
3472 27 15 1 0
3473 27 13 0 -1
3474 25 34 1 0
3475 60 9 1 0
3476 8 22 1 0
3477 80 12 1 0
3478 96 2 0 1
3479 83 18 0 -1
3480 17 15 0 -1
3481 97 0 1 0
3482 28 29 0 -1
3483 23 10 1 0
3484 47 23 1 0
3485 25 23 0 -1
3486 14 20 0 -1
3487 19 34 0 1
3488 22 5 -1 0
3489 31 27 1 0
3490 82 8 0 -1
3491 12 17 1 0
3492 22 35 0 1
3493 23 25 1 0
3494 13 30 1 0
3495 40 13 -1 0
3496 44 15 -1 0
3497 66 29 0 -1
3498 47 11 0 1
3499 36 7 1 0
3500 96 17 -1 0
3501 32 16 0 -1
3502 5 11 0 1
3503 43 6 1 0
3504 21 20 1 0
3505 38 20 0 -1
3506 81 37 0 -1
3507 55 38 1 0
3508 79 16 1 0
3509 96 38 1 0
3510 41 14 -1 0
3511 36 29 0 -1
3512 82 29 0 -1
3513 84 10 -1 0
3514 37 0 0 1
3515 79 38 1 0
3516 49 33 1 0
3517 28 0 0 1
3518 48 6 0 -1
3519 44 25 0 -1
3520 57 2 1 0
3521 51 22 0 1
3522 51 36 0 -1
3523 92 31 -1 0
3524 98 31 1 0
3525 24 33 0 -1
3526 13 2 0 1
3527 41 33 1 0
3528 25 12 -1 0
3529 21 19 1 0
3530 11 21 1 0
3531 64 18 0 -1
3532 38 36 -1 0
3533 81 35 1 0
3534 28 36 0 1
3535 34 18 1 0
3536 88 28 0 -1
3537 51 3 0 1
3538 26 34 -1 0
3539 19 20 1 0
3540 57 39 -1 0
3541 95 39 1 0
3542 18 10 -1 0
3543 3 3 0 1
3544 23 29 1 0
3545 7 18 1 0
3546 30 32 -1 0
3547 55 29 0 1
3548 70 22 0 1
3549 20 12 -1 0
3550 83 20 0 -1
3551 64 30 -1 0
3552 24 12 1 0
3553 28 21 -1 0
3554 58 11 -1 0
3555 25 8 0 -1
3556 77 12 0 1
3557 12 23 -1 0
3558 1 0 -1 0
3559 54 19 -1 0
3560 40 12 1 0
3561 87 31 0 1
3562 50 16 -1 0
3563 24 27 -1 0
3564 45 18 -1 0
3565 38 4 0 -1
3566 97 36 -1 0
3567 18 19 1 0
3568 86 38 0 -1
3569 27 12 0 1
3570 72 23 0 -1
3571 22 16 1 0
3572 46 6 0 1
3573 40 25 0 -1
3574 42 6 0 1
3575 43 32 -1 0
3576 37 10 0 -1
3577 29 7 0 1
3578 25 19 0 1
3579 57 8 1 0
3580 35 15 0 -1
3581 14 13 0 -1
3582 55 39 -1 0
3583 97 16 -1 0
3584 58 33 1 0
3585 18 33 -1 0
3586 39 39 1 0
3587 60 11 0 1
3588 26 8 0 -1
3589 27 29 0 -1
3590 89 36 0 1
3591 46 5 1 0
3592 22 21 0 -1
3593 15 6 0 1
3594 27 39 0 -1
3595 71 9 0 -1
3596 25 32 0 -1
3597 35 6 -1 0
3598 28 23 1 0
3599 41 11 0 1
