0 77 37 0 -1
1 21 8 1 0
2 53 3 -1 0
3 15 36 1 0
4 24 3 1 0
5 87 27 0 1
6 95 27 0 -1
7 44 13 -1 0
8 31 38 0 1
9 13 34 -1 0
10 45 9 -1 0
11 32 19 0 -1
12 30 12 0 1
13 93 37 1 0
14 21 16 0 1
15 44 27 0 1
16 57 32 1 0
17 80 32 1 0
18 3 10 -1 0
19 45 27 0 1
20 79 27 0 1
21 1 9 -1 0
22 36 16 -1 0
23 75 37 0 -1
24 78 34 0 -1
25 44 16 0 1
26 28 21 1 0
27 93 10 0 -1
28 28 37 0 -1
29 28 33 -1 0
30 96 18 -1 0
31 50 22 0 -1
32 31 24 0 -1
33 58 1 0 -1
34 91 16 0 -1
35 56 32 1 0
36 34 23 1 0
37 13 4 -1 0
38 15 0 0 1
39 46 1 -1 0
40 75 11 0 1
41 28 10 -1 0
42 70 9 -1 0
43 67 32 -1 0
44 70 36 0 -1
45 21 16 1 0
46 21 39 -1 0
47 16 15 -1 0
48 72 8 1 0
49 78 32 0 1
50 4 17 0 -1
51 82 31 1 0
52 59 2 0 -1
53 16 37 -1 0
54 46 3 0 -1
55 11 28 0 -1
56 94 38 0 -1
57 27 4 0 1
58 29 15 0 1
59 42 35 1 0
60 13 18 -1 0
61 73 22 -1 0
62 82 13 0 1
63 71 17 0 1
64 56 2 1 0
65 28 0 0 -1
66 88 0 1 0
67 17 22 0 -1
68 21 36 0 -1
69 23 39 -1 0
70 56 24 0 -1
71 47 39 0 1
72 17 0 -1 0
73 44 19 0 -1
74 42 18 0 1
75 16 33 0 -1
76 98 15 1 0
77 72 38 1 0
78 96 21 -1 0
79 41 19 1 0
80 67 20 -1 0
81 39 37 0 -1
82 1 10 1 0
83 77 2 0 1
84 25 9 0 1
85 51 32 0 -1
86 21 9 0 -1
87 22 14 1 0
88 93 20 0 -1
89 97 30 0 -1
90 13 5 0 1
91 44 16 0 1
92 90 30 0 -1
93 8 30 1 0
94 46 11 -1 0
95 18 15 0 -1
96 10 2 -1 0
97 7 33 0 -1
98 4 37 0 1
99 96 7 1 0
100 43 12 -1 0
101 94 31 -1 0
102 37 31 0 1
103 65 17 -1 0
104 50 12 1 0
105 73 25 0 -1
106 18 28 0 1
107 36 36 1 0
108 48 6 0 1
109 22 22 0 -1
110 27 21 0 -1
111 31 14 1 0
112 5 34 -1 0
113 13 34 -1 0
114 40 12 0 -1
115 93 28 -1 0
116 75 27 0 1
117 23 24 1 0
118 38 25 -1 0
119 43 16 0 -1
120 47 13 -1 0
121 41 10 0 1
122 58 22 0 1
123 23 8 -1 0
124 40 2 1 0
125 24 37 1 0
126 79 21 0 1
127 48 39 0 -1
128 2 31 0 1
129 89 24 0 -1
130 94 6 1 0
131 31 28 0 1
132 52 0 0 1
133 41 32 0 -1
134 17 15 0 1
135 97 27 0 1
136 97 22 0 1
137 45 22 -1 0
138 50 6 0 -1
139 27 28 -1 0
140 19 16 0 -1
141 11 12 -1 0
142 31 36 -1 0
143 18 36 0 1
144 0 24 0 -1
145 37 7 -1 0
146 21 31 0 -1
147 19 15 -1 0
148 70 17 1 0
149 96 29 0 -1
150 12 4 -1 0
151 96 25 -1 0
152 30 2 0 -1
153 13 23 0 -1
154 7 19 0 1
155 22 38 1 0
156 25 39 0 -1
157 28 39 1 0
158 67 8 1 0
159 98 0 0 1
160 30 33 -1 0
161 30 9 0 -1
162 97 30 0 1
163 60 21 1 0
164 98 35 0 1
165 86 31 0 1
166 37 39 0 1
167 14 25 0 1
168 89 25 0 -1
169 60 3 1 0
170 53 0 -1 0
171 30 15 1 0
172 81 10 1 0
173 0 27 0 1
174 11 28 1 0
175 26 26 0 -1
176 24 19 -1 0
177 40 39 1 0
178 69 1 1 0
179 95 2 0 1
180 59 37 0 -1
181 38 35 0 -1
182 76 14 0 1
183 24 36 1 0
184 28 5 -1 0
185 82 8 0 1
186 14 4 0 -1
187 93 31 -1 0
188 62 28 0 1
189 25 3 1 0
190 52 10 -1 0
191 89 39 -1 0
192 63 4 -1 0
193 28 3 -1 0
194 60 22 0 -1
195 21 0 -1 0
196 43 33 1 0
197 90 29 0 1
198 45 28 0 1
199 17 13 1 0
200 19 9 1 0
201 25 4 1 0
202 2 22 -1 0
203 44 1 -1 0
204 7 12 0 -1
205 61 3 1 0
206 39 9 0 1
207 20 19 0 -1
208 23 31 -1 0
209 80 9 0 1
210 28 14 0 1
211 94 27 1 0
212 55 8 -1 0
213 52 26 1 0
214 38 9 1 0
215 20 24 0 -1
216 28 6 1 0
217 31 3 0 1
218 84 0 0 1
219 37 16 -1 0
220 57 17 -1 0
221 19 14 -1 0
222 10 37 0 -1
223 43 4 -1 0
224 53 29 0 1
225 44 29 0 -1
226 45 2 0 -1
227 19 24 0 1
228 18 19 0 1
229 42 22 -1 0
230 12 18 -1 0
231 81 18 1 0
232 28 21 1 0
233 43 0 0 1
234 25 6 0 1
235 14 1 0 1
236 26 13 -1 0
237 30 30 0 1
238 26 34 -1 0
239 42 31 0 1
240 21 29 1 0
241 12 27 0 1
242 40 36 1 0
243 50 8 1 0
244 43 23 1 0
245 18 26 0 -1
246 37 12 -1 0
247 91 0 -1 0
248 12 11 0 1
249 98 8 -1 0
250 35 29 0 -1
251 17 5 1 0
252 19 34 1 0
253 67 22 0 1
254 53 24 -1 0
255 29 25 0 1
256 46 9 -1 0
257 82 28 0 -1
258 32 2 1 0
259 29 26 0 -1
260 40 18 -1 0
261 26 35 0 -1
262 99 35 1 0
263 51 11 0 1
264 5 20 0 1
265 26 18 -1 0
266 7 30 1 0
267 87 10 1 0
268 0 18 0 -1
269 54 8 -1 0
270 36 21 0 1
271 23 21 1 0
272 29 33 1 0
273 46 11 0 1
274 44 5 1 0
275 17 23 0 1
276 39 20 1 0
277 42 38 -1 0
278 30 32 0 -1
279 84 19 0 -1
280 61 33 0 -1
281 51 27 0 -1
282 50 13 0 -1
283 88 8 -1 0
284 51 25 1 0
285 44 24 1 0
286 39 18 -1 0
287 12 7 -1 0
288 44 12 0 1
289 77 29 1 0
290 29 32 0 1
291 87 39 1 0
292 21 20 0 1
293 43 24 -1 0
294 28 38 1 0
295 42 19 1 0
296 21 36 1 0
297 11 15 0 1
298 0 23 0 -1
299 53 6 0 1
300 53 25 1 0
301 15 8 0 -1
302 5 16 -1 0
303 19 36 1 0
304 53 23 -1 0
305 54 38 0 1
306 6 2 0 -1
307 10 5 -1 0
308 45 13 0 -1
309 50 3 0 -1
310 41 4 0 -1
311 21 33 0 1
312 5 9 0 -1
313 65 12 -1 0
314 20 4 -1 0
315 17 19 -1 0
316 96 5 1 0
317 50 38 0 -1
318 60 25 -1 0
319 24 27 0 1
320 40 7 -1 0
321 48 19 -1 0
322 37 7 0 -1
323 26 4 0 1
324 83 35 0 1
325 58 6 0 -1
326 42 34 0 1
327 6 15 1 0
328 1 27 -1 0
329 57 38 0 1
330 23 25 0 -1
331 45 26 0 -1
332 72 30 0 1
333 48 1 0 -1
334 94 12 -1 0
335 21 15 0 1
336 65 32 0 1
337 44 13 0 1
338 91 38 -1 0
339 5 12 -1 0
340 9 20 0 1
341 40 38 0 -1
342 40 14 0 1
343 17 11 0 1
344 26 12 0 1
345 46 6 0 1
346 20 16 1 0
347 29 26 1 0
348 60 30 -1 0
349 28 9 0 1
350 9 16 0 -1
351 36 31 0 1
352 7 34 0 -1
353 63 24 -1 0
354 16 35 -1 0
355 22 22 1 0
356 47 38 -1 0
357 43 1 -1 0
358 24 33 1 0
359 17 34 0 1
360 18 5 0 -1
361 38 12 -1 0
362 41 33 0 -1
363 41 6 0 1
364 42 2 0 -1
365 98 11 1 0
366 49 11 1 0
367 32 15 1 0
368 25 11 0 1
369 45 13 0 -1
370 38 17 0 -1
371 0 9 1 0
372 37 17 1 0
373 2 15 1 0
374 11 36 0 1
375 75 16 -1 0
376 29 19 0 -1
377 55 3 1 0
378 26 26 0 -1
379 29 35 0 1
380 19 26 1 0
381 17 20 -1 0
382 1 25 0 -1
383 36 35 0 1
384 23 13 0 1
385 3 14 0 1
386 61 5 -1 0
387 80 6 -1 0
388 20 15 0 1
389 2 9 1 0
390 39 3 1 0
391 22 23 0 -1
392 49 14 0 -1
393 50 39 0 -1
394 15 1 0 1
395 91 34 0 1
396 43 29 -1 0
397 85 39 0 1
398 47 39 -1 0
399 95 9 0 1
400 41 12 0 -1
401 42 21 0 -1
402 52 26 -1 0
403 6 16 1 0
404 15 17 1 0
405 99 26 0 -1
406 22 13 0 1
407 47 13 0 -1
408 28 33 0 -1
409 24 11 0 1
410 32 27 -1 0
411 48 20 -1 0
412 23 32 0 -1
413 68 38 0 -1
414 28 15 1 0
415 70 3 0 -1
416 26 22 0 -1
417 97 7 -1 0
418 24 11 0 1
419 48 29 -1 0
420 85 24 0 -1
421 22 14 1 0
422 29 14 0 1
423 20 34 0 -1
424 53 6 -1 0
425 96 31 1 0
426 36 19 0 -1
427 98 36 0 -1
428 28 27 -1 0
429 53 20 -1 0
430 43 31 0 -1
431 22 26 1 0
432 43 27 -1 0
433 26 10 -1 0
434 28 34 1 0
435 14 0 1 0
436 40 28 0 1
437 46 15 0 -1
438 14 6 1 0
439 43 36 -1 0
440 46 2 0 -1
441 78 37 0 1
442 79 7 0 -1
443 28 36 0 -1
444 48 11 1 0
445 29 31 0 -1
446 93 5 1 0
447 44 18 -1 0
448 27 18 0 1
449 14 15 0 1
450 35 35 0 1
451 19 0 0 -1
452 46 35 0 1
453 14 20 0 1
454 16 16 1 0
455 50 21 0 1
456 17 29 0 1
457 10 36 1 0
458 76 11 -1 0
459 25 16 0 1
460 30 19 -1 0
461 4 30 0 1
462 38 6 0 -1
463 24 25 0 1
464 98 19 0 1
465 80 3 0 -1
466 43 32 -1 0
467 84 12 -1 0
468 94 32 0 1
469 36 28 0 1
470 13 8 0 1
471 27 3 0 -1
472 50 7 0 -1
473 44 22 -1 0
474 18 22 -1 0
475 47 24 0 1
476 42 31 0 1
477 4 36 -1 0
478 24 15 -1 0
479 90 31 -1 0
480 98 14 0 -1
481 92 28 -1 0
482 18 17 0 1
483 91 21 0 -1
484 30 18 -1 0
485 28 0 -1 0
486 36 25 -1 0
487 16 38 0 -1
488 49 14 0 1
489 41 11 0 1
490 81 39 0 1
491 57 38 -1 0
492 47 7 1 0
493 79 37 -1 0
494 39 11 -1 0
495 41 31 0 -1
496 27 11 1 0
497 1 36 -1 0
498 76 34 0 1
499 44 37 0 -1
500 19 35 0 -1
501 47 28 0 -1
502 41 30 0 1
503 46 13 0 -1
504 44 28 -1 0
505 24 16 -1 0
506 30 33 0 -1
507 28 22 0 -1
508 6 0 0 -1
509 47 28 -1 0
510 22 19 -1 0
511 28 21 0 -1
512 37 34 0 -1
513 83 25 1 0
514 61 32 0 -1
515 44 1 -1 0
516 85 6 0 -1
517 7 23 1 0
518 63 38 0 1
519 0 5 -1 0
520 16 29 0 1
521 27 32 1 0
522 8 7 -1 0
523 18 7 0 -1
524 36 14 0 1
525 6 21 0 -1
526 37 19 1 0
527 0 1 0 -1
528 40 11 -1 0
529 97 5 0 -1
530 54 36 -1 0
531 97 35 -1 0
532 18 1 0 1
533 26 16 0 1
534 49 24 0 1
535 24 21 0 -1
536 57 16 -1 0
537 76 39 0 1
538 39 16 -1 0
539 36 24 -1 0
540 44 35 0 -1
541 95 31 -1 0
542 23 23 0 1
543 74 19 0 -1
544 37 36 0 -1
545 40 36 0 1
546 31 13 0 1
547 5 28 0 -1
548 36 24 -1 0
549 30 7 0 -1
550 12 34 0 1
551 42 0 -1 0
552 94 21 -1 0
553 77 34 -1 0
554 58 36 1 0
555 24 16 0 1
556 72 23 1 0
557 35 20 0 1
558 31 21 0 -1
559 43 0 -1 0
560 92 9 0 -1
561 12 1 0 -1
562 11 19 0 -1
563 10 25 1 0
564 47 11 0 -1
565 26 0 1 0
566 48 38 -1 0
567 53 22 1 0
568 87 36 1 0
569 57 8 -1 0
570 74 15 -1 0
571 29 16 1 0
572 42 15 0 -1
573 15 33 1 0
574 18 28 0 -1
575 22 34 -1 0
576 19 27 -1 0
577 23 24 0 -1
578 74 27 0 -1
579 87 14 -1 0
580 28 13 0 1
581 59 9 0 1
582 51 36 0 1
583 88 22 0 1
584 84 20 0 -1
585 77 17 1 0
586 20 30 0 -1
587 6 18 0 -1
588 89 19 -1 0
589 71 16 0 -1
590 23 18 1 0
591 20 23 0 1
592 85 35 0 -1
593 30 26 1 0
594 21 18 0 -1
595 8 16 0 -1
596 37 10 1 0
597 77 33 -1 0
598 49 4 1 0
599 22 23 1 0
600 39 14 0 -1
601 93 30 0 -1
602 28 29 0 1
603 39 33 0 -1
604 44 31 1 0
605 44 26 1 0
606 44 17 0 1
607 61 36 1 0
608 95 16 1 0
609 40 37 0 1
610 9 9 0 1
611 13 25 -1 0
612 48 9 0 -1
613 23 33 1 0
614 45 7 -1 0
615 38 28 0 -1
616 66 20 0 -1
617 11 35 -1 0
618 37 31 0 -1
619 42 1 0 1
620 69 33 0 1
621 41 13 0 -1
622 35 15 -1 0
623 70 26 -1 0
624 18 18 1 0
625 63 22 1 0
626 21 12 0 1
627 28 13 0 1
628 36 34 0 1
629 18 24 1 0
630 3 37 -1 0
631 35 3 0 1
632 3 27 -1 0
633 26 35 1 0
634 56 39 1 0
635 65 22 1 0
636 7 13 0 1
637 59 22 -1 0
638 2 37 -1 0
639 32 35 1 0
640 36 23 0 1
641 24 24 -1 0
642 36 2 -1 0
643 41 29 0 -1
644 93 15 -1 0
645 60 38 1 0
646 93 32 0 1
647 20 33 1 0
648 3 24 -1 0
649 21 18 0 1
650 27 32 1 0
651 46 36 -1 0
652 19 11 0 -1
653 39 7 -1 0
654 12 19 0 1
655 98 25 0 -1
656 32 12 0 1
657 67 9 0 -1
658 40 13 0 1
659 65 30 0 -1
660 44 11 0 1
661 38 6 1 0
662 30 38 -1 0
663 97 14 0 -1
664 46 37 -1 0
665 7 4 1 0
666 52 12 0 -1
667 26 8 0 -1
668 0 29 0 1
669 11 7 0 -1
670 19 35 1 0
671 41 27 -1 0
672 5 29 -1 0
673 78 28 1 0
674 46 30 1 0
675 58 15 0 1
676 67 27 0 -1
677 21 19 0 1
678 11 34 -1 0
679 96 34 1 0
680 56 16 0 1
681 28 35 1 0
682 86 33 0 1
683 16 30 0 1
684 76 3 0 -1
685 99 19 0 1
686 22 16 -1 0
687 60 24 1 0
688 38 34 -1 0
689 40 5 0 -1
690 22 36 -1 0
691 86 26 1 0
692 42 13 -1 0
693 56 9 0 1
694 37 36 1 0
695 3 22 -1 0
696 23 23 1 0
697 81 28 0 -1
698 96 12 1 0
699 3 32 1 0
700 62 4 -1 0
701 37 38 0 -1
702 74 28 1 0
703 6 20 -1 0
704 14 38 1 0
705 84 5 0 1
706 92 1 -1 0
707 57 15 0 1
708 72 15 0 1
709 94 30 0 1
710 24 5 0 1
711 92 13 1 0
712 93 12 0 1
713 37 7 -1 0
714 21 35 -1 0
715 95 18 0 1
716 42 25 1 0
717 2 7 0 -1
718 26 13 -1 0
719 59 22 0 1
720 89 32 -1 0
721 70 15 1 0
722 75 38 0 1
723 2 16 0 1
724 69 33 1 0
725 27 25 1 0
726 32 12 -1 0
727 9 1 0 1
728 39 16 0 1
729 74 5 0 -1
730 41 15 -1 0
731 13 30 0 -1
732 83 17 0 1
733 39 27 -1 0
734 9 36 0 -1
735 76 15 -1 0
736 98 32 1 0
737 26 19 -1 0
738 30 2 1 0
739 42 19 0 1
740 94 13 -1 0
741 25 34 0 -1
742 37 6 1 0
743 85 16 0 -1
744 31 28 -1 0
745 7 8 0 -1
746 27 6 1 0
747 5 13 1 0
748 20 32 0 1
749 86 30 0 1
750 48 4 0 1
751 24 17 0 -1
752 27 7 -1 0
753 80 38 -1 0
754 25 33 -1 0
755 13 17 0 -1
756 45 21 1 0
757 23 16 0 -1
758 61 18 0 1
759 12 1 0 -1
760 51 1 -1 0
761 84 19 1 0
762 17 10 0 -1
763 75 18 0 -1
764 41 37 1 0
765 27 34 0 -1
766 40 33 0 1
767 9 0 0 -1
768 40 21 1 0
769 30 4 1 0
770 50 4 0 -1
771 53 31 0 1
772 29 13 0 1
773 36 20 1 0
774 41 32 0 -1
775 19 19 0 1
776 44 11 0 -1
777 10 39 1 0
778 94 16 0 -1
779 21 22 1 0
780 19 15 1 0
781 24 13 1 0
782 98 39 1 0
783 91 9 1 0
784 23 37 0 -1
785 25 0 1 0
786 47 21 0 1
787 15 37 -1 0
788 49 23 -1 0
789 64 25 -1 0
790 6 24 0 -1
791 44 3 -1 0
792 10 33 1 0
793 42 12 0 1
794 95 6 0 1
795 2 7 0 -1
796 99 33 -1 0
797 85 19 1 0
798 32 2 0 -1
799 42 5 -1 0
800 26 31 1 0
801 22 32 0 1
802 94 30 -1 0
803 75 23 0 -1
804 24 10 -1 0
805 23 9 1 0
806 7 18 0 1
807 23 36 1 0
808 77 3 0 -1
809 86 36 0 -1
810 42 25 0 -1
811 25 39 1 0
812 81 2 0 -1
813 19 8 -1 0
814 51 31 -1 0
815 87 9 -1 0
816 15 27 0 -1
817 38 7 -1 0
818 87 19 0 -1
819 22 39 0 -1
820 43 2 -1 0
821 25 11 -1 0
822 7 17 0 -1
823 18 11 0 -1
824 37 39 0 1
825 88 34 0 1
826 56 38 0 1
827 77 15 0 -1
828 92 3 -1 0
829 25 38 -1 0
830 51 0 1 0
831 44 7 0 -1
832 51 26 -1 0
833 29 38 -1 0
834 67 10 0 -1
835 44 34 0 1
836 31 8 0 -1
837 21 23 0 -1
838 46 13 -1 0
839 23 16 0 1
840 44 25 -1 0
841 44 12 -1 0
842 77 12 1 0
843 6 24 0 1
844 40 10 -1 0
845 27 6 0 -1
846 26 35 -1 0
847 41 33 0 -1
848 31 16 0 1
849 44 39 0 1
850 21 37 0 -1
851 7 19 0 -1
852 20 36 0 -1
853 7 22 -1 0
854 44 17 0 1
855 58 28 0 -1
856 4 31 0 1
857 75 11 0 -1
858 9 1 0 -1
859 87 36 1 0
860 25 15 -1 0
861 48 28 -1 0
862 30 39 1 0
863 42 11 -1 0
864 27 35 1 0
865 15 11 1 0
866 47 35 0 1
867 25 27 0 -1
868 65 15 0 1
869 29 39 0 1
870 7 19 1 0
871 41 37 -1 0
872 41 31 0 1
873 6 17 1 0
874 70 13 -1 0
875 65 25 0 1
876 9 34 -1 0
877 47 27 0 1
878 45 1 0 -1
879 35 4 -1 0
880 4 32 1 0
881 26 10 1 0
882 35 16 0 -1
883 10 4 1 0
884 44 31 1 0
885 61 31 0 -1
886 20 34 0 1
887 18 17 1 0
888 24 14 1 0
889 99 19 -1 0
890 16 33 0 1
891 94 6 0 1
892 11 14 0 -1
893 61 21 0 -1
894 22 27 -1 0
895 15 29 -1 0
896 38 18 0 1
897 2 26 -1 0
898 23 6 1 0
899 36 37 0 1
900 46 1 -1 0
901 35 0 0 1
902 36 24 -1 0
903 21 17 0 1
904 21 19 0 1
905 30 22 1 0
906 18 3 -1 0
907 21 29 -1 0
908 24 37 0 1
909 50 37 0 -1
910 19 20 -1 0
911 19 0 1 0
912 86 6 -1 0
913 29 30 0 -1
914 30 0 0 -1
915 69 11 0 1
916 99 12 -1 0
917 53 8 0 -1
918 76 32 0 -1
919 44 3 1 0
920 44 23 -1 0
921 3 4 -1 0
922 3 15 -1 0
923 28 26 -1 0
924 37 26 -1 0
925 79 39 -1 0
926 25 38 -1 0
927 40 19 -1 0
928 23 36 -1 0
929 18 18 0 1
930 31 38 0 1
931 17 1 0 1
932 41 36 0 1
933 46 35 0 1
934 98 29 1 0
935 68 11 -1 0
936 45 11 -1 0
937 31 39 -1 0
938 10 16 0 -1
939 78 32 0 -1
940 0 38 -1 0
941 73 37 0 -1
942 28 36 1 0
943 23 31 1 0
944 86 8 0 -1
945 70 29 -1 0
946 42 15 -1 0
947 69 3 -1 0
948 39 27 -1 0
949 3 16 1 0
950 44 37 -1 0
951 98 21 -1 0
952 21 1 1 0
953 9 5 1 0
954 88 33 1 0
955 99 24 0 -1
956 20 32 1 0
957 17 36 -1 0
958 9 14 0 -1
959 80 4 0 -1
960 26 36 0 -1
961 25 23 0 1
962 0 30 0 -1
963 80 25 -1 0
964 25 14 0 -1
965 51 19 -1 0
966 22 11 1 0
967 38 3 0 1
968 5 34 -1 0
969 22 11 1 0
970 20 17 1 0
971 91 0 1 0
972 91 36 0 -1
973 89 11 1 0
974 26 5 1 0
975 37 37 0 1
976 14 8 -1 0
977 50 26 1 0
978 14 3 1 0
979 18 9 1 0
980 3 34 0 -1
981 86 10 0 -1
982 80 33 0 1
983 46 24 -1 0
984 12 13 -1 0
985 21 12 0 -1
986 26 16 1 0
987 18 37 1 0
988 23 17 1 0
989 49 9 1 0
990 27 12 0 1
991 37 15 0 1
992 21 13 1 0
993 40 38 0 -1
994 36 37 -1 0
995 5 13 0 -1
996 36 38 0 -1
997 20 20 0 -1
998 44 36 0 -1
999 21 32 0 -1
1000 15 26 0 1
1001 68 36 0 1
1002 43 1 -1 0
1003 99 24 0 1
1004 27 16 0 -1
1005 37 24 -1 0
1006 50 7 -1 0
1007 62 26 0 1
1008 37 9 0 1
1009 54 9 1 0
1010 43 30 0 -1
1011 18 29 0 1
1012 42 2 0 1
1013 42 8 -1 0
1014 44 17 0 1
1015 15 13 -1 0
1016 14 25 1 0
1017 40 25 -1 0
1018 46 38 -1 0
1019 38 1 0 -1
1020 41 39 0 -1
1021 9 8 0 -1
1022 95 3 1 0
1023 12 18 0 1
1024 61 0 1 0
1025 74 20 0 -1
1026 23 33 -1 0
1027 96 26 1 0
1028 48 3 -1 0
1029 39 7 -1 0
1030 35 13 1 0
1031 43 25 1 0
1032 38 5 0 -1
1033 88 21 0 -1
1034 53 37 0 -1
1035 41 16 0 -1
1036 31 35 1 0
1037 84 29 0 -1
1038 8 27 -1 0
1039 39 19 -1 0
1040 51 22 1 0
1041 27 13 -1 0
1042 91 22 1 0
1043 96 31 0 -1
1044 18 0 0 1
1045 84 30 0 1
1046 73 25 -1 0
1047 18 35 -1 0
1048 88 7 -1 0
1049 55 21 -1 0
1050 5 11 0 1
1051 28 32 0 1
1052 81 30 0 1
1053 50 33 0 1
1054 3 18 0 -1
1055 36 14 0 1
1056 58 18 0 1
1057 72 27 1 0
1058 98 16 0 1
1059 79 20 0 1
1060 92 7 0 -1
1061 97 27 -1 0
1062 20 16 1 0
1063 44 30 -1 0
1064 84 4 0 -1
1065 87 28 0 -1
1066 19 38 0 -1
1067 23 14 0 1
1068 23 16 -1 0
1069 80 15 0 1
1070 26 33 0 1
1071 24 15 -1 0
1072 97 15 1 0
1073 51 8 0 -1
1074 8 37 0 1
1075 10 24 1 0
1076 18 6 1 0
1077 41 18 -1 0
1078 19 24 0 -1
1079 28 23 1 0
1080 99 20 -1 0
1081 94 21 0 -1
1082 66 7 -1 0
1083 35 17 0 -1
1084 23 7 0 -1
1085 75 37 0 -1
1086 21 8 0 -1
1087 28 29 0 -1
1088 28 39 1 0
1089 44 39 0 1
1090 23 25 -1 0
1091 53 27 0 -1
1092 20 36 1 0
1093 40 19 1 0
1094 96 39 -1 0
1095 54 34 1 0
1096 26 12 0 1
1097 19 3 0 1
1098 37 13 0 -1
1099 79 14 0 1
1100 29 14 0 -1
1101 26 23 1 0
1102 99 39 0 1
1103 7 29 0 -1
1104 46 39 0 1
1105 32 36 0 -1
1106 89 0 1 0
1107 19 28 0 1
1108 26 25 1 0
1109 15 28 0 1
1110 44 16 0 1
1111 40 17 -1 0
1112 82 15 -1 0
1113 24 22 -1 0
1114 36 19 1 0
1115 35 27 -1 0
1116 40 0 1 0
1117 74 16 0 -1
1118 49 30 1 0
1119 42 24 1 0
1120 41 38 1 0
1121 63 35 1 0
1122 45 3 -1 0
1123 3 1 -1 0
1124 40 6 1 0
1125 45 27 1 0
1126 26 5 -1 0
1127 30 30 1 0
1128 29 29 1 0
1129 22 36 0 -1
1130 47 22 0 -1
1131 53 17 0 1
1132 38 8 -1 0
1133 46 11 0 1
1134 27 23 1 0
1135 59 30 1 0
1136 21 29 -1 0
1137 7 34 0 -1
1138 21 38 -1 0
1139 78 38 1 0
1140 13 36 1 0
1141 37 5 1 0
1142 16 34 0 -1
1143 5 15 0 1
1144 96 19 1 0
1145 16 27 -1 0
1146 41 36 1 0
1147 18 0 1 0
1148 81 26 0 -1
1149 23 19 1 0
1150 38 19 0 1
1151 23 27 -1 0
1152 28 23 -1 0
1153 60 35 0 1
1154 42 18 0 1
1155 29 37 -1 0
1156 22 27 1 0
1157 24 31 1 0
1158 45 39 1 0
1159 2 20 1 0
1160 50 35 -1 0
1161 39 16 1 0
1162 62 28 0 1
1163 47 4 0 -1
1164 20 13 -1 0
1165 18 39 1 0
1166 5 23 1 0
1167 28 24 -1 0
1168 42 14 -1 0
1169 16 7 1 0
1170 89 8 1 0
1171 62 33 0 -1
1172 43 36 -1 0
1173 37 35 -1 0
1174 20 38 0 1
1175 17 34 0 1
1176 46 24 -1 0
1177 15 13 1 0
1178 36 16 1 0
1179 11 4 0 1
1180 51 15 0 -1
1181 46 12 0 1
1182 19 18 -1 0
1183 42 38 0 -1
1184 44 29 0 -1
1185 89 28 0 1
1186 93 3 1 0
1187 28 16 1 0
1188 29 24 0 -1
1189 44 4 -1 0
1190 42 24 -1 0
1191 39 7 1 0
1192 53 26 0 1
1193 44 26 0 -1
1194 40 22 0 1
1195 24 34 -1 0
1196 6 38 0 -1
1197 21 3 0 -1
1198 71 6 0 -1
1199 26 39 0 1
1200 45 33 0 1
1201 1 30 1 0
1202 73 3 -1 0
1203 27 38 0 -1
1204 21 14 1 0
1205 20 5 0 1
1206 22 31 0 -1
1207 15 36 -1 0
1208 83 36 0 1
1209 43 38 -1 0
1210 91 6 0 -1
1211 24 30 0 1
1212 30 12 1 0
1213 28 8 0 -1
1214 20 12 0 1
1215 52 31 -1 0
1216 96 15 0 -1
1217 97 19 0 1
1218 26 14 1 0
1219 8 10 0 1
1220 4 11 0 -1
1221 45 19 -1 0
1222 6 37 1 0
1223 20 37 1 0
1224 99 30 1 0
1225 28 4 0 1
1226 0 3 -1 0
1227 21 18 0 -1
1228 92 24 -1 0
1229 24 20 0 1
1230 52 11 -1 0
1231 47 5 -1 0
1232 40 31 1 0
1233 36 33 -1 0
1234 6 2 0 -1
1235 61 30 -1 0
1236 9 32 -1 0
1237 42 34 0 -1
1238 99 33 0 -1
1239 41 13 -1 0
1240 28 34 0 1
1241 77 34 1 0
1242 14 34 0 -1
1243 10 5 1 0
1244 38 35 0 -1
1245 9 4 0 -1
1246 95 25 0 -1
1247 14 29 -1 0
1248 43 3 0 -1
1249 70 38 1 0
1250 19 5 1 0
1251 50 17 0 -1
1252 9 26 0 -1
1253 31 35 0 1
1254 88 38 0 1
1255 29 36 0 -1
1256 86 20 1 0
1257 68 29 1 0
1258 46 21 1 0
1259 40 29 1 0
1260 39 32 1 0
1261 39 31 0 1
1262 39 12 -1 0
1263 42 37 -1 0
1264 30 0 0 -1
1265 44 7 -1 0
1266 20 38 -1 0
1267 42 14 0 1
1268 39 24 0 -1
1269 77 23 0 -1
1270 35 36 1 0
1271 7 3 0 -1
1272 39 9 0 -1
1273 35 10 0 -1
1274 60 23 0 -1
1275 38 31 0 -1
1276 30 31 0 -1
1277 4 37 0 1
1278 23 34 0 -1
1279 1 14 0 -1
1280 41 26 -1 0
1281 2 1 0 1
1282 27 19 0 1
1283 5 10 -1 0
1284 99 21 0 -1
1285 18 33 0 -1
1286 54 30 0 -1
1287 47 1 0 1
1288 42 12 0 1
1289 41 5 1 0
1290 25 25 1 0
1291 21 32 0 1
1292 42 4 -1 0
1293 28 19 0 1
1294 38 13 0 1
1295 22 25 0 -1
1296 87 29 0 -1
1297 49 15 0 -1
1298 10 11 -1 0
1299 90 5 0 -1
1300 26 17 -1 0
1301 24 18 -1 0
1302 39 37 0 -1
1303 28 35 -1 0
1304 22 17 1 0
1305 19 22 0 1
1306 3 38 0 -1
1307 24 32 0 -1
1308 14 14 1 0
1309 28 29 0 1
1310 90 12 0 1
1311 24 30 0 1
1312 36 26 -1 0
1313 53 1 -1 0
1314 7 32 0 1
1315 64 22 -1 0
1316 27 15 -1 0
1317 11 7 0 -1
1318 30 7 0 -1
1319 30 39 -1 0
1320 20 6 0 -1
1321 36 1 0 1
1322 26 15 1 0
1323 30 7 0 1
1324 81 16 0 -1
1325 43 5 0 1
1326 21 21 -1 0
1327 64 28 -1 0
1328 28 14 0 1
1329 53 2 0 -1
1330 38 26 0 1
1331 39 17 0 1
1332 86 18 1 0
1333 45 19 -1 0
1334 28 15 -1 0
1335 46 25 1 0
1336 20 0 -1 0
1337 27 36 0 -1
1338 62 4 0 -1
1339 37 18 0 1
1340 98 15 1 0
1341 81 9 -1 0
1342 85 31 0 1
1343 15 2 0 1
1344 71 38 0 -1
1345 26 0 0 -1
1346 52 13 -1 0
1347 94 39 0 -1
1348 86 27 -1 0
1349 51 13 0 -1
1350 50 9 0 -1
1351 10 7 0 1
1352 71 20 0 -1
1353 74 11 1 0
1354 45 27 0 1
1355 36 32 0 1
1356 2 19 0 -1
1357 43 19 1 0
1358 30 26 0 -1
1359 24 20 1 0
1360 1 33 -1 0
1361 28 28 1 0
1362 36 17 0 -1
1363 26 15 1 0
1364 30 25 -1 0
1365 39 9 0 1
1366 35 28 0 -1
1367 93 31 1 0
1368 25 38 0 -1
1369 95 19 1 0
1370 8 15 0 -1
1371 9 28 1 0
1372 80 20 0 1
1373 53 30 1 0
1374 93 23 0 -1
1375 40 28 -1 0
1376 41 12 -1 0
1377 42 37 0 1
1378 2 26 -1 0
1379 19 26 -1 0
1380 13 15 0 -1
1381 43 26 0 1
1382 3 2 -1 0
1383 29 0 -1 0
1384 20 3 0 1
1385 5 6 1 0
1386 8 8 0 1
1387 50 11 0 -1
1388 18 1 -1 0
1389 51 36 0 1
1390 70 19 1 0
1391 35 5 1 0
1392 16 1 0 1
1393 90 15 1 0
1394 88 8 -1 0
1395 22 34 0 1
1396 57 8 0 -1
1397 23 33 0 1
1398 37 3 0 1
1399 44 11 -1 0
1400 37 25 -1 0
1401 48 39 0 -1
1402 42 28 -1 0
1403 35 14 0 -1
1404 73 19 -1 0
1405 17 33 0 1
1406 17 0 0 1
1407 86 19 0 -1
1408 27 14 0 1
1409 66 20 1 0
1410 53 1 -1 0
1411 18 4 0 1
1412 84 22 -1 0
1413 52 18 -1 0
1414 43 12 0 1
1415 96 35 -1 0
1416 53 12 -1 0
1417 53 13 1 0
1418 46 26 -1 0
1419 12 12 1 0
1420 36 38 0 -1
1421 24 17 0 1
1422 44 4 -1 0
1423 98 19 -1 0
1424 17 4 1 0
1425 12 34 0 1
1426 91 19 0 1
1427 28 34 0 -1
1428 44 36 -1 0
1429 19 21 0 1
1430 41 30 0 1
1431 37 32 0 1
1432 2 3 1 0
1433 60 15 1 0
1434 9 34 0 -1
1435 28 12 -1 0
1436 89 22 0 -1
1437 64 19 0 -1
1438 15 32 1 0
1439 38 33 -1 0
1440 11 9 0 -1
1441 22 0 0 1
1442 82 36 1 0
1443 47 0 0 1
1444 28 0 1 0
1445 10 15 -1 0
1446 90 15 -1 0
1447 31 16 1 0
1448 48 20 0 1
1449 27 11 0 1
1450 19 5 0 -1
1451 59 32 0 -1
1452 80 32 0 -1
1453 70 32 0 -1
1454 37 10 1 0
1455 38 4 0 1
1456 50 23 1 0
1457 14 33 -1 0
1458 10 24 0 -1
1459 64 7 1 0
1460 92 12 0 -1
1461 2 5 -1 0
1462 36 26 1 0
1463 44 7 1 0
1464 20 17 1 0
1465 15 36 0 -1
1466 22 21 1 0
1467 46 15 0 -1
1468 43 2 -1 0
1469 22 19 1 0
1470 16 10 0 1
1471 51 3 0 1
1472 51 36 0 -1
1473 63 32 1 0
1474 55 12 0 -1
1475 86 23 1 0
1476 40 30 0 1
1477 41 38 -1 0
1478 86 12 0 -1
1479 36 35 -1 0
1480 40 14 0 1
1481 96 14 1 0
1482 13 21 1 0
1483 81 9 0 1
1484 39 18 0 -1
1485 28 16 1 0
1486 97 21 0 1
1487 25 25 1 0
1488 43 16 0 1
1489 25 10 0 1
1490 49 35 0 -1
1491 12 19 1 0
1492 27 22 0 -1
1493 73 37 1 0
1494 19 7 0 1
1495 26 34 0 1
1496 79 17 0 -1
1497 52 37 1 0
1498 98 36 0 -1
1499 36 36 1 0
1500 15 6 -1 0
1501 40 6 0 1
1502 29 32 0 -1
1503 39 25 -1 0
1504 54 38 -1 0
1505 97 9 0 1
1506 29 39 -1 0
1507 38 23 -1 0
1508 23 37 1 0
1509 81 5 0 1
1510 2 4 0 -1
1511 56 28 0 -1
1512 72 12 0 -1
1513 84 24 -1 0
1514 53 0 -1 0
1515 44 34 -1 0
1516 31 21 -1 0
1517 19 37 0 -1
1518 35 15 -1 0
1519 51 24 0 -1
1520 21 6 -1 0
1521 42 23 1 0
1522 54 8 0 1
1523 41 29 0 1
1524 27 16 0 -1
1525 3 21 0 -1
1526 25 33 0 1
1527 17 19 0 1
1528 24 25 1 0
1529 22 14 0 1
1530 8 38 -1 0
1531 35 4 -1 0
1532 28 39 1 0
1533 44 20 1 0
1534 8 35 -1 0
1535 36 23 1 0
1536 21 23 0 -1
1537 62 28 0 -1
1538 10 11 1 0
1539 23 28 1 0
1540 90 3 0 -1
1541 39 4 0 1
1542 82 9 -1 0
1543 24 38 1 0
1544 5 20 0 1
1545 48 10 0 -1
1546 97 10 -1 0
1547 43 39 -1 0
1548 44 36 0 -1
1549 67 31 0 1
1550 47 17 -1 0
1551 31 22 1 0
1552 90 4 1 0
1553 7 10 0 -1
1554 0 21 -1 0
1555 2 36 0 -1
1556 37 32 -1 0
1557 37 32 1 0
1558 39 28 1 0
1559 8 6 0 -1
1560 48 31 1 0
1561 23 18 0 -1
1562 53 38 1 0
1563 53 15 0 1
1564 92 31 0 1
1565 54 10 -1 0
1566 29 16 0 -1
1567 26 32 -1 0
1568 84 39 0 1
1569 13 13 0 -1
1570 84 16 -1 0
1571 64 5 1 0
1572 44 10 -1 0
1573 25 22 0 1
1574 27 20 1 0
1575 10 2 0 1
1576 98 29 0 1
1577 90 25 1 0
1578 19 16 0 1
1579 29 15 -1 0
1580 46 13 -1 0
1581 37 16 0 1
1582 55 31 -1 0
1583 23 23 0 1
1584 3 35 1 0
1585 6 20 0 -1
1586 94 28 -1 0
1587 41 14 0 -1
1588 50 6 0 -1
1589 66 19 1 0
1590 21 33 1 0
1591 32 27 0 -1
1592 82 2 0 1
1593 5 35 -1 0
1594 15 32 0 1
1595 46 25 1 0
1596 73 16 0 1
1597 17 25 1 0
1598 10 35 1 0
1599 90 34 0 -1
1600 26 23 1 0
1601 27 20 0 -1
1602 85 8 0 -1
1603 43 29 -1 0
1604 24 13 0 1
1605 37 4 -1 0
1606 40 15 -1 0
1607 28 7 0 -1
1608 56 21 0 -1
1609 39 3 1 0
1610 16 29 -1 0
1611 19 10 0 -1
1612 28 18 -1 0
1613 28 17 -1 0
1614 28 15 -1 0
1615 6 21 0 1
1616 37 26 0 -1
1617 22 15 0 -1
1618 42 30 0 1
1619 27 39 0 -1
1620 38 6 -1 0
1621 37 10 -1 0
1622 29 36 1 0
1623 42 20 0 1
1624 14 36 0 -1
1625 27 29 1 0
1626 25 37 -1 0
1627 20 10 0 1
1628 28 28 0 1
1629 87 17 0 1
1630 15 31 0 1
1631 29 38 0 1
1632 83 36 1 0
1633 44 37 0 -1
1634 19 28 -1 0
1635 23 32 -1 0
1636 43 35 1 0
1637 60 32 1 0
1638 26 30 1 0
1639 55 3 0 1
1640 37 6 -1 0
1641 45 20 1 0
1642 22 22 0 -1
1643 12 9 0 1
1644 96 23 -1 0
1645 30 6 0 -1
1646 8 0 1 0
1647 49 5 0 -1
1648 66 38 1 0
1649 2 36 0 1
1650 22 24 1 0
1651 42 37 0 -1
1652 44 23 -1 0
1653 97 7 1 0
1654 97 36 -1 0
1655 30 4 -1 0
1656 42 24 0 -1
1657 18 10 0 1
1658 42 13 0 1
1659 22 27 0 -1
1660 39 33 0 -1
1661 29 34 0 1
1662 87 17 0 1
1663 47 27 1 0
1664 24 33 0 1
1665 8 0 0 1
1666 94 16 0 -1
1667 25 23 -1 0
1668 42 2 0 -1
1669 42 32 -1 0
1670 47 0 -1 0
1671 49 34 0 -1
1672 28 17 -1 0
1673 39 14 1 0
1674 52 18 -1 0
1675 25 19 -1 0
1676 19 29 0 -1
1677 18 4 0 1
1678 50 12 1 0
1679 15 35 1 0
1680 70 10 -1 0
1681 34 35 1 0
1682 83 27 0 -1
1683 61 36 1 0
1684 14 5 -1 0
1685 19 14 0 -1
1686 55 0 0 1
1687 30 9 0 1
1688 22 6 0 1
1689 11 37 0 1
1690 83 8 0 1
1691 38 5 -1 0
1692 46 0 0 -1
1693 10 29 0 -1
1694 42 1 0 1
1695 24 10 1 0
1696 97 9 1 0
1697 9 8 0 -1
1698 15 37 0 -1
1699 97 35 0 -1
1700 24 25 1 0
1701 39 37 0 -1
1702 21 34 0 -1
1703 24 32 0 -1
1704 37 36 1 0
1705 86 29 1 0
1706 27 7 1 0
1707 17 3 0 1
1708 45 34 0 1
1709 5 31 1 0
1710 44 2 0 1
1711 30 6 1 0
1712 12 4 -1 0
1713 28 18 0 -1
1714 50 14 1 0
1715 40 30 1 0
1716 46 15 0 -1
1717 40 13 0 1
1718 88 33 1 0
1719 47 7 0 1
1720 41 36 0 1
1721 39 23 0 1
1722 32 27 0 -1
1723 80 1 0 1
1724 77 4 0 -1
1725 29 36 1 0
1726 0 36 0 1
1727 53 39 -1 0
1728 17 25 0 -1
1729 82 14 1 0
1730 31 39 -1 0
1731 87 2 0 1
1732 27 13 1 0
1733 75 5 -1 0
1734 6 35 0 1
1735 18 38 0 1
1736 23 24 0 -1
1737 22 17 -1 0
1738 37 29 -1 0
1739 49 32 1 0
1740 51 15 1 0
1741 29 1 0 1
1742 69 7 0 1
1743 3 32 -1 0
1744 43 10 0 -1
1745 45 35 0 1
1746 88 20 0 -1
1747 26 37 0 -1
1748 46 22 0 1
1749 64 15 1 0
1750 81 14 0 1
1751 21 35 0 -1
1752 51 38 1 0
1753 96 32 -1 0
1754 77 35 -1 0
1755 27 16 -1 0
1756 29 14 -1 0
1757 86 16 0 -1
1758 22 0 -1 0
1759 1 9 0 1
1760 66 7 1 0
1761 23 30 1 0
1762 23 35 -1 0
1763 0 14 0 -1
1764 51 10 -1 0
1765 83 37 0 -1
1766 69 4 0 -1
1767 37 34 -1 0
1768 20 25 0 -1
1769 27 17 -1 0
1770 42 3 1 0
1771 18 18 1 0
1772 47 22 0 1
1773 30 10 1 0
1774 26 8 0 1
1775 3 31 0 -1
1776 79 27 -1 0
1777 11 4 -1 0
1778 40 26 -1 0
1779 48 19 0 1
1780 91 27 -1 0
1781 19 37 1 0
1782 65 4 -1 0
1783 94 12 -1 0
1784 99 16 -1 0
1785 21 34 1 0
1786 45 15 0 -1
1787 29 25 0 1
1788 37 29 0 -1
1789 97 0 1 0
1790 49 11 -1 0
1791 23 20 -1 0
1792 55 1 0 -1
1793 49 13 -1 0
1794 43 35 1 0
1795 22 31 1 0
1796 44 2 0 1
1797 93 15 0 1
1798 31 2 0 1
1799 21 19 -1 0
1800 19 39 0 1
1801 48 5 0 -1
1802 55 35 0 1
1803 13 27 -1 0
1804 77 19 0 -1
1805 85 22 -1 0
1806 99 10 0 -1
1807 29 39 -1 0
1808 14 39 0 -1
1809 90 10 1 0
1810 9 34 0 1
1811 94 14 1 0
1812 42 10 0 1
1813 30 15 0 -1
1814 22 15 -1 0
1815 9 32 -1 0
1816 25 20 0 1
1817 21 16 1 0
1818 42 28 0 -1
1819 47 15 -1 0
1820 81 18 0 1
1821 36 28 1 0
1822 79 21 -1 0
1823 87 27 -1 0
1824 28 17 1 0
1825 18 34 0 1
1826 58 16 1 0
1827 2 5 0 -1
1828 46 37 1 0
1829 91 4 0 -1
1830 25 16 0 1
1831 20 38 0 -1
1832 30 19 -1 0
1833 22 16 1 0
1834 81 39 0 -1
1835 99 38 0 -1
1836 4 17 1 0
1837 69 14 0 -1
1838 91 20 -1 0
1839 77 14 1 0
1840 36 14 -1 0
1841 95 16 0 1
1842 29 11 0 1
1843 48 7 0 -1
1844 86 29 1 0
1845 21 33 -1 0
1846 92 25 0 -1
1847 51 2 0 -1
1848 83 4 0 1
1849 7 17 -1 0
1850 94 25 -1 0
1851 30 23 1 0
1852 61 18 1 0
1853 79 8 0 1
1854 30 0 1 0
1855 42 34 0 1
1856 39 21 0 -1
1857 45 0 0 -1
1858 22 8 0 -1
1859 70 16 -1 0
1860 90 7 0 1
1861 16 14 1 0
1862 90 17 1 0
1863 99 36 0 -1
1864 19 20 0 -1
1865 31 36 0 1
1866 54 33 0 -1
1867 42 29 1 0
1868 68 28 -1 0
1869 92 2 -1 0
1870 92 25 -1 0
1871 69 30 -1 0
1872 65 1 0 -1
1873 23 26 0 -1
1874 27 33 0 -1
1875 20 25 0 -1
1876 28 37 -1 0
1877 32 30 -1 0
1878 20 15 0 -1
1879 51 24 0 -1
1880 36 27 1 0
1881 47 8 1 0
1882 25 12 0 -1
1883 86 8 0 -1
1884 60 9 0 -1
1885 40 34 -1 0
1886 43 2 0 1
1887 10 7 0 1
1888 29 20 1 0
1889 37 15 0 -1
1890 42 9 -1 0
1891 40 9 0 1
1892 71 31 0 -1
1893 49 23 0 1
1894 25 16 0 -1
1895 79 10 -1 0
1896 73 33 0 1
1897 38 20 1 0
1898 1 27 1 0
1899 89 21 0 1
1900 41 35 1 0
1901 13 31 0 1
1902 55 4 -1 0
1903 44 27 0 -1
1904 88 36 0 1
1905 44 25 0 1
1906 40 2 -1 0
1907 23 2 0 -1
1908 19 15 0 1
1909 17 39 1 0
1910 38 3 0 1
1911 83 5 1 0
1912 11 9 0 1
1913 26 17 0 1
1914 19 32 -1 0
1915 40 29 -1 0
1916 31 15 0 -1
1917 19 35 1 0
1918 16 26 0 -1
1919 22 20 1 0
1920 40 21 0 1
1921 60 33 -1 0
1922 44 26 0 1
1923 23 29 -1 0
1924 20 36 -1 0
1925 38 39 0 -1
1926 52 33 0 1
1927 67 31 1 0
1928 53 27 0 1
1929 5 16 0 1
1930 79 7 0 -1
1931 29 37 0 -1
1932 52 1 0 1
1933 9 6 1 0
1934 11 2 -1 0
1935 27 30 0 -1
1936 23 21 1 0
1937 26 1 -1 0
1938 30 31 -1 0
1939 10 5 1 0
1940 30 25 0 1
1941 7 31 -1 0
1942 21 32 -1 0
1943 25 14 0 -1
1944 96 24 -1 0
1945 63 28 0 1
1946 82 14 0 -1
1947 85 12 -1 0
1948 42 36 -1 0
1949 25 28 1 0
1950 32 0 0 1
1951 17 32 1 0
1952 37 5 0 1
1953 26 36 0 -1
1954 24 38 0 -1
1955 87 30 0 1
1956 31 15 1 0
1957 25 12 1 0
1958 12 23 1 0
1959 77 38 1 0
1960 19 16 0 -1
1961 17 15 -1 0
1962 94 18 1 0
1963 25 37 1 0
1964 65 35 -1 0
1965 8 35 -1 0
1966 61 14 1 0
1967 42 29 -1 0
1968 50 27 1 0
1969 37 23 0 1
1970 83 11 0 1
1971 35 5 0 -1
1972 75 13 -1 0
1973 42 14 -1 0
1974 19 37 1 0
1975 1 38 -1 0
1976 42 15 0 -1
1977 20 10 0 1
1978 3 1 -1 0
1979 97 18 1 0
1980 47 25 -1 0
1981 26 7 -1 0
1982 82 12 0 1
1983 11 39 -1 0
1984 24 13 0 1
1985 74 26 0 -1
1986 39 14 -1 0
1987 16 39 -1 0
1988 29 12 -1 0
1989 16 35 1 0
1990 73 1 0 -1
1991 23 17 0 -1
1992 0 7 1 0
1993 95 1 0 1
1994 23 11 -1 0
1995 13 26 0 1
1996 99 32 1 0
1997 20 17 0 -1
1998 36 34 0 1
1999 31 17 -1 0
2000 92 39 0 -1
2001 56 13 0 -1
2002 44 20 1 0
2003 45 7 0 1
2004 30 34 1 0
2005 15 14 -1 0
2006 27 3 -1 0
2007 39 36 0 -1
2008 41 18 0 -1
2009 87 31 1 0
2010 9 22 0 1
2011 26 34 1 0
2012 7 26 1 0
2013 82 37 0 1
2014 42 39 0 -1
2015 25 21 -1 0
2016 25 0 1 0
2017 75 36 0 1
2018 13 30 0 -1
2019 45 11 1 0
2020 12 38 0 -1
2021 11 22 1 0
2022 74 14 -1 0
2023 16 6 0 -1
2024 54 38 1 0
2025 29 13 1 0
2026 2 24 1 0
2027 95 0 1 0
2028 83 13 -1 0
2029 55 30 0 1
2030 53 38 0 -1
2031 22 23 0 -1
2032 6 33 -1 0
2033 31 17 0 -1
2034 41 21 0 -1
2035 24 38 1 0
2036 24 22 0 1
2037 93 32 -1 0
2038 44 29 -1 0
2039 26 15 1 0
2040 31 9 0 -1
2041 23 32 0 -1
2042 37 34 1 0
2043 10 9 1 0
2044 29 34 -1 0
2045 24 9 0 1
2046 24 35 -1 0
2047 44 22 -1 0
2048 19 10 0 1
2049 30 17 0 -1
2050 54 39 -1 0
2051 39 28 0 1
2052 94 6 1 0
2053 67 16 -1 0
2054 23 36 1 0
2055 43 21 1 0
2056 40 24 0 1
2057 9 27 1 0
2058 38 10 0 1
2059 39 31 0 1
2060 56 26 0 1
2061 45 34 0 1
2062 19 36 0 1
2063 37 27 -1 0
2064 89 28 0 -1
2065 26 39 -1 0
2066 36 4 -1 0
2067 53 29 1 0
2068 4 18 0 -1
2069 19 4 0 1
2070 42 11 0 1
2071 28 33 0 1
2072 12 13 0 1
2073 20 29 1 0
2074 93 10 -1 0
2075 68 39 1 0
2076 16 19 1 0
2077 39 25 1 0
2078 22 8 -1 0
2079 31 14 0 -1
2080 45 12 -1 0
2081 15 7 0 1
2082 81 31 1 0
2083 68 27 0 1
2084 23 9 0 -1
2085 25 20 1 0
2086 31 9 -1 0
2087 85 21 1 0
2088 56 29 1 0
2089 19 3 -1 0
2090 45 7 0 1
2091 73 31 0 -1
2092 25 30 1 0
2093 17 25 -1 0
2094 29 29 -1 0
2095 48 25 1 0
2096 43 39 0 1
2097 55 39 1 0
2098 28 14 -1 0
2099 82 0 1 0
2100 66 27 1 0
2101 11 3 -1 0
2102 25 26 0 1
2103 36 1 -1 0
2104 14 8 0 1
2105 25 11 -1 0
2106 59 25 1 0
2107 71 30 0 1
2108 25 13 -1 0
2109 15 9 1 0
2110 99 22 0 1
2111 8 15 1 0
2112 10 32 1 0
2113 47 2 0 1
2114 27 17 0 -1
2115 41 15 0 1
2116 15 24 1 0
2117 40 20 -1 0
2118 37 16 1 0
2119 1 7 0 -1
2120 14 7 -1 0
2121 91 34 0 1
2122 10 16 1 0
2123 6 15 0 -1
2124 3 7 0 -1
2125 43 14 0 1
2126 89 5 -1 0
2127 53 13 1 0
2128 46 27 0 1
2129 15 24 -1 0
2130 88 1 0 -1
2131 19 22 0 1
2132 38 14 -1 0
2133 20 35 0 -1
2134 45 14 0 -1
2135 21 22 1 0
2136 84 3 -1 0
2137 25 27 0 1
2138 66 14 0 1
2139 31 4 0 -1
2140 38 11 0 -1
2141 36 11 0 -1
2142 0 2 0 -1
2143 5 36 -1 0
2144 26 37 0 -1
2145 21 20 0 1
2146 31 22 1 0
2147 36 3 -1 0
2148 40 32 1 0
2149 54 32 1 0
2150 22 19 0 1
2151 38 7 0 -1
2152 44 12 0 -1
2153 45 15 0 1
2154 94 33 0 1
2155 20 11 0 -1
2156 45 18 1 0
2157 0 27 0 1
2158 61 27 0 -1
2159 69 33 0 1
2160 46 24 0 1
2161 76 27 0 -1
2162 31 36 0 1
2163 24 22 0 1
2164 41 11 0 1
2165 20 24 0 -1
2166 2 38 -1 0
2167 61 39 1 0
2168 38 34 0 -1
2169 9 33 1 0
2170 14 24 -1 0
2171 35 24 -1 0
2172 45 34 -1 0
2173 22 33 -1 0
2174 13 23 1 0
2175 49 28 -1 0
2176 37 4 0 -1
2177 92 34 0 1
2178 67 18 0 -1
2179 28 7 1 0
2180 43 19 -1 0
2181 7 26 0 1
2182 16 5 0 1
2183 41 0 -1 0
2184 42 30 -1 0
2185 29 25 1 0
2186 46 0 0 -1
2187 23 34 1 0
2188 42 12 1 0
2189 41 26 0 -1
2190 16 16 -1 0
2191 98 26 0 -1
2192 45 20 1 0
2193 39 35 0 1
2194 39 27 1 0
2195 38 32 0 1
2196 29 15 0 -1
2197 47 38 0 -1
2198 41 4 0 1
2199 64 19 0 -1
2200 11 18 0 1
2201 55 12 -1 0
2202 46 0 0 1
2203 35 36 -1 0
2204 4 6 0 -1
2205 43 13 -1 0
2206 78 27 0 -1
2207 6 22 1 0
2208 8 23 -1 0
2209 26 3 1 0
2210 30 31 1 0
2211 40 32 1 0
2212 29 0 0 -1
2213 39 13 -1 0
2214 41 38 0 -1
2215 43 35 -1 0
2216 15 29 0 -1
2217 78 15 0 -1
2218 49 18 0 1
2219 75 31 -1 0
2220 40 12 1 0
2221 49 20 0 -1
2222 68 26 -1 0
2223 32 4 0 1
2224 13 37 1 0
2225 27 15 1 0
2226 91 14 -1 0
2227 53 19 0 1
2228 91 3 -1 0
2229 25 18 0 -1
2230 6 0 1 0
2231 43 33 -1 0
2232 53 14 -1 0
2233 16 20 -1 0
2234 12 35 0 1
2235 20 39 -1 0
2236 44 28 -1 0
2237 40 2 0 1
2238 61 15 0 1
2239 41 37 0 -1
2240 90 25 0 1
2241 18 11 -1 0
2242 42 11 -1 0
2243 7 26 1 0
2244 29 21 -1 0
2245 90 3 0 1
2246 21 35 -1 0
2247 88 13 1 0
2248 19 1 -1 0
2249 0 12 1 0
2250 23 2 0 1
2251 13 11 1 0
2252 12 17 0 -1
2253 46 8 1 0
2254 18 9 0 -1
2255 74 0 0 1
2256 43 6 0 -1
2257 74 8 0 -1
2258 98 18 0 1
2259 10 19 0 1
2260 97 33 -1 0
2261 93 14 0 -1
2262 97 19 1 0
2263 21 38 1 0
2264 41 12 0 1
2265 27 14 0 -1
2266 29 10 -1 0
2267 37 11 0 1
2268 86 2 0 1
2269 18 30 1 0
2270 61 33 0 1
2271 97 36 0 -1
2272 30 26 0 -1
2273 31 39 -1 0
2274 0 22 0 -1
2275 1 39 0 -1
2276 15 18 0 -1
2277 4 10 0 1
2278 9 22 -1 0
2279 41 22 -1 0
2280 6 28 -1 0
2281 40 6 0 -1
2282 70 35 -1 0
2283 39 32 0 1
2284 2 12 1 0
2285 41 25 0 -1
2286 6 6 1 0
2287 91 7 0 -1
2288 61 19 0 1
2289 77 18 -1 0
2290 13 37 1 0
2291 19 23 1 0
2292 40 4 1 0
2293 38 37 0 -1
2294 1 15 -1 0
2295 56 35 1 0
2296 96 0 -1 0
2297 50 2 -1 0
2298 66 33 -1 0
2299 26 31 -1 0
2300 23 11 1 0
2301 21 25 -1 0
2302 37 0 -1 0
2303 56 19 0 1
2304 24 37 -1 0
2305 44 19 -1 0
2306 62 39 -1 0
2307 23 22 0 -1
2308 31 28 -1 0
2309 22 12 0 -1
2310 20 19 -1 0
2311 29 2 0 -1
2312 40 7 0 1
2313 30 12 1 0
2314 8 3 0 1
2315 7 14 0 -1
2316 15 28 1 0
2317 88 10 1 0
2318 78 18 -1 0
2319 23 38 0 1
2320 36 34 1 0
2321 41 24 -1 0
2322 43 31 -1 0
2323 23 38 1 0
2324 43 13 1 0
2325 98 22 -1 0
2326 16 19 0 -1
2327 37 11 1 0
2328 2 21 0 -1
2329 30 1 -1 0
2330 36 31 1 0
2331 44 20 0 -1
2332 41 29 -1 0
2333 35 39 0 1
2334 25 13 0 -1
2335 39 33 -1 0
2336 38 14 -1 0
2337 38 10 0 1
2338 30 25 1 0
2339 48 27 -1 0
2340 28 20 0 1
2341 31 9 0 1
2342 35 2 0 -1
2343 65 5 -1 0
2344 28 31 0 1
2345 72 10 0 1
2346 24 33 -1 0
2347 11 29 0 1
2348 72 28 0 1
2349 22 18 -1 0
2350 19 1 1 0
2351 40 35 -1 0
2352 29 17 1 0
2353 78 39 0 -1
2354 36 10 0 -1
2355 3 7 0 -1
2356 98 19 -1 0
2357 19 32 1 0
2358 17 0 0 -1
2359 40 0 0 1
2360 22 36 -1 0
2361 1 25 -1 0
2362 21 22 1 0
2363 20 18 0 -1
2364 47 12 0 -1
2365 28 9 1 0
2366 20 18 1 0
2367 59 7 0 -1
2368 16 36 1 0
2369 62 19 0 -1
2370 89 32 0 1
2371 92 39 0 -1
2372 6 33 1 0
2373 44 4 1 0
2374 46 34 1 0
2375 55 11 0 -1
2376 17 13 1 0
2377 20 33 0 1
2378 40 25 1 0
2379 71 17 0 1
2380 30 21 1 0
2381 29 31 -1 0
2382 28 13 -1 0
2383 94 11 0 -1
2384 14 28 0 -1
2385 25 29 0 1
2386 83 33 -1 0
2387 88 19 0 -1
2388 44 22 0 1
2389 98 3 1 0
2390 29 10 1 0
2391 28 27 0 -1
2392 68 6 -1 0
2393 12 4 1 0
2394 68 35 1 0
2395 49 21 -1 0
2396 82 12 1 0
2397 8 27 1 0
2398 25 28 1 0
2399 48 9 0 -1
2400 94 31 0 -1
2401 45 12 0 1
2402 63 15 1 0
2403 25 27 0 -1
2404 21 31 1 0
2405 49 27 0 -1
2406 72 9 -1 0
2407 27 22 -1 0
2408 21 36 0 -1
2409 71 13 0 -1
2410 65 21 0 -1
2411 40 20 0 1
2412 20 21 0 1
2413 32 16 0 -1
2414 17 5 -1 0
2415 97 5 0 1
2416 23 26 1 0
2417 43 32 0 -1
2418 44 35 0 -1
2419 38 14 1 0
2420 40 8 1 0
2421 68 22 0 1
2422 91 15 0 1
2423 9 26 -1 0
2424 37 19 0 -1
2425 35 16 -1 0
2426 41 25 -1 0
2427 40 21 -1 0
2428 14 10 -1 0
2429 47 21 0 1
2430 28 36 1 0
2431 74 17 -1 0
2432 87 1 -1 0
2433 20 2 1 0
2434 5 0 0 1
2435 20 24 0 1
2436 45 35 0 -1
2437 50 3 0 -1
2438 45 2 0 1
2439 13 36 1 0
2440 17 12 0 1
2441 83 9 0 -1
2442 48 35 0 1
2443 15 28 -1 0
2444 41 31 -1 0
2445 1 23 -1 0
2446 38 30 0 1
2447 36 9 -1 0
2448 21 7 1 0
2449 91 32 0 1
2450 77 38 0 1
2451 96 15 -1 0
2452 27 0 -1 0
2453 22 18 0 1
2454 95 1 -1 0
2455 3 22 1 0
2456 42 23 1 0
2457 16 23 -1 0
2458 49 8 0 1
2459 25 37 0 1
2460 1 6 -1 0
2461 9 19 -1 0
2462 97 33 0 1
2463 23 34 -1 0
2464 23 35 1 0
2465 70 12 0 -1
2466 87 17 0 1
2467 66 24 -1 0
2468 94 26 0 -1
2469 23 18 -1 0
2470 18 6 0 -1
2471 79 28 -1 0
2472 83 8 1 0
2473 24 26 0 -1
2474 45 14 1 0
2475 50 27 0 1
2476 95 21 1 0
2477 7 7 1 0
2478 31 37 0 -1
2479 99 13 -1 0
2480 24 34 -1 0
2481 19 23 -1 0
2482 38 35 0 -1
2483 18 21 -1 0
2484 37 3 1 0
2485 71 4 0 1
2486 40 31 -1 0
2487 9 27 1 0
2488 30 35 0 -1
2489 93 17 0 -1
2490 82 32 0 -1
2491 20 35 0 1
2492 20 22 0 -1
2493 26 14 1 0
2494 26 6 1 0
2495 23 15 1 0
2496 47 15 0 1
2497 38 11 0 -1
2498 1 17 0 -1
2499 24 7 -1 0
2500 51 38 0 1
2501 29 37 -1 0
2502 83 32 0 1
2503 28 30 0 -1
2504 20 33 -1 0
2505 5 2 0 -1
2506 97 5 1 0
2507 60 5 0 -1
2508 96 38 0 1
2509 20 19 1 0
2510 80 25 -1 0
2511 37 15 0 -1
2512 49 8 0 -1
2513 45 36 0 -1
2514 97 32 -1 0
2515 79 11 1 0
2516 47 25 1 0
2517 14 22 -1 0
2518 25 17 0 1
2519 23 13 0 1
2520 85 32 0 -1
2521 18 13 0 1
2522 86 36 -1 0
2523 22 34 -1 0
2524 24 23 0 -1
2525 42 1 1 0
2526 45 38 0 -1
2527 91 18 0 1
2528 42 35 0 1
2529 8 6 0 -1
2530 12 0 1 0
2531 99 18 0 1
2532 25 36 -1 0
2533 23 21 0 -1
2534 88 3 0 -1
2535 83 28 1 0
2536 25 22 0 1
2537 43 18 1 0
2538 88 25 0 1
2539 84 39 0 -1
2540 38 7 0 -1
2541 51 38 -1 0
2542 38 37 0 -1
2543 27 18 0 -1
2544 95 33 1 0
2545 45 36 -1 0
2546 15 3 1 0
2547 25 21 1 0
2548 10 24 1 0
2549 81 31 0 -1
2550 25 26 0 -1
2551 89 5 0 -1
2552 39 35 -1 0
2553 44 18 1 0
2554 31 7 0 1
2555 96 4 1 0
2556 70 17 1 0
2557 47 4 1 0
2558 44 28 -1 0
2559 22 18 0 -1
2560 28 24 0 1
2561 54 8 0 1
2562 28 19 0 -1
2563 26 11 -1 0
2564 52 25 -1 0
2565 52 15 0 1
2566 17 2 0 1
2567 42 33 0 1
2568 12 3 1 0
2569 29 13 0 -1
2570 22 21 0 -1
2571 24 36 0 1
2572 43 24 1 0
2573 23 15 -1 0
2574 42 36 -1 0
2575 38 33 1 0
2576 23 13 0 1
2577 94 33 1 0
2578 43 1 0 1
2579 26 30 -1 0
2580 6 39 0 -1
2581 3 29 0 1
2582 25 18 1 0
2583 29 7 0 1
2584 44 35 1 0
2585 99 26 -1 0
2586 40 39 1 0
2587 39 34 0 -1
2588 10 11 0 -1
2589 19 2 1 0
2590 38 4 1 0
2591 46 34 1 0
2592 44 30 0 -1
2593 42 19 -1 0
2594 37 37 0 -1
2595 10 29 0 1
2596 47 11 0 1
2597 71 36 0 1
2598 46 5 0 1
2599 25 4 0 -1
2600 92 31 0 -1
2601 19 5 1 0
2602 2 9 0 1
2603 79 22 0 1
2604 24 34 -1 0
2605 61 12 1 0
2606 4 39 0 1
2607 0 23 0 1
2608 3 19 0 -1
2609 32 20 0 1
2610 44 1 -1 0
2611 29 5 0 -1
2612 35 4 0 1
2613 26 27 0 1
2614 52 27 0 -1
2615 20 18 0 -1
2616 36 33 0 1
2617 90 21 0 -1
2618 26 14 -1 0
2619 44 25 -1 0
2620 76 18 0 -1
2621 92 30 0 -1
2622 21 39 0 1
2623 41 3 1 0
2624 19 13 -1 0
2625 40 7 0 1
2626 46 19 0 -1
2627 45 25 0 1
2628 26 25 0 1
2629 2 37 1 0
2630 9 13 1 0
2631 31 7 1 0
2632 6 1 0 -1
2633 8 12 -1 0
2634 37 28 0 1
2635 86 4 1 0
2636 80 19 -1 0
2637 3 33 0 -1
2638 0 23 -1 0
2639 83 36 -1 0
2640 39 12 -1 0
2641 46 10 0 -1
2642 14 22 1 0
2643 98 33 0 -1
2644 28 7 0 -1
2645 38 9 0 1
2646 34 33 0 1
2647 45 25 1 0
2648 29 11 -1 0
2649 35 39 1 0
2650 25 15 -1 0
2651 24 14 1 0
2652 50 16 0 -1
2653 78 34 0 1
2654 39 17 0 -1
2655 44 27 0 1
2656 99 11 -1 0
2657 82 23 0 1
2658 55 11 0 1
2659 41 7 -1 0
2660 41 30 -1 0
2661 42 0 1 0
2662 39 34 1 0
2663 30 3 -1 0
2664 35 37 0 -1
2665 91 7 -1 0
2666 16 5 -1 0
2667 53 19 0 1
2668 38 32 0 1
2669 25 6 -1 0
2670 41 34 -1 0
2671 80 6 0 -1
2672 11 35 -1 0
2673 29 3 -1 0
2674 47 28 0 1
2675 97 38 -1 0
2676 29 29 1 0
2677 55 3 0 1
2678 18 36 -1 0
2679 87 16 0 -1
2680 26 13 -1 0
2681 41 1 1 0
2682 58 39 0 1
2683 6 11 -1 0
2684 20 11 1 0
2685 87 10 0 1
2686 37 35 0 1
2687 80 10 0 -1
2688 9 9 0 -1
2689 9 14 0 -1
2690 49 10 1 0
2691 16 25 1 0
2692 51 5 0 -1
2693 45 31 -1 0
2694 38 4 1 0
2695 45 26 0 -1
2696 27 13 1 0
2697 94 7 1 0
2698 21 39 0 -1
2699 17 19 1 0
2700 13 33 -1 0
2701 39 34 0 1
2702 16 18 0 1
2703 44 30 0 -1
2704 28 22 0 -1
2705 30 36 0 -1
2706 68 39 0 1
2707 40 29 -1 0
2708 98 7 0 -1
2709 24 6 0 1
2710 23 19 1 0
2711 90 4 0 -1
2712 40 22 0 -1
2713 9 18 0 1
2714 40 37 1 0
2715 17 22 1 0
2716 41 1 -1 0
2717 37 38 0 1
2718 49 0 0 -1
2719 23 39 0 1
2720 31 6 0 1
2721 37 9 -1 0
2722 27 37 0 -1
2723 27 20 1 0
2724 15 3 0 -1
2725 60 7 1 0
2726 6 32 0 1
2727 22 20 -1 0
2728 93 29 0 -1
2729 1 2 -1 0
2730 11 27 1 0
2731 24 30 1 0
2732 98 10 0 -1
2733 17 12 1 0
2734 82 13 0 -1
2735 31 14 1 0
2736 9 29 1 0
2737 30 13 0 -1
2738 76 20 0 1
2739 15 9 1 0
2740 26 28 -1 0
2741 41 2 0 1
2742 45 0 0 -1
2743 24 28 1 0
2744 2 24 -1 0
2745 25 26 1 0
2746 41 26 1 0
2747 52 11 0 -1
2748 90 14 0 -1
2749 99 25 -1 0
2750 78 5 -1 0
2751 43 39 0 1
2752 87 15 -1 0
2753 94 1 -1 0
2754 50 1 0 -1
2755 32 36 1 0
2756 21 9 -1 0
2757 95 36 0 1
2758 83 5 -1 0
2759 99 22 0 -1
2760 99 22 0 -1
2761 27 4 1 0
2762 41 33 0 -1
2763 4 17 1 0
2764 22 37 1 0
2765 39 18 0 -1
2766 20 35 0 -1
2767 53 34 -1 0
2768 41 10 1 0
2769 30 22 1 0
2770 28 18 1 0
2771 29 16 1 0
2772 75 31 0 1
2773 78 33 0 1
2774 13 29 0 1
2775 55 37 0 1
2776 18 31 0 -1
2777 98 16 0 -1
2778 14 6 0 1
2779 24 24 0 1
2780 98 29 0 1
2781 42 28 0 1
2782 24 26 1 0
2783 97 32 0 1
2784 42 16 0 -1
2785 45 31 1 0
2786 21 27 1 0
2787 99 32 -1 0
2788 3 2 0 1
2789 45 28 0 -1
2790 46 36 1 0
2791 59 1 -1 0
2792 18 35 1 0
2793 15 7 0 -1
2794 28 35 1 0
2795 1 18 1 0
2796 72 6 -1 0
2797 96 5 0 1
2798 39 30 -1 0
2799 93 31 -1 0
2800 47 30 1 0
2801 23 17 0 -1
2802 63 12 0 1
2803 90 36 0 1
2804 29 8 0 1
2805 43 20 0 -1
2806 21 24 1 0
2807 87 27 0 -1
2808 35 3 0 1
2809 47 39 0 1
2810 47 21 0 -1
2811 77 31 -1 0
2812 60 10 1 0
2813 23 19 1 0
2814 18 25 -1 0
2815 86 1 0 -1
2816 27 23 1 0
2817 94 18 0 1
2818 45 36 0 -1
2819 12 27 0 1
2820 27 31 0 -1
2821 26 19 1 0
2822 12 11 0 -1
2823 72 10 0 -1
2824 42 33 -1 0
2825 5 18 1 0
2826 37 13 0 -1
2827 75 16 0 -1
2828 58 17 1 0
2829 31 5 0 1
2830 19 21 1 0
2831 36 37 0 -1
2832 13 7 0 -1
2833 25 23 0 1
2834 66 31 1 0
2835 97 19 -1 0
2836 1 9 -1 0
2837 41 15 0 1
2838 16 7 1 0
2839 19 11 0 1
2840 21 21 -1 0
2841 82 37 -1 0
2842 11 6 0 -1
2843 51 3 -1 0
2844 43 36 0 -1
2845 46 39 0 1
2846 22 35 0 -1
2847 39 1 -1 0
2848 88 2 0 1
2849 25 0 0 -1
2850 7 33 0 -1
2851 50 39 1 0
2852 27 34 1 0
2853 18 5 0 1
2854 31 12 0 1
2855 39 36 0 -1
2856 40 31 1 0
2857 27 35 -1 0
2858 36 9 0 1
2859 43 17 -1 0
2860 74 24 0 1
2861 45 6 0 -1
2862 28 20 0 1
2863 55 30 -1 0
2864 25 35 0 1
2865 18 2 0 -1
2866 36 33 0 1
2867 97 9 0 1
2868 53 25 -1 0
2869 89 31 -1 0
2870 39 10 -1 0
2871 34 8 -1 0
2872 38 30 0 1
2873 51 18 1 0
2874 91 30 -1 0
2875 78 7 1 0
2876 44 23 -1 0
2877 2 23 0 1
2878 27 28 1 0
2879 68 35 0 1
2880 44 34 0 1
2881 2 0 1 0
2882 81 8 0 1
2883 45 24 0 1
2884 22 21 -1 0
2885 96 13 1 0
2886 42 33 0 1
2887 42 35 -1 0
2888 37 25 1 0
2889 43 23 0 1
2890 54 0 0 -1
2891 77 31 -1 0
2892 38 9 -1 0
2893 24 17 -1 0
2894 43 9 1 0
2895 42 22 1 0
2896 37 11 -1 0
2897 5 21 0 -1
2898 50 26 0 -1
2899 46 32 -1 0
2900 72 37 0 -1
2901 43 28 0 -1
2902 1 38 0 -1
2903 34 34 1 0
2904 15 10 -1 0
2905 53 8 1 0
2906 2 9 -1 0
2907 42 22 1 0
2908 3 2 -1 0
2909 85 17 0 -1
2910 17 30 1 0
2911 38 31 0 1
2912 38 26 0 -1
2913 96 2 -1 0
2914 59 8 1 0
2915 9 4 1 0
2916 23 15 -1 0
2917 22 29 -1 0
2918 64 39 1 0
2919 29 30 1 0
2920 40 37 0 -1
2921 40 22 0 -1
2922 99 11 1 0
2923 3 34 0 1
2924 45 16 0 1
2925 82 26 1 0
2926 80 24 0 1
2927 26 18 0 1
2928 75 23 1 0
2929 0 39 0 1
2930 37 35 0 1
2931 1 26 0 -1
2932 72 30 0 1
2933 34 20 0 -1
2934 48 1 0 1
2935 28 9 0 -1
2936 4 16 0 1
2937 20 32 -1 0
2938 22 11 1 0
2939 26 1 0 1
2940 55 22 1 0
2941 91 17 0 -1
2942 85 32 1 0
2943 10 7 0 1
2944 12 23 -1 0
2945 25 19 1 0
2946 48 17 0 -1
2947 82 5 -1 0
2948 45 6 1 0
2949 26 18 0 -1
2950 36 23 1 0
2951 27 29 0 1
2952 30 30 1 0
2953 47 2 -1 0
2954 42 27 0 1
2955 17 4 1 0
2956 95 3 0 1
2957 85 8 1 0
2958 43 13 1 0
2959 29 31 1 0
2960 85 29 0 -1
2961 48 38 1 0
2962 40 25 0 -1
2963 8 27 0 1
2964 2 24 0 -1
2965 58 25 0 1
2966 93 27 -1 0
2967 27 17 -1 0
2968 18 14 0 1
2969 86 7 0 -1
2970 10 33 0 -1
2971 20 39 -1 0
2972 25 19 1 0
2973 22 16 -1 0
2974 65 39 0 -1
2975 38 17 0 1
2976 86 12 0 1
2977 36 6 -1 0
2978 22 32 1 0
2979 3 15 1 0
2980 44 15 1 0
2981 89 24 1 0
2982 52 12 0 -1
2983 89 19 1 0
2984 17 3 1 0
2985 0 4 -1 0
2986 4 14 -1 0
2987 24 24 0 1
2988 94 16 -1 0
2989 1 34 1 0
2990 52 31 -1 0
2991 22 17 -1 0
2992 27 15 0 1
2993 37 37 0 -1
2994 14 2 1 0
2995 4 30 -1 0
2996 39 11 0 1
2997 80 4 0 1
2998 25 28 0 -1
2999 6 22 0 -1
3000 29 5 -1 0
3001 94 9 1 0
3002 31 37 1 0
3003 32 21 0 1
3004 17 30 0 -1
3005 79 7 0 1
3006 0 2 1 0
3007 3 30 0 -1
3008 44 14 0 -1
3009 22 31 0 1
3010 27 33 1 0
3011 41 32 1 0
3012 27 12 -1 0
3013 25 24 -1 0
3014 43 22 1 0
3015 94 4 -1 0
3016 48 11 1 0
3017 25 34 0 -1
3018 90 39 0 -1
3019 29 35 0 1
3020 98 18 1 0
3021 23 29 -1 0
3022 45 35 1 0
3023 20 30 0 -1
3024 29 22 -1 0
3025 22 15 1 0
3026 26 3 0 1
3027 25 36 0 1
3028 32 15 1 0
3029 19 3 0 -1
3030 1 27 1 0
3031 44 3 1 0
3032 20 22 0 -1
3033 47 25 0 -1
3034 49 20 -1 0
3035 49 21 0 1
3036 36 38 0 -1
3037 43 16 0 1
3038 72 16 0 -1
3039 26 12 1 0
3040 8 16 0 -1
3041 26 8 1 0
3042 98 31 0 -1
3043 23 14 0 1
3044 97 12 0 -1
3045 40 34 -1 0
3046 39 36 0 1
3047 23 22 -1 0
3048 39 15 1 0
3049 24 12 1 0
3050 66 7 -1 0
3051 77 33 1 0
3052 8 28 0 1
3053 67 14 0 1
3054 46 37 0 1
3055 3 20 0 -1
3056 30 16 1 0
3057 45 13 0 -1
3058 83 13 -1 0
3059 58 18 -1 0
3060 64 11 0 -1
3061 12 28 -1 0
3062 55 10 0 -1
3063 43 21 0 -1
3064 57 12 0 -1
3065 78 32 -1 0
3066 25 7 -1 0
3067 46 26 1 0
3068 21 23 0 1
3069 41 28 -1 0
3070 81 7 1 0
3071 36 39 -1 0
3072 92 20 1 0
3073 78 6 0 1
3074 28 20 -1 0
3075 0 36 0 1
3076 50 6 -1 0
3077 96 5 0 -1
3078 27 38 0 -1
3079 46 10 0 1
3080 41 19 0 1
3081 27 7 0 -1
3082 35 26 -1 0
3083 50 37 0 -1
3084 16 29 1 0
3085 24 31 0 -1
3086 38 19 0 -1
3087 18 22 0 -1
3088 8 4 0 -1
3089 26 11 1 0
3090 56 36 0 -1
3091 95 30 0 1
3092 51 30 0 -1
3093 86 24 0 1
3094 38 33 0 1
3095 39 12 -1 0
3096 32 10 1 0
3097 3 27 -1 0
3098 98 15 1 0
3099 2 12 -1 0
3100 10 25 1 0
3101 40 1 -1 0
3102 37 17 -1 0
3103 38 5 -1 0
3104 18 3 1 0
3105 46 35 0 1
3106 23 22 0 -1
3107 21 31 1 0
3108 38 27 0 1
3109 70 33 0 -1
3110 24 16 1 0
3111 22 32 0 1
3112 14 39 0 1
3113 39 13 0 -1
3114 87 28 0 1
3115 27 37 1 0
3116 36 36 1 0
3117 49 14 -1 0
3118 37 12 0 -1
3119 18 5 0 1
3120 48 8 1 0
3121 53 1 -1 0
3122 93 30 -1 0
3123 39 8 0 -1
3124 19 11 0 -1
3125 26 25 0 1
3126 56 13 1 0
3127 86 39 0 1
3128 10 10 -1 0
3129 43 30 0 -1
3130 40 5 -1 0
3131 31 34 -1 0
3132 9 3 0 1
3133 23 39 0 -1
3134 25 17 1 0
3135 31 38 0 1
3136 50 7 0 1
3137 74 6 1 0
3138 8 1 0 1
3139 68 28 1 0
3140 40 30 1 0
3141 38 21 0 1
3142 22 6 1 0
3143 95 17 -1 0
3144 14 21 -1 0
3145 72 14 0 1
3146 13 39 -1 0
3147 41 7 1 0
3148 79 2 -1 0
3149 17 36 0 1
3150 43 21 0 1
3151 28 1 0 -1
3152 23 35 -1 0
3153 30 4 1 0
3154 17 36 1 0
3155 17 27 1 0
3156 7 35 -1 0
3157 16 4 0 -1
3158 28 5 0 1
3159 1 20 -1 0
3160 42 36 0 -1
3161 26 17 1 0
3162 21 12 0 1
3163 39 17 0 -1
3164 98 28 1 0
3165 93 2 1 0
3166 77 4 1 0
3167 26 26 0 -1
3168 14 37 0 1
3169 3 22 1 0
3170 88 15 0 -1
3171 86 11 0 1
3172 40 15 0 -1
3173 42 31 0 1
3174 16 11 1 0
3175 8 12 1 0
3176 31 10 1 0
3177 3 30 1 0
3178 31 11 0 -1
3179 24 12 -1 0
3180 29 11 1 0
3181 18 26 0 -1
3182 24 11 1 0
3183 97 37 -1 0
3184 19 21 -1 0
3185 42 9 -1 0
3186 26 24 -1 0
3187 99 3 0 1
3188 69 15 0 1
3189 62 8 0 -1
3190 94 21 1 0
3191 88 31 0 -1
3192 4 31 1 0
3193 92 27 -1 0
3194 95 3 0 -1
3195 12 7 1 0
3196 11 11 1 0
3197 27 36 -1 0
3198 2 35 0 -1
3199 27 19 0 -1
3200 86 0 1 0
3201 29 17 -1 0
3202 82 37 1 0
3203 74 30 1 0
3204 94 19 0 -1
3205 37 9 1 0
3206 84 14 -1 0
3207 46 12 -1 0
3208 60 10 1 0
3209 19 18 1 0
3210 82 3 0 1
3211 95 26 -1 0
3212 24 36 1 0
3213 39 13 0 -1
3214 57 21 -1 0
3215 9 2 0 -1
3216 95 15 0 -1
3217 99 5 0 1
3218 74 31 1 0
3219 48 3 0 -1
3220 26 20 0 1
3221 88 16 0 1
3222 13 9 -1 0
3223 24 15 1 0
3224 73 21 0 -1
3225 3 23 0 -1
3226 21 37 1 0
3227 26 16 0 1
3228 19 28 1 0
3229 42 32 1 0
3230 54 19 0 1
3231 46 38 0 1
3232 22 20 1 0
3233 79 36 1 0
3234 25 24 -1 0
3235 73 32 0 -1
3236 21 34 0 1
3237 45 14 -1 0
3238 31 37 0 -1
3239 45 26 0 1
3240 50 0 -1 0
3241 41 35 -1 0
3242 23 20 0 1
3243 26 2 1 0
3244 82 24 -1 0
3245 20 8 0 -1
3246 25 14 -1 0
3247 30 28 0 1
3248 48 23 0 1
3249 9 18 -1 0
3250 39 35 -1 0
3251 37 24 1 0
3252 90 31 1 0
3253 23 11 1 0
3254 27 19 1 0
3255 94 3 0 1
3256 67 14 -1 0
3257 37 4 0 1
3258 38 13 0 1
3259 47 0 0 -1
3260 4 11 0 -1
3261 61 31 0 -1
3262 40 11 -1 0
3263 94 1 0 -1
3264 24 19 1 0
3265 26 23 0 -1
3266 44 18 1 0
3267 40 33 -1 0
3268 40 39 0 -1
3269 55 31 -1 0
3270 17 37 1 0
3271 42 32 0 1
3272 88 12 0 1
3273 10 31 0 1
3274 26 27 0 -1
3275 17 6 1 0
3276 91 28 0 -1
3277 27 18 0 -1
3278 66 0 0 1
3279 38 11 0 -1
3280 46 6 -1 0
3281 6 16 1 0
3282 50 19 1 0
3283 8 19 0 -1
3284 98 22 0 1
3285 1 20 -1 0
3286 41 0 0 1
3287 51 28 0 -1
3288 57 38 0 1
3289 48 12 1 0
3290 75 10 1 0
3291 24 19 0 1
3292 19 36 0 -1
3293 90 21 0 -1
3294 5 38 -1 0
3295 94 14 -1 0
3296 62 29 0 -1
3297 11 16 0 1
3298 22 8 0 1
3299 6 25 1 0
3300 91 26 0 -1
3301 23 12 0 1
3302 17 13 0 -1
3303 76 22 0 1
3304 13 39 1 0
3305 26 2 -1 0
3306 9 5 1 0
3307 21 17 0 1
3308 99 29 0 -1
3309 41 39 -1 0
3310 91 24 1 0
3311 26 37 1 0
3312 42 38 0 -1
3313 36 25 1 0
3314 93 22 0 -1
3315 43 14 0 -1
3316 45 11 0 1
3317 45 19 0 1
3318 50 32 -1 0
3319 59 35 -1 0
3320 47 7 -1 0
3321 29 12 1 0
3322 29 26 -1 0
3323 82 33 1 0
3324 41 14 1 0
3325 69 16 1 0
3326 38 10 -1 0
3327 19 31 0 1
3328 54 4 0 -1
3329 52 1 1 0
3330 84 15 -1 0
3331 94 27 0 1
3332 30 32 -1 0
3333 68 22 1 0
3334 22 35 -1 0
3335 93 27 1 0
3336 28 6 -1 0
3337 76 32 0 -1
3338 31 16 -1 0
3339 23 28 0 -1
3340 16 6 0 -1
3341 17 16 0 -1
3342 63 0 -1 0
3343 48 28 1 0
3344 69 28 0 1
3345 19 4 0 1
3346 37 14 -1 0
3347 20 26 1 0
3348 48 20 0 -1
3349 98 23 -1 0
3350 93 39 0 1
3351 28 32 -1 0
3352 24 23 1 0
3353 17 32 0 -1
3354 24 14 0 1
3355 40 32 0 -1
3356 87 0 1 0
3357 22 35 0 1
3358 98 20 0 -1
3359 21 2 1 0
3360 38 16 1 0
3361 13 6 -1 0
3362 3 19 1 0
3363 23 31 -1 0
3364 38 34 -1 0
3365 27 36 -1 0
3366 13 35 -1 0
3367 96 36 0 1
3368 22 24 1 0
3369 39 8 0 -1
3370 95 13 -1 0
3371 71 26 -1 0
3372 5 17 -1 0
3373 25 13 1 0
3374 41 16 -1 0
3375 25 25 0 1
3376 45 12 -1 0
3377 2 15 0 -1
3378 1 2 0 1
3379 16 21 0 -1
3380 29 35 0 1
3381 73 22 0 1
3382 40 36 -1 0
3383 92 9 1 0
3384 26 9 0 -1
3385 86 30 0 -1
3386 73 32 -1 0
3387 49 28 -1 0
3388 85 6 1 0
3389 20 2 0 1
3390 82 7 1 0
3391 27 34 0 -1
3392 56 35 -1 0
3393 58 1 0 -1
3394 44 13 1 0
3395 1 37 1 0
3396 26 27 0 -1
3397 50 19 0 1
3398 40 34 0 -1
3399 20 14 -1 0
3400 53 39 -1 0
3401 24 9 1 0
3402 59 20 0 1
3403 53 29 0 1
3404 20 23 1 0
3405 8 28 1 0
3406 37 28 1 0
3407 70 23 -1 0
3408 77 37 0 1
3409 25 12 -1 0
3410 43 28 1 0
3411 47 29 0 -1
3412 40 38 -1 0
3413 87 18 1 0
3414 5 32 1 0
3415 94 37 0 1
3416 45 32 1 0
3417 3 4 -1 0
3418 47 32 0 1
3419 38 30 0 -1
3420 38 28 -1 0
3421 48 28 0 1
3422 46 10 0 1
3423 80 31 -1 0
3424 26 22 1 0
3425 60 12 -1 0
3426 63 14 0 -1
3427 20 1 1 0
3428 39 11 0 1
3429 61 14 1 0
3430 56 9 -1 0
3431 45 39 1 0
3432 43 26 0 1
3433 43 27 0 1
3434 43 23 0 -1
3435 17 20 1 0
3436 79 10 -1 0
3437 52 27 -1 0
3438 45 23 -1 0
3439 26 24 1 0
3440 50 35 0 -1
3441 22 37 0 -1
3442 17 21 0 1
3443 46 25 0 1
3444 25 10 0 1
3445 5 0 1 0
3446 29 3 -1 0
3447 13 11 1 0
3448 0 33 -1 0
3449 36 2 0 -1
3450 23 20 1 0
3451 51 9 0 1
3452 21 21 0 -1
3453 64 34 -1 0
3454 80 10 0 -1
3455 13 0 0 1
3456 73 8 1 0
3457 40 33 1 0
3458 93 7 -1 0
3459 43 27 0 1
3460 30 13 1 0
3461 40 12 1 0
3462 4 26 1 0
3463 24 20 0 -1
3464 88 17 0 1
3465 85 34 0 -1
3466 87 28 0 -1
3467 35 1 -1 0
3468 44 8 1 0
3469 88 9 0 -1
3470 92 20 1 0
3471 25 29 1 0
3472 26 4 0 -1
3473 27 12 -1 0
3474 27 33 0 1
3475 45 37 -1 0
3476 4 22 0 1
3477 49 36 0 1
3478 94 23 0 -1
3479 3 1 -1 0
3480 20 10 -1 0
3481 20 1 1 0
3482 29 24 -1 0
3483 25 9 1 0
3484 38 1 -1 0
3485 25 24 0 1
3486 12 33 1 0
3487 23 14 0 1
3488 90 18 0 1
3489 31 35 0 1
3490 93 8 -1 0
3491 98 2 -1 0
3492 24 0 -1 0
3493 24 23 0 1
3494 17 34 0 -1
3495 40 15 0 -1
3496 47 34 0 -1
3497 82 6 0 -1
3498 72 9 0 1
3499 37 12 1 0
3500 5 18 0 -1
3501 32 12 -1 0
3502 2 23 0 -1
3503 39 31 1 0
3504 25 21 1 0
3505 38 19 0 1
3506 13 38 0 -1
3507 76 38 0 -1
3508 81 39 0 -1
3509 12 30 -1 0
3510 40 9 0 -1
3511 36 31 0 -1
3512 4 1 0 1
3513 89 17 0 1
3514 48 26 1 0
3515 62 2 0 1
3516 45 22 -1 0
3517 26 39 -1 0
3518 43 28 -1 0
3519 59 18 0 -1
3520 41 11 0 1
3521 77 31 0 1
3522 61 22 0 -1
3523 62 13 0 1
3524 18 34 0 1
3525 22 33 1 0
3526 14 37 -1 0
3527 82 0 -1 0
3528 19 6 0 -1
3529 21 20 0 -1
3530 65 5 -1 0
3531 74 11 0 -1
3532 38 1 0 -1
3533 93 6 0 1
3534 24 35 -1 0
3535 34 11 1 0
3536 46 22 0 -1
3537 46 12 0 -1
3538 22 38 0 -1
3539 18 22 -1 0
3540 93 17 1 0
3541 97 24 0 1
3542 15 24 0 1
3543 12 12 1 0
3544 27 25 -1 0
3545 19 20 0 1
3546 30 32 1 0
3547 56 11 0 -1
3548 67 0 0 -1
3549 25 36 -1 0
3550 89 15 0 -1
3551 42 29 -1 0
3552 15 25 0 -1
3553 26 22 0 1
3554 50 9 -1 0
3555 24 10 0 1
3556 10 12 0 -1
3557 94 32 -1 0
3558 7 22 0 1
3559 68 20 -1 0
3560 41 14 0 1
3561 97 3 0 1
3562 40 14 1 0
3563 16 12 -1 0
3564 42 13 0 -1
3565 37 13 0 -1
3566 0 38 1 0
3567 20 21 -1 0
3568 12 10 1 0
3569 27 37 0 -1
3570 45 39 -1 0
3571 21 10 0 1
3572 92 31 1 0
3573 39 32 0 1
3574 41 7 -1 0
3575 90 35 0 -1
3576 36 35 0 -1
3577 29 12 0 1
3578 25 17 -1 0
3579 65 11 0 1
3580 35 36 0 1
3581 10 15 0 -1
3582 79 2 -1 0
3583 60 28 -1 0
3584 48 7 0 1
3585 21 8 1 0
3586 37 6 0 1
3587 53 36 1 0
3588 29 21 0 -1
3589 20 23 -1 0
3590 90 5 0 1
3591 97 37 1 0
3592 24 21 0 -1
3593 13 10 -1 0
3594 24 31 0 -1
3595 91 31 0 1
3596 26 29 0 -1
3597 35 19 -1 0
3598 28 32 0 1
3599 58 28 1 0
