0 6 37 0 1
1 14 4 1 0
2 0 16 -1 0
3 76 16 -1 0
4 42 2 -1 0
5 91 25 0 -1
6 43 25 0 -1
7 81 9 -1 0
8 58 31 -1 0
9 5 26 0 -1
10 47 4 -1 0
11 95 22 0 -1
12 33 16 0 -1
13 65 35 1 0
14 85 25 0 -1
15 27 32 0 1
16 86 18 1 0
17 45 2 1 0
18 48 7 0 1
19 95 7 0 1
20 93 35 0 -1
21 85 28 1 0
22 39 3 0 1
23 21 33 1 0
24 52 23 -1 0
25 37 30 0 -1
26 1 13 1 0
27 25 7 0 1
28 31 5 1 0
29 15 14 0 1
30 20 5 0 1
31 75 6 0 1
32 41 33 0 1
33 1 0 0 1
34 31 30 0 1
35 60 7 0 1
36 84 29 0 -1
37 64 26 1 0
38 81 24 1 0
39 78 4 1 0
40 41 6 -1 0
41 78 8 1 0
42 58 0 -1 0
43 87 7 0 1
44 98 3 -1 0
45 44 18 0 -1
46 41 37 0 -1
47 51 9 0 1
48 1 27 1 0
49 77 18 -1 0
50 39 25 1 0
51 91 18 0 1
52 90 7 -1 0
53 53 2 0 1
54 37 17 0 1
55 39 29 -1 0
56 94 10 0 -1
57 42 16 -1 0
58 12 10 0 1
59 46 24 1 0
60 21 23 -1 0
61 3 6 1 0
62 10 31 0 1
63 28 31 1 0
64 25 27 0 -1
65 29 31 0 -1
66 43 27 0 1
67 47 15 1 0
68 13 14 0 1
69 10 19 0 -1
70 94 8 1 0
71 53 19 0 -1
72 84 3 0 -1
73 81 23 0 1
74 0 13 0 1
75 99 27 0 1
76 99 33 -1 0
77 39 28 0 1
78 24 12 -1 0
79 24 33 0 -1
80 34 23 -1 0
81 57 22 0 1
82 84 35 0 -1
83 19 37 1 0
84 41 5 0 1
85 30 0 0 -1
86 45 19 1 0
87 37 37 1 0
88 71 4 -1 0
89 36 1 1 0
90 52 13 1 0
91 79 29 -1 0
92 89 21 -1 0
93 62 31 1 0
94 64 4 -1 0
95 22 1 0 -1
96 75 21 1 0
97 48 21 -1 0
98 79 5 -1 0
99 95 34 0 1
100 10 8 -1 0
101 53 22 1 0
102 9 11 0 1
103 92 39 0 1
104 1 35 0 -1
105 98 28 0 -1
106 5 7 0 1
107 99 39 -1 0
108 17 35 0 -1
109 24 23 0 1
110 55 16 0 1
111 98 29 1 0
112 96 22 1 0
113 41 18 -1 0
114 88 20 1 0
115 47 31 0 1
116 28 27 1 0
117 46 1 -1 0
118 73 30 0 1
119 22 7 1 0
120 32 37 0 1
121 46 31 0 -1
122 89 13 1 0
123 82 3 1 0
124 71 22 0 -1
125 93 7 0 1
126 8 10 -1 0
127 28 36 -1 0
128 28 2 1 0
129 28 10 0 1
130 92 1 1 0
131 38 32 1 0
132 54 26 0 1
133 85 0 -1 0
134 77 25 1 0
135 19 26 0 -1
136 94 13 1 0
137 44 21 -1 0
138 63 9 0 1
139 17 30 0 1
140 2 30 0 1
141 0 20 -1 0
142 1 16 0 -1
143 24 25 0 -1
144 41 31 -1 0
145 43 24 0 1
146 92 37 1 0
147 42 31 0 1
148 25 23 0 1
149 4 20 -1 0
150 57 16 0 -1
151 10 5 -1 0
152 81 17 -1 0
153 47 37 -1 0
154 20 18 0 -1
155 3 4 1 0
156 51 27 -1 0
157 3 5 0 1
158 9 9 0 -1
159 96 23 0 1
160 67 4 0 1
161 85 17 0 -1
162 76 21 1 0
163 96 33 0 -1
164 89 29 0 -1
165 16 37 0 -1
166 11 29 0 1
167 50 19 0 1
168 18 27 0 1
169 42 12 -1 0
170 97 12 -1 0
171 16 23 0 -1
172 79 17 1 0
173 0 18 0 -1
174 6 3 -1 0
175 42 10 0 -1
176 53 8 0 1
177 95 20 -1 0
178 58 5 0 1
179 17 26 0 -1
180 39 1 1 0
181 18 16 0 -1
182 37 17 -1 0
183 33 29 0 1
184 39 0 0 -1
185 99 22 1 0
186 74 17 0 1
187 19 13 1 0
188 26 21 1 0
189 0 17 0 -1
190 76 18 0 1
191 16 12 0 -1
192 20 7 0 -1
193 96 2 0 -1
194 76 4 1 0
195 5 24 -1 0
196 83 4 0 1
197 7 11 -1 0
198 42 36 -1 0
199 20 25 0 -1
200 86 32 0 1
201 25 37 0 -1
202 6 23 1 0
203 70 21 0 -1
204 23 5 0 -1
205 46 11 0 1
206 91 32 0 1
207 42 5 -1 0
208 80 1 0 1
209 80 19 0 -1
210 14 30 0 1
211 44 16 0 1
212 77 17 0 -1
213 7 11 1 0
214 47 23 0 -1
215 89 8 -1 0
216 0 26 0 -1
217 37 29 0 1
218 94 7 1 0
219 84 5 -1 0
220 38 32 -1 0
221 6 23 1 0
222 42 9 -1 0
223 19 35 -1 0
224 86 34 -1 0
225 78 17 1 0
226 57 5 0 -1
227 6 8 -1 0
228 24 34 0 1
229 57 2 1 0
230 21 23 1 0
231 27 34 -1 0
232 41 11 -1 0
233 30 0 1 0
234 3 29 1 0
235 57 37 0 -1
236 6 38 0 -1
237 33 1 1 0
238 38 10 -1 0
239 80 38 0 1
240 80 34 1 0
241 4 3 1 0
242 28 14 0 -1
243 61 19 0 1
244 72 7 0 -1
245 32 31 -1 0
246 33 2 1 0
247 50 2 0 -1
248 25 22 1 0
249 26 9 0 -1
250 38 39 1 0
251 73 17 0 -1
252 43 22 -1 0
253 16 26 -1 0
254 42 22 0 -1
255 47 22 0 -1
256 27 21 -1 0
257 49 28 1 0
258 49 35 0 -1
259 51 8 -1 0
260 92 6 0 -1
261 26 19 0 1
262 28 24 0 -1
263 36 38 -1 0
264 35 2 1 0
265 6 34 0 -1
266 87 27 -1 0
267 69 32 0 1
268 20 23 1 0
269 41 6 -1 0
270 21 18 1 0
271 97 2 -1 0
272 89 22 0 1
273 90 30 1 0
274 9 13 0 1
275 91 4 1 0
276 50 23 0 1
277 81 28 1 0
278 56 0 -1 0
279 67 13 -1 0
280 7 19 1 0
281 51 4 -1 0
282 2 14 -1 0
283 69 12 0 1
284 57 38 0 1
285 65 20 0 -1
286 76 18 0 1
287 49 20 0 -1
288 20 31 1 0
289 62 1 -1 0
290 75 33 -1 0
291 20 14 0 -1
292 92 9 -1 0
293 68 31 -1 0
294 32 20 0 -1
295 37 32 1 0
296 90 6 1 0
297 6 11 0 1
298 94 8 1 0
299 16 17 1 0
300 98 12 0 1
301 61 2 1 0
302 44 15 0 1
303 52 14 0 -1
304 85 32 0 -1
305 84 33 0 1
306 17 28 0 1
307 46 31 -1 0
308 44 2 0 -1
309 59 37 -1 0
310 12 17 0 -1
311 9 7 -1 0
312 10 12 0 -1
313 68 28 0 1
314 68 1 0 1
315 65 24 0 -1
316 37 10 1 0
317 78 1 -1 0
318 42 32 0 1
319 90 15 0 -1
320 12 26 0 -1
321 66 17 0 -1
322 20 8 0 -1
323 58 33 0 -1
324 29 27 0 1
325 91 28 -1 0
326 50 6 0 -1
327 37 30 1 0
328 46 34 0 -1
329 11 23 0 -1
330 77 36 0 1
331 16 10 1 0
332 51 1 0 1
333 79 19 0 -1
334 48 20 0 -1
335 53 34 1 0
336 13 6 0 1
337 38 21 0 -1
338 18 16 0 -1
339 11 28 0 1
340 99 18 0 -1
341 67 5 0 1
342 85 10 0 -1
343 68 27 0 1
344 1 34 1 0
345 10 34 1 0
346 23 24 -1 0
347 57 38 0 1
348 62 21 1 0
349 26 19 1 0
350 70 16 1 0
351 52 33 -1 0
352 15 10 0 -1
353 3 7 0 -1
354 49 23 0 -1
355 26 4 0 1
356 26 5 0 1
357 32 39 1 0
358 47 25 0 -1
359 22 18 1 0
360 47 32 1 0
361 30 25 1 0
362 46 17 0 -1
363 3 7 0 1
364 8 9 1 0
365 1 2 1 0
366 59 16 -1 0
367 82 6 1 0
368 93 6 -1 0
369 55 7 -1 0
370 28 12 0 1
371 98 37 0 -1
372 86 16 -1 0
373 42 2 0 -1
374 48 38 -1 0
375 96 10 -1 0
376 94 9 0 -1
377 79 26 0 -1
378 80 5 -1 0
379 50 15 0 -1
380 41 18 -1 0
381 48 11 1 0
382 86 29 -1 0
383 85 23 0 -1
384 38 8 1 0
385 55 3 0 1
386 40 17 -1 0
387 90 2 0 1
388 95 25 0 -1
389 59 29 0 1
390 25 10 -1 0
391 25 0 0 -1
392 98 35 1 0
393 48 37 0 1
394 95 24 1 0
395 20 21 1 0
396 84 39 1 0
397 0 8 0 1
398 89 4 1 0
399 89 10 1 0
400 4 30 -1 0
401 20 23 1 0
402 95 1 0 1
403 65 39 1 0
404 88 2 1 0
405 17 31 0 -1
406 64 26 0 1
407 66 25 0 -1
408 73 2 1 0
409 85 6 1 0
410 86 0 0 1
411 1 16 -1 0
412 13 17 0 -1
413 92 1 1 0
414 80 10 0 1
415 98 18 0 1
416 70 18 0 -1
417 35 32 0 -1
418 13 1 1 0
419 58 21 0 1
420 38 38 -1 0
421 13 19 0 -1
422 39 13 -1 0
423 73 24 0 1
424 98 39 0 1
425 35 27 0 -1
426 1 13 0 -1
427 43 30 -1 0
428 98 39 -1 0
429 90 10 0 -1
430 70 21 -1 0
431 3 9 0 -1
432 18 38 0 1
433 47 24 0 -1
434 22 37 0 1
435 56 27 0 -1
436 7 24 0 -1
437 89 0 0 1
438 2 36 0 1
439 59 20 -1 0
440 11 28 0 1
441 35 7 0 1
442 49 20 0 -1
443 91 27 0 1
444 90 32 0 1
445 77 23 0 -1
446 45 38 -1 0
447 57 37 -1 0
448 71 6 -1 0
449 45 24 1 0
450 20 38 -1 0
451 43 31 0 1
452 35 25 0 -1
453 51 21 0 1
454 90 18 1 0
455 40 38 0 1
456 74 27 1 0
457 47 0 0 -1
458 3 19 0 1
459 45 7 0 1
460 23 3 0 1
461 34 2 -1 0
462 50 38 -1 0
463 48 8 0 1
464 23 31 1 0
465 16 34 1 0
466 15 7 -1 0
467 53 22 -1 0
468 44 23 -1 0
469 84 15 0 1
470 49 0 -1 0
471 72 36 1 0
472 79 4 1 0
473 99 12 1 0
474 65 15 1 0
475 3 8 0 -1
476 85 0 1 0
477 8 18 -1 0
478 94 9 0 -1
479 54 4 0 1
480 59 37 1 0
481 11 2 1 0
482 50 9 1 0
483 61 18 1 0
484 66 5 0 -1
485 81 9 -1 0
486 41 0 -1 0
487 45 18 -1 0
488 47 11 1 0
489 11 18 0 1
490 38 10 0 -1
491 9 31 0 -1
492 49 6 -1 0
493 61 13 1 0
494 59 6 0 1
495 16 25 0 -1
496 43 26 0 -1
497 7 39 -1 0
498 29 14 0 1
499 15 24 -1 0
500 76 30 1 0
501 77 15 1 0
502 44 38 0 -1
503 98 21 1 0
504 17 11 1 0
505 41 4 0 1
506 26 6 -1 0
507 23 5 1 0
508 40 15 0 -1
509 9 11 0 1
510 48 2 0 1
511 5 33 -1 0
512 7 11 -1 0
513 69 29 0 1
514 71 33 0 1
515 46 30 0 -1
516 93 5 0 1
517 41 13 -1 0
518 91 2 0 -1
519 43 33 0 1
520 21 24 0 1
521 73 22 1 0
522 40 14 -1 0
523 86 9 0 -1
524 24 37 -1 0
525 33 16 0 -1
526 14 5 0 -1
527 18 17 -1 0
528 23 9 0 1
529 43 31 -1 0
530 67 17 0 -1
531 73 10 1 0
532 98 8 0 -1
533 68 22 0 1
534 52 12 0 1
535 20 24 -1 0
536 11 10 0 1
537 5 25 0 1
538 45 31 0 -1
539 35 34 0 1
540 47 19 1 0
541 32 26 -1 0
542 65 10 0 -1
543 47 22 0 -1
544 66 25 -1 0
545 53 15 0 -1
546 17 38 -1 0
547 24 4 1 0
548 5 35 1 0
549 8 22 1 0
550 4 26 0 1
551 42 29 0 1
552 41 3 0 -1
553 1 12 0 -1
554 36 5 1 0
555 99 12 0 1
556 80 26 0 1
557 47 12 1 0
558 58 18 0 -1
559 45 38 1 0
560 72 24 1 0
561 28 19 -1 0
562 10 3 1 0
563 25 12 0 -1
564 92 32 0 -1
565 45 21 0 -1
566 26 20 0 1
567 27 1 0 1
568 56 39 0 1
569 79 34 1 0
570 24 6 1 0
571 48 7 0 1
572 6 11 1 0
573 15 28 0 -1
574 96 15 0 -1
575 45 7 0 -1
576 70 30 1 0
577 49 0 0 1
578 30 21 0 -1
579 19 24 0 -1
580 68 37 1 0
581 44 15 0 -1
582 96 29 1 0
583 49 3 0 1
584 23 29 0 1
585 36 6 0 -1
586 12 19 0 -1
587 52 32 -1 0
588 75 33 -1 0
589 70 19 0 -1
590 48 15 -1 0
591 91 6 0 1
592 28 35 0 1
593 26 8 -1 0
594 26 8 0 -1
595 88 18 1 0
596 62 17 1 0
597 36 6 -1 0
598 38 34 0 -1
599 56 19 -1 0
600 41 1 1 0
601 17 29 1 0
602 15 14 1 0
603 86 36 0 1
604 50 7 1 0
605 32 11 0 -1
606 75 26 -1 0
607 67 9 -1 0
608 22 17 -1 0
609 36 16 -1 0
610 92 31 1 0
611 44 6 0 1
612 46 25 -1 0
613 12 34 1 0
614 89 21 -1 0
615 91 14 -1 0
616 20 27 -1 0
617 75 28 0 -1
618 10 34 1 0
619 91 32 0 1
620 84 19 0 -1
621 46 15 0 1
622 47 7 -1 0
623 35 16 1 0
624 22 26 0 -1
625 16 4 0 1
626 38 1 -1 0
627 43 24 0 1
628 36 38 0 1
629 12 32 0 1
630 96 7 1 0
631 17 0 0 -1
632 21 22 -1 0
633 6 5 1 0
634 94 16 1 0
635 11 15 -1 0
636 29 37 1 0
637 24 2 0 -1
638 31 25 0 1
639 31 22 0 -1
640 27 9 1 0
641 96 32 -1 0
642 42 11 1 0
643 10 4 0 -1
644 47 6 -1 0
645 52 23 1 0
646 77 30 0 -1
647 45 0 0 -1
648 2 2 0 -1
649 0 12 0 1
650 80 1 1 0
651 75 24 0 1
652 47 12 0 1
653 91 15 -1 0
654 45 39 1 0
655 95 8 1 0
656 33 19 0 1
657 53 26 0 -1
658 76 33 1 0
659 94 31 1 0
660 56 32 0 -1
661 42 2 -1 0
662 96 13 0 1
663 23 29 0 1
664 85 31 -1 0
665 85 12 0 1
666 34 17 -1 0
667 82 19 0 1
668 0 30 -1 0
669 84 14 0 1
670 38 13 0 1
671 54 13 0 1
672 29 10 0 1
673 2 18 1 0
674 84 32 0 1
675 10 27 -1 0
676 5 8 0 1
677 54 11 1 0
678 33 2 0 -1
679 23 30 0 1
680 89 10 0 1
681 13 25 0 -1
682 87 7 -1 0
683 3 24 1 0
684 1 0 0 -1
685 75 7 0 -1
686 35 10 -1 0
687 34 2 0 -1
688 84 27 0 -1
689 29 23 1 0
690 24 31 1 0
691 42 23 0 1
692 41 12 0 1
693 33 12 0 -1
694 26 29 -1 0
695 63 31 0 -1
696 69 9 0 -1
697 19 15 -1 0
698 50 14 1 0
699 91 26 0 -1
700 19 8 -1 0
701 31 23 1 0
702 96 3 0 -1
703 9 34 1 0
704 34 17 -1 0
705 0 22 0 -1
706 58 23 0 1
707 3 13 -1 0
708 78 10 0 1
709 86 34 1 0
710 66 1 1 0
711 78 37 -1 0
712 81 1 -1 0
713 77 1 0 -1
714 40 28 -1 0
715 63 29 1 0
716 8 10 1 0
717 78 9 -1 0
718 32 11 1 0
719 36 28 -1 0
720 25 3 0 1
721 89 23 1 0
722 75 2 0 -1
723 13 32 1 0
724 88 11 0 -1
725 80 31 -1 0
726 39 11 0 -1
727 41 2 1 0
728 80 39 0 1
729 6 23 -1 0
730 97 4 -1 0
731 21 25 1 0
732 41 7 -1 0
733 72 34 1 0
734 6 25 0 -1
735 91 1 0 -1
736 88 2 -1 0
737 77 7 -1 0
738 59 39 -1 0
739 69 9 0 1
740 25 19 1 0
741 94 2 0 -1
742 62 15 -1 0
743 83 33 0 -1
744 38 14 0 1
745 22 6 0 -1
746 91 38 0 1
747 19 19 1 0
748 93 6 0 -1
749 24 2 1 0
750 60 6 0 1
751 30 24 0 1
752 39 5 1 0
753 93 21 0 -1
754 92 17 1 0
755 96 24 0 1
756 75 26 1 0
757 98 35 0 -1
758 17 23 0 -1
759 24 33 1 0
760 35 7 -1 0
761 84 24 0 -1
762 33 32 1 0
763 51 10 -1 0
764 29 25 -1 0
765 79 22 -1 0
766 79 37 1 0
767 34 28 0 1
768 47 37 -1 0
769 85 17 0 -1
770 76 2 -1 0
771 21 18 0 1
772 44 39 -1 0
773 41 25 -1 0
774 97 7 -1 0
775 0 31 0 1
776 71 7 1 0
777 67 12 -1 0
778 93 8 1 0
779 57 28 1 0
780 94 5 -1 0
781 22 11 0 -1
782 27 6 0 -1
783 29 8 -1 0
784 9 9 -1 0
785 62 21 0 1
786 1 32 -1 0
787 18 15 0 1
788 51 39 0 1
789 11 17 0 -1
790 85 8 0 -1
791 69 35 0 -1
792 84 31 0 -1
793 80 32 1 0
794 72 38 0 -1
795 36 2 0 -1
796 28 34 0 -1
797 47 35 -1 0
798 86 25 1 0
799 80 20 0 1
800 48 15 1 0
801 75 39 0 1
802 81 39 0 -1
803 44 25 1 0
804 18 31 1 0
805 99 9 0 1
806 0 4 0 -1
807 91 18 1 0
808 28 28 0 -1
809 60 21 1 0
810 32 21 0 1
811 74 31 0 -1
812 34 8 0 -1
813 17 24 1 0
814 19 22 0 1
815 89 27 0 -1
816 41 13 0 -1
817 41 29 1 0
818 10 28 0 -1
819 92 18 -1 0
820 61 18 0 -1
821 10 26 -1 0
822 66 39 0 -1
823 84 27 1 0
824 34 38 1 0
825 9 25 0 1
826 80 14 0 1
827 7 29 -1 0
828 18 14 0 1
829 13 37 1 0
830 37 6 -1 0
831 51 13 -1 0
832 18 4 0 -1
833 40 7 0 -1
834 23 37 0 1
835 81 31 0 -1
836 34 2 -1 0
837 60 11 1 0
838 66 23 0 -1
839 70 17 0 1
840 26 25 -1 0
841 99 7 -1 0
842 51 18 1 0
843 21 32 0 1
844 19 27 0 1
845 7 31 1 0
846 70 26 1 0
847 56 9 1 0
848 16 9 0 -1
849 11 22 0 1
850 64 24 0 1
851 15 21 -1 0
852 29 24 1 0
853 50 27 0 1
854 78 0 0 1
855 49 30 0 -1
856 48 12 0 1
857 46 4 0 -1
858 58 27 0 -1
859 88 25 0 1
860 73 26 -1 0
861 93 38 1 0
862 28 31 0 1
863 37 32 1 0
864 4 7 1 0
865 29 13 0 1
866 64 22 0 -1
867 80 2 1 0
868 25 2 1 0
869 64 36 -1 0
870 4 10 0 1
871 58 16 0 1
872 17 10 0 1
873 91 26 -1 0
874 46 28 -1 0
875 28 14 -1 0
876 23 4 -1 0
877 17 11 1 0
878 18 15 0 -1
879 81 2 1 0
880 51 0 -1 0
881 58 4 1 0
882 71 12 0 1
883 41 16 0 1
884 8 36 0 1
885 93 2 -1 0
886 91 37 -1 0
887 93 13 1 0
888 8 39 0 -1
889 35 15 1 0
890 40 33 0 1
891 69 21 0 -1
892 50 26 -1 0
893 84 37 0 -1
894 51 27 1 0
895 32 38 0 1
896 3 32 -1 0
897 95 24 1 0
898 28 13 1 0
899 36 32 0 1
900 18 20 -1 0
901 90 4 1 0
902 46 2 0 -1
903 20 8 0 -1
904 0 23 0 1
905 31 31 -1 0
906 15 28 0 1
907 12 4 -1 0
908 7 21 1 0
909 44 8 0 -1
910 14 3 1 0
911 43 12 0 1
912 43 11 0 1
913 82 22 0 1
914 34 19 0 -1
915 44 19 0 -1
916 37 31 -1 0
917 42 5 0 -1
918 97 38 -1 0
919 71 21 -1 0
920 15 38 0 1
921 53 32 -1 0
922 49 38 -1 0
923 56 34 1 0
924 88 29 1 0
925 49 6 0 1
926 86 10 1 0
927 59 4 1 0
928 94 18 1 0
929 36 2 1 0
930 64 16 1 0
931 37 1 0 1
932 98 4 0 1
933 6 0 -1 0
934 32 2 1 0
935 15 9 0 -1
936 89 26 1 0
937 14 0 1 0
938 90 19 0 -1
939 33 19 0 -1
940 37 29 1 0
941 28 28 0 1
942 30 15 0 1
943 42 8 -1 0
944 23 22 -1 0
945 25 24 0 -1
946 10 37 1 0
947 8 10 0 -1
948 98 22 0 -1
949 70 26 0 -1
950 85 2 -1 0
951 27 37 1 0
952 42 3 0 -1
953 6 26 -1 0
954 23 4 0 -1
955 91 30 1 0
956 82 14 1 0
957 45 16 -1 0
958 56 7 1 0
959 35 19 1 0
960 42 3 0 -1
961 5 0 1 0
962 21 2 1 0
963 26 17 0 1
964 78 14 1 0
965 95 5 0 1
966 18 9 1 0
967 48 15 0 1
968 25 17 -1 0
969 79 16 0 -1
970 33 4 1 0
971 46 36 -1 0
972 13 22 0 1
973 26 23 0 -1
974 62 17 1 0
975 10 37 0 -1
976 83 20 -1 0
977 12 20 0 1
978 23 32 -1 0
979 97 16 0 -1
980 73 14 -1 0
981 2 1 0 -1
982 88 31 1 0
983 75 27 0 -1
984 35 3 -1 0
985 4 21 0 1
986 78 31 0 1
987 2 14 0 1
988 86 30 -1 0
989 36 1 1 0
990 46 15 0 1
991 21 26 1 0
992 80 12 -1 0
993 45 29 0 -1
994 67 33 0 -1
995 88 37 1 0
996 65 26 0 1
997 3 30 1 0
998 4 22 0 1
999 27 2 1 0
1000 9 9 0 1
1001 5 30 0 -1
1002 50 20 -1 0
1003 3 27 1 0
1004 7 17 1 0
1005 68 18 -1 0
1006 23 6 -1 0
1007 5 3 0 1
1008 88 1 0 1
1009 28 6 0 1
1010 47 31 1 0
1011 23 16 0 1
1012 2 7 0 1
1013 72 39 -1 0
1014 24 39 0 1
1015 46 17 -1 0
1016 90 30 1 0
1017 71 35 0 1
1018 76 18 1 0
1019 20 6 -1 0
1020 37 1 0 1
1021 12 12 1 0
1022 43 39 0 1
1023 43 23 0 -1
1024 1 31 0 1
1025 30 15 0 1
1026 0 12 0 -1
1027 2 26 1 0
1028 19 14 0 -1
1029 40 24 0 -1
1030 79 15 0 1
1031 9 30 1 0
1032 17 1 1 0
1033 16 13 -1 0
1034 9 39 0 -1
1035 86 16 0 1
1036 78 14 0 1
1037 88 23 1 0
1038 50 22 1 0
1039 46 36 1 0
1040 35 7 0 -1
1041 97 24 1 0
1042 60 1 -1 0
1043 32 2 -1 0
1044 24 38 0 1
1045 55 34 -1 0
1046 23 19 -1 0
1047 10 7 0 -1
1048 36 21 0 -1
1049 45 9 0 1
1050 85 3 0 -1
1051 11 20 0 1
1052 92 24 -1 0
1053 47 10 0 1
1054 14 29 1 0
1055 45 29 0 -1
1056 44 16 0 1
1057 79 9 0 -1
1058 91 7 1 0
1059 45 16 1 0
1060 50 5 0 1
1061 92 25 0 1
1062 15 5 0 1
1063 87 6 -1 0
1064 47 25 0 1
1065 19 36 0 1
1066 55 1 0 -1
1067 77 35 0 -1
1068 88 36 -1 0
1069 49 7 1 0
1070 59 31 0 -1
1071 46 37 1 0
1072 50 1 1 0
1073 22 22 0 1
1074 92 32 0 -1
1075 47 7 -1 0
1076 0 29 0 -1
1077 78 16 0 1
1078 48 13 1 0
1079 25 31 -1 0
1080 25 32 0 -1
1081 97 6 -1 0
1082 41 15 0 1
1083 14 22 -1 0
1084 21 11 -1 0
1085 29 17 0 1
1086 25 31 0 1
1087 43 24 0 1
1088 10 33 1 0
1089 70 14 0 -1
1090 43 17 0 -1
1091 13 39 0 -1
1092 21 4 -1 0
1093 33 32 0 -1
1094 85 25 0 1
1095 63 38 0 -1
1096 81 11 0 1
1097 51 24 0 -1
1098 47 27 0 -1
1099 47 11 1 0
1100 25 10 -1 0
1101 17 35 1 0
1102 59 33 -1 0
1103 34 25 0 -1
1104 82 26 1 0
1105 8 28 -1 0
1106 19 11 1 0
1107 16 26 0 -1
1108 20 9 -1 0
1109 64 26 0 1
1110 41 5 -1 0
1111 39 32 -1 0
1112 66 7 -1 0
1113 48 39 0 -1
1114 45 31 -1 0
1115 27 35 1 0
1116 9 8 1 0
1117 19 9 0 -1
1118 24 16 0 -1
1119 74 3 0 1
1120 42 20 0 1
1121 21 39 0 -1
1122 48 32 1 0
1123 44 17 0 -1
1124 76 2 0 1
1125 50 3 0 -1
1126 16 5 0 -1
1127 98 23 0 -1
1128 92 20 0 1
1129 45 33 -1 0
1130 51 2 1 0
1131 15 8 1 0
1132 10 5 0 -1
1133 8 3 1 0
1134 42 30 0 1
1135 43 15 1 0
1136 65 27 0 -1
1137 90 20 -1 0
1138 19 5 0 1
1139 23 9 0 -1
1140 6 16 1 0
1141 34 21 0 1
1142 73 39 -1 0
1143 21 8 0 -1
1144 54 5 1 0
1145 11 17 0 1
1146 46 13 1 0
1147 46 11 1 0
1148 89 15 -1 0
1149 89 13 0 -1
1150 41 7 0 -1
1151 31 14 1 0
1152 79 6 -1 0
1153 12 14 1 0
1154 98 9 -1 0
1155 96 8 -1 0
1156 86 27 1 0
1157 91 10 0 -1
1158 21 1 0 1
1159 83 17 0 -1
1160 76 37 1 0
1161 12 5 -1 0
1162 96 15 -1 0
1163 6 13 -1 0
1164 8 23 1 0
1165 34 21 -1 0
1166 56 16 0 -1
1167 23 19 1 0
1168 66 17 0 1
1169 63 2 1 0
1170 19 5 0 1
1171 65 27 -1 0
1172 96 3 0 1
1173 86 9 0 1
1174 29 22 1 0
1175 44 38 -1 0
1176 89 19 1 0
1177 78 17 0 -1
1178 85 7 -1 0
1179 82 0 1 0
1180 23 30 1 0
1181 66 19 0 -1
1182 44 6 -1 0
1183 88 2 0 -1
1184 47 34 1 0
1185 39 0 1 0
1186 37 25 0 -1
1187 80 33 1 0
1188 42 5 -1 0
1189 42 12 -1 0
1190 44 2 -1 0
1191 74 4 0 -1
1192 40 37 0 -1
1193 44 24 -1 0
1194 15 21 1 0
1195 46 20 1 0
1196 16 31 0 -1
1197 36 36 0 1
1198 29 22 0 -1
1199 68 39 0 1
1200 8 9 0 1
1201 27 35 0 -1
1202 32 27 0 -1
1203 27 20 1 0
1204 1 2 1 0
1205 67 16 0 -1
1206 0 1 0 -1
1207 31 24 -1 0
1208 96 8 -1 0
1209 40 30 1 0
1210 29 13 0 -1
1211 12 0 0 -1
1212 56 15 0 -1
1213 0 4 1 0
1214 1 12 0 -1
1215 52 27 -1 0
1216 4 16 -1 0
1217 44 14 1 0
1218 87 14 -1 0
1219 42 22 0 1
1220 9 29 1 0
1221 75 23 0 -1
1222 72 32 -1 0
1223 28 1 1 0
1224 88 21 0 -1
1225 40 35 1 0
1226 44 21 0 -1
1227 85 22 -1 0
1228 81 14 1 0
1229 70 15 0 -1
1230 32 9 0 1
1231 47 28 0 -1
1232 88 11 -1 0
1233 88 16 0 -1
1234 50 35 0 1
1235 86 38 1 0
1236 23 3 1 0
1237 8 7 0 -1
1238 92 4 -1 0
1239 39 10 0 -1
1240 63 6 1 0
1241 42 32 -1 0
1242 44 4 -1 0
1243 49 32 0 1
1244 44 0 0 1
1245 65 10 1 0
1246 88 24 0 1
1247 2 8 1 0
1248 24 29 0 -1
1249 93 9 0 -1
1250 5 1 -1 0
1251 40 11 0 1
1252 24 19 1 0
1253 72 2 1 0
1254 14 25 0 -1
1255 82 18 0 -1
1256 40 17 0 1
1257 80 39 0 -1
1258 85 6 0 1
1259 40 3 0 1
1260 57 17 1 0
1261 53 2 0 1
1262 17 1 0 1
1263 12 0 0 1
1264 29 2 0 -1
1265 26 6 0 -1
1266 88 9 -1 0
1267 74 25 0 -1
1268 30 35 0 1
1269 18 18 1 0
1270 79 0 0 -1
1271 9 19 1 0
1272 93 1 -1 0
1273 84 24 0 1
1274 86 17 1 0
1275 20 35 0 -1
1276 37 31 -1 0
1277 91 33 0 -1
1278 40 9 -1 0
1279 22 11 0 -1
1280 62 6 0 -1
1281 22 34 0 1
1282 83 31 -1 0
1283 13 12 0 -1
1284 77 34 0 1
1285 70 25 0 1
1286 2 19 0 -1
1287 17 10 0 1
1288 34 28 -1 0
1289 85 7 0 -1
1290 63 17 0 -1
1291 93 26 0 1
1292 23 38 0 1
1293 99 29 1 0
1294 50 23 1 0
1295 2 7 0 1
1296 85 19 -1 0
1297 64 8 0 1
1298 91 28 0 -1
1299 44 24 0 -1
1300 16 11 -1 0
1301 10 8 0 -1
1302 43 22 0 1
1303 20 17 0 1
1304 48 6 -1 0
1305 67 32 0 1
1306 52 2 1 0
1307 81 18 0 -1
1308 0 5 0 1
1309 45 24 -1 0
1310 42 30 0 -1
1311 23 0 0 1
1312 48 22 0 1
1313 17 39 0 -1
1314 87 24 0 -1
1315 49 33 0 1
1316 56 30 0 -1
1317 23 13 0 1
1318 3 34 0 1
1319 48 33 1 0
1320 63 38 1 0
1321 81 9 0 -1
1322 61 21 -1 0
1323 43 37 1 0
1324 24 12 1 0
1325 95 15 -1 0
1326 8 26 -1 0
1327 80 39 0 1
1328 5 36 1 0
1329 36 25 -1 0
1330 30 37 0 -1
1331 56 8 1 0
1332 98 38 -1 0
1333 64 30 1 0
1334 78 24 0 1
1335 12 21 0 1
1336 83 23 1 0
1337 35 14 0 -1
1338 53 4 -1 0
1339 38 33 0 -1
1340 60 2 1 0
1341 14 4 0 1
1342 29 28 1 0
1343 39 35 0 1
1344 82 21 1 0
1345 33 10 1 0
1346 84 5 0 -1
1347 30 38 1 0
1348 88 37 0 -1
1349 26 7 -1 0
1350 53 8 0 1
1351 57 4 0 -1
1352 96 25 0 -1
1353 44 29 -1 0
1354 40 3 -1 0
1355 28 4 0 -1
1356 24 19 1 0
1357 26 39 0 -1
1358 29 13 -1 0
1359 5 12 1 0
1360 79 12 1 0
1361 30 4 1 0
1362 45 37 0 1
1363 85 28 1 0
1364 87 25 0 -1
1365 80 0 1 0
1366 37 39 0 1
1367 32 16 -1 0
1368 4 35 1 0
1369 99 25 0 1
1370 72 20 0 -1
1371 79 34 0 -1
1372 29 9 1 0
1373 49 19 -1 0
1374 20 30 0 -1
1375 48 5 0 1
1376 63 4 1 0
1377 43 32 0 1
1378 67 31 1 0
1379 4 26 0 1
1380 71 15 0 -1
1381 20 4 1 0
1382 35 14 1 0
1383 44 3 -1 0
1384 69 15 0 -1
1385 24 2 0 1
1386 37 28 -1 0
1387 38 20 -1 0
1388 38 27 -1 0
1389 61 25 -1 0
1390 20 27 0 -1
1391 38 8 1 0
1392 67 1 1 0
1393 87 9 0 -1
1394 10 18 0 -1
1395 48 34 -1 0
1396 18 1 -1 0
1397 54 37 -1 0
1398 24 21 0 -1
1399 43 21 -1 0
1400 97 28 0 1
1401 65 18 0 -1
1402 92 10 0 -1
1403 35 23 -1 0
1404 18 11 -1 0
1405 66 0 0 -1
1406 11 18 0 -1
1407 44 16 0 -1
1408 61 9 0 1
1409 83 3 0 1
1410 31 7 -1 0
1411 90 31 0 -1
1412 25 19 0 -1
1413 68 36 0 1
1414 68 31 0 1
1415 28 2 0 -1
1416 98 25 0 -1
1417 7 1 0 1
1418 19 12 1 0
1419 29 32 0 1
1420 94 35 0 1
1421 26 35 -1 0
1422 17 21 0 1
1423 40 7 0 1
1424 96 2 0 -1
1425 27 6 0 -1
1426 45 5 0 -1
1427 40 31 1 0
1428 83 29 1 0
1429 87 30 1 0
1430 59 11 1 0
1431 46 10 -1 0
1432 95 24 1 0
1433 34 29 1 0
1434 8 23 0 -1
1435 8 9 -1 0
1436 49 23 0 -1
1437 88 26 1 0
1438 39 12 0 -1
1439 20 24 0 1
1440 49 13 0 1
1441 74 32 0 1
1442 48 4 1 0
1443 0 37 0 -1
1444 71 19 1 0
1445 78 20 -1 0
1446 52 22 1 0
1447 92 7 0 -1
1448 95 11 -1 0
1449 72 28 0 1
1450 62 17 0 1
1451 95 28 -1 0
1452 27 38 0 1
1453 50 29 0 1
1454 38 7 -1 0
1455 20 6 0 1
1456 13 10 0 1
1457 51 8 1 0
1458 71 27 1 0
1459 68 24 0 1
1460 37 2 1 0
1461 79 31 -1 0
1462 54 15 0 -1
1463 82 2 0 1
1464 18 8 0 1
1465 45 39 0 1
1466 96 32 0 -1
1467 39 21 0 -1
1468 70 2 0 1
1469 24 1 1 0
1470 44 10 1 0
1471 45 38 -1 0
1472 72 34 -1 0
1473 18 17 0 -1
1474 12 15 -1 0
1475 2 7 0 -1
1476 41 32 -1 0
1477 93 13 0 -1
1478 37 5 1 0
1479 36 17 -1 0
1480 56 33 1 0
1481 7 5 1 0
1482 25 18 0 1
1483 41 3 -1 0
1484 16 33 0 1
1485 30 37 0 1
1486 38 9 0 -1
1487 47 38 1 0
1488 11 13 0 1
1489 67 28 0 -1
1490 95 18 0 -1
1491 47 19 -1 0
1492 8 6 0 1
1493 23 27 -1 0
1494 64 25 1 0
1495 33 1 -1 0
1496 55 36 0 -1
1497 40 20 -1 0
1498 54 36 -1 0
1499 99 5 0 1
1500 89 19 0 -1
1501 97 34 0 1
1502 40 30 1 0
1503 37 39 0 -1
1504 48 39 0 -1
1505 59 15 0 1
1506 67 31 -1 0
1507 44 38 0 1
1508 34 1 1 0
1509 72 1 0 -1
1510 36 7 0 -1
1511 94 29 0 1
1512 31 1 -1 0
1513 82 26 1 0
1514 23 27 0 -1
1515 88 34 1 0
1516 97 19 1 0
1517 50 35 0 1
1518 98 13 -1 0
1519 98 26 -1 0
1520 16 27 -1 0
1521 58 5 0 -1
1522 96 25 0 -1
1523 73 9 0 -1
1524 13 3 -1 0
1525 98 7 0 -1
1526 23 22 1 0
1527 52 16 1 0
1528 26 36 0 -1
1529 71 28 1 0
1530 87 2 0 -1
1531 83 12 0 1
1532 21 31 -1 0
1533 20 18 1 0
1534 97 16 -1 0
1535 40 32 0 -1
1536 23 21 0 1
1537 29 28 -1 0
1538 94 11 0 -1
1539 6 14 0 -1
1540 94 19 -1 0
1541 0 13 -1 0
1542 95 10 -1 0
1543 1 30 1 0
1544 59 10 0 -1
1545 16 38 0 -1
1546 31 36 0 1
1547 31 31 0 1
1548 96 9 -1 0
1549 83 27 1 0
1550 75 3 0 1
1551 81 28 -1 0
1552 47 19 -1 0
1553 45 28 1 0
1554 44 13 1 0
1555 47 6 0 -1
1556 43 18 1 0
1557 46 31 1 0
1558 84 19 0 -1
1559 52 39 0 -1
1560 21 4 -1 0
1561 5 34 1 0
1562 22 2 1 0
1563 48 28 0 -1
1564 45 1 1 0
1565 46 35 0 1
1566 75 19 0 -1
1567 0 28 -1 0
1568 16 33 0 -1
1569 89 20 0 1
1570 71 23 -1 0
1571 79 9 0 1
1572 29 27 -1 0
1573 15 15 1 0
1574 61 36 0 -1
1575 94 9 0 -1
1576 31 23 0 -1
1577 26 7 0 -1
1578 40 8 0 1
1579 20 25 -1 0
1580 61 29 0 -1
1581 61 27 0 -1
1582 69 34 -1 0
1583 52 2 0 -1
1584 26 26 1 0
1585 26 19 -1 0
1586 86 23 0 -1
1587 99 13 1 0
1588 18 13 0 -1
1589 38 9 0 -1
1590 58 38 0 1
1591 89 1 -1 0
1592 49 9 1 0
1593 85 9 0 -1
1594 11 39 1 0
1595 2 25 1 0
1596 16 26 0 1
1597 18 28 1 0
1598 51 33 1 0
1599 73 26 0 -1
1600 51 12 1 0
1601 31 29 0 -1
1602 90 28 0 -1
1603 53 32 1 0
1604 85 35 0 1
1605 87 9 0 1
1606 5 33 0 -1
1607 97 37 0 -1
1608 49 0 -1 0
1609 83 33 0 1
1610 47 16 0 -1
1611 87 31 -1 0
1612 15 6 0 1
1613 54 8 0 1
1614 70 18 -1 0
1615 0 18 0 -1
1616 44 37 0 -1
1617 20 18 1 0
1618 49 31 -1 0
1619 82 1 0 -1
1620 81 21 1 0
1621 25 35 0 -1
1622 53 17 0 -1
1623 26 22 -1 0
1624 37 24 -1 0
1625 76 36 0 1
1626 46 9 1 0
1627 65 23 1 0
1628 45 10 -1 0
1629 12 27 -1 0
1630 59 34 1 0
1631 26 9 0 -1
1632 9 2 0 -1
1633 32 37 0 -1
1634 17 21 -1 0
1635 2 8 -1 0
1636 49 27 0 -1
1637 73 27 0 -1
1638 33 2 0 -1
1639 96 38 1 0
1640 20 33 0 -1
1641 7 23 0 1
1642 52 0 0 -1
1643 7 29 0 -1
1644 68 34 1 0
1645 22 16 -1 0
1646 25 20 1 0
1647 85 39 0 -1
1648 71 28 1 0
1649 23 2 -1 0
1650 27 14 -1 0
1651 9 34 -1 0
1652 25 14 1 0
1653 51 6 -1 0
1654 89 10 1 0
1655 26 9 0 -1
1656 98 19 0 1
1657 56 7 0 -1
1658 84 13 -1 0
1659 70 14 1 0
1660 27 38 0 -1
1661 83 2 -1 0
1662 1 11 0 -1
1663 18 38 -1 0
1664 31 27 -1 0
1665 19 24 -1 0
1666 87 26 0 1
1667 42 35 0 1
1668 47 16 0 1
1669 30 20 0 1
1670 46 34 0 1
1671 87 29 1 0
1672 27 26 0 -1
1673 34 30 0 -1
1674 14 15 0 1
1675 49 34 -1 0
1676 51 9 0 -1
1677 20 17 1 0
1678 97 8 0 1
1679 93 10 0 -1
1680 95 32 -1 0
1681 36 14 0 -1
1682 97 35 1 0
1683 50 29 -1 0
1684 41 16 1 0
1685 46 5 1 0
1686 98 23 1 0
1687 24 37 0 -1
1688 35 12 0 1
1689 44 22 -1 0
1690 57 3 0 1
1691 58 22 0 -1
1692 26 26 1 0
1693 56 0 -1 0
1694 76 29 0 1
1695 88 19 0 1
1696 50 31 -1 0
1697 7 9 1 0
1698 53 36 -1 0
1699 48 19 -1 0
1700 6 1 1 0
1701 51 30 0 1
1702 37 16 0 -1
1703 40 10 -1 0
1704 39 9 1 0
1705 88 17 1 0
1706 3 17 0 -1
1707 39 39 -1 0
1708 63 2 0 1
1709 99 24 0 1
1710 50 37 -1 0
1711 22 32 1 0
1712 18 2 -1 0
1713 27 1 0 1
1714 31 31 0 -1
1715 17 2 0 -1
1716 71 37 1 0
1717 9 36 0 -1
1718 36 30 -1 0
1719 87 26 0 -1
1720 27 5 1 0
1721 59 1 0 1
1722 83 4 -1 0
1723 1 6 0 1
1724 44 20 1 0
1725 38 30 0 1
1726 16 20 0 -1
1727 83 36 -1 0
1728 79 9 0 1
1729 57 5 0 1
1730 91 11 -1 0
1731 60 32 0 -1
1732 70 21 0 -1
1733 58 13 0 -1
1734 47 21 0 -1
1735 1 6 0 1
1736 54 3 0 -1
1737 40 1 -1 0
1738 67 31 0 -1
1739 41 28 -1 0
1740 0 20 0 -1
1741 27 26 -1 0
1742 54 10 0 -1
1743 3 35 0 1
1744 20 10 0 -1
1745 65 24 0 -1
1746 49 16 0 -1
1747 47 5 0 1
1748 18 12 0 -1
1749 84 39 1 0
1750 26 0 -1 0
1751 7 22 1 0
1752 24 7 -1 0
1753 85 6 0 -1
1754 40 17 0 -1
1755 98 17 1 0
1756 77 1 0 -1
1757 93 12 0 1
1758 84 26 0 -1
1759 81 39 -1 0
1760 46 20 0 1
1761 21 11 -1 0
1762 0 32 0 -1
1763 52 24 0 -1
1764 41 20 0 1
1765 72 11 0 -1
1766 78 32 0 -1
1767 11 5 1 0
1768 24 36 -1 0
1769 11 20 1 0
1770 24 23 0 -1
1771 99 0 1 0
1772 23 0 1 0
1773 72 11 0 1
1774 94 12 0 -1
1775 12 24 0 -1
1776 68 10 1 0
1777 58 38 -1 0
1778 5 36 1 0
1779 28 36 1 0
1780 27 21 0 1
1781 38 18 -1 0
1782 34 24 0 -1
1783 49 20 -1 0
1784 46 2 0 -1
1785 32 14 0 1
1786 2 13 0 -1
1787 92 5 0 1
1788 97 5 0 -1
1789 6 16 0 1
1790 35 16 0 1
1791 84 26 1 0
1792 7 9 0 1
1793 41 10 -1 0
1794 45 37 0 1
1795 41 24 0 -1
1796 60 29 1 0
1797 49 9 -1 0
1798 74 31 -1 0
1799 44 3 1 0
1800 75 31 0 -1
1801 93 22 1 0
1802 12 24 0 -1
1803 43 17 -1 0
1804 91 18 0 1
1805 46 8 0 1
1806 23 8 -1 0
1807 91 26 0 -1
1808 78 0 1 0
1809 89 21 1 0
1810 96 13 0 1
1811 23 32 0 -1
1812 15 10 0 1
1813 2 3 0 -1
1814 94 5 -1 0
1815 35 25 1 0
1816 98 26 -1 0
1817 59 35 1 0
1818 96 33 0 -1
1819 50 32 -1 0
1820 98 13 -1 0
1821 12 29 0 -1
1822 35 4 0 -1
1823 5 28 -1 0
1824 45 4 0 1
1825 41 25 0 -1
1826 11 36 1 0
1827 49 25 0 1
1828 36 7 1 0
1829 33 1 0 1
1830 18 32 1 0
1831 38 27 0 1
1832 50 18 0 1
1833 91 30 -1 0
1834 55 38 0 -1
1835 46 8 0 1
1836 14 29 -1 0
1837 70 32 1 0
1838 88 21 1 0
1839 87 12 -1 0
1840 91 33 1 0
1841 1 22 1 0
1842 89 31 0 1
1843 56 13 -1 0
1844 30 16 -1 0
1845 49 15 0 1
1846 92 14 1 0
1847 81 37 0 1
1848 51 0 1 0
1849 90 30 -1 0
1850 78 30 0 -1
1851 28 32 0 -1
1852 44 36 0 1
1853 23 37 1 0
1854 90 34 -1 0
1855 46 22 -1 0
1856 35 23 1 0
1857 84 14 1 0
1858 12 33 -1 0
1859 62 4 1 0
1860 26 20 1 0
1861 17 38 1 0
1862 30 1 -1 0
1863 88 24 1 0
1864 93 27 -1 0
1865 33 19 0 -1
1866 22 32 0 1
1867 5 24 -1 0
1868 64 37 0 1
1869 40 33 0 -1
1870 88 13 1 0
1871 33 23 0 1
1872 4 39 0 1
1873 13 33 -1 0
1874 10 32 0 1
1875 97 24 0 1
1876 33 36 1 0
1877 40 28 1 0
1878 6 20 0 1
1879 95 37 -1 0
1880 29 4 0 -1
1881 38 12 0 -1
1882 80 26 0 1
1883 45 23 -1 0
1884 84 19 0 -1
1885 14 19 1 0
1886 37 32 0 -1
1887 85 36 -1 0
1888 86 16 0 -1
1889 92 8 0 -1
1890 47 17 -1 0
1891 57 36 0 1
1892 19 1 0 1
1893 36 16 -1 0
1894 47 33 0 -1
1895 41 15 -1 0
1896 36 17 1 0
1897 37 39 -1 0
1898 87 14 0 1
1899 83 12 0 -1
1900 27 21 0 -1
1901 78 4 -1 0
1902 3 19 1 0
1903 10 17 -1 0
1904 4 24 1 0
1905 14 20 -1 0
1906 61 17 1 0
1907 52 5 1 0
1908 46 21 0 -1
1909 23 9 0 -1
1910 77 4 0 -1
1911 95 29 -1 0
1912 49 17 -1 0
1913 85 16 1 0
1914 88 17 -1 0
1915 25 27 1 0
1916 95 7 0 -1
1917 45 8 -1 0
1918 52 13 -1 0
1919 93 15 0 -1
1920 67 15 0 -1
1921 81 39 0 -1
1922 57 7 0 -1
1923 23 36 0 1
1924 52 31 0 -1
1925 96 26 1 0
1926 92 32 -1 0
1927 83 2 0 1
1928 88 21 0 1
1929 41 27 -1 0
1930 31 32 -1 0
1931 51 25 0 1
1932 27 32 0 -1
1933 87 27 -1 0
1934 6 18 0 1
1935 64 18 0 1
1936 7 16 0 1
1937 67 26 -1 0
1938 33 27 1 0
1939 74 19 0 1
1940 28 27 0 -1
1941 43 10 0 1
1942 31 16 0 -1
1943 41 27 1 0
1944 19 39 1 0
1945 65 15 0 1
1946 93 9 1 0
1947 3 24 0 -1
1948 86 5 0 1
1949 67 15 -1 0
1950 71 16 0 1
1951 44 28 0 1
1952 85 0 -1 0
1953 91 32 0 1
1954 29 14 1 0
1955 42 25 -1 0
1956 21 11 0 -1
1957 31 25 -1 0
1958 79 17 0 1
1959 10 38 0 -1
1960 97 20 0 1
1961 49 15 0 -1
1962 55 36 0 -1
1963 41 31 1 0
1964 84 2 1 0
1965 85 22 0 1
1966 47 34 0 1
1967 83 3 0 1
1968 46 29 -1 0
1969 56 39 -1 0
1970 48 3 1 0
1971 60 13 0 1
1972 39 15 1 0
1973 79 39 1 0
1974 86 38 0 1
1975 47 29 0 1
1976 98 28 -1 0
1977 19 11 0 -1
1978 2 15 0 1
1979 92 23 0 -1
1980 44 36 0 1
1981 74 38 -1 0
1982 38 30 -1 0
1983 28 3 1 0
1984 97 23 1 0
1985 23 18 -1 0
1986 42 10 0 -1
1987 4 10 0 1
1988 24 5 -1 0
1989 12 1 1 0
1990 24 3 0 1
1991 22 16 0 1
1992 47 2 0 1
1993 17 36 -1 0
1994 16 4 -1 0
1995 22 26 1 0
1996 81 21 0 -1
1997 89 25 1 0
1998 18 7 0 1
1999 22 21 0 -1
2000 90 1 0 -1
2001 59 30 1 0
2002 4 11 1 0
2003 76 23 0 -1
2004 0 0 1 0
2005 10 1 0 -1
2006 21 32 0 1
2007 43 9 0 1
2008 81 4 0 -1
2009 20 5 1 0
2010 63 26 1 0
2011 84 18 0 1
2012 95 35 0 -1
2013 94 34 -1 0
2014 47 1 1 0
2015 16 39 1 0
2016 1 39 -1 0
2017 99 2 1 0
2018 51 23 0 1
2019 11 30 0 1
2020 19 2 1 0
2021 89 7 -1 0
2022 77 13 0 -1
2023 18 15 0 1
2024 10 4 0 -1
2025 32 26 -1 0
2026 85 24 -1 0
2027 71 37 -1 0
2028 16 36 0 1
2029 8 28 1 0
2030 28 11 1 0
2031 21 6 0 1
2032 39 27 0 1
2033 1 32 -1 0
2034 66 7 -1 0
2035 86 29 0 1
2036 90 9 -1 0
2037 66 34 0 -1
2038 65 30 0 1
2039 12 33 0 -1
2040 29 5 0 1
2041 57 39 0 -1
2042 50 20 0 1
2043 85 4 1 0
2044 14 28 -1 0
2045 47 2 1 0
2046 4 1 0 -1
2047 55 0 1 0
2048 24 4 0 1
2049 46 8 0 -1
2050 39 3 1 0
2051 34 18 -1 0
2052 55 8 -1 0
2053 6 15 0 1
2054 30 17 1 0
2055 55 9 0 1
2056 42 8 0 1
2057 21 1 1 0
2058 27 23 0 -1
2059 50 16 0 1
2060 49 4 1 0
2061 63 12 1 0
2062 96 24 0 1
2063 23 19 1 0
2064 78 12 -1 0
2065 31 1 0 -1
2066 40 10 -1 0
2067 99 10 0 1
2068 17 23 0 1
2069 85 21 0 1
2070 4 18 0 1
2071 42 0 1 0
2072 0 39 0 1
2073 35 8 1 0
2074 55 29 0 -1
2075 0 24 0 -1
2076 27 22 0 -1
2077 90 16 0 1
2078 48 39 1 0
2079 43 0 0 -1
2080 88 8 1 0
2081 29 17 0 1
2082 30 16 0 -1
2083 11 35 -1 0
2084 70 24 -1 0
2085 38 38 0 -1
2086 75 18 0 1
2087 42 32 0 -1
2088 95 13 0 1
2089 70 14 0 -1
2090 94 18 -1 0
2091 85 4 0 1
2092 93 33 1 0
2093 41 1 1 0
2094 41 34 -1 0
2095 53 5 0 1
2096 40 13 0 -1
2097 98 30 1 0
2098 24 1 0 -1
2099 79 26 0 -1
2100 99 21 0 -1
2101 28 12 0 -1
2102 25 22 -1 0
2103 24 29 0 -1
2104 13 22 1 0
2105 40 28 0 -1
2106 65 12 -1 0
2107 27 3 -1 0
2108 9 7 1 0
2109 79 14 0 1
2110 43 23 0 1
2111 87 13 1 0
2112 73 6 0 -1
2113 39 30 0 1
2114 43 14 0 -1
2115 45 36 0 1
2116 15 9 -1 0
2117 35 3 0 1
2118 34 35 0 1
2119 96 6 0 1
2120 91 5 0 -1
2121 90 29 0 1
2122 80 12 0 -1
2123 93 35 1 0
2124 55 5 1 0
2125 84 4 1 0
2126 84 4 1 0
2127 95 21 1 0
2128 86 6 0 1
2129 99 23 0 1
2130 60 22 1 0
2131 90 16 1 0
2132 49 38 -1 0
2133 16 32 1 0
2134 88 19 0 1
2135 91 9 0 1
2136 46 5 0 -1
2137 19 31 -1 0
2138 56 35 0 1
2139 47 21 -1 0
2140 40 33 -1 0
2141 25 15 -1 0
2142 2 1 0 1
2143 91 33 0 -1
2144 32 23 0 1
2145 32 36 0 -1
2146 55 20 0 1
2147 56 37 -1 0
2148 78 2 1 0
2149 2 11 0 -1
2150 80 15 0 1
2151 25 6 1 0
2152 11 29 -1 0
2153 7 22 0 1
2154 42 24 0 1
2155 45 22 0 1
2156 93 3 -1 0
2157 71 13 0 -1
2158 99 25 0 1
2159 43 37 0 -1
2160 47 0 1 0
2161 52 11 1 0
2162 12 30 0 1
2163 42 15 0 -1
2164 58 19 0 1
2165 44 3 -1 0
2166 71 8 0 -1
2167 25 37 0 -1
2168 15 6 1 0
2169 20 39 0 -1
2170 86 5 0 1
2171 85 18 1 0
2172 49 15 0 -1
2173 53 10 -1 0
2174 59 27 -1 0
2175 37 23 0 1
2176 0 29 0 1
2177 29 38 -1 0
2178 31 15 1 0
2179 18 36 0 1
2180 18 25 0 -1
2181 81 23 1 0
2182 73 33 0 -1
2183 21 38 1 0
2184 46 9 -1 0
2185 17 17 1 0
2186 58 30 0 1
2187 99 17 -1 0
2188 38 31 0 1
2189 2 32 -1 0
2190 62 4 0 -1
2191 4 2 0 1
2192 88 26 0 -1
2193 4 3 0 -1
2194 4 7 0 1
2195 99 12 0 1
2196 13 14 0 1
2197 7 26 -1 0
2198 96 16 1 0
2199 77 6 0 -1
2200 20 26 0 -1
2201 62 37 0 1
2202 57 31 0 -1
2203 73 21 0 1
2204 37 28 0 1
2205 52 4 -1 0
2206 93 35 0 -1
2207 71 27 -1 0
2208 94 23 0 -1
2209 37 31 -1 0
2210 72 39 0 1
2211 3 4 1 0
2212 71 34 -1 0
2213 32 28 0 -1
2214 41 15 -1 0
2215 34 19 0 -1
2216 46 6 0 1
2217 62 18 1 0
2218 62 23 0 1
2219 61 21 0 1
2220 31 36 0 -1
2221 73 20 0 -1
2222 46 34 -1 0
2223 59 23 -1 0
2224 12 33 0 -1
2225 75 2 1 0
2226 7 0 -1 0
2227 26 25 -1 0
2228 97 34 0 -1
2229 26 29 0 1
2230 26 36 1 0
2231 76 12 -1 0
2232 79 28 0 1
2233 47 6 0 -1
2234 42 29 -1 0
2235 20 13 1 0
2236 49 21 -1 0
2237 45 20 0 1
2238 22 27 -1 0
2239 78 30 0 1
2240 92 18 1 0
2241 25 21 0 1
2242 13 28 1 0
2243 34 9 0 1
2244 12 7 0 1
2245 76 11 -1 0
2246 9 34 0 -1
2247 23 39 0 1
2248 63 2 0 1
2249 24 12 1 0
2250 75 16 -1 0
2251 92 3 0 1
2252 35 14 -1 0
2253 54 9 0 -1
2254 23 16 1 0
2255 6 10 0 1
2256 92 8 1 0
2257 20 6 -1 0
2258 93 4 -1 0
2259 26 8 0 -1
2260 53 6 0 -1
2261 26 17 0 -1
2262 55 8 0 -1
2263 25 12 0 -1
2264 81 13 -1 0
2265 15 25 1 0
2266 32 19 1 0
2267 41 29 0 -1
2268 41 8 -1 0
2269 29 8 0 -1
2270 39 17 0 -1
2271 35 11 0 -1
2272 26 2 1 0
2273 97 26 0 1
2274 27 4 1 0
2275 85 31 -1 0
2276 68 28 1 0
2277 24 16 1 0
2278 50 0 0 1
2279 78 31 0 1
2280 40 12 -1 0
2281 39 30 -1 0
2282 51 15 0 1
2283 5 11 -1 0
2284 84 3 0 1
2285 14 22 1 0
2286 1 7 0 -1
2287 62 35 -1 0
2288 90 14 1 0
2289 22 24 1 0
2290 2 38 1 0
2291 31 18 0 1
2292 46 14 1 0
2293 70 15 1 0
2294 4 19 0 1
2295 48 27 -1 0
2296 35 36 -1 0
2297 30 17 -1 0
2298 13 17 1 0
2299 48 38 1 0
2300 89 18 0 1
2301 77 2 -1 0
2302 48 14 -1 0
2303 10 16 0 -1
2304 34 23 1 0
2305 30 4 1 0
2306 17 4 0 -1
2307 80 2 0 1
2308 95 29 0 -1
2309 43 25 -1 0
2310 46 27 1 0
2311 64 28 0 1
2312 35 33 0 -1
2313 6 26 0 -1
2314 41 12 1 0
2315 6 5 0 1
2316 94 12 1 0
2317 46 13 1 0
2318 6 26 -1 0
2319 68 38 -1 0
2320 95 26 1 0
2321 34 20 0 1
2322 7 10 0 1
2323 39 11 0 1
2324 7 26 1 0
2325 28 15 0 1
2326 73 24 -1 0
2327 44 29 0 -1
2328 48 20 -1 0
2329 18 37 0 -1
2330 45 22 -1 0
2331 93 19 -1 0
2332 91 10 0 -1
2333 38 5 -1 0
2334 5 36 0 -1
2335 93 16 -1 0
2336 87 28 0 -1
2337 94 1 1 0
2338 7 36 0 1
2339 7 22 0 1
2340 1 18 -1 0
2341 88 30 1 0
2342 28 1 -1 0
2343 19 30 -1 0
2344 22 7 1 0
2345 94 24 0 -1
2346 43 14 0 -1
2347 26 35 0 1
2348 9 25 -1 0
2349 21 0 0 -1
2350 48 37 0 -1
2351 18 7 0 -1
2352 27 22 0 -1
2353 86 2 -1 0
2354 8 28 -1 0
2355 43 13 -1 0
2356 61 0 1 0
2357 36 33 0 -1
2358 41 36 -1 0
2359 28 37 0 -1
2360 85 27 -1 0
2361 53 17 -1 0
2362 70 33 1 0
2363 40 9 1 0
2364 83 36 -1 0
2365 48 19 0 1
2366 9 39 0 -1
2367 24 20 1 0
2368 40 15 0 1
2369 81 25 1 0
2370 77 2 1 0
2371 56 0 0 -1
2372 96 38 0 1
2373 26 22 -1 0
2374 60 38 0 1
2375 61 33 1 0
2376 55 3 -1 0
2377 24 30 -1 0
2378 38 11 1 0
2379 34 24 0 1
2380 4 16 1 0
2381 93 20 -1 0
2382 29 21 1 0
2383 27 38 -1 0
2384 73 27 -1 0
2385 26 3 0 1
2386 38 20 1 0
2387 12 34 0 -1
2388 28 31 1 0
2389 6 37 1 0
2390 32 12 0 -1
2391 52 10 1 0
2392 45 6 -1 0
2393 63 24 1 0
2394 35 0 0 1
2395 74 12 -1 0
2396 39 6 1 0
2397 22 1 -1 0
2398 29 28 -1 0
2399 23 4 1 0
2400 20 4 1 0
2401 93 8 0 -1
2402 46 1 1 0
2403 41 2 1 0
2404 20 28 0 1
2405 16 19 0 -1
2406 19 11 1 0
2407 68 16 0 -1
2408 82 39 -1 0
2409 60 16 -1 0
2410 73 1 0 1
2411 38 17 -1 0
2412 68 7 1 0
2413 99 16 0 -1
2414 48 23 0 -1
2415 69 38 1 0
2416 23 37 1 0
2417 60 30 -1 0
2418 87 38 0 -1
2419 40 12 1 0
2420 47 20 1 0
2421 45 16 -1 0
2422 57 14 -1 0
2423 22 21 -1 0
2424 67 12 0 1
2425 19 21 0 1
2426 90 0 0 -1
2427 16 22 0 1
2428 14 22 0 -1
2429 89 39 1 0
2430 91 7 1 0
2431 52 29 0 -1
2432 76 16 0 -1
2433 42 8 0 -1
2434 52 26 1 0
2435 37 8 0 1
2436 17 30 1 0
2437 6 21 0 -1
2438 96 5 -1 0
2439 94 19 1 0
2440 96 7 -1 0
2441 62 30 -1 0
2442 82 23 0 -1
2443 77 0 0 1
2444 71 23 0 -1
2445 43 18 0 1
2446 47 30 -1 0
2447 34 33 0 1
2448 83 1 0 1
2449 23 13 0 1
2450 91 39 -1 0
2451 64 3 0 1
2452 32 2 0 1
2453 2 2 -1 0
2454 0 20 1 0
2455 43 36 -1 0
2456 82 31 1 0
2457 11 15 1 0
2458 94 11 0 -1
2459 28 32 1 0
2460 74 0 1 0
2461 68 25 0 -1
2462 76 29 -1 0
2463 32 19 0 1
2464 80 14 -1 0
2465 47 16 -1 0
2466 79 25 0 1
2467 71 7 1 0
2468 99 9 0 1
2469 23 12 0 1
2470 85 15 0 1
2471 6 13 -1 0
2472 98 21 0 -1
2473 12 15 0 1
2474 92 26 0 1
2475 72 25 0 1
2476 42 22 0 -1
2477 81 38 0 1
2478 44 21 1 0
2479 82 13 -1 0
2480 37 1 0 1
2481 32 19 -1 0
2482 37 12 0 -1
2483 17 22 0 1
2484 97 17 1 0
2485 84 1 0 1
2486 14 20 0 1
2487 42 37 0 -1
2488 97 4 -1 0
2489 7 20 0 -1
2490 65 37 0 1
2491 28 22 0 -1
2492 95 5 1 0
2493 31 15 1 0
2494 67 21 -1 0
2495 53 28 0 1
2496 94 20 1 0
2497 25 11 0 1
2498 92 38 0 1
2499 25 5 -1 0
2500 46 14 0 -1
2501 13 1 1 0
2502 70 9 -1 0
2503 30 21 1 0
2504 32 4 1 0
2505 64 30 1 0
2506 79 15 0 -1
2507 11 4 0 -1
2508 3 4 -1 0
2509 56 4 0 -1
2510 6 1 -1 0
2511 49 32 0 -1
2512 91 9 1 0
2513 72 32 -1 0
2514 24 3 0 1
2515 37 27 1 0
2516 43 23 -1 0
2517 39 8 1 0
2518 96 37 0 1
2519 35 19 1 0
2520 84 27 -1 0
2521 83 11 -1 0
2522 25 9 0 1
2523 9 8 0 1
2524 8 0 -1 0
2525 55 3 0 -1
2526 51 7 0 -1
2527 52 22 -1 0
2528 31 33 -1 0
2529 67 12 0 1
2530 45 21 1 0
2531 65 12 0 1
2532 20 21 0 1
2533 76 39 1 0
2534 22 11 0 -1
2535 65 20 0 1
2536 85 5 1 0
2537 92 35 0 -1
2538 57 2 0 -1
2539 90 12 0 -1
2540 96 17 0 1
2541 45 25 0 -1
2542 77 11 0 -1
2543 47 20 -1 0
2544 82 20 1 0
2545 13 16 1 0
2546 96 30 1 0
2547 12 27 0 1
2548 54 29 0 1
2549 85 21 0 -1
2550 33 22 -1 0
2551 46 20 0 -1
2552 49 11 -1 0
2553 22 21 0 1
2554 49 5 1 0
2555 45 19 -1 0
2556 84 14 -1 0
2557 29 10 -1 0
2558 23 5 0 -1
2559 31 2 0 -1
2560 27 22 -1 0
2561 11 17 1 0
2562 88 17 0 1
2563 89 36 -1 0
2564 45 2 1 0
2565 30 10 0 -1
2566 95 10 1 0
2567 16 10 -1 0
2568 45 0 -1 0
2569 34 9 1 0
2570 19 28 1 0
2571 96 8 0 -1
2572 94 37 0 1
2573 89 11 0 -1
2574 6 36 0 1
2575 38 25 -1 0
2576 79 18 0 1
2577 45 33 0 -1
2578 97 38 0 1
2579 83 13 0 -1
2580 4 16 0 1
2581 61 11 0 -1
2582 8 25 0 1
2583 97 16 0 1
2584 94 10 0 1
2585 41 37 0 -1
2586 1 1 1 0
2587 61 19 0 1
2588 76 19 0 -1
2589 84 1 0 1
2590 25 12 1 0
2591 73 21 -1 0
2592 40 12 0 -1
2593 51 5 -1 0
2594 79 0 -1 0
2595 89 20 1 0
2596 74 30 0 1
2597 4 14 -1 0
2598 98 17 0 1
2599 15 0 -1 0
2600 20 0 1 0
2601 41 8 0 -1
2602 46 37 -1 0
2603 17 39 -1 0
2604 42 1 -1 0
2605 97 24 0 -1
2606 35 3 0 1
2607 12 21 1 0
2608 80 24 0 1
2609 13 15 1 0
2610 66 16 0 -1
2611 12 17 1 0
2612 88 27 -1 0
2613 24 7 0 1
2614 86 26 -1 0
2615 67 10 -1 0
2616 26 6 1 0
2617 13 33 -1 0
2618 18 23 1 0
2619 34 33 0 1
2620 29 19 1 0
2621 7 25 0 -1
2622 10 13 0 -1
2623 57 16 0 -1
2624 51 3 0 1
2625 28 3 0 -1
2626 45 35 -1 0
2627 34 37 0 -1
2628 18 14 0 1
2629 90 39 -1 0
2630 25 14 0 1
2631 77 6 -1 0
2632 26 39 -1 0
2633 26 7 1 0
2634 15 4 1 0
2635 32 38 1 0
2636 3 29 1 0
2637 9 13 -1 0
2638 22 39 1 0
2639 50 9 -1 0
2640 18 39 0 1
2641 41 18 1 0
2642 79 32 -1 0
2643 4 9 0 1
2644 73 24 -1 0
2645 84 30 0 1
2646 60 14 -1 0
2647 31 32 0 -1
2648 64 8 0 1
2649 20 3 0 1
2650 13 11 0 1
2651 18 0 0 1
2652 73 20 -1 0
2653 19 6 -1 0
2654 82 16 1 0
2655 50 29 0 -1
2656 34 19 1 0
2657 86 14 1 0
2658 34 16 -1 0
2659 21 24 0 1
2660 38 7 0 -1
2661 47 20 0 1
2662 3 13 -1 0
2663 67 13 0 -1
2664 44 33 1 0
2665 24 4 -1 0
2666 82 22 1 0
2667 98 23 1 0
2668 95 4 0 1
2669 55 6 1 0
2670 0 33 0 -1
2671 25 35 1 0
2672 81 20 0 -1
2673 95 3 0 -1
2674 73 15 1 0
2675 67 39 0 -1
2676 9 10 1 0
2677 51 15 0 -1
2678 40 21 1 0
2679 89 2 0 1
2680 30 13 0 1
2681 39 12 -1 0
2682 16 21 -1 0
2683 61 1 0 1
2684 23 10 -1 0
2685 26 1 -1 0
2686 97 0 0 -1
2687 43 6 -1 0
2688 39 21 -1 0
2689 98 24 1 0
2690 22 37 1 0
2691 83 20 0 -1
2692 87 25 1 0
2693 36 30 1 0
2694 48 20 0 -1
2695 9 20 -1 0
2696 53 21 0 -1
2697 69 26 0 -1
2698 95 8 0 1
2699 38 5 0 -1
2700 95 8 -1 0
2701 40 11 0 -1
2702 40 18 0 -1
2703 21 6 -1 0
2704 10 22 -1 0
2705 68 23 1 0
2706 95 16 -1 0
2707 14 18 -1 0
2708 76 8 -1 0
2709 46 15 0 -1
2710 72 3 0 -1
2711 66 34 0 -1
2712 25 38 -1 0
2713 48 33 -1 0
2714 97 4 0 1
2715 29 9 0 -1
2716 48 12 0 -1
2717 92 39 1 0
2718 82 8 -1 0
2719 25 39 0 -1
2720 16 18 -1 0
2721 70 17 -1 0
2722 93 33 0 1
2723 2 34 1 0
2724 40 9 0 1
2725 94 36 0 1
2726 41 39 0 -1
2727 46 6 0 -1
2728 22 22 -1 0
2729 3 37 -1 0
2730 96 31 1 0
2731 17 22 0 -1
2732 27 27 1 0
2733 28 39 0 -1
2734 92 29 0 -1
2735 22 26 0 -1
2736 15 36 1 0
2737 42 23 0 -1
2738 30 26 0 -1
2739 25 20 1 0
2740 31 10 -1 0
2741 49 19 -1 0
2742 84 18 0 1
2743 15 2 -1 0
2744 62 38 1 0
2745 26 34 -1 0
2746 94 4 0 1
2747 7 12 1 0
2748 89 38 0 1
2749 87 27 0 -1
2750 16 21 0 1
2751 93 13 1 0
2752 41 39 0 -1
2753 62 36 0 -1
2754 65 20 1 0
2755 47 22 0 -1
2756 63 25 0 1
2757 81 13 1 0
2758 50 5 -1 0
2759 51 21 0 -1
2760 95 15 0 -1
2761 70 35 -1 0
2762 90 21 -1 0
2763 43 8 0 -1
2764 23 14 -1 0
2765 7 5 -1 0
2766 18 16 0 -1
2767 26 16 1 0
2768 0 15 0 1
2769 96 7 -1 0
2770 85 17 1 0
2771 40 35 -1 0
2772 35 30 -1 0
2773 24 6 0 -1
2774 91 6 1 0
2775 12 13 0 -1
2776 3 30 1 0
2777 48 35 1 0
2778 41 35 -1 0
2779 81 37 0 -1
2780 68 21 0 -1
2781 92 10 0 1
2782 26 20 1 0
2783 45 21 -1 0
2784 3 39 0 1
2785 21 23 0 1
2786 90 29 1 0
2787 50 25 -1 0
2788 38 9 -1 0
2789 26 33 0 1
2790 71 20 0 1
2791 88 9 -1 0
2792 2 29 0 1
2793 29 38 0 -1
2794 5 32 -1 0
2795 8 22 0 1
2796 28 0 0 -1
2797 46 22 1 0
2798 60 4 0 -1
2799 19 7 -1 0
2800 42 24 0 -1
2801 72 26 0 1
2802 4 3 1 0
2803 51 29 -1 0
2804 80 19 0 -1
2805 68 23 0 1
2806 16 24 1 0
2807 16 34 0 1
2808 47 26 -1 0
2809 17 28 -1 0
2810 69 39 0 -1
2811 52 15 1 0
2812 1 22 -1 0
2813 69 0 1 0
2814 4 27 -1 0
2815 46 9 0 -1
2816 18 0 1 0
2817 38 15 1 0
2818 22 16 0 -1
2819 43 11 1 0
2820 74 35 0 -1
2821 97 35 1 0
2822 45 5 0 1
2823 99 32 0 1
2824 85 23 0 -1
2825 49 21 1 0
2826 93 9 0 1
2827 0 21 -1 0
2828 82 36 0 1
2829 7 26 -1 0
2830 39 36 0 1
2831 84 5 -1 0
2832 90 13 0 -1
2833 21 26 0 -1
2834 22 25 0 1
2835 30 21 -1 0
2836 70 9 -1 0
2837 16 2 -1 0
2838 65 28 1 0
2839 4 8 0 1
2840 40 7 1 0
2841 25 8 0 1
2842 67 26 1 0
2843 43 5 -1 0
2844 41 12 0 -1
2845 60 4 0 1
2846 97 22 -1 0
2847 42 9 -1 0
2848 24 8 -1 0
2849 90 14 1 0
2850 97 20 0 1
2851 1 14 1 0
2852 66 38 0 1
2853 88 27 -1 0
2854 82 9 1 0
2855 65 15 0 -1
2856 98 28 1 0
2857 9 4 0 -1
2858 44 25 0 -1
2859 32 11 -1 0
2860 20 26 -1 0
2861 45 32 1 0
2862 44 20 1 0
2863 43 4 0 1
2864 86 7 0 -1
2865 7 15 1 0
2866 85 2 -1 0
2867 91 29 1 0
2868 8 13 1 0
2869 42 18 -1 0
2870 71 9 0 1
2871 70 23 0 1
2872 23 23 1 0
2873 6 24 0 1
2874 39 19 -1 0
2875 59 21 -1 0
2876 74 32 0 1
2877 85 32 0 1
2878 97 39 0 1
2879 27 35 0 -1
2880 2 5 0 1
2881 96 3 -1 0
2882 99 3 1 0
2883 98 34 -1 0
2884 18 20 0 1
2885 40 38 -1 0
2886 99 8 -1 0
2887 80 0 0 -1
2888 54 23 0 -1
2889 42 4 0 1
2890 31 34 -1 0
2891 24 6 0 -1
2892 74 13 -1 0
2893 19 5 0 -1
2894 34 3 0 1
2895 51 4 -1 0
2896 16 11 -1 0
2897 91 0 0 1
2898 44 37 -1 0
2899 54 2 -1 0
2900 20 33 1 0
2901 52 30 -1 0
2902 44 18 0 -1
2903 45 20 0 -1
2904 11 22 1 0
2905 99 18 0 -1
2906 37 3 0 -1
2907 89 24 -1 0
2908 52 2 1 0
2909 49 23 0 1
2910 67 28 0 -1
2911 15 21 1 0
2912 80 36 -1 0
2913 11 27 0 -1
2914 74 35 1 0
2915 31 27 0 -1
2916 62 29 0 1
2917 46 21 0 1
2918 32 4 0 1
2919 9 29 0 1
2920 99 38 -1 0
2921 52 10 -1 0
2922 95 11 -1 0
2923 68 29 -1 0
2924 21 25 0 1
2925 15 3 0 1
2926 13 19 0 -1
2927 47 8 -1 0
2928 20 25 0 1
2929 65 18 0 1
2930 29 1 -1 0
2931 87 15 0 -1
2932 13 19 0 1
2933 80 22 0 -1
2934 3 22 0 -1
2935 26 39 0 1
2936 68 35 -1 0
2937 12 26 0 1
2938 61 8 -1 0
2939 30 1 1 0
2940 25 8 -1 0
2941 37 27 0 1
2942 90 29 1 0
2943 82 27 0 -1
2944 39 23 -1 0
2945 79 10 0 1
2946 87 36 0 -1
2947 43 8 -1 0
2948 61 5 1 0
2949 92 0 0 -1
2950 84 37 1 0
2951 43 33 0 1
2952 1 39 0 1
2953 65 25 1 0
2954 98 3 -1 0
2955 33 25 0 -1
2956 75 26 0 -1
2957 79 39 0 1
2958 97 21 1 0
2959 93 31 -1 0
2960 90 28 0 1
2961 56 9 1 0
2962 61 34 -1 0
2963 95 26 0 -1
2964 96 22 0 1
2965 81 21 1 0
2966 36 3 0 -1
2967 17 38 0 1
2968 94 8 0 -1
2969 51 12 1 0
2970 98 12 1 0
2971 40 4 0 1
2972 6 24 0 -1
2973 13 7 1 0
2974 66 17 1 0
2975 48 19 0 1
2976 18 10 1 0
2977 42 11 -1 0
2978 18 3 0 -1
2979 41 17 0 1
2980 61 30 1 0
2981 40 37 1 0
2982 23 0 1 0
2983 36 21 0 -1
2984 19 6 0 -1
2985 19 14 1 0
2986 9 22 1 0
2987 81 15 0 1
2988 94 27 -1 0
2989 85 20 0 1
2990 29 33 1 0
2991 85 20 0 -1
2992 60 33 -1 0
2993 41 39 -1 0
2994 95 37 0 -1
2995 89 30 0 1
2996 26 21 0 1
2997 62 28 1 0
2998 22 25 -1 0
2999 32 12 0 -1
3000 34 16 0 1
3001 24 21 1 0
3002 52 7 0 1
3003 88 20 1 0
3004 13 18 0 -1
3005 8 14 1 0
3006 4 12 -1 0
3007 71 29 -1 0
3008 61 38 0 -1
3009 90 16 0 -1
3010 10 2 0 -1
3011 5 13 1 0
3012 39 28 0 1
3013 45 19 -1 0
3014 36 25 0 -1
3015 7 10 0 -1
3016 26 23 1 0
3017 12 31 1 0
3018 18 30 1 0
3019 47 32 -1 0
3020 12 16 1 0
3021 92 2 0 1
3022 95 10 1 0
3023 11 18 0 -1
3024 42 15 0 -1
3025 18 4 0 -1
3026 37 29 1 0
3027 24 9 0 -1
3028 45 23 -1 0
3029 56 2 -1 0
3030 38 7 -1 0
3031 96 35 1 0
3032 43 4 0 1
3033 63 10 0 -1
3034 47 3 0 -1
3035 24 22 0 1
3036 36 28 0 1
3037 28 2 0 1
3038 9 15 0 1
3039 26 23 -1 0
3040 23 3 0 1
3041 42 14 -1 0
3042 97 13 1 0
3043 74 30 0 1
3044 58 30 0 1
3045 91 13 0 1
3046 91 34 0 -1
3047 98 19 -1 0
3048 13 25 0 -1
3049 4 22 1 0
3050 2 24 0 1
3051 47 8 0 -1
3052 19 39 1 0
3053 29 31 -1 0
3054 67 5 0 1
3055 7 33 0 1
3056 71 35 1 0
3057 85 27 -1 0
3058 38 16 -1 0
3059 37 30 0 -1
3060 98 35 0 -1
3061 73 7 -1 0
3062 55 22 -1 0
3063 44 11 -1 0
3064 70 30 0 -1
3065 7 16 1 0
3066 10 25 1 0
3067 11 31 0 -1
3068 11 24 1 0
3069 38 27 0 -1
3070 14 18 1 0
3071 36 33 0 -1
3072 73 5 1 0
3073 39 36 1 0
3074 98 2 1 0
3075 41 30 -1 0
3076 2 6 1 0
3077 7 12 0 -1
3078 26 27 0 1
3079 24 11 0 1
3080 10 6 1 0
3081 27 34 -1 0
3082 86 2 0 1
3083 88 4 0 1
3084 8 3 -1 0
3085 19 28 -1 0
3086 9 7 0 -1
3087 75 34 0 -1
3088 93 14 -1 0
3089 27 1 0 1
3090 48 35 -1 0
3091 52 12 0 1
3092 38 2 0 -1
3093 95 26 1 0
3094 28 16 0 -1
3095 82 27 1 0
3096 81 1 0 -1
3097 45 24 -1 0
3098 47 17 -1 0
3099 85 14 1 0
3100 69 11 1 0
3101 35 36 0 -1
3102 78 39 -1 0
3103 36 19 0 1
3104 8 26 0 -1
3105 54 24 -1 0
3106 36 18 0 -1
3107 45 7 -1 0
3108 62 20 0 -1
3109 53 15 0 -1
3110 19 10 -1 0
3111 96 39 0 -1
3112 89 30 0 -1
3113 42 15 1 0
3114 13 13 1 0
3115 83 5 1 0
3116 48 11 -1 0
3117 11 24 -1 0
3118 64 4 0 1
3119 44 2 0 1
3120 19 18 -1 0
3121 9 28 0 -1
3122 97 18 -1 0
3123 75 20 0 1
3124 98 24 0 1
3125 30 6 0 -1
3126 81 1 0 1
3127 84 16 0 1
3128 25 38 0 1
3129 85 31 -1 0
3130 69 23 -1 0
3131 74 2 1 0
3132 48 26 -1 0
3133 70 35 0 1
3134 39 11 0 -1
3135 4 30 1 0
3136 97 32 0 -1
3137 55 26 0 -1
3138 53 22 1 0
3139 31 6 -1 0
3140 60 34 1 0
3141 19 12 0 -1
3142 93 17 0 -1
3143 96 24 0 -1
3144 9 16 1 0
3145 61 5 -1 0
3146 69 12 0 -1
3147 68 0 0 1
3148 27 20 1 0
3149 86 17 -1 0
3150 14 21 0 1
3151 8 4 1 0
3152 74 19 0 1
3153 1 21 -1 0
3154 77 6 1 0
3155 29 26 1 0
3156 41 16 -1 0
3157 17 31 -1 0
3158 43 26 -1 0
3159 18 11 0 1
3160 93 21 0 -1
3161 69 39 -1 0
3162 36 26 -1 0
3163 12 12 0 1
3164 42 38 0 1
3165 87 3 0 1
3166 88 25 1 0
3167 44 14 1 0
3168 71 7 1 0
3169 22 19 -1 0
3170 16 30 -1 0
3171 96 38 -1 0
3172 3 27 0 1
3173 88 29 0 1
3174 46 5 0 1
3175 61 38 0 1
3176 19 27 0 -1
3177 99 4 0 -1
3178 94 10 0 -1
3179 92 25 -1 0
3180 15 17 0 1
3181 91 38 -1 0
3182 28 27 -1 0
3183 27 5 1 0
3184 93 1 0 -1
3185 95 7 0 1
3186 85 36 0 1
3187 40 34 0 1
3188 38 32 1 0
3189 93 4 1 0
3190 50 14 -1 0
3191 57 39 0 1
3192 36 15 0 1
3193 72 23 1 0
3194 46 18 -1 0
3195 52 22 0 1
3196 46 23 -1 0
3197 19 37 0 -1
3198 58 6 1 0
3199 33 35 1 0
3200 58 5 1 0
3201 61 32 -1 0
3202 96 5 0 1
3203 14 5 1 0
3204 75 14 1 0
3205 39 10 1 0
3206 70 39 -1 0
3207 59 23 0 -1
3208 93 33 1 0
3209 89 0 1 0
3210 43 39 0 1
3211 92 29 -1 0
3212 4 31 -1 0
3213 24 27 0 1
3214 25 33 1 0
3215 40 15 -1 0
3216 18 10 1 0
3217 22 25 0 1
3218 30 31 0 -1
3219 51 24 0 1
3220 61 31 1 0
3221 73 25 1 0
3222 4 17 -1 0
3223 1 17 0 -1
3224 43 12 0 -1
3225 48 9 0 -1
3226 19 30 1 0
3227 41 3 0 1
3228 58 30 -1 0
3229 64 12 1 0
3230 73 8 -1 0
3231 83 35 1 0
3232 96 4 -1 0
3233 47 21 0 -1
3234 78 32 0 1
3235 2 27 1 0
3236 16 29 0 1
3237 0 34 0 1
3238 7 39 -1 0
3239 1 3 0 1
3240 9 2 0 -1
3241 30 37 1 0
3242 10 38 0 -1
3243 99 31 0 -1
3244 45 20 1 0
3245 24 11 1 0
3246 34 34 -1 0
3247 29 19 -1 0
3248 39 23 -1 0
3249 92 21 0 -1
3250 47 33 -1 0
3251 32 25 0 1
3252 44 20 0 -1
3253 19 36 0 -1
3254 99 25 -1 0
3255 23 39 1 0
3256 15 19 0 1
3257 14 18 -1 0
3258 33 8 0 -1
3259 54 13 0 1
3260 77 7 0 -1
3261 95 21 -1 0
3262 55 35 -1 0
3263 91 0 -1 0
3264 92 1 -1 0
3265 17 6 0 -1
3266 32 30 1 0
3267 44 7 -1 0
3268 35 26 1 0
3269 57 13 1 0
3270 30 25 1 0
3271 36 5 0 -1
3272 55 38 1 0
3273 59 7 0 1
3274 14 36 0 1
3275 19 34 0 -1
3276 71 10 -1 0
3277 28 25 0 1
3278 50 19 -1 0
3279 24 15 0 -1
3280 1 35 0 -1
3281 38 21 0 -1
3282 49 21 -1 0
3283 17 26 0 -1
3284 89 0 0 -1
3285 83 4 0 1
3286 48 1 -1 0
3287 52 36 0 1
3288 60 13 -1 0
3289 41 6 -1 0
3290 12 21 0 1
3291 95 17 -1 0
3292 24 13 1 0
3293 26 2 0 1
3294 20 16 1 0
3295 43 17 1 0
3296 64 31 -1 0
3297 70 12 0 -1
3298 13 20 0 -1
3299 26 22 1 0
3300 21 24 0 -1
3301 17 37 1 0
3302 71 9 0 1
3303 32 1 0 1
3304 74 12 0 1
3305 9 14 1 0
3306 3 18 0 1
3307 71 8 -1 0
3308 51 19 0 -1
3309 52 30 1 0
3310 44 6 0 -1
3311 49 17 0 1
3312 66 9 -1 0
3313 50 21 1 0
3314 62 6 0 1
3315 95 32 1 0
3316 4 28 1 0
3317 53 5 0 -1
3318 95 16 0 -1
3319 84 18 0 1
3320 48 2 0 -1
3321 58 26 0 1
3322 27 20 0 1
3323 14 39 0 -1
3324 6 21 0 -1
3325 39 9 0 -1
3326 86 11 1 0
3327 40 35 0 1
3328 6 9 0 1
3329 16 14 0 -1
3330 65 25 0 1
3331 0 21 1 0
3332 48 6 -1 0
3333 48 36 -1 0
3334 21 25 0 -1
3335 60 22 0 1
3336 6 9 -1 0
3337 4 25 -1 0
3338 56 14 0 -1
3339 68 12 -1 0
3340 89 19 0 1
3341 8 12 0 1
3342 13 4 0 -1
3343 97 19 1 0
3344 3 31 -1 0
3345 70 30 -1 0
3346 39 0 -1 0
3347 13 16 0 1
3348 9 38 1 0
3349 91 6 -1 0
3350 18 8 0 -1
3351 70 20 -1 0
3352 79 1 -1 0
3353 16 35 -1 0
3354 36 1 0 1
3355 46 39 0 -1
3356 16 11 1 0
3357 17 0 1 0
3358 49 19 -1 0
3359 40 29 1 0
3360 41 29 -1 0
3361 45 6 0 1
3362 77 26 0 -1
3363 44 36 0 1
3364 10 1 0 -1
3365 90 24 1 0
3366 98 20 -1 0
3367 39 5 -1 0
3368 25 0 -1 0
3369 10 5 0 1
3370 49 1 0 -1
3371 74 14 1 0
3372 72 15 -1 0
3373 80 24 1 0
3374 84 2 0 1
3375 28 4 0 1
3376 38 4 -1 0
3377 20 16 0 1
3378 29 0 0 -1
3379 45 25 -1 0
3380 82 7 -1 0
3381 89 24 0 -1
3382 40 1 1 0
3383 30 0 -1 0
3384 21 17 0 1
3385 65 16 0 -1
3386 37 36 1 0
3387 23 18 0 1
3388 40 6 0 1
3389 41 7 -1 0
3390 13 25 0 1
3391 10 18 0 1
3392 36 32 1 0
3393 42 23 -1 0
3394 46 17 0 1
3395 75 13 -1 0
3396 96 17 -1 0
3397 80 4 -1 0
3398 52 6 0 1
3399 46 32 -1 0
3400 93 22 0 -1
3401 19 34 -1 0
3402 3 15 -1 0
3403 2 9 0 -1
3404 84 1 0 -1
3405 43 2 0 1
3406 12 37 1 0
3407 91 2 -1 0
3408 72 5 0 1
3409 16 16 0 -1
3410 81 33 1 0
3411 80 6 0 1
3412 51 22 0 1
3413 85 39 1 0
3414 69 33 0 1
3415 40 13 -1 0
3416 29 24 1 0
3417 19 3 1 0
3418 48 6 0 -1
3419 27 13 0 1
3420 1 8 1 0
3421 88 0 1 0
3422 89 20 0 -1
3423 66 30 1 0
3424 87 18 -1 0
3425 60 30 -1 0
3426 50 3 0 1
3427 45 39 -1 0
3428 23 15 1 0
3429 60 34 -1 0
3430 8 30 -1 0
3431 53 24 -1 0
3432 10 38 1 0
3433 19 19 1 0
3434 85 18 -1 0
3435 61 26 -1 0
3436 53 16 -1 0
3437 18 39 0 -1
3438 16 9 0 -1
3439 66 1 0 -1
3440 79 1 -1 0
3441 79 32 -1 0
3442 96 26 -1 0
3443 31 23 1 0
3444 92 15 -1 0
3445 17 39 1 0
3446 21 20 0 1
3447 15 26 0 -1
3448 37 19 -1 0
3449 63 35 1 0
3450 47 12 1 0
3451 17 24 1 0
3452 10 6 0 1
3453 21 39 1 0
3454 88 27 0 1
3455 20 21 1 0
3456 65 33 -1 0
3457 95 9 0 -1
3458 30 29 0 1
3459 25 27 0 -1
3460 76 24 0 1
3461 49 1 0 1
3462 1 2 0 -1
3463 12 15 -1 0
3464 88 39 1 0
3465 18 39 0 -1
3466 77 2 0 1
3467 42 27 1 0
3468 98 2 0 1
3469 13 18 0 1
3470 2 3 -1 0
3471 32 26 1 0
3472 24 34 0 -1
3473 12 32 0 1
3474 87 14 0 -1
3475 48 11 0 1
3476 47 11 1 0
3477 23 18 -1 0
3478 90 14 -1 0
3479 67 20 0 1
3480 9 1 1 0
3481 50 2 -1 0
3482 95 18 -1 0
3483 27 16 1 0
3484 1 6 0 -1
3485 64 29 0 -1
3486 7 25 0 1
3487 99 21 0 -1
3488 79 21 0 -1
3489 25 22 -1 0
3490 5 26 1 0
3491 40 11 0 1
3492 48 28 -1 0
3493 51 5 -1 0
3494 78 2 0 1
3495 40 10 -1 0
3496 44 29 -1 0
3497 6 6 1 0
3498 96 9 0 -1
3499 53 16 1 0
3500 24 5 -1 0
3501 51 34 0 -1
3502 76 39 0 -1
3503 50 8 -1 0
3504 37 16 -1 0
3505 93 23 1 0
3506 17 1 0 -1
3507 20 28 -1 0
3508 44 15 0 1
3509 33 12 0 -1
3510 31 6 0 1
3511 61 14 1 0
3512 57 38 -1 0
3513 45 1 -1 0
3514 1 4 0 1
3515 11 9 1 0
3516 48 8 -1 0
3517 5 0 0 1
3518 40 21 -1 0
3519 50 5 -1 0
3520 55 34 1 0
3521 72 25 0 -1
3522 43 4 0 -1
3523 60 18 0 1
3524 70 16 0 -1
3525 18 11 -1 0
3526 20 26 0 -1
3527 57 3 -1 0
3528 16 37 0 -1
3529 54 3 0 1
3530 13 9 1 0
3531 86 13 1 0
3532 93 34 0 1
3533 18 13 -1 0
3534 98 19 0 -1
3535 70 38 0 -1
3536 12 35 0 1
3537 9 23 0 -1
3538 98 34 0 -1
3539 41 31 0 1
3540 52 9 1 0
3541 97 36 0 1
3542 88 12 0 1
3543 49 34 -1 0
3544 14 37 1 0
3545 7 23 1 0
3546 83 1 0 1
3547 49 38 -1 0
3548 97 29 0 -1
3549 76 20 -1 0
3550 95 3 -1 0
3551 45 5 0 1
3552 65 19 1 0
3553 26 37 0 1
3554 22 22 0 -1
3555 71 13 1 0
3556 80 7 0 1
3557 67 19 1 0
3558 82 34 0 -1
3559 43 25 0 1
3560 90 6 0 1
3561 12 18 1 0
3562 7 2 0 1
3563 82 32 1 0
3564 94 11 0 -1
3565 44 9 -1 0
3566 50 27 0 -1
3567 47 34 0 -1
3568 98 24 0 -1
3569 60 14 -1 0
3570 80 12 1 0
3571 22 32 0 -1
3572 88 33 0 -1
3573 22 17 0 1
3574 53 4 1 0
3575 46 12 1 0
3576 40 26 1 0
3577 3 38 1 0
3578 87 38 1 0
3579 47 4 1 0
3580 99 20 0 1
3581 26 21 1 0
3582 88 15 0 -1
3583 12 20 1 0
3584 20 24 -1 0
3585 41 8 0 -1
3586 48 21 -1 0
3587 75 4 0 -1
3588 99 19 0 -1
3589 9 6 0 1
3590 38 0 -1 0
3591 90 37 0 1
3592 72 21 1 0
3593 28 5 1 0
3594 1 3 0 1
3595 72 37 0 -1
3596 25 16 0 1
3597 64 25 -1 0
3598 79 32 0 -1
3599 52 32 0 1
