0 97 37 1 0
1 12 9 0 -1
2 7 16 -1 0
3 76 26 0 -1
4 47 2 -1 0
5 91 24 0 1
6 44 25 -1 0
7 92 7 -1 0
8 75 31 -1 0
9 5 34 0 -1
10 47 5 -1 0
11 95 28 -1 0
12 33 18 1 0
13 72 2 0 -1
14 92 27 -1 0
15 27 35 0 -1
16 85 16 0 1
17 44 8 0 -1
18 53 3 0 1
19 95 4 0 1
20 98 39 -1 0
21 74 28 1 0
22 39 2 -1 0
23 23 32 0 1
24 68 23 -1 0
25 37 30 0 -1
26 89 13 1 0
27 26 7 -1 0
28 31 5 1 0
29 12 8 1 0
30 19 36 1 0
31 56 6 1 0
32 41 32 1 0
33 1 4 0 -1
34 31 25 1 0
35 55 2 1 0
36 84 24 0 1
37 58 25 0 -1
38 63 24 1 0
39 61 4 1 0
40 41 1 0 1
41 69 8 -1 0
42 67 4 0 -1
43 93 6 -1 0
44 90 3 1 0
45 44 22 1 0
46 41 9 0 -1
47 51 36 0 1
48 5 25 1 0
49 80 9 0 1
50 38 25 0 -1
51 91 13 0 -1
52 88 6 0 -1
53 54 11 1 0
54 36 12 0 -1
55 39 29 -1 0
56 94 10 0 -1
57 42 14 0 1
58 11 7 0 -1
59 47 24 1 0
60 20 23 1 0
61 94 6 1 0
62 10 28 1 0
63 27 24 1 0
64 25 32 -1 0
65 29 38 0 1
66 46 26 -1 0
67 47 11 -1 0
68 13 3 0 1
69 9 30 0 -1
70 88 8 1 0
71 53 21 0 -1
72 87 7 -1 0
73 81 31 0 -1
74 0 8 0 1
75 99 27 0 1
76 5 32 0 1
77 39 18 0 1
78 18 13 1 0
79 24 35 0 1
80 34 23 -1 0
81 55 27 -1 0
82 89 35 1 0
83 19 39 0 -1
84 41 0 0 1
85 30 11 -1 0
86 45 16 -1 0
87 37 3 0 -1
88 77 5 -1 0
89 36 7 0 -1
90 52 3 0 1
91 79 30 0 -1
92 89 31 0 -1
93 77 32 0 -1
94 51 4 1 0
95 22 32 0 1
96 71 32 1 0
97 50 19 0 1
98 91 5 1 0
99 90 29 1 0
100 12 8 1 0
101 55 22 0 1
102 3 9 1 0
103 92 28 0 -1
104 1 31 0 -1
105 98 33 0 1
106 5 38 0 1
107 2 37 0 1
108 16 39 0 -1
109 22 23 1 0
110 55 6 0 1
111 96 36 0 -1
112 83 22 1 0
113 41 26 0 -1
114 89 20 0 1
115 47 25 0 1
116 26 27 -1 0
117 52 2 0 -1
118 79 28 0 -1
119 16 7 1 0
120 32 35 0 -1
121 46 34 0 -1
122 94 13 -1 0
123 79 3 0 -1
124 55 23 1 0
125 99 3 -1 0
126 8 3 0 1
127 28 36 -1 0
128 25 2 1 0
129 29 9 -1 0
130 95 34 0 1
131 38 26 0 1
132 47 32 1 0
133 92 0 1 0
134 72 36 0 -1
135 19 36 0 -1
136 89 9 -1 0
137 45 21 1 0
138 66 10 0 1
139 17 19 0 1
140 2 19 0 1
141 12 20 -1 0
142 98 21 1 0
143 24 29 -1 0
144 44 31 -1 0
145 43 22 0 1
146 91 37 -1 0
147 42 27 0 1
148 25 22 1 0
149 6 11 0 1
150 57 24 0 -1
151 10 39 0 1
152 87 24 0 -1
153 59 37 -1 0
154 20 27 0 -1
155 1 1 0 1
156 49 27 1 0
157 5 39 0 1
158 7 10 0 -1
159 96 15 0 -1
160 67 36 0 1
161 73 18 1 0
162 70 21 -1 0
163 96 5 0 -1
164 88 35 0 -1
165 16 38 0 1
166 15 24 1 0
167 50 15 0 1
168 18 35 0 -1
169 43 9 0 1
170 4 12 -1 0
171 16 14 0 1
172 86 17 0 -1
173 0 12 0 1
174 4 7 1 0
175 40 13 1 0
176 53 10 0 -1
177 98 23 0 -1
178 70 3 -1 0
179 12 27 1 0
180 38 5 0 -1
181 18 13 0 1
182 37 17 -1 0
183 33 18 0 1
184 39 1 1 0
185 93 25 0 -1
186 72 6 0 1
187 17 13 1 0
188 25 16 0 1
189 0 10 -1 0
190 77 15 1 0
191 17 18 0 -1
192 21 5 0 1
193 96 10 0 -1
194 72 7 -1 0
195 10 23 0 1
196 72 3 1 0
197 10 12 1 0
198 46 0 1 0
199 21 25 -1 0
200 87 32 1 0
201 27 3 0 -1
202 6 20 -1 0
203 70 28 0 -1
204 21 5 1 0
205 44 10 0 -1
206 82 31 1 0
207 42 5 -1 0
208 82 34 -1 0
209 72 26 1 0
210 14 32 0 1
211 44 7 -1 0
212 82 21 1 0
213 0 10 -1 0
214 49 27 -1 0
215 93 8 1 0
216 0 35 0 -1
217 37 29 0 1
218 90 7 1 0
219 91 5 0 1
220 38 32 -1 0
221 98 24 0 1
222 44 6 0 1
223 22 30 0 1
224 94 34 -1 0
225 70 20 0 1
226 52 10 1 0
227 9 13 0 -1
228 24 24 0 1
229 47 0 0 1
230 12 23 1 0
231 28 37 -1 0
232 41 11 -1 0
233 30 7 0 -1
234 98 29 0 1
235 57 5 0 -1
236 6 8 0 -1
237 33 2 0 -1
238 39 12 0 -1
239 69 34 1 0
240 64 34 1 0
241 93 3 1 0
242 28 22 0 -1
243 61 11 0 1
244 72 14 0 1
245 32 31 1 0
246 33 39 -1 0
247 50 12 0 -1
248 23 22 -1 0
249 24 12 0 1
250 39 0 -1 0
251 73 19 0 1
252 42 16 0 1
253 24 26 -1 0
254 44 16 -1 0
255 44 23 1 0
256 27 12 0 1
257 56 28 -1 0
258 49 0 0 -1
259 69 8 -1 0
260 88 5 0 1
261 26 10 0 1
262 28 33 0 -1
263 36 39 0 -1
264 34 38 0 1
265 10 39 0 -1
266 78 28 1 0
267 66 33 0 1
268 17 23 1 0
269 41 10 -1 0
270 13 18 1 0
271 0 36 0 1
272 84 15 1 0
273 86 37 0 -1
274 12 10 -1 0
275 89 4 -1 0
276 50 14 0 1
277 82 28 -1 0
278 65 3 -1 0
279 71 21 0 -1
280 13 16 1 0
281 67 4 -1 0
282 4 20 1 0
283 74 3 0 -1
284 51 35 1 0
285 65 30 0 -1
286 76 5 0 1
287 50 26 0 -1
288 20 38 0 1
289 82 1 -1 0
290 89 33 -1 0
291 21 16 1 0
292 95 11 0 -1
293 86 32 0 -1
294 32 30 0 -1
295 37 35 -1 0
296 82 2 1 0
297 6 3 1 0
298 95 8 -1 0
299 14 20 -1 0
300 3 5 -1 0
301 49 2 1 0
302 44 8 0 1
303 61 16 -1 0
304 85 31 0 1
305 84 30 0 1
306 15 32 0 1
307 52 33 0 -1
308 44 9 0 -1
309 53 37 1 0
310 19 17 -1 0
311 11 7 -1 0
312 13 20 -1 0
313 73 28 0 1
314 68 27 0 1
315 65 38 0 -1
316 37 10 1 0
317 84 7 0 -1
318 41 31 1 0
319 94 19 -1 0
320 12 27 -1 0
321 64 27 1 0
322 18 17 1 0
323 58 2 0 -1
324 29 30 0 -1
325 1 28 1 0
326 55 11 -1 0
327 37 31 0 -1
328 46 0 0 -1
329 11 34 0 -1
330 76 2 0 -1
331 16 3 0 1
332 51 31 0 1
333 82 21 0 1
334 46 20 1 0
335 51 39 0 -1
336 4 6 1 0
337 41 21 -1 0
338 18 14 0 1
339 11 34 0 -1
340 97 24 0 1
341 78 1 0 1
342 86 8 0 1
343 68 32 0 -1
344 89 32 0 1
345 9 28 0 1
346 23 25 0 1
347 57 39 0 -1
348 62 33 0 -1
349 26 19 -1 0
350 70 24 0 -1
351 46 33 -1 0
352 15 9 0 1
353 0 13 1 0
354 45 25 -1 0
355 23 3 1 0
356 26 6 0 -1
357 32 39 1 0
358 47 23 0 1
359 22 12 1 0
360 45 32 -1 0
361 30 28 1 0
362 47 20 0 -1
363 2 7 -1 0
364 8 9 -1 0
365 98 37 -1 0
366 75 18 -1 0
367 74 9 0 -1
368 96 5 0 -1
369 65 14 0 -1
370 28 4 0 1
371 2 34 0 1
372 96 16 0 1
373 42 6 0 -1
374 60 36 0 1
375 95 10 -1 0
376 94 9 1 0
377 77 26 1 0
378 85 11 0 -1
379 50 13 0 1
380 41 20 -1 0
381 47 8 -1 0
382 89 26 1 0
383 85 32 0 -1
384 38 6 0 -1
385 52 38 1 0
386 41 17 1 0
387 90 35 0 -1
388 95 34 -1 0
389 47 24 1 0
390 26 14 0 -1
391 25 32 0 1
392 89 34 0 1
393 48 33 0 1
394 92 24 -1 0
395 20 17 0 1
396 76 1 0 -1
397 0 0 0 1
398 79 4 1 0
399 83 16 0 -1
400 6 25 0 1
401 18 26 0 -1
402 95 35 0 1
403 61 36 0 -1
404 89 13 0 -1
405 17 0 0 -1
406 62 20 -1 0
407 66 18 0 1
408 67 36 1 0
409 77 6 1 0
410 84 6 0 -1
411 4 16 1 0
412 13 10 0 1
413 86 38 0 1
414 69 10 0 -1
415 1 15 0 -1
416 70 25 0 -1
417 35 25 0 1
418 3 1 1 0
419 61 21 1 0
420 38 38 -1 0
421 13 27 0 -1
422 43 13 -1 0
423 74 15 0 1
424 96 32 1 0
425 35 21 0 1
426 3 13 0 1
427 49 30 -1 0
428 98 35 0 1
429 90 20 0 -1
430 85 21 -1 0
431 7 10 -1 0
432 20 37 0 -1
433 49 28 0 -1
434 22 31 -1 0
435 58 27 0 1
436 6 21 0 1
437 89 35 0 -1
438 7 29 -1 0
439 70 22 0 1
440 11 23 0 1
441 35 38 0 1
442 49 29 0 -1
443 94 19 0 1
444 98 32 -1 0
445 83 25 0 -1
446 48 38 -1 0
447 57 31 0 1
448 72 9 1 0
449 45 24 1 0
450 23 5 0 -1
451 46 34 0 -1
452 35 25 0 1
453 52 26 -1 0
454 79 18 1 0
455 40 6 -1 0
456 83 36 -1 0
457 50 2 -1 0
458 3 11 0 1
459 45 7 1 0
460 23 36 0 1
461 34 2 -1 0
462 66 38 -1 0
463 48 11 0 -1
464 22 33 0 -1
465 15 38 -1 0
466 8 2 1 0
467 56 23 -1 0
468 47 23 -1 0
469 84 10 0 -1
470 51 7 -1 0
471 72 2 -1 0
472 78 34 0 1
473 93 12 -1 0
474 50 15 1 0
475 3 12 0 1
476 70 0 1 0
477 9 23 -1 0
478 94 10 0 -1
479 54 34 0 1
480 46 37 1 0
481 2 2 1 0
482 48 4 0 1
483 71 18 -1 0
484 81 7 -1 0
485 87 8 0 1
486 41 39 0 -1
487 47 18 -1 0
488 46 10 -1 0
489 3 17 1 0
490 38 8 -1 0
491 96 31 1 0
492 50 4 0 1
493 69 14 -1 0
494 56 4 1 0
495 11 25 1 0
496 44 27 -1 0
497 1 39 1 0
498 29 9 0 1
499 18 24 0 -1
500 71 39 0 -1
501 70 11 0 -1
502 44 1 0 1
503 98 19 -1 0
504 8 11 1 0
505 41 5 0 -1
506 27 6 -1 0
507 19 5 1 0
508 39 15 1 0
509 7 5 1 0
510 48 2 0 -1
511 14 33 -1 0
512 7 16 0 -1
513 69 0 0 -1
514 70 23 0 1
515 47 35 0 -1
516 93 2 0 -1
517 44 17 -1 0
518 89 8 -1 0
519 41 30 1 0
520 21 18 0 1
521 61 22 0 -1
522 41 18 0 -1
523 85 14 1 0
524 25 1 -1 0
525 33 21 0 1
526 16 16 0 -1
527 17 17 1 0
528 19 9 1 0
529 44 35 0 -1
530 73 21 -1 0
531 70 19 0 -1
532 99 9 -1 0
533 67 15 1 0
534 52 3 0 1
535 16 24 1 0
536 11 3 0 1
537 99 25 0 1
538 45 2 0 -1
539 36 32 -1 0
540 48 18 0 -1
541 32 26 -1 0
542 55 12 1 0
543 49 23 1 0
544 58 25 1 0
545 50 17 -1 0
546 13 33 0 1
547 21 4 1 0
548 8 36 -1 0
549 11 22 -1 0
550 9 32 -1 0
551 42 22 0 1
552 39 7 1 0
553 98 19 1 0
554 36 38 0 1
555 99 2 0 1
556 80 28 0 -1
557 55 12 -1 0
558 69 23 -1 0
559 46 0 -1 0
560 68 24 -1 0
561 29 23 1 0
562 1 3 1 0
563 25 21 0 -1
564 92 3 1 0
565 45 25 0 -1
566 25 19 1 0
567 27 33 0 -1
568 50 34 1 0
569 64 35 0 1
570 24 5 -1 0
571 51 3 0 1
572 7 4 0 1
573 15 34 0 1
574 0 18 -1 0
575 46 7 1 0
576 59 30 1 0
577 49 29 0 1
578 30 13 0 1
579 19 31 1 0
580 66 37 -1 0
581 43 19 1 0
582 87 29 1 0
583 51 39 -1 0
584 23 24 0 1
585 36 9 0 1
586 11 24 1 0
587 53 27 0 1
588 82 30 0 1
589 70 29 0 -1
590 54 17 0 -1
591 91 36 0 1
592 28 35 0 -1
593 26 10 0 -1
594 26 9 0 1
595 87 12 0 1
596 58 26 0 -1
597 36 4 0 1
598 38 37 0 1
599 75 19 -1 0
600 39 1 -1 0
601 11 29 1 0
602 10 14 1 0
603 85 31 0 1
604 49 2 -1 0
605 32 5 1 0
606 63 28 0 -1
607 73 9 1 0
608 24 17 -1 0
609 36 16 -1 0
610 78 31 1 0
611 48 5 -1 0
612 47 24 0 1
613 10 34 -1 0
614 90 21 1 0
615 92 4 0 1
616 17 27 1 0
617 74 37 1 0
618 99 34 1 0
619 84 29 1 0
620 87 15 1 0
621 51 13 -1 0
622 47 7 0 -1
623 35 16 -1 0
624 22 33 0 -1
625 16 36 0 1
626 38 4 1 0
627 44 24 0 -1
628 36 35 0 -1
629 12 22 0 1
630 96 6 0 -1
631 15 2 0 -1
632 17 22 1 0
633 97 5 0 -1
634 92 18 0 -1
635 14 16 0 1
636 29 37 0 1
637 24 1 1 0
638 30 24 1 0
639 31 23 1 0
640 23 8 1 0
641 91 32 1 0
642 40 11 0 1
643 7 10 1 0
644 49 16 0 -1
645 52 29 0 1
646 77 5 0 -1
647 47 1 1 0
648 96 7 1 0
649 5 8 -1 0
650 72 7 0 -1
651 71 16 1 0
652 47 4 0 1
653 91 17 0 1
654 39 39 1 0
655 95 12 0 -1
656 33 17 0 -1
657 54 26 0 1
658 58 33 1 0
659 83 31 1 0
660 52 39 0 -1
661 43 5 -1 0
662 1 7 -1 0
663 21 24 1 0
664 95 31 -1 0
665 90 10 0 -1
666 34 15 -1 0
667 79 15 1 0
668 0 32 0 1
669 87 15 -1 0
670 38 4 0 1
671 54 5 0 1
672 29 9 -1 0
673 90 20 1 0
674 78 34 0 -1
675 17 27 -1 0
676 0 7 -1 0
677 44 11 1 0
678 33 9 -1 0
679 21 31 0 1
680 86 10 1 0
681 13 33 0 1
682 93 8 -1 0
683 92 24 0 -1
684 1 36 0 1
685 74 16 0 -1
686 35 10 1 0
687 34 4 -1 0
688 91 33 0 -1
689 28 22 0 1
690 21 33 0 -1
691 42 18 0 1
692 45 12 -1 0
693 33 14 1 0
694 26 21 0 1
695 68 0 -1 0
696 68 15 1 0
697 19 21 0 -1
698 43 12 0 1
699 89 34 1 0
700 22 2 0 1
701 31 28 0 -1
702 89 4 1 0
703 9 0 0 -1
704 35 17 1 0
705 91 22 1 0
706 58 12 0 1
707 13 13 -1 0
708 68 11 1 0
709 76 36 0 -1
710 49 1 1 0
711 69 2 1 0
712 84 1 0 1
713 77 9 0 -1
714 42 21 0 1
715 61 29 -1 0
716 98 10 1 0
717 93 9 0 -1
718 32 11 -1 0
719 36 28 -1 0
720 26 38 1 0
721 83 21 -1 0
722 72 11 1 0
723 2 32 1 0
724 90 10 0 1
725 84 35 0 -1
726 39 16 0 -1
727 41 5 0 -1
728 87 36 -1 0
729 5 23 1 0
730 7 4 -1 0
731 14 25 1 0
732 42 7 -1 0
733 71 31 0 1
734 8 30 1 0
735 87 4 1 0
736 95 5 0 -1
737 92 7 -1 0
738 62 39 1 0
739 69 19 0 -1
740 25 22 0 -1
741 94 0 0 1
742 79 15 -1 0
743 83 23 0 1
744 38 13 0 -1
745 22 0 0 1
746 88 34 0 1
747 17 15 0 1
748 91 9 1 0
749 24 1 0 1
750 51 4 1 0
751 29 21 1 0
752 39 4 0 1
753 0 22 -1 0
754 86 10 0 1
755 96 19 0 1
756 70 19 1 0
757 5 38 -1 0
758 17 29 -1 0
759 24 37 -1 0
760 35 7 1 0
761 84 27 0 1
762 33 22 -1 0
763 64 10 -1 0
764 30 25 -1 0
765 90 19 0 1
766 90 37 -1 0
767 34 29 1 0
768 51 37 -1 0
769 93 22 0 1
770 77 12 0 -1
771 24 20 0 1
772 48 35 -1 0
773 42 25 -1 0
774 1 7 -1 0
775 2 25 -1 0
776 52 7 0 -1
777 76 13 0 1
778 93 3 0 1
779 55 18 0 1
780 93 8 1 0
781 22 22 0 -1
782 27 3 -1 0
783 29 10 0 -1
784 12 9 -1 0
785 65 15 -1 0
786 4 38 0 -1
787 18 11 0 1
788 52 31 -1 0
789 11 18 0 1
790 85 15 0 -1
791 82 39 0 -1
792 88 36 0 -1
793 61 32 1 0
794 85 1 -1 0
795 37 4 -1 0
796 28 2 0 -1
797 55 34 -1 0
798 77 25 1 0
799 88 19 -1 0
800 48 12 -1 0
801 75 26 0 1
802 81 6 0 -1
803 43 28 0 -1
804 5 31 1 0
805 99 37 0 -1
806 2 13 -1 0
807 92 18 -1 0
808 28 29 1 0
809 61 24 1 0
810 32 18 1 0
811 74 38 0 -1
812 34 18 -1 0
813 17 34 0 -1
814 17 18 1 0
815 89 25 0 1
816 39 15 1 0
817 40 23 0 -1
818 18 28 -1 0
819 96 20 0 -1
820 77 19 -1 0
821 9 25 1 0
822 66 31 0 1
823 71 27 1 0
824 34 38 -1 0
825 9 14 0 1
826 68 10 1 0
827 98 29 1 0
828 19 12 -1 0
829 1 37 1 0
830 37 10 0 -1
831 66 13 -1 0
832 18 14 0 -1
833 40 8 -1 0
834 23 31 0 1
835 78 23 1 0
836 34 35 0 1
837 56 11 -1 0
838 66 34 0 -1
839 70 7 0 1
840 27 25 -1 0
841 99 39 0 1
842 47 14 1 0
843 18 31 1 0
844 15 21 0 1
845 3 27 0 1
846 72 35 -1 0
847 49 9 1 0
848 16 7 0 -1
849 11 24 0 -1
850 64 21 0 1
851 19 23 0 -1
852 29 20 0 1
853 52 20 -1 0
854 66 39 0 -1
855 54 35 -1 0
856 50 12 -1 0
857 45 1 1 0
858 65 33 -1 0
859 91 28 0 -1
860 73 33 0 -1
861 88 30 1 0
862 28 20 0 1
863 37 33 0 -1
864 3 38 1 0
865 29 7 0 1
866 72 23 -1 0
867 73 34 0 1
868 25 3 -1 0
869 69 29 0 1
870 13 8 -1 0
871 57 13 -1 0
872 19 5 0 1
873 91 27 0 1
874 47 33 -1 0
875 30 10 0 -1
876 21 2 1 0
877 10 11 1 0
878 18 22 0 -1
879 77 1 -1 0
880 64 39 0 -1
881 47 4 1 0
882 71 6 0 1
883 42 15 0 1
884 8 36 0 -1
885 94 38 1 0
886 86 37 0 -1
887 92 13 0 1
888 8 9 0 -1
889 35 6 0 1
890 41 27 -1 0
891 69 21 0 1
892 52 34 0 -1
893 84 5 0 -1
894 57 27 -1 0
895 32 30 0 1
896 0 34 1 0
897 98 24 -1 0
898 25 13 1 0
899 36 39 1 0
900 25 22 -1 0
901 83 6 0 -1
902 44 0 1 0
903 20 17 -1 0
904 8 23 0 -1
905 31 31 1 0
906 12 22 0 1
907 17 4 -1 0
908 5 21 1 0
909 44 19 0 -1
910 8 3 1 0
911 44 12 -1 0
912 45 10 -1 0
913 78 23 1 0
914 34 20 1 0
915 44 23 0 -1
916 37 31 -1 0
917 41 4 0 1
918 83 38 1 0
919 55 21 1 0
920 15 28 0 1
921 66 32 -1 0
922 55 1 -1 0
923 46 35 0 -1
924 72 29 1 0
925 49 3 0 -1
926 82 17 0 -1
927 63 13 0 -1
928 88 20 0 -1
929 36 11 0 -1
930 74 16 -1 0
931 37 9 0 -1
932 96 37 1 0
933 8 35 0 -1
934 32 37 -1 0
935 15 17 0 -1
936 77 26 1 0
937 3 0 1 0
938 88 19 0 1
939 33 27 -1 0
940 37 29 -1 0
941 29 28 -1 0
942 30 6 0 1
943 43 11 0 -1
944 25 23 0 -1
945 25 30 0 1
946 2 37 -1 0
947 8 23 0 -1
948 98 29 0 -1
949 62 29 1 0
950 89 0 0 -1
951 24 36 1 0
952 42 12 0 -1
953 9 25 0 -1
954 22 6 1 0
955 81 27 0 1
956 73 13 1 0
957 49 15 0 -1
958 48 7 0 1
959 35 19 1 0
960 44 0 -1 0
961 93 0 1 0
962 20 39 1 0
963 26 20 0 -1
964 83 20 -1 0
965 96 11 0 -1
966 11 9 1 0
967 48 10 0 -1
968 25 23 0 -1
969 69 22 1 0
970 33 4 1 0
971 59 36 -1 0
972 13 13 0 1
973 26 30 -1 0
974 77 17 -1 0
975 9 39 -1 0
976 87 21 -1 0
977 12 13 0 1
978 23 32 -1 0
979 94 24 1 0
980 83 16 0 -1
981 2 10 0 1
982 88 36 0 -1
983 65 31 0 -1
984 35 3 -1 0
985 3 17 0 1
986 83 23 -1 0
987 6 11 0 -1
988 96 32 0 -1
989 36 1 1 0
990 46 21 0 -1
991 20 23 0 1
992 83 12 0 -1
993 45 30 0 -1
994 66 37 1 0
995 82 39 0 -1
996 75 23 0 1
997 96 31 0 1
998 5 13 0 -1
999 27 37 0 1
1000 4 8 1 0
1001 5 22 1 0
1002 59 20 -1 0
1003 5 29 1 0
1004 6 25 0 -1
1005 70 23 0 -1
1006 16 6 1 0
1007 5 33 0 1
1008 87 35 1 0
1009 28 2 1 0
1010 48 30 -1 0
1011 23 8 0 1
1012 2 10 0 1
1013 84 39 -1 0
1014 24 2 1 0
1015 46 16 -1 0
1016 89 30 0 1
1017 79 26 -1 0
1018 57 18 1 0
1019 18 6 1 0
1020 37 5 -1 0
1021 11 4 1 0
1022 42 36 1 0
1023 45 16 0 1
1024 96 27 1 0
1025 30 16 -1 0
1026 0 19 0 -1
1027 0 28 0 -1
1028 17 22 1 0
1029 40 35 0 -1
1030 82 7 -1 0
1031 99 30 1 0
1032 12 4 1 0
1033 17 14 -1 0
1034 4 0 0 -1
1035 86 8 0 1
1036 85 10 -1 0
1037 74 23 1 0
1038 46 17 1 0
1039 48 36 -1 0
1040 35 10 -1 0
1041 97 29 0 -1
1042 62 3 -1 0
1043 32 2 1 0
1044 23 35 1 0
1045 48 34 -1 0
1046 24 19 -1 0
1047 10 14 0 -1
1048 37 30 -1 0
1049 46 7 -1 0
1050 89 2 0 -1
1051 11 7 0 1
1052 96 22 0 1
1053 47 6 0 1
1054 12 30 0 -1
1055 46 38 0 -1
1056 45 15 -1 0
1057 79 23 0 -1
1058 88 7 -1 0
1059 45 15 -1 0
1060 50 10 0 -1
1061 80 24 0 1
1062 8 2 1 0
1063 0 6 -1 0
1064 48 19 0 1
1065 19 9 0 -1
1066 58 6 0 -1
1067 77 8 0 -1
1068 90 38 1 0
1069 46 7 1 0
1070 59 32 0 1
1071 43 37 -1 0
1072 47 38 0 1
1073 22 13 0 1
1074 82 33 1 0
1075 54 7 -1 0
1076 0 39 0 1
1077 78 8 0 1
1078 46 16 0 -1
1079 25 26 0 -1
1080 25 36 1 0
1081 1 8 -1 0
1082 41 9 -1 0
1083 10 21 1 0
1084 23 15 -1 0
1085 29 18 0 -1
1086 24 23 1 0
1087 43 20 0 1
1088 0 33 1 0
1089 70 23 0 -1
1090 45 18 -1 0
1091 13 7 0 -1
1092 24 4 -1 0
1093 33 1 0 -1
1094 90 18 -1 0
1095 63 39 0 -1
1096 78 3 1 0
1097 53 33 0 -1
1098 44 33 1 0
1099 44 14 0 -1
1100 27 10 -1 0
1101 8 35 1 0
1102 58 35 1 0
1103 34 37 0 -1
1104 68 25 0 -1
1105 8 32 0 1
1106 13 11 1 0
1107 13 26 1 0
1108 21 15 1 0
1109 64 30 0 1
1110 42 10 0 -1
1111 36 33 1 0
1112 73 13 0 -1
1113 48 1 0 1
1114 51 31 -1 0
1115 27 28 -1 0
1116 5 12 0 -1
1117 18 15 1 0
1118 24 11 0 1
1119 74 5 0 -1
1120 42 25 0 1
1121 21 1 0 1
1122 48 24 0 1
1123 45 19 -1 0
1124 66 35 0 1
1125 50 39 -1 0
1126 16 32 0 1
1127 97 26 0 -1
1128 92 12 0 1
1129 46 33 -1 0
1130 47 5 0 1
1131 5 8 1 0
1132 10 12 0 -1
1133 7 32 1 0
1134 42 26 0 1
1135 47 15 -1 0
1136 65 23 0 1
1137 99 20 -1 0
1138 19 39 0 1
1139 24 6 0 -1
1140 96 16 0 -1
1141 34 20 0 -1
1142 78 1 1 0
1143 21 15 0 -1
1144 66 5 -1 0
1145 11 12 0 1
1146 46 18 0 -1
1147 46 9 -1 0
1148 97 15 1 0
1149 89 16 0 -1
1150 41 11 0 -1
1151 31 14 -1 0
1152 87 10 0 -1
1153 18 13 -1 0
1154 98 21 0 -1
1155 2 8 -1 0
1156 79 23 1 0
1157 92 3 -1 0
1158 21 35 1 0
1159 84 9 0 1
1160 78 33 0 1
1161 16 1 0 1
1162 0 18 1 0
1163 8 19 0 -1
1164 4 26 0 -1
1165 34 21 -1 0
1166 58 5 0 1
1167 24 19 0 -1
1168 68 9 0 1
1169 61 35 0 1
1170 18 6 1 0
1171 83 27 -1 0
1172 96 38 0 -1
1173 83 0 0 1
1174 29 23 0 -1
1175 42 38 1 0
1176 81 17 0 1
1177 83 9 0 1
1178 94 7 -1 0
1179 73 0 1 0
1180 23 32 0 1
1181 81 20 0 -1
1182 47 6 -1 0
1183 88 36 0 -1
1184 45 32 0 1
1185 38 0 -1 0
1186 37 28 -1 0
1187 77 24 0 1
1188 43 5 -1 0
1189 43 11 -1 0
1190 46 2 -1 0
1191 73 4 0 1
1192 39 36 -1 0
1193 45 23 0 -1
1194 9 21 0 -1
1195 44 19 0 1
1196 8 31 1 0
1197 36 35 -1 0
1198 29 25 1 0
1199 65 31 1 0
1200 9 14 0 -1
1201 27 37 0 1
1202 32 26 1 0
1203 28 23 -1 0
1204 97 2 -1 0
1205 66 14 0 -1
1206 0 8 0 -1
1207 31 31 0 -1
1208 99 7 1 0
1209 41 29 -1 0
1210 29 16 1 0
1211 13 35 -1 0
1212 56 24 0 -1
1213 94 4 1 0
1214 99 12 1 0
1215 55 24 0 1
1216 13 16 -1 0
1217 42 12 0 1
1218 83 12 0 1
1219 42 17 0 1
1220 2 27 0 -1
1221 75 30 0 -1
1222 72 2 0 -1
1223 30 1 -1 0
1224 88 30 0 -1
1225 39 34 0 1
1226 46 29 -1 0
1227 94 24 0 1
1228 63 14 1 0
1229 70 26 0 -1
1230 32 2 1 0
1231 47 29 0 1
1232 97 11 -1 0
1233 84 19 0 1
1234 52 30 0 1
1235 96 38 -1 0
1236 20 3 1 0
1237 16 12 -1 0
1238 0 2 -1 0
1239 39 17 0 -1
1240 67 7 -1 0
1241 42 35 -1 0
1242 46 38 0 1
1243 49 30 0 -1
1244 44 28 0 1
1245 57 4 0 1
1246 90 25 0 -1
1247 97 8 1 0
1248 24 33 1 0
1249 93 16 0 -1
1250 11 4 0 -1
1251 40 12 0 -1
1252 21 19 -1 0
1253 62 7 0 -1
1254 18 25 1 0
1255 82 27 0 -1
1256 38 14 -1 0
1257 73 2 0 1
1258 96 3 -1 0
1259 40 6 0 1
1260 53 16 0 -1
1261 53 36 0 1
1262 17 5 0 -1
1263 7 0 1 0
1264 29 2 1 0
1265 26 1 0 1
1266 82 9 1 0
1267 74 34 0 -1
1268 30 33 1 0
1269 10 18 1 0
1270 73 36 0 1
1271 13 14 -1 0
1272 95 5 1 0
1273 92 24 -1 0
1274 90 17 -1 0
1275 20 34 0 1
1276 37 32 0 -1
1277 91 36 0 -1
1278 40 9 0 1
1279 21 11 -1 0
1280 70 10 0 -1
1281 19 33 -1 0
1282 91 31 -1 0
1283 12 16 0 1
1284 77 19 0 1
1285 61 19 1 0
1286 2 23 0 -1
1287 17 1 0 1
1288 34 28 -1 0
1289 83 13 1 0
1290 73 17 -1 0
1291 89 21 1 0
1292 23 1 0 1
1293 89 29 1 0
1294 52 23 0 1
1295 4 37 0 1
1296 84 23 -1 0
1297 64 12 0 -1
1298 99 30 -1 0
1299 46 28 -1 0
1300 8 12 1 0
1301 7 15 0 -1
1302 43 21 -1 0
1303 20 8 0 1
1304 55 6 -1 0
1305 67 21 0 1
1306 46 2 1 0
1307 89 21 -1 0
1308 94 39 1 0
1309 51 24 -1 0
1310 43 31 -1 0
1311 24 33 -1 0
1312 48 24 0 -1
1313 14 5 1 0
1314 87 24 0 1
1315 49 26 0 1
1316 56 18 0 1
1317 20 13 1 0
1318 3 23 0 1
1319 47 33 0 -1
1320 73 1 -1 0
1321 81 16 0 -1
1322 78 21 -1 0
1323 44 34 1 0
1324 21 12 -1 0
1325 5 15 -1 0
1326 9 15 0 1
1327 81 29 -1 0
1328 94 36 1 0
1329 36 29 0 -1
1330 29 36 1 0
1331 52 17 0 -1
1332 0 33 0 1
1333 47 30 1 0
1334 80 33 -1 0
1335 12 11 0 1
1336 68 23 1 0
1337 35 18 0 -1
1338 67 7 0 -1
1339 38 31 0 1
1340 48 2 1 0
1341 14 39 -1 0
1342 29 28 1 0
1343 39 26 0 1
1344 77 25 0 -1
1345 33 8 0 -1
1346 67 5 1 0
1347 30 38 1 0
1348 81 38 1 0
1349 26 6 0 1
1350 64 4 -1 0
1351 60 13 -1 0
1352 88 25 1 0
1353 49 29 0 1
1354 39 2 0 1
1355 28 9 -1 0
1356 23 20 1 0
1357 26 3 0 -1
1358 29 14 -1 0
1359 7 12 -1 0
1360 79 11 -1 0
1361 30 4 -1 0
1362 43 30 1 0
1363 70 28 1 0
1364 85 27 0 1
1365 80 11 0 -1
1366 39 35 0 1
1367 32 16 1 0
1368 1 30 0 -1
1369 91 24 1 0
1370 72 9 0 1
1371 75 1 1 0
1372 28 8 1 0
1373 55 15 0 1
1374 20 39 0 -1
1375 47 2 0 -1
1376 50 4 1 0
1377 47 37 0 -1
1378 51 31 -1 0
1379 4 32 0 -1
1380 75 15 -1 0
1381 18 36 0 1
1382 35 14 1 0
1383 45 3 -1 0
1384 69 22 0 -1
1385 24 6 0 -1
1386 37 28 0 1
1387 39 16 -1 0
1388 42 28 -1 0
1389 65 21 0 1
1390 16 30 1 0
1391 38 5 0 1
1392 81 1 -1 0
1393 87 10 0 -1
1394 9 22 1 0
1395 58 32 0 1
1396 23 1 1 0
1397 59 34 0 -1
1398 24 31 0 -1
1399 46 21 -1 0
1400 94 23 1 0
1401 69 24 0 -1
1402 77 10 1 0
1403 35 20 -1 0
1404 21 6 0 1
1405 64 7 1 0
1406 11 25 0 -1
1407 42 21 1 0
1408 61 38 0 1
1409 86 36 0 1
1410 31 7 1 0
1411 90 24 0 1
1412 25 13 -1 0
1413 67 29 1 0
1414 68 23 0 1
1415 28 10 1 0
1416 96 25 0 -1
1417 7 31 0 1
1418 18 17 -1 0
1419 29 26 1 0
1420 95 35 1 0
1421 26 35 0 1
1422 9 21 1 0
1423 40 2 0 1
1424 97 32 0 1
1425 27 37 0 1
1426 45 4 0 1
1427 40 31 -1 0
1428 83 38 0 -1
1429 71 30 1 0
1430 63 20 0 -1
1431 59 10 -1 0
1432 85 25 1 0
1433 34 24 0 1
1434 11 30 0 -1
1435 8 18 0 -1
1436 49 24 1 0
1437 87 23 0 1
1438 39 9 0 1
1439 20 18 0 1
1440 56 13 -1 0
1441 74 37 0 -1
1442 45 6 0 -1
1443 91 37 1 0
1444 56 22 0 -1
1445 88 20 -1 0
1446 54 22 -1 0
1447 89 15 1 0
1448 5 11 -1 0
1449 72 26 0 1
1450 62 9 0 1
1451 87 32 0 -1
1452 27 3 0 -1
1453 48 33 -1 0
1454 40 7 -1 0
1455 20 36 0 1
1456 13 38 0 1
1457 46 8 1 0
1458 76 27 0 1
1459 78 23 0 -1
1460 37 7 0 -1
1461 87 31 -1 0
1462 58 16 0 1
1463 82 31 0 1
1464 18 1 0 1
1465 45 33 0 1
1466 0 32 -1 0
1467 39 23 1 0
1468 60 4 0 1
1469 26 0 0 1
1470 41 10 1 0
1471 56 38 -1 0
1472 82 32 -1 0
1473 12 19 -1 0
1474 16 11 0 1
1475 2 14 0 -1
1476 43 32 -1 0
1477 85 13 1 0
1478 37 5 -1 0
1479 36 16 0 1
1480 49 38 0 -1
1481 5 0 0 1
1482 25 12 0 1
1483 41 3 -1 0
1484 17 38 -1 0
1485 31 30 0 1
1486 38 14 -1 0
1487 45 0 1 0
1488 12 16 0 -1
1489 67 29 1 0
1490 89 18 1 0
1491 47 15 -1 0
1492 12 3 1 0
1493 25 29 0 -1
1494 50 23 0 1
1495 33 1 -1 0
1496 57 3 -1 0
1497 43 20 -1 0
1498 59 36 -1 0
1499 5 5 0 -1
1500 74 19 1 0
1501 96 33 -1 0
1502 42 30 -1 0
1503 37 1 0 1
1504 48 9 0 -1
1505 59 4 0 1
1506 83 32 0 -1
1507 44 29 0 1
1508 34 7 0 -1
1509 74 2 -1 0
1510 35 13 1 0
1511 94 21 0 1
1512 31 27 0 1
1513 85 19 0 1
1514 23 33 -1 0
1515 79 32 0 -1
1516 86 19 1 0
1517 48 27 0 1
1518 1 8 0 1
1519 1 32 0 -1
1520 8 27 1 0
1521 49 5 1 0
1522 96 19 0 1
1523 73 17 0 -1
1524 19 3 -1 0
1525 2 8 1 0
1526 19 22 1 0
1527 51 25 0 -1
1528 24 37 1 0
1529 62 27 0 1
1530 88 7 1 0
1531 83 1 0 1
1532 23 34 0 -1
1533 14 18 1 0
1534 6 16 -1 0
1535 38 38 0 -1
1536 25 18 -1 0
1537 29 28 1 0
1538 94 21 -1 0
1539 7 12 0 1
1540 94 24 0 -1
1541 0 14 0 1
1542 3 10 -1 0
1543 4 24 -1 0
1544 59 21 0 -1
1545 15 32 0 1
1546 30 34 1 0
1547 31 33 0 -1
1548 1 9 1 0
1549 76 30 1 0
1550 67 37 1 0
1551 90 24 0 1
1552 57 19 -1 0
1553 47 29 0 -1
1554 44 13 1 0
1555 47 3 0 1
1556 42 13 1 0
1557 45 22 0 1
1558 83 15 1 0
1559 58 0 -1 0
1560 20 37 1 0
1561 96 34 1 0
1562 21 2 1 0
1563 48 0 0 -1
1564 48 1 -1 0
1565 47 34 -1 0
1566 75 28 0 -1
1567 98 30 0 -1
1568 16 29 1 0
1569 83 20 0 -1
1570 72 31 0 -1
1571 88 5 -1 0
1572 29 20 0 1
1573 8 15 1 0
1574 60 30 0 1
1575 2 9 -1 0
1576 31 24 1 0
1577 26 5 0 1
1578 41 5 -1 0
1579 22 25 -1 0
1580 61 0 0 -1
1581 61 38 0 -1
1582 86 34 -1 0
1583 51 39 1 0
1584 26 31 0 -1
1585 26 23 0 -1
1586 86 23 0 -1
1587 99 20 -1 0
1588 18 19 0 -1
1589 40 10 -1 0
1590 47 38 1 0
1591 94 4 -1 0
1592 48 10 0 -1
1593 78 10 -1 0
1594 9 36 0 -1
1595 94 25 1 0
1596 16 16 0 1
1597 10 28 1 0
1598 48 26 1 0
1599 81 29 -1 0
1600 52 15 0 -1
1601 31 32 0 -1
1602 92 34 -1 0
1603 51 3 0 -1
1604 85 39 0 -1
1605 86 7 -1 0
1606 3 0 0 -1
1607 94 38 -1 0
1608 57 4 0 -1
1609 83 26 0 -1
1610 52 17 -1 0
1611 85 37 0 -1
1612 10 4 1 0
1613 54 1 0 1
1614 80 21 -1 0
1615 7 21 -1 0
1616 44 0 0 1
1617 23 18 -1 0
1618 65 31 -1 0
1619 82 1 0 -1
1620 81 18 -1 0
1621 25 2 0 -1
1622 54 26 0 -1
1623 26 26 0 -1
1624 37 27 0 1
1625 85 34 0 -1
1626 47 9 -1 0
1627 49 22 0 1
1628 47 7 -1 0
1629 16 27 1 0
1630 46 34 -1 0
1631 29 10 -1 0
1632 9 11 0 -1
1633 32 4 1 0
1634 22 21 -1 0
1635 98 16 1 0
1636 49 32 0 -1
1637 73 35 0 -1
1638 33 5 0 1
1639 93 38 -1 0
1640 18 38 0 -1
1641 6 19 1 0
1642 63 0 -1 0
1643 3 26 1 0
1644 76 34 -1 0
1645 23 10 0 1
1646 23 20 1 0
1647 85 33 0 1
1648 53 28 1 0
1649 23 2 0 -1
1650 28 9 0 -1
1651 12 25 0 1
1652 25 14 1 0
1653 57 6 -1 0
1654 84 16 0 -1
1655 26 10 0 -1
1656 91 18 1 0
1657 59 37 0 1
1658 86 13 1 0
1659 71 22 0 -1
1660 27 2 1 0
1661 95 3 -1 0
1662 6 3 0 1
1663 15 36 1 0
1664 31 27 -1 0
1665 16 24 1 0
1666 91 26 -1 0
1667 44 35 -1 0
1668 47 9 0 -1
1669 30 10 -1 0
1670 46 39 1 0
1671 80 26 0 1
1672 26 26 0 1
1673 34 35 -1 0
1674 12 13 0 1
1675 49 38 0 -1
1676 57 9 -1 0
1677 20 20 1 0
1678 97 38 0 1
1679 93 21 0 -1
1680 88 32 1 0
1681 36 19 0 1
1682 90 35 -1 0
1683 68 29 -1 0
1684 43 16 0 -1
1685 45 2 0 1
1686 96 18 0 1
1687 25 37 1 0
1688 35 12 1 0
1689 45 21 0 1
1690 60 35 -1 0
1691 56 16 0 1
1692 26 35 0 -1
1693 53 2 0 -1
1694 76 20 0 1
1695 88 11 0 1
1696 53 21 0 1
1697 5 9 0 1
1698 55 34 1 0
1699 50 19 0 1
1700 6 6 0 -1
1701 51 25 0 -1
1702 37 20 -1 0
1703 40 10 0 -1
1704 39 9 0 -1
1705 86 15 0 1
1706 4 28 -1 0
1707 38 38 0 1
1708 54 37 1 0
1709 2 20 0 1
1710 64 37 -1 0
1711 21 32 1 0
1712 19 2 -1 0
1713 27 29 0 1
1714 31 37 0 -1
1715 16 8 0 -1
1716 59 35 0 1
1717 9 8 0 -1
1718 36 30 -1 0
1719 88 33 0 -1
1720 26 3 0 1
1721 73 0 -1 0
1722 91 39 0 1
1723 4 1 0 1
1724 45 18 0 1
1725 38 22 -1 0
1726 16 17 0 1
1727 88 37 1 0
1728 82 0 0 1
1729 57 11 0 -1
1730 91 11 1 0
1731 52 34 -1 0
1732 66 21 0 -1
1733 65 15 0 1
1734 47 30 0 -1
1735 1 2 0 1
1736 54 13 0 -1
1737 40 3 0 1
1738 78 34 -1 0
1739 40 28 -1 0
1740 0 15 0 1
1741 29 26 -1 0
1742 54 19 0 -1
1743 3 22 0 1
1744 21 14 1 0
1745 68 22 0 1
1746 49 26 0 -1
1747 47 36 0 -1
1748 17 15 -1 0
1749 81 9 1 0
1750 26 1 0 -1
1751 99 22 1 0
1752 23 7 1 0
1753 83 9 0 1
1754 39 17 0 -1
1755 85 17 1 0
1756 77 6 0 -1
1757 92 11 0 -1
1758 84 31 0 -1
1759 65 39 1 0
1760 47 13 -1 0
1761 20 9 1 0
1762 0 34 0 -1
1763 52 25 0 1
1764 41 13 -1 0
1765 65 12 1 0
1766 73 38 1 0
1767 10 13 0 -1
1768 22 36 1 0
1769 10 25 0 -1
1770 24 30 0 -1
1771 90 0 1 0
1772 23 38 1 0
1773 70 3 1 0
1774 94 11 0 -1
1775 12 26 1 0
1776 82 14 0 -1
1777 74 37 -1 0
1778 4 5 0 -1
1779 28 34 -1 0
1780 26 27 0 -1
1781 38 20 0 -1
1782 34 21 0 1
1783 55 17 0 1
1784 45 0 -1 0
1785 32 11 0 1
1786 98 20 1 0
1787 93 35 -1 0
1788 97 10 0 1
1789 6 13 0 -1
1790 35 11 0 1
1791 74 24 0 1
1792 7 39 0 1
1793 45 10 -1 0
1794 44 34 1 0
1795 41 25 -1 0
1796 79 29 -1 0
1797 53 19 1 0
1798 71 26 0 1
1799 42 5 -1 0
1800 75 26 0 1
1801 88 19 0 1
1802 12 20 0 1
1803 49 17 -1 0
1804 84 16 1 0
1805 46 5 0 1
1806 24 4 0 1
1807 82 26 1 0
1808 74 0 -1 0
1809 76 21 0 -1
1810 0 9 -1 0
1811 23 33 0 -1
1812 15 4 0 1
1813 2 14 0 -1
1814 5 5 1 0
1815 35 32 0 -1
1816 5 26 -1 0
1817 52 3 0 -1
1818 94 34 1 0
1819 62 32 0 -1
1820 6 13 -1 0
1821 12 30 0 1
1822 35 7 1 0
1823 10 27 1 0
1824 45 39 0 1
1825 41 28 0 -1
1826 13 1 -1 0
1827 48 25 0 1
1828 36 7 1 0
1829 33 0 -1 0
1830 17 24 0 1
1831 38 26 0 -1
1832 51 14 1 0
1833 96 28 0 1
1834 55 9 0 -1
1835 46 6 0 1
1836 22 29 -1 0
1837 52 32 1 0
1838 87 14 0 1
1839 89 12 -1 0
1840 85 33 -1 0
1841 98 18 1 0
1842 90 33 0 1
1843 71 13 1 0
1844 30 7 0 1
1845 55 14 -1 0
1846 87 16 1 0
1847 83 33 0 1
1848 54 0 -1 0
1849 90 22 0 1
1850 80 34 0 1
1851 28 37 0 -1
1852 44 29 0 1
1853 21 37 1 0
1854 79 34 1 0
1855 47 22 -1 0
1856 35 19 0 1
1857 68 14 1 0
1858 12 31 0 -1
1859 66 3 -1 0
1860 26 20 1 0
1861 16 38 1 0
1862 30 7 1 0
1863 92 22 0 1
1864 98 25 0 1
1865 33 21 0 -1
1866 22 22 0 1
1867 11 27 -1 0
1868 64 28 0 1
1869 40 5 0 -1
1870 85 14 0 -1
1871 33 12 0 1
1872 4 28 0 1
1873 16 33 1 0
1874 10 25 0 -1
1875 0 17 -1 0
1876 33 32 1 0
1877 40 32 0 -1
1878 96 20 1 0
1879 98 37 -1 0
1880 29 15 0 1
1881 38 22 0 -1
1882 83 31 0 -1
1883 47 21 -1 0
1884 88 17 -1 0
1885 5 18 0 1
1886 37 32 0 -1
1887 87 31 0 1
1888 86 11 0 1
1889 93 22 0 -1
1890 50 17 -1 0
1891 55 30 -1 0
1892 19 30 0 1
1893 36 19 0 -1
1894 47 0 0 -1
1895 41 15 1 0
1896 36 19 1 0
1897 37 1 0 -1
1898 87 9 0 -1
1899 83 11 0 1
1900 28 22 -1 0
1901 79 16 0 -1
1902 94 19 1 0
1903 0 17 0 -1
1904 97 24 1 0
1905 14 12 0 -1
1906 49 17 1 0
1907 52 4 -1 0
1908 46 26 0 -1
1909 23 12 -1 0
1910 73 12 0 -1
1911 99 29 -1 0
1912 58 15 -1 0
1913 74 16 1 0
1914 91 13 1 0
1915 25 36 0 -1
1916 92 7 1 0
1917 42 8 1 0
1918 70 13 -1 0
1919 98 19 -1 0
1920 52 16 1 0
1921 66 1 1 0
1922 55 4 0 1
1923 23 28 0 1
1924 52 37 0 -1
1925 87 26 1 0
1926 0 34 0 -1
1927 69 1 1 0
1928 88 22 0 -1
1929 42 25 -1 0
1930 31 34 -1 0
1931 59 25 0 -1
1932 27 38 0 -1
1933 83 26 0 1
1934 6 14 0 -1
1935 61 12 0 -1
1936 7 4 0 1
1937 69 18 0 1
1938 33 27 1 0
1939 73 12 -1 0
1940 28 34 0 -1
1941 43 5 -1 0
1942 31 18 -1 0
1943 42 27 -1 0
1944 15 39 1 0
1945 61 12 0 1
1946 87 12 0 -1
1947 3 35 0 -1
1948 84 4 1 0
1949 79 21 -1 0
1950 63 11 1 0
1951 44 29 0 -1
1952 83 6 1 0
1953 91 0 0 -1
1954 29 14 1 0
1955 42 32 0 -1
1956 21 25 1 0
1957 31 30 0 -1
1958 90 14 -1 0
1959 10 35 0 1
1960 97 11 0 1
1961 51 20 -1 0
1962 46 37 1 0
1963 41 28 -1 0
1964 86 1 0 -1
1965 85 15 0 1
1966 50 36 -1 0
1967 86 1 0 -1
1968 56 29 -1 0
1969 48 39 1 0
1970 44 3 -1 0
1971 60 16 0 -1
1972 39 10 0 1
1973 64 39 1 0
1974 78 32 0 1
1975 47 34 0 -1
1976 98 24 0 1
1977 20 12 0 -1
1978 97 19 1 0
1979 89 24 0 -1
1980 47 36 -1 0
1981 58 38 1 0
1982 38 27 0 1
1983 28 6 0 -1
1984 91 17 0 1
1985 24 16 0 1
1986 43 15 -1 0
1987 1 5 1 0
1988 25 5 -1 0
1989 12 7 0 -1
1990 22 3 1 0
1991 23 13 -1 0
1992 48 3 0 -1
1993 15 39 0 -1
1994 13 5 0 1
1995 21 25 0 1
1996 81 9 0 1
1997 83 24 1 0
1998 18 38 0 1
1999 22 27 0 -1
2000 90 30 0 1
2001 62 34 0 -1
2002 1 19 0 -1
2003 73 24 0 1
2004 94 0 -1 0
2005 5 3 1 0
2006 24 36 -1 0
2007 44 5 0 -1
2008 87 5 -1 0
2009 16 5 1 0
2010 48 27 0 -1
2011 75 15 0 1
2012 95 36 1 0
2013 2 34 1 0
2014 45 1 -1 0
2015 7 39 1 0
2016 2 39 -1 0
2017 87 2 -1 0
2018 58 17 0 1
2019 11 21 0 1
2020 14 2 -1 0
2021 82 11 0 -1
2022 74 23 1 0
2023 17 13 0 1
2024 7 8 1 0
2025 32 31 0 -1
2026 84 24 1 0
2027 64 38 0 -1
2028 16 30 0 1
2029 1 28 1 0
2030 27 2 0 1
2031 23 6 -1 0
2032 39 16 0 1
2033 7 31 -1 0
2034 80 4 0 1
2035 86 38 0 -1
2036 94 9 0 1
2037 65 27 0 1
2038 83 30 -1 0
2039 13 1 0 -1
2040 29 8 0 1
2041 57 9 0 -1
2042 48 9 1 0
2043 77 39 0 1
2044 14 30 1 0
2045 43 2 1 0
2046 3 5 0 1
2047 54 36 0 1
2048 24 3 1 0
2049 46 6 0 1
2050 39 38 0 -1
2051 34 20 1 0
2052 54 8 -1 0
2053 4 14 -1 0
2054 29 18 -1 0
2055 55 1 0 1
2056 42 11 0 -1
2057 22 35 0 1
2058 27 25 0 1
2059 55 16 0 -1
2060 44 5 1 0
2061 52 12 -1 0
2062 96 20 -1 0
2063 21 24 1 0
2064 82 12 1 0
2065 31 6 0 -1
2066 40 9 0 1
2067 1 9 -1 0
2068 16 19 1 0
2069 71 21 1 0
2070 4 24 0 -1
2071 42 2 0 1
2072 3 4 -1 0
2073 35 8 -1 0
2074 48 35 0 -1
2075 0 20 0 1
2076 27 25 0 1
2077 88 13 0 1
2078 50 2 0 1
2079 43 4 0 1
2080 78 12 1 0
2081 29 20 1 0
2082 30 31 0 -1
2083 19 35 -1 0
2084 75 14 0 1
2085 38 32 0 1
2086 78 16 0 -1
2087 42 39 0 -1
2088 99 10 0 -1
2089 66 18 0 -1
2090 98 18 -1 0
2091 87 9 -1 0
2092 88 30 0 1
2093 41 31 0 1
2094 41 32 0 1
2095 61 39 -1 0
2096 40 20 0 -1
2097 97 34 0 -1
2098 24 36 1 0
2099 79 35 0 -1
2100 96 21 1 0
2101 28 19 0 -1
2102 25 21 1 0
2103 24 29 0 1
2104 11 29 1 0
2105 40 17 0 1
2106 69 15 -1 0
2107 26 0 1 0
2108 1 6 1 0
2109 79 5 0 1
2110 43 19 0 1
2111 76 15 0 -1
2112 80 5 0 1
2113 39 28 -1 0
2114 43 15 -1 0
2115 45 32 0 1
2116 10 9 1 0
2117 35 34 0 1
2118 34 39 -1 0
2119 95 3 0 1
2120 83 7 1 0
2121 93 29 -1 0
2122 76 14 0 -1
2123 83 37 0 -1
2124 46 6 0 -1
2125 68 4 1 0
2126 79 39 1 0
2127 91 26 -1 0
2128 86 1 1 0
2129 99 11 1 0
2130 59 14 0 -1
2131 82 15 1 0
2132 48 38 -1 0
2133 8 32 1 0
2134 82 21 1 0
2135 91 4 0 1
2136 47 7 0 1
2137 19 27 0 1
2138 65 34 -1 0
2139 48 23 0 -1
2140 42 35 0 -1
2141 25 18 0 -1
2142 2 36 1 0
2143 89 38 1 0
2144 32 14 0 1
2145 32 4 0 -1
2146 47 15 1 0
2147 65 3 0 -1
2148 66 6 0 -1
2149 7 14 0 -1
2150 77 13 0 -1
2151 24 4 0 1
2152 17 31 -1 0
2153 5 20 1 0
2154 42 18 0 1
2155 45 20 0 1
2156 0 39 -1 0
2157 77 21 0 -1
2158 99 20 0 1
2159 42 39 0 1
2160 42 4 0 1
2161 51 6 0 1
2162 11 25 0 1
2163 42 15 1 0
2164 54 15 0 -1
2165 44 2 0 1
2166 71 19 0 -1
2167 25 38 1 0
2168 13 38 1 0
2169 18 1 1 0
2170 89 39 -1 0
2171 72 18 1 0
2172 53 16 -1 0
2173 58 6 0 1
2174 66 30 0 -1
2175 38 19 -1 0
2176 0 24 0 1
2177 29 38 0 -1
2178 31 11 0 1
2179 18 35 0 -1
2180 15 28 0 -1
2181 81 31 0 -1
2182 72 3 0 -1
2183 16 1 1 0
2184 50 9 -1 0
2185 14 21 0 -1
2186 64 23 -1 0
2187 4 20 0 -1
2188 38 31 -1 0
2189 0 36 1 0
2190 65 2 -1 0
2191 5 2 0 -1
2192 88 22 0 1
2193 8 8 -1 0
2194 0 7 0 -1
2195 95 12 1 0
2196 13 22 0 -1
2197 98 26 1 0
2198 81 16 1 0
2199 77 19 0 -1
2200 17 30 1 0
2201 67 7 0 -1
2202 57 35 0 1
2203 81 20 -1 0
2204 37 27 0 1
2205 54 37 0 1
2206 90 3 -1 0
2207 71 30 0 -1
2208 87 26 1 0
2209 37 31 -1 0
2210 72 34 1 0
2211 94 4 1 0
2212 81 35 -1 0
2213 32 31 -1 0
2214 42 7 0 1
2215 34 30 0 -1
2216 49 4 0 -1
2217 59 28 0 -1
2218 62 11 0 1
2219 67 21 -1 0
2220 31 39 0 1
2221 73 29 0 -1
2222 45 33 1 0
2223 75 21 -1 0
2224 8 33 0 1
2225 64 38 0 1
2226 14 0 1 0
2227 24 28 0 -1
2228 97 36 1 0
2229 25 26 -1 0
2230 25 36 1 0
2231 89 12 -1 0
2232 71 28 0 -1
2233 47 12 0 -1
2234 46 29 -1 0
2235 16 13 0 1
2236 52 16 0 1
2237 45 17 0 1
2238 24 26 -1 0
2239 84 22 -1 0
2240 96 18 -1 0
2241 22 17 1 0
2242 13 18 0 1
2243 34 39 0 1
2244 16 6 -1 0
2245 78 2 0 1
2246 10 4 -1 0
2247 23 2 1 0
2248 63 27 0 1
2249 24 5 0 1
2250 85 14 0 1
2251 92 34 0 1
2252 35 14 -1 0
2253 54 7 0 1
2254 22 16 -1 0
2255 99 9 0 1
2256 77 8 -1 0
2257 19 0 0 1
2258 95 33 0 1
2259 26 9 0 1
2260 61 10 -1 0
2261 26 24 0 -1
2262 52 6 0 1
2263 25 19 0 -1
2264 90 13 -1 0
2265 15 25 0 1
2266 32 12 0 1
2267 43 34 -1 0
2268 41 19 0 -1
2269 29 8 1 0
2270 39 17 -1 0
2271 35 20 0 -1
2272 26 2 1 0
2273 97 15 0 1
2274 27 35 1 0
2275 85 38 0 -1
2276 65 24 0 1
2277 28 16 -1 0
2278 50 29 0 1
2279 78 26 0 1
2280 44 12 0 1
2281 40 30 1 0
2282 49 9 0 -1
2283 1 11 1 0
2284 84 15 0 -1
2285 11 19 0 1
2286 95 7 0 1
2287 74 31 0 1
2288 90 11 1 0
2289 24 21 -1 0
2290 99 31 0 1
2291 31 6 0 1
2292 47 16 -1 0
2293 64 17 0 1
2294 5 7 -1 0
2295 55 23 0 1
2296 35 29 0 1
2297 30 17 -1 0
2298 5 16 1 0
2299 50 36 0 1
2300 96 18 -1 0
2301 77 3 0 -1
2302 48 15 0 -1
2303 10 25 0 -1
2304 34 23 1 0
2305 30 3 -1 0
2306 19 12 -1 0
2307 80 35 0 1
2308 95 30 0 1
2309 44 31 0 -1
2310 47 32 0 -1
2311 60 29 1 0
2312 35 2 -1 0
2313 6 19 0 1
2314 41 9 0 1
2315 99 5 1 0
2316 89 9 1 0
2317 44 14 0 -1
2318 5 34 -1 0
2319 85 38 -1 0
2320 82 26 1 0
2321 34 19 -1 0
2322 4 10 1 0
2323 39 6 0 1
2324 11 26 -1 0
2325 27 14 1 0
2326 90 24 -1 0
2327 44 24 0 1
2328 49 21 0 -1
2329 18 38 1 0
2330 43 24 0 -1
2331 94 20 1 0
2332 93 15 0 -1
2333 37 5 0 1
2334 5 26 0 1
2335 96 13 0 1
2336 87 37 0 -1
2337 88 5 0 -1
2338 7 29 0 1
2339 11 24 -1 0
2340 4 18 0 -1
2341 87 37 0 -1
2342 27 2 1 0
2343 20 30 1 0
2344 18 10 0 -1
2345 98 31 -1 0
2346 47 16 -1 0
2347 23 34 0 -1
2348 18 25 -1 0
2349 19 1 1 0
2350 49 0 -1 0
2351 20 13 -1 0
2352 27 31 0 -1
2353 90 0 0 -1
2354 11 28 0 1
2355 44 13 -1 0
2356 71 38 -1 0
2357 36 37 1 0
2358 42 36 1 0
2359 28 38 0 1
2360 91 27 0 -1
2361 48 23 1 0
2362 56 32 0 -1
2363 40 9 0 1
2364 95 36 -1 0
2365 48 12 0 1
2366 6 3 0 -1
2367 22 28 0 -1
2368 40 12 0 -1
2369 76 29 0 -1
2370 73 2 -1 0
2371 56 12 0 -1
2372 96 30 0 1
2373 27 22 1 0
2374 72 33 -1 0
2375 60 33 1 0
2376 67 6 -1 0
2377 27 30 1 0
2378 38 11 -1 0
2379 34 13 0 1
2380 99 11 0 1
2381 98 23 0 -1
2382 29 17 0 -1
2383 28 38 1 0
2384 73 19 0 1
2385 26 7 0 -1
2386 37 20 1 0
2387 12 26 0 1
2388 27 35 1 0
2389 2 37 -1 0
2390 32 10 1 0
2391 48 8 -1 0
2392 52 6 -1 0
2393 50 24 1 0
2394 35 36 -1 0
2395 81 17 0 -1
2396 37 6 1 0
2397 26 1 -1 0
2398 29 27 0 1
2399 21 4 1 0
2400 11 4 1 0
2401 92 9 1 0
2402 46 36 0 -1
2403 41 1 1 0
2404 20 28 0 -1
2405 13 21 0 1
2406 17 16 0 -1
2407 68 25 0 -1
2408 75 39 1 0
2409 75 13 -1 0
2410 64 37 0 -1
2411 41 17 -1 0
2412 54 10 0 -1
2413 96 19 0 -1
2414 48 32 0 1
2415 53 39 0 -1
2416 22 37 0 -1
2417 78 30 -1 0
2418 88 2 -1 0
2419 40 12 0 -1
2420 46 22 0 -1
2421 46 23 0 -1
2422 75 14 -1 0
2423 26 21 -1 0
2424 67 0 0 1
2425 20 19 -1 0
2426 79 1 -1 0
2427 16 16 0 1
2428 14 34 0 -1
2429 80 39 0 1
2430 85 5 0 1
2431 55 32 -1 0
2432 79 24 0 -1
2433 42 12 0 -1
2434 60 26 -1 0
2435 37 3 0 1
2436 16 31 0 -1
2437 6 20 1 0
2438 4 5 -1 0
2439 86 19 -1 0
2440 98 7 0 1
2441 81 30 -1 0
2442 82 31 0 -1
2443 77 32 0 1
2444 71 32 0 -1
2445 43 15 0 1
2446 59 30 -1 0
2447 34 27 0 1
2448 85 3 0 -1
2449 20 11 1 0
2450 96 38 0 1
2451 64 33 0 1
2452 32 35 0 1
2453 8 0 -1 0
2454 96 22 1 0
2455 46 36 -1 0
2456 93 31 -1 0
2457 3 15 1 0
2458 94 20 0 -1
2459 28 36 0 -1
2460 71 39 0 -1
2461 76 22 0 1
2462 59 29 1 0
2463 32 10 0 1
2464 84 14 1 0
2465 43 16 1 0
2466 88 24 -1 0
2467 63 3 0 1
2468 6 7 -1 0
2469 22 7 1 0
2470 80 13 1 0
2471 7 24 0 -1
2472 98 26 0 -1
2473 6 10 1 0
2474 90 19 0 -1
2475 72 33 0 -1
2476 40 26 -1 0
2477 78 32 1 0
2478 43 23 0 -1
2479 92 13 -1 0
2480 37 0 1 0
2481 32 19 -1 0
2482 37 20 1 0
2483 18 19 1 0
2484 86 18 0 1
2485 84 33 0 1
2486 18 18 -1 0
2487 46 37 -1 0
2488 6 2 0 1
2489 7 22 0 -1
2490 57 36 0 -1
2491 28 24 1 0
2492 81 5 1 0
2493 31 11 0 1
2494 75 24 1 0
2495 63 24 -1 0
2496 92 15 0 1
2497 25 10 0 -1
2498 92 30 -1 0
2499 25 7 0 -1
2500 43 17 1 0
2501 13 8 0 1
2502 72 9 1 0
2503 30 25 0 -1
2504 32 4 1 0
2505 68 37 -1 0
2506 84 21 0 -1
2507 3 3 1 0
2508 0 3 0 -1
2509 56 1 0 1
2510 9 39 0 1
2511 48 36 0 1
2512 81 9 1 0
2513 81 32 1 0
2514 24 5 0 -1
2515 37 28 0 1
2516 50 23 -1 0
2517 39 8 -1 0
2518 88 37 1 0
2519 35 23 0 -1
2520 87 20 -1 0
2521 86 11 1 0
2522 25 2 0 1
2523 9 6 0 -1
2524 15 3 0 -1
2525 55 12 0 -1
2526 51 17 0 -1
2527 59 21 -1 0
2528 31 32 0 -1
2529 67 8 0 1
2530 45 21 1 0
2531 65 2 0 1
2532 18 18 -1 0
2533 62 39 -1 0
2534 21 13 -1 0
2535 65 10 0 1
2536 84 12 0 -1
2537 83 33 0 1
2538 53 10 1 0
2539 0 12 -1 0
2540 95 20 0 -1
2541 45 33 0 -1
2542 77 18 0 -1
2543 47 18 0 1
2544 63 20 1 0
2545 19 16 -1 0
2546 95 33 0 1
2547 16 27 1 0
2548 48 29 1 0
2549 69 23 1 0
2550 33 20 0 1
2551 44 21 1 0
2552 55 8 0 1
2553 19 18 1 0
2554 48 0 0 1
2555 45 8 0 1
2556 86 4 0 1
2557 29 10 1 0
2558 23 11 0 -1
2559 31 7 0 -1
2560 26 22 1 0
2561 7 16 -1 0
2562 88 4 0 1
2563 0 36 -1 0
2564 44 2 -1 0
2565 30 20 0 -1
2566 92 10 1 0
2567 19 10 -1 0
2568 47 0 -1 0
2569 34 7 1 0
2570 14 28 1 0
2571 94 9 0 1
2572 94 29 0 1
2573 89 24 0 -1
2574 6 26 0 1
2575 40 25 -1 0
2576 83 14 -1 0
2577 45 5 0 -1
2578 97 28 0 1
2579 83 22 0 -1
2580 4 21 0 -1
2581 73 14 -1 0
2582 8 26 0 -1
2583 97 9 0 1
2584 94 10 0 -1
2585 41 2 0 -1
2586 0 39 0 1
2587 61 9 0 1
2588 76 24 0 1
2589 84 33 0 1
2590 23 12 1 0
2591 80 19 -1 0
2592 40 13 -1 0
2593 48 2 0 -1
2594 89 0 -1 0
2595 97 20 -1 0
2596 64 29 0 -1
2597 2 14 1 0
2598 94 17 0 -1
2599 20 0 -1 0
2600 18 1 0 -1
2601 41 13 0 -1
2602 50 39 0 -1
2603 14 38 0 -1
2604 42 3 0 -1
2605 97 36 0 1
2606 35 6 0 -1
2607 17 19 0 1
2608 73 20 1 0
2609 3 15 1 0
2610 66 25 0 -1
2611 17 17 1 0
2612 92 31 0 -1
2613 24 3 0 1
2614 93 24 -1 0
2615 74 14 0 -1
2616 26 6 0 1
2617 15 30 0 -1
2618 14 23 1 0
2619 34 23 0 1
2620 27 17 0 1
2621 8 18 -1 0
2622 10 23 0 -1
2623 54 18 0 1
2624 53 39 -1 0
2625 28 6 1 0
2626 58 35 -1 0
2627 34 35 0 1
2628 18 8 0 1
2629 90 11 0 -1
2630 25 10 1 0
2631 87 6 1 0
2632 27 38 0 1
2633 26 7 1 0
2634 8 4 -1 0
2635 32 3 1 0
2636 3 30 0 1
2637 15 13 1 0
2638 22 34 0 1
2639 64 9 -1 0
2640 17 4 1 0
2641 41 11 1 0
2642 83 23 0 1
2643 99 6 1 0
2644 75 23 0 1
2645 80 28 -1 0
2646 61 21 0 -1
2647 31 38 0 1
2648 66 2 -1 0
2649 17 37 1 0
2650 13 5 1 0
2651 18 32 0 1
2652 87 20 0 1
2653 23 6 -1 0
2654 67 14 0 1
2655 50 4 0 -1
2656 34 19 0 1
2657 75 13 0 1
2658 34 10 1 0
2659 23 27 1 0
2660 38 4 -1 0
2661 47 17 0 1
2662 5 20 0 -1
2663 67 16 0 1
2664 41 33 1 0
2665 24 11 1 0
2666 71 23 0 -1
2667 92 23 1 0
2668 98 1 -1 0
2669 48 6 -1 0
2670 0 1 0 -1
2671 24 35 1 0
2672 74 18 1 0
2673 4 3 -1 0
2674 58 17 0 -1
2675 85 39 -1 0
2676 99 10 1 0
2677 48 19 -1 0
2678 39 22 0 -1
2679 89 34 0 1
2680 30 12 1 0
2681 39 12 -1 0
2682 14 21 1 0
2683 69 39 -1 0
2684 25 10 1 0
2685 25 1 1 0
2686 97 9 0 -1
2687 47 6 -1 0
2688 39 19 -1 0
2689 5 27 0 -1
2690 19 38 -1 0
2691 82 28 1 0
2692 81 25 1 0
2693 36 22 -1 0
2694 48 21 0 -1
2695 15 16 0 1
2696 51 22 1 0
2697 70 26 0 1
2698 95 8 0 -1
2699 38 11 -1 0
2700 95 9 0 -1
2701 40 11 0 1
2702 40 22 0 1
2703 21 8 0 -1
2704 18 22 -1 0
2705 50 23 1 0
2706 97 25 0 -1
2707 18 16 0 1
2708 92 8 0 -1
2709 46 21 -1 0
2710 70 7 0 -1
2711 79 36 -1 0
2712 23 33 0 1
2713 49 33 1 0
2714 97 8 0 -1
2715 29 7 1 0
2716 48 19 0 -1
2717 93 34 1 0
2718 92 8 -1 0
2719 25 39 1 0
2720 17 21 0 -1
2721 54 17 1 0
2722 93 0 0 -1
2723 99 34 1 0
2724 40 8 0 1
2725 87 36 1 0
2726 41 38 0 1
2727 46 12 0 -1
2728 26 20 0 1
2729 8 30 0 1
2730 85 31 1 0
2731 17 34 0 -1
2732 25 25 0 1
2733 28 2 0 1
2734 88 29 0 1
2735 24 27 -1 0
2736 5 36 1 0
2737 41 27 -1 0
2738 30 32 1 0
2739 23 17 1 0
2740 31 11 0 -1
2741 61 19 -1 0
2742 75 17 -1 0
2743 12 2 1 0
2744 70 38 -1 0
2745 27 34 0 -1
2746 4 4 -1 0
2747 4 3 0 1
2748 94 1 0 -1
2749 85 27 1 0
2750 16 27 0 -1
2751 93 10 1 0
2752 42 39 -1 0
2753 65 33 -1 0
2754 49 20 1 0
2755 48 28 -1 0
2756 63 16 0 1
2757 75 10 0 1
2758 50 11 0 1
2759 54 19 -1 0
2760 83 16 0 1
2761 86 35 -1 0
2762 91 17 0 1
2763 43 1 -1 0
2764 27 14 1 0
2765 14 5 -1 0
2766 19 16 0 -1
2767 25 13 -1 0
2768 99 9 1 0
2769 0 6 0 1
2770 79 9 1 0
2771 41 35 -1 0
2772 36 30 1 0
2773 24 13 1 0
2774 76 6 1 0
2775 10 14 -1 0
2776 97 28 0 1
2777 44 35 1 0
2778 41 4 0 -1
2779 81 6 0 1
2780 62 28 0 -1
2781 92 36 0 1
2782 26 29 1 0
2783 47 21 -1 0
2784 3 31 0 1
2785 21 14 0 1
2786 83 35 0 -1
2787 52 20 0 1
2788 39 9 1 0
2789 26 23 0 1
2790 71 16 0 -1
2791 93 9 1 0
2792 2 22 0 1
2793 30 39 -1 0
2794 10 29 0 1
2795 8 18 0 -1
2796 28 4 -1 0
2797 48 22 -1 0
2798 60 7 0 1
2799 22 15 0 -1
2800 42 36 0 -1
2801 80 25 -1 0
2802 96 3 1 0
2803 56 24 0 1
2804 76 18 1 0
2805 55 23 1 0
2806 10 24 -1 0
2807 16 26 0 1
2808 50 31 0 -1
2809 17 28 1 0
2810 68 5 1 0
2811 46 22 1 0
2812 98 22 1 0
2813 51 0 1 0
2814 8 33 0 -1
2815 47 8 -1 0
2816 16 34 0 1
2817 38 8 0 1
2818 22 14 0 1
2819 44 6 -1 0
2820 74 5 0 -1
2821 5 35 -1 0
2822 48 3 0 -1
2823 99 33 0 -1
2824 90 28 -1 0
2825 56 22 0 -1
2826 93 4 0 1
2827 11 22 -1 0
2828 74 30 1 0
2829 5 24 0 -1
2830 40 32 -1 0
2831 92 5 -1 0
2832 90 18 0 -1
2833 21 35 0 -1
2834 21 23 -1 0
2835 30 20 0 1
2836 76 2 0 1
2837 24 2 -1 0
2838 73 28 -1 0
2839 4 10 -1 0
2840 40 7 0 -1
2841 25 0 0 1
2842 60 32 0 -1
2843 44 2 0 1
2844 41 14 0 -1
2845 68 4 -1 0
2846 4 27 0 -1
2847 46 10 0 -1
2848 25 6 1 0
2849 86 14 0 1
2850 96 25 1 0
2851 92 13 0 1
2852 66 29 0 1
2853 92 28 0 -1
2854 71 6 0 1
2855 57 21 1 0
2856 93 26 0 1
2857 11 9 0 -1
2858 46 25 -1 0
2859 32 6 0 1
2860 19 26 1 0
2861 43 24 0 1
2862 42 20 -1 0
2863 44 34 0 1
2864 86 14 0 -1
2865 99 18 -1 0
2866 91 38 0 1
2867 91 33 0 -1
2868 2 13 1 0
2869 43 18 -1 0
2870 79 6 0 -1
2871 64 15 0 1
2872 18 25 0 -1
2873 3 21 1 0
2874 38 25 1 0
2875 62 20 0 -1
2876 69 27 1 0
2877 82 0 0 -1
2878 97 37 0 1
2879 26 35 1 0
2880 94 1 1 0
2881 4 3 -1 0
2882 86 3 1 0
2883 4 34 1 0
2884 18 19 0 -1
2885 42 33 -1 0
2886 12 8 -1 0
2887 71 2 1 0
2888 54 33 0 -1
2889 42 4 0 1
2890 31 31 0 1
2891 25 9 -1 0
2892 80 15 -1 0
2893 19 13 0 -1
2894 34 5 0 -1
2895 59 0 0 1
2896 14 11 1 0
2897 91 7 0 -1
2898 50 37 0 1
2899 57 4 -1 0
2900 15 33 1 0
2901 66 30 -1 0
2902 44 17 0 1
2903 45 16 1 0
2904 5 24 0 -1
2905 98 25 0 -1
2906 37 9 1 0
2907 87 22 0 1
2908 52 7 0 -1
2909 49 30 0 -1
2910 67 29 0 1
2911 9 22 0 -1
2912 94 36 -1 0
2913 11 34 0 -1
2914 84 37 -1 0
2915 31 32 -1 0
2916 62 20 0 1
2917 46 22 0 -1
2918 32 6 0 -1
2919 9 18 0 1
2920 8 38 -1 0
2921 71 10 -1 0
2922 97 13 0 -1
2923 63 28 1 0
2924 21 19 -1 0
2925 14 0 0 1
2926 13 27 0 -1
2927 47 8 -1 0
2928 20 19 0 1
2929 76 11 0 1
2930 29 37 0 1
2931 90 22 0 -1
2932 13 26 0 -1
2933 80 30 0 -1
2934 4 31 0 -1
2935 26 30 0 -1
2936 80 34 0 1
2937 15 22 -1 0
2938 65 2 0 -1
2939 30 2 0 1
2940 24 9 1 0
2941 37 17 0 1
2942 85 35 0 -1
2943 74 31 1 0
2944 40 19 0 1
2945 79 38 0 1
2946 87 36 1 0
2947 46 8 0 -1
2948 58 13 0 -1
2949 87 0 1 0
2950 88 35 -1 0
2951 45 31 0 1
2952 99 36 1 0
2953 63 25 -1 0
2954 98 3 1 0
2955 33 25 -1 0
2956 60 28 1 0
2957 79 29 0 1
2958 2 24 0 -1
2959 4 30 0 1
2960 90 23 0 1
2961 53 4 1 0
2962 77 36 -1 0
2963 1 30 -1 0
2964 1 19 -1 0
2965 75 23 0 -1
2966 36 13 1 0
2967 17 34 0 1
2968 92 8 1 0
2969 50 20 0 -1
2970 89 13 0 -1
2971 40 36 0 1
2972 6 28 0 -1
2973 9 4 1 0
2974 54 18 1 0
2975 49 19 -1 0
2976 14 10 1 0
2977 43 9 0 1
2978 18 12 0 -1
2979 41 10 0 1
2980 62 30 -1 0
2981 40 32 -1 0
2982 23 10 0 -1
2983 36 29 0 -1
2984 19 11 0 -1
2985 19 14 -1 0
2986 7 25 0 -1
2987 78 20 0 -1
2988 93 36 1 0
2989 87 19 1 0
2990 29 33 0 1
2991 85 19 0 1
2992 52 28 1 0
2993 47 39 -1 0
2994 97 2 -1 0
2995 84 25 1 0
2996 26 14 0 1
2997 56 24 1 0
2998 22 18 0 1
2999 32 13 1 0
3000 34 15 -1 0
3001 27 21 1 0
3002 52 38 0 1
3003 83 15 0 1
3004 13 12 0 1
3005 99 14 1 0
3006 11 12 -1 0
3007 87 28 0 1
3008 56 4 1 0
3009 87 17 1 0
3010 17 1 1 0
3011 0 12 0 1
3012 41 27 -1 0
3013 45 18 0 1
3014 36 28 1 0
3015 4 12 0 1
3016 26 30 0 1
3017 13 23 -1 0
3018 17 30 -1 0
3019 60 32 -1 0
3020 11 16 1 0
3021 91 6 1 0
3022 0 10 -1 0
3023 11 14 0 -1
3024 42 23 0 -1
3025 16 7 0 -1
3026 37 29 0 -1
3027 26 15 0 -1
3028 46 29 0 1
3029 63 6 0 1
3030 38 7 -1 0
3031 87 35 1 0
3032 42 5 1 0
3033 60 14 1 0
3034 55 5 0 -1
3035 24 15 0 -1
3036 37 17 -1 0
3037 28 36 -1 0
3038 9 15 -1 0
3039 26 32 0 -1
3040 23 35 0 1
3041 42 14 0 1
3042 87 13 -1 0
3043 80 28 1 0
3044 58 24 0 1
3045 89 11 1 0
3046 89 38 0 -1
3047 95 22 1 0
3048 3 25 1 0
3049 93 22 1 0
3050 98 25 0 -1
3051 47 11 0 -1
3052 17 37 1 0
3053 30 31 -1 0
3054 67 38 0 1
3055 7 27 0 -1
3056 66 38 -1 0
3057 87 23 0 1
3058 41 16 -1 0
3059 37 30 0 1
3060 9 36 -1 0
3061 77 13 0 -1
3062 73 22 -1 0
3063 48 11 -1 0
3064 70 0 0 -1
3065 1 13 0 1
3066 5 27 0 -1
3067 15 36 -1 0
3068 10 23 0 -1
3069 37 24 1 0
3070 10 18 1 0
3071 37 34 -1 0
3072 75 5 0 1
3073 37 37 1 0
3074 93 2 1 0
3075 45 30 -1 0
3076 2 36 0 1
3077 7 13 0 1
3078 26 21 1 0
3079 22 11 1 0
3080 6 12 0 -1
3081 27 38 0 -1
3082 84 37 1 0
3083 88 35 0 1
3084 8 6 0 -1
3085 21 28 -1 0
3086 14 10 -1 0
3087 77 39 -1 0
3088 92 14 0 -1
3089 27 1 0 1
3090 48 30 1 0
3091 63 10 -1 0
3092 38 6 1 0
3093 90 28 1 0
3094 28 24 0 -1
3095 78 19 0 1
3096 79 11 1 0
3097 49 21 0 -1
3098 49 23 0 -1
3099 80 19 0 -1
3100 52 11 1 0
3101 35 36 -1 0
3102 90 2 -1 0
3103 36 8 0 1
3104 11 23 0 -1
3105 70 24 -1 0
3106 36 26 0 -1
3107 45 8 0 -1
3108 64 28 0 -1
3109 69 18 -1 0
3110 18 10 -1 0
3111 99 0 1 0
3112 89 36 0 -1
3113 43 11 -1 0
3114 10 8 0 1
3115 76 37 0 1
3116 50 18 0 -1
3117 12 25 1 0
3118 50 2 1 0
3119 42 37 1 0
3120 19 11 0 1
3121 18 29 -1 0
3122 3 18 -1 0
3123 77 10 -1 0
3124 98 18 0 1
3125 30 9 -1 0
3126 83 36 -1 0
3127 88 13 0 1
3128 26 36 1 0
3129 85 28 1 0
3130 80 29 0 -1
3131 54 2 1 0
3132 50 21 0 1
3133 70 24 0 1
3134 39 13 0 1
3135 96 30 1 0
3136 0 27 0 1
3137 58 34 -1 0
3138 51 19 0 -1
3139 31 12 0 -1
3140 47 34 -1 0
3141 19 20 0 -1
3142 86 18 0 1
3143 88 27 1 0
3144 6 23 0 -1
3145 52 5 -1 0
3146 79 17 -1 0
3147 68 29 0 1
3148 25 20 1 0
3149 94 20 0 -1
3150 9 18 1 0
3151 98 4 1 0
3152 74 14 0 1
3153 7 17 0 1
3154 72 4 0 1
3155 28 15 0 1
3156 44 16 1 0
3157 19 32 1 0
3158 43 23 0 1
3159 18 16 0 -1
3160 93 28 0 -1
3161 71 33 -1 0
3162 38 26 -1 0
3163 14 2 0 1
3164 41 36 0 -1
3165 88 1 0 1
3166 87 21 0 1
3167 44 15 0 -1
3168 75 15 0 -1
3169 22 25 1 0
3170 17 38 0 -1
3171 97 6 0 -1
3172 2 30 1 0
3173 88 21 0 1
3174 42 6 1 0
3175 61 4 0 -1
3176 19 21 0 1
3177 99 10 -1 0
3178 94 11 0 -1
3179 4 25 0 -1
3180 12 7 0 1
3181 3 36 -1 0
3182 27 27 1 0
3183 25 5 1 0
3184 92 38 1 0
3185 95 5 0 1
3186 76 31 1 0
3187 40 35 1 0
3188 38 32 -1 0
3189 87 3 1 0
3190 60 14 -1 0
3191 53 35 1 0
3192 36 6 0 1
3193 54 23 1 0
3194 46 16 1 0
3195 52 12 0 1
3196 58 23 -1 0
3197 18 3 1 0
3198 48 9 0 -1
3199 33 35 -1 0
3200 49 3 0 1
3201 70 31 1 0
3202 6 5 -1 0
3203 19 5 1 0
3204 70 4 0 1
3205 39 10 1 0
3206 83 0 0 1
3207 59 17 0 1
3208 91 30 1 0
3209 89 8 0 -1
3210 43 31 -1 0
3211 94 36 0 -1
3212 12 30 -1 0
3213 24 21 -1 0
3214 21 33 1 0
3215 41 15 -1 0
3216 23 10 -1 0
3217 22 20 0 1
3218 30 28 -1 0
3219 51 15 -1 0
3220 60 21 0 1
3221 69 25 -1 0
3222 5 12 1 0
3223 95 19 1 0
3224 42 17 -1 0
3225 51 11 1 0
3226 16 31 0 -1
3227 41 1 -1 0
3228 74 32 0 -1
3229 69 17 0 -1
3230 87 8 -1 0
3231 66 35 1 0
3232 3 4 -1 0
3233 47 22 0 -1
3234 78 29 0 -1
3235 1 18 0 1
3236 12 22 1 0
3237 93 31 1 0
3238 14 38 0 1
3239 1 2 0 1
3240 9 35 0 1
3241 29 37 1 0
3242 10 2 0 1
3243 4 37 -1 0
3244 46 17 -1 0
3245 24 10 0 -1
3246 34 34 1 0
3247 29 19 1 0
3248 43 20 0 -1
3249 91 27 1 0
3250 47 26 0 1
3251 32 24 0 1
3252 42 22 1 0
3253 21 4 -1 0
3254 3 32 0 -1
3255 23 3 -1 0
3256 11 18 1 0
3257 14 18 1 0
3258 33 19 0 -1
3259 44 12 1 0
3260 66 8 0 -1
3261 97 16 1 0
3262 53 25 1 0
3263 89 37 0 -1
3264 1 1 -1 0
3265 14 12 1 0
3266 32 32 0 -1
3267 42 9 0 1
3268 35 28 0 -1
3269 57 8 0 1
3270 30 20 0 1
3271 35 5 1 0
3272 53 35 0 1
3273 69 7 -1 0
3274 13 33 0 -1
3275 16 37 1 0
3276 87 10 0 -1
3277 29 25 -1 0
3278 50 19 1 0
3279 23 23 1 0
3280 97 38 -1 0
3281 40 23 0 -1
3282 60 21 -1 0
3283 17 38 0 -1
3284 89 38 0 -1
3285 84 5 0 -1
3286 54 9 0 -1
3287 49 31 0 -1
3288 60 3 0 1
3289 39 7 1 0
3290 12 19 0 -1
3291 96 13 0 -1
3292 23 13 1 0
3293 26 34 0 1
3294 22 16 1 0
3295 47 17 -1 0
3296 56 32 0 1
3297 82 14 -1 0
3298 12 23 1 0
3299 27 26 -1 0
3300 21 29 0 1
3301 13 5 0 -1
3302 71 0 0 -1
3303 32 1 0 -1
3304 85 8 -1 0
3305 99 14 1 0
3306 2 20 0 1
3307 78 6 0 -1
3308 46 23 1 0
3309 44 30 1 0
3310 46 8 0 -1
3311 49 8 0 1
3312 76 3 -1 0
3313 48 24 0 -1
3314 75 3 0 1
3315 94 28 0 1
3316 2 28 -1 0
3317 53 9 0 1
3318 92 23 1 0
3319 90 12 -1 0
3320 48 1 0 1
3321 55 14 1 0
3322 27 18 1 0
3323 16 4 1 0
3324 1 28 0 -1
3325 39 6 -1 0
3326 81 11 1 0
3327 41 30 -1 0
3328 6 7 0 1
3329 16 14 0 -1
3330 67 25 -1 0
3331 98 17 0 1
3332 48 5 0 1
3333 60 36 -1 0
3334 17 26 1 0
3335 60 22 0 -1
3336 10 9 1 0
3337 5 24 1 0
3338 56 22 0 -1
3339 68 7 0 -1
3340 90 15 -1 0
3341 1 8 1 0
3342 13 12 0 -1
3343 92 19 1 0
3344 9 31 -1 0
3345 77 30 1 0
3346 39 33 0 1
3347 13 10 0 -1
3348 1 38 -1 0
3349 97 6 -1 0
3350 14 10 1 0
3351 70 26 1 0
3352 78 0 0 1
3353 21 31 0 1
3354 36 1 -1 0
3355 46 5 0 -1
3356 11 9 1 0
3357 12 1 1 0
3358 52 22 0 1
3359 38 27 0 1
3360 42 33 0 -1
3361 51 4 -1 0
3362 77 33 0 1
3363 47 35 -1 0
3364 13 2 1 0
3365 86 23 1 0
3366 97 25 1 0
3367 39 5 -1 0
3368 25 0 1 0
3369 10 7 0 -1
3370 49 10 0 -1
3371 69 9 0 -1
3372 72 22 0 -1
3373 62 24 1 0
3374 86 2 1 0
3375 28 35 0 1
3376 39 4 1 0
3377 18 9 0 -1
3378 29 6 1 0
3379 48 28 1 0
3380 85 4 0 1
3381 90 27 1 0
3382 40 6 0 -1
3383 30 35 0 1
3384 21 13 0 -1
3385 77 21 -1 0
3386 36 0 0 -1
3387 22 13 0 -1
3388 40 3 -1 0
3389 43 7 -1 0
3390 13 27 0 -1
3391 3 18 1 0
3392 36 34 0 -1
3393 44 23 -1 0
3394 50 12 -1 0
3395 80 12 0 -1
3396 2 13 0 1
3397 90 3 -1 0
3398 52 36 0 1
3399 51 36 0 -1
3400 97 26 -1 0
3401 16 34 1 0
3402 4 10 -1 0
3403 2 4 0 1
3404 77 2 1 0
3405 43 34 1 0
3406 2 39 1 0
3407 4 2 -1 0
3408 72 37 0 -1
3409 16 25 0 -1
3410 77 30 0 1
3411 80 13 0 -1
3412 51 11 0 1
3413 85 29 0 1
3414 67 20 0 1
3415 40 14 0 -1
3416 28 21 1 0
3417 21 0 1 0
3418 49 9 0 -1
3419 27 6 0 -1
3420 4 11 -1 0
3421 80 0 1 0
3422 95 20 1 0
3423 54 34 1 0
3424 83 11 0 1
3425 51 28 1 0
3426 50 1 -1 0
3427 43 33 0 1
3428 19 12 0 1
3429 80 34 -1 0
3430 13 30 -1 0
3431 71 24 -1 0
3432 9 30 1 0
3433 11 21 0 -1
3434 87 22 0 -1
3435 66 31 -1 0
3436 70 16 -1 0
3437 17 3 0 -1
3438 19 14 -1 0
3439 63 2 -1 0
3440 63 1 1 0
3441 91 32 -1 0
3442 96 23 0 -1
3443 32 20 1 0
3444 1 15 -1 0
3445 9 39 1 0
3446 20 18 0 -1
3447 16 31 -1 0
3448 38 19 -1 0
3449 58 35 -1 0
3450 44 16 0 -1
3451 13 26 0 -1
3452 10 36 0 1
3453 21 9 0 -1
3454 88 32 0 -1
3455 17 21 1 0
3456 57 33 0 1
3457 95 15 0 -1
3458 30 30 1 0
3459 25 35 1 0
3460 82 18 0 -1
3461 50 38 0 -1
3462 14 2 -1 0
3463 18 15 -1 0
3464 90 39 1 0
3465 18 0 0 -1
3466 66 39 1 0
3467 41 31 0 -1
3468 98 39 0 1
3469 15 14 1 0
3470 12 3 -1 0
3471 32 26 1 0
3472 24 35 1 0
3473 12 37 0 -1
3474 87 24 0 -1
3475 49 8 -1 0
3476 46 11 -1 0
3477 23 18 1 0
3478 95 11 0 1
3479 60 15 1 0
3480 8 3 0 -1
3481 51 36 0 1
3482 5 18 -1 0
3483 26 18 0 -1
3484 1 18 0 -1
3485 51 29 1 0
3486 7 15 0 1
3487 0 21 -1 0
3488 83 20 -1 0
3489 23 22 1 0
3490 91 26 1 0
3491 40 11 1 0
3492 50 22 0 1
3493 59 5 -1 0
3494 79 35 0 1
3495 40 10 -1 0
3496 45 23 0 1
3497 98 3 0 1
3498 96 8 1 0
3499 71 16 -1 0
3500 25 4 1 0
3501 59 0 -1 0
3502 76 9 0 -1
3503 61 8 -1 0
3504 37 16 0 1
3505 92 28 0 -1
3506 17 9 0 -1
3507 23 28 -1 0
3508 44 10 0 1
3509 33 16 0 1
3510 31 2 1 0
3511 47 13 0 1
3512 64 32 0 1
3513 49 1 -1 0
3514 3 37 -1 0
3515 4 9 -1 0
3516 51 9 0 -1
3517 99 36 0 1
3518 42 22 0 -1
3519 59 5 -1 0
3520 62 1 0 -1
3521 71 23 0 1
3522 42 3 1 0
3523 59 11 0 -1
3524 73 23 -1 0
3525 20 7 0 1
3526 19 21 0 1
3527 74 3 -1 0
3528 14 36 0 1
3529 54 38 0 1
3530 15 7 -1 0
3531 86 8 0 1
3532 99 35 1 0
3533 20 14 -1 0
3534 92 26 1 0
3535 83 0 -1 0
3536 12 29 0 -1
3537 0 23 1 0
3538 6 35 0 -1
3539 43 36 -1 0
3540 53 7 0 1
3541 0 35 1 0
3542 83 8 0 -1
3543 56 34 1 0
3544 16 37 -1 0
3545 6 31 1 0
3546 83 32 0 1
3547 48 34 0 1
3548 88 29 1 0
3549 79 30 0 -1
3550 93 38 1 0
3551 45 0 0 1
3552 75 14 0 1
3553 26 26 0 1
3554 20 27 1 0
3555 67 3 0 1
3556 83 1 -1 0
3557 74 15 1 0
3558 85 37 -1 0
3559 43 25 -1 0
3560 88 38 1 0
3561 6 22 0 -1
3562 6 34 0 -1
3563 64 32 1 0
3564 91 12 1 0
3565 46 9 -1 0
3566 50 30 0 1
3567 49 26 0 1
3568 98 33 0 1
3569 64 7 0 1
3570 65 11 1 0
3571 22 38 0 -1
3572 83 37 1 0
3573 22 12 0 1
3574 52 8 0 -1
3575 43 12 1 0
3576 39 26 -1 0
3577 3 38 1 0
3578 75 39 0 -1
3579 42 4 0 -1
3580 2 12 0 -1
3581 26 23 0 -1
3582 87 26 0 -1
3583 10 30 0 -1
3584 18 24 1 0
3585 41 8 -1 0
3586 50 21 0 1
3587 75 11 1 0
3588 2 22 0 -1
3589 14 3 -1 0
3590 38 5 0 -1
3591 99 33 -1 0
3592 66 21 1 0
3593 28 5 1 0
3594 1 4 0 -1
3595 72 5 0 -1
3596 25 12 0 1
3597 71 24 -1 0
3598 64 32 1 0
3599 61 32 0 -1
