0 44 3 0 1
1 8 7 1 0
2 11 9 -1 0
3 42 10 1 0
4 60 24 1 0
5 45 4 0 1
6 28 33 1 0
7 36 39 0 1
8 13 39 1 0
9 95 19 1 0
10 19 6 0 -1
11 0 5 0 -1
12 24 11 1 0
13 70 11 1 0
14 47 35 0 1
15 45 16 -1 0
16 57 11 0 -1
17 96 28 1 0
18 98 12 0 1
19 39 16 0 -1
20 40 5 -1 0
21 38 28 0 1
22 8 5 0 1
23 70 4 -1 0
24 44 0 -1 0
25 19 7 1 0
26 14 16 -1 0
27 30 24 -1 0
28 86 20 0 1
29 23 18 0 -1
30 27 28 1 0
31 66 21 0 1
32 23 33 0 1
33 80 8 -1 0
34 4 21 0 1
35 46 33 -1 0
36 38 27 -1 0
37 80 24 1 0
38 37 21 -1 0
39 9 11 0 1
40 6 21 0 -1
41 21 27 1 0
42 75 38 0 1
43 66 6 1 0
44 66 39 -1 0
45 29 34 1 0
46 93 3 0 1
47 40 31 0 -1
48 18 38 0 -1
49 43 37 0 1
50 47 34 -1 0
51 82 25 1 0
52 51 18 0 1
53 81 34 0 -1
54 86 10 1 0
55 62 15 -1 0
56 75 1 1 0
57 53 9 1 0
58 11 2 -1 0
59 18 24 0 -1
60 39 26 1 0
61 39 16 -1 0
62 44 11 -1 0
63 96 23 0 -1
64 89 18 1 0
65 20 35 -1 0
66 78 17 0 1
67 7 31 -1 0
68 79 10 0 1
69 26 16 1 0
70 3 25 1 0
71 20 26 -1 0
72 14 14 -1 0
73 62 27 0 -1
74 27 35 0 1
75 23 31 0 -1
76 20 27 1 0
77 1 19 -1 0
78 57 10 0 -1
79 75 15 1 0
80 7 4 -1 0
81 52 5 1 0
82 27 32 0 1
83 79 12 0 -1
84 25 18 1 0
85 98 4 0 1
86 44 27 1 0
87 38 0 -1 0
88 18 37 0 1
89 83 29 0 -1
90 51 9 0 1
91 37 31 1 0
92 85 38 0 -1
93 20 39 -1 0
94 94 20 0 -1
95 30 15 0 1
96 38 30 0 1
97 43 36 -1 0
98 44 34 -1 0
99 23 36 0 1
100 46 39 1 0
101 53 39 1 0
102 40 10 0 -1
103 2 2 0 1
104 16 29 -1 0
105 27 22 1 0
106 7 36 -1 0
107 35 38 0 1
108 76 36 -1 0
109 83 31 1 0
110 21 37 -1 0
111 28 30 -1 0
112 27 39 0 1
113 83 17 1 0
114 84 36 1 0
115 3 32 0 -1
116 38 36 0 -1
117 10 38 0 -1
118 39 39 0 1
119 69 12 -1 0
120 40 4 -1 0
121 36 26 0 1
122 20 5 0 -1
123 97 13 0 1
124 47 14 -1 0
125 16 26 0 -1
126 37 1 0 1
127 82 24 0 -1
128 28 2 1 0
129 3 23 0 1
130 83 11 1 0
131 9 3 0 -1
132 15 33 1 0
133 42 3 0 1
134 29 6 1 0
135 17 10 1 0
136 31 22 0 1
137 77 7 0 1
138 1 9 0 -1
139 24 19 1 0
140 17 21 0 1
141 22 4 1 0
142 31 16 -1 0
143 16 18 0 -1
144 25 17 0 -1
145 38 19 0 -1
146 82 22 0 1
147 67 24 0 -1
148 35 11 1 0
149 96 28 1 0
150 9 26 0 1
151 98 31 0 -1
152 28 32 0 1
153 41 38 1 0
154 89 5 1 0
155 25 6 0 -1
156 47 30 -1 0
157 28 20 -1 0
158 20 12 1 0
159 12 35 0 -1
160 19 4 1 0
161 26 6 0 1
162 84 12 -1 0
163 81 12 -1 0
164 37 19 0 1
165 2 14 -1 0
166 97 12 1 0
167 40 30 0 -1
168 27 13 1 0
169 22 16 0 1
170 90 20 -1 0
171 21 39 1 0
172 11 27 -1 0
173 1 8 0 1
174 12 17 0 -1
175 68 30 1 0
176 40 10 1 0
177 94 21 0 1
178 41 28 -1 0
179 30 3 1 0
180 61 15 0 -1
181 41 6 -1 0
182 46 16 1 0
183 20 30 1 0
184 25 18 1 0
185 52 9 0 1
186 29 21 0 -1
187 50 33 0 -1
188 14 1 -1 0
189 42 38 -1 0
190 1 4 -1 0
191 37 5 0 -1
192 45 20 0 1
193 13 26 0 1
194 28 31 1 0
195 4 0 0 1
196 36 34 1 0
197 37 20 -1 0
198 55 16 0 -1
199 5 13 0 1
200 51 14 0 1
201 60 6 -1 0
202 3 34 -1 0
203 26 27 0 1
204 91 5 1 0
205 75 22 0 -1
206 13 6 -1 0
207 95 3 0 1
208 11 22 -1 0
209 17 27 -1 0
210 15 18 1 0
211 92 26 0 -1
212 4 32 1 0
213 94 34 0 -1
214 39 25 0 1
215 47 33 1 0
216 28 4 0 -1
217 19 29 0 -1
218 7 24 1 0
219 37 0 1 0
220 23 8 0 1
221 31 39 0 1
222 18 2 -1 0
223 37 32 -1 0
224 99 9 -1 0
225 71 31 0 1
226 38 11 1 0
227 61 2 0 1
228 46 34 0 1
229 36 29 -1 0
230 48 17 1 0
231 21 32 0 -1
232 14 8 0 1
233 4 16 1 0
234 23 34 0 1
235 23 14 -1 0
236 98 12 1 0
237 26 33 0 1
238 29 19 0 1
239 47 13 -1 0
240 83 26 1 0
241 27 32 -1 0
242 96 9 -1 0
243 50 19 0 1
244 82 3 0 -1
245 91 35 0 1
246 35 20 -1 0
247 46 18 0 1
248 98 35 0 -1
249 74 18 0 1
250 34 5 -1 0
251 21 8 0 1
252 18 27 1 0
253 52 36 0 -1
254 43 15 0 1
255 31 19 1 0
256 26 28 0 1
257 50 35 0 1
258 20 22 -1 0
259 90 6 1 0
260 15 24 0 1
261 43 11 0 1
262 42 9 -1 0
263 77 23 1 0
264 48 26 -1 0
265 21 34 0 -1
266 0 9 0 -1
267 2 20 -1 0
268 25 11 0 -1
269 97 26 0 -1
270 46 11 0 1
271 43 35 -1 0
272 68 30 0 -1
273 45 26 0 -1
274 0 28 0 -1
275 83 36 0 -1
276 36 31 -1 0
277 46 36 0 -1
278 75 18 -1 0
279 21 24 0 -1
280 96 37 0 -1
281 42 28 0 1
282 20 39 -1 0
283 45 2 1 0
284 94 34 0 -1
285 37 26 0 1
286 39 36 0 -1
287 92 0 1 0
288 16 12 0 -1
289 43 15 0 -1
290 28 12 0 -1
291 45 2 1 0
292 49 22 1 0
293 48 28 0 -1
294 25 2 1 0
295 45 34 1 0
296 70 2 0 -1
297 70 30 -1 0
298 73 6 1 0
299 51 24 -1 0
300 57 5 0 -1
301 14 34 -1 0
302 20 29 -1 0
303 19 27 0 1
304 81 15 -1 0
305 95 29 -1 0
306 44 38 0 -1
307 36 1 0 -1
308 24 19 -1 0
309 42 33 -1 0
310 2 31 0 1
311 12 36 0 1
312 16 24 0 -1
313 10 28 -1 0
314 19 11 0 -1
315 46 13 1 0
316 75 17 0 1
317 5 29 0 -1
318 93 11 0 1
319 28 33 1 0
320 65 15 -1 0
321 87 32 0 -1
322 42 2 0 1
323 25 27 0 -1
324 21 5 0 1
325 17 5 0 -1
326 77 4 0 -1
327 63 9 0 -1
328 3 36 1 0
329 19 8 0 1
330 41 8 -1 0
331 46 22 -1 0
332 72 25 1 0
333 44 39 -1 0
334 21 38 0 1
335 26 5 0 1
336 80 23 -1 0
337 77 18 1 0
338 85 1 1 0
339 65 18 0 -1
340 3 38 0 1
341 56 39 -1 0
342 42 16 0 1
343 20 39 0 1
344 22 37 0 -1
345 45 8 0 1
346 25 27 1 0
347 26 16 1 0
348 40 10 0 -1
349 51 30 -1 0
350 11 7 -1 0
351 46 36 0 -1
352 43 7 1 0
353 43 22 -1 0
354 46 25 0 -1
355 25 9 -1 0
356 45 6 0 -1
357 52 14 0 1
358 25 5 1 0
359 23 8 -1 0
360 13 16 1 0
361 82 17 0 1
362 47 6 1 0
363 51 39 1 0
364 42 30 0 -1
365 26 28 0 -1
366 22 8 1 0
367 31 29 1 0
368 93 2 1 0
369 63 32 -1 0
370 37 20 0 1
371 77 2 -1 0
372 44 37 0 -1
373 85 19 0 1
374 44 22 0 -1
375 51 0 1 0
376 81 9 0 -1
377 3 19 0 -1
378 21 30 -1 0
379 88 8 1 0
380 27 15 -1 0
381 87 3 0 1
382 24 29 1 0
383 44 33 -1 0
384 23 1 1 0
385 25 11 1 0
386 84 26 0 -1
387 99 13 -1 0
388 43 28 -1 0
389 21 9 1 0
390 37 20 0 1
391 71 13 -1 0
392 84 8 1 0
393 99 16 0 -1
394 88 19 0 1
395 19 15 0 1
396 92 29 1 0
397 24 9 1 0
398 25 30 -1 0
399 85 0 0 1
400 36 2 1 0
401 40 28 0 1
402 53 14 0 -1
403 88 33 0 -1
404 12 18 1 0
405 94 8 0 1
406 99 10 0 -1
407 55 29 1 0
408 24 20 0 -1
409 6 38 1 0
410 32 27 -1 0
411 56 29 0 -1
412 8 2 1 0
413 26 3 0 1
414 25 17 0 1
415 80 34 -1 0
416 26 11 1 0
417 96 14 0 -1
418 43 34 -1 0
419 60 9 1 0
420 43 25 0 -1
421 28 12 -1 0
422 5 2 0 1
423 52 30 -1 0
424 23 36 1 0
425 89 24 0 1
426 36 9 -1 0
427 46 6 -1 0
428 22 7 1 0
429 37 27 0 1
430 45 36 1 0
431 18 0 1 0
432 59 3 0 -1
433 57 37 0 1
434 31 34 0 -1
435 48 16 0 -1
436 49 23 1 0
437 13 23 1 0
438 44 4 -1 0
439 39 16 -1 0
440 62 8 0 1
441 15 16 -1 0
442 49 0 1 0
443 14 8 0 -1
444 67 29 0 1
445 32 25 -1 0
446 3 33 0 -1
447 16 19 0 1
448 85 25 1 0
449 0 29 0 -1
450 37 1 -1 0
451 78 8 0 -1
452 40 27 1 0
453 47 35 0 1
454 48 37 0 -1
455 59 2 -1 0
456 36 1 -1 0
457 82 18 0 -1
458 0 8 0 1
459 25 18 1 0
460 97 19 0 -1
461 97 18 1 0
462 40 28 0 1
463 30 14 0 -1
464 13 7 1 0
465 41 25 -1 0
466 42 15 -1 0
467 27 6 1 0
468 65 34 1 0
469 76 12 0 -1
470 26 14 0 1
471 85 5 1 0
472 16 32 0 1
473 96 31 -1 0
474 85 31 -1 0
475 89 3 0 1
476 6 36 0 1
477 95 11 1 0
478 42 3 -1 0
479 43 5 0 1
480 26 9 1 0
481 9 7 0 -1
482 6 24 0 -1
483 19 17 0 1
484 26 34 0 -1
485 28 5 0 1
486 42 2 0 1
487 38 6 -1 0
488 78 1 -1 0
489 72 2 -1 0
490 39 20 1 0
491 1 9 0 1
492 28 22 -1 0
493 8 28 1 0
494 20 0 0 -1
495 40 26 0 -1
496 21 30 0 -1
497 23 12 0 -1
498 46 27 0 1
499 41 1 0 1
500 19 31 0 1
501 16 15 0 -1
502 99 15 0 -1
503 26 2 1 0
504 43 32 0 -1
505 24 8 -1 0
506 30 4 0 1
507 32 21 0 1
508 38 34 0 1
509 41 10 0 -1
510 76 25 -1 0
511 25 3 0 -1
512 43 27 1 0
513 85 0 0 -1
514 44 1 1 0
515 63 17 1 0
516 39 32 0 -1
517 44 12 0 1
518 38 22 -1 0
519 93 38 -1 0
520 21 19 1 0
521 31 11 -1 0
522 78 10 0 -1
523 92 1 1 0
524 45 35 -1 0
525 12 8 1 0
526 7 15 0 -1
527 58 26 0 -1
528 39 27 1 0
529 41 26 0 -1
530 87 18 0 -1
531 43 30 1 0
532 46 19 0 1
533 27 14 -1 0
534 19 34 0 -1
535 91 19 -1 0
536 96 16 1 0
537 38 21 -1 0
538 49 12 -1 0
539 21 8 0 -1
540 23 31 1 0
541 14 38 1 0
542 22 0 -1 0
543 60 20 0 -1
544 87 22 -1 0
545 50 5 -1 0
546 26 35 0 -1
547 1 9 0 -1
548 40 2 -1 0
549 27 0 0 -1
550 55 20 -1 0
551 41 4 0 -1
552 9 2 1 0
553 21 12 -1 0
554 40 27 0 -1
555 97 26 1 0
556 88 8 1 0
557 42 20 0 -1
558 6 8 1 0
559 47 34 -1 0
560 22 30 0 1
561 26 8 1 0
562 49 36 0 -1
563 28 22 0 1
564 67 23 -1 0
565 26 8 0 1
566 25 29 0 1
567 27 23 1 0
568 26 9 -1 0
569 87 27 0 1
570 42 26 0 1
571 0 28 1 0
572 56 16 0 1
573 21 3 0 1
574 64 12 0 1
575 86 14 0 -1
576 26 30 0 -1
577 40 22 1 0
578 51 25 0 -1
579 73 27 0 -1
580 20 28 0 1
581 24 27 -1 0
582 28 34 0 -1
583 7 33 1 0
584 3 21 1 0
585 77 13 1 0
586 23 37 0 -1
587 22 28 0 -1
588 41 24 0 1
589 58 34 0 1
590 14 35 1 0
591 44 13 0 1
592 43 0 -1 0
593 27 11 0 -1
594 24 13 0 1
595 28 26 0 1
596 41 6 0 1
597 97 33 0 1
598 76 17 1 0
599 55 14 -1 0
600 37 7 0 -1
601 11 1 0 1
602 16 36 1 0
603 38 36 1 0
604 40 26 0 -1
605 14 32 -1 0
606 8 8 1 0
607 46 21 0 -1
608 25 0 -1 0
609 35 19 -1 0
610 96 16 1 0
611 23 28 0 -1
612 37 28 0 1
613 9 31 1 0
614 86 10 -1 0
615 40 32 0 -1
616 42 23 -1 0
617 16 3 0 -1
618 38 23 -1 0
619 40 7 -1 0
620 18 10 0 1
621 60 18 -1 0
622 57 17 0 -1
623 81 7 0 1
624 48 0 0 -1
625 54 26 1 0
626 25 38 0 -1
627 30 14 0 -1
628 43 29 -1 0
629 21 0 0 -1
630 7 15 0 -1
631 40 5 -1 0
632 84 37 0 -1
633 29 32 -1 0
634 14 7 1 0
635 24 30 0 -1
636 7 30 1 0
637 25 24 0 -1
638 28 27 0 1
639 31 4 0 1
640 36 20 1 0
641 28 20 1 0
642 17 27 0 1
643 60 9 0 -1
644 14 26 0 -1
645 47 11 0 1
646 22 17 0 -1
647 38 19 -1 0
648 93 5 0 -1
649 11 0 0 -1
650 16 3 -1 0
651 27 8 1 0
652 55 26 -1 0
653 39 22 0 1
654 11 23 0 -1
655 21 31 1 0
656 29 38 1 0
657 46 26 -1 0
658 42 8 -1 0
659 99 30 0 -1
660 50 9 0 1
661 38 34 0 1
662 16 36 -1 0
663 49 0 0 -1
664 43 26 -1 0
665 57 9 0 1
666 40 31 1 0
667 77 23 0 -1
668 14 2 1 0
669 13 3 1 0
670 55 11 0 1
671 82 10 -1 0
672 30 16 0 1
673 72 33 0 1
674 19 24 -1 0
675 99 29 0 -1
676 45 20 0 1
677 94 3 -1 0
678 78 22 1 0
679 96 6 -1 0
680 95 24 1 0
681 27 24 -1 0
682 92 24 -1 0
683 18 37 0 -1
684 20 7 0 -1
685 44 32 1 0
686 9 25 1 0
687 41 5 0 1
688 93 3 -1 0
689 94 31 0 1
690 8 2 -1 0
691 22 6 0 1
692 36 34 0 1
693 69 34 0 -1
694 41 32 1 0
695 78 27 1 0
696 6 17 -1 0
697 60 27 1 0
698 48 17 0 -1
699 44 15 0 -1
700 9 13 -1 0
701 85 16 0 -1
702 39 34 -1 0
703 5 14 0 1
704 79 17 0 -1
705 72 19 -1 0
706 89 39 -1 0
707 76 27 0 1
708 39 6 -1 0
709 5 29 1 0
710 22 13 1 0
711 0 1 1 0
712 62 38 0 -1
713 46 34 1 0
714 30 28 1 0
715 16 8 1 0
716 95 38 -1 0
717 71 28 -1 0
718 26 30 -1 0
719 47 8 -1 0
720 26 7 -1 0
721 40 9 0 1
722 49 2 0 1
723 27 23 0 1
724 17 23 -1 0
725 43 12 0 1
726 31 12 0 1
727 28 38 1 0
728 17 7 -1 0
729 41 7 0 -1
730 9 21 0 1
731 13 34 0 -1
732 46 27 0 -1
733 36 7 -1 0
734 5 22 1 0
735 38 17 0 1
736 47 32 0 -1
737 10 16 -1 0
738 25 12 1 0
739 5 17 0 -1
740 62 18 -1 0
741 19 24 0 1
742 16 15 1 0
743 61 4 -1 0
744 79 10 0 1
745 59 6 0 -1
746 31 1 1 0
747 19 33 0 -1
748 25 5 1 0
749 58 9 -1 0
750 44 15 0 1
751 87 38 1 0
752 56 2 0 -1
753 0 6 0 -1
754 29 29 0 -1
755 16 23 1 0
756 80 38 1 0
757 28 36 1 0
758 41 36 0 -1
759 22 9 1 0
760 52 36 1 0
761 72 6 1 0
762 28 18 -1 0
763 57 21 -1 0
764 64 23 -1 0
765 17 25 -1 0
766 66 38 0 -1
767 94 37 0 1
768 26 25 -1 0
769 29 38 0 1
770 36 10 0 1
771 41 28 0 1
772 28 23 1 0
773 36 10 -1 0
774 48 34 -1 0
775 26 34 0 -1
776 42 36 0 -1
777 94 1 1 0
778 19 29 1 0
779 24 2 1 0
780 53 33 -1 0
781 29 28 -1 0
782 52 8 0 -1
783 0 3 1 0
784 56 21 -1 0
785 13 10 1 0
786 37 38 1 0
787 14 9 1 0
788 94 13 -1 0
789 38 5 1 0
790 51 18 -1 0
791 77 11 0 1
792 29 0 0 1
793 91 39 0 1
794 47 2 -1 0
795 70 11 1 0
796 45 3 0 -1
797 24 22 0 -1
798 29 7 1 0
799 37 0 -1 0
800 17 18 -1 0
801 3 36 1 0
802 41 24 1 0
803 37 28 -1 0
804 25 33 0 -1
805 23 9 0 -1
806 31 35 0 1
807 13 31 1 0
808 94 12 0 1
809 88 20 0 -1
810 18 30 0 1
811 27 39 1 0
812 70 10 0 1
813 40 29 -1 0
814 45 28 1 0
815 69 1 0 1
816 45 39 1 0
817 35 22 -1 0
818 84 15 1 0
819 1 18 -1 0
820 21 15 0 1
821 73 1 -1 0
822 93 4 -1 0
823 21 9 0 -1
824 35 23 0 -1
825 18 32 0 1
826 40 31 0 1
827 91 2 0 1
828 14 2 0 -1
829 12 18 0 -1
830 97 20 -1 0
831 11 33 0 -1
832 76 14 0 -1
833 21 5 1 0
834 90 29 -1 0
835 36 1 1 0
836 29 18 -1 0
837 52 7 0 1
838 18 15 0 -1
839 12 16 0 1
840 92 19 1 0
841 45 2 1 0
842 41 35 -1 0
843 0 20 0 -1
844 98 1 0 -1
845 44 33 0 -1
846 25 10 0 1
847 36 37 0 -1
848 29 30 1 0
849 22 21 0 1
850 82 37 -1 0
851 10 5 -1 0
852 94 5 0 1
853 10 18 0 1
854 86 23 -1 0
855 77 10 0 -1
856 17 6 1 0
857 48 27 0 1
858 43 2 0 1
859 42 24 0 1
860 14 7 0 1
861 42 32 1 0
862 29 11 -1 0
863 57 36 0 -1
864 29 5 0 -1
865 42 4 0 1
866 35 13 0 1
867 20 36 1 0
868 45 15 0 1
869 29 33 1 0
870 52 23 1 0
871 84 23 1 0
872 10 4 -1 0
873 18 23 1 0
874 72 5 0 -1
875 50 15 1 0
876 42 33 0 1
877 73 21 -1 0
878 63 33 0 -1
879 39 17 -1 0
880 66 28 0 -1
881 16 1 -1 0
882 38 2 0 1
883 46 13 -1 0
884 78 18 0 1
885 13 29 -1 0
886 66 13 0 1
887 9 15 0 -1
888 29 26 -1 0
889 66 12 0 -1
890 20 19 -1 0
891 20 4 0 -1
892 62 39 0 -1
893 45 27 0 1
894 58 28 0 1
895 88 10 0 -1
896 22 19 -1 0
897 89 9 1 0
898 2 36 1 0
899 37 23 0 -1
900 39 7 0 -1
901 61 17 0 -1
902 34 23 -1 0
903 70 27 1 0
904 6 31 0 -1
905 31 29 0 -1
906 81 14 1 0
907 27 33 -1 0
908 93 16 1 0
909 73 39 -1 0
910 8 36 1 0
911 19 34 0 -1
912 10 0 1 0
913 24 28 0 1
914 1 29 0 1
915 22 34 0 1
916 69 6 0 1
917 6 29 0 -1
918 73 14 1 0
919 8 3 1 0
920 23 9 1 0
921 40 35 1 0
922 30 13 0 1
923 26 8 1 0
924 22 32 -1 0
925 23 4 0 1
926 24 26 0 1
927 52 35 0 1
928 59 34 1 0
929 61 22 1 0
930 28 35 0 -1
931 7 5 -1 0
932 31 23 -1 0
933 18 23 0 -1
934 98 5 0 1
935 99 21 1 0
936 37 19 0 1
937 0 27 0 1
938 44 30 1 0
939 15 25 0 1
940 38 3 0 1
941 18 9 -1 0
942 29 38 1 0
943 52 35 -1 0
944 5 21 -1 0
945 4 8 1 0
946 92 25 0 -1
947 87 25 -1 0
948 39 37 -1 0
949 44 3 0 -1
950 24 11 1 0
951 4 15 0 1
952 28 9 1 0
953 37 30 0 1
954 37 15 -1 0
955 26 39 0 1
956 26 27 1 0
957 6 24 0 -1
958 4 10 0 -1
959 53 19 1 0
960 13 0 1 0
961 27 25 0 1
962 25 12 -1 0
963 13 0 0 1
964 29 9 1 0
965 24 18 0 1
966 27 29 -1 0
967 40 11 1 0
968 23 10 0 -1
969 70 36 1 0
970 62 33 -1 0
971 12 16 1 0
972 25 30 -1 0
973 90 29 1 0
974 30 11 -1 0
975 82 16 0 1
976 98 20 1 0
977 18 15 0 1
978 41 33 -1 0
979 65 5 1 0
980 6 16 0 1
981 62 14 1 0
982 14 2 1 0
983 24 9 1 0
984 53 39 0 1
985 13 36 -1 0
986 24 25 -1 0
987 10 39 0 1
988 1 4 0 1
989 34 21 1 0
990 4 3 1 0
991 41 29 0 -1
992 71 35 0 1
993 40 8 -1 0
994 44 17 0 -1
995 18 1 1 0
996 40 6 1 0
997 57 38 0 1
998 41 21 -1 0
999 21 18 -1 0
1000 20 18 1 0
1001 3 12 1 0
1002 86 17 -1 0
1003 28 19 0 -1
1004 13 7 -1 0
1005 36 37 0 -1
1006 90 24 -1 0
1007 60 31 -1 0
1008 11 21 1 0
1009 16 17 1 0
1010 46 17 -1 0
1011 24 16 1 0
1012 87 11 0 -1
1013 66 36 -1 0
1014 1 22 1 0
1015 97 11 0 1
1016 35 22 0 -1
1017 18 10 1 0
1018 54 34 1 0
1019 41 35 -1 0
1020 74 30 0 -1
1021 16 1 -1 0
1022 41 25 -1 0
1023 99 21 1 0
1024 93 36 1 0
1025 16 38 1 0
1026 93 18 1 0
1027 2 23 -1 0
1028 98 28 0 -1
1029 24 1 0 -1
1030 44 9 -1 0
1031 51 21 -1 0
1032 61 9 -1 0
1033 16 24 -1 0
1034 17 36 0 -1
1035 39 28 1 0
1036 27 30 1 0
1037 38 5 0 1
1038 10 2 0 1
1039 41 22 -1 0
1040 50 24 0 -1
1041 82 13 -1 0
1042 44 31 0 1
1043 39 14 -1 0
1044 21 8 0 1
1045 22 18 0 1
1046 24 36 0 1
1047 23 11 1 0
1048 44 7 1 0
1049 42 12 1 0
1050 60 32 -1 0
1051 22 33 0 -1
1052 85 27 -1 0
1053 15 23 1 0
1054 60 18 0 1
1055 40 18 1 0
1056 61 18 0 -1
1057 49 2 0 -1
1058 30 8 1 0
1059 42 6 0 1
1060 21 18 -1 0
1061 10 10 0 1
1062 88 2 0 1
1063 94 19 1 0
1064 25 28 0 1
1065 27 13 0 -1
1066 99 9 1 0
1067 82 14 -1 0
1068 13 22 0 1
1069 43 37 1 0
1070 27 24 0 1
1071 20 16 0 -1
1072 94 29 0 1
1073 42 19 1 0
1074 62 37 1 0
1075 10 10 0 1
1076 51 26 0 -1
1077 51 39 0 1
1078 56 18 0 1
1079 28 28 1 0
1080 65 32 0 -1
1081 4 31 -1 0
1082 24 8 -1 0
1083 35 21 0 1
1084 21 10 1 0
1085 26 28 1 0
1086 6 5 0 1
1087 24 3 -1 0
1088 43 6 -1 0
1089 44 14 -1 0
1090 51 37 -1 0
1091 17 17 0 1
1092 89 29 -1 0
1093 48 21 1 0
1094 29 28 0 -1
1095 38 2 1 0
1096 19 32 0 1
1097 40 11 1 0
1098 37 16 -1 0
1099 22 37 0 -1
1100 24 7 1 0
1101 29 14 0 -1
1102 39 23 0 1
1103 14 13 0 1
1104 41 32 1 0
1105 17 19 0 1
1106 8 4 1 0
1107 23 7 0 1
1108 76 11 0 1
1109 71 26 0 1
1110 66 20 0 1
1111 86 12 0 1
1112 10 0 -1 0
1113 82 15 1 0
1114 48 33 0 1
1115 7 27 -1 0
1116 40 3 0 1
1117 76 0 -1 0
1118 16 16 0 -1
1119 98 23 -1 0
1120 14 34 0 -1
1121 37 13 0 -1
1122 39 22 0 1
1123 23 34 0 -1
1124 44 10 0 1
1125 7 35 0 1
1126 12 7 1 0
1127 17 29 -1 0
1128 49 6 1 0
1129 24 35 -1 0
1130 24 33 1 0
1131 42 17 0 1
1132 37 34 1 0
1133 46 3 -1 0
1134 7 26 0 1
1135 17 26 0 1
1136 31 2 -1 0
1137 24 38 0 -1
1138 20 34 1 0
1139 76 28 0 1
1140 76 32 0 1
1141 55 39 0 1
1142 15 27 0 1
1143 75 29 0 1
1144 62 24 -1 0
1145 74 20 0 -1
1146 44 13 0 1
1147 30 0 1 0
1148 72 2 0 1
1149 16 30 0 -1
1150 37 38 1 0
1151 16 13 -1 0
1152 15 39 1 0
1153 56 18 1 0
1154 85 18 0 -1
1155 31 35 -1 0
1156 42 35 -1 0
1157 30 1 0 -1
1158 43 13 1 0
1159 63 16 -1 0
1160 41 13 1 0
1161 42 4 -1 0
1162 13 29 0 -1
1163 52 22 0 1
1164 19 5 1 0
1165 41 3 1 0
1166 26 39 0 1
1167 30 39 1 0
1168 98 30 1 0
1169 28 29 0 -1
1170 22 20 -1 0
1171 38 33 0 1
1172 27 6 -1 0
1173 40 2 0 1
1174 28 19 1 0
1175 88 6 -1 0
1176 18 4 -1 0
1177 16 35 1 0
1178 34 13 1 0
1179 25 22 1 0
1180 15 11 0 1
1181 46 24 -1 0
1182 65 1 0 1
1183 99 33 -1 0
1184 53 29 -1 0
1185 28 17 0 -1
1186 70 17 0 1
1187 7 8 -1 0
1188 21 34 1 0
1189 82 20 -1 0
1190 1 38 -1 0
1191 11 29 0 1
1192 29 25 -1 0
1193 95 13 1 0
1194 84 39 1 0
1195 25 29 0 1
1196 39 26 0 -1
1197 41 36 0 -1
1198 5 25 0 1
1199 52 3 0 1
1200 17 3 0 -1
1201 11 14 -1 0
1202 40 35 1 0
1203 10 14 1 0
1204 51 18 1 0
1205 95 10 1 0
1206 89 39 -1 0
1207 27 33 0 -1
1208 39 34 -1 0
1209 38 25 1 0
1210 56 9 0 1
1211 23 0 1 0
1212 64 20 0 -1
1213 16 2 1 0
1214 27 31 0 -1
1215 80 34 -1 0
1216 21 0 0 -1
1217 19 38 0 -1
1218 96 4 -1 0
1219 14 3 1 0
1220 10 10 1 0
1221 40 28 -1 0
1222 2 7 0 1
1223 57 0 -1 0
1224 75 19 0 1
1225 25 7 1 0
1226 44 7 0 1
1227 16 29 -1 0
1228 72 2 0 -1
1229 0 22 -1 0
1230 85 18 1 0
1231 22 9 1 0
1232 37 5 -1 0
1233 56 6 0 1
1234 73 14 1 0
1235 2 21 0 1
1236 43 4 0 -1
1237 12 1 1 0
1238 39 31 1 0
1239 91 24 0 1
1240 26 26 0 1
1241 4 37 0 -1
1242 16 25 -1 0
1243 18 34 0 1
1244 40 25 -1 0
1245 27 23 1 0
1246 45 35 1 0
1247 7 8 0 1
1248 40 30 0 -1
1249 92 16 1 0
1250 43 29 0 -1
1251 95 30 0 1
1252 21 29 -1 0
1253 21 26 0 -1
1254 13 16 1 0
1255 20 14 1 0
1256 44 11 0 -1
1257 90 17 0 -1
1258 36 33 1 0
1259 54 37 -1 0
1260 38 17 -1 0
1261 38 4 1 0
1262 38 11 -1 0
1263 20 8 1 0
1264 25 27 0 -1
1265 40 9 0 1
1266 25 23 0 -1
1267 36 10 0 -1
1268 38 14 0 1
1269 45 36 0 -1
1270 41 30 1 0
1271 70 31 -1 0
1272 41 20 0 1
1273 38 33 1 0
1274 65 4 0 -1
1275 44 9 0 1
1276 31 10 0 -1
1277 13 26 0 -1
1278 21 36 1 0
1279 23 39 1 0
1280 19 30 -1 0
1281 24 30 -1 0
1282 3 4 1 0
1283 83 32 0 1
1284 26 15 0 1
1285 30 12 0 1
1286 62 9 -1 0
1287 78 39 1 0
1288 22 39 -1 0
1289 45 5 1 0
1290 8 3 0 -1
1291 90 2 0 -1
1292 41 10 0 -1
1293 24 33 -1 0
1294 88 38 -1 0
1295 18 2 1 0
1296 69 25 -1 0
1297 8 34 -1 0
1298 39 29 0 1
1299 40 33 0 1
1300 32 20 1 0
1301 16 35 1 0
1302 66 6 -1 0
1303 56 33 1 0
1304 81 1 1 0
1305 15 29 1 0
1306 35 19 0 1
1307 25 14 -1 0
1308 51 30 0 -1
1309 23 27 0 1
1310 93 4 0 -1
1311 27 38 -1 0
1312 35 0 1 0
1313 7 22 0 -1
1314 43 14 -1 0
1315 86 22 -1 0
1316 16 31 0 -1
1317 23 0 -1 0
1318 2 2 -1 0
1319 23 2 -1 0
1320 4 22 -1 0
1321 8 32 1 0
1322 28 15 1 0
1323 29 24 0 1
1324 10 5 0 -1
1325 39 32 -1 0
1326 25 26 -1 0
1327 12 10 0 1
1328 96 17 0 1
1329 26 17 0 1
1330 40 36 -1 0
1331 39 39 0 -1
1332 56 30 0 1
1333 45 28 0 1
1334 42 36 -1 0
1335 0 9 1 0
1336 82 24 1 0
1337 24 21 1 0
1338 20 28 0 1
1339 25 7 -1 0
1340 91 21 0 1
1341 21 1 1 0
1342 18 31 -1 0
1343 19 27 0 1
1344 63 37 0 1
1345 22 27 1 0
1346 48 20 0 -1
1347 88 12 -1 0
1348 15 13 -1 0
1349 68 11 0 1
1350 16 28 -1 0
1351 11 37 1 0
1352 45 20 -1 0
1353 37 39 0 -1
1354 13 27 0 -1
1355 48 21 -1 0
1356 19 34 0 1
1357 76 20 0 1
1358 30 16 1 0
1359 28 14 0 -1
1360 44 30 0 1
1361 0 11 0 1
1362 13 21 -1 0
1363 25 26 0 1
1364 18 3 1 0
1365 42 20 0 -1
1366 91 13 0 -1
1367 52 24 0 -1
1368 24 26 -1 0
1369 88 33 1 0
1370 20 30 1 0
1371 9 36 1 0
1372 87 15 1 0
1373 13 15 -1 0
1374 77 15 1 0
1375 51 39 0 1
1376 37 37 0 -1
1377 53 22 0 -1
1378 22 29 0 -1
1379 26 10 1 0
1380 71 9 0 1
1381 94 32 0 -1
1382 37 9 0 -1
1383 1 16 0 -1
1384 48 4 0 1
1385 96 20 0 -1
1386 19 26 0 1
1387 93 11 1 0
1388 48 26 0 1
1389 62 35 -1 0
1390 89 5 0 -1
1391 11 2 0 -1
1392 55 9 0 -1
1393 83 22 0 1
1394 28 29 0 1
1395 23 34 0 1
1396 78 23 0 -1
1397 14 5 1 0
1398 97 32 -1 0
1399 55 32 1 0
1400 41 33 -1 0
1401 40 37 -1 0
1402 25 34 0 1
1403 36 0 1 0
1404 3 21 -1 0
1405 40 16 0 -1
1406 2 26 0 1
1407 86 24 1 0
1408 31 36 1 0
1409 3 22 -1 0
1410 42 17 0 -1
1411 95 36 -1 0
1412 23 25 1 0
1413 10 37 -1 0
1414 94 17 -1 0
1415 93 26 -1 0
1416 63 17 0 1
1417 41 37 0 -1
1418 18 26 1 0
1419 37 9 -1 0
1420 36 9 -1 0
1421 11 4 -1 0
1422 9 3 0 1
1423 19 28 1 0
1424 12 5 0 1
1425 81 17 1 0
1426 38 31 0 1
1427 13 3 1 0
1428 41 8 0 1
1429 67 10 0 -1
1430 53 30 0 -1
1431 20 33 -1 0
1432 40 4 -1 0
1433 61 30 0 -1
1434 28 35 1 0
1435 30 30 0 1
1436 46 11 -1 0
1437 54 7 -1 0
1438 66 7 1 0
1439 17 32 0 -1
1440 68 13 -1 0
1441 37 38 0 1
1442 65 34 -1 0
1443 77 38 0 -1
1444 13 8 1 0
1445 83 23 -1 0
1446 86 5 -1 0
1447 30 25 0 -1
1448 25 22 1 0
1449 21 32 0 1
1450 28 28 0 -1
1451 89 17 0 1
1452 27 34 0 1
1453 39 25 0 1
1454 85 21 -1 0
1455 79 20 1 0
1456 42 34 0 -1
1457 82 33 0 1
1458 79 9 1 0
1459 44 17 0 -1
1460 13 29 0 1
1461 23 23 1 0
1462 1 26 -1 0
1463 54 21 -1 0
1464 51 11 0 1
1465 86 10 -1 0
1466 43 0 0 -1
1467 35 17 0 -1
1468 43 36 0 1
1469 45 29 1 0
1470 51 26 1 0
1471 63 27 0 -1
1472 41 34 -1 0
1473 16 21 -1 0
1474 87 0 -1 0
1475 70 20 1 0
1476 41 36 0 -1
1477 79 11 0 1
1478 37 10 0 -1
1479 37 0 0 1
1480 15 30 1 0
1481 42 38 0 1
1482 53 37 -1 0
1483 75 14 -1 0
1484 65 5 0 -1
1485 28 10 1 0
1486 92 16 0 1
1487 38 35 -1 0
1488 83 17 -1 0
1489 69 2 1 0
1490 24 37 0 1
1491 70 19 0 -1
1492 28 0 0 1
1493 27 30 0 -1
1494 77 9 0 -1
1495 60 7 -1 0
1496 18 11 0 -1
1497 42 30 0 1
1498 22 10 0 1
1499 38 23 1 0
1500 95 29 1 0
1501 10 8 1 0
1502 27 29 0 1
1503 37 6 -1 0
1504 9 12 1 0
1505 6 4 1 0
1506 22 31 -1 0
1507 42 22 0 -1
1508 29 28 -1 0
1509 45 23 -1 0
1510 42 29 -1 0
1511 37 6 1 0
1512 94 26 -1 0
1513 89 27 1 0
1514 27 3 1 0
1515 25 33 -1 0
1516 18 8 0 -1
1517 39 35 0 1
1518 39 4 1 0
1519 13 30 -1 0
1520 68 26 -1 0
1521 46 4 0 -1
1522 51 36 0 1
1523 2 20 -1 0
1524 25 26 0 -1
1525 22 28 0 1
1526 72 32 0 1
1527 2 8 0 -1
1528 29 22 0 -1
1529 30 15 1 0
1530 29 10 1 0
1531 37 10 -1 0
1532 28 6 0 1
1533 55 13 1 0
1534 27 25 1 0
1535 38 35 0 -1
1536 77 30 0 -1
1537 98 3 0 -1
1538 54 28 1 0
1539 44 16 0 1
1540 95 13 -1 0
1541 47 26 0 1
1542 8 25 1 0
1543 26 27 0 -1
1544 45 9 -1 0
1545 39 36 -1 0
1546 2 30 -1 0
1547 21 15 1 0
1548 36 20 0 -1
1549 38 11 0 -1
1550 8 37 -1 0
1551 97 8 0 -1
1552 54 16 1 0
1553 45 21 0 1
1554 17 24 1 0
1555 82 39 -1 0
1556 39 34 0 1
1557 65 35 -1 0
1558 59 34 0 1
1559 18 38 -1 0
1560 4 12 1 0
1561 28 29 1 0
1562 9 16 1 0
1563 3 2 0 1
1564 58 20 0 1
1565 37 31 0 1
1566 27 21 0 1
1567 89 34 -1 0
1568 19 14 0 -1
1569 76 39 1 0
1570 43 38 0 -1
1571 99 25 1 0
1572 37 26 0 -1
1573 95 32 0 -1
1574 56 38 1 0
1575 14 29 -1 0
1576 28 30 0 -1
1577 20 18 1 0
1578 7 21 1 0
1579 14 19 0 -1
1580 89 13 -1 0
1581 35 11 0 1
1582 36 7 -1 0
1583 43 30 0 1
1584 27 14 1 0
1585 30 30 0 1
1586 1 31 0 1
1587 49 26 -1 0
1588 94 4 0 1
1589 83 11 1 0
1590 18 28 1 0
1591 31 11 0 -1
1592 29 9 1 0
1593 23 10 0 -1
1594 56 9 0 1
1595 39 10 1 0
1596 23 6 1 0
1597 0 8 0 1
1598 41 29 0 1
1599 22 4 0 -1
1600 30 26 0 -1
1601 26 33 1 0
1602 37 13 -1 0
1603 64 31 0 1
1604 17 10 0 -1
1605 83 29 1 0
1606 2 7 1 0
1607 28 5 -1 0
1608 42 2 -1 0
1609 43 27 0 -1
1610 22 10 0 -1
1611 22 28 1 0
1612 29 21 0 1
1613 15 19 0 -1
1614 5 38 1 0
1615 24 6 0 1
1616 38 21 -1 0
1617 62 32 1 0
1618 84 6 0 -1
1619 20 2 0 -1
1620 48 0 1 0
1621 35 31 -1 0
1622 96 4 0 1
1623 42 24 -1 0
1624 42 6 0 -1
1625 23 5 0 1
1626 63 27 1 0
1627 31 13 1 0
1628 0 25 1 0
1629 55 23 0 -1
1630 21 34 -1 0
1631 29 0 0 1
1632 69 5 0 -1
1633 51 17 0 -1
1634 88 39 -1 0
1635 24 10 0 -1
1636 25 8 -1 0
1637 27 10 -1 0
1638 15 32 1 0
1639 12 30 0 1
1640 46 35 0 -1
1641 43 28 1 0
1642 2 8 0 1
1643 15 34 1 0
1644 88 20 0 1
1645 31 1 1 0
1646 29 24 -1 0
1647 79 2 0 -1
1648 19 19 1 0
1649 39 4 0 -1
1650 29 8 -1 0
1651 26 30 0 -1
1652 0 9 -1 0
1653 41 17 0 -1
1654 90 2 0 -1
1655 29 20 1 0
1656 0 2 -1 0
1657 11 2 0 1
1658 8 29 0 1
1659 40 25 1 0
1660 64 1 1 0
1661 65 24 1 0
1662 3 3 1 0
1663 40 39 0 1
1664 4 35 1 0
1665 57 23 0 1
1666 52 3 0 -1
1667 44 28 -1 0
1668 71 9 0 1
1669 92 14 0 1
1670 38 4 -1 0
1671 48 29 0 1
1672 6 4 0 1
1673 35 35 0 -1
1674 25 11 -1 0
1675 92 28 0 -1
1676 79 9 -1 0
1677 41 9 -1 0
1678 86 24 1 0
1679 5 21 0 -1
1680 41 12 1 0
1681 35 5 -1 0
1682 47 33 1 0
1683 83 1 -1 0
1684 45 36 -1 0
1685 26 16 0 1
1686 39 26 1 0
1687 30 23 0 1
1688 25 21 0 1
1689 57 24 1 0
1690 45 8 1 0
1691 39 12 -1 0
1692 10 27 1 0
1693 10 28 1 0
1694 40 29 1 0
1695 22 10 0 -1
1696 28 28 0 1
1697 0 21 -1 0
1698 21 27 0 1
1699 72 30 0 1
1700 60 3 -1 0
1701 78 19 -1 0
1702 94 1 0 -1
1703 41 7 1 0
1704 82 25 0 1
1705 7 35 -1 0
1706 23 8 0 1
1707 80 11 -1 0
1708 23 28 0 1
1709 49 16 1 0
1710 21 17 0 -1
1711 28 32 0 1
1712 90 20 1 0
1713 26 29 0 1
1714 95 8 1 0
1715 90 22 0 -1
1716 95 31 0 -1
1717 60 26 0 1
1718 42 16 0 1
1719 45 21 0 1
1720 85 20 -1 0
1721 42 36 -1 0
1722 29 20 -1 0
1723 43 5 -1 0
1724 25 32 0 1
1725 28 22 1 0
1726 42 10 0 -1
1727 8 25 0 -1
1728 4 31 1 0
1729 90 24 0 1
1730 8 14 -1 0
1731 99 27 0 1
1732 2 34 -1 0
1733 41 5 1 0
1734 5 24 1 0
1735 64 18 1 0
1736 22 14 0 -1
1737 45 11 0 -1
1738 42 3 0 1
1739 36 24 0 -1
1740 8 12 0 1
1741 27 29 -1 0
1742 79 10 0 1
1743 5 16 1 0
1744 41 4 -1 0
1745 41 8 0 -1
1746 38 7 1 0
1747 4 4 -1 0
1748 1 0 0 1
1749 63 20 0 -1
1750 13 19 0 -1
1751 20 3 0 1
1752 54 3 0 1
1753 43 24 0 -1
1754 42 11 1 0
1755 25 9 -1 0
1756 47 3 -1 0
1757 22 36 0 -1
1758 25 13 -1 0
1759 26 14 1 0
1760 45 3 -1 0
1761 26 11 -1 0
1762 19 14 1 0
1763 98 32 1 0
1764 44 35 0 -1
1765 87 1 0 1
1766 21 39 1 0
1767 41 21 0 1
1768 27 25 0 1
1769 44 24 -1 0
1770 28 10 1 0
1771 22 16 0 1
1772 47 26 1 0
1773 46 27 -1 0
1774 25 17 -1 0
1775 52 12 0 -1
1776 64 7 1 0
1777 20 17 1 0
1778 62 1 0 -1
1779 45 21 -1 0
1780 39 20 1 0
1781 42 10 -1 0
1782 54 23 1 0
1783 62 37 1 0
1784 74 13 0 -1
1785 89 28 -1 0
1786 41 4 0 -1
1787 26 34 0 1
1788 44 13 0 -1
1789 84 13 -1 0
1790 69 14 0 -1
1791 30 22 1 0
1792 18 12 0 -1
1793 22 7 -1 0
1794 74 17 0 1
1795 21 19 0 -1
1796 40 39 0 1
1797 12 29 0 1
1798 26 22 1 0
1799 45 14 0 1
1800 30 22 -1 0
1801 45 13 1 0
1802 12 18 0 -1
1803 11 28 1 0
1804 9 11 -1 0
1805 87 2 -1 0
1806 29 19 1 0
1807 79 32 1 0
1808 17 16 1 0
1809 39 9 0 1
1810 24 7 0 1
1811 80 1 -1 0
1812 41 39 -1 0
1813 32 18 -1 0
1814 50 30 0 -1
1815 51 12 -1 0
1816 19 31 1 0
1817 27 7 1 0
1818 21 25 -1 0
1819 41 31 0 -1
1820 4 29 0 -1
1821 35 29 0 1
1822 74 5 0 -1
1823 24 15 1 0
1824 83 30 1 0
1825 59 32 0 -1
1826 2 6 -1 0
1827 50 15 1 0
1828 0 14 -1 0
1829 73 4 1 0
1830 11 20 1 0
1831 42 29 0 -1
1832 22 25 0 1
1833 40 8 0 1
1834 17 9 0 1
1835 41 30 -1 0
1836 48 35 -1 0
1837 52 24 0 -1
1838 43 33 -1 0
1839 63 11 1 0
1840 39 24 0 1
1841 42 31 0 -1
1842 27 19 0 1
1843 44 4 1 0
1844 21 7 -1 0
1845 26 35 0 -1
1846 77 8 -1 0
1847 7 38 1 0
1848 74 3 0 -1
1849 48 30 -1 0
1850 20 28 1 0
1851 20 5 0 -1
1852 43 19 0 1
1853 75 3 -1 0
1854 30 38 1 0
1855 36 34 0 1
1856 54 12 1 0
1857 85 19 0 -1
1858 61 32 0 1
1859 41 1 0 1
1860 23 23 0 -1
1861 22 26 -1 0
1862 97 33 0 -1
1863 23 11 1 0
1864 11 32 -1 0
1865 27 13 1 0
1866 88 7 -1 0
1867 7 34 -1 0
1868 39 8 0 1
1869 0 21 -1 0
1870 40 5 1 0
1871 18 18 0 1
1872 86 25 -1 0
1873 22 30 0 -1
1874 23 2 -1 0
1875 0 10 0 -1
1876 29 7 0 -1
1877 23 5 0 1
1878 23 28 1 0
1879 57 39 0 1
1880 44 18 1 0
1881 87 8 0 -1
1882 91 37 -1 0
1883 17 20 0 -1
1884 15 22 0 1
1885 27 10 0 1
1886 41 16 1 0
1887 16 39 0 1
1888 28 38 0 -1
1889 39 11 0 -1
1890 25 5 -1 0
1891 77 31 1 0
1892 45 10 0 -1
1893 42 27 -1 0
1894 10 7 -1 0
1895 44 27 0 1
1896 5 39 0 -1
1897 36 2 0 -1
1898 23 29 0 -1
1899 23 3 0 -1
1900 5 6 1 0
1901 63 32 1 0
1902 17 33 0 -1
1903 16 11 1 0
1904 21 37 1 0
1905 45 25 1 0
1906 43 7 -1 0
1907 20 3 0 1
1908 28 3 -1 0
1909 19 6 0 1
1910 75 28 1 0
1911 21 13 -1 0
1912 56 7 1 0
1913 31 10 1 0
1914 90 18 0 1
1915 55 15 0 1
1916 26 39 1 0
1917 59 0 -1 0
1918 19 28 1 0
1919 84 33 0 1
1920 81 23 0 -1
1921 89 9 0 -1
1922 5 26 0 -1
1923 83 34 1 0
1924 80 30 0 -1
1925 36 39 1 0
1926 13 28 0 1
1927 81 19 0 -1
1928 37 7 1 0
1929 27 27 1 0
1930 50 14 0 -1
1931 81 4 0 1
1932 75 32 1 0
1933 5 33 -1 0
1934 3 1 1 0
1935 80 9 0 1
1936 26 10 -1 0
1937 22 35 1 0
1938 29 26 -1 0
1939 22 35 -1 0
1940 24 35 0 -1
1941 95 36 1 0
1942 31 35 0 -1
1943 19 28 0 -1
1944 20 0 -1 0
1945 41 37 0 -1
1946 54 20 1 0
1947 60 26 -1 0
1948 36 35 0 -1
1949 7 28 0 -1
1950 29 27 0 -1
1951 50 23 0 -1
1952 44 11 1 0
1953 28 26 -1 0
1954 72 10 -1 0
1955 15 11 0 -1
1956 24 15 -1 0
1957 96 8 0 -1
1958 38 37 0 -1
1959 92 28 1 0
1960 95 16 0 -1
1961 24 25 0 1
1962 14 17 0 -1
1963 41 34 -1 0
1964 46 14 1 0
1965 97 1 1 0
1966 24 6 0 1
1967 41 31 0 1
1968 43 25 0 -1
1969 95 7 0 -1
1970 42 35 1 0
1971 36 14 0 -1
1972 39 37 -1 0
1973 18 39 0 -1
1974 17 39 1 0
1975 38 32 1 0
1976 49 4 1 0
1977 13 3 0 -1
1978 62 20 0 -1
1979 68 30 0 -1
1980 61 38 0 1
1981 55 16 0 1
1982 21 4 0 1
1983 51 31 -1 0
1984 22 32 0 -1
1985 6 6 -1 0
1986 45 19 0 1
1987 42 7 0 -1
1988 27 8 0 1
1989 22 17 -1 0
1990 41 35 1 0
1991 65 14 0 -1
1992 41 29 0 -1
1993 95 24 0 -1
1994 14 30 0 -1
1995 86 28 -1 0
1996 11 39 1 0
1997 36 28 0 1
1998 40 13 0 -1
1999 29 27 0 1
2000 94 39 0 -1
2001 23 27 1 0
2002 92 33 0 -1
2003 99 23 0 1
2004 27 37 0 -1
2005 37 12 0 -1
2006 18 24 -1 0
2007 53 29 -1 0
2008 7 3 -1 0
2009 88 17 1 0
2010 11 4 -1 0
2011 43 31 0 -1
2012 42 1 0 1
2013 63 3 0 -1
2014 48 14 -1 0
2015 31 3 0 1
2016 31 39 1 0
2017 88 3 -1 0
2018 2 19 1 0
2019 19 39 0 -1
2020 23 32 0 1
2021 25 35 -1 0
2022 52 19 0 -1
2023 43 34 -1 0
2024 56 39 1 0
2025 52 26 0 -1
2026 16 37 0 -1
2027 14 9 1 0
2028 5 25 -1 0
2029 61 4 -1 0
2030 36 28 1 0
2031 45 17 0 1
2032 45 12 1 0
2033 29 25 0 1
2034 39 28 1 0
2035 27 15 0 -1
2036 70 34 -1 0
2037 0 2 -1 0
2038 8 20 1 0
2039 31 31 1 0
2040 31 23 1 0
2041 26 4 0 -1
2042 41 15 0 -1
2043 94 24 1 0
2044 26 12 -1 0
2045 45 6 1 0
2046 24 34 -1 0
2047 43 20 0 -1
2048 93 6 1 0
2049 29 13 0 -1
2050 38 34 0 -1
2051 45 6 0 1
2052 13 14 0 1
2053 43 33 0 -1
2054 47 3 0 -1
2055 46 38 0 -1
2056 99 5 0 1
2057 54 23 0 1
2058 60 25 -1 0
2059 34 4 -1 0
2060 97 38 1 0
2061 25 25 -1 0
2062 52 32 1 0
2063 39 13 0 1
2064 1 12 0 1
2065 46 28 -1 0
2066 40 7 0 1
2067 87 3 0 -1
2068 96 24 1 0
2069 25 19 0 1
2070 87 17 0 1
2071 15 34 0 -1
2072 47 16 -1 0
2073 0 38 0 -1
2074 13 8 0 -1
2075 45 22 0 -1
2076 15 0 0 1
2077 36 0 -1 0
2078 24 32 0 1
2079 30 24 1 0
2080 83 31 0 -1
2081 23 13 1 0
2082 36 4 1 0
2083 10 36 1 0
2084 49 29 1 0
2085 80 6 1 0
2086 71 32 0 -1
2087 49 31 0 1
2088 45 22 0 -1
2089 18 12 0 1
2090 94 13 1 0
2091 20 4 0 -1
2092 68 5 0 1
2093 67 1 0 -1
2094 9 38 -1 0
2095 20 27 -1 0
2096 42 29 -1 0
2097 94 13 0 1
2098 24 32 0 -1
2099 47 26 0 -1
2100 0 0 0 -1
2101 56 19 0 -1
2102 1 6 1 0
2103 35 22 -1 0
2104 44 32 0 -1
2105 71 27 -1 0
2106 11 30 0 -1
2107 21 3 -1 0
2108 28 13 0 -1
2109 43 6 0 -1
2110 23 29 0 -1
2111 83 36 1 0
2112 53 30 0 1
2113 80 12 0 -1
2114 97 13 0 -1
2115 91 5 1 0
2116 44 12 0 1
2117 76 4 0 1
2118 46 29 -1 0
2119 21 31 1 0
2120 14 34 0 1
2121 87 29 0 -1
2122 52 7 -1 0
2123 39 12 0 -1
2124 14 33 -1 0
2125 21 36 -1 0
2126 92 3 0 -1
2127 30 22 1 0
2128 70 29 0 -1
2129 39 33 0 -1
2130 23 35 0 -1
2131 8 1 0 1
2132 60 0 1 0
2133 43 3 -1 0
2134 92 25 1 0
2135 22 6 0 -1
2136 57 2 1 0
2137 18 17 1 0
2138 27 24 1 0
2139 27 27 0 1
2140 45 4 0 1
2141 35 10 0 1
2142 43 12 -1 0
2143 3 12 0 1
2144 24 3 0 1
2145 28 10 0 1
2146 26 3 -1 0
2147 41 23 1 0
2148 38 3 0 1
2149 0 21 1 0
2150 18 8 0 1
2151 44 16 0 -1
2152 42 7 1 0
2153 47 25 0 1
2154 83 30 -1 0
2155 66 31 -1 0
2156 40 19 1 0
2157 53 1 1 0
2158 91 19 0 -1
2159 85 11 0 -1
2160 40 26 -1 0
2161 26 7 -1 0
2162 31 0 1 0
2163 68 12 0 1
2164 41 1 0 -1
2165 58 17 -1 0
2166 27 16 1 0
2167 40 20 1 0
2168 56 29 1 0
2169 93 30 -1 0
2170 51 29 0 -1
2171 76 26 0 -1
2172 72 10 0 -1
2173 40 15 -1 0
2174 98 24 -1 0
2175 47 30 1 0
2176 21 29 0 1
2177 93 15 1 0
2178 5 29 0 -1
2179 30 15 0 -1
2180 56 36 1 0
2181 23 26 1 0
2182 91 14 -1 0
2183 19 2 0 1
2184 92 19 1 0
2185 30 37 0 -1
2186 18 18 0 -1
2187 22 21 0 -1
2188 68 36 1 0
2189 19 26 0 1
2190 20 6 -1 0
2191 70 10 1 0
2192 13 31 0 -1
2193 39 15 0 1
2194 69 33 1 0
2195 39 0 0 -1
2196 26 9 -1 0
2197 68 23 0 1
2198 25 22 1 0
2199 29 4 0 1
2200 97 7 0 -1
2201 81 0 0 1
2202 62 4 1 0
2203 38 17 -1 0
2204 56 22 -1 0
2205 46 6 1 0
2206 42 8 0 1
2207 45 5 -1 0
2208 20 20 0 -1
2209 95 5 -1 0
2210 30 10 1 0
2211 38 29 -1 0
2212 28 1 0 -1
2213 48 27 0 -1
2214 56 20 -1 0
2215 38 19 0 1
2216 0 15 0 1
2217 96 10 0 -1
2218 42 5 1 0
2219 67 12 0 -1
2220 27 15 0 -1
2221 66 17 1 0
2222 22 0 0 -1
2223 28 17 1 0
2224 37 19 -1 0
2225 78 13 0 -1
2226 47 24 0 1
2227 10 3 0 -1
2228 2 32 -1 0
2229 21 28 -1 0
2230 25 8 1 0
2231 39 7 1 0
2232 39 8 0 -1
2233 41 24 1 0
2234 15 12 1 0
2235 24 25 1 0
2236 47 24 -1 0
2237 95 21 0 1
2238 37 1 -1 0
2239 84 9 0 -1
2240 20 19 0 -1
2241 17 13 0 1
2242 12 38 -1 0
2243 94 6 1 0
2244 2 14 1 0
2245 64 1 0 1
2246 53 17 0 -1
2247 76 39 1 0
2248 81 10 0 1
2249 11 33 0 -1
2250 28 33 -1 0
2251 43 5 -1 0
2252 65 31 0 1
2253 23 29 0 -1
2254 32 27 0 1
2255 63 34 -1 0
2256 84 39 0 1
2257 88 21 1 0
2258 38 31 0 1
2259 61 6 1 0
2260 38 3 0 1
2261 3 7 0 -1
2262 94 36 -1 0
2263 19 29 0 -1
2264 25 30 0 -1
2265 82 10 0 1
2266 74 10 0 1
2267 43 37 0 1
2268 36 36 0 1
2269 64 13 -1 0
2270 74 27 0 1
2271 60 0 1 0
2272 30 29 -1 0
2273 23 5 0 1
2274 89 20 0 1
2275 84 36 0 -1
2276 84 19 0 1
2277 77 10 1 0
2278 30 8 0 -1
2279 18 28 1 0
2280 38 6 0 -1
2281 44 37 0 1
2282 40 3 0 1
2283 35 36 -1 0
2284 14 37 -1 0
2285 40 32 0 -1
2286 96 17 0 -1
2287 21 28 0 1
2288 42 38 1 0
2289 77 3 0 1
2290 17 23 -1 0
2291 52 12 -1 0
2292 60 15 0 -1
2293 79 28 1 0
2294 7 22 0 -1
2295 80 25 -1 0
2296 34 29 -1 0
2297 68 37 0 -1
2298 13 30 -1 0
2299 27 26 1 0
2300 93 12 0 -1
2301 44 31 0 1
2302 78 24 1 0
2303 24 12 1 0
2304 96 31 -1 0
2305 36 30 0 1
2306 90 28 1 0
2307 25 29 0 -1
2308 27 20 -1 0
2309 29 39 0 -1
2310 94 31 -1 0
2311 91 25 -1 0
2312 90 26 1 0
2313 30 25 0 1
2314 56 21 -1 0
2315 55 20 -1 0
2316 12 34 1 0
2317 43 27 0 1
2318 63 34 1 0
2319 20 33 0 1
2320 46 34 0 -1
2321 48 5 1 0
2322 40 8 1 0
2323 5 38 0 -1
2324 5 11 1 0
2325 3 21 0 -1
2326 58 26 1 0
2327 45 25 0 1
2328 42 0 1 0
2329 4 17 -1 0
2330 37 39 -1 0
2331 15 39 0 1
2332 85 6 0 1
2333 35 32 -1 0
2334 81 30 1 0
2335 44 28 -1 0
2336 97 8 0 1
2337 38 1 0 1
2338 23 9 0 1
2339 42 27 0 -1
2340 25 6 0 -1
2341 17 24 0 -1
2342 47 13 -1 0
2343 11 32 1 0
2344 19 23 1 0
2345 39 31 0 -1
2346 89 14 0 -1
2347 14 38 -1 0
2348 51 1 0 1
2349 84 13 0 -1
2350 41 22 -1 0
2351 39 22 -1 0
2352 26 25 1 0
2353 45 22 -1 0
2354 36 30 1 0
2355 15 3 0 -1
2356 47 13 1 0
2357 18 26 -1 0
2358 63 10 -1 0
2359 48 29 1 0
2360 41 39 0 1
2361 30 11 0 1
2362 11 9 1 0
2363 43 15 0 1
2364 54 35 0 -1
2365 69 21 0 1
2366 55 13 1 0
2367 46 6 -1 0
2368 2 29 0 1
2369 51 21 0 -1
2370 46 12 0 -1
2371 26 32 1 0
2372 60 32 -1 0
2373 42 9 -1 0
2374 70 6 1 0
2375 71 20 -1 0
2376 27 2 0 -1
2377 45 33 -1 0
2378 87 22 0 1
2379 51 33 0 -1
2380 27 9 -1 0
2381 29 30 1 0
2382 19 35 0 -1
2383 18 33 0 -1
2384 14 27 -1 0
2385 27 30 0 -1
2386 10 15 0 1
2387 8 3 0 -1
2388 57 25 0 -1
2389 62 14 0 1
2390 29 24 -1 0
2391 13 21 -1 0
2392 66 13 0 1
2393 38 28 0 -1
2394 84 32 0 -1
2395 42 16 1 0
2396 83 35 0 -1
2397 12 20 0 1
2398 31 1 0 1
2399 92 17 0 -1
2400 80 38 0 -1
2401 4 7 0 -1
2402 17 39 0 -1
2403 13 27 -1 0
2404 78 37 1 0
2405 3 22 0 -1
2406 80 23 0 -1
2407 30 20 -1 0
2408 86 0 0 -1
2409 20 9 0 -1
2410 43 26 0 -1
2411 39 15 0 1
2412 11 25 -1 0
2413 29 8 0 1
2414 42 5 1 0
2415 3 8 0 -1
2416 62 15 0 -1
2417 34 26 0 -1
2418 40 34 -1 0
2419 37 2 0 -1
2420 25 15 0 -1
2421 4 39 1 0
2422 80 6 0 -1
2423 39 24 0 1
2424 39 30 0 -1
2425 36 30 0 1
2426 92 27 -1 0
2427 42 15 0 1
2428 28 9 1 0
2429 59 25 0 -1
2430 22 6 1 0
2431 85 39 0 1
2432 3 26 -1 0
2433 6 33 0 -1
2434 14 24 0 -1
2435 31 19 1 0
2436 73 32 -1 0
2437 74 17 0 1
2438 58 1 1 0
2439 47 36 -1 0
2440 27 11 -1 0
2441 56 35 1 0
2442 48 30 -1 0
2443 1 28 0 1
2444 82 19 0 -1
2445 55 27 1 0
2446 48 11 0 1
2447 37 21 0 -1
2448 28 8 1 0
2449 44 30 0 1
2450 63 21 0 -1
2451 72 18 -1 0
2452 31 18 -1 0
2453 92 19 0 1
2454 1 38 1 0
2455 21 0 1 0
2456 46 30 1 0
2457 79 15 1 0
2458 51 38 0 -1
2459 32 1 -1 0
2460 98 15 0 1
2461 24 10 0 -1
2462 92 22 1 0
2463 7 37 -1 0
2464 43 36 -1 0
2465 56 8 0 1
2466 14 3 1 0
2467 44 0 0 -1
2468 40 16 -1 0
2469 30 26 0 -1
2470 24 26 1 0
2471 3 16 -1 0
2472 25 35 1 0
2473 29 13 1 0
2474 43 38 0 -1
2475 97 32 1 0
2476 40 9 1 0
2477 6 2 0 -1
2478 84 8 0 1
2479 7 16 -1 0
2480 6 6 0 1
2481 4 33 0 1
2482 78 15 -1 0
2483 19 12 1 0
2484 35 13 1 0
2485 36 19 0 1
2486 16 6 1 0
2487 12 36 -1 0
2488 30 25 0 -1
2489 21 12 1 0
2490 37 30 0 1
2491 29 4 0 1
2492 15 6 1 0
2493 22 15 1 0
2494 74 14 0 -1
2495 25 32 1 0
2496 42 24 -1 0
2497 76 7 -1 0
2498 3 34 1 0
2499 14 16 -1 0
2500 39 35 -1 0
2501 2 17 1 0
2502 24 30 1 0
2503 30 39 0 1
2504 39 25 0 1
2505 24 12 1 0
2506 80 15 1 0
2507 26 12 1 0
2508 14 37 -1 0
2509 48 25 0 -1
2510 21 28 1 0
2511 8 30 1 0
2512 20 24 0 1
2513 46 32 0 -1
2514 42 25 0 1
2515 1 33 0 -1
2516 51 5 1 0
2517 24 31 1 0
2518 30 12 0 1
2519 95 20 0 1
2520 38 29 -1 0
2521 12 35 0 1
2522 49 5 0 1
2523 23 6 0 -1
2524 70 4 1 0
2525 13 30 1 0
2526 49 29 0 1
2527 2 14 0 1
2528 78 6 0 1
2529 20 27 1 0
2530 20 8 0 1
2531 21 29 -1 0
2532 39 29 -1 0
2533 27 26 1 0
2534 2 13 1 0
2535 72 17 1 0
2536 26 24 0 1
2537 43 32 1 0
2538 24 28 -1 0
2539 53 17 -1 0
2540 22 5 1 0
2541 79 14 0 -1
2542 37 21 0 -1
2543 6 24 1 0
2544 10 18 1 0
2545 98 17 -1 0
2546 29 17 1 0
2547 23 15 1 0
2548 27 12 -1 0
2549 44 39 0 1
2550 75 10 1 0
2551 70 23 0 1
2552 38 30 1 0
2553 41 23 0 -1
2554 30 4 0 1
2555 25 8 0 -1
2556 50 30 0 -1
2557 43 4 0 1
2558 61 15 0 -1
2559 4 19 0 -1
2560 4 15 0 -1
2561 23 32 1 0
2562 26 37 0 1
2563 5 17 0 1
2564 37 34 0 1
2565 98 10 -1 0
2566 24 10 -1 0
2567 39 33 1 0
2568 21 1 1 0
2569 0 24 -1 0
2570 70 3 0 -1
2571 27 26 0 -1
2572 28 25 0 1
2573 17 22 0 1
2574 1 4 1 0
2575 76 1 -1 0
2576 12 17 0 -1
2577 80 26 1 0
2578 42 28 0 1
2579 29 16 0 -1
2580 97 4 0 1
2581 57 30 1 0
2582 21 18 0 1
2583 28 3 0 1
2584 57 2 -1 0
2585 17 22 0 1
2586 42 26 1 0
2587 37 29 1 0
2588 52 9 1 0
2589 16 27 0 1
2590 98 25 -1 0
2591 48 9 1 0
2592 36 18 0 1
2593 76 0 1 0
2594 96 1 0 1
2595 4 27 -1 0
2596 49 37 0 1
2597 25 31 1 0
2598 23 26 0 1
2599 52 0 1 0
2600 6 5 0 -1
2601 40 15 0 1
2602 90 34 1 0
2603 91 4 0 1
2604 78 19 -1 0
2605 44 14 0 -1
2606 39 24 0 1
2607 49 31 0 -1
2608 71 33 0 -1
2609 28 12 -1 0
2610 42 5 0 -1
2611 16 33 0 -1
2612 37 5 1 0
2613 48 8 0 1
2614 21 31 1 0
2615 26 24 1 0
2616 37 30 0 -1
2617 30 37 1 0
2618 23 38 0 -1
2619 51 35 0 -1
2620 97 3 1 0
2621 25 36 0 -1
2622 52 19 1 0
2623 35 27 0 -1
2624 27 21 -1 0
2625 89 25 1 0
2626 44 39 0 -1
2627 50 9 -1 0
2628 30 0 0 -1
2629 23 1 0 1
2630 90 32 1 0
2631 62 0 0 1
2632 91 4 1 0
2633 8 28 0 1
2634 40 1 0 1
2635 14 6 0 -1
2636 63 1 -1 0
2637 12 32 1 0
2638 40 21 -1 0
2639 13 0 0 1
2640 43 12 -1 0
2641 43 7 0 -1
2642 81 12 0 1
2643 43 8 0 -1
2644 25 1 1 0
2645 75 30 0 -1
2646 35 37 1 0
2647 0 10 -1 0
2648 64 26 1 0
2649 36 17 0 1
2650 29 19 1 0
2651 24 15 0 -1
2652 55 21 -1 0
2653 84 24 0 -1
2654 3 15 0 1
2655 17 15 1 0
2656 40 27 1 0
2657 91 36 0 1
2658 45 25 0 1
2659 19 5 0 -1
2660 51 4 1 0
2661 41 6 1 0
2662 47 27 -1 0
2663 29 5 0 1
2664 36 2 0 -1
2665 23 27 0 1
2666 25 0 0 -1
2667 41 7 1 0
2668 15 15 0 -1
2669 23 4 0 1
2670 99 35 -1 0
2671 98 28 0 1
2672 42 33 -1 0
2673 29 25 0 -1
2674 96 24 -1 0
2675 27 12 0 1
2676 55 21 1 0
2677 36 29 1 0
2678 26 0 -1 0
2679 41 39 0 -1
2680 50 25 0 -1
2681 45 34 0 1
2682 85 32 -1 0
2683 18 27 1 0
2684 25 15 0 -1
2685 96 38 0 -1
2686 39 28 1 0
2687 22 9 1 0
2688 5 22 0 -1
2689 92 37 1 0
2690 22 39 0 1
2691 38 27 0 1
2692 52 6 1 0
2693 36 32 -1 0
2694 35 29 0 -1
2695 8 19 -1 0
2696 94 34 1 0
2697 7 1 0 -1
2698 28 34 0 -1
2699 25 33 0 -1
2700 98 6 0 -1
2701 84 22 -1 0
2702 11 33 1 0
2703 17 25 0 -1
2704 31 15 -1 0
2705 30 21 0 1
2706 93 21 1 0
2707 87 11 1 0
2708 46 32 -1 0
2709 61 35 0 -1
2710 10 37 1 0
2711 17 2 0 1
2712 39 38 0 -1
2713 22 31 0 -1
2714 2 27 0 1
2715 18 31 0 1
2716 1 8 0 1
2717 43 4 1 0
2718 17 27 1 0
2719 24 1 -1 0
2720 31 4 -1 0
2721 40 12 -1 0
2722 25 0 1 0
2723 4 39 0 -1
2724 16 18 1 0
2725 52 5 0 -1
2726 8 16 0 1
2727 41 38 0 1
2728 0 25 -1 0
2729 78 33 1 0
2730 41 9 -1 0
2731 28 37 1 0
2732 23 0 0 1
2733 45 27 0 1
2734 98 2 0 1
2735 29 27 1 0
2736 22 29 0 -1
2737 27 4 1 0
2738 43 2 0 -1
2739 73 17 0 -1
2740 31 11 0 1
2741 41 2 1 0
2742 2 27 -1 0
2743 7 16 0 -1
2744 40 19 0 -1
2745 26 10 1 0
2746 91 28 -1 0
2747 46 2 -1 0
2748 66 9 1 0
2749 25 23 0 -1
2750 41 9 -1 0
2751 39 30 0 -1
2752 40 29 0 -1
2753 73 21 -1 0
2754 85 5 0 1
2755 32 26 -1 0
2756 24 20 1 0
2757 49 23 0 -1
2758 40 7 -1 0
2759 25 10 -1 0
2760 85 11 0 -1
2761 22 14 0 1
2762 11 8 0 1
2763 25 28 0 1
2764 56 18 1 0
2765 41 27 1 0
2766 24 22 0 -1
2767 4 28 -1 0
2768 19 18 0 -1
2769 27 28 -1 0
2770 18 32 0 -1
2771 30 13 0 -1
2772 55 31 -1 0
2773 69 34 1 0
2774 13 5 0 1
2775 82 5 1 0
2776 14 33 -1 0
2777 36 13 0 -1
2778 21 21 1 0
2779 9 17 0 -1
2780 57 27 1 0
2781 49 7 0 1
2782 69 28 0 -1
2783 12 33 0 1
2784 91 38 0 1
2785 72 1 0 -1
2786 73 37 -1 0
2787 40 22 0 -1
2788 29 39 0 1
2789 44 14 0 -1
2790 14 28 0 1
2791 86 32 -1 0
2792 45 34 -1 0
2793 26 29 0 1
2794 25 37 -1 0
2795 15 23 0 1
2796 3 17 1 0
2797 74 38 0 -1
2798 26 6 0 1
2799 13 8 1 0
2800 46 39 1 0
2801 39 3 1 0
2802 62 37 1 0
2803 12 13 -1 0
2804 24 28 -1 0
2805 98 26 0 1
2806 10 11 0 -1
2807 42 1 0 1
2808 35 32 0 -1
2809 14 37 1 0
2810 90 0 -1 0
2811 41 22 1 0
2812 18 31 -1 0
2813 23 32 0 -1
2814 62 33 -1 0
2815 88 5 1 0
2816 23 35 0 -1
2817 60 9 0 1
2818 38 6 0 -1
2819 67 4 0 -1
2820 67 22 1 0
2821 8 22 -1 0
2822 4 37 -1 0
2823 50 17 -1 0
2824 59 32 0 1
2825 22 33 0 -1
2826 43 17 0 1
2827 46 15 1 0
2828 41 30 -1 0
2829 32 23 1 0
2830 13 31 0 -1
2831 44 26 -1 0
2832 12 16 0 1
2833 27 17 0 -1
2834 86 27 0 1
2835 43 31 0 -1
2836 11 31 -1 0
2837 2 5 0 1
2838 37 34 0 -1
2839 11 20 0 -1
2840 44 22 -1 0
2841 39 35 0 1
2842 36 36 -1 0
2843 88 8 1 0
2844 37 8 0 1
2845 0 39 0 -1
2846 16 34 -1 0
2847 13 37 0 1
2848 45 15 0 -1
2849 20 1 0 1
2850 91 31 0 1
2851 43 6 -1 0
2852 45 0 0 1
2853 40 14 -1 0
2854 29 1 -1 0
2855 38 5 0 -1
2856 38 32 -1 0
2857 42 39 1 0
2858 42 31 -1 0
2859 42 1 1 0
2860 49 6 1 0
2861 12 36 -1 0
2862 91 29 0 -1
2863 97 24 1 0
2864 44 9 0 1
2865 49 0 -1 0
2866 12 11 -1 0
2867 25 19 0 -1
2868 97 21 1 0
2869 24 27 1 0
2870 48 16 0 1
2871 44 29 0 1
2872 72 4 0 -1
2873 59 37 0 -1
2874 63 26 -1 0
2875 44 10 0 1
2876 39 27 -1 0
2877 29 5 -1 0
2878 71 31 0 -1
2879 53 17 0 -1
2880 43 28 0 -1
2881 20 10 -1 0
2882 44 10 -1 0
2883 49 7 1 0
2884 4 8 0 1
2885 24 31 0 -1
2886 83 15 1 0
2887 42 26 1 0
2888 96 15 -1 0
2889 96 35 -1 0
2890 97 36 0 -1
2891 12 11 -1 0
2892 40 39 1 0
2893 47 8 1 0
2894 42 19 0 1
2895 96 15 0 1
2896 43 3 1 0
2897 43 35 1 0
2898 38 20 0 1
2899 51 38 -1 0
2900 24 29 0 -1
2901 30 3 -1 0
2902 38 32 0 -1
2903 34 21 0 -1
2904 28 11 -1 0
2905 91 25 1 0
2906 14 30 0 1
2907 99 17 -1 0
2908 20 3 -1 0
2909 95 6 0 1
2910 92 4 0 -1
2911 59 25 -1 0
2912 94 23 -1 0
2913 64 39 0 -1
2914 42 34 1 0
2915 6 13 -1 0
2916 20 29 0 1
2917 22 33 -1 0
2918 75 26 -1 0
2919 21 30 0 1
2920 50 27 0 -1
2921 35 29 1 0
2922 26 3 1 0
2923 57 8 0 1
2924 23 6 1 0
2925 50 6 0 -1
2926 45 28 0 1
2927 28 5 0 1
2928 75 34 -1 0
2929 88 23 0 -1
2930 45 33 0 1
2931 46 39 1 0
2932 1 29 0 -1
2933 36 19 0 -1
2934 46 22 -1 0
2935 21 32 0 -1
2936 82 14 1 0
2937 27 1 0 1
2938 42 14 -1 0
2939 41 2 1 0
2940 41 13 -1 0
2941 1 23 0 1
2942 54 16 -1 0
2943 48 34 1 0
2944 41 21 0 1
2945 0 39 -1 0
2946 13 35 -1 0
2947 89 18 1 0
2948 58 8 1 0
2949 85 14 -1 0
2950 36 31 1 0
2951 29 26 1 0
2952 21 26 -1 0
2953 27 22 1 0
2954 89 26 0 -1
2955 28 32 0 -1
2956 40 24 0 1
2957 25 35 -1 0
2958 22 26 0 -1
2959 23 16 0 1
2960 57 6 0 -1
2961 43 38 -1 0
2962 40 21 1 0
2963 39 29 -1 0
2964 58 19 -1 0
2965 21 9 1 0
2966 21 39 1 0
2967 27 9 -1 0
2968 17 13 0 1
2969 84 33 0 -1
2970 90 21 -1 0
2971 23 2 1 0
2972 1 2 0 1
2973 40 30 0 -1
2974 45 29 0 -1
2975 39 2 -1 0
2976 85 23 0 1
2977 37 10 0 -1
2978 24 17 1 0
2979 39 14 0 -1
2980 54 21 0 -1
2981 32 23 1 0
2982 65 33 -1 0
2983 0 30 -1 0
2984 30 5 1 0
2985 24 2 -1 0
2986 44 4 -1 0
2987 27 5 1 0
2988 43 18 -1 0
2989 46 7 -1 0
2990 54 22 1 0
2991 12 28 1 0
2992 54 19 -1 0
2993 40 25 1 0
2994 1 33 0 -1
2995 14 35 1 0
2996 89 6 -1 0
2997 86 6 -1 0
2998 29 29 0 -1
2999 91 5 -1 0
3000 93 10 -1 0
3001 49 11 0 1
3002 22 36 0 -1
3003 31 5 0 -1
3004 24 4 0 -1
3005 61 9 0 1
3006 8 16 1 0
3007 49 3 1 0
3008 5 7 1 0
3009 23 30 0 1
3010 28 14 1 0
3011 22 23 -1 0
3012 29 36 1 0
3013 16 22 0 -1
3014 40 36 -1 0
3015 71 32 1 0
3016 17 24 0 -1
3017 16 36 1 0
3018 10 23 0 -1
3019 23 10 0 -1
3020 1 23 0 1
3021 28 24 0 -1
3022 47 34 0 1
3023 43 31 0 1
3024 28 11 1 0
3025 8 34 1 0
3026 24 39 -1 0
3027 28 27 0 1
3028 30 13 0 1
3029 95 1 0 1
3030 15 17 1 0
3031 36 0 1 0
3032 99 9 1 0
3033 16 18 0 1
3034 39 4 0 1
3035 11 15 0 -1
3036 62 11 0 1
3037 42 37 0 1
3038 20 29 0 -1
3039 28 13 0 -1
3040 15 10 1 0
3041 18 14 0 1
3042 40 11 0 -1
3043 19 0 0 1
3044 38 33 -1 0
3045 23 7 0 -1
3046 56 2 1 0
3047 23 39 1 0
3048 78 14 0 -1
3049 80 29 0 1
3050 12 17 0 -1
3051 65 0 1 0
3052 68 18 0 1
3053 21 19 0 -1
3054 81 22 -1 0
3055 27 28 0 -1
3056 11 28 -1 0
3057 25 34 0 1
3058 41 32 -1 0
3059 51 20 -1 0
3060 8 14 0 -1
3061 92 15 0 1
3062 51 10 1 0
3063 98 13 0 1
3064 13 34 1 0
3065 68 34 0 -1
3066 50 9 -1 0
3067 41 16 -1 0
3068 22 31 -1 0
3069 40 19 -1 0
3070 53 35 1 0
3071 38 7 0 -1
3072 12 33 -1 0
3073 39 5 0 -1
3074 19 13 -1 0
3075 7 20 -1 0
3076 21 26 1 0
3077 41 34 0 -1
3078 52 28 0 -1
3079 49 16 -1 0
3080 44 33 1 0
3081 42 7 -1 0
3082 36 26 -1 0
3083 69 20 1 0
3084 25 24 1 0
3085 41 33 0 1
3086 17 11 1 0
3087 22 29 0 1
3088 18 6 0 1
3089 49 6 0 1
3090 14 16 0 1
3091 18 17 -1 0
3092 47 24 1 0
3093 37 33 1 0
3094 41 31 1 0
3095 5 20 0 1
3096 18 17 0 -1
3097 39 6 0 1
3098 3 35 0 -1
3099 53 15 1 0
3100 4 1 0 1
3101 41 37 0 -1
3102 15 15 1 0
3103 44 38 0 1
3104 60 15 1 0
3105 72 25 0 1
3106 29 34 0 1
3107 24 8 0 -1
3108 41 28 0 1
3109 27 14 0 -1
3110 16 28 -1 0
3111 28 17 0 1
3112 87 12 0 1
3113 38 30 -1 0
3114 82 12 -1 0
3115 26 1 -1 0
3116 40 24 1 0
3117 43 39 0 -1
3118 36 32 1 0
3119 22 36 1 0
3120 39 11 0 1
3121 13 34 0 1
3122 40 6 -1 0
3123 38 18 1 0
3124 24 31 0 -1
3125 64 3 0 1
3126 12 4 0 1
3127 86 37 -1 0
3128 74 34 0 1
3129 50 34 -1 0
3130 36 24 -1 0
3131 32 19 0 1
3132 40 35 -1 0
3133 44 31 -1 0
3134 21 24 -1 0
3135 92 4 0 -1
3136 64 18 0 1
3137 22 32 0 -1
3138 97 30 -1 0
3139 8 24 1 0
3140 39 36 0 -1
3141 39 31 -1 0
3142 18 22 0 -1
3143 95 3 0 1
3144 94 5 -1 0
3145 90 37 0 1
3146 1 10 0 -1
3147 81 35 1 0
3148 70 30 0 1
3149 24 37 0 1
3150 57 10 0 1
3151 19 10 0 -1
3152 84 24 0 -1
3153 74 13 -1 0
3154 1 2 0 1
3155 24 11 0 -1
3156 16 23 1 0
3157 11 12 -1 0
3158 40 33 1 0
3159 52 32 0 1
3160 84 18 1 0
3161 5 2 0 1
3162 44 38 1 0
3163 36 31 1 0
3164 25 7 1 0
3165 20 7 0 1
3166 71 27 1 0
3167 29 29 1 0
3168 99 23 0 -1
3169 82 31 1 0
3170 71 24 1 0
3171 82 8 0 -1
3172 36 35 -1 0
3173 41 25 -1 0
3174 22 13 0 1
3175 26 13 1 0
3176 31 0 0 1
3177 43 17 1 0
3178 29 6 1 0
3179 27 10 1 0
3180 48 30 -1 0
3181 74 35 0 -1
3182 15 17 0 -1
3183 22 21 0 -1
3184 81 30 1 0
3185 25 10 -1 0
3186 66 14 0 -1
3187 15 12 0 1
3188 85 31 0 1
3189 42 21 -1 0
3190 78 35 -1 0
3191 4 13 1 0
3192 72 9 1 0
3193 48 35 0 -1
3194 98 17 0 1
3195 27 5 0 -1
3196 80 36 0 -1
3197 26 0 0 -1
3198 43 39 1 0
3199 94 1 1 0
3200 62 39 0 1
3201 82 32 1 0
3202 42 35 0 -1
3203 3 24 1 0
3204 12 34 0 -1
3205 36 32 0 -1
3206 27 38 -1 0
3207 50 26 -1 0
3208 45 33 -1 0
3209 96 10 1 0
3210 38 38 -1 0
3211 50 10 -1 0
3212 25 31 0 1
3213 57 16 -1 0
3214 22 35 0 1
3215 14 25 0 1
3216 71 21 0 1
3217 10 28 -1 0
3218 89 33 -1 0
3219 23 26 0 1
3220 31 21 0 -1
3221 10 8 0 1
3222 25 32 -1 0
3223 46 36 0 -1
3224 43 32 0 -1
3225 51 9 -1 0
3226 4 12 0 -1
3227 14 12 0 -1
3228 28 23 -1 0
3229 2 4 -1 0
3230 52 24 -1 0
3231 82 26 0 1
3232 23 36 -1 0
3233 26 11 0 -1
3234 27 33 0 -1
3235 50 8 0 1
3236 48 36 -1 0
3237 13 6 0 1
3238 24 17 1 0
3239 90 31 0 1
3240 87 25 0 1
3241 43 20 0 1
3242 26 17 0 -1
3243 47 33 0 -1
3244 2 32 0 1
3245 90 33 0 1
3246 59 20 1 0
3247 85 30 0 1
3248 78 12 -1 0
3249 18 28 0 -1
3250 50 1 0 1
3251 75 16 0 1
3252 89 39 1 0
3253 17 2 -1 0
3254 10 4 0 -1
3255 42 22 0 1
3256 26 22 -1 0
3257 13 19 0 -1
3258 91 32 0 -1
3259 43 8 0 -1
3260 1 28 -1 0
3261 92 23 0 1
3262 2 12 1 0
3263 59 13 0 -1
3264 90 7 0 -1
3265 30 26 -1 0
3266 28 35 0 1
3267 18 13 -1 0
3268 89 28 1 0
3269 48 14 0 1
3270 73 39 1 0
3271 50 28 -1 0
3272 64 23 0 1
3273 0 38 -1 0
3274 19 27 0 -1
3275 14 9 0 1
3276 11 20 0 1
3277 96 35 -1 0
3278 14 15 1 0
3279 91 27 0 1
3280 25 6 -1 0
3281 37 9 0 1
3282 71 12 -1 0
3283 68 11 0 -1
3284 94 24 0 -1
3285 28 11 1 0
3286 44 26 0 -1
3287 13 32 -1 0
3288 94 23 1 0
3289 24 9 1 0
3290 42 11 0 -1
3291 22 15 -1 0
3292 10 13 0 -1
3293 3 2 0 -1
3294 81 4 1 0
3295 3 12 0 -1
3296 79 31 1 0
3297 40 2 0 1
3298 9 1 0 1
3299 25 23 0 1
3300 20 5 0 1
3301 38 29 1 0
3302 97 31 0 -1
3303 26 15 0 1
3304 41 5 1 0
3305 5 32 1 0
3306 79 7 1 0
3307 52 36 -1 0
3308 40 3 -1 0
3309 42 4 0 -1
3310 19 2 0 -1
3311 27 27 1 0
3312 48 34 -1 0
3313 36 14 -1 0
3314 50 16 0 1
3315 75 8 0 1
3316 56 30 1 0
3317 45 14 -1 0
3318 41 23 -1 0
3319 3 20 -1 0
3320 50 17 -1 0
3321 58 25 0 1
3322 29 34 1 0
3323 29 15 1 0
3324 81 32 0 1
3325 45 18 0 -1
3326 43 11 -1 0
3327 30 14 -1 0
3328 48 13 -1 0
3329 43 8 0 1
3330 21 7 0 -1
3331 96 12 1 0
3332 76 21 1 0
3333 58 37 0 -1
3334 24 33 -1 0
3335 29 4 0 1
3336 24 7 0 1
3337 67 13 -1 0
3338 98 13 0 -1
3339 42 9 1 0
3340 47 4 0 -1
3341 30 10 1 0
3342 49 29 -1 0
3343 29 21 -1 0
3344 37 33 0 -1
3345 46 17 1 0
3346 38 31 0 -1
3347 87 20 0 -1
3348 22 30 0 -1
3349 3 36 -1 0
3350 37 32 1 0
3351 31 8 0 -1
3352 23 31 1 0
3353 93 0 1 0
3354 23 17 0 -1
3355 40 17 0 -1
3356 50 22 -1 0
3357 74 21 -1 0
3358 59 27 1 0
3359 11 10 -1 0
3360 44 17 0 -1
3361 26 23 0 -1
3362 11 8 1 0
3363 19 1 0 1
3364 39 7 0 -1
3365 54 12 -1 0
3366 66 31 1 0
3367 73 24 -1 0
3368 79 7 0 -1
3369 37 6 0 -1
3370 82 6 0 1
3371 44 16 0 1
3372 38 10 -1 0
3373 8 12 0 -1
3374 42 34 0 -1
3375 7 7 -1 0
3376 9 31 1 0
3377 46 19 1 0
3378 81 31 1 0
3379 43 0 0 -1
3380 31 28 1 0
3381 94 15 0 1
3382 40 4 -1 0
3383 45 23 0 1
3384 26 29 1 0
3385 24 18 0 -1
3386 58 1 0 -1
3387 26 31 0 -1
3388 39 6 -1 0
3389 3 25 0 1
3390 78 26 1 0
3391 25 31 0 1
3392 14 26 0 -1
3393 0 0 -1 0
3394 38 35 1 0
3395 94 12 0 1
3396 24 29 1 0
3397 80 15 -1 0
3398 24 22 1 0
3399 77 7 0 1
3400 41 10 -1 0
3401 30 12 1 0
3402 90 30 -1 0
3403 86 7 1 0
3404 16 1 -1 0
3405 11 37 1 0
3406 41 13 0 -1
3407 44 0 0 -1
3408 24 13 0 -1
3409 22 16 1 0
3410 96 3 0 -1
3411 25 14 1 0
3412 1 7 0 1
3413 43 34 -1 0
3414 26 15 1 0
3415 36 36 0 -1
3416 79 0 -1 0
3417 25 28 0 -1
3418 75 20 0 -1
3419 9 9 0 1
3420 37 11 0 -1
3421 47 30 0 1
3422 36 28 1 0
3423 78 6 0 1
3424 28 27 0 -1
3425 81 35 1 0
3426 50 19 1 0
3427 2 39 1 0
3428 39 5 0 1
3429 38 9 1 0
3430 23 33 0 1
3431 41 3 1 0
3432 1 19 1 0
3433 36 35 1 0
3434 88 7 0 1
3435 69 9 0 -1
3436 4 14 1 0
3437 34 33 0 -1
3438 81 30 0 1
3439 30 37 1 0
3440 50 19 0 1
3441 16 16 0 -1
3442 26 22 -1 0
3443 37 31 1 0
3444 7 20 0 1
3445 38 36 0 -1
3446 48 6 0 -1
3447 30 2 0 1
3448 38 28 0 1
3449 36 38 -1 0
3450 4 4 0 1
3451 47 35 0 -1
3452 24 12 1 0
3453 55 6 0 1
3454 18 2 1 0
3455 98 36 0 1
3456 2 9 0 -1
3457 37 32 1 0
3458 40 34 1 0
3459 43 30 -1 0
3460 31 14 -1 0
3461 47 12 1 0
3462 91 27 0 1
3463 27 9 0 1
3464 57 25 0 1
3465 27 22 -1 0
3466 60 39 0 -1
3467 71 33 0 1
3468 37 29 -1 0
3469 43 22 0 -1
3470 13 26 -1 0
3471 5 35 1 0
3472 16 17 1 0
3473 26 25 -1 0
3474 65 19 1 0
3475 19 39 1 0
3476 44 32 0 -1
3477 88 25 0 1
3478 3 8 0 1
3479 87 36 1 0
3480 8 2 0 1
3481 57 2 -1 0
3482 1 37 1 0
3483 19 26 0 1
3484 3 29 1 0
3485 26 33 -1 0
3486 82 19 0 -1
3487 48 28 0 1
3488 18 13 1 0
3489 21 25 0 1
3490 9 15 0 1
3491 29 23 0 1
3492 95 33 -1 0
3493 2 8 0 -1
3494 87 14 0 -1
3495 85 12 -1 0
3496 95 27 -1 0
3497 78 34 1 0
3498 3 29 0 -1
3499 39 3 -1 0
3500 14 27 -1 0
3501 27 31 1 0
3502 25 2 1 0
3503 24 27 -1 0
3504 75 16 1 0
3505 45 0 0 1
3506 10 38 1 0
3507 66 24 0 1
3508 46 16 -1 0
3509 78 9 1 0
3510 97 3 0 1
3511 38 7 0 -1
3512 19 25 0 1
3513 9 28 1 0
3514 65 24 1 0
3515 26 26 1 0
3516 86 24 -1 0
3517 26 26 -1 0
3518 60 12 -1 0
3519 93 38 0 -1
3520 51 25 -1 0
3521 21 25 -1 0
3522 46 17 1 0
3523 26 24 1 0
3524 88 31 -1 0
3525 6 35 1 0
3526 98 19 0 -1
3527 43 14 0 -1
3528 25 3 -1 0
3529 52 3 -1 0
3530 90 26 0 -1
3531 38 27 1 0
3532 38 4 0 1
3533 42 32 1 0
3534 28 21 0 1
3535 35 18 1 0
3536 42 31 1 0
3537 13 25 1 0
3538 19 31 0 1
3539 48 7 -1 0
3540 35 5 0 -1
3541 95 0 0 -1
3542 3 24 -1 0
3543 83 1 -1 0
3544 6 14 -1 0
3545 1 23 1 0
3546 28 26 0 1
3547 40 1 -1 0
3548 4 23 0 -1
3549 91 37 1 0
3550 43 21 0 -1
3551 43 24 0 -1
3552 28 23 1 0
3553 27 12 0 -1
3554 7 29 -1 0
3555 4 24 -1 0
3556 59 34 1 0
3557 27 0 1 0
3558 25 24 0 -1
3559 14 21 0 1
3560 38 15 0 -1
3561 39 30 -1 0
3562 16 24 -1 0
3563 11 37 -1 0
3564 24 38 1 0
3565 44 28 0 -1
3566 45 15 1 0
3567 23 7 0 1
3568 94 31 0 1
3569 29 7 -1 0
3570 75 13 -1 0
3571 22 27 -1 0
3572 23 30 1 0
3573 36 39 -1 0
3574 23 35 0 1
3575 42 8 0 -1
3576 37 29 1 0
3577 23 30 -1 0
3578 31 17 1 0
3579 46 35 0 -1
3580 42 6 0 -1
3581 26 32 1 0
3582 5 26 0 1
3583 92 28 0 -1
3584 19 2 0 -1
3585 5 2 0 -1
3586 76 22 0 1
3587 43 24 0 -1
3588 58 27 0 1
3589 27 11 0 -1
3590 87 16 -1 0
3591 43 17 -1 0
3592 28 2 0 -1
3593 9 1 -1 0
3594 12 2 -1 0
3595 17 39 0 1
3596 29 6 1 0
3597 45 13 -1 0
3598 30 24 0 1
3599 43 1 1 0
