0 39 24 -1 0
1 89 17 1 0
2 9 32 0 -1
3 47 32 0 -1
4 71 24 0 -1
5 44 18 -1 0
6 29 17 0 -1
7 36 33 1 0
8 78 36 -1 0
9 10 7 0 -1
10 46 21 0 1
11 5 1 -1 0
12 64 17 1 0
13 39 28 0 -1
14 28 8 -1 0
15 59 2 0 -1
16 96 36 0 1
17 10 1 1 0
18 49 28 0 -1
19 4 9 0 -1
20 70 17 0 -1
21 42 22 0 -1
22 77 18 1 0
23 23 28 1 0
24 8 23 0 -1
25 38 1 -1 0
26 71 18 -1 0
27 25 39 -1 0
28 24 21 1 0
29 46 27 -1 0
30 20 8 0 1
31 5 10 -1 0
32 55 8 -1 0
33 5 30 1 0
34 95 33 0 1
35 41 19 1 0
36 99 20 0 -1
37 6 28 0 1
38 37 33 -1 0
39 5 15 0 1
40 15 17 1 0
41 46 26 -1 0
42 42 30 1 0
43 37 37 1 0
44 10 37 1 0
45 21 22 0 1
46 53 14 1 0
47 86 31 0 1
48 37 35 -1 0
49 73 9 0 1
50 85 30 0 1
51 94 38 -1 0
52 19 33 1 0
53 37 5 0 1
54 48 27 1 0
55 41 12 1 0
56 16 17 1 0
57 47 37 0 -1
58 63 6 1 0
59 96 7 1 0
60 87 22 1 0
61 41 19 -1 0
62 18 11 0 1
63 32 28 -1 0
64 24 26 1 0
65 25 34 -1 0
66 64 21 -1 0
67 69 16 0 1
68 41 2 -1 0
69 53 4 0 -1
70 1 39 0 -1
71 23 18 0 1
72 58 24 0 1
73 38 16 1 0
74 24 39 0 -1
75 48 37 -1 0
76 22 37 1 0
77 80 29 0 -1
78 77 8 1 0
79 49 27 1 0
80 42 21 0 1
81 83 10 -1 0
82 89 17 -1 0
83 83 14 -1 0
84 17 26 1 0
85 98 31 -1 0
86 65 30 0 1
87 35 28 -1 0
88 25 0 1 0
89 19 7 0 -1
90 37 38 0 -1
91 86 22 0 1
92 11 0 0 1
93 87 13 0 1
94 18 34 -1 0
95 18 24 0 -1
96 40 17 0 -1
97 97 35 0 -1
98 85 32 0 -1
99 28 31 -1 0
100 36 9 0 -1
101 38 8 -1 0
102 64 39 0 1
103 28 30 1 0
104 76 34 1 0
105 23 14 0 -1
106 19 19 1 0
107 35 11 0 -1
108 28 20 0 -1
109 95 27 -1 0
110 57 26 0 -1
111 86 29 0 1
112 14 37 0 -1
113 39 2 -1 0
114 39 12 0 1
115 4 37 0 -1
116 42 0 0 1
117 41 34 0 1
118 45 17 0 -1
119 44 31 0 1
120 30 16 -1 0
121 38 3 0 -1
122 53 7 -1 0
123 14 19 1 0
124 24 4 -1 0
125 8 12 -1 0
126 43 11 0 -1
127 24 35 0 1
128 25 19 1 0
129 3 6 1 0
130 17 24 1 0
131 42 0 -1 0
132 17 39 -1 0
133 42 37 -1 0
134 29 9 -1 0
135 70 13 0 -1
136 28 34 1 0
137 80 1 -1 0
138 95 3 0 1
139 6 17 0 -1
140 3 34 0 1
141 41 21 0 1
142 21 9 1 0
143 21 35 0 -1
144 53 28 0 -1
145 39 0 1 0
146 91 13 1 0
147 83 30 0 -1
148 38 24 -1 0
149 5 1 0 1
150 91 33 0 -1
151 71 33 0 1
152 99 0 0 -1
153 36 20 0 1
154 42 31 0 1
155 27 35 1 0
156 41 10 -1 0
157 22 28 0 -1
158 11 2 1 0
159 21 36 1 0
160 50 12 0 1
161 14 26 0 -1
162 17 20 -1 0
163 45 7 -1 0
164 25 6 1 0
165 67 11 0 -1
166 74 13 0 1
167 54 13 0 -1
168 16 1 -1 0
169 82 34 0 1
170 25 16 0 -1
171 15 21 0 -1
172 16 12 1 0
173 72 21 -1 0
174 56 19 0 -1
175 53 28 1 0
176 63 35 0 -1
177 28 29 0 1
178 18 36 -1 0
179 30 39 0 1
180 13 15 0 -1
181 27 20 0 1
182 82 25 1 0
183 18 33 1 0
184 39 38 0 1
185 65 11 1 0
186 29 35 0 1
187 21 20 1 0
188 96 24 1 0
189 53 11 -1 0
190 76 36 -1 0
191 44 34 -1 0
192 44 16 1 0
193 8 26 1 0
194 24 5 1 0
195 42 29 0 -1
196 44 2 -1 0
197 43 38 -1 0
198 39 22 0 1
199 26 6 1 0
200 53 39 0 -1
201 82 29 0 -1
202 48 16 -1 0
203 30 10 -1 0
204 50 10 0 1
205 18 34 -1 0
206 42 33 -1 0
207 53 6 0 -1
208 46 33 0 1
209 56 11 0 -1
210 69 10 0 -1
211 20 22 1 0
212 42 6 -1 0
213 3 28 -1 0
214 53 8 0 1
215 74 33 0 -1
216 1 36 0 -1
217 15 17 1 0
218 12 2 0 1
219 97 18 1 0
220 12 21 0 1
221 16 4 0 1
222 25 14 1 0
223 36 12 1 0
224 51 21 0 -1
225 27 0 1 0
226 48 0 1 0
227 56 1 0 1
228 68 25 0 -1
229 39 23 -1 0
230 22 37 -1 0
231 29 34 -1 0
232 97 31 -1 0
233 28 38 0 -1
234 27 34 0 1
235 96 23 -1 0
236 26 20 -1 0
237 30 10 -1 0
238 68 36 0 -1
239 4 21 1 0
240 14 12 0 1
241 21 6 0 -1
242 14 18 0 1
243 0 38 0 1
244 38 15 1 0
245 28 39 0 1
246 34 4 1 0
247 47 35 0 1
248 88 22 -1 0
249 85 4 0 -1
250 34 33 0 1
251 9 33 0 -1
252 17 14 1 0
253 23 9 0 -1
254 0 12 -1 0
255 51 9 -1 0
256 15 15 0 1
257 40 13 0 1
258 69 24 0 1
259 51 37 0 1
260 46 23 0 -1
261 42 5 0 1
262 43 7 -1 0
263 99 32 -1 0
264 40 28 -1 0
265 55 23 0 1
266 63 36 1 0
267 53 26 0 -1
268 21 3 1 0
269 68 9 0 -1
270 91 3 0 -1
271 42 3 0 -1
272 44 21 0 -1
273 73 14 1 0
274 99 1 -1 0
275 9 9 1 0
276 38 26 -1 0
277 90 38 0 1
278 48 39 -1 0
279 31 30 -1 0
280 25 29 1 0
281 74 21 0 -1
282 15 31 0 -1
283 85 13 1 0
284 7 5 -1 0
285 36 38 -1 0
286 4 34 0 -1
287 2 11 1 0
288 58 29 -1 0
289 8 39 -1 0
290 26 32 0 1
291 13 0 1 0
292 28 36 -1 0
293 46 15 0 1
294 29 16 0 -1
295 60 7 -1 0
296 37 18 0 1
297 88 13 0 1
298 97 1 0 -1
299 6 7 0 -1
300 20 17 1 0
301 89 19 0 1
302 85 21 0 1
303 25 34 0 -1
304 4 18 0 -1
305 16 35 -1 0
306 14 29 1 0
307 43 7 1 0
308 46 26 -1 0
309 61 38 0 -1
310 87 39 -1 0
311 13 24 -1 0
312 84 25 0 -1
313 8 12 -1 0
314 18 28 1 0
315 41 9 0 1
316 20 32 -1 0
317 5 0 0 -1
318 21 34 1 0
319 25 10 -1 0
320 37 1 1 0
321 72 2 -1 0
322 19 1 0 -1
323 87 0 -1 0
324 17 5 0 1
325 23 9 0 1
326 47 34 0 1
327 51 32 1 0
328 0 6 0 1
329 0 37 0 -1
330 40 36 -1 0
331 93 39 0 -1
332 0 10 0 1
333 99 6 0 1
334 6 23 0 -1
335 24 22 1 0
336 67 36 0 -1
337 52 33 -1 0
338 10 22 0 1
339 76 12 0 1
340 95 31 0 -1
341 48 39 1 0
342 8 33 0 -1
343 81 0 0 -1
344 23 37 1 0
345 14 27 1 0
346 7 31 1 0
347 80 7 0 1
348 36 5 -1 0
349 23 2 1 0
350 46 22 -1 0
351 47 6 -1 0
352 43 38 1 0
353 95 17 0 -1
354 44 38 0 1
355 31 12 0 1
356 70 19 1 0
357 20 23 1 0
358 89 33 0 -1
359 22 19 1 0
360 18 32 0 -1
361 28 39 0 1
362 1 21 1 0
363 20 19 1 0
364 39 25 -1 0
365 28 15 1 0
366 85 9 -1 0
367 16 18 0 1
368 21 18 -1 0
369 46 27 -1 0
370 96 30 1 0
371 21 23 0 -1
372 1 20 0 -1
373 19 32 0 1
374 43 20 -1 0
375 56 10 -1 0
376 19 31 0 1
377 18 20 -1 0
378 8 13 -1 0
379 98 22 0 -1
380 99 17 -1 0
381 21 28 1 0
382 48 25 0 -1
383 66 39 -1 0
384 48 27 0 -1
385 29 18 1 0
386 55 4 1 0
387 63 15 0 1
388 13 29 1 0
389 30 0 0 -1
390 43 12 -1 0
391 40 4 0 1
392 99 14 0 -1
393 49 26 0 1
394 14 1 -1 0
395 49 26 0 1
396 97 31 -1 0
397 27 13 0 -1
398 38 16 1 0
399 54 27 -1 0
400 37 15 1 0
401 96 28 0 1
402 4 1 1 0
403 4 21 1 0
404 27 9 0 -1
405 79 38 0 -1
406 41 23 -1 0
407 65 28 0 1
408 24 28 0 -1
409 93 3 -1 0
410 31 38 0 1
411 17 31 0 1
412 7 16 -1 0
413 45 10 0 -1
414 0 20 1 0
415 85 35 1 0
416 25 11 1 0
417 15 20 0 1
418 81 38 0 -1
419 91 30 -1 0
420 88 35 0 1
421 29 15 0 1
422 5 14 1 0
423 58 5 0 -1
424 16 5 1 0
425 41 7 1 0
426 35 13 0 -1
427 45 37 0 -1
428 26 37 0 -1
429 35 10 1 0
430 44 37 1 0
431 5 20 -1 0
432 65 24 0 1
433 25 13 0 1
434 28 38 1 0
435 16 39 1 0
436 90 35 -1 0
437 15 30 0 1
438 23 33 1 0
439 24 38 -1 0
440 96 21 0 1
441 5 15 0 1
442 25 17 0 -1
443 97 7 0 1
444 44 3 0 1
445 28 5 1 0
446 20 22 0 -1
447 93 27 0 -1
448 47 27 0 1
449 51 2 -1 0
450 80 39 1 0
451 90 0 1 0
452 36 20 -1 0
453 20 24 1 0
454 24 2 0 1
455 14 38 -1 0
456 38 13 -1 0
457 44 20 -1 0
458 44 31 -1 0
459 40 23 -1 0
460 19 27 0 -1
461 41 10 0 1
462 60 13 0 1
463 29 1 0 -1
464 13 24 1 0
465 22 11 1 0
466 6 21 0 -1
467 30 37 0 1
468 40 20 0 1
469 41 39 -1 0
470 26 3 -1 0
471 69 33 -1 0
472 61 18 0 -1
473 76 9 -1 0
474 71 11 0 -1
475 44 14 0 -1
476 79 28 0 -1
477 26 15 0 1
478 39 2 0 -1
479 10 26 -1 0
480 48 5 0 -1
481 47 17 -1 0
482 3 18 0 1
483 23 22 0 -1
484 7 22 1 0
485 22 20 0 1
486 11 39 0 -1
487 94 8 -1 0
488 40 2 -1 0
489 23 26 0 1
490 72 35 0 1
491 27 33 0 1
492 31 7 0 -1
493 11 25 0 1
494 5 29 1 0
495 92 7 1 0
496 24 14 0 1
497 4 12 0 -1
498 48 5 0 1
499 47 39 -1 0
500 55 5 -1 0
501 13 28 0 1
502 46 31 1 0
503 38 29 -1 0
504 42 36 -1 0
505 41 5 -1 0
506 47 1 0 1
507 31 11 0 -1
508 35 22 0 1
509 50 25 1 0
510 44 35 0 -1
511 11 26 1 0
512 77 11 0 -1
513 44 36 -1 0
514 19 31 0 1
515 15 10 0 1
516 24 36 1 0
517 22 10 0 1
518 44 23 -1 0
519 44 36 1 0
520 20 16 1 0
521 27 4 0 1
522 8 4 0 -1
523 73 1 0 1
524 93 2 -1 0
525 28 16 0 -1
526 0 18 0 1
527 61 36 -1 0
528 6 9 0 1
529 38 12 0 -1
530 80 35 0 -1
531 83 16 0 1
532 84 32 0 -1
533 0 28 -1 0
534 27 2 1 0
535 41 24 0 1
536 92 36 0 1
537 44 20 -1 0
538 62 21 0 1
539 83 5 -1 0
540 22 8 1 0
541 30 39 -1 0
542 11 38 0 1
543 72 11 1 0
544 15 17 1 0
545 99 39 -1 0
546 25 4 1 0
547 30 9 -1 0
548 1 7 0 1
549 28 31 1 0
550 17 6 0 -1
551 58 11 0 1
552 7 7 -1 0
553 92 13 0 -1
554 39 34 -1 0
555 70 33 -1 0
556 26 30 0 1
557 35 38 1 0
558 23 23 0 -1
559 22 38 0 1
560 16 28 0 1
561 82 33 -1 0
562 19 32 0 1
563 29 9 1 0
564 39 26 0 -1
565 8 39 0 -1
566 16 18 -1 0
567 40 12 1 0
568 26 7 0 1
569 52 8 0 -1
570 28 13 0 1
571 97 11 0 -1
572 98 33 -1 0
573 7 31 1 0
574 36 35 -1 0
575 7 35 0 1
576 25 30 1 0
577 43 2 -1 0
578 99 32 1 0
579 44 7 1 0
580 38 36 0 -1
581 23 38 1 0
582 16 37 0 -1
583 43 1 0 1
584 19 24 0 -1
585 15 19 1 0
586 27 1 -1 0
587 89 11 -1 0
588 17 38 0 1
589 10 1 -1 0
590 20 38 1 0
591 41 37 -1 0
592 24 17 1 0
593 21 0 -1 0
594 15 39 -1 0
595 94 17 0 -1
596 59 36 -1 0
597 45 33 0 1
598 9 4 0 -1
599 28 37 1 0
600 23 38 1 0
601 16 19 1 0
602 78 38 0 -1
603 62 12 1 0
604 37 0 1 0
605 76 4 0 -1
606 2 6 1 0
607 20 22 1 0
608 29 31 0 1
609 35 11 0 -1
610 43 32 1 0
611 7 25 -1 0
612 36 32 0 1
613 89 38 -1 0
614 39 19 1 0
615 37 20 1 0
616 41 24 -1 0
617 78 9 -1 0
618 44 0 -1 0
619 51 8 1 0
620 88 39 -1 0
621 48 13 1 0
622 41 25 0 1
623 39 35 -1 0
624 22 10 1 0
625 16 39 0 1
626 30 35 0 1
627 31 7 1 0
628 40 38 0 1
629 79 13 1 0
630 39 5 1 0
631 94 17 0 1
632 42 34 0 -1
633 13 5 0 -1
634 19 22 -1 0
635 99 37 0 1
636 2 2 -1 0
637 92 15 0 -1
638 15 19 0 1
639 28 36 0 -1
640 46 28 -1 0
641 27 5 0 -1
642 13 16 0 1
643 19 38 0 1
644 20 39 0 1
645 37 9 -1 0
646 79 22 1 0
647 61 2 0 1
648 28 8 -1 0
649 50 10 -1 0
650 25 15 0 -1
651 30 37 0 1
652 71 11 0 -1
653 45 22 -1 0
654 40 30 -1 0
655 38 36 1 0
656 30 18 0 -1
657 83 13 0 -1
658 79 6 1 0
659 23 31 -1 0
660 53 33 -1 0
661 63 15 1 0
662 42 3 0 -1
663 57 12 1 0
664 93 36 0 -1
665 28 11 0 1
666 37 9 1 0
667 66 6 -1 0
668 10 39 -1 0
669 41 28 0 1
670 49 25 0 1
671 85 2 -1 0
672 30 26 0 1
673 38 19 0 -1
674 90 38 -1 0
675 87 28 1 0
676 25 6 -1 0
677 89 33 -1 0
678 19 26 -1 0
679 16 4 0 -1
680 47 12 1 0
681 37 8 -1 0
682 0 2 0 -1
683 30 12 0 1
684 71 20 0 -1
685 25 21 1 0
686 38 3 0 1
687 35 35 0 -1
688 2 9 -1 0
689 6 25 -1 0
690 48 13 0 1
691 94 6 1 0
692 38 27 0 -1
693 83 18 -1 0
694 10 23 -1 0
695 15 20 0 1
696 31 30 -1 0
697 19 8 0 -1
698 25 8 0 -1
699 41 3 0 -1
700 43 32 0 -1
701 18 29 1 0
702 2 23 0 -1
703 19 33 1 0
704 38 28 -1 0
705 7 9 -1 0
706 43 30 0 1
707 23 30 0 -1
708 38 13 0 -1
709 82 20 -1 0
710 92 32 1 0
711 28 32 -1 0
712 43 2 -1 0
713 25 4 0 -1
714 26 37 -1 0
715 30 9 0 1
716 30 28 0 -1
717 38 2 0 1
718 30 10 -1 0
719 52 31 0 -1
720 80 28 0 -1
721 14 20 1 0
722 39 1 -1 0
723 98 26 -1 0
724 17 0 1 0
725 98 2 1 0
726 23 31 -1 0
727 6 7 0 1
728 84 34 0 -1
729 63 9 0 1
730 15 4 0 1
731 24 7 1 0
732 48 23 1 0
733 48 4 0 1
734 26 2 0 -1
735 17 37 0 -1
736 77 0 1 0
737 88 14 0 -1
738 52 37 1 0
739 98 26 0 1
740 57 31 1 0
741 48 23 -1 0
742 20 17 -1 0
743 47 34 0 1
744 62 37 -1 0
745 60 38 0 1
746 32 4 -1 0
747 97 15 -1 0
748 20 27 0 -1
749 66 34 0 1
750 51 18 -1 0
751 20 25 1 0
752 44 37 -1 0
753 59 27 0 -1
754 29 10 -1 0
755 38 0 0 -1
756 40 36 0 1
757 20 32 0 1
758 8 5 1 0
759 12 35 -1 0
760 8 2 0 -1
761 29 39 -1 0
762 30 34 1 0
763 24 0 0 -1
764 50 20 0 -1
765 92 3 -1 0
766 13 35 0 1
767 49 35 1 0
768 18 29 0 1
769 79 23 1 0
770 52 5 0 -1
771 4 13 0 1
772 20 8 -1 0
773 87 34 0 -1
774 16 1 1 0
775 64 15 -1 0
776 97 8 -1 0
777 18 37 -1 0
778 83 18 0 -1
779 22 18 1 0
780 44 32 0 -1
781 18 22 1 0
782 40 25 0 -1
783 40 10 -1 0
784 81 3 0 -1
785 64 16 0 1
786 48 29 -1 0
787 22 20 0 1
788 12 13 0 1
789 89 1 -1 0
790 42 37 0 1
791 40 35 0 1
792 67 35 -1 0
793 16 19 0 1
794 41 10 -1 0
795 19 21 0 1
796 40 24 0 -1
797 48 26 1 0
798 27 38 -1 0
799 36 20 0 -1
800 12 0 0 -1
801 19 21 -1 0
802 1 12 0 -1
803 46 4 -1 0
804 31 8 1 0
805 7 39 -1 0
806 29 38 0 1
807 45 28 0 1
808 23 22 0 1
809 39 11 1 0
810 30 33 0 -1
811 79 37 0 1
812 97 16 1 0
813 88 32 -1 0
814 15 28 0 -1
815 57 4 1 0
816 54 37 -1 0
817 35 27 1 0
818 40 16 1 0
819 85 35 0 1
820 23 0 1 0
821 22 34 -1 0
822 8 16 0 1
823 27 8 0 1
824 36 33 0 1
825 6 34 0 1
826 42 11 0 -1
827 23 1 1 0
828 89 17 1 0
829 50 24 0 -1
830 48 22 -1 0
831 10 24 0 -1
832 72 17 0 1
833 18 21 -1 0
834 51 36 1 0
835 36 7 0 1
836 26 20 1 0
837 28 21 0 1
838 21 8 1 0
839 59 14 0 1
840 21 11 -1 0
841 54 26 0 1
842 37 38 1 0
843 83 0 0 1
844 19 22 1 0
845 58 13 0 1
846 84 20 0 -1
847 45 11 1 0
848 27 32 1 0
849 46 35 0 1
850 20 4 -1 0
851 48 3 -1 0
852 23 2 -1 0
853 86 9 -1 0
854 44 11 0 1
855 27 29 0 -1
856 58 0 0 -1
857 97 19 0 1
858 17 32 0 -1
859 50 35 0 1
860 39 14 0 -1
861 41 11 -1 0
862 29 10 1 0
863 39 37 0 1
864 62 7 1 0
865 13 25 0 -1
866 37 39 -1 0
867 29 34 1 0
868 47 28 1 0
869 70 1 1 0
870 77 19 1 0
871 40 37 0 -1
872 50 35 0 1
873 28 14 1 0
874 96 26 -1 0
875 19 29 -1 0
876 37 19 0 1
877 21 16 1 0
878 17 36 0 1
879 62 4 -1 0
880 65 39 0 -1
881 23 20 0 -1
882 21 2 0 1
883 55 27 1 0
884 21 38 -1 0
885 36 15 -1 0
886 11 28 1 0
887 4 33 -1 0
888 27 34 -1 0
889 41 2 0 -1
890 6 28 0 -1
891 6 13 1 0
892 1 28 1 0
893 97 22 0 1
894 86 6 1 0
895 43 35 -1 0
896 27 23 0 1
897 46 24 -1 0
898 42 33 1 0
899 35 15 1 0
900 48 9 0 1
901 85 3 0 -1
902 35 39 0 -1
903 60 25 0 -1
904 22 13 1 0
905 30 37 1 0
906 95 0 -1 0
907 26 1 -1 0
908 96 14 -1 0
909 70 7 1 0
910 38 34 0 1
911 29 12 0 -1
912 42 36 0 1
913 9 8 -1 0
914 41 6 0 1
915 26 21 1 0
916 41 7 0 -1
917 23 10 0 -1
918 96 5 0 1
919 17 9 0 -1
920 21 35 1 0
921 42 13 1 0
922 29 24 0 -1
923 87 33 0 1
924 25 37 1 0
925 5 4 0 -1
926 21 38 0 -1
927 70 25 -1 0
928 10 3 0 1
929 39 4 -1 0
930 32 15 0 -1
931 53 20 -1 0
932 20 24 -1 0
933 46 23 0 1
934 84 2 0 1
935 43 30 1 0
936 52 37 1 0
937 25 11 -1 0
938 90 4 0 -1
939 31 5 1 0
940 38 37 0 -1
941 40 22 0 1
942 22 15 1 0
943 64 21 0 -1
944 12 16 1 0
945 20 21 0 -1
946 1 7 0 -1
947 22 22 1 0
948 42 21 -1 0
949 24 32 0 1
950 22 0 1 0
951 26 26 -1 0
952 87 32 0 1
953 17 31 1 0
954 77 22 0 1
955 28 10 1 0
956 20 10 1 0
957 41 37 -1 0
958 31 31 -1 0
959 70 4 -1 0
960 81 9 0 1
961 28 35 -1 0
962 18 30 0 -1
963 74 3 1 0
964 97 21 0 1
965 7 11 0 -1
966 30 14 1 0
967 26 29 0 1
968 97 26 -1 0
969 82 7 0 -1
970 20 2 0 1
971 28 15 0 -1
972 27 34 -1 0
973 5 37 0 -1
974 93 25 0 1
975 20 28 -1 0
976 53 27 0 1
977 23 10 1 0
978 74 29 1 0
979 17 35 0 1
980 83 10 0 1
981 18 21 1 0
982 4 34 -1 0
983 72 1 -1 0
984 84 27 -1 0
985 93 5 0 -1
986 88 34 0 1
987 24 0 1 0
988 75 23 1 0
989 43 36 -1 0
990 29 31 -1 0
991 77 32 0 -1
992 23 14 1 0
993 90 22 -1 0
994 42 1 0 -1
995 2 28 1 0
996 11 32 0 1
997 39 6 -1 0
998 42 18 0 1
999 17 29 0 -1
1000 26 31 0 -1
1001 53 3 0 1
1002 27 6 -1 0
1003 31 11 0 -1
1004 29 34 0 1
1005 43 37 -1 0
1006 15 28 1 0
1007 29 37 1 0
1008 66 2 -1 0
1009 14 28 0 1
1010 48 0 -1 0
1011 20 2 0 -1
1012 23 8 -1 0
1013 56 13 0 1
1014 42 1 0 -1
1015 63 21 1 0
1016 40 9 -1 0
1017 14 28 0 1
1018 39 32 -1 0
1019 84 17 -1 0
1020 53 28 -1 0
1021 75 35 0 1
1022 94 15 0 -1
1023 38 8 1 0
1024 88 7 0 1
1025 22 27 0 1
1026 20 21 0 1
1027 57 3 0 1
1028 57 0 1 0
1029 88 1 -1 0
1030 11 22 0 1
1031 8 30 0 -1
1032 46 32 0 1
1033 30 7 0 1
1034 50 36 -1 0
1035 36 6 1 0
1036 30 27 0 1
1037 38 7 0 1
1038 7 22 1 0
1039 46 30 -1 0
1040 40 1 -1 0
1041 10 18 0 -1
1042 34 28 -1 0
1043 19 18 -1 0
1044 4 36 -1 0
1045 27 33 0 1
1046 23 35 0 1
1047 85 7 0 -1
1048 35 13 0 -1
1049 39 6 -1 0
1050 41 3 0 -1
1051 25 34 0 1
1052 45 3 1 0
1053 91 6 0 -1
1054 11 26 1 0
1055 18 26 0 1
1056 39 22 -1 0
1057 21 34 0 1
1058 45 15 1 0
1059 42 31 1 0
1060 92 35 1 0
1061 28 10 -1 0
1062 5 8 -1 0
1063 27 35 1 0
1064 15 5 0 -1
1065 15 11 1 0
1066 47 33 0 1
1067 25 35 0 1
1068 29 30 0 1
1069 37 21 1 0
1070 44 11 -1 0
1071 24 24 1 0
1072 67 8 0 -1
1073 53 36 0 1
1074 92 39 0 -1
1075 94 39 0 -1
1076 40 22 -1 0
1077 40 28 1 0
1078 80 2 1 0
1079 30 9 1 0
1080 8 26 0 1
1081 63 35 0 1
1082 78 0 0 -1
1083 53 5 1 0
1084 83 34 1 0
1085 31 6 -1 0
1086 18 21 0 -1
1087 65 3 0 1
1088 72 2 0 1
1089 70 15 1 0
1090 45 37 0 -1
1091 98 25 0 1
1092 51 25 1 0
1093 23 2 -1 0
1094 52 5 1 0
1095 38 5 1 0
1096 43 22 1 0
1097 40 23 0 -1
1098 86 6 1 0
1099 43 35 0 -1
1100 39 13 0 -1
1101 86 2 1 0
1102 14 9 0 1
1103 40 12 0 1
1104 45 30 0 1
1105 99 36 1 0
1106 87 32 0 1
1107 77 11 -1 0
1108 56 31 1 0
1109 25 28 -1 0
1110 44 1 0 1
1111 41 33 0 1
1112 27 8 0 -1
1113 41 25 0 -1
1114 81 8 -1 0
1115 70 24 -1 0
1116 62 14 1 0
1117 81 24 1 0
1118 73 17 -1 0
1119 23 15 0 1
1120 90 11 0 1
1121 39 10 0 -1
1122 42 20 -1 0
1123 60 0 1 0
1124 72 7 0 1
1125 27 29 0 -1
1126 21 37 0 -1
1127 23 29 -1 0
1128 23 37 0 1
1129 27 16 -1 0
1130 84 13 0 1
1131 42 12 0 -1
1132 36 21 -1 0
1133 27 12 0 1
1134 83 33 0 -1
1135 99 27 0 -1
1136 15 34 0 -1
1137 20 33 -1 0
1138 65 28 0 -1
1139 58 9 0 -1
1140 99 7 1 0
1141 35 4 0 -1
1142 39 31 -1 0
1143 38 39 -1 0
1144 19 30 1 0
1145 81 24 1 0
1146 44 5 0 1
1147 29 28 -1 0
1148 27 35 -1 0
1149 52 24 0 -1
1150 53 13 -1 0
1151 13 34 0 1
1152 21 29 0 -1
1153 24 6 0 1
1154 47 30 0 1
1155 29 14 0 1
1156 61 36 0 1
1157 30 33 -1 0
1158 52 0 0 -1
1159 46 34 -1 0
1160 25 10 -1 0
1161 91 16 -1 0
1162 5 37 1 0
1163 93 8 0 -1
1164 1 1 1 0
1165 45 30 -1 0
1166 28 0 1 0
1167 23 34 1 0
1168 7 9 0 1
1169 3 24 1 0
1170 58 17 -1 0
1171 70 39 0 -1
1172 28 33 1 0
1173 70 32 0 -1
1174 29 33 0 1
1175 16 8 0 1
1176 99 22 0 -1
1177 45 39 0 1
1178 6 38 0 1
1179 46 9 0 1
1180 0 34 1 0
1181 43 2 0 1
1182 99 17 0 1
1183 21 39 -1 0
1184 24 19 0 -1
1185 22 36 1 0
1186 42 21 0 -1
1187 70 4 0 1
1188 27 32 0 1
1189 38 11 -1 0
1190 1 6 -1 0
1191 63 13 0 -1
1192 22 1 -1 0
1193 43 36 0 -1
1194 98 24 0 -1
1195 21 36 1 0
1196 86 31 -1 0
1197 3 16 1 0
1198 45 5 0 -1
1199 41 13 0 1
1200 11 2 -1 0
1201 26 36 -1 0
1202 38 2 0 -1
1203 74 18 1 0
1204 37 7 -1 0
1205 39 36 0 -1
1206 43 24 0 1
1207 24 33 0 -1
1208 40 33 1 0
1209 35 27 -1 0
1210 47 17 -1 0
1211 78 27 0 -1
1212 51 11 0 1
1213 5 5 0 1
1214 71 33 0 -1
1215 20 11 1 0
1216 95 18 1 0
1217 44 39 0 1
1218 50 16 1 0
1219 10 3 1 0
1220 96 15 -1 0
1221 83 11 -1 0
1222 27 15 -1 0
1223 6 2 0 -1
1224 56 15 -1 0
1225 27 37 0 1
1226 46 25 0 1
1227 14 1 1 0
1228 9 39 0 -1
1229 22 11 0 -1
1230 7 15 0 1
1231 89 12 0 -1
1232 60 19 1 0
1233 58 22 1 0
1234 51 0 0 -1
1235 26 39 0 1
1236 38 3 0 1
1237 24 11 1 0
1238 41 18 1 0
1239 43 18 0 1
1240 29 6 0 1
1241 42 29 -1 0
1242 64 20 -1 0
1243 1 20 1 0
1244 15 31 0 -1
1245 32 25 1 0
1246 48 37 -1 0
1247 17 25 -1 0
1248 45 10 -1 0
1249 19 26 -1 0
1250 7 8 0 1
1251 43 3 0 -1
1252 23 13 -1 0
1253 91 3 0 -1
1254 62 19 0 -1
1255 47 39 0 1
1256 0 35 1 0
1257 89 32 0 1
1258 42 33 -1 0
1259 45 16 -1 0
1260 43 23 1 0
1261 51 21 1 0
1262 17 10 0 1
1263 19 22 0 -1
1264 43 15 0 -1
1265 37 31 -1 0
1266 78 4 0 -1
1267 39 33 0 1
1268 36 32 0 1
1269 44 12 0 -1
1270 16 31 0 -1
1271 14 32 -1 0
1272 53 37 -1 0
1273 52 37 1 0
1274 1 38 0 1
1275 11 10 -1 0
1276 2 4 -1 0
1277 47 10 0 -1
1278 81 8 0 -1
1279 24 38 -1 0
1280 24 37 1 0
1281 17 19 1 0
1282 70 7 0 -1
1283 43 22 1 0
1284 19 11 -1 0
1285 22 22 -1 0
1286 83 36 -1 0
1287 4 31 0 1
1288 39 5 0 -1
1289 9 37 -1 0
1290 79 24 -1 0
1291 7 11 1 0
1292 4 37 -1 0
1293 28 38 0 1
1294 3 1 0 1
1295 97 3 0 1
1296 68 14 -1 0
1297 74 13 0 -1
1298 37 39 -1 0
1299 39 15 0 -1
1300 92 19 0 1
1301 24 26 0 -1
1302 62 14 1 0
1303 53 26 0 -1
1304 57 33 -1 0
1305 97 26 -1 0
1306 37 0 1 0
1307 55 30 1 0
1308 47 9 0 1
1309 30 25 -1 0
1310 28 19 -1 0
1311 10 12 0 1
1312 38 18 0 -1
1313 29 39 -1 0
1314 46 17 -1 0
1315 46 27 1 0
1316 21 19 0 -1
1317 31 36 1 0
1318 28 13 -1 0
1319 20 15 1 0
1320 15 30 1 0
1321 19 11 1 0
1322 99 4 0 1
1323 87 26 0 -1
1324 28 2 1 0
1325 15 4 -1 0
1326 2 11 0 -1
1327 42 13 0 -1
1328 68 17 -1 0
1329 20 35 1 0
1330 75 34 -1 0
1331 38 7 1 0
1332 24 16 1 0
1333 6 24 0 1
1334 44 2 -1 0
1335 85 6 0 -1
1336 94 18 1 0
1337 61 3 0 -1
1338 24 4 1 0
1339 66 18 1 0
1340 39 15 -1 0
1341 32 14 -1 0
1342 28 37 0 1
1343 52 13 1 0
1344 90 27 1 0
1345 31 32 -1 0
1346 49 26 0 1
1347 59 36 0 1
1348 43 26 1 0
1349 40 7 0 -1
1350 82 12 0 1
1351 69 37 -1 0
1352 21 23 0 -1
1353 59 2 0 1
1354 22 3 -1 0
1355 4 7 0 -1
1356 10 39 -1 0
1357 28 36 -1 0
1358 32 23 0 -1
1359 85 31 1 0
1360 1 26 0 1
1361 26 30 0 1
1362 25 20 -1 0
1363 96 36 0 -1
1364 3 6 -1 0
1365 19 11 -1 0
1366 45 28 1 0
1367 19 31 0 1
1368 3 2 1 0
1369 81 9 -1 0
1370 97 34 0 1
1371 27 14 1 0
1372 3 25 0 1
1373 72 19 0 1
1374 25 38 1 0
1375 96 35 1 0
1376 39 26 0 -1
1377 4 34 0 -1
1378 83 3 0 -1
1379 97 5 1 0
1380 1 36 0 1
1381 12 28 -1 0
1382 43 31 0 1
1383 51 20 -1 0
1384 72 29 0 -1
1385 86 6 -1 0
1386 53 7 0 1
1387 22 11 1 0
1388 25 3 0 -1
1389 45 21 0 1
1390 24 10 0 1
1391 71 5 0 1
1392 80 2 1 0
1393 63 22 1 0
1394 31 7 1 0
1395 45 8 0 1
1396 46 34 -1 0
1397 40 24 0 -1
1398 23 3 1 0
1399 47 37 0 -1
1400 41 14 -1 0
1401 13 4 0 1
1402 26 19 0 -1
1403 35 10 1 0
1404 6 18 1 0
1405 41 38 0 -1
1406 40 11 0 1
1407 80 29 1 0
1408 17 37 0 1
1409 8 4 0 -1
1410 78 19 0 1
1411 27 13 -1 0
1412 8 11 1 0
1413 16 10 0 -1
1414 88 14 1 0
1415 77 4 -1 0
1416 81 28 0 1
1417 54 39 0 1
1418 24 21 -1 0
1419 46 9 0 1
1420 38 37 0 1
1421 25 16 0 -1
1422 72 22 0 -1
1423 20 20 0 1
1424 46 6 0 1
1425 0 15 -1 0
1426 36 17 -1 0
1427 57 9 -1 0
1428 97 10 1 0
1429 52 38 0 -1
1430 20 38 0 -1
1431 20 5 1 0
1432 43 10 0 -1
1433 42 4 0 -1
1434 49 30 0 1
1435 14 10 0 1
1436 7 15 0 1
1437 25 26 0 1
1438 45 34 -1 0
1439 45 4 -1 0
1440 82 36 0 1
1441 39 4 0 1
1442 0 9 0 1
1443 29 33 1 0
1444 17 32 0 -1
1445 50 11 0 1
1446 48 22 -1 0
1447 32 31 0 1
1448 27 23 1 0
1449 48 39 -1 0
1450 4 23 0 -1
1451 74 14 0 -1
1452 25 36 0 -1
1453 83 38 0 -1
1454 83 9 0 1
1455 47 4 0 1
1456 52 3 0 -1
1457 59 38 0 -1
1458 97 8 -1 0
1459 24 31 -1 0
1460 54 17 1 0
1461 77 6 1 0
1462 20 5 -1 0
1463 58 36 0 -1
1464 48 4 1 0
1465 99 9 0 1
1466 11 23 0 1
1467 40 3 0 1
1468 29 31 -1 0
1469 45 2 -1 0
1470 64 21 0 1
1471 63 15 1 0
1472 82 23 0 -1
1473 21 21 0 1
1474 22 12 1 0
1475 49 28 1 0
1476 39 34 1 0
1477 9 18 -1 0
1478 36 38 0 -1
1479 42 0 0 1
1480 28 31 -1 0
1481 39 18 -1 0
1482 20 1 0 -1
1483 31 23 0 -1
1484 44 35 0 -1
1485 24 11 1 0
1486 59 21 0 1
1487 36 29 0 1
1488 15 22 1 0
1489 41 1 -1 0
1490 24 22 -1 0
1491 97 10 -1 0
1492 29 38 0 1
1493 22 1 1 0
1494 14 17 0 1
1495 67 38 0 -1
1496 8 27 -1 0
1497 43 35 1 0
1498 22 27 0 1
1499 38 39 0 -1
1500 7 0 0 1
1501 10 34 0 1
1502 26 35 0 -1
1503 47 27 0 -1
1504 53 13 0 -1
1505 43 25 0 1
1506 28 0 0 -1
1507 37 32 0 -1
1508 4 0 1 0
1509 45 37 0 -1
1510 36 6 0 1
1511 35 32 0 1
1512 0 7 1 0
1513 54 32 -1 0
1514 28 10 0 -1
1515 4 4 -1 0
1516 21 17 -1 0
1517 38 19 0 1
1518 19 26 0 -1
1519 31 12 0 1
1520 14 37 -1 0
1521 46 5 0 1
1522 68 33 0 -1
1523 37 27 -1 0
1524 30 39 -1 0
1525 88 31 0 1
1526 66 25 0 1
1527 12 33 0 1
1528 22 30 0 -1
1529 69 37 0 1
1530 89 10 1 0
1531 40 2 0 1
1532 24 37 0 -1
1533 3 39 1 0
1534 30 36 1 0
1535 35 21 1 0
1536 80 20 1 0
1537 85 7 1 0
1538 47 38 0 1
1539 51 28 0 1
1540 87 27 -1 0
1541 45 0 -1 0
1542 20 25 -1 0
1543 28 18 0 1
1544 31 8 -1 0
1545 65 28 -1 0
1546 15 34 0 -1
1547 80 1 0 -1
1548 12 26 0 -1
1549 94 30 0 -1
1550 11 19 -1 0
1551 79 16 0 -1
1552 1 28 0 -1
1553 51 32 0 -1
1554 81 7 0 -1
1555 71 4 -1 0
1556 35 25 -1 0
1557 93 35 -1 0
1558 91 2 0 1
1559 52 26 0 1
1560 90 21 -1 0
1561 32 17 1 0
1562 31 37 0 1
1563 4 4 0 1
1564 43 34 -1 0
1565 99 26 0 -1
1566 9 0 0 -1
1567 47 23 0 -1
1568 20 23 0 1
1569 11 20 0 1
1570 82 28 -1 0
1571 36 15 -1 0
1572 38 1 0 -1
1573 19 28 0 1
1574 21 9 0 -1
1575 44 3 0 -1
1576 30 19 0 -1
1577 52 6 1 0
1578 63 19 0 -1
1579 89 32 0 1
1580 12 27 0 1
1581 38 4 -1 0
1582 34 13 0 -1
1583 43 34 0 1
1584 58 18 1 0
1585 27 12 1 0
1586 7 7 0 1
1587 57 19 0 1
1588 8 38 1 0
1589 43 37 0 -1
1590 89 24 0 -1
1591 31 0 0 1
1592 96 19 1 0
1593 27 7 1 0
1594 42 25 -1 0
1595 37 17 1 0
1596 43 36 0 1
1597 45 35 0 1
1598 54 39 0 -1
1599 15 21 0 -1
1600 28 12 0 1
1601 26 38 0 1
1602 42 10 -1 0
1603 5 13 -1 0
1604 28 23 1 0
1605 61 29 -1 0
1606 10 37 0 1
1607 30 15 -1 0
1608 52 5 -1 0
1609 71 9 0 1
1610 57 14 1 0
1611 75 24 -1 0
1612 98 22 0 -1
1613 44 31 0 1
1614 39 1 -1 0
1615 60 36 1 0
1616 25 18 0 1
1617 87 18 1 0
1618 64 4 1 0
1619 77 14 0 1
1620 12 30 0 1
1621 44 33 0 -1
1622 98 0 1 0
1623 86 1 0 -1
1624 41 35 1 0
1625 11 4 -1 0
1626 51 21 -1 0
1627 30 13 0 -1
1628 37 36 0 -1
1629 82 10 1 0
1630 17 33 0 -1
1631 14 26 0 1
1632 73 34 1 0
1633 29 39 1 0
1634 97 24 -1 0
1635 90 28 0 1
1636 1 5 -1 0
1637 93 33 0 1
1638 4 18 1 0
1639 45 3 -1 0
1640 5 22 0 -1
1641 39 28 0 -1
1642 70 37 1 0
1643 36 11 -1 0
1644 72 24 1 0
1645 45 36 0 -1
1646 21 23 0 -1
1647 17 21 0 1
1648 53 38 0 1
1649 35 24 0 -1
1650 27 39 -1 0
1651 20 18 1 0
1652 24 24 1 0
1653 15 4 0 -1
1654 82 26 0 1
1655 31 9 0 -1
1656 41 8 0 -1
1657 19 36 0 -1
1658 41 26 0 -1
1659 37 24 -1 0
1660 86 10 -1 0
1661 40 26 0 -1
1662 27 32 0 1
1663 91 10 -1 0
1664 30 17 1 0
1665 45 20 -1 0
1666 70 31 0 -1
1667 49 18 1 0
1668 64 16 0 -1
1669 31 32 -1 0
1670 37 2 1 0
1671 46 6 0 -1
1672 26 35 1 0
1673 35 31 0 -1
1674 20 35 1 0
1675 21 11 0 -1
1676 90 17 -1 0
1677 14 38 1 0
1678 27 19 0 -1
1679 40 3 0 -1
1680 40 1 -1 0
1681 37 23 -1 0
1682 25 7 1 0
1683 55 20 1 0
1684 23 21 -1 0
1685 64 25 0 -1
1686 40 19 0 1
1687 22 12 -1 0
1688 26 10 -1 0
1689 57 32 0 1
1690 76 21 -1 0
1691 99 18 1 0
1692 40 23 1 0
1693 51 24 0 -1
1694 42 10 -1 0
1695 46 35 -1 0
1696 23 23 0 1
1697 59 22 1 0
1698 91 15 1 0
1699 69 8 -1 0
1700 54 32 -1 0
1701 56 39 -1 0
1702 4 15 0 -1
1703 51 33 0 1
1704 37 20 -1 0
1705 68 36 0 -1
1706 15 28 0 -1
1707 44 28 -1 0
1708 21 24 0 -1
1709 51 38 -1 0
1710 3 37 1 0
1711 25 12 0 -1
1712 47 13 0 1
1713 29 15 -1 0
1714 14 8 1 0
1715 85 35 1 0
1716 16 39 0 -1
1717 41 3 0 -1
1718 45 3 0 -1
1719 24 33 0 1
1720 64 20 0 1
1721 67 12 0 1
1722 11 14 1 0
1723 2 15 -1 0
1724 29 11 0 -1
1725 14 37 0 1
1726 60 36 1 0
1727 94 4 0 -1
1728 74 25 0 1
1729 27 2 -1 0
1730 29 25 0 -1
1731 42 27 -1 0
1732 2 10 -1 0
1733 55 10 1 0
1734 78 7 1 0
1735 60 36 0 -1
1736 96 14 0 1
1737 83 34 0 1
1738 77 0 0 -1
1739 68 17 0 -1
1740 22 29 -1 0
1741 24 10 -1 0
1742 47 33 0 -1
1743 85 10 -1 0
1744 9 38 1 0
1745 24 26 0 -1
1746 38 35 0 1
1747 18 7 1 0
1748 2 11 -1 0
1749 26 3 1 0
1750 56 1 0 -1
1751 20 38 1 0
1752 26 13 0 -1
1753 90 30 0 1
1754 49 1 1 0
1755 69 4 -1 0
1756 79 37 0 -1
1757 21 20 0 -1
1758 48 17 -1 0
1759 68 23 -1 0
1760 13 28 1 0
1761 98 15 0 -1
1762 45 36 1 0
1763 75 8 -1 0
1764 71 22 0 -1
1765 97 7 0 1
1766 23 25 0 1
1767 14 15 -1 0
1768 84 14 1 0
1769 61 33 -1 0
1770 30 33 0 -1
1771 98 21 0 -1
1772 20 34 1 0
1773 36 25 1 0
1774 13 32 1 0
1775 50 23 -1 0
1776 51 8 1 0
1777 42 27 1 0
1778 59 24 0 1
1779 21 5 -1 0
1780 14 32 0 -1
1781 57 0 0 1
1782 22 25 -1 0
1783 21 36 1 0
1784 25 27 0 1
1785 4 14 0 1
1786 60 28 1 0
1787 14 26 0 1
1788 28 20 0 1
1789 8 25 -1 0
1790 38 32 -1 0
1791 29 3 1 0
1792 14 16 1 0
1793 19 13 1 0
1794 67 12 0 1
1795 52 10 -1 0
1796 55 28 1 0
1797 46 31 -1 0
1798 45 2 -1 0
1799 4 39 1 0
1800 27 4 0 -1
1801 43 27 1 0
1802 94 37 0 -1
1803 74 22 1 0
1804 2 16 -1 0
1805 17 31 -1 0
1806 19 17 0 -1
1807 6 32 -1 0
1808 51 9 0 -1
1809 43 11 0 1
1810 48 36 -1 0
1811 53 18 0 1
1812 25 33 0 1
1813 26 33 0 1
1814 79 37 1 0
1815 40 15 -1 0
1816 10 11 1 0
1817 52 28 0 -1
1818 25 27 -1 0
1819 40 22 -1 0
1820 56 13 -1 0
1821 37 30 0 1
1822 63 28 0 1
1823 4 39 -1 0
1824 54 19 0 1
1825 81 24 0 -1
1826 36 4 -1 0
1827 40 21 0 1
1828 42 25 0 -1
1829 25 15 0 -1
1830 17 39 1 0
1831 40 31 1 0
1832 20 37 1 0
1833 37 10 -1 0
1834 40 35 -1 0
1835 37 7 0 1
1836 40 27 1 0
1837 37 33 -1 0
1838 42 37 1 0
1839 51 26 -1 0
1840 23 10 0 -1
1841 65 9 0 -1
1842 3 35 1 0
1843 42 20 -1 0
1844 17 29 1 0
1845 8 38 0 -1
1846 21 29 0 1
1847 39 5 0 1
1848 43 18 0 1
1849 36 16 0 -1
1850 8 17 -1 0
1851 26 34 0 1
1852 90 29 0 -1
1853 42 1 0 1
1854 83 29 -1 0
1855 48 11 0 -1
1856 42 39 0 -1
1857 75 11 1 0
1858 46 18 -1 0
1859 37 28 1 0
1860 83 4 1 0
1861 58 35 0 -1
1862 13 39 0 -1
1863 58 7 1 0
1864 68 11 -1 0
1865 51 38 1 0
1866 15 15 -1 0
1867 97 19 1 0
1868 38 0 1 0
1869 12 29 1 0
1870 41 13 0 -1
1871 32 11 0 1
1872 55 28 0 -1
1873 22 38 1 0
1874 56 25 -1 0
1875 44 18 0 1
1876 32 7 1 0
1877 43 1 -1 0
1878 58 12 0 1
1879 43 21 0 -1
1880 56 11 -1 0
1881 20 30 -1 0
1882 12 20 0 1
1883 97 1 1 0
1884 24 17 0 1
1885 10 21 1 0
1886 36 16 -1 0
1887 22 23 -1 0
1888 16 20 0 -1
1889 38 19 0 -1
1890 93 13 0 1
1891 36 0 -1 0
1892 70 18 -1 0
1893 36 2 0 1
1894 19 14 0 -1
1895 45 10 -1 0
1896 23 29 0 -1
1897 37 21 1 0
1898 20 9 1 0
1899 69 12 0 -1
1900 20 33 -1 0
1901 41 4 -1 0
1902 4 17 -1 0
1903 39 1 0 1
1904 21 24 0 -1
1905 44 14 -1 0
1906 4 25 0 1
1907 13 15 -1 0
1908 42 3 0 -1
1909 28 26 0 1
1910 19 7 0 -1
1911 28 28 0 1
1912 69 13 -1 0
1913 23 20 1 0
1914 98 11 0 1
1915 54 28 -1 0
1916 51 39 0 -1
1917 40 37 0 1
1918 41 5 0 -1
1919 7 21 -1 0
1920 66 11 0 -1
1921 97 7 1 0
1922 1 30 1 0
1923 22 33 1 0
1924 37 27 1 0
1925 42 23 -1 0
1926 12 29 1 0
1927 16 6 -1 0
1928 39 36 -1 0
1929 27 0 0 -1
1930 41 17 -1 0
1931 52 11 0 -1
1932 53 14 0 -1
1933 83 28 1 0
1934 52 17 -1 0
1935 87 6 -1 0
1936 24 10 0 -1
1937 59 21 1 0
1938 31 39 1 0
1939 23 36 -1 0
1940 31 9 0 1
1941 28 26 0 1
1942 29 35 1 0
1943 37 2 0 -1
1944 29 1 1 0
1945 22 39 0 -1
1946 74 1 -1 0
1947 27 36 1 0
1948 38 4 1 0
1949 26 29 0 1
1950 24 9 0 -1
1951 95 26 0 -1
1952 42 35 0 -1
1953 17 18 1 0
1954 23 39 1 0
1955 45 33 -1 0
1956 30 25 0 1
1957 30 23 0 1
1958 46 4 1 0
1959 25 12 -1 0
1960 96 32 0 1
1961 24 31 1 0
1962 22 33 0 1
1963 35 2 0 1
1964 68 33 0 1
1965 44 17 0 1
1966 19 29 1 0
1967 75 29 0 -1
1968 40 6 -1 0
1969 4 9 1 0
1970 23 39 0 -1
1971 35 3 1 0
1972 38 38 1 0
1973 17 22 0 -1
1974 1 4 0 -1
1975 39 28 0 -1
1976 97 15 0 1
1977 92 2 -1 0
1978 50 5 0 1
1979 98 19 -1 0
1980 47 9 0 -1
1981 64 16 -1 0
1982 76 21 0 1
1983 46 36 -1 0
1984 4 30 0 1
1985 14 23 0 -1
1986 40 6 -1 0
1987 74 23 -1 0
1988 10 9 -1 0
1989 45 24 0 -1
1990 25 39 0 -1
1991 30 4 0 1
1992 97 33 0 -1
1993 42 20 1 0
1994 74 30 0 -1
1995 22 25 0 1
1996 9 17 0 1
1997 41 35 0 1
1998 74 29 -1 0
1999 22 36 1 0
2000 3 5 1 0
2001 30 28 0 1
2002 2 35 0 1
2003 12 22 0 1
2004 14 7 0 1
2005 38 1 1 0
2006 98 23 0 1
2007 15 9 0 -1
2008 20 10 0 -1
2009 46 0 1 0
2010 10 25 0 -1
2011 2 30 -1 0
2012 44 34 -1 0
2013 82 29 1 0
2014 92 9 1 0
2015 27 7 -1 0
2016 24 9 0 1
2017 40 0 1 0
2018 18 5 0 -1
2019 28 17 -1 0
2020 47 39 1 0
2021 96 39 0 1
2022 82 19 -1 0
2023 24 18 0 -1
2024 45 1 0 1
2025 19 32 0 -1
2026 28 37 -1 0
2027 24 17 1 0
2028 19 10 0 -1
2029 87 32 1 0
2030 16 14 -1 0
2031 66 14 0 1
2032 47 8 1 0
2033 14 21 0 -1
2034 88 21 0 -1
2035 31 28 1 0
2036 50 0 0 1
2037 24 36 -1 0
2038 19 34 1 0
2039 24 35 0 1
2040 31 33 -1 0
2041 91 13 -1 0
2042 36 9 0 1
2043 86 38 1 0
2044 47 2 1 0
2045 23 35 0 1
2046 7 39 1 0
2047 89 16 1 0
2048 40 6 0 1
2049 55 30 0 1
2050 41 11 -1 0
2051 40 5 -1 0
2052 17 0 0 -1
2053 61 29 -1 0
2054 12 9 -1 0
2055 23 38 -1 0
2056 10 15 1 0
2057 76 18 -1 0
2058 85 9 0 -1
2059 90 10 0 1
2060 40 30 -1 0
2061 27 25 1 0
2062 41 1 -1 0
2063 56 13 0 1
2064 21 6 1 0
2065 88 38 0 -1
2066 35 38 1 0
2067 31 3 0 -1
2068 46 20 0 -1
2069 96 25 1 0
2070 5 19 0 -1
2071 45 29 0 1
2072 40 39 0 1
2073 13 10 0 -1
2074 88 32 0 1
2075 50 1 0 1
2076 2 23 0 1
2077 36 33 0 1
2078 30 2 1 0
2079 26 39 0 -1
2080 93 27 1 0
2081 99 22 0 1
2082 53 12 1 0
2083 2 9 0 1
2084 39 2 -1 0
2085 50 24 0 -1
2086 3 15 1 0
2087 42 6 -1 0
2088 21 19 1 0
2089 98 27 -1 0
2090 13 34 1 0
2091 50 16 0 1
2092 26 12 -1 0
2093 98 5 -1 0
2094 51 26 0 1
2095 20 3 -1 0
2096 54 29 -1 0
2097 12 30 0 -1
2098 45 19 1 0
2099 37 18 0 1
2100 26 14 -1 0
2101 26 20 0 -1
2102 95 15 0 -1
2103 2 33 1 0
2104 28 21 0 -1
2105 77 29 0 -1
2106 40 2 0 1
2107 61 1 0 1
2108 21 19 1 0
2109 39 7 0 -1
2110 9 8 1 0
2111 50 24 0 -1
2112 9 36 1 0
2113 38 35 1 0
2114 15 26 0 -1
2115 6 27 1 0
2116 6 17 1 0
2117 52 11 -1 0
2118 71 22 0 -1
2119 16 33 -1 0
2120 51 33 1 0
2121 47 5 0 1
2122 37 5 0 1
2123 22 6 1 0
2124 6 9 0 1
2125 3 10 0 -1
2126 70 1 1 0
2127 24 36 0 -1
2128 53 6 -1 0
2129 42 38 0 -1
2130 37 8 -1 0
2131 23 33 0 -1
2132 52 8 -1 0
2133 0 6 0 -1
2134 39 8 0 -1
2135 99 8 0 -1
2136 28 35 1 0
2137 7 35 1 0
2138 17 30 1 0
2139 90 25 0 1
2140 39 12 -1 0
2141 35 32 -1 0
2142 7 5 1 0
2143 5 21 1 0
2144 24 23 -1 0
2145 26 38 1 0
2146 58 34 0 1
2147 10 27 -1 0
2148 36 15 -1 0
2149 79 25 -1 0
2150 13 15 0 1
2151 86 15 0 -1
2152 1 25 0 -1
2153 92 30 1 0
2154 22 7 0 -1
2155 98 12 1 0
2156 59 38 1 0
2157 78 17 0 -1
2158 24 7 0 1
2159 42 36 0 1
2160 48 0 1 0
2161 18 37 0 -1
2162 99 15 -1 0
2163 92 22 -1 0
2164 37 32 -1 0
2165 72 6 0 1
2166 60 20 1 0
2167 10 37 -1 0
2168 40 32 1 0
2169 39 32 0 1
2170 19 20 0 1
2171 59 20 0 1
2172 41 19 0 1
2173 40 0 -1 0
2174 40 33 -1 0
2175 40 0 -1 0
2176 9 20 0 -1
2177 29 16 -1 0
2178 26 14 0 -1
2179 19 38 -1 0
2180 90 35 0 1
2181 26 34 1 0
2182 74 32 1 0
2183 72 33 0 -1
2184 64 26 1 0
2185 31 8 0 -1
2186 48 7 -1 0
2187 96 33 1 0
2188 86 28 0 -1
2189 18 18 -1 0
2190 85 12 1 0
2191 31 0 0 -1
2192 6 9 0 1
2193 64 30 0 1
2194 36 37 1 0
2195 82 14 0 -1
2196 21 22 0 1
2197 41 25 1 0
2198 47 24 0 -1
2199 13 11 0 -1
2200 67 33 -1 0
2201 71 19 -1 0
2202 89 29 1 0
2203 52 29 -1 0
2204 57 35 1 0
2205 9 35 1 0
2206 0 8 0 -1
2207 20 34 0 -1
2208 88 5 0 -1
2209 44 8 0 1
2210 29 0 -1 0
2211 43 19 0 -1
2212 30 8 -1 0
2213 67 34 0 1
2214 44 23 1 0
2215 38 30 1 0
2216 40 38 0 -1
2217 89 6 0 -1
2218 37 1 0 -1
2219 30 23 1 0
2220 13 16 1 0
2221 88 7 -1 0
2222 14 19 1 0
2223 31 6 -1 0
2224 39 24 0 -1
2225 22 20 0 -1
2226 23 28 0 1
2227 95 38 0 1
2228 22 29 1 0
2229 29 35 -1 0
2230 4 17 0 1
2231 43 1 0 1
2232 60 39 0 1
2233 45 1 -1 0
2234 98 30 0 -1
2235 31 18 1 0
2236 9 31 1 0
2237 72 6 0 -1
2238 47 4 0 1
2239 63 13 1 0
2240 18 27 0 1
2241 71 25 0 1
2242 31 26 0 1
2243 2 32 0 -1
2244 16 12 0 1
2245 48 28 1 0
2246 97 33 1 0
2247 44 23 -1 0
2248 41 22 0 1
2249 56 30 -1 0
2250 27 39 0 -1
2251 25 13 0 -1
2252 92 30 1 0
2253 25 20 1 0
2254 31 26 0 -1
2255 21 4 0 -1
2256 1 33 1 0
2257 77 32 1 0
2258 37 10 -1 0
2259 15 26 0 -1
2260 68 12 -1 0
2261 54 27 1 0
2262 18 22 1 0
2263 87 5 -1 0
2264 22 2 0 -1
2265 16 5 0 -1
2266 50 19 1 0
2267 81 28 1 0
2268 39 33 0 -1
2269 20 33 -1 0
2270 8 1 0 -1
2271 37 7 0 1
2272 27 36 1 0
2273 9 15 -1 0
2274 82 11 0 -1
2275 41 9 -1 0
2276 38 17 1 0
2277 89 15 0 -1
2278 31 5 -1 0
2279 76 30 0 -1
2280 7 19 0 -1
2281 7 32 1 0
2282 45 18 -1 0
2283 45 13 1 0
2284 96 38 0 1
2285 40 39 0 -1
2286 17 35 -1 0
2287 40 11 0 1
2288 40 4 0 -1
2289 14 18 -1 0
2290 25 35 1 0
2291 2 28 0 -1
2292 29 9 0 1
2293 8 11 -1 0
2294 91 25 -1 0
2295 82 35 1 0
2296 37 4 0 1
2297 85 31 0 -1
2298 28 26 0 1
2299 14 38 0 -1
2300 3 34 -1 0
2301 4 29 1 0
2302 45 6 0 1
2303 21 38 0 -1
2304 41 6 1 0
2305 38 9 0 -1
2306 2 36 -1 0
2307 73 39 0 1
2308 29 29 0 1
2309 25 28 -1 0
2310 17 16 0 -1
2311 66 27 0 -1
2312 65 29 0 -1
2313 0 5 -1 0
2314 7 21 1 0
2315 84 23 1 0
2316 7 24 1 0
2317 19 28 1 0
2318 83 34 0 -1
2319 14 25 1 0
2320 15 36 -1 0
2321 37 27 -1 0
2322 9 10 0 -1
2323 2 18 0 1
2324 80 3 0 -1
2325 97 24 1 0
2326 85 22 1 0
2327 10 3 -1 0
2328 36 19 0 -1
2329 76 11 1 0
2330 39 30 0 -1
2331 8 32 -1 0
2332 42 13 0 1
2333 39 25 0 -1
2334 81 25 0 -1
2335 96 21 -1 0
2336 17 32 -1 0
2337 47 38 0 1
2338 17 15 0 1
2339 92 16 0 1
2340 43 5 0 -1
2341 76 22 0 1
2342 20 8 1 0
2343 43 4 -1 0
2344 25 14 0 -1
2345 36 9 -1 0
2346 37 39 0 1
2347 50 29 0 -1
2348 45 39 -1 0
2349 21 7 0 -1
2350 62 1 1 0
2351 52 27 0 -1
2352 10 23 0 1
2353 93 16 0 -1
2354 40 39 -1 0
2355 29 2 0 -1
2356 16 4 -1 0
2357 39 14 0 1
2358 43 3 -1 0
2359 9 29 -1 0
2360 84 30 0 -1
2361 61 15 -1 0
2362 24 9 0 1
2363 37 22 1 0
2364 76 16 1 0
2365 21 27 1 0
2366 64 10 0 -1
2367 42 18 0 1
2368 52 19 1 0
2369 59 36 1 0
2370 4 8 0 -1
2371 89 32 -1 0
2372 32 7 0 1
2373 92 17 0 -1
2374 60 6 0 1
2375 42 2 1 0
2376 5 31 -1 0
2377 12 4 -1 0
2378 90 33 -1 0
2379 40 35 0 -1
2380 89 11 0 -1
2381 3 22 1 0
2382 1 29 -1 0
2383 84 12 -1 0
2384 25 31 0 -1
2385 63 34 0 1
2386 23 8 -1 0
2387 22 35 1 0
2388 57 26 -1 0
2389 7 28 1 0
2390 28 35 0 -1
2391 51 18 -1 0
2392 87 7 0 -1
2393 41 0 1 0
2394 47 33 1 0
2395 94 0 -1 0
2396 55 22 0 1
2397 86 22 0 1
2398 30 8 0 1
2399 50 1 1 0
2400 24 5 1 0
2401 3 28 -1 0
2402 98 32 1 0
2403 8 31 0 -1
2404 89 10 1 0
2405 99 25 1 0
2406 99 16 1 0
2407 18 0 0 -1
2408 45 22 -1 0
2409 26 32 1 0
2410 23 37 1 0
2411 41 21 0 -1
2412 89 12 0 -1
2413 27 8 -1 0
2414 41 2 0 1
2415 92 39 0 1
2416 25 37 1 0
2417 39 21 0 1
2418 39 7 0 1
2419 39 0 -1 0
2420 97 35 1 0
2421 95 3 0 1
2422 54 26 -1 0
2423 95 33 0 -1
2424 48 31 -1 0
2425 10 14 -1 0
2426 79 3 0 1
2427 0 35 0 1
2428 22 37 0 -1
2429 48 22 1 0
2430 5 30 1 0
2431 22 26 0 1
2432 21 10 1 0
2433 51 3 -1 0
2434 46 29 -1 0
2435 52 36 0 1
2436 39 20 1 0
2437 9 0 0 -1
2438 96 36 0 -1
2439 58 1 0 -1
2440 8 38 -1 0
2441 12 36 -1 0
2442 39 36 0 1
2443 79 5 0 -1
2444 47 22 0 -1
2445 36 10 -1 0
2446 61 18 0 -1
2447 34 3 -1 0
2448 29 16 -1 0
2449 91 36 0 1
2450 23 4 1 0
2451 50 1 1 0
2452 29 6 -1 0
2453 82 21 -1 0
2454 24 35 0 1
2455 42 11 0 -1
2456 57 33 0 1
2457 49 37 -1 0
2458 79 18 -1 0
2459 29 4 0 -1
2460 7 8 1 0
2461 48 7 0 1
2462 49 31 -1 0
2463 26 11 1 0
2464 59 3 1 0
2465 51 8 -1 0
2466 38 36 0 -1
2467 84 12 0 1
2468 52 26 0 1
2469 25 37 0 -1
2470 30 7 1 0
2471 23 18 1 0
2472 30 15 0 -1
2473 49 35 1 0
2474 96 34 -1 0
2475 44 35 1 0
2476 40 15 1 0
2477 76 20 -1 0
2478 18 39 1 0
2479 9 39 1 0
2480 46 1 0 1
2481 32 7 1 0
2482 21 18 0 1
2483 23 26 -1 0
2484 36 8 -1 0
2485 43 31 0 1
2486 13 23 -1 0
2487 11 35 -1 0
2488 30 18 1 0
2489 11 32 1 0
2490 53 20 1 0
2491 24 33 -1 0
2492 39 13 0 1
2493 10 32 0 1
2494 37 1 1 0
2495 10 24 0 1
2496 5 8 0 -1
2497 38 5 1 0
2498 88 31 0 -1
2499 97 5 0 -1
2500 48 5 -1 0
2501 65 14 0 1
2502 98 38 0 -1
2503 28 16 -1 0
2504 22 26 -1 0
2505 40 12 -1 0
2506 40 8 0 -1
2507 32 36 0 1
2508 14 30 -1 0
2509 42 6 -1 0
2510 14 30 1 0
2511 12 11 0 -1
2512 12 32 0 1
2513 20 18 0 1
2514 15 8 -1 0
2515 77 26 -1 0
2516 35 30 0 1
2517 78 33 -1 0
2518 92 18 0 -1
2519 42 34 0 1
2520 24 34 1 0
2521 51 13 1 0
2522 8 25 0 1
2523 45 7 -1 0
2524 47 35 0 -1
2525 19 35 0 -1
2526 48 19 0 1
2527 40 14 0 1
2528 22 18 -1 0
2529 25 25 -1 0
2530 24 20 -1 0
2531 10 23 0 1
2532 81 37 -1 0
2533 24 38 0 -1
2534 99 39 1 0
2535 90 18 -1 0
2536 46 38 1 0
2537 93 38 0 -1
2538 27 7 0 1
2539 41 33 -1 0
2540 85 2 0 1
2541 47 3 1 0
2542 37 11 1 0
2543 64 33 0 1
2544 48 30 0 -1
2545 25 15 1 0
2546 15 20 0 1
2547 25 16 -1 0
2548 17 15 1 0
2549 47 9 1 0
2550 21 18 -1 0
2551 43 37 -1 0
2552 90 12 0 -1
2553 40 24 0 -1
2554 44 22 0 1
2555 13 37 0 -1
2556 42 17 1 0
2557 66 12 1 0
2558 73 21 0 -1
2559 14 34 1 0
2560 6 38 1 0
2561 28 29 1 0
2562 81 34 0 1
2563 40 4 -1 0
2564 50 12 0 -1
2565 24 37 0 -1
2566 1 1 0 1
2567 42 32 0 -1
2568 25 33 0 -1
2569 39 8 0 -1
2570 69 23 -1 0
2571 24 12 0 -1
2572 6 2 0 -1
2573 41 0 0 1
2574 98 33 1 0
2575 7 9 0 -1
2576 29 10 1 0
2577 63 35 0 -1
2578 42 4 0 1
2579 43 0 1 0
2580 44 19 0 -1
2581 28 19 0 1
2582 27 13 1 0
2583 26 18 0 1
2584 47 15 0 1
2585 91 30 -1 0
2586 26 16 1 0
2587 36 14 -1 0
2588 44 21 0 -1
2589 31 25 1 0
2590 36 35 0 1
2591 96 11 0 1
2592 38 23 1 0
2593 5 18 1 0
2594 46 7 0 -1
2595 17 7 0 1
2596 17 35 1 0
2597 8 19 -1 0
2598 21 39 0 -1
2599 68 30 0 -1
2600 51 0 0 1
2601 98 9 -1 0
2602 25 29 -1 0
2603 14 18 -1 0
2604 85 10 1 0
2605 65 8 0 -1
2606 35 37 0 1
2607 45 35 0 1
2608 75 32 0 1
2609 49 22 0 1
2610 38 6 1 0
2611 44 1 -1 0
2612 38 14 -1 0
2613 31 29 1 0
2614 9 18 0 1
2615 0 13 0 -1
2616 43 39 -1 0
2617 30 35 1 0
2618 25 32 1 0
2619 85 20 -1 0
2620 28 2 1 0
2621 41 22 0 -1
2622 74 33 0 -1
2623 36 26 0 -1
2624 28 17 0 -1
2625 29 36 0 -1
2626 41 37 -1 0
2627 94 14 -1 0
2628 24 32 1 0
2629 15 13 0 1
2630 47 2 1 0
2631 15 7 0 1
2632 44 24 0 -1
2633 72 5 -1 0
2634 43 9 -1 0
2635 12 34 1 0
2636 26 37 0 1
2637 22 23 0 1
2638 41 34 1 0
2639 44 1 0 1
2640 57 1 0 1
2641 53 27 -1 0
2642 90 37 0 -1
2643 35 38 -1 0
2644 97 12 0 1
2645 44 4 -1 0
2646 35 36 1 0
2647 80 38 1 0
2648 20 34 -1 0
2649 74 6 1 0
2650 9 0 1 0
2651 3 7 0 1
2652 99 5 -1 0
2653 17 27 0 1
2654 38 17 -1 0
2655 31 28 0 -1
2656 39 25 0 1
2657 24 25 -1 0
2658 14 17 1 0
2659 43 31 1 0
2660 20 11 0 1
2661 90 13 -1 0
2662 39 6 1 0
2663 26 13 -1 0
2664 35 23 -1 0
2665 23 13 1 0
2666 82 5 1 0
2667 23 39 1 0
2668 26 38 1 0
2669 24 29 0 1
2670 10 5 0 -1
2671 45 2 -1 0
2672 81 1 1 0
2673 69 29 1 0
2674 15 0 0 1
2675 26 1 1 0
2676 15 27 -1 0
2677 98 19 -1 0
2678 24 4 0 1
2679 47 19 -1 0
2680 27 0 0 -1
2681 37 12 1 0
2682 97 3 0 1
2683 18 13 0 1
2684 64 18 0 1
2685 54 33 1 0
2686 15 16 1 0
2687 40 5 1 0
2688 6 14 0 -1
2689 79 23 -1 0
2690 94 9 -1 0
2691 36 25 -1 0
2692 13 4 1 0
2693 38 38 1 0
2694 35 4 -1 0
2695 43 13 0 -1
2696 98 8 -1 0
2697 76 14 0 1
2698 19 8 0 -1
2699 2 18 0 1
2700 19 19 0 1
2701 37 24 0 -1
2702 42 9 0 1
2703 67 24 -1 0
2704 17 34 0 1
2705 92 4 0 -1
2706 57 20 -1 0
2707 30 14 1 0
2708 21 11 0 1
2709 39 24 1 0
2710 46 26 0 1
2711 12 28 0 1
2712 44 14 0 -1
2713 14 29 0 -1
2714 22 14 0 1
2715 23 28 1 0
2716 86 39 0 -1
2717 66 16 -1 0
2718 95 35 0 -1
2719 30 18 1 0
2720 40 34 0 1
2721 71 6 0 -1
2722 21 3 0 -1
2723 10 19 0 -1
2724 98 34 1 0
2725 68 1 -1 0
2726 75 25 0 1
2727 38 18 0 1
2728 98 21 0 -1
2729 37 12 -1 0
2730 42 30 0 -1
2731 94 29 1 0
2732 29 17 0 -1
2733 80 5 1 0
2734 98 16 1 0
2735 29 36 1 0
2736 27 39 -1 0
2737 10 31 0 1
2738 41 28 -1 0
2739 20 5 0 1
2740 80 25 -1 0
2741 90 5 1 0
2742 84 11 1 0
2743 78 38 0 -1
2744 39 13 1 0
2745 31 14 0 1
2746 95 8 1 0
2747 5 21 -1 0
2748 37 2 1 0
2749 15 29 0 -1
2750 43 16 -1 0
2751 62 12 0 -1
2752 91 17 0 -1
2753 28 0 -1 0
2754 58 6 0 1
2755 26 30 0 1
2756 41 32 -1 0
2757 29 25 0 -1
2758 62 9 -1 0
2759 24 24 1 0
2760 77 28 1 0
2761 66 15 0 -1
2762 43 21 0 -1
2763 44 19 0 -1
2764 17 4 -1 0
2765 9 20 1 0
2766 78 30 0 -1
2767 27 29 0 -1
2768 99 15 0 -1
2769 21 9 0 1
2770 30 14 0 -1
2771 2 5 0 -1
2772 1 14 -1 0
2773 18 35 0 -1
2774 86 31 1 0
2775 74 4 -1 0
2776 22 1 1 0
2777 37 31 0 1
2778 21 17 -1 0
2779 38 26 1 0
2780 24 27 1 0
2781 10 24 0 -1
2782 88 3 0 -1
2783 8 9 -1 0
2784 14 4 1 0
2785 71 21 -1 0
2786 54 9 -1 0
2787 48 2 0 1
2788 26 31 0 1
2789 46 36 -1 0
2790 43 0 0 1
2791 43 16 -1 0
2792 45 24 -1 0
2793 51 31 0 1
2794 18 27 0 1
2795 4 30 0 1
2796 28 15 1 0
2797 88 2 1 0
2798 6 17 -1 0
2799 28 33 1 0
2800 43 19 0 -1
2801 69 25 0 -1
2802 19 23 1 0
2803 79 10 0 -1
2804 2 16 -1 0
2805 14 16 0 1
2806 19 33 0 1
2807 13 29 -1 0
2808 36 29 1 0
2809 95 37 0 1
2810 22 34 -1 0
2811 7 11 0 -1
2812 69 36 -1 0
2813 3 31 1 0
2814 20 12 1 0
2815 40 21 0 1
2816 18 11 1 0
2817 62 31 1 0
2818 66 30 0 -1
2819 87 20 1 0
2820 44 6 1 0
2821 27 9 -1 0
2822 40 3 -1 0
2823 82 1 0 -1
2824 77 20 0 1
2825 27 5 -1 0
2826 6 13 1 0
2827 15 15 -1 0
2828 44 27 0 -1
2829 26 15 0 -1
2830 49 37 0 -1
2831 43 23 -1 0
2832 15 14 0 1
2833 28 13 0 1
2834 58 35 0 -1
2835 22 5 1 0
2836 51 10 -1 0
2837 4 8 0 1
2838 91 5 0 1
2839 22 3 0 -1
2840 96 15 1 0
2841 37 3 0 -1
2842 76 27 -1 0
2843 40 25 -1 0
2844 34 33 1 0
2845 99 13 0 -1
2846 29 17 1 0
2847 96 33 1 0
2848 23 29 0 -1
2849 91 0 0 1
2850 44 3 0 -1
2851 27 1 0 -1
2852 50 4 1 0
2853 37 21 1 0
2854 25 29 1 0
2855 74 5 0 -1
2856 49 38 0 -1
2857 43 24 -1 0
2858 6 10 1 0
2859 42 38 0 -1
2860 16 37 0 1
2861 32 39 -1 0
2862 23 15 0 -1
2863 25 21 -1 0
2864 42 11 0 -1
2865 1 14 0 -1
2866 63 14 0 1
2867 86 24 1 0
2868 5 19 1 0
2869 86 21 -1 0
2870 52 16 0 -1
2871 41 6 1 0
2872 39 29 0 -1
2873 96 14 -1 0
2874 41 36 1 0
2875 50 11 0 -1
2876 38 2 0 1
2877 43 33 0 -1
2878 63 24 0 1
2879 22 10 1 0
2880 73 13 -1 0
2881 27 26 1 0
2882 98 17 1 0
2883 90 11 0 1
2884 20 6 1 0
2885 89 3 -1 0
2886 30 7 -1 0
2887 86 37 0 1
2888 13 11 0 -1
2889 26 19 0 -1
2890 22 15 0 1
2891 73 19 0 -1
2892 39 29 1 0
2893 64 19 -1 0
2894 50 16 0 -1
2895 70 38 1 0
2896 35 23 0 -1
2897 90 32 -1 0
2898 52 0 1 0
2899 47 32 0 1
2900 21 35 -1 0
2901 18 19 0 1
2902 45 31 1 0
2903 37 6 1 0
2904 25 8 0 1
2905 84 13 1 0
2906 38 20 0 -1
2907 2 27 0 -1
2908 94 19 0 -1
2909 96 28 0 -1
2910 80 12 -1 0
2911 28 32 -1 0
2912 7 17 0 -1
2913 25 12 0 1
2914 98 27 0 -1
2915 23 0 0 1
2916 2 9 0 1
2917 60 19 0 1
2918 28 25 0 1
2919 1 29 0 1
2920 98 25 1 0
2921 49 19 0 1
2922 24 18 0 -1
2923 17 6 -1 0
2924 90 22 1 0
2925 90 35 1 0
2926 22 15 1 0
2927 23 21 0 1
2928 27 38 0 1
2929 14 32 -1 0
2930 40 8 0 1
2931 50 15 0 -1
2932 24 0 -1 0
2933 39 27 0 1
2934 22 36 0 1
2935 13 3 0 -1
2936 40 34 0 1
2937 3 30 1 0
2938 43 24 0 -1
2939 59 12 0 1
2940 46 11 0 -1
2941 17 23 1 0
2942 19 12 1 0
2943 36 17 1 0
2944 38 7 -1 0
2945 38 8 1 0
2946 78 7 1 0
2947 94 0 1 0
2948 51 6 1 0
2949 78 31 0 -1
2950 36 36 0 1
2951 65 27 -1 0
2952 0 18 -1 0
2953 13 16 -1 0
2954 44 29 -1 0
2955 30 2 0 -1
2956 43 26 -1 0
2957 12 6 0 -1
2958 23 17 1 0
2959 28 39 1 0
2960 61 37 0 -1
2961 12 37 1 0
2962 29 19 0 1
2963 37 32 0 -1
2964 43 4 0 -1
2965 98 35 -1 0
2966 41 36 -1 0
2967 25 14 0 1
2968 18 17 0 -1
2969 36 8 -1 0
2970 7 18 0 -1
2971 18 20 1 0
2972 74 6 0 -1
2973 38 10 -1 0
2974 41 12 0 -1
2975 40 36 0 1
2976 23 3 -1 0
2977 37 19 0 1
2978 0 19 0 1
2979 64 23 1 0
2980 18 4 0 -1
2981 44 32 -1 0
2982 70 18 0 1
2983 78 0 0 1
2984 20 16 0 1
2985 99 35 -1 0
2986 4 16 0 -1
2987 25 33 -1 0
2988 40 25 -1 0
2989 65 4 0 -1
2990 29 38 1 0
2991 8 37 0 1
2992 46 33 -1 0
2993 64 13 0 1
2994 87 4 1 0
2995 85 37 -1 0
2996 25 31 0 -1
2997 45 7 -1 0
2998 32 29 0 1
2999 99 30 0 1
3000 71 6 0 1
3001 22 26 -1 0
3002 28 24 0 1
3003 21 17 1 0
3004 8 15 -1 0
3005 62 17 0 -1
3006 51 0 0 1
3007 89 22 1 0
3008 77 32 0 1
3009 16 22 0 -1
3010 10 2 1 0
3011 28 12 0 1
3012 54 10 0 1
3013 91 3 0 1
3014 72 20 -1 0
3015 88 27 -1 0
3016 22 35 0 1
3017 21 37 1 0
3018 13 22 1 0
3019 15 30 -1 0
3020 74 29 0 -1
3021 97 34 -1 0
3022 42 2 0 1
3023 40 37 0 1
3024 97 34 -1 0
3025 19 21 -1 0
3026 88 19 -1 0
3027 26 34 -1 0
3028 94 10 -1 0
3029 62 12 -1 0
3030 42 7 1 0
3031 37 28 0 -1
3032 16 0 0 -1
3033 22 19 -1 0
3034 51 30 1 0
3035 20 39 0 -1
3036 38 5 1 0
3037 6 33 -1 0
3038 8 33 -1 0
3039 90 13 -1 0
3040 13 29 -1 0
3041 35 37 0 1
3042 42 10 0 -1
3043 49 36 0 1
3044 94 10 0 1
3045 89 38 1 0
3046 9 19 0 -1
3047 28 20 1 0
3048 7 36 -1 0
3049 22 4 -1 0
3050 18 23 0 1
3051 18 2 -1 0
3052 88 5 -1 0
3053 43 25 0 1
3054 24 8 0 1
3055 83 38 1 0
3056 14 10 0 -1
3057 81 10 0 -1
3058 65 36 0 -1
3059 41 26 -1 0
3060 98 29 -1 0
3061 21 34 0 -1
3062 22 0 -1 0
3063 21 5 0 -1
3064 20 31 1 0
3065 6 29 1 0
3066 48 36 0 1
3067 37 0 1 0
3068 52 13 -1 0
3069 39 39 0 1
3070 47 8 0 -1
3071 36 3 -1 0
3072 22 28 -1 0
3073 84 12 1 0
3074 9 26 0 1
3075 97 8 0 -1
3076 44 33 0 1
3077 39 39 1 0
3078 64 24 1 0
3079 26 35 -1 0
3080 23 13 1 0
3081 25 31 1 0
3082 36 29 0 -1
3083 92 24 1 0
3084 8 37 -1 0
3085 36 31 0 1
3086 63 11 -1 0
3087 42 15 1 0
3088 43 29 0 1
3089 68 10 0 1
3090 27 33 0 1
3091 15 26 0 1
3092 3 9 0 1
3093 81 25 0 -1
3094 58 34 -1 0
3095 61 30 -1 0
3096 91 36 1 0
3097 42 35 -1 0
3098 42 22 1 0
3099 82 38 -1 0
3100 7 32 0 -1
3101 46 36 -1 0
3102 96 26 0 1
3103 14 28 1 0
3104 41 38 -1 0
3105 39 8 0 -1
3106 6 14 0 1
3107 44 20 0 1
3108 97 9 -1 0
3109 11 35 0 -1
3110 38 21 0 -1
3111 72 15 0 -1
3112 5 34 -1 0
3113 36 4 0 1
3114 44 2 0 1
3115 72 37 0 1
3116 37 22 0 -1
3117 21 21 1 0
3118 40 1 0 -1
3119 93 36 0 -1
3120 74 19 0 1
3121 13 10 1 0
3122 41 1 0 -1
3123 45 35 -1 0
3124 28 11 -1 0
3125 44 21 -1 0
3126 60 15 0 1
3127 9 32 1 0
3128 78 11 0 1
3129 26 32 -1 0
3130 35 30 0 -1
3131 30 30 1 0
3132 45 4 0 -1
3133 83 38 0 1
3134 49 12 0 1
3135 26 11 -1 0
3136 39 30 -1 0
3137 22 2 -1 0
3138 49 10 1 0
3139 30 8 0 -1
3140 54 4 0 -1
3141 53 24 0 -1
3142 98 3 0 -1
3143 51 5 0 1
3144 99 31 0 1
3145 1 6 0 -1
3146 44 18 0 1
3147 74 27 1 0
3148 23 14 0 1
3149 23 12 0 1
3150 43 38 0 -1
3151 80 13 1 0
3152 21 28 1 0
3153 67 7 0 1
3154 55 5 -1 0
3155 28 18 0 1
3156 99 7 1 0
3157 13 8 0 -1
3158 40 7 1 0
3159 79 16 0 1
3160 13 10 -1 0
3161 53 36 0 -1
3162 38 0 0 -1
3163 43 33 1 0
3164 29 27 0 1
3165 20 21 0 1
3166 46 28 0 -1
3167 75 12 0 1
3168 7 35 0 1
3169 97 14 -1 0
3170 23 16 0 -1
3171 17 20 0 -1
3172 53 23 -1 0
3173 37 8 -1 0
3174 23 36 0 -1
3175 26 22 0 -1
3176 10 17 0 1
3177 14 27 -1 0
3178 23 16 0 -1
3179 55 19 1 0
3180 75 21 0 1
3181 92 32 -1 0
3182 8 28 0 1
3183 18 27 -1 0
3184 46 17 -1 0
3185 48 15 0 -1
3186 36 34 -1 0
3187 78 23 1 0
3188 49 27 0 -1
3189 20 32 0 1
3190 43 13 -1 0
3191 23 15 -1 0
3192 65 0 0 1
3193 21 37 1 0
3194 71 0 0 -1
3195 94 18 1 0
3196 19 34 0 1
3197 56 34 1 0
3198 47 36 1 0
3199 13 30 1 0
3200 34 5 0 1
3201 83 24 1 0
3202 49 11 0 1
3203 28 34 1 0
3204 86 36 -1 0
3205 36 32 0 1
3206 12 29 0 1
3207 48 2 -1 0
3208 73 9 -1 0
3209 73 37 1 0
3210 14 13 -1 0
3211 41 4 -1 0
3212 16 37 0 1
3213 11 30 1 0
3214 21 3 1 0
3215 8 24 1 0
3216 28 32 1 0
3217 22 29 1 0
3218 4 21 1 0
3219 27 12 1 0
3220 12 21 1 0
3221 97 17 1 0
3222 27 36 1 0
3223 59 4 0 1
3224 94 25 1 0
3225 79 10 0 -1
3226 92 36 -1 0
3227 60 2 0 1
3228 24 30 1 0
3229 45 20 0 1
3230 94 2 -1 0
3231 22 34 -1 0
3232 19 27 0 -1
3233 29 37 0 1
3234 92 10 1 0
3235 24 39 0 1
3236 47 36 0 1
3237 45 36 1 0
3238 23 24 0 -1
3239 23 36 0 1
3240 45 34 -1 0
3241 98 29 0 1
3242 24 32 -1 0
3243 42 29 1 0
3244 42 35 -1 0
3245 17 30 0 -1
3246 43 32 1 0
3247 22 31 0 -1
3248 46 1 -1 0
3249 18 18 0 -1
3250 36 2 0 1
3251 99 29 1 0
3252 58 25 0 -1
3253 19 35 0 -1
3254 3 23 -1 0
3255 22 6 1 0
3256 40 17 0 1
3257 48 31 0 -1
3258 25 3 -1 0
3259 38 38 0 1
3260 53 38 -1 0
3261 25 36 1 0
3262 95 17 0 -1
3263 78 12 1 0
3264 13 36 0 -1
3265 14 20 1 0
3266 26 33 0 -1
3267 26 31 0 1
3268 18 19 1 0
3269 92 3 0 -1
3270 57 27 0 -1
3271 38 39 0 -1
3272 93 35 0 -1
3273 85 6 -1 0
3274 47 12 1 0
3275 22 35 0 1
3276 6 16 0 1
3277 21 25 1 0
3278 99 2 0 -1
3279 43 6 0 1
3280 22 2 0 1
3281 39 23 0 1
3282 23 3 1 0
3283 98 18 -1 0
3284 44 32 -1 0
3285 18 3 -1 0
3286 19 7 0 1
3287 57 30 -1 0
3288 36 13 1 0
3289 21 22 0 1
3290 26 3 0 1
3291 0 15 -1 0
3292 46 1 -1 0
3293 50 6 1 0
3294 59 30 0 -1
3295 47 25 1 0
3296 79 24 0 -1
3297 94 38 0 -1
3298 37 17 1 0
3299 3 11 1 0
3300 16 38 -1 0
3301 39 3 0 -1
3302 18 26 0 1
3303 3 6 0 -1
3304 62 32 -1 0
3305 18 18 1 0
3306 47 15 0 1
3307 18 29 0 -1
3308 93 8 1 0
3309 39 4 -1 0
3310 1 29 -1 0
3311 46 34 0 1
3312 8 1 0 1
3313 45 32 0 -1
3314 78 21 -1 0
3315 93 3 1 0
3316 36 14 0 -1
3317 65 23 1 0
3318 16 21 1 0
3319 94 22 1 0
3320 7 24 1 0
3321 91 15 -1 0
3322 23 24 0 -1
3323 28 14 -1 0
3324 11 31 1 0
3325 36 38 1 0
3326 15 21 0 1
3327 41 16 0 -1
3328 54 13 1 0
3329 18 28 1 0
3330 24 12 0 -1
3331 90 32 0 -1
3332 80 14 -1 0
3333 65 37 0 1
3334 30 19 -1 0
3335 20 36 -1 0
3336 49 14 0 -1
3337 44 36 1 0
3338 90 30 1 0
3339 41 14 0 -1
3340 95 32 1 0
3341 43 18 0 -1
3342 62 20 -1 0
3343 25 27 1 0
3344 36 37 -1 0
3345 2 4 0 1
3346 41 35 0 1
3347 84 29 -1 0
3348 26 9 1 0
3349 78 14 0 -1
3350 50 18 1 0
3351 26 18 0 -1
3352 22 13 0 1
3353 11 17 0 -1
3354 65 1 0 1
3355 37 36 0 1
3356 94 6 0 -1
3357 74 28 0 -1
3358 41 15 0 1
3359 42 2 1 0
3360 39 7 0 -1
3361 38 22 -1 0
3362 79 17 -1 0
3363 66 10 0 -1
3364 62 6 -1 0
3365 91 1 0 -1
3366 15 5 1 0
3367 12 27 0 1
3368 13 9 0 1
3369 13 7 0 1
3370 23 19 -1 0
3371 7 37 0 1
3372 44 12 0 1
3373 51 23 1 0
3374 37 19 -1 0
3375 99 13 0 -1
3376 88 19 0 -1
3377 25 35 0 1
3378 73 13 1 0
3379 67 29 0 1
3380 24 39 0 -1
3381 60 27 -1 0
3382 93 9 0 1
3383 77 19 -1 0
3384 95 10 0 -1
3385 22 33 0 1
3386 39 12 0 1
3387 89 22 0 -1
3388 40 21 0 1
3389 43 3 -1 0
3390 23 9 1 0
3391 72 24 0 1
3392 1 33 0 1
3393 30 23 1 0
3394 38 29 0 -1
3395 23 27 1 0
3396 20 12 0 1
3397 24 28 -1 0
3398 1 15 0 -1
3399 40 10 1 0
3400 42 34 -1 0
3401 26 25 1 0
3402 98 18 0 -1
3403 94 5 1 0
3404 23 35 0 1
3405 16 36 1 0
3406 78 39 -1 0
3407 37 16 0 1
3408 50 3 0 -1
3409 26 16 0 1
3410 67 0 0 -1
3411 17 7 0 -1
3412 72 15 0 1
3413 19 39 -1 0
3414 21 32 0 -1
3415 35 25 0 -1
3416 9 16 0 -1
3417 43 29 1 0
3418 89 19 0 1
3419 39 33 0 -1
3420 47 36 -1 0
3421 3 36 1 0
3422 43 11 1 0
3423 2 36 -1 0
3424 82 39 1 0
3425 45 30 -1 0
3426 53 36 0 -1
3427 85 1 0 -1
3428 27 6 0 1
3429 41 9 0 1
3430 90 6 -1 0
3431 48 26 0 1
3432 15 24 0 -1
3433 38 26 0 -1
3434 78 24 1 0
3435 43 20 0 1
3436 49 27 1 0
3437 35 9 0 -1
3438 36 22 0 1
3439 30 17 -1 0
3440 42 38 1 0
3441 55 13 1 0
3442 85 33 1 0
3443 54 13 -1 0
3444 17 13 1 0
3445 19 3 0 1
3446 75 23 0 -1
3447 28 34 1 0
3448 78 10 1 0
3449 37 10 0 -1
3450 41 4 -1 0
3451 95 24 1 0
3452 25 38 -1 0
3453 38 16 0 1
3454 54 29 1 0
3455 22 14 0 1
3456 9 38 0 1
3457 40 18 1 0
3458 17 14 0 1
3459 45 17 -1 0
3460 25 36 0 1
3461 44 24 -1 0
3462 46 11 0 -1
3463 6 33 0 1
3464 41 11 -1 0
3465 14 35 0 -1
3466 15 1 1 0
3467 27 38 0 1
3468 48 31 0 1
3469 43 33 -1 0
3470 63 30 -1 0
3471 90 31 0 1
3472 95 10 1 0
3473 91 1 -1 0
3474 40 38 0 1
3475 56 2 0 1
3476 99 29 0 -1
3477 1 32 0 1
3478 51 33 0 1
3479 61 25 0 1
3480 24 11 0 1
3481 44 34 1 0
3482 22 27 -1 0
3483 9 38 0 1
3484 50 4 -1 0
3485 30 4 1 0
3486 48 27 1 0
3487 13 2 0 1
3488 96 20 -1 0
3489 6 19 0 1
3490 78 39 0 -1
3491 27 6 0 -1
3492 29 33 0 1
3493 60 39 -1 0
3494 90 23 0 -1
3495 39 0 0 1
3496 91 37 0 1
3497 46 35 0 -1
3498 98 13 0 -1
3499 40 16 1 0
3500 6 1 0 -1
3501 90 39 0 1
3502 17 6 0 1
3503 55 19 1 0
3504 43 5 0 -1
3505 39 26 -1 0
3506 66 8 0 1
3507 35 27 0 -1
3508 38 17 0 -1
3509 41 30 1 0
3510 70 39 1 0
3511 49 24 0 1
3512 6 2 1 0
3513 6 14 1 0
3514 12 9 0 -1
3515 29 15 0 1
3516 92 1 -1 0
3517 42 27 0 1
3518 41 34 0 1
3519 85 36 -1 0
3520 20 31 -1 0
3521 55 4 0 1
3522 81 12 -1 0
3523 84 24 1 0
3524 46 12 -1 0
3525 72 11 -1 0
3526 13 7 0 1
3527 10 27 0 -1
3528 5 33 0 -1
3529 63 38 0 -1
3530 13 12 0 -1
3531 98 34 0 -1
3532 1 3 1 0
3533 76 0 -1 0
3534 31 6 0 1
3535 38 4 0 -1
3536 97 22 -1 0
3537 60 9 0 1
3538 20 13 0 1
3539 69 7 0 -1
3540 38 35 0 -1
3541 54 24 0 -1
3542 20 25 0 1
3543 47 25 0 1
3544 76 6 0 -1
3545 41 5 -1 0
3546 30 13 0 1
3547 90 10 1 0
3548 62 28 0 -1
3549 90 27 0 -1
3550 41 26 -1 0
3551 23 20 0 1
3552 6 13 -1 0
3553 25 38 1 0
3554 31 10 1 0
3555 43 4 0 -1
3556 6 30 0 1
3557 43 6 0 1
3558 80 7 1 0
3559 96 29 0 1
3560 49 19 0 -1
3561 78 28 -1 0
3562 26 18 1 0
3563 87 21 -1 0
3564 54 14 0 -1
3565 87 11 0 -1
3566 44 33 0 1
3567 2 6 1 0
3568 82 39 0 -1
3569 83 13 1 0
3570 15 7 -1 0
3571 45 32 0 1
3572 22 28 1 0
3573 43 16 -1 0
3574 27 27 -1 0
3575 49 1 -1 0
3576 37 20 0 1
3577 10 21 -1 0
3578 26 33 1 0
3579 2 5 1 0
3580 72 2 0 -1
3581 2 7 0 1
3582 44 29 -1 0
3583 92 18 -1 0
3584 30 3 1 0
3585 39 14 0 -1
3586 13 11 1 0
3587 95 31 0 1
3588 2 6 0 1
3589 73 26 0 1
3590 37 9 0 1
3591 5 31 0 -1
3592 24 34 0 1
3593 11 11 0 -1
3594 47 37 1 0
3595 21 30 1 0
3596 22 30 0 -1
3597 7 33 0 -1
3598 7 13 0 -1
3599 43 26 -1 0
