0 43 4 -1 0
1 19 5 0 1
2 54 22 0 -1
3 89 19 -1 0
4 26 27 -1 0
5 90 28 1 0
6 19 2 0 -1
7 15 4 1 0
8 23 21 -1 0
9 87 18 0 1
10 97 4 0 1
11 87 20 0 -1
12 28 13 -1 0
13 39 0 0 1
14 52 25 0 1
15 54 28 -1 0
16 27 17 -1 0
17 24 5 0 1
18 6 4 0 -1
19 28 10 0 1
20 10 19 0 1
21 44 12 -1 0
22 82 18 -1 0
23 31 39 0 -1
24 58 21 1 0
25 41 7 -1 0
26 50 5 0 1
27 85 34 0 1
28 72 15 -1 0
29 23 19 0 -1
30 94 12 1 0
31 4 14 0 1
32 31 27 -1 0
33 57 10 0 -1
34 0 36 0 -1
35 3 13 1 0
36 46 11 0 -1
37 28 27 -1 0
38 13 29 -1 0
39 93 8 -1 0
40 79 3 0 1
41 98 27 -1 0
42 39 0 0 1
43 72 1 1 0
44 4 31 -1 0
45 19 33 0 -1
46 79 21 0 -1
47 44 34 0 1
48 14 10 -1 0
49 22 35 0 -1
50 63 20 0 1
51 40 11 -1 0
52 37 24 -1 0
53 71 34 0 1
54 66 27 1 0
55 60 8 -1 0
56 40 21 0 -1
57 45 38 -1 0
58 97 26 1 0
59 43 24 0 -1
60 39 14 -1 0
61 40 21 -1 0
62 93 19 1 0
63 80 4 1 0
64 95 16 0 1
65 17 28 1 0
66 85 4 0 1
67 34 32 -1 0
68 82 21 0 1
69 44 38 -1 0
70 91 15 1 0
71 38 1 0 -1
72 26 34 0 1
73 58 9 0 1
74 43 12 1 0
75 40 1 1 0
76 99 4 0 -1
77 39 27 1 0
78 65 26 1 0
79 95 34 0 1
80 44 28 0 1
81 54 28 0 1
82 30 9 -1 0
83 31 5 0 -1
84 86 36 1 0
85 45 25 1 0
86 21 33 1 0
87 8 1 1 0
88 31 35 1 0
89 5 2 -1 0
90 24 20 0 1
91 16 34 0 -1
92 20 39 -1 0
93 48 10 0 1
94 80 34 -1 0
95 44 34 0 -1
96 96 5 0 1
97 49 14 0 1
98 44 19 0 1
99 30 1 1 0
100 7 32 -1 0
101 10 29 1 0
102 29 13 0 1
103 28 23 0 1
104 39 4 -1 0
105 95 1 -1 0
106 26 24 -1 0
107 31 19 0 -1
108 48 17 0 -1
109 16 2 -1 0
110 91 6 0 -1
111 45 25 0 -1
112 28 11 0 1
113 96 25 1 0
114 93 14 0 -1
115 62 5 0 -1
116 21 7 -1 0
117 51 19 -1 0
118 45 27 1 0
119 2 17 1 0
120 91 36 1 0
121 40 16 0 1
122 36 7 -1 0
123 38 32 1 0
124 70 8 1 0
125 45 14 0 -1
126 91 20 0 1
127 94 35 -1 0
128 94 7 -1 0
129 73 8 0 -1
130 36 5 0 1
131 5 36 0 -1
132 0 37 0 -1
133 23 9 0 1
134 6 18 0 1
135 4 32 1 0
136 29 24 -1 0
137 39 34 0 1
138 45 34 1 0
139 11 31 0 -1
140 27 35 0 1
141 87 21 -1 0
142 19 8 -1 0
143 47 2 0 1
144 10 6 -1 0
145 13 37 -1 0
146 22 9 1 0
147 0 13 0 -1
148 13 5 0 -1
149 63 5 0 1
150 26 23 0 1
151 65 9 0 -1
152 20 10 1 0
153 39 19 0 -1
154 25 32 1 0
155 30 18 -1 0
156 0 6 0 -1
157 36 35 0 1
158 60 15 0 -1
159 7 8 1 0
160 13 6 0 1
161 51 27 1 0
162 30 13 0 1
163 40 36 -1 0
164 45 37 0 1
165 29 21 -1 0
166 2 26 -1 0
167 1 2 0 -1
168 92 26 1 0
169 88 4 0 1
170 97 29 0 1
171 42 10 -1 0
172 40 13 -1 0
173 15 9 1 0
174 31 32 0 -1
175 21 18 -1 0
176 42 1 0 -1
177 38 10 0 1
178 13 35 0 -1
179 66 33 1 0
180 42 1 -1 0
181 16 25 0 1
182 79 6 0 -1
183 2 5 0 1
184 82 3 0 -1
185 77 28 1 0
186 23 28 0 1
187 27 12 0 -1
188 27 1 1 0
189 40 37 -1 0
190 21 21 1 0
191 25 7 1 0
192 26 23 1 0
193 49 10 0 1
194 25 30 1 0
195 23 36 0 1
196 49 10 0 1
197 71 2 0 1
198 5 35 0 -1
199 42 4 0 -1
200 46 10 0 1
201 20 9 0 1
202 40 37 0 1
203 26 31 0 -1
204 78 7 0 1
205 96 37 0 -1
206 14 29 -1 0
207 1 6 -1 0
208 27 10 0 -1
209 27 26 0 1
210 50 7 0 -1
211 50 12 0 -1
212 84 27 1 0
213 73 8 1 0
214 69 13 0 1
215 70 9 0 1
216 13 36 0 1
217 77 11 0 -1
218 16 39 1 0
219 2 21 0 -1
220 38 12 1 0
221 28 7 1 0
222 22 23 1 0
223 78 14 0 -1
224 27 26 -1 0
225 10 35 0 1
226 41 14 1 0
227 28 11 0 1
228 54 13 -1 0
229 40 27 0 -1
230 27 32 -1 0
231 28 22 0 1
232 36 31 -1 0
233 56 6 0 1
234 49 30 1 0
235 41 34 0 1
236 46 9 -1 0
237 3 24 -1 0
238 31 24 -1 0
239 6 21 -1 0
240 39 35 -1 0
241 29 12 1 0
242 99 38 0 1
243 3 12 -1 0
244 7 26 0 1
245 59 36 -1 0
246 18 13 0 1
247 10 32 -1 0
248 13 8 -1 0
249 60 0 -1 0
250 81 27 0 1
251 81 13 0 -1
252 47 14 1 0
253 25 13 0 -1
254 20 29 -1 0
255 51 29 0 -1
256 58 21 0 1
257 19 29 0 -1
258 25 26 -1 0
259 47 37 0 -1
260 6 19 1 0
261 11 13 0 -1
262 73 39 1 0
263 54 11 0 -1
264 41 15 0 1
265 11 22 0 -1
266 64 12 -1 0
267 13 18 -1 0
268 48 28 1 0
269 10 20 -1 0
270 45 3 0 1
271 30 13 0 -1
272 78 31 1 0
273 17 3 -1 0
274 25 5 -1 0
275 38 1 0 1
276 14 13 0 -1
277 27 22 0 -1
278 4 39 0 -1
279 39 6 0 -1
280 22 32 1 0
281 9 22 -1 0
282 65 18 1 0
283 18 24 0 -1
284 3 12 0 1
285 17 39 0 -1
286 23 12 1 0
287 30 31 0 1
288 10 25 0 -1
289 28 6 1 0
290 15 26 1 0
291 29 36 -1 0
292 31 22 0 1
293 15 28 -1 0
294 4 27 1 0
295 49 17 1 0
296 89 37 1 0
297 31 24 1 0
298 91 18 1 0
299 63 3 0 1
300 76 38 1 0
301 43 9 0 1
302 43 34 -1 0
303 30 19 -1 0
304 55 38 1 0
305 28 17 0 1
306 21 3 1 0
307 58 39 0 -1
308 80 19 0 1
309 38 24 1 0
310 27 28 1 0
311 25 18 0 1
312 76 19 -1 0
313 39 34 0 1
314 41 32 0 -1
315 95 9 -1 0
316 28 19 0 -1
317 95 28 -1 0
318 30 7 0 -1
319 86 34 0 1
320 27 5 0 -1
321 40 21 1 0
322 47 31 -1 0
323 38 38 1 0
324 67 15 1 0
325 58 13 1 0
326 24 36 0 -1
327 87 25 -1 0
328 42 37 -1 0
329 41 36 0 -1
330 26 4 1 0
331 21 34 0 -1
332 5 14 0 -1
333 89 32 0 1
334 42 39 1 0
335 13 36 -1 0
336 17 22 -1 0
337 49 3 0 -1
338 29 26 1 0
339 39 27 0 1
340 24 31 0 1
341 13 6 0 -1
342 23 8 0 1
343 73 18 0 -1
344 2 21 0 1
345 62 9 0 -1
346 30 29 0 -1
347 31 34 0 -1
348 50 14 0 1
349 10 8 1 0
350 26 12 0 1
351 68 17 1 0
352 26 27 0 -1
353 73 25 -1 0
354 10 37 0 1
355 94 36 0 -1
356 41 24 0 -1
357 27 21 0 1
358 94 7 0 1
359 44 7 1 0
360 22 24 0 1
361 26 19 1 0
362 38 33 0 -1
363 40 17 1 0
364 36 0 1 0
365 27 38 1 0
366 9 17 0 -1
367 55 20 1 0
368 80 4 1 0
369 47 13 -1 0
370 15 20 0 -1
371 53 3 -1 0
372 44 20 -1 0
373 91 7 0 -1
374 92 15 0 -1
375 94 14 1 0
376 77 23 -1 0
377 40 5 0 -1
378 21 33 1 0
379 42 9 0 -1
380 9 34 0 1
381 84 27 0 1
382 74 36 1 0
383 27 18 0 1
384 44 20 -1 0
385 46 10 1 0
386 8 29 1 0
387 38 13 0 -1
388 92 34 0 -1
389 30 39 0 -1
390 84 23 0 1
391 15 37 0 1
392 24 31 -1 0
393 66 20 0 1
394 25 27 1 0
395 69 35 0 1
396 24 16 0 1
397 34 18 -1 0
398 3 36 0 1
399 4 8 0 1
400 14 8 -1 0
401 40 29 -1 0
402 80 30 -1 0
403 17 11 -1 0
404 24 8 0 -1
405 13 18 0 -1
406 39 26 0 -1
407 68 30 0 -1
408 70 31 0 1
409 30 31 1 0
410 63 39 0 1
411 24 38 0 1
412 5 3 1 0
413 80 7 0 1
414 37 22 -1 0
415 38 25 1 0
416 8 33 1 0
417 41 26 0 1
418 32 24 1 0
419 44 18 1 0
420 31 9 -1 0
421 83 31 1 0
422 56 4 1 0
423 87 9 1 0
424 20 25 0 -1
425 25 25 1 0
426 27 27 1 0
427 51 26 0 -1
428 60 39 1 0
429 57 12 -1 0
430 22 35 -1 0
431 23 8 0 -1
432 25 33 0 -1
433 85 21 1 0
434 42 10 -1 0
435 97 30 0 1
436 41 16 -1 0
437 28 26 -1 0
438 16 17 -1 0
439 98 29 1 0
440 18 4 1 0
441 44 2 0 1
442 39 5 -1 0
443 25 17 1 0
444 9 4 1 0
445 40 36 0 1
446 39 19 0 1
447 99 23 0 -1
448 70 9 -1 0
449 83 11 1 0
450 25 39 1 0
451 24 16 0 -1
452 98 5 0 -1
453 81 33 -1 0
454 64 10 -1 0
455 43 8 -1 0
456 94 17 1 0
457 29 30 -1 0
458 1 6 0 1
459 25 1 0 1
460 37 20 0 -1
461 38 0 1 0
462 78 12 0 1
463 87 18 0 1
464 14 26 -1 0
465 85 14 -1 0
466 18 39 1 0
467 45 34 0 1
468 96 1 1 0
469 45 31 0 1
470 48 1 -1 0
471 39 6 -1 0
472 61 5 0 1
473 20 16 0 -1
474 28 3 0 1
475 48 10 0 1
476 29 22 1 0
477 42 9 0 1
478 20 19 -1 0
479 40 2 -1 0
480 25 25 1 0
481 70 18 0 -1
482 60 8 0 -1
483 39 20 0 -1
484 82 15 1 0
485 61 11 0 -1
486 43 14 1 0
487 40 33 1 0
488 97 12 0 -1
489 58 1 -1 0
490 22 37 1 0
491 53 32 1 0
492 32 6 -1 0
493 23 29 0 -1
494 21 23 0 1
495 27 39 0 -1
496 65 24 1 0
497 24 12 -1 0
498 84 32 1 0
499 44 36 -1 0
500 21 31 1 0
501 72 12 0 1
502 26 16 1 0
503 24 39 1 0
504 28 15 1 0
505 16 8 1 0
506 29 30 0 -1
507 2 5 -1 0
508 93 12 1 0
509 47 22 0 1
510 86 6 0 1
511 26 28 1 0
512 12 8 0 -1
513 80 1 -1 0
514 11 29 1 0
515 16 8 1 0
516 31 37 0 -1
517 88 2 1 0
518 25 25 0 1
519 25 26 0 -1
520 21 16 0 1
521 97 7 1 0
522 63 16 0 -1
523 48 9 0 1
524 10 37 1 0
525 20 23 0 1
526 77 39 1 0
527 74 12 -1 0
528 9 14 0 -1
529 29 23 0 1
530 19 35 0 -1
531 87 22 1 0
532 10 27 0 -1
533 66 14 0 1
534 92 11 0 1
535 18 24 0 1
536 30 6 0 -1
537 40 10 0 -1
538 41 21 0 -1
539 27 27 -1 0
540 99 16 1 0
541 6 3 0 1
542 15 6 0 1
543 30 35 -1 0
544 27 34 0 1
545 39 13 1 0
546 36 18 0 1
547 8 20 0 -1
548 19 24 0 -1
549 25 13 -1 0
550 3 23 1 0
551 41 2 0 1
552 23 19 0 -1
553 47 23 0 1
554 28 12 1 0
555 19 28 1 0
556 99 23 0 -1
557 42 28 0 1
558 95 15 -1 0
559 39 37 1 0
560 28 39 1 0
561 14 23 0 -1
562 47 4 1 0
563 37 8 1 0
564 28 19 1 0
565 15 16 -1 0
566 70 22 1 0
567 62 23 1 0
568 69 39 -1 0
569 19 19 0 -1
570 98 26 0 1
571 51 39 -1 0
572 25 3 0 1
573 38 12 1 0
574 59 13 0 -1
575 39 26 0 -1
576 27 5 0 -1
577 0 10 1 0
578 95 39 0 1
579 90 22 -1 0
580 99 28 1 0
581 22 26 -1 0
582 31 35 1 0
583 92 35 0 -1
584 49 24 -1 0
585 35 3 1 0
586 56 11 0 -1
587 68 33 -1 0
588 32 19 -1 0
589 41 3 0 -1
590 10 11 1 0
591 61 20 -1 0
592 20 38 1 0
593 20 20 1 0
594 21 11 1 0
595 8 12 0 -1
596 19 4 0 1
597 41 6 0 1
598 30 15 -1 0
599 42 30 -1 0
600 42 34 -1 0
601 59 10 -1 0
602 74 10 1 0
603 72 0 0 1
604 4 10 -1 0
605 31 1 0 -1
606 36 34 0 1
607 92 38 -1 0
608 64 39 -1 0
609 9 19 -1 0
610 87 26 0 1
611 44 23 0 -1
612 47 8 -1 0
613 41 17 0 1
614 42 33 -1 0
615 27 14 0 1
616 61 10 0 1
617 30 20 0 1
618 19 30 -1 0
619 68 21 0 -1
620 28 27 0 -1
621 53 16 0 -1
622 44 30 1 0
623 69 11 1 0
624 48 0 0 1
625 79 23 0 -1
626 43 28 0 -1
627 32 9 1 0
628 29 39 1 0
629 16 0 -1 0
630 48 24 -1 0
631 26 0 1 0
632 29 5 -1 0
633 10 30 -1 0
634 39 7 0 1
635 88 19 0 -1
636 25 19 1 0
637 6 19 0 -1
638 79 16 -1 0
639 11 19 -1 0
640 39 36 0 -1
641 28 39 1 0
642 98 30 1 0
643 89 6 0 1
644 2 15 -1 0
645 38 11 0 -1
646 89 16 0 -1
647 23 21 1 0
648 23 30 0 -1
649 22 1 1 0
650 24 15 0 -1
651 73 12 1 0
652 77 38 0 1
653 8 12 1 0
654 21 17 -1 0
655 0 16 1 0
656 63 15 1 0
657 92 33 0 1
658 46 11 1 0
659 41 26 -1 0
660 68 6 0 1
661 88 7 -1 0
662 74 27 0 1
663 0 23 -1 0
664 37 28 -1 0
665 43 19 1 0
666 36 11 0 1
667 21 14 1 0
668 15 13 1 0
669 99 32 0 1
670 27 27 0 1
671 13 1 1 0
672 55 18 1 0
673 0 22 0 -1
674 29 7 0 1
675 52 39 0 1
676 22 19 0 1
677 49 25 0 1
678 72 14 -1 0
679 88 25 0 -1
680 48 24 1 0
681 15 33 0 -1
682 24 24 -1 0
683 13 33 0 1
684 26 18 0 1
685 95 25 0 1
686 4 23 -1 0
687 58 0 0 -1
688 40 38 0 -1
689 9 35 0 1
690 95 25 -1 0
691 11 28 0 -1
692 43 14 0 1
693 51 15 0 -1
694 37 16 -1 0
695 96 22 0 -1
696 46 32 0 -1
697 48 3 -1 0
698 34 10 1 0
699 24 8 0 1
700 26 6 0 -1
701 82 16 0 -1
702 9 19 -1 0
703 45 26 0 1
704 24 36 -1 0
705 60 21 -1 0
706 24 19 0 1
707 42 20 1 0
708 56 14 0 -1
709 29 14 0 -1
710 38 16 0 1
711 40 25 0 -1
712 40 38 -1 0
713 93 10 0 -1
714 18 17 0 1
715 3 20 1 0
716 29 13 0 -1
717 61 29 0 1
718 29 3 0 1
719 63 8 0 -1
720 25 13 0 1
721 13 10 -1 0
722 28 36 1 0
723 30 38 0 1
724 81 19 0 1
725 37 5 1 0
726 23 13 0 1
727 38 20 -1 0
728 44 10 0 1
729 13 0 0 -1
730 36 29 0 1
731 39 11 -1 0
732 0 9 1 0
733 28 27 -1 0
734 28 35 -1 0
735 90 11 -1 0
736 44 8 0 -1
737 67 33 0 1
738 7 25 -1 0
739 6 36 -1 0
740 1 38 0 1
741 38 13 0 -1
742 2 27 0 -1
743 76 18 -1 0
744 40 7 1 0
745 31 17 -1 0
746 92 1 0 1
747 25 22 -1 0
748 39 36 1 0
749 84 15 0 -1
750 84 32 0 -1
751 38 34 0 -1
752 64 21 0 1
753 36 11 -1 0
754 28 20 0 1
755 85 27 0 1
756 17 2 -1 0
757 14 17 -1 0
758 54 39 0 -1
759 21 18 -1 0
760 36 26 0 -1
761 11 35 1 0
762 36 29 0 1
763 89 24 0 1
764 28 9 0 1
765 51 1 0 1
766 47 14 1 0
767 51 7 0 -1
768 62 4 -1 0
769 61 27 1 0
770 5 7 0 -1
771 23 30 0 1
772 75 1 1 0
773 26 38 0 -1
774 37 9 0 1
775 78 37 1 0
776 55 33 0 1
777 13 38 0 -1
778 51 21 0 1
779 25 14 0 1
780 18 20 -1 0
781 36 8 0 1
782 28 10 0 1
783 21 23 1 0
784 24 5 0 -1
785 93 2 1 0
786 9 14 1 0
787 47 10 -1 0
788 49 2 -1 0
789 15 34 -1 0
790 22 26 0 -1
791 30 22 1 0
792 52 6 1 0
793 99 14 1 0
794 84 13 -1 0
795 27 9 0 -1
796 47 5 -1 0
797 10 6 -1 0
798 30 14 0 1
799 46 32 0 1
800 37 35 0 -1
801 20 23 1 0
802 48 11 0 -1
803 30 20 1 0
804 42 29 0 -1
805 39 8 -1 0
806 40 14 0 -1
807 45 9 1 0
808 99 11 1 0
809 27 39 -1 0
810 52 32 -1 0
811 72 28 -1 0
812 86 17 1 0
813 79 36 0 1
814 20 37 1 0
815 36 27 -1 0
816 7 4 -1 0
817 81 26 0 -1
818 28 11 0 1
819 8 38 -1 0
820 10 15 1 0
821 40 10 -1 0
822 87 1 0 -1
823 31 18 0 -1
824 30 4 1 0
825 74 6 -1 0
826 38 39 1 0
827 57 19 1 0
828 99 21 1 0
829 35 12 0 -1
830 34 14 -1 0
831 19 31 1 0
832 38 4 0 -1
833 77 22 1 0
834 40 8 0 -1
835 43 23 -1 0
836 13 38 0 1
837 26 36 0 1
838 18 36 0 -1
839 65 0 0 -1
840 26 3 1 0
841 27 14 -1 0
842 31 32 1 0
843 11 17 0 -1
844 48 7 0 1
845 40 22 0 -1
846 36 0 0 -1
847 22 30 -1 0
848 44 8 1 0
849 89 2 0 1
850 49 39 0 1
851 92 6 0 1
852 47 17 0 1
853 42 8 0 1
854 18 32 0 -1
855 25 39 1 0
856 28 18 0 1
857 12 17 0 1
858 25 11 0 -1
859 21 10 0 1
860 97 10 0 1
861 44 33 0 1
862 12 19 1 0
863 37 32 1 0
864 76 0 0 -1
865 38 26 1 0
866 92 9 -1 0
867 25 31 -1 0
868 22 25 0 -1
869 26 29 0 -1
870 88 1 1 0
871 53 21 1 0
872 19 20 1 0
873 37 26 0 1
874 12 18 -1 0
875 92 12 1 0
876 84 12 1 0
877 97 13 0 1
878 96 11 1 0
879 95 25 1 0
880 26 2 1 0
881 18 34 -1 0
882 8 17 -1 0
883 52 6 -1 0
884 57 35 -1 0
885 65 2 1 0
886 20 27 0 1
887 29 17 0 -1
888 19 7 1 0
889 42 8 0 -1
890 10 33 -1 0
891 93 6 -1 0
892 27 18 0 -1
893 15 6 0 1
894 92 23 0 1
895 35 5 0 1
896 5 24 1 0
897 88 7 1 0
898 30 8 0 -1
899 9 22 0 1
900 25 18 0 1
901 25 0 0 -1
902 84 30 1 0
903 23 9 0 -1
904 98 21 0 -1
905 15 36 0 1
906 1 13 0 1
907 39 11 1 0
908 28 13 0 -1
909 82 8 1 0
910 27 22 1 0
911 28 23 0 -1
912 64 19 1 0
913 48 5 -1 0
914 42 36 1 0
915 38 26 1 0
916 36 0 1 0
917 71 27 0 1
918 70 38 -1 0
919 96 29 0 1
920 86 19 0 -1
921 23 3 0 -1
922 24 1 1 0
923 90 38 -1 0
924 93 21 0 1
925 56 13 1 0
926 39 0 0 1
927 11 20 1 0
928 97 7 0 -1
929 37 13 -1 0
930 63 29 1 0
931 29 5 -1 0
932 20 20 0 1
933 21 10 1 0
934 94 35 0 -1
935 30 39 0 1
936 45 22 0 1
937 27 26 0 1
938 43 29 -1 0
939 96 10 0 -1
940 1 36 0 -1
941 40 25 -1 0
942 18 10 0 1
943 91 12 0 1
944 19 21 0 -1
945 60 19 0 1
946 40 20 1 0
947 43 13 0 -1
948 82 4 1 0
949 53 38 0 1
950 26 25 0 1
951 30 28 1 0
952 71 39 1 0
953 22 14 -1 0
954 49 36 1 0
955 6 10 0 -1
956 58 37 0 -1
957 81 11 -1 0
958 71 18 -1 0
959 38 7 0 -1
960 21 0 1 0
961 18 8 0 -1
962 96 38 1 0
963 40 35 0 1
964 38 35 0 1
965 38 22 0 -1
966 38 6 1 0
967 91 19 1 0
968 41 1 0 -1
969 97 31 -1 0
970 93 0 -1 0
971 39 25 -1 0
972 96 32 -1 0
973 72 1 1 0
974 54 11 1 0
975 31 20 0 -1
976 62 12 0 -1
977 41 16 -1 0
978 77 31 0 -1
979 16 10 0 1
980 26 10 0 -1
981 31 20 1 0
982 26 30 0 1
983 94 13 0 -1
984 98 2 0 -1
985 18 15 1 0
986 36 26 1 0
987 15 17 0 -1
988 97 15 1 0
989 40 2 0 1
990 51 0 1 0
991 4 3 0 1
992 31 14 1 0
993 38 30 0 -1
994 1 18 0 1
995 48 21 1 0
996 37 7 0 1
997 36 18 -1 0
998 52 5 0 1
999 41 37 -1 0
1000 82 35 0 1
1001 13 23 -1 0
1002 38 4 0 -1
1003 21 20 1 0
1004 99 39 -1 0
1005 7 20 1 0
1006 37 6 0 -1
1007 46 30 0 1
1008 95 27 0 1
1009 50 1 0 1
1010 40 0 -1 0
1011 25 26 1 0
1012 84 36 0 1
1013 7 22 1 0
1014 70 39 1 0
1015 36 19 0 -1
1016 94 15 -1 0
1017 41 21 0 -1
1018 98 0 0 1
1019 43 17 0 1
1020 4 21 1 0
1021 89 32 1 0
1022 30 15 -1 0
1023 57 16 0 1
1024 28 21 -1 0
1025 67 27 0 -1
1026 3 33 1 0
1027 30 32 0 -1
1028 26 13 -1 0
1029 38 10 0 1
1030 2 22 0 1
1031 60 26 0 -1
1032 23 21 0 -1
1033 63 26 0 1
1034 18 32 0 1
1035 30 33 0 -1
1036 29 26 1 0
1037 96 31 1 0
1038 14 14 -1 0
1039 92 3 1 0
1040 52 12 1 0
1041 27 1 0 1
1042 26 13 0 -1
1043 25 37 -1 0
1044 39 13 0 1
1045 89 26 0 1
1046 16 31 1 0
1047 42 3 0 -1
1048 39 19 0 -1
1049 2 32 0 1
1050 95 11 -1 0
1051 28 15 -1 0
1052 50 1 -1 0
1053 44 35 0 -1
1054 93 10 1 0
1055 6 25 0 1
1056 25 36 0 -1
1057 63 7 -1 0
1058 7 12 0 1
1059 18 0 0 1
1060 30 8 1 0
1061 79 35 1 0
1062 41 24 0 1
1063 40 20 -1 0
1064 57 31 1 0
1065 99 34 0 -1
1066 31 9 0 -1
1067 1 22 1 0
1068 60 22 0 1
1069 72 27 0 -1
1070 61 1 -1 0
1071 25 38 0 1
1072 56 2 0 1
1073 43 9 -1 0
1074 40 1 -1 0
1075 23 24 -1 0
1076 98 23 0 -1
1077 88 36 0 1
1078 62 17 1 0
1079 37 9 -1 0
1080 26 24 -1 0
1081 13 18 0 1
1082 22 15 0 1
1083 75 32 0 1
1084 7 34 0 1
1085 72 27 0 -1
1086 55 1 -1 0
1087 99 9 0 -1
1088 22 17 -1 0
1089 12 2 -1 0
1090 42 7 1 0
1091 37 2 -1 0
1092 38 17 -1 0
1093 29 27 1 0
1094 66 39 1 0
1095 15 27 0 -1
1096 40 25 0 -1
1097 58 35 0 1
1098 25 39 1 0
1099 86 26 -1 0
1100 1 35 0 -1
1101 46 5 -1 0
1102 78 14 0 -1
1103 21 35 1 0
1104 88 12 0 -1
1105 3 33 -1 0
1106 47 30 0 -1
1107 28 32 0 -1
1108 46 31 0 -1
1109 25 4 0 1
1110 24 14 1 0
1111 17 26 0 1
1112 99 35 0 -1
1113 28 18 0 -1
1114 45 20 -1 0
1115 30 5 -1 0
1116 36 32 0 -1
1117 39 13 0 -1
1118 21 6 1 0
1119 27 8 0 -1
1120 48 18 0 -1
1121 41 2 0 -1
1122 71 16 -1 0
1123 55 12 1 0
1124 44 17 0 1
1125 83 25 -1 0
1126 71 13 1 0
1127 36 35 1 0
1128 73 10 -1 0
1129 42 21 0 1
1130 94 29 -1 0
1131 77 33 1 0
1132 39 35 1 0
1133 70 33 0 1
1134 22 15 0 1
1135 42 31 0 1
1136 39 22 0 -1
1137 38 21 -1 0
1138 73 13 0 1
1139 37 27 0 1
1140 86 13 1 0
1141 43 34 0 -1
1142 52 18 -1 0
1143 36 17 -1 0
1144 23 36 0 -1
1145 17 16 0 -1
1146 10 33 0 1
1147 23 32 0 1
1148 15 35 -1 0
1149 91 5 -1 0
1150 80 35 0 1
1151 25 37 0 1
1152 45 14 0 1
1153 27 35 1 0
1154 27 17 0 1
1155 76 20 -1 0
1156 86 33 -1 0
1157 26 35 -1 0
1158 45 36 1 0
1159 57 32 0 1
1160 20 14 -1 0
1161 60 3 1 0
1162 88 8 0 -1
1163 24 23 1 0
1164 39 25 0 -1
1165 70 0 0 1
1166 88 11 -1 0
1167 43 16 -1 0
1168 36 30 0 -1
1169 21 9 0 -1
1170 21 26 0 -1
1171 13 4 0 1
1172 24 30 -1 0
1173 38 23 0 -1
1174 16 4 1 0
1175 55 12 -1 0
1176 23 6 -1 0
1177 23 19 1 0
1178 46 1 0 1
1179 25 27 1 0
1180 28 7 0 -1
1181 85 16 1 0
1182 99 23 -1 0
1183 42 13 0 -1
1184 19 16 0 -1
1185 12 13 -1 0
1186 86 12 0 1
1187 92 39 -1 0
1188 61 4 -1 0
1189 26 18 0 1
1190 83 20 0 -1
1191 42 38 0 1
1192 13 33 1 0
1193 30 13 0 1
1194 45 22 0 -1
1195 85 11 -1 0
1196 79 7 -1 0
1197 38 1 0 -1
1198 95 39 0 1
1199 43 13 1 0
1200 63 32 0 1
1201 74 7 0 1
1202 72 26 0 1
1203 58 10 1 0
1204 64 32 1 0
1205 46 36 1 0
1206 51 32 0 -1
1207 36 10 0 -1
1208 22 6 -1 0
1209 55 5 0 1
1210 40 23 0 -1
1211 77 24 1 0
1212 25 1 -1 0
1213 82 4 0 -1
1214 86 12 1 0
1215 52 32 0 -1
1216 12 26 -1 0
1217 48 35 0 1
1218 35 38 0 -1
1219 57 29 0 -1
1220 82 37 1 0
1221 83 29 0 -1
1222 80 20 0 1
1223 27 36 1 0
1224 28 2 -1 0
1225 37 18 -1 0
1226 18 35 -1 0
1227 41 12 1 0
1228 55 32 0 -1
1229 2 1 0 1
1230 12 27 1 0
1231 2 21 0 1
1232 23 5 0 1
1233 27 38 0 1
1234 45 27 1 0
1235 67 10 -1 0
1236 44 12 0 -1
1237 22 2 1 0
1238 93 31 -1 0
1239 59 22 -1 0
1240 42 10 1 0
1241 30 2 1 0
1242 26 15 1 0
1243 54 32 1 0
1244 28 33 1 0
1245 54 10 1 0
1246 15 39 0 -1
1247 6 16 0 -1
1248 24 35 -1 0
1249 26 20 1 0
1250 27 9 1 0
1251 37 9 1 0
1252 67 5 1 0
1253 74 29 0 -1
1254 5 18 -1 0
1255 53 27 -1 0
1256 29 6 1 0
1257 8 23 0 -1
1258 46 32 -1 0
1259 38 25 1 0
1260 88 9 1 0
1261 39 16 0 -1
1262 11 1 1 0
1263 42 35 -1 0
1264 19 14 0 -1
1265 66 24 1 0
1266 31 37 -1 0
1267 38 18 0 1
1268 39 37 1 0
1269 19 35 -1 0
1270 31 9 0 1
1271 45 20 0 -1
1272 22 28 -1 0
1273 93 19 0 1
1274 27 12 0 1
1275 22 5 0 1
1276 97 28 -1 0
1277 72 19 0 -1
1278 7 31 1 0
1279 18 19 0 1
1280 18 8 0 -1
1281 45 11 0 -1
1282 91 14 0 -1
1283 52 22 0 1
1284 17 10 0 -1
1285 17 5 0 1
1286 39 36 -1 0
1287 90 18 -1 0
1288 22 24 -1 0
1289 35 11 0 1
1290 23 0 -1 0
1291 19 10 -1 0
1292 84 21 0 1
1293 69 11 0 -1
1294 23 12 0 1
1295 48 26 -1 0
1296 24 28 1 0
1297 45 37 0 -1
1298 24 19 -1 0
1299 19 18 1 0
1300 41 10 -1 0
1301 46 35 -1 0
1302 94 1 1 0
1303 19 37 -1 0
1304 1 1 0 -1
1305 73 20 0 -1
1306 97 33 0 -1
1307 25 35 0 1
1308 51 10 0 -1
1309 32 22 1 0
1310 16 9 0 1
1311 10 39 0 -1
1312 35 5 1 0
1313 29 2 1 0
1314 48 10 0 1
1315 41 11 -1 0
1316 61 18 -1 0
1317 29 27 0 -1
1318 25 2 0 1
1319 68 22 1 0
1320 50 37 0 1
1321 81 35 0 -1
1322 66 34 -1 0
1323 4 34 1 0
1324 94 19 -1 0
1325 66 14 0 1
1326 89 21 0 1
1327 80 33 -1 0
1328 16 39 0 1
1329 38 36 -1 0
1330 69 34 1 0
1331 48 9 0 1
1332 45 32 -1 0
1333 44 12 -1 0
1334 44 9 0 -1
1335 19 26 0 1
1336 67 35 0 -1
1337 53 9 -1 0
1338 99 5 -1 0
1339 0 29 1 0
1340 31 36 -1 0
1341 99 25 -1 0
1342 13 17 1 0
1343 52 27 0 1
1344 20 37 -1 0
1345 19 18 0 -1
1346 41 23 0 1
1347 5 27 0 1
1348 38 8 0 -1
1349 58 10 -1 0
1350 39 1 1 0
1351 22 12 -1 0
1352 20 25 0 1
1353 56 20 0 -1
1354 16 4 1 0
1355 13 23 -1 0
1356 41 15 0 1
1357 39 25 0 1
1358 22 6 1 0
1359 52 39 1 0
1360 98 33 0 1
1361 59 0 -1 0
1362 0 10 1 0
1363 24 11 0 -1
1364 73 28 -1 0
1365 69 11 0 1
1366 58 19 -1 0
1367 43 0 0 1
1368 92 23 1 0
1369 10 37 1 0
1370 92 9 1 0
1371 37 28 0 -1
1372 4 8 -1 0
1373 4 13 0 1
1374 41 5 1 0
1375 38 37 0 -1
1376 22 19 1 0
1377 37 26 -1 0
1378 42 7 0 -1
1379 30 16 0 -1
1380 43 26 1 0
1381 45 29 1 0
1382 20 12 0 1
1383 78 6 1 0
1384 68 1 -1 0
1385 6 20 1 0
1386 29 33 -1 0
1387 61 8 0 1
1388 49 33 1 0
1389 89 4 0 1
1390 54 22 -1 0
1391 40 37 0 1
1392 97 3 0 1
1393 95 22 1 0
1394 26 11 0 -1
1395 39 4 -1 0
1396 26 36 -1 0
1397 11 31 0 -1
1398 96 32 0 1
1399 18 17 0 1
1400 87 9 1 0
1401 29 37 1 0
1402 24 32 0 -1
1403 10 32 1 0
1404 22 4 1 0
1405 17 27 0 1
1406 45 14 1 0
1407 18 4 0 1
1408 11 32 0 1
1409 1 16 0 -1
1410 5 3 1 0
1411 41 6 -1 0
1412 85 13 0 1
1413 49 6 -1 0
1414 17 20 0 1
1415 4 38 0 1
1416 47 31 -1 0
1417 47 21 0 -1
1418 90 4 0 1
1419 40 18 0 -1
1420 80 23 0 1
1421 25 15 -1 0
1422 1 21 1 0
1423 9 10 1 0
1424 73 9 -1 0
1425 16 25 -1 0
1426 43 24 0 -1
1427 96 39 1 0
1428 42 39 -1 0
1429 88 32 0 -1
1430 90 15 0 1
1431 87 36 1 0
1432 39 10 -1 0
1433 38 19 0 -1
1434 95 17 0 -1
1435 66 9 0 1
1436 13 37 0 1
1437 59 2 0 -1
1438 52 8 0 1
1439 79 23 -1 0
1440 44 17 0 -1
1441 23 20 1 0
1442 30 32 0 1
1443 29 30 0 1
1444 84 35 0 1
1445 54 5 0 -1
1446 26 25 -1 0
1447 40 39 0 -1
1448 1 21 0 1
1449 90 24 -1 0
1450 22 36 1 0
1451 19 4 0 -1
1452 19 39 0 1
1453 26 19 0 1
1454 93 1 0 1
1455 22 22 0 1
1456 7 38 0 1
1457 16 29 0 -1
1458 40 7 1 0
1459 95 14 0 -1
1460 74 1 1 0
1461 46 8 0 1
1462 26 0 0 1
1463 46 31 0 1
1464 97 17 1 0
1465 28 9 0 -1
1466 55 20 -1 0
1467 27 28 0 -1
1468 62 35 -1 0
1469 17 7 0 1
1470 20 37 1 0
1471 12 4 1 0
1472 39 4 1 0
1473 21 5 -1 0
1474 49 22 -1 0
1475 43 23 0 1
1476 26 28 1 0
1477 56 30 1 0
1478 49 32 1 0
1479 66 0 0 -1
1480 25 28 1 0
1481 93 27 1 0
1482 42 7 -1 0
1483 99 38 -1 0
1484 23 32 0 1
1485 28 29 -1 0
1486 18 11 0 -1
1487 82 38 -1 0
1488 54 26 1 0
1489 91 22 1 0
1490 43 10 -1 0
1491 70 19 -1 0
1492 1 28 0 -1
1493 40 28 1 0
1494 39 12 0 -1
1495 25 20 1 0
1496 70 24 0 -1
1497 39 12 0 1
1498 24 35 1 0
1499 53 17 -1 0
1500 60 27 0 -1
1501 69 16 0 -1
1502 11 38 1 0
1503 20 32 1 0
1504 49 19 -1 0
1505 92 29 0 -1
1506 29 13 1 0
1507 3 27 -1 0
1508 4 27 1 0
1509 45 37 1 0
1510 47 28 1 0
1511 40 26 0 -1
1512 97 8 -1 0
1513 53 4 0 1
1514 39 10 -1 0
1515 39 32 1 0
1516 3 4 1 0
1517 41 32 0 1
1518 61 35 1 0
1519 86 19 1 0
1520 65 37 -1 0
1521 44 39 1 0
1522 69 4 -1 0
1523 85 22 1 0
1524 81 22 -1 0
1525 25 5 -1 0
1526 17 7 0 1
1527 9 19 0 1
1528 2 18 1 0
1529 43 8 0 1
1530 11 35 1 0
1531 81 24 0 -1
1532 52 30 -1 0
1533 67 14 0 -1
1534 35 31 -1 0
1535 47 32 1 0
1536 78 24 1 0
1537 29 9 1 0
1538 28 37 1 0
1539 66 21 1 0
1540 41 37 -1 0
1541 2 32 -1 0
1542 40 9 1 0
1543 38 13 1 0
1544 47 9 0 1
1545 54 14 -1 0
1546 86 25 0 -1
1547 30 21 1 0
1548 17 7 0 -1
1549 15 8 0 -1
1550 36 9 1 0
1551 36 9 0 -1
1552 28 26 0 1
1553 47 6 1 0
1554 69 7 0 -1
1555 5 29 0 1
1556 27 25 0 1
1557 4 2 1 0
1558 42 30 0 -1
1559 38 3 1 0
1560 46 16 -1 0
1561 37 15 0 1
1562 30 10 -1 0
1563 35 32 0 -1
1564 97 6 0 -1
1565 18 7 0 -1
1566 21 16 -1 0
1567 38 4 0 -1
1568 46 14 1 0
1569 7 12 0 1
1570 37 0 1 0
1571 82 35 0 -1
1572 7 12 -1 0
1573 42 15 0 -1
1574 23 4 -1 0
1575 69 39 0 1
1576 38 12 0 1
1577 1 39 1 0
1578 20 20 0 1
1579 13 20 0 1
1580 66 31 1 0
1581 46 14 -1 0
1582 81 23 0 1
1583 30 4 0 -1
1584 45 10 -1 0
1585 15 25 0 -1
1586 36 25 -1 0
1587 1 27 1 0
1588 23 29 0 1
1589 13 35 -1 0
1590 29 37 1 0
1591 39 1 1 0
1592 50 26 1 0
1593 12 11 0 -1
1594 29 29 0 1
1595 40 22 -1 0
1596 17 8 0 -1
1597 60 3 1 0
1598 27 36 0 -1
1599 29 16 -1 0
1600 3 29 0 -1
1601 30 34 1 0
1602 89 21 0 -1
1603 38 23 1 0
1604 16 18 -1 0
1605 8 10 -1 0
1606 50 23 -1 0
1607 76 29 -1 0
1608 19 6 1 0
1609 65 6 0 1
1610 28 16 -1 0
1611 0 10 0 -1
1612 69 14 0 1
1613 96 1 0 -1
1614 2 16 0 1
1615 76 25 -1 0
1616 63 4 -1 0
1617 26 27 0 -1
1618 25 35 1 0
1619 28 1 0 -1
1620 20 28 0 1
1621 12 39 1 0
1622 10 12 0 -1
1623 26 3 0 -1
1624 41 37 0 1
1625 25 20 0 -1
1626 27 17 -1 0
1627 29 35 0 -1
1628 96 28 0 1
1629 54 9 -1 0
1630 20 39 -1 0
1631 35 7 0 1
1632 90 4 -1 0
1633 49 19 0 1
1634 29 3 0 1
1635 31 13 -1 0
1636 42 22 0 1
1637 26 25 1 0
1638 20 10 -1 0
1639 43 35 -1 0
1640 24 31 1 0
1641 0 30 -1 0
1642 25 8 1 0
1643 29 15 0 1
1644 40 20 0 1
1645 90 37 0 -1
1646 28 1 1 0
1647 50 3 0 1
1648 15 5 0 1
1649 44 15 0 1
1650 47 27 -1 0
1651 83 6 0 -1
1652 11 35 -1 0
1653 28 36 0 1
1654 23 27 0 -1
1655 62 6 0 1
1656 23 32 0 1
1657 26 6 1 0
1658 82 16 -1 0
1659 38 21 0 1
1660 74 22 -1 0
1661 22 14 -1 0
1662 31 33 -1 0
1663 30 18 1 0
1664 96 28 1 0
1665 77 4 1 0
1666 46 37 0 -1
1667 75 20 0 -1
1668 29 15 1 0
1669 17 19 1 0
1670 36 9 1 0
1671 92 10 0 1
1672 11 33 1 0
1673 94 10 0 1
1674 75 7 -1 0
1675 41 11 0 -1
1676 15 5 1 0
1677 1 8 -1 0
1678 37 34 1 0
1679 23 18 0 1
1680 29 32 -1 0
1681 51 38 0 1
1682 24 2 -1 0
1683 97 26 0 1
1684 39 29 0 -1
1685 26 14 0 -1
1686 43 7 0 1
1687 79 22 1 0
1688 59 10 -1 0
1689 54 16 0 -1
1690 30 35 -1 0
1691 86 35 0 -1
1692 39 29 0 -1
1693 26 26 0 1
1694 25 32 0 1
1695 21 6 0 -1
1696 84 7 1 0
1697 17 26 0 -1
1698 44 25 -1 0
1699 65 16 -1 0
1700 46 9 0 -1
1701 91 33 0 -1
1702 88 20 1 0
1703 46 0 1 0
1704 30 30 1 0
1705 35 16 0 -1
1706 0 12 -1 0
1707 20 31 0 -1
1708 82 13 -1 0
1709 61 33 0 -1
1710 21 35 1 0
1711 21 0 -1 0
1712 26 17 0 -1
1713 50 25 0 1
1714 0 31 0 -1
1715 81 1 0 1
1716 90 7 0 -1
1717 10 21 0 -1
1718 39 9 0 1
1719 41 23 0 -1
1720 5 25 0 -1
1721 26 11 0 -1
1722 42 14 1 0
1723 17 28 1 0
1724 46 9 0 1
1725 39 38 1 0
1726 96 36 0 1
1727 53 6 1 0
1728 21 29 0 1
1729 94 21 0 -1
1730 95 6 -1 0
1731 16 3 1 0
1732 43 22 1 0
1733 62 8 -1 0
1734 26 35 1 0
1735 19 29 0 -1
1736 15 25 -1 0
1737 42 27 0 1
1738 12 20 0 1
1739 40 19 -1 0
1740 49 9 -1 0
1741 75 33 1 0
1742 44 26 0 1
1743 48 28 0 -1
1744 23 6 1 0
1745 40 35 1 0
1746 35 29 1 0
1747 54 20 0 -1
1748 96 1 0 1
1749 13 9 1 0
1750 55 17 1 0
1751 50 29 0 1
1752 21 23 1 0
1753 95 14 -1 0
1754 23 16 0 -1
1755 46 14 0 -1
1756 83 30 1 0
1757 99 27 0 -1
1758 18 11 1 0
1759 47 3 -1 0
1760 88 8 -1 0
1761 23 18 0 1
1762 71 37 -1 0
1763 26 14 -1 0
1764 85 25 1 0
1765 1 28 0 1
1766 27 25 1 0
1767 25 12 1 0
1768 4 24 0 -1
1769 37 34 1 0
1770 94 39 0 1
1771 1 23 -1 0
1772 19 30 -1 0
1773 78 9 -1 0
1774 7 24 1 0
1775 91 14 0 -1
1776 29 16 0 -1
1777 28 30 0 1
1778 97 13 0 1
1779 26 28 1 0
1780 43 33 0 -1
1781 55 36 1 0
1782 37 2 1 0
1783 90 39 -1 0
1784 79 34 0 1
1785 73 39 -1 0
1786 38 15 0 -1
1787 16 24 0 1
1788 40 4 0 1
1789 44 13 0 1
1790 31 27 1 0
1791 11 3 0 -1
1792 75 35 1 0
1793 98 39 0 -1
1794 42 27 0 1
1795 86 22 0 1
1796 5 20 0 1
1797 32 36 1 0
1798 37 28 1 0
1799 93 3 -1 0
1800 25 28 -1 0
1801 4 12 0 1
1802 15 27 1 0
1803 77 39 1 0
1804 40 31 -1 0
1805 91 30 -1 0
1806 3 11 0 -1
1807 43 35 -1 0
1808 16 12 0 -1
1809 9 38 1 0
1810 75 15 1 0
1811 28 17 -1 0
1812 8 9 0 1
1813 90 19 1 0
1814 30 31 0 -1
1815 48 15 -1 0
1816 38 21 -1 0
1817 21 14 -1 0
1818 43 36 0 -1
1819 29 16 0 -1
1820 24 18 1 0
1821 50 32 1 0
1822 97 17 0 -1
1823 93 1 -1 0
1824 20 32 0 -1
1825 65 17 1 0
1826 57 22 0 1
1827 22 24 0 1
1828 6 7 0 -1
1829 10 32 0 1
1830 20 6 1 0
1831 20 31 0 1
1832 44 20 -1 0
1833 0 6 0 1
1834 38 31 0 1
1835 29 14 0 -1
1836 95 0 0 -1
1837 91 24 0 -1
1838 60 38 1 0
1839 19 14 0 -1
1840 3 9 1 0
1841 84 36 0 -1
1842 39 11 0 -1
1843 39 35 0 1
1844 9 15 0 -1
1845 94 30 1 0
1846 96 39 0 1
1847 38 5 -1 0
1848 37 4 0 1
1849 48 11 1 0
1850 14 37 0 1
1851 26 22 0 -1
1852 26 33 0 1
1853 80 0 1 0
1854 88 11 0 -1
1855 25 36 0 1
1856 36 7 1 0
1857 64 37 0 -1
1858 10 31 0 1
1859 41 31 0 1
1860 38 20 -1 0
1861 2 36 0 1
1862 11 23 1 0
1863 43 36 -1 0
1864 38 15 0 -1
1865 1 10 -1 0
1866 1 16 1 0
1867 16 34 1 0
1868 92 29 -1 0
1869 37 15 0 1
1870 85 8 0 -1
1871 36 5 0 1
1872 3 31 1 0
1873 44 18 0 1
1874 14 14 0 1
1875 28 10 1 0
1876 27 5 1 0
1877 36 3 0 -1
1878 74 23 1 0
1879 55 2 0 1
1880 29 29 -1 0
1881 34 6 1 0
1882 15 10 1 0
1883 6 29 0 -1
1884 20 9 -1 0
1885 37 32 1 0
1886 41 32 0 -1
1887 20 4 0 -1
1888 26 2 1 0
1889 5 26 -1 0
1890 89 20 0 -1
1891 46 8 0 1
1892 13 9 0 1
1893 23 17 0 1
1894 36 23 1 0
1895 55 19 1 0
1896 14 18 -1 0
1897 21 1 0 -1
1898 37 25 1 0
1899 14 18 0 -1
1900 24 4 -1 0
1901 28 5 1 0
1902 38 29 -1 0
1903 63 21 -1 0
1904 30 7 0 -1
1905 94 7 1 0
1906 40 36 0 -1
1907 55 27 0 1
1908 89 18 0 -1
1909 32 0 1 0
1910 13 14 0 -1
1911 87 12 0 -1
1912 94 27 -1 0
1913 2 36 -1 0
1914 37 34 0 -1
1915 18 22 0 -1
1916 13 16 0 -1
1917 93 13 -1 0
1918 47 34 0 1
1919 57 11 1 0
1920 17 8 0 -1
1921 42 0 -1 0
1922 62 4 -1 0
1923 36 39 0 1
1924 58 3 0 1
1925 8 28 0 1
1926 48 4 1 0
1927 12 20 1 0
1928 13 8 0 1
1929 87 2 0 1
1930 44 14 0 1
1931 83 33 0 1
1932 72 12 1 0
1933 15 15 1 0
1934 23 18 1 0
1935 16 10 0 1
1936 41 14 0 1
1937 7 1 1 0
1938 54 3 1 0
1939 44 23 -1 0
1940 97 25 0 1
1941 26 31 -1 0
1942 8 31 1 0
1943 80 26 0 1
1944 22 3 -1 0
1945 82 36 0 -1
1946 67 1 -1 0
1947 99 0 0 1
1948 75 39 -1 0
1949 27 28 1 0
1950 52 36 0 -1
1951 38 7 -1 0
1952 86 1 1 0
1953 44 29 -1 0
1954 24 3 -1 0
1955 95 34 0 -1
1956 45 17 1 0
1957 30 12 1 0
1958 26 17 0 1
1959 50 26 -1 0
1960 21 22 0 1
1961 29 15 0 1
1962 21 4 0 -1
1963 22 34 1 0
1964 51 31 -1 0
1965 47 27 0 -1
1966 65 37 1 0
1967 47 39 0 1
1968 86 6 -1 0
1969 87 1 1 0
1970 48 36 0 1
1971 43 29 -1 0
1972 28 23 1 0
1973 49 29 0 1
1974 42 18 -1 0
1975 26 22 1 0
1976 55 9 1 0
1977 25 31 1 0
1978 40 38 0 -1
1979 86 21 1 0
1980 27 35 0 1
1981 43 32 0 -1
1982 44 8 -1 0
1983 13 34 0 1
1984 17 5 0 -1
1985 96 17 1 0
1986 39 17 -1 0
1987 19 3 1 0
1988 53 12 0 -1
1989 43 1 0 -1
1990 49 14 0 1
1991 64 38 0 -1
1992 98 23 0 -1
1993 96 24 1 0
1994 96 5 0 1
1995 93 32 1 0
1996 78 36 0 1
1997 37 25 1 0
1998 26 3 0 1
1999 16 31 0 1
2000 26 26 -1 0
2001 58 38 0 1
2002 87 35 -1 0
2003 45 23 1 0
2004 16 34 -1 0
2005 21 14 1 0
2006 8 17 -1 0
2007 4 23 0 1
2008 56 11 0 -1
2009 20 21 1 0
2010 27 23 0 1
2011 89 18 -1 0
2012 88 13 -1 0
2013 28 35 1 0
2014 17 27 0 1
2015 27 19 0 -1
2016 60 2 -1 0
2017 39 34 0 1
2018 98 11 0 -1
2019 80 26 1 0
2020 39 12 0 -1
2021 1 3 0 -1
2022 49 10 -1 0
2023 43 37 0 1
2024 78 25 1 0
2025 1 34 1 0
2026 30 25 1 0
2027 24 5 0 -1
2028 20 30 -1 0
2029 53 30 1 0
2030 12 21 -1 0
2031 99 17 0 1
2032 27 18 -1 0
2033 90 14 1 0
2034 40 15 -1 0
2035 34 23 0 -1
2036 56 16 0 1
2037 38 10 0 -1
2038 28 18 0 1
2039 31 26 0 1
2040 21 19 -1 0
2041 81 1 0 -1
2042 89 4 -1 0
2043 27 36 0 -1
2044 37 27 0 -1
2045 37 39 0 1
2046 2 34 0 1
2047 90 1 0 1
2048 46 35 1 0
2049 48 1 -1 0
2050 45 1 -1 0
2051 44 38 0 -1
2052 42 9 0 1
2053 92 23 -1 0
2054 75 28 1 0
2055 39 31 -1 0
2056 16 0 1 0
2057 56 12 0 1
2058 94 22 1 0
2059 92 12 -1 0
2060 22 38 0 1
2061 26 2 1 0
2062 39 32 -1 0
2063 99 17 0 -1
2064 69 30 -1 0
2065 22 19 0 -1
2066 11 32 -1 0
2067 38 32 -1 0
2068 78 25 0 -1
2069 30 0 0 -1
2070 88 7 -1 0
2071 77 15 0 1
2072 67 30 0 -1
2073 45 21 0 -1
2074 5 25 0 1
2075 26 0 -1 0
2076 30 39 0 1
2077 49 14 0 -1
2078 19 26 -1 0
2079 99 4 1 0
2080 43 37 0 -1
2081 28 8 1 0
2082 71 5 0 -1
2083 37 10 0 -1
2084 57 6 0 1
2085 46 4 -1 0
2086 43 15 0 -1
2087 58 35 -1 0
2088 90 32 -1 0
2089 10 31 0 -1
2090 45 11 0 1
2091 79 10 0 -1
2092 25 24 0 1
2093 20 32 0 1
2094 8 21 0 -1
2095 7 13 -1 0
2096 53 8 0 1
2097 99 30 0 -1
2098 99 0 1 0
2099 0 36 0 -1
2100 7 30 -1 0
2101 99 24 -1 0
2102 28 4 -1 0
2103 1 1 1 0
2104 0 13 0 -1
2105 6 8 -1 0
2106 49 20 -1 0
2107 39 28 1 0
2108 40 18 1 0
2109 40 2 1 0
2110 25 5 -1 0
2111 37 22 0 1
2112 28 7 1 0
2113 81 31 0 -1
2114 39 15 -1 0
2115 26 24 -1 0
2116 93 38 1 0
2117 39 32 0 1
2118 82 4 0 -1
2119 37 19 0 1
2120 41 22 0 -1
2121 61 25 1 0
2122 27 29 0 -1
2123 41 38 0 -1
2124 35 16 -1 0
2125 92 34 0 -1
2126 43 12 1 0
2127 16 30 0 -1
2128 13 24 -1 0
2129 67 14 0 1
2130 83 7 -1 0
2131 37 8 -1 0
2132 6 20 0 -1
2133 81 37 0 -1
2134 12 15 0 -1
2135 20 11 0 -1
2136 56 36 1 0
2137 4 14 -1 0
2138 70 23 0 1
2139 10 30 1 0
2140 94 38 -1 0
2141 25 7 0 -1
2142 4 39 0 -1
2143 2 32 0 -1
2144 95 8 0 1
2145 51 14 0 1
2146 23 15 1 0
2147 79 39 -1 0
2148 51 14 1 0
2149 37 23 -1 0
2150 5 39 -1 0
2151 43 24 1 0
2152 10 3 1 0
2153 96 30 0 1
2154 76 24 0 1
2155 4 16 -1 0
2156 24 12 0 1
2157 43 9 1 0
2158 18 30 0 1
2159 39 15 1 0
2160 2 19 0 1
2161 38 37 0 1
2162 21 17 1 0
2163 40 13 -1 0
2164 82 10 0 1
2165 42 28 0 1
2166 43 1 0 -1
2167 17 11 -1 0
2168 30 0 1 0
2169 63 6 0 -1
2170 63 9 0 -1
2171 13 12 -1 0
2172 28 12 -1 0
2173 35 15 1 0
2174 31 36 0 -1
2175 91 37 1 0
2176 58 12 0 -1
2177 92 26 1 0
2178 45 16 -1 0
2179 62 29 1 0
2180 77 2 0 -1
2181 18 10 0 1
2182 46 33 1 0
2183 80 38 0 -1
2184 45 32 0 1
2185 30 15 0 -1
2186 0 22 -1 0
2187 28 13 -1 0
2188 17 33 1 0
2189 91 2 0 1
2190 40 3 0 1
2191 4 9 -1 0
2192 86 15 0 -1
2193 25 15 1 0
2194 65 16 0 1
2195 22 15 -1 0
2196 14 14 -1 0
2197 35 0 0 -1
2198 26 30 1 0
2199 43 23 0 1
2200 20 11 1 0
2201 6 31 -1 0
2202 84 35 0 -1
2203 60 9 -1 0
2204 0 8 0 1
2205 6 3 1 0
2206 53 28 -1 0
2207 42 19 -1 0
2208 99 4 1 0
2209 51 38 1 0
2210 20 1 0 -1
2211 30 20 0 -1
2212 94 8 0 -1
2213 26 10 1 0
2214 63 16 -1 0
2215 42 29 1 0
2216 86 14 0 1
2217 28 34 1 0
2218 3 33 -1 0
2219 43 2 -1 0
2220 20 33 -1 0
2221 41 0 1 0
2222 37 15 -1 0
2223 40 8 -1 0
2224 99 3 0 1
2225 56 12 -1 0
2226 4 28 -1 0
2227 7 9 1 0
2228 97 37 0 -1
2229 98 31 0 1
2230 39 1 1 0
2231 97 33 0 -1
2232 37 8 0 1
2233 5 23 0 -1
2234 28 12 1 0
2235 49 12 -1 0
2236 24 23 0 1
2237 11 14 1 0
2238 26 13 0 -1
2239 93 29 1 0
2240 26 29 0 1
2241 4 39 1 0
2242 45 8 0 1
2243 36 7 0 1
2244 48 39 1 0
2245 11 22 0 -1
2246 35 34 0 -1
2247 36 8 -1 0
2248 93 5 -1 0
2249 79 34 0 -1
2250 23 6 1 0
2251 24 21 0 1
2252 27 2 0 1
2253 25 36 0 -1
2254 27 4 0 -1
2255 69 15 -1 0
2256 38 22 0 -1
2257 81 32 -1 0
2258 13 23 0 1
2259 36 11 0 -1
2260 80 4 0 -1
2261 82 17 0 -1
2262 24 39 0 1
2263 98 24 0 1
2264 93 14 1 0
2265 40 31 1 0
2266 39 2 -1 0
2267 76 16 0 1
2268 51 28 -1 0
2269 54 7 0 -1
2270 87 18 0 -1
2271 95 30 0 1
2272 26 5 0 -1
2273 43 12 0 1
2274 90 11 0 1
2275 41 16 0 1
2276 83 11 0 1
2277 31 25 1 0
2278 24 2 1 0
2279 62 23 0 -1
2280 25 35 -1 0
2281 50 38 1 0
2282 63 9 -1 0
2283 43 13 1 0
2284 87 10 1 0
2285 83 15 1 0
2286 25 12 0 1
2287 40 13 0 1
2288 41 39 0 -1
2289 29 3 0 1
2290 22 5 1 0
2291 97 6 0 -1
2292 41 27 -1 0
2293 31 35 0 -1
2294 96 12 0 -1
2295 20 30 -1 0
2296 51 21 0 -1
2297 30 36 1 0
2298 23 11 0 1
2299 3 36 1 0
2300 49 0 0 -1
2301 83 25 -1 0
2302 12 4 1 0
2303 20 21 0 1
2304 68 2 0 1
2305 38 0 -1 0
2306 56 3 0 1
2307 92 24 1 0
2308 31 38 -1 0
2309 38 34 1 0
2310 3 7 0 1
2311 25 28 1 0
2312 29 9 -1 0
2313 37 21 0 -1
2314 3 9 1 0
2315 37 37 0 -1
2316 39 8 0 1
2317 93 20 0 1
2318 42 30 0 1
2319 38 37 0 1
2320 99 5 0 1
2321 29 23 1 0
2322 31 26 -1 0
2323 39 38 -1 0
2324 10 29 -1 0
2325 42 3 0 1
2326 95 1 1 0
2327 8 26 0 1
2328 30 27 0 -1
2329 45 27 -1 0
2330 18 31 1 0
2331 37 27 0 1
2332 48 23 0 -1
2333 94 13 -1 0
2334 36 8 -1 0
2335 87 36 -1 0
2336 2 30 1 0
2337 50 12 0 1
2338 38 3 1 0
2339 18 38 0 -1
2340 27 1 0 -1
2341 80 10 -1 0
2342 42 26 1 0
2343 17 6 1 0
2344 22 0 0 1
2345 72 16 0 1
2346 57 34 -1 0
2347 20 1 1 0
2348 37 10 0 1
2349 25 10 0 -1
2350 9 12 0 1
2351 96 17 0 1
2352 41 38 -1 0
2353 27 13 0 1
2354 45 26 -1 0
2355 0 20 1 0
2356 29 12 0 -1
2357 82 36 0 -1
2358 77 11 1 0
2359 98 38 1 0
2360 37 11 -1 0
2361 21 38 1 0
2362 26 26 1 0
2363 43 18 -1 0
2364 3 37 1 0
2365 41 0 0 1
2366 24 36 -1 0
2367 37 12 -1 0
2368 31 39 0 -1
2369 40 32 0 1
2370 27 2 0 -1
2371 38 39 -1 0
2372 94 15 0 -1
2373 98 19 -1 0
2374 38 35 0 -1
2375 36 36 0 1
2376 25 33 0 1
2377 31 32 1 0
2378 49 36 0 -1
2379 76 38 0 1
2380 42 19 -1 0
2381 62 1 0 1
2382 21 9 -1 0
2383 26 36 0 -1
2384 60 1 0 1
2385 43 36 0 -1
2386 35 22 0 1
2387 35 31 0 1
2388 95 31 0 1
2389 75 22 0 -1
2390 96 2 0 -1
2391 39 26 -1 0
2392 28 38 1 0
2393 64 25 0 -1
2394 83 1 -1 0
2395 52 14 0 1
2396 43 2 -1 0
2397 2 33 0 -1
2398 44 6 1 0
2399 23 38 0 1
