0 50 2 -1 0
1 21 30 0 1
2 26 32 0 -1
3 39 36 1 0
4 79 26 1 0
5 40 34 0 1
6 61 29 0 -1
7 43 31 -1 0
8 23 32 0 1
9 28 18 -1 0
10 45 19 1 0
11 18 19 -1 0
12 30 12 1 0
13 40 26 0 -1
14 43 34 -1 0
15 23 18 0 -1
16 31 2 0 -1
17 39 38 0 -1
18 84 35 0 -1
19 20 30 0 -1
20 47 4 -1 0
21 73 13 0 1
22 92 4 0 1
23 24 37 -1 0
24 67 11 0 1
25 1 6 -1 0
26 47 34 -1 0
27 35 17 1 0
28 95 20 -1 0
29 70 21 0 1
30 94 29 0 -1
31 30 24 1 0
32 13 36 0 1
33 76 17 0 1
34 49 33 0 1
35 95 18 1 0
36 29 39 0 -1
37 53 7 0 1
38 26 16 1 0
39 25 19 -1 0
40 93 1 0 1
41 27 30 1 0
42 57 6 -1 0
43 29 32 -1 0
44 18 38 -1 0
45 89 10 0 1
46 24 28 -1 0
47 44 29 1 0
48 45 35 -1 0
49 91 19 0 1
50 39 16 -1 0
51 42 13 -1 0
52 14 14 0 1
53 40 16 -1 0
54 15 12 -1 0
55 22 35 0 -1
56 25 10 0 1
57 7 31 -1 0
58 53 33 1 0
59 44 13 0 1
60 49 0 1 0
61 79 25 1 0
62 1 1 0 -1
63 65 13 1 0
64 10 3 0 1
65 2 34 -1 0
66 93 19 -1 0
67 25 31 -1 0
68 22 2 0 1
69 58 12 0 1
70 71 30 -1 0
71 43 4 1 0
72 85 37 -1 0
73 30 10 0 1
74 2 28 1 0
75 50 25 1 0
76 29 20 -1 0
77 98 8 1 0
78 84 13 1 0
79 39 16 -1 0
80 41 22 0 1
81 83 34 0 1
82 37 15 -1 0
83 75 0 -1 0
84 22 28 1 0
85 29 21 0 -1
86 10 2 1 0
87 93 39 0 1
88 54 22 0 -1
89 86 31 -1 0
90 24 19 1 0
91 64 25 0 -1
92 97 11 0 -1
93 43 7 -1 0
94 24 31 -1 0
95 94 35 1 0
96 91 22 -1 0
97 10 14 0 1
98 74 6 0 1
99 40 39 -1 0
100 17 25 0 -1
101 57 14 0 1
102 1 27 1 0
103 50 6 0 1
104 30 11 -1 0
105 47 33 1 0
106 93 34 -1 0
107 21 0 -1 0
108 5 14 1 0
109 2 31 -1 0
110 17 14 -1 0
111 44 4 -1 0
112 46 11 1 0
113 37 2 0 -1
114 16 20 0 1
115 29 33 0 1
116 27 33 1 0
117 40 8 0 -1
118 50 3 0 1
119 41 17 0 -1
120 46 15 0 -1
121 41 29 1 0
122 61 21 -1 0
123 7 0 -1 0
124 1 18 -1 0
125 88 8 1 0
126 82 15 -1 0
127 26 25 0 1
128 54 28 0 -1
129 38 18 0 -1
130 23 33 0 -1
131 37 6 0 -1
132 26 35 0 1
133 25 7 1 0
134 27 27 1 0
135 47 1 0 -1
136 86 39 0 1
137 46 39 -1 0
138 23 34 -1 0
139 5 35 -1 0
140 63 34 0 1
141 89 8 0 -1
142 52 5 -1 0
143 83 0 0 1
144 45 3 -1 0
145 36 38 0 -1
146 24 8 0 -1
147 22 15 1 0
148 28 13 1 0
149 63 31 0 1
150 17 22 -1 0
151 44 24 -1 0
152 8 17 0 -1
153 23 35 0 -1
154 67 13 0 -1
155 0 36 -1 0
156 98 0 0 1
157 82 19 1 0
158 53 13 -1 0
159 19 12 0 1
160 3 31 0 -1
161 50 15 -1 0
162 56 27 0 1
163 3 12 0 1
164 39 19 1 0
165 70 15 0 -1
166 26 11 0 1
167 30 24 -1 0
168 18 16 0 1
169 65 7 0 -1
170 11 11 0 1
171 57 29 -1 0
172 38 19 0 1
173 21 27 0 1
174 4 9 0 -1
175 23 20 1 0
176 91 30 -1 0
177 84 15 0 1
178 26 25 1 0
179 98 14 0 1
180 91 23 0 1
181 98 39 1 0
182 57 6 0 -1
183 28 2 1 0
184 43 27 1 0
185 97 26 -1 0
186 93 15 0 1
187 36 25 0 -1
188 41 36 1 0
189 89 21 0 1
190 45 0 -1 0
191 40 9 -1 0
192 11 12 -1 0
193 27 3 -1 0
194 56 25 0 1
195 93 3 0 1
196 9 34 -1 0
197 20 21 1 0
198 89 33 1 0
199 99 1 1 0
200 30 19 0 1
201 5 20 0 1
202 29 39 -1 0
203 23 17 0 -1
204 62 36 0 1
205 35 10 1 0
206 38 30 0 1
207 86 5 0 -1
208 58 26 1 0
209 17 17 0 -1
210 2 30 -1 0
211 26 23 1 0
212 50 34 0 1
213 37 23 1 0
214 38 36 -1 0
215 80 8 -1 0
216 22 35 -1 0
217 36 38 0 1
218 28 9 0 1
219 37 9 0 1
220 56 19 0 1
221 49 37 0 1
222 22 29 0 1
223 17 11 1 0
224 67 32 0 -1
225 66 3 0 -1
226 23 5 0 1
227 81 4 1 0
228 37 28 0 -1
229 45 36 0 -1
230 83 32 0 1
231 27 20 0 -1
232 48 32 0 1
233 38 31 -1 0
234 48 26 -1 0
235 6 6 -1 0
236 28 17 1 0
237 13 30 0 -1
238 84 22 0 1
239 43 1 -1 0
240 25 17 0 1
241 14 15 0 -1
242 5 32 -1 0
243 42 35 0 1
244 2 33 1 0
245 39 38 0 -1
246 53 35 0 -1
247 71 18 0 1
248 31 8 -1 0
249 57 32 0 -1
250 57 29 0 1
251 24 5 -1 0
252 26 15 0 1
253 14 15 -1 0
254 41 31 1 0
255 75 4 0 1
256 31 3 -1 0
257 48 33 0 -1
258 61 8 -1 0
259 68 8 -1 0
260 83 4 0 1
261 39 22 0 1
262 11 20 -1 0
263 42 15 0 1
264 28 7 0 -1
265 21 32 0 1
266 26 21 0 1
267 26 35 -1 0
268 28 35 1 0
269 38 18 0 1
270 69 32 -1 0
271 39 0 0 1
272 6 29 0 -1
273 39 37 0 -1
274 29 12 0 1
275 41 29 0 1
276 27 28 0 -1
277 28 21 -1 0
278 94 20 0 -1
279 56 31 1 0
280 46 31 -1 0
281 29 31 1 0
282 0 9 1 0
283 28 39 1 0
284 25 37 0 -1
285 82 7 1 0
286 39 34 0 1
287 16 32 1 0
288 26 0 0 -1
289 28 38 1 0
290 28 8 0 -1
291 0 15 1 0
292 25 24 0 1
293 38 25 1 0
294 28 10 -1 0
295 25 7 0 -1
296 13 14 0 1
297 37 4 1 0
298 48 7 1 0
299 79 15 1 0
300 93 20 -1 0
301 88 10 0 -1
302 63 19 1 0
303 87 12 1 0
304 36 38 1 0
305 79 0 0 1
306 29 11 0 -1
307 9 19 0 1
308 99 3 -1 0
309 1 30 0 -1
310 37 39 0 -1
311 92 31 0 -1
312 59 2 0 1
313 89 1 -1 0
314 9 15 1 0
315 97 38 -1 0
316 15 11 0 1
317 3 24 -1 0
318 64 17 -1 0
319 76 37 0 -1
320 49 36 1 0
321 7 21 0 -1
322 16 2 0 1
323 36 9 1 0
324 43 30 -1 0
325 22 9 0 1
326 42 30 -1 0
327 71 19 -1 0
328 79 22 -1 0
329 60 23 1 0
330 44 26 -1 0
331 45 31 -1 0
332 50 12 1 0
333 99 11 -1 0
334 26 28 0 -1
335 96 7 0 1
336 39 38 0 -1
337 37 15 0 -1
338 12 28 1 0
339 29 2 0 -1
340 97 9 0 -1
341 11 17 -1 0
342 67 2 1 0
343 40 27 0 -1
344 80 39 0 -1
345 77 5 0 1
346 93 5 -1 0
347 21 3 0 1
348 40 16 1 0
349 42 28 -1 0
350 31 14 1 0
351 58 1 0 -1
352 30 8 -1 0
353 30 3 1 0
354 17 19 -1 0
355 63 18 -1 0
356 88 12 0 -1
357 88 9 -1 0
358 51 35 -1 0
359 27 21 -1 0
360 7 15 -1 0
361 61 22 0 1
362 53 8 1 0
363 39 16 0 -1
364 81 37 -1 0
365 7 26 0 -1
366 21 11 0 1
367 5 31 0 1
368 40 35 0 -1
369 20 7 -1 0
370 23 3 1 0
371 94 14 1 0
372 43 17 0 1
373 48 9 1 0
374 26 2 -1 0
375 29 38 -1 0
376 58 5 -1 0
377 4 36 -1 0
378 9 36 -1 0
379 29 25 -1 0
380 71 24 -1 0
381 44 29 0 -1
382 42 19 1 0
383 41 24 1 0
384 63 5 0 -1
385 79 17 0 -1
386 43 28 0 -1
387 45 5 -1 0
388 49 36 -1 0
389 88 22 0 1
390 8 34 1 0
391 90 14 0 1
392 13 0 1 0
393 65 32 0 1
394 90 37 1 0
395 76 25 1 0
396 51 18 0 1
397 99 32 0 -1
398 94 17 0 -1
399 58 16 -1 0
400 97 33 0 1
401 52 15 0 -1
402 87 4 -1 0
403 29 37 0 1
404 0 1 -1 0
405 5 36 1 0
406 27 39 1 0
407 42 33 0 -1
408 60 22 0 1
409 42 2 0 -1
410 22 28 0 -1
411 96 23 1 0
412 93 23 0 1
413 1 11 0 -1
414 30 4 0 -1
415 7 37 0 1
416 47 11 0 1
417 63 24 1 0
418 86 31 0 -1
419 25 29 0 1
420 51 28 1 0
421 24 25 0 -1
422 9 28 1 0
423 21 4 1 0
424 87 17 0 -1
425 29 13 -1 0
426 95 12 -1 0
427 40 17 1 0
428 47 16 0 1
429 37 12 -1 0
430 2 37 0 1
431 87 37 0 -1
432 40 23 -1 0
433 37 20 -1 0
434 96 25 1 0
435 18 16 0 1
436 98 32 -1 0
437 38 3 1 0
438 44 15 1 0
439 24 15 1 0
440 27 23 1 0
441 30 18 -1 0
442 91 12 0 1
443 19 27 1 0
444 81 9 1 0
445 55 0 0 -1
446 83 29 0 1
447 49 8 1 0
448 8 9 -1 0
449 15 26 1 0
450 3 20 0 -1
451 42 12 1 0
452 43 11 0 1
453 48 6 1 0
454 39 31 -1 0
455 28 14 1 0
456 37 17 0 -1
457 50 33 -1 0
458 22 6 0 -1
459 42 38 0 1
460 22 27 0 -1
461 24 24 -1 0
462 55 10 0 1
463 23 33 1 0
464 26 21 1 0
465 67 36 -1 0
466 99 18 1 0
467 81 21 0 -1
468 57 14 1 0
469 23 15 0 1
470 21 34 0 1
471 28 33 -1 0
472 25 14 0 1
473 90 28 1 0
474 97 11 0 -1
475 19 20 1 0
476 8 19 0 -1
477 92 20 -1 0
478 38 34 1 0
479 30 3 0 1
480 39 9 0 -1
481 15 34 -1 0
482 96 6 1 0
483 38 27 1 0
484 19 39 0 -1
485 36 18 0 -1
486 31 20 1 0
487 38 33 -1 0
488 17 18 0 1
489 27 3 0 -1
490 78 27 1 0
491 39 39 -1 0
492 65 3 0 -1
493 93 30 -1 0
494 38 19 0 -1
495 43 23 -1 0
496 40 29 -1 0
497 71 13 -1 0
498 63 1 0 1
499 54 27 0 -1
500 59 23 0 -1
501 8 22 0 -1
502 29 14 -1 0
503 29 27 0 -1
504 99 11 1 0
505 16 19 0 1
506 97 38 1 0
507 55 14 -1 0
508 12 37 0 -1
509 23 0 0 -1
510 27 23 -1 0
511 64 13 0 -1
512 93 13 1 0
513 23 29 0 -1
514 22 23 1 0
515 84 38 -1 0
516 88 35 0 -1
517 82 31 0 1
518 43 3 -1 0
519 10 9 -1 0
520 4 12 1 0
521 39 24 0 -1
522 54 0 0 1
523 92 13 0 1
524 50 11 0 -1
525 27 8 -1 0
526 6 9 -1 0
527 9 26 0 1
528 38 31 1 0
529 59 12 -1 0
530 41 33 0 -1
531 73 28 1 0
532 51 5 -1 0
533 48 5 0 -1
534 16 39 1 0
535 90 20 0 1
536 6 8 0 1
537 37 37 1 0
538 38 24 0 -1
539 47 34 0 1
540 95 35 0 -1
541 77 38 0 -1
542 23 20 0 1
543 6 23 -1 0
544 39 2 0 1
545 86 21 0 1
546 26 30 1 0
547 91 2 1 0
548 57 38 1 0
549 67 8 0 1
550 37 18 1 0
551 91 4 0 1
552 23 1 0 -1
553 27 10 1 0
554 50 10 1 0
555 15 15 0 -1
556 99 9 0 -1
557 9 29 1 0
558 38 10 0 -1
559 78 22 -1 0
560 4 37 0 -1
561 97 8 0 -1
562 78 3 1 0
563 19 17 0 1
564 29 34 1 0
565 34 8 -1 0
566 29 22 0 -1
567 13 32 1 0
568 20 16 0 1
569 89 14 0 -1
570 98 4 0 -1
571 30 28 -1 0
572 86 37 0 1
573 39 4 0 -1
574 85 10 0 1
575 28 12 -1 0
576 29 31 0 1
577 97 6 1 0
578 41 31 0 -1
579 13 10 0 1
580 43 15 1 0
581 31 3 0 1
582 29 14 0 -1
583 55 9 0 1
584 84 35 1 0
585 8 16 -1 0
586 86 13 -1 0
587 51 35 0 1
588 88 12 0 -1
589 45 11 1 0
590 52 13 1 0
591 24 19 1 0
592 25 10 1 0
593 84 0 -1 0
594 27 0 1 0
595 94 9 0 -1
596 23 35 1 0
597 88 22 -1 0
598 3 7 0 -1
599 16 39 0 -1
600 38 17 1 0
601 70 32 -1 0
602 28 32 0 -1
603 80 2 1 0
604 20 28 1 0
605 22 34 -1 0
606 91 11 0 -1
607 5 3 0 -1
608 28 33 1 0
609 45 28 1 0
610 14 25 0 1
611 22 3 0 -1
612 26 39 1 0
613 76 18 0 1
614 16 38 0 -1
615 45 31 0 1
616 41 35 1 0
617 36 16 0 -1
618 27 36 0 -1
619 41 28 -1 0
620 12 39 1 0
621 25 30 -1 0
622 41 32 0 -1
623 2 19 0 1
624 70 8 1 0
625 40 16 1 0
626 23 34 0 1
627 3 31 1 0
628 23 30 0 -1
629 46 5 -1 0
630 41 23 1 0
631 11 6 0 1
632 38 24 -1 0
633 19 18 0 1
634 27 18 0 1
635 3 2 1 0
636 25 2 1 0
637 38 5 1 0
638 65 25 0 -1
639 92 31 0 -1
640 45 20 -1 0
641 92 23 -1 0
642 44 25 0 1
643 55 38 1 0
644 23 12 1 0
645 24 11 0 1
646 99 18 0 1
647 39 22 0 -1
648 30 5 1 0
649 19 13 0 1
650 83 25 0 -1
651 41 38 1 0
652 75 22 1 0
653 24 1 -1 0
654 59 39 1 0
655 79 23 0 1
656 41 27 0 -1
657 41 0 0 -1
658 24 23 1 0
659 92 19 -1 0
660 96 27 -1 0
661 95 9 -1 0
662 49 19 -1 0
663 69 24 -1 0
664 90 20 0 -1
665 37 35 0 -1
666 20 23 0 -1
667 29 2 0 1
668 52 30 1 0
669 24 23 1 0
670 21 30 0 -1
671 90 10 0 1
672 96 19 0 1
673 90 25 0 1
674 37 14 0 1
675 51 8 1 0
676 58 25 0 1
677 0 35 1 0
678 68 3 1 0
679 18 24 -1 0
680 38 24 1 0
681 22 6 0 -1
682 44 0 1 0
683 15 37 0 1
684 23 21 0 -1
685 20 9 0 -1
686 22 13 0 1
687 3 8 -1 0
688 6 37 1 0
689 26 33 0 -1
690 20 17 0 1
691 30 29 0 -1
692 42 31 1 0
693 16 9 0 1
694 23 38 0 -1
695 28 10 1 0
696 32 28 1 0
697 59 32 0 1
698 92 33 -1 0
699 23 24 1 0
700 46 27 1 0
701 22 20 -1 0
702 24 18 0 -1
703 80 16 0 -1
704 42 21 0 1
705 28 0 0 1
706 59 8 1 0
707 99 4 0 1
708 38 35 -1 0
709 27 33 0 -1
710 65 32 0 -1
711 42 37 -1 0
712 44 36 -1 0
713 38 31 -1 0
714 83 8 -1 0
715 95 35 0 1
716 25 19 1 0
717 28 14 0 -1
718 22 20 1 0
719 29 8 0 -1
720 99 13 1 0
721 21 30 -1 0
722 93 3 0 -1
723 39 2 0 1
724 42 9 -1 0
725 41 33 1 0
726 13 7 0 -1
727 78 26 0 1
728 37 38 -1 0
729 88 10 1 0
730 85 36 -1 0
731 48 4 0 1
732 41 36 -1 0
733 52 24 0 -1
734 68 35 -1 0
735 92 28 0 1
736 36 12 0 1
737 6 39 1 0
738 41 7 1 0
739 97 21 1 0
740 43 14 -1 0
741 19 16 0 -1
742 93 38 1 0
743 76 30 -1 0
744 41 0 1 0
745 39 18 0 -1
746 74 19 0 1
747 9 15 0 -1
748 26 12 -1 0
749 4 25 0 1
750 4 14 -1 0
751 49 26 0 1
752 9 11 1 0
753 52 36 1 0
754 31 22 0 1
755 39 6 0 1
756 26 14 0 1
757 32 30 1 0
758 18 10 1 0
759 2 38 1 0
760 26 6 0 1
761 27 32 0 1
762 46 1 -1 0
763 85 8 1 0
764 40 25 0 1
765 24 7 0 -1
766 62 19 0 -1
767 94 24 1 0
768 80 13 1 0
769 39 5 1 0
770 22 27 0 1
771 13 21 1 0
772 96 34 0 -1
773 54 28 0 -1
774 80 29 0 -1
775 21 16 -1 0
776 8 29 0 1
777 24 28 1 0
778 45 16 0 -1
779 27 38 -1 0
780 17 16 0 1
781 24 8 0 1
782 61 30 0 -1
783 9 32 1 0
784 26 2 0 1
785 16 1 0 1
786 81 34 1 0
787 21 22 0 -1
788 85 30 1 0
789 10 13 1 0
790 42 39 -1 0
791 2 22 0 -1
792 28 23 1 0
793 8 11 -1 0
794 21 38 -1 0
795 8 14 0 1
796 15 8 0 -1
797 11 31 0 1
798 92 37 0 1
799 18 36 1 0
800 0 8 0 -1
801 10 33 -1 0
802 1 22 1 0
803 73 1 0 1
804 39 5 -1 0
805 88 31 -1 0
806 29 20 0 1
807 18 28 1 0
808 93 2 -1 0
809 40 24 -1 0
810 89 12 0 -1
811 85 23 0 -1
812 10 16 1 0
813 45 37 1 0
814 1 9 -1 0
815 7 11 -1 0
816 61 24 1 0
817 37 24 1 0
818 4 16 -1 0
819 44 3 0 1
820 88 28 1 0
821 39 8 0 1
822 38 14 -1 0
823 40 26 -1 0
824 7 33 -1 0
825 86 3 0 -1
826 27 36 0 -1
827 55 27 0 -1
828 1 28 1 0
829 23 21 1 0
830 98 29 0 1
831 17 12 1 0
832 68 0 -1 0
833 13 17 1 0
834 29 10 1 0
835 30 16 0 -1
836 44 9 1 0
837 27 4 0 -1
838 35 36 1 0
839 58 12 1 0
840 75 34 0 -1
841 29 29 1 0
842 48 19 0 -1
843 2 14 0 -1
844 27 26 1 0
845 46 8 -1 0
846 30 13 1 0
847 40 25 0 1
848 48 12 -1 0
849 40 30 1 0
850 43 2 0 1
851 42 7 -1 0
852 90 6 0 -1
853 13 27 -1 0
854 49 24 -1 0
855 6 14 -1 0
856 22 15 0 -1
857 62 9 0 1
858 45 21 0 1
859 8 1 1 0
860 4 8 -1 0
861 36 31 0 1
862 98 10 -1 0
863 42 24 0 -1
864 63 8 1 0
865 42 34 -1 0
866 73 2 0 -1
867 94 34 0 1
868 97 19 1 0
869 60 0 -1 0
870 35 38 0 -1
871 29 8 1 0
872 54 10 0 -1
873 43 28 0 1
874 39 12 0 1
875 65 8 -1 0
876 45 28 0 1
877 19 5 1 0
878 32 14 0 -1
879 44 35 1 0
880 47 31 0 -1
881 49 4 -1 0
882 90 31 -1 0
883 76 6 0 -1
884 11 39 0 -1
885 44 13 -1 0
886 99 39 0 1
887 0 1 0 -1
888 18 14 -1 0
889 53 14 0 1
890 90 15 0 1
891 36 12 0 1
892 68 28 0 1
893 9 8 0 -1
894 40 26 -1 0
895 15 30 0 -1
896 55 35 0 1
897 8 20 0 1
898 15 14 1 0
899 18 13 0 -1
900 66 12 -1 0
901 87 4 0 1
902 55 30 0 1
903 1 9 0 1
904 25 37 0 1
905 52 10 -1 0
906 44 39 -1 0
907 21 8 1 0
908 40 3 -1 0
909 23 7 1 0
910 10 26 0 1
911 17 29 -1 0
912 20 14 0 -1
913 94 30 -1 0
914 25 13 0 1
915 35 18 1 0
916 4 2 1 0
917 38 10 -1 0
918 30 11 0 1
919 38 8 0 1
920 42 37 1 0
921 24 18 -1 0
922 30 13 0 -1
923 89 2 0 1
924 30 7 -1 0
925 80 9 0 -1
926 35 11 0 -1
927 66 3 0 -1
928 58 34 -1 0
929 14 8 0 1
930 29 28 0 -1
931 30 3 -1 0
932 28 35 0 -1
933 44 4 1 0
934 35 11 0 -1
935 31 1 1 0
936 24 34 1 0
937 86 23 1 0
938 23 37 -1 0
939 46 15 1 0
940 62 26 1 0
941 1 27 0 1
942 92 26 0 1
943 62 20 1 0
944 36 14 1 0
945 53 39 1 0
946 39 15 -1 0
947 1 10 -1 0
948 39 8 0 -1
949 74 21 1 0
950 40 1 -1 0
951 43 33 0 1
952 26 6 0 1
953 28 24 0 1
954 42 2 0 1
955 72 28 1 0
956 21 8 1 0
957 21 15 1 0
958 47 27 0 -1
959 37 2 0 1
960 11 12 -1 0
961 28 37 1 0
962 31 23 -1 0
963 28 22 1 0
964 42 27 0 1
965 17 37 -1 0
966 30 38 -1 0
967 15 11 0 1
968 12 1 0 1
969 96 24 0 1
970 31 8 0 -1
971 86 29 1 0
972 47 30 1 0
973 60 34 0 1
974 57 1 1 0
975 12 19 1 0
976 28 30 0 1
977 67 0 -1 0
978 29 33 -1 0
979 23 18 -1 0
980 85 36 1 0
981 32 0 -1 0
982 9 15 -1 0
983 55 12 -1 0
984 62 12 0 1
985 99 6 -1 0
986 80 7 0 1
987 87 5 0 1
988 15 4 0 -1
989 79 37 0 -1
990 3 30 0 1
991 52 0 1 0
992 82 7 0 1
993 40 3 0 -1
994 39 36 1 0
995 48 19 -1 0
996 79 27 0 -1
997 98 23 -1 0
998 6 25 0 1
999 0 28 1 0
1000 8 30 0 1
1001 61 5 1 0
1002 35 10 1 0
1003 18 15 0 -1
1004 62 25 0 -1
1005 37 2 1 0
1006 15 24 -1 0
1007 27 19 -1 0
1008 30 17 -1 0
1009 45 14 0 -1
1010 62 18 0 -1
1011 7 13 -1 0
1012 23 0 0 1
1013 35 22 -1 0
1014 72 15 1 0
1015 3 22 0 -1
1016 26 25 0 1
1017 94 36 1 0
1018 37 9 1 0
1019 24 9 0 1
1020 38 4 1 0
1021 50 21 0 -1
1022 26 39 0 1
1023 8 15 -1 0
1024 24 22 1 0
1025 59 5 0 -1
1026 54 39 1 0
1027 42 2 -1 0
1028 32 16 0 -1
1029 20 28 -1 0
1030 23 33 0 -1
1031 64 30 -1 0
1032 21 17 0 -1
1033 82 28 0 -1
1034 41 5 -1 0
1035 46 26 -1 0
1036 64 30 0 1
1037 29 38 -1 0
1038 46 11 0 -1
1039 8 21 0 -1
1040 25 28 0 1
1041 85 9 0 -1
1042 29 15 0 1
1043 42 28 -1 0
1044 19 28 0 -1
1045 26 37 0 1
1046 73 6 -1 0
1047 83 7 0 1
1048 22 2 0 -1
1049 93 37 1 0
1050 97 15 1 0
1051 10 24 -1 0
1052 39 30 -1 0
1053 30 36 1 0
1054 85 17 0 -1
1055 30 20 1 0
1056 14 1 -1 0
1057 56 6 0 1
1058 95 6 0 1
1059 4 9 0 1
1060 40 34 0 -1
1061 44 39 1 0
1062 41 7 0 -1
1063 57 10 0 -1
1064 19 14 0 1
1065 94 22 1 0
1066 32 26 1 0
1067 57 11 0 1
1068 37 36 0 -1
1069 9 17 0 1
1070 24 14 1 0
1071 44 2 -1 0
1072 40 13 -1 0
1073 44 34 -1 0
1074 99 34 -1 0
1075 15 15 1 0
1076 37 1 -1 0
1077 3 8 0 1
1078 75 3 1 0
1079 51 3 0 -1
1080 15 7 0 1
1081 18 18 -1 0
1082 97 13 -1 0
1083 20 23 0 1
1084 23 36 0 1
1085 36 18 -1 0
1086 45 38 0 -1
1087 25 5 1 0
1088 26 15 0 1
1089 98 6 1 0
1090 40 11 0 1
1091 51 7 0 -1
1092 95 15 0 1
1093 13 34 0 1
1094 43 36 0 1
1095 7 10 -1 0
1096 65 35 -1 0
1097 19 39 0 1
1098 95 37 1 0
1099 50 37 0 -1
1100 53 31 1 0
1101 43 35 -1 0
1102 19 12 1 0
1103 82 27 1 0
1104 83 35 1 0
1105 50 30 0 -1
1106 23 29 0 -1
1107 21 34 1 0
1108 8 22 1 0
1109 40 20 1 0
1110 38 29 0 1
1111 28 1 0 -1
1112 64 9 0 -1
1113 71 15 -1 0
1114 13 1 1 0
1115 38 9 0 1
1116 24 12 1 0
1117 95 39 0 -1
1118 18 32 -1 0
1119 2 31 0 1
1120 25 18 0 1
1121 83 30 -1 0
1122 8 10 1 0
1123 20 7 -1 0
1124 76 21 1 0
1125 40 32 1 0
1126 83 15 1 0
1127 22 38 1 0
1128 15 22 0 -1
1129 55 27 0 -1
1130 26 36 -1 0
1131 30 10 0 1
1132 41 2 0 -1
1133 17 16 -1 0
1134 25 7 -1 0
1135 94 32 0 1
1136 61 38 1 0
1137 88 20 1 0
1138 65 9 0 -1
1139 62 8 0 1
1140 12 13 0 1
1141 23 37 -1 0
1142 38 7 0 -1
1143 39 6 1 0
1144 24 17 -1 0
1145 35 15 0 -1
1146 28 2 -1 0
1147 42 32 -1 0
1148 78 2 0 -1
1149 69 27 0 -1
1150 56 29 1 0
1151 37 0 0 1
1152 35 9 0 1
1153 67 1 -1 0
1154 27 11 -1 0
1155 62 2 0 1
1156 28 23 0 1
1157 49 35 1 0
1158 96 19 -1 0
1159 2 30 -1 0
1160 92 15 0 1
1161 48 15 1 0
1162 37 25 0 1
1163 48 23 -1 0
1164 40 39 -1 0
1165 12 10 -1 0
1166 47 13 0 1
1167 35 11 -1 0
1168 40 25 0 -1
1169 8 39 1 0
1170 29 20 1 0
1171 36 33 0 -1
1172 76 17 1 0
1173 23 34 1 0
1174 79 38 0 -1
1175 17 7 1 0
1176 25 25 1 0
1177 24 27 -1 0
1178 37 31 -1 0
1179 43 15 -1 0
1180 14 7 1 0
1181 0 39 -1 0
1182 26 7 0 -1
1183 42 34 -1 0
1184 82 10 0 1
1185 36 31 -1 0
1186 14 38 -1 0
1187 21 21 -1 0
1188 98 13 -1 0
1189 41 3 -1 0
1190 20 26 0 -1
1191 41 8 0 -1
1192 63 11 0 1
1193 15 9 0 -1
1194 29 3 0 -1
1195 95 32 0 -1
1196 5 23 -1 0
1197 6 22 0 1
1198 26 38 0 1
1199 38 6 0 1
1200 30 4 1 0
1201 36 10 0 -1
1202 30 25 1 0
1203 40 36 0 1
1204 15 4 -1 0
1205 0 35 1 0
1206 57 14 -1 0
1207 46 15 0 1
1208 24 0 0 -1
1209 44 17 -1 0
1210 21 2 -1 0
1211 19 20 1 0
1212 19 0 1 0
1213 67 16 1 0
1214 60 34 0 1
1215 4 29 0 1
1216 92 11 0 1
1217 39 5 0 1
1218 27 25 0 -1
1219 14 10 0 -1
1220 11 7 0 1
1221 81 15 0 -1
1222 37 7 0 -1
1223 27 16 1 0
1224 39 29 0 -1
1225 83 29 0 1
1226 91 20 -1 0
1227 39 33 -1 0
1228 87 4 0 -1
1229 44 26 -1 0
1230 25 16 0 1
1231 48 31 0 1
1232 78 5 0 -1
1233 88 21 1 0
1234 16 37 1 0
1235 27 35 1 0
1236 21 37 -1 0
1237 36 32 -1 0
1238 19 14 1 0
1239 2 17 -1 0
1240 94 20 0 1
1241 29 0 0 -1
1242 18 24 0 -1
1243 43 27 0 1
1244 3 10 1 0
1245 12 15 0 -1
1246 42 5 1 0
1247 39 15 0 1
1248 35 31 1 0
1249 39 23 0 1
1250 2 1 1 0
1251 23 37 0 1
1252 22 15 0 1
1253 49 8 0 -1
1254 13 35 1 0
1255 13 33 1 0
1256 38 11 0 1
1257 84 10 -1 0
1258 16 26 0 1
1259 89 1 1 0
1260 72 15 -1 0
1261 22 5 0 1
1262 7 23 -1 0
1263 25 39 1 0
1264 47 18 0 -1
1265 35 39 0 -1
1266 26 24 0 1
1267 10 22 0 -1
1268 79 27 -1 0
1269 22 5 1 0
1270 29 37 -1 0
1271 1 18 0 1
1272 6 9 1 0
1273 40 27 0 -1
1274 3 9 -1 0
1275 26 17 1 0
1276 2 35 -1 0
1277 63 3 1 0
1278 31 18 -1 0
1279 95 16 0 1
1280 28 28 0 1
1281 93 34 -1 0
1282 75 32 -1 0
1283 13 35 0 1
1284 55 13 0 -1
1285 26 1 0 1
1286 19 35 0 -1
1287 12 30 1 0
1288 99 34 0 1
1289 89 3 -1 0
1290 58 36 -1 0
1291 36 12 1 0
1292 53 36 0 1
1293 98 16 0 -1
1294 58 38 -1 0
1295 16 2 0 1
1296 41 26 -1 0
1297 44 37 0 -1
1298 17 5 1 0
1299 25 1 -1 0
1300 30 26 0 -1
1301 20 18 -1 0
1302 59 16 -1 0
1303 72 6 0 -1
1304 29 13 0 1
1305 4 24 1 0
1306 56 5 1 0
1307 34 8 0 1
1308 61 28 -1 0
1309 16 29 1 0
1310 48 11 -1 0
1311 20 5 1 0
1312 44 23 0 1
1313 18 27 -1 0
1314 21 7 1 0
1315 5 16 1 0
1316 8 30 0 -1
1317 80 39 0 1
1318 84 18 0 -1
1319 41 11 -1 0
1320 1 7 1 0
1321 43 14 0 1
1322 42 30 0 1
1323 75 6 0 -1
1324 90 20 0 1
1325 88 9 -1 0
1326 76 23 -1 0
1327 18 15 0 1
1328 24 15 1 0
1329 36 11 -1 0
1330 43 8 0 1
1331 25 36 0 1
1332 97 5 0 -1
1333 42 18 0 -1
1334 92 22 -1 0
1335 44 26 -1 0
1336 57 8 0 -1
1337 37 29 -1 0
1338 16 24 1 0
1339 25 2 1 0
1340 27 21 1 0
1341 49 27 -1 0
1342 40 9 0 1
1343 55 9 0 1
1344 17 0 1 0
1345 75 36 0 1
1346 38 36 -1 0
1347 52 19 1 0
1348 47 31 0 1
1349 26 21 1 0
1350 1 35 1 0
1351 32 0 1 0
1352 70 32 0 1
1353 44 17 0 1
1354 78 3 -1 0
1355 27 18 1 0
1356 5 32 1 0
1357 22 4 0 1
1358 3 10 -1 0
1359 65 6 1 0
1360 51 39 0 -1
1361 53 4 1 0
1362 1 18 1 0
1363 11 20 1 0
1364 40 2 0 -1
1365 51 33 0 -1
1366 24 23 -1 0
1367 89 33 -1 0
1368 32 26 -1 0
1369 49 38 0 1
1370 50 28 0 1
1371 62 31 0 -1
1372 23 23 0 -1
1373 23 19 0 -1
1374 9 28 0 -1
1375 49 19 0 1
1376 36 6 0 -1
1377 23 9 1 0
1378 13 26 1 0
1379 27 0 0 -1
1380 75 21 0 1
1381 27 30 1 0
1382 29 19 -1 0
1383 84 27 1 0
1384 56 16 0 1
1385 59 18 0 -1
1386 62 11 0 -1
1387 13 37 1 0
1388 43 28 0 -1
1389 88 30 -1 0
1390 32 16 0 -1
1391 7 18 0 1
1392 80 35 0 -1
1393 77 3 0 1
1394 94 21 1 0
1395 30 21 0 1
1396 47 33 1 0
1397 29 26 0 -1
1398 25 15 -1 0
1399 88 15 -1 0
1400 85 34 -1 0
1401 31 25 1 0
1402 96 6 -1 0
1403 39 11 0 1
1404 12 5 -1 0
1405 20 32 0 1
1406 11 20 1 0
1407 30 38 -1 0
1408 77 5 0 -1
1409 87 13 0 -1
1410 4 6 1 0
1411 13 19 -1 0
1412 7 27 -1 0
1413 41 36 0 -1
1414 29 19 0 1
1415 20 23 -1 0
1416 1 7 1 0
1417 54 17 0 -1
1418 50 25 -1 0
1419 4 32 1 0
1420 97 19 -1 0
1421 94 24 0 -1
1422 48 26 0 1
1423 67 12 -1 0
1424 37 0 0 1
1425 27 37 -1 0
1426 83 36 -1 0
1427 36 15 -1 0
1428 20 10 0 -1
1429 39 8 1 0
1430 3 28 -1 0
1431 41 25 -1 0
1432 4 32 1 0
1433 35 12 0 -1
1434 85 8 0 -1
1435 7 4 0 -1
1436 15 15 1 0
1437 45 29 0 -1
1438 45 37 0 1
1439 73 23 0 1
1440 26 38 0 -1
1441 21 33 -1 0
1442 12 11 0 1
1443 63 26 0 -1
1444 65 28 0 1
1445 4 24 -1 0
1446 13 19 1 0
1447 24 26 1 0
1448 28 16 0 1
1449 47 33 -1 0
1450 41 4 0 1
1451 95 7 -1 0
1452 28 34 0 -1
1453 82 30 -1 0
1454 31 20 0 -1
1455 11 19 1 0
1456 18 18 -1 0
1457 29 30 0 -1
1458 48 17 0 -1
1459 31 22 0 -1
1460 13 19 -1 0
1461 89 31 -1 0
1462 28 31 -1 0
1463 64 27 -1 0
1464 49 9 0 -1
1465 8 27 -1 0
1466 44 20 1 0
1467 55 16 0 1
1468 19 15 1 0
1469 41 35 1 0
1470 19 5 1 0
1471 49 33 0 1
1472 59 32 0 -1
1473 95 36 0 -1
1474 35 10 1 0
1475 0 30 -1 0
1476 21 2 1 0
1477 45 9 0 -1
1478 35 23 -1 0
1479 6 5 0 -1
1480 99 1 -1 0
1481 78 13 0 1
1482 31 17 -1 0
1483 42 32 0 -1
1484 53 14 0 1
1485 44 21 -1 0
1486 74 38 0 -1
1487 69 3 0 1
1488 44 35 1 0
1489 30 4 0 1
1490 53 15 -1 0
1491 31 17 0 1
1492 18 7 0 1
1493 20 10 1 0
1494 11 18 0 1
1495 35 38 0 -1
1496 31 9 1 0
1497 97 28 0 1
1498 77 1 -1 0
1499 5 34 0 1
1500 51 37 0 1
1501 10 6 1 0
1502 1 0 -1 0
1503 38 12 -1 0
1504 44 36 -1 0
1505 20 17 1 0
1506 94 27 -1 0
1507 4 12 -1 0
1508 24 27 1 0
1509 55 4 0 -1
1510 56 19 0 1
1511 41 1 -1 0
1512 49 2 0 1
1513 52 25 0 1
1514 89 29 0 -1
1515 17 9 1 0
1516 96 27 0 -1
1517 26 26 1 0
1518 35 23 0 -1
1519 99 28 1 0
1520 6 34 -1 0
1521 41 3 1 0
1522 34 25 0 1
1523 37 18 -1 0
1524 52 36 1 0
1525 22 34 -1 0
1526 96 12 0 -1
1527 15 16 0 -1
1528 26 8 1 0
1529 77 0 0 -1
1530 64 8 0 1
1531 70 27 1 0
1532 64 10 0 -1
1533 71 0 -1 0
1534 37 1 1 0
1535 24 3 -1 0
1536 3 36 1 0
1537 56 28 -1 0
1538 6 39 0 1
1539 24 17 1 0
1540 25 35 1 0
1541 26 37 1 0
1542 30 15 1 0
1543 93 22 1 0
1544 70 29 1 0
1545 70 30 0 -1
1546 98 32 0 1
1547 29 15 -1 0
1548 99 7 0 1
1549 87 23 1 0
1550 18 23 -1 0
1551 27 12 1 0
1552 47 39 -1 0
1553 26 18 -1 0
1554 70 17 1 0
1555 55 0 0 1
1556 27 24 0 1
1557 64 4 1 0
1558 24 13 0 1
1559 77 7 0 1
1560 14 14 -1 0
1561 91 32 1 0
1562 13 38 0 1
1563 50 0 1 0
1564 37 39 0 1
1565 26 35 -1 0
1566 20 21 0 -1
1567 43 34 0 -1
1568 2 15 -1 0
1569 13 15 1 0
1570 39 14 -1 0
1571 44 0 0 -1
1572 3 27 -1 0
1573 92 15 1 0
1574 23 12 0 1
1575 90 12 1 0
1576 32 38 1 0
1577 27 11 -1 0
1578 13 3 0 1
1579 27 11 0 -1
1580 40 29 1 0
1581 42 23 1 0
1582 51 25 -1 0
1583 94 28 -1 0
1584 91 31 1 0
1585 27 27 0 -1
1586 38 9 -1 0
1587 79 0 0 1
1588 42 0 0 1
1589 29 3 1 0
1590 84 8 0 1
1591 38 17 1 0
1592 18 31 1 0
1593 15 27 1 0
1594 39 20 0 1
1595 3 0 -1 0
1596 45 11 0 1
1597 14 26 1 0
1598 89 32 0 1
1599 99 33 0 -1
1600 44 2 0 -1
1601 60 30 0 -1
1602 91 29 0 -1
1603 41 18 -1 0
1604 6 5 -1 0
1605 95 21 1 0
1606 32 36 1 0
1607 79 5 -1 0
1608 44 15 1 0
1609 56 20 -1 0
1610 39 25 -1 0
1611 9 6 0 1
1612 1 25 0 -1
1613 77 34 1 0
1614 18 36 -1 0
1615 32 0 -1 0
1616 81 30 0 1
1617 47 29 -1 0
1618 88 30 1 0
1619 13 30 -1 0
1620 1 14 1 0
1621 16 16 1 0
1622 26 36 0 1
1623 51 5 0 -1
1624 39 26 -1 0
1625 36 27 -1 0
1626 56 30 -1 0
1627 62 22 -1 0
1628 92 7 -1 0
1629 36 19 0 1
1630 90 21 0 -1
1631 37 37 0 1
1632 39 17 0 -1
1633 17 21 1 0
1634 58 39 -1 0
1635 30 39 0 1
1636 13 36 0 -1
1637 39 2 -1 0
1638 95 20 1 0
1639 37 33 -1 0
1640 39 10 -1 0
1641 54 33 1 0
1642 2 6 1 0
1643 11 8 0 -1
1644 39 4 -1 0
1645 38 4 0 -1
1646 71 16 0 -1
1647 63 16 0 -1
1648 55 24 0 1
1649 37 17 1 0
1650 35 38 0 -1
1651 40 32 0 1
1652 64 1 1 0
1653 15 27 -1 0
1654 44 11 0 1
1655 25 27 0 -1
1656 24 18 0 1
1657 45 10 1 0
1658 27 32 0 -1
1659 31 37 0 -1
1660 70 27 1 0
1661 39 30 1 0
1662 57 16 0 -1
1663 92 14 0 1
1664 46 4 0 -1
1665 5 8 0 1
1666 7 8 0 1
1667 30 9 0 1
1668 24 29 -1 0
1669 41 25 -1 0
1670 26 19 1 0
1671 67 14 1 0
1672 8 1 -1 0
1673 16 10 -1 0
1674 55 5 0 -1
1675 98 6 -1 0
1676 18 20 0 -1
1677 11 5 1 0
1678 86 31 -1 0
1679 75 18 1 0
1680 83 14 -1 0
1681 3 39 1 0
1682 47 21 -1 0
1683 86 26 0 -1
1684 49 31 0 1
1685 97 32 0 1
1686 20 2 1 0
1687 38 30 0 1
1688 7 8 0 1
1689 80 30 -1 0
1690 21 28 -1 0
1691 54 30 1 0
1692 28 39 0 1
1693 38 14 1 0
1694 6 12 1 0
1695 64 16 0 -1
1696 56 22 0 1
1697 51 29 0 -1
1698 43 36 1 0
1699 23 28 1 0
1700 8 27 0 -1
1701 75 4 -1 0
1702 36 32 1 0
1703 77 31 1 0
1704 95 11 0 1
1705 46 10 0 1
1706 65 22 1 0
1707 42 38 0 1
1708 40 31 0 -1
1709 45 37 0 1
1710 16 12 0 -1
1711 89 2 0 1
1712 94 4 1 0
1713 94 14 -1 0
1714 41 32 1 0
1715 19 10 1 0
1716 46 21 0 1
1717 24 32 1 0
1718 91 20 1 0
1719 18 36 0 -1
1720 40 11 1 0
1721 50 3 -1 0
1722 19 24 1 0
1723 13 1 1 0
1724 40 19 0 1
1725 43 36 1 0
1726 71 8 -1 0
1727 37 6 -1 0
1728 8 1 1 0
1729 91 31 -1 0
1730 26 38 0 1
1731 29 18 0 1
1732 88 12 -1 0
1733 37 13 0 -1
1734 56 17 1 0
1735 30 39 1 0
1736 39 32 1 0
1737 54 28 0 1
1738 79 27 -1 0
1739 37 3 1 0
1740 92 33 -1 0
1741 73 21 -1 0
1742 99 16 0 1
1743 45 35 -1 0
1744 12 7 1 0
1745 43 2 -1 0
1746 17 28 0 -1
1747 12 17 -1 0
1748 39 32 -1 0
1749 68 15 0 -1
1750 20 18 0 1
1751 76 3 0 -1
1752 12 31 1 0
1753 61 18 1 0
1754 18 29 0 1
1755 83 16 0 -1
1756 24 0 0 -1
1757 42 25 0 1
1758 4 29 0 -1
1759 87 27 -1 0
1760 25 1 1 0
1761 25 33 1 0
1762 31 14 -1 0
1763 89 3 1 0
1764 40 38 -1 0
1765 6 0 1 0
1766 62 36 -1 0
1767 10 21 1 0
1768 15 32 0 1
1769 91 12 1 0
1770 79 23 0 1
1771 39 13 -1 0
1772 72 39 1 0
1773 99 31 0 -1
1774 73 4 0 -1
1775 23 22 -1 0
1776 17 6 -1 0
1777 95 38 -1 0
1778 22 22 0 -1
1779 83 3 1 0
1780 13 20 0 -1
1781 28 6 -1 0
1782 51 20 0 1
1783 31 24 0 1
1784 0 0 0 1
1785 91 1 -1 0
1786 24 11 1 0
1787 85 6 0 -1
1788 89 33 -1 0
1789 29 19 1 0
1790 44 36 0 -1
1791 80 4 0 1
1792 94 14 -1 0
1793 50 8 0 -1
1794 26 31 0 1
1795 25 22 0 1
1796 98 15 0 1
1797 40 37 0 -1
1798 4 36 -1 0
1799 8 20 0 1
1800 36 36 -1 0
1801 27 35 0 1
1802 24 19 0 -1
1803 27 31 1 0
1804 16 2 0 1
1805 58 19 1 0
1806 18 15 0 -1
1807 44 0 0 -1
1808 75 3 0 -1
1809 73 39 0 1
1810 41 7 -1 0
1811 28 18 -1 0
1812 47 9 1 0
1813 21 24 -1 0
1814 82 38 0 -1
1815 71 16 1 0
1816 51 4 -1 0
1817 41 31 0 1
1818 37 3 0 -1
1819 55 38 -1 0
1820 71 0 0 1
1821 40 21 -1 0
1822 48 12 0 -1
1823 0 8 0 -1
1824 99 35 1 0
1825 31 9 -1 0
1826 22 4 0 1
1827 95 19 1 0
1828 40 23 -1 0
1829 29 17 1 0
1830 39 10 0 -1
1831 38 25 0 1
1832 27 8 0 -1
1833 87 7 1 0
1834 59 15 0 1
1835 26 26 0 -1
1836 1 36 0 -1
1837 37 9 -1 0
1838 24 37 -1 0
1839 39 17 0 -1
1840 67 37 -1 0
1841 6 6 0 1
1842 40 22 1 0
1843 23 23 1 0
1844 65 34 0 -1
1845 46 6 0 -1
1846 12 20 0 -1
1847 58 5 0 -1
1848 39 11 -1 0
1849 94 37 0 -1
1850 25 0 1 0
1851 91 26 0 -1
1852 64 36 0 -1
1853 78 10 0 -1
1854 55 4 0 1
1855 45 32 -1 0
1856 36 27 -1 0
1857 42 6 1 0
1858 17 8 0 1
1859 63 32 1 0
1860 11 13 0 -1
1861 3 9 0 -1
1862 42 19 0 -1
1863 28 31 0 1
1864 26 16 0 -1
1865 7 20 -1 0
1866 48 4 0 -1
1867 75 8 -1 0
1868 95 21 -1 0
1869 36 14 0 -1
1870 82 24 0 1
1871 18 29 1 0
1872 6 2 0 1
1873 42 32 0 -1
1874 30 13 0 1
1875 41 34 1 0
1876 54 30 1 0
1877 59 15 0 1
1878 76 16 -1 0
1879 72 3 0 -1
1880 46 38 0 -1
1881 20 20 -1 0
1882 17 19 -1 0
1883 13 33 1 0
1884 15 22 -1 0
1885 85 25 0 1
1886 65 1 0 -1
1887 43 14 -1 0
1888 6 11 0 1
1889 46 14 0 1
1890 92 2 1 0
1891 15 29 -1 0
1892 21 7 -1 0
1893 57 7 0 1
1894 42 13 0 1
1895 22 28 0 -1
1896 54 17 -1 0
1897 65 21 0 1
1898 18 26 0 1
1899 87 15 0 1
1900 54 19 0 1
1901 44 23 -1 0
1902 6 36 -1 0
1903 40 8 -1 0
1904 68 1 0 -1
1905 11 5 0 -1
1906 18 29 0 -1
1907 38 6 1 0
1908 61 22 1 0
1909 41 35 0 1
1910 17 16 0 1
1911 43 12 1 0
1912 60 12 -1 0
1913 37 4 0 -1
1914 28 12 1 0
1915 37 1 0 -1
1916 44 5 0 -1
1917 89 24 1 0
1918 51 3 0 1
1919 40 23 1 0
1920 42 3 0 -1
1921 27 27 1 0
1922 54 14 -1 0
1923 40 1 -1 0
1924 77 6 0 1
1925 91 19 0 -1
1926 96 5 -1 0
1927 26 27 1 0
1928 30 1 0 1
1929 29 29 0 -1
1930 38 16 0 -1
1931 36 33 -1 0
1932 59 30 0 1
1933 44 14 0 -1
1934 20 29 0 1
1935 13 6 0 1
1936 85 18 0 1
1937 28 32 0 -1
1938 97 5 0 1
1939 7 7 -1 0
1940 23 5 1 0
1941 24 14 1 0
1942 14 15 -1 0
1943 41 28 -1 0
1944 51 16 1 0
1945 22 18 1 0
1946 21 25 -1 0
1947 22 39 1 0
1948 73 14 1 0
1949 30 20 -1 0
1950 38 35 0 1
1951 80 6 -1 0
1952 21 24 -1 0
1953 37 0 1 0
1954 31 16 0 -1
1955 26 8 0 -1
1956 6 25 0 -1
1957 93 4 1 0
1958 42 26 0 1
1959 81 34 1 0
1960 3 2 0 1
1961 92 25 1 0
1962 40 5 0 1
1963 25 19 -1 0
1964 28 17 -1 0
1965 26 19 0 1
1966 74 10 -1 0
1967 71 25 0 1
1968 38 26 -1 0
1969 5 36 -1 0
1970 41 5 0 1
1971 38 22 -1 0
1972 39 36 0 1
1973 22 16 0 -1
1974 95 28 0 1
1975 45 26 1 0
1976 26 28 1 0
1977 60 18 0 -1
1978 27 35 -1 0
1979 26 37 0 1
1980 40 38 -1 0
1981 93 23 -1 0
1982 38 39 -1 0
1983 11 37 1 0
1984 45 33 0 -1
1985 13 13 -1 0
1986 98 11 1 0
1987 42 39 0 -1
1988 56 21 -1 0
1989 72 21 -1 0
1990 43 12 -1 0
1991 40 8 -1 0
1992 25 18 0 1
1993 7 34 0 -1
1994 53 20 0 -1
1995 41 22 1 0
1996 59 19 -1 0
1997 80 15 1 0
1998 29 17 0 -1
1999 3 15 0 1
2000 0 12 -1 0
2001 19 2 -1 0
2002 59 39 -1 0
2003 99 5 -1 0
2004 24 15 -1 0
2005 25 34 0 -1
2006 37 11 0 1
2007 8 9 1 0
2008 78 31 -1 0
2009 28 21 1 0
2010 10 37 0 -1
2011 28 26 0 -1
2012 82 1 -1 0
2013 25 9 0 1
2014 78 15 -1 0
2015 29 34 1 0
2016 80 39 1 0
2017 45 38 0 -1
2018 55 22 -1 0
2019 32 32 0 -1
2020 93 3 0 -1
2021 42 39 1 0
2022 40 24 1 0
2023 27 18 -1 0
2024 5 20 0 -1
2025 97 19 0 1
2026 45 8 0 -1
2027 67 35 -1 0
2028 38 2 1 0
2029 30 20 1 0
2030 41 6 0 1
2031 99 39 0 -1
2032 55 3 1 0
2033 27 17 0 1
2034 42 33 0 -1
2035 0 39 -1 0
2036 44 15 0 1
2037 18 18 1 0
2038 27 19 0 1
2039 29 18 0 1
2040 21 17 0 -1
2041 46 13 0 1
2042 30 7 -1 0
2043 43 39 0 -1
2044 27 36 0 -1
2045 25 39 -1 0
2046 12 8 0 1
2047 53 33 -1 0
2048 52 24 0 1
2049 94 21 -1 0
2050 28 8 -1 0
2051 72 1 0 1
2052 17 2 -1 0
2053 2 28 -1 0
2054 72 31 -1 0
2055 53 17 0 1
2056 88 13 1 0
2057 19 19 0 -1
2058 91 0 1 0
2059 39 15 1 0
2060 78 32 1 0
2061 85 23 0 1
2062 64 39 0 -1
2063 83 11 1 0
2064 26 15 1 0
2065 29 33 0 -1
2066 26 34 0 -1
2067 30 12 -1 0
2068 18 34 0 -1
2069 43 27 0 -1
2070 93 25 0 -1
2071 37 21 0 1
2072 16 5 1 0
2073 70 21 0 1
2074 26 32 0 1
2075 95 30 -1 0
2076 12 17 0 1
2077 79 29 1 0
2078 64 8 -1 0
2079 28 30 -1 0
2080 72 9 0 1
2081 21 31 0 -1
2082 38 32 -1 0
2083 80 26 0 -1
2084 92 7 1 0
2085 21 32 0 -1
2086 71 30 0 -1
2087 10 10 0 -1
2088 41 16 0 1
2089 99 4 1 0
2090 15 17 0 -1
2091 51 34 -1 0
2092 4 27 1 0
2093 66 25 0 1
2094 36 24 1 0
2095 27 2 0 -1
2096 53 23 0 1
2097 36 35 1 0
2098 49 38 0 1
2099 6 0 -1 0
2100 27 6 -1 0
2101 25 8 0 -1
2102 54 35 0 1
2103 44 39 0 -1
2104 3 36 -1 0
2105 1 20 0 -1
2106 37 3 1 0
2107 25 22 -1 0
2108 49 16 0 1
2109 66 14 1 0
2110 78 1 1 0
2111 46 35 0 1
2112 26 13 1 0
2113 24 33 1 0
2114 84 15 0 1
2115 39 9 0 1
2116 27 19 1 0
2117 23 20 -1 0
2118 40 27 0 1
2119 43 37 0 1
2120 26 34 -1 0
2121 78 19 0 1
2122 38 25 0 -1
2123 50 25 -1 0
2124 73 4 0 1
2125 0 29 0 -1
2126 4 23 1 0
2127 30 2 -1 0
2128 69 24 -1 0
2129 49 10 0 -1
2130 37 7 0 -1
2131 23 28 0 1
2132 29 38 0 1
2133 88 25 0 1
2134 37 24 1 0
2135 51 33 0 -1
2136 99 18 1 0
2137 87 29 -1 0
2138 88 39 0 -1
2139 25 16 1 0
2140 26 17 -1 0
2141 50 6 0 1
2142 37 4 0 -1
2143 90 23 1 0
2144 48 9 0 -1
2145 63 22 0 -1
2146 30 24 0 -1
2147 59 14 0 -1
2148 3 6 1 0
2149 74 24 0 -1
2150 72 16 0 -1
2151 20 20 0 -1
2152 29 13 1 0
2153 39 37 0 1
2154 25 14 0 -1
2155 69 33 0 1
2156 27 9 0 1
2157 14 18 -1 0
2158 21 27 0 -1
2159 40 18 -1 0
2160 29 5 0 1
2161 98 34 0 -1
2162 44 37 0 -1
2163 9 22 0 -1
2164 38 27 0 1
2165 19 18 0 1
2166 41 38 1 0
2167 4 34 0 1
2168 31 20 0 -1
2169 26 0 0 -1
2170 19 18 1 0
2171 64 11 0 1
2172 41 16 0 -1
2173 95 15 -1 0
2174 43 33 1 0
2175 13 34 0 -1
2176 25 0 0 -1
2177 92 31 0 1
2178 17 35 0 1
2179 42 5 0 -1
2180 54 19 0 1
2181 28 33 1 0
2182 69 11 1 0
2183 13 11 -1 0
2184 49 34 0 -1
2185 23 35 1 0
2186 50 26 0 1
2187 14 22 0 1
2188 78 19 0 1
2189 27 38 0 1
2190 42 31 -1 0
2191 27 17 -1 0
2192 80 24 -1 0
2193 7 17 -1 0
2194 28 36 0 1
2195 26 5 -1 0
2196 51 18 -1 0
2197 45 35 0 -1
2198 88 35 -1 0
2199 66 5 -1 0
2200 48 15 1 0
2201 46 4 0 -1
2202 26 18 0 1
2203 58 26 -1 0
2204 76 0 0 1
2205 31 2 1 0
2206 26 8 1 0
2207 38 11 -1 0
2208 9 29 0 1
2209 40 14 0 1
2210 77 8 0 1
2211 0 39 1 0
2212 52 37 0 -1
2213 20 37 1 0
2214 25 36 0 1
2215 94 7 0 1
2216 27 3 0 -1
2217 93 21 1 0
2218 14 36 -1 0
2219 78 14 -1 0
2220 26 39 0 -1
2221 47 37 0 -1
2222 28 27 1 0
2223 28 31 0 1
2224 87 24 1 0
2225 16 18 0 1
2226 28 34 0 -1
2227 41 14 1 0
2228 50 14 1 0
2229 55 29 0 1
2230 8 39 -1 0
2231 11 38 1 0
2232 93 38 -1 0
2233 91 34 1 0
2234 42 4 0 -1
2235 22 8 1 0
2236 70 25 0 1
2237 21 26 0 1
2238 12 30 0 -1
2239 37 24 0 -1
2240 24 17 0 1
2241 42 33 0 -1
2242 27 34 1 0
2243 44 30 -1 0
2244 91 35 -1 0
2245 98 32 -1 0
2246 58 7 1 0
2247 13 36 1 0
2248 0 37 0 -1
2249 11 3 1 0
2250 97 27 1 0
2251 59 38 1 0
2252 95 35 0 -1
2253 11 33 1 0
2254 39 25 0 1
2255 40 18 0 -1
2256 39 18 1 0
2257 82 4 -1 0
2258 86 20 0 1
2259 25 35 0 -1
2260 46 32 -1 0
2261 37 8 0 1
2262 31 21 0 1
2263 36 3 0 -1
2264 36 28 0 -1
2265 25 34 0 -1
2266 38 3 0 1
2267 14 18 1 0
2268 31 26 0 1
2269 40 37 0 1
2270 30 27 1 0
2271 77 13 0 1
2272 13 10 1 0
2273 46 25 0 1
2274 20 25 -1 0
2275 21 28 0 -1
2276 68 15 0 1
2277 90 35 0 -1
2278 27 38 -1 0
2279 1 27 0 1
2280 17 10 1 0
2281 22 13 1 0
2282 90 6 -1 0
2283 0 6 0 -1
2284 23 32 0 -1
2285 36 37 0 1
2286 25 0 0 -1
2287 91 9 1 0
2288 58 19 0 1
2289 8 28 0 -1
2290 55 1 1 0
2291 41 34 1 0
2292 28 39 0 1
2293 15 30 1 0
2294 88 35 0 -1
2295 51 23 -1 0
2296 22 1 0 -1
2297 27 21 0 -1
2298 11 35 0 1
2299 70 11 0 -1
2300 76 2 -1 0
2301 40 20 0 -1
2302 38 30 0 1
2303 16 37 -1 0
2304 30 30 1 0
2305 52 26 0 1
2306 68 30 1 0
2307 49 2 1 0
2308 28 32 0 -1
2309 10 1 0 1
2310 81 31 0 1
2311 26 18 0 1
2312 53 20 1 0
2313 25 38 -1 0
2314 87 29 0 -1
2315 23 6 -1 0
2316 38 18 0 -1
2317 30 16 0 1
2318 35 37 1 0
2319 80 37 1 0
2320 54 15 0 1
2321 72 33 1 0
2322 91 17 0 -1
2323 26 27 1 0
2324 29 21 1 0
2325 14 24 -1 0
2326 89 23 -1 0
2327 19 37 -1 0
2328 91 11 0 -1
2329 43 11 -1 0
2330 25 14 -1 0
2331 41 33 -1 0
2332 26 4 0 1
2333 14 1 -1 0
2334 48 31 -1 0
2335 28 5 0 -1
2336 79 7 -1 0
2337 76 12 1 0
2338 98 38 1 0
2339 51 17 0 -1
2340 96 19 -1 0
2341 19 25 1 0
2342 47 39 1 0
2343 47 34 0 -1
2344 28 17 0 1
2345 40 31 0 -1
2346 36 10 -1 0
2347 43 8 0 1
2348 30 11 1 0
2349 1 4 0 -1
2350 55 9 0 -1
2351 24 14 0 1
2352 63 32 -1 0
2353 37 5 1 0
2354 76 34 0 1
2355 96 4 0 -1
2356 26 14 0 1
2357 19 35 1 0
2358 27 39 -1 0
2359 76 7 1 0
2360 28 30 0 1
2361 48 1 1 0
2362 29 29 1 0
2363 23 27 -1 0
2364 25 39 0 1
2365 52 33 0 1
2366 91 5 0 1
2367 99 37 1 0
2368 29 31 -1 0
2369 56 35 0 1
2370 63 35 0 1
2371 94 12 0 -1
2372 37 5 1 0
2373 24 16 -1 0
2374 81 34 0 -1
2375 46 32 0 -1
2376 28 10 0 -1
2377 16 11 0 -1
2378 90 5 0 -1
2379 58 31 1 0
2380 39 25 -1 0
2381 29 35 0 -1
2382 27 29 0 1
2383 99 25 0 -1
2384 81 35 0 -1
2385 40 14 0 1
2386 7 14 0 1
2387 21 4 0 1
2388 17 36 0 -1
2389 25 8 0 -1
2390 50 31 1 0
2391 28 11 -1 0
2392 29 21 0 -1
2393 25 38 -1 0
2394 43 31 0 -1
2395 38 3 0 -1
2396 28 19 -1 0
2397 12 6 0 -1
2398 24 22 0 1
2399 36 37 1 0
