0 63 38 -1 0
1 95 18 0 1
2 25 36 1 0
3 12 36 1 0
4 20 38 -1 0
5 14 20 1 0
6 93 13 0 -1
7 14 33 1 0
8 28 35 -1 0
9 20 20 -1 0
10 17 24 0 -1
11 16 16 0 1
12 25 16 1 0
13 29 18 -1 0
14 24 8 0 1
15 88 28 0 -1
16 29 10 0 1
17 92 17 0 -1
18 85 0 -1 0
19 14 36 0 -1
20 47 23 -1 0
21 78 4 -1 0
22 41 28 0 1
23 19 36 0 1
24 83 4 0 -1
25 76 38 0 -1
26 41 39 0 1
27 17 15 -1 0
28 3 27 0 1
29 28 30 1 0
30 22 9 -1 0
31 82 34 0 -1
32 42 6 0 -1
33 67 37 0 1
34 25 37 0 -1
35 83 22 0 -1
36 49 26 -1 0
37 29 15 0 1
38 35 17 0 -1
39 93 26 0 -1
40 71 16 0 -1
41 40 3 1 0
42 88 7 1 0
43 63 37 1 0
44 26 3 -1 0
45 29 14 0 1
46 13 6 0 1
47 24 15 0 -1
48 13 26 0 1
49 82 24 0 -1
50 94 10 -1 0
51 12 1 1 0
52 42 18 0 -1
53 56 13 0 1
54 3 7 0 -1
55 38 39 -1 0
56 37 36 0 1
57 37 5 0 1
58 30 4 -1 0
59 82 0 0 1
60 54 35 1 0
61 40 11 0 1
62 61 14 -1 0
63 55 37 0 1
64 16 13 1 0
65 51 3 0 -1
66 50 23 1 0
67 44 23 0 1
68 11 0 1 0
69 89 11 -1 0
70 13 31 1 0
71 52 20 0 -1
72 63 28 0 1
73 6 1 0 1
74 94 2 1 0
75 35 8 0 1
76 0 16 0 1
77 30 38 1 0
78 87 5 -1 0
79 6 31 1 0
80 40 24 0 -1
81 44 16 0 -1
82 25 26 1 0
83 86 37 0 -1
84 45 13 1 0
85 27 34 -1 0
86 42 28 0 1
87 43 36 -1 0
88 73 13 1 0
89 45 21 -1 0
90 55 6 0 -1
91 28 37 -1 0
92 26 32 0 1
93 99 1 0 1
94 16 28 0 1
95 50 27 -1 0
96 13 24 0 1
97 40 17 0 -1
98 66 29 0 1
99 96 28 -1 0
100 0 15 0 -1
101 45 15 1 0
102 43 29 0 1
103 40 16 1 0
104 96 21 -1 0
105 80 10 0 -1
106 29 5 -1 0
107 55 10 1 0
108 52 20 0 1
109 72 26 1 0
110 58 3 0 -1
111 94 24 1 0
112 81 2 0 -1
113 12 15 -1 0
114 10 35 -1 0
115 76 1 0 -1
116 29 9 0 1
117 96 16 1 0
118 43 34 0 -1
119 93 23 1 0
120 29 16 1 0
121 43 3 -1 0
122 39 11 0 1
123 47 5 1 0
124 44 25 -1 0
125 46 27 -1 0
126 85 24 0 1
127 16 7 -1 0
128 94 4 1 0
129 17 26 -1 0
130 37 34 0 1
131 58 26 0 1
132 42 30 -1 0
133 67 25 -1 0
134 39 31 0 1
135 67 7 1 0
136 16 16 1 0
137 42 24 0 -1
138 45 2 0 -1
139 40 30 -1 0
140 24 19 0 -1
141 86 39 0 1
142 17 20 0 -1
143 38 14 1 0
144 35 14 -1 0
145 63 4 1 0
146 98 31 0 -1
147 15 2 0 1
148 31 7 0 1
149 38 33 0 -1
150 1 8 0 1
151 28 0 0 1
152 67 4 1 0
153 9 16 0 1
154 40 20 0 1
155 28 31 1 0
156 30 17 1 0
157 37 24 1 0
158 41 3 1 0
159 90 18 0 -1
160 26 35 0 -1
161 43 2 -1 0
162 51 29 -1 0
163 82 30 0 -1
164 23 31 0 -1
165 6 18 0 -1
166 43 13 0 1
167 23 20 1 0
168 66 19 -1 0
169 2 39 0 1
170 42 0 0 -1
171 16 15 0 -1
172 6 30 1 0
173 10 29 1 0
174 31 18 -1 0
175 86 14 -1 0
176 39 29 0 -1
177 40 5 0 1
178 38 8 1 0
179 3 27 0 1
180 73 5 -1 0
181 29 25 -1 0
182 14 20 0 1
183 26 3 0 1
184 3 10 0 1
185 28 32 1 0
186 21 36 1 0
187 1 25 -1 0
188 28 2 0 -1
189 82 15 0 -1
190 26 32 -1 0
191 74 35 -1 0
192 46 10 0 1
193 7 30 0 -1
194 78 29 0 1
195 86 22 0 1
196 46 24 -1 0
197 22 6 1 0
198 91 39 1 0
199 12 23 -1 0
200 73 19 0 -1
201 27 1 0 1
202 43 37 0 1
203 12 26 0 1
204 36 29 1 0
205 23 17 0 1
206 24 12 0 -1
207 47 4 0 -1
208 22 8 0 -1
209 32 27 1 0
210 82 6 0 1
211 38 18 1 0
212 13 25 1 0
213 27 6 0 -1
214 82 1 -1 0
215 50 21 -1 0
216 83 1 1 0
217 98 0 0 1
218 20 36 0 1
219 23 12 0 1
220 43 12 -1 0
221 27 26 1 0
222 24 16 0 -1
223 42 3 0 -1
224 25 35 0 1
225 29 24 0 1
226 37 30 0 1
227 18 20 0 1
228 19 28 0 -1
229 44 28 0 1
230 30 20 0 -1
231 8 20 1 0
232 25 25 0 1
233 50 20 -1 0
234 39 22 -1 0
235 21 24 -1 0
236 23 19 0 1
237 26 39 0 -1
238 13 16 -1 0
239 2 32 -1 0
240 23 7 1 0
241 17 34 0 1
242 50 11 0 1
243 63 23 0 1
244 71 13 1 0
245 30 2 0 1
246 80 1 0 -1
247 26 2 0 -1
248 27 6 -1 0
249 15 30 0 1
250 78 21 0 1
251 22 19 0 -1
252 84 32 0 -1
253 30 34 0 -1
254 17 9 0 1
255 77 7 1 0
256 42 18 0 -1
257 20 27 0 1
258 28 28 -1 0
259 87 35 1 0
260 10 21 1 0
261 60 31 0 -1
262 2 5 0 -1
263 66 23 1 0
264 20 35 1 0
265 94 34 -1 0
266 90 6 0 1
267 91 34 0 -1
268 99 0 1 0
269 19 33 1 0
270 23 20 0 1
271 26 33 0 1
272 89 23 0 1
273 69 14 1 0
274 39 26 0 -1
275 40 27 -1 0
276 27 31 0 -1
277 41 3 0 1
278 16 37 0 -1
279 98 28 -1 0
280 13 13 0 -1
281 41 29 1 0
282 89 14 0 1
283 11 0 -1 0
284 16 3 -1 0
285 14 9 0 1
286 7 24 0 1
287 27 35 0 -1
288 78 0 0 -1
289 12 32 0 -1
290 19 16 0 -1
291 28 37 1 0
292 23 15 0 1
293 35 27 0 1
294 95 5 0 1
295 40 22 0 -1
296 29 11 -1 0
297 19 39 -1 0
298 85 9 0 1
299 44 25 -1 0
300 68 33 0 -1
301 35 23 0 1
302 63 17 1 0
303 29 8 0 1
304 89 34 0 -1
305 42 3 -1 0
306 41 6 -1 0
307 14 13 0 1
308 50 28 0 -1
309 62 10 1 0
310 18 11 -1 0
311 42 8 0 -1
312 25 15 0 1
313 91 6 1 0
314 24 28 0 1
315 40 32 1 0
316 44 38 0 -1
317 54 6 1 0
318 5 8 1 0
319 87 32 0 -1
320 5 26 -1 0
321 90 35 0 -1
322 58 20 -1 0
323 3 37 0 1
324 48 11 1 0
325 43 6 -1 0
326 23 21 -1 0
327 80 34 0 -1
328 46 23 0 -1
329 8 20 0 -1
330 24 13 0 1
331 90 34 0 1
332 89 17 0 -1
333 89 38 1 0
334 38 5 1 0
335 23 31 1 0
336 80 0 0 1
337 24 24 0 -1
338 66 7 -1 0
339 62 16 1 0
340 9 20 1 0
341 66 5 0 -1
342 29 34 0 -1
343 6 9 0 1
344 24 39 1 0
345 48 6 1 0
346 6 3 1 0
347 71 14 1 0
348 37 11 -1 0
349 72 9 0 1
350 6 5 -1 0
351 24 30 1 0
352 28 22 0 -1
353 0 29 -1 0
354 41 36 -1 0
355 28 5 1 0
356 91 6 -1 0
357 1 20 0 1
358 38 27 0 1
359 22 39 1 0
360 92 30 0 1
361 22 21 -1 0
362 66 21 -1 0
363 28 27 0 -1
364 39 10 0 1
365 19 33 0 -1
366 21 10 1 0
367 18 0 0 1
368 93 35 0 1
369 8 13 0 -1
370 60 16 1 0
371 16 3 0 -1
372 40 24 -1 0
373 24 33 0 -1
374 52 5 1 0
375 21 2 1 0
376 41 31 0 -1
377 67 11 0 1
378 94 9 0 -1
379 40 36 -1 0
380 25 11 0 -1
381 57 10 1 0
382 50 11 1 0
383 89 24 0 1
384 46 27 -1 0
385 69 16 -1 0
386 44 2 1 0
387 54 29 1 0
388 51 17 1 0
389 96 12 1 0
390 97 9 1 0
391 40 23 1 0
392 15 35 -1 0
393 38 34 0 1
394 26 36 0 1
395 97 18 0 1
396 5 27 -1 0
397 42 39 0 1
398 94 17 -1 0
399 57 20 0 1
400 28 31 -1 0
401 43 22 -1 0
402 40 30 0 -1
403 65 23 -1 0
404 52 3 -1 0
405 31 29 -1 0
406 66 3 1 0
407 36 15 0 -1
408 47 14 0 -1
409 19 3 1 0
410 29 2 -1 0
411 51 7 0 -1
412 6 31 0 1
413 37 16 0 1
414 50 9 0 1
415 20 24 0 -1
416 24 37 0 -1
417 48 4 -1 0
418 26 0 0 1
419 50 25 -1 0
420 22 37 -1 0
421 46 30 0 1
422 79 13 1 0
423 37 31 1 0
424 21 5 0 1
425 36 17 -1 0
426 25 35 0 1
427 68 36 -1 0
428 97 9 1 0
429 39 23 0 -1
430 41 31 -1 0
431 24 24 1 0
432 53 3 1 0
433 44 9 0 -1
434 43 30 -1 0
435 82 32 1 0
436 97 5 0 -1
437 24 11 1 0
438 40 5 0 1
439 42 31 0 -1
440 25 21 1 0
441 92 6 0 -1
442 97 16 0 -1
443 74 5 0 -1
444 17 37 0 1
445 36 33 1 0
446 56 36 1 0
447 21 25 0 -1
448 40 9 0 -1
449 41 5 1 0
450 21 33 1 0
451 7 5 0 -1
452 99 16 0 1
453 45 20 1 0
454 12 28 -1 0
455 59 15 1 0
456 61 31 0 -1
457 21 21 -1 0
458 10 34 0 1
459 22 27 0 -1
460 37 36 -1 0
461 66 14 0 -1
462 76 3 1 0
463 37 33 -1 0
464 48 6 0 1
465 53 38 -1 0
466 72 29 -1 0
467 16 9 0 1
468 23 18 0 1
469 48 29 0 1
470 83 35 0 -1
471 18 19 -1 0
472 52 19 -1 0
473 49 10 0 -1
474 25 32 1 0
475 40 36 -1 0
476 85 2 0 -1
477 64 10 -1 0
478 54 24 1 0
479 28 32 0 1
480 1 10 1 0
481 26 34 0 1
482 72 28 1 0
483 43 15 -1 0
484 49 21 1 0
485 22 7 -1 0
486 52 0 0 1
487 35 16 0 -1
488 71 20 0 1
489 56 0 1 0
490 86 25 -1 0
491 82 23 0 -1
492 20 37 -1 0
493 62 3 0 1
494 28 33 0 -1
495 43 8 -1 0
496 41 27 0 -1
497 23 4 0 -1
498 29 5 -1 0
499 23 7 0 -1
500 10 3 0 1
501 3 18 1 0
502 4 18 0 -1
503 29 32 1 0
504 42 8 1 0
505 44 27 -1 0
506 17 7 0 -1
507 80 30 -1 0
508 93 24 1 0
509 37 30 0 -1
510 4 30 0 1
511 24 3 -1 0
512 28 15 0 -1
513 19 21 0 1
514 24 21 -1 0
515 23 34 1 0
516 15 7 0 1
517 29 3 -1 0
518 97 37 -1 0
519 16 27 0 -1
520 74 22 1 0
521 85 30 -1 0
522 86 27 0 -1
523 41 17 1 0
524 91 28 -1 0
525 30 33 0 -1
526 47 0 0 1
527 37 4 1 0
528 87 32 0 1
529 8 10 -1 0
530 52 29 1 0
531 26 38 0 -1
532 28 10 -1 0
533 91 3 0 1
534 9 23 0 1
535 27 35 1 0
536 28 36 0 1
537 17 39 1 0
538 43 26 0 -1
539 45 7 0 -1
540 49 16 1 0
541 28 1 0 -1
542 31 11 1 0
543 77 19 -1 0
544 4 8 0 1
545 38 34 0 1
546 10 4 1 0
547 15 38 1 0
548 89 4 1 0
549 58 38 -1 0
550 38 21 0 1
551 48 25 1 0
552 87 38 -1 0
553 56 25 0 1
554 41 12 1 0
555 22 1 0 1
556 88 30 1 0
557 36 25 0 1
558 79 38 -1 0
559 40 25 0 -1
560 37 6 1 0
561 29 6 1 0
562 41 23 0 -1
563 40 33 -1 0
564 86 6 -1 0
565 82 17 0 1
566 17 18 0 1
567 91 6 1 0
568 96 38 0 1
569 40 38 -1 0
570 44 38 -1 0
571 47 20 0 1
572 66 8 0 -1
573 95 17 0 -1
574 44 15 -1 0
575 41 18 0 -1
576 8 29 0 -1
577 11 14 -1 0
578 38 22 0 -1
579 48 24 0 -1
580 74 2 0 1
581 25 33 0 1
582 29 30 -1 0
583 93 37 -1 0
584 28 15 0 1
585 55 5 1 0
586 65 9 0 1
587 38 38 1 0
588 15 33 0 -1
589 62 22 0 1
590 30 15 0 1
591 54 19 0 -1
592 81 22 0 -1
593 17 38 0 -1
594 96 22 1 0
595 53 15 -1 0
596 38 0 1 0
597 83 32 1 0
598 12 34 0 -1
599 82 33 0 1
600 43 2 0 1
601 25 25 0 1
602 31 17 0 -1
603 16 35 0 -1
604 22 37 0 -1
605 29 33 0 1
606 40 37 1 0
607 51 15 1 0
608 21 15 0 1
609 38 26 -1 0
610 28 17 -1 0
611 18 16 0 1
612 12 24 0 -1
613 60 29 1 0
614 53 28 -1 0
615 28 19 1 0
616 96 0 0 1
617 45 13 0 -1
618 35 34 0 1
619 73 32 0 -1
620 95 23 0 1
621 82 18 0 -1
622 14 2 0 1
623 3 13 -1 0
624 96 13 1 0
625 82 21 0 -1
626 46 9 1 0
627 23 29 1 0
628 17 8 0 1
629 91 18 0 1
630 85 7 -1 0
631 98 22 0 -1
632 27 5 0 -1
633 20 9 0 1
634 46 13 0 1
635 43 3 -1 0
636 0 15 -1 0
637 16 17 1 0
638 28 18 -1 0
639 27 19 0 1
640 37 16 -1 0
641 48 7 0 -1
642 75 16 0 -1
643 39 2 1 0
644 17 10 -1 0
645 82 9 0 -1
646 25 5 1 0
647 8 17 1 0
648 82 19 0 1
649 99 18 0 1
650 93 3 -1 0
651 48 25 -1 0
652 39 21 0 -1
653 87 33 -1 0
654 26 21 0 1
655 59 0 1 0
656 35 14 0 1
657 81 39 -1 0
658 74 15 0 -1
659 18 35 0 -1
660 27 24 -1 0
661 43 37 0 -1
662 63 3 0 -1
663 63 39 0 -1
664 40 38 0 -1
665 15 38 -1 0
666 36 8 0 1
667 64 10 1 0
668 42 32 0 1
669 22 31 0 1
670 67 10 0 -1
671 54 36 1 0
672 40 2 0 -1
673 49 7 0 1
674 66 9 0 -1
675 63 1 0 1
676 68 28 1 0
677 27 17 0 -1
678 29 8 0 -1
679 56 36 -1 0
680 46 10 0 -1
681 8 7 1 0
682 27 28 -1 0
683 26 1 0 -1
684 18 0 1 0
685 16 8 -1 0
686 19 36 -1 0
687 35 33 0 1
688 36 13 0 -1
689 16 26 0 -1
690 90 19 -1 0
691 51 34 0 1
692 28 18 -1 0
693 96 26 -1 0
694 88 32 -1 0
695 14 10 -1 0
696 13 21 0 -1
697 30 22 0 -1
698 43 36 -1 0
699 21 26 -1 0
700 93 22 1 0
701 96 23 0 -1
702 26 27 1 0
703 70 37 0 1
704 28 31 1 0
705 38 28 -1 0
706 19 29 0 1
707 39 31 0 -1
708 70 26 1 0
709 25 38 0 -1
710 36 36 0 -1
711 25 24 1 0
712 41 17 -1 0
713 37 11 1 0
714 30 19 1 0
715 23 14 1 0
716 25 13 0 1
717 92 7 0 -1
718 24 26 0 1
719 88 27 1 0
720 68 27 0 -1
721 90 19 1 0
722 28 21 0 1
723 79 11 0 1
724 94 36 -1 0
725 37 26 0 -1
726 27 5 0 -1
727 42 29 0 1
728 97 29 -1 0
729 45 4 1 0
730 87 31 -1 0
731 84 9 -1 0
732 62 23 -1 0
733 15 37 0 1
734 26 27 0 1
735 87 7 1 0
736 91 30 0 -1
737 55 22 1 0
738 21 4 -1 0
739 14 39 0 1
740 27 31 0 -1
741 41 31 0 -1
742 29 33 0 1
743 92 27 1 0
744 39 23 0 -1
745 30 21 -1 0
746 83 14 1 0
747 26 32 1 0
748 46 6 1 0
749 23 1 0 1
750 45 11 0 1
751 38 18 0 -1
752 40 17 0 1
753 81 32 0 -1
754 48 2 1 0
755 27 4 0 -1
756 18 28 0 1
757 53 27 -1 0
758 45 26 0 -1
759 29 7 0 1
760 43 10 0 -1
761 47 37 0 -1
762 70 25 0 1
763 20 15 1 0
764 20 30 1 0
765 29 29 1 0
766 14 10 0 -1
767 39 9 -1 0
768 3 12 0 -1
769 26 18 1 0
770 63 31 -1 0
771 47 29 1 0
772 80 32 -1 0
773 97 33 0 1
774 35 15 -1 0
775 65 19 1 0
776 52 11 1 0
777 51 1 -1 0
778 30 21 0 -1
779 79 0 0 -1
780 23 29 0 1
781 43 14 -1 0
782 27 24 -1 0
783 94 39 1 0
784 25 28 -1 0
785 20 36 1 0
786 88 34 -1 0
787 67 1 0 -1
788 21 27 0 -1
789 3 28 1 0
790 92 28 -1 0
791 75 30 1 0
792 63 32 0 -1
793 41 29 0 -1
794 17 26 1 0
795 48 20 0 -1
796 24 31 -1 0
797 92 32 0 1
798 28 4 0 1
799 42 23 -1 0
800 61 28 -1 0
801 96 28 0 1
802 36 25 0 1
803 24 18 -1 0
804 27 2 0 1
805 93 26 0 -1
806 41 14 0 1
807 40 33 1 0
808 28 38 0 1
809 29 30 1 0
810 72 16 -1 0
811 43 23 -1 0
812 38 33 0 1
813 58 9 0 1
814 13 29 1 0
815 36 26 -1 0
816 48 17 1 0
817 41 7 0 1
818 25 24 1 0
819 29 33 1 0
820 29 1 0 1
821 41 0 0 1
822 37 11 -1 0
823 29 23 0 1
824 55 32 0 -1
825 53 17 -1 0
826 48 17 -1 0
827 37 19 0 -1
828 60 12 0 1
829 36 37 0 -1
830 37 26 -1 0
831 15 31 -1 0
832 37 17 -1 0
833 67 12 1 0
834 89 3 1 0
835 76 5 0 1
836 26 30 1 0
837 4 9 0 -1
838 24 34 0 1
839 0 39 0 -1
840 61 35 -1 0
841 76 25 1 0
842 45 5 1 0
843 26 29 0 -1
844 71 17 0 -1
845 57 24 0 -1
846 45 21 0 -1
847 97 31 -1 0
848 37 8 1 0
849 44 32 -1 0
850 50 8 -1 0
851 10 10 0 -1
852 39 22 -1 0
853 6 24 0 1
854 21 17 1 0
855 96 39 1 0
856 83 17 1 0
857 82 29 1 0
858 45 1 0 1
859 21 19 0 1
860 44 2 -1 0
861 36 2 0 -1
862 12 31 -1 0
863 88 32 1 0
864 42 1 0 1
865 22 29 1 0
866 17 38 0 1
867 59 31 0 -1
868 12 29 1 0
869 24 18 0 -1
870 23 4 1 0
871 23 24 1 0
872 62 14 0 -1
873 36 32 0 -1
874 23 5 1 0
875 87 4 1 0
876 63 12 0 -1
877 42 4 0 -1
878 26 19 0 1
879 0 7 -1 0
880 22 9 1 0
881 24 1 1 0
882 44 15 1 0
883 37 31 -1 0
884 43 22 -1 0
885 8 12 0 1
886 46 17 1 0
887 83 28 1 0
888 24 37 -1 0
889 43 15 0 -1
890 16 6 -1 0
891 69 36 -1 0
892 38 21 -1 0
893 28 16 1 0
894 82 36 0 -1
895 34 6 0 1
896 47 26 0 -1
897 68 4 -1 0
898 27 2 0 1
899 27 22 1 0
900 36 14 0 1
901 21 25 1 0
902 27 31 -1 0
903 12 3 1 0
904 76 19 1 0
905 79 11 0 1
906 73 2 0 1
907 8 0 0 1
908 29 34 1 0
909 55 29 1 0
910 23 36 0 -1
911 22 19 0 1
912 93 11 1 0
913 42 25 0 -1
914 48 9 -1 0
915 85 35 0 -1
916 45 2 1 0
917 77 34 1 0
918 42 27 0 1
919 37 6 -1 0
920 95 26 1 0
921 96 26 0 1
922 18 14 0 1
923 90 21 -1 0
924 39 21 -1 0
925 89 18 1 0
926 42 22 -1 0
927 14 3 1 0
928 21 15 0 -1
929 46 28 -1 0
930 41 19 0 1
931 9 13 0 -1
932 51 19 0 -1
933 95 24 1 0
934 54 14 -1 0
935 12 4 -1 0
936 40 20 -1 0
937 40 37 0 -1
938 57 29 1 0
939 39 32 0 1
940 47 19 -1 0
941 96 4 1 0
942 73 37 0 -1
943 25 23 1 0
944 73 36 0 -1
945 15 5 0 1
946 63 32 0 -1
947 35 13 1 0
948 40 34 0 -1
949 48 22 0 1
950 95 38 1 0
951 97 17 -1 0
952 30 22 0 1
953 24 4 0 -1
954 11 1 1 0
955 96 15 0 1
956 26 16 0 -1
957 87 24 1 0
958 85 30 0 1
959 36 28 1 0
960 27 8 0 -1
961 10 6 1 0
962 28 33 1 0
963 84 15 0 1
964 56 4 -1 0
965 58 36 -1 0
966 58 30 1 0
967 77 10 -1 0
968 67 3 -1 0
969 47 30 -1 0
970 31 27 0 -1
971 38 28 1 0
972 14 15 -1 0
973 37 36 -1 0
974 99 12 -1 0
975 91 12 -1 0
976 40 30 1 0
977 36 0 -1 0
978 83 21 0 -1
979 18 15 -1 0
980 85 35 1 0
981 31 14 0 1
982 29 13 1 0
983 23 14 0 -1
984 43 17 0 1
985 91 26 -1 0
986 36 21 0 -1
987 91 30 0 -1
988 67 34 1 0
989 61 15 -1 0
990 21 39 0 1
991 22 38 -1 0
992 20 3 0 -1
993 43 10 -1 0
994 42 37 0 -1
995 99 24 0 -1
996 10 17 0 -1
997 42 7 0 -1
998 56 7 -1 0
999 24 0 0 1
1000 43 33 0 1
1001 66 3 0 1
1002 75 30 1 0
1003 23 22 1 0
1004 5 32 1 0
1005 22 36 0 -1
1006 17 11 0 -1
1007 2 15 0 1
1008 50 23 0 -1
1009 42 6 0 -1
1010 38 29 -1 0
1011 42 2 1 0
1012 10 24 1 0
1013 5 24 1 0
1014 53 15 -1 0
1015 3 19 0 1
1016 18 39 -1 0
1017 52 21 0 -1
1018 14 22 0 -1
1019 36 10 0 1
1020 16 23 0 -1
1021 27 10 1 0
1022 59 36 0 -1
1023 19 33 -1 0
1024 6 36 -1 0
1025 23 24 -1 0
1026 16 13 1 0
1027 23 33 1 0
1028 30 32 0 1
1029 13 24 0 -1
1030 23 32 -1 0
1031 14 28 -1 0
1032 28 13 1 0
1033 23 34 1 0
1034 9 15 0 1
1035 26 16 0 1
1036 30 25 0 1
1037 37 20 1 0
1038 38 36 -1 0
1039 50 16 0 1
1040 40 19 1 0
1041 92 27 1 0
1042 1 29 1 0
1043 28 7 0 -1
1044 13 31 1 0
1045 67 31 -1 0
1046 28 35 -1 0
1047 4 18 -1 0
1048 12 6 -1 0
1049 23 22 0 1
1050 22 27 1 0
1051 45 22 -1 0
1052 38 14 -1 0
1053 16 10 -1 0
1054 26 37 0 1
1055 41 24 -1 0
1056 56 24 1 0
1057 38 8 0 1
1058 52 28 1 0
1059 89 3 -1 0
1060 40 21 -1 0
1061 6 14 0 1
1062 29 11 1 0
1063 42 26 -1 0
1064 54 1 1 0
1065 22 26 -1 0
1066 27 27 1 0
1067 10 6 1 0
1068 17 7 1 0
1069 43 31 0 1
1070 74 31 -1 0
1071 51 2 1 0
1072 84 9 -1 0
1073 84 34 -1 0
1074 19 35 0 1
1075 23 16 0 1
1076 42 31 0 1
1077 60 4 -1 0
1078 38 20 0 1
1079 47 25 -1 0
1080 95 4 0 -1
1081 81 21 0 1
1082 91 16 1 0
1083 61 39 0 1
1084 23 2 0 -1
1085 43 0 1 0
1086 27 3 1 0
1087 1 13 0 1
1088 55 17 -1 0
1089 3 18 0 1
1090 44 29 0 1
1091 58 29 -1 0
1092 88 24 0 -1
1093 27 14 0 -1
1094 16 27 -1 0
1095 83 9 0 1
1096 37 30 -1 0
1097 45 28 -1 0
1098 23 13 0 -1
1099 49 16 -1 0
1100 13 14 0 -1
1101 27 33 0 1
1102 16 37 -1 0
1103 73 36 -1 0
1104 21 5 0 1
1105 18 37 -1 0
1106 97 21 0 -1
1107 21 10 0 1
1108 17 14 0 -1
1109 13 17 0 -1
1110 26 37 0 -1
1111 94 3 1 0
1112 70 2 0 -1
1113 29 1 0 -1
1114 50 7 0 1
1115 29 25 0 1
1116 41 17 0 1
1117 49 30 -1 0
1118 8 37 1 0
1119 38 17 -1 0
1120 41 16 0 1
1121 39 36 1 0
1122 39 16 0 -1
1123 37 35 -1 0
1124 96 19 -1 0
1125 77 12 0 1
1126 26 33 0 -1
1127 39 11 -1 0
1128 43 25 0 -1
1129 38 10 -1 0
1130 60 18 -1 0
1131 84 4 0 1
1132 3 2 0 1
1133 25 4 0 1
1134 82 18 -1 0
1135 41 20 0 -1
1136 9 9 -1 0
1137 42 22 0 -1
1138 91 7 0 1
1139 39 39 0 1
1140 52 30 -1 0
1141 38 38 0 1
1142 39 30 0 1
1143 46 15 0 1
1144 93 20 -1 0
1145 97 28 0 -1
1146 26 0 0 -1
1147 87 31 0 1
1148 25 28 1 0
1149 17 10 -1 0
1150 64 34 -1 0
1151 48 16 -1 0
1152 80 8 0 1
1153 16 15 1 0
1154 31 18 0 -1
1155 18 39 0 -1
1156 14 22 1 0
1157 30 38 0 -1
1158 36 26 0 -1
1159 41 27 1 0
1160 57 1 0 -1
1161 14 25 0 1
1162 39 10 0 1
1163 85 30 -1 0
1164 60 16 -1 0
1165 91 29 0 -1
1166 59 18 1 0
1167 66 36 0 1
1168 40 0 -1 0
1169 55 27 0 1
1170 15 27 0 1
1171 74 9 -1 0
1172 48 8 0 -1
1173 25 4 0 1
1174 20 9 -1 0
1175 35 36 1 0
1176 4 11 1 0
1177 45 33 0 1
1178 42 24 1 0
1179 30 29 1 0
1180 25 3 1 0
1181 90 29 1 0
1182 5 23 -1 0
1183 42 26 -1 0
1184 1 15 1 0
1185 20 39 1 0
1186 69 34 0 -1
1187 41 29 1 0
1188 25 6 0 -1
1189 7 4 0 1
1190 47 39 1 0
1191 42 2 1 0
1192 24 26 0 -1
1193 98 24 0 1
1194 2 29 0 1
1195 22 26 -1 0
1196 17 39 0 -1
1197 54 11 0 -1
1198 47 18 0 -1
1199 94 21 -1 0
1200 57 23 1 0
1201 16 7 0 -1
1202 31 37 0 -1
1203 13 28 1 0
1204 40 16 -1 0
1205 16 6 0 -1
1206 6 39 0 -1
1207 19 11 1 0
1208 26 13 1 0
1209 61 0 0 -1
1210 49 17 -1 0
1211 27 34 -1 0
1212 14 27 0 -1
1213 3 13 1 0
1214 42 33 1 0
1215 52 32 0 -1
1216 29 34 1 0
1217 51 0 -1 0
1218 36 34 -1 0
1219 75 32 -1 0
1220 0 2 0 1
1221 4 30 0 1
1222 79 3 1 0
1223 27 4 1 0
1224 4 12 0 -1
1225 79 19 0 1
1226 18 2 -1 0
1227 45 25 0 1
1228 37 39 1 0
1229 14 2 -1 0
1230 25 33 1 0
1231 21 8 -1 0
1232 87 35 -1 0
1233 29 11 -1 0
1234 1 13 0 1
1235 37 6 1 0
1236 43 17 -1 0
1237 84 29 -1 0
1238 4 39 0 1
1239 40 39 0 -1
1240 97 16 0 1
1241 97 39 0 1
1242 16 36 0 -1
1243 39 28 0 -1
1244 16 22 0 1
1245 40 15 1 0
1246 60 17 -1 0
1247 22 19 0 1
1248 31 26 1 0
1249 92 37 0 1
1250 31 22 1 0
1251 38 7 -1 0
1252 28 2 0 -1
1253 14 3 0 1
1254 97 26 0 1
1255 8 36 0 1
1256 66 15 -1 0
1257 31 20 0 1
1258 44 23 -1 0
1259 35 21 0 1
1260 4 35 0 -1
1261 36 35 0 -1
1262 95 30 0 -1
1263 74 3 0 -1
1264 28 12 1 0
1265 68 33 0 -1
1266 10 14 -1 0
1267 84 0 1 0
1268 29 2 0 -1
1269 11 22 1 0
1270 92 4 1 0
1271 19 21 0 1
1272 29 35 0 -1
1273 43 14 0 -1
1274 12 14 1 0
1275 6 4 0 1
1276 53 20 -1 0
1277 53 28 0 1
1278 16 29 -1 0
1279 13 8 0 1
1280 97 7 0 -1
1281 79 13 0 1
1282 30 6 1 0
1283 45 26 0 1
1284 23 36 -1 0
1285 67 5 0 -1
1286 82 15 0 1
1287 84 27 0 -1
1288 29 27 0 1
1289 38 26 -1 0
1290 41 36 0 -1
1291 42 23 0 1
1292 46 18 -1 0
1293 43 37 0 -1
1294 75 2 1 0
1295 17 26 0 1
1296 8 32 1 0
1297 97 30 1 0
1298 44 6 0 1
1299 46 1 1 0
1300 2 30 1 0
1301 99 7 0 1
1302 80 24 0 1
1303 84 18 -1 0
1304 28 14 -1 0
1305 17 8 0 1
1306 26 34 0 -1
1307 36 15 0 1
1308 51 14 0 -1
1309 92 39 1 0
1310 22 10 -1 0
1311 7 22 -1 0
1312 38 4 -1 0
1313 10 20 -1 0
1314 79 1 1 0
1315 96 10 1 0
1316 87 28 -1 0
1317 5 3 1 0
1318 85 38 1 0
1319 79 34 0 1
1320 23 0 1 0
1321 23 24 1 0
1322 35 23 -1 0
1323 67 13 -1 0
1324 89 16 0 -1
1325 82 6 0 -1
1326 24 7 -1 0
1327 40 28 0 -1
1328 89 0 1 0
1329 36 9 -1 0
1330 39 38 0 -1
1331 70 35 1 0
1332 39 35 1 0
1333 4 5 -1 0
1334 91 3 0 1
1335 5 9 0 1
1336 5 4 0 1
1337 20 18 1 0
1338 17 0 -1 0
1339 87 13 0 1
1340 86 11 -1 0
1341 14 34 0 1
1342 29 16 -1 0
1343 35 16 -1 0
1344 30 5 -1 0
1345 32 11 -1 0
1346 41 38 0 1
1347 13 36 1 0
1348 36 25 0 -1
1349 73 21 0 -1
1350 75 22 0 1
1351 40 28 0 1
1352 10 10 -1 0
1353 23 25 1 0
1354 91 31 1 0
1355 97 18 0 -1
1356 98 22 -1 0
1357 40 20 0 -1
1358 32 11 1 0
1359 75 22 0 -1
1360 20 21 0 -1
1361 0 17 1 0
1362 22 36 0 -1
1363 26 14 1 0
1364 62 35 -1 0
1365 41 15 -1 0
1366 36 28 1 0
1367 94 24 1 0
1368 6 29 0 1
1369 48 6 1 0
1370 55 36 0 1
1371 45 20 -1 0
1372 84 6 0 -1
1373 88 8 -1 0
1374 9 26 0 1
1375 41 23 0 1
1376 65 5 0 1
1377 94 1 0 1
1378 50 28 0 -1
1379 76 10 -1 0
1380 98 29 0 1
1381 29 38 0 -1
1382 45 6 0 1
1383 79 37 0 -1
1384 28 27 1 0
1385 29 27 1 0
1386 43 9 0 1
1387 61 38 1 0
1388 45 8 0 1
1389 83 3 -1 0
1390 70 7 0 1
1391 74 5 0 1
1392 94 4 0 -1
1393 75 32 1 0
1394 26 34 -1 0
1395 47 22 0 -1
1396 30 34 -1 0
1397 83 37 0 1
1398 24 32 1 0
1399 32 31 0 1
1400 0 14 0 1
1401 88 26 1 0
1402 29 38 0 1
1403 42 22 -1 0
1404 30 26 1 0
1405 98 17 1 0
1406 79 36 -1 0
1407 57 3 1 0
1408 50 24 0 -1
1409 51 39 1 0
1410 27 3 0 1
1411 54 37 0 1
1412 30 34 0 1
1413 93 37 0 1
1414 20 28 0 1
1415 21 38 -1 0
1416 87 20 0 -1
1417 50 29 0 1
1418 48 30 0 1
1419 43 3 -1 0
1420 27 7 -1 0
1421 56 18 1 0
1422 45 8 1 0
1423 28 26 -1 0
1424 19 10 0 1
1425 95 24 0 1
1426 46 14 1 0
1427 55 4 -1 0
1428 36 20 0 -1
1429 17 17 -1 0
1430 93 19 -1 0
1431 22 7 0 1
1432 56 8 -1 0
1433 26 0 1 0
1434 27 11 1 0
1435 42 5 0 1
1436 63 23 -1 0
1437 91 5 1 0
1438 43 39 0 -1
1439 60 15 0 1
1440 22 34 0 1
1441 17 29 0 1
1442 26 37 1 0
1443 24 35 0 1
1444 20 27 0 -1
1445 76 22 0 1
1446 24 29 0 -1
1447 36 14 1 0
1448 84 8 -1 0
1449 84 28 -1 0
1450 5 23 1 0
1451 30 33 -1 0
1452 81 5 1 0
1453 25 28 -1 0
1454 46 15 1 0
1455 20 5 0 -1
1456 10 23 0 1
1457 26 7 0 -1
1458 34 15 1 0
1459 75 37 1 0
1460 45 10 -1 0
1461 42 24 -1 0
1462 92 37 1 0
1463 48 26 0 1
1464 43 18 1 0
1465 14 13 0 1
1466 48 13 -1 0
1467 27 18 -1 0
1468 51 35 0 -1
1469 71 18 1 0
1470 3 4 -1 0
1471 23 31 0 -1
1472 36 30 1 0
1473 2 18 0 1
1474 46 16 -1 0
1475 54 8 -1 0
1476 49 2 -1 0
1477 12 36 0 1
1478 31 35 0 1
1479 67 4 -1 0
1480 22 35 -1 0
1481 39 23 0 -1
1482 37 37 0 -1
1483 97 16 -1 0
1484 58 16 1 0
1485 27 30 1 0
1486 58 37 0 1
1487 4 29 1 0
1488 39 32 0 -1
1489 79 16 1 0
1490 37 7 -1 0
1491 46 37 1 0
1492 63 8 -1 0
1493 27 2 0 1
1494 41 6 0 1
1495 31 26 0 1
1496 99 23 0 1
1497 81 35 1 0
1498 23 10 0 -1
1499 40 21 -1 0
1500 61 22 0 1
1501 37 0 0 -1
1502 48 14 -1 0
1503 83 31 -1 0
1504 38 19 0 1
1505 59 2 -1 0
1506 27 38 1 0
1507 52 5 0 -1
1508 64 16 1 0
1509 64 15 0 -1
1510 63 27 -1 0
1511 37 32 0 -1
1512 20 16 0 1
1513 27 33 0 1
1514 21 13 -1 0
1515 46 22 0 -1
1516 44 37 0 -1
1517 39 5 0 1
1518 19 35 -1 0
1519 20 39 -1 0
1520 90 38 1 0
1521 80 0 -1 0
1522 10 15 -1 0
1523 17 1 0 -1
1524 75 18 -1 0
1525 97 4 -1 0
1526 9 2 0 -1
1527 25 24 -1 0
1528 12 10 0 -1
1529 36 33 0 1
1530 23 27 0 1
1531 96 19 1 0
1532 42 19 0 -1
1533 4 29 0 1
1534 66 8 0 1
1535 49 25 1 0
1536 47 7 0 1
1537 1 27 0 -1
1538 94 9 0 -1
1539 35 14 1 0
1540 72 6 -1 0
1541 23 19 -1 0
1542 45 10 -1 0
1543 77 5 -1 0
1544 47 17 1 0
1545 95 1 1 0
1546 75 14 0 -1
1547 25 25 1 0
1548 11 24 0 -1
1549 52 21 0 -1
1550 34 34 0 -1
1551 41 12 1 0
1552 23 30 0 1
1553 88 25 1 0
1554 37 35 0 -1
1555 60 23 0 -1
1556 10 26 0 -1
1557 71 17 0 1
1558 46 2 0 -1
1559 37 21 0 -1
1560 9 19 -1 0
1561 42 16 1 0
1562 25 33 1 0
1563 18 17 1 0
1564 20 4 0 -1
1565 91 35 0 1
1566 47 23 -1 0
1567 49 2 0 1
1568 17 37 0 1
1569 16 0 0 -1
1570 44 20 0 1
1571 43 25 0 1
1572 52 19 0 -1
1573 9 12 -1 0
1574 38 36 0 -1
1575 16 11 0 -1
1576 42 30 -1 0
1577 13 8 1 0
1578 11 9 0 1
1579 76 30 0 -1
1580 98 12 0 -1
1581 39 3 -1 0
1582 40 29 0 1
1583 29 35 0 -1
1584 89 22 -1 0
1585 17 35 0 1
1586 41 37 0 1
1587 39 20 0 1
1588 44 24 0 -1
1589 27 19 -1 0
1590 61 5 -1 0
1591 19 23 1 0
1592 38 35 0 1
1593 66 7 -1 0
1594 22 5 1 0
1595 10 30 1 0
1596 9 37 0 1
1597 40 26 -1 0
1598 22 36 0 -1
1599 17 5 0 1
1600 90 39 -1 0
1601 27 29 1 0
1602 83 19 1 0
1603 36 36 0 -1
1604 77 33 -1 0
1605 20 6 1 0
1606 90 3 0 1
1607 23 14 -1 0
1608 74 15 -1 0
1609 60 29 0 1
1610 50 25 0 -1
1611 28 34 0 1
1612 98 22 0 1
1613 42 36 -1 0
1614 19 37 -1 0
1615 23 9 1 0
1616 28 8 1 0
1617 90 22 -1 0
1618 25 37 1 0
1619 23 6 0 1
1620 17 27 0 -1
1621 65 33 0 -1
1622 41 19 -1 0
1623 88 16 0 1
1624 99 33 0 1
1625 39 19 1 0
1626 24 36 -1 0
1627 42 12 -1 0
1628 26 12 0 1
1629 53 34 1 0
1630 47 2 -1 0
1631 43 9 1 0
1632 89 14 0 1
1633 28 11 1 0
1634 18 22 1 0
1635 25 5 1 0
1636 44 5 0 1
1637 49 7 0 1
1638 33 18 0 1
1639 90 10 1 0
1640 61 7 0 -1
1641 73 8 0 1
1642 43 22 0 1
1643 19 23 0 1
1644 58 11 0 1
1645 1 5 -1 0
1646 30 33 0 1
1647 51 13 0 -1
1648 99 21 -1 0
1649 78 25 0 1
1650 66 5 0 -1
1651 42 6 1 0
1652 95 3 -1 0
1653 19 11 1 0
1654 40 19 0 1
1655 30 37 1 0
1656 38 1 0 1
1657 3 33 -1 0
1658 28 13 -1 0
1659 41 28 0 1
1660 20 33 1 0
1661 38 12 -1 0
1662 28 5 1 0
1663 1 6 1 0
1664 76 13 0 1
1665 17 22 -1 0
1666 38 39 -1 0
1667 30 15 0 -1
1668 19 38 -1 0
1669 29 31 0 1
1670 8 28 -1 0
1671 9 13 0 1
1672 77 0 0 -1
1673 29 31 1 0
1674 41 27 0 -1
1675 39 19 -1 0
1676 27 34 -1 0
1677 87 3 -1 0
1678 13 37 0 1
1679 54 38 0 -1
1680 28 8 0 -1
1681 84 3 0 1
1682 7 30 1 0
1683 28 17 0 1
1684 25 37 1 0
1685 22 26 0 -1
1686 48 7 0 -1
1687 29 14 1 0
1688 62 12 -1 0
1689 55 24 0 -1
1690 25 34 0 1
1691 74 24 0 -1
1692 88 21 -1 0
1693 16 5 0 1
1694 49 37 0 1
1695 26 35 0 -1
1696 43 18 0 1
1697 52 21 0 1
1698 50 17 0 1
1699 43 2 0 1
1700 15 22 0 -1
1701 2 7 -1 0
1702 46 29 -1 0
1703 83 6 1 0
1704 21 32 1 0
1705 36 27 0 1
1706 20 18 -1 0
1707 82 14 0 -1
1708 6 30 1 0
1709 59 14 0 -1
1710 21 10 0 1
1711 31 34 -1 0
1712 17 6 -1 0
1713 25 22 -1 0
1714 24 5 0 1
1715 37 32 0 -1
1716 23 11 0 -1
1717 55 31 -1 0
1718 2 2 0 -1
1719 44 2 0 1
1720 28 11 1 0
1721 29 26 0 -1
1722 63 37 -1 0
1723 20 15 1 0
1724 96 23 0 -1
1725 9 36 1 0
1726 19 16 -1 0
1727 51 31 1 0
1728 93 32 -1 0
1729 72 22 0 -1
1730 40 14 0 1
1731 36 10 1 0
1732 35 36 -1 0
1733 7 3 0 -1
1734 25 35 0 1
1735 64 3 -1 0
1736 47 4 1 0
1737 98 10 0 1
1738 29 24 0 1
1739 66 34 1 0
1740 42 28 -1 0
1741 94 29 0 1
1742 98 38 -1 0
1743 82 33 1 0
1744 44 14 0 1
1745 86 6 -1 0
1746 98 35 0 1
1747 3 11 0 1
1748 2 17 -1 0
1749 23 4 1 0
1750 6 36 0 1
1751 95 30 0 -1
1752 8 4 0 1
1753 96 27 0 -1
1754 19 22 1 0
1755 40 7 0 1
1756 69 26 1 0
1757 69 15 0 -1
1758 59 0 -1 0
1759 10 21 -1 0
1760 9 3 0 -1
1761 92 27 0 1
1762 21 16 -1 0
1763 2 14 0 -1
1764 42 2 0 -1
1765 21 32 0 -1
1766 19 2 -1 0
1767 29 19 0 1
1768 79 28 1 0
1769 41 1 0 1
1770 29 25 -1 0
1771 27 33 0 -1
1772 94 18 -1 0
1773 26 6 0 1
1774 25 34 1 0
1775 41 28 -1 0
1776 13 15 1 0
1777 29 30 1 0
1778 16 29 -1 0
1779 29 31 0 -1
1780 83 22 0 1
1781 22 21 0 1
1782 43 27 0 1
1783 87 11 0 1
1784 91 9 1 0
1785 23 15 0 -1
1786 37 19 -1 0
1787 46 21 -1 0
1788 42 16 1 0
1789 60 17 0 -1
1790 41 15 1 0
1791 23 35 1 0
1792 43 31 -1 0
1793 42 12 0 1
1794 17 21 1 0
1795 47 3 1 0
1796 45 8 0 -1
1797 31 10 -1 0
1798 41 0 0 1
1799 83 39 0 1
1800 29 8 0 1
1801 23 21 -1 0
1802 31 39 0 1
1803 39 24 0 -1
1804 18 5 1 0
1805 39 0 1 0
1806 23 3 1 0
1807 48 1 0 1
1808 22 5 -1 0
1809 89 3 1 0
1810 91 21 1 0
1811 32 19 0 -1
1812 96 24 0 -1
1813 21 32 1 0
1814 24 33 0 1
1815 59 36 -1 0
1816 11 10 0 1
1817 40 3 1 0
1818 52 37 1 0
1819 4 13 0 1
1820 82 38 0 -1
1821 56 15 1 0
1822 76 35 1 0
1823 96 31 1 0
1824 29 4 1 0
1825 14 10 -1 0
1826 23 35 1 0
1827 65 21 -1 0
1828 39 9 0 1
1829 14 34 0 1
1830 88 21 1 0
1831 85 8 0 1
1832 71 34 0 1
1833 98 2 0 -1
1834 90 36 0 -1
1835 39 37 0 1
1836 26 21 1 0
1837 22 29 -1 0
1838 24 24 1 0
1839 45 16 -1 0
1840 22 9 0 -1
1841 40 18 0 -1
1842 24 21 -1 0
1843 94 0 0 1
1844 49 11 0 1
1845 97 36 0 1
1846 38 23 1 0
1847 41 0 1 0
1848 37 20 1 0
1849 81 38 0 1
1850 50 37 0 1
1851 29 1 1 0
1852 44 6 0 -1
1853 7 24 0 -1
1854 81 37 -1 0
1855 22 35 0 -1
1856 43 9 0 1
1857 64 10 0 -1
1858 64 8 -1 0
1859 97 29 1 0
1860 39 39 0 1
1861 97 34 1 0
1862 42 28 0 -1
1863 27 4 -1 0
1864 24 20 -1 0
1865 17 33 -1 0
1866 38 39 -1 0
1867 27 35 0 -1
1868 4 9 1 0
1869 42 5 0 1
1870 3 35 -1 0
1871 51 36 1 0
1872 71 29 -1 0
1873 43 4 0 -1
1874 26 31 1 0
1875 43 12 0 -1
1876 75 26 0 1
1877 97 33 0 1
1878 25 22 0 1
1879 27 30 0 1
1880 25 32 0 1
1881 35 33 0 1
1882 90 38 0 1
1883 95 30 0 -1
1884 91 14 0 -1
1885 17 18 0 -1
1886 36 31 1 0
1887 99 25 -1 0
1888 8 36 0 -1
1889 24 16 -1 0
1890 41 25 -1 0
1891 29 27 -1 0
1892 23 33 0 -1
1893 18 6 1 0
1894 39 28 1 0
1895 43 20 -1 0
1896 69 3 -1 0
1897 47 27 -1 0
1898 53 0 0 -1
1899 67 36 0 1
1900 76 2 1 0
1901 21 27 0 -1
1902 99 21 -1 0
1903 28 4 -1 0
1904 25 17 -1 0
1905 91 17 0 1
1906 18 10 -1 0
1907 78 2 0 -1
1908 24 11 -1 0
1909 27 29 0 1
1910 75 22 0 -1
1911 30 13 0 -1
1912 52 17 0 1
1913 24 13 -1 0
1914 47 29 0 -1
1915 3 17 1 0
1916 50 36 0 1
1917 46 17 0 1
1918 22 4 0 1
1919 99 17 -1 0
1920 22 30 0 -1
1921 68 8 -1 0
1922 77 2 1 0
1923 38 35 -1 0
1924 8 3 0 1
1925 23 35 -1 0
1926 18 37 0 1
1927 2 19 0 1
1928 78 28 0 -1
1929 84 11 0 -1
1930 8 39 0 1
1931 35 17 0 1
1932 18 12 1 0
1933 85 21 0 1
1934 66 26 1 0
1935 98 35 -1 0
1936 8 30 0 -1
1937 85 2 1 0
1938 24 38 0 -1
1939 74 25 0 -1
1940 40 21 -1 0
1941 74 11 1 0
1942 23 8 -1 0
1943 0 31 0 -1
1944 50 21 0 1
1945 40 0 1 0
1946 27 5 -1 0
1947 21 27 0 1
1948 39 10 0 1
1949 45 3 -1 0
1950 51 20 0 1
1951 46 6 0 1
1952 7 34 -1 0
1953 45 3 -1 0
1954 63 10 0 -1
1955 42 27 0 1
1956 42 5 -1 0
1957 30 35 0 1
1958 62 35 0 -1
1959 37 18 -1 0
1960 18 11 -1 0
1961 23 3 0 1
1962 25 31 0 1
1963 61 16 -1 0
1964 37 4 -1 0
1965 64 27 1 0
1966 54 3 0 1
1967 77 9 0 -1
1968 43 16 0 -1
1969 54 10 -1 0
1970 40 25 1 0
1971 71 5 1 0
1972 45 32 -1 0
1973 20 24 1 0
1974 6 12 0 1
1975 37 4 0 -1
1976 91 3 0 1
1977 83 38 0 -1
1978 71 27 1 0
1979 79 10 0 1
1980 97 35 1 0
1981 41 26 1 0
1982 95 29 -1 0
1983 27 16 1 0
1984 41 34 1 0
1985 87 38 0 1
1986 58 34 1 0
1987 17 34 1 0
1988 24 28 1 0
1989 94 5 0 -1
1990 70 1 -1 0
1991 41 19 1 0
1992 99 11 0 1
1993 13 34 -1 0
1994 6 14 1 0
1995 38 34 1 0
1996 27 3 0 -1
1997 39 36 0 1
1998 25 5 0 -1
1999 23 9 -1 0
2000 21 4 -1 0
2001 43 8 0 1
2002 19 38 0 1
2003 97 23 1 0
2004 25 23 -1 0
2005 56 8 1 0
2006 29 26 1 0
2007 47 13 0 1
2008 37 1 0 1
2009 40 7 -1 0
2010 54 17 -1 0
2011 6 0 0 -1
2012 51 37 0 1
2013 83 10 0 -1
2014 75 31 1 0
2015 2 26 0 -1
2016 88 25 -1 0
2017 28 10 1 0
2018 17 14 0 -1
2019 81 34 0 1
2020 80 7 1 0
2021 52 20 0 -1
2022 5 39 1 0
2023 6 35 0 1
2024 10 12 -1 0
2025 56 14 -1 0
2026 11 24 0 1
2027 25 36 0 -1
2028 25 10 1 0
2029 84 5 1 0
2030 41 1 0 1
2031 4 21 1 0
2032 69 5 0 -1
2033 36 1 0 -1
2034 67 7 -1 0
2035 35 12 0 1
2036 23 22 0 -1
2037 43 27 0 -1
2038 43 18 0 -1
2039 22 34 1 0
2040 90 11 -1 0
2041 40 3 0 -1
2042 18 18 0 1
2043 21 18 0 -1
2044 43 16 0 1
2045 38 36 0 -1
2046 29 5 0 -1
2047 24 31 0 1
2048 57 26 0 -1
2049 53 10 1 0
2050 37 16 0 -1
2051 47 22 1 0
2052 48 19 1 0
2053 48 20 0 -1
2054 59 35 0 1
2055 49 30 1 0
2056 12 21 0 1
2057 25 9 1 0
2058 8 13 1 0
2059 27 27 1 0
2060 93 23 -1 0
2061 99 34 0 -1
2062 80 23 -1 0
2063 37 18 1 0
2064 7 30 0 1
2065 29 7 1 0
2066 71 27 0 1
2067 39 19 0 -1
2068 94 20 0 -1
2069 7 6 -1 0
2070 38 35 0 1
2071 49 9 -1 0
2072 8 0 -1 0
2073 36 32 0 -1
2074 41 26 0 1
2075 26 24 1 0
2076 49 14 0 -1
2077 23 25 1 0
2078 27 32 1 0
2079 41 21 1 0
2080 36 33 0 -1
2081 18 37 0 1
2082 99 12 -1 0
2083 53 14 0 1
2084 75 35 1 0
2085 93 6 -1 0
2086 15 35 1 0
2087 11 17 0 -1
2088 18 19 -1 0
2089 0 16 1 0
2090 46 35 0 1
2091 27 14 0 -1
2092 24 5 1 0
2093 6 34 1 0
2094 39 6 1 0
2095 53 22 -1 0
2096 45 22 0 1
2097 15 18 0 -1
2098 44 29 0 -1
2099 36 32 1 0
2100 46 27 1 0
2101 27 11 1 0
2102 81 31 1 0
2103 5 24 1 0
2104 14 39 -1 0
2105 24 19 0 1
2106 61 28 0 -1
2107 24 32 0 1
2108 35 5 0 1
2109 8 17 0 -1
2110 41 34 0 -1
2111 36 3 -1 0
2112 6 31 1 0
2113 44 35 0 -1
2114 41 30 0 -1
2115 18 32 0 -1
2116 84 33 1 0
2117 7 12 -1 0
2118 39 7 1 0
2119 38 32 -1 0
2120 38 14 0 1
2121 39 20 -1 0
2122 40 37 -1 0
2123 60 1 0 1
2124 75 0 0 -1
2125 55 27 0 -1
2126 38 4 0 1
2127 48 4 -1 0
2128 18 3 1 0
2129 94 27 0 -1
2130 60 13 -1 0
2131 87 13 -1 0
2132 78 23 1 0
2133 21 26 1 0
2134 40 9 -1 0
2135 96 25 0 -1
2136 35 15 -1 0
2137 45 27 0 1
2138 25 6 0 -1
2139 43 5 -1 0
2140 94 35 0 1
2141 67 28 1 0
2142 19 35 1 0
2143 80 23 1 0
2144 18 29 0 1
2145 27 30 -1 0
2146 16 17 -1 0
2147 51 2 0 1
2148 61 27 0 -1
2149 88 0 1 0
2150 44 24 -1 0
2151 37 18 1 0
2152 98 33 1 0
2153 26 25 -1 0
2154 92 4 0 1
2155 24 36 0 1
2156 11 6 0 1
2157 40 39 0 1
2158 97 25 -1 0
2159 48 5 1 0
2160 20 24 0 1
2161 97 38 1 0
2162 38 9 1 0
2163 40 22 0 -1
2164 15 19 1 0
2165 63 10 1 0
2166 49 29 -1 0
2167 89 30 1 0
2168 3 35 0 -1
2169 48 33 0 -1
2170 39 36 0 -1
2171 56 4 0 -1
2172 77 28 0 -1
2173 35 20 0 1
2174 21 33 0 -1
2175 25 36 1 0
2176 45 3 0 -1
2177 84 20 -1 0
2178 10 15 0 -1
2179 14 17 -1 0
2180 87 9 1 0
2181 46 2 -1 0
2182 85 32 1 0
2183 84 23 -1 0
2184 20 2 -1 0
2185 81 24 0 -1
2186 7 12 0 1
2187 14 12 -1 0
2188 27 12 0 1
2189 98 7 0 1
2190 42 19 -1 0
2191 41 14 0 1
2192 97 10 0 1
2193 20 34 -1 0
2194 42 33 0 -1
2195 50 0 0 1
2196 97 30 0 1
2197 89 33 0 1
2198 9 38 0 -1
2199 79 5 -1 0
2200 39 2 1 0
2201 15 34 0 1
2202 43 24 0 1
2203 17 27 0 1
2204 43 27 0 -1
2205 38 12 1 0
2206 37 37 -1 0
2207 6 18 -1 0
2208 59 17 0 1
2209 40 33 1 0
2210 41 13 -1 0
2211 40 34 0 1
2212 0 31 0 1
2213 28 3 1 0
2214 43 39 0 -1
2215 35 8 1 0
2216 60 12 1 0
2217 42 26 -1 0
2218 84 23 1 0
2219 38 27 1 0
2220 28 32 -1 0
2221 47 35 1 0
2222 38 2 0 1
2223 42 23 0 -1
2224 32 2 1 0
2225 35 15 0 -1
2226 81 9 -1 0
2227 30 10 0 1
2228 39 21 0 1
2229 30 17 1 0
2230 16 18 0 1
2231 39 11 1 0
2232 37 38 1 0
2233 40 19 0 1
2234 78 37 0 1
2235 61 20 0 1
2236 17 29 1 0
2237 41 30 -1 0
2238 98 6 0 1
2239 11 29 1 0
2240 98 38 0 -1
2241 43 28 1 0
2242 41 26 0 1
2243 34 5 0 1
2244 4 11 0 -1
2245 24 23 -1 0
2246 87 34 0 1
2247 50 29 1 0
2248 45 17 -1 0
2249 51 22 -1 0
2250 24 35 0 1
2251 26 12 1 0
2252 52 24 1 0
2253 20 34 1 0
2254 9 30 0 1
2255 41 18 1 0
2256 97 27 0 1
2257 6 9 0 -1
2258 24 3 0 1
2259 71 16 1 0
2260 38 5 0 -1
2261 41 11 0 1
2262 13 39 0 1
2263 98 27 0 -1
2264 51 34 -1 0
2265 26 6 -1 0
2266 49 17 0 1
2267 69 14 0 -1
2268 48 10 0 1
2269 91 39 0 1
2270 76 14 -1 0
2271 23 9 0 -1
2272 67 6 0 1
2273 65 34 1 0
2274 16 3 0 1
2275 36 23 1 0
2276 86 30 0 -1
2277 19 25 0 -1
2278 59 0 0 1
2279 38 29 -1 0
2280 6 7 0 1
2281 14 30 0 1
2282 40 24 -1 0
2283 17 20 0 -1
2284 38 24 1 0
2285 35 30 -1 0
2286 94 38 1 0
2287 95 15 -1 0
2288 72 5 0 1
2289 25 32 1 0
2290 18 3 0 1
2291 80 38 -1 0
2292 27 12 -1 0
2293 12 24 0 -1
2294 44 23 0 1
2295 43 17 -1 0
2296 16 2 0 1
2297 29 37 1 0
2298 16 5 0 -1
2299 15 3 0 -1
2300 92 14 -1 0
2301 75 15 0 -1
2302 95 34 0 -1
2303 76 3 0 1
2304 36 34 -1 0
2305 8 2 1 0
2306 22 35 -1 0
2307 88 10 -1 0
2308 70 13 1 0
2309 68 14 0 1
2310 28 6 1 0
2311 58 38 0 1
2312 96 25 0 1
2313 78 14 0 1
2314 47 24 1 0
2315 15 24 0 1
2316 43 16 -1 0
2317 60 15 -1 0
2318 25 15 0 1
2319 61 9 -1 0
2320 24 12 0 -1
2321 49 30 0 1
2322 28 11 0 1
2323 38 31 0 -1
2324 70 6 -1 0
2325 3 9 0 -1
2326 24 33 -1 0
2327 58 11 0 1
2328 93 2 1 0
2329 30 0 0 1
2330 93 16 0 -1
2331 97 2 0 -1
2332 63 28 -1 0
2333 23 21 1 0
2334 19 2 0 1
2335 68 8 1 0
2336 45 13 0 -1
2337 44 27 -1 0
2338 5 32 1 0
2339 35 36 0 -1
2340 67 7 -1 0
2341 45 20 0 1
2342 52 22 -1 0
2343 64 39 0 1
2344 77 38 0 -1
2345 82 12 0 1
2346 63 29 -1 0
2347 80 26 0 -1
2348 91 7 -1 0
2349 25 2 1 0
2350 38 4 0 1
2351 41 22 -1 0
2352 41 9 0 1
2353 20 0 1 0
2354 22 2 -1 0
2355 26 20 0 1
2356 27 32 -1 0
2357 54 26 1 0
2358 36 2 1 0
2359 39 26 0 -1
2360 24 11 1 0
2361 10 19 0 1
2362 21 38 -1 0
2363 26 36 1 0
2364 16 39 0 1
2365 4 28 -1 0
2366 17 33 0 -1
2367 82 27 -1 0
2368 28 36 0 -1
2369 41 8 0 1
2370 93 8 0 -1
2371 86 13 0 -1
2372 26 33 1 0
2373 43 13 -1 0
2374 14 28 0 1
2375 41 35 1 0
2376 96 35 -1 0
2377 6 16 -1 0
2378 44 30 1 0
2379 35 10 0 1
2380 73 23 0 1
2381 84 8 1 0
2382 71 38 0 1
2383 6 19 1 0
2384 12 26 0 -1
2385 96 9 1 0
2386 36 17 -1 0
2387 36 24 0 -1
2388 29 32 0 1
2389 25 7 0 1
2390 17 36 0 -1
2391 4 35 -1 0
2392 16 39 0 -1
2393 9 14 0 1
2394 39 22 0 -1
2395 28 25 0 -1
2396 45 23 -1 0
2397 23 28 1 0
2398 94 24 -1 0
2399 20 28 -1 0
