0 37 7 1 0
1 28 27 0 1
2 89 38 -1 0
3 31 2 1 0
4 92 15 1 0
5 39 18 0 -1
6 44 4 -1 0
7 18 24 0 -1
8 32 18 1 0
9 39 15 -1 0
10 93 34 1 0
11 19 2 0 1
12 88 34 0 1
13 3 9 0 1
14 68 13 0 1
15 18 14 -1 0
16 29 16 0 1
17 93 16 -1 0
18 27 30 0 1
19 93 17 0 1
20 1 38 0 1
21 44 23 0 1
22 40 37 1 0
23 23 4 1 0
24 39 9 1 0
25 0 21 1 0
26 13 15 0 -1
27 76 37 0 1
28 22 37 0 -1
29 5 1 0 -1
30 44 1 0 -1
31 74 3 -1 0
32 23 6 1 0
33 65 30 1 0
34 52 0 -1 0
35 67 0 0 -1
36 28 13 -1 0
37 4 10 0 -1
38 95 34 0 1
39 73 32 -1 0
40 99 11 0 1
41 24 20 0 1
42 12 2 -1 0
43 45 28 0 -1
44 48 31 -1 0
45 72 7 1 0
46 19 34 -1 0
47 29 24 1 0
48 40 10 0 1
49 96 17 0 -1
50 31 15 1 0
51 29 5 0 1
52 43 11 0 -1
53 89 12 0 1
54 22 5 -1 0
55 7 14 0 -1
56 45 37 -1 0
57 36 18 0 -1
58 77 26 0 -1
59 97 27 1 0
60 19 24 1 0
61 49 11 0 -1
62 64 31 1 0
63 84 11 -1 0
64 29 0 0 1
65 52 8 0 1
66 9 36 0 1
67 22 10 1 0
68 6 31 -1 0
69 31 13 1 0
70 78 34 0 1
71 16 20 0 1
72 99 11 0 1
73 20 1 1 0
74 29 19 -1 0
75 47 35 -1 0
76 98 25 -1 0
77 51 2 0 1
78 63 21 1 0
79 27 22 0 -1
80 75 28 1 0
81 35 30 0 -1
82 1 12 1 0
83 99 11 1 0
84 28 26 0 1
85 40 14 0 -1
86 28 18 1 0
87 86 38 -1 0
88 37 6 0 -1
89 10 21 1 0
90 24 15 1 0
91 55 30 0 -1
92 40 38 0 -1
93 73 34 0 1
94 15 37 0 1
95 47 25 0 -1
96 94 38 1 0
97 50 34 0 1
98 17 5 -1 0
99 16 31 0 -1
100 22 19 0 1
101 21 39 -1 0
102 22 15 1 0
103 38 27 0 1
104 68 4 1 0
105 13 2 0 1
106 49 23 0 -1
107 84 6 0 -1
108 32 13 0 1
109 31 22 0 -1
110 23 21 0 1
111 63 2 1 0
112 99 23 -1 0
113 95 22 1 0
114 8 35 0 1
115 0 34 -1 0
116 30 1 0 -1
117 39 16 0 1
118 43 25 0 -1
119 64 6 0 -1
120 39 24 1 0
121 21 12 0 1
122 42 17 0 -1
123 83 22 0 -1
124 41 37 -1 0
125 6 18 0 1
126 58 28 0 1
127 49 18 0 -1
128 8 14 -1 0
129 41 38 1 0
130 11 20 -1 0
131 8 36 0 1
132 62 27 0 1
133 40 2 -1 0
134 95 20 0 1
135 2 27 1 0
136 25 19 0 -1
137 4 32 0 1
138 56 35 1 0
139 40 34 -1 0
140 18 31 -1 0
141 95 14 -1 0
142 31 17 0 1
143 27 3 0 1
144 23 25 1 0
145 20 5 0 1
146 28 14 0 1
147 49 21 0 -1
148 25 39 0 -1
149 44 13 0 1
150 4 12 1 0
151 35 24 -1 0
152 41 36 -1 0
153 91 16 -1 0
154 98 2 0 1
155 41 19 1 0
156 92 33 0 1
157 41 24 0 1
158 8 28 0 -1
159 84 16 0 -1
160 28 38 -1 0
161 75 17 1 0
162 41 1 -1 0
163 43 35 1 0
164 16 13 1 0
165 92 17 1 0
166 25 24 1 0
167 35 30 -1 0
168 66 31 0 -1
169 24 10 0 -1
170 38 32 -1 0
171 31 0 -1 0
172 69 15 -1 0
173 9 28 0 -1
174 58 8 -1 0
175 42 9 -1 0
176 25 5 1 0
177 11 12 1 0
178 42 35 0 -1
179 14 15 0 1
180 45 4 0 1
181 38 31 -1 0
182 60 14 0 1
183 29 15 0 1
184 41 20 0 1
185 54 29 1 0
186 27 20 0 1
187 32 6 0 -1
188 18 13 0 -1
189 40 28 0 1
190 47 5 1 0
191 30 31 1 0
192 84 26 -1 0
193 87 35 0 1
194 67 28 -1 0
195 31 9 0 1
196 9 18 1 0
197 56 35 0 -1
198 39 25 0 -1
199 42 2 0 1
200 49 2 1 0
201 79 21 0 1
202 81 34 1 0
203 24 0 -1 0
204 26 4 0 1
205 12 24 1 0
206 14 1 0 1
207 48 29 0 1
208 86 26 1 0
209 18 24 -1 0
210 84 29 -1 0
211 41 29 0 -1
212 50 29 1 0
213 22 31 0 -1
214 90 16 1 0
215 91 38 0 1
216 18 32 0 -1
217 43 37 0 1
218 40 13 -1 0
219 44 21 0 -1
220 62 24 0 -1
221 18 34 1 0
222 99 15 1 0
223 0 22 0 -1
224 49 33 1 0
225 38 4 0 -1
226 28 27 0 -1
227 11 10 -1 0
228 38 10 1 0
229 39 8 1 0
230 7 19 -1 0
231 42 31 1 0
232 6 10 1 0
233 41 32 0 -1
234 20 7 0 1
235 21 15 -1 0
236 39 11 1 0
237 12 28 0 1
238 23 28 1 0
239 12 5 1 0
240 6 8 1 0
241 94 29 0 -1
242 91 14 -1 0
243 28 3 0 1
244 5 10 -1 0
245 56 5 1 0
246 51 26 0 1
247 26 32 -1 0
248 85 29 -1 0
249 37 18 0 -1
250 95 7 -1 0
251 41 34 1 0
252 85 38 1 0
253 46 35 0 1
254 47 34 0 1
255 68 8 -1 0
256 78 15 1 0
257 11 32 0 1
258 23 15 0 1
259 97 34 0 -1
260 45 28 -1 0
261 91 9 1 0
262 60 15 0 -1
263 37 38 0 1
264 58 33 0 -1
265 14 11 0 1
266 9 37 0 -1
267 17 28 -1 0
268 39 18 -1 0
269 45 38 -1 0
270 26 20 -1 0
271 93 34 -1 0
272 49 27 -1 0
273 37 5 1 0
274 36 27 1 0
275 72 37 0 1
276 30 9 0 1
277 14 13 1 0
278 2 23 0 1
279 50 32 -1 0
280 77 1 -1 0
281 65 4 -1 0
282 35 4 -1 0
283 3 0 0 -1
284 87 25 1 0
285 28 24 1 0
286 94 13 1 0
287 55 35 1 0
288 25 39 1 0
289 60 25 0 -1
290 29 2 -1 0
291 38 29 0 -1
292 92 22 1 0
293 44 17 -1 0
294 99 30 1 0
295 97 32 0 1
296 66 37 0 1
297 93 28 0 1
298 26 38 1 0
299 47 28 0 1
300 67 21 -1 0
301 96 5 1 0
302 17 13 0 1
303 67 24 1 0
304 66 14 0 -1
305 26 9 -1 0
306 10 29 0 1
307 9 38 -1 0
308 27 7 0 1
309 42 28 0 1
310 8 36 -1 0
311 89 9 1 0
312 27 38 0 1
313 41 14 -1 0
314 68 2 0 -1
315 32 10 0 1
316 97 35 -1 0
317 7 18 1 0
318 27 21 1 0
319 37 16 1 0
320 36 31 0 -1
321 16 23 0 -1
322 30 35 0 -1
323 18 12 0 1
324 15 3 -1 0
325 45 10 1 0
326 24 4 0 1
327 3 4 1 0
328 28 5 0 1
329 25 14 -1 0
330 23 8 0 -1
331 81 39 0 1
332 95 22 0 1
333 29 6 1 0
334 80 11 1 0
335 20 37 0 -1
336 15 32 0 1
337 85 16 0 1
338 97 9 -1 0
339 9 37 0 -1
340 21 38 -1 0
341 40 12 1 0
342 14 7 -1 0
343 82 35 1 0
344 80 37 0 1
345 20 34 -1 0
346 5 22 0 -1
347 88 10 0 1
348 36 27 -1 0
349 40 22 -1 0
350 46 6 0 -1
351 30 27 1 0
352 37 5 -1 0
353 83 9 -1 0
354 9 7 0 1
355 27 30 -1 0
356 42 37 1 0
357 82 11 1 0
358 24 6 0 1
359 69 31 -1 0
360 20 21 0 1
361 26 22 0 -1
362 2 22 0 -1
363 25 20 1 0
364 44 4 -1 0
365 62 10 1 0
366 27 32 0 -1
367 24 35 0 1
368 35 2 1 0
369 98 19 0 -1
370 27 14 0 -1
371 30 31 1 0
372 46 16 0 -1
373 20 1 -1 0
374 64 21 1 0
375 26 27 1 0
376 46 35 1 0
377 5 17 -1 0
378 20 1 0 1
379 22 8 0 1
380 36 21 0 -1
381 24 24 1 0
382 36 1 1 0
383 97 29 -1 0
384 44 9 -1 0
385 53 37 0 -1
386 37 38 -1 0
387 50 6 0 -1
388 66 18 1 0
389 95 35 1 0
390 25 21 0 1
391 80 35 1 0
392 25 21 1 0
393 20 34 0 1
394 95 19 1 0
395 58 5 0 -1
396 56 3 0 -1
397 23 1 -1 0
398 30 6 1 0
399 11 36 -1 0
400 10 17 0 1
401 28 20 -1 0
402 23 14 0 -1
403 19 29 0 -1
404 70 24 0 1
405 39 0 -1 0
406 58 38 0 1
407 14 32 1 0
408 20 19 1 0
409 39 32 0 -1
410 10 24 -1 0
411 51 38 -1 0
412 70 30 1 0
413 47 22 0 -1
414 26 33 0 -1
415 39 32 1 0
416 18 25 0 1
417 47 34 0 -1
418 76 22 -1 0
419 9 9 1 0
420 40 22 0 -1
421 34 27 1 0
422 38 31 0 -1
423 61 16 0 1
424 1 35 0 -1
425 24 15 1 0
426 57 36 1 0
427 97 6 0 -1
428 2 17 0 1
429 27 14 0 -1
430 73 22 0 1
431 55 11 0 -1
432 69 32 1 0
433 27 31 -1 0
434 2 7 0 1
435 9 20 1 0
436 41 30 0 1
437 32 27 1 0
438 47 39 0 -1
439 22 1 -1 0
440 20 15 0 1
441 44 31 0 -1
442 36 28 0 -1
443 55 27 0 -1
444 26 0 -1 0
445 93 16 0 -1
446 18 36 0 1
447 11 17 1 0
448 36 23 -1 0
449 64 38 1 0
450 91 3 -1 0
451 69 27 0 1
452 43 37 -1 0
453 65 27 1 0
454 26 3 1 0
455 11 35 0 1
456 43 29 -1 0
457 45 7 0 1
458 24 9 0 -1
459 56 37 -1 0
460 38 29 0 1
461 50 19 -1 0
462 27 23 0 1
463 46 30 -1 0
464 38 39 0 1
465 17 4 -1 0
466 27 39 0 -1
467 79 19 1 0
468 25 20 0 1
469 87 34 -1 0
470 61 14 0 -1
471 93 26 0 1
472 17 31 1 0
473 41 23 0 -1
474 19 4 0 -1
475 52 34 0 1
476 73 13 -1 0
477 38 34 1 0
478 24 16 1 0
479 28 37 0 1
480 45 12 0 -1
481 6 24 -1 0
482 85 23 -1 0
483 45 18 0 -1
484 36 24 -1 0
485 79 14 0 -1
486 5 27 -1 0
487 40 39 0 -1
488 41 8 -1 0
489 41 6 1 0
490 42 5 -1 0
491 98 17 0 -1
492 52 4 -1 0
493 27 5 0 1
494 27 20 0 1
495 77 19 1 0
496 27 21 -1 0
497 26 18 0 -1
498 84 2 -1 0
499 1 37 0 -1
500 47 7 -1 0
501 75 13 1 0
502 50 11 0 1
503 9 8 0 1
504 87 20 1 0
505 30 10 1 0
506 24 0 0 1
507 50 17 -1 0
508 43 39 -1 0
509 24 22 -1 0
510 28 15 1 0
511 37 17 -1 0
512 5 22 1 0
513 1 12 0 -1
514 41 21 1 0
515 98 33 0 -1
516 80 36 1 0
517 55 36 0 -1
518 22 14 0 1
519 63 38 -1 0
520 32 18 1 0
521 31 1 -1 0
522 76 12 0 -1
523 22 15 1 0
524 47 7 0 1
525 38 18 0 1
526 78 21 1 0
527 49 35 0 -1
528 40 32 0 1
529 90 36 0 -1
530 40 37 0 1
531 39 8 -1 0
532 93 1 0 1
533 24 26 0 1
534 30 5 0 1
535 38 22 1 0
536 30 8 0 1
537 4 20 -1 0
538 21 30 0 1
539 66 12 -1 0
540 29 37 0 1
541 21 7 0 -1
542 4 35 -1 0
543 99 24 0 1
544 14 1 1 0
545 6 38 0 1
546 37 27 0 1
547 71 19 1 0
548 39 16 -1 0
549 12 33 0 1
550 54 2 -1 0
551 93 30 0 1
552 69 2 -1 0
553 56 0 0 -1
554 5 15 0 -1
555 36 10 1 0
556 43 14 0 -1
557 7 29 0 -1
558 14 7 0 1
559 75 29 0 -1
560 97 11 1 0
561 1 2 0 1
562 26 33 1 0
563 18 9 1 0
564 45 33 1 0
565 70 27 0 1
566 89 39 -1 0
567 44 9 1 0
568 29 11 0 -1
569 26 29 -1 0
570 57 8 -1 0
571 30 25 0 -1
572 28 17 0 1
573 57 34 -1 0
574 69 34 0 -1
575 48 7 0 1
576 28 19 -1 0
577 24 18 1 0
578 55 39 1 0
579 21 1 0 1
580 22 32 0 1
581 29 38 1 0
582 20 4 -1 0
583 41 2 -1 0
584 26 16 -1 0
585 52 3 0 -1
586 36 30 -1 0
587 42 22 -1 0
588 95 13 -1 0
589 80 33 -1 0
590 28 25 -1 0
591 94 19 1 0
592 39 30 -1 0
593 25 18 0 1
594 18 13 1 0
595 42 19 -1 0
596 44 35 -1 0
597 25 7 1 0
598 71 9 -1 0
599 21 36 1 0
600 26 11 1 0
601 97 33 1 0
602 27 38 0 1
603 42 10 -1 0
604 28 3 -1 0
605 38 31 0 -1
606 57 39 1 0
607 22 5 -1 0
608 91 36 -1 0
609 61 36 -1 0
610 29 9 1 0
611 88 15 0 1
612 98 6 1 0
613 92 14 -1 0
614 17 33 -1 0
615 41 32 -1 0
616 96 8 0 -1
617 89 0 0 1
618 96 21 -1 0
619 98 27 1 0
620 25 22 0 -1
621 89 18 0 -1
622 82 25 -1 0
623 5 32 0 1
624 59 21 0 1
625 98 15 0 1
626 42 33 -1 0
627 29 39 0 1
628 51 26 1 0
629 9 36 1 0
630 28 6 0 1
631 76 0 0 1
632 35 15 1 0
633 99 33 -1 0
634 12 37 0 1
635 17 33 -1 0
636 14 37 1 0
637 3 19 0 -1
638 76 4 1 0
639 18 6 1 0
640 98 34 1 0
641 3 13 0 1
642 24 22 1 0
643 84 4 0 1
644 12 33 -1 0
645 5 36 1 0
646 26 12 1 0
647 72 31 0 1
648 18 14 0 -1
649 5 3 0 -1
650 92 34 0 1
651 48 20 0 -1
652 24 5 -1 0
653 25 10 0 -1
654 9 30 0 1
655 98 37 0 -1
656 6 8 0 -1
657 91 7 0 1
658 17 13 0 1
659 62 0 0 1
660 40 1 0 -1
661 40 13 1 0
662 57 7 1 0
663 26 10 0 1
664 46 23 0 1
665 65 6 0 -1
666 41 6 0 1
667 96 10 0 -1
668 5 28 1 0
669 97 32 0 1
670 2 26 0 -1
671 55 37 0 1
672 9 8 1 0
673 92 9 0 1
674 55 22 0 1
675 54 1 0 1
676 37 20 0 -1
677 89 24 0 1
678 9 7 1 0
679 29 24 1 0
680 28 10 1 0
681 99 8 0 1
682 64 5 1 0
683 51 14 -1 0
684 14 5 0 1
685 26 34 -1 0
686 63 26 0 -1
687 28 12 0 -1
688 95 31 -1 0
689 36 23 1 0
690 28 9 1 0
691 2 36 0 -1
692 0 16 0 1
693 89 28 1 0
694 25 29 0 1
695 3 15 1 0
696 38 28 0 1
697 16 27 0 -1
698 74 0 1 0
699 42 25 1 0
700 24 1 1 0
701 38 35 1 0
702 26 16 1 0
703 85 35 1 0
704 20 35 -1 0
705 64 21 1 0
706 45 22 1 0
707 42 7 1 0
708 28 32 0 1
709 31 4 -1 0
710 39 24 1 0
711 26 20 0 1
712 23 14 -1 0
713 46 8 0 -1
714 55 7 -1 0
715 53 19 1 0
716 68 38 -1 0
717 18 7 0 1
718 29 23 0 1
719 35 22 1 0
720 20 17 0 1
721 30 9 0 1
722 24 6 -1 0
723 94 27 0 1
724 79 6 -1 0
725 94 1 1 0
726 6 14 -1 0
727 21 33 0 -1
728 3 29 -1 0
729 43 23 0 -1
730 63 32 1 0
731 14 6 0 1
732 46 17 -1 0
733 18 0 -1 0
734 76 14 -1 0
735 13 10 1 0
736 25 7 -1 0
737 54 1 0 1
738 38 18 0 -1
739 12 13 -1 0
740 29 37 0 1
741 48 32 -1 0
742 46 2 0 1
743 89 39 0 -1
744 41 4 0 -1
745 43 28 0 -1
746 81 36 0 -1
747 52 27 0 -1
748 26 18 0 -1
749 89 33 0 1
750 94 34 0 1
751 27 32 0 1
752 70 31 0 1
753 86 31 1 0
754 76 20 -1 0
755 37 26 -1 0
756 99 2 -1 0
757 1 14 -1 0
758 77 36 1 0
759 74 19 1 0
760 97 7 -1 0
761 51 2 1 0
762 43 4 0 -1
763 40 1 0 1
764 97 24 1 0
765 53 21 0 1
766 51 3 1 0
767 28 29 1 0
768 83 30 0 1
769 88 12 0 -1
770 29 0 1 0
771 28 10 0 1
772 7 25 0 -1
773 15 26 0 1
774 48 14 0 -1
775 14 16 1 0
776 66 24 0 -1
777 3 31 -1 0
778 98 26 1 0
779 17 6 0 1
780 13 6 0 1
781 50 14 0 -1
782 46 33 1 0
783 21 17 0 -1
784 35 8 0 -1
785 45 9 0 1
786 2 5 -1 0
787 41 6 1 0
788 25 7 0 1
789 23 13 0 1
790 16 23 0 1
791 92 1 0 1
792 4 25 0 -1
793 91 2 -1 0
794 86 33 0 -1
795 16 6 1 0
796 11 39 -1 0
797 96 24 0 1
798 74 5 0 -1
799 67 19 0 -1
800 22 4 0 1
801 13 17 -1 0
802 78 2 1 0
803 52 22 0 -1
804 40 36 0 1
805 96 31 1 0
806 84 23 0 -1
807 10 35 1 0
808 26 16 -1 0
809 98 12 0 -1
810 84 3 1 0
811 13 35 1 0
812 77 17 0 1
813 32 24 -1 0
814 23 36 0 1
815 42 3 0 1
816 51 7 0 -1
817 19 18 1 0
818 26 18 1 0
819 48 10 1 0
820 0 36 1 0
821 41 1 0 -1
822 74 25 -1 0
823 9 30 0 1
824 40 34 0 -1
825 41 37 -1 0
826 5 13 0 -1
827 39 31 0 1
828 1 23 1 0
829 62 3 -1 0
830 4 15 1 0
831 72 29 0 1
832 24 38 -1 0
833 13 31 0 -1
834 49 32 1 0
835 40 30 0 -1
836 94 14 1 0
837 40 19 1 0
838 53 1 -1 0
839 90 17 0 -1
840 12 26 -1 0
841 14 1 1 0
842 41 15 -1 0
843 44 18 -1 0
844 25 0 0 -1
845 9 22 0 -1
846 3 35 0 -1
847 41 15 -1 0
848 42 9 1 0
849 45 8 -1 0
850 50 15 0 1
851 19 35 1 0
852 28 24 -1 0
853 21 2 0 -1
854 26 28 0 -1
855 80 22 -1 0
856 86 22 -1 0
857 69 7 0 1
858 20 6 1 0
859 88 7 0 -1
860 23 24 0 -1
861 91 17 -1 0
862 38 7 -1 0
863 22 6 0 1
864 35 30 0 1
865 61 13 0 1
866 86 6 1 0
867 14 25 -1 0
868 44 14 0 -1
869 97 38 0 1
870 24 19 0 -1
871 41 26 0 -1
872 77 1 0 1
873 98 38 0 -1
874 17 39 -1 0
875 37 33 1 0
876 24 27 1 0
877 52 29 -1 0
878 15 5 -1 0
879 39 27 0 -1
880 35 11 0 1
881 84 0 0 1
882 27 13 1 0
883 16 16 -1 0
884 39 35 0 1
885 12 25 0 -1
886 1 32 1 0
887 27 19 0 1
888 68 21 -1 0
889 0 35 0 -1
890 17 5 1 0
891 13 23 0 1
892 40 32 1 0
893 99 18 0 -1
894 43 17 -1 0
895 84 32 -1 0
896 16 18 0 1
897 43 26 -1 0
898 27 9 0 -1
899 13 36 0 -1
900 2 20 1 0
901 17 1 -1 0
902 53 3 -1 0
903 73 4 1 0
904 52 19 1 0
905 17 38 0 1
906 49 31 0 -1
907 85 20 -1 0
908 94 15 0 1
909 50 14 0 1
910 47 13 1 0
911 21 19 0 -1
912 21 23 0 1
913 8 18 0 -1
914 94 34 1 0
915 39 14 0 1
916 16 23 0 -1
917 94 35 1 0
918 24 31 0 -1
919 14 31 -1 0
920 42 27 0 -1
921 30 33 1 0
922 39 30 0 1
923 5 36 0 -1
924 43 36 1 0
925 37 27 -1 0
926 37 21 1 0
927 15 14 -1 0
928 82 12 0 -1
929 19 9 0 -1
930 68 3 0 1
931 10 7 -1 0
932 94 31 1 0
933 28 1 0 -1
934 71 2 0 -1
935 36 15 0 -1
936 24 24 0 -1
937 29 12 0 -1
938 18 12 0 -1
939 82 18 -1 0
940 94 25 0 -1
941 31 31 0 1
942 40 33 0 -1
943 17 32 0 -1
944 15 14 0 1
945 25 14 1 0
946 15 25 0 -1
947 23 6 -1 0
948 14 2 -1 0
949 40 20 -1 0
950 42 13 0 1
951 45 22 1 0
952 14 7 0 -1
953 27 0 -1 0
954 30 10 1 0
955 39 25 -1 0
956 44 30 -1 0
957 8 39 1 0
958 62 35 0 -1
959 3 22 -1 0
960 21 21 0 1
961 74 24 1 0
962 25 34 1 0
963 98 11 0 -1
964 40 29 0 1
965 26 9 1 0
966 27 13 0 -1
967 3 22 -1 0
968 27 4 0 1
969 27 38 1 0
970 22 12 1 0
971 36 16 0 -1
972 73 36 0 1
973 15 19 0 -1
974 37 9 -1 0
975 1 12 -1 0
976 39 9 1 0
977 39 28 0 -1
978 96 14 1 0
979 23 13 0 -1
980 0 20 0 1
981 97 21 0 1
982 39 15 -1 0
983 2 23 0 -1
984 23 28 1 0
985 75 19 -1 0
986 54 5 -1 0
987 24 0 0 1
988 38 19 0 1
989 50 4 0 -1
990 26 22 0 -1
991 90 15 1 0
992 28 17 1 0
993 83 15 0 -1
994 85 26 1 0
995 46 31 0 1
996 98 25 0 -1
997 16 33 1 0
998 99 25 0 1
999 29 38 -1 0
1000 38 37 0 1
1001 40 2 0 -1
1002 83 26 -1 0
1003 49 15 0 -1
1004 48 4 1 0
1005 95 10 -1 0
1006 62 29 1 0
1007 43 39 0 1
1008 91 22 1 0
1009 59 34 -1 0
1010 43 38 -1 0
1011 2 28 -1 0
1012 24 38 0 -1
1013 99 3 1 0
1014 96 34 -1 0
1015 20 28 -1 0
1016 50 14 0 1
1017 91 2 0 1
1018 42 20 0 1
1019 82 15 0 -1
1020 84 23 0 -1
1021 82 13 -1 0
1022 26 34 0 1
1023 31 27 0 -1
1024 94 19 -1 0
1025 28 34 1 0
1026 7 30 -1 0
1027 31 6 0 1
1028 91 3 0 -1
1029 23 23 -1 0
1030 39 15 0 1
1031 11 26 1 0
1032 6 23 1 0
1033 45 3 -1 0
1034 49 34 0 1
1035 77 37 -1 0
1036 31 1 -1 0
1037 16 1 0 -1
1038 40 24 0 -1
1039 74 11 1 0
1040 86 28 0 1
1041 39 38 0 1
1042 40 24 -1 0
1043 56 12 0 -1
1044 3 30 0 1
1045 3 15 0 -1
1046 96 28 0 -1
1047 19 18 0 -1
1048 12 37 -1 0
1049 76 29 1 0
1050 44 3 -1 0
1051 11 0 0 -1
1052 40 25 0 -1
1053 54 11 0 1
1054 87 4 0 -1
1055 40 21 0 1
1056 31 10 1 0
1057 40 10 0 1
1058 36 18 1 0
1059 25 14 0 -1
1060 32 26 0 1
1061 26 1 0 1
1062 38 19 1 0
1063 41 19 -1 0
1064 37 5 -1 0
1065 15 28 0 1
1066 47 2 0 -1
1067 30 8 -1 0
1068 44 20 0 -1
1069 27 7 0 -1
1070 41 8 1 0
1071 62 7 0 1
1072 66 39 0 -1
1073 8 38 0 1
1074 36 34 1 0
1075 19 28 1 0
1076 19 18 1 0
1077 46 17 0 -1
1078 21 36 0 1
1079 30 35 0 1
1080 41 19 0 1
1081 55 11 0 1
1082 44 19 -1 0
1083 22 14 0 -1
1084 94 29 0 -1
1085 55 11 0 1
1086 85 32 0 1
1087 22 8 0 1
1088 83 25 1 0
1089 75 17 0 -1
1090 14 15 1 0
1091 3 14 0 -1
1092 31 38 0 1
1093 42 31 0 -1
1094 45 38 0 1
1095 94 26 1 0
1096 25 33 0 -1
1097 9 16 1 0
1098 14 24 0 1
1099 26 31 0 1
1100 48 23 0 1
1101 22 4 0 1
1102 92 31 1 0
1103 24 37 1 0
1104 41 12 -1 0
1105 85 37 -1 0
1106 99 18 -1 0
1107 22 20 1 0
1108 40 34 -1 0
1109 19 22 1 0
1110 23 18 1 0
1111 31 29 0 -1
1112 18 37 0 1
1113 8 12 0 -1
1114 31 38 0 1
1115 28 14 -1 0
1116 29 34 0 -1
1117 97 13 0 -1
1118 71 27 0 -1
1119 43 11 -1 0
1120 45 34 1 0
1121 48 7 -1 0
1122 19 29 0 -1
1123 73 0 -1 0
1124 82 35 0 1
1125 58 34 0 1
1126 92 27 0 1
1127 52 8 0 -1
1128 12 16 1 0
1129 55 18 1 0
1130 55 3 1 0
1131 37 32 0 -1
1132 9 36 1 0
1133 59 32 1 0
1134 65 24 0 -1
1135 84 11 -1 0
1136 85 11 0 1
1137 21 24 1 0
1138 11 34 0 -1
1139 42 39 -1 0
1140 53 26 0 -1
1141 43 27 0 -1
1142 44 29 0 -1
1143 84 13 0 -1
1144 42 8 1 0
1145 17 38 -1 0
1146 22 23 0 -1
1147 29 19 -1 0
1148 89 22 0 1
1149 26 21 0 1
1150 75 3 -1 0
1151 22 31 0 -1
1152 45 17 0 1
1153 19 1 0 1
1154 23 0 1 0
1155 43 2 1 0
1156 26 5 1 0
1157 69 26 0 -1
1158 37 25 0 -1
1159 41 14 -1 0
1160 7 28 1 0
1161 49 8 0 -1
1162 23 5 1 0
1163 2 2 0 1
1164 40 4 0 1
1165 54 10 0 -1
1166 46 8 -1 0
1167 22 5 0 1
1168 12 4 -1 0
1169 40 30 0 -1
1170 12 26 -1 0
1171 7 4 0 -1
1172 16 4 0 1
1173 43 14 0 1
1174 99 22 1 0
1175 29 14 0 -1
1176 42 10 -1 0
1177 65 18 -1 0
1178 9 34 1 0
1179 11 20 1 0
1180 26 4 1 0
1181 73 5 -1 0
1182 87 12 1 0
1183 38 3 0 -1
1184 91 16 1 0
1185 84 33 -1 0
1186 36 26 1 0
1187 19 37 1 0
1188 59 5 0 1
1189 45 37 0 1
1190 20 16 0 1
1191 30 9 0 1
1192 58 33 0 1
1193 44 22 1 0
1194 92 16 0 1
1195 91 34 1 0
1196 21 28 0 -1
1197 44 27 0 1
1198 20 26 1 0
1199 39 32 0 -1
1200 51 22 -1 0
1201 24 22 0 1
1202 22 29 1 0
1203 26 21 0 1
1204 43 10 1 0
1205 44 24 -1 0
1206 68 16 0 -1
1207 52 27 1 0
1208 15 29 1 0
1209 28 38 -1 0
1210 98 0 0 -1
1211 52 14 1 0
1212 20 5 0 -1
1213 17 27 0 1
1214 23 26 -1 0
1215 25 3 0 1
1216 8 39 1 0
1217 26 9 0 1
1218 44 25 -1 0
1219 27 1 0 -1
1220 37 35 -1 0
1221 71 36 1 0
1222 60 9 0 -1
1223 90 27 0 1
1224 96 6 -1 0
1225 28 26 1 0
1226 36 12 -1 0
1227 36 13 0 1
1228 18 32 -1 0
1229 23 32 0 1
1230 0 3 0 1
1231 45 35 -1 0
1232 79 1 0 -1
1233 23 1 0 -1
1234 54 34 1 0
1235 85 33 -1 0
1236 88 31 0 1
1237 1 36 0 -1
1238 56 32 -1 0
1239 21 6 0 1
1240 77 17 0 -1
1241 42 17 0 -1
1242 41 7 -1 0
1243 38 36 0 1
1244 42 36 0 -1
1245 28 18 -1 0
1246 27 31 -1 0
1247 45 20 0 -1
1248 42 21 1 0
1249 80 25 1 0
1250 52 13 -1 0
1251 39 23 0 1
1252 18 1 0 1
1253 31 25 0 1
1254 64 37 0 -1
1255 36 31 0 -1
1256 25 3 0 1
1257 57 25 0 1
1258 44 14 -1 0
1259 53 22 0 1
1260 64 22 -1 0
1261 12 9 0 -1
1262 83 19 0 1
1263 80 22 1 0
1264 22 20 1 0
1265 29 36 1 0
1266 38 16 0 -1
1267 26 8 0 1
1268 22 17 1 0
1269 99 19 1 0
1270 13 25 -1 0
1271 26 20 0 1
1272 5 18 -1 0
1273 89 17 -1 0
1274 94 34 0 1
1275 95 29 0 -1
1276 88 33 1 0
1277 53 7 0 1
1278 56 26 0 -1
1279 4 29 0 1
1280 28 20 0 1
1281 10 20 0 -1
1282 24 21 -1 0
1283 17 21 1 0
1284 67 20 1 0
1285 8 0 1 0
1286 9 23 0 1
1287 43 9 -1 0
1288 10 30 -1 0
1289 5 15 0 -1
1290 4 22 -1 0
1291 24 4 0 -1
1292 36 2 -1 0
1293 76 0 -1 0
1294 22 11 0 1
1295 41 25 -1 0
1296 45 8 0 1
1297 28 26 -1 0
1298 16 0 1 0
1299 28 25 0 1
1300 94 2 0 -1
1301 21 35 1 0
1302 25 37 0 1
1303 39 31 0 1
1304 42 34 -1 0
1305 26 1 -1 0
1306 26 23 0 -1
1307 31 12 0 -1
1308 96 20 -1 0
1309 72 17 0 1
1310 39 5 1 0
1311 59 30 -1 0
1312 52 1 0 -1
1313 23 14 -1 0
1314 37 29 0 -1
1315 5 13 0 1
1316 44 21 0 1
1317 33 27 0 -1
1318 1 8 0 -1
1319 18 22 1 0
1320 61 2 -1 0
1321 38 16 0 -1
1322 42 17 1 0
1323 42 25 0 -1
1324 22 22 1 0
1325 44 2 -1 0
1326 26 17 1 0
1327 44 29 0 1
1328 53 24 0 -1
1329 37 39 0 1
1330 19 27 0 1
1331 1 35 1 0
1332 15 31 0 -1
1333 30 8 -1 0
1334 92 38 -1 0
1335 38 7 0 -1
1336 54 13 -1 0
1337 28 15 0 -1
1338 84 22 0 1
1339 11 15 0 -1
1340 3 28 0 1
1341 43 9 1 0
1342 50 12 0 -1
1343 63 4 0 1
1344 36 6 0 1
1345 16 5 -1 0
1346 56 23 1 0
1347 39 27 0 -1
1348 42 32 -1 0
1349 24 18 1 0
1350 45 16 0 1
1351 70 22 0 1
1352 75 24 0 -1
1353 37 32 -1 0
1354 44 33 1 0
1355 36 39 0 -1
1356 37 1 0 -1
1357 39 20 -1 0
1358 42 39 0 -1
1359 28 20 0 -1
1360 87 37 0 -1
1361 91 31 -1 0
1362 39 39 -1 0
1363 88 17 0 -1
1364 59 4 1 0
1365 38 0 0 1
1366 26 22 1 0
1367 30 32 0 1
1368 23 22 0 1
1369 38 24 1 0
1370 66 3 0 1
1371 80 34 1 0
1372 23 16 0 -1
1373 69 33 0 -1
1374 37 28 1 0
1375 28 12 0 1
1376 21 12 0 -1
1377 22 15 1 0
1378 54 28 0 1
1379 49 29 0 -1
1380 27 8 0 1
1381 41 33 -1 0
1382 30 33 0 1
1383 98 12 -1 0
1384 39 23 1 0
1385 51 4 -1 0
1386 18 23 -1 0
1387 41 31 0 -1
1388 41 8 0 1
1389 21 19 -1 0
1390 87 37 0 1
1391 19 11 0 -1
1392 94 36 0 -1
1393 93 31 0 -1
1394 79 22 1 0
1395 1 2 -1 0
1396 99 18 0 -1
1397 58 10 -1 0
1398 56 18 0 1
1399 39 39 -1 0
1400 17 20 0 1
1401 99 28 0 -1
1402 16 15 -1 0
1403 10 13 0 1
1404 71 29 0 -1
1405 24 23 1 0
1406 38 17 -1 0
1407 70 16 0 1
1408 95 19 0 -1
1409 38 1 0 -1
1410 50 11 1 0
1411 31 5 0 1
1412 64 24 -1 0
1413 25 26 1 0
1414 44 8 -1 0
1415 24 37 0 -1
1416 43 25 0 1
1417 11 27 1 0
1418 83 3 1 0
1419 29 3 0 -1
1420 95 34 -1 0
1421 36 10 0 1
1422 29 31 1 0
1423 26 24 0 -1
1424 91 39 -1 0
1425 36 5 -1 0
1426 85 9 0 -1
1427 87 35 1 0
1428 13 11 0 -1
1429 31 38 -1 0
1430 39 4 -1 0
1431 81 14 -1 0
1432 27 6 -1 0
1433 98 2 -1 0
1434 2 16 1 0
1435 10 1 0 1
1436 35 1 0 -1
1437 39 31 0 1
1438 74 39 0 1
1439 43 39 0 1
1440 53 1 0 1
1441 39 29 1 0
1442 25 31 -1 0
1443 28 33 -1 0
1444 87 2 -1 0
1445 15 36 1 0
1446 80 29 0 -1
1447 16 3 0 -1
1448 42 12 1 0
1449 45 3 -1 0
1450 21 34 0 -1
1451 73 9 1 0
1452 46 12 0 -1
1453 62 10 0 1
1454 22 1 1 0
1455 19 5 1 0
1456 98 34 0 1
1457 51 6 1 0
1458 23 20 -1 0
1459 18 7 1 0
1460 27 17 0 -1
1461 24 9 -1 0
1462 69 16 1 0
1463 86 5 1 0
1464 1 4 1 0
1465 12 39 1 0
1466 17 7 1 0
1467 12 12 0 1
1468 76 32 0 -1
1469 84 33 0 -1
1470 23 3 -1 0
1471 48 39 0 -1
1472 28 7 1 0
1473 37 12 1 0
1474 27 20 -1 0
1475 39 5 0 1
1476 25 17 0 1
1477 43 37 0 1
1478 36 34 0 -1
1479 11 3 0 -1
1480 73 6 -1 0
1481 38 27 1 0
1482 40 16 0 1
1483 39 7 -1 0
1484 39 2 0 -1
1485 94 19 -1 0
1486 28 21 1 0
1487 42 27 0 -1
1488 47 32 0 1
1489 96 0 0 1
1490 81 30 0 -1
1491 37 4 0 1
1492 63 0 0 1
1493 45 39 0 1
1494 52 20 0 -1
1495 27 39 -1 0
1496 96 35 0 -1
1497 66 26 0 1
1498 0 2 -1 0
1499 2 37 0 -1
1500 26 23 0 1
1501 66 38 0 -1
1502 27 12 0 1
1503 27 8 0 1
1504 29 17 0 1
1505 57 11 0 1
1506 45 18 -1 0
1507 17 29 -1 0
1508 40 8 -1 0
1509 54 0 -1 0
1510 7 20 0 -1
1511 31 5 0 -1
1512 44 3 0 -1
1513 20 4 0 1
1514 62 1 0 1
1515 36 36 -1 0
1516 11 27 -1 0
1517 46 30 -1 0
1518 42 2 1 0
1519 14 9 0 1
1520 91 1 0 -1
1521 61 21 1 0
1522 21 33 0 1
1523 12 10 0 -1
1524 85 28 -1 0
1525 47 27 -1 0
1526 42 24 -1 0
1527 68 12 0 -1
1528 28 18 0 -1
1529 20 10 -1 0
1530 45 12 1 0
1531 83 17 1 0
1532 70 28 -1 0
1533 88 38 0 1
1534 15 19 0 -1
1535 16 35 1 0
1536 43 4 0 -1
1537 84 33 0 -1
1538 71 22 1 0
1539 26 24 0 1
1540 38 2 0 1
1541 92 4 1 0
1542 37 28 1 0
1543 44 27 0 1
1544 9 13 0 1
1545 12 24 1 0
1546 19 35 0 -1
1547 39 39 1 0
1548 47 15 0 1
1549 45 1 0 -1
1550 6 18 -1 0
1551 65 5 1 0
1552 35 3 0 1
1553 37 29 -1 0
1554 27 29 0 -1
1555 35 6 0 -1
1556 41 25 -1 0
1557 66 24 -1 0
1558 38 28 0 -1
1559 70 9 0 1
1560 4 34 0 1
1561 27 5 1 0
1562 41 7 -1 0
1563 45 35 0 1
1564 98 20 -1 0
1565 62 39 1 0
1566 93 13 0 1
1567 92 15 0 1
1568 97 14 0 1
1569 38 28 1 0
1570 36 11 0 1
1571 27 37 1 0
1572 95 20 1 0
1573 15 23 1 0
1574 37 16 -1 0
1575 27 6 -1 0
1576 41 12 -1 0
1577 18 4 0 -1
1578 26 37 0 1
1579 8 7 0 1
1580 29 21 0 1
1581 22 29 1 0
1582 27 22 -1 0
1583 29 34 0 1
1584 85 1 0 -1
1585 39 16 1 0
1586 3 4 0 -1
1587 50 24 0 -1
1588 95 17 -1 0
1589 95 23 0 1
1590 46 26 -1 0
1591 70 0 1 0
1592 72 24 1 0
1593 24 21 0 1
1594 74 8 1 0
1595 43 16 1 0
1596 47 21 1 0
1597 44 23 1 0
1598 17 1 0 -1
1599 30 32 0 1
1600 38 32 1 0
1601 41 0 0 1
1602 9 11 1 0
1603 7 2 0 -1
1604 75 37 0 1
1605 94 36 0 -1
1606 16 19 0 1
1607 26 15 0 1
1608 25 24 -1 0
1609 25 2 0 -1
1610 86 5 1 0
1611 94 27 1 0
1612 61 23 -1 0
1613 30 2 -1 0
1614 21 9 -1 0
1615 98 7 0 -1
1616 49 29 -1 0
1617 45 8 1 0
1618 26 11 0 1
1619 41 29 -1 0
1620 26 27 1 0
1621 1 2 0 -1
1622 29 37 0 1
1623 58 13 1 0
1624 11 19 0 1
1625 40 33 0 1
1626 90 7 1 0
1627 82 8 0 1
1628 23 15 1 0
1629 12 39 0 -1
1630 15 19 0 -1
1631 25 23 -1 0
1632 28 33 1 0
1633 24 30 0 1
1634 97 1 0 -1
1635 60 0 -1 0
1636 13 16 -1 0
1637 78 13 -1 0
1638 38 37 0 -1
1639 94 15 0 1
1640 38 5 0 1
1641 47 34 0 1
1642 86 18 1 0
1643 8 20 1 0
1644 39 14 -1 0
1645 14 21 -1 0
1646 79 30 1 0
1647 86 1 -1 0
1648 17 29 -1 0
1649 5 3 0 -1
1650 17 21 1 0
1651 48 22 -1 0
1652 77 17 -1 0
1653 53 3 -1 0
1654 5 17 1 0
1655 29 33 1 0
1656 70 19 0 -1
1657 40 12 0 1
1658 83 12 0 -1
1659 20 21 0 -1
1660 54 26 0 1
1661 24 13 -1 0
1662 15 23 1 0
1663 56 4 1 0
1664 8 20 -1 0
1665 10 1 1 0
1666 45 14 0 -1
1667 64 24 0 1
1668 3 32 -1 0
1669 43 15 -1 0
1670 91 26 -1 0
1671 6 10 0 1
1672 38 37 0 1
1673 19 36 1 0
1674 84 4 0 -1
1675 86 7 0 -1
1676 41 14 0 1
1677 42 16 1 0
1678 8 36 0 1
1679 35 37 0 -1
1680 75 7 0 -1
1681 89 13 1 0
1682 16 2 -1 0
1683 57 32 1 0
1684 17 23 0 1
1685 45 26 -1 0
1686 24 5 1 0
1687 30 39 1 0
1688 42 29 1 0
1689 63 35 -1 0
1690 38 27 0 1
1691 19 13 0 1
1692 0 26 -1 0
1693 16 34 0 -1
1694 37 28 -1 0
1695 46 8 -1 0
1696 68 35 -1 0
1697 88 35 0 -1
1698 40 32 -1 0
1699 83 3 1 0
1700 95 4 0 -1
1701 9 29 1 0
1702 24 29 0 1
1703 73 8 1 0
1704 99 35 1 0
1705 21 24 0 -1
1706 5 33 0 1
1707 25 21 0 -1
1708 30 39 0 1
1709 60 26 0 1
1710 11 3 0 1
1711 23 21 0 1
1712 1 10 1 0
1713 27 21 0 -1
1714 31 22 0 -1
1715 69 22 0 1
1716 92 24 0 1
1717 22 6 0 -1
1718 61 12 0 -1
1719 28 16 0 -1
1720 18 39 0 1
1721 58 3 -1 0
1722 15 24 0 -1
1723 73 28 0 1
1724 40 35 -1 0
1725 27 31 0 -1
1726 14 32 1 0
1727 27 37 0 1
1728 55 34 0 -1
1729 91 28 0 1
1730 58 1 1 0
1731 41 18 1 0
1732 38 4 1 0
1733 39 22 -1 0
1734 14 21 -1 0
1735 12 32 1 0
1736 91 7 -1 0
1737 42 19 -1 0
1738 69 30 0 1
1739 44 7 0 1
1740 37 24 1 0
1741 83 7 -1 0
1742 23 13 0 1
1743 72 37 0 -1
1744 86 33 0 -1
1745 85 17 1 0
1746 55 25 1 0
1747 27 11 0 -1
1748 31 8 -1 0
1749 64 30 0 -1
1750 25 30 0 1
1751 15 30 -1 0
1752 11 31 0 -1
1753 72 8 1 0
1754 90 39 1 0
1755 93 2 0 1
1756 11 24 0 1
1757 28 39 1 0
1758 15 39 0 1
1759 28 15 1 0
1760 25 11 0 -1
1761 60 37 0 1
1762 17 10 -1 0
1763 3 29 1 0
1764 60 38 0 -1
1765 85 27 1 0
1766 63 9 1 0
1767 89 17 0 1
1768 7 2 0 -1
1769 19 6 1 0
1770 65 7 1 0
1771 50 36 1 0
1772 87 13 0 -1
1773 48 8 0 1
1774 51 11 0 1
1775 37 3 0 1
1776 48 36 0 1
1777 97 37 0 -1
1778 90 37 -1 0
1779 17 33 1 0
1780 43 15 -1 0
1781 9 26 0 1
1782 39 1 1 0
1783 16 31 1 0
1784 99 27 -1 0
1785 95 39 1 0
1786 26 21 0 -1
1787 95 9 -1 0
1788 58 5 -1 0
1789 19 26 0 1
1790 42 14 0 -1
1791 19 22 1 0
1792 15 30 0 -1
1793 27 35 0 1
1794 41 22 -1 0
1795 23 30 1 0
1796 36 27 0 1
1797 53 34 0 -1
1798 39 24 0 -1
1799 17 11 1 0
1800 15 14 1 0
1801 44 11 -1 0
1802 46 17 -1 0
1803 41 13 -1 0
1804 86 17 1 0
1805 9 33 0 -1
1806 71 29 0 -1
1807 17 31 1 0
1808 73 30 0 1
1809 49 6 0 -1
1810 41 11 0 1
1811 43 9 -1 0
1812 83 4 -1 0
1813 96 8 0 -1
1814 24 31 0 -1
1815 72 28 0 -1
1816 91 0 1 0
1817 21 34 1 0
1818 44 36 0 1
1819 11 32 -1 0
1820 99 37 0 -1
1821 44 38 -1 0
1822 6 4 0 -1
1823 38 20 0 1
1824 87 10 0 -1
1825 31 18 0 -1
1826 76 8 1 0
1827 31 18 1 0
1828 27 29 0 1
1829 8 2 0 -1
1830 87 24 -1 0
1831 25 29 -1 0
1832 68 25 0 -1
1833 47 10 -1 0
1834 29 12 0 -1
1835 2 23 0 1
1836 26 2 1 0
1837 30 10 -1 0
1838 70 16 0 -1
1839 84 16 -1 0
1840 21 16 -1 0
1841 29 35 1 0
1842 29 35 0 1
1843 62 5 0 1
1844 27 34 1 0
1845 71 34 0 -1
1846 40 28 0 -1
1847 42 36 0 -1
1848 56 11 0 -1
1849 38 3 1 0
1850 84 30 1 0
1851 26 17 0 -1
1852 36 17 -1 0
1853 12 31 0 1
1854 76 22 0 1
1855 28 32 0 1
1856 0 12 0 -1
1857 30 26 -1 0
1858 42 37 0 -1
1859 20 15 -1 0
1860 27 19 1 0
1861 22 19 -1 0
1862 15 35 0 -1
1863 24 3 1 0
1864 10 21 0 1
1865 21 9 0 -1
1866 38 22 0 1
1867 10 2 0 -1
1868 5 6 1 0
1869 73 22 0 1
1870 19 5 1 0
1871 25 33 0 1
1872 26 25 -1 0
1873 81 3 0 1
1874 78 31 -1 0
1875 16 20 0 1
1876 16 5 0 -1
1877 52 11 0 -1
1878 6 35 0 -1
1879 20 25 0 1
1880 85 19 0 1
1881 37 35 0 1
1882 34 22 0 -1
1883 84 30 0 1
1884 42 32 0 -1
1885 80 7 1 0
1886 11 32 -1 0
1887 1 34 -1 0
1888 11 14 0 -1
1889 77 9 -1 0
1890 78 1 0 -1
1891 87 2 0 -1
1892 23 7 0 -1
1893 45 26 -1 0
1894 30 5 0 -1
1895 93 27 -1 0
1896 30 0 -1 0
1897 37 22 1 0
1898 42 32 0 1
1899 26 36 0 -1
1900 3 38 -1 0
1901 54 23 1 0
1902 46 38 1 0
1903 24 6 1 0
1904 31 23 1 0
1905 39 18 1 0
1906 93 4 -1 0
1907 46 3 0 1
1908 38 3 0 1
1909 49 28 0 1
1910 42 11 0 1
1911 44 11 1 0
1912 97 9 0 1
1913 54 18 1 0
1914 26 13 0 1
1915 21 26 0 1
1916 99 39 -1 0
1917 30 18 0 1
1918 53 16 1 0
1919 85 13 0 -1
1920 30 1 0 -1
1921 38 35 1 0
1922 13 9 0 -1
1923 26 31 -1 0
1924 80 2 0 -1
1925 44 8 1 0
1926 48 20 0 1
1927 39 23 1 0
1928 52 3 1 0
1929 14 36 1 0
1930 13 34 1 0
1931 75 38 0 -1
1932 47 2 0 -1
1933 23 7 -1 0
1934 91 32 0 1
1935 44 23 0 -1
1936 38 33 0 -1
1937 47 24 1 0
1938 92 18 0 1
1939 1 11 0 -1
1940 1 25 -1 0
1941 97 12 1 0
1942 10 38 0 1
1943 68 15 0 1
1944 6 17 0 1
1945 58 21 0 1
1946 24 24 0 1
1947 0 19 1 0
1948 98 30 1 0
1949 47 27 0 -1
1950 19 15 0 1
1951 35 21 0 -1
1952 84 0 0 -1
1953 40 24 0 -1
1954 42 24 0 -1
1955 23 31 1 0
1956 82 13 1 0
1957 23 15 -1 0
1958 37 24 0 -1
1959 89 34 1 0
1960 25 6 -1 0
1961 40 1 1 0
1962 40 13 0 1
1963 80 31 -1 0
1964 17 14 0 -1
1965 11 39 1 0
1966 4 6 -1 0
1967 5 36 0 -1
1968 60 17 0 -1
1969 26 25 0 1
1970 40 0 0 -1
1971 21 1 -1 0
1972 82 6 0 -1
1973 30 36 0 1
1974 0 4 -1 0
1975 13 3 -1 0
1976 28 1 0 -1
1977 22 19 -1 0
1978 29 24 -1 0
1979 55 17 -1 0
1980 4 30 0 1
1981 88 14 0 1
1982 72 3 -1 0
1983 24 8 1 0
1984 93 4 -1 0
1985 77 11 1 0
1986 56 5 0 1
1987 55 31 1 0
1988 31 13 0 -1
1989 24 37 0 -1
1990 67 13 0 -1
1991 42 34 0 1
1992 37 1 -1 0
1993 50 6 1 0
1994 23 24 0 -1
1995 96 0 -1 0
1996 21 6 0 1
1997 29 25 0 -1
1998 91 27 0 1
1999 61 22 1 0
