0 36 6 -1 0
1 16 20 0 -1
2 39 9 0 1
3 46 34 0 -1
4 25 37 1 0
5 27 10 0 -1
6 68 10 1 0
7 29 33 -1 0
8 38 30 -1 0
9 51 7 -1 0
10 26 29 -1 0
11 29 12 0 1
12 41 20 1 0
13 31 17 1 0
14 86 27 -1 0
15 15 3 0 1
16 17 38 1 0
17 41 34 0 -1
18 30 39 0 -1
19 95 16 0 1
20 6 17 -1 0
21 36 8 1 0
22 27 4 0 -1
23 22 25 1 0
24 88 35 0 1
25 27 22 0 1
26 57 30 0 1
27 23 29 -1 0
28 39 11 0 1
29 8 20 0 1
30 63 20 -1 0
31 87 21 0 1
32 29 29 1 0
33 21 14 0 -1
34 22 9 -1 0
35 96 12 1 0
36 6 36 0 1
37 25 30 1 0
38 42 2 0 -1
39 58 6 0 -1
40 39 36 0 1
41 29 38 1 0
42 83 19 0 -1
43 41 27 0 1
44 56 19 -1 0
45 41 4 1 0
46 14 25 0 -1
47 12 1 0 1
48 91 38 0 1
49 3 30 0 -1
50 94 32 0 -1
51 98 30 0 1
52 88 25 -1 0
53 55 37 0 -1
54 29 24 0 -1
55 31 32 0 -1
56 24 30 1 0
57 80 27 1 0
58 57 4 -1 0
59 38 1 -1 0
60 29 6 0 -1
61 44 7 0 1
62 37 18 0 -1
63 2 22 1 0
64 15 3 0 1
65 86 13 1 0
66 55 13 1 0
67 45 2 0 1
68 79 37 0 -1
69 26 17 -1 0
70 43 8 0 -1
71 13 31 -1 0
72 27 37 0 -1
73 70 14 -1 0
74 18 21 1 0
75 23 15 0 1
76 79 1 1 0
77 28 25 0 1
78 84 26 0 1
79 19 1 1 0
80 92 21 1 0
81 42 8 1 0
82 29 31 0 -1
83 26 25 0 1
84 12 31 -1 0
85 24 4 1 0
86 23 19 0 -1
87 39 25 -1 0
88 1 31 1 0
89 24 21 1 0
90 26 32 0 1
91 41 15 0 1
92 98 9 -1 0
93 48 17 0 -1
94 13 20 1 0
95 60 38 0 -1
96 60 6 0 1
97 78 35 0 -1
98 77 15 0 -1
99 21 9 -1 0
100 73 38 1 0
101 24 16 0 1
102 22 28 1 0
103 16 6 0 -1
104 37 28 -1 0
105 53 14 0 -1
106 4 4 0 1
107 2 9 1 0
108 20 23 0 1
109 20 31 0 -1
110 39 4 -1 0
111 26 13 1 0
112 11 24 0 -1
113 10 34 0 1
114 48 23 -1 0
115 14 38 0 1
116 61 11 1 0
117 77 36 0 1
118 35 23 0 -1
119 91 22 1 0
120 97 19 0 -1
121 22 20 0 1
122 27 39 -1 0
123 27 30 0 -1
124 60 19 0 -1
125 23 30 1 0
126 43 17 0 1
127 80 39 0 -1
128 27 35 -1 0
129 3 21 0 -1
130 88 21 0 1
131 5 12 0 1
132 42 19 0 1
133 50 38 -1 0
134 44 32 0 1
135 7 22 -1 0
136 40 18 -1 0
137 37 20 0 1
138 57 13 1 0
139 44 21 1 0
140 26 11 0 -1
141 7 27 0 -1
142 22 6 0 -1
143 24 20 -1 0
144 31 21 -1 0
145 31 33 1 0
146 85 3 0 -1
147 70 24 0 -1
148 36 22 -1 0
149 74 1 0 -1
150 24 12 1 0
151 90 5 0 1
152 96 9 -1 0
153 48 15 -1 0
154 74 35 1 0
155 20 2 0 -1
156 89 38 0 1
157 22 37 -1 0
158 23 17 0 -1
159 26 16 0 -1
160 20 39 0 -1
161 44 25 1 0
162 47 5 0 -1
163 40 34 1 0
164 61 18 0 -1
165 73 1 0 -1
166 26 9 0 1
167 39 32 0 1
168 18 17 0 -1
169 41 23 0 -1
170 16 17 -1 0
171 43 9 1 0
172 12 21 1 0
173 87 18 0 -1
174 13 21 0 1
175 29 1 0 1
176 28 23 0 1
177 69 29 1 0
178 13 30 1 0
179 29 2 0 -1
180 3 13 -1 0
181 23 27 0 -1
182 11 16 1 0
183 73 17 0 -1
184 93 2 -1 0
185 39 31 0 -1
186 24 36 1 0
187 85 18 0 1
188 39 33 -1 0
189 52 3 0 -1
190 20 24 1 0
191 26 14 0 1
192 40 19 -1 0
193 91 1 1 0
194 42 23 0 1
195 21 8 0 1
196 43 23 -1 0
197 80 5 0 1
198 27 27 0 1
199 39 3 0 -1
200 21 11 -1 0
201 29 33 0 -1
202 90 36 0 1
203 99 17 1 0
204 13 35 0 1
205 14 28 -1 0
206 46 20 -1 0
207 27 12 0 1
208 98 36 1 0
209 16 23 -1 0
210 23 18 1 0
211 47 28 -1 0
212 30 35 1 0
213 66 39 0 -1
214 22 39 0 -1
215 89 38 1 0
216 26 14 1 0
217 93 17 -1 0
218 94 29 -1 0
219 18 35 0 -1
220 44 22 -1 0
221 26 13 1 0
222 22 29 0 -1
223 97 13 0 1
224 87 3 -1 0
225 53 12 0 -1
226 19 2 0 -1
227 53 3 1 0
228 25 12 1 0
229 94 17 1 0
230 30 23 0 1
231 64 20 1 0
232 87 13 1 0
233 57 21 1 0
234 39 24 -1 0
235 30 24 0 1
236 38 8 0 1
237 91 8 1 0
238 18 36 1 0
239 51 39 -1 0
240 69 1 1 0
241 1 17 0 -1
242 40 2 -1 0
243 7 26 1 0
244 94 25 0 -1
245 39 30 1 0
246 61 25 -1 0
247 13 17 0 1
248 39 36 0 -1
249 40 31 0 -1
250 73 33 0 -1
251 25 10 0 -1
252 54 15 0 -1
253 77 32 -1 0
254 40 19 -1 0
255 97 16 -1 0
256 70 15 1 0
257 23 24 0 -1
258 24 33 -1 0
259 91 35 1 0
260 18 19 0 1
261 43 34 0 1
262 91 16 0 -1
263 6 17 0 -1
264 84 29 0 -1
265 29 13 0 -1
266 28 20 1 0
267 53 4 0 -1
268 25 27 0 -1
269 52 2 -1 0
270 16 33 -1 0
271 38 8 -1 0
272 27 7 -1 0
273 42 0 0 -1
274 51 27 -1 0
275 71 23 0 -1
276 94 9 0 -1
277 47 34 -1 0
278 24 37 0 -1
279 53 7 1 0
280 19 16 -1 0
281 22 28 -1 0
282 80 23 0 1
283 3 32 0 -1
284 82 2 0 1
285 24 26 0 -1
286 53 13 0 -1
287 98 3 0 1
288 26 36 0 1
289 96 18 -1 0
290 98 13 0 1
291 37 31 0 1
292 90 1 0 1
293 80 37 1 0
294 5 34 0 -1
295 6 27 0 -1
296 29 16 0 -1
297 71 12 -1 0
298 27 27 -1 0
299 20 8 1 0
300 49 6 1 0
301 37 35 -1 0
302 17 36 1 0
303 19 15 0 1
304 9 34 1 0
305 40 26 1 0
306 4 23 0 1
307 23 32 1 0
308 17 0 1 0
309 83 4 0 -1
310 45 28 1 0
311 38 39 -1 0
312 37 11 0 1
313 35 23 1 0
314 51 17 0 1
315 28 19 0 1
316 82 11 0 -1
317 99 5 1 0
318 84 11 1 0
319 69 24 -1 0
320 28 38 0 1
321 70 38 -1 0
322 30 36 0 1
323 23 13 0 1
324 10 34 0 -1
325 4 6 0 -1
326 55 3 -1 0
327 28 6 1 0
328 28 14 -1 0
329 27 28 1 0
330 7 22 0 1
331 95 6 0 1
332 41 10 0 1
333 76 22 1 0
334 77 33 -1 0
335 56 7 0 1
336 88 35 1 0
337 8 35 1 0
338 81 1 -1 0
339 20 8 -1 0
340 99 36 0 -1
341 43 39 -1 0
342 25 30 -1 0
343 23 28 0 -1
344 12 2 1 0
345 47 12 -1 0
346 44 8 1 0
347 36 13 0 1
348 17 3 0 -1
349 26 36 1 0
350 61 22 0 1
351 52 28 0 1
352 43 29 0 1
353 2 21 0 1
354 93 31 1 0
355 10 10 -1 0
356 52 22 0 -1
357 19 31 0 1
358 52 32 0 1
359 76 29 0 1
360 24 37 1 0
361 4 18 1 0
362 21 11 0 -1
363 27 9 0 1
364 91 0 0 1
365 24 22 0 -1
366 41 5 -1 0
367 39 6 1 0
368 37 13 -1 0
369 14 35 0 -1
370 86 14 0 -1
371 27 2 0 1
372 50 30 -1 0
373 26 26 0 -1
374 22 13 -1 0
375 10 33 1 0
376 29 36 -1 0
377 22 15 0 1
378 28 5 0 -1
379 38 32 0 1
380 41 8 1 0
381 61 3 1 0
382 46 0 0 -1
383 89 11 1 0
384 80 0 0 1
385 75 21 0 -1
386 20 23 0 1
387 25 10 1 0
388 56 35 -1 0
389 11 15 1 0
390 27 11 -1 0
391 0 11 0 -1
392 92 2 -1 0
393 39 12 1 0
394 10 16 -1 0
395 24 23 0 -1
396 86 0 -1 0
397 22 9 -1 0
398 30 34 1 0
399 23 26 0 -1
400 91 2 0 1
401 13 0 0 1
402 31 19 0 -1
403 13 32 1 0
404 97 14 0 -1
405 3 18 1 0
406 39 23 0 1
407 31 2 -1 0
408 38 19 0 1
409 35 39 -1 0
410 82 23 -1 0
411 44 12 0 -1
412 11 20 -1 0
413 8 1 0 1
414 26 6 1 0
415 37 36 -1 0
416 47 0 1 0
417 40 3 -1 0
418 18 12 0 1
419 9 14 -1 0
420 45 29 -1 0
421 50 8 1 0
422 44 8 0 -1
423 21 38 0 1
424 45 17 1 0
425 81 29 1 0
426 40 0 0 -1
427 39 15 -1 0
428 76 34 1 0
429 25 8 0 1
430 95 30 -1 0
431 18 26 0 1
432 47 36 0 1
433 91 6 1 0
434 2 34 -1 0
435 27 33 1 0
436 10 8 0 -1
437 25 17 1 0
438 93 20 -1 0
439 61 24 -1 0
440 40 23 1 0
441 40 18 0 1
442 15 35 1 0
443 49 26 0 1
444 59 2 0 -1
445 86 6 0 -1
446 63 21 0 1
447 19 31 0 -1
448 27 36 -1 0
449 96 1 -1 0
450 86 12 -1 0
451 52 6 -1 0
452 54 2 0 -1
453 83 33 1 0
454 22 9 1 0
455 7 32 0 -1
456 24 23 0 -1
457 40 23 0 -1
458 25 37 0 1
459 72 27 0 -1
460 4 36 1 0
461 45 13 0 1
462 73 17 0 1
463 35 20 1 0
464 73 17 1 0
465 27 16 1 0
466 52 28 0 -1
467 47 4 -1 0
468 83 13 0 -1
469 12 7 0 -1
470 28 27 0 -1
471 21 36 -1 0
472 21 31 0 -1
473 39 25 0 -1
474 81 13 -1 0
475 6 24 1 0
476 84 16 0 -1
477 19 14 0 1
478 29 3 0 1
479 19 8 1 0
480 86 26 0 1
481 21 32 -1 0
482 53 13 0 -1
483 74 26 -1 0
484 35 23 1 0
485 80 24 1 0
486 7 35 0 1
487 55 1 -1 0
488 45 0 1 0
489 30 31 0 -1
490 86 19 0 -1
491 44 23 0 1
492 53 27 -1 0
493 30 13 1 0
494 24 11 1 0
495 44 30 -1 0
496 31 9 1 0
497 43 36 0 1
498 11 37 -1 0
499 51 34 0 1
500 8 27 1 0
501 6 8 1 0
502 24 39 1 0
503 96 24 -1 0
504 25 12 1 0
505 86 38 0 1
506 38 3 1 0
507 55 33 0 1
508 36 0 1 0
509 61 4 0 1
510 19 7 1 0
511 35 36 0 1
512 38 10 0 -1
513 69 23 0 1
514 66 33 1 0
515 28 15 0 1
516 20 27 0 -1
517 2 9 1 0
518 13 34 0 -1
519 29 0 0 -1
520 19 14 -1 0
521 2 10 0 -1
522 54 8 0 1
523 85 22 0 1
524 38 0 1 0
525 62 1 0 1
526 48 26 0 1
527 28 17 -1 0
528 68 16 1 0
529 28 11 0 -1
530 44 0 -1 0
531 10 23 0 1
532 40 25 -1 0
533 63 37 0 -1
534 33 30 -1 0
535 9 34 1 0
536 18 0 1 0
537 69 28 1 0
538 99 19 0 -1
539 88 4 0 -1
540 29 8 1 0
541 64 31 1 0
542 24 16 -1 0
543 2 5 -1 0
544 76 10 0 -1
545 74 38 1 0
546 63 6 1 0
547 77 13 0 -1
548 12 15 0 -1
549 8 23 -1 0
550 87 23 0 -1
551 81 10 0 1
552 9 37 0 1
553 80 16 0 1
554 24 32 1 0
555 40 4 -1 0
556 2 4 0 1
557 67 39 -1 0
558 0 37 0 -1
559 79 16 -1 0
560 25 20 -1 0
561 44 24 0 1
562 27 15 -1 0
563 42 7 0 1
564 10 19 -1 0
565 2 33 -1 0
566 26 11 -1 0
567 19 27 0 1
568 21 39 1 0
569 14 9 0 -1
570 24 33 0 -1
571 23 32 0 -1
572 7 26 1 0
573 66 6 -1 0
574 14 23 0 1
575 39 29 0 1
576 95 28 -1 0
577 38 38 0 -1
578 20 19 0 -1
579 7 37 0 1
580 15 39 0 -1
581 40 37 -1 0
582 68 27 0 -1
583 12 20 0 1
584 1 21 0 1
585 40 24 0 1
586 76 32 1 0
587 24 22 0 1
588 30 27 0 -1
589 38 4 1 0
590 25 28 0 -1
591 26 22 1 0
592 75 14 1 0
593 99 39 0 1
594 71 18 -1 0
595 21 25 1 0
596 10 23 0 -1
597 0 31 0 -1
598 39 30 0 1
599 72 14 1 0
600 4 7 0 -1
601 98 26 0 1
602 38 13 0 1
603 2 36 0 1
604 45 10 0 1
605 38 20 0 -1
606 55 28 1 0
607 15 26 1 0
608 12 31 -1 0
609 21 18 0 1
610 6 36 0 1
611 70 9 1 0
612 31 19 1 0
613 55 4 0 -1
614 9 25 0 1
615 44 0 1 0
616 17 28 0 1
617 83 25 -1 0
618 53 11 0 -1
619 27 31 0 -1
620 23 16 -1 0
621 89 19 -1 0
622 25 19 0 1
623 13 13 1 0
624 86 24 0 -1
625 25 31 1 0
626 13 24 -1 0
627 38 27 0 1
628 32 14 0 1
629 46 0 0 -1
630 12 22 1 0
631 42 6 -1 0
632 99 4 0 -1
633 78 24 1 0
634 27 24 0 1
635 58 3 0 1
636 14 12 -1 0
637 43 11 0 -1
638 46 10 0 -1
639 95 33 0 1
640 28 27 1 0
641 27 33 0 -1
642 25 10 1 0
643 29 6 0 1
644 42 16 0 -1
645 42 10 0 -1
646 44 2 0 -1
647 25 16 0 1
648 8 15 0 1
649 43 14 0 1
650 42 4 0 -1
651 9 19 -1 0
652 27 0 0 -1
653 22 22 -1 0
654 73 11 0 -1
655 67 32 -1 0
656 92 1 0 -1
657 16 38 0 -1
658 3 23 0 1
659 27 31 -1 0
660 45 16 0 1
661 73 20 1 0
662 23 7 0 1
663 99 38 -1 0
664 44 2 0 -1
665 70 1 -1 0
666 98 9 0 1
667 15 36 1 0
668 58 32 1 0
669 93 23 1 0
670 39 28 1 0
671 91 20 -1 0
672 31 31 0 -1
673 9 37 0 -1
674 24 15 -1 0
675 23 24 0 1
676 46 2 0 -1
677 38 35 -1 0
678 36 7 0 1
679 90 30 0 1
680 98 8 0 1
681 43 9 0 1
682 10 24 1 0
683 49 28 0 -1
684 56 36 0 1
685 17 31 1 0
686 30 39 0 1
687 30 24 1 0
688 74 32 -1 0
689 42 8 -1 0
690 42 23 -1 0
691 47 13 0 1
692 70 25 -1 0
693 13 21 -1 0
694 72 26 -1 0
695 42 32 -1 0
696 65 33 -1 0
697 76 22 -1 0
698 8 15 0 1
699 61 26 0 -1
700 47 31 -1 0
701 28 3 1 0
702 50 37 0 1
703 36 24 -1 0
704 85 14 0 1
705 19 8 -1 0
706 22 10 1 0
707 42 24 0 -1
708 32 10 0 -1
709 85 19 1 0
710 69 32 -1 0
711 25 9 0 1
712 49 24 -1 0
713 21 13 0 1
714 85 8 -1 0
715 3 20 0 1
716 38 1 0 -1
717 48 6 -1 0
718 25 12 0 -1
719 50 36 0 -1
720 55 27 -1 0
721 21 13 0 -1
722 8 11 -1 0
723 9 21 0 1
724 36 7 -1 0
725 23 27 0 1
726 18 28 0 -1
727 1 5 0 1
728 77 33 0 -1
729 43 12 1 0
730 98 25 -1 0
731 16 14 1 0
732 36 10 -1 0
733 59 25 1 0
734 7 9 1 0
735 21 11 0 -1
736 52 8 1 0
737 2 26 -1 0
738 13 1 -1 0
739 82 23 0 -1
740 92 5 0 1
741 42 36 -1 0
742 28 22 0 1
743 37 31 -1 0
744 37 7 0 -1
745 2 0 0 1
746 62 31 0 -1
747 66 16 1 0
748 30 9 -1 0
749 21 4 0 1
750 60 17 0 1
751 53 16 1 0
752 82 37 0 1
753 91 28 0 -1
754 40 27 -1 0
755 1 11 0 -1
756 75 33 -1 0
757 26 35 0 1
758 21 13 -1 0
759 7 8 -1 0
760 21 8 -1 0
761 81 1 1 0
762 39 2 0 1
763 27 23 0 -1
764 89 5 0 -1
765 94 19 0 -1
766 42 14 0 1
767 15 24 0 1
768 96 4 1 0
769 42 16 0 -1
770 20 9 0 -1
771 41 20 -1 0
772 39 21 -1 0
773 79 6 1 0
774 15 12 0 -1
775 97 14 -1 0
776 46 39 -1 0
777 29 14 -1 0
778 6 37 0 1
779 85 29 -1 0
780 7 39 0 -1
781 41 9 -1 0
782 46 39 -1 0
783 24 19 1 0
784 58 9 0 1
785 75 23 -1 0
786 55 10 -1 0
787 37 0 -1 0
788 22 7 0 1
789 49 20 1 0
790 68 5 0 -1
791 39 5 0 -1
792 4 5 0 -1
793 42 15 0 1
794 23 17 0 -1
795 7 10 0 1
796 27 13 -1 0
797 40 29 0 1
798 98 25 0 -1
799 29 25 1 0
800 21 12 0 -1
801 24 14 1 0
802 45 26 0 -1
803 20 36 0 1
804 25 29 1 0
805 72 27 1 0
806 28 4 0 -1
807 37 7 0 1
808 22 27 0 1
809 18 7 -1 0
810 43 25 0 1
811 99 31 0 -1
812 93 9 -1 0
813 4 23 1 0
814 86 28 1 0
815 9 16 0 1
816 44 0 0 1
817 22 15 -1 0
818 71 10 0 1
819 39 35 0 1
820 21 10 1 0
821 29 4 0 1
822 80 35 1 0
823 59 12 0 1
824 20 19 1 0
825 43 29 0 -1
826 51 6 1 0
827 69 1 0 1
828 8 25 0 -1
829 42 18 -1 0
830 9 22 1 0
831 11 26 0 -1
832 20 35 -1 0
833 17 35 0 1
834 36 11 0 -1
835 42 1 0 -1
836 40 20 1 0
837 28 22 0 -1
838 6 19 -1 0
839 97 5 0 1
840 87 37 -1 0
841 21 15 1 0
842 53 31 -1 0
843 85 14 0 -1
844 89 18 1 0
845 26 18 1 0
846 45 20 0 -1
847 8 24 1 0
848 37 36 0 1
849 28 35 0 1
850 39 35 0 -1
851 53 10 1 0
852 73 25 -1 0
853 17 31 1 0
854 82 23 -1 0
855 41 22 0 1
856 2 1 -1 0
857 85 39 1 0
858 37 35 0 1
859 28 21 0 -1
860 75 16 1 0
861 95 24 1 0
862 78 4 -1 0
863 58 32 1 0
864 0 22 0 -1
865 81 11 0 1
866 28 31 0 1
867 69 2 0 -1
868 37 24 0 -1
869 97 25 0 -1
870 30 0 1 0
871 42 9 1 0
872 50 29 1 0
873 29 4 0 1
874 41 20 0 1
875 89 27 0 -1
876 10 8 -1 0
877 21 23 0 -1
878 75 30 0 1
879 10 20 0 -1
880 24 10 0 -1
881 40 6 0 1
882 25 9 1 0
883 74 39 0 1
884 21 27 -1 0
885 12 37 0 1
886 21 23 1 0
887 43 10 1 0
888 62 16 0 -1
889 94 28 0 -1
890 47 25 0 1
891 51 25 1 0
892 31 1 0 -1
893 83 29 1 0
894 78 27 0 -1
895 25 34 1 0
896 26 15 1 0
897 21 6 1 0
898 30 28 -1 0
899 57 7 -1 0
900 24 30 0 1
901 27 7 0 1
902 37 8 0 -1
903 20 36 0 -1
904 42 21 0 -1
905 13 39 0 1
906 43 21 1 0
907 91 19 1 0
908 89 35 1 0
909 37 39 -1 0
910 67 13 0 -1
911 40 25 0 1
912 28 17 -1 0
913 9 10 0 -1
914 74 29 0 -1
915 40 29 0 1
916 14 13 0 1
917 42 18 -1 0
918 55 17 -1 0
919 23 8 1 0
920 20 9 1 0
921 12 28 -1 0
922 41 23 -1 0
923 79 30 1 0
924 62 8 1 0
925 86 37 1 0
926 45 34 -1 0
927 42 36 0 -1
928 46 27 0 1
929 44 4 0 1
930 39 20 0 -1
931 97 1 0 -1
932 6 33 0 -1
933 23 29 0 1
934 19 30 1 0
935 36 2 0 1
936 49 34 0 1
937 59 6 1 0
938 26 21 1 0
939 49 24 -1 0
940 51 35 -1 0
941 31 28 0 -1
942 17 25 0 -1
943 30 23 0 -1
944 45 28 0 1
945 23 2 0 -1
946 17 16 -1 0
947 60 7 0 -1
948 39 0 0 -1
949 9 8 -1 0
950 64 16 -1 0
951 49 22 1 0
952 81 17 -1 0
953 4 29 0 -1
954 94 37 0 1
955 34 36 0 1
956 5 7 0 -1
957 37 1 0 -1
958 83 0 -1 0
959 43 23 0 -1
960 23 36 0 -1
961 68 27 -1 0
962 39 6 0 1
963 14 20 0 1
964 21 39 0 -1
965 64 3 0 1
966 71 36 0 1
967 21 29 -1 0
968 24 17 0 -1
969 60 23 0 1
970 99 18 0 -1
971 38 22 -1 0
972 3 26 0 -1
973 40 38 0 -1
974 13 30 1 0
975 84 6 -1 0
976 83 32 0 1
977 23 39 -1 0
978 5 6 0 -1
979 61 8 -1 0
980 50 36 0 -1
981 26 31 0 1
982 90 25 0 -1
983 32 10 1 0
984 97 33 1 0
985 64 36 0 1
986 52 37 1 0
987 95 18 0 1
988 21 38 0 1
989 86 6 0 1
990 54 21 0 1
991 19 15 0 -1
992 81 10 -1 0
993 26 0 1 0
994 1 27 -1 0
995 41 24 0 -1
996 37 7 0 1
997 16 7 -1 0
998 74 23 0 -1
999 81 31 -1 0
1000 10 5 0 1
1001 41 24 1 0
1002 17 2 0 -1
1003 22 4 0 1
1004 54 32 0 1
1005 40 30 0 -1
1006 16 12 1 0
1007 26 10 -1 0
1008 35 8 0 1
1009 38 20 0 -1
1010 26 20 -1 0
1011 68 24 0 -1
1012 21 3 -1 0
1013 52 39 -1 0
1014 13 14 -1 0
1015 6 38 0 1
1016 0 9 0 1
1017 52 12 0 1
1018 38 23 0 1
1019 14 24 -1 0
1020 7 9 0 -1
1021 84 11 1 0
1022 40 9 -1 0
1023 0 27 -1 0
1024 50 0 0 -1
1025 54 23 1 0
1026 1 38 -1 0
1027 79 22 -1 0
1028 20 3 1 0
1029 27 38 0 -1
1030 36 39 0 1
1031 95 27 0 1
1032 38 2 0 1
1033 38 19 0 1
1034 21 10 0 -1
1035 5 26 0 1
1036 27 34 1 0
1037 49 3 1 0
1038 40 31 0 -1
1039 42 26 -1 0
1040 92 17 -1 0
1041 29 37 -1 0
1042 29 9 0 -1
1043 13 17 0 -1
1044 94 15 0 -1
1045 41 12 0 -1
1046 66 21 0 1
1047 26 20 0 -1
1048 9 35 1 0
1049 40 17 -1 0
1050 7 37 1 0
1051 23 9 -1 0
1052 53 34 0 -1
1053 16 11 -1 0
1054 39 24 1 0
1055 87 33 1 0
1056 26 23 0 -1
1057 39 17 -1 0
1058 19 11 0 1
1059 32 24 -1 0
1060 19 30 1 0
1061 83 35 0 -1
1062 6 12 1 0
1063 30 5 0 -1
1064 41 10 0 1
1065 27 23 0 1
1066 29 3 0 1
1067 96 1 0 -1
1068 40 35 1 0
1069 16 11 -1 0
1070 68 31 -1 0
1071 69 29 0 -1
1072 41 27 0 -1
1073 95 1 0 1
1074 40 17 0 1
1075 19 15 0 1
1076 27 16 0 1
1077 99 15 0 -1
1078 32 26 1 0
1079 19 21 1 0
1080 1 27 0 1
1081 69 38 -1 0
1082 91 27 0 1
1083 26 3 1 0
1084 27 20 0 1
1085 94 15 0 -1
1086 46 14 0 -1
1087 7 19 -1 0
1088 24 37 0 1
1089 40 8 -1 0
1090 93 6 0 1
1091 41 26 0 1
1092 99 32 0 -1
1093 67 36 1 0
1094 64 21 1 0
1095 21 4 0 1
1096 38 38 1 0
1097 41 32 1 0
1098 39 3 0 1
1099 16 35 0 1
1100 44 16 -1 0
1101 28 15 1 0
1102 2 37 0 -1
1103 8 21 -1 0
1104 59 8 0 1
1105 0 18 1 0
1106 41 7 1 0
1107 27 4 -1 0
1108 41 36 1 0
1109 40 32 1 0
1110 21 7 0 1
1111 11 0 -1 0
1112 32 17 0 1
1113 99 34 0 -1
1114 39 8 0 1
1115 47 16 0 1
1116 28 34 -1 0
1117 38 7 0 1
1118 38 9 0 -1
1119 48 23 -1 0
1120 27 24 0 1
1121 5 10 -1 0
1122 98 33 0 -1
1123 23 28 0 -1
1124 97 29 1 0
1125 42 14 1 0
1126 8 29 1 0
1127 41 11 -1 0
1128 39 11 1 0
1129 24 5 0 -1
1130 4 16 0 -1
1131 91 9 -1 0
1132 19 34 0 1
1133 19 32 0 1
1134 22 14 1 0
1135 25 32 0 -1
1136 46 24 1 0
1137 39 17 -1 0
1138 45 24 0 -1
1139 92 38 1 0
1140 54 28 1 0
1141 90 35 1 0
1142 95 24 -1 0
1143 88 37 0 -1
1144 60 23 0 -1
1145 2 5 -1 0
1146 29 26 -1 0
1147 9 6 -1 0
1148 30 35 -1 0
1149 17 22 1 0
1150 27 28 0 -1
1151 95 28 1 0
1152 74 0 0 -1
1153 95 1 0 -1
1154 49 31 -1 0
1155 20 18 1 0
1156 60 23 0 -1
1157 45 20 -1 0
1158 97 18 1 0
1159 22 8 0 1
1160 90 32 0 1
1161 82 17 0 1
1162 1 33 0 1
1163 21 24 0 1
1164 38 26 -1 0
1165 23 23 0 1
1166 11 22 1 0
1167 57 28 0 -1
1168 43 38 -1 0
1169 18 11 0 -1
1170 11 17 0 -1
1171 31 8 -1 0
1172 41 5 1 0
1173 25 27 0 1
1174 18 15 0 1
1175 80 6 0 1
1176 44 17 0 1
1177 11 37 -1 0
1178 86 9 1 0
1179 31 32 1 0
1180 29 10 0 -1
1181 46 6 -1 0
1182 73 5 0 1
1183 20 24 1 0
1184 81 12 1 0
1185 25 31 -1 0
1186 4 2 -1 0
1187 27 3 -1 0
1188 55 21 -1 0
1189 76 35 0 -1
1190 69 31 0 1
1191 32 35 1 0
1192 30 2 -1 0
1193 2 8 -1 0
1194 38 2 0 1
1195 18 18 -1 0
1196 92 20 -1 0
1197 43 0 -1 0
1198 41 14 1 0
1199 39 2 -1 0
1200 89 0 0 -1
1201 47 24 0 -1
1202 22 15 1 0
1203 39 0 1 0
1204 44 38 0 1
1205 39 13 -1 0
1206 45 5 0 -1
1207 8 23 0 1
1208 26 37 1 0
1209 7 26 -1 0
1210 21 36 -1 0
1211 17 9 0 -1
1212 62 8 0 1
1213 45 11 -1 0
1214 29 24 0 1
1215 26 11 0 -1
1216 10 35 0 -1
1217 47 10 0 1
1218 0 20 0 1
1219 10 35 1 0
1220 47 6 0 -1
1221 37 13 0 1
1222 40 21 -1 0
1223 94 26 0 -1
1224 38 18 0 1
1225 6 24 -1 0
1226 46 20 1 0
1227 40 18 0 1
1228 89 20 1 0
1229 47 10 -1 0
1230 26 3 -1 0
1231 39 7 0 -1
1232 70 34 0 1
1233 85 8 1 0
1234 38 27 0 -1
1235 38 2 0 -1
1236 30 31 0 1
1237 10 39 0 1
1238 25 36 -1 0
1239 31 25 1 0
1240 65 21 0 1
1241 97 35 0 1
1242 61 13 0 -1
1243 19 37 -1 0
1244 12 1 1 0
1245 84 6 0 1
1246 28 11 0 1
1247 4 12 0 -1
1248 46 33 0 -1
1249 97 28 0 -1
1250 22 5 0 1
1251 86 5 0 -1
1252 9 8 1 0
1253 38 3 1 0
1254 21 26 1 0
1255 44 18 0 1
1256 35 37 0 1
1257 5 39 1 0
1258 46 32 0 -1
1259 26 19 -1 0
1260 9 21 -1 0
1261 35 14 0 1
1262 78 15 1 0
1263 50 3 1 0
1264 5 20 1 0
1265 11 6 0 -1
1266 16 9 0 -1
1267 53 12 0 1
1268 18 14 0 -1
1269 66 20 0 -1
1270 23 7 0 1
1271 50 8 0 -1
1272 7 24 0 -1
1273 31 8 0 -1
1274 36 7 -1 0
1275 61 31 1 0
1276 15 18 0 1
1277 25 4 0 1
1278 23 19 1 0
1279 86 28 1 0
1280 2 23 0 1
1281 46 23 -1 0
1282 43 29 1 0
1283 47 24 0 -1
1284 47 23 -1 0
1285 7 20 0 -1
1286 18 18 -1 0
1287 56 20 -1 0
1288 21 4 1 0
1289 13 15 0 1
1290 42 6 0 -1
1291 64 23 0 -1
1292 21 20 0 1
1293 50 37 -1 0
1294 39 12 -1 0
1295 41 13 -1 0
1296 2 22 0 1
1297 49 17 0 -1
1298 85 10 0 -1
1299 27 31 1 0
1300 6 25 1 0
1301 32 4 -1 0
1302 36 37 -1 0
1303 34 36 -1 0
1304 65 9 0 1
1305 39 19 0 -1
1306 30 3 0 1
1307 58 24 0 -1
1308 26 33 1 0
1309 40 2 0 1
1310 93 6 -1 0
1311 46 25 0 1
1312 61 29 1 0
1313 20 11 1 0
1314 25 29 0 1
1315 7 17 0 -1
1316 81 22 0 -1
1317 38 37 -1 0
1318 98 7 1 0
1319 56 18 1 0
1320 18 10 -1 0
1321 69 24 -1 0
1322 37 4 1 0
1323 10 31 -1 0
1324 4 9 0 1
1325 25 15 0 1
1326 19 20 1 0
1327 83 18 -1 0
1328 86 31 0 -1
1329 43 3 0 -1
1330 47 9 -1 0
1331 22 22 0 -1
1332 1 12 0 1
1333 11 18 -1 0
1334 39 8 -1 0
1335 24 3 0 -1
1336 23 38 0 -1
1337 24 13 -1 0
1338 23 10 0 1
1339 31 18 0 1
1340 46 12 0 1
1341 42 35 -1 0
1342 51 23 -1 0
1343 20 37 0 -1
1344 47 23 0 -1
1345 60 25 0 1
1346 48 32 1 0
1347 39 19 0 1
1348 79 35 0 1
1349 30 11 0 1
1350 12 9 -1 0
1351 38 32 1 0
1352 41 15 0 -1
1353 59 39 -1 0
1354 20 1 0 -1
1355 42 21 1 0
1356 36 4 0 -1
1357 27 8 0 -1
1358 39 21 0 -1
1359 38 36 0 -1
1360 35 29 1 0
1361 99 29 -1 0
1362 42 15 1 0
1363 40 27 -1 0
1364 76 16 -1 0
1365 40 35 0 -1
1366 23 14 -1 0
1367 84 38 0 -1
1368 94 3 -1 0
1369 13 10 0 -1
1370 78 16 0 -1
1371 71 12 0 -1
1372 31 8 1 0
1373 83 7 0 1
1374 68 1 0 1
1375 43 12 0 -1
1376 19 17 0 1
1377 41 34 1 0
1378 26 12 0 -1
1379 29 10 -1 0
1380 47 12 1 0
1381 48 13 0 1
1382 29 3 1 0
1383 54 27 -1 0
1384 58 20 0 -1
1385 24 38 0 -1
1386 96 10 -1 0
1387 11 37 1 0
1388 46 30 0 -1
1389 27 12 -1 0
1390 43 26 0 1
1391 98 5 1 0
1392 24 19 1 0
1393 80 12 1 0
1394 13 30 0 1
1395 22 35 -1 0
1396 29 12 0 -1
1397 21 15 1 0
1398 48 9 0 1
1399 42 26 1 0
1400 64 33 0 -1
1401 37 9 0 1
1402 17 3 -1 0
1403 69 29 1 0
1404 38 4 -1 0
1405 37 14 0 -1
1406 47 38 1 0
1407 20 12 0 1
1408 30 6 0 1
1409 51 11 0 1
1410 40 22 0 1
1411 9 0 0 -1
1412 41 25 0 -1
1413 30 14 0 -1
1414 99 13 -1 0
1415 98 15 0 -1
1416 41 36 1 0
1417 37 16 1 0
1418 97 24 0 1
1419 42 22 0 -1
1420 75 27 0 1
1421 36 39 0 1
1422 28 1 -1 0
1423 47 12 1 0
1424 38 20 0 -1
1425 81 13 -1 0
1426 40 23 -1 0
1427 74 35 1 0
1428 61 35 0 -1
1429 29 34 0 -1
1430 72 24 0 -1
1431 47 35 -1 0
1432 4 22 0 1
1433 57 22 -1 0
1434 41 30 1 0
1435 89 12 1 0
1436 82 32 1 0
1437 12 30 -1 0
1438 29 25 0 -1
1439 37 6 1 0
1440 81 23 0 1
1441 61 31 0 -1
1442 27 15 0 -1
1443 97 13 -1 0
1444 71 31 1 0
1445 94 23 0 -1
1446 29 9 0 -1
1447 22 26 0 -1
1448 82 19 -1 0
1449 11 6 0 -1
1450 26 34 1 0
1451 43 35 -1 0
1452 31 3 0 1
1453 98 22 0 -1
1454 31 5 0 -1
1455 76 17 0 -1
1456 69 26 1 0
1457 17 0 0 -1
1458 91 37 0 1
1459 11 10 0 -1
1460 11 24 -1 0
1461 29 18 0 -1
1462 27 20 0 -1
1463 0 15 1 0
1464 51 2 0 1
1465 94 0 -1 0
1466 62 11 0 1
1467 35 35 0 -1
1468 24 16 1 0
1469 50 30 0 1
1470 40 15 0 -1
1471 36 22 0 -1
1472 6 24 1 0
1473 57 16 0 1
1474 32 29 1 0
1475 21 39 1 0
1476 73 23 -1 0
1477 79 36 0 1
1478 4 7 0 1
1479 28 13 0 1
1480 53 2 0 1
1481 36 8 -1 0
1482 21 17 0 -1
1483 74 12 0 1
1484 94 24 1 0
1485 98 32 -1 0
1486 32 16 0 -1
1487 56 13 0 -1
1488 74 1 -1 0
1489 68 12 -1 0
1490 96 14 -1 0
1491 37 14 0 -1
1492 35 2 1 0
1493 83 29 0 1
1494 89 37 1 0
1495 13 27 1 0
1496 45 34 1 0
1497 42 37 1 0
1498 93 15 0 -1
1499 19 38 -1 0
1500 73 24 1 0
1501 23 8 0 1
1502 18 28 1 0
1503 24 13 1 0
1504 5 4 -1 0
1505 60 35 1 0
1506 45 14 -1 0
1507 38 33 -1 0
1508 23 25 0 1
1509 38 36 0 1
1510 45 13 0 1
1511 91 36 1 0
1512 98 21 0 1
1513 58 30 -1 0
1514 93 17 1 0
1515 7 32 -1 0
1516 37 25 -1 0
1517 13 10 0 -1
1518 90 17 0 1
1519 18 28 0 1
1520 37 37 1 0
1521 38 17 0 -1
1522 61 36 0 1
1523 12 17 0 -1
1524 26 35 0 -1
1525 91 35 0 1
1526 95 18 1 0
1527 1 26 -1 0
1528 4 0 1 0
1529 94 29 1 0
1530 11 23 1 0
1531 39 20 -1 0
1532 75 16 -1 0
1533 31 28 0 -1
1534 43 17 -1 0
1535 28 5 0 1
1536 27 34 1 0
1537 21 6 1 0
1538 42 24 0 -1
1539 39 29 0 1
1540 48 35 0 -1
1541 39 24 0 1
1542 63 20 1 0
1543 85 24 1 0
1544 88 36 1 0
1545 23 18 1 0
1546 7 31 0 1
1547 43 7 0 1
1548 72 20 1 0
1549 40 8 0 -1
1550 97 4 1 0
1551 29 8 1 0
1552 37 38 1 0
1553 55 35 1 0
1554 86 16 0 1
1555 37 12 -1 0
1556 30 12 0 -1
1557 50 14 1 0
1558 88 0 0 -1
1559 24 17 1 0
1560 11 23 1 0
1561 28 15 -1 0
1562 57 34 0 1
1563 43 8 -1 0
1564 18 27 1 0
1565 36 31 0 1
1566 38 37 0 -1
1567 46 28 0 -1
1568 42 35 -1 0
1569 76 6 -1 0
1570 24 4 1 0
1571 5 36 1 0
1572 80 4 0 1
1573 27 19 -1 0
1574 46 14 1 0
1575 83 7 1 0
1576 44 34 0 -1
1577 46 24 -1 0
1578 18 16 1 0
1579 39 38 -1 0
1580 45 3 -1 0
1581 16 28 1 0
1582 31 34 0 1
1583 80 6 0 1
1584 30 20 0 -1
1585 6 8 0 -1
1586 9 13 0 -1
1587 89 13 -1 0
1588 96 20 1 0
1589 13 7 -1 0
1590 42 22 1 0
1591 73 13 0 1
1592 13 18 0 1
1593 17 25 0 -1
1594 83 13 -1 0
1595 39 25 0 -1
1596 66 25 1 0
1597 85 35 0 1
1598 13 8 -1 0
1599 23 16 0 -1
1600 36 11 1 0
1601 41 23 -1 0
1602 21 10 0 1
1603 92 34 0 -1
1604 23 15 -1 0
1605 88 35 0 1
1606 92 36 0 1
1607 25 18 0 -1
1608 41 13 0 -1
1609 89 26 0 1
1610 37 11 1 0
1611 97 25 0 1
1612 47 17 0 1
1613 55 0 0 1
1614 4 37 1 0
1615 38 28 0 1
1616 17 5 1 0
1617 47 24 -1 0
1618 23 9 1 0
1619 42 18 -1 0
1620 59 32 -1 0
1621 20 39 1 0
1622 32 32 0 1
1623 25 13 0 -1
1624 47 31 -1 0
1625 40 19 -1 0
1626 79 18 0 -1
1627 99 19 -1 0
1628 22 10 0 -1
1629 81 37 -1 0
1630 6 0 -1 0
1631 50 12 -1 0
1632 23 14 -1 0
1633 20 17 1 0
1634 36 12 -1 0
1635 48 13 -1 0
1636 39 4 0 -1
1637 90 32 0 1
1638 44 31 1 0
1639 21 6 0 -1
1640 18 21 1 0
1641 25 14 -1 0
1642 69 28 0 1
1643 39 4 0 -1
1644 43 36 0 -1
1645 9 30 0 -1
1646 39 10 0 -1
1647 49 20 -1 0
1648 30 32 -1 0
1649 26 10 -1 0
1650 20 0 0 -1
1651 82 24 0 1
1652 31 1 1 0
1653 18 5 0 -1
1654 19 23 0 -1
1655 22 12 0 1
1656 98 11 1 0
1657 26 22 0 1
1658 24 15 0 1
1659 77 16 -1 0
1660 37 19 -1 0
1661 20 26 1 0
1662 34 8 0 -1
1663 88 18 -1 0
1664 62 11 -1 0
1665 97 36 0 1
1666 16 8 -1 0
1667 26 10 0 1
1668 48 32 -1 0
1669 44 18 1 0
1670 16 10 -1 0
1671 21 26 1 0
1672 94 17 1 0
1673 75 14 1 0
1674 21 0 -1 0
1675 61 24 0 1
1676 10 32 0 -1
1677 37 0 0 -1
1678 54 38 0 1
1679 41 28 0 -1
1680 4 3 1 0
1681 54 37 0 -1
1682 26 36 0 1
1683 57 27 1 0
1684 14 13 -1 0
1685 61 26 0 1
1686 14 13 1 0
1687 16 30 0 1
1688 80 25 0 -1
1689 26 1 0 1
1690 20 9 1 0
1691 12 0 -1 0
1692 45 14 0 -1
1693 43 27 1 0
1694 90 6 0 1
1695 68 7 0 -1
1696 86 23 -1 0
1697 65 27 -1 0
1698 95 31 0 1
1699 20 25 0 -1
1700 23 5 -1 0
1701 18 21 -1 0
1702 29 27 0 1
1703 13 24 -1 0
1704 20 38 1 0
1705 16 2 1 0
1706 27 6 0 -1
1707 41 37 0 -1
1708 91 18 0 1
1709 90 27 0 -1
1710 29 9 0 1
1711 23 39 1 0
1712 21 9 0 -1
1713 8 35 -1 0
1714 27 19 0 1
1715 29 10 1 0
1716 65 17 0 1
1717 82 0 0 1
1718 87 9 0 1
1719 95 33 0 1
1720 13 19 -1 0
1721 14 32 -1 0
1722 25 9 0 1
1723 94 14 -1 0
1724 15 30 0 1
1725 10 4 0 1
1726 27 20 0 -1
1727 15 9 -1 0
1728 13 1 1 0
1729 40 15 0 1
1730 39 38 -1 0
1731 23 0 0 1
1732 48 4 -1 0
1733 24 12 -1 0
1734 92 9 1 0
1735 23 37 0 -1
1736 22 29 0 -1
1737 1 26 0 1
1738 2 19 0 -1
1739 81 20 0 -1
1740 22 30 0 1
1741 66 4 1 0
1742 29 21 0 -1
1743 67 3 -1 0
1744 16 17 1 0
1745 41 38 -1 0
1746 77 19 0 -1
1747 55 17 -1 0
1748 31 17 1 0
1749 25 20 0 1
1750 83 35 0 -1
1751 98 13 1 0
1752 98 25 -1 0
1753 40 39 1 0
1754 42 32 0 -1
1755 66 31 -1 0
1756 24 8 0 1
1757 61 25 0 -1
1758 25 13 0 -1
1759 19 35 0 1
1760 68 15 -1 0
1761 84 32 1 0
1762 19 5 0 1
1763 37 10 0 1
1764 11 33 -1 0
1765 27 10 -1 0
1766 23 29 0 1
1767 25 3 0 -1
1768 72 13 1 0
1769 8 32 -1 0
1770 42 26 1 0
1771 49 28 0 -1
1772 63 28 0 1
1773 99 32 -1 0
1774 10 31 0 1
1775 37 31 0 1
1776 82 19 -1 0
1777 20 4 0 -1
1778 22 37 0 -1
1779 54 20 0 -1
1780 61 18 -1 0
1781 52 11 1 0
1782 1 31 1 0
1783 44 5 -1 0
1784 98 5 -1 0
1785 25 30 -1 0
1786 18 14 1 0
1787 93 23 -1 0
1788 27 14 1 0
1789 15 4 1 0
1790 81 1 1 0
1791 49 3 0 -1
1792 35 39 0 -1
1793 23 7 0 -1
1794 52 6 0 -1
1795 94 30 0 -1
1796 90 3 1 0
1797 44 9 -1 0
1798 2 32 0 -1
1799 3 5 1 0
1800 3 9 0 1
1801 24 5 0 -1
1802 64 29 -1 0
1803 83 26 -1 0
1804 76 31 0 -1
1805 48 5 0 1
1806 11 11 0 1
1807 85 8 -1 0
1808 98 38 -1 0
1809 42 24 0 -1
1810 6 13 1 0
1811 42 20 0 1
1812 48 35 -1 0
1813 36 8 0 -1
1814 29 25 1 0
1815 45 4 0 -1
1816 28 38 -1 0
1817 27 37 0 1
1818 45 23 0 1
1819 11 3 1 0
1820 37 30 -1 0
1821 63 5 -1 0
1822 96 16 0 -1
1823 46 20 0 -1
1824 15 30 -1 0
1825 98 15 1 0
1826 22 23 0 1
1827 39 29 -1 0
1828 63 10 0 1
1829 26 18 -1 0
1830 48 8 1 0
1831 24 25 0 1
1832 53 11 1 0
1833 41 15 0 -1
1834 22 36 0 -1
1835 21 38 0 -1
1836 13 31 -1 0
1837 24 38 0 -1
1838 48 34 1 0
1839 22 31 -1 0
1840 6 13 1 0
1841 39 17 0 -1
1842 31 0 0 -1
1843 92 9 1 0
1844 37 18 -1 0
1845 65 37 0 1
1846 91 23 0 -1
1847 39 39 0 1
1848 50 26 0 -1
1849 6 13 -1 0
1850 50 37 0 -1
1851 30 31 0 1
1852 39 19 1 0
1853 92 7 -1 0
1854 21 7 1 0
1855 37 8 -1 0
1856 27 0 0 -1
1857 22 7 -1 0
1858 59 2 0 -1
1859 90 15 1 0
1860 29 15 1 0
1861 22 32 0 1
1862 21 8 -1 0
1863 38 14 -1 0
1864 16 24 1 0
1865 29 17 1 0
1866 4 5 0 1
1867 39 18 0 1
1868 81 33 -1 0
1869 80 16 0 1
1870 83 1 0 -1
1871 41 36 0 -1
1872 81 32 0 1
1873 47 22 1 0
1874 28 18 1 0
1875 13 6 -1 0
1876 50 32 1 0
1877 16 5 -1 0
1878 20 5 0 -1
1879 3 24 0 1
1880 48 11 -1 0
1881 40 24 -1 0
1882 12 22 0 -1
1883 43 1 1 0
1884 43 18 -1 0
1885 29 11 0 -1
1886 36 2 0 1
1887 2 34 -1 0
1888 24 18 1 0
1889 96 32 0 1
1890 11 21 0 -1
1891 20 8 0 1
1892 0 32 1 0
1893 90 12 -1 0
1894 41 14 -1 0
1895 29 24 0 1
1896 45 27 -1 0
1897 51 5 1 0
1898 28 14 0 1
1899 7 29 1 0
1900 46 35 0 1
1901 66 16 -1 0
1902 73 36 0 -1
1903 44 16 0 1
1904 28 29 0 1
1905 58 37 0 -1
1906 95 19 -1 0
1907 43 27 0 -1
1908 82 25 -1 0
1909 22 27 0 -1
1910 39 34 0 -1
1911 97 12 -1 0
1912 30 39 0 1
1913 73 34 0 1
1914 37 12 -1 0
1915 27 22 0 1
1916 35 6 -1 0
1917 90 28 0 1
1918 77 23 0 -1
1919 91 2 0 -1
1920 2 37 0 1
1921 21 7 -1 0
1922 17 20 1 0
1923 19 30 0 1
1924 22 34 -1 0
1925 8 32 0 1
1926 71 8 0 1
1927 50 27 1 0
1928 87 29 0 -1
1929 24 21 -1 0
1930 41 17 0 1
1931 10 35 0 1
1932 23 31 1 0
1933 14 4 1 0
1934 75 5 0 -1
1935 38 1 1 0
1936 12 23 -1 0
1937 35 5 1 0
1938 43 9 -1 0
1939 52 21 0 1
1940 23 23 1 0
1941 40 30 1 0
1942 27 24 1 0
1943 8 22 0 -1
1944 4 38 0 1
1945 16 38 0 1
1946 12 35 -1 0
1947 68 10 0 1
1948 26 28 0 1
1949 9 23 -1 0
1950 92 7 0 1
1951 39 30 0 1
1952 39 39 1 0
1953 95 21 -1 0
1954 78 39 -1 0
1955 22 18 0 -1
1956 29 1 1 0
1957 31 36 1 0
1958 29 32 0 -1
1959 53 0 1 0
1960 86 20 0 -1
1961 80 31 -1 0
1962 12 9 0 -1
1963 61 32 0 1
1964 40 22 0 1
1965 40 13 0 1
1966 42 21 -1 0
1967 38 34 1 0
1968 63 38 1 0
1969 28 27 1 0
1970 88 37 0 -1
1971 42 6 0 1
1972 4 33 0 -1
1973 71 0 -1 0
1974 13 14 0 1
1975 2 39 0 -1
1976 25 37 1 0
1977 21 17 1 0
1978 13 11 1 0
1979 95 31 0 1
1980 83 8 1 0
1981 39 0 0 1
1982 93 18 0 1
1983 17 22 -1 0
1984 24 4 0 1
1985 25 20 0 -1
1986 42 3 -1 0
1987 89 27 0 -1
1988 14 36 -1 0
1989 35 35 0 -1
1990 22 0 0 -1
1991 88 24 0 -1
1992 34 21 1 0
1993 39 6 0 1
1994 2 32 -1 0
1995 37 8 0 -1
1996 28 7 0 -1
1997 29 8 1 0
1998 27 27 -1 0
1999 39 21 0 1
