0 36 3 -1 0
1 34 12 0 1
2 23 7 0 -1
3 14 31 1 0
4 1 11 0 -1
5 18 22 0 -1
6 17 22 0 1
7 29 3 -1 0
8 8 8 0 -1
9 15 39 0 1
10 5 36 0 -1
11 38 34 0 -1
12 36 33 -1 0
13 32 32 0 -1
14 8 9 -1 0
15 13 36 1 0
16 31 16 1 0
17 13 23 -1 0
18 37 16 0 1
19 12 24 -1 0
20 17 0 1 0
21 9 8 0 1
22 20 12 -1 0
23 39 24 0 1
24 34 17 0 1
25 39 15 -1 0
26 6 29 0 -1
27 8 26 0 1
28 19 29 -1 0
29 23 15 1 0
30 27 21 0 1
31 28 10 -1 0
32 17 19 0 1
33 10 3 1 0
34 2 17 -1 0
35 28 17 0 1
36 10 29 0 1
37 6 3 1 0
38 19 3 0 1
39 5 26 0 1
40 11 22 -1 0
41 10 36 0 -1
42 10 25 0 1
43 15 26 1 0
44 13 30 1 0
45 21 29 0 -1
46 33 21 0 -1
47 31 17 0 -1
48 18 1 -1 0
49 12 28 -1 0
50 8 27 1 0
51 33 27 -1 0
52 17 18 -1 0
53 7 2 -1 0
54 15 7 1 0
55 7 9 -1 0
56 34 15 0 1
57 8 23 1 0
58 3 7 0 -1
59 14 32 0 -1
60 9 4 -1 0
61 7 4 -1 0
62 15 24 -1 0
63 21 33 0 1
64 27 32 0 -1
65 38 24 0 -1
66 2 7 0 1
67 13 8 0 -1
68 18 33 0 1
69 13 30 -1 0
70 7 22 1 0
71 29 18 1 0
72 26 9 0 1
73 3 27 0 -1
74 12 31 1 0
75 11 36 1 0
76 33 11 0 1
77 14 24 1 0
78 4 18 0 1
79 12 16 1 0
80 11 33 0 1
81 35 31 0 -1
82 38 37 0 1
83 35 4 0 1
84 34 23 1 0
85 37 35 0 1
86 35 18 -1 0
87 30 16 1 0
88 5 5 0 1
89 39 4 -1 0
90 1 37 -1 0
91 4 23 1 0
92 9 9 0 1
93 33 29 0 1
94 0 20 0 1
95 38 20 -1 0
96 16 28 0 1
97 22 30 0 -1
98 6 31 0 1
99 12 31 0 -1
100 36 18 0 -1
101 38 12 0 -1
102 30 21 -1 0
103 37 0 -1 0
104 11 38 -1 0
105 32 8 0 1
106 17 11 1 0
107 6 37 0 -1
108 0 14 0 1
109 10 7 0 1
110 37 30 -1 0
111 32 2 -1 0
112 30 17 1 0
113 21 29 1 0
114 32 0 0 1
115 29 17 0 -1
116 39 25 -1 0
117 2 20 0 1
118 8 14 0 -1
119 28 34 1 0
120 39 16 0 1
121 12 7 0 1
122 37 5 0 -1
123 18 34 -1 0
124 24 28 -1 0
125 14 33 0 1
126 7 30 -1 0
127 37 28 0 1
128 28 2 0 1
129 8 25 0 1
130 30 36 -1 0
131 0 16 -1 0
132 35 11 0 -1
133 5 25 1 0
134 9 30 -1 0
135 0 23 1 0
136 26 38 -1 0
137 6 8 -1 0
138 28 24 -1 0
139 17 22 1 0
140 1 15 1 0
141 33 1 1 0
142 28 26 -1 0
143 39 4 0 1
144 25 34 0 -1
145 7 19 0 -1
146 35 22 1 0
147 33 12 0 -1
148 37 7 -1 0
149 15 12 0 1
150 3 6 -1 0
151 19 8 0 -1
152 15 6 -1 0
153 30 17 0 1
154 34 2 0 -1
155 31 7 -1 0
156 10 4 0 -1
157 1 8 -1 0
158 12 35 -1 0
159 39 35 -1 0
160 33 17 0 -1
161 17 8 1 0
162 19 20 0 1
163 15 17 -1 0
164 25 9 0 -1
165 21 6 -1 0
166 0 21 1 0
167 16 23 1 0
168 4 27 1 0
169 3 21 0 1
170 8 16 -1 0
171 24 15 1 0
172 28 30 0 -1
173 12 7 -1 0
174 34 38 1 0
175 5 21 -1 0
176 3 32 0 1
177 5 5 0 -1
178 36 4 1 0
179 12 27 0 1
180 31 4 1 0
181 11 37 -1 0
182 20 33 0 -1
183 15 14 0 -1
184 10 16 0 -1
185 26 14 0 -1
186 11 19 -1 0
187 1 11 0 1
188 31 36 -1 0
189 28 39 0 1
190 31 8 1 0
191 3 18 1 0
192 30 36 1 0
193 16 27 0 1
194 12 33 -1 0
195 14 8 0 -1
196 15 38 0 1
197 17 32 -1 0
198 34 33 0 -1
199 23 32 -1 0
200 30 28 -1 0
201 16 28 1 0
202 6 18 0 1
203 18 35 -1 0
204 28 20 0 -1
205 7 13 1 0
206 1 30 1 0
207 22 31 -1 0
208 28 36 0 -1
209 15 37 0 -1
210 9 6 1 0
211 1 26 0 -1
212 33 5 1 0
213 2 13 -1 0
214 21 6 1 0
215 31 31 0 1
216 23 36 1 0
217 23 17 0 1
218 21 38 0 -1
219 22 12 1 0
220 26 29 1 0
221 19 16 1 0
222 11 3 -1 0
223 9 0 -1 0
224 0 6 -1 0
225 31 13 1 0
226 0 4 1 0
227 20 8 1 0
228 37 5 -1 0
229 9 19 1 0
230 21 29 0 1
231 33 16 1 0
232 27 18 1 0
233 29 16 0 1
234 39 22 0 1
235 36 30 -1 0
236 1 6 0 1
237 22 29 -1 0
238 38 28 0 -1
239 3 30 0 -1
240 2 17 0 1
241 15 23 0 -1
242 18 39 1 0
243 29 39 0 1
244 28 0 1 0
245 5 33 0 -1
246 25 28 0 1
247 30 12 1 0
248 5 33 0 -1
249 21 4 0 1
250 23 1 0 -1
251 4 12 1 0
252 16 37 0 1
253 15 13 -1 0
254 7 32 -1 0
255 3 17 0 -1
256 34 0 -1 0
257 24 36 0 -1
258 20 37 1 0
259 34 32 -1 0
260 14 12 0 1
261 36 37 -1 0
262 11 28 1 0
263 25 4 0 1
264 26 24 0 1
265 37 26 1 0
266 38 3 0 -1
267 8 24 -1 0
268 1 21 1 0
269 15 11 0 1
270 23 14 0 1
271 5 23 1 0
272 21 11 -1 0
273 12 5 1 0
274 35 12 1 0
275 5 31 0 1
276 19 24 1 0
277 33 9 -1 0
278 21 39 1 0
279 31 22 -1 0
280 28 1 -1 0
281 8 37 0 -1
282 33 23 0 -1
283 27 21 -1 0
284 33 34 0 1
285 26 18 0 -1
286 25 17 0 -1
287 25 7 -1 0
288 25 30 -1 0
289 32 16 0 1
290 18 35 -1 0
291 31 21 1 0
292 5 36 1 0
293 31 0 0 -1
294 28 25 0 -1
295 20 14 -1 0
296 23 7 -1 0
297 11 6 -1 0
298 12 35 -1 0
299 10 17 -1 0
300 32 28 0 1
301 14 20 0 1
302 35 24 1 0
303 4 35 0 -1
304 2 33 -1 0
305 28 26 1 0
306 3 5 1 0
307 18 2 0 -1
308 23 21 0 -1
309 2 24 1 0
310 0 10 1 0
311 10 11 0 -1
312 17 37 1 0
313 35 34 0 -1
314 12 39 0 -1
315 18 16 0 1
316 25 25 -1 0
317 35 11 0 -1
318 7 7 0 -1
319 11 3 -1 0
320 30 13 0 1
321 12 14 1 0
322 23 3 -1 0
323 31 9 -1 0
324 20 10 0 1
325 12 5 0 1
326 38 11 0 -1
327 38 31 0 1
328 31 33 0 -1
329 14 19 0 1
330 10 22 -1 0
331 6 16 0 -1
332 8 5 1 0
333 32 25 0 -1
334 8 31 0 1
335 3 9 1 0
336 1 25 0 1
337 9 7 -1 0
338 37 34 0 -1
339 32 21 0 -1
340 24 26 -1 0
341 4 21 1 0
342 26 26 -1 0
343 20 12 -1 0
344 21 36 0 -1
345 20 36 0 -1
346 39 37 0 1
347 25 33 0 1
348 17 35 -1 0
349 31 2 -1 0
350 32 7 0 1
351 6 5 -1 0
352 16 31 1 0
353 0 1 0 1
354 22 23 1 0
355 34 29 0 1
356 38 2 -1 0
357 29 30 1 0
358 2 17 1 0
359 34 26 0 -1
360 26 7 -1 0
361 0 21 1 0
362 0 17 0 1
363 22 34 0 -1
364 18 30 1 0
365 10 9 1 0
366 22 16 -1 0
367 2 7 1 0
368 38 16 0 1
369 37 11 0 -1
370 24 12 0 -1
371 32 37 -1 0
372 29 26 -1 0
373 29 8 0 1
374 14 7 -1 0
375 28 5 0 -1
376 39 8 -1 0
377 36 29 0 1
378 3 16 1 0
379 39 32 -1 0
380 32 39 0 1
381 23 9 0 -1
382 38 31 0 1
383 11 8 0 -1
384 7 19 0 1
385 17 11 0 1
386 20 37 1 0
387 14 32 0 1
388 25 23 1 0
389 27 15 1 0
390 2 14 -1 0
391 16 28 0 -1
392 39 23 0 -1
393 3 2 0 -1
394 35 12 0 -1
395 14 6 0 -1
396 19 31 0 1
397 9 18 0 1
398 39 27 0 1
399 28 33 0 1
400 2 11 0 -1
401 18 39 1 0
402 21 17 -1 0
403 18 10 -1 0
404 11 35 0 1
405 26 36 1 0
406 9 7 0 1
407 10 32 1 0
408 34 11 0 1
409 23 30 0 1
410 2 9 0 1
411 3 35 1 0
412 20 18 -1 0
413 37 15 0 1
414 11 13 -1 0
415 20 6 0 1
416 4 13 0 1
417 10 39 0 1
418 14 11 1 0
419 11 10 0 1
420 30 36 0 1
421 7 13 1 0
422 7 6 1 0
423 9 28 -1 0
424 19 38 0 -1
425 34 34 -1 0
426 14 4 1 0
427 6 31 1 0
428 4 19 0 -1
429 25 4 1 0
430 22 18 0 -1
431 13 17 0 -1
432 34 1 0 1
433 29 22 -1 0
434 14 21 0 1
435 13 22 0 1
436 8 25 0 -1
437 2 13 0 -1
438 12 17 -1 0
439 15 8 -1 0
440 4 11 0 1
441 27 7 0 1
442 27 16 0 1
443 39 5 0 1
444 37 20 0 -1
445 30 12 -1 0
446 22 17 -1 0
447 22 12 1 0
448 39 31 -1 0
449 24 13 -1 0
450 20 1 -1 0
451 22 2 -1 0
452 15 23 0 1
453 34 9 -1 0
454 17 5 0 -1
455 24 29 0 1
456 12 24 1 0
457 22 37 -1 0
458 3 0 1 0
459 1 7 0 1
460 24 22 -1 0
461 39 20 0 1
462 19 24 0 1
463 37 9 -1 0
464 28 25 0 1
465 31 39 -1 0
466 38 0 -1 0
467 14 37 -1 0
468 31 17 0 1
469 10 31 1 0
470 36 15 -1 0
471 36 25 -1 0
472 36 16 0 1
473 1 21 0 1
474 4 22 0 -1
475 35 36 0 1
476 19 21 0 1
477 29 4 0 -1
478 36 7 0 1
479 4 30 0 -1
480 25 7 0 1
481 2 20 0 1
482 36 36 0 -1
483 17 7 1 0
484 15 4 -1 0
485 10 37 -1 0
486 27 17 0 -1
487 31 12 1 0
488 11 5 1 0
489 39 7 0 -1
490 9 31 1 0
491 21 10 0 1
492 6 22 0 1
493 31 26 0 -1
494 17 16 1 0
495 1 33 0 -1
496 26 0 -1 0
497 10 32 0 1
498 36 1 0 -1
499 38 35 0 -1
500 8 22 0 -1
501 31 3 -1 0
502 15 2 1 0
503 38 19 1 0
504 7 6 1 0
505 7 4 1 0
506 28 36 -1 0
507 34 25 -1 0
508 7 11 -1 0
509 13 3 1 0
510 13 30 0 1
511 33 31 0 -1
512 0 26 -1 0
513 17 3 0 1
514 30 29 0 -1
515 13 31 1 0
516 27 39 0 -1
517 2 27 -1 0
518 16 22 0 1
519 22 0 1 0
520 18 38 0 1
521 36 10 1 0
522 35 11 -1 0
523 35 14 0 1
524 30 6 1 0
525 4 4 0 -1
526 37 23 0 1
527 1 13 1 0
528 1 39 -1 0
529 24 13 1 0
530 29 38 0 -1
531 36 14 -1 0
532 5 36 0 1
533 33 27 -1 0
534 20 23 0 -1
535 23 6 -1 0
536 36 35 -1 0
537 39 35 1 0
538 17 11 -1 0
539 25 39 -1 0
540 15 3 1 0
541 26 8 -1 0
542 1 10 0 -1
543 25 1 1 0
544 17 10 0 1
545 1 35 -1 0
546 5 30 0 1
547 26 21 0 1
548 5 23 0 1
549 19 9 1 0
550 3 38 0 -1
551 34 10 1 0
552 25 39 0 1
553 15 1 1 0
554 29 6 0 -1
555 23 15 1 0
556 1 6 0 -1
557 14 28 0 -1
558 25 14 -1 0
559 33 35 -1 0
560 22 20 -1 0
561 16 34 1 0
562 0 23 0 1
563 27 3 -1 0
564 8 37 -1 0
565 31 8 1 0
566 8 5 0 1
567 16 29 -1 0
568 24 26 -1 0
569 26 38 1 0
570 25 20 -1 0
571 3 16 1 0
572 24 19 0 1
573 13 20 -1 0
574 4 23 1 0
575 6 29 0 1
576 38 9 1 0
577 19 27 0 -1
578 23 10 1 0
579 23 27 0 1
580 38 6 -1 0
581 4 37 1 0
582 18 22 0 -1
583 16 18 1 0
584 39 5 0 -1
585 24 19 -1 0
586 24 15 0 -1
587 15 9 -1 0
588 15 21 0 -1
589 33 7 1 0
590 22 33 1 0
591 36 28 0 1
592 18 31 0 -1
593 2 35 -1 0
594 25 21 -1 0
595 32 35 -1 0
596 36 23 1 0
597 39 37 -1 0
598 3 18 0 -1
599 31 27 1 0
600 7 11 -1 0
601 24 21 0 -1
602 0 24 -1 0
603 35 33 0 1
604 38 38 1 0
605 4 25 0 -1
606 5 18 0 -1
607 10 6 1 0
608 18 30 -1 0
609 9 1 1 0
610 9 16 -1 0
611 37 32 0 -1
612 11 7 0 -1
613 33 8 0 1
614 12 9 1 0
615 26 20 0 1
616 22 32 0 1
617 0 38 1 0
618 20 11 -1 0
619 32 33 1 0
620 10 21 0 -1
621 9 17 0 1
622 10 20 0 -1
623 26 12 1 0
624 16 5 0 -1
625 24 37 0 -1
626 35 15 -1 0
627 35 18 1 0
628 8 33 0 1
629 34 1 0 1
630 9 7 1 0
631 7 4 0 1
632 28 35 0 -1
633 8 3 0 1
634 10 8 0 -1
635 25 24 1 0
636 9 26 0 1
637 26 23 0 1
638 39 28 0 1
639 39 36 -1 0
640 20 24 0 -1
641 3 35 -1 0
642 15 29 0 1
643 12 0 0 1
644 3 4 -1 0
645 13 6 0 1
646 28 37 1 0
647 21 30 -1 0
648 24 27 1 0
649 2 36 0 -1
650 31 29 0 -1
651 24 33 -1 0
652 32 25 1 0
653 12 2 -1 0
654 5 28 -1 0
655 14 14 0 1
656 11 1 0 -1
657 22 0 -1 0
658 7 38 0 1
659 22 21 0 -1
660 11 16 0 1
661 3 32 0 -1
662 5 9 1 0
663 9 8 0 -1
664 37 32 0 -1
665 28 17 0 1
666 24 22 -1 0
667 36 26 -1 0
668 17 27 1 0
669 5 20 0 1
670 18 0 0 -1
671 35 17 0 -1
672 28 22 1 0
673 28 11 0 -1
674 22 7 0 -1
675 2 10 0 -1
676 19 3 0 -1
677 35 34 -1 0
678 5 32 1 0
679 11 37 1 0
680 21 26 0 1
681 39 38 0 1
682 1 0 1 0
683 29 15 0 -1
684 35 25 -1 0
685 9 13 0 -1
686 26 26 -1 0
687 33 10 1 0
688 6 1 0 -1
689 35 31 -1 0
690 30 37 1 0
691 18 8 -1 0
692 7 36 1 0
693 19 9 0 -1
694 39 34 -1 0
695 27 13 1 0
696 27 27 0 1
697 17 29 0 1
698 24 31 0 -1
699 34 6 0 -1
700 7 39 0 -1
701 5 23 0 1
702 4 12 1 0
703 14 3 0 1
704 27 24 0 -1
705 31 9 1 0
706 21 8 -1 0
707 19 8 0 -1
708 16 35 0 -1
709 4 38 -1 0
710 36 37 1 0
711 7 32 1 0
712 5 38 0 1
713 29 18 1 0
714 23 23 0 -1
715 25 19 1 0
716 31 1 1 0
717 7 37 1 0
718 16 38 0 -1
719 39 26 1 0
720 36 16 -1 0
721 1 15 -1 0
722 6 1 1 0
723 31 32 0 1
724 25 17 0 1
725 19 21 0 1
726 0 30 0 1
727 39 17 1 0
728 17 4 1 0
729 1 2 1 0
730 28 38 -1 0
731 18 0 1 0
732 11 3 0 1
733 27 22 1 0
734 26 23 1 0
735 7 1 0 -1
736 24 3 -1 0
737 29 37 0 -1
738 36 6 0 -1
739 31 33 -1 0
740 38 27 -1 0
741 13 5 1 0
742 7 18 1 0
743 36 4 1 0
744 11 27 0 1
745 10 28 1 0
746 33 32 1 0
747 14 2 0 -1
748 4 8 0 1
749 20 33 0 1
750 18 28 0 -1
751 5 9 1 0
752 28 32 -1 0
753 21 0 1 0
754 13 6 -1 0
755 7 1 1 0
756 27 39 -1 0
757 27 4 0 1
758 7 31 1 0
759 24 5 -1 0
760 35 39 0 1
761 26 23 1 0
762 24 25 -1 0
763 34 7 1 0
764 36 19 0 -1
765 18 18 0 1
766 35 21 1 0
767 9 38 0 -1
768 39 2 1 0
769 9 20 0 1
770 19 7 -1 0
771 10 9 0 1
772 31 12 1 0
773 11 38 0 -1
774 16 23 0 -1
775 26 0 -1 0
776 4 21 -1 0
777 32 31 1 0
778 9 3 0 -1
779 10 27 0 1
780 35 15 0 -1
781 13 14 1 0
782 13 10 0 1
783 19 6 1 0
784 9 11 0 1
785 6 24 0 1
786 31 33 -1 0
787 2 35 0 -1
788 39 11 0 -1
789 7 28 -1 0
790 13 2 1 0
791 21 23 0 1
792 24 31 1 0
793 2 16 0 -1
794 20 11 0 -1
795 9 36 1 0
796 39 25 -1 0
797 25 11 0 1
798 15 27 0 -1
799 31 14 1 0
800 10 34 1 0
801 32 35 1 0
802 15 20 1 0
803 18 15 0 1
804 3 1 0 1
805 6 3 -1 0
806 23 10 0 -1
807 8 29 1 0
808 34 12 -1 0
809 33 28 -1 0
810 22 34 0 1
811 25 35 -1 0
812 28 25 1 0
813 3 12 1 0
814 22 4 0 -1
815 11 23 -1 0
816 14 22 0 -1
817 7 17 1 0
818 14 25 -1 0
819 10 33 0 1
820 23 26 1 0
821 32 8 0 1
822 12 21 1 0
823 0 37 1 0
824 21 10 -1 0
825 0 27 -1 0
826 32 3 0 -1
827 26 39 0 -1
828 19 14 1 0
829 35 32 0 1
830 31 32 -1 0
831 19 4 0 1
832 9 31 0 -1
833 0 15 -1 0
834 6 25 -1 0
835 25 28 0 1
836 25 21 -1 0
837 30 39 0 -1
838 12 6 0 1
839 8 29 0 1
840 0 27 -1 0
841 30 32 0 -1
842 13 34 0 1
843 6 6 0 1
844 21 31 0 -1
845 17 33 0 1
846 20 22 0 1
847 5 6 0 -1
848 29 34 0 1
849 27 25 -1 0
850 10 39 -1 0
851 19 30 1 0
852 33 39 -1 0
853 32 11 1 0
854 13 27 1 0
855 24 24 0 1
856 33 21 0 -1
857 20 8 1 0
858 0 8 -1 0
859 2 3 0 -1
860 29 14 0 1
861 0 16 -1 0
862 1 26 -1 0
863 21 9 -1 0
864 29 19 0 1
865 39 21 -1 0
866 12 14 0 1
867 20 10 0 -1
868 2 5 0 1
869 8 39 -1 0
870 3 31 0 1
871 14 35 1 0
872 8 36 0 -1
873 35 9 -1 0
874 2 8 1 0
875 12 29 1 0
876 13 36 -1 0
877 11 34 0 1
878 9 24 -1 0
879 8 29 -1 0
880 33 12 -1 0
881 11 20 0 -1
882 34 20 -1 0
883 12 12 0 -1
884 30 24 0 -1
885 25 10 -1 0
886 5 10 -1 0
887 36 18 0 1
888 3 36 0 1
889 33 4 0 -1
890 10 31 0 -1
891 6 2 0 1
892 6 28 0 -1
893 29 37 0 -1
894 38 29 1 0
895 1 3 -1 0
896 5 27 1 0
897 24 6 1 0
898 1 8 -1 0
899 32 18 -1 0
900 23 23 0 -1
901 5 6 0 -1
902 23 39 1 0
903 33 23 0 -1
904 39 18 -1 0
905 22 15 0 1
906 9 35 -1 0
907 26 19 0 -1
908 33 35 0 -1
909 10 9 -1 0
910 10 16 0 1
911 30 15 0 -1
912 34 3 -1 0
913 39 5 0 1
914 27 34 -1 0
915 7 24 -1 0
916 16 24 -1 0
917 21 38 -1 0
918 20 26 -1 0
919 21 3 -1 0
920 37 39 1 0
921 4 25 0 -1
922 2 29 0 -1
923 39 17 0 -1
924 22 32 0 1
925 38 8 -1 0
926 30 10 -1 0
927 34 28 -1 0
928 9 34 1 0
929 2 3 0 1
930 21 7 -1 0
931 1 24 1 0
932 30 1 1 0
933 16 7 1 0
934 13 28 0 -1
935 3 25 -1 0
936 21 24 1 0
937 35 2 -1 0
938 26 15 0 -1
939 36 31 1 0
940 4 32 0 -1
941 25 8 0 1
942 10 16 0 -1
943 6 33 0 -1
944 37 3 0 1
945 7 29 -1 0
946 8 30 -1 0
947 37 19 1 0
948 24 37 0 1
949 16 4 0 1
950 18 3 1 0
951 15 3 1 0
952 0 18 0 1
953 0 32 0 -1
954 38 32 1 0
955 8 39 -1 0
956 11 24 1 0
957 22 26 1 0
958 39 16 -1 0
959 34 34 0 -1
960 18 3 1 0
961 28 4 -1 0
962 0 32 0 -1
963 32 34 -1 0
964 27 16 1 0
965 2 35 1 0
966 33 2 0 -1
967 15 26 0 1
968 25 27 -1 0
969 4 6 -1 0
970 30 4 0 1
971 6 27 1 0
972 36 5 1 0
973 0 3 1 0
974 38 39 1 0
975 30 23 0 -1
976 8 33 -1 0
977 34 0 -1 0
978 32 31 -1 0
979 26 33 0 -1
980 8 30 0 -1
981 23 14 0 1
982 19 27 1 0
983 39 9 0 -1
984 17 19 -1 0
985 0 19 -1 0
986 14 19 1 0
987 0 3 1 0
988 22 28 0 1
989 12 30 -1 0
990 1 29 -1 0
991 21 18 0 1
992 26 31 0 1
993 30 12 0 -1
994 32 21 0 1
995 30 17 0 -1
996 17 23 0 -1
997 23 2 0 1
998 2 30 -1 0
999 38 30 0 1
1000 33 2 -1 0
1001 10 19 0 1
1002 15 30 1 0
1003 27 24 -1 0
1004 30 8 0 -1
1005 20 7 0 1
1006 29 27 -1 0
1007 1 7 0 1
1008 36 35 0 -1
1009 33 38 0 -1
1010 35 17 1 0
1011 2 23 0 -1
1012 15 7 -1 0
1013 24 9 0 -1
1014 0 10 -1 0
1015 29 36 0 1
1016 17 12 -1 0
1017 27 14 -1 0
1018 10 20 0 -1
1019 32 0 0 -1
1020 10 18 1 0
1021 35 13 0 -1
1022 35 30 0 1
1023 8 7 0 -1
1024 25 13 1 0
1025 27 3 1 0
1026 36 12 -1 0
1027 39 0 0 1
1028 9 32 0 -1
1029 12 9 0 -1
1030 8 20 1 0
1031 16 23 1 0
1032 35 9 1 0
1033 25 15 -1 0
1034 22 36 0 -1
1035 27 31 0 -1
1036 12 10 -1 0
1037 20 24 -1 0
1038 24 28 -1 0
1039 13 21 0 -1
1040 26 9 -1 0
1041 9 20 0 -1
1042 37 22 -1 0
1043 29 23 0 1
1044 24 17 0 1
1045 9 29 0 1
1046 15 29 0 1
1047 29 15 -1 0
1048 2 0 -1 0
1049 10 8 0 -1
1050 3 20 0 1
1051 7 24 0 -1
1052 36 1 1 0
1053 16 8 -1 0
1054 4 10 1 0
1055 13 21 0 -1
1056 38 13 1 0
1057 32 28 0 -1
1058 21 13 0 -1
1059 36 27 0 -1
1060 3 5 0 -1
1061 25 21 -1 0
1062 5 39 0 -1
1063 34 3 0 -1
1064 31 7 -1 0
1065 6 12 0 1
1066 0 20 1 0
1067 13 18 -1 0
1068 17 21 1 0
1069 13 22 0 1
1070 5 8 1 0
1071 35 33 -1 0
1072 7 23 0 1
1073 26 27 0 1
1074 27 33 0 -1
1075 24 2 0 -1
1076 29 7 0 1
1077 8 35 0 1
1078 17 28 -1 0
1079 28 6 -1 0
1080 13 5 -1 0
1081 11 1 1 0
1082 13 3 0 1
1083 5 29 0 1
1084 31 26 -1 0
1085 39 28 0 -1
1086 6 24 1 0
1087 27 27 1 0
1088 24 11 -1 0
1089 14 11 0 -1
1090 19 26 -1 0
1091 19 12 -1 0
1092 2 25 -1 0
1093 11 38 0 1
1094 20 30 -1 0
1095 19 5 -1 0
1096 12 12 0 -1
1097 12 28 0 1
1098 27 24 1 0
1099 5 30 -1 0
1100 15 11 -1 0
1101 3 36 0 -1
1102 4 34 1 0
1103 25 22 0 1
1104 14 38 -1 0
1105 12 1 1 0
1106 36 25 0 -1
1107 20 2 0 -1
1108 2 0 1 0
1109 29 13 1 0
1110 23 34 0 -1
1111 3 10 -1 0
1112 19 38 0 -1
1113 19 32 1 0
1114 0 4 0 1
1115 0 20 1 0
1116 17 35 -1 0
1117 35 21 0 -1
1118 19 22 0 1
1119 15 32 -1 0
1120 12 26 1 0
1121 5 30 0 1
1122 10 30 1 0
1123 24 21 -1 0
1124 33 5 0 1
1125 13 33 0 -1
1126 31 37 -1 0
1127 1 15 1 0
1128 3 11 1 0
1129 38 3 1 0
1130 36 17 1 0
1131 30 25 -1 0
1132 27 6 0 1
1133 9 35 1 0
1134 20 10 1 0
1135 13 11 0 1
1136 6 31 0 1
1137 35 10 1 0
1138 8 5 0 1
1139 6 6 0 -1
1140 3 7 0 -1
1141 27 4 1 0
1142 28 21 -1 0
1143 34 33 1 0
1144 28 39 0 -1
1145 32 24 1 0
1146 7 29 0 -1
1147 37 37 1 0
1148 2 8 -1 0
1149 39 20 0 -1
1150 27 2 0 1
1151 35 20 0 1
1152 37 28 0 -1
1153 1 23 0 1
1154 18 17 -1 0
1155 18 9 0 -1
1156 11 32 0 1
1157 13 1 0 1
1158 15 22 -1 0
1159 34 20 1 0
1160 13 15 -1 0
1161 10 10 0 -1
1162 32 2 0 -1
1163 20 23 1 0
1164 16 29 0 1
1165 31 20 1 0
1166 29 4 1 0
1167 24 6 0 1
1168 12 26 0 1
1169 28 27 -1 0
1170 37 21 1 0
1171 7 27 -1 0
1172 29 12 0 -1
1173 4 10 0 1
1174 33 32 0 -1
1175 10 5 -1 0
1176 36 20 0 1
1177 23 39 0 -1
1178 11 8 -1 0
1179 12 0 1 0
1180 14 26 1 0
1181 28 29 0 1
1182 7 37 1 0
1183 24 17 -1 0
1184 39 3 0 -1
1185 5 6 -1 0
1186 20 20 -1 0
1187 37 16 -1 0
1188 21 12 1 0
1189 37 23 -1 0
1190 23 11 1 0
1191 37 19 -1 0
1192 34 35 0 -1
1193 1 3 1 0
1194 20 30 1 0
1195 4 38 0 -1
1196 33 21 1 0
1197 0 9 1 0
1198 13 31 0 -1
1199 34 15 0 1
1200 23 29 0 1
1201 20 39 0 1
1202 16 0 0 1
1203 2 11 0 -1
1204 32 13 0 1
1205 32 19 -1 0
1206 18 36 0 -1
1207 3 6 0 -1
1208 19 1 -1 0
1209 18 37 -1 0
1210 31 21 0 -1
1211 0 12 0 1
1212 18 19 -1 0
1213 16 20 -1 0
1214 21 35 0 -1
1215 17 38 1 0
1216 38 23 -1 0
1217 12 37 -1 0
1218 2 16 1 0
1219 25 34 -1 0
1220 3 9 1 0
1221 27 23 0 1
1222 32 7 1 0
1223 15 6 0 -1
1224 9 29 0 1
1225 18 29 1 0
1226 7 39 -1 0
1227 28 3 1 0
1228 6 35 1 0
1229 30 18 1 0
1230 12 20 0 1
1231 12 32 0 -1
1232 25 1 -1 0
1233 36 7 1 0
1234 38 22 0 -1
1235 27 7 0 -1
1236 20 19 0 -1
1237 27 29 -1 0
1238 11 2 -1 0
1239 0 17 -1 0
1240 2 28 -1 0
1241 35 27 0 -1
1242 19 0 0 1
1243 11 2 0 1
1244 32 39 0 1
1245 7 28 0 -1
1246 37 27 -1 0
1247 1 6 0 -1
1248 37 2 -1 0
1249 6 22 0 -1
1250 4 3 1 0
1251 21 27 0 -1
1252 14 4 1 0
1253 6 20 0 -1
1254 29 36 0 -1
1255 16 6 -1 0
1256 15 35 0 -1
1257 23 33 -1 0
1258 27 15 0 -1
1259 10 23 1 0
1260 12 13 0 -1
1261 1 12 1 0
1262 2 2 0 1
1263 30 26 -1 0
1264 23 20 0 -1
1265 28 13 -1 0
1266 28 23 1 0
1267 22 27 0 1
1268 18 38 0 1
1269 28 8 0 1
1270 4 32 0 -1
1271 26 39 0 -1
1272 9 38 1 0
1273 10 39 0 1
1274 23 35 0 1
1275 28 30 0 1
1276 34 33 0 -1
1277 22 26 0 -1
1278 22 35 -1 0
1279 10 20 1 0
1280 22 9 1 0
1281 12 8 0 1
1282 28 33 -1 0
1283 34 20 1 0
1284 16 30 0 -1
1285 27 2 1 0
1286 14 30 0 1
1287 0 29 0 1
1288 5 39 -1 0
1289 20 36 0 1
1290 20 39 0 -1
1291 34 11 -1 0
1292 10 13 -1 0
1293 16 17 0 -1
1294 29 4 -1 0
1295 3 34 0 -1
1296 7 14 1 0
1297 38 8 0 1
1298 10 18 -1 0
1299 17 13 0 -1
1300 34 4 0 1
1301 22 29 1 0
1302 10 5 -1 0
1303 32 37 0 1
1304 2 39 -1 0
1305 26 28 0 1
1306 2 29 -1 0
1307 35 4 1 0
1308 33 26 0 1
1309 4 31 -1 0
1310 17 1 0 1
1311 35 1 -1 0
1312 13 18 -1 0
1313 19 29 0 1
1314 10 36 0 -1
1315 33 37 0 1
1316 23 14 0 1
1317 22 7 0 -1
1318 14 22 -1 0
1319 8 4 1 0
1320 24 27 -1 0
1321 19 33 1 0
1322 20 32 1 0
1323 22 32 1 0
1324 18 32 -1 0
1325 31 16 1 0
1326 19 26 0 -1
1327 12 27 0 -1
1328 15 9 -1 0
1329 31 30 1 0
1330 39 15 0 1
1331 22 7 0 -1
1332 7 15 0 -1
1333 31 28 0 1
1334 21 37 0 -1
1335 11 9 1 0
1336 26 22 -1 0
1337 8 35 1 0
1338 32 19 -1 0
1339 5 32 0 1
1340 12 10 1 0
1341 17 38 1 0
1342 17 27 0 1
1343 5 5 0 -1
1344 11 27 0 1
1345 27 17 -1 0
1346 35 28 1 0
1347 39 39 -1 0
1348 5 10 0 1
1349 11 18 1 0
1350 6 12 0 1
1351 26 35 0 1
1352 19 15 1 0
1353 18 2 1 0
1354 6 13 -1 0
1355 15 29 1 0
1356 18 21 0 1
1357 31 14 -1 0
1358 6 25 0 -1
1359 18 8 0 1
1360 11 37 0 1
1361 23 35 1 0
1362 21 25 0 -1
1363 24 9 -1 0
1364 35 34 0 -1
1365 17 24 1 0
1366 35 39 1 0
1367 28 19 0 1
1368 6 23 1 0
1369 29 30 0 -1
1370 0 2 1 0
1371 0 21 0 1
1372 13 35 0 1
1373 0 19 -1 0
1374 26 34 0 -1
1375 24 36 -1 0
1376 14 37 0 -1
1377 4 30 -1 0
1378 23 11 1 0
1379 39 36 0 -1
1380 21 37 0 -1
1381 15 37 0 1
1382 1 38 -1 0
1383 12 23 0 1
1384 23 12 0 1
1385 32 11 0 -1
1386 32 1 0 -1
1387 10 30 0 1
1388 29 9 0 -1
1389 14 35 0 -1
1390 18 1 1 0
1391 38 22 1 0
1392 38 10 0 -1
1393 36 8 0 -1
1394 2 1 0 -1
1395 6 28 0 1
1396 38 3 0 1
1397 18 31 0 -1
1398 27 8 -1 0
1399 5 38 -1 0
1400 12 27 0 -1
1401 35 6 0 1
1402 24 1 0 1
1403 8 35 -1 0
1404 22 33 0 -1
1405 19 11 1 0
1406 18 9 -1 0
1407 34 12 0 -1
1408 18 37 0 1
1409 16 30 -1 0
1410 32 32 -1 0
1411 6 10 0 1
1412 28 12 1 0
1413 19 35 1 0
1414 34 26 -1 0
1415 17 26 0 -1
1416 29 32 0 1
1417 14 16 -1 0
1418 39 19 -1 0
1419 30 7 1 0
1420 34 19 -1 0
1421 35 2 1 0
1422 19 25 -1 0
1423 36 38 0 1
1424 8 23 1 0
1425 39 36 1 0
1426 32 15 -1 0
1427 7 36 1 0
1428 5 28 1 0
1429 23 25 0 1
1430 5 16 0 1
1431 4 30 0 1
1432 9 17 0 -1
1433 11 31 -1 0
1434 13 2 -1 0
1435 26 7 0 -1
1436 2 15 -1 0
1437 24 22 1 0
1438 31 31 1 0
1439 18 5 0 -1
1440 26 3 1 0
1441 26 3 0 -1
1442 39 3 0 1
1443 7 26 -1 0
1444 0 23 1 0
1445 4 22 1 0
1446 4 16 0 -1
1447 29 19 -1 0
1448 3 31 0 -1
1449 19 5 0 1
1450 6 9 1 0
1451 18 20 -1 0
1452 18 17 1 0
1453 28 9 -1 0
1454 34 5 0 1
1455 19 35 -1 0
1456 35 0 -1 0
1457 17 2 1 0
1458 25 16 -1 0
1459 27 21 1 0
1460 39 9 0 1
1461 1 17 1 0
1462 35 16 1 0
1463 20 1 -1 0
1464 26 10 1 0
1465 34 17 -1 0
1466 2 29 0 1
1467 5 28 -1 0
1468 29 0 0 -1
1469 33 27 1 0
1470 15 15 0 -1
1471 30 18 1 0
1472 11 16 0 1
1473 27 9 0 1
1474 2 5 0 -1
1475 32 30 1 0
1476 14 27 1 0
1477 3 19 1 0
1478 9 16 0 1
1479 25 35 0 -1
1480 10 30 0 1
1481 13 12 0 1
1482 5 27 0 1
1483 24 7 0 -1
1484 26 5 0 -1
1485 38 15 0 -1
1486 12 0 0 1
1487 7 20 0 1
1488 22 0 1 0
1489 22 8 1 0
1490 36 5 -1 0
1491 29 11 0 1
1492 25 20 0 1
1493 34 16 -1 0
1494 26 19 -1 0
1495 38 35 0 -1
1496 17 2 -1 0
1497 29 23 0 1
1498 26 13 -1 0
1499 21 3 0 1
1500 23 17 1 0
1501 6 34 0 -1
1502 32 12 1 0
1503 33 31 0 -1
1504 19 18 1 0
1505 25 25 0 -1
1506 15 33 1 0
1507 4 33 -1 0
1508 8 8 0 1
1509 35 9 0 1
1510 21 32 0 -1
1511 0 37 1 0
1512 17 13 0 -1
1513 6 17 0 1
1514 20 6 -1 0
1515 8 0 0 -1
1516 38 37 -1 0
1517 23 4 0 -1
1518 14 14 1 0
1519 27 26 -1 0
1520 7 30 -1 0
1521 5 2 -1 0
1522 11 33 -1 0
1523 20 9 -1 0
1524 12 3 0 1
1525 8 32 -1 0
1526 29 1 1 0
1527 27 14 -1 0
1528 22 17 0 -1
1529 31 4 -1 0
1530 21 36 0 1
1531 10 24 -1 0
1532 10 37 0 1
1533 11 6 -1 0
1534 34 13 1 0
1535 7 29 0 1
1536 13 28 0 -1
1537 35 28 1 0
1538 1 2 0 1
1539 18 25 1 0
1540 11 29 -1 0
1541 35 16 -1 0
1542 28 34 1 0
1543 12 19 0 1
1544 14 18 -1 0
1545 23 38 -1 0
1546 4 31 0 -1
1547 30 31 0 -1
1548 29 17 -1 0
1549 10 34 0 -1
1550 15 31 0 1
1551 16 11 -1 0
1552 16 12 1 0
1553 21 5 1 0
1554 20 39 0 -1
1555 3 37 0 -1
1556 15 38 1 0
1557 2 11 -1 0
1558 32 2 1 0
1559 15 19 1 0
1560 26 11 0 -1
1561 9 14 1 0
1562 1 4 1 0
1563 3 12 0 1
1564 25 8 -1 0
1565 19 31 -1 0
1566 1 22 1 0
1567 5 22 1 0
1568 12 38 -1 0
1569 17 1 0 -1
1570 37 14 0 -1
1571 8 26 0 1
1572 20 12 0 -1
1573 13 39 0 -1
1574 9 13 -1 0
1575 31 11 0 -1
1576 15 34 0 -1
1577 0 38 1 0
1578 2 9 -1 0
1579 21 32 1 0
1580 3 23 1 0
1581 36 25 0 1
1582 19 27 1 0
1583 14 36 1 0
1584 24 1 -1 0
1585 24 20 0 1
1586 15 30 -1 0
1587 1 17 0 1
1588 38 25 0 1
1589 3 34 0 -1
1590 15 21 -1 0
1591 22 5 1 0
1592 25 29 0 1
1593 16 37 -1 0
1594 31 39 -1 0
1595 30 32 -1 0
1596 14 39 -1 0
1597 22 31 0 1
1598 8 14 1 0
1599 38 21 0 -1
1600 7 0 0 -1
1601 9 24 0 1
1602 19 26 1 0
1603 29 1 -1 0
1604 19 20 1 0
1605 36 27 0 1
1606 18 9 -1 0
1607 15 28 0 -1
1608 19 22 0 1
1609 29 0 0 1
1610 19 4 1 0
1611 33 29 0 1
1612 30 13 0 -1
1613 23 18 0 -1
1614 24 0 -1 0
1615 32 9 1 0
1616 33 30 -1 0
1617 7 17 0 1
1618 18 26 -1 0
1619 11 36 1 0
1620 17 14 -1 0
1621 16 19 -1 0
1622 39 33 0 -1
1623 12 11 0 1
1624 1 24 -1 0
1625 4 29 -1 0
1626 32 29 -1 0
1627 18 1 -1 0
1628 6 26 0 -1
1629 12 8 0 -1
1630 25 13 -1 0
1631 28 33 -1 0
1632 7 35 -1 0
1633 30 11 0 -1
1634 0 13 0 -1
1635 28 6 0 1
1636 35 29 0 1
1637 9 27 0 1
1638 25 2 0 -1
1639 32 37 0 1
1640 1 18 0 1
1641 36 33 0 -1
1642 26 28 0 1
1643 31 21 -1 0
1644 26 2 0 -1
1645 36 3 0 -1
1646 15 4 0 1
1647 28 24 0 -1
1648 16 14 -1 0
1649 9 5 0 -1
1650 34 18 0 -1
1651 2 20 0 1
1652 1 5 0 -1
1653 30 38 0 -1
1654 25 28 -1 0
1655 12 37 0 1
1656 34 39 0 -1
1657 11 9 1 0
1658 20 23 0 1
1659 12 11 1 0
1660 21 15 -1 0
1661 11 5 0 1
1662 22 1 0 -1
1663 3 10 1 0
1664 0 12 -1 0
1665 38 23 0 1
1666 31 5 0 -1
1667 28 39 0 1
1668 28 15 0 1
1669 24 12 -1 0
1670 15 8 0 1
1671 33 4 0 1
1672 3 6 0 1
1673 2 3 0 1
1674 23 11 1 0
1675 10 28 0 1
1676 24 11 0 1
1677 23 32 1 0
1678 2 31 0 -1
1679 22 6 1 0
1680 12 17 0 -1
1681 18 6 0 -1
1682 11 6 0 1
1683 6 12 0 -1
1684 1 23 1 0
1685 30 2 -1 0
1686 7 5 -1 0
1687 7 16 0 -1
1688 15 32 0 -1
1689 21 4 -1 0
1690 17 3 0 -1
1691 31 23 -1 0
1692 23 28 -1 0
1693 16 2 -1 0
1694 39 10 -1 0
1695 33 16 0 1
1696 6 5 1 0
1697 3 27 1 0
1698 34 37 -1 0
1699 30 2 -1 0
1700 24 26 -1 0
1701 16 0 -1 0
1702 30 21 1 0
1703 28 9 1 0
1704 29 13 1 0
1705 24 2 0 1
1706 27 10 1 0
1707 20 38 0 1
1708 16 36 1 0
1709 19 38 0 1
1710 1 1 0 -1
1711 31 20 -1 0
1712 30 20 0 -1
1713 22 5 1 0
1714 12 20 0 -1
1715 23 7 1 0
1716 8 14 -1 0
1717 22 16 -1 0
1718 29 2 0 1
1719 3 26 -1 0
1720 24 35 1 0
1721 30 23 0 -1
1722 2 5 0 1
1723 9 36 1 0
1724 14 28 0 -1
1725 28 32 0 1
1726 7 6 -1 0
1727 27 4 0 -1
1728 29 21 0 1
1729 24 37 -1 0
1730 0 13 0 -1
1731 37 29 0 -1
1732 9 14 0 1
1733 1 19 0 -1
1734 30 6 0 1
1735 4 36 0 -1
1736 22 27 0 1
1737 12 10 -1 0
1738 3 0 0 -1
1739 38 9 -1 0
1740 33 29 1 0
1741 0 7 0 -1
1742 17 13 1 0
1743 31 28 1 0
1744 34 7 1 0
1745 34 0 -1 0
1746 21 6 0 -1
1747 22 8 0 1
1748 38 5 0 -1
1749 16 26 0 1
1750 29 21 1 0
1751 2 2 1 0
1752 14 28 1 0
1753 23 13 1 0
1754 26 17 -1 0
1755 16 8 1 0
1756 31 11 1 0
1757 12 6 -1 0
1758 25 26 1 0
1759 36 2 0 -1
1760 0 10 0 -1
1761 32 38 -1 0
1762 25 36 0 -1
1763 17 15 0 1
1764 34 9 0 -1
1765 36 19 0 1
1766 35 37 -1 0
1767 17 29 1 0
1768 9 15 0 1
1769 28 17 -1 0
1770 18 22 0 -1
1771 29 22 0 -1
1772 38 16 1 0
1773 15 0 1 0
1774 8 9 0 -1
1775 8 25 0 1
1776 0 25 0 -1
1777 14 39 0 -1
1778 24 39 1 0
1779 32 1 1 0
1780 34 28 1 0
1781 5 3 0 1
1782 21 10 0 1
1783 1 14 0 1
1784 20 29 0 1
1785 3 4 0 -1
1786 10 18 -1 0
1787 31 1 0 -1
1788 5 19 -1 0
1789 31 2 0 1
1790 12 15 0 -1
1791 1 24 1 0
1792 4 9 -1 0
1793 21 35 -1 0
1794 20 27 0 1
1795 19 36 0 1
1796 23 2 1 0
1797 39 16 1 0
1798 21 9 0 1
1799 27 5 -1 0
1800 19 37 -1 0
1801 4 8 0 1
1802 13 15 0 -1
1803 23 24 0 1
1804 10 34 0 1
1805 3 22 0 1
1806 23 34 0 1
1807 3 8 1 0
1808 1 27 -1 0
1809 12 14 1 0
1810 18 29 0 1
1811 8 34 -1 0
1812 39 39 0 1
1813 3 34 1 0
1814 32 13 0 -1
1815 37 3 -1 0
1816 23 10 -1 0
1817 14 9 1 0
1818 29 22 0 -1
1819 25 17 1 0
1820 18 6 1 0
1821 26 22 0 1
1822 3 37 0 -1
1823 34 8 1 0
1824 0 25 0 -1
1825 1 21 -1 0
1826 32 17 0 1
1827 6 21 -1 0
1828 22 39 0 -1
1829 14 5 -1 0
1830 14 38 -1 0
1831 6 23 0 -1
1832 24 21 0 -1
1833 25 33 0 1
1834 34 4 0 -1
1835 8 2 0 -1
1836 2 22 0 1
1837 8 16 -1 0
1838 32 29 0 -1
1839 19 12 0 -1
1840 9 2 1 0
1841 0 34 0 1
1842 20 26 0 1
1843 13 5 0 1
1844 31 9 0 -1
1845 34 32 0 1
1846 27 25 0 -1
1847 24 18 -1 0
1848 32 23 1 0
1849 21 35 -1 0
1850 12 35 -1 0
1851 13 10 -1 0
1852 39 31 -1 0
1853 19 18 1 0
1854 34 13 -1 0
1855 20 3 -1 0
1856 0 22 1 0
1857 39 23 -1 0
1858 28 26 0 -1
1859 34 37 0 1
1860 17 9 0 -1
1861 0 6 1 0
1862 0 5 0 1
1863 34 29 1 0
1864 26 17 -1 0
1865 1 31 0 -1
1866 4 6 -1 0
1867 36 14 -1 0
1868 3 18 0 -1
1869 9 22 0 1
1870 38 12 0 -1
1871 1 5 1 0
1872 12 18 1 0
1873 4 29 1 0
1874 38 36 1 0
1875 21 28 0 1
1876 29 29 1 0
1877 5 14 1 0
1878 16 18 0 -1
1879 10 5 0 1
1880 4 12 0 -1
1881 32 9 0 1
1882 21 19 0 -1
1883 28 18 0 1
1884 39 27 0 1
1885 0 4 -1 0
1886 3 1 0 -1
1887 39 15 -1 0
1888 28 29 1 0
1889 11 9 0 -1
1890 33 18 1 0
1891 6 1 0 1
1892 32 11 0 1
1893 10 12 1 0
1894 7 12 1 0
1895 17 12 0 1
1896 1 20 0 -1
1897 34 9 1 0
1898 27 10 0 -1
1899 18 2 0 -1
1900 4 1 1 0
1901 23 36 0 1
1902 30 37 1 0
1903 6 18 0 -1
1904 13 17 0 -1
1905 2 14 1 0
1906 24 27 -1 0
1907 28 20 -1 0
1908 13 0 -1 0
1909 1 11 1 0
1910 28 14 -1 0
1911 24 4 -1 0
1912 22 3 1 0
1913 29 33 0 -1
1914 4 6 1 0
1915 37 17 -1 0
1916 22 2 0 -1
1917 12 2 -1 0
1918 3 32 0 -1
1919 26 38 0 1
1920 18 20 -1 0
1921 8 24 0 1
1922 2 18 1 0
1923 15 36 1 0
1924 36 12 -1 0
1925 31 0 -1 0
1926 28 19 -1 0
1927 30 5 -1 0
1928 10 21 -1 0
1929 23 28 1 0
1930 3 30 -1 0
1931 3 0 1 0
1932 5 22 1 0
1933 11 30 -1 0
1934 23 5 0 1
1935 19 4 -1 0
1936 39 2 -1 0
1937 1 0 0 1
1938 30 39 0 1
1939 24 34 0 -1
1940 10 35 1 0
1941 26 37 0 -1
1942 8 28 0 1
1943 12 13 1 0
1944 20 29 0 -1
1945 15 12 -1 0
1946 22 1 0 -1
1947 14 5 1 0
1948 12 22 0 1
1949 30 23 0 -1
1950 37 28 -1 0
1951 38 20 1 0
1952 26 28 0 -1
1953 6 6 -1 0
1954 15 2 0 1
1955 37 26 -1 0
1956 4 24 0 1
1957 22 14 -1 0
1958 33 33 0 -1
1959 1 0 0 1
1960 20 7 0 -1
1961 31 14 -1 0
1962 39 11 -1 0
1963 23 29 1 0
1964 1 28 0 1
1965 4 20 -1 0
1966 28 16 0 1
1967 26 3 0 -1
1968 2 14 0 -1
1969 21 17 0 -1
1970 6 20 0 1
1971 14 5 -1 0
1972 28 15 0 1
1973 0 28 0 -1
1974 5 25 0 -1
1975 33 20 0 1
1976 5 20 -1 0
1977 11 17 0 -1
1978 17 29 0 1
1979 32 38 0 -1
1980 11 8 0 1
1981 30 31 0 1
1982 25 30 0 -1
1983 13 20 1 0
1984 7 36 0 1
1985 19 20 1 0
1986 16 17 0 1
1987 33 30 0 -1
1988 4 1 0 1
1989 19 10 0 -1
1990 12 24 0 -1
1991 29 29 0 -1
1992 13 16 1 0
1993 0 7 0 1
1994 14 30 1 0
1995 34 15 1 0
1996 16 26 1 0
1997 13 29 -1 0
1998 29 35 1 0
1999 14 26 0 -1
2000 34 34 0 1
2001 0 36 -1 0
2002 15 7 1 0
2003 10 14 0 -1
2004 14 33 1 0
2005 19 29 0 1
2006 22 16 1 0
2007 8 28 0 -1
2008 19 6 1 0
2009 28 12 0 -1
2010 22 22 0 1
2011 16 31 0 -1
2012 31 26 -1 0
2013 24 39 -1 0
2014 13 26 0 -1
2015 26 39 1 0
2016 29 11 1 0
2017 16 37 1 0
2018 13 12 -1 0
2019 22 9 0 -1
2020 39 6 -1 0
2021 33 3 0 -1
2022 25 39 1 0
2023 17 9 0 -1
2024 17 14 1 0
2025 27 39 1 0
2026 14 24 -1 0
2027 0 30 0 -1
2028 23 22 0 1
2029 33 5 0 -1
2030 5 7 0 1
2031 21 22 0 1
2032 13 27 1 0
2033 24 14 0 -1
2034 39 31 0 1
2035 9 33 0 -1
2036 3 20 1 0
2037 4 4 -1 0
2038 5 29 1 0
2039 19 25 0 1
2040 12 11 0 1
2041 4 2 -1 0
2042 14 37 0 1
2043 30 34 1 0
2044 14 12 0 -1
2045 19 1 -1 0
2046 26 14 0 1
2047 9 14 1 0
2048 22 35 0 -1
2049 11 18 -1 0
2050 39 3 -1 0
2051 14 36 0 1
2052 0 18 -1 0
2053 12 25 -1 0
2054 7 11 0 1
2055 13 24 0 -1
2056 1 32 0 1
2057 22 20 1 0
2058 27 3 0 1
2059 16 5 0 -1
2060 23 9 0 -1
2061 10 3 1 0
2062 9 20 -1 0
2063 18 36 0 -1
2064 16 20 1 0
2065 12 38 0 -1
2066 5 0 0 -1
2067 23 38 1 0
2068 33 22 0 -1
2069 14 33 1 0
2070 17 15 -1 0
2071 19 6 -1 0
2072 37 36 0 -1
2073 33 8 0 -1
2074 17 18 1 0
2075 10 12 -1 0
2076 6 13 0 -1
2077 15 26 0 -1
2078 38 15 0 -1
2079 23 24 0 1
2080 1 26 0 -1
2081 2 39 0 1
2082 37 6 0 -1
2083 31 32 0 1
2084 21 38 0 -1
2085 9 28 0 1
2086 17 24 -1 0
2087 24 9 0 1
2088 23 26 0 1
2089 18 16 0 -1
2090 29 6 -1 0
2091 28 10 -1 0
2092 6 19 0 1
2093 17 2 0 -1
2094 21 20 0 -1
2095 23 30 -1 0
2096 36 29 0 -1
2097 0 14 -1 0
2098 32 9 1 0
2099 9 27 1 0
2100 28 35 0 -1
2101 30 22 1 0
2102 9 10 0 -1
2103 36 20 1 0
2104 18 24 -1 0
2105 18 25 0 1
2106 35 33 1 0
2107 3 2 -1 0
2108 37 17 0 1
2109 9 0 0 -1
2110 3 22 0 1
2111 6 37 0 1
2112 4 7 0 1
2113 35 31 -1 0
2114 3 31 -1 0
2115 15 21 1 0
2116 16 14 0 1
2117 7 20 0 1
2118 8 24 0 1
2119 26 22 -1 0
2120 14 8 -1 0
2121 23 20 0 1
2122 3 36 1 0
2123 32 17 1 0
2124 30 32 1 0
2125 11 5 0 -1
2126 30 4 0 1
2127 15 9 0 -1
2128 2 27 0 -1
2129 5 26 1 0
2130 25 2 0 -1
2131 22 38 -1 0
2132 3 1 0 -1
2133 4 37 0 -1
2134 13 34 0 1
2135 16 8 0 1
2136 31 18 1 0
2137 6 2 0 -1
2138 37 13 0 -1
2139 34 38 0 1
2140 0 13 0 1
2141 12 2 1 0
2142 21 34 1 0
2143 36 39 -1 0
2144 1 9 1 0
2145 8 37 1 0
2146 7 35 0 -1
2147 27 33 1 0
2148 27 9 0 -1
2149 39 29 -1 0
2150 22 14 0 -1
2151 1 20 0 1
2152 13 31 0 1
2153 12 32 1 0
2154 21 33 -1 0
2155 1 31 -1 0
2156 7 21 0 -1
2157 22 27 0 -1
2158 13 17 1 0
2159 15 13 1 0
2160 14 32 1 0
2161 32 23 1 0
2162 5 21 -1 0
2163 36 19 0 -1
2164 27 5 0 1
2165 5 29 1 0
2166 31 23 1 0
2167 8 11 -1 0
2168 9 17 0 -1
2169 12 4 1 0
2170 35 5 0 1
2171 39 32 0 -1
2172 26 2 0 1
2173 15 39 1 0
2174 38 25 -1 0
2175 17 22 1 0
2176 15 20 0 -1
2177 13 7 -1 0
2178 15 31 0 1
2179 38 10 -1 0
2180 29 31 0 -1
2181 9 28 0 1
2182 24 38 0 1
2183 8 12 0 1
2184 16 36 1 0
2185 33 10 0 1
2186 21 5 0 -1
2187 28 4 0 1
2188 29 28 0 -1
2189 27 26 0 -1
2190 37 33 0 1
2191 2 18 0 1
2192 17 24 0 -1
2193 19 8 1 0
2194 8 32 0 -1
2195 27 23 0 1
2196 33 3 0 1
2197 21 16 0 1
2198 25 10 0 1
2199 14 18 1 0
2200 14 36 0 -1
2201 37 8 0 1
2202 10 2 -1 0
2203 37 3 0 1
2204 15 24 0 1
2205 2 34 -1 0
2206 34 30 -1 0
2207 27 32 0 -1
2208 1 9 0 1
2209 33 32 0 1
2210 33 37 0 1
2211 17 28 0 -1
2212 23 28 -1 0
2213 33 8 -1 0
2214 10 1 1 0
2215 13 3 1 0
2216 2 32 0 -1
2217 30 21 1 0
2218 21 11 0 1
2219 20 3 0 1
2220 4 20 0 -1
2221 14 12 0 1
2222 13 27 -1 0
2223 37 13 1 0
2224 18 7 0 -1
2225 12 28 0 -1
2226 11 19 0 1
2227 33 26 1 0
2228 19 21 0 1
2229 9 36 1 0
2230 34 31 1 0
2231 9 3 0 1
2232 27 13 0 1
2233 28 38 -1 0
2234 19 3 0 -1
2235 1 34 0 1
2236 7 28 1 0
2237 7 9 0 -1
2238 33 19 0 -1
2239 22 2 0 -1
2240 13 33 0 1
2241 39 4 -1 0
2242 11 36 0 1
2243 20 11 0 -1
2244 25 25 0 1
2245 10 2 0 1
2246 11 4 1 0
2247 6 16 0 -1
2248 6 36 1 0
2249 39 21 1 0
2250 11 11 0 1
2251 35 25 1 0
2252 24 19 0 1
2253 8 30 0 1
2254 21 34 0 -1
2255 26 18 1 0
2256 9 19 -1 0
2257 38 33 0 1
2258 22 17 0 -1
2259 0 15 0 1
2260 15 25 1 0
2261 34 39 -1 0
2262 28 27 1 0
2263 1 14 0 -1
2264 31 11 0 -1
2265 14 20 0 -1
2266 26 18 1 0
2267 5 34 0 -1
2268 17 30 1 0
2269 39 25 -1 0
2270 0 22 -1 0
2271 38 18 0 1
2272 37 32 0 1
2273 12 7 -1 0
2274 11 12 -1 0
2275 2 30 1 0
2276 35 16 0 -1
2277 11 27 0 -1
2278 24 25 0 -1
2279 15 33 0 -1
2280 17 14 -1 0
2281 3 22 1 0
2282 30 39 0 1
2283 1 32 1 0
2284 12 13 -1 0
2285 20 6 0 1
2286 23 17 0 -1
2287 35 10 -1 0
2288 14 4 -1 0
2289 26 36 -1 0
2290 32 8 -1 0
2291 25 33 -1 0
2292 32 23 1 0
2293 33 11 -1 0
2294 34 14 0 1
2295 5 12 0 1
2296 4 34 0 -1
2297 34 27 1 0
2298 3 17 0 -1
2299 30 25 0 -1
2300 9 15 0 -1
2301 11 28 1 0
2302 4 17 -1 0
2303 3 11 1 0
2304 14 24 -1 0
2305 1 4 -1 0
2306 37 22 1 0
2307 17 33 0 -1
2308 10 31 0 -1
2309 38 18 1 0
2310 31 17 0 1
2311 25 7 0 1
2312 2 31 0 -1
2313 21 21 0 1
2314 29 33 0 -1
2315 33 11 -1 0
2316 3 16 0 -1
2317 12 21 -1 0
2318 23 30 1 0
2319 19 22 0 -1
2320 27 27 0 -1
2321 16 6 0 1
2322 33 12 0 -1
2323 35 13 1 0
2324 34 27 -1 0
2325 19 32 0 1
2326 24 6 0 1
2327 31 38 0 -1
2328 13 10 0 1
2329 31 35 1 0
2330 25 31 0 -1
2331 32 3 1 0
2332 24 39 -1 0
2333 2 16 0 -1
2334 9 11 0 1
2335 10 13 0 1
2336 38 35 1 0
2337 8 1 0 -1
2338 7 10 -1 0
2339 38 7 0 -1
2340 24 13 0 -1
2341 3 30 -1 0
2342 38 10 0 1
2343 37 15 0 -1
2344 39 12 -1 0
2345 26 15 0 1
2346 2 38 0 1
2347 11 4 0 1
2348 31 30 1 0
2349 17 6 0 -1
2350 2 24 0 1
2351 35 8 -1 0
2352 2 6 1 0
2353 18 7 1 0
2354 3 2 0 1
2355 35 10 1 0
2356 23 12 1 0
2357 26 25 0 1
2358 15 30 0 1
2359 17 23 1 0
2360 25 23 1 0
2361 13 9 0 -1
2362 12 25 -1 0
2363 38 28 -1 0
2364 16 26 -1 0
2365 1 27 1 0
2366 6 13 0 1
2367 28 16 0 1
2368 30 14 1 0
2369 25 26 1 0
2370 9 25 -1 0
2371 23 19 0 1
2372 10 22 -1 0
2373 11 13 1 0
2374 10 14 0 1
2375 34 21 0 -1
2376 9 35 0 1
2377 18 39 1 0
2378 39 10 0 1
2379 5 2 0 1
2380 37 33 0 -1
2381 22 11 0 -1
2382 33 36 0 -1
2383 36 34 0 -1
2384 28 36 1 0
2385 26 7 0 1
2386 34 24 0 -1
2387 27 20 0 -1
2388 38 28 1 0
2389 37 16 0 1
2390 19 16 0 -1
2391 16 24 0 1
2392 10 17 0 1
2393 19 11 0 -1
2394 38 36 -1 0
2395 18 4 0 1
2396 0 8 0 1
2397 37 11 -1 0
2398 32 1 -1 0
2399 1 16 -1 0
2400 36 3 0 1
2401 35 14 0 -1
2402 21 17 0 1
2403 0 5 -1 0
2404 25 37 0 1
2405 35 20 -1 0
2406 19 10 0 -1
2407 38 14 1 0
2408 0 6 0 1
2409 34 31 -1 0
2410 20 19 -1 0
2411 7 23 1 0
2412 11 30 0 1
2413 9 18 1 0
2414 2 31 -1 0
2415 1 16 1 0
2416 28 13 -1 0
2417 3 33 0 -1
2418 16 16 1 0
2419 2 28 1 0
2420 39 12 -1 0
2421 28 23 1 0
2422 38 4 0 -1
2423 1 16 -1 0
2424 21 25 0 1
2425 29 7 1 0
2426 35 39 1 0
2427 36 11 1 0
2428 17 1 0 1
2429 14 0 1 0
2430 34 26 -1 0
2431 38 32 -1 0
2432 36 37 0 1
2433 21 24 0 1
2434 4 17 -1 0
2435 12 32 -1 0
2436 15 3 1 0
2437 23 8 0 -1
2438 18 29 1 0
2439 3 17 1 0
2440 17 21 0 1
2441 10 1 0 1
2442 14 30 1 0
2443 36 31 0 1
2444 24 36 0 1
2445 6 24 0 1
2446 37 9 1 0
2447 31 12 0 -1
2448 3 27 0 -1
2449 4 23 0 -1
2450 3 11 0 1
2451 15 11 1 0
2452 6 39 1 0
2453 14 25 1 0
2454 11 1 0 -1
2455 25 15 1 0
2456 38 27 0 1
2457 38 22 1 0
2458 3 33 1 0
2459 36 39 0 1
2460 13 35 -1 0
2461 29 28 0 1
2462 28 9 1 0
2463 34 19 -1 0
2464 11 31 -1 0
2465 3 33 -1 0
2466 38 30 0 -1
2467 26 30 0 1
2468 36 2 0 -1
2469 13 22 0 1
2470 9 2 0 -1
2471 33 15 0 -1
2472 21 11 -1 0
2473 35 17 1 0
2474 27 10 -1 0
2475 25 26 0 -1
2476 30 0 0 1
2477 35 38 0 1
2478 21 7 0 -1
2479 17 31 1 0
2480 9 0 1 0
2481 36 27 0 -1
2482 37 11 0 -1
2483 33 14 0 1
2484 35 30 0 1
2485 24 10 0 1
2486 2 23 -1 0
2487 1 13 -1 0
2488 18 32 0 1
2489 16 6 1 0
2490 1 10 -1 0
2491 12 36 1 0
2492 1 13 0 -1
2493 20 34 0 1
2494 38 30 0 -1
2495 24 28 1 0
2496 12 19 0 -1
2497 34 14 1 0
2498 16 16 1 0
2499 28 2 1 0
2500 33 22 0 -1
2501 38 6 0 -1
2502 36 2 -1 0
2503 37 17 0 -1
2504 9 16 -1 0
2505 33 38 0 1
2506 9 27 -1 0
2507 34 19 0 -1
2508 2 21 -1 0
2509 35 1 0 1
2510 31 36 0 -1
2511 9 37 1 0
2512 29 38 0 -1
2513 26 16 1 0
2514 31 8 -1 0
2515 5 12 0 -1
2516 23 33 1 0
2517 38 39 -1 0
2518 31 29 1 0
2519 3 7 0 -1
2520 29 19 0 -1
2521 20 19 1 0
2522 13 38 -1 0
2523 23 16 -1 0
2524 16 18 0 -1
2525 36 6 0 -1
2526 20 34 -1 0
2527 21 15 0 -1
2528 9 30 1 0
2529 10 10 1 0
2530 31 15 0 -1
2531 36 32 0 1
2532 31 15 -1 0
2533 37 37 -1 0
2534 26 1 -1 0
2535 18 10 0 1
2536 27 18 -1 0
2537 33 22 0 -1
2538 21 28 -1 0
2539 13 29 0 -1
2540 31 37 -1 0
2541 9 37 -1 0
2542 35 28 1 0
2543 30 24 0 -1
2544 0 35 1 0
2545 31 34 0 -1
2546 31 20 1 0
2547 38 13 0 1
2548 26 5 0 -1
2549 16 1 1 0
2550 17 27 0 -1
2551 3 28 0 -1
2552 6 14 1 0
2553 26 1 1 0
2554 35 25 0 1
2555 11 28 1 0
2556 28 7 -1 0
2557 31 4 1 0
2558 10 6 -1 0
2559 19 25 0 -1
2560 34 8 1 0
2561 34 3 0 1
2562 33 34 -1 0
2563 38 17 0 1
2564 30 22 -1 0
2565 24 7 0 -1
2566 17 8 1 0
2567 35 6 -1 0
2568 6 28 1 0
2569 38 18 0 -1
2570 31 10 0 1
2571 33 15 0 1
2572 24 5 1 0
2573 4 35 1 0
2574 2 36 0 1
2575 7 30 -1 0
2576 39 9 1 0
2577 24 4 0 1
2578 38 11 1 0
2579 20 37 -1 0
2580 19 34 1 0
2581 19 15 -1 0
2582 17 7 0 1
2583 39 1 -1 0
2584 2 30 0 1
2585 27 9 1 0
2586 33 1 0 1
2587 37 13 0 -1
2588 35 1 -1 0
2589 11 30 0 -1
2590 28 13 0 1
2591 17 19 -1 0
2592 22 30 1 0
2593 19 12 -1 0
2594 3 20 1 0
2595 28 7 0 -1
2596 15 39 0 -1
2597 26 29 1 0
2598 14 14 0 1
2599 6 30 1 0
2600 31 34 1 0
2601 22 22 -1 0
2602 22 18 1 0
2603 12 19 1 0
2604 5 4 1 0
2605 9 4 -1 0
2606 4 15 0 -1
2607 31 19 0 -1
2608 13 2 0 -1
2609 20 5 0 1
2610 30 13 1 0
2611 5 15 0 -1
2612 10 28 0 -1
2613 29 25 0 -1
2614 20 31 0 -1
2615 33 30 -1 0
2616 10 4 0 -1
2617 4 28 0 -1
2618 15 24 -1 0
2619 30 0 -1 0
2620 20 17 1 0
2621 8 27 -1 0
2622 18 34 -1 0
2623 35 26 0 1
2624 30 22 -1 0
2625 29 32 0 1
2626 29 20 0 -1
2627 18 19 0 -1
2628 29 2 1 0
2629 1 39 0 1
2630 3 3 1 0
2631 39 24 0 -1
2632 23 6 0 1
2633 22 19 0 1
2634 9 3 0 1
2635 24 31 -1 0
2636 10 32 0 1
2637 39 29 1 0
2638 8 31 0 -1
2639 23 4 0 -1
2640 3 21 1 0
2641 3 15 1 0
2642 0 7 0 1
2643 24 1 0 1
2644 21 27 -1 0
2645 32 20 1 0
2646 12 20 0 -1
2647 19 2 -1 0
2648 31 6 0 -1
2649 9 24 0 1
2650 39 32 0 -1
2651 38 34 0 1
2652 34 27 1 0
2653 5 35 -1 0
2654 5 24 1 0
2655 0 38 0 -1
2656 9 8 0 -1
2657 17 34 0 1
2658 26 5 -1 0
2659 6 34 -1 0
2660 32 26 0 -1
2661 27 34 1 0
2662 16 35 0 -1
2663 31 39 0 1
2664 18 15 1 0
2665 21 21 0 1
2666 14 27 0 1
2667 4 20 0 -1
2668 22 19 -1 0
2669 18 24 0 -1
2670 31 29 -1 0
2671 37 29 0 -1
2672 30 3 -1 0
2673 8 15 1 0
2674 38 9 0 -1
2675 32 24 1 0
2676 1 8 -1 0
2677 15 5 0 -1
2678 39 23 0 1
2679 2 15 0 -1
2680 22 4 0 1
2681 13 21 1 0
2682 30 31 -1 0
2683 35 35 -1 0
2684 7 22 1 0
2685 27 15 -1 0
2686 31 1 0 -1
2687 33 1 0 -1
2688 33 38 1 0
2689 12 16 0 -1
2690 5 20 0 1
2691 16 13 -1 0
2692 8 38 0 -1
2693 32 15 1 0
2694 26 29 -1 0
2695 6 26 1 0
2696 37 4 0 1
2697 21 33 -1 0
2698 21 5 0 1
2699 18 10 -1 0
2700 3 24 0 -1
2701 22 33 0 1
2702 28 23 0 -1
2703 0 18 0 -1
2704 32 3 -1 0
2705 31 34 0 -1
2706 1 35 1 0
2707 27 35 1 0
2708 29 11 1 0
2709 11 24 0 -1
2710 3 9 1 0
2711 27 26 0 -1
2712 28 22 0 1
2713 13 24 0 -1
2714 2 34 0 1
2715 6 2 0 -1
2716 26 6 -1 0
2717 7 37 0 -1
2718 23 29 0 1
2719 27 30 0 1
2720 39 11 0 -1
2721 18 31 0 1
2722 23 36 0 1
2723 27 5 1 0
2724 14 38 0 -1
2725 21 20 -1 0
2726 11 35 1 0
2727 15 13 0 -1
2728 4 29 0 1
2729 37 12 -1 0
2730 23 1 1 0
2731 22 11 0 -1
2732 38 29 0 -1
2733 29 37 0 -1
2734 6 39 1 0
2735 26 0 0 -1
2736 10 7 -1 0
2737 34 37 0 -1
2738 14 16 0 -1
2739 11 29 0 1
2740 31 35 0 1
2741 28 20 1 0
2742 21 19 -1 0
2743 9 26 0 1
2744 16 25 0 -1
2745 23 31 1 0
2746 26 26 -1 0
2747 37 2 0 -1
2748 35 32 1 0
2749 5 34 -1 0
2750 6 5 -1 0
2751 27 35 -1 0
2752 39 33 1 0
2753 11 22 0 1
2754 17 39 0 -1
2755 37 37 0 1
2756 36 16 -1 0
2757 20 30 1 0
2758 0 25 1 0
2759 24 3 -1 0
2760 12 6 0 -1
2761 14 25 0 -1
2762 19 0 1 0
2763 19 11 0 1
2764 5 37 0 -1
2765 39 38 0 1
2766 8 16 0 1
2767 0 31 0 -1
2768 26 31 0 -1
2769 6 39 0 -1
2770 2 18 -1 0
2771 1 5 0 -1
2772 15 25 -1 0
2773 11 16 1 0
2774 38 29 0 1
2775 36 26 0 1
2776 28 24 0 1
2777 14 27 0 -1
2778 32 10 0 -1
2779 11 34 1 0
2780 13 16 0 1
2781 31 3 -1 0
2782 32 22 1 0
2783 19 23 0 1
2784 31 10 0 -1
2785 14 7 0 1
2786 39 39 1 0
2787 14 18 1 0
2788 7 5 0 -1
2789 18 15 -1 0
2790 14 3 0 1
2791 8 19 0 1
2792 28 37 0 -1
2793 30 34 1 0
2794 11 17 0 -1
2795 27 28 -1 0
2796 37 34 1 0
2797 37 25 0 -1
2798 21 16 0 -1
2799 24 2 0 -1
2800 0 32 -1 0
2801 33 9 1 0
2802 36 1 0 -1
2803 11 20 0 -1
2804 26 21 0 1
2805 36 30 0 1
2806 23 23 1 0
2807 34 21 0 1
2808 28 19 0 1
2809 33 33 1 0
2810 32 27 0 -1
2811 30 8 0 -1
2812 25 29 0 -1
2813 20 26 0 -1
2814 31 27 0 1
2815 23 39 0 -1
2816 10 4 -1 0
2817 21 9 1 0
2818 27 20 -1 0
2819 16 30 1 0
2820 33 34 1 0
2821 7 7 -1 0
2822 9 1 1 0
2823 14 15 1 0
2824 15 1 -1 0
2825 16 35 0 -1
2826 3 5 0 1
2827 10 22 1 0
2828 2 28 -1 0
2829 34 7 0 1
2830 24 17 -1 0
2831 37 29 0 -1
2832 25 37 0 1
2833 38 16 1 0
2834 11 21 -1 0
2835 13 36 -1 0
2836 4 2 -1 0
2837 21 30 0 -1
2838 5 27 1 0
2839 26 17 -1 0
2840 18 0 0 -1
2841 30 35 0 1
2842 7 14 1 0
2843 31 31 -1 0
2844 30 11 0 1
2845 23 25 0 1
2846 4 33 -1 0
2847 27 2 -1 0
2848 32 39 0 1
2849 29 38 0 -1
2850 8 12 0 -1
2851 30 7 1 0
2852 20 3 0 1
2853 33 15 -1 0
2854 30 33 0 1
2855 0 5 0 -1
2856 25 30 0 1
2857 29 29 0 1
2858 27 1 0 -1
2859 9 23 0 1
2860 36 36 1 0
2861 29 16 0 1
2862 10 10 0 -1
2863 37 8 1 0
2864 33 39 0 1
2865 2 23 1 0
2866 14 29 -1 0
2867 17 36 0 1
2868 33 31 0 1
2869 29 28 0 1
2870 10 19 0 -1
2871 11 29 0 1
2872 1 39 0 1
2873 39 17 -1 0
2874 8 15 1 0
2875 38 33 0 -1
2876 38 5 0 1
2877 6 29 0 1
2878 9 33 0 -1
2879 26 15 0 -1
