0 35 10 -1 0
1 40 11 0 -1
2 96 28 0 1
3 43 20 0 -1
4 70 1 -1 0
5 41 30 1 0
6 27 19 0 -1
7 42 17 0 1
8 24 27 1 0
9 86 13 -1 0
10 25 17 0 -1
11 94 32 0 -1
12 30 38 -1 0
13 50 22 0 1
14 42 2 0 -1
15 26 12 0 -1
16 22 37 1 0
17 23 22 0 -1
18 27 16 0 -1
19 63 28 1 0
20 49 23 0 1
21 38 10 0 -1
22 84 8 -1 0
23 24 2 0 -1
24 23 9 -1 0
25 40 36 1 0
26 44 21 0 -1
27 67 4 0 -1
28 31 2 1 0
29 29 22 -1 0
30 21 17 1 0
31 41 10 1 0
32 69 0 0 -1
33 26 16 0 -1
34 41 9 1 0
35 20 35 0 1
36 10 21 1 0
37 28 39 1 0
38 43 5 0 -1
39 35 24 0 1
40 43 4 0 1
41 22 9 -1 0
42 39 2 1 0
43 45 9 0 1
44 28 17 -1 0
45 93 10 0 -1
46 39 35 0 -1
47 40 19 0 1
48 19 33 -1 0
49 16 19 -1 0
50 61 18 0 1
51 24 23 0 1
52 20 0 0 -1
53 37 7 0 1
54 43 27 1 0
55 22 19 1 0
56 17 4 -1 0
57 27 14 1 0
58 22 11 -1 0
59 20 35 1 0
60 27 1 -1 0
61 90 22 -1 0
62 13 18 0 -1
63 78 33 0 1
64 39 16 0 -1
65 26 2 -1 0
66 46 28 0 -1
67 69 25 0 -1
68 41 33 -1 0
69 6 0 1 0
70 67 36 1 0
71 25 0 1 0
72 71 6 0 -1
73 41 1 -1 0
74 89 4 -1 0
75 31 7 0 -1
76 36 20 0 1
77 24 20 0 1
78 32 8 -1 0
79 24 2 0 -1
80 41 20 0 1
81 90 37 0 1
82 29 7 1 0
83 32 0 -1 0
84 86 17 -1 0
85 43 28 -1 0
86 43 31 1 0
87 36 24 0 -1
88 25 7 -1 0
89 36 22 0 -1
90 44 20 -1 0
91 9 34 1 0
92 88 24 0 -1
93 87 27 1 0
94 10 8 0 1
95 84 37 1 0
96 35 11 -1 0
97 43 11 0 -1
98 42 19 -1 0
99 18 20 0 -1
100 16 14 0 -1
101 46 6 0 -1
102 45 1 -1 0
103 22 39 -1 0
104 31 1 0 -1
105 5 27 0 -1
106 48 11 0 -1
107 2 21 0 1
108 45 27 0 1
109 27 14 0 1
110 41 0 -1 0
111 40 39 0 1
112 85 6 0 -1
113 9 24 0 1
114 40 13 -1 0
115 27 15 -1 0
116 9 23 0 -1
117 23 0 0 -1
118 8 1 0 1
119 37 1 -1 0
120 39 0 1 0
121 48 30 -1 0
122 26 2 1 0
123 39 34 0 1
124 98 13 -1 0
125 30 2 1 0
126 25 11 0 -1
127 41 37 0 -1
128 37 20 0 -1
129 26 20 1 0
130 22 10 0 -1
131 30 27 1 0
132 45 5 -1 0
133 27 9 1 0
134 37 0 1 0
135 91 34 1 0
136 35 25 -1 0
137 28 4 -1 0
138 45 10 -1 0
139 2 30 1 0
140 63 36 1 0
141 74 33 1 0
142 38 24 0 -1
143 36 25 0 1
144 88 34 1 0
145 12 14 0 1
146 82 12 0 1
147 52 14 0 1
148 8 32 -1 0
149 63 14 0 -1
150 40 1 -1 0
151 40 37 0 -1
152 28 13 1 0
153 31 0 0 -1
154 21 4 0 -1
155 22 30 -1 0
156 84 31 0 -1
157 64 19 0 -1
158 90 17 0 1
159 8 28 -1 0
160 43 18 1 0
161 38 14 -1 0
162 44 13 1 0
163 99 18 -1 0
164 28 33 0 1
165 17 31 0 1
166 44 12 -1 0
167 41 7 0 -1
168 25 26 0 -1
169 40 20 1 0
170 19 8 -1 0
171 25 1 0 1
172 55 26 1 0
173 24 10 1 0
174 15 39 -1 0
175 80 18 0 1
176 43 25 0 -1
177 43 16 0 1
178 35 1 0 -1
179 21 1 0 -1
180 72 17 0 1
181 41 2 1 0
182 25 36 1 0
183 31 38 1 0
184 43 0 1 0
185 19 4 1 0
186 67 21 1 0
187 40 21 -1 0
188 84 36 0 1
189 70 17 0 1
190 5 11 0 1
191 40 31 0 1
192 14 6 0 1
193 45 28 1 0
194 28 35 1 0
195 19 12 0 1
196 42 29 1 0
197 30 20 0 -1
198 36 1 1 0
199 26 5 0 1
200 8 2 -1 0
201 36 27 -1 0
202 31 4 0 -1
203 46 29 0 -1
204 26 33 0 1
205 44 37 -1 0
206 27 20 -1 0
207 30 14 0 -1
208 56 28 -1 0
209 39 14 -1 0
210 24 12 1 0
211 35 25 0 1
212 13 2 1 0
213 19 32 0 1
214 11 6 -1 0
215 24 19 1 0
216 73 39 0 -1
217 52 1 0 -1
218 29 35 -1 0
219 23 3 0 1
220 30 17 0 1
221 35 15 1 0
222 44 25 -1 0
223 14 29 1 0
224 79 1 1 0
225 60 29 0 1
226 46 23 0 1
227 26 21 0 1
228 79 2 0 1
229 25 37 1 0
230 20 27 -1 0
231 53 33 0 -1
232 43 30 0 1
233 31 11 1 0
234 31 5 1 0
235 41 36 0 1
236 44 2 0 1
237 38 25 0 1
238 47 27 -1 0
239 38 38 -1 0
240 23 39 -1 0
241 37 25 0 1
242 20 9 1 0
243 39 8 0 -1
244 28 1 -1 0
245 22 1 -1 0
246 31 5 1 0
247 39 23 1 0
248 22 29 -1 0
249 59 9 0 1
250 67 23 1 0
251 1 29 0 -1
252 47 27 0 -1
253 31 39 1 0
254 35 36 -1 0
255 52 9 0 -1
256 80 24 0 -1
257 45 28 0 1
258 9 14 0 1
259 17 39 1 0
260 30 21 1 0
261 28 11 -1 0
262 38 9 0 -1
263 36 25 1 0
264 22 11 -1 0
265 43 21 -1 0
266 36 6 1 0
267 18 39 0 -1
268 23 1 0 1
269 27 3 1 0
270 22 9 0 1
271 36 37 0 -1
272 39 1 1 0
273 98 0 0 1
274 28 25 0 1
275 41 39 1 0
276 61 30 -1 0
277 17 38 -1 0
278 81 5 0 -1
279 54 1 0 -1
280 25 16 1 0
281 29 29 -1 0
282 45 21 0 1
283 18 3 0 -1
284 41 1 0 -1
285 30 26 0 1
286 29 18 -1 0
287 36 39 0 1
288 2 9 0 -1
289 37 2 0 1
290 24 24 0 1
291 27 12 0 1
292 59 1 0 -1
293 48 0 0 1
294 27 23 -1 0
295 39 3 0 -1
296 41 13 -1 0
297 28 21 0 1
298 30 27 0 1
299 43 17 -1 0
300 36 34 -1 0
301 86 0 0 -1
302 26 31 1 0
303 16 5 -1 0
304 8 22 0 1
305 41 5 -1 0
306 51 1 0 -1
307 12 9 0 1
308 37 39 0 -1
309 39 1 0 1
310 57 31 0 -1
311 49 17 0 -1
312 61 7 -1 0
313 24 19 0 -1
314 93 26 0 1
315 39 36 -1 0
316 82 9 0 1
317 9 29 0 1
318 23 2 0 -1
319 47 38 1 0
320 32 22 -1 0
321 35 2 0 -1
322 20 12 1 0
323 30 0 0 -1
324 28 1 -1 0
325 47 25 -1 0
326 98 13 1 0
327 37 5 -1 0
328 28 12 0 1
329 38 37 -1 0
330 69 28 -1 0
331 43 24 0 -1
332 47 24 -1 0
333 30 26 0 1
334 25 4 1 0
335 46 2 0 -1
336 14 10 0 -1
337 42 6 1 0
338 82 15 0 -1
339 35 22 0 1
340 30 18 0 1
341 37 5 1 0
342 18 7 0 -1
343 39 2 0 -1
344 74 23 -1 0
345 4 35 0 1
346 39 19 1 0
347 23 33 0 1
348 17 9 -1 0
349 27 12 -1 0
350 20 37 0 1
351 41 38 1 0
352 45 26 1 0
353 41 39 0 1
354 39 17 0 1
355 38 8 -1 0
356 25 0 1 0
357 27 22 1 0
358 34 8 0 -1
359 27 4 0 1
360 24 12 0 1
361 25 31 1 0
362 49 0 1 0
363 18 29 1 0
364 22 30 1 0
365 99 25 -1 0
366 20 3 0 -1
367 40 0 0 -1
368 26 10 -1 0
369 40 39 0 1
370 28 9 1 0
371 51 34 0 -1
372 44 22 0 1
373 77 27 0 1
374 38 10 -1 0
375 31 26 0 1
376 38 36 1 0
377 87 28 1 0
378 87 18 0 1
379 38 25 0 1
380 0 26 0 -1
381 46 6 0 -1
382 41 36 -1 0
383 36 26 0 1
384 56 2 0 -1
385 95 11 1 0
386 24 34 -1 0
387 91 18 0 -1
388 40 10 0 1
389 68 3 0 1
390 47 6 -1 0
391 41 17 0 1
392 25 38 1 0
393 30 10 0 1
394 89 28 0 -1
395 46 23 0 1
396 30 4 -1 0
397 20 29 1 0
398 36 18 -1 0
399 36 21 0 1
400 28 14 0 1
401 25 2 0 -1
402 93 35 0 -1
403 41 13 1 0
404 40 5 0 1
405 29 8 -1 0
406 15 17 0 1
407 43 19 0 -1
408 36 2 0 1
409 32 5 0 1
410 38 13 1 0
411 69 27 -1 0
412 40 19 -1 0
413 20 8 0 -1
414 24 6 0 -1
415 4 7 1 0
416 38 12 -1 0
417 97 38 0 -1
418 78 10 1 0
419 30 9 0 1
420 21 38 1 0
421 47 25 0 -1
422 29 22 0 1
423 42 23 -1 0
424 21 32 -1 0
425 35 4 1 0
426 42 29 1 0
427 39 9 0 1
428 43 32 0 -1
429 39 10 0 -1
430 99 7 0 1
431 38 8 0 -1
432 22 11 -1 0
433 27 12 -1 0
434 17 0 1 0
435 25 6 -1 0
436 15 30 0 1
437 95 16 1 0
438 44 23 0 1
439 50 7 0 -1
440 73 33 0 1
441 53 20 -1 0
442 40 6 1 0
443 10 1 0 1
444 35 39 -1 0
445 29 39 0 1
446 35 3 0 -1
447 41 19 0 1
448 26 32 -1 0
449 29 26 1 0
450 96 37 0 -1
451 6 14 -1 0
452 43 26 0 -1
453 19 8 0 1
454 25 1 -1 0
455 28 2 1 0
456 20 39 0 1
457 38 11 -1 0
458 35 34 -1 0
459 26 2 -1 0
460 28 37 1 0
461 44 16 0 -1
462 31 8 0 1
463 8 22 1 0
464 96 22 -1 0
465 38 22 0 1
466 89 25 1 0
467 0 39 1 0
468 97 13 -1 0
469 31 3 0 1
470 20 1 1 0
471 24 14 -1 0
472 91 32 1 0
473 47 17 0 -1
474 38 16 0 -1
475 43 32 1 0
476 13 36 0 -1
477 32 6 0 1
478 38 19 1 0
479 18 29 1 0
480 16 27 0 -1
481 24 36 -1 0
482 30 17 0 1
483 36 7 0 -1
484 15 24 1 0
485 37 8 0 -1
486 18 8 0 -1
487 40 16 -1 0
488 8 6 -1 0
489 21 9 0 -1
490 21 24 0 1
491 41 13 -1 0
492 16 20 0 1
493 74 5 0 -1
494 77 30 -1 0
495 53 1 0 -1
496 22 10 0 1
497 29 22 -1 0
498 40 30 0 -1
499 26 10 0 -1
500 13 25 0 -1
501 24 3 1 0
502 45 16 0 1
503 21 32 0 -1
504 95 13 0 -1
505 0 25 -1 0
506 53 0 1 0
507 62 14 0 -1
508 26 18 1 0
509 42 24 1 0
510 38 26 1 0
511 27 5 -1 0
512 21 22 1 0
513 86 17 -1 0
514 84 18 -1 0
515 73 13 0 1
516 71 9 0 -1
517 94 39 0 -1
518 96 31 1 0
519 17 32 0 -1
520 30 16 -1 0
521 17 20 0 1
522 42 3 1 0
523 22 19 1 0
524 29 7 0 -1
525 35 27 1 0
526 20 1 1 0
527 7 26 0 -1
528 20 35 0 1
529 30 9 -1 0
530 26 3 0 -1
531 21 4 -1 0
532 40 10 -1 0
533 18 9 1 0
534 37 7 0 -1
535 41 3 0 1
536 31 10 0 1
537 23 35 0 -1
538 37 6 -1 0
539 95 6 0 -1
540 39 39 0 1
541 37 5 0 -1
542 97 22 0 -1
543 0 18 0 1
544 24 21 0 1
545 26 35 0 1
546 22 2 0 1
547 81 6 1 0
548 38 23 1 0
549 24 1 0 1
550 24 38 -1 0
551 89 4 1 0
552 79 33 -1 0
553 45 29 -1 0
554 27 37 1 0
555 25 37 0 1
556 39 12 0 1
557 42 2 1 0
558 20 38 -1 0
559 40 27 0 -1
560 23 13 0 -1
561 50 7 0 -1
562 19 2 0 1
563 30 39 0 1
564 17 8 1 0
565 38 31 -1 0
566 41 2 1 0
567 27 22 -1 0
568 53 36 -1 0
569 79 10 0 -1
570 41 0 -1 0
571 20 24 1 0
572 60 12 1 0
573 23 34 0 -1
574 41 6 -1 0
575 71 36 0 1
576 29 8 -1 0
577 38 3 -1 0
578 32 4 0 1
579 38 14 0 1
580 46 4 0 1
581 60 26 1 0
582 45 31 0 -1
583 42 12 0 -1
584 54 11 -1 0
585 36 4 0 -1
586 72 0 0 1
587 46 0 1 0
588 29 12 0 1
589 21 1 0 1
590 23 8 1 0
591 26 16 0 1
592 32 7 0 -1
593 37 20 0 1
594 35 6 0 -1
595 77 20 -1 0
596 5 38 1 0
597 26 23 1 0
598 43 11 -1 0
599 68 3 0 1
600 29 24 -1 0
601 72 34 1 0
602 30 33 0 -1
603 28 7 0 1
604 21 1 0 -1
605 98 15 0 -1
606 24 29 0 1
607 47 0 -1 0
608 18 32 0 -1
609 93 26 -1 0
610 27 17 0 1
611 35 27 0 -1
612 38 11 1 0
613 29 14 0 1
614 21 28 -1 0
615 54 0 0 -1
616 18 37 1 0
617 40 8 0 -1
618 42 16 0 1
619 65 12 -1 0
620 31 30 0 -1
621 83 22 0 1
622 96 26 -1 0
623 2 35 -1 0
624 44 23 0 1
625 59 0 0 -1
626 90 37 -1 0
627 42 32 1 0
628 36 22 -1 0
629 43 28 1 0
630 3 11 -1 0
631 27 34 0 1
632 32 19 0 -1
633 30 28 1 0
634 17 13 0 1
635 36 28 0 -1
636 26 8 -1 0
637 47 3 1 0
638 23 39 1 0
639 26 32 -1 0
640 43 10 -1 0
641 21 26 1 0
642 5 38 1 0
643 25 33 -1 0
644 19 32 1 0
645 39 3 1 0
646 46 0 1 0
647 37 8 0 -1
648 22 21 -1 0
649 24 35 1 0
650 36 20 -1 0
651 83 20 1 0
652 23 37 -1 0
653 42 13 0 -1
654 11 27 0 1
655 32 39 1 0
656 29 15 1 0
657 57 16 -1 0
658 29 3 -1 0
659 39 5 0 1
660 4 29 0 -1
661 62 6 0 1
662 18 24 0 -1
663 90 24 0 -1
664 43 14 -1 0
665 87 39 1 0
666 74 24 1 0
667 39 2 0 -1
668 40 11 1 0
669 22 12 0 -1
670 19 3 0 1
671 16 19 0 -1
672 19 37 0 -1
673 36 9 0 -1
674 45 1 0 1
675 97 6 0 1
676 28 20 0 -1
677 23 10 1 0
678 27 2 0 -1
679 68 36 0 -1
680 23 5 0 -1
681 54 28 -1 0
682 94 1 1 0
683 14 22 -1 0
684 41 28 -1 0
685 23 21 1 0
686 47 23 -1 0
687 61 4 1 0
688 24 33 1 0
689 21 26 0 -1
690 42 6 0 -1
691 49 19 -1 0
692 41 28 0 -1
693 25 17 1 0
694 3 19 0 1
695 89 5 0 1
696 29 5 1 0
697 25 30 -1 0
698 21 11 1 0
699 14 28 -1 0
700 21 38 1 0
701 43 5 1 0
702 29 5 0 1
703 25 10 1 0
704 39 32 1 0
705 6 7 0 -1
706 32 6 -1 0
707 8 23 -1 0
708 39 15 1 0
709 49 2 -1 0
710 54 31 0 -1
711 40 35 -1 0
712 43 14 0 -1
713 41 39 -1 0
714 44 2 1 0
715 42 38 0 1
716 95 6 -1 0
717 40 2 0 -1
718 22 28 0 1
719 34 27 0 1
720 42 4 0 1
721 55 22 -1 0
722 27 1 0 1
723 22 6 1 0
724 48 31 -1 0
725 25 2 1 0
726 19 37 1 0
727 56 19 0 1
728 5 39 -1 0
729 81 19 0 -1
730 27 13 -1 0
731 71 2 1 0
732 27 9 0 -1
733 82 27 0 1
734 25 19 1 0
735 18 38 0 1
736 24 5 0 1
737 49 36 1 0
738 29 0 -1 0
739 39 21 -1 0
740 44 14 0 1
741 2 22 1 0
742 2 35 0 1
743 47 26 -1 0
744 2 10 0 -1
745 32 17 0 1
746 41 36 -1 0
747 28 10 0 -1
748 2 12 1 0
749 28 19 1 0
750 40 1 0 -1
751 12 30 1 0
752 47 34 0 1
753 4 8 1 0
754 43 27 0 1
755 85 21 0 1
756 32 17 0 1
757 41 17 1 0
758 22 23 1 0
759 42 39 1 0
760 20 30 0 1
761 43 26 -1 0
762 80 9 1 0
763 37 18 0 -1
764 30 11 0 -1
765 19 36 0 1
766 21 39 -1 0
767 35 22 1 0
768 44 25 1 0
769 36 5 1 0
770 95 18 0 1
771 42 21 0 -1
772 22 22 0 1
773 37 12 -1 0
774 89 18 -1 0
775 45 7 0 -1
776 20 3 0 1
777 80 12 0 1
778 41 35 -1 0
779 24 37 0 1
780 41 8 0 1
781 19 11 -1 0
782 40 7 1 0
783 5 17 0 1
784 44 2 0 1
785 28 0 0 -1
786 95 22 -1 0
787 29 0 0 1
788 27 7 1 0
789 29 34 1 0
790 15 28 0 1
791 92 3 1 0
792 29 10 0 -1
793 23 24 0 -1
794 45 22 0 1
795 35 21 0 1
796 45 29 0 -1
797 30 0 0 1
798 10 20 1 0
799 78 37 0 1
800 44 22 0 1
801 45 13 0 -1
802 75 30 0 -1
803 38 3 0 -1
804 42 1 0 1
805 21 27 1 0
806 31 27 -1 0
807 71 3 0 1
808 21 5 -1 0
809 30 2 1 0
810 32 29 -1 0
811 7 17 0 -1
812 39 9 0 1
813 84 31 -1 0
814 1 5 0 1
815 25 27 0 -1
816 40 39 0 1
817 29 37 1 0
818 37 29 1 0
819 38 28 0 -1
820 43 24 -1 0
821 18 10 0 -1
822 39 29 -1 0
823 83 32 0 -1
824 0 35 -1 0
825 17 19 -1 0
826 43 23 0 1
827 22 20 0 1
828 29 15 -1 0
829 24 8 0 1
830 92 13 0 -1
831 94 3 1 0
832 32 19 -1 0
833 39 23 0 1
834 98 32 -1 0
835 9 8 -1 0
836 36 0 0 1
837 14 34 0 1
838 42 32 1 0
839 22 8 1 0
840 7 2 1 0
841 45 31 -1 0
842 20 37 0 -1
843 44 4 0 -1
844 43 3 0 1
845 39 0 -1 0
846 95 32 0 -1
847 76 37 1 0
848 46 32 0 -1
849 26 39 0 1
850 9 2 1 0
851 88 39 -1 0
852 31 3 1 0
853 27 28 0 -1
854 67 37 0 1
855 40 17 1 0
856 43 38 0 1
857 37 2 0 -1
858 19 5 0 -1
859 42 24 0 1
860 14 32 -1 0
861 46 0 1 0
862 24 0 0 -1
863 9 36 0 -1
864 28 25 0 -1
865 91 18 1 0
866 41 27 0 -1
867 37 27 0 -1
868 97 0 0 1
869 45 7 0 -1
870 28 19 1 0
871 85 19 -1 0
872 54 19 0 -1
873 66 21 -1 0
874 40 21 -1 0
875 29 31 1 0
876 80 25 0 1
877 46 26 0 1
878 37 22 1 0
879 28 27 0 -1
880 97 34 0 1
881 21 26 1 0
882 30 19 0 1
883 35 12 0 1
884 16 19 1 0
885 34 31 0 -1
886 18 13 -1 0
887 48 4 0 -1
888 41 18 0 1
889 30 11 0 -1
890 23 6 0 1
891 81 20 0 -1
892 24 3 0 -1
893 73 20 0 1
894 51 14 0 1
895 27 35 1 0
896 38 29 1 0
897 18 4 1 0
898 13 37 -1 0
899 45 5 -1 0
900 85 4 0 -1
901 13 35 1 0
902 42 38 0 1
903 24 2 -1 0
904 38 35 0 -1
905 25 4 -1 0
906 6 11 1 0
907 21 3 1 0
908 32 31 0 -1
909 27 13 1 0
910 69 31 0 1
911 46 7 0 -1
912 71 20 0 1
913 39 11 1 0
914 23 35 0 -1
915 39 39 0 1
916 24 9 -1 0
917 20 23 1 0
918 40 3 0 -1
919 27 29 -1 0
920 37 2 1 0
921 68 27 -1 0
922 30 29 1 0
923 40 11 1 0
924 14 7 -1 0
925 13 23 0 1
926 36 32 -1 0
927 42 4 0 1
928 71 33 1 0
929 41 22 0 -1
930 2 37 0 1
931 40 16 0 1
932 45 24 0 1
933 26 0 -1 0
934 8 39 0 1
935 23 21 0 1
936 29 4 0 1
937 45 4 0 1
938 40 27 1 0
939 26 17 -1 0
940 16 31 0 1
941 62 32 0 -1
942 34 0 0 1
943 41 19 1 0
944 25 33 1 0
945 23 36 1 0
946 57 2 0 1
947 23 9 1 0
948 15 18 1 0
949 13 16 0 -1
950 43 6 1 0
951 96 22 1 0
952 20 4 0 -1
953 23 13 1 0
954 95 26 0 -1
955 67 27 -1 0
956 91 33 1 0
957 47 9 0 -1
958 37 19 0 1
959 17 35 -1 0
960 22 36 1 0
961 38 15 0 -1
962 39 17 -1 0
963 97 27 -1 0
964 35 27 0 -1
965 49 28 1 0
966 55 11 -1 0
967 5 35 0 -1
968 31 12 1 0
969 20 8 1 0
970 31 3 0 -1
971 42 5 0 1
972 1 30 -1 0
973 83 13 0 1
974 29 37 1 0
975 27 35 1 0
976 32 17 0 1
977 50 20 -1 0
978 21 2 -1 0
979 44 5 0 1
980 52 36 0 -1
981 39 36 0 -1
982 42 27 0 -1
983 44 25 -1 0
984 98 3 -1 0
985 18 19 1 0
986 20 0 0 -1
987 90 9 -1 0
988 37 38 -1 0
989 89 34 0 1
990 20 39 1 0
991 47 36 0 -1
992 50 18 0 -1
993 39 34 0 1
994 40 5 0 1
995 2 3 0 1
996 19 16 1 0
997 37 4 0 1
998 44 1 -1 0
999 25 29 1 0
1000 79 36 0 1
1001 44 27 0 1
1002 83 17 1 0
1003 77 10 1 0
1004 22 6 1 0
1005 55 30 -1 0
1006 43 10 -1 0
1007 93 0 0 -1
1008 36 5 -1 0
1009 92 37 0 -1
1010 24 18 1 0
1011 67 4 0 -1
1012 3 1 0 -1
1013 26 0 0 -1
1014 30 37 1 0
1015 36 27 -1 0
1016 71 37 0 1
1017 54 22 1 0
1018 30 5 0 -1
1019 27 16 0 1
1020 60 14 0 -1
1021 90 31 1 0
1022 17 10 1 0
1023 12 7 1 0
1024 25 18 0 -1
1025 31 36 1 0
1026 13 8 1 0
1027 26 14 0 -1
1028 40 28 0 -1
1029 26 8 0 -1
1030 44 13 0 -1
1031 22 35 0 1
1032 46 3 0 1
1033 51 27 0 -1
1034 26 7 0 1
1035 43 7 0 -1
1036 17 7 0 1
1037 83 1 -1 0
1038 40 24 0 -1
1039 35 0 1 0
1040 19 7 1 0
1041 28 28 -1 0
1042 37 39 1 0
1043 30 7 0 -1
1044 22 2 1 0
1045 28 24 1 0
1046 91 11 -1 0
1047 66 22 0 -1
1048 13 38 0 -1
1049 27 34 1 0
1050 21 0 0 1
1051 26 18 0 -1
1052 25 15 -1 0
1053 0 33 0 -1
1054 0 5 1 0
1055 45 19 -1 0
1056 19 35 1 0
1057 77 1 -1 0
1058 73 20 -1 0
1059 45 2 0 -1
1060 19 35 0 1
1061 10 37 0 -1
1062 16 28 0 1
1063 51 10 0 -1
1064 66 6 1 0
1065 82 31 1 0
1066 36 10 1 0
1067 29 36 1 0
1068 20 12 1 0
1069 53 2 0 1
1070 87 18 1 0
1071 62 13 -1 0
1072 40 25 0 1
1073 41 10 -1 0
1074 9 31 1 0
1075 25 5 0 -1
1076 44 34 -1 0
1077 31 22 1 0
1078 20 8 1 0
1079 38 2 -1 0
1080 24 31 1 0
1081 46 7 -1 0
1082 21 6 0 -1
1083 22 21 0 1
1084 39 11 0 -1
1085 19 10 0 -1
1086 41 37 1 0
1087 29 34 -1 0
1088 50 0 -1 0
1089 29 9 0 -1
1090 87 21 -1 0
1091 31 30 -1 0
1092 17 2 0 1
1093 20 5 0 -1
1094 44 39 -1 0
1095 91 27 0 -1
1096 95 19 1 0
1097 17 15 1 0
1098 30 13 -1 0
1099 19 8 0 1
1100 23 17 -1 0
1101 26 36 -1 0
1102 32 16 0 1
1103 63 33 -1 0
1104 29 27 0 -1
1105 24 39 -1 0
1106 81 15 1 0
1107 47 0 -1 0
1108 27 6 1 0
1109 38 0 1 0
1110 22 0 1 0
1111 29 33 0 1
1112 60 27 0 -1
1113 22 2 0 1
1114 30 39 0 1
1115 31 1 0 -1
1116 32 32 1 0
1117 47 21 1 0
1118 21 16 0 1
1119 37 35 -1 0
1120 97 29 0 1
1121 21 4 -1 0
1122 28 24 0 -1
1123 16 17 1 0
1124 15 32 0 1
1125 42 9 0 1
1126 91 2 -1 0
1127 90 23 1 0
1128 30 10 0 -1
1129 25 29 1 0
1130 50 34 0 -1
1131 11 12 1 0
1132 19 21 0 -1
1133 31 10 1 0
1134 32 7 1 0
1135 22 33 0 1
1136 88 18 0 -1
1137 24 4 1 0
1138 36 33 -1 0
1139 40 37 1 0
1140 66 24 0 -1
1141 42 11 -1 0
1142 17 0 1 0
1143 36 4 0 1
1144 90 34 0 1
1145 41 8 0 -1
1146 27 25 1 0
1147 38 1 -1 0
1148 21 10 -1 0
1149 27 10 0 -1
1150 41 7 -1 0
1151 9 19 -1 0
1152 76 7 -1 0
1153 12 34 0 1
1154 46 24 0 1
1155 36 0 0 1
1156 46 3 0 -1
1157 44 30 0 1
1158 42 1 0 -1
1159 22 12 0 -1
1160 44 27 0 -1
1161 29 19 1 0
1162 29 24 0 -1
1163 5 17 -1 0
1164 29 6 0 1
1165 39 7 1 0
1166 40 22 -1 0
1167 20 24 1 0
1168 28 23 -1 0
1169 4 15 0 -1
1170 24 8 1 0
1171 45 1 -1 0
1172 15 16 -1 0
1173 65 1 1 0
1174 52 21 0 -1
1175 46 7 0 -1
1176 20 36 1 0
1177 28 28 -1 0
1178 40 28 0 -1
1179 32 35 -1 0
1180 20 10 -1 0
1181 75 18 1 0
1182 27 21 1 0
1183 22 28 1 0
1184 97 10 0 1
1185 87 0 0 -1
1186 34 35 0 -1
1187 16 25 -1 0
1188 85 37 1 0
1189 21 39 1 0
1190 29 13 1 0
1191 27 26 0 -1
1192 44 30 0 -1
1193 28 34 0 1
1194 0 30 -1 0
1195 23 26 0 -1
1196 34 7 0 -1
1197 40 20 -1 0
1198 31 6 0 -1
1199 23 18 0 -1
1200 10 35 -1 0
1201 12 11 0 1
1202 23 2 1 0
1203 27 35 -1 0
1204 75 14 1 0
1205 6 38 1 0
1206 29 17 1 0
1207 27 1 1 0
1208 41 5 0 -1
1209 42 22 0 1
1210 6 31 0 1
1211 19 4 1 0
1212 13 34 1 0
1213 23 10 0 -1
1214 27 39 1 0
1215 36 35 0 1
1216 25 8 1 0
1217 46 25 0 1
1218 19 38 1 0
1219 27 6 0 -1
1220 30 39 0 1
1221 41 25 0 1
1222 46 27 0 -1
1223 29 6 0 1
1224 41 24 0 1
1225 40 10 0 1
1226 27 37 -1 0
1227 23 5 -1 0
1228 67 33 0 1
1229 41 4 -1 0
1230 92 14 1 0
1231 41 25 0 1
1232 38 17 1 0
1233 98 10 0 1
1234 20 11 0 -1
1235 30 4 0 1
1236 78 14 0 -1
1237 31 13 1 0
1238 15 15 0 1
1239 24 25 0 -1
1240 31 29 -1 0
1241 43 24 -1 0
1242 49 30 -1 0
1243 20 19 1 0
1244 3 11 1 0
1245 49 28 0 -1
1246 98 16 1 0
1247 25 7 0 -1
1248 79 38 -1 0
1249 43 36 0 -1
1250 42 8 0 1
1251 48 26 0 -1
1252 21 15 1 0
1253 47 26 0 -1
1254 30 38 0 -1
1255 36 20 0 1
1256 44 31 0 1
1257 21 10 1 0
1258 19 11 0 -1
1259 98 23 1 0
1260 7 16 -1 0
1261 22 23 0 -1
1262 30 7 0 -1
1263 29 4 -1 0
1264 66 7 0 -1
1265 47 12 0 1
1266 24 32 0 -1
1267 46 14 0 -1
1268 44 24 -1 0
1269 42 23 0 -1
1270 40 18 0 -1
1271 97 27 1 0
1272 15 18 -1 0
1273 5 1 1 0
1274 42 19 1 0
1275 46 4 -1 0
1276 92 35 1 0
1277 30 24 0 -1
1278 26 4 1 0
1279 40 3 0 -1
1280 27 13 0 1
1281 28 12 1 0
1282 25 32 0 1
1283 23 24 0 -1
1284 24 9 0 1
1285 95 3 0 -1
1286 29 18 0 1
1287 26 37 -1 0
1288 39 0 1 0
1289 29 14 1 0
1290 22 37 0 1
1291 47 31 0 1
1292 31 15 -1 0
1293 41 16 -1 0
1294 38 28 0 -1
1295 30 28 0 1
1296 29 31 0 -1
1297 7 1 -1 0
1298 42 4 0 1
1299 32 18 1 0
1300 45 6 0 -1
1301 28 36 0 -1
1302 29 7 0 1
1303 83 15 0 -1
1304 27 39 0 1
1305 37 7 -1 0
1306 93 15 1 0
1307 45 19 0 -1
1308 38 2 0 -1
1309 29 9 0 1
1310 23 25 0 -1
1311 20 11 0 -1
1312 38 29 0 -1
1313 12 26 1 0
1314 31 27 0 -1
1315 43 0 1 0
1316 40 35 1 0
1317 27 24 1 0
1318 40 26 0 -1
1319 46 3 0 -1
1320 10 6 0 1
1321 31 12 1 0
1322 20 38 1 0
1323 83 29 0 1
1324 98 24 0 -1
1325 29 27 1 0
1326 28 20 0 1
1327 8 19 -1 0
1328 13 37 -1 0
1329 70 19 0 -1
1330 21 8 1 0
1331 37 27 1 0
1332 2 31 0 -1
1333 54 12 -1 0
1334 25 32 -1 0
1335 20 22 1 0
1336 29 13 1 0
1337 34 6 0 -1
1338 28 20 0 -1
1339 42 11 -1 0
1340 37 1 0 1
1341 82 4 1 0
1342 38 21 0 -1
1343 27 31 1 0
1344 45 3 1 0
1345 36 22 0 1
1346 61 22 0 1
1347 25 37 1 0
1348 5 15 1 0
1349 31 17 0 -1
1350 88 34 0 -1
1351 26 3 -1 0
1352 30 37 0 1
1353 85 7 -1 0
1354 41 38 1 0
1355 91 20 1 0
1356 24 17 0 -1
1357 28 6 -1 0
1358 30 26 0 1
1359 23 11 1 0
1360 24 16 1 0
1361 9 19 0 -1
1362 52 35 0 1
1363 22 31 0 1
1364 59 33 0 1
1365 40 18 0 -1
1366 3 17 0 1
1367 26 39 1 0
1368 84 30 -1 0
1369 43 5 1 0
1370 32 8 0 -1
1371 32 20 0 -1
1372 30 5 0 1
1373 15 14 -1 0
1374 22 6 0 -1
1375 83 10 0 1
1376 31 9 -1 0
1377 77 39 0 1
1378 25 33 1 0
1379 10 36 0 -1
1380 38 26 -1 0
1381 27 20 0 1
1382 90 33 -1 0
1383 23 38 0 -1
1384 67 36 1 0
1385 68 28 1 0
1386 22 24 0 -1
1387 64 16 0 1
1388 37 24 1 0
1389 37 11 -1 0
1390 61 20 -1 0
1391 97 24 1 0
1392 18 18 -1 0
1393 44 15 0 -1
1394 64 7 -1 0
1395 46 8 1 0
1396 44 24 -1 0
1397 76 17 0 1
1398 47 23 -1 0
1399 14 38 -1 0
1400 5 31 1 0
1401 24 4 0 -1
1402 26 36 0 1
1403 37 23 1 0
1404 46 28 -1 0
1405 40 15 0 1
1406 32 39 0 1
1407 40 0 0 -1
1408 75 19 1 0
1409 24 10 0 1
1410 28 13 -1 0
1411 28 28 1 0
1412 63 36 0 -1
1413 19 10 0 -1
1414 30 0 1 0
1415 43 4 0 -1
1416 52 12 0 -1
1417 39 21 0 -1
1418 39 28 0 1
1419 42 7 0 -1
1420 31 2 0 -1
1421 28 16 -1 0
1422 46 2 -1 0
1423 43 25 -1 0
1424 54 7 1 0
1425 36 24 1 0
1426 43 19 -1 0
1427 42 16 0 1
1428 24 35 0 1
1429 24 21 -1 0
1430 37 24 1 0
1431 12 23 -1 0
1432 59 13 -1 0
1433 20 23 0 1
1434 54 16 0 -1
1435 17 9 1 0
1436 37 17 -1 0
1437 62 27 0 1
1438 35 36 1 0
1439 21 23 0 -1
1440 52 12 0 -1
1441 18 24 0 1
1442 29 39 -1 0
1443 60 13 -1 0
1444 44 9 -1 0
1445 53 16 0 -1
1446 19 3 0 -1
1447 50 35 0 1
1448 27 38 0 -1
1449 91 8 0 -1
1450 39 11 -1 0
1451 28 16 0 1
1452 26 23 0 -1
1453 79 23 1 0
1454 37 16 0 1
1455 46 25 0 1
1456 10 28 -1 0
1457 37 31 -1 0
1458 39 16 0 1
1459 28 8 0 -1
1460 21 8 0 -1
1461 27 18 0 -1
1462 21 29 1 0
1463 43 26 0 -1
1464 74 19 1 0
1465 6 24 1 0
1466 40 25 1 0
1467 42 22 0 -1
1468 79 13 1 0
1469 52 26 0 1
1470 25 19 1 0
1471 27 32 -1 0
1472 24 0 0 -1
1473 19 0 1 0
1474 81 26 0 1
1475 43 33 0 -1
1476 25 12 0 1
1477 44 6 -1 0
1478 42 39 0 1
1479 15 15 -1 0
1480 19 1 -1 0
1481 81 0 1 0
1482 32 2 0 1
1483 37 30 1 0
1484 42 11 0 -1
1485 10 5 0 -1
1486 0 20 0 -1
1487 39 10 0 1
1488 7 36 0 -1
1489 37 1 -1 0
1490 15 28 -1 0
1491 90 8 1 0
1492 95 27 1 0
1493 42 20 -1 0
1494 20 33 0 1
1495 41 35 0 -1
1496 37 37 1 0
1497 23 12 1 0
1498 45 0 1 0
1499 44 0 0 1
1500 44 24 1 0
1501 23 12 0 -1
1502 41 14 -1 0
1503 42 18 0 1
1504 96 20 -1 0
1505 30 36 0 1
1506 20 37 1 0
1507 24 7 0 1
1508 78 23 -1 0
1509 28 26 1 0
1510 36 10 1 0
1511 25 0 0 -1
1512 31 15 0 -1
1513 48 39 0 1
1514 70 17 -1 0
1515 45 26 0 -1
1516 98 27 -1 0
1517 16 9 1 0
1518 31 7 0 -1
1519 28 17 -1 0
1520 45 25 -1 0
1521 65 32 -1 0
1522 82 21 0 -1
1523 42 29 1 0
1524 27 3 0 1
1525 23 34 1 0
1526 32 9 -1 0
1527 26 39 0 1
1528 47 38 0 -1
1529 31 37 0 -1
1530 46 8 1 0
1531 35 24 0 -1
1532 25 23 0 1
1533 51 19 0 -1
1534 39 5 0 1
1535 35 21 0 -1
1536 42 36 1 0
1537 24 38 1 0
1538 3 30 0 1
1539 88 38 1 0
1540 26 28 -1 0
1541 47 15 0 -1
1542 26 34 0 1
1543 19 9 -1 0
1544 39 16 0 1
1545 41 34 -1 0
1546 30 37 0 -1
1547 19 29 0 -1
1548 32 1 0 -1
1549 28 30 0 -1
1550 52 32 1 0
1551 75 35 -1 0
1552 48 33 0 -1
1553 39 9 0 1
1554 89 37 0 -1
1555 70 32 1 0
1556 28 15 0 -1
1557 56 18 1 0
1558 86 28 1 0
1559 74 12 0 -1
1560 48 20 0 1
1561 53 33 0 -1
1562 15 27 0 1
1563 26 10 0 -1
1564 31 29 1 0
1565 44 0 0 1
1566 27 25 0 -1
1567 43 14 -1 0
1568 42 25 1 0
1569 23 10 1 0
1570 42 10 -1 0
1571 82 29 0 1
1572 1 39 0 1
1573 37 19 1 0
1574 52 20 1 0
1575 27 4 -1 0
1576 40 36 1 0
1577 44 19 -1 0
1578 46 29 0 -1
1579 32 34 -1 0
1580 51 7 0 -1
1581 1 21 0 -1
1582 44 39 -1 0
1583 26 15 -1 0
1584 35 5 -1 0
1585 23 8 0 -1
1586 31 13 0 -1
1587 43 0 0 1
1588 26 6 1 0
1589 22 34 1 0
1590 12 4 0 -1
1591 27 20 0 1
1592 59 21 1 0
1593 7 13 0 1
1594 82 7 0 1
1595 99 23 0 -1
1596 30 29 0 1
1597 2 29 -1 0
1598 28 18 1 0
1599 38 20 0 1
1600 46 31 -1 0
1601 36 30 0 -1
1602 44 11 -1 0
1603 24 39 0 -1
1604 38 1 1 0
1605 41 34 -1 0
1606 39 19 0 1
1607 15 15 0 1
1608 21 31 0 -1
1609 30 3 -1 0
1610 31 25 0 1
1611 80 9 0 -1
1612 46 26 -1 0
1613 40 14 1 0
1614 3 14 0 -1
1615 42 34 -1 0
1616 20 34 1 0
1617 82 8 1 0
1618 44 28 0 1
1619 65 7 0 -1
1620 80 1 -1 0
1621 97 34 0 1
1622 91 6 1 0
1623 38 15 0 -1
1624 62 34 0 1
1625 44 19 -1 0
1626 41 15 0 1
1627 20 31 -1 0
1628 29 10 1 0
1629 44 10 0 1
1630 22 0 -1 0
1631 24 39 1 0
1632 39 13 1 0
1633 32 11 0 -1
1634 30 1 -1 0
1635 21 12 0 -1
1636 82 12 0 1
1637 46 4 0 1
1638 29 9 -1 0
1639 35 39 1 0
1640 37 6 0 -1
1641 26 33 -1 0
1642 81 7 0 1
1643 29 38 1 0
1644 37 0 -1 0
1645 41 37 0 1
1646 54 33 0 -1
1647 28 27 0 -1
1648 25 11 0 -1
1649 42 2 0 -1
1650 27 4 0 1
1651 19 36 1 0
1652 25 14 1 0
1653 52 31 0 1
1654 18 27 -1 0
1655 26 7 1 0
1656 49 28 -1 0
1657 65 29 1 0
1658 29 17 0 1
1659 16 24 1 0
1660 40 19 0 -1
1661 6 18 0 1
1662 87 0 1 0
1663 42 17 0 1
1664 30 19 0 1
1665 27 5 1 0
1666 25 22 1 0
1667 79 2 0 -1
1668 37 30 0 -1
1669 24 15 1 0
1670 23 23 0 -1
1671 17 38 0 1
1672 21 7 0 -1
1673 38 38 0 1
1674 37 26 -1 0
1675 24 38 0 1
1676 28 11 0 1
1677 29 10 1 0
1678 25 6 -1 0
1679 0 38 0 -1
1680 88 22 1 0
1681 57 6 1 0
1682 32 15 -1 0
1683 46 30 -1 0
1684 20 23 1 0
1685 22 24 1 0
1686 29 1 0 1
1687 31 8 0 -1
1688 28 4 -1 0
1689 10 5 0 -1
1690 98 22 0 -1
1691 6 23 0 1
1692 77 1 -1 0
1693 24 7 0 -1
1694 24 9 -1 0
1695 39 10 0 1
1696 23 13 1 0
1697 97 23 -1 0
1698 37 32 0 -1
1699 19 2 1 0
1700 31 18 -1 0
1701 40 0 0 -1
1702 36 17 1 0
1703 32 37 1 0
1704 40 29 0 -1
1705 47 29 1 0
1706 20 5 0 1
1707 29 19 0 -1
1708 90 2 0 1
1709 7 0 0 -1
1710 15 27 0 1
1711 38 25 -1 0
1712 38 35 1 0
1713 31 4 1 0
1714 29 15 0 1
1715 17 7 1 0
1716 49 8 0 -1
1717 24 7 1 0
1718 42 36 -1 0
1719 24 33 0 1
1720 31 9 0 1
1721 42 26 -1 0
1722 86 25 -1 0
1723 94 31 0 1
1724 92 19 1 0
1725 44 5 0 -1
1726 29 25 -1 0
1727 42 18 0 -1
1728 25 11 -1 0
1729 23 23 1 0
1730 94 33 0 -1
1731 3 22 1 0
1732 20 7 0 1
1733 43 25 -1 0
1734 27 38 -1 0
1735 19 7 0 1
1736 40 22 1 0
1737 87 0 1 0
1738 20 2 0 -1
1739 25 31 1 0
1740 98 24 -1 0
1741 44 32 0 -1
1742 74 21 -1 0
1743 31 16 -1 0
1744 25 16 0 1
1745 21 19 1 0
1746 57 33 0 1
1747 52 19 1 0
1748 40 17 -1 0
1749 44 36 0 1
1750 19 22 1 0
1751 29 12 0 1
1752 25 26 0 -1
1753 30 8 0 1
1754 37 25 0 1
1755 43 2 1 0
1756 26 7 0 1
1757 36 33 -1 0
1758 44 7 1 0
1759 39 22 0 1
1760 46 27 0 -1
1761 28 34 -1 0
1762 38 16 0 -1
1763 92 23 0 1
1764 25 1 1 0
1765 84 36 0 1
1766 45 18 -1 0
1767 29 2 0 1
1768 77 39 1 0
1769 40 23 0 1
1770 42 20 0 1
1771 14 13 0 1
1772 26 3 -1 0
1773 42 31 1 0
1774 23 6 1 0
1775 24 28 0 -1
1776 17 0 1 0
1777 38 13 0 1
1778 30 23 1 0
1779 28 29 1 0
1780 50 27 -1 0
1781 35 25 -1 0
1782 34 1 1 0
1783 93 11 1 0
1784 31 25 -1 0
1785 11 38 -1 0
1786 37 4 -1 0
1787 24 32 -1 0
1788 44 38 -1 0
1789 44 11 0 -1
1790 37 12 1 0
1791 29 21 0 -1
1792 57 35 0 1
1793 29 13 1 0
1794 18 37 0 -1
1795 64 14 1 0
1796 27 23 0 -1
1797 47 12 0 -1
1798 39 21 0 -1
1799 15 18 0 -1
1800 36 39 0 1
1801 25 25 0 1
1802 29 2 1 0
1803 18 34 0 -1
1804 43 39 1 0
1805 8 15 -1 0
1806 30 27 1 0
1807 20 7 1 0
1808 20 22 0 1
1809 36 35 0 1
1810 26 13 0 -1
1811 32 4 0 -1
1812 91 4 0 -1
1813 42 37 0 1
1814 25 2 0 -1
1815 34 39 -1 0
1816 41 19 1 0
1817 18 7 0 1
1818 29 37 1 0
1819 38 33 0 1
1820 88 0 -1 0
1821 45 27 -1 0
1822 20 2 0 -1
1823 22 36 0 1
1824 76 34 1 0
1825 36 4 1 0
1826 41 26 1 0
1827 27 26 0 -1
1828 35 12 -1 0
1829 11 2 0 1
1830 87 24 -1 0
1831 19 15 1 0
1832 23 20 0 1
1833 40 5 1 0
1834 28 18 0 -1
1835 12 4 0 1
1836 3 22 1 0
1837 56 8 0 1
1838 15 9 1 0
1839 82 11 -1 0
1840 25 21 0 1
1841 32 16 -1 0
1842 45 3 0 -1
1843 46 36 0 -1
1844 25 25 0 -1
1845 54 28 -1 0
1846 16 12 -1 0
1847 46 34 1 0
1848 29 3 0 1
1849 44 10 -1 0
1850 70 6 0 1
1851 26 5 0 -1
1852 35 24 1 0
1853 27 31 0 1
1854 38 36 -1 0
1855 36 18 -1 0
1856 2 37 0 1
1857 21 5 0 -1
1858 16 32 -1 0
1859 21 9 1 0
1860 13 26 0 -1
1861 59 31 -1 0
1862 22 13 1 0
1863 45 0 1 0
1864 40 8 -1 0
1865 29 2 1 0
1866 23 5 0 -1
1867 74 0 0 1
1868 16 2 0 -1
1869 44 4 -1 0
1870 43 1 1 0
1871 31 9 -1 0
1872 16 15 0 1
1873 39 27 1 0
1874 32 19 0 -1
1875 18 13 0 1
1876 5 31 0 -1
1877 24 12 0 -1
1878 42 31 1 0
1879 45 2 -1 0
1880 78 9 0 -1
1881 39 6 0 1
1882 37 16 1 0
1883 16 4 0 1
1884 43 1 1 0
1885 60 13 -1 0
1886 38 1 0 1
1887 27 32 1 0
1888 28 35 1 0
1889 38 4 1 0
1890 21 39 1 0
1891 20 15 -1 0
1892 36 7 -1 0
1893 45 6 0 -1
1894 42 28 -1 0
1895 6 26 1 0
1896 11 0 0 1
1897 26 24 0 -1
1898 20 15 1 0
1899 18 1 0 1
1900 31 7 1 0
1901 26 11 -1 0
1902 53 3 0 -1
1903 39 1 0 -1
1904 50 28 -1 0
1905 21 16 0 1
1906 78 25 -1 0
1907 86 12 1 0
1908 41 21 -1 0
1909 22 4 0 -1
1910 37 24 1 0
1911 41 35 -1 0
1912 41 23 0 -1
1913 51 8 0 1
1914 94 28 0 -1
1915 95 37 -1 0
1916 46 25 0 1
1917 3 39 0 1
1918 30 18 0 1
1919 84 4 0 1
1920 29 1 0 1
1921 37 15 0 1
1922 17 8 1 0
1923 26 6 0 1
1924 22 13 0 1
1925 35 4 0 -1
1926 50 0 -1 0
1927 19 5 1 0
1928 15 7 -1 0
1929 96 13 -1 0
1930 26 17 0 -1
1931 29 27 0 1
1932 18 18 -1 0
1933 9 0 1 0
1934 21 3 0 -1
1935 36 30 -1 0
1936 67 19 -1 0
1937 36 26 -1 0
1938 58 35 -1 0
1939 41 23 0 1
1940 38 6 1 0
1941 23 32 -1 0
1942 27 39 -1 0
1943 42 7 0 -1
1944 29 16 0 1
1945 25 39 0 -1
1946 94 23 0 -1
1947 69 13 1 0
1948 53 14 -1 0
1949 41 12 0 -1
1950 18 2 1 0
1951 35 39 -1 0
1952 20 1 0 -1
1953 14 7 1 0
1954 43 22 -1 0
1955 24 27 0 -1
1956 26 12 1 0
1957 18 8 0 1
1958 42 30 1 0
1959 21 7 1 0
1960 9 21 -1 0
1961 37 25 -1 0
1962 64 19 0 -1
1963 81 35 1 0
1964 38 24 0 -1
1965 32 3 -1 0
1966 81 24 -1 0
1967 0 9 0 -1
1968 36 19 0 1
1969 30 7 1 0
1970 0 19 1 0
1971 25 4 0 1
1972 35 36 1 0
1973 24 36 0 -1
1974 22 21 1 0
1975 47 15 1 0
1976 12 11 -1 0
1977 24 23 -1 0
1978 35 4 1 0
1979 76 32 0 -1
1980 75 14 0 1
1981 15 33 0 1
1982 66 6 -1 0
1983 26 22 0 1
1984 45 4 0 -1
1985 78 10 1 0
1986 44 26 -1 0
1987 77 2 0 1
1988 51 27 0 1
1989 96 29 1 0
1990 44 5 -1 0
1991 99 29 0 1
1992 69 34 0 1
1993 40 38 0 1
1994 20 34 -1 0
1995 38 21 0 1
1996 37 30 0 -1
1997 91 38 0 1
1998 4 33 0 1
1999 27 5 0 1
2000 48 32 0 1
2001 35 0 -1 0
2002 36 38 0 -1
2003 41 0 -1 0
2004 88 1 0 -1
2005 93 16 -1 0
2006 28 6 0 -1
2007 10 0 -1 0
2008 9 6 1 0
2009 38 27 -1 0
2010 68 13 0 -1
2011 32 0 1 0
2012 1 0 -1 0
2013 6 25 1 0
2014 27 34 1 0
2015 73 25 -1 0
2016 30 4 -1 0
2017 59 22 0 -1
2018 39 7 -1 0
2019 22 1 -1 0
2020 42 6 -1 0
2021 36 11 0 -1
2022 46 5 0 -1
2023 40 30 0 1
2024 28 4 0 -1
2025 36 1 1 0
2026 21 37 0 1
2027 18 10 1 0
2028 19 31 1 0
2029 21 2 -1 0
2030 76 15 0 -1
2031 24 18 0 -1
2032 31 38 0 1
2033 93 0 0 1
2034 24 13 1 0
2035 25 23 0 -1
2036 40 26 1 0
2037 37 22 -1 0
2038 54 24 -1 0
2039 96 16 0 1
2040 81 34 1 0
2041 46 31 0 -1
2042 30 13 1 0
2043 43 6 1 0
2044 15 23 0 1
2045 27 28 -1 0
2046 31 6 1 0
2047 29 11 1 0
2048 16 3 -1 0
2049 43 30 -1 0
2050 47 27 0 -1
2051 35 3 -1 0
2052 27 2 0 1
2053 23 18 -1 0
2054 30 18 -1 0
2055 31 28 0 1
2056 7 18 0 -1
2057 12 30 1 0
2058 13 31 0 -1
2059 31 11 0 -1
2060 38 5 0 -1
2061 98 39 0 1
2062 26 35 -1 0
2063 52 15 0 1
2064 20 7 -1 0
2065 31 12 -1 0
2066 21 31 1 0
2067 19 38 0 -1
2068 25 22 0 1
2069 43 3 1 0
2070 38 6 -1 0
2071 21 0 1 0
2072 50 8 1 0
2073 62 32 -1 0
2074 26 24 1 0
2075 39 33 0 1
2076 23 38 1 0
2077 50 9 1 0
2078 5 34 -1 0
2079 42 27 0 1
2080 43 7 0 -1
2081 24 18 1 0
2082 62 25 -1 0
2083 90 1 0 -1
2084 45 28 0 1
2085 43 29 -1 0
2086 31 28 0 -1
2087 22 38 -1 0
2088 23 34 -1 0
2089 24 16 0 -1
2090 38 4 0 1
2091 30 29 1 0
2092 23 22 1 0
2093 22 7 -1 0
2094 44 23 1 0
2095 56 19 1 0
2096 25 13 0 -1
2097 40 33 -1 0
2098 29 38 1 0
2099 23 19 1 0
2100 49 27 -1 0
2101 25 8 0 -1
2102 18 2 -1 0
2103 31 0 -1 0
2104 38 2 0 -1
2105 37 21 0 -1
2106 31 31 1 0
2107 13 4 0 1
2108 24 4 -1 0
2109 26 9 0 1
2110 86 32 1 0
2111 36 12 -1 0
2112 27 16 -1 0
2113 81 23 -1 0
2114 85 25 0 1
2115 48 29 0 -1
2116 26 12 0 1
2117 20 11 1 0
2118 39 18 -1 0
2119 13 29 0 1
2120 27 3 -1 0
2121 10 7 -1 0
2122 22 10 1 0
2123 24 22 1 0
2124 37 36 -1 0
2125 39 20 0 -1
2126 28 27 0 -1
2127 25 7 -1 0
2128 45 38 0 -1
2129 14 33 0 -1
2130 93 33 1 0
2131 22 7 0 1
2132 16 30 1 0
2133 17 2 1 0
2134 12 32 0 1
2135 88 14 1 0
2136 26 37 0 1
2137 15 38 -1 0
2138 92 32 0 -1
2139 23 27 0 -1
2140 34 14 -1 0
2141 18 19 0 -1
2142 44 1 0 -1
2143 12 35 1 0
2144 28 3 0 -1
2145 28 10 0 -1
2146 36 8 0 -1
2147 42 37 0 1
2148 52 36 1 0
2149 19 36 0 1
2150 29 23 1 0
2151 22 24 0 -1
2152 19 39 0 1
2153 95 3 0 -1
2154 39 39 1 0
2155 35 23 0 -1
2156 29 29 0 1
2157 23 14 0 -1
2158 36 36 -1 0
2159 22 4 0 -1
2160 32 4 -1 0
2161 68 2 -1 0
2162 72 34 -1 0
2163 19 0 1 0
2164 40 23 0 -1
2165 45 10 -1 0
2166 41 30 -1 0
2167 39 27 0 1
2168 54 29 -1 0
2169 0 21 0 -1
2170 43 19 1 0
2171 68 4 0 1
2172 40 23 1 0
2173 24 16 1 0
2174 44 39 -1 0
2175 25 17 0 1
2176 19 19 -1 0
2177 25 36 0 1
2178 6 25 -1 0
2179 30 3 0 -1
2180 97 27 1 0
2181 7 6 -1 0
2182 34 1 -1 0
2183 23 6 -1 0
2184 25 22 0 1
2185 31 26 0 -1
2186 22 38 -1 0
2187 98 10 0 -1
2188 46 29 -1 0
2189 24 36 1 0
2190 43 12 0 -1
2191 56 11 -1 0
2192 47 18 0 1
2193 41 17 1 0
2194 12 39 0 1
2195 23 8 -1 0
2196 11 11 1 0
2197 30 14 -1 0
2198 21 37 0 1
2199 27 23 1 0
2200 22 17 -1 0
2201 30 12 0 1
2202 67 2 0 -1
2203 49 15 0 -1
2204 15 28 1 0
2205 88 39 1 0
2206 38 19 0 -1
2207 24 20 -1 0
2208 31 5 -1 0
2209 37 39 0 1
2210 20 24 0 -1
2211 52 16 1 0
2212 29 23 0 1
2213 32 8 0 -1
2214 34 39 0 -1
2215 43 11 1 0
2216 23 4 1 0
2217 30 6 1 0
2218 52 6 1 0
2219 38 24 1 0
2220 77 15 0 -1
2221 74 24 -1 0
2222 46 1 -1 0
2223 24 23 0 -1
2224 44 3 0 -1
2225 28 6 0 1
2226 16 24 -1 0
2227 40 36 0 -1
2228 81 37 0 -1
2229 18 0 -1 0
2230 13 28 1 0
2231 10 10 1 0
2232 58 35 -1 0
2233 58 10 -1 0
2234 18 0 0 1
2235 74 36 0 1
2236 26 25 -1 0
2237 30 12 -1 0
2238 22 3 0 1
2239 43 17 1 0
2240 89 30 1 0
2241 41 38 0 1
2242 41 9 -1 0
2243 42 9 0 1
2244 21 23 0 -1
2245 38 0 -1 0
2246 20 39 1 0
2247 29 20 -1 0
2248 5 12 -1 0
2249 30 5 -1 0
2250 37 3 0 -1
2251 1 36 -1 0
2252 35 1 0 1
2253 23 9 -1 0
2254 35 1 -1 0
2255 3 16 0 -1
2256 23 14 0 -1
2257 84 6 0 -1
2258 36 36 -1 0
2259 70 20 0 -1
2260 41 18 1 0
2261 24 3 0 -1
2262 42 28 0 -1
2263 29 28 0 1
2264 4 32 -1 0
2265 45 30 1 0
2266 28 22 -1 0
2267 28 2 -1 0
2268 38 3 -1 0
2269 52 22 1 0
2270 45 37 -1 0
2271 41 22 -1 0
2272 29 5 0 1
2273 45 24 1 0
2274 38 7 0 1
2275 34 7 1 0
2276 34 33 0 1
2277 70 30 1 0
2278 46 24 0 1
2279 30 38 0 1
2280 46 20 0 -1
2281 92 38 1 0
2282 3 9 -1 0
2283 46 35 0 -1
2284 42 16 0 1
2285 13 32 -1 0
2286 47 29 0 -1
2287 25 15 0 1
2288 37 11 0 -1
2289 44 1 -1 0
2290 31 4 1 0
2291 45 15 1 0
2292 37 38 0 1
2293 17 21 0 -1
2294 77 10 0 -1
2295 47 11 0 1
2296 18 37 0 1
2297 93 10 0 1
2298 44 11 0 -1
2299 41 5 0 -1
2300 25 28 1 0
2301 39 37 1 0
2302 52 29 -1 0
2303 92 25 -1 0
2304 38 19 -1 0
2305 14 11 0 1
2306 31 16 0 -1
2307 51 34 -1 0
2308 96 39 1 0
2309 7 15 -1 0
2310 40 6 1 0
2311 8 34 0 -1
2312 56 6 1 0
2313 39 26 0 -1
2314 6 9 0 -1
2315 23 7 1 0
2316 87 32 0 -1
2317 64 30 -1 0
2318 11 36 0 1
2319 46 9 1 0
2320 99 24 0 -1
2321 43 3 0 1
2322 32 29 0 -1
2323 37 17 0 1
2324 32 1 0 -1
2325 17 2 1 0
2326 14 32 1 0
2327 10 14 1 0
2328 43 31 0 -1
2329 47 23 0 -1
2330 37 32 0 1
2331 44 16 1 0
2332 24 11 0 -1
2333 16 9 1 0
2334 25 34 1 0
2335 18 7 1 0
2336 42 7 1 0
2337 28 13 1 0
2338 16 0 0 -1
2339 58 16 0 1
2340 52 0 1 0
2341 36 6 0 -1
2342 27 8 0 1
2343 44 9 1 0
2344 3 15 0 -1
2345 28 23 1 0
2346 41 21 -1 0
2347 6 18 0 1
2348 22 8 0 1
2349 31 29 -1 0
2350 39 29 1 0
2351 86 4 0 -1
2352 38 12 0 1
2353 49 16 -1 0
2354 26 22 -1 0
2355 28 26 0 1
2356 41 14 -1 0
2357 15 11 0 1
2358 38 34 1 0
2359 30 31 1 0
2360 11 31 0 -1
2361 25 8 0 -1
2362 39 3 -1 0
2363 12 0 0 1
2364 37 35 1 0
2365 48 36 1 0
2366 35 20 0 1
2367 36 7 0 -1
2368 24 31 1 0
2369 27 38 0 1
2370 50 37 -1 0
2371 41 16 0 1
2372 17 10 1 0
2373 30 13 -1 0
2374 39 34 0 1
2375 30 6 1 0
2376 29 34 1 0
2377 26 1 -1 0
2378 43 31 1 0
2379 87 3 1 0
2380 36 8 1 0
2381 10 36 0 -1
2382 77 5 -1 0
2383 28 15 0 -1
2384 21 21 0 -1
2385 42 26 -1 0
2386 36 5 0 1
2387 25 25 1 0
2388 56 21 1 0
2389 24 11 0 1
2390 5 13 0 -1
2391 32 2 0 -1
2392 73 39 0 -1
2393 55 21 1 0
2394 42 24 0 1
2395 0 9 -1 0
2396 46 1 1 0
2397 43 13 -1 0
2398 17 20 1 0
2399 40 38 0 1
2400 31 14 1 0
2401 0 27 0 1
2402 43 32 0 -1
2403 36 17 1 0
2404 45 37 0 1
2405 55 31 0 1
2406 58 35 0 -1
2407 38 38 0 1
2408 43 13 -1 0
2409 13 8 1 0
2410 42 5 1 0
2411 31 21 1 0
2412 22 23 1 0
2413 17 27 -1 0
2414 35 19 0 1
2415 41 11 -1 0
2416 15 37 -1 0
2417 39 17 0 -1
2418 72 8 0 1
2419 63 1 0 1
2420 26 30 0 1
2421 79 33 0 1
2422 21 5 0 1
2423 95 19 0 1
2424 15 34 1 0
2425 24 5 1 0
2426 37 4 -1 0
2427 23 30 1 0
2428 25 23 0 1
2429 89 6 1 0
2430 41 11 0 -1
2431 27 24 0 -1
2432 43 18 0 -1
2433 24 24 -1 0
2434 14 14 1 0
2435 36 25 0 -1
2436 88 8 1 0
2437 24 21 0 1
2438 52 38 1 0
2439 35 35 1 0
2440 36 3 -1 0
2441 38 29 0 -1
2442 24 13 0 -1
2443 29 20 0 1
2444 29 24 0 -1
2445 12 30 -1 0
2446 38 17 1 0
2447 77 33 0 1
2448 25 30 1 0
2449 13 10 0 -1
2450 41 28 1 0
2451 13 7 0 1
2452 19 5 1 0
2453 36 23 -1 0
2454 14 31 -1 0
2455 43 23 0 1
2456 44 29 0 -1
2457 29 0 0 1
2458 47 20 -1 0
2459 44 26 -1 0
2460 36 37 1 0
2461 22 20 0 -1
2462 40 24 1 0
2463 56 26 -1 0
2464 76 0 0 -1
2465 25 38 0 -1
2466 48 31 -1 0
2467 17 15 1 0
2468 76 33 -1 0
2469 41 9 -1 0
2470 18 29 -1 0
2471 40 33 0 1
2472 37 26 0 1
2473 67 27 1 0
2474 25 9 0 1
2475 28 18 1 0
2476 5 31 0 -1
2477 43 2 0 -1
2478 21 2 0 1
2479 97 34 -1 0
2480 19 15 -1 0
2481 42 0 0 1
2482 38 23 0 -1
2483 92 4 1 0
2484 23 3 -1 0
2485 42 21 -1 0
2486 49 10 -1 0
2487 44 6 1 0
2488 20 2 0 1
2489 27 25 0 -1
2490 23 22 1 0
2491 4 24 0 -1
2492 45 30 1 0
2493 18 25 -1 0
2494 92 36 0 1
2495 54 19 0 -1
2496 62 11 1 0
2497 43 33 0 -1
2498 57 31 0 1
2499 21 38 0 1
2500 71 15 -1 0
2501 21 7 0 1
2502 16 11 0 -1
2503 45 2 -1 0
2504 26 9 1 0
2505 17 14 0 1
2506 51 19 0 -1
2507 16 34 0 -1
2508 26 34 0 1
2509 15 25 0 -1
2510 30 1 0 1
2511 22 4 -1 0
2512 28 29 0 -1
2513 36 6 0 -1
2514 87 8 0 -1
2515 23 33 1 0
2516 26 11 -1 0
2517 66 37 0 -1
2518 36 24 0 -1
2519 47 19 0 1
2520 35 23 0 1
2521 19 39 0 -1
2522 30 8 0 1
2523 32 6 -1 0
2524 37 19 0 1
2525 23 20 0 1
2526 44 9 -1 0
2527 27 8 0 1
2528 3 36 -1 0
2529 44 28 0 1
2530 78 12 -1 0
2531 64 39 0 -1
2532 72 20 -1 0
2533 44 32 -1 0
2534 37 29 0 1
2535 38 23 0 1
2536 22 38 1 0
2537 51 12 -1 0
2538 27 0 -1 0
2539 24 25 1 0
2540 25 26 0 -1
2541 41 3 0 1
2542 45 35 1 0
2543 45 36 0 1
2544 42 20 0 1
2545 21 3 0 -1
2546 93 33 -1 0
2547 26 27 -1 0
2548 93 39 0 -1
2549 38 26 1 0
2550 26 21 0 1
2551 54 4 1 0
2552 36 13 0 1
2553 28 26 0 1
2554 29 25 -1 0
2555 51 36 0 1
2556 19 9 0 -1
2557 28 21 -1 0
2558 48 11 1 0
2559 30 3 0 1
2560 10 29 -1 0
2561 31 39 0 1
2562 3 19 0 -1
2563 22 39 0 -1
2564 47 28 0 1
2565 20 4 -1 0
2566 20 36 0 1
2567 29 17 0 1
2568 32 1 0 -1
2569 36 23 0 -1
2570 37 31 1 0
2571 35 35 0 1
2572 25 30 -1 0
2573 18 5 1 0
2574 18 30 1 0
2575 92 0 1 0
2576 48 3 0 1
2577 27 18 0 -1
2578 32 5 0 1
2579 23 7 0 -1
2580 25 28 0 -1
2581 32 39 1 0
2582 64 29 1 0
2583 1 27 -1 0
2584 18 1 0 -1
2585 37 28 0 1
2586 49 12 0 1
2587 42 26 0 1
2588 14 20 1 0
2589 43 16 0 1
2590 28 7 0 1
2591 17 8 -1 0
2592 46 32 -1 0
2593 33 30 1 0
2594 19 17 1 0
2595 26 16 0 1
2596 44 3 -1 0
2597 38 5 0 -1
2598 10 32 0 -1
2599 31 22 1 0
2600 26 25 0 -1
2601 66 33 0 1
2602 18 28 -1 0
2603 31 24 0 1
2604 41 18 0 1
2605 37 23 -1 0
2606 10 39 1 0
2607 23 24 0 -1
2608 90 15 1 0
2609 37 38 0 -1
2610 28 29 0 -1
2611 42 17 -1 0
2612 20 9 0 -1
2613 4 37 0 -1
2614 24 22 1 0
2615 30 31 1 0
2616 2 9 -1 0
2617 44 29 -1 0
2618 0 2 0 1
2619 38 33 0 1
2620 31 33 0 -1
2621 41 30 0 1
2622 21 36 0 1
2623 35 20 -1 0
2624 26 0 0 -1
2625 22 15 1 0
2626 36 2 0 -1
2627 6 31 0 -1
2628 27 21 -1 0
2629 13 38 0 1
2630 90 34 0 -1
2631 34 35 0 1
2632 14 17 0 1
2633 46 30 -1 0
2634 1 39 1 0
2635 30 31 1 0
2636 28 19 -1 0
2637 61 11 0 -1
2638 37 28 1 0
2639 0 4 1 0
2640 18 32 -1 0
2641 49 8 1 0
2642 42 21 0 -1
2643 28 17 -1 0
2644 38 20 1 0
2645 22 22 -1 0
2646 30 20 0 1
2647 32 3 1 0
2648 25 5 -1 0
2649 29 3 1 0
2650 36 23 0 1
2651 95 2 0 -1
2652 60 5 0 1
2653 17 5 1 0
2654 63 31 1 0
2655 21 27 0 -1
2656 21 29 0 -1
2657 98 16 0 -1
2658 24 5 0 -1
2659 28 2 0 1
2660 23 4 1 0
2661 61 13 1 0
2662 25 14 -1 0
2663 39 20 1 0
2664 1 30 0 1
2665 37 13 -1 0
2666 40 21 0 -1
2667 24 33 0 1
2668 45 27 1 0
2669 45 3 0 -1
2670 34 37 -1 0
2671 25 35 1 0
2672 39 33 -1 0
2673 38 22 0 -1
2674 48 27 -1 0
2675 24 14 1 0
2676 40 29 -1 0
2677 18 35 -1 0
2678 12 23 0 -1
2679 5 30 0 1
2680 25 12 1 0
2681 81 37 0 -1
2682 40 4 0 1
2683 38 39 0 1
2684 97 24 0 1
2685 41 6 1 0
2686 12 35 0 -1
2687 27 31 0 1
2688 62 24 0 -1
2689 40 1 -1 0
2690 5 38 -1 0
2691 39 12 0 -1
2692 21 8 0 -1
2693 39 38 1 0
2694 18 36 1 0
2695 32 16 0 1
2696 44 16 -1 0
2697 29 18 0 1
2698 29 12 -1 0
2699 13 13 0 -1
2700 42 25 1 0
2701 94 29 0 1
2702 41 20 0 1
2703 21 30 0 -1
2704 36 35 -1 0
2705 31 31 1 0
2706 94 34 0 -1
2707 25 15 1 0
2708 44 29 -1 0
2709 28 39 0 1
2710 27 17 1 0
2711 71 25 0 1
2712 50 25 -1 0
2713 78 12 0 -1
2714 24 13 1 0
2715 95 25 0 1
2716 23 31 1 0
2717 39 24 -1 0
2718 15 11 0 -1
2719 29 23 1 0
2720 98 28 0 -1
2721 10 2 -1 0
2722 43 22 0 1
2723 42 23 0 1
2724 40 4 -1 0
2725 43 38 0 1
2726 44 0 0 -1
2727 80 37 0 1
2728 26 27 1 0
2729 40 20 1 0
2730 22 9 1 0
2731 28 33 0 1
2732 24 30 0 1
2733 42 31 0 -1
2734 24 1 -1 0
2735 47 3 -1 0
2736 46 37 1 0
2737 42 22 1 0
2738 27 10 1 0
2739 31 39 0 -1
2740 32 3 0 -1
2741 35 0 0 -1
2742 17 3 -1 0
2743 91 16 0 1
2744 23 11 0 1
2745 48 31 0 1
2746 35 2 0 1
2747 39 27 -1 0
2748 25 3 1 0
2749 31 1 -1 0
2750 89 31 0 1
2751 46 30 0 1
2752 27 2 0 1
2753 16 13 1 0
2754 26 19 0 -1
2755 37 35 1 0
2756 27 11 -1 0
2757 43 16 0 1
2758 22 14 0 1
2759 98 14 1 0
2760 76 11 1 0
2761 18 39 1 0
2762 71 29 -1 0
2763 89 31 0 -1
2764 44 22 0 1
2765 3 9 -1 0
2766 47 31 -1 0
2767 26 29 -1 0
2768 28 35 0 -1
2769 22 8 0 1
2770 45 17 0 1
2771 25 39 0 -1
2772 37 21 0 1
2773 98 15 1 0
2774 34 1 -1 0
2775 21 24 -1 0
2776 26 29 0 -1
2777 73 4 0 -1
2778 19 1 0 -1
2779 43 27 0 -1
2780 3 20 0 1
2781 37 3 -1 0
2782 24 22 0 1
2783 85 1 -1 0
2784 30 28 1 0
2785 11 21 0 1
2786 27 8 -1 0
2787 7 16 0 -1
2788 10 21 1 0
2789 31 11 -1 0
2790 37 28 0 -1
2791 25 38 1 0
2792 81 17 0 1
2793 31 2 -1 0
2794 25 21 0 1
2795 29 25 0 1
2796 43 9 1 0
2797 27 18 0 1
2798 39 28 0 -1
2799 28 5 0 -1
2800 40 38 0 1
2801 30 21 -1 0
2802 28 36 0 -1
2803 20 22 1 0
2804 58 27 0 -1
2805 41 20 -1 0
2806 85 30 -1 0
2807 24 24 0 -1
2808 20 38 -1 0
2809 38 39 0 1
2810 36 26 -1 0
2811 7 39 0 -1
2812 40 35 1 0
2813 96 2 0 -1
2814 45 24 0 -1
2815 21 21 0 -1
2816 88 6 0 -1
2817 42 18 -1 0
2818 18 28 -1 0
2819 44 10 0 1
2820 49 22 1 0
2821 19 2 1 0
2822 2 30 -1 0
2823 96 14 0 -1
2824 35 3 0 1
2825 40 26 1 0
2826 42 1 0 1
2827 46 1 -1 0
2828 29 28 0 1
2829 80 23 0 -1
2830 46 12 -1 0
2831 28 34 0 1
2832 6 6 -1 0
2833 45 26 0 1
2834 59 13 0 -1
2835 31 18 0 -1
2836 89 9 0 1
2837 41 14 1 0
2838 10 35 1 0
2839 19 3 0 1
2840 39 29 -1 0
2841 27 7 1 0
2842 62 13 1 0
2843 30 12 0 1
2844 67 10 1 0
2845 36 0 -1 0
2846 19 37 1 0
2847 35 37 1 0
2848 25 3 1 0
2849 93 4 1 0
2850 38 9 1 0
2851 28 15 0 -1
2852 9 29 1 0
2853 32 28 0 -1
2854 85 29 0 1
2855 45 25 -1 0
2856 11 8 0 -1
2857 43 39 1 0
2858 98 8 1 0
2859 26 13 -1 0
2860 83 34 0 -1
2861 26 17 1 0
2862 98 5 0 1
2863 94 3 0 -1
2864 44 20 -1 0
2865 24 17 1 0
2866 12 2 0 1
2867 40 2 -1 0
2868 28 9 -1 0
2869 22 34 0 1
2870 27 9 -1 0
2871 41 27 -1 0
2872 39 38 -1 0
2873 89 35 0 -1
2874 37 21 1 0
2875 21 28 0 -1
2876 44 33 -1 0
2877 38 0 0 -1
2878 97 11 1 0
2879 8 35 0 -1
2880 29 16 0 1
2881 27 36 0 1
2882 72 11 1 0
2883 37 37 0 1
2884 28 14 0 1
2885 26 15 -1 0
2886 21 19 1 0
2887 28 0 1 0
2888 43 21 1 0
2889 48 18 0 -1
2890 28 14 0 -1
2891 31 10 1 0
2892 53 29 1 0
2893 44 27 1 0
2894 26 34 0 1
2895 26 21 1 0
2896 22 37 -1 0
2897 64 4 1 0
2898 42 10 1 0
2899 30 16 1 0
2900 17 30 0 1
2901 25 5 0 -1
2902 26 31 -1 0
2903 20 19 0 -1
2904 24 6 0 1
2905 73 1 -1 0
2906 97 2 0 1
2907 47 0 0 -1
2908 40 7 1 0
2909 39 28 -1 0
2910 92 8 0 1
2911 43 7 -1 0
2912 36 21 1 0
2913 18 39 1 0
2914 0 8 0 -1
2915 18 2 0 -1
2916 35 21 0 1
2917 91 9 0 -1
2918 29 38 1 0
2919 40 16 1 0
2920 18 10 0 -1
2921 18 9 1 0
2922 38 21 1 0
2923 21 10 0 -1
2924 43 39 -1 0
2925 32 18 1 0
2926 18 24 -1 0
2927 23 12 0 1
2928 45 8 0 -1
2929 35 20 1 0
2930 33 1 0 -1
2931 27 37 0 1
2932 38 35 0 1
2933 24 35 0 -1
2934 29 28 -1 0
2935 30 1 0 -1
2936 22 22 1 0
2937 26 28 0 1
2938 86 38 -1 0
2939 39 36 0 1
2940 37 0 0 1
2941 7 3 1 0
2942 52 26 0 -1
2943 25 3 0 1
2944 46 2 0 -1
2945 20 31 1 0
2946 8 22 0 -1
2947 21 13 1 0
2948 40 2 0 -1
2949 14 37 -1 0
2950 20 20 0 1
2951 38 32 -1 0
2952 28 22 -1 0
2953 22 7 0 1
2954 92 34 0 1
2955 56 14 0 -1
2956 27 14 0 -1
2957 5 18 -1 0
2958 5 9 0 1
2959 10 28 1 0
2960 63 17 1 0
2961 31 27 0 1
2962 42 30 1 0
2963 24 10 0 1
2964 91 10 1 0
2965 94 30 0 1
2966 24 30 0 1
2967 44 4 -1 0
2968 95 21 1 0
2969 20 31 -1 0
2970 31 6 1 0
2971 36 39 0 1
2972 85 5 1 0
2973 40 6 -1 0
2974 28 3 0 -1
2975 17 7 1 0
2976 87 12 -1 0
2977 80 3 1 0
2978 39 35 -1 0
2979 23 4 -1 0
2980 27 0 1 0
2981 25 19 0 -1
2982 38 33 0 1
2983 36 37 1 0
2984 65 15 0 1
2985 22 5 0 -1
2986 30 30 0 -1
2987 22 30 0 1
2988 22 39 1 0
2989 80 39 -1 0
2990 63 25 0 1
2991 31 30 0 -1
2992 91 18 1 0
2993 27 32 0 -1
2994 75 0 0 1
2995 31 14 1 0
2996 32 35 1 0
2997 41 24 1 0
2998 26 25 -1 0
2999 32 18 0 -1
3000 44 38 0 1
3001 26 4 0 -1
3002 32 5 -1 0
3003 79 15 -1 0
3004 45 18 0 1
3005 21 24 1 0
3006 27 6 0 -1
3007 18 9 0 -1
3008 25 36 0 1
3009 45 31 -1 0
3010 83 33 -1 0
3011 24 31 1 0
3012 32 2 1 0
3013 25 14 -1 0
3014 77 4 1 0
3015 32 0 0 -1
3016 37 29 0 -1
3017 37 18 0 1
3018 3 14 -1 0
3019 35 22 0 1
3020 26 27 1 0
3021 57 38 0 -1
3022 31 28 0 -1
3023 29 11 0 1
3024 39 25 1 0
3025 27 30 0 1
3026 52 8 0 1
3027 22 29 0 -1
3028 25 13 0 -1
3029 38 27 0 -1
3030 92 18 0 -1
3031 47 28 0 -1
3032 2 25 0 -1
3033 43 29 0 -1
3034 36 11 -1 0
3035 41 10 -1 0
3036 68 18 0 -1
3037 20 10 0 1
3038 37 3 0 -1
3039 42 28 1 0
3040 26 6 1 0
3041 39 15 0 1
3042 3 9 0 -1
3043 23 30 1 0
3044 96 3 -1 0
3045 16 39 1 0
3046 28 25 0 -1
3047 48 13 0 -1
3048 28 38 0 1
3049 25 6 -1 0
3050 26 19 0 -1
3051 47 34 -1 0
3052 39 23 0 -1
3053 24 8 1 0
3054 10 1 -1 0
3055 89 37 1 0
3056 35 16 0 -1
3057 12 18 1 0
3058 43 9 0 1
3059 46 14 -1 0
3060 43 23 1 0
3061 68 24 0 -1
3062 29 26 0 -1
3063 94 30 -1 0
3064 44 31 1 0
3065 42 0 0 -1
3066 43 2 -1 0
3067 52 28 0 1
3068 58 4 -1 0
3069 42 0 0 -1
3070 28 7 -1 0
3071 22 13 0 -1
3072 55 10 0 -1
3073 81 35 0 1
3074 39 6 1 0
3075 25 35 0 1
3076 46 35 -1 0
3077 55 8 -1 0
3078 26 37 0 1
3079 36 3 0 1
3080 30 30 -1 0
3081 47 2 -1 0
3082 9 28 0 -1
3083 39 20 0 1
3084 44 28 1 0
3085 67 16 1 0
3086 97 14 -1 0
3087 41 24 1 0
3088 23 11 -1 0
3089 45 19 0 -1
3090 41 21 0 -1
3091 2 33 -1 0
3092 35 38 0 -1
3093 29 39 0 -1
3094 23 39 0 1
3095 37 27 1 0
3096 29 30 -1 0
3097 77 10 -1 0
3098 42 12 0 -1
3099 30 11 0 -1
3100 39 19 0 1
3101 21 6 1 0
3102 25 18 0 -1
3103 35 34 0 1
3104 25 9 -1 0
3105 97 26 1 0
3106 44 26 1 0
3107 28 3 -1 0
3108 32 14 1 0
3109 5 12 0 1
3110 28 32 -1 0
3111 19 4 1 0
3112 44 3 -1 0
3113 35 33 -1 0
3114 44 31 -1 0
3115 23 20 0 -1
3116 16 5 -1 0
3117 26 36 -1 0
3118 46 6 0 -1
3119 26 4 0 1
3120 22 28 -1 0
3121 19 1 1 0
3122 92 17 1 0
3123 32 9 0 -1
3124 19 15 1 0
3125 30 6 0 1
3126 30 10 1 0
3127 23 15 -1 0
3128 16 1 -1 0
3129 11 32 0 1
3130 36 8 1 0
3131 19 33 1 0
3132 43 18 0 1
3133 25 39 1 0
3134 79 23 -1 0
3135 4 6 0 1
3136 31 26 -1 0
3137 96 33 0 1
3138 90 0 0 1
3139 47 38 1 0
3140 39 25 -1 0
3141 42 39 0 -1
3142 46 5 0 -1
3143 14 33 0 1
3144 22 0 0 -1
3145 2 37 -1 0
3146 26 28 0 1
3147 86 33 1 0
3148 45 25 -1 0
3149 3 28 -1 0
3150 6 28 0 1
3151 87 4 -1 0
3152 45 30 0 -1
3153 98 23 0 -1
3154 42 14 0 1
3155 48 27 -1 0
3156 46 28 1 0
3157 46 23 0 1
3158 23 23 1 0
3159 36 3 1 0
3160 19 19 0 -1
3161 41 4 0 1
3162 22 3 0 1
3163 42 25 0 -1
3164 47 29 -1 0
3165 28 1 1 0
3166 39 7 1 0
3167 37 23 -1 0
3168 51 22 1 0
3169 28 23 0 -1
3170 79 3 -1 0
3171 41 16 1 0
3172 44 6 0 -1
3173 9 25 1 0
3174 26 23 0 1
3175 41 15 1 0
3176 95 33 -1 0
3177 22 36 0 1
3178 11 11 1 0
3179 16 24 0 -1
3180 74 14 0 1
3181 41 33 0 -1
3182 22 5 0 -1
3183 11 9 -1 0
3184 39 8 1 0
3185 25 10 0 1
3186 26 13 0 -1
3187 39 25 0 -1
3188 15 1 1 0
3189 21 23 0 1
3190 96 15 -1 0
3191 40 29 0 -1
3192 41 25 0 1
3193 87 15 0 -1
3194 5 17 0 1
3195 46 5 0 1
3196 39 26 -1 0
3197 27 0 0 -1
3198 59 32 0 -1
3199 34 29 -1 0
3200 38 15 1 0
3201 5 36 0 1
3202 46 21 -1 0
3203 24 34 0 -1
3204 40 22 0 1
3205 35 35 -1 0
3206 38 28 -1 0
3207 12 13 0 -1
3208 6 11 1 0
3209 35 5 -1 0
3210 26 8 0 1
3211 9 24 -1 0
3212 21 22 0 1
3213 90 33 0 1
3214 32 27 -1 0
3215 52 8 0 1
3216 29 8 1 0
3217 36 27 -1 0
3218 43 22 0 1
3219 24 0 0 -1
3220 49 26 1 0
3221 24 34 -1 0
3222 26 18 1 0
3223 24 14 0 -1
3224 64 20 0 1
3225 52 39 0 -1
3226 20 36 0 1
3227 38 6 -1 0
3228 39 14 0 -1
3229 25 18 0 -1
3230 69 20 1 0
3231 27 10 0 -1
3232 37 26 0 1
3233 37 20 0 1
3234 25 29 -1 0
3235 35 8 0 -1
3236 32 38 0 1
3237 69 29 0 -1
3238 66 5 0 -1
3239 93 14 0 1
3240 55 36 -1 0
3241 3 17 -1 0
3242 44 37 0 -1
3243 26 5 1 0
3244 89 21 -1 0
3245 95 15 0 1
3246 93 9 1 0
3247 20 12 0 -1
3248 47 15 0 1
3249 25 31 -1 0
3250 3 35 0 1
3251 25 24 0 1
3252 38 34 -1 0
3253 21 0 1 0
3254 48 5 -1 0
3255 26 19 -1 0
3256 39 15 -1 0
3257 50 3 0 -1
3258 28 31 1 0
3259 23 0 1 0
3260 41 33 1 0
3261 26 33 -1 0
3262 37 22 -1 0
3263 27 24 0 1
3264 47 30 -1 0
3265 44 18 -1 0
3266 1 37 0 1
3267 41 23 0 1
3268 38 36 1 0
3269 20 10 -1 0
3270 92 34 1 0
3271 65 14 1 0
3272 31 31 0 -1
3273 36 38 1 0
3274 43 21 0 1
3275 43 36 0 1
3276 29 21 1 0
3277 32 25 1 0
3278 25 9 1 0
3279 50 19 0 -1
3280 29 14 0 1
3281 68 24 0 -1
3282 30 21 -1 0
3283 20 4 1 0
3284 36 36 1 0
3285 76 1 0 -1
3286 30 9 1 0
3287 44 37 1 0
3288 90 32 0 1
3289 16 22 0 1
3290 23 31 1 0
3291 8 5 -1 0
3292 40 37 1 0
3293 26 35 -1 0
3294 40 34 0 -1
3295 40 28 -1 0
3296 19 0 -1 0
3297 24 6 -1 0
3298 31 0 -1 0
3299 86 35 -1 0
3300 24 1 1 0
3301 23 1 0 1
3302 25 13 -1 0
3303 40 24 -1 0
3304 13 10 0 -1
3305 45 36 0 1
3306 42 5 1 0
3307 14 2 -1 0
3308 42 38 0 1
3309 46 26 0 -1
3310 38 27 -1 0
3311 29 30 0 -1
3312 26 22 0 1
3313 12 36 1 0
3314 47 24 0 -1
3315 82 19 1 0
3316 27 21 0 1
3317 45 5 0 1
3318 46 24 0 1
3319 35 26 0 -1
3320 23 35 1 0
3321 32 12 0 -1
3322 39 24 1 0
3323 44 32 0 1
3324 6 20 -1 0
3325 40 17 -1 0
3326 67 22 0 1
3327 68 20 0 -1
3328 56 0 0 -1
3329 67 16 -1 0
3330 35 8 -1 0
3331 22 5 -1 0
3332 44 21 -1 0
3333 41 22 -1 0
3334 41 7 1 0
3335 21 6 1 0
3336 47 5 -1 0
3337 82 35 0 1
3338 15 23 0 1
3339 29 20 -1 0
3340 29 33 0 1
3341 90 1 1 0
3342 15 1 0 -1
3343 19 38 0 -1
3344 7 11 0 1
3345 50 11 0 -1
3346 94 25 1 0
3347 22 14 0 -1
3348 97 16 -1 0
3349 27 36 0 1
3350 60 1 1 0
3351 95 16 0 -1
3352 39 18 -1 0
3353 17 9 1 0
3354 23 38 0 1
3355 32 7 0 1
3356 23 0 0 -1
3357 76 33 0 -1
3358 2 6 -1 0
3359 33 9 1 0
3360 18 0 1 0
3361 24 11 1 0
3362 46 27 -1 0
3363 23 7 1 0
3364 29 6 -1 0
3365 93 8 0 -1
3366 3 20 0 1
3367 29 29 0 1
3368 43 30 1 0
3369 8 12 1 0
3370 13 29 -1 0
3371 41 26 0 1
3372 35 2 1 0
3373 25 10 1 0
3374 25 27 0 -1
3375 97 10 0 1
3376 3 36 0 -1
3377 26 20 1 0
3378 38 14 0 1
3379 43 10 0 1
3380 77 27 0 1
3381 35 5 1 0
3382 38 8 0 -1
3383 45 7 0 -1
3384 9 11 1 0
3385 21 22 0 1
3386 20 0 0 -1
3387 51 2 0 -1
3388 38 5 0 -1
3389 0 8 1 0
3390 12 17 0 -1
3391 38 9 -1 0
3392 35 23 0 -1
3393 71 31 0 -1
3394 42 10 1 0
3395 43 38 -1 0
3396 28 38 1 0
3397 36 1 -1 0
3398 16 36 0 -1
3399 28 9 1 0
3400 27 19 -1 0
3401 27 15 0 1
3402 29 4 -1 0
3403 45 38 0 -1
3404 39 22 0 1
3405 79 33 1 0
3406 45 38 0 1
3407 37 18 0 1
3408 94 19 -1 0
3409 1 4 1 0
3410 54 4 1 0
3411 77 5 1 0
3412 43 37 0 1
3413 64 0 1 0
3414 78 35 -1 0
3415 91 10 1 0
3416 17 29 0 1
3417 82 31 -1 0
3418 30 2 0 1
3419 43 4 0 -1
3420 73 3 0 -1
3421 78 11 -1 0
3422 45 17 0 -1
3423 38 30 -1 0
3424 87 18 0 1
3425 21 30 0 1
3426 39 6 0 1
3427 26 38 0 1
3428 20 3 0 1
3429 31 14 0 1
3430 89 24 0 -1
3431 38 39 -1 0
3432 50 11 0 -1
3433 19 10 0 -1
3434 25 12 0 -1
3435 82 1 -1 0
3436 31 16 0 -1
3437 26 15 1 0
3438 31 15 1 0
3439 22 26 1 0
3440 39 18 0 -1
3441 18 18 1 0
3442 37 17 1 0
3443 90 14 1 0
3444 28 24 0 -1
3445 24 37 0 1
3446 45 15 -1 0
3447 72 37 1 0
3448 56 27 1 0
3449 81 19 0 -1
3450 20 5 0 -1
3451 27 36 0 1
3452 91 0 1 0
3453 63 34 0 -1
3454 58 19 1 0
3455 17 12 -1 0
3456 74 10 1 0
3457 23 32 0 1
3458 28 8 -1 0
3459 23 33 1 0
3460 7 18 0 1
3461 29 30 1 0
3462 21 37 0 1
3463 19 9 0 1
3464 4 35 0 1
3465 37 37 0 1
3466 30 20 0 -1
3467 2 14 -1 0
3468 26 11 1 0
3469 8 32 -1 0
3470 56 7 0 1
3471 39 35 0 -1
3472 26 1 0 -1
3473 40 7 0 -1
3474 28 5 1 0
3475 21 11 -1 0
3476 30 19 1 0
3477 31 24 0 -1
3478 29 1 0 -1
3479 40 25 1 0
3480 38 32 0 1
3481 78 20 0 -1
3482 36 21 0 1
3483 38 7 0 1
3484 39 24 0 -1
3485 27 17 0 1
3486 44 18 0 1
3487 18 32 1 0
3488 45 6 0 1
3489 40 27 -1 0
3490 57 15 0 -1
3491 41 11 -1 0
3492 29 21 0 1
3493 52 37 0 -1
3494 47 3 0 1
3495 25 34 0 -1
3496 42 19 0 1
3497 28 0 0 -1
3498 45 32 -1 0
3499 27 15 -1 0
3500 22 20 1 0
3501 44 15 0 1
3502 78 29 0 -1
3503 20 9 0 -1
3504 48 9 -1 0
3505 6 15 0 1
3506 90 38 0 1
3507 43 1 1 0
3508 39 26 0 1
3509 43 37 -1 0
3510 24 15 0 1
3511 24 32 0 -1
3512 43 13 0 1
3513 26 26 -1 0
3514 85 33 0 1
3515 28 22 0 1
3516 99 7 0 1
3517 84 9 0 -1
3518 19 13 0 -1
3519 28 39 0 1
3520 18 8 0 1
3521 46 37 -1 0
3522 24 15 -1 0
3523 82 5 -1 0
3524 79 29 -1 0
3525 52 39 0 1
3526 28 5 0 -1
3527 52 3 1 0
3528 42 37 1 0
3529 23 37 0 1
3530 43 17 0 1
3531 56 0 0 1
3532 35 34 0 1
3533 77 5 0 -1
3534 44 7 -1 0
3535 41 26 0 -1
3536 96 3 0 1
3537 7 16 0 1
3538 19 30 1 0
3539 51 28 0 1
3540 41 27 0 1
3541 24 30 0 1
3542 51 4 1 0
3543 26 1 -1 0
3544 34 31 0 1
3545 91 12 1 0
3546 17 10 0 -1
3547 47 25 1 0
3548 25 24 1 0
3549 30 30 -1 0
3550 26 24 0 -1
3551 64 32 0 -1
3552 26 29 0 -1
3553 11 5 0 1
3554 43 6 -1 0
3555 28 11 1 0
3556 47 30 0 -1
3557 19 39 -1 0
3558 28 8 1 0
3559 64 35 0 1
3560 43 29 1 0
3561 22 3 0 1
3562 24 25 0 -1
3563 13 7 0 -1
3564 28 38 1 0
3565 26 38 0 -1
3566 37 6 0 -1
3567 19 32 1 0
3568 38 37 -1 0
3569 41 6 -1 0
3570 23 14 0 -1
3571 17 28 1 0
3572 26 9 1 0
3573 23 2 0 -1
3574 38 22 -1 0
3575 21 9 0 1
3576 27 28 1 0
3577 25 16 1 0
3578 48 1 0 -1
3579 1 25 0 1
3580 43 20 -1 0
3581 44 33 0 -1
3582 45 29 0 -1
3583 12 17 1 0
3584 82 0 1 0
3585 44 30 0 -1
3586 51 11 -1 0
3587 1 20 -1 0
3588 38 7 0 -1
3589 38 4 -1 0
3590 38 17 -1 0
3591 39 33 -1 0
3592 25 24 0 1
3593 27 22 1 0
3594 26 38 0 -1
3595 92 7 0 1
3596 42 27 -1 0
3597 27 7 1 0
3598 96 3 0 -1
3599 45 20 0 -1
