0 35 9 1 0
1 69 31 0 1
2 79 10 0 -1
3 50 1 0 -1
4 54 5 1 0
5 41 10 -1 0
6 27 5 0 -1
7 43 21 -1 0
8 24 34 0 1
9 42 23 1 0
10 4 5 -1 0
11 30 22 1 0
12 25 35 0 1
13 40 1 1 0
14 37 6 1 0
15 92 0 1 0
16 61 30 1 0
17 56 26 0 -1
18 43 36 -1 0
19 13 2 1 0
20 39 13 0 1
21 22 23 1 0
22 41 22 0 -1
23 27 35 1 0
24 40 34 0 1
25 39 26 0 -1
26 91 0 0 1
27 46 0 -1 0
28 30 22 0 1
29 26 31 -1 0
30 46 27 0 1
31 37 0 -1 0
32 55 33 1 0
33 26 36 0 1
34 17 18 -1 0
35 25 20 1 0
36 8 27 -1 0
37 25 32 0 -1
38 45 38 0 1
39 40 34 1 0
40 40 36 0 -1
41 38 37 1 0
42 37 1 0 1
43 21 31 -1 0
44 31 27 0 -1
45 41 34 1 0
46 9 31 0 -1
47 39 24 0 -1
48 46 10 -1 0
49 26 22 0 1
50 25 21 1 0
51 28 6 1 0
52 40 25 0 1
53 47 34 0 1
54 66 38 -1 0
55 24 25 1 0
56 48 3 0 1
57 1 19 0 1
58 8 1 0 -1
59 51 31 0 1
60 19 0 0 -1
61 88 38 -1 0
62 20 32 0 1
63 39 38 0 -1
64 0 9 1 0
65 29 2 0 -1
66 97 37 -1 0
67 94 34 1 0
68 14 8 0 -1
69 21 3 0 -1
70 44 37 0 -1
71 26 34 1 0
72 10 36 0 -1
73 40 0 -1 0
74 87 2 0 -1
75 30 18 -1 0
76 41 2 1 0
77 49 28 0 -1
78 31 30 0 -1
79 44 9 1 0
80 84 6 0 1
81 1 32 1 0
82 19 5 0 1
83 34 31 0 -1
84 45 28 -1 0
85 99 35 -1 0
86 87 26 0 1
87 36 34 0 -1
88 4 8 1 0
89 35 11 0 -1
90 76 2 0 1
91 64 15 0 -1
92 49 1 -1 0
93 19 14 0 1
94 44 25 -1 0
95 2 24 0 -1
96 36 31 1 0
97 13 36 0 -1
98 39 0 0 -1
99 20 34 -1 0
100 42 38 -1 0
101 46 9 0 -1
102 42 13 0 -1
103 42 30 -1 0
104 31 11 -1 0
105 86 7 0 -1
106 63 26 1 0
107 20 28 0 -1
108 50 1 -1 0
109 28 27 0 1
110 31 6 1 0
111 44 39 1 0
112 42 2 0 -1
113 47 0 -1 0
114 89 33 -1 0
115 11 32 -1 0
116 26 29 1 0
117 74 24 -1 0
118 18 27 0 -1
119 37 5 0 1
120 88 1 0 1
121 41 24 0 -1
122 27 34 -1 0
123 16 23 0 -1
124 15 20 0 -1
125 28 34 0 1
126 21 14 -1 0
127 16 37 -1 0
128 47 20 0 1
129 25 21 0 1
130 21 21 1 0
131 26 27 1 0
132 46 35 1 0
133 53 4 0 -1
134 39 3 -1 0
135 38 1 0 -1
136 35 14 -1 0
137 24 1 0 -1
138 41 4 0 1
139 24 34 -1 0
140 96 39 0 1
141 84 20 -1 0
142 40 19 1 0
143 38 15 -1 0
144 28 21 0 1
145 19 1 0 -1
146 46 29 -1 0
147 40 29 0 1
148 38 4 0 1
149 43 38 0 1
150 37 3 0 1
151 36 16 -1 0
152 27 19 1 0
153 31 24 0 1
154 97 38 0 1
155 89 23 0 1
156 45 8 -1 0
157 60 10 0 -1
158 99 21 0 -1
159 46 26 1 0
160 42 35 0 -1
161 40 15 0 -1
162 42 28 0 1
163 40 18 -1 0
164 51 31 0 -1
165 56 24 1 0
166 38 14 -1 0
167 85 3 0 -1
168 44 23 1 0
169 40 6 -1 0
170 30 6 0 -1
171 13 39 -1 0
172 90 1 0 -1
173 28 16 1 0
174 22 34 0 1
175 9 12 0 -1
176 9 36 0 -1
177 39 3 0 -1
178 35 25 -1 0
179 45 18 0 -1
180 90 5 1 0
181 38 0 -1 0
182 22 22 0 1
183 29 29 0 1
184 39 18 0 -1
185 37 8 1 0
186 43 2 0 1
187 52 9 -1 0
188 5 2 0 1
189 45 3 -1 0
190 25 6 0 -1
191 37 38 -1 0
192 26 10 -1 0
193 25 37 0 -1
194 29 36 -1 0
195 25 8 0 -1
196 43 5 0 -1
197 29 26 0 -1
198 42 12 1 0
199 47 34 0 1
200 45 1 0 1
201 39 38 0 -1
202 31 24 1 0
203 21 23 0 1
204 13 15 -1 0
205 22 3 -1 0
206 22 7 1 0
207 25 6 0 -1
208 44 38 -1 0
209 36 8 1 0
210 46 29 1 0
211 47 17 1 0
212 19 31 -1 0
213 44 2 -1 0
214 21 25 -1 0
215 20 26 0 -1
216 14 17 0 -1
217 42 11 1 0
218 30 35 0 1
219 28 13 1 0
220 25 25 0 1
221 36 27 0 1
222 64 5 1 0
223 26 34 0 1
224 24 35 -1 0
225 17 27 1 0
226 13 8 0 -1
227 50 17 0 -1
228 40 30 -1 0
229 28 34 0 1
230 1 11 -1 0
231 28 9 1 0
232 48 37 1 0
233 24 11 1 0
234 26 12 0 -1
235 58 37 -1 0
236 81 32 0 1
237 26 10 0 1
238 22 2 1 0
239 97 26 1 0
240 19 28 0 -1
241 35 11 0 -1
242 42 19 -1 0
243 38 21 -1 0
244 29 30 0 -1
245 98 25 -1 0
246 29 26 1 0
247 36 32 1 0
248 21 30 0 1
249 27 34 0 -1
250 3 5 0 1
251 10 22 0 -1
252 24 5 1 0
253 32 35 0 -1
254 41 19 -1 0
255 57 5 0 -1
256 43 0 1 0
257 24 11 1 0
258 5 7 0 -1
259 22 33 -1 0
260 30 33 1 0
261 26 39 0 1
262 39 5 1 0
263 35 26 -1 0
264 30 7 0 -1
265 40 23 1 0
266 44 22 0 1
267 20 15 1 0
268 95 19 -1 0
269 49 26 0 -1
270 5 6 0 -1
271 4 7 -1 0
272 37 39 -1 0
273 39 1 0 1
274 30 12 1 0
275 72 28 1 0
276 37 11 0 1
277 19 29 0 -1
278 5 1 -1 0
279 42 32 0 -1
280 19 9 1 0
281 31 33 1 0
282 21 8 -1 0
283 85 10 1 0
284 23 7 0 1
285 33 31 0 -1
286 83 39 -1 0
287 36 23 -1 0
288 15 31 0 1
289 36 6 -1 0
290 18 21 -1 0
291 43 6 0 1
292 43 29 0 -1
293 21 38 -1 0
294 24 27 0 -1
295 40 24 0 1
296 39 29 -1 0
297 6 0 0 -1
298 29 15 0 1
299 53 7 1 0
300 41 33 0 -1
301 47 1 0 1
302 8 13 0 -1
303 39 15 0 1
304 31 39 1 0
305 39 7 0 1
306 41 5 0 1
307 27 37 1 0
308 37 2 1 0
309 78 34 1 0
310 50 36 0 1
311 47 25 0 1
312 14 28 0 1
313 29 18 -1 0
314 29 34 0 1
315 38 10 1 0
316 17 13 0 -1
317 36 11 1 0
318 26 24 0 -1
319 72 7 0 -1
320 32 9 0 -1
321 38 2 -1 0
322 19 22 0 1
323 30 35 -1 0
324 27 19 0 1
325 61 28 -1 0
326 23 34 0 1
327 38 38 -1 0
328 26 13 -1 0
329 4 31 0 -1
330 36 3 0 -1
331 62 0 -1 0
332 11 30 0 -1
333 32 33 0 1
334 91 10 1 0
335 7 22 -1 0
336 19 27 0 1
337 41 32 1 0
338 52 9 1 0
339 34 12 0 1
340 28 23 1 0
341 35 10 0 -1
342 27 18 0 -1
343 22 7 0 -1
344 26 26 1 0
345 31 25 1 0
346 49 19 1 0
347 16 7 -1 0
348 77 32 -1 0
349 30 33 -1 0
350 22 16 1 0
351 86 13 0 1
352 42 38 0 1
353 22 2 0 -1
354 37 8 0 -1
355 25 16 0 1
356 46 28 -1 0
357 12 38 -1 0
358 34 22 1 0
359 32 36 1 0
360 45 39 0 -1
361 49 37 -1 0
362 28 34 1 0
363 27 23 0 -1
364 21 30 0 -1
365 48 27 -1 0
366 90 37 0 1
367 40 15 -1 0
368 14 25 -1 0
369 22 28 1 0
370 19 5 -1 0
371 15 34 0 -1
372 23 24 1 0
373 43 22 0 1
374 38 36 -1 0
375 27 30 0 1
376 53 27 -1 0
377 82 8 1 0
378 18 38 0 1
379 86 8 -1 0
380 23 3 1 0
381 35 8 1 0
382 50 8 0 -1
383 35 0 -1 0
384 46 3 0 -1
385 43 23 0 1
386 26 4 -1 0
387 57 18 1 0
388 87 2 1 0
389 40 26 0 1
390 42 2 0 -1
391 42 24 1 0
392 19 34 1 0
393 29 1 0 -1
394 20 5 -1 0
395 51 30 0 1
396 30 20 1 0
397 24 37 -1 0
398 39 6 -1 0
399 38 21 0 1
400 32 0 -1 0
401 29 17 0 -1
402 88 20 1 0
403 44 10 0 -1
404 38 16 0 -1
405 30 38 0 1
406 20 34 1 0
407 16 35 0 -1
408 46 30 0 -1
409 31 38 0 1
410 54 15 0 1
411 40 32 0 -1
412 37 14 0 1
413 36 22 -1 0
414 76 1 1 0
415 69 20 0 1
416 38 25 0 -1
417 24 8 -1 0
418 41 20 -1 0
419 28 30 -1 0
420 39 14 0 1
421 52 28 1 0
422 32 33 1 0
423 37 29 1 0
424 41 29 0 -1
425 37 7 1 0
426 95 9 0 1
427 42 1 0 1
428 98 36 -1 0
429 38 38 1 0
430 92 12 -1 0
431 37 17 1 0
432 40 20 0 -1
433 53 38 -1 0
434 94 12 0 -1
435 42 25 1 0
436 25 29 0 -1
437 23 28 1 0
438 39 29 0 -1
439 21 36 0 1
440 42 3 -1 0
441 25 34 -1 0
442 2 39 0 -1
443 49 28 -1 0
444 36 30 -1 0
445 31 33 1 0
446 35 4 0 -1
447 36 14 -1 0
448 31 23 -1 0
449 29 33 0 1
450 45 32 -1 0
451 56 26 0 -1
452 63 21 0 1
453 71 1 0 -1
454 26 3 0 -1
455 30 5 0 1
456 82 19 1 0
457 25 3 0 -1
458 46 12 1 0
459 24 20 1 0
460 5 0 0 -1
461 44 25 1 0
462 31 36 0 1
463 23 3 0 -1
464 23 1 0 1
465 36 28 -1 0
466 44 7 -1 0
467 81 39 0 -1
468 54 33 -1 0
469 13 8 0 1
470 48 1 1 0
471 17 37 1 0
472 25 27 -1 0
473 93 29 0 1
474 62 3 0 1
475 56 24 0 -1
476 27 6 0 -1
477 33 13 0 1
478 56 12 -1 0
479 23 28 1 0
480 19 30 0 -1
481 27 29 -1 0
482 26 30 -1 0
483 45 36 1 0
484 66 34 -1 0
485 44 26 -1 0
486 20 31 0 -1
487 39 13 -1 0
488 22 34 0 1
489 27 20 0 1
490 15 5 1 0
491 48 21 -1 0
492 20 16 1 0
493 75 16 1 0
494 63 11 0 1
495 40 35 1 0
496 26 33 1 0
497 31 32 1 0
498 41 38 0 -1
499 24 15 0 -1
500 19 4 0 -1
501 93 35 0 -1
502 48 18 -1 0
503 1 8 1 0
504 39 31 1 0
505 98 20 1 0
506 40 10 0 -1
507 42 20 1 0
508 38 21 0 1
509 48 27 0 1
510 37 31 -1 0
511 16 39 0 1
512 21 33 1 0
513 96 23 -1 0
514 17 7 1 0
515 12 17 0 -1
516 57 27 1 0
517 41 13 1 0
518 62 24 1 0
519 39 8 0 -1
520 30 15 0 -1
521 24 35 0 1
522 41 15 0 1
523 12 33 0 1
524 32 11 -1 0
525 88 3 0 1
526 49 6 0 -1
527 67 9 -1 0
528 90 0 0 1
529 25 12 1 0
530 0 9 -1 0
531 40 21 1 0
532 38 12 -1 0
533 0 1 -1 0
534 35 23 1 0
535 85 11 -1 0
536 26 16 -1 0
537 26 2 0 -1
538 55 15 0 1
539 2 20 0 -1
540 1 7 0 -1
541 40 0 0 1
542 40 33 0 -1
543 19 33 1 0
544 74 33 0 -1
545 44 10 0 -1
546 38 39 1 0
547 92 12 1 0
548 25 11 1 0
549 6 16 0 -1
550 24 28 0 -1
551 43 25 1 0
552 47 26 -1 0
553 38 11 1 0
554 30 13 -1 0
555 48 19 0 -1
556 38 1 1 0
557 20 25 -1 0
558 28 13 0 -1
559 43 27 0 -1
560 30 37 0 1
561 39 1 0 1
562 72 4 1 0
563 22 30 1 0
564 43 39 -1 0
565 53 29 0 1
566 38 15 0 1
567 30 30 -1 0
568 22 22 -1 0
569 46 3 0 1
570 40 1 -1 0
571 47 30 0 -1
572 2 17 -1 0
573 23 29 0 -1
574 39 35 1 0
575 3 25 -1 0
576 31 8 1 0
577 40 37 0 -1
578 33 21 0 -1
579 46 4 1 0
580 40 6 1 0
581 24 6 0 1
582 39 28 -1 0
583 96 39 -1 0
584 21 21 0 1
585 36 2 0 -1
586 54 36 -1 0
587 74 38 1 0
588 49 24 0 1
589 41 28 0 1
590 85 24 0 1
591 15 24 0 1
592 31 32 0 1
593 36 30 0 1
594 35 6 1 0
595 44 1 0 1
596 42 0 0 -1
597 22 28 0 -1
598 90 2 0 1
599 38 29 1 0
600 30 24 -1 0
601 23 32 1 0
602 32 18 0 -1
603 29 9 0 1
604 45 1 0 1
605 42 21 0 1
606 26 25 0 1
607 19 24 0 1
608 45 23 -1 0
609 47 2 0 1
610 32 38 0 1
611 35 7 1 0
612 77 4 1 0
613 89 19 0 1
614 91 22 0 -1
615 48 29 -1 0
616 74 11 0 1
617 19 7 1 0
618 43 1 1 0
619 78 19 1 0
620 29 37 0 -1
621 38 4 0 1
622 43 8 0 1
623 35 16 -1 0
624 37 16 0 1
625 50 16 -1 0
626 41 26 0 1
627 23 4 -1 0
628 36 35 0 -1
629 7 2 1 0
630 14 34 -1 0
631 40 2 1 0
632 30 33 0 -1
633 46 2 1 0
634 84 20 0 1
635 36 6 1 0
636 28 22 0 1
637 88 38 0 -1
638 21 7 0 -1
639 15 29 0 -1
640 27 24 1 0
641 41 17 -1 0
642 19 31 1 0
643 45 32 -1 0
644 19 12 -1 0
645 77 6 -1 0
646 41 5 -1 0
647 54 1 0 1
648 44 36 0 1
649 43 16 -1 0
650 37 24 0 -1
651 17 25 0 1
652 23 35 0 1
653 92 16 0 1
654 68 24 0 1
655 29 14 -1 0
656 22 28 1 0
657 18 11 -1 0
658 14 9 -1 0
659 42 35 0 -1
660 4 16 0 -1
661 22 1 1 0
662 80 21 0 -1
663 79 10 0 -1
664 39 33 0 -1
665 83 7 1 0
666 26 10 0 -1
667 18 12 -1 0
668 2 30 0 -1
669 26 2 1 0
670 89 3 1 0
671 83 24 0 1
672 43 7 1 0
673 41 16 0 1
674 12 32 1 0
675 24 8 0 -1
676 27 22 1 0
677 46 29 0 -1
678 31 37 1 0
679 46 30 0 -1
680 26 6 0 -1
681 82 9 0 -1
682 39 2 -1 0
683 39 17 1 0
684 38 9 0 1
685 27 1 0 1
686 51 4 0 -1
687 56 31 -1 0
688 16 8 0 -1
689 29 6 -1 0
690 42 33 -1 0
691 18 26 -1 0
692 40 8 0 -1
693 31 12 0 -1
694 47 5 0 -1
695 29 36 -1 0
696 26 9 1 0
697 27 23 0 1
698 92 15 -1 0
699 21 33 -1 0
700 47 27 -1 0
701 98 22 0 1
702 23 24 -1 0
703 25 22 0 1
704 34 35 0 -1
705 48 19 0 -1
706 27 33 1 0
707 88 4 0 1
708 42 5 0 -1
709 45 3 0 1
710 61 29 -1 0
711 12 12 0 -1
712 12 34 1 0
713 38 23 0 1
714 83 32 -1 0
715 54 5 0 -1
716 83 26 -1 0
717 48 29 0 1
718 46 35 0 1
719 56 27 1 0
720 21 2 0 1
721 37 39 -1 0
722 25 34 -1 0
723 81 37 -1 0
724 86 31 0 -1
725 18 20 1 0
726 38 4 1 0
727 22 25 0 -1
728 39 27 0 1
729 22 19 1 0
730 28 23 1 0
731 40 28 0 1
732 90 23 1 0
733 26 33 -1 0
734 97 10 -1 0
735 46 16 0 1
736 20 10 0 -1
737 62 35 0 -1
738 27 9 0 -1
739 39 25 0 -1
740 19 13 0 -1
741 78 4 0 -1
742 6 17 1 0
743 59 28 0 -1
744 9 32 0 1
745 32 14 0 -1
746 53 9 0 -1
747 6 36 -1 0
748 23 27 -1 0
749 44 9 -1 0
750 38 22 -1 0
751 8 6 -1 0
752 23 6 0 1
753 39 24 0 -1
754 41 28 -1 0
755 18 35 -1 0
756 32 31 0 1
757 2 24 0 -1
758 48 22 -1 0
759 89 28 0 1
760 91 16 -1 0
761 78 0 0 1
762 46 31 0 -1
763 37 16 1 0
764 25 19 -1 0
765 25 7 0 -1
766 85 0 0 -1
767 42 18 0 1
768 62 0 0 -1
769 34 38 0 -1
770 18 25 0 1
771 20 35 0 -1
772 3 17 0 -1
773 37 4 -1 0
774 39 29 0 -1
775 46 5 0 -1
776 85 15 0 -1
777 49 26 -1 0
778 43 9 0 1
779 18 21 1 0
780 22 37 0 -1
781 83 15 0 -1
782 44 24 1 0
783 31 0 -1 0
784 42 37 0 1
785 25 23 1 0
786 41 4 -1 0
787 29 25 1 0
788 28 37 0 1
789 28 35 1 0
790 97 8 -1 0
791 24 32 1 0
792 25 12 0 -1
793 44 31 -1 0
794 58 36 0 1
795 38 33 0 -1
796 74 24 1 0
797 30 31 0 -1
798 22 32 0 -1
799 72 16 0 1
800 30 0 1 0
801 20 19 0 1
802 94 38 1 0
803 38 13 1 0
804 41 26 0 1
805 29 27 -1 0
806 32 29 -1 0
807 21 26 -1 0
808 25 0 1 0
809 32 7 1 0
810 31 36 1 0
811 2 5 0 1
812 37 20 1 0
813 14 32 0 1
814 30 23 0 1
815 27 29 0 -1
816 22 32 1 0
817 26 6 0 -1
818 20 19 0 -1
819 44 28 0 1
820 37 5 0 -1
821 39 6 0 -1
822 36 16 1 0
823 17 8 0 1
824 23 25 1 0
825 51 24 1 0
826 44 14 -1 0
827 22 25 0 1
828 29 11 0 1
829 17 4 0 1
830 49 29 -1 0
831 21 4 1 0
832 31 10 1 0
833 42 7 1 0
834 98 27 -1 0
835 22 10 1 0
836 35 2 0 1
837 90 0 0 1
838 36 26 0 -1
839 27 2 -1 0
840 38 30 0 -1
841 20 33 0 -1
842 25 31 0 -1
843 40 17 1 0
844 38 10 0 1
845 36 16 0 -1
846 42 1 0 1
847 43 11 0 -1
848 2 5 0 1
849 26 24 0 -1
850 35 6 0 -1
851 44 5 1 0
852 30 14 0 -1
853 97 24 0 1
854 50 31 1 0
855 20 10 0 1
856 32 34 -1 0
857 39 34 0 -1
858 39 18 0 1
859 38 11 -1 0
860 36 2 1 0
861 88 20 0 1
862 27 28 1 0
863 82 16 0 -1
864 30 9 0 1
865 29 23 0 1
866 39 23 0 -1
867 36 31 1 0
868 2 32 0 -1
869 22 6 1 0
870 48 6 -1 0
871 52 34 -1 0
872 36 28 0 -1
873 40 29 1 0
874 42 30 -1 0
875 30 7 -1 0
876 97 6 0 -1
877 35 1 1 0
878 36 26 0 -1
879 29 16 -1 0
880 23 22 0 -1
881 85 17 1 0
882 21 9 -1 0
883 40 25 -1 0
884 27 8 1 0
885 39 20 -1 0
886 18 31 1 0
887 46 26 0 1
888 41 8 1 0
889 46 16 -1 0
890 43 37 0 1
891 38 26 1 0
892 22 9 0 -1
893 22 29 0 -1
894 41 4 0 1
895 29 35 0 -1
896 14 29 1 0
897 44 31 0 -1
898 44 0 0 -1
899 15 30 0 -1
900 40 5 0 1
901 14 24 0 1
902 87 25 0 1
903 73 9 0 1
904 65 11 1 0
905 94 36 -1 0
906 95 35 0 -1
907 45 32 1 0
908 29 20 -1 0
909 29 26 -1 0
910 14 19 0 -1
911 67 25 -1 0
912 28 7 1 0
913 88 5 -1 0
914 25 15 0 -1
915 38 39 0 1
916 69 34 0 -1
917 6 29 0 1
918 37 19 -1 0
919 28 28 -1 0
920 40 38 0 1
921 20 27 0 -1
922 29 1 0 -1
923 95 13 0 -1
924 68 32 1 0
925 27 8 0 1
926 35 3 -1 0
927 21 25 0 -1
928 13 38 0 -1
929 20 14 1 0
930 89 0 0 1
931 40 17 1 0
932 42 23 0 -1
933 28 31 0 -1
934 11 36 1 0
935 43 22 -1 0
936 28 1 1 0
937 30 2 1 0
938 41 37 0 1
939 84 25 1 0
940 17 20 -1 0
941 40 9 0 -1
942 35 0 0 1
943 48 2 0 -1
944 21 34 1 0
945 20 26 0 1
946 46 9 -1 0
947 43 28 0 1
948 20 8 0 -1
949 21 3 1 0
950 22 38 0 -1
951 43 18 1 0
952 44 32 -1 0
953 25 23 -1 0
954 18 29 1 0
955 28 17 0 -1
956 12 25 1 0
957 83 11 1 0
958 39 35 -1 0
959 96 24 0 -1
960 28 29 -1 0
961 37 19 0 1
962 37 10 0 1
963 17 13 1 0
964 36 6 -1 0
965 27 31 -1 0
966 26 5 0 -1
967 97 31 0 1
968 30 32 1 0
969 24 4 0 1
970 31 7 0 -1
971 49 13 -1 0
972 55 21 1 0
973 21 12 0 1
974 28 6 0 1
975 31 38 0 1
976 30 23 1 0
977 80 10 0 1
978 45 21 1 0
979 43 23 1 0
980 94 11 0 -1
981 35 36 1 0
982 41 37 0 -1
983 6 28 0 -1
984 47 4 0 1
985 38 38 -1 0
986 37 7 0 1
987 6 9 0 -1
988 39 37 0 1
989 7 14 1 0
990 14 14 -1 0
991 29 28 0 1
992 89 38 0 -1
993 48 16 0 1
994 39 27 0 1
995 17 18 -1 0
996 24 10 0 -1
997 40 26 1 0
998 40 1 -1 0
999 31 7 0 -1
1000 42 25 1 0
1001 45 0 1 0
1002 43 27 -1 0
1003 3 34 0 1
1004 95 29 1 0
1005 77 3 -1 0
1006 76 21 1 0
1007 21 4 1 0
1008 36 2 0 1
1009 39 1 -1 0
1010 44 29 -1 0
1011 57 13 -1 0
1012 85 4 0 1
1013 28 11 -1 0
1014 25 27 -1 0
1015 36 3 0 -1
1016 26 5 0 -1
1017 38 33 0 1
1018 29 35 0 -1
1019 23 26 0 1
1020 22 23 0 1
1021 25 20 0 1
1022 3 26 -1 0
1023 12 15 0 -1
1024 24 4 1 0
1025 32 30 1 0
1026 45 0 -1 0
1027 64 12 0 -1
1028 41 16 -1 0
1029 23 4 0 -1
1030 38 17 0 -1
1031 18 4 0 -1
1032 21 10 0 -1
1033 42 34 0 -1
1034 42 22 0 1
1035 40 39 0 1
1036 18 29 1 0
1037 18 27 0 -1
1038 44 6 0 -1
1039 35 1 0 -1
1040 24 29 -1 0
1041 15 16 0 1
1042 36 5 0 1
1043 22 14 0 -1
1044 22 8 -1 0
1045 28 26 -1 0
1046 18 4 -1 0
1047 79 28 0 1
1048 17 24 0 1
1049 42 25 0 1
1050 38 31 0 1
1051 20 37 0 1
1052 45 5 0 -1
1053 19 34 0 1
1054 25 35 0 -1
1055 36 22 0 1
1056 26 33 0 -1
1057 44 30 0 -1
1058 47 39 1 0
1059 14 11 0 -1
1060 75 32 -1 0
1061 7 3 0 -1
1062 56 33 1 0
1063 42 10 1 0
1064 37 6 0 -1
1065 0 8 -1 0
1066 38 10 1 0
1067 32 31 -1 0
1068 40 33 0 -1
1069 7 7 -1 0
1070 56 39 0 1
1071 45 8 0 1
1072 1 4 -1 0
1073 49 25 0 1
1074 82 25 0 1
1075 42 38 1 0
1076 48 31 0 1
1077 28 3 -1 0
1078 24 26 -1 0
1079 38 0 -1 0
1080 22 24 1 0
1081 5 13 1 0
1082 64 17 -1 0
1083 27 0 -1 0
1084 37 37 1 0
1085 65 13 0 -1
1086 39 20 1 0
1087 30 36 1 0
1088 22 31 1 0
1089 23 26 0 1
1090 40 3 0 -1
1091 32 36 0 -1
1092 26 3 -1 0
1093 19 23 1 0
1094 21 27 -1 0
1095 23 5 -1 0
1096 96 1 -1 0
1097 85 15 0 1
1098 33 1 0 -1
1099 25 0 0 1
1100 45 4 0 1
1101 18 28 1 0
1102 30 23 0 -1
1103 48 2 0 1
1104 25 32 1 0
1105 22 0 0 1
1106 29 11 -1 0
1107 39 39 -1 0
1108 25 7 0 -1
1109 40 39 0 1
1110 64 38 0 -1
1111 31 14 0 -1
1112 10 8 -1 0
1113 42 33 0 -1
1114 28 36 1 0
1115 30 38 0 -1
1116 29 6 0 1
1117 96 18 -1 0
1118 92 11 0 1
1119 36 39 1 0
1120 26 28 0 -1
1121 99 36 -1 0
1122 31 21 0 1
1123 41 36 -1 0
1124 48 26 1 0
1125 40 4 -1 0
1126 39 4 0 1
1127 0 11 1 0
1128 30 19 0 1
1129 6 6 0 1
1130 42 29 0 -1
1131 52 31 1 0
1132 2 18 1 0
1133 32 21 1 0
1134 29 24 0 1
1135 25 38 1 0
1136 24 2 0 1
1137 44 31 -1 0
1138 85 25 0 -1
1139 96 29 -1 0
1140 5 35 0 1
1141 24 1 -1 0
1142 21 9 -1 0
1143 37 0 1 0
1144 46 17 1 0
1145 27 6 0 1
1146 25 29 0 1
1147 41 28 1 0
1148 82 22 -1 0
1149 26 21 1 0
1150 37 10 0 -1
1151 43 16 -1 0
1152 20 25 0 1
1153 10 37 0 -1
1154 26 38 0 1
1155 37 2 1 0
1156 44 28 0 -1
1157 12 9 1 0
1158 39 36 0 -1
1159 58 8 1 0
1160 25 10 0 1
1161 25 13 0 1
1162 27 16 0 1
1163 46 4 0 -1
1164 31 29 0 1
1165 43 29 -1 0
1166 47 6 -1 0
1167 95 25 0 -1
1168 25 22 0 1
1169 44 6 0 -1
1170 21 37 1 0
1171 65 25 1 0
1172 6 5 0 1
1173 44 29 -1 0
1174 43 26 1 0
1175 46 27 0 1
1176 41 35 0 1
1177 96 19 0 -1
1178 43 15 -1 0
1179 23 22 0 1
1180 11 9 -1 0
1181 40 6 -1 0
1182 87 36 1 0
1183 91 35 0 1
1184 30 37 -1 0
1185 25 35 1 0
1186 34 0 0 -1
1187 40 22 0 -1
1188 18 23 0 -1
1189 89 10 0 1
1190 30 16 -1 0
1191 20 29 1 0
1192 35 28 0 1
1193 46 23 0 1
1194 22 4 0 1
1195 12 24 0 1
1196 34 14 1 0
1197 36 8 1 0
1198 30 16 0 1
1199 48 24 -1 0
1200 99 7 -1 0
1201 95 24 0 1
1202 48 30 1 0
1203 39 12 0 1
1204 27 17 0 -1
1205 86 26 0 -1
1206 54 36 0 -1
1207 7 0 -1 0
1208 44 7 0 1
1209 38 33 0 -1
1210 2 21 -1 0
1211 30 18 0 1
1212 22 30 0 -1
1213 27 0 1 0
1214 23 2 0 1
1215 44 3 -1 0
1216 19 36 0 1
1217 15 36 -1 0
1218 82 8 0 -1
1219 28 8 0 1
1220 30 34 -1 0
1221 54 8 -1 0
1222 27 16 1 0
1223 26 9 -1 0
1224 43 8 1 0
1225 38 6 -1 0
1226 14 24 -1 0
1227 86 11 1 0
1228 24 30 0 1
1229 38 5 0 1
1230 28 19 1 0
1231 46 19 1 0
1232 37 9 0 -1
1233 21 2 1 0
1234 21 28 0 1
1235 31 34 -1 0
1236 23 29 1 0
1237 32 29 0 1
1238 29 22 0 -1
1239 74 15 0 -1
1240 29 29 -1 0
1241 49 37 -1 0
1242 39 19 0 -1
1243 19 27 1 0
1244 62 30 1 0
1245 0 11 0 -1
1246 26 8 1 0
1247 25 24 -1 0
1248 19 14 -1 0
1249 2 19 0 -1
1250 36 18 -1 0
1251 26 13 1 0
1252 9 31 -1 0
1253 42 24 0 1
1254 30 36 0 1
1255 36 22 1 0
1256 83 21 0 1
1257 0 36 1 0
1258 2 4 0 -1
1259 2 25 1 0
1260 56 11 0 1
1261 28 28 0 -1
1262 32 32 0 1
1263 29 7 1 0
1264 24 6 0 1
1265 89 4 1 0
1266 42 34 0 1
1267 40 30 1 0
1268 48 23 0 1
1269 50 28 -1 0
1270 41 35 0 1
1271 98 39 0 -1
1272 42 11 0 -1
1273 1 17 0 1
1274 17 34 0 1
1275 27 20 0 1
1276 23 25 1 0
1277 30 11 1 0
1278 25 36 0 1
1279 70 1 0 1
1280 28 16 0 -1
1281 46 33 0 -1
1282 43 4 0 1
1283 22 21 0 1
1284 18 15 -1 0
1285 25 11 -1 0
1286 20 31 0 -1
1287 24 36 -1 0
1288 45 14 0 1
1289 30 13 0 -1
1290 12 32 0 1
1291 42 9 0 1
1292 32 35 1 0
1293 15 2 0 1
1294 38 22 -1 0
1295 44 0 0 -1
1296 29 33 0 1
1297 46 27 1 0
1298 27 33 0 1
1299 32 11 0 -1
1300 18 4 -1 0
1301 28 7 1 0
1302 27 7 1 0
1303 95 35 0 1
1304 25 30 0 1
1305 43 2 0 -1
1306 11 25 -1 0
1307 40 7 1 0
1308 42 5 0 1
1309 25 39 -1 0
1310 47 2 0 1
1311 70 18 0 1
1312 46 25 1 0
1313 39 12 0 1
1314 31 28 -1 0
1315 37 18 -1 0
1316 48 3 -1 0
1317 30 19 -1 0
1318 92 21 -1 0
1319 52 28 0 -1
1320 7 10 0 -1
1321 28 33 -1 0
1322 43 17 0 -1
1323 70 18 1 0
1324 23 12 1 0
1325 29 37 1 0
1326 27 9 0 -1
1327 46 22 0 -1
1328 44 6 0 1
1329 3 26 0 -1
1330 43 1 -1 0
1331 43 39 -1 0
1332 47 3 0 -1
1333 93 32 0 -1
1334 90 11 0 1
1335 23 29 -1 0
1336 30 20 0 -1
1337 34 29 0 1
1338 22 10 1 0
1339 44 11 0 -1
1340 38 3 -1 0
1341 43 39 0 -1
1342 35 25 0 -1
1343 73 22 1 0
1344 45 6 -1 0
1345 35 33 1 0
1346 82 25 0 1
1347 41 39 0 -1
1348 87 35 -1 0
1349 29 27 0 -1
1350 82 32 0 1
1351 41 32 0 -1
1352 49 23 1 0
1353 37 29 1 0
1354 86 2 0 -1
1355 22 27 0 1
1356 25 24 0 -1
1357 29 31 1 0
1358 30 24 0 1
1359 66 35 0 1
1360 27 32 0 -1
1361 47 6 0 -1
1362 43 33 -1 0
1363 17 26 1 0
1364 12 3 -1 0
1365 39 28 0 1
1366 79 22 -1 0
1367 25 10 1 0
1368 41 17 0 1
1369 69 8 0 -1
1370 30 21 0 1
1371 30 5 0 1
1372 31 37 1 0
1373 55 15 1 0
1374 43 13 -1 0
1375 75 0 1 0
1376 31 34 0 -1
1377 39 22 -1 0
1378 73 34 0 1
1379 12 21 0 -1
1380 45 27 0 -1
1381 28 24 0 -1
1382 48 25 1 0
1383 69 15 1 0
1384 47 9 0 1
1385 83 14 0 -1
1386 52 25 0 1
1387 26 3 -1 0
1388 38 20 1 0
1389 40 31 -1 0
1390 35 7 1 0
1391 40 36 -1 0
1392 40 37 0 -1
1393 91 37 0 1
1394 7 7 0 -1
1395 39 16 0 1
1396 36 23 0 1
1397 28 16 1 0
1398 41 23 1 0
1399 93 15 -1 0
1400 40 25 0 1
1401 82 7 0 1
1402 41 8 -1 0
1403 35 21 -1 0
1404 37 15 1 0
1405 98 39 -1 0
1406 32 29 -1 0
1407 0 31 -1 0
1408 70 6 1 0
1409 54 33 0 -1
1410 26 14 -1 0
1411 28 22 0 1
1412 62 29 -1 0
1413 40 13 -1 0
1414 28 6 -1 0
1415 14 21 0 -1
1416 18 1 1 0
1417 39 21 1 0
1418 40 23 0 -1
1419 43 31 -1 0
1420 30 36 -1 0
1421 25 24 -1 0
1422 4 6 -1 0
1423 20 27 1 0
1424 5 14 0 -1
1425 37 23 0 1
1426 42 7 -1 0
1427 40 5 0 -1
1428 70 32 0 1
1429 65 30 -1 0
1430 36 29 0 -1
1431 6 5 0 -1
1432 38 6 0 -1
1433 99 5 -1 0
1434 39 30 1 0
1435 20 4 1 0
1436 37 30 1 0
1437 41 7 0 -1
1438 41 0 1 0
1439 24 38 1 0
1440 17 36 0 1
1441 15 7 0 1
1442 32 13 1 0
1443 9 13 -1 0
1444 36 4 -1 0
1445 15 39 0 1
1446 43 27 -1 0
1447 19 32 0 -1
1448 25 28 0 -1
1449 37 35 1 0
1450 72 24 1 0
1451 31 32 0 1
1452 84 11 0 1
1453 0 29 0 -1
1454 83 11 0 -1
1455 21 34 1 0
1456 25 30 0 -1
1457 36 4 1 0
1458 37 9 -1 0
1459 29 16 -1 0
1460 96 27 -1 0
1461 48 23 -1 0
1462 22 24 -1 0
1463 82 10 -1 0
1464 65 39 1 0
1465 41 33 1 0
1466 37 28 0 1
1467 45 4 1 0
1468 49 2 0 -1
1469 40 23 0 1
1470 21 32 0 1
1471 18 9 1 0
1472 39 14 0 1
1473 20 29 1 0
1474 11 21 0 1
1475 21 34 -1 0
1476 14 0 0 -1
1477 99 22 0 1
1478 49 11 0 -1
1479 46 8 0 1
1480 53 38 0 -1
1481 40 16 0 -1
1482 30 12 0 1
1483 67 9 1 0
1484 26 4 0 1
1485 6 12 1 0
1486 38 20 1 0
1487 41 20 -1 0
1488 89 30 -1 0
1489 61 24 0 1
1490 28 31 0 -1
1491 39 31 1 0
1492 2 33 0 1
1493 39 13 0 1
1494 48 26 0 -1
1495 49 30 -1 0
1496 37 34 0 1
1497 75 33 0 -1
1498 26 21 -1 0
1499 20 23 0 1
1500 58 3 1 0
1501 36 33 1 0
1502 37 38 1 0
1503 55 5 0 -1
1504 25 9 0 1
1505 28 1 1 0
1506 98 19 -1 0
1507 21 24 -1 0
1508 37 33 -1 0
1509 28 35 1 0
1510 35 5 1 0
1511 28 18 -1 0
1512 31 24 -1 0
1513 50 33 0 -1
1514 22 35 1 0
1515 43 9 -1 0
1516 8 28 0 -1
1517 42 6 0 1
1518 31 15 0 -1
1519 23 11 1 0
1520 84 23 1 0
1521 7 9 1 0
1522 46 8 -1 0
1523 24 9 -1 0
1524 91 26 0 -1
1525 7 12 -1 0
1526 32 37 0 -1
1527 44 38 1 0
1528 9 18 0 1
1529 31 29 1 0
1530 22 35 -1 0
1531 37 22 1 0
1532 44 3 -1 0
1533 37 37 0 -1
1534 44 37 0 1
1535 38 26 1 0
1536 0 36 1 0
1537 27 22 1 0
1538 21 2 0 -1
1539 93 14 1 0
1540 26 1 0 1
1541 73 29 -1 0
1542 42 0 0 -1
1543 44 4 1 0
1544 36 15 1 0
1545 22 33 0 1
1546 28 3 1 0
1547 22 2 1 0
1548 33 39 1 0
1549 23 2 0 1
1550 19 33 0 -1
1551 68 16 1 0
1552 48 11 0 1
1553 75 6 1 0
1554 41 26 1 0
1555 81 21 -1 0
1556 29 29 -1 0
1557 96 27 0 1
1558 25 37 1 0
1559 42 6 -1 0
1560 42 34 0 -1
1561 45 39 -1 0
1562 17 29 -1 0
1563 24 31 0 1
1564 32 12 0 -1
1565 57 0 1 0
1566 28 24 1 0
1567 31 11 0 1
1568 46 25 -1 0
1569 21 38 0 -1
1570 67 14 1 0
1571 24 33 -1 0
1572 26 37 -1 0
1573 39 19 0 1
1574 60 21 -1 0
1575 28 11 0 -1
1576 40 11 -1 0
1577 39 16 0 1
1578 37 36 1 0
1579 32 2 -1 0
1580 13 2 1 0
1581 4 39 0 -1
1582 41 21 -1 0
1583 87 38 -1 0
1584 35 2 1 0
1585 24 32 0 -1
1586 25 13 -1 0
1587 40 2 0 -1
1588 27 5 1 0
1589 39 16 1 0
1590 2 39 0 1
1591 28 21 1 0
1592 18 26 0 -1
1593 42 2 0 -1
1594 21 14 1 0
1595 43 32 1 0
1596 27 28 0 -1
1597 42 26 0 1
1598 23 9 -1 0
1599 95 36 1 0
1600 48 34 1 0
1601 36 24 0 -1
1602 44 4 0 1
1603 28 25 1 0
1604 37 23 0 -1
1605 81 38 -1 0
1606 25 4 1 0
1607 47 26 1 0
1608 24 15 -1 0
1609 31 8 0 1
1610 32 13 1 0
1611 94 31 0 1
1612 86 38 0 -1
1613 39 31 -1 0
1614 94 14 0 -1
1615 37 16 0 -1
1616 3 31 0 1
1617 40 14 -1 0
1618 26 16 1 0
1619 46 25 0 1
1620 42 19 -1 0
1621 59 24 -1 0
1622 82 0 0 1
1623 36 12 1 0
1624 14 10 1 0
1625 67 15 -1 0
1626 79 30 0 1
1627 15 0 -1 0
1628 29 12 0 -1
1629 27 35 1 0
1630 82 5 -1 0
1631 29 36 -1 0
1632 48 4 -1 0
1633 30 26 0 -1
1634 92 33 0 1
1635 39 37 0 -1
1636 43 12 -1 0
1637 23 39 -1 0
1638 20 23 1 0
1639 38 34 1 0
1640 43 6 1 0
1641 30 21 0 1
1642 41 24 -1 0
1643 26 26 1 0
1644 21 6 0 -1
1645 41 33 0 1
1646 8 8 0 -1
1647 23 26 0 -1
1648 27 2 0 1
1649 99 22 0 -1
1650 28 9 0 -1
1651 30 14 0 -1
1652 28 39 0 1
1653 94 13 0 -1
1654 30 25 0 1
1655 28 12 -1 0
1656 20 36 0 1
1657 20 7 0 1
1658 26 23 -1 0
1659 70 4 0 1
1660 38 19 0 1
1661 25 5 0 -1
1662 23 35 1 0
1663 97 27 -1 0
1664 29 33 1 0
1665 26 38 -1 0
1666 45 1 0 -1
1667 12 18 0 1
1668 37 33 1 0
1669 55 15 1 0
1670 21 26 -1 0
1671 27 24 1 0
1672 61 1 0 -1
1673 80 31 0 1
1674 34 3 -1 0
1675 10 20 0 1
1676 30 38 -1 0
1677 18 9 0 1
1678 21 18 -1 0
1679 25 31 0 -1
1680 25 26 0 -1
1681 20 3 0 1
1682 24 32 -1 0
1683 44 24 0 -1
1684 41 19 0 1
1685 74 36 -1 0
1686 20 9 1 0
1687 32 10 0 1
1688 28 17 0 -1
1689 27 14 0 -1
1690 45 24 -1 0
1691 47 11 0 -1
1692 47 29 0 -1
1693 93 12 1 0
1694 32 28 -1 0
1695 35 10 1 0
1696 73 33 0 -1
1697 7 11 0 -1
1698 37 0 -1 0
1699 46 16 0 -1
1700 28 20 1 0
1701 38 23 0 1
1702 41 29 0 -1
1703 32 33 0 -1
1704 0 11 1 0
1705 0 7 0 -1
1706 62 24 -1 0
1707 32 35 0 1
1708 26 20 0 1
1709 69 14 1 0
1710 41 1 0 1
1711 37 21 1 0
1712 42 1 1 0
1713 32 24 -1 0
1714 27 25 0 1
1715 82 0 0 1
1716 41 8 0 -1
1717 50 15 1 0
1718 58 1 1 0
1719 12 1 0 1
1720 31 11 1 0
1721 16 11 0 -1
1722 41 20 1 0
1723 23 7 1 0
1724 81 21 0 -1
1725 19 8 0 -1
1726 25 2 -1 0
1727 97 20 0 -1
1728 45 8 1 0
1729 7 21 0 1
1730 23 2 -1 0
1731 39 11 0 1
1732 42 20 -1 0
1733 44 5 1 0
1734 22 14 1 0
1735 84 0 0 -1
1736 35 15 -1 0
1737 11 22 -1 0
1738 24 3 -1 0
1739 27 17 1 0
1740 23 11 1 0
1741 20 37 1 0
1742 64 4 0 1
1743 30 16 -1 0
1744 20 26 1 0
1745 10 4 0 1
1746 43 32 0 -1
1747 31 35 0 1
1748 88 14 0 -1
1749 89 13 0 -1
1750 44 8 -1 0
1751 32 13 0 -1
1752 23 1 0 1
1753 30 37 0 -1
1754 35 5 0 1
1755 49 11 0 -1
1756 76 27 -1 0
1757 38 13 1 0
1758 89 36 -1 0
1759 38 37 -1 0
1760 46 26 -1 0
1761 30 25 0 -1
1762 27 12 -1 0
1763 88 25 0 -1
1764 23 34 0 1
1765 1 14 0 -1
1766 46 2 0 1
1767 29 7 0 1
1768 27 4 1 0
1769 38 26 0 -1
1770 48 29 0 -1
1771 17 25 1 0
1772 90 17 0 -1
1773 47 20 0 1
1774 94 12 0 -1
1775 24 38 1 0
1776 51 18 0 1
1777 38 16 1 0
1778 31 36 0 -1
1779 45 22 0 1
1780 66 14 0 1
1781 36 32 -1 0
1782 37 25 1 0
1783 23 8 0 1
1784 29 13 0 -1
1785 20 9 0 -1
1786 47 32 0 -1
1787 27 10 0 -1
1788 39 21 1 0
1789 37 10 0 -1
1790 24 33 -1 0
1791 26 32 1 0
1792 43 3 0 -1
1793 17 6 0 1
1794 23 8 1 0
1795 43 24 1 0
1796 43 38 1 0
1797 51 1 -1 0
1798 54 38 1 0
1799 42 39 1 0
1800 40 31 0 -1
1801 37 11 0 -1
1802 29 11 0 1
1803 58 20 -1 0
1804 47 4 -1 0
1805 20 5 1 0
1806 29 0 1 0
1807 50 10 -1 0
1808 9 8 0 1
1809 89 4 1 0
1810 69 12 1 0
1811 31 1 0 -1
1812 80 11 0 1
1813 19 7 0 1
1814 29 12 -1 0
1815 36 5 1 0
1816 47 23 -1 0
1817 48 30 -1 0
1818 20 9 0 -1
1819 41 0 0 1
1820 25 28 0 -1
1821 91 14 -1 0
1822 96 28 0 1
1823 27 31 0 -1
1824 23 9 0 1
1825 38 6 1 0
1826 99 20 0 -1
1827 27 27 0 1
1828 37 4 0 -1
1829 45 29 1 0
1830 4 13 0 -1
1831 43 10 1 0
1832 17 1 1 0
1833 74 15 0 -1
1834 31 22 1 0
1835 19 30 1 0
1836 27 4 -1 0
1837 5 25 0 1
1838 49 21 1 0
1839 41 39 0 -1
1840 23 5 0 -1
1841 32 34 0 -1
1842 85 4 1 0
1843 92 22 1 0
1844 41 22 -1 0
1845 23 37 -1 0
1846 91 9 0 -1
1847 15 29 0 -1
1848 27 3 1 0
1849 24 7 0 -1
1850 22 4 0 1
1851 21 35 1 0
1852 36 39 0 1
1853 8 32 -1 0
1854 37 30 -1 0
1855 35 22 1 0
1856 3 5 0 -1
1857 54 27 0 -1
1858 48 12 0 -1
1859 29 32 -1 0
1860 19 10 0 -1
1861 45 9 0 -1
1862 24 7 -1 0
1863 47 21 0 1
1864 42 10 1 0
1865 28 0 -1 0
1866 47 24 1 0
1867 27 26 0 1
1868 35 37 0 1
1869 42 4 -1 0
1870 37 35 1 0
1871 30 3 1 0
1872 27 36 0 -1
1873 35 13 0 1
1874 54 36 0 -1
1875 17 7 0 1
1876 20 30 0 -1
1877 22 8 -1 0
1878 25 14 0 -1
1879 27 21 -1 0
1880 9 38 1 0
1881 47 23 1 0
1882 35 29 1 0
1883 23 33 0 -1
1884 47 24 0 1
1885 36 25 -1 0
1886 38 34 -1 0
1887 30 32 -1 0
1888 28 38 1 0
1889 89 0 0 1
1890 47 6 1 0
1891 38 32 0 -1
1892 40 16 0 -1
1893 27 1 -1 0
1894 66 35 1 0
1895 47 22 0 1
1896 57 29 -1 0
1897 26 36 1 0
1898 22 6 0 1
1899 84 11 1 0
1900 29 4 0 -1
1901 27 28 0 -1
1902 39 23 -1 0
1903 41 16 0 1
1904 10 35 0 1
1905 20 6 1 0
1906 24 25 0 -1
1907 24 37 1 0
1908 42 3 1 0
1909 99 9 -1 0
1910 39 26 0 -1
1911 25 6 1 0
1912 13 26 -1 0
1913 39 0 0 -1
1914 42 26 0 1
1915 23 21 0 1
1916 39 38 0 1
1917 10 1 -1 0
1918 29 25 1 0
1919 69 37 -1 0
1920 31 0 1 0
1921 37 24 0 -1
1922 11 33 0 1
1923 24 22 0 1
1924 11 20 1 0
1925 25 14 0 -1
1926 46 0 -1 0
1927 20 8 0 1
1928 57 27 0 -1
1929 43 11 0 1
1930 27 11 -1 0
1931 22 31 0 1
1932 22 16 -1 0
1933 29 25 0 -1
1934 42 22 1 0
1935 36 0 0 1
1936 34 37 0 1
1937 41 38 1 0
1938 52 9 0 1
1939 36 39 -1 0
1940 40 9 0 -1
1941 82 14 -1 0
1942 78 37 1 0
1943 49 0 -1 0
1944 28 30 0 -1
1945 26 4 -1 0
1946 89 8 0 -1
1947 17 27 0 -1
1948 23 37 0 -1
1949 15 35 0 1
1950 55 23 1 0
1951 36 1 0 1
1952 87 7 0 1
1953 48 9 1 0
1954 3 6 0 1
1955 96 19 0 1
1956 28 8 -1 0
1957 23 36 0 1
1958 47 13 -1 0
1959 15 1 -1 0
1960 23 27 1 0
1961 49 29 -1 0
1962 39 11 0 1
1963 15 22 1 0
1964 37 22 0 -1
1965 32 9 0 1
1966 10 16 -1 0
1967 55 33 0 1
1968 38 25 0 -1
1969 24 3 -1 0
1970 44 8 0 1
1971 29 10 0 1
1972 36 1 0 1
1973 26 8 0 1
1974 16 11 -1 0
1975 22 37 0 -1
1976 27 27 1 0
1977 45 2 -1 0
1978 39 33 1 0
1979 47 28 -1 0
1980 45 3 0 -1
1981 94 33 -1 0
1982 92 28 0 -1
1983 26 32 0 -1
1984 26 0 0 1
1985 50 25 -1 0
1986 88 8 1 0
1987 45 7 0 1
1988 48 32 0 -1
1989 45 27 0 1
1990 29 28 0 1
1991 13 17 0 -1
1992 17 25 1 0
1993 23 20 0 1
1994 92 37 1 0
1995 43 11 0 -1
1996 36 9 1 0
1997 45 38 -1 0
1998 13 35 0 1
1999 24 38 1 0
2000 40 24 0 1
2001 26 20 0 1
2002 36 30 0 1
2003 26 1 -1 0
2004 43 3 1 0
2005 15 23 0 -1
2006 92 27 0 -1
2007 44 1 0 1
2008 18 34 0 -1
2009 78 15 0 1
2010 20 0 1 0
2011 32 8 -1 0
2012 20 22 0 1
2013 26 16 -1 0
2014 19 31 1 0
2015 39 20 0 -1
2016 28 4 -1 0
2017 45 24 1 0
2018 34 4 0 1
2019 88 23 0 1
2020 37 21 -1 0
2021 49 21 0 -1
2022 49 29 0 1
2023 41 5 0 1
2024 22 39 0 -1
2025 43 0 -1 0
2026 28 38 0 1
2027 59 21 0 1
2028 21 24 0 1
2029 99 14 1 0
2030 45 29 0 -1
2031 20 10 -1 0
2032 23 30 1 0
2033 8 8 0 1
2034 43 7 1 0
2035 17 8 0 1
2036 42 31 0 -1
2037 38 18 0 -1
2038 94 35 -1 0
2039 23 27 -1 0
2040 6 15 0 1
2041 40 9 0 -1
2042 29 15 0 1
2043 89 12 0 -1
2044 45 11 0 1
2045 30 8 -1 0
2046 29 9 -1 0
2047 25 1 -1 0
2048 1 10 0 1
2049 42 4 0 1
2050 41 15 0 -1
2051 37 22 0 -1
2052 29 2 0 -1
2053 35 3 0 -1
2054 28 15 0 1
2055 28 10 0 -1
2056 69 10 1 0
2057 22 27 -1 0
2058 42 26 0 1
2059 30 24 0 1
2060 65 35 0 1
2061 36 15 -1 0
2062 24 26 1 0
2063 45 6 0 1
2064 26 13 0 -1
2065 32 36 0 -1
2066 26 35 0 -1
2067 3 33 0 -1
2068 93 30 -1 0
2069 2 31 -1 0
2070 20 20 -1 0
2071 62 23 0 -1
2072 46 22 0 1
2073 12 3 1 0
2074 65 8 0 -1
2075 38 3 -1 0
2076 26 7 0 1
2077 21 28 0 -1
2078 25 37 1 0
2079 44 5 1 0
2080 47 25 -1 0
2081 44 26 0 -1
2082 28 27 0 1
2083 93 35 0 -1
2084 25 1 1 0
2085 36 26 0 -1
2086 26 29 -1 0
2087 27 24 1 0
2088 22 36 0 -1
2089 58 26 -1 0
2090 24 36 0 -1
2091 31 39 0 -1
2092 19 25 -1 0
2093 5 4 -1 0
2094 49 26 0 -1
2095 55 24 0 1
2096 87 1 -1 0
2097 37 35 0 1
2098 24 35 -1 0
2099 24 27 -1 0
2100 16 11 0 -1
2101 42 9 1 0
2102 53 2 -1 0
2103 28 10 0 -1
2104 47 16 0 -1
2105 58 22 0 -1
2106 28 2 0 -1
2107 72 15 0 1
2108 20 35 -1 0
2109 30 17 0 -1
2110 6 32 -1 0
2111 37 8 0 1
2112 24 9 0 1
2113 45 5 0 1
2114 77 34 1 0
2115 95 10 0 1
2116 29 13 -1 0
2117 41 36 1 0
2118 46 23 0 1
2119 98 37 1 0
2120 23 6 -1 0
2121 20 24 0 1
2122 6 13 -1 0
2123 52 28 1 0
2124 10 9 0 -1
2125 11 17 1 0
2126 17 33 -1 0
2127 39 37 1 0
2128 95 10 0 -1
2129 22 8 1 0
2130 19 24 0 1
2131 68 15 1 0
2132 70 23 0 1
2133 43 24 0 -1
2134 27 13 -1 0
2135 23 33 -1 0
2136 22 37 -1 0
2137 30 39 0 -1
2138 93 38 1 0
2139 37 31 1 0
2140 35 7 -1 0
2141 41 30 -1 0
2142 19 32 -1 0
2143 81 32 -1 0
2144 30 8 -1 0
2145 32 28 0 1
2146 42 8 0 1
2147 89 10 0 -1
2148 27 26 1 0
2149 55 18 0 1
2150 11 12 1 0
2151 19 29 0 -1
2152 27 33 1 0
2153 73 9 -1 0
2154 37 33 1 0
2155 35 15 0 -1
2156 30 11 0 -1
2157 21 8 1 0
2158 37 28 -1 0
2159 13 36 0 -1
2160 32 12 1 0
2161 40 39 0 1
2162 47 27 0 1
2163 18 17 1 0
2164 53 10 1 0
2165 77 21 -1 0
2166 28 12 0 -1
2167 85 11 1 0
2168 43 28 0 -1
2169 30 19 0 1
2170 45 34 0 1
2171 92 35 0 1
2172 46 5 0 -1
2173 43 6 0 1
2174 98 5 -1 0
2175 18 30 1 0
2176 22 6 1 0
2177 23 24 0 -1
2178 41 9 -1 0
2179 31 5 -1 0
2180 60 10 0 -1
2181 47 5 0 -1
2182 34 34 -1 0
2183 95 10 1 0
2184 43 24 1 0
2185 31 35 1 0
2186 1 12 1 0
2187 80 30 0 -1
2188 96 31 0 -1
2189 19 4 -1 0
2190 38 18 0 -1
2191 7 36 0 -1
2192 19 29 0 1
2193 49 21 0 -1
2194 89 17 0 -1
2195 98 15 1 0
2196 7 29 0 1
2197 29 9 -1 0
2198 40 22 0 1
2199 26 27 1 0
2200 24 12 1 0
2201 32 30 0 1
2202 26 19 0 1
2203 12 32 0 1
2204 90 33 -1 0
2205 4 18 -1 0
2206 93 17 0 -1
2207 31 25 0 -1
2208 32 12 0 -1
2209 37 1 0 1
2210 19 18 0 1
2211 42 37 0 1
2212 25 29 1 0
2213 33 1 1 0
2214 36 25 0 -1
2215 46 4 1 0
2216 45 28 1 0
2217 26 12 0 -1
2218 19 20 -1 0
2219 38 24 0 -1
2220 43 5 1 0
2221 39 26 -1 0
2222 67 25 1 0
2223 22 5 0 -1
2224 20 7 0 1
2225 25 22 0 -1
2226 23 37 0 -1
2227 37 21 1 0
2228 44 23 0 1
2229 25 34 0 1
2230 91 25 0 1
2231 22 5 1 0
2232 48 24 0 1
2233 20 3 1 0
2234 90 33 1 0
2235 14 29 1 0
2236 69 9 1 0
2237 30 10 0 -1
2238 44 37 0 1
2239 3 6 -1 0
2240 15 24 0 1
2241 42 18 0 1
2242 2 20 -1 0
2243 35 14 -1 0
2244 87 22 1 0
2245 88 33 -1 0
2246 45 23 0 1
2247 27 23 0 1
2248 46 30 0 -1
2249 27 7 1 0
2250 40 3 0 -1
2251 44 25 0 1
2252 35 28 -1 0
2253 40 19 1 0
2254 36 37 -1 0
2255 22 27 1 0
2256 47 1 0 1
2257 16 26 1 0
2258 41 27 1 0
2259 23 10 0 -1
2260 24 27 -1 0
2261 48 35 -1 0
2262 48 28 0 -1
2263 29 0 0 1
2264 23 34 1 0
2265 60 6 1 0
2266 23 7 1 0
2267 28 0 1 0
2268 38 24 -1 0
2269 88 26 0 1
2270 92 3 0 1
2271 44 27 0 1
2272 30 20 0 1
2273 70 30 1 0
2274 82 9 0 1
2275 42 29 -1 0
2276 36 14 1 0
2277 45 26 1 0
2278 96 23 -1 0
2279 68 1 -1 0
2280 41 6 1 0
2281 63 30 0 -1
2282 18 26 1 0
2283 43 25 0 -1
2284 44 10 -1 0
2285 48 26 -1 0
2286 35 10 0 1
2287 31 1 0 -1
2288 78 34 0 -1
2289 4 14 -1 0
2290 31 30 0 1
2291 43 3 0 1
2292 79 18 0 -1
2293 28 11 1 0
2294 19 30 1 0
2295 15 34 -1 0
2296 37 28 0 1
2297 10 32 -1 0
2298 46 28 0 -1
2299 36 27 0 -1
2300 20 32 1 0
2301 45 22 0 1
2302 40 21 0 -1
2303 99 9 0 -1
2304 91 12 0 -1
2305 89 27 0 -1
2306 28 33 1 0
2307 83 2 1 0
2308 27 32 -1 0
2309 46 24 0 1
2310 35 25 1 0
2311 74 16 -1 0
2312 45 9 -1 0
2313 38 37 -1 0
2314 51 24 0 -1
2315 18 19 0 1
2316 25 8 1 0
2317 18 19 0 -1
2318 49 24 0 -1
2319 45 27 1 0
2320 21 6 1 0
2321 45 24 1 0
2322 30 31 0 1
2323 42 5 -1 0
2324 32 20 0 1
2325 45 28 1 0
2326 15 38 0 1
2327 70 11 -1 0
2328 21 5 -1 0
2329 5 37 -1 0
2330 41 6 0 -1
2331 2 8 0 1
2332 42 31 0 1
2333 73 3 -1 0
2334 26 25 0 -1
2335 38 31 0 1
2336 40 4 -1 0
2337 1 9 0 -1
2338 40 15 -1 0
2339 69 33 1 0
2340 25 26 -1 0
2341 35 33 0 -1
2342 32 11 0 1
2343 94 39 1 0
2344 15 7 -1 0
2345 95 15 1 0
2346 19 22 0 -1
2347 29 7 1 0
2348 97 27 1 0
2349 30 32 -1 0
2350 26 15 0 1
2351 93 32 0 1
2352 44 34 -1 0
2353 26 5 0 -1
2354 27 8 1 0
2355 31 15 0 1
2356 48 27 1 0
2357 45 9 1 0
2358 42 32 0 1
2359 26 11 1 0
2360 40 7 0 -1
2361 77 10 1 0
2362 48 6 0 -1
2363 3 39 0 -1
2364 36 21 0 1
2365 23 35 -1 0
2366 37 39 1 0
2367 41 7 0 -1
2368 58 7 1 0
2369 25 5 0 1
2370 21 32 0 1
2371 37 27 0 -1
2372 20 13 1 0
2373 27 11 -1 0
2374 45 26 0 -1
2375 29 17 0 -1
2376 30 3 -1 0
2377 26 22 -1 0
2378 36 1 -1 0
2379 39 17 -1 0
2380 40 8 -1 0
2381 19 33 1 0
2382 85 15 0 1
2383 25 38 0 -1
2384 39 36 0 1
2385 0 23 0 -1
2386 38 14 0 1
2387 18 30 0 -1
2388 30 25 1 0
2389 24 3 -1 0
2390 65 30 1 0
2391 32 39 -1 0
2392 1 18 0 1
2393 21 21 0 1
2394 41 15 -1 0
2395 22 38 -1 0
2396 78 37 0 -1
2397 39 0 1 0
2398 37 13 -1 0
2399 35 9 1 0
2400 28 36 1 0
2401 48 2 -1 0
2402 21 15 1 0
2403 25 25 0 -1
2404 38 39 0 1
2405 41 2 -1 0
2406 47 5 -1 0
2407 42 23 0 -1
2408 71 0 -1 0
2409 23 23 0 -1
2410 48 18 0 1
2411 30 34 0 -1
2412 45 2 0 1
2413 31 39 1 0
2414 34 14 0 1
2415 46 5 0 -1
2416 87 21 -1 0
2417 37 24 -1 0
2418 56 13 -1 0
2419 40 22 0 1
2420 52 1 0 1
2421 18 27 0 -1
2422 41 18 0 1
2423 58 6 -1 0
2424 48 30 1 0
2425 11 37 1 0
2426 87 22 0 -1
2427 25 13 -1 0
2428 22 9 -1 0
2429 42 36 0 -1
2430 43 8 -1 0
2431 24 28 0 -1
2432 17 18 1 0
2433 27 1 0 1
2434 25 36 0 1
2435 37 20 -1 0
2436 24 6 0 1
2437 29 38 0 1
2438 46 1 0 -1
2439 35 2 -1 0
2440 37 1 -1 0
2441 37 26 1 0
2442 47 24 -1 0
2443 31 13 1 0
2444 30 30 -1 0
2445 13 26 0 1
2446 85 28 0 1
2447 49 24 0 1
2448 27 30 1 0
2449 8 11 0 -1
2450 45 25 1 0
2451 41 30 0 -1
2452 18 29 1 0
2453 35 9 -1 0
2454 56 27 0 -1
2455 22 22 1 0
2456 64 5 -1 0
2457 27 0 -1 0
2458 27 12 -1 0
2459 48 25 -1 0
2460 42 36 -1 0
2461 43 30 0 -1
2462 77 19 1 0
2463 43 25 0 -1
2464 41 22 0 1
2465 25 3 0 -1
2466 37 31 -1 0
2467 85 10 0 1
2468 21 22 0 1
2469 22 30 1 0
2470 43 2 0 1
2471 41 39 0 1
2472 41 23 0 1
2473 90 26 0 1
2474 26 36 0 -1
2475 16 32 1 0
2476 8 32 1 0
2477 4 25 -1 0
2478 25 4 0 1
2479 41 2 1 0
2480 1 29 1 0
2481 81 25 -1 0
2482 19 9 1 0
2483 18 32 1 0
2484 43 31 0 1
2485 70 9 1 0
2486 5 28 0 1
2487 92 35 1 0
2488 39 21 1 0
2489 30 21 0 -1
2490 58 20 -1 0
2491 27 29 0 -1
2492 18 24 0 1
2493 39 15 0 1
2494 95 4 -1 0
2495 21 35 0 -1
2496 41 21 0 -1
2497 81 28 0 -1
2498 16 17 -1 0
2499 21 36 0 -1
2500 24 39 -1 0
2501 44 28 1 0
2502 4 24 1 0
2503 84 9 -1 0
2504 26 23 0 -1
2505 47 23 -1 0
2506 92 13 0 1
2507 53 7 1 0
2508 24 28 1 0
2509 48 5 -1 0
2510 30 10 -1 0
2511 56 21 1 0
2512 9 28 0 1
2513 4 34 1 0
2514 10 0 1 0
2515 42 7 0 1
2516 28 21 0 1
2517 86 22 1 0
2518 41 37 1 0
2519 28 26 0 -1
2520 36 23 0 1
2521 14 28 0 -1
2522 17 31 1 0
2523 29 39 0 1
2524 40 31 0 1
2525 68 39 -1 0
2526 21 37 0 -1
2527 23 32 0 -1
2528 90 25 0 1
2529 16 32 -1 0
2530 45 29 -1 0
2531 39 5 -1 0
2532 68 33 1 0
2533 16 19 -1 0
2534 44 2 -1 0
2535 35 20 1 0
2536 42 22 1 0
2537 4 32 -1 0
2538 27 21 0 1
2539 75 21 0 -1
2540 17 15 -1 0
2541 24 33 1 0
2542 47 29 0 1
2543 41 19 0 1
2544 39 36 0 1
2545 26 21 0 1
2546 45 15 1 0
2547 46 0 0 1
2548 89 33 0 -1
2549 37 20 -1 0
2550 59 1 0 1
2551 47 0 -1 0
2552 35 5 1 0
2553 29 31 0 1
2554 28 33 0 -1
2555 23 31 0 1
2556 44 39 -1 0
2557 19 38 -1 0
2558 18 0 0 1
2559 21 39 -1 0
2560 41 0 0 1
2561 31 35 1 0
2562 50 17 1 0
2563 93 4 1 0
2564 84 0 -1 0
2565 42 8 0 -1
2566 21 6 1 0
2567 12 12 1 0
2568 28 35 0 1
2569 17 21 1 0
2570 36 11 0 1
2571 36 35 0 -1
2572 1 33 1 0
2573 21 5 0 -1
2574 28 32 0 -1
2575 7 3 0 -1
2576 41 30 0 -1
2577 5 30 0 1
2578 31 31 0 -1
2579 20 37 1 0
2580 19 28 0 -1
2581 31 12 0 -1
2582 24 21 0 1
2583 24 21 0 1
2584 46 2 -1 0
2585 96 15 0 -1
2586 19 7 1 0
2587 39 30 1 0
2588 23 10 0 -1
2589 38 22 -1 0
2590 29 10 -1 0
2591 60 20 0 -1
2592 11 11 -1 0
2593 32 32 -1 0
2594 6 32 0 1
2595 22 25 1 0
2596 57 15 0 -1
2597 37 38 -1 0
2598 27 10 -1 0
2599 30 5 1 0
2600 30 27 0 -1
2601 42 21 0 1
2602 25 23 1 0
2603 32 34 -1 0
2604 4 7 0 -1
2605 37 12 -1 0
2606 0 0 -1 0
2607 27 3 0 1
2608 92 17 0 -1
2609 73 14 0 -1
2610 29 35 1 0
2611 43 9 1 0
2612 38 0 1 0
2613 15 28 0 1
2614 22 34 0 1
2615 31 31 0 -1
2616 44 22 0 1
2617 57 0 1 0
2618 93 27 0 1
2619 18 31 0 -1
2620 32 10 1 0
2621 54 23 -1 0
2622 43 30 0 1
2623 40 27 1 0
2624 26 31 0 1
2625 57 31 0 -1
2626 17 31 0 -1
2627 24 24 -1 0
2628 30 9 -1 0
2629 8 32 0 -1
2630 8 25 0 -1
2631 34 14 -1 0
2632 25 32 -1 0
2633 72 12 0 -1
2634 96 39 0 1
2635 31 23 -1 0
2636 13 10 -1 0
2637 75 38 0 1
2638 38 2 -1 0
2639 63 4 0 1
2640 21 11 1 0
2641 2 14 0 -1
2642 37 23 1 0
2643 29 15 1 0
2644 35 6 0 -1
2645 21 1 0 1
2646 28 7 0 1
2647 31 34 1 0
2648 28 0 0 1
2649 23 6 -1 0
2650 35 4 0 1
2651 23 3 0 1
2652 62 12 0 1
2653 47 25 0 1
2654 25 7 0 1
2655 86 26 0 -1
2656 95 28 0 1
2657 47 34 0 -1
2658 68 29 0 -1
2659 29 34 -1 0
2660 75 27 1 0
2661 21 13 0 -1
2662 63 35 -1 0
2663 1 11 1 0
2664 10 6 -1 0
2665 38 20 1 0
2666 43 10 -1 0
2667 21 7 -1 0
2668 5 36 0 1
2669 21 26 0 1
2670 36 34 1 0
2671 27 12 -1 0
2672 38 30 0 1
2673 77 22 0 1
2674 21 25 -1 0
2675 94 29 0 -1
2676 88 26 -1 0
2677 22 7 0 1
2678 79 31 1 0
2679 78 6 0 1
2680 22 36 1 0
2681 43 4 0 -1
2682 39 18 0 1
2683 40 32 0 1
2684 1 17 -1 0
2685 42 30 -1 0
2686 14 32 1 0
2687 23 33 -1 0
2688 23 16 0 -1
2689 68 37 0 -1
2690 3 24 0 1
2691 54 13 0 -1
2692 21 35 0 -1
2693 98 0 0 -1
2694 94 24 0 -1
2695 23 28 1 0
2696 64 21 1 0
2697 29 22 0 -1
2698 30 39 -1 0
2699 25 18 -1 0
2700 45 11 1 0
2701 44 7 0 1
2702 85 25 -1 0
2703 20 31 0 -1
2704 41 27 -1 0
2705 28 32 -1 0
2706 86 27 0 1
2707 19 9 -1 0
2708 73 4 1 0
2709 30 28 0 -1
2710 30 12 1 0
2711 44 38 0 -1
2712 19 27 0 -1
2713 37 9 1 0
2714 42 18 0 1
2715 2 27 0 -1
2716 49 27 0 -1
2717 45 5 0 -1
2718 76 8 -1 0
2719 31 37 0 -1
2720 25 3 0 -1
2721 24 7 0 -1
2722 40 16 1 0
2723 23 8 0 -1
2724 38 32 1 0
2725 40 3 -1 0
2726 39 4 1 0
2727 13 10 1 0
2728 28 28 0 -1
2729 55 13 0 -1
2730 43 18 -1 0
2731 24 23 0 1
2732 19 26 1 0
2733 0 33 0 -1
2734 43 30 0 -1
2735 41 7 1 0
2736 26 35 -1 0
2737 38 24 -1 0
2738 53 39 1 0
2739 29 30 1 0
2740 31 25 -1 0
2741 38 11 0 -1
2742 22 26 1 0
2743 3 34 1 0
2744 45 2 0 1
2745 41 23 0 1
2746 35 8 0 1
2747 38 23 -1 0
2748 59 21 -1 0
2749 29 28 0 1
2750 41 38 0 -1
2751 58 25 0 1
2752 28 18 1 0
2753 30 39 0 -1
2754 7 35 0 -1
2755 37 34 0 1
2756 25 11 -1 0
2757 0 16 -1 0
2758 39 28 0 1
2759 23 31 0 -1
2760 41 6 1 0
2761 26 24 1 0
2762 87 8 1 0
2763 23 36 1 0
2764 26 28 0 -1
2765 7 31 1 0
2766 40 27 -1 0
2767 46 24 1 0
2768 21 37 1 0
2769 19 25 -1 0
2770 26 31 0 -1
2771 26 32 1 0
2772 39 17 0 1
2773 20 32 0 -1
2774 35 21 0 -1
2775 40 18 -1 0
2776 25 28 1 0
2777 29 3 0 1
2778 46 3 -1 0
2779 20 30 0 1
2780 43 37 1 0
2781 40 35 0 -1
2782 26 37 0 -1
2783 61 38 -1 0
2784 30 29 0 1
2785 46 23 1 0
2786 47 28 0 1
2787 29 10 -1 0
2788 6 12 0 1
2789 29 22 -1 0
2790 39 14 0 1
2791 90 6 1 0
2792 23 21 1 0
2793 29 19 0 1
2794 43 26 0 -1
2795 27 13 1 0
2796 19 1 1 0
2797 25 27 0 -1
2798 41 27 0 1
2799 29 1 0 1
2800 43 18 0 -1
2801 67 30 0 -1
2802 28 39 1 0
2803 42 39 1 0
2804 43 34 -1 0
2805 39 22 -1 0
2806 33 33 1 0
2807 26 25 1 0
2808 92 18 0 -1
2809 38 3 0 1
2810 34 33 -1 0
2811 25 20 0 1
2812 42 0 -1 0
2813 9 19 0 -1
2814 77 32 0 1
2815 63 8 0 -1
2816 23 12 -1 0
2817 6 23 1 0
2818 48 14 0 1
2819 27 30 0 -1
2820 6 1 0 -1
2821 99 15 -1 0
2822 24 22 -1 0
2823 54 17 1 0
2824 35 3 -1 0
2825 34 16 1 0
2826 40 4 0 1
2827 19 25 1 0
2828 25 1 -1 0
2829 63 25 0 1
2830 9 0 1 0
2831 84 27 0 1
2832 15 24 -1 0
2833 38 15 0 1
2834 83 12 0 1
2835 30 14 0 -1
2836 39 19 0 -1
2837 62 7 1 0
2838 64 33 1 0
2839 23 4 1 0
2840 22 29 0 1
2841 27 35 0 1
2842 40 32 0 -1
2843 15 13 1 0
2844 64 11 -1 0
2845 36 9 0 -1
2846 41 32 -1 0
2847 36 33 1 0
2848 38 25 -1 0
2849 90 3 0 1
2850 37 13 0 1
2851 16 27 -1 0
2852 17 26 1 0
2853 30 13 1 0
2854 16 34 1 0
2855 47 29 0 -1
2856 56 19 -1 0
2857 40 0 -1 0
2858 44 30 0 -1
2859 24 13 0 -1
2860 99 28 0 -1
2861 25 5 0 1
2862 94 11 0 -1
2863 12 26 0 1
2864 40 11 1 0
2865 84 15 0 1
2866 39 25 0 -1
2867 12 7 0 1
2868 31 6 0 -1
2869 22 10 1 0
2870 26 35 -1 0
2871 38 27 -1 0
2872 20 24 -1 0
2873 80 17 0 1
2874 38 35 -1 0
2875 12 37 1 0
2876 43 0 0 -1
2877 35 14 1 0
2878 28 22 0 1
2879 37 6 1 0
2880 30 6 -1 0
2881 27 39 1 0
2882 28 17 -1 0
2883 37 32 0 1
2884 28 30 0 -1
2885 28 29 -1 0
2886 15 19 0 -1
2887 31 10 1 0
2888 89 35 0 1
2889 36 24 -1 0
2890 20 4 0 1
2891 31 22 0 1
2892 99 17 1 0
2893 45 31 -1 0
2894 57 37 0 1
2895 75 17 -1 0
2896 43 29 0 -1
2897 24 20 1 0
2898 20 25 -1 0
2899 31 27 1 0
2900 69 12 0 1
2901 8 9 0 -1
2902 83 3 1 0
2903 45 7 0 -1
2904 15 29 1 0
2905 40 2 1 0
2906 22 4 1 0
2907 12 39 1 0
2908 2 33 0 1
2909 40 29 0 -1
2910 45 22 0 1
2911 13 2 1 0
2912 34 20 1 0
2913 44 24 0 -1
2914 11 27 1 0
2915 29 24 0 1
2916 6 8 -1 0
2917 3 22 0 1
2918 28 37 0 1
2919 44 29 0 -1
2920 17 22 0 1
2921 37 30 -1 0
2922 95 39 0 1
2923 4 8 0 1
2924 36 31 1 0
2925 27 26 0 -1
2926 7 18 0 -1
2927 26 19 -1 0
2928 24 17 1 0
2929 36 9 1 0
2930 33 11 0 1
2931 25 2 -1 0
2932 16 37 0 1
2933 18 25 0 1
2934 29 27 1 0
2935 31 12 0 -1
2936 44 4 1 0
2937 28 13 0 -1
2938 77 16 0 -1
2939 43 32 1 0
2940 40 17 0 -1
2941 39 3 -1 0
2942 3 26 1 0
2943 8 6 -1 0
2944 26 37 0 -1
2945 48 1 -1 0
2946 43 38 -1 0
2947 37 17 0 1
2948 25 9 0 1
2949 93 12 -1 0
2950 19 36 0 -1
2951 38 36 -1 0
2952 88 22 1 0
2953 45 4 1 0
2954 36 29 -1 0
2955 27 22 -1 0
2956 74 9 -1 0
2957 45 26 0 1
2958 20 4 -1 0
2959 24 10 1 0
2960 43 21 -1 0
2961 27 6 0 -1
2962 20 30 0 1
2963 48 35 0 -1
2964 60 9 0 -1
2965 27 3 -1 0
2966 94 37 -1 0
2967 51 1 0 -1
2968 20 35 1 0
2969 42 33 0 -1
2970 33 35 0 1
2971 8 37 0 1
2972 20 34 0 1
2973 47 3 -1 0
2974 24 31 1 0
2975 42 27 -1 0
2976 45 23 1 0
2977 67 26 -1 0
2978 35 24 1 0
2979 75 1 1 0
2980 25 2 0 -1
2981 17 31 1 0
2982 24 0 0 1
2983 35 24 0 1
2984 40 7 0 1
2985 45 0 1 0
2986 29 19 1 0
2987 12 6 -1 0
2988 20 8 1 0
2989 6 16 0 -1
2990 46 38 -1 0
2991 24 25 1 0
2992 44 3 0 1
2993 27 2 0 -1
2994 39 32 -1 0
2995 29 23 -1 0
2996 28 15 0 1
2997 24 2 -1 0
2998 27 27 -1 0
2999 30 26 1 0
3000 41 31 -1 0
3001 28 2 -1 0
3002 30 6 -1 0
3003 23 1 0 1
3004 36 24 0 1
3005 41 13 -1 0
3006 24 22 1 0
3007 22 36 0 1
3008 20 29 0 -1
3009 89 25 1 0
3010 22 26 1 0
3011 24 11 -1 0
3012 29 0 0 -1
3013 91 14 0 -1
3014 45 6 -1 0
3015 32 30 0 1
3016 34 16 1 0
3017 92 26 1 0
3018 41 24 1 0
3019 39 5 0 1
3020 29 32 0 1
3021 19 17 0 -1
3022 30 26 1 0
3023 3 19 0 -1
3024 19 26 1 0
3025 29 12 0 1
3026 44 9 -1 0
3027 36 10 0 -1
3028 24 15 0 -1
3029 13 17 0 1
3030 47 35 0 -1
3031 83 3 -1 0
3032 39 32 -1 0
3033 8 26 -1 0
3034 37 2 -1 0
3035 55 36 0 1
3036 46 7 0 1
3037 90 27 -1 0
3038 44 12 -1 0
3039 22 29 -1 0
3040 83 35 0 1
3041 36 19 -1 0
3042 39 7 0 -1
3043 21 31 0 -1
3044 22 32 1 0
3045 3 31 0 -1
3046 72 39 1 0
3047 46 36 0 1
3048 26 1 1 0
3049 62 38 1 0
3050 43 33 0 -1
3051 56 4 1 0
3052 39 23 1 0
3053 29 3 0 -1
3054 44 39 0 1
3055 18 30 0 1
3056 36 13 1 0
3057 24 26 0 1
3058 27 4 0 1
3059 19 8 0 1
3060 47 3 -1 0
3061 23 0 0 -1
3062 10 20 -1 0
3063 14 19 1 0
3064 38 36 1 0
3065 62 36 -1 0
3066 5 38 0 -1
3067 45 39 -1 0
3068 17 30 0 1
3069 39 6 1 0
3070 29 8 0 -1
3071 0 6 1 0
3072 46 24 0 -1
3073 56 3 0 -1
3074 47 0 -1 0
3075 41 34 0 -1
3076 89 29 0 1
3077 45 30 0 -1
3078 30 9 1 0
3079 37 5 0 -1
3080 30 11 1 0
3081 41 18 0 -1
3082 71 26 0 -1
3083 38 28 -1 0
3084 43 22 0 1
3085 90 13 0 1
3086 24 2 0 1
3087 9 37 0 -1
3088 24 5 0 1
3089 22 31 0 -1
3090 38 17 1 0
3091 48 28 0 1
3092 35 0 0 -1
3093 27 39 0 -1
3094 21 24 0 -1
3095 40 36 1 0
3096 28 32 0 1
3097 24 30 0 1
3098 57 2 0 1
3099 46 11 -1 0
3100 42 37 0 1
3101 41 17 -1 0
3102 83 7 -1 0
3103 39 35 0 1
3104 14 19 0 1
3105 20 7 0 1
3106 0 39 -1 0
3107 26 7 0 1
3108 32 2 -1 0
3109 23 23 0 -1
3110 25 31 0 -1
3111 23 36 1 0
3112 22 9 -1 0
3113 35 39 -1 0
3114 44 33 0 -1
3115 73 6 0 -1
3116 1 9 -1 0
3117 29 38 -1 0
3118 16 17 -1 0
3119 48 28 0 1
3120 28 8 0 1
3121 25 8 1 0
3122 37 37 1 0
3123 31 38 0 -1
3124 15 6 0 -1
3125 31 30 -1 0
3126 26 20 0 1
3127 16 3 0 -1
3128 40 8 0 -1
3129 21 29 1 0
3130 36 7 0 1
3131 12 23 1 0
3132 68 0 1 0
3133 95 12 0 1
3134 48 3 0 -1
3135 47 26 0 -1
3136 24 1 -1 0
3137 89 13 1 0
3138 45 25 0 -1
3139 16 39 -1 0
3140 39 25 0 -1
3141 39 2 1 0
3142 58 27 1 0
3143 64 4 0 -1
3144 24 29 0 1
3145 44 1 0 -1
3146 37 32 0 -1
3147 22 1 0 1
3148 20 23 -1 0
3149 35 29 -1 0
3150 29 32 0 -1
3151 73 11 0 -1
3152 39 39 0 1
3153 44 8 0 1
3154 20 20 0 1
3155 28 38 1 0
3156 62 8 1 0
3157 23 30 0 -1
3158 27 13 1 0
3159 38 5 -1 0
3160 22 5 0 -1
3161 41 1 0 1
3162 82 32 0 -1
3163 6 37 0 1
3164 1 35 0 1
3165 30 8 1 0
3166 22 35 -1 0
3167 99 26 0 1
3168 88 5 0 1
3169 29 21 1 0
3170 11 16 0 -1
3171 89 38 0 1
3172 51 27 0 1
3173 38 5 0 1
3174 29 17 0 1
3175 5 3 0 -1
3176 28 25 0 1
3177 46 1 0 1
3178 19 20 0 1
3179 48 24 -1 0
3180 23 25 1 0
3181 20 28 0 -1
3182 14 18 -1 0
3183 40 5 0 -1
3184 5 34 1 0
3185 40 33 0 1
3186 15 27 -1 0
3187 37 15 -1 0
3188 81 0 0 1
3189 23 23 1 0
3190 28 3 -1 0
3191 48 20 0 1
3192 36 34 -1 0
3193 21 33 0 1
3194 89 14 -1 0
3195 37 4 -1 0
3196 36 28 1 0
3197 21 29 0 -1
3198 71 18 -1 0
3199 34 25 -1 0
3200 35 19 0 -1
3201 26 30 0 -1
3202 25 38 -1 0
3203 69 37 0 -1
3204 47 28 -1 0
3205 22 33 0 -1
3206 18 31 0 -1
3207 41 31 0 -1
3208 54 31 0 -1
3209 35 1 0 1
3210 26 17 -1 0
3211 78 20 0 1
3212 26 2 -1 0
3213 40 18 0 1
3214 33 34 0 -1
3215 43 10 0 -1
3216 32 31 -1 0
3217 41 29 0 1
3218 62 15 1 0
3219 24 34 0 1
3220 35 4 0 -1
3221 21 28 -1 0
3222 28 27 0 -1
3223 21 8 0 1
3224 40 30 1 0
3225 47 8 -1 0
3226 17 8 1 0
3227 41 18 1 0
3228 65 25 1 0
3229 21 27 0 1
3230 9 26 0 1
3231 26 22 0 -1
3232 36 33 0 1
3233 38 16 0 1
3234 24 29 1 0
3235 37 11 -1 0
3236 31 7 1 0
3237 7 0 0 1
3238 8 5 0 1
3239 70 5 0 -1
3240 93 14 0 1
3241 17 30 1 0
3242 47 2 -1 0
3243 82 17 -1 0
3244 16 8 0 -1
3245 48 10 1 0
3246 46 38 -1 0
3247 24 30 1 0
3248 38 31 0 1
3249 27 25 1 0
3250 49 11 0 1
3251 13 29 -1 0
3252 37 34 0 1
3253 24 8 1 0
3254 45 25 1 0
3255 43 5 -1 0
3256 36 13 0 -1
3257 40 34 -1 0
3258 29 3 0 -1
3259 39 22 -1 0
3260 36 25 0 -1
3261 26 29 1 0
3262 39 32 0 1
3263 30 27 0 -1
3264 47 22 0 -1
3265 6 3 0 1
3266 75 23 0 1
3267 36 32 0 1
3268 82 14 1 0
3269 42 8 0 -1
3270 26 9 -1 0
3271 1 0 0 1
3272 29 38 0 1
3273 35 11 0 -1
3274 42 20 0 1
3275 90 26 -1 0
3276 22 18 -1 0
3277 32 21 0 1
3278 27 9 0 -1
3279 23 31 0 -1
3280 31 21 1 0
3281 29 24 0 1
3282 26 23 0 -1
3283 40 26 1 0
3284 97 33 1 0
3285 81 24 0 -1
3286 27 5 0 1
3287 21 9 0 -1
3288 56 0 1 0
3289 96 15 0 1
3290 27 39 0 1
3291 42 29 1 0
3292 17 0 0 1
3293 90 14 0 -1
3294 47 36 1 0
3295 41 34 1 0
3296 23 20 1 0
3297 27 36 0 -1
3298 33 29 0 1
3299 24 23 -1 0
3300 45 7 -1 0
3301 29 16 1 0
3302 29 21 0 1
3303 87 33 1 0
3304 62 23 0 -1
3305 58 14 -1 0
3306 39 33 1 0
3307 17 0 1 0
3308 44 30 -1 0
3309 43 26 -1 0
3310 35 24 0 1
3311 23 30 -1 0
3312 16 29 0 -1
3313 96 34 0 1
3314 92 35 0 1
3315 41 21 0 1
3316 55 18 0 -1
3317 38 1 0 1
3318 18 34 0 1
3319 37 3 -1 0
3320 29 31 0 1
3321 32 32 0 1
3322 25 10 -1 0
3323 41 3 -1 0
3324 24 39 0 -1
3325 37 29 -1 0
3326 46 6 0 -1
3327 26 0 0 1
3328 40 20 -1 0
3329 11 1 1 0
3330 36 7 0 -1
3331 48 19 0 1
3332 48 25 -1 0
3333 51 15 -1 0
3334 65 34 1 0
3335 43 4 1 0
3336 24 24 -1 0
3337 31 0 1 0
3338 42 10 0 -1
3339 29 21 -1 0
3340 31 13 0 -1
3341 40 24 -1 0
3342 24 23 1 0
3343 25 26 1 0
3344 44 0 0 -1
3345 26 0 0 1
3346 22 23 -1 0
3347 26 27 0 -1
3348 15 10 0 1
3349 27 31 -1 0
3350 39 24 -1 0
3351 22 16 0 -1
3352 36 7 -1 0
3353 46 1 -1 0
3354 21 3 1 0
3355 31 31 0 1
3356 49 28 -1 0
3357 46 8 -1 0
3358 92 5 1 0
3359 33 9 -1 0
3360 19 34 0 -1
3361 74 0 0 -1
3362 24 21 1 0
3363 22 24 0 1
3364 31 23 0 -1
3365 21 22 0 1
3366 27 16 -1 0
3367 29 34 0 -1
3368 38 17 0 -1
3369 44 22 -1 0
3370 21 27 -1 0
3371 58 7 -1 0
3372 36 38 0 1
3373 24 24 0 -1
3374 29 20 1 0
3375 20 33 0 1
3376 61 29 0 -1
3377 19 2 0 -1
3378 10 1 0 1
3379 40 28 -1 0
3380 38 34 0 -1
3381 34 3 1 0
3382 39 34 0 -1
3383 47 12 1 0
3384 91 17 0 -1
3385 20 22 1 0
3386 42 39 1 0
3387 40 28 0 1
3388 76 2 -1 0
3389 39 2 1 0
3390 72 11 -1 0
3391 15 9 1 0
3392 40 27 0 1
3393 1 20 -1 0
3394 2 35 0 1
3395 44 32 -1 0
3396 47 27 -1 0
3397 37 36 0 1
3398 27 36 1 0
3399 18 17 0 -1
3400 49 25 0 1
3401 90 27 -1 0
3402 25 36 0 -1
3403 36 5 1 0
3404 63 19 1 0
3405 46 11 0 1
3406 69 7 1 0
3407 35 15 -1 0
3408 57 37 -1 0
3409 39 15 1 0
3410 37 15 -1 0
3411 21 30 0 -1
3412 21 36 0 -1
3413 85 13 1 0
3414 19 26 0 -1
3415 38 32 1 0
3416 23 5 -1 0
3417 20 0 1 0
3418 28 31 -1 0
3419 39 30 1 0
3420 39 12 -1 0
3421 0 32 0 -1
3422 18 32 0 -1
3423 23 10 -1 0
3424 4 17 -1 0
3425 81 29 0 -1
3426 37 3 0 1
3427 21 7 1 0
3428 26 11 1 0
3429 25 9 -1 0
3430 15 19 -1 0
3431 43 33 0 -1
3432 46 9 -1 0
3433 26 12 1 0
3434 95 27 1 0
3435 35 39 -1 0
3436 27 21 1 0
3437 20 24 0 -1
3438 30 29 0 -1
3439 53 13 1 0
3440 63 31 -1 0
3441 47 39 0 1
3442 43 31 0 -1
3443 1 29 0 1
3444 21 29 0 -1
3445 29 13 1 0
3446 0 15 0 1
3447 14 3 1 0
3448 48 23 -1 0
3449 15 25 0 1
3450 2 38 -1 0
3451 26 26 -1 0
3452 48 38 -1 0
3453 27 17 0 1
3454 13 10 0 -1
3455 22 3 1 0
3456 11 16 0 1
3457 76 17 -1 0
3458 27 32 1 0
3459 47 7 -1 0
3460 40 19 -1 0
3461 26 30 1 0
3462 79 30 1 0
3463 24 9 0 1
3464 42 35 -1 0
3465 35 30 0 -1
3466 32 10 0 1
3467 22 26 0 1
3468 28 26 0 1
3469 95 34 0 1
3470 44 2 -1 0
3471 49 17 0 1
3472 31 33 -1 0
3473 93 32 0 -1
3474 19 22 0 1
3475 43 1 0 1
3476 29 39 1 0
3477 27 20 0 1
3478 29 39 0 1
3479 8 20 0 -1
3480 74 19 0 -1
3481 35 39 -1 0
3482 36 0 0 -1
3483 35 29 0 -1
3484 35 28 -1 0
3485 27 34 0 -1
3486 57 0 0 -1
3487 29 2 0 -1
3488 19 35 0 1
3489 37 36 0 -1
3490 44 26 1 0
3491 58 33 -1 0
3492 31 14 -1 0
3493 94 25 0 1
3494 6 25 1 0
3495 26 28 0 1
3496 38 35 -1 0
3497 28 1 1 0
3498 25 4 1 0
3499 24 14 0 1
3500 23 9 1 0
3501 19 28 0 -1
3502 97 36 0 -1
3503 42 28 0 1
3504 85 1 0 1
3505 86 5 -1 0
3506 17 26 0 -1
3507 12 13 1 0
3508 43 23 1 0
3509 45 38 -1 0
3510 98 28 1 0
3511 43 20 -1 0
3512 18 25 0 1
3513 24 31 0 -1
3514 18 38 0 -1
3515 28 23 0 1
3516 42 11 0 -1
3517 25 12 0 1
3518 16 18 1 0
3519 27 11 0 1
3520 62 26 1 0
3521 53 37 0 -1
3522 15 12 0 1
3523 28 2 0 1
3524 71 3 1 0
3525 20 27 0 -1
3526 52 26 0 1
3527 44 27 1 0
3528 26 8 0 1
3529 28 29 0 -1
3530 51 39 0 1
3531 97 25 1 0
3532 36 8 0 -1
3533 1 19 1 0
3534 24 36 -1 0
3535 7 19 0 -1
3536 26 39 1 0
3537 42 28 0 -1
3538 87 9 0 -1
3539 52 19 0 -1
3540 4 16 0 1
3541 2 14 0 1
3542 46 28 -1 0
3543 19 23 1 0
3544 35 8 0 -1
3545 23 17 0 -1
3546 40 20 -1 0
3547 42 31 -1 0
3548 19 24 0 1
3549 27 38 1 0
3550 23 21 0 1
3551 20 28 0 -1
3552 29 30 0 -1
3553 42 9 0 -1
3554 25 21 0 -1
3555 30 10 0 1
3556 42 21 0 1
3557 27 25 0 1
3558 28 10 0 1
3559 41 31 0 -1
3560 41 1 0 1
3561 44 23 1 0
3562 98 28 0 1
3563 96 21 0 1
3564 21 23 -1 0
3565 81 19 1 0
3566 36 3 -1 0
3567 42 27 0 -1
3568 43 28 0 1
3569 42 27 0 -1
3570 39 11 -1 0
3571 21 31 0 -1
3572 27 7 1 0
3573 61 32 1 0
3574 44 27 0 1
3575 28 37 1 0
3576 25 30 -1 0
3577 19 23 0 1
3578 20 33 0 1
3579 8 22 1 0
3580 25 14 0 -1
3581 6 24 1 0
3582 43 7 0 -1
3583 24 10 0 -1
3584 23 22 1 0
3585 11 16 0 1
3586 26 11 0 -1
3587 47 4 0 -1
3588 20 11 -1 0
3589 14 18 1 0
3590 36 15 -1 0
3591 36 0 0 1
3592 28 15 0 -1
3593 31 17 1 0
3594 51 23 0 1
3595 56 22 0 -1
3596 40 35 -1 0
3597 21 23 0 1
3598 64 38 -1 0
3599 89 22 -1 0
